Id,Label,timeset,state,totalmig,totalnonmig,population,indegree,outdegree,Degree,weighted indegree,weighted outdegree,Weighted Degree,Eccentricity,closnesscentrality,harmonicclosnesscentrality,betweenesscentrality,Authority,Hub,modularity_class,pageranks,componentnumber,strongcompnum,clustering,eigencentrality
1001,Autauga County,,AL,5936,53711,59647,14,14,28,3560,3317,6877,6,0.33052,0.349597,683.929969,0.0042,0.004217,0,0.000263,0,31,0.573529,0.034056
1003,Baldwin County,,AL,10318,167596,177914,53,32,85,7589,5089,12678,6,0.348946,0.37416,6197.488358,0.019127,0.009304,18,0.000827,0,31,0.412662,0.145357
1005,Barbour County,,AL,1669,26144,27813,9,9,18,645,823,1468,6,0.285742,0.299517,5973.690953,0.0004,0.000633,0,0.00027,0,31,0.4,0.004011
1007,Bibb County,,AL,1369,21216,22585,4,4,8,1072,922,1994,6,0.293736,0.306125,0,0.000603,0.00057,0,0.000121,0,31,1,0.004779
1009,Blount County,,AL,3241,54044,57285,9,8,17,3199,2290,5489,6,0.294273,0.307534,4.479249,0.000863,0.000916,0,0.000203,0,31,0.722222,0.00781
1011,Bullock County,,AL,543,8545,9088,4,4,8,275,294,569,6,0.279352,0.290948,2.35,0.00024,0.000224,0,0.00013,0,31,0.666667,0.002083
1013,Butler County,,AL,1148,22112,23260,5,5,10,480,477,957,6,0.279406,0.291178,4.498291,0.000236,0.000241,0,0.000136,0,31,0.433333,0.002161
1015,Calhoun County,,AL,6564,123877,130441,20,23,43,3357,3745,7102,6,0.312116,0.331205,7582.043,0.00226,0.00389,0,0.000446,0,31,0.385,0.020519
1017,Chambers County,,AL,2174,39123,41297,6,6,12,1324,1388,2712,7,0.244888,0.254924,49.668817,0.000313,0.000112,0,0.000167,0,31,0.5,0.003016
1019,Cherokee County,,AL,1429,24670,26099,7,6,13,793,882,1675,7,0.239643,0.248937,156.950332,0.000835,0.000146,0,0.000204,0,31,0.428571,0.00803
1021,Chilton County,,AL,2170,42336,44506,8,8,16,1701,1327,3028,6,0.295323,0.308862,10.454247,0.000878,0.000833,0,0.000195,0,31,0.767857,0.007183
1023,Choctaw County,,AL,710,14944,15654,3,3,6,174,154,328,7,0.26636,0.277152,86.415522,0.000259,0.000101,18,0.000095,0,31,0.4,0.002323
1025,Clarke County,,AL,1404,29643,31047,6,10,16,522,853,1375,6,0.296016,0.310156,69.80234,0.000523,0.00103,18,0.000176,0,31,0.488889,0.00507
1027,Clay County,,AL,769,15551,16320,4,4,8,431,421,852,7,0.238068,0.24653,3.017952,0.00005,0.000032,0,0.000121,0,31,0.5,0.000686
1029,Cleburne County,,AL,876,14461,15337,5,3,8,712,463,1175,7,0.238931,0.247692,5.209169,0.000094,0.000114,0,0.00015,0,31,0.5,0.001457
1031,Coffee County,,AL,5042,45883,50925,18,18,36,2866,2570,5436,6,0.322825,0.342731,1623.437795,0.005323,0.004191,0,0.000303,0,31,0.464427,0.039598
1033,Colbert County,,AL,3324,59337,62661,7,9,16,2094,2174,4268,6,0.294842,0.308569,249.755287,0.0007,0.00082,0,0.000186,0,31,0.588889,0.006259
1035,Conecuh County,,AL,812,13834,14646,2,6,8,240,495,735,6,0.282787,0.29556,1.15,0.000017,0.000469,18,0.000083,0,31,0.633333,0.000317
1037,Coosa County,,AL,1029,11597,12626,4,3,7,704,634,1338,6,0.293498,0.305636,0.233333,0.00043,0.000372,0,0.000126,0,31,0.916667,0.003369
1039,Covington County,,AL,1937,37736,39673,13,10,23,1074,920,1994,6,0.289974,0.304676,206.393871,0.00135,0.000896,0,0.000249,0,31,0.4,0.010631
1041,Crenshaw County,,AL,963,14541,15504,5,5,10,582,566,1148,6,0.280325,0.292276,3.162818,0.000269,0.000269,0,0.000139,0,31,0.75,0.00251
1043,Cullman County,,AL,3626,82756,86382,13,12,25,2438,2167,4605,6,0.294812,0.308914,33.125147,0.000983,0.001136,0,0.000283,0,31,0.558333,0.009929
1045,Dale County,,AL,7580,47217,54797,26,28,54,3550,4303,7853,6,0.34769,0.371227,8349.81143,0.007934,0.008133,0,0.000412,0,31,0.493761,0.060202
1047,Dallas County,,AL,2324,46715,49039,7,11,18,724,1245,1969,6,0.295895,0.310214,66.249678,0.00067,0.001201,0,0.000167,0,31,0.522727,0.005295
1049,DeKalb County,,AL,3375,69465,72840,11,9,20,2058,1883,3941,6,0.295594,0.309627,392.17857,0.00141,0.000978,0,0.00026,0,31,0.454545,0.012651
1051,Elmore County,,AL,6654,78919,85573,22,13,35,5912,4064,9976,6,0.296653,0.311652,186.392169,0.00218,0.001632,0,0.000421,0,31,0.407115,0.019312
1053,Escambia County,,AL,1927,37282,39209,7,9,16,1046,1080,2126,6,0.290032,0.304814,1650.334549,0.00113,0.001221,18,0.000148,0,31,0.611111,0.009407
1055,Etowah County,,AL,5042,108424,113466,14,14,28,3118,3042,6160,6,0.296926,0.312256,430.440043,0.001675,0.001497,0,0.000302,0,31,0.551471,0.012542
1057,Fayette County,,AL,1071,17739,18810,4,4,8,480,621,1101,7,0.261505,0.271617,24.67378,0.000085,0.000072,0,0.00013,0,31,0.75,0.000991
1059,Franklin County,,AL,1875,31560,33435,8,9,17,852,1243,2095,6,0.281852,0.294525,459.592559,0.000042,0.000403,0,0.000224,0,31,0.430556,0.001208
1061,Geneva County,,AL,1932,25205,27137,7,5,12,1163,1183,2346,7,0.260377,0.270785,11.493321,0.000392,0.000181,0,0.000168,0,31,0.619048,0.003844
1063,Greene County,,AL,526,9498,10024,2,2,4,188,242,430,7,0.261293,0.270955,0,0.000081,0.000068,0,0.000098,0,31,1,0.000779
1065,Hale County,,AL,993,18258,19251,3,2,5,700,573,1273,7,0.261293,0.270955,0,0.000085,0.000068,0,0.000116,0,31,0.833333,0.000891
1067,Henry County,,AL,1258,17578,18836,3,3,6,815,756,1571,7,0.260331,0.270354,0,0.000098,0.000126,0,0.000111,0,31,1,0.001268
1069,Houston County,,AL,6625,101033,107658,31,21,52,4725,3658,8383,6,0.313874,0.332862,11070.760358,0.0077,0.003737,0,0.000561,0,31,0.360317,0.060141
1071,Jackson County,,AL,2657,56375,59032,6,8,14,1292,1543,2835,6,0.295533,0.309397,139.542918,0.000487,0.000968,0,0.000191,0,31,0.607143,0.005013
1073,Jefferson County,,AL,39192,703435,742627,125,126,251,25325,31873,57198,5,0.415067,0.451484,105123.754414,0.045537,0.050676,0,0.001858,0,31,0.339171,0.34328
1075,Lamar County,,AL,773,15660,16433,4,5,9,472,451,923,7,0.268259,0.279115,53.122512,0.000031,0.0001,0,0.000138,0,31,0.5,0.000687
1077,Lauderdale County,,AL,4613,93967,98580,15,14,29,2713,2638,5351,6,0.30438,0.320037,3995.808419,0.001334,0.001734,0,0.000377,0,31,0.375817,0.012217
1079,Lawrence County,,AL,1867,36744,38611,6,6,12,1342,1340,2682,6,0.281441,0.293403,92.080993,0.000308,0.000397,0,0.000178,0,31,0.866667,0.003539
1081,Lee County,,AL,10498,117708,128206,36,30,66,6943,6101,13044,6,0.319233,0.340793,5859.478523,0.008871,0.00645,0,0.000618,0,31,0.364024,0.067113
1083,Limestone County,,AL,4191,76860,81051,12,8,20,3737,2409,6146,6,0.294482,0.307937,80.632972,0.001076,0.00091,0,0.000288,0,31,0.467949,0.009718
1085,Lowndes County,,AL,1169,14244,15413,3,5,8,594,935,1529,6,0.279406,0.291178,1.883333,0.000232,0.000266,0,0.000099,0,31,0.7,0.001916
1087,Macon County,,AL,1735,21398,23133,6,6,12,810,1050,1860,6,0.301718,0.316494,57.512116,0.000692,0.001001,0,0.00017,0,31,0.666667,0.005624
1089,Madison County,,AL,18043,344660,362703,113,80,193,14403,11184,25587,5,0.390724,0.42293,41773.829878,0.044783,0.033866,0,0.00155,0,31,0.401639,0.327208
1091,Marengo County,,AL,1239,22893,24132,10,9,19,595,589,1184,6,0.295926,0.309869,505.623977,0.000718,0.000872,0,0.000274,0,31,0.381818,0.006
1093,Marion County,,AL,1585,28735,30320,7,9,16,868,941,1809,6,0.294213,0.307505,505.146903,0.000487,0.000447,0,0.000192,0,31,0.458333,0.003986
1095,Marshall County,,AL,5174,92348,97522,11,11,22,3282,3403,6685,6,0.294932,0.309029,55.067129,0.001669,0.001004,0,0.000248,0,31,0.568182,0.013427
1097,Mobile County,,AL,17348,416617,433965,74,67,141,10118,10223,20341,5,0.380515,0.411606,30561.264708,0.029307,0.027211,18,0.001061,0,31,0.41681,0.218929
1099,Monroe County,,AL,1279,25058,26337,7,7,14,505,598,1103,6,0.289337,0.303721,1328.33134,0.000936,0.000969,18,0.000148,0,31,0.607143,0.007852
1101,Montgomery County,,AL,19333,241870,261203,78,79,157,12310,13726,26036,5,0.38733,0.419617,61201.613541,0.02656,0.028077,0,0.001163,0,31,0.324781,0.199189
1103,Morgan County,,AL,6944,126225,133169,16,16,32,3918,4427,8345,6,0.295865,0.311071,1955.941302,0.002494,0.001432,0,0.000352,0,31,0.426316,0.02025
1105,Perry County,,AL,643,11106,11749,3,5,8,157,344,501,6,0.293825,0.306412,60.887771,0.000415,0.000433,0,0.000102,0,31,0.7,0.003074
1107,Pickens County,,AL,1152,20887,22039,2,3,5,499,727,1226,6,0.294273,0.306729,0.808742,0.000101,0.000453,0,0.000088,0,31,0.666667,0.000984
1109,Pike County,,AL,2155,27775,29930,8,10,18,802,1062,1864,6,0.29644,0.31034,129.888218,0.000755,0.000768,0,0.000202,0,31,0.522222,0.006351
1111,Randolph County,,AL,1227,22603,23830,5,7,12,395,641,1036,7,0.242571,0.252802,38.396702,0.000103,0.000196,0,0.000157,0,31,0.428571,0.001491
1113,Russell County,,AL,5950,50785,56735,6,10,16,3795,3894,7689,6,0.315789,0.333862,870.795748,0.000562,0.003231,0,0.000153,0,31,0.536364,0.004751
1115,St. Clair County,,AL,4963,77040,82003,10,10,20,5752,3283,9035,6,0.294812,0.308713,11.562042,0.001197,0.001119,0,0.000216,0,31,0.787879,0.010366
1117,Shelby County,,AL,15216,188828,204044,50,44,94,13812,10431,24243,6,0.360672,0.388262,9381.917104,0.018055,0.015688,0,0.000792,0,31,0.440109,0.141091
1119,Sumter County,,AL,844,13555,14399,2,4,6,142,388,530,6,0.294452,0.307218,4.066076,0.000111,0.000465,0,0.000088,0,31,0.75,0.001021
1121,Talladega County,,AL,4766,83934,88700,10,16,26,2887,3288,6175,6,0.296926,0.312486,1242.099744,0.000855,0.001502,0,0.000245,0,31,0.5375,0.007318
1123,Tallapoosa County,,AL,2488,43338,45826,10,10,20,1527,1451,2978,6,0.295323,0.309179,1025.656693,0.000831,0.000815,0,0.000258,0,31,0.511111,0.007189
1125,Tuscaloosa County,,AL,9922,178362,188284,46,35,81,6543,5806,12349,6,0.353501,0.378698,30381.654783,0.007956,0.009441,0,0.000897,0,31,0.250204,0.063583
1127,Walker County,,AL,3130,67921,71051,7,10,17,1620,1902,3522,6,0.294183,0.30762,160.724031,0.000613,0.000756,0,0.000185,0,31,0.566667,0.005156
1129,Washington County,,AL,1014,18007,19021,3,3,6,465,588,1053,6,0.275842,0.287152,117.335433,0.000223,0.000385,18,0.000111,0,31,0.5,0.002035
1131,Wilcox County,,AL,732,12974,13706,4,5,9,213,341,554,6,0.295082,0.308115,7.811201,0.000244,0.000583,18,0.000122,0,31,0.6,0.002102
1133,Winston County,,AL,1538,24844,26382,6,7,13,758,908,1666,6,0.293885,0.306729,121.660648,0.000432,0.000405,0,0.000157,0,31,0.642857,0.003604
2013,Aleutians East Borough,,AK,280,1603,1883,1,2,3,45,84,129,6,0.313976,0.328773,0,0.000342,0.00116,7,0.000062,0,31,1,0.002465
2016,Aleutians West Census Area,,AK,769,4171,4940,2,2,4,96,157,253,6,0.313976,0.328773,0,0.001107,0.00116,7,0.000074,0,31,1,0.008621
2020,Anchorage Municipality,,AK,29333,293869,323202,115,129,244,14828,18458,33286,5,0.393804,0.431953,77609.243216,0.03937,0.043491,7,0.001687,0,31,0.285757,0.300267
2050,Bethel Census Area,,AK,1081,16686,17767,2,5,7,286,636,922,6,0.283617,0.296854,3.338975,0.000345,0.000497,7,0.0001,0,31,0.75,0.002581
2060,Bristol Bay Borough,,AK,175,1154,1329,0,0,0,0,0,0,0,0,0,0,0,0,1,0.000051,1,32,0,0
2068,Denali Borough,,AK,336,2169,2505,1,2,3,45,121,166,6,0.283534,0.296337,0,0.00013,0.000442,7,0.000063,0,31,1,0.001106
2070,Dillingham Census Area,,AK,386,4648,5034,1,1,2,90,126,216,6,0.282566,0.295094,0,0.000342,0.00031,7,0.000062,0,31,0,0.002465
2090,Fairbanks North Star Borough,,AK,11505,94975,106480,53,56,109,5321,5296,10617,5,0.360269,0.389033,17402.276415,0.016733,0.016526,7,0.000793,0,31,0.330989,0.126853
2100,Haines Borough,,AK,197,2501,2698,1,0,1,45,0,45,0,0,0,0,0.000037,0,7,0.00007,0,2,0,0.000182
2105,Hoonah-Angoon Census Area,,AK,0,0,0,0,0,0,0,0,0,0,0,0,0,0,0,2,0.000051,2,33,0,0
2110,Juneau City and Borough,,AK,3005,34087,37092,10,13,23,785,1169,1954,6,0.339543,0.359869,12286.308073,0.001306,0.004702,7,0.000297,0,31,0.345833,0.010829
2122,Kenai Peninsula Borough,,AK,3534,55141,58675,7,6,13,1524,1189,2713,6,0.335261,0.353784,263.871558,0.001604,0.002426,7,0.000159,0,31,0.678571,0.012768
2130,Ketchikan Gateway Borough,,AK,1415,14503,15918,4,3,7,223,224,447,6,0.282704,0.295612,2945,0.001119,0.00032,7,0.000111,0,31,0.65,0.008815
2150,Kodiak Island Borough,,AK,2021,14578,16599,4,7,11,310,657,967,6,0.332073,0.350288,31.314335,0.001264,0.003108,7,0.000096,0,31,0.541667,0.009026
2164,Lake and Peninsula Borough,,AK,147,1451,1598,0,1,1,0,45,45,6,0.282609,0.295165,0,0,0.00031,7,0.000051,0,34,0,0
2170,Matanuska-Susitna Borough,,AK,6073,78356,84429,14,12,26,4755,2496,7251,6,0.339265,0.35938,866.692517,0.004884,0.004528,7,0.000248,0,31,0.540936,0.037658
2180,Nome Census Area,,AK,595,8798,9393,1,2,3,118,275,393,6,0.283534,0.296337,0,0.000342,0.000442,7,0.000062,0,31,1,0.002465
2185,North Slope Borough,,AK,606,6583,7189,2,2,4,154,303,457,6,0.283534,0.296337,0,0.000473,0.000442,7,0.000074,0,31,1,0.003571
2188,Northwest Arctic Borough,,AK,441,6495,6936,1,2,3,93,153,246,6,0.283534,0.296337,0,0.000342,0.000442,7,0.000062,0,31,1,0.002465
2195,Petersburg Census Area,,AK,0,0,0,0,0,0,0,0,0,0,0,0,0,0,0,3,0.000051,3,35,0,0
2220,Sitka City and Borough,,AK,1117,9812,10929,2,5,7,99,286,385,6,0.314214,0.32952,3,0.000379,0.001189,7,0.000081,0,31,0.65,0.002646
2240,Southeast Fairbanks Census Area,,AK,785,7474,8259,2,3,5,252,312,564,6,0.283562,0.296509,0,0.000473,0.00048,7,0.000074,0,31,1,0.003571
2261,Valdez-Cordova Census Area,,AK,1242,10415,11657,3,4,7,277,513,790,6,0.283589,0.296682,0,0.000508,0.000493,7,0.000091,0,31,1,0.003958
2270,Wade Hampton Census Area,,AK,394,6938,7332,3,2,5,213,179,392,6,0.282594,0.295267,1.615857,0.000476,0.000313,7,0.000091,0,31,0.833333,0.003677
2282,Yakutat City and Borough,,AK,41,556,597,0,0,0,0,0,0,0,0,0,0,0,0,4,0.000051,4,36,0,0
2290,Yukon-Koyukuk Census Area,,AK,502,5705,6207,1,2,3,216,314,530,6,0.283534,0.296337,0,0.00013,0.000442,7,0.000063,0,31,1,0.001106
4001,Apache County,,AZ,6883,61861,68744,13,13,26,5591,5626,11217,6,0.339027,0.358885,180.789206,0.003738,0.005444,7,0.000229,0,31,0.658333,0.031403
4003,Cochise County,,AZ,13315,121905,135220,41,43,84,6334,6976,13310,5,0.365632,0.392351,571.673912,0.019109,0.020761,7,0.000513,0,31,0.621173,0.143906
4005,Coconino County,,AZ,13141,123676,136817,29,32,61,7884,8485,16369,6,0.353587,0.378807,474.717083,0.013129,0.013759,7,0.00039,0,31,0.608108,0.099314
4007,Gila County,,AZ,3419,50877,54296,12,9,21,2828,2146,4974,6,0.336429,0.355268,6.716528,0.006435,0.003505,7,0.000187,0,31,0.833333,0.047755
4009,Graham County,,AZ,1559,26694,28253,10,8,18,1730,920,2650,6,0.332912,0.350966,287.004854,0.002314,0.002407,7,0.000196,0,31,0.663636,0.020453
4011,Greenlee County,,AZ,704,7445,8149,3,3,6,208,401,609,6,0.332683,0.350046,0,0.000176,0.001816,7,0.000094,0,31,0.8,0.001843
4012,La Paz County,,AZ,1382,14610,15992,7,6,13,548,658,1206,6,0.334102,0.35226,0,0.004624,0.003338,7,0.00011,0,31,1,0.032377
4013,Maricopa County,,AZ,186247,3724138,3910385,623,561,1184,196059,164082,360141,5,0.498195,0.564838,909092.943775,0.137943,0.133545,7,0.008064,0,31,0.083421,1
4015,Mohave County,,AZ,14091,179470,193561,37,34,71,11185,7696,18881,6,0.347732,0.371705,159.873985,0.015922,0.013612,7,0.000431,0,31,0.593963,0.11739
4017,Navajo County,,AZ,7680,95290,102970,23,20,43,6775,5338,12113,6,0.339583,0.360496,156.758117,0.009267,0.00695,7,0.000322,0,31,0.616667,0.070064
4019,Pima County,,AZ,46948,950436,997384,233,183,416,40888,33092,73980,5,0.434678,0.474074,41033.405264,0.090434,0.076071,7,0.002507,0,31,0.283335,0.629661
4021,Pinal County,,AZ,19902,227489,247391,86,36,122,40897,13946,54843,6,0.356984,0.382356,873.459817,0.038662,0.017528,7,0.000904,0,31,0.524387,0.268383
4023,Santa Cruz County,,AZ,2668,49932,52600,7,4,11,1689,1838,3527,6,0.336117,0.354233,0,0.005493,0.002953,7,0.000118,0,31,1,0.041071
4025,Yavapai County,,AZ,14140,203883,218023,44,38,82,12997,7774,20771,6,0.353027,0.378807,2616.092587,0.02215,0.016987,7,0.00049,0,31,0.618182,0.161378
4027,Yuma County,,AZ,11836,194618,206454,43,42,85,7948,6969,14917,6,0.361077,0.387882,221.334684,0.019932,0.02054,7,0.00047,0,31,0.65724,0.147471
5001,Arkansas County,,AR,1255,20999,22254,5,5,10,398,503,901,6,0.288129,0.300569,2.5,0.000376,0.00037,5,0.000163,0,31,0.6,0.00298
5003,Ashley County,,AR,1234,23041,24275,4,6,10,272,385,657,6,0.289424,0.302755,46.221168,0.000341,0.000395,5,0.000133,0,31,0.433333,0.002593
5005,Baxter County,,AR,2685,41567,44252,13,11,24,1102,1000,2102,6,0.291872,0.306654,17836.656741,0.003909,0.000825,5,0.000362,0,31,0.366667,0.028709
5007,Benton County,,AR,15246,204985,220231,68,51,119,13587,8984,22571,6,0.372781,0.401708,25690.745862,0.024537,0.018907,5,0.001212,0,31,0.375495,0.182519
5009,Boone County,,AR,2436,36712,39148,10,10,20,1288,1051,2339,7,0.276448,0.289749,11558.292941,0.000621,0.000594,5,0.00041,0,31,0.310606,0.006446
5011,Bradley County,,AR,778,11388,12166,2,3,5,153,253,406,6,0.288129,0.300339,0.916667,0.000005,0.000277,5,0.000114,0,31,0.666667,0.000236
5013,Calhoun County,,AR,389,5324,5713,1,2,3,79,153,232,7,0.223974,0.230084,0,0.000003,0.000003,5,0.000067,0,31,1,0.000113
5015,Carroll County,,AR,1902,26222,28124,7,6,13,651,862,1513,7,0.274198,0.285907,206.726355,0.001367,0.000346,5,0.000243,0,31,0.47619,0.010665
5017,Chicot County,,AR,930,11469,12399,5,6,11,287,342,629,6,0.289048,0.301921,33.388746,0.000365,0.000354,5,0.000145,0,31,0.466667,0.002793
5019,Clark County,,AR,1776,20854,22630,7,6,13,637,713,1350,6,0.28833,0.301058,2985.704067,0.000364,0.000419,5,0.000257,0,31,0.357143,0.003587
5021,Clay County,,AR,1220,16726,17946,4,5,9,415,698,1113,7,0.250367,0.260525,36.17365,0.000028,0.000026,5,0.000146,0,31,0.7,0.000593
5023,Cleburne County,,AR,1677,25003,26680,7,7,14,731,818,1549,6,0.288962,0.302122,2432.041338,0.000994,0.000473,5,0.000246,0,31,0.642857,0.007606
5025,Cleveland County,,AR,757,9723,10480,5,4,9,509,383,892,6,0.288158,0.300512,2999.538484,0.000365,0.000294,5,0.000159,0,31,0.4,0.002789
5027,Columbia County,,AR,1600,24020,25620,5,7,12,456,636,1092,6,0.28853,0.301576,427.607463,0.000357,0.000438,5,0.000131,0,31,0.380952,0.002702
5029,Conway County,,AR,1293,21008,22301,5,5,10,832,751,1583,6,0.288215,0.300742,2.181839,0.000356,0.000346,5,0.000203,0,31,0.8,0.003261
5031,Craighead County,,AR,6058,87218,93276,24,27,51,4283,3581,7864,6,0.328534,0.351156,26576.61136,0.002213,0.002951,5,0.000602,0,31,0.22379,0.018456
5033,Crawford County,,AR,4601,59858,64459,10,10,20,3203,3077,6280,6,0.29904,0.313688,777.240686,0.001755,0.001133,5,0.000281,0,31,0.537879,0.013664
5035,Crittenden County,,AR,3475,52587,56062,12,10,22,2014,1966,3980,6,0.310411,0.325949,806.244552,0.002048,0.001171,5,0.000265,0,31,0.423077,0.015695
5037,Cross County,,AR,1513,18930,20443,4,7,11,497,830,1327,6,0.309781,0.324712,1.70049,0.000669,0.000985,5,0.000122,0,31,0.714286,0.004889
5039,Dallas County,,AR,637,8356,8993,3,4,7,197,272,469,6,0.288243,0.300684,1371.605236,0.000006,0.00028,5,0.000129,0,31,0.45,0.000313
5041,Desha County,,AR,1164,14178,15342,5,6,11,399,557,956,6,0.288215,0.300857,2.565591,0.000366,0.000357,5,0.00015,0,31,0.666667,0.002843
5043,Drew County,,AR,1486,17826,19312,8,6,14,700,598,1298,6,0.288243,0.300914,1484.436942,0.000382,0.000303,5,0.000207,0,31,0.410714,0.003151
5045,Faulkner County,,AR,7728,100554,108282,39,19,58,5673,4575,10248,6,0.321108,0.341086,7290.539373,0.006905,0.002359,5,0.000924,0,31,0.237517,0.057395
5047,Franklin County,,AR,1162,17774,18936,5,4,9,667,653,1320,7,0.261105,0.270782,22.197104,0.000205,0.00008,5,0.000168,0,31,0.8,0.002189
5049,Fulton County,,AR,807,10674,11481,6,4,10,443,367,810,7,0.226247,0.233477,508.391582,0.000032,0.000031,5,0.000257,0,31,0.366667,0.000988
5051,Garland County,,AR,5868,94838,100706,34,20,54,3497,2692,6189,6,0.328236,0.34839,17956.067549,0.012419,0.003553,5,0.000721,0,31,0.368619,0.096062
5053,Grant County,,AR,1379,18487,19866,5,5,10,733,794,1527,6,0.288129,0.300569,0.733333,0.000401,0.000363,5,0.000181,0,31,0.866667,0.003979
5055,Greene County,,AR,2403,41139,43542,8,9,17,1561,1241,2802,6,0.288991,0.302427,1544.632883,0.000364,0.000321,5,0.000247,0,31,0.377778,0.003224
5057,Hempstead County,,AR,1489,22450,23939,7,6,13,655,699,1354,6,0.288617,0.301576,5891.511386,0.000532,0.000332,148,0.000222,0,31,0.285714,0.004344
5059,Hot Spring County,,AR,2219,30795,33014,6,6,12,1370,1295,2665,6,0.288301,0.301001,3.933333,0.000403,0.000476,5,0.000217,0,31,0.761905,0.0041
5061,Howard County,,AR,953,14333,15286,5,4,9,375,305,680,7,0.224303,0.230987,96.957981,0.000055,0.000005,148,0.000218,0,31,0.3,0.000907
5063,Independence County,,AR,2277,36785,39062,11,11,22,1057,1225,2282,6,0.289366,0.303301,3572.303402,0.000526,0.000513,5,0.000369,0,31,0.409091,0.005068
5065,Izard County,,AR,972,12080,13052,4,4,8,277,318,595,7,0.226336,0.233765,17.276661,0.000011,0.000035,5,0.000195,0,31,0.5,0.000661
5067,Jackson County,,AR,1079,15864,16943,5,7,12,413,575,988,6,0.288559,0.301576,347.720432,0.000367,0.000361,5,0.000176,0,31,0.517857,0.002965
5069,Jefferson County,,AR,5571,79515,85086,15,21,36,1860,3368,5228,6,0.332568,0.354193,2991.405979,0.002901,0.004135,5,0.000419,0,31,0.393939,0.023944
5071,Johnson County,,AR,1364,23922,25286,5,6,11,572,585,1157,6,0.28902,0.302093,109.504377,0.000065,0.000483,5,0.000186,0,31,0.666667,0.001206
5073,Lafayette County,,AR,543,7047,7590,2,5,7,149,271,420,7,0.248905,0.25859,5.783773,0.000021,0.000076,148,0.000091,0,31,0.4,0.000332
5075,Lawrence County,,AR,1032,16400,17432,5,4,9,572,516,1088,7,0.247439,0.256914,5.966667,0.000029,0.000025,5,0.000181,0,31,0.533333,0.000698
5077,Lee County,,AR,704,8152,8856,1,5,6,120,373,493,6,0.28853,0.301259,0.333333,0.000008,0.000321,5,0.00007,0,31,0.8,0.000154
5079,Lincoln County,,AR,814,11059,11873,3,5,8,355,417,772,6,0.288186,0.300684,0.583333,0.000361,0.000303,5,0.000103,0,31,0.8,0.002613
5081,Little River County,,AR,788,13336,14124,4,3,7,465,321,786,7,0.248159,0.257152,269.988151,0.000069,0.00006,148,0.00017,0,31,0.5,0.000904
5083,Logan County,,AR,1487,22571,24058,6,7,13,675,807,1482,7,0.272522,0.283998,25.509417,0.000076,0.000229,5,0.000211,0,31,0.642857,0.001407
5085,Lonoke County,,AR,5961,65140,71101,16,12,28,4600,3405,8005,6,0.314521,0.33132,528.706739,0.002422,0.001708,5,0.000432,0,31,0.5,0.020526
5087,Madison County,,AR,1013,15116,16129,3,3,6,742,600,1342,7,0.273991,0.285102,0,0.000289,0.000333,5,0.000125,0,31,1,0.002861
5089,Marion County,,AR,1311,15448,16759,2,2,4,422,537,959,7,0.226053,0.232896,2.416667,0.000011,0.000036,5,0.000113,0,31,0.5,0.000469
5091,Miller County,,AR,4127,40613,44740,9,9,18,2462,2564,5026,6,0.321215,0.338647,6614.520359,0.001948,0.002168,148,0.000254,0,31,0.422222,0.016062
5093,Mississippi County,,AR,2897,47842,50739,9,9,18,1017,1420,2437,6,0.310146,0.32542,4449.605353,0.001955,0.000888,5,0.000225,0,31,0.433333,0.014368
5095,Monroe County,,AR,732,8727,9459,2,4,6,115,265,380,6,0.288444,0.301001,0.5,0.000333,0.0003,5,0.000084,0,31,0.666667,0.002364
5097,Montgomery County,,AR,516,8349,8865,2,2,4,148,204,352,7,0.247185,0.255395,0,0.000029,0.000098,5,0.000135,0,31,1,0.000958
5099,Nevada County,,AR,750,9436,10186,2,3,5,225,327,552,7,0.224147,0.230579,2.844444,0.000006,0.000007,148,0.000119,0,31,0.333333,0.000252
5101,Newton County,,AR,596,7929,8525,1,1,2,196,315,511,8,0.216592,0.222643,0,0.000005,0.000005,5,0.000085,0,31,0,0.000151
5103,Ouachita County,,AR,1727,27002,28729,5,8,13,542,813,1355,6,0.288502,0.301633,5889.754099,0.000342,0.000432,5,0.000152,0,31,0.392857,0.002617
5105,Perry County,,AR,783,10220,11003,4,5,9,492,463,955,6,0.288215,0.300742,0.25,0.000353,0.00039,5,0.000169,0,31,0.9,0.003144
5107,Phillips County,,AR,1452,22030,23482,4,7,11,222,596,818,6,0.309682,0.324569,63.063998,0.000964,0.001029,5,0.000108,0,31,0.589286,0.006683
5109,Pike County,,AR,697,11072,11769,5,4,9,313,339,652,7,0.247312,0.25597,134.657201,0.000035,0.000101,5,0.000253,0,31,0.3,0.001302
5111,Poinsett County,,AR,1727,24189,25916,6,4,10,923,1003,1926,7,0.247481,0.256971,33.682616,0.000678,0.000052,5,0.000163,0,31,0.571429,0.005193
5113,Polk County,,AR,1240,19632,20872,3,5,8,142,305,447,7,0.272881,0.284372,418.94376,0.000042,0.000202,5,0.00013,0,31,0.333333,0.001101
5115,Pope County,,AR,4149,57604,61753,16,14,30,2144,2210,4354,6,0.289568,0.303991,942.80139,0.001863,0.000814,5,0.000459,0,31,0.470588,0.016174
5117,Prairie County,,AR,592,8303,8895,4,4,8,265,307,572,6,0.2881,0.300397,0.533333,0.000356,0.000304,5,0.000152,0,31,0.833333,0.002803
5119,Pulaski County,,AR,28378,395967,424345,109,118,227,19748,20575,40323,5,0.404466,0.440666,190181.580527,0.034454,0.041348,5,0.002011,0,31,0.289907,0.264853
5121,Randolph County,,AR,1102,17751,18853,4,4,8,415,487,902,7,0.247481,0.256914,1.343659,0.000026,0.000021,5,0.000156,0,31,0.833333,0.000585
5123,St. Francis County,,AR,1933,24650,26583,8,8,16,898,1162,2060,6,0.310278,0.325489,3071.810226,0.001032,0.001011,5,0.000179,0,31,0.527778,0.007553
5125,Saline County,,AR,6322,96440,102762,24,13,37,6420,3897,10317,6,0.310511,0.326524,1448.891141,0.005908,0.001391,5,0.000572,0,31,0.469203,0.050119
5127,Scott County,,AR,757,10929,11686,2,2,4,185,307,492,7,0.261152,0.270609,1.845351,0.000055,0.000072,5,0.000095,0,31,0.5,0.00073
5129,Searcy County,,AR,408,7279,7687,1,2,3,78,94,172,7,0.225947,0.232695,1.517857,0.000005,0.000008,5,0.000085,0,31,0,0.000151
5131,Sebastian County,,AR,9536,124638,134174,25,22,47,5985,6243,12228,6,0.353156,0.37722,17479.424355,0.008321,0.006825,5,0.000579,0,31,0.404558,0.067572
5133,Sevier County,,AR,995,15462,16457,4,5,9,238,373,611,7,0.245406,0.254156,131.759589,0.000016,0.000023,148,0.000184,0,31,0.25,0.000447
5135,Sharp County,,AR,1469,16938,18407,4,5,9,522,657,1179,7,0.247481,0.257144,129.780813,0.000028,0.000022,5,0.000194,0,31,0.5,0.000608
5137,Stone County,,AR,619,11081,11700,2,3,5,116,146,262,7,0.243202,0.251738,0,0.000008,0.000066,5,0.000109,0,31,1,0.000296
5139,Union County,,AR,2480,46396,48876,5,9,14,596,914,1510,6,0.317798,0.334282,432.26208,0.000344,0.001395,5,0.000159,0,31,0.402778,0.003035
5141,Van Buren County,,AR,1112,15660,16772,6,5,11,446,505,951,6,0.288158,0.300627,1436.743332,0.000364,0.000347,5,0.000236,0,31,0.533333,0.003364
5143,Washington County,,AR,16437,182401,198838,57,50,107,10243,10654,20897,6,0.373887,0.402732,32812.984574,0.016419,0.017403,5,0.001149,0,31,0.303282,0.130159
5145,White County,,AR,4789,71272,76061,18,16,34,2792,2487,5279,6,0.315068,0.333615,640.134975,0.001393,0.001743,5,0.000545,0,31,0.44152,0.013009
5147,Woodruff County,,AR,643,7674,8317,3,2,5,185,246,431,6,0.288043,0.300052,0,0.000342,0.000282,5,0.000115,0,31,1,0.002539
5149,Yell County,,AR,1581,20356,21937,4,5,9,781,934,1715,6,0.288243,0.300799,187.882924,0.000486,0.000341,5,0.000139,0,31,0.619048,0.004586
6001,Alameda County,,CA,106613,1530774,1637387,176,200,376,83650,97250,180900,5,0.423437,0.467403,15883.493302,0.079112,0.081588,7,0.001658,0,31,0.354931,0.542305
6003,Alpine County,,CA,143,1026,1169,0,0,0,0,0,0,0,0,0,0,0,0,6,0.000051,5,37,0,0
6005,Amador County,,CA,2168,37211,39379,9,8,17,1672,1023,2695,6,0.301686,0.316891,0.222222,0.003369,0.002299,7,0.000117,0,31,0.966667,0.023345
6007,Butte County,,CA,12546,201515,214061,51,57,108,9177,9411,18588,6,0.347983,0.374753,3208.52975,0.016893,0.018701,7,0.000514,0,31,0.582787,0.119833
6009,Calaveras County,,CA,3108,45057,48165,10,12,22,2424,1683,4107,6,0.336781,0.356131,52.610619,0.004323,0.005122,7,0.000131,0,31,0.897436,0.030866
6011,Colusa County,,CA,1509,24152,25661,6,6,12,699,852,1551,6,0.294542,0.308707,3.145667,0.001213,0.001111,7,0.000112,0,31,0.8,0.008429
6013,Contra Costa County,,CA,63118,1086259,1149377,123,152,275,56101,55422,111523,5,0.403228,0.443967,7052.210421,0.057275,0.063164,7,0.001179,0,31,0.417064,0.405685
6015,Del Norte County,,CA,1539,22285,23824,9,5,14,595,470,1065,6,0.332759,0.350581,77.23265,0.002457,0.001818,7,0.000137,0,31,0.805556,0.017602
6017,El Dorado County,,CA,13061,185924,198985,38,44,82,10064,9136,19200,6,0.351486,0.377801,204.707758,0.01488,0.018282,7,0.000355,0,31,0.733844,0.10447
6019,Fresno County,,CA,33585,873252,906837,73,95,168,25158,26425,51583,5,0.376461,0.410858,2694.81834,0.03194,0.037296,7,0.000717,0,31,0.504945,0.231896
6021,Glenn County,,CA,1766,28872,30638,5,4,9,913,924,1837,6,0.293766,0.307482,0.85,0.000847,0.000729,7,0.000106,0,31,0.8,0.006548
6023,Humboldt County,,CA,7777,123908,131685,36,48,84,3676,4907,8583,6,0.346568,0.371963,2995.975635,0.014265,0.016439,7,0.000374,0,31,0.703014,0.100321
6025,Imperial County,,CA,8100,188203,196303,20,22,42,7304,6052,13356,6,0.345247,0.366902,2.423464,0.010955,0.011604,7,0.0002,0,31,0.913043,0.07526
6027,Inyo County,,CA,1473,19248,20721,7,9,16,725,611,1336,6,0.336664,0.35559,0.77569,0.004697,0.004683,7,0.000102,0,31,0.875,0.031222
6029,Kern County,,CA,34176,751481,785657,72,109,181,32097,24623,56720,5,0.382675,0.419594,1667.664722,0.03072,0.042542,7,0.00072,0,31,0.432159,0.225832
6031,Kings County,,CA,10760,127845,138605,34,35,69,6855,6438,13293,5,0.355278,0.380435,308.693879,0.015427,0.017252,7,0.000328,0,31,0.7139,0.106652
6033,Lake County,,CA,3624,56290,59914,17,18,35,2431,2003,4434,6,0.337173,0.357373,0.763172,0.007932,0.007059,7,0.000175,0,31,0.942857,0.055139
6035,Lassen County,,CA,1864,25095,26959,8,6,14,656,599,1255,6,0.294303,0.308604,52.710796,0.00219,0.001167,7,0.000144,0,31,0.678571,0.01639
6037,Los Angeles County,,CA,443189,9985591,10428780,432,559,991,239619,421549,661168,5,0.497596,0.56432,447868.902043,0.128313,0.135414,7,0.004875,0,31,0.102484,0.908031
6039,Madera County,,CA,7742,128074,135816,26,25,51,6840,5502,12342,6,0.343284,0.36489,292.873404,0.012143,0.011,7,0.000243,0,31,0.884921,0.082539
6041,Marin County,,CA,15362,239282,254644,42,48,90,11605,11659,23264,5,0.365632,0.393409,183.746745,0.021422,0.023555,7,0.000391,0,31,0.769388,0.153332
6043,Mariposa County,,CA,1356,17582,18938,9,5,14,830,471,1301,6,0.27558,0.288256,0.153846,0.003453,0.000657,7,0.000112,0,31,0.972222,0.022998
6045,Mendocino County,,CA,4677,87318,91995,20,23,43,2033,2525,4558,6,0.337762,0.358782,2.109019,0.007949,0.009259,7,0.000197,0,31,0.871795,0.055391
6047,Merced County,,CA,14616,240416,255032,31,42,73,11791,11264,23055,6,0.352598,0.378577,519.667775,0.013684,0.018133,7,0.000286,0,31,0.789641,0.094176
6049,Modoc County,,CA,726,8380,9106,1,3,4,45,150,195,7,0.258381,0.268602,0,0.000129,0.000282,7,0.000059,0,31,1,0.001027
6051,Mono County,,CA,1635,11964,13599,6,8,14,589,695,1284,6,0.336468,0.355187,0.285714,0.004368,0.003947,7,0.000095,0,31,0.875,0.02939
6053,Monterey County,,CA,30916,422769,453685,85,108,193,15462,23715,39177,5,0.38202,0.417443,2436.856434,0.038948,0.043903,7,0.000819,0,31,0.46964,0.282117
6055,Napa County,,CA,8375,141957,150332,31,30,61,6575,5827,12402,6,0.346237,0.369433,23.323668,0.014161,0.013896,7,0.000279,0,31,0.869841,0.098269
6057,Nevada County,,CA,6695,102175,108870,34,24,58,4943,4136,9079,6,0.342432,0.364119,585.214848,0.013201,0.010395,7,0.000316,0,31,0.838655,0.092484
6059,Orange County,,CA,184976,3162417,3347393,242,305,547,125461,170790,296251,5,0.452247,0.50241,46954.751243,0.100312,0.106922,7,0.00234,0,31,0.231091,0.689004
6061,Placer County,,CA,24740,344132,368872,62,73,135,26605,20031,46636,5,0.365125,0.395813,1438.521361,0.024942,0.02884,7,0.000617,0,31,0.580401,0.183007
6063,Plumas County,,CA,1631,21333,22964,7,6,13,572,619,1191,6,0.294303,0.308604,20.593933,0.001686,0.001304,7,0.000126,0,31,0.696429,0.012243
6065,Riverside County,,CA,123122,2008846,2131968,194,252,446,156372,108277,264649,5,0.428952,0.478261,33446.025518,0.081063,0.083046,7,0.001982,0,31,0.230812,0.567045
6067,Sacramento County,,CA,80891,1443942,1524833,160,180,340,67651,70798,138449,5,0.415722,0.45827,30063.709165,0.066472,0.067205,7,0.001718,0,31,0.322611,0.477816
6069,San Benito County,,CA,4465,59212,63677,10,15,25,2681,2917,5598,6,0.341262,0.361445,0,0.004361,0.006558,7,0.00012,0,31,1,0.030046
6071,San Bernardino County,,CA,146950,1992847,2139797,193,295,488,129598,130323,259921,5,0.447844,0.49828,46345.559165,0.076518,0.094185,7,0.002085,0,31,0.211134,0.553046
6073,San Diego County,,CA,183738,3203256,3386994,433,479,912,142637,158096,300733,5,0.48559,0.54705,314094.761078,0.127526,0.13058,7,0.004847,0,31,0.125994,0.901742
6075,San Francisco County,,CA,69066,793545,862611,150,121,271,60088,62445,122533,5,0.396497,0.434,4336.462789,0.07214,0.059298,7,0.001395,0,31,0.486771,0.494579
6077,San Joaquin County,,CA,39613,678962,718575,62,101,163,31811,33159,64970,5,0.371681,0.40674,1770.93422,0.025622,0.036402,7,0.000591,0,31,0.458364,0.187474
6079,San Luis Obispo County,,CA,15135,256251,271386,43,57,100,11821,10939,22760,6,0.350975,0.378721,100.187305,0.017916,0.022064,7,0.000386,0,31,0.701695,0.125869
6081,San Mateo County,,CA,54468,755878,810346,105,100,205,43455,48623,92078,5,0.381919,0.41711,2465.282644,0.054879,0.046148,7,0.000945,0,31,0.524346,0.377444
6083,Santa Barbara County,,CA,25790,410161,435951,64,89,153,14831,19113,33944,5,0.375632,0.409599,1715.287915,0.029704,0.037788,7,0.00063,0,31,0.535307,0.215099
6085,Santa Clara County,,CA,100702,1892570,1993272,202,201,403,78039,90036,168075,5,0.421834,0.466161,20572.08895,0.087637,0.081136,7,0.001931,0,31,0.322196,0.596772
6087,Santa Cruz County,,CA,15946,263680,279626,43,58,101,10039,12598,22637,6,0.356545,0.384771,158.917257,0.01805,0.02296,7,0.000387,0,31,0.725348,0.127277
6089,Shasta County,,CA,9008,175084,184092,49,49,98,6967,5844,12811,6,0.346609,0.372078,8052.77335,0.016694,0.016346,7,0.000505,0,31,0.590572,0.118169
6091,Sierra County,,CA,307,3180,3487,0,3,3,0,134,134,7,0.271188,0.283687,0,0,0.00042,7,0.000051,0,38,0.666667,0
6093,Siskiyou County,,CA,2635,43836,46471,15,10,25,1189,1182,2371,6,0.333218,0.351846,7.181729,0.006824,0.002913,7,0.00017,0,31,0.838235,0.047469
6095,Solano County,,CA,32861,436382,469243,65,97,162,22063,25752,47815,5,0.379518,0.414217,3030.993446,0.026677,0.039443,7,0.000644,0,31,0.485247,0.193149
6097,Sonoma County,,CA,23618,502904,526522,54,81,135,15615,18181,33796,5,0.371538,0.403882,532.996966,0.023259,0.031729,7,0.0005,0,31,0.573024,0.166818
6099,Stanislaus County,,CA,29175,523042,552217,49,85,134,22741,23386,46127,6,0.366372,0.399298,1644.492401,0.019429,0.031699,7,0.000459,0,31,0.526063,0.139879
6101,Sutter County,,CA,6905,92911,99816,22,21,43,5652,4772,10424,6,0.342432,0.363803,250.564641,0.01051,0.008779,7,0.000231,0,31,0.867692,0.073426
6103,Tehama County,,CA,3655,58365,62020,19,12,31,2775,1854,4629,6,0.336624,0.355878,245.413566,0.008071,0.004201,7,0.000211,0,31,0.838095,0.054622
6105,Trinity County,,CA,745,11139,11884,2,2,4,278,270,548,7,0.257737,0.26751,0,0.000258,0.000244,7,0.000066,0,31,1,0.001903
6107,Tulare County,,CA,16564,407640,424204,36,54,90,13158,12191,25349,6,0.359643,0.387963,83.90797,0.015419,0.022671,7,0.000327,0,31,0.691558,0.107472
6109,Tuolumne County,,CA,3275,55678,58953,15,17,32,1966,1649,3615,6,0.336977,0.35697,134.589855,0.00631,0.005927,7,0.000167,0,31,0.850877,0.043143
6111,Ventura County,,CA,47575,879294,926869,112,143,255,33549,38334,71883,5,0.404579,0.44418,3941.216046,0.054614,0.059619,7,0.001057,0,31,0.410475,0.382785
6113,Yolo County,,CA,15443,172561,188004,46,45,91,13738,11793,25531,5,0.357204,0.382988,664.271431,0.019655,0.019184,7,0.000423,0,31,0.751429,0.139545
6115,Yuba County,,CA,8006,64429,72435,25,21,46,6570,5004,11574,6,0.346113,0.368053,36.21954,0.011353,0.010189,7,0.000254,0,31,0.852217,0.079957
8001,Adams County,,CO,44124,429676,473800,76,71,147,40609,35941,76550,5,0.379767,0.410962,12622.900784,0.03161,0.030615,74,0.001112,0,31,0.451038,0.240734
8003,Alamosa County,,CO,1547,14158,15705,4,7,11,451,653,1104,6,0.313568,0.32795,8786.80554,0.000774,0.002183,74,0.000151,0,31,0.547619,0.006186
8005,Arapahoe County,,CO,61198,561693,622891,136,135,271,54423,51897,106320,5,0.415901,0.452893,26970.15054,0.062357,0.06275,74,0.001692,0,31,0.42632,0.449911
8007,Archuleta County,,CO,922,11356,12278,3,1,4,213,96,309,7,0.253876,0.261911,0,0.001415,0.00008,74,0.0001,0,31,1,0.01207
8009,Baca County,,CO,299,4063,4362,0,0,0,0,0,0,0,0,0,0,0,0,8,0.000051,6,39,0,0
8011,Bent County,,CO,467,4211,4678,0,3,3,0,194,194,7,0.258467,0.267549,0,0,0.000083,74,0.000051,0,41,0.5,0
8013,Boulder County,,CO,27132,288457,315589,103,72,175,18929,19937,38866,5,0.384605,0.415683,8262.538205,0.051174,0.036112,74,0.001177,0,31,0.55694,0.361989
8014,Broomfield County,,CO,7251,49853,57104,20,12,32,6997,5239,12236,6,0.342028,0.362175,2.175349,0.01213,0.006534,74,0.000273,0,31,0.964286,0.092364
8015,Chaffee County,,CO,1483,16531,18014,8,7,15,450,492,942,6,0.312723,0.326754,3131.42243,0.002,0.001523,74,0.000171,0,31,0.572727,0.016658
8017,Cheyenne County,,CO,201,2076,2277,0,0,0,0,0,0,0,0,0,0,0,0,9,0.000051,7,42,0,0
8019,Clear Creek County,,CO,1022,8926,9948,3,3,6,436,436,872,6,0.295744,0.307965,0,0.001023,0.001146,74,0.00009,0,31,1,0.008569
8021,Conejos County,,CO,522,7965,8487,1,1,2,86,165,251,7,0.238735,0.244855,0,0.000017,0.000006,74,0.000069,0,31,0,0.000136
8023,Costilla County,,CO,246,3019,3265,0,0,0,0,0,0,0,0,0,0,0,0,10,0.000051,8,43,0,0
8025,Crowley County,,CO,292,2865,3157,2,2,4,126,138,264,7,0.258358,0.267216,0,0.000092,0.000083,74,0.000098,0,31,1,0.00083
8027,Custer County,,CO,403,3741,4144,2,2,4,123,116,239,7,0.25845,0.267418,0,0.00071,0.000107,74,0.000082,0,31,1,0.005653
8029,Delta County,,CO,2007,29493,31500,9,3,12,1067,787,1854,7,0.25744,0.266497,0.541667,0.002657,0.000242,74,0.000221,0,31,0.861111,0.023168
8031,Denver County,,CO,73734,538677,612411,145,131,276,63101,64841,127942,5,0.417219,0.453209,36009.424,0.064603,0.06086,74,0.001799,0,31,0.421305,0.459946
8033,Dolores County,,CO,187,1978,2165,1,1,2,66,59,125,7,0.249892,0.257144,0,0.000011,0.000011,7,0.00009,0,31,0,0.000189
8035,Douglas County,,CO,25626,275426,301052,107,66,173,28621,18619,47240,5,0.381115,0.411416,4925.191166,0.052118,0.032694,74,0.001273,0,31,0.525499,0.382721
8037,Eagle County,,CO,5453,45179,50632,21,21,42,2437,2644,5081,6,0.350296,0.372176,4260.037731,0.01015,0.009309,74,0.000333,0,31,0.717391,0.078341
8039,Elbert County,,CO,2216,22206,24422,6,6,12,1393,1276,2669,6,0.313433,0.327605,0,0.002454,0.002764,74,0.000128,0,31,1,0.020493
8041,El Paso County,,CO,56726,615403,672129,267,255,522,38705,39683,78388,5,0.451824,0.496446,163815.105551,0.090997,0.086267,74,0.003369,0,31,0.217922,0.661807
8043,Fremont County,,CO,2768,40115,42883,14,12,26,1399,1218,2617,6,0.335572,0.354791,934.599133,0.003733,0.003954,74,0.000286,0,31,0.590476,0.030838
8045,Garfield County,,CO,4559,49237,53796,19,14,33,2507,2193,4700,6,0.335689,0.355164,813.125911,0.008251,0.004548,74,0.000359,0,31,0.786842,0.065384
8047,Gilpin County,,CO,693,4861,5554,3,3,6,271,326,597,6,0.295714,0.307908,0,0.001066,0.0013,74,0.00009,0,31,1,0.009476
8049,Grand County,,CO,1523,13240,14763,6,6,12,432,396,828,6,0.298732,0.311767,0,0.002059,0.002317,74,0.000131,0,31,1,0.018046
8051,Gunnison County,,CO,1661,12892,14553,5,7,12,261,473,734,6,0.313568,0.327979,0.662725,0.001369,0.002215,74,0.000154,0,31,0.809524,0.012714
8053,Hinsdale County,,CO,105,734,839,0,0,0,0,0,0,0,0,0,0,0,0,11,0.000051,9,44,0,0
8055,Huerfano County,,CO,534,6207,6741,1,2,3,85,197,282,6,0.311345,0.324425,0,0.000084,0.000794,74,0.000069,0,31,1,0.000693
8057,Jackson County,,CO,170,1461,1631,0,0,0,0,0,0,0,0,0,0,0,0,12,0.000051,10,45,0,0
8059,Jefferson County,,CO,50484,571081,621565,115,94,209,41968,41160,83128,5,0.390988,0.424528,20585.110097,0.049393,0.038471,74,0.001567,0,31,0.410922,0.367857
8061,Kiowa County,,CO,145,1535,1680,0,0,0,0,0,0,0,0,0,0,0,0,13,0.000051,11,46,0,0
8063,Kit Carson County,,CO,544,8187,8731,1,0,1,40,0,40,0,0,0,0,0.000241,0,74,0.000064,0,0,0,0.001965
8065,Lake County,,CO,737,6454,7191,2,3,5,146,224,370,7,0.259677,0.268533,0.690476,0.000111,0.000136,74,0.000079,0,31,0.333333,0.001106
8067,La Plata County,,CO,4160,46384,50544,23,16,39,1955,1740,3695,6,0.340221,0.360697,3076.422422,0.010158,0.00772,74,0.000439,0,31,0.693841,0.080992
8069,Larimer County,,CO,22873,294442,317315,84,70,154,15595,14737,30332,5,0.383892,0.414568,20776.368579,0.035142,0.028879,74,0.001269,0,31,0.45135,0.267973
8071,Las Animas County,,CO,1123,14720,15843,5,4,9,290,345,635,6,0.31252,0.32611,74.97369,0.001564,0.001187,74,0.000137,0,31,0.6,0.01265
8073,Lincoln County,,CO,452,4866,5318,1,1,2,71,42,113,6,0.311245,0.324137,0,0.000679,0.000716,74,0.000062,0,31,0,0.005319
8075,Logan County,,CO,1407,20194,21601,6,8,14,368,558,926,6,0.312689,0.326783,8567.877199,0.000357,0.001431,74,0.000215,0,31,0.322222,0.003831
8077,Mesa County,,CO,8158,141464,149622,48,29,77,6986,3898,10884,6,0.346485,0.369375,13953.363941,0.015658,0.010213,74,0.000893,0,31,0.397959,0.123349
8079,Mineral County,,CO,66,869,935,0,0,0,0,0,0,0,0,0,0,0,0,14,0.000051,12,47,0,0
8081,Moffat County,,CO,1287,13932,15219,3,3,6,269,268,537,6,0.322825,0.338504,282.17267,0.000104,0.001131,74,0.000133,0,31,0.5,0.001444
8083,Montezuma County,,CO,1974,24269,26243,8,5,13,830,647,1477,6,0.333103,0.350909,5874.022564,0.001401,0.001377,7,0.000231,0,31,0.486111,0.011954
8085,Montrose County,,CO,2521,39845,42366,18,11,29,1794,1175,2969,6,0.313942,0.328986,9984.705694,0.006817,0.002786,74,0.00049,0,31,0.633987,0.053669
8087,Morgan County,,CO,1972,29349,31321,8,7,15,695,830,1525,6,0.298824,0.312026,1498.774186,0.001868,0.002061,74,0.000184,0,31,0.642857,0.015702
8089,Otero County,,CO,1499,19514,21013,4,4,8,380,624,1004,6,0.311613,0.325086,562.999427,0.000764,0.001043,74,0.000137,0,31,0.45,0.00619
8091,Ouray County,,CO,405,3880,4285,3,1,4,153,114,267,7,0.238951,0.245264,0,0.000103,0.000054,74,0.000152,0,31,0.666667,0.001665
8093,Park County,,CO,1607,14292,15899,8,11,19,1004,944,1948,6,0.31384,0.328784,7.874852,0.002503,0.003009,74,0.000164,0,31,0.718182,0.021123
8095,Phillips County,,CO,345,4749,5094,1,1,2,47,41,88,7,0.238224,0.244223,0,0.000011,0.000003,74,0.000074,0,31,0,0.000122
8097,Pitkin County,,CO,1766,13569,15335,4,5,9,480,735,1215,6,0.333103,0.351041,3.534558,0.000873,0.002067,74,0.000111,0,31,0.95,0.007816
8099,Prowers County,,CO,1162,12890,14052,1,2,3,62,180,242,6,0.311386,0.324485,154.179808,0.000001,0.000794,74,0.000065,0,40,0.5,0.000084
8101,Pueblo County,,CO,7372,157198,164570,29,25,54,5389,3988,9377,6,0.348275,0.371101,14718.72878,0.009834,0.010649,74,0.000548,0,31,0.445565,0.076649
8103,Rio Blanco County,,CO,665,6171,6836,1,2,3,66,211,277,7,0.257371,0.26621,0,0.00008,0.000124,74,0.000077,0,31,1,0.001067
8105,Rio Grande County,,CO,1269,14759,16028,1,5,6,164,397,561,6,0.312588,0.32634,0.666667,0.000017,0.001438,74,0.000069,0,31,0.85,0.000136
8107,Routt County,,CO,2134,20795,22929,10,8,18,711,760,1471,6,0.313806,0.32841,327.595553,0.002887,0.002909,74,0.000221,0,31,0.822222,0.025437
8109,Saguache County,,CO,365,3179,3544,1,0,1,42,0,42,0,0,0,0,0.000012,0,74,0.000071,0,24,0,0.000218
8111,San Juan County,,CO,91,582,673,0,0,0,0,0,0,0,0,0,0,0,0,15,0.000051,13,48,0,0
8113,San Miguel County,,CO,763,6005,6768,1,2,3,62,121,183,7,0.238971,0.245436,0,0.000022,0.000054,74,0.000088,0,31,1,0.000508
8115,Sedgwick County,,CO,200,2475,2675,0,0,0,0,0,0,0,0,0,0,0,0,16,0.000051,14,49,0,0
8117,Summit County,,CO,3825,25922,29747,13,13,26,1271,1621,2892,6,0.335533,0.354848,1727.985466,0.005074,0.004753,74,0.000228,0,31,0.791209,0.041947
8119,Teller County,,CO,2670,23661,26331,5,5,10,1211,1230,2441,6,0.313027,0.326771,1.172805,0.001922,0.001822,74,0.000122,0,31,0.785714,0.016167
8121,Washington County,,CO,405,4667,5072,1,2,3,59,86,145,7,0.238971,0.245453,0.333333,0.000001,0.000018,74,0.00007,0,31,0.5,0.000094
8123,Weld County,,CO,17418,238341,255759,41,32,73,16722,11351,28073,6,0.354452,0.379641,11578.909771,0.018347,0.014234,74,0.000606,0,31,0.604167,0.140257
8125,Yuma County,,CO,879,9876,10755,1,3,4,69,192,261,7,0.261836,0.271691,2945,0.000112,0.000147,74,0.000067,0,31,0.5,0.001177
9001,Fairfield County,,CT,49103,961811,1010914,125,176,301,32233,41276,73509,5,0.40886,0.452295,8419.222518,0.065899,0.080493,127,0.000981,0,31,0.432962,0.424563
9003,Hartford County,,CT,44305,1022508,1066813,129,164,293,32552,35936,68488,5,0.404523,0.446699,10477.20568,0.06574,0.075686,127,0.001034,0,31,0.429953,0.424055
9005,Litchfield County,,CT,11199,222837,234036,16,32,48,7824,7221,15045,5,0.351102,0.375046,47.212139,0.008452,0.017427,127,0.000141,0,31,0.773619,0.04835
9007,Middlesex County,,CT,11444,189627,201071,19,21,40,8523,7470,15993,6,0.351955,0.373907,84.829739,0.010178,0.013083,127,0.000164,0,31,0.84127,0.061208
9009,New Haven County,,CT,44555,949122,993677,121,155,276,33025,36125,69150,5,0.393109,0.435041,4620.405197,0.063667,0.072282,127,0.000942,0,31,0.466024,0.408923
9011,New London County,,CT,19653,311704,331357,65,84,149,11661,12740,24401,5,0.376168,0.408759,1520.310472,0.033334,0.041852,127,0.000525,0,31,0.568139,0.212134
9013,Tolland County,,CT,10854,159334,170188,12,16,28,7950,7456,15406,6,0.340181,0.361071,27.662033,0.005795,0.007858,127,0.000116,0,31,0.882353,0.033321
9015,Windham County,,CT,7537,131421,138958,9,14,23,4764,4641,9405,6,0.308298,0.326582,1.958574,0.002951,0.00457,127,0.000095,0,31,0.771429,0.01488
10001,Kent County,,DE,10800,165761,176561,46,28,74,9207,3492,12699,6,0.350763,0.374465,1554.584657,0.019774,0.012629,127,0.000385,0,31,0.529966,0.11663
10003,New Castle County,,DE,28967,597504,626471,98,106,204,20614,20644,41258,5,0.389516,0.425466,6663.998498,0.053535,0.055812,127,0.000801,0,31,0.601951,0.343165
10005,Sussex County,,DE,8786,198267,207053,54,27,81,7198,4362,11560,6,0.324415,0.346199,1850.38517,0.021227,0.010539,127,0.000493,0,31,0.540414,0.130765
11001,District of Columbia,,DC,62808,541640,604448,175,145,320,47472,53845,101317,5,0.413292,0.4523,13786.127655,0.083875,0.070365,177,0.001675,0,31,0.428354,0.564296
12001,Alachua County,,FL,21613,216460,238073,72,75,147,13797,14713,28510,5,0.379667,0.411491,11296.922609,0.03346,0.037942,18,0.000975,0,31,0.55084,0.248841
12003,Baker County,,FL,1613,24872,26485,6,7,13,1393,961,2354,6,0.305149,0.320112,4.888449,0.001355,0.001234,18,0.000142,0,31,0.696429,0.010863
12005,Bay County,,FL,15463,174370,189833,66,65,131,5990,7389,13379,5,0.372111,0.403065,21587.763512,0.027618,0.029306,18,0.000905,0,31,0.452057,0.209251
12007,Bradford County,,FL,1743,23429,25172,7,5,12,1299,1066,2365,6,0.305181,0.319939,0.890936,0.00138,0.001415,18,0.000166,0,31,0.785714,0.011041
12009,Brevard County,,FL,32740,586454,619194,165,152,317,26414,19778,46192,5,0.40938,0.450035,11621.943509,0.076897,0.06958,18,0.001497,0,31,0.364252,0.508559
12011,Broward County,,FL,148342,1806268,1954610,249,334,583,96825,134472,231297,5,0.45049,0.505021,72414.960297,0.104278,0.112953,18,0.002403,0,31,0.210543,0.715963
12013,Calhoun County,,FL,842,11285,12127,4,4,8,495,415,910,6,0.284118,0.296808,28.234043,0.000244,0.000523,18,0.000178,0,31,0.5,0.002248
12015,Charlotte County,,FL,13091,156404,169495,61,28,89,10293,6864,17157,5,0.356282,0.379641,282.804318,0.030905,0.017041,18,0.000469,0,31,0.626385,0.186992
12017,Citrus County,,FL,8637,140158,148795,41,22,63,7722,3624,11346,6,0.325289,0.34621,58.730794,0.021182,0.012386,18,0.000423,0,31,0.773533,0.143364
12019,Clay County,,FL,19618,196702,216320,71,56,127,17753,12957,30710,5,0.37408,0.403071,3589.63123,0.035994,0.028981,18,0.00076,0,31,0.553086,0.253797
12021,Collier County,,FL,26625,318355,344980,121,87,208,17167,18222,35389,5,0.395146,0.428209,2449.931186,0.061566,0.047717,18,0.000979,0,31,0.509918,0.390185
12023,Columbia County,,FL,4748,59693,64441,24,17,41,3169,2393,5562,6,0.320256,0.338797,893.628058,0.010266,0.005954,18,0.000382,0,31,0.623333,0.074964
12027,DeSoto County,,FL,2219,27012,29231,8,7,15,951,1004,1955,6,0.31279,0.328548,3.546697,0.0033,0.003408,18,0.000135,0,31,0.888889,0.02465
12029,Dixie County,,FL,978,12026,13004,5,3,8,387,352,739,6,0.275266,0.286611,7.369696,0.001975,0.000329,18,0.000147,0,31,0.75,0.014251
12031,Duval County,,FL,68060,918696,986756,258,248,506,55829,53707,109536,5,0.438692,0.486238,121439.411471,0.09861,0.094815,18,0.002907,0,31,0.251644,0.691213
12033,Escambia County,,FL,30544,303575,334119,104,115,219,15254,19625,34879,5,0.396769,0.433466,15739.360043,0.046713,0.051518,18,0.001211,0,31,0.415326,0.34505
12035,Flagler County,,FL,6788,89872,96660,54,19,73,9119,3191,12310,6,0.323401,0.343599,26.089225,0.029747,0.011016,18,0.000433,0,31,0.774633,0.184659
12037,Franklin County,,FL,757,9468,10225,1,4,5,75,248,323,6,0.284118,0.296808,0,0.000331,0.000498,18,0.000063,0,31,0.5,0.002081
12039,Gadsden County,,FL,2991,47702,50693,9,5,14,2432,1934,4366,6,0.280488,0.292702,412.905932,0.003666,0.000318,18,0.000232,0,31,0.4,0.025027
12041,Gilchrist County,,FL,1154,14159,15313,6,4,10,753,604,1357,6,0.275318,0.286841,5.564649,0.001359,0.000415,18,0.000177,0,31,0.666667,0.011803
12043,Glades County,,FL,963,8230,9193,5,3,8,536,295,831,6,0.295684,0.309593,1.125221,0.002437,0.000752,18,0.000091,0,31,0.85,0.016153
12045,Gulf County,,FL,1047,12438,13485,1,2,3,305,395,700,6,0.271272,0.282419,0,0.000231,0.000219,18,0.000062,0,31,1,0.001713
12047,Hamilton County,,FL,1026,11458,12484,4,4,8,423,453,876,7,0.260027,0.270937,6.695516,0.000951,0.000268,18,0.000121,0,31,0.75,0.007627
12049,Hardee County,,FL,1653,22930,24583,5,5,10,686,720,1406,6,0.312049,0.327139,0.334523,0.001778,0.002064,18,0.000105,0,31,0.9,0.014198
12051,Hendry County,,FL,3391,35150,38541,7,13,20,1784,1924,3708,6,0.320611,0.339102,77.673323,0.004,0.00644,18,0.000124,0,31,0.75641,0.028013
12053,Hernando County,,FL,11737,166718,178455,54,23,77,12878,6021,18899,6,0.337802,0.359046,33.942878,0.028975,0.01339,18,0.000458,0,31,0.746681,0.180645
12055,Highlands County,,FL,6136,90655,96791,23,25,48,4111,2602,6713,6,0.321536,0.342075,65.63544,0.010673,0.01218,18,0.000265,0,31,0.757937,0.077226
12057,Hillsborough County,,FL,94070,1218312,1312382,312,304,616,77634,79160,156794,5,0.45253,0.502893,94674.995204,0.112417,0.110568,18,0.003311,0,31,0.21145,0.783398
12059,Holmes County,,FL,1252,16851,18103,6,6,12,806,720,1526,6,0.271781,0.283799,26.60084,0.000646,0.000347,18,0.000155,0,31,0.571429,0.005087
12061,Indian River County,,FL,9281,138982,148263,37,24,61,7516,3813,11329,5,0.350381,0.372688,82.123485,0.019742,0.014749,18,0.000305,0,31,0.730444,0.121554
12063,Jackson County,,FL,2774,45189,47963,12,9,21,1557,1360,2917,6,0.291843,0.306873,375.152064,0.004477,0.001218,18,0.000252,0,31,0.538462,0.031106
12065,Jefferson County,,FL,1154,13772,14926,1,2,3,449,530,979,6,0.280298,0.291983,0,0.000331,0.000298,18,0.000063,0,31,1,0.002081
12067,Lafayette County,,FL,415,4769,5184,1,1,2,105,136,241,7,0.240179,0.247199,0,0.000024,0.000067,18,0.000078,0,31,0,0.000549
12069,Lake County,,FL,24791,293503,318294,102,58,160,26287,15352,41639,5,0.377246,0.406861,799.335665,0.053133,0.034084,18,0.000867,0,31,0.591445,0.338633
12071,Lee County,,FL,41249,598580,639829,228,190,418,47760,27625,75385,5,0.419332,0.462969,31830.031283,0.087791,0.076891,18,0.002044,0,31,0.243894,0.569089
12073,Leon County,,FL,23526,244500,268026,83,90,173,15088,17191,32279,5,0.389202,0.422958,63248.25401,0.034028,0.042105,18,0.001281,0,31,0.440701,0.256359
12075,Levy County,,FL,3160,36902,40062,14,7,21,2445,1682,4127,6,0.315,0.331827,209.435801,0.007004,0.002617,18,0.000248,0,31,0.774725,0.051117
12077,Liberty County,,FL,459,6045,6504,4,2,6,319,198,517,6,0.280244,0.291897,10.343997,0.000342,0.00027,18,0.000153,0,31,0.416667,0.002567
12079,Madison County,,FL,1129,17522,18651,6,4,10,330,305,635,6,0.30631,0.321434,122.233251,0.001321,0.001221,18,0.000163,0,31,0.595238,0.008946
12081,Manatee County,,FL,25654,320407,346061,108,83,191,18260,15663,33923,5,0.388524,0.421785,2884.099285,0.058607,0.042245,18,0.000918,0,31,0.501095,0.381159
12083,Marion County,,FL,19960,326142,346102,117,61,178,21583,10715,32298,5,0.378132,0.407574,2736.388504,0.057757,0.030987,18,0.001047,0,31,0.501877,0.375751
12085,Martin County,,FL,12061,142239,154300,36,32,68,8368,7088,15456,6,0.361032,0.386186,118.004493,0.019859,0.01944,18,0.000326,0,31,0.768174,0.127033
12086,Miami-Dade County,,FL,133990,2499871,2633861,207,273,480,71438,121111,192549,5,0.439557,0.489763,41156.510512,0.095375,0.105089,18,0.001986,0,31,0.273884,0.656026
12087,Monroe County,,FL,9812,73300,83112,23,42,65,3236,4944,8180,5,0.362341,0.388377,34.869934,0.015197,0.022699,18,0.00024,0,31,0.775899,0.104927
12089,Nassau County,,FL,5651,74870,80521,17,11,28,4120,2852,6972,6,0.314556,0.331366,256.530093,0.008295,0.00348,18,0.000257,0,31,0.634503,0.059151
12091,Okaloosa County,,FL,24570,199579,224149,97,113,210,11693,14921,26614,5,0.396172,0.432787,13274.276617,0.042961,0.047202,18,0.001125,0,31,0.382505,0.313353
12093,Okeechobee County,,FL,2883,35127,38010,10,12,22,1382,1043,2425,6,0.317972,0.336031,65.877033,0.003679,0.005915,18,0.00015,0,31,0.769231,0.02558
12095,Orange County,,FL,117313,1120226,1237539,279,284,563,94306,102515,196821,5,0.444956,0.494772,71931.108961,0.108518,0.108559,18,0.002847,0,31,0.238611,0.751678
12097,Osceola County,,FL,31059,249059,280118,93,76,169,31878,23057,54935,5,0.376902,0.408776,559.182476,0.052333,0.041889,18,0.00073,0,31,0.619932,0.334816
12099,Palm Beach County,,FL,89704,1311167,1400871,237,302,539,68871,77051,145922,5,0.443323,0.496003,52572.078568,0.099504,0.107326,18,0.002198,0,31,0.226757,0.677192
12101,Pasco County,,FL,36061,441723,477784,144,114,258,43743,24626,68369,5,0.399504,0.435789,6292.703674,0.070311,0.052747,18,0.001273,0,31,0.427967,0.457412
12103,Pinellas County,,FL,64810,962204,1027014,251,255,506,46029,50459,96488,5,0.44197,0.488952,55814.681483,0.099151,0.099304,18,0.002484,0,31,0.241397,0.672077
12105,Polk County,,FL,37146,584606,621752,171,129,300,40798,23710,64508,5,0.400553,0.439073,13138.771915,0.077112,0.057391,18,0.001551,0,31,0.361831,0.503105
12107,Putnam County,,FL,4726,71429,76155,15,11,26,2774,2464,5238,6,0.317207,0.334138,16.853101,0.007804,0.005244,18,0.000198,0,31,0.871324,0.056683
12109,St. Johns County,,FL,14308,175049,189357,75,44,119,14120,8983,23103,5,0.371443,0.398654,1075.598766,0.041822,0.026629,18,0.000757,0,31,0.680217,0.289852
12111,St. Lucie County,,FL,21525,264641,286166,82,65,147,26082,13199,39281,5,0.366418,0.396843,1179.920775,0.043673,0.031004,18,0.00063,0,31,0.526685,0.274963
12113,Santa Rosa County,,FL,15880,143779,159659,58,54,112,10861,9072,19933,5,0.370493,0.399804,3718.196623,0.028889,0.026018,18,0.000672,0,31,0.555164,0.209556
12115,Sarasota County,,FL,28855,388416,417271,133,102,235,23995,18795,42790,5,0.398405,0.433374,4291.591604,0.064317,0.05301,18,0.001105,0,31,0.45828,0.412995
12117,Seminole County,,FL,50216,428650,478866,115,132,247,37625,41121,78746,5,0.403677,0.44223,2622.040567,0.062177,0.066909,18,0.001056,0,31,0.500393,0.416739
12119,Sumter County,,FL,4460,72560,77020,52,11,63,6287,2288,8575,6,0.316756,0.333615,8.724618,0.027407,0.005757,18,0.000436,0,31,0.709653,0.172415
12121,Suwannee County,,FL,2694,38509,41203,18,10,28,2158,1293,3451,6,0.316065,0.332873,6146.379349,0.008493,0.002989,18,0.000318,0,31,0.697368,0.060801
12123,Taylor County,,FL,1026,19869,20895,1,2,3,84,211,295,6,0.280217,0.291839,0,0.000331,0.000278,18,0.000063,0,31,1,0.002081
12125,Union County,,FL,1048,10309,11357,6,4,10,671,542,1213,6,0.305149,0.319767,0.279825,0.001341,0.001131,18,0.000148,0,31,0.933333,0.010533
12127,Volusia County,,FL,34978,508964,543942,149,135,284,29212,23233,52445,5,0.402277,0.441109,5901.230748,0.069186,0.063376,18,0.001325,0,31,0.381565,0.455164
12129,Wakulla County,,FL,1989,26289,28278,4,2,6,1773,939,2712,6,0.280217,0.291839,0.5,0.001227,0.000297,18,0.000122,0,31,0.583333,0.008109
12131,Walton County,,FL,4697,45549,50246,10,12,22,2713,2099,4812,6,0.317068,0.334604,408.020221,0.003345,0.003134,18,0.000182,0,31,0.585714,0.024508
12133,Washington County,,FL,1688,21241,22929,5,6,11,1160,1023,2183,6,0.289858,0.304147,22.922806,0.000599,0.000954,18,0.000133,0,31,0.761905,0.004529
13001,Appling County,,GA,911,17697,18608,3,2,5,252,194,446,8,0.190482,0.194704,14.922686,0.000006,0,18,0.000209,0,31,0,0.000365
13003,Atkinson County,,GA,499,7018,7517,1,1,2,200,221,421,8,0.206734,0.212372,0,0.000002,0.000007,18,0.000093,0,31,0,0.00015
13005,Bacon County,,GA,576,9831,10407,3,3,6,304,214,518,7,0.234979,0.24237,2700.470198,0.00001,0.000015,18,0.000214,0,31,0.333333,0.000405
13007,Baker County,,GA,327,3277,3604,1,2,3,51,119,170,7,0.252527,0.261414,0,0.000001,0.000075,18,0.000083,0,31,1,0.000108
13009,Baldwin County,,GA,2721,41865,44586,11,13,24,1396,1451,2847,6,0.311078,0.327973,10809.77458,0.002351,0.003471,0,0.00036,0,31,0.429487,0.019952
13011,Banks County,,GA,1551,16760,18311,6,8,14,1314,1140,2454,6,0.301812,0.31673,2.296601,0.000794,0.001085,0,0.000194,0,31,0.722222,0.007773
13013,Barrow County,,GA,5623,62303,67926,19,13,32,6524,3605,10129,6,0.309582,0.326001,66.673768,0.006855,0.003817,0,0.000359,0,31,0.6,0.052052
13015,Bartow County,,GA,7155,99285,106440,24,14,38,5562,4065,9627,6,0.30998,0.326691,2126.315803,0.008282,0.003889,0,0.000465,0,31,0.53,0.066028
13017,Ben Hill County,,GA,1217,18006,19223,5,4,9,458,423,881,7,0.237288,0.245412,3347.691026,0.000151,0.000009,18,0.000221,0,31,0.35,0.001379
13019,Berrien County,,GA,1420,16251,17671,4,4,8,633,693,1326,7,0.259771,0.270391,4.088889,0.000151,0.000114,18,0.000181,0,31,0.75,0.001251
13021,Bibb County,,GA,11259,158897,170156,34,35,69,5777,7126,12903,6,0.339503,0.365384,16694.399328,0.011952,0.010872,0,0.000693,0,31,0.424695,0.088701
13023,Bleckley County,,GA,635,10372,11007,4,4,8,292,336,628,7,0.266238,0.276941,9.293657,0.000165,0.000224,0,0.000183,0,31,0.666667,0.002051
13025,Brantley County,,GA,1127,15784,16911,6,3,9,728,610,1338,7,0.240418,0.248739,2.705556,0.000854,0.000097,18,0.000201,0,31,0.7,0.007297
13027,Brooks County,,GA,1480,15269,16749,3,4,7,782,907,1689,7,0.259817,0.270477,1.183333,0.000152,0.000146,18,0.00012,0,31,0.833333,0.00136
13029,Bryan County,,GA,4385,29376,33761,10,7,17,2421,1729,4150,6,0.315514,0.330912,142.408917,0.003834,0.001647,0,0.000191,0,31,0.589744,0.029322
13031,Bulloch County,,GA,4538,50794,55332,21,21,42,2523,2371,4894,6,0.316445,0.336174,16855.260684,0.004636,0.005331,0,0.000547,0,31,0.338768,0.038193
13033,Burke County,,GA,1515,24160,25675,8,5,13,1044,950,1994,6,0.275475,0.287532,596.227686,0.001336,0.000513,178,0.000199,0,31,0.303571,0.010063
13035,Butts County,,GA,1998,21456,23454,10,8,18,1704,1199,2903,6,0.305535,0.319991,81.728126,0.001982,0.001614,0,0.000232,0,31,0.677778,0.017969
13037,Calhoun County,,GA,354,5415,5769,1,2,3,76,136,212,7,0.252615,0.261587,19.817299,0.000057,0.000075,18,0.00007,0,31,0.5,0.000627
13039,Camden County,,GA,6619,47809,54428,24,18,42,3466,2501,5967,6,0.335922,0.355895,601.106748,0.009561,0.00638,18,0.000343,0,31,0.52849,0.069889
13043,Candler County,,GA,732,9311,10043,3,3,6,319,328,647,7,0.240478,0.248877,0.571429,0.000048,0.000042,0,0.000145,0,31,0.833333,0.000643
13045,Carroll County,,GA,7812,104789,112601,29,21,50,6770,5087,11857,6,0.311445,0.329854,7914.330356,0.009854,0.005107,0,0.000529,0,31,0.485222,0.076154
13047,Catoosa County,,GA,5169,61018,66187,8,8,16,4274,3564,7838,6,0.27381,0.285622,207.538773,0.00163,0.000332,142,0.000217,0,31,0.555556,0.013942
13049,Charlton County,,GA,791,9113,9904,4,5,9,473,439,912,6,0.305149,0.319882,1.983333,0.000834,0.000935,18,0.000114,0,31,0.7,0.006825
13051,Chatham County,,GA,21776,240084,261860,123,94,217,14491,13846,28337,5,0.393804,0.427835,56890.518439,0.053068,0.042563,0,0.001656,0,31,0.407278,0.389666
13053,Chattahoochee County,,GA,4726,7118,11844,19,19,38,1872,2341,4213,6,0.334218,0.35498,678.831998,0.006984,0.006522,0,0.000256,0,31,0.65942,0.050863
13055,Chattooga County,,GA,1317,26264,27581,5,4,9,885,730,1615,7,0.237658,0.245618,5.189352,0.000083,0.000075,0,0.000187,0,31,0.55,0.001612
13057,Cherokee County,,GA,16703,201515,218218,69,43,112,18875,11263,30138,5,0.368608,0.395957,3509.243388,0.03283,0.020926,0,0.00096,0,31,0.535263,0.243447
13059,Clarke County,,GA,11512,88206,99718,44,39,83,6363,6874,13237,6,0.366372,0.392777,16599.552926,0.012248,0.016227,0,0.00086,0,31,0.408117,0.099981
13061,Clay County,,GA,199,3007,3206,0,0,0,0,0,0,0,0,0,0,0,0,17,0.000051,15,50,0,0
13063,Clayton County,,GA,36827,257870,294697,98,79,177,30277,31145,61422,5,0.388993,0.421377,18201.184418,0.045554,0.034273,0,0.001219,0,31,0.460442,0.324126
13065,Clinch County,,GA,349,6554,6903,1,2,3,47,119,166,7,0.259817,0.270247,0,0.000008,0.000118,18,0.000083,0,31,1,0.000163
13067,Cobb County,,GA,74031,702662,776693,249,223,472,64515,64283,128798,5,0.435005,0.479469,105318.533411,0.098164,0.08659,0,0.003041,0,31,0.271241,0.694574
13069,Coffee County,,GA,2117,38264,40381,8,8,16,640,676,1316,7,0.260588,0.272594,13138.1533,0.000889,0.000239,18,0.000401,0,31,0.233333,0.007049
13071,Colquitt County,,GA,2090,41439,43529,9,9,18,847,969,1816,7,0.261836,0.273554,350.264256,0.000558,0.000228,18,0.000282,0,31,0.477778,0.004476
13073,Columbia County,,GA,10593,119780,130373,43,32,75,8390,5810,14200,6,0.350635,0.375776,7780.464171,0.02204,0.016322,178,0.000563,0,31,0.580363,0.15892
13075,Cook County,,GA,1123,16051,17174,5,5,10,621,597,1218,7,0.259864,0.270707,6.059127,0.000153,0.000118,18,0.000183,0,31,0.6,0.001383
13077,Coweta County,,GA,9151,119977,129128,32,25,57,7616,5051,12667,6,0.325472,0.34663,3945.404992,0.014253,0.008262,0,0.000464,0,31,0.55,0.105693
13079,Crawford County,,GA,1057,12599,13656,3,4,7,608,658,1266,7,0.270892,0.282181,0.333333,0.000225,0.000307,0,0.000133,0,31,0.833333,0.002533
13081,Crisp County,,GA,1451,21848,23299,5,8,13,494,651,1145,7,0.26759,0.279443,4584.674828,0.000075,0.000289,18,0.000195,0,31,0.303571,0.001024
13083,Dade County,,GA,1169,15434,16603,6,6,12,659,764,1423,6,0.273577,0.285059,8.744793,0.000224,0.000248,142,0.000195,0,31,0.633333,0.002543
13085,Dawson County,,GA,1919,19477,21396,10,7,17,1778,1209,2987,6,0.307611,0.322665,8.409669,0.003294,0.002272,0,0.00025,0,31,0.744444,0.027845
13087,Decatur County,,GA,1675,28154,29829,6,6,12,622,648,1270,6,0.280569,0.292961,8205.912315,0.000338,0.00033,0,0.000252,0,31,0.333333,0.002749
13089,DeKalb County,,GA,89355,649915,739270,217,193,410,72950,80304,153254,5,0.428381,0.471066,66283.789831,0.08852,0.083133,0,0.002663,0,31,0.318831,0.6244
13091,Dodge County,,GA,1031,18565,19596,5,5,10,384,440,824,7,0.271247,0.282928,4170.24842,0.000249,0.000316,0,0.000203,0,31,0.55,0.002818
13093,Dooly County,,GA,866,11567,12433,2,4,6,286,473,759,7,0.266336,0.277143,90.379923,0.00014,0.000212,18,0.000091,0,31,0.666667,0.001738
13095,Dougherty County,,GA,7658,93405,101063,29,28,57,4231,4715,8946,6,0.337684,0.360145,42518.661869,0.009437,0.007271,18,0.000633,0,31,0.361862,0.068598
13097,Douglas County,,GA,14992,119191,134183,51,30,81,14584,10670,25254,6,0.358752,0.3835,1532.616117,0.025903,0.013886,0,0.000642,0,31,0.595551,0.181737
13099,Early County,,GA,727,11996,12723,3,5,8,173,306,479,7,0.254501,0.264842,730.575772,0.000031,0.000138,0,0.00014,0,31,0.333333,0.000754
13101,Echols County,,GA,266,2834,3100,1,1,2,92,124,216,7,0.259631,0.269701,0,0.000134,0.00011,18,0.000065,0,31,0,0.000927
13103,Effingham County,,GA,3840,49944,53784,10,6,16,3298,1966,5264,6,0.285912,0.299252,62.655429,0.003093,0.001039,0,0.000206,0,31,0.566667,0.023489
13105,Elbert County,,GA,1128,22000,23128,4,6,10,362,522,884,7,0.268981,0.279932,3.425752,0.000147,0.000228,0,0.000141,0,31,0.533333,0.001391
13107,Emanuel County,,GA,1343,22678,24021,9,8,17,545,606,1151,7,0.241058,0.250723,137.666233,0.00008,0.000067,0,0.000327,0,31,0.255556,0.001365
13109,Evans County,,GA,743,10743,11486,4,2,6,342,295,637,7,0.240418,0.248589,0.25,0.000395,0.000041,0,0.000148,0,31,0.833333,0.003952
13111,Fannin County,,GA,1223,21905,23128,8,5,13,650,427,1077,6,0.303392,0.31734,10350.733927,0.00198,0.000857,0,0.000352,0,31,0.402778,0.017232
13113,Fayette County,,GA,10599,112441,123040,32,22,54,6834,6259,13093,6,0.35055,0.374051,873.449512,0.019056,0.009658,0,0.000383,0,31,0.655769,0.133513
13115,Floyd County,,GA,5144,94480,99624,17,15,32,2661,2913,5574,6,0.311145,0.328295,3649.068695,0.004849,0.003916,0,0.000387,0,31,0.47076,0.040473
13117,Forsyth County,,GA,11410,148887,160297,58,24,82,14892,6609,21501,6,0.347524,0.369795,1520.40412,0.031217,0.01084,0,0.000771,0,31,0.581967,0.227648
13119,Franklin County,,GA,1800,22628,24428,10,10,20,1117,1086,2203,6,0.301875,0.317075,205.565104,0.000908,0.001126,0,0.000272,0,31,0.6,0.008331
13121,Fulton County,,GA,103230,779816,883046,270,233,503,103458,93862,197320,5,0.438958,0.483868,115321.739782,0.100735,0.093644,0,0.003377,0,31,0.260685,0.715474
13123,Gilmer County,,GA,1868,26312,28180,9,9,18,873,929,1802,6,0.306959,0.322234,402.637271,0.003676,0.002211,0,0.000242,0,31,0.583333,0.029254
13125,Glascock County,,GA,161,2730,2891,2,0,2,93,0,93,0,0,0,0,0.000008,0,178,0.000092,0,3,0.5,0.000228
13127,Glynn County,,GA,5640,74686,80326,27,17,44,2728,2385,5113,6,0.315411,0.334219,9433.261912,0.010603,0.005427,18,0.000584,0,31,0.477012,0.079927
13129,Gordon County,,GA,3393,56566,59959,14,9,23,2400,1905,4305,6,0.308396,0.323982,2054.19026,0.002941,0.002185,0,0.000354,0,31,0.528571,0.024652
13131,Grady County,,GA,1516,23625,25141,4,5,9,835,750,1585,6,0.280542,0.292817,151.630342,0.000351,0.000331,18,0.000159,0,31,0.55,0.002604
13133,Greene County,,GA,1025,15551,16576,8,5,13,520,403,923,6,0.300342,0.314194,105.676405,0.002945,0.000849,0,0.000206,0,31,0.736111,0.023926
13135,Gwinnett County,,GA,72838,774490,847328,254,225,479,74728,62970,137698,5,0.431571,0.477496,102998.402108,0.098414,0.08634,0,0.00306,0,31,0.260729,0.691688
13137,Habersham County,,GA,2388,40455,42843,11,9,20,1691,1360,3051,6,0.304476,0.32006,460.55031,0.002874,0.001722,0,0.000292,0,31,0.572727,0.024201
13139,Hall County,,GA,11108,175257,186365,46,23,69,10145,6987,17132,6,0.329543,0.351944,4140.418562,0.020055,0.007132,0,0.000755,0,31,0.478723,0.149001
13141,Hancock County,,GA,569,8935,9504,1,1,2,149,254,403,7,0.237288,0.244368,0,0.000027,0.000019,0,0.000074,0,31,0,0.000248
13143,Haralson County,,GA,2119,27355,29474,8,6,14,1776,1464,3240,6,0.303487,0.317598,677.538871,0.002338,0.001247,0,0.000211,0,31,0.732143,0.020468
13145,Harris County,,GA,2538,30237,32775,8,6,14,2126,1375,3501,6,0.27844,0.290896,63.297441,0.000409,0.000339,0,0.000188,0,31,0.517857,0.003706
13147,Hart County,,GA,1402,24850,26252,7,7,14,711,767,1478,7,0.269031,0.280162,234.605919,0.001465,0.000259,0,0.000195,0,31,0.583333,0.012767
13149,Heard County,,GA,932,10385,11317,3,3,6,563,534,1097,7,0.246429,0.255633,0,0.000136,0.000217,0,0.000107,0,31,1,0.001905
13151,Henry County,,GA,19230,192146,211376,81,54,135,20931,13515,34446,5,0.373743,0.402157,11509.802075,0.033732,0.023066,0,0.001052,0,31,0.454133,0.23547
13153,Houston County,,GA,12335,142377,154712,74,50,124,8433,6182,14615,6,0.362114,0.389901,67213.979396,0.026574,0.017461,0,0.001178,0,31,0.34462,0.196739
13155,Irwin County,,GA,807,9137,9944,2,3,5,333,408,741,7,0.23723,0.245153,3.380668,0.000015,0.00001,18,0.000125,0,31,0.666667,0.000227
13157,Jackson County,,GA,4670,55626,60296,22,15,37,5866,3300,9166,6,0.309648,0.326346,689.1224,0.00535,0.003512,0,0.000499,0,31,0.474026,0.044313
13159,Jasper County,,GA,1189,13733,14922,8,6,14,1040,596,1636,6,0.272445,0.283523,2.414818,0.001914,0.000633,0,0.000187,0,31,0.736111,0.017657
13161,Jeff Davis County,,GA,949,13629,14578,4,3,7,294,285,579,8,0.20697,0.213252,335.543305,0.000006,0.000007,18,0.000253,0,31,0,0.000457
13163,Jefferson County,,GA,992,19394,20386,3,7,10,295,570,865,6,0.275214,0.287273,1439.412497,0.000248,0.000442,178,0.000131,0,31,0.309524,0.002187
13165,Jenkins County,,GA,544,8314,8858,2,4,6,100,268,368,6,0.275057,0.28664,61.284985,0.000042,0.000301,0,0.000107,0,31,0.666667,0.000506
13167,Johnson County,,GA,464,8212,8676,3,3,6,198,300,498,7,0.237366,0.245052,2.926923,0.000024,0.000013,0,0.000152,0,31,0.666667,0.000407
13169,Jones County,,GA,2152,28829,30981,8,7,15,1756,1329,3085,7,0.271145,0.283101,84.674937,0.000269,0.000354,0,0.00027,0,31,0.464286,0.003425
13171,Lamar County,,GA,1368,15961,17329,7,7,14,1150,816,1966,6,0.28076,0.292903,2.269048,0.000525,0.000695,0,0.000203,0,31,0.785714,0.005573
13173,Lanier County,,GA,843,7035,7878,3,2,5,499,348,847,7,0.259654,0.269873,0,0.000136,0.000111,18,0.000135,0,31,1,0.001131
13175,Laurens County,,GA,2224,51558,53782,15,13,28,1029,821,1850,6,0.310777,0.327657,20691.566239,0.001465,0.003007,0,0.000478,0,31,0.29085,0.012242
13177,Lee County,,GA,3218,28967,32185,7,6,13,2228,1557,3785,7,0.252747,0.262449,923.194977,0.000967,0.000079,18,0.000247,0,31,0.410714,0.006836
13179,Liberty County,,GA,15355,54952,70307,58,66,124,6542,8794,15336,5,0.372254,0.40314,11003.706303,0.026174,0.02711,0,0.000789,0,31,0.471532,0.193193
13181,Lincoln County,,GA,533,8487,9020,2,2,4,172,269,441,6,0.274666,0.285674,0,0.000372,0.000427,178,0.000077,0,31,1,0.003225
13183,Long County,,GA,1701,8016,9717,3,3,6,812,710,1522,6,0.284788,0.297107,0,0.000554,0.000635,0,0.000102,0,31,1,0.004874
13185,Lowndes County,,GA,9356,95263,104619,41,50,91,4448,4641,9089,6,0.350635,0.378025,56465.445176,0.014001,0.017034,18,0.000853,0,31,0.335065,0.107187
13187,Lumpkin County,,GA,2421,24041,26462,7,7,14,1334,1257,2591,6,0.307611,0.322665,5.077011,0.002266,0.002276,0,0.0002,0,31,0.857143,0.020303
13189,McDuffie County,,GA,1488,23903,25391,5,5,10,752,820,1572,6,0.275135,0.286939,1878.826244,0.000442,0.000513,178,0.000148,0,31,0.4,0.004197
13191,McIntosh County,,GA,801,10826,11627,3,1,4,452,259,711,7,0.239801,0.247531,0,0.000591,0.000083,18,0.000105,0,31,1,0.005401
13193,Macon County,,GA,829,12071,12900,2,3,5,122,423,545,7,0.266189,0.276711,0.5,0.000139,0.000213,0,0.00009,0,31,0.583333,0.001738
13195,Madison County,,GA,1960,27870,29830,9,9,18,1539,1369,2908,6,0.301781,0.316787,256.49601,0.000899,0.001013,0,0.000266,0,31,0.577778,0.00819
13197,Marion County,,GA,537,6797,7334,1,1,2,162,112,274,6,0.277108,0.288268,0,0.000236,0.000223,0,0.000061,0,31,0,0.001718
13199,Meriwether County,,GA,1897,22916,24813,10,10,20,1232,1254,2486,6,0.307578,0.322884,219.250528,0.001463,0.001635,0,0.000232,0,31,0.518182,0.013049
13201,Miller County,,GA,347,5399,5746,3,2,5,199,123,322,7,0.219446,0.225522,0,0.000004,0.000003,0,0.000147,0,31,0.833333,0.000302
13205,Mitchell County,,GA,1527,22447,23974,7,7,14,746,932,1678,7,0.252769,0.262564,2969.630411,0.00008,0.00012,18,0.000263,0,31,0.428571,0.00151
13207,Monroe County,,GA,1778,24964,26742,9,9,18,1346,947,2293,6,0.306764,0.321705,173.455114,0.001467,0.001422,0,0.000229,0,31,0.622222,0.013453
13209,Montgomery County,,GA,703,7928,8631,2,3,5,346,328,674,7,0.220867,0.227152,2230.117335,0.000004,0.000003,0,0.000133,0,31,0.333333,0.000213
13211,Morgan County,,GA,1242,18166,19408,9,8,17,933,655,1588,6,0.304348,0.319744,210.13756,0.001689,0.001943,0,0.00026,0,31,0.744444,0.015367
13213,Murray County,,GA,3307,41386,44693,8,6,14,2198,2228,4426,7,0.249849,0.260033,57.31188,0.001592,0.000147,142,0.00021,0,31,0.392857,0.010887
13215,Muscogee County,,GA,20108,193181,213289,70,81,151,10772,13489,24261,5,0.383283,0.415723,32236.297215,0.028299,0.029914,0,0.001009,0,31,0.411407,0.208387
13217,Newton County,,GA,8743,92093,100836,34,16,50,10171,5988,16159,6,0.309814,0.326748,342.983428,0.016783,0.004463,0,0.000444,0,31,0.566145,0.114447
13219,Oconee County,,GA,2591,31630,34221,12,10,22,1930,1534,3464,6,0.308593,0.324132,41.483322,0.003069,0.002551,0,0.000287,0,31,0.653846,0.026361
13221,Oglethorpe County,,GA,1012,13642,14654,5,3,8,783,569,1352,7,0.268308,0.278391,0.258824,0.000837,0.000146,0,0.00015,0,31,0.8,0.006926
13223,Paulding County,,GA,11233,126498,137731,44,23,67,14374,7481,21855,6,0.349915,0.372165,1284.869906,0.023403,0.009081,0,0.000572,0,31,0.628827,0.165793
13225,Peach County,,GA,2279,25091,27370,5,3,8,1664,1310,2974,7,0.270866,0.282008,9.406044,0.000229,0.000305,0,0.000161,0,31,0.5,0.002726
13227,Pickens County,,GA,1929,29453,31382,10,8,18,1917,1092,3009,6,0.306894,0.322004,27.374451,0.003076,0.002213,0,0.000285,0,31,0.672727,0.026845
13229,Pierce County,,GA,1278,17408,18686,4,4,8,797,678,1475,7,0.240478,0.249026,1.922222,0.000761,0.000108,18,0.000175,0,31,0.8,0.005979
13231,Pike County,,GA,1268,17572,18840,7,5,12,1264,748,2012,6,0.280678,0.292501,1.635549,0.000642,0.000666,0,0.000181,0,31,0.785714,0.007134
13233,Polk County,,GA,2301,40852,43153,7,8,15,1462,1505,2967,6,0.306992,0.322176,3.514624,0.000974,0.002154,0,0.000203,0,31,0.875,0.010265
13235,Pulaski County,,GA,604,9495,10099,2,2,4,190,199,389,7,0.265896,0.276119,0,0.000139,0.000211,0,0.00011,0,31,1,0.001744
13237,Putnam County,,GA,1558,20554,22112,11,5,16,893,617,1510,7,0.253721,0.264485,123.205189,0.002297,0.000151,0,0.000285,0,31,0.536364,0.019907
13239,Quitman County,,GA,234,2296,2530,1,1,2,81,78,159,7,0.222256,0.22844,0,0.000005,0.000003,0,0.000076,0,31,0,0.00013
13241,Rabun County,,GA,1086,16010,17096,4,3,7,262,251,513,7,0.248414,0.257874,18.421888,0.001433,0.000225,0,0.000153,0,31,0.55,0.011849
13243,Randolph County,,GA,419,7686,8105,0,1,1,0,65,65,7,0.252504,0.261209,0,0,0.000074,18,0.000051,0,51,0,0
13245,Richmond County,,GA,21261,197221,218482,69,68,137,11330,13612,24942,5,0.378428,0.409277,35600.468818,0.032147,0.030892,178,0.000935,0,31,0.478796,0.237213
13247,Rockdale County,,GA,10552,78205,88757,29,23,52,8939,7721,16660,6,0.315206,0.333632,683.870519,0.017113,0.006056,0,0.000364,0,31,0.528049,0.115384
13249,Schley County,,GA,411,4681,5092,1,1,2,233,188,421,7,0.237133,0.244023,0,0.000016,0.000002,18,0.000078,0,31,0,0.000117
13251,Screven County,,GA,853,14900,15753,3,4,7,350,436,786,6,0.282814,0.294882,4.961921,0.000385,0.000489,0,0.000117,0,31,0.5,0.003773
13253,Seminole County,,GA,712,9049,9761,3,4,7,294,386,680,7,0.239385,0.247928,134.345876,0.000004,0.000064,0,0.000172,0,31,0.5,0.000302
13255,Spalding County,,GA,5007,62420,67427,15,15,30,3938,3349,7287,6,0.310678,0.32783,321.650473,0.00423,0.004395,0,0.000314,0,31,0.554167,0.034317
13257,Stephens County,,GA,1747,26681,28428,7,8,15,685,749,1434,6,0.301844,0.316787,48.000463,0.000777,0.001153,0,0.000214,0,31,0.588889,0.00776
13259,Stewart County,,GA,329,4713,5042,1,1,2,43,107,150,6,0.277108,0.288268,0,0.000236,0.000223,0,0.000061,0,31,0,0.001718
13261,Sumter County,,GA,2130,31198,33328,7,8,15,746,824,1570,6,0.310811,0.327013,6910.903808,0.000201,0.002083,18,0.000257,0,31,0.344444,0.002799
13263,Talbot County,,GA,493,7082,7575,2,3,5,249,283,532,6,0.277294,0.288872,0,0.000248,0.000238,0,0.000081,0,31,1,0.001913
13265,Taliaferro County,,GA,130,1753,1883,0,0,0,0,0,0,0,0,0,0,0,0,19,0.000051,16,52,0,0
13267,Tattnall County,,GA,1343,18397,19740,7,6,13,705,553,1258,6,0.284984,0.297826,964.1925,0.000595,0.000667,0,0.000262,0,31,0.5,0.00554
13269,Taylor County,,GA,491,8990,9481,1,3,4,79,166,245,7,0.266042,0.276579,4.188259,0.000137,0.000216,0,0.000071,0,31,0.333333,0.001637
13271,Telfair County,,GA,697,10782,11479,3,4,7,249,274,523,7,0.23756,0.245397,3835.940859,0.000003,0.000014,0,0.000214,0,31,0.166667,0.000298
13273,Terrell County,,GA,696,10582,11278,2,2,4,268,355,623,7,0.252483,0.261299,0,0.000058,0.000082,18,0.000105,0,31,1,0.000773
13275,Thomas County,,GA,2800,45525,48325,13,9,22,1527,1311,2838,6,0.312083,0.328709,3177.262392,0.003868,0.002031,18,0.000301,0,31,0.417582,0.026835
13277,Tift County,,GA,3121,40514,43635,11,12,23,1250,1364,2614,6,0.309913,0.326961,13950.480231,0.000199,0.001935,18,0.000387,0,31,0.28022,0.002528
13279,Toombs County,,GA,1742,26260,28002,6,8,14,631,775,1406,6,0.28334,0.296319,10101.856265,0.000383,0.000471,0,0.000238,0,31,0.321429,0.003934
13281,Towns County,,GA,637,9915,10552,4,2,6,270,160,430,8,0.189016,0.192727,958.523229,0.001362,0.00003,18,0.000316,0,31,0.25,0.011384
13283,Treutlen County,,GA,340,6206,6546,3,3,6,193,143,336,7,0.237444,0.245173,66.146612,0.000027,0.000015,0,0.000145,0,31,0.583333,0.000412
13285,Troup County,,GA,3751,66695,70446,15,14,29,2409,1957,4366,6,0.311848,0.329152,3003.240785,0.00351,0.003898,0,0.00031,0,31,0.528571,0.029891
13287,Turner County,,GA,605,9628,10233,2,3,5,203,241,444,7,0.23756,0.245453,1.694444,0.000018,0.000003,18,0.000099,0,31,0.666667,0.000224
13289,Twiggs County,,GA,823,9882,10705,3,3,6,382,511,893,7,0.270866,0.282008,0,0.000226,0.000305,0,0.00012,0,31,1,0.002544
13291,Union County,,GA,1094,19873,20967,9,2,11,563,187,750,7,0.232865,0.239221,2898.893008,0.003867,0.000026,18,0.000349,0,31,0.472222,0.028336
13293,Upson County,,GA,1369,28210,29579,9,7,16,678,612,1290,6,0.30589,0.320382,145.935101,0.000608,0.001207,0,0.000232,0,31,0.544444,0.006409
13295,Walker County,,GA,4290,64876,69166,9,10,19,3415,3032,6447,6,0.274043,0.286284,392.241484,0.000952,0.000376,142,0.000279,0,31,0.490909,0.008709
13297,Walton County,,GA,5561,78177,83738,21,15,36,6456,3609,10065,6,0.309748,0.326518,155.555067,0.008499,0.004219,0,0.00038,0,31,0.647186,0.063292
13299,Ware County,,GA,2437,34093,36530,10,10,20,1163,1190,2353,6,0.306375,0.322228,10869.069978,0.000963,0.001076,18,0.000376,0,31,0.310606,0.008411
13301,Warren County,,GA,451,6422,6873,2,2,4,262,243,505,6,0.274614,0.285588,0,0.000247,0.000257,178,0.000087,0,31,1,0.002043
13303,Washington County,,GA,858,21724,22582,4,4,8,226,294,520,7,0.238499,0.246732,41.692729,0.000055,0.000032,0,0.000164,0,31,0.333333,0.000645
13305,Wayne County,,GA,1608,26934,28542,7,7,14,662,509,1171,6,0.285068,0.298085,3199.930741,0.001352,0.000725,18,0.000213,0,31,0.430556,0.011314
13307,Webster County,,GA,152,2443,2595,0,0,0,0,0,0,0,0,0,0,0,0,20,0.000051,17,53,0,0
13309,Wheeler County,,GA,371,4565,4936,2,2,4,94,112,206,8,0.19206,0.196427,5.783333,0,0,0,0.000134,0,31,0,0.000181
13311,White County,,GA,1923,23936,25859,9,7,16,1254,1072,2326,6,0.301749,0.3165,12.501754,0.002515,0.001047,0,0.000237,0,31,0.609091,0.021013
13313,Whitfield County,,GA,6647,109910,116557,13,15,28,3409,3916,7325,6,0.329206,0.350558,2561.842097,0.004173,0.005526,142,0.0003,0,31,0.479532,0.031318
13315,Wilcox County,,GA,462,6991,7453,2,2,4,169,108,277,8,0.211379,0.217279,8.307037,0.000002,0.000002,18,0.000118,0,31,0,0.000204
13317,Wilkes County,,GA,552,10897,11449,0,1,1,0,78,78,7,0.268202,0.277892,0,0,0.000096,0,0.000051,0,54,0,0
13319,Wilkinson County,,GA,608,10976,11584,3,4,7,292,342,634,7,0.253721,0.264312,1.027037,0.000116,0.000126,0,0.000124,0,31,0.833333,0.001154
13321,Worth County,,GA,1659,22546,24205,7,5,12,909,974,1883,7,0.252725,0.262277,38.492982,0.000078,0.000088,18,0.000239,0,31,0.547619,0.001329
15001,Hawaii County,,HI,7734,175765,183499,37,27,64,6179,4272,10451,6,0.349915,0.37366,38.154945,0.018613,0.015244,7,0.000394,0,31,0.828846,0.13685
15003,Honolulu County,,HI,68768,1032989,1101757,240,273,513,38563,51133,89696,5,0.443934,0.493058,51764.777556,0.094427,0.097197,7,0.002461,0,31,0.246355,0.660348
15005,Kalawao County,,HI,-2,-2,-4,0,0,0,0,0,0,0,0,0,0,0,0,21,0.000051,18,55,0,0
15007,Kauai County,,HI,3208,69328,72536,10,8,18,896,1272,2168,6,0.343406,0.362963,0.334337,0.007591,0.006615,7,0.000148,0,31,0.94697,0.056386
15009,Maui County,,HI,8059,155238,163297,28,26,54,4188,4309,8497,6,0.350254,0.373039,4.113567,0.015561,0.015266,7,0.000304,0,31,0.939516,0.114487
16001,Ada County,,ID,26457,387046,413503,129,96,225,26551,19863,46414,5,0.37073,0.40517,74940.459683,0.036268,0.028688,7,0.002062,0,31,0.307242,0.281247
16003,Adams County,,ID,351,3917,4268,2,2,4,146,91,237,6,0.270512,0.282499,0,0.000229,0.000294,7,0.0001,0,31,1,0.002519
16005,Bannock County,,ID,6626,81027,87653,27,28,55,3585,3988,7573,6,0.341907,0.36455,20308.297524,0.006271,0.006829,7,0.00061,0,31,0.35918,0.05056
16007,Bear Lake County,,ID,469,6675,7144,1,1,2,43,97,140,7,0.254814,0.263487,0,0.000054,0.000049,7,0.000069,0,31,0,0.000507
16009,Benewah County,,ID,685,9597,10282,2,2,4,210,335,545,7,0.269431,0.281583,0,0.000309,0.000388,7,0.000089,0,31,1,0.003199
16011,Bingham County,,ID,3503,46896,50399,12,12,24,2048,2375,4423,6,0.334951,0.354359,1833.110912,0.002435,0.002703,7,0.000286,0,31,0.692308,0.021217
16013,Blaine County,,ID,1896,23688,25584,7,5,12,513,617,1130,6,0.311948,0.327778,1341.611388,0.002939,0.001742,7,0.000171,0,31,0.607143,0.022141
16015,Boise County,,ID,658,6741,7399,2,3,5,442,457,899,6,0.270639,0.282816,0,0.000309,0.00044,7,0.00009,0,31,1,0.003616
16017,Bonner County,,ID,2758,40114,42872,12,7,19,1367,1277,2644,6,0.311412,0.32699,1170.322828,0.00525,0.001549,7,0.00027,0,31,0.666667,0.041187
16019,Bonneville County,,ID,7441,103807,111248,30,23,53,6015,4596,10611,6,0.341826,0.363791,5010.078542,0.010645,0.006756,7,0.000517,0,31,0.523185,0.081165
16021,Boundary County,,ID,735,10940,11675,2,2,4,237,214,451,7,0.257326,0.266233,0,0.000092,0.000169,7,0.000106,0,31,1,0.001472
16023,Butte County,,ID,215,2952,3167,0,0,0,0,0,0,0,0,0,0,0,0,22,0.000051,19,56,0,0
16025,Camas County,,ID,95,965,1060,0,0,0,0,0,0,0,0,0,0,0,0,23,0.000051,20,57,0,0
16027,Canyon County,,ID,13393,174400,187793,66,41,107,14834,9442,24276,6,0.347482,0.372337,12652.010026,0.019329,0.010555,7,0.001038,0,31,0.406625,0.145553
16029,Caribou County,,ID,519,7648,8167,1,1,2,133,140,273,7,0.254814,0.263487,0,0.000054,0.000049,7,0.000069,0,31,0,0.000507
16031,Cassia County,,ID,1857,22184,24041,6,7,13,950,1130,2080,6,0.298332,0.312652,44.442109,0.00091,0.001098,7,0.000165,0,31,0.833333,0.008862
16033,Clark County,,ID,97,979,1076,0,0,0,0,0,0,0,0,0,0,0,0,24,0.000051,21,58,0,0
16035,Clearwater County,,ID,721,8594,9315,1,2,3,121,236,357,7,0.237619,0.244571,0,0.000014,0.000013,7,0.000075,0,31,1,0.000196
16037,Custer County,,ID,361,4347,4708,0,1,1,0,45,45,6,0.27053,0.282402,0,0,0.000286,7,0.000051,0,59,0,0
16039,Elmore County,,ID,4320,26810,31130,15,8,23,1540,1111,2651,6,0.325801,0.343363,186.770334,0.005396,0.002183,7,0.000253,0,31,0.62381,0.041656
16041,Franklin County,,ID,898,13578,14476,4,4,8,447,453,900,6,0.297109,0.310266,0.548002,0.000344,0.000693,7,0.000115,0,31,0.95,0.003028
16043,Fremont County,,ID,1168,13633,14801,5,5,10,598,671,1269,6,0.270841,0.283391,0,0.000387,0.000439,7,0.000144,0,31,1,0.004197
16045,Gem County,,ID,1477,16994,18471,4,3,7,813,813,1626,6,0.270639,0.282816,0.333333,0.000316,0.00044,7,0.00015,0,31,0.833333,0.003853
16047,Gooding County,,ID,1380,14969,16349,4,6,10,655,795,1450,6,0.27074,0.283391,87.909228,0.000265,0.000529,7,0.000152,0,31,0.7,0.003172
16049,Idaho County,,ID,993,14511,15504,5,4,9,337,369,706,6,0.27074,0.283161,919.722435,0.000243,0.000449,7,0.000206,0,31,0.433333,0.002893
16051,Jefferson County,,ID,2244,24744,26988,8,7,15,1783,1526,3309,6,0.287843,0.302168,25.410793,0.001279,0.000795,7,0.000189,0,31,0.892857,0.010959
16053,Jerome County,,ID,2146,20280,22426,7,6,13,1250,1381,2631,6,0.270791,0.283563,94.467188,0.000362,0.000405,7,0.000209,0,31,0.678571,0.004697
16055,Kootenai County,,ID,8348,139363,147711,49,28,77,7270,4805,12075,6,0.346361,0.369289,9087.605734,0.016232,0.010198,7,0.000752,0,31,0.551765,0.122453
16057,Latah County,,ID,4244,33217,37461,12,15,27,1505,2066,3571,6,0.336585,0.356804,569.756026,0.001865,0.003668,7,0.000301,0,31,0.579167,0.018739
16059,Lemhi County,,ID,626,7846,8472,2,1,3,102,60,162,6,0.270487,0.282327,0,0.000279,0.000286,7,0.000088,0,31,1,0.003089
16061,Lewis County,,ID,385,4179,4564,2,2,4,101,177,278,7,0.237619,0.244571,0,0.000017,0.000013,7,0.000119,0,31,1,0.000311
16063,Lincoln County,,ID,441,4853,5294,4,4,8,313,319,632,7,0.252791,0.261405,0.916667,0.000057,0.000093,7,0.000152,0,31,0.75,0.001091
16065,Madison County,,ID,4947,25438,30385,16,18,34,1906,2922,4828,6,0.339901,0.361197,923.547689,0.005127,0.006048,7,0.000309,0,31,0.639474,0.041824
16067,Minidoka County,,ID,1821,21103,22924,5,6,11,874,1151,2025,6,0.270892,0.283707,1.60932,0.000327,0.000562,7,0.000159,0,31,0.9,0.00374
16069,Nez Perce County,,ID,3145,40503,43648,10,11,21,1828,1982,3810,6,0.311613,0.327795,10991.14779,0.001375,0.001734,7,0.000312,0,31,0.472727,0.012772
16071,Oneida County,,ID,298,4404,4702,0,2,2,0,110,110,7,0.254902,0.263799,0,0,0.000076,7,0.000051,0,60,0.5,0
16073,Owyhee County,,ID,1253,10732,11985,2,3,5,714,843,1557,6,0.270816,0.283046,0,0.000309,0.00048,7,0.00009,0,31,1,0.003616
16075,Payette County,,ID,1905,22513,24418,5,5,10,1349,1078,2427,6,0.270689,0.283161,1.333333,0.000324,0.000449,7,0.0002,0,31,0.8,0.004008
16077,Power County,,ID,709,8098,8807,2,2,4,260,328,588,7,0.254836,0.26366,0,0.000075,0.000069,7,0.000089,0,31,1,0.000771
16079,Shoshone County,,ID,1016,12443,13459,2,2,4,345,425,770,7,0.269431,0.281583,0,0.000309,0.000388,7,0.000089,0,31,1,0.003199
16081,Teton County,,ID,863,8263,9126,4,2,6,443,195,638,7,0.254881,0.263631,3.727119,0.000609,0.000102,7,0.00013,0,31,0.583333,0.005412
16083,Twin Falls County,,ID,5588,75748,81336,27,19,46,4014,3294,7308,6,0.338156,0.359012,6721.222642,0.008194,0.004509,7,0.000484,0,31,0.470899,0.06147
16085,Valley County,,ID,1205,9658,10863,4,4,8,637,556,1193,6,0.270689,0.283046,125.463245,0.001076,0.000441,7,0.000145,0,31,0.55,0.009879
16087,Washington County,,ID,891,9746,10637,4,4,8,371,487,858,6,0.270664,0.282988,0,0.00032,0.000446,7,0.000158,0,31,1,0.003891
17001,Adams County,,IL,3058,79736,82794,9,12,21,875,1161,2036,6,0.329468,0.347826,20459.039594,0.001677,0.001843,57,0.000224,0,31,0.275641,0.01206
17003,Alexander County,,IL,614,7706,8320,2,3,5,189,282,471,7,0.242856,0.25042,3416.782719,0.000018,0.00001,57,0.000113,0,31,0.333333,0.000281
17005,Bond County,,IL,1166,18386,19552,6,5,11,765,602,1367,6,0.278788,0.29001,1022.866573,0.000902,0.000268,57,0.000165,0,31,0.533333,0.006416
17007,Boone County,,IL,4734,63042,67776,12,9,21,4957,3290,8247,6,0.326168,0.343007,10.159685,0.003997,0.002514,27,0.000159,0,31,0.634615,0.023708
17009,Brown County,,IL,373,5756,6129,2,4,6,82,177,259,7,0.248074,0.256199,21.070407,0.000015,0.000015,27,0.00009,0,31,0.4,0.00028
17011,Bureau County,,IL,2281,42898,45179,9,10,19,1353,1256,2609,6,0.326315,0.343352,1992.747196,0.002108,0.001759,27,0.000185,0,31,0.518182,0.014692
17013,Calhoun County,,IL,218,6017,6235,2,1,3,93,50,143,7,0.233146,0.239103,0,0.000101,0.000006,57,0.0001,0,31,1,0.000871
17015,Carroll County,,IL,1063,19723,20786,7,5,12,507,443,950,7,0.256506,0.265704,70.752005,0.001172,0.000079,27,0.000155,0,31,0.619048,0.008931
17017,Cass County,,IL,1029,15544,16573,4,3,7,477,389,866,7,0.265385,0.275573,218.97711,0.000094,0.000065,27,0.000143,0,31,0.333333,0.000856
17019,Champaign County,,IL,14420,190264,204684,51,58,109,7379,8297,15676,5,0.384963,0.414867,30451.359027,0.018715,0.025566,27,0.000708,0,31,0.40518,0.133279
17021,Christian County,,IL,1884,40526,42410,5,5,10,898,937,1835,7,0.265652,0.276251,90.162948,0.000131,0.000103,27,0.000153,0,31,0.4,0.001294
17023,Clark County,,IL,1051,19787,20838,5,4,9,490,481,971,7,0.259864,0.269779,253.587935,0.000055,0.000037,27,0.000174,0,31,0.35,0.000769
17025,Clay County,,IL,846,16453,17299,4,4,8,285,308,593,7,0.24727,0.255215,1301.720227,0.000012,0.000012,26,0.000199,0,31,0.083333,0.000469
17027,Clinton County,,IL,2120,43871,45991,8,8,16,1233,1361,2594,6,0.305761,0.320008,237.531561,0.001124,0.00102,57,0.000197,0,31,0.607143,0.008115
17029,Coles County,,IL,3529,50926,54455,12,14,26,1646,1797,3443,6,0.327643,0.345623,9719.767735,0.001893,0.002007,27,0.000289,0,31,0.362637,0.013704
17031,Cook County,,IL,252842,5766519,6019361,425,451,876,166921,233908,400829,5,0.482839,0.541839,572580.197258,0.120878,0.121823,27,0.005034,0,31,0.125074,0.850148
17033,Crawford County,,IL,899,22745,23644,3,4,7,188,226,414,7,0.232249,0.239342,1300.15898,0.000038,0.000005,26,0.000118,0,31,0.266667,0.000452
17035,Cumberland County,,IL,830,12666,13496,4,3,7,514,468,982,7,0.247312,0.255141,6.551447,0.000019,0.000025,27,0.000149,0,31,0.666667,0.000572
17037,DeKalb County,,IL,8463,103765,112228,18,17,35,7206,5752,12958,6,0.341544,0.361939,115.10416,0.004448,0.004525,27,0.000263,0,31,0.626316,0.031837
17039,De Witt County,,IL,1257,19413,20670,5,6,11,677,695,1372,6,0.28298,0.294985,18.184248,0.000344,0.000334,27,0.000129,0,31,0.733333,0.002427
17041,Douglas County,,IL,1508,25105,26613,4,6,10,713,838,1551,6,0.278413,0.289953,89.738605,0.00022,0.000202,27,0.000123,0,31,0.6,0.001562
17043,DuPage County,,IL,81155,1074995,1156150,155,180,335,60063,71269,131332,5,0.425926,0.46677,35670.11303,0.068384,0.074443,27,0.001697,0,31,0.355704,0.472502
17045,Edgar County,,IL,1079,21583,22662,5,6,11,469,604,1073,6,0.279676,0.291592,65.898282,0.000073,0.000198,27,0.000151,0,31,0.428571,0.000873
17047,Edwards County,,IL,323,8066,8389,3,1,4,164,45,209,8,0.210137,0.21481,3.892857,0.000001,0.000001,26,0.000209,0,31,0.166667,0.000291
17049,Effingham County,,IL,2139,42831,44970,8,8,16,746,819,1565,6,0.282787,0.29514,13798.849057,0.001178,0.000247,27,0.000239,0,31,0.222222,0.008798
17051,Fayette County,,IL,1099,24382,25481,4,5,9,366,424,790,7,0.267664,0.278368,26.47316,0.000015,0.000104,57,0.00015,0,31,0.366667,0.000527
17053,Ford County,,IL,1140,16613,17753,7,5,12,841,665,1506,6,0.282484,0.294076,2.811731,0.001356,0.000284,27,0.000137,0,31,0.785714,0.009665
17055,Franklin County,,IL,2212,43036,45248,6,6,12,1130,1081,2211,7,0.268085,0.27911,2315.438111,0.001021,0.000133,57,0.000196,0,31,0.619048,0.007822
17057,Fulton County,,IL,1811,41893,43704,6,6,12,939,1008,1947,6,0.279083,0.290551,228.507911,0.000184,0.00024,27,0.000159,0,31,0.52381,0.001732
17059,Gallatin County,,IL,433,6492,6925,1,2,3,79,175,254,8,0.210748,0.216053,0,0,0.000001,57,0.000097,0,31,1,0.000098
17061,Greene County,,IL,813,16118,16931,4,4,8,334,433,767,7,0.267467,0.277931,23.763512,0.000123,0.000099,57,0.000154,0,31,0.666667,0.001128
17063,Grundy County,,IL,4241,57161,61402,8,11,19,4414,2915,7329,6,0.340381,0.359581,16.097648,0.002323,0.003327,27,0.000137,0,31,0.836364,0.015672
17065,Hamilton County,,IL,451,9407,9858,2,2,4,94,131,225,7,0.219795,0.226027,14.085043,0.000003,0.000011,26,0.000112,0,31,0,0.000283
17067,Hancock County,,IL,1315,23489,24804,4,5,9,512,641,1153,7,0.24972,0.25849,189.492589,0.000032,0.000034,27,0.000141,0,31,0.3,0.00055
17069,Hardin County,,IL,248,4370,4618,0,1,1,0,63,63,8,0.199039,0.203159,0,0,0,57,0.000051,0,61,0,0
17071,Henderson County,,IL,497,8772,9269,3,3,6,230,245,475,7,0.223594,0.230046,16.680267,0.000006,0.000012,27,0.000128,0,31,0.333333,0.000391
17073,Henry County,,IL,3316,61305,64621,9,9,18,1894,1884,3778,6,0.326388,0.343352,640.467576,0.001294,0.001305,27,0.000203,0,31,0.541667,0.010283
17075,Iroquois County,,IL,1980,36864,38844,7,8,15,1229,1165,2394,6,0.326241,0.343007,145.336771,0.001592,0.001543,27,0.000152,0,31,0.625,0.01108
17077,Jackson County,,IL,5922,51470,57392,15,20,35,2170,2952,5122,6,0.34304,0.364418,10466.126126,0.002555,0.004794,57,0.000358,0,31,0.440476,0.018039
17079,Jasper County,,IL,540,12486,13026,1,3,4,77,216,293,7,0.221002,0.227355,688.008445,0.000002,0.00001,26,0.000076,0,31,0.166667,0.000164
17081,Jefferson County,,IL,2240,42386,44626,12,11,23,1028,978,2006,6,0.281469,0.294485,11496.100513,0.00131,0.000357,57,0.000355,0,31,0.358974,0.010364
17083,Jersey County,,IL,1394,26242,27636,5,5,10,994,866,1860,6,0.303997,0.317575,3173.20909,0.000732,0.000635,57,0.000212,0,31,0.55,0.005043
17085,Jo Daviess County,,IL,1364,27853,29217,8,6,14,690,679,1369,6,0.326315,0.342863,446.718217,0.001894,0.001121,27,0.000172,0,31,0.430556,0.013182
17087,Johnson County,,IL,810,12549,13359,3,4,7,305,380,685,7,0.256211,0.265097,310.133559,0.000057,0.000037,57,0.000141,0,31,0.5,0.000555
17089,Kane County,,IL,36649,542556,579205,58,84,142,33703,29179,62882,5,0.391199,0.424218,4892.706939,0.027238,0.037477,27,0.000656,0,31,0.462494,0.189411
17091,Kankakee County,,IL,5796,124903,130699,12,15,27,4706,2944,7650,6,0.344508,0.36501,432.79567,0.003867,0.005506,27,0.000184,0,31,0.620833,0.026758
17093,Kendall County,,IL,8101,110474,118575,16,12,28,16619,5504,22123,6,0.340421,0.359754,74.734872,0.006603,0.00389,27,0.000209,0,31,0.761029,0.045577
17095,Knox County,,IL,3117,57716,60833,10,12,22,1304,1522,2826,6,0.326719,0.344214,983.167992,0.001304,0.001535,27,0.000223,0,31,0.49359,0.010423
17097,Lake County,,IL,47302,788507,835809,115,144,259,34490,36589,71079,5,0.413056,0.451685,9485.408435,0.057378,0.066558,27,0.001167,0,31,0.420903,0.397892
17099,LaSalle County,,IL,6660,137164,143824,17,20,37,4601,3783,8384,6,0.341142,0.361709,5198.928199,0.003653,0.003766,27,0.000295,0,31,0.505263,0.026598
17101,Lawrence County,,IL,876,16601,17477,3,4,7,282,372,654,7,0.266385,0.276435,2978.810824,0.000005,0.000046,26,0.000137,0,31,0.333333,0.000325
17103,Lee County,,IL,2347,41125,43472,10,8,18,1693,1373,3066,6,0.326058,0.342719,1.688019,0.002128,0.001935,27,0.000172,0,31,0.811111,0.015075
17105,Livingston County,,IL,2297,44723,47020,8,8,16,1160,1210,2370,6,0.326131,0.342834,145.751081,0.001539,0.001545,27,0.000157,0,31,0.652778,0.010949
17107,Logan County,,IL,1935,32178,34113,6,8,14,845,1072,1917,6,0.279514,0.291517,24.606983,0.000255,0.000325,27,0.000152,0,31,0.589286,0.002184
17109,McDonough County,,IL,2250,29649,31899,9,10,19,757,806,1563,6,0.326756,0.343984,8600.988302,0.001193,0.001753,27,0.000209,0,31,0.401515,0.009612
17111,McHenry County,,IL,19798,368853,388651,35,44,79,18121,14243,32364,5,0.371586,0.398815,948.655077,0.016774,0.021537,27,0.000397,0,31,0.606293,0.116945
17113,McLean County,,IL,10905,177662,188567,41,43,84,6942,6055,12997,5,0.370304,0.397631,9565.515976,0.010384,0.014005,27,0.000591,0,31,0.344481,0.072595
17115,Macon County,,IL,5882,126956,132838,21,19,40,2380,2686,5066,6,0.330709,0.3505,8101.725424,0.004729,0.003587,27,0.000356,0,31,0.405138,0.032845
17117,Macoupin County,,IL,3033,55834,58867,8,10,18,2026,1900,3926,6,0.32887,0.346618,1309.894042,0.000993,0.001825,57,0.000237,0,31,0.455556,0.00707
17119,Madison County,,IL,14777,310562,325339,37,43,80,9991,9530,19521,6,0.364528,0.391494,28859.826566,0.010706,0.012144,57,0.000676,0,31,0.292092,0.079689
17121,Marion County,,IL,2282,45867,48149,7,9,16,878,943,1821,6,0.327384,0.344559,4236.468571,0.000285,0.001248,57,0.000217,0,31,0.458333,0.002745
17123,Marshall County,,IL,1037,15844,16881,6,6,12,612,610,1222,6,0.271934,0.282896,76.521773,0.000202,0.000193,27,0.000158,0,31,0.6,0.001965
17125,Mason County,,IL,1061,17393,18454,5,5,10,612,578,1190,6,0.272779,0.283696,12.096047,0.000247,0.000204,27,0.000134,0,31,0.75,0.001972
17127,Massac County,,IL,937,17405,18342,2,2,4,280,291,571,7,0.240638,0.24808,79.476869,0.000015,0.000006,5,0.000123,0,31,0,0.000246
17129,Menard County,,IL,966,15076,16042,2,1,3,642,468,1110,7,0.265166,0.274825,0,0.000088,0.000064,27,0.000083,0,31,1,0.000682
17131,Mercer County,,IL,1232,21099,22331,6,6,12,701,716,1417,7,0.268308,0.27919,15.447931,0.000181,0.00022,27,0.000156,0,31,0.633333,0.002188
17133,Monroe County,,IL,1883,40027,41910,6,7,13,1613,1250,2863,6,0.305567,0.319577,36.925214,0.00115,0.001247,57,0.00013,0,31,0.833333,0.008043
17135,Montgomery County,,IL,1693,33684,35377,6,5,11,825,859,1684,7,0.270185,0.281352,29.293105,0.0002,0.000164,57,0.00018,0,31,0.5,0.001803
17137,Morgan County,,IL,2065,39172,41237,7,7,14,949,984,1933,6,0.326462,0.343208,7567.219463,0.000102,0.001026,27,0.00028,0,31,0.214286,0.001194
17139,Moultrie County,,IL,992,17247,18239,4,5,9,606,536,1142,6,0.278279,0.289608,13.756499,0.000047,0.000202,27,0.00012,0,31,0.75,0.000775
17141,Ogle County,,IL,3967,64690,68657,13,12,25,2895,2371,5266,6,0.326204,0.343409,515.979606,0.002651,0.00214,27,0.000217,0,31,0.664835,0.018157
17143,Peoria County,,IL,13025,212075,225100,42,44,86,7649,8591,16240,5,0.372733,0.400167,21993.392796,0.013202,0.016523,27,0.000623,0,31,0.412192,0.093038
17145,Perry County,,IL,1261,23209,24470,6,6,12,701,669,1370,6,0.277746,0.289142,18.05996,0.000242,0.000231,57,0.000168,0,31,0.666667,0.002206
17147,Piatt County,,IL,1305,19835,21140,4,4,8,818,712,1530,6,0.278199,0.28932,1.574675,0.000234,0.000189,27,0.000113,0,31,0.75,0.001731
17149,Pike County,,IL,749,18486,19235,5,5,10,337,288,625,7,0.265652,0.276309,86.866459,0.000032,0.000085,57,0.000169,0,31,0.366667,0.000626
17151,Pope County,,IL,191,4269,4460,0,0,0,0,0,0,0,0,0,0,0,0,25,0.000051,22,62,0,0
17153,Pulaski County,,IL,509,6809,7318,1,2,3,73,153,226,8,0.205868,0.210782,0,0,0.000001,57,0.000083,0,31,0.5,0.00009
17155,Putnam County,,IL,514,7338,7852,3,3,6,380,301,681,7,0.254501,0.262895,0,0.000045,0.000047,27,0.000101,0,31,1,0.000631
17157,Randolph County,,IL,1683,36041,37724,6,9,15,850,1094,1944,6,0.305954,0.320411,133.596476,0.000322,0.000847,57,0.000155,0,31,0.458333,0.002722
17159,Richland County,,IL,944,18860,19804,4,4,8,259,223,482,8,0.211025,0.216898,60.681208,0.000001,0,26,0.000169,0,31,0.166667,0.000368
17161,Rock Island County,,IL,9354,173480,182834,36,29,65,6039,5703,11742,6,0.361257,0.386813,13355.03547,0.017234,0.009317,27,0.000472,0,31,0.495243,0.121259
17163,St. Clair County,,IL,17858,296515,314373,65,58,123,10988,10883,21871,5,0.382372,0.411744,30951.281954,0.022005,0.022326,57,0.000923,0,31,0.350816,0.158525
17165,Saline County,,IL,1129,26921,28050,5,4,9,437,392,829,7,0.248414,0.256509,6406.789916,0.00002,0.000025,57,0.00022,0,31,0.15,0.000645
17167,Sangamon County,,IL,10511,233223,243734,35,35,70,5750,5861,11611,6,0.360807,0.386847,34467.717784,0.008128,0.010907,27,0.000675,0,31,0.328904,0.057313
17169,Schuyler County,,IL,549,8428,8977,2,4,6,161,278,439,7,0.246659,0.254439,13.351912,0.000014,0.000012,27,0.000109,0,31,0.25,0.00027
17171,Scott County,,IL,356,6401,6757,1,1,2,156,171,327,7,0.246136,0.253024,0,0.000008,0.000001,27,0.000085,0,31,0,0.000106
17173,Shelby County,,IL,1463,25798,27261,5,7,12,701,892,1593,7,0.265896,0.276901,43.482488,0.000048,0.000127,27,0.000156,0,31,0.452381,0.000937
17175,Stark County,,IL,390,7401,7791,2,2,4,224,178,402,6,0.271628,0.281746,0,0.00014,0.000114,27,0.000082,0,31,1,0.001024
17177,Stephenson County,,IL,2833,57084,59917,8,9,17,1196,1426,2622,6,0.326646,0.343754,501.5521,0.002008,0.001561,27,0.00017,0,31,0.6,0.013943
17179,Tazewell County,,IL,8198,160021,168219,17,15,32,6074,5160,11234,6,0.341182,0.361163,3054.79927,0.004196,0.003334,27,0.000294,0,31,0.488971,0.029596
17181,Union County,,IL,900,20202,21102,5,3,8,366,305,671,7,0.25912,0.268606,2516.310132,0.000057,0.000046,57,0.000186,0,31,0.366667,0.000736
17183,Vermilion County,,IL,4164,91863,96027,8,15,23,1390,1981,3371,6,0.328385,0.346946,4077.947472,0.001721,0.00223,27,0.000208,0,31,0.37619,0.012488
17185,Wabash County,,IL,696,14265,14961,4,3,7,223,216,439,7,0.266018,0.275601,4357.324117,0.000075,0.000042,26,0.000313,0,31,0.416667,0.000721
17187,Warren County,,IL,1117,19607,20724,5,6,11,447,526,973,7,0.26614,0.276838,582.093694,0.000101,0.000168,27,0.000156,0,31,0.366667,0.00159
17189,Washington County,,IL,1089,18279,19368,6,6,12,595,631,1226,6,0.277613,0.288883,9.868854,0.000299,0.000199,57,0.000161,0,31,0.690476,0.002672
17191,Wayne County,,IL,701,19198,19899,3,2,5,244,201,445,7,0.219895,0.226119,60.749335,0.000003,0.00001,26,0.000156,0,31,0.333333,0.000373
17193,White County,,IL,823,17270,18093,5,6,11,264,285,549,7,0.266409,0.276665,4616.921794,0.000071,0.000043,26,0.000239,0,31,0.190476,0.000796
17195,Whiteside County,,IL,3335,72058,75393,14,14,28,1808,1943,3751,6,0.340901,0.360674,1552.461877,0.003286,0.003083,27,0.000247,0,31,0.528571,0.02468
17197,Will County,,IL,46088,764507,810595,80,103,183,49641,37512,87153,5,0.405882,0.439838,7957.119975,0.037611,0.046564,27,0.000873,0,31,0.445995,0.261337
17199,Williamson County,,IL,4203,69614,73817,13,13,26,2485,2118,4603,6,0.329243,0.347452,15508.765877,0.002107,0.002394,57,0.000352,0,31,0.42381,0.015273
17201,Winnebago County,,IL,14887,341987,356874,45,42,87,12515,8822,21337,5,0.370351,0.397481,3863.257117,0.015268,0.017415,27,0.000546,0,31,0.433897,0.102553
17203,Woodford County,,IL,2537,44659,47196,7,6,13,1893,1582,3475,6,0.278976,0.290447,121.197291,0.001269,0.000261,27,0.000152,0,31,0.714286,0.009442
18001,Adams County,,IN,1766,41351,43117,4,6,10,760,956,1716,6,0.301247,0.315212,70.733439,0.000228,0.000716,26,0.000119,0,31,0.433333,0.00167
18003,Allen County,,IN,17888,412236,430124,68,68,136,10733,10337,21070,5,0.39004,0.420899,51081.515406,0.021943,0.026774,26,0.000852,0,31,0.358801,0.150875
18005,Bartholomew County,,IN,5087,88262,93349,12,13,25,2594,2823,5417,6,0.330144,0.348597,563.615666,0.002828,0.002536,26,0.000257,0,31,0.471429,0.019464
18007,Benton County,,IN,878,10413,11291,2,3,5,313,507,820,6,0.272189,0.283075,0.5,0.000134,0.000102,26,0.000091,0,31,0.666667,0.000935
18009,Blackford County,,IN,912,16027,16939,4,4,8,455,490,945,7,0.257944,0.266975,4.730057,0.000053,0.000038,26,0.000119,0,31,0.416667,0.00069
18011,Boone County,,IN,4235,61664,65899,10,11,21,3190,2577,5767,6,0.336234,0.35536,98.143184,0.001346,0.002293,26,0.000199,0,31,0.626374,0.01034
18013,Brown County,,IN,1327,17994,19321,5,5,10,708,841,1549,6,0.300778,0.313964,0.366667,0.000743,0.00071,26,0.000136,0,31,0.9,0.005533
18015,Carroll County,,IN,1748,23754,25502,5,6,11,989,1136,2125,6,0.300778,0.314349,2.808181,0.00017,0.000658,26,0.000134,0,31,0.766667,0.001482
18017,Cass County,,IN,2650,45957,48607,7,9,16,1093,1443,2536,6,0.301091,0.315269,160.810999,0.00059,0.000979,26,0.00016,0,31,0.513889,0.004703
18019,Clark County,,IN,8104,119556,127660,12,16,28,6372,5582,11954,6,0.305922,0.322516,418.578089,0.001088,0.001668,123,0.000298,0,31,0.327206,0.009257
18021,Clay County,,IN,1763,31408,33171,7,8,15,974,1165,2139,6,0.300841,0.314637,291.423317,0.000644,0.000655,26,0.000184,0,31,0.642857,0.005333
18023,Clinton County,,IN,2277,39561,41838,8,6,14,1117,1292,2409,6,0.300872,0.314522,81.653386,0.001046,0.000963,26,0.000168,0,31,0.714286,0.008188
18025,Crawford County,,IN,811,12005,12816,6,6,12,428,561,989,6,0.291902,0.304952,49.314821,0.000448,0.000499,123,0.000174,0,31,0.642857,0.004157
18027,Daviess County,,IN,1299,34293,35592,5,9,14,497,721,1218,6,0.301749,0.315839,1094.649517,0.000015,0.000645,26,0.000195,0,31,0.513889,0.000618
18029,Dearborn County,,IN,3461,58813,62274,10,11,21,2802,2185,4987,6,0.304796,0.32006,285.525046,0.001412,0.001447,123,0.000198,0,31,0.55303,0.00974
18031,Decatur County,,IN,1801,31378,33179,9,9,18,1078,1128,2206,6,0.300747,0.314637,61.142877,0.000608,0.000675,26,0.000234,0,31,0.4,0.005028
18033,DeKalb County,,IN,3133,50159,53292,7,7,14,2112,1915,4027,6,0.301185,0.315212,79.078588,0.00024,0.000709,26,0.000173,0,31,0.482143,0.002064
18035,Delaware County,,IN,7255,117927,125182,20,20,40,3183,4169,7352,6,0.347149,0.368823,9747.28564,0.003436,0.00431,26,0.000337,0,31,0.430769,0.026233
18037,Dubois County,,IN,2249,52873,55122,11,11,22,1158,1154,2312,6,0.301812,0.316212,5344.890575,0.000643,0.000646,26,0.000364,0,31,0.287879,0.00523
18039,Elkhart County,,IN,11700,229655,241355,19,27,46,6024,6930,12954,6,0.355757,0.380297,3606.847038,0.005038,0.008668,26,0.00027,0,31,0.473563,0.035412
18041,Fayette County,,IN,1550,27349,28899,6,7,13,791,825,1616,6,0.300685,0.314291,91.006618,0.000577,0.000566,26,0.00017,0,31,0.5,0.004517
18043,Floyd County,,IN,6764,82818,89582,8,10,18,4735,5104,9839,6,0.303297,0.318214,158.596095,0.000993,0.001029,123,0.000211,0,31,0.5,0.008039
18045,Fountain County,,IN,1418,21237,22655,6,7,13,815,871,1686,6,0.272753,0.284599,60.904391,0.000161,0.000137,26,0.000184,0,31,0.5,0.001435
18047,Franklin County,,IN,1493,28686,30179,7,8,15,945,930,1875,6,0.303997,0.31876,46.128814,0.000758,0.001167,123,0.000165,0,31,0.571429,0.005049
18049,Fulton County,,IN,1590,24529,26119,8,10,18,855,935,1790,6,0.301279,0.315729,72.754708,0.000313,0.0008,26,0.000154,0,31,0.509091,0.002386
18051,Gibson County,,IN,2133,39478,41611,7,8,15,941,1272,2213,6,0.301435,0.315419,366.082223,0.000093,0.000581,26,0.000284,0,31,0.5,0.001091
18053,Grant County,,IN,4080,75784,79864,11,12,23,1373,1941,3314,6,0.301655,0.316649,807.31573,0.001156,0.001194,26,0.000204,0,31,0.583333,0.008852
18055,Greene County,,IN,2342,37244,39586,10,9,19,1266,1482,2748,6,0.301279,0.315286,1309.241367,0.000741,0.000629,26,0.000257,0,31,0.444444,0.005539
18057,Hamilton County,,IN,20963,281006,301969,98,77,175,22285,14808,37093,5,0.396878,0.428744,22735.881419,0.040789,0.035845,26,0.001125,0,31,0.420849,0.282409
18059,Hancock County,,IN,5502,79000,84502,9,12,21,4849,3793,8642,6,0.301498,0.316092,14.627405,0.000998,0.001241,26,0.000201,0,31,0.628788,0.008473
18061,Harrison County,,IN,2485,44818,47303,5,5,10,1525,1590,3115,6,0.291725,0.304492,0.271429,0.000443,0.000489,123,0.000146,0,31,0.95,0.004016
18063,Hendricks County,,IN,11355,152207,163562,31,23,54,11554,7605,19159,6,0.348234,0.370284,3285.634317,0.010716,0.005036,26,0.000434,0,31,0.409159,0.072948
18065,Henry County,,IN,3084,56361,59445,8,10,18,1810,1821,3631,6,0.301875,0.316454,225.81503,0.000919,0.001127,26,0.00017,0,31,0.522222,0.007209
18067,Howard County,,IN,5329,101146,106475,14,16,30,2675,2782,5457,6,0.328683,0.34755,780.431305,0.00227,0.002258,26,0.000247,0,31,0.470588,0.016605
18069,Huntington County,,IN,2494,45869,48363,6,8,14,1079,1309,2388,6,0.301153,0.315269,31.019602,0.000251,0.000758,26,0.000144,0,31,0.607143,0.002059
18071,Jackson County,,IN,2757,50396,53153,7,10,17,1455,1586,3041,6,0.303646,0.318576,100.857961,0.000631,0.001194,26,0.000211,0,31,0.5,0.005327
18073,Jasper County,,IN,2260,37899,40159,9,8,17,1835,1239,3074,6,0.327976,0.345393,412.697905,0.001992,0.001827,27,0.000175,0,31,0.666667,0.014135
18075,Jay County,,IN,1258,25659,26917,6,6,12,608,675,1283,6,0.300872,0.314522,186.875,0.000059,0.000562,26,0.00016,0,31,0.333333,0.000884
18077,Jefferson County,,IN,1944,36639,38583,9,8,17,786,782,1568,6,0.303392,0.318156,305.958161,0.000603,0.001022,123,0.000237,0,31,0.333333,0.004982
18079,Jennings County,,IN,2049,32176,34225,8,6,14,1288,1273,2561,6,0.300654,0.314119,35.925188,0.000648,0.000563,26,0.000209,0,31,0.535714,0.00549
18081,Johnson County,,IN,12244,151591,163835,41,21,62,11339,8849,20188,6,0.349578,0.371498,3454.854303,0.011881,0.006214,26,0.000593,0,31,0.321212,0.081974
18083,Knox County,,IN,2125,40816,42941,9,9,18,879,954,1833,6,0.301655,0.31585,7451.770596,0.000635,0.000593,26,0.000268,0,31,0.366667,0.004942
18085,Kosciusko County,,IN,5052,93647,98699,17,16,33,2951,2737,5688,6,0.328534,0.34732,1628.586542,0.002594,0.002218,26,0.000267,0,31,0.435673,0.018619
18087,LaGrange County,,IN,2628,44187,46815,8,7,15,1685,1759,3444,6,0.283478,0.295646,15.717423,0.00034,0.000369,26,0.000162,0,31,0.513889,0.002619
18089,Lake County,,IN,28077,551781,579858,45,71,116,22549,20961,43510,5,0.391622,0.422843,12958.496936,0.02246,0.030409,27,0.000537,0,31,0.448421,0.159701
18091,LaPorte County,,IN,5468,123855,129323,12,17,29,3600,3116,6716,6,0.34603,0.36711,277.433128,0.003928,0.006024,27,0.000177,0,31,0.680147,0.02797
18093,Lawrence County,,IN,2181,53062,55243,7,6,13,1125,1144,2269,6,0.300966,0.314424,3451.612265,0.000683,0.000605,26,0.000238,0,31,0.333333,0.005015
18095,Madison County,,IN,7358,146506,153864,12,16,28,4255,4200,8455,6,0.34304,0.36378,266.267839,0.001472,0.003429,26,0.000213,0,31,0.581699,0.010846
18097,Marion County,,IN,66497,987283,1053780,193,189,382,49506,56058,105564,5,0.429206,0.470526,210001.321471,0.066408,0.069222,26,0.002492,0,31,0.255526,0.464453
18099,Marshall County,,IN,3385,55149,58534,11,12,23,1878,2076,3954,6,0.328422,0.346687,553.969951,0.002136,0.002039,26,0.000178,0,31,0.666667,0.01496
18101,Martin County,,IN,678,12190,12868,3,3,6,233,296,529,7,0.232063,0.238801,3.196739,0.000015,0.000011,26,0.000131,0,31,0.333333,0.000376
18103,Miami County,,IN,2947,39781,42728,8,10,18,1359,1740,3099,6,0.301592,0.316304,76.613569,0.00082,0.001163,26,0.000155,0,31,0.655556,0.006113
18105,Monroe County,,IN,10648,112984,123632,35,38,73,5014,5648,10662,5,0.373646,0.40088,7332.653653,0.008038,0.015231,26,0.000572,0,31,0.354592,0.057425
18107,Montgomery County,,IN,2446,43867,46313,8,9,17,1215,1226,2441,6,0.300841,0.314809,109.702115,0.000784,0.000825,26,0.000191,0,31,0.622222,0.006095
18109,Morgan County,,IN,5693,80754,86447,10,9,19,4203,3836,8039,6,0.301122,0.315056,9.39036,0.001081,0.001112,26,0.00022,0,31,0.6,0.008885
18111,Newton County,,IN,1227,16455,17682,8,5,13,954,712,1666,6,0.285124,0.297004,327.541831,0.001424,0.000295,27,0.000167,0,31,0.535714,0.010219
18113,Noble County,,IN,3510,53727,57237,7,7,14,2107,2354,4461,6,0.281086,0.292926,6.780999,0.000312,0.000241,26,0.000166,0,31,0.642857,0.002404
18115,Ohio County,,IN,638,6955,7593,4,4,8,358,418,776,6,0.293796,0.306504,55.830394,0.000519,0.000451,123,0.000109,0,31,0.916667,0.003448
18117,Orange County,,IN,1113,21635,22748,8,3,11,642,408,1050,7,0.233465,0.240676,65.854599,0.000998,0.000014,26,0.000219,0,31,0.571429,0.008081
18119,Owen County,,IN,1760,23276,25036,7,8,15,1329,1220,2549,6,0.301122,0.314884,3.500142,0.00073,0.00073,26,0.000177,0,31,0.75,0.005656
18121,Parke County,,IN,1073,16716,17789,8,7,15,719,634,1353,6,0.30081,0.314464,495.605379,0.000642,0.000567,26,0.000207,0,31,0.607143,0.005398
18123,Perry County,,IN,927,20819,21746,5,5,10,512,488,1000,7,0.267442,0.277586,214.676167,0.000087,0.000058,26,0.000189,0,31,0.6,0.000955
18125,Pike County,,IN,819,14665,15484,5,5,10,572,476,1048,7,0.266238,0.27632,64.065618,0.00009,0.000052,26,0.000173,0,31,0.75,0.000909
18127,Porter County,,IN,11486,183800,195286,18,24,42,9284,7283,16567,6,0.349325,0.372044,1049.180351,0.007257,0.007756,27,0.00024,0,31,0.550769,0.050245
18129,Posey County,,IN,1780,31270,33050,4,4,8,964,1146,2110,7,0.266116,0.275918,8.166667,0.000087,0.000048,26,0.000153,0,31,0.666667,0.000765
18131,Pulaski County,,IN,1040,15635,16675,8,7,15,646,575,1221,6,0.272445,0.28411,17.632364,0.000353,0.000156,26,0.000164,0,31,0.486111,0.002862
18133,Putnam County,,IN,2441,39236,41677,12,10,22,1749,1520,3269,6,0.30106,0.315269,19.071629,0.001205,0.000842,26,0.00025,0,31,0.634615,0.009274
18135,Randolph County,,IN,1900,30741,32641,5,6,11,1012,1068,2080,6,0.300872,0.314522,17.082374,0.00007,0.000586,26,0.000132,0,31,0.566667,0.000961
18137,Ripley County,,IN,2037,32228,34265,8,9,17,1131,1219,2350,6,0.303997,0.318933,241.969089,0.001083,0.00099,123,0.00019,0,31,0.472222,0.007606
18139,Rush County,,IN,1295,20751,22046,7,7,14,878,904,1782,6,0.300622,0.314176,17.635947,0.00059,0.000561,26,0.000176,0,31,0.571429,0.004663
18141,St. Joseph County,,IN,16061,300824,316885,40,53,93,8678,9754,18432,5,0.382776,0.411795,7568.986922,0.017349,0.02384,26,0.000465,0,31,0.501058,0.11886
18143,Scott County,,IN,1699,25774,27473,7,7,14,1029,1067,2096,6,0.291872,0.305038,57.634456,0.000461,0.000501,123,0.000194,0,31,0.547619,0.004304
18145,Shelby County,,IN,3176,51636,54812,9,7,16,2191,1891,4082,6,0.300716,0.314349,7.314623,0.00096,0.000977,26,0.000209,0,31,0.611111,0.008337
18147,Spencer County,,IN,1571,25034,26605,5,5,10,891,956,1847,7,0.267417,0.277528,5.885763,0.000099,0.000062,26,0.000177,0,31,0.8,0.001
18149,Starke County,,IN,1851,26153,28004,8,6,14,1261,1074,2335,6,0.285686,0.297527,98.592233,0.001518,0.000421,26,0.000137,0,31,0.678571,0.010575
18151,Steuben County,,IN,2739,38333,41072,7,8,15,1318,1508,2826,6,0.301279,0.315499,64.381018,0.000257,0.000745,26,0.000158,0,31,0.446429,0.002174
18153,Sullivan County,,IN,1247,22716,23963,4,4,8,743,597,1340,6,0.300778,0.314061,1.721429,0.000052,0.000555,26,0.000137,0,31,0.85,0.000691
18155,Switzerland County,,IN,748,9987,10735,5,7,12,378,454,832,7,0.263934,0.274169,102.803918,0.00053,0.000092,123,0.00014,0,31,0.446429,0.003583
18157,Tippecanoe County,,IN,12934,157485,170419,47,51,98,7429,6974,14403,5,0.373743,0.403048,27293.495605,0.011348,0.016709,26,0.000721,0,31,0.296404,0.080159
18159,Tipton County,,IN,1191,19674,20865,4,4,8,694,759,1453,6,0.300622,0.313831,0,0.000872,0.000873,26,0.000099,0,31,1,0.006509
18161,Union County,,IN,624,8494,9118,4,3,7,334,303,637,6,0.281742,0.292656,3.509143,0.000252,0.000206,26,0.000109,0,31,0.666667,0.001839
18163,Vanderburgh County,,IN,11072,196070,207142,30,30,60,6465,6864,13329,6,0.36225,0.387118,64565.384378,0.005228,0.008954,26,0.000726,0,31,0.261261,0.03871
18165,Vermillion County,,IN,1196,19289,20485,5,4,9,690,629,1319,7,0.259375,0.269071,4.546103,0.000062,0.000042,26,0.000148,0,31,0.6,0.000809
18167,Vigo County,,IN,6886,110429,117315,22,23,45,3012,3431,6443,6,0.349536,0.372912,17409.546113,0.002748,0.004767,26,0.000453,0,31,0.301724,0.019928
18169,Wabash County,,IN,2192,39792,41984,6,9,15,869,1194,2063,6,0.301216,0.315499,11.194017,0.000259,0.000756,26,0.000131,0,31,0.652778,0.002106
18171,Warren County,,IN,695,10135,10830,4,3,7,435,396,831,6,0.27242,0.283506,3.536508,0.000151,0.000104,26,0.000123,0,31,0.583333,0.001153
18173,Warrick County,,IN,4674,66769,71443,8,12,20,3520,2961,6481,6,0.30454,0.320232,1176.113021,0.000643,0.001527,26,0.000251,0,31,0.431818,0.004958
18175,Washington County,,IN,1721,31559,33280,7,9,16,1026,1102,2128,6,0.29199,0.305441,702.119914,0.000452,0.000511,123,0.000228,0,31,0.527778,0.004308
18177,Wayne County,,IN,4035,79836,83871,12,12,24,1623,1863,3486,6,0.304924,0.320152,981.572144,0.002278,0.001512,26,0.000227,0,31,0.397436,0.015981
18179,Wells County,,IN,1760,32124,33884,4,6,10,908,974,1882,6,0.301091,0.314924,307.069833,0.000223,0.0007,26,0.000119,0,31,0.433333,0.001623
18181,White County,,IN,2068,29774,31842,8,7,15,945,1166,2111,6,0.300872,0.314637,477.546945,0.001904,0.000648,26,0.000162,0,31,0.569444,0.013402
18183,Whitley County,,IN,2293,40411,42704,6,5,11,1670,1424,3094,6,0.280787,0.292121,3.0625,0.000248,0.0002,26,0.000144,0,31,0.666667,0.002015
19001,Adair County,,IA,595,9138,9733,2,4,6,149,301,450,6,0.2837,0.294939,0.5,0.000223,0.00027,27,0.000095,0,31,0.666667,0.002019
19003,Adams County,,IA,267,4977,5244,0,1,1,0,55,55,7,0.221045,0.226264,0,0,0.000002,27,0.000051,0,63,0,0
19005,Allamakee County,,IA,825,16989,17814,2,3,5,167,270,437,7,0.222376,0.228631,4.742828,0.000004,0.000002,27,0.00011,0,31,0.666667,0.000209
19007,Appanoose County,,IA,840,14363,15203,2,3,5,110,179,289,7,0.222752,0.229184,2948.208741,0.000004,0.00001,27,0.000114,0,31,0.333333,0.000182
19009,Audubon County,,IA,381,7476,7857,2,1,3,84,62,146,7,0.227956,0.233544,1.2,0.000009,0.000003,57,0.000079,0,31,0.166667,0.000199
19011,Benton County,,IA,1957,30753,32710,7,6,13,1311,1275,2586,7,0.272727,0.284176,233.488064,0.000452,0.000235,27,0.000201,0,31,0.595238,0.00434
19013,Black Hawk County,,IA,7994,137616,145610,23,27,50,3234,4179,7413,6,0.349451,0.372562,32489.824629,0.002642,0.004252,27,0.000532,0,31,0.237634,0.02191
19015,Boone County,,IA,1876,30695,32571,5,6,11,953,1010,1963,6,0.283867,0.295514,75.554336,0.000313,0.000292,27,0.000163,0,31,0.7,0.002833
19017,Bremer County,,IA,1611,27426,29037,4,5,9,783,842,1625,6,0.284369,0.296233,231.473408,0.000035,0.000353,27,0.000139,0,31,0.466667,0.000588
19019,Buchanan County,,IA,1285,24589,25874,4,7,11,638,709,1347,6,0.284424,0.296578,35.893284,0.000112,0.000359,27,0.000148,0,31,0.595238,0.001447
19021,Buena Vista County,,IA,1753,22733,24486,7,8,15,411,530,941,6,0.28518,0.297815,9259.828621,0.00152,0.000292,27,0.000214,0,31,0.166667,0.011642
19023,Butler County,,IA,1029,18108,19137,3,5,8,413,518,931,7,0.259143,0.268614,226.947592,0.000038,0.000022,27,0.000109,0,31,0.25,0.000486
19025,Calhoun County,,IA,670,12017,12687,2,4,6,173,302,475,6,0.283867,0.295284,4.483766,0.000008,0.00023,27,0.000088,0,31,0.5,0.000231
19027,Carroll County,,IA,1192,25808,27000,5,8,13,355,529,884,6,0.295473,0.308598,4695.475116,0.000231,0.000557,27,0.000166,0,31,0.208333,0.002348
19029,Cass County,,IA,883,16118,17001,1,6,7,91,337,428,6,0.295383,0.308138,2558.419708,0.000016,0.000546,57,0.000074,0,31,0.466667,0.000231
19031,Cedar County,,IA,1332,21979,23311,7,6,13,943,758,1701,7,0.27265,0.284119,8.608524,0.000362,0.000278,27,0.000184,0,31,0.714286,0.003786
19033,Cerro Gordo County,,IA,2898,51205,54103,11,14,25,1137,1383,2520,6,0.338868,0.359196,23372.284394,0.000431,0.002199,27,0.000409,0,31,0.302198,0.004055
19035,Cherokee County,,IA,722,14547,15269,3,5,8,157,248,405,6,0.284564,0.2964,12.546173,0.000054,0.000272,27,0.000117,0,31,0.55,0.000653
19037,Chickasaw County,,IA,743,15227,15970,3,4,7,236,313,549,7,0.25919,0.268585,2955.420299,0.000036,0.000021,27,0.000116,0,31,0.25,0.000482
19039,Clarke County,,IA,793,10269,11062,4,4,8,311,288,599,6,0.2837,0.294939,2947.25,0.000227,0.00023,27,0.000212,0,31,0.416667,0.002235
19041,Clay County,,IA,1158,20487,21645,4,5,9,416,426,842,6,0.284229,0.295934,565.108581,0.000016,0.000238,27,0.000182,0,31,0.3,0.000471
19043,Clayton County,,IA,1181,21984,23165,8,6,14,618,605,1223,7,0.266925,0.27743,3443.742974,0.000146,0.000128,27,0.000258,0,31,0.410714,0.001971
19045,Clinton County,,IA,2800,58077,60877,7,13,20,1334,1596,2930,6,0.328907,0.346837,793.304482,0.000256,0.001664,27,0.000191,0,31,0.519231,0.003182
19047,Crawford County,,IA,1044,19537,20581,4,3,7,210,231,441,6,0.295262,0.30762,220.026865,0.001075,0.000529,27,0.000116,0,31,0.466667,0.007785
19049,Dallas County,,IA,5798,63777,69575,21,16,37,5942,3731,9673,6,0.348527,0.369588,7299.197081,0.005176,0.003862,27,0.000483,0,31,0.409524,0.039323
19051,Davis County,,IA,546,9639,10185,1,1,2,177,189,366,7,0.222666,0.228695,0,0.000004,0.00001,27,0.000073,0,31,0,0.000178
19053,Decatur County,,IA,608,8131,8739,1,3,4,51,161,212,6,0.283673,0.294767,0.5,0.000002,0.000229,27,0.000096,0,31,0.5,0.000108
19055,Delaware County,,IA,977,21843,22820,6,4,10,546,563,1109,7,0.266728,0.276798,3.682684,0.000143,0.000129,27,0.000196,0,31,0.666667,0.001795
19057,Des Moines County,,IA,2376,47087,49463,11,8,19,1048,942,1990,6,0.285742,0.298395,11496.27591,0.001385,0.000498,27,0.000294,0,31,0.371212,0.011442
19059,Dickinson County,,IA,1441,19870,21311,6,7,13,467,556,1023,6,0.337291,0.355809,12300.579341,0.000051,0.001445,27,0.000267,0,31,0.255556,0.000827
19061,Dubuque County,,IA,4547,108707,113254,15,16,31,2212,2152,4364,6,0.346526,0.367765,4143.648971,0.00251,0.003606,27,0.000362,0,31,0.444444,0.018991
19063,Emmet County,,IA,733,11679,12412,3,2,5,193,128,321,7,0.252285,0.259912,12.514745,0.000018,0.000001,27,0.000158,0,31,0.166667,0.000292
19065,Fayette County,,IA,1404,23152,24556,6,6,12,502,629,1131,7,0.267565,0.278241,2142.149766,0.000117,0.000129,27,0.0002,0,31,0.428571,0.00161
19067,Floyd County,,IA,1108,18998,20106,3,4,7,263,430,693,7,0.259236,0.268729,13.781798,0.000018,0.000025,27,0.000119,0,31,0.4,0.000323
19069,Franklin County,,IA,653,12157,12810,4,4,8,290,296,586,6,0.283867,0.295284,86.415235,0.000022,0.000252,27,0.000149,0,31,0.466667,0.000444
19071,Fremont County,,IA,637,8638,9275,5,5,10,354,360,714,6,0.295202,0.307333,2348.376641,0.0004,0.000449,57,0.000155,0,31,0.566667,0.002914
19073,Greene County,,IA,662,11345,12007,4,5,9,182,316,498,6,0.283812,0.295284,3.783333,0.000039,0.000292,27,0.000138,0,31,0.619048,0.000752
19075,Grundy County,,IA,886,15039,15925,4,6,10,421,505,926,6,0.284257,0.296118,78.844454,0.00004,0.000253,27,0.000128,0,31,0.633333,0.000618
19077,Guthrie County,,IA,857,13146,14003,3,5,8,428,503,931,6,0.283839,0.295342,73.976738,0.000253,0.000271,27,0.000121,0,31,0.55,0.002431
19079,Hamilton County,,IA,1220,18815,20035,5,5,10,454,576,1030,6,0.283867,0.295399,1187.257561,0.000284,0.000252,27,0.000156,0,31,0.633333,0.002529
19081,Hancock County,,IA,871,14005,14876,3,5,8,270,409,679,6,0.283951,0.295543,201.112673,0.000019,0.000231,27,0.000149,0,31,0.45,0.000326
19083,Hardin County,,IA,1148,20036,21184,7,5,12,474,455,929,6,0.284201,0.295888,1217.106241,0.00032,0.000271,27,0.000208,0,31,0.547619,0.002928
19085,Harrison County,,IA,1049,17479,18528,3,5,8,429,562,991,6,0.292491,0.30429,188.609765,0.000545,0.000329,57,0.000103,0,31,0.366667,0.003626
19087,Henry County,,IA,1390,22399,23789,7,8,15,654,619,1273,6,0.285799,0.298355,1293.794644,0.00013,0.000462,27,0.000212,0,31,0.466667,0.001617
19089,Howard County,,IA,662,11875,12537,2,3,5,135,219,354,6,0.268707,0.278652,43.095986,0.000004,0.000084,52,0.000098,0,31,0.25,0.000188
19091,Humboldt County,,IA,642,11979,12621,1,2,3,102,149,251,7,0.222752,0.229017,1.150433,0.000003,0.000002,27,0.000071,0,31,0.5,0.00012
19093,Ida County,,IA,474,8645,9119,3,2,5,148,96,244,6,0.284257,0.295508,3.033416,0.000052,0.000259,27,0.000111,0,31,0.5,0.000555
19095,Iowa County,,IA,1145,19970,21115,5,5,10,581,604,1185,7,0.272522,0.283687,9.72189,0.000197,0.000218,27,0.000173,0,31,0.5,0.002175
19097,Jackson County,,IA,1185,23977,25162,4,5,9,546,642,1188,7,0.270134,0.280973,2.59847,0.000122,0.000188,27,0.000127,0,31,0.8,0.00104
19099,Jasper County,,IA,2619,42217,44836,9,11,20,1320,1504,2824,6,0.289916,0.30314,52.094948,0.000508,0.000598,27,0.000272,0,31,0.454545,0.004931
19101,Jefferson County,,IA,1160,16425,17585,6,8,14,475,571,1046,6,0.285545,0.297993,4033.799492,0.000042,0.000453,27,0.000192,0,31,0.444444,0.000958
19103,Johnson County,,IA,11877,123036,134913,49,44,93,6853,6624,13477,6,0.368984,0.397044,40466.379403,0.013438,0.014554,27,0.000921,0,31,0.310345,0.099635
19105,Jones County,,IA,1185,22667,23852,7,6,13,784,666,1450,7,0.272471,0.283745,33.974564,0.000237,0.000236,27,0.000213,0,31,0.595238,0.002531
19107,Keokuk County,,IA,752,12274,13026,6,7,13,390,429,819,7,0.27283,0.284424,119.943137,0.00013,0.000229,27,0.000198,0,31,0.5,0.001551
19109,Kossuth County,,IA,799,19798,20597,3,2,5,157,132,289,6,0.283784,0.294784,2567.017968,0.000224,0.000226,27,0.000152,0,31,0.333333,0.002098
19111,Lee County,,IA,2177,40497,42674,4,8,12,636,971,1607,6,0.286166,0.298815,6107.113338,0.000008,0.000463,27,0.000188,0,31,0.375,0.000482
19113,Linn County,,IA,10879,237399,248278,51,35,86,7451,6274,13725,6,0.363021,0.388492,44816.573496,0.013432,0.009637,27,0.000991,0,31,0.26039,0.099916
19115,Louisa County,,IA,913,13392,14305,4,5,9,392,551,943,7,0.270008,0.281007,7.78524,0.000202,0.000126,27,0.000134,0,31,0.6,0.001791
19117,Lucas County,,IA,616,9925,10541,3,3,6,205,248,453,6,0.283728,0.294813,0,0.000225,0.000231,27,0.000146,0,31,1,0.002157
19119,Lyon County,,IA,682,13964,14646,3,3,6,233,293,526,7,0.269406,0.279719,1.625,0.0001,0.000116,57,0.000196,0,31,0.833333,0.00127
19121,Madison County,,IA,1134,17485,18619,4,4,8,793,663,1456,6,0.2837,0.294939,3.5,0.000255,0.000271,27,0.00021,0,31,0.666667,0.002565
19123,Mahaska County,,IA,1550,24767,26317,7,7,14,734,666,1400,6,0.284173,0.296049,1229.507532,0.000312,0.000245,27,0.000229,0,31,0.464286,0.003468
19125,Marion County,,IA,2137,38373,40510,8,7,15,1061,1064,2125,6,0.283951,0.295704,1006.531662,0.000268,0.000277,27,0.000279,0,31,0.5,0.003093
19127,Marshall County,,IA,2379,45657,48036,9,10,19,820,1070,1890,6,0.285517,0.298292,389.016604,0.0004,0.000488,27,0.000256,0,31,0.566667,0.003976
19129,Mills County,,IA,1206,16522,17728,5,4,9,720,646,1366,6,0.295052,0.306959,8.531025,0.000551,0.000448,57,0.000146,0,31,0.65,0.00383
19131,Mitchell County,,IA,548,12745,13293,3,2,5,144,107,251,7,0.253145,0.261321,47.739366,0.000025,0.000004,27,0.000116,0,31,0.333333,0.000381
19133,Monona County,,IA,596,10817,11413,2,1,3,227,174,401,7,0.263766,0.272778,3.677341,0.000051,0.000033,57,0.000089,0,31,0,0.000486
19135,Monroe County,,IA,562,8774,9336,4,5,9,238,300,538,6,0.28409,0.295646,6536.44729,0.000009,0.000241,27,0.000167,0,31,0.6,0.000513
19137,Montgomery County,,IA,822,12655,13477,2,4,6,100,288,388,6,0.292491,0.304175,3.402778,0.000009,0.000322,57,0.000079,0,31,0.55,0.000182
19139,Muscatine County,,IA,2715,50609,53324,8,9,17,1215,1375,2590,6,0.286732,0.299551,161.538578,0.000568,0.000648,27,0.000215,0,31,0.569444,0.00566
19141,O'Brien County,,IA,1082,17215,18297,3,5,8,293,345,638,7,0.269707,0.280524,3096.560783,0.000005,0.000102,27,0.000139,0,31,0.3,0.000287
19143,Osceola County,,IA,476,7941,8417,1,2,3,59,139,198,7,0.252351,0.260056,0,0.000001,0,27,0.000074,0,31,0.5,0.000092
19145,Page County,,IA,1135,17401,18536,4,7,11,342,397,739,6,0.295563,0.308569,5783.301329,0.000011,0.000551,57,0.000147,0,31,0.285714,0.00042
19147,Palo Alto County,,IA,668,11012,11680,4,4,8,223,233,456,6,0.283923,0.295273,361.282813,0.000015,0.000228,27,0.000246,0,31,0.4,0.000394
19149,Plymouth County,,IA,1662,30295,31957,5,7,12,711,871,1582,6,0.287272,0.300098,43.179678,0.00006,0.000376,57,0.000184,0,31,0.52381,0.000874
19151,Pocahontas County,,IA,509,9027,9536,3,2,5,163,106,269,6,0.283923,0.295014,4.009041,0.000007,0.000238,27,0.000112,0,31,0.583333,0.000393
19153,Polk County,,IA,24849,468519,493368,117,87,204,19889,17479,37368,5,0.395793,0.427801,224333.203346,0.028696,0.028045,27,0.002467,0,31,0.184973,0.220156
19155,Pottawattamie County,,IA,5991,101339,107330,14,13,27,3552,3585,7137,6,0.338314,0.357896,6988.268876,0.002037,0.002026,57,0.000352,0,31,0.333333,0.015949
19157,Poweshiek County,,IA,1355,20970,22325,6,6,12,440,490,930,6,0.284928,0.296825,161.014022,0.000236,0.000341,27,0.000195,0,31,0.47619,0.002514
19159,Ringgold County,,IA,300,5549,5849,2,0,2,90,0,90,0,0,0,0,0.000223,0,27,0.000102,0,20,0.5,0.001998
19161,Sac County,,IA,686,12690,13376,2,4,6,121,265,386,6,0.28409,0.295589,6.77875,0.000007,0.00024,27,0.000091,0,31,0.416667,0.000294
19163,Scott County,,IA,10600,184727,195327,30,33,63,5778,5804,11582,6,0.363386,0.389153,11771.00061,0.007393,0.009974,27,0.000545,0,31,0.388664,0.055326
19165,Shelby County,,IA,772,14725,15497,5,3,8,403,272,675,6,0.295172,0.307419,2906.894947,0.000394,0.000543,57,0.000183,0,31,0.5,0.00287
19167,Sioux County,,IA,1639,37745,39384,5,7,12,479,607,1086,6,0.287329,0.300213,5607.104601,0.000144,0.000375,57,0.000211,0,31,0.404762,0.001587
19169,Story County,,IA,8592,78722,87314,24,26,50,3674,4313,7987,6,0.354452,0.378244,6958.592524,0.002623,0.007099,27,0.000576,0,31,0.333669,0.021167
19171,Tama County,,IA,1274,21410,22684,5,7,12,568,704,1272,6,0.284341,0.296406,19.475231,0.000044,0.000361,27,0.000163,0,31,0.619048,0.000766
19173,Taylor County,,IA,521,7192,7713,1,2,3,46,126,172,7,0.228243,0.234298,1.381818,0.000004,0.000002,57,0.000068,0,31,0,0.000095
19175,Union County,,IA,839,13838,14677,6,3,9,339,214,553,6,0.283673,0.294767,3629.490192,0.000227,0.00023,27,0.000257,0,31,0.2,0.002404
19177,Van Buren County,,IA,460,8618,9078,1,3,4,99,204,303,7,0.222992,0.229586,0,0.000004,0.000012,27,0.000071,0,31,0.833333,0.000103
19179,Wapello County,,IA,2569,39055,41624,10,12,22,841,1194,2035,6,0.28642,0.300069,17703.057518,0.0013,0.000547,27,0.00032,0,31,0.254167,0.010087
19181,Warren County,,IA,3319,51021,54340,8,7,15,2515,2165,4680,6,0.283895,0.295618,15.216667,0.00032,0.000295,27,0.000305,0,31,0.5,0.003203
19183,Washington County,,IA,1432,25290,26722,7,6,13,761,702,1463,6,0.285264,0.297343,655.288672,0.000421,0.00044,27,0.000206,0,31,0.547619,0.004158
19185,Wayne County,,IA,467,7314,7781,1,2,3,45,100,145,6,0.283784,0.294784,645.137078,0,0.000226,27,0.000083,0,31,0,0.000089
19187,Webster County,,IA,2281,41952,44233,8,10,18,790,984,1774,6,0.28625,0.299436,6671.631162,0.000287,0.000411,27,0.000234,0,31,0.295455,0.002795
19189,Winnebago County,,IA,807,13197,14004,4,3,7,302,247,549,7,0.253233,0.261597,101.548231,0.000029,0.000004,27,0.000191,0,31,0.333333,0.000477
19191,Winneshiek County,,IA,1058,23032,24090,4,6,10,322,382,704,6,0.285292,0.297429,2311.682157,0.000008,0.000438,27,0.000158,0,31,0.238095,0.00039
19193,Woodbury County,,IA,6830,112983,119813,24,28,52,3112,3836,6948,6,0.35822,0.382258,35694.065509,0.004175,0.006131,57,0.000699,0,31,0.275202,0.031982
19195,Worth County,,IA,546,9031,9577,3,2,5,284,230,514,7,0.253145,0.261321,0.5,0.000017,0.000004,27,0.000179,0,31,0.666667,0.000323
19197,Wright County,,IA,936,15255,16191,4,7,11,254,413,667,6,0.284034,0.295974,1117.456985,0.000021,0.000255,27,0.000157,0,31,0.446429,0.000428
20001,Allen County,,KS,955,14886,15841,3,5,8,214,355,569,7,0.270437,0.281019,5846.278822,0.00001,0.00007,57,0.000168,0,31,0.133333,0.000305
20003,Anderson County,,KS,556,9305,9861,4,3,7,280,187,467,6,0.296471,0.308333,76.324268,0.000499,0.000483,57,0.000146,0,31,0.5,0.003893
20005,Atchison County,,KS,975,18067,19042,4,6,10,252,359,611,6,0.298578,0.311422,64.239276,0.000603,0.000728,57,0.000118,0,31,0.571429,0.004676
20007,Barber County,,KS,389,5632,6021,0,1,1,0,51,51,7,0.277602,0.289367,0,0,0.00028,57,0.000051,0,64,0,0
20009,Barton County,,KS,1850,30552,32402,9,10,19,579,724,1303,6,0.299442,0.313423,13567.903444,0.000308,0.00091,57,0.000415,0,31,0.356061,0.003285
20011,Bourbon County,,KS,1073,16154,17227,4,5,9,257,400,657,6,0.296835,0.309225,5794.092886,0.000509,0.000485,57,0.000132,0,31,0.35,0.003926
20013,Brown County,,KS,758,11762,12520,1,6,7,79,357,436,7,0.268135,0.279073,14.882924,0,0.000087,57,0.000083,0,31,0.233333,0.000095
20015,Butler County,,KS,4948,67231,72179,9,8,17,2983,2968,5951,6,0.305825,0.32048,293.584134,0.000979,0.00122,57,0.000279,0,31,0.427273,0.007685
20017,Chase County,,KS,260,3116,3376,1,1,2,58,99,157,7,0.230457,0.236541,0,0.000007,0.000015,57,0.000072,0,31,0,0.000205
20019,Chautauqua County,,KS,352,3921,4273,1,2,3,65,135,200,7,0.23236,0.239083,1.2,0.00001,0.000012,57,0.000078,0,31,0,0.00018
20021,Cherokee County,,KS,1547,22476,24023,5,5,10,919,919,1838,7,0.260144,0.269925,7.08024,0.000081,0.000092,57,0.000151,0,31,0.6,0.001249
20023,Cheyenne County,,KS,188,3248,3436,0,0,0,0,0,0,0,0,0,0,0,0,28,0.000051,23,65,0,0
20025,Clark County,,KS,212,2332,2544,1,1,2,43,42,85,7,0.231488,0.23816,0,0.000007,0.000011,57,0.000073,0,31,0,0.000172
20027,Clay County,,KS,737,9807,10544,3,3,6,271,221,492,6,0.273784,0.284098,129.092,0.000234,0.00019,57,0.000093,0,31,0.583333,0.001771
20029,Cloud County,,KS,756,10445,11201,3,2,5,166,112,278,6,0.269431,0.279055,2900.071429,0.000021,0.0001,57,0.000154,0,31,0.333333,0.000446
20031,Coffey County,,KS,717,10073,10790,2,2,4,134,176,310,7,0.266067,0.276013,0,0.000009,0.000071,57,0.000099,0,31,1,0.000334
20033,Comanche County,,KS,88,2016,2104,0,0,0,0,0,0,0,0,0,0,0,0,29,0.000051,24,66,0,0
20035,Cowley County,,KS,2328,37725,40053,8,5,13,1033,1016,2049,6,0.298701,0.31164,1170.821781,0.00034,0.000772,57,0.000242,0,31,0.333333,0.0033
20037,Crawford County,,KS,2918,38139,41057,13,12,25,1309,1361,2670,6,0.305922,0.321446,4051.745885,0.001562,0.001783,57,0.000332,0,31,0.379121,0.01325
20039,Decatur County,,KS,269,3519,3788,0,0,0,0,0,0,0,0,0,0,0,0,30,0.000051,25,67,0,0
20041,Dickinson County,,KS,1929,22018,23947,3,8,11,658,1001,1659,6,0.300654,0.314389,13.115846,0.000246,0.001013,57,0.000115,0,31,0.625,0.001926
20043,Doniphan County,,KS,587,8589,9176,3,1,4,318,218,536,7,0.253676,0.26163,0,0.000029,0.000025,57,0.000106,0,31,0.5,0.000505
20045,Douglas County,,KS,10334,98762,109096,29,30,59,4983,6011,10994,6,0.368608,0.394289,16646.498592,0.006811,0.014018,57,0.00065,0,31,0.413462,0.052394
20047,Edwards County,,KS,268,3496,3764,0,0,0,0,0,0,0,0,0,0,0,0,31,0.000051,26,68,0,0
20049,Elk County,,KS,242,3080,3322,0,1,1,0,49,49,7,0.232292,0.238742,0,0,0.00001,57,0.000051,0,69,0,0
20051,Ellis County,,KS,2246,29641,31887,13,11,24,725,946,1671,6,0.299628,0.313826,30651.73407,0.000442,0.000964,57,0.000613,0,31,0.224265,0.004073
20053,Ellsworth County,,KS,417,6747,7164,1,1,2,59,63,122,7,0.252483,0.260433,0,0.00002,0.00002,57,0.000085,0,31,0,0.000259
20055,Finney County,,KS,3867,41509,45376,11,18,29,834,1553,2387,6,0.344795,0.367058,29395.333861,0.001582,0.004311,57,0.000398,0,31,0.22381,0.012475
20057,Ford County,,KS,2648,35242,37890,7,10,17,731,843,1574,6,0.301185,0.316603,11128.208103,0.001382,0.000864,57,0.000268,0,31,0.310606,0.010174
20059,Franklin County,,KS,1991,28286,30277,10,7,17,1294,1066,2360,6,0.300249,0.313164,106.272221,0.001424,0.000965,57,0.000261,0,31,0.566667,0.010684
20061,Geary County,,KS,10371,31186,41557,37,41,78,3679,4814,8493,6,0.367627,0.394824,9860.231834,0.013869,0.014793,57,0.000524,0,31,0.533588,0.104713
20063,Gove County,,KS,239,3422,3661,0,0,0,0,0,0,0,0,0,0,0,0,32,0.000051,27,70,0,0
20065,Graham County,,KS,227,3050,3277,0,0,0,0,0,0,0,0,0,0,0,0,33,0.000051,28,71,0,0
20067,Grant County,,KS,618,8851,9469,1,1,2,73,55,128,7,0.256415,0.265074,0,0.000034,0.000012,57,0.000069,0,31,0,0.000196
20069,Gray County,,KS,629,6867,7496,2,2,4,165,144,309,7,0.256824,0.265839,0,0.000041,0.000023,57,0.000092,0,31,1,0.000367
20071,Greeley County,,KS,106,1542,1648,0,0,0,0,0,0,0,0,0,0,0,0,34,0.000051,29,72,0,0
20073,Greenwood County,,KS,513,7152,7665,3,3,6,231,184,415,7,0.277719,0.28987,1.45,0.000281,0.000303,57,0.000118,0,31,0.666667,0.002557
20075,Hamilton County,,KS,191,2705,2896,1,0,1,49,0,49,0,0,0,0,0.000034,0,57,0.000069,0,17,0,0.000196
20077,Harper County,,KS,494,6746,7240,2,2,4,172,157,329,7,0.277586,0.289467,0,0.000267,0.000282,57,0.000097,0,31,1,0.002306
20079,Harvey County,,KS,2511,37761,40272,5,7,12,1223,1362,2585,7,0.277852,0.290618,7.642857,0.000291,0.000324,57,0.00018,0,31,0.547619,0.002753
20081,Haskell County,,KS,451,4725,5176,2,3,5,96,142,238,7,0.257783,0.267116,26.034317,0.000052,0.000019,57,0.0001,0,31,0.666667,0.000342
20083,Hodgeman County,,KS,168,2300,2468,0,1,1,0,50,50,7,0.231531,0.23825,0,0,0.000011,57,0.000051,0,73,0,0
20085,Jackson County,,KS,1144,15611,16755,3,3,6,472,560,1032,7,0.266018,0.275984,1.5,0.000098,0.000063,57,0.000123,0,31,0.666667,0.000789
20087,Jefferson County,,KS,1515,21315,22830,5,5,10,981,890,1871,6,0.29821,0.310766,0.766667,0.000785,0.000731,57,0.00013,0,31,0.833333,0.005478
20089,Jewell County,,KS,244,3905,4149,0,1,1,0,54,54,8,0.201669,0.205803,0,0,0,57,0.000051,0,75,0,0
20091,Johnson County,,KS,40436,590855,631291,156,142,298,35639,31667,67306,5,0.421221,0.457885,126623.06644,0.058933,0.061248,57,0.002382,0,31,0.31875,0.428915
20093,Kearny County,,KS,466,4619,5085,1,1,2,80,130,210,7,0.256415,0.265074,0,0.000034,0.000012,57,0.000069,0,31,0,0.000196
20095,Kingman County,,KS,683,9202,9885,2,2,4,253,324,577,7,0.277613,0.289525,0,0.000272,0.000288,57,0.000094,0,31,1,0.002361
20097,Kiowa County,,KS,308,3271,3579,0,0,0,0,0,0,0,0,0,0,0,0,35,0.000051,30,76,0,0
20099,Labette County,,KS,1471,24374,25845,5,6,11,529,639,1168,7,0.278306,0.291382,113.790002,0.000072,0.000376,57,0.000178,0,31,0.6,0.001265
20101,Lane County,,KS,135,2031,2166,0,0,0,0,0,0,0,0,0,0,0,0,36,0.000051,31,77,0,0
20103,Leavenworth County,,KS,8948,73039,81987,35,35,70,5109,5019,10128,6,0.355845,0.380912,2103.872684,0.012302,0.012276,57,0.000493,0,31,0.500529,0.090291
20105,Lincoln County,,KS,233,3985,4218,0,1,1,0,42,42,7,0.252526,0.260516,0,0,0.00002,57,0.000051,0,78,0,0
20107,Linn County,,KS,864,10372,11236,3,4,7,316,449,765,6,0.296592,0.30865,2.5,0.000494,0.000487,57,0.000108,0,31,0.666667,0.003741
20109,Logan County,,KS,217,3265,3482,0,1,1,0,51,51,8,0.187447,0.190869,0,0,0,57,0.000051,0,80,0,0
20111,Lyon County,,KS,2952,37668,40620,9,11,20,833,1205,2038,6,0.299442,0.313481,8980.028555,0.001937,0.000945,57,0.000282,0,31,0.282051,0.014145
20113,McPherson County,,KS,2032,34147,36179,7,9,16,774,953,1727,6,0.299411,0.313193,669.660194,0.000409,0.000913,57,0.000233,0,31,0.583333,0.003688
20115,Marion County,,KS,941,14023,14964,4,3,7,384,297,681,7,0.277639,0.289697,0.840909,0.000282,0.000286,57,0.000123,0,31,0.583333,0.002538
20117,Marshall County,,KS,658,12803,13461,2,2,4,100,129,229,6,0.269256,0.278767,2945,0.000091,0.00008,57,0.00011,0,31,0.5,0.000642
20119,Meade County,,KS,433,5101,5534,0,1,1,0,71,71,7,0.252857,0.260723,0,0,0.000006,57,0.000051,0,81,0,0
20121,Miami County,,KS,2327,34090,36417,7,9,16,2019,1455,3474,6,0.30028,0.313452,46.79784,0.000983,0.001075,57,0.00022,0,31,0.583333,0.007766
20123,Mitchell County,,KS,401,7175,7576,2,1,3,103,54,157,7,0.252526,0.260516,5798,0,0.00002,57,0.000137,0,74,0,0.000168
20125,Montgomery County,,KS,2548,37148,39696,11,10,21,1021,1069,2090,6,0.302474,0.317328,8025.665153,0.001217,0.001263,57,0.000327,0,31,0.287879,0.010335
20127,Morris County,,KS,483,6622,7105,2,2,4,88,91,179,6,0.272804,0.283029,0,0.000124,0.000136,57,0.000083,0,31,0.75,0.00112
20129,Morton County,,KS,432,3716,4148,1,1,2,43,48,91,7,0.22929,0.235349,0,0.000004,0.000009,57,0.000091,0,31,0,0.000154
20131,Nemaha County,,KS,664,12592,13256,3,3,6,204,207,411,7,0.266165,0.276272,2947.791382,0.000091,0.000056,57,0.000115,0,31,0.5,0.000738
20133,Neosho County,,KS,1123,17937,19060,5,6,11,505,490,995,6,0.298794,0.311899,330.815671,0.000022,0.000759,57,0.000194,0,31,0.285714,0.000627
20135,Ness County,,KS,177,3730,3907,0,0,0,0,0,0,0,0,0,0,0,0,37,0.000051,32,82,0,0
20137,Norton County,,KS,446,5944,6390,0,1,1,0,44,44,7,0.23061,0.236804,0,0,0.000003,57,0.000051,0,83,0,0
20139,Osage County,,KS,1336,18936,20272,5,5,10,633,806,1439,7,0.271374,0.282255,573.433885,0.000698,0.000136,57,0.000155,0,31,0.666667,0.004934
20141,Osborne County,,KS,356,4773,5129,0,1,1,0,49,49,8,0.201669,0.205803,0,0,0,57,0.000051,0,84,0,0
20143,Ottawa County,,KS,557,7230,7787,1,1,2,252,257,509,7,0.252483,0.260433,0,0.00002,0.00002,57,0.000085,0,31,0,0.000259
20145,Pawnee County,,KS,540,7034,7574,1,1,2,73,122,195,7,0.230457,0.236535,0,0.000007,0.000002,57,0.000086,0,31,0,0.000125
20147,Phillips County,,KS,397,6704,7101,0,1,1,0,44,44,7,0.23061,0.236804,0,0,0.000003,57,0.000051,0,85,0,0
20149,Pottawatomie County,,KS,1728,22423,24151,6,7,13,1005,827,1832,6,0.300529,0.314044,343.10244,0.0008,0.000992,57,0.000178,0,31,0.595238,0.005887
20151,Pratt County,,KS,833,10391,11224,2,2,4,117,144,261,7,0.277613,0.289525,0,0.000272,0.000288,57,0.000094,0,31,1,0.002361
20153,Rawlins County,,KS,156,3009,3165,0,0,0,0,0,0,0,0,0,0,0,0,38,0.000051,33,86,0,0
20155,Reno County,,KS,3858,69894,73752,12,12,24,1483,1728,3211,6,0.299566,0.313826,2202.004463,0.000997,0.000966,57,0.000387,0,31,0.442308,0.008034
20157,Republic County,,KS,270,6163,6433,0,1,1,0,56,56,7,0.212303,0.217017,0,0,0,57,0.000051,0,87,0,0
20159,Rice County,,KS,875,10912,11787,3,4,7,240,349,589,7,0.277719,0.289985,1.461111,0.000022,0.000294,57,0.000135,0,31,0.833333,0.000415
20161,Riley County,,KS,10436,48320,58756,43,40,83,4427,5318,9745,5,0.368234,0.393846,29203.417178,0.010193,0.013959,57,0.000898,0,31,0.342408,0.08024
20163,Rooks County,,KS,366,5936,6302,1,1,2,62,80,142,7,0.230567,0.236713,0,0.000008,0.000003,57,0.000098,0,31,0,0.000138
20165,Rush County,,KS,278,3768,4046,1,2,3,69,111,180,7,0.230641,0.237058,0,0.000008,0.000006,57,0.000098,0,31,1,0.000138
20167,Russell County,,KS,511,7635,8146,1,1,2,134,80,214,7,0.230567,0.236713,0,0.000008,0.000003,57,0.000098,0,31,0,0.000138
20169,Saline County,,KS,4102,63294,67396,18,17,35,1971,1969,3940,6,0.337723,0.357948,28651.71856,0.002569,0.002531,57,0.000686,0,31,0.297619,0.019348
20171,Scott County,,KS,483,5635,6118,1,1,2,69,84,153,7,0.256415,0.265074,0,0.000034,0.000012,57,0.000069,0,31,0,0.000196
20173,Sedgwick County,,KS,24541,528739,553280,101,96,197,16634,15468,32102,6,0.384146,0.418657,115448.816457,0.035579,0.033539,57,0.001795,0,31,0.315909,0.265418
20175,Seward County,,KS,2501,25139,27640,9,11,20,730,996,1726,6,0.338314,0.357983,16664.644167,0.000792,0.002248,57,0.000391,0,31,0.242424,0.006291
20177,Shawnee County,,KS,9859,196329,206188,34,37,71,5633,5760,11393,6,0.362205,0.388302,36973.279757,0.007061,0.011418,57,0.000776,0,31,0.292784,0.055033
20179,Sheridan County,,KS,168,3227,3395,0,0,0,0,0,0,0,0,0,0,0,0,39,0.000051,34,88,0,0
20181,Sherman County,,KS,470,6314,6784,0,0,0,0,0,0,0,0,0,0,0,0,40,0.000051,35,89,0,0
20183,Smith County,,KS,304,4917,5221,0,0,0,0,0,0,0,0,0,0,0,0,41,0.000051,36,90,0,0
20185,Stafford County,,KS,380,5009,5389,1,1,2,64,51,115,7,0.230457,0.236535,0,0.000007,0.000002,57,0.000086,0,31,0,0.000125
20187,Stanton County,,KS,249,2435,2684,0,0,0,0,0,0,0,0,0,0,0,0,42,0.000051,37,91,0,0
20189,Stevens County,,KS,549,6170,6719,2,1,3,107,84,191,7,0.252813,0.26064,0,0.000018,0.000006,57,0.000109,0,31,1,0.000237
20191,Sumner County,,KS,2136,26908,29044,4,5,9,1017,1311,2328,7,0.277799,0.290272,3.920635,0.000282,0.00031,57,0.000179,0,31,0.6,0.00258
20193,Thomas County,,KS,693,8321,9014,1,1,2,51,49,100,7,0.23061,0.236804,2899,0,0.000003,57,0.000094,0,79,0,0.000084
20195,Trego County,,KS,232,3667,3899,0,1,1,0,41,41,7,0.23061,0.236804,0,0,0.000003,57,0.000051,0,92,0,0
20197,Wabaunsee County,,KS,631,7860,8491,3,3,6,345,306,651,6,0.272804,0.283144,0,0.000208,0.000142,57,0.000109,0,31,1,0.001445
20199,Wallace County,,KS,126,1815,1941,0,0,0,0,0,0,0,0,0,0,0,0,43,0.000051,38,93,0,0
20201,Washington County,,KS,371,7325,7696,1,2,3,49,91,140,6,0.269256,0.278767,0,0.000001,0.000081,57,0.000097,0,31,0.5,0.000093
20203,Wichita County,,KS,251,2751,3002,0,0,0,0,0,0,0,0,0,0,0,0,44,0.000051,39,94,0,0
20205,Wilson County,,KS,764,10727,11491,3,3,6,299,298,597,7,0.277852,0.29006,314.766013,0.00028,0.00029,57,0.000122,0,31,0.5,0.002473
20207,Woodson County,,KS,294,3519,3813,1,1,2,41,57,98,8,0.212885,0.217931,0,0.000001,0,57,0.000079,0,31,0,0.000092
20209,Wyandotte County,,KS,13351,153680,167031,22,19,41,8883,10196,19079,6,0.355539,0.378916,840.588852,0.00769,0.007772,57,0.000402,0,31,0.598333,0.057058
21001,Adair County,,KY,843,16753,17596,5,2,7,349,275,624,7,0.227741,0.234179,801.621194,0.000421,0.000004,123,0.000235,0,31,0.3,0.003832
21003,Allen County,,KY,998,19581,20579,5,5,10,556,496,1052,7,0.263215,0.27335,620.981618,0.000095,0.000177,142,0.000209,0,31,0.433333,0.001876
21005,Anderson County,,KY,1561,24176,25737,8,9,17,1213,1003,2216,6,0.293083,0.307011,52.119186,0.000709,0.000701,123,0.000239,0,31,0.569444,0.005927
21007,Ballard County,,KY,481,9162,9643,2,1,3,230,217,447,7,0.23996,0.247039,0,0.000015,0.000006,5,0.000104,0,31,0.5,0.000237
21009,Barren County,,KY,2161,43825,45986,8,7,15,1394,1151,2545,6,0.291931,0.305153,9527.167584,0.000519,0.000497,142,0.000367,0,31,0.303571,0.005085
21011,Bath County,,KY,808,11464,12272,3,3,6,404,438,842,6,0.285012,0.29671,599.124927,0.000007,0.000208,123,0.000136,0,31,0.666667,0.000315
21013,Bell County,,KY,1472,24845,26317,5,7,12,608,835,1443,7,0.230329,0.238813,197.281157,0.000012,0.000022,142,0.000219,0,31,0.309524,0.000542
21015,Boone County,,KY,11487,124601,136088,24,22,46,9382,7781,17163,6,0.357778,0.38147,13291.406948,0.007847,0.007282,123,0.000407,0,31,0.464286,0.054373
21017,Bourbon County,,KY,1590,21335,22925,6,6,12,927,949,1876,6,0.285068,0.29717,1476.405441,0.000274,0.000217,123,0.000226,0,31,0.6,0.002262
21019,Boyd County,,KY,3003,50461,53464,8,9,17,1659,1728,3387,6,0.28676,0.29973,4478.543043,0.000277,0.000235,123,0.000318,0,31,0.361111,0.002563
21021,Boyle County,,KY,2184,28530,30714,7,8,15,1274,1287,2561,6,0.293112,0.306953,1812.004197,0.000685,0.000688,123,0.000213,0,31,0.660714,0.005689
21023,Bracken County,,KY,670,10257,10927,4,4,8,330,347,677,6,0.26012,0.269249,12.114748,0.000066,0.000062,123,0.000131,0,31,0.5,0.000818
21025,Breathitt County,,KY,479,12778,13257,1,2,3,89,98,187,6,0.285012,0.296486,0,0.000002,0.000206,123,0.000086,0,31,1,0.000108
21027,Breckinridge County,,KY,1087,19873,20960,6,6,12,720,643,1363,6,0.293498,0.306873,698.607966,0.000516,0.000594,123,0.000178,0,31,0.47619,0.004782
21029,Bullitt County,,KY,5406,81699,87105,10,10,20,5057,4067,9124,6,0.293379,0.307131,32.947736,0.000553,0.000616,123,0.000281,0,31,0.466667,0.005448
21031,Butler County,,KY,660,13253,13913,2,1,3,231,248,479,7,0.255083,0.263263,0,0.000025,0.000022,142,0.000125,0,31,1,0.000415
21033,Caldwell County,,KY,712,13590,14302,4,4,8,283,275,558,6,0.268011,0.277858,3809.137786,0.000012,0.000125,5,0.000187,0,31,0.3,0.00044
21035,Calloway County,,KY,2413,34080,36493,7,6,13,808,855,1663,6,0.30317,0.317616,5538.859991,0.000657,0.001101,5,0.000269,0,31,0.357143,0.006194
21037,Campbell County,,KY,7190,96147,103337,12,12,24,5092,5612,10704,6,0.299597,0.315396,963.990666,0.002124,0.001594,123,0.000232,0,31,0.634615,0.014524
21039,Carlisle County,,KY,377,5703,6080,0,4,4,0,253,253,7,0.240142,0.247845,0,0,0.000006,5,0.000051,0,95,0.583333,0
21041,Carroll County,,KY,1009,12706,13715,7,7,14,477,506,983,6,0.291931,0.305182,138.084348,0.00012,0.000541,123,0.000207,0,31,0.388889,0.001473
21043,Carter County,,KY,1277,28600,29877,5,4,9,491,537,1028,6,0.285124,0.297055,3682.465422,0.000009,0.000216,123,0.000231,0,31,0.433333,0.000563
21045,Casey County,,KY,732,15198,15930,3,6,9,206,448,654,7,0.228099,0.235645,15.469444,0.000013,0.000025,123,0.000138,0,31,0.333333,0.000439
21047,Christian County,,KY,10460,68887,79347,31,30,61,4515,5704,10219,5,0.364437,0.388682,13309.44246,0.01519,0.010416,142,0.000458,0,31,0.525471,0.11507
21049,Clark County,,KY,2497,37636,40133,9,8,17,1597,1395,2992,6,0.285152,0.297573,527.946384,0.000291,0.000228,123,0.000312,0,31,0.472222,0.002686
21051,Clay County,,KY,780,17576,18356,3,2,5,302,344,646,7,0.226938,0.233374,23.246909,0.000006,0.000007,123,0.000176,0,31,0.333333,0.000338
21053,Clinton County,,KY,356,9499,9855,1,1,2,60,98,158,7,0.221814,0.227245,0,0.000002,0,123,0.000112,0,31,0,0.000092
21055,Crittenden County,,KY,538,9200,9738,4,3,7,178,141,319,7,0.212323,0.217546,14.589837,0.000001,0,5,0.000213,0,31,0.25,0.000371
21057,Cumberland County,,KY,339,6859,7198,0,0,0,0,0,0,0,0,0,0,0,0,45,0.000051,40,96,0,0
21059,Daviess County,,KY,4307,107041,111348,15,14,29,2188,2068,4256,6,0.305761,0.322124,14266.882373,0.001336,0.001366,26,0.000463,0,31,0.271429,0.011463
21061,Edmonson County,,KY,995,13560,14555,4,3,7,529,530,1059,7,0.255218,0.263838,4.047917,0.000448,0.00003,142,0.000159,0,31,0.75,0.003995
21063,Elliott County,,KY,335,5916,6251,1,2,3,56,87,143,7,0.221933,0.227687,0,0.000005,0,123,0.000081,0,31,0.833333,0.000114
21065,Estill County,,KY,719,14907,15626,3,4,7,390,448,838,6,0.284928,0.296653,0.8171,0.00001,0.000214,123,0.000148,0,31,0.916667,0.000395
21067,Fayette County,,KY,21716,280330,302046,93,91,184,13329,14708,28037,5,0.398132,0.431481,257758.179997,0.025847,0.032456,123,0.002149,0,31,0.222812,0.19265
21069,Fleming County,,KY,734,15460,16194,3,2,5,363,211,574,7,0.227009,0.233673,17.270382,0.000007,0.000004,123,0.000133,0,31,0.333333,0.000316
21071,Floyd County,,KY,1674,37350,39024,5,4,9,746,800,1546,6,0.28518,0.296992,2918.935799,0.00026,0.000211,123,0.000226,0,31,0.45,0.002086
21073,Franklin County,,KY,3488,55226,58714,8,9,17,1588,1900,3488,6,0.29335,0.307528,204.333893,0.000706,0.000698,123,0.00024,0,31,0.433333,0.005931
21075,Fulton County,,KY,627,6399,7026,2,3,5,253,293,546,7,0.23797,0.245095,2.133333,0.00001,0.000011,5,0.000118,0,31,0.666667,0.000241
21077,Gallatin County,,KY,734,6015,6749,6,5,11,511,524,1035,6,0.267516,0.277387,6.081704,0.000122,0.000109,123,0.000167,0,31,0.6,0.001381
21079,Garrard County,,KY,1464,16727,18191,6,6,12,1071,901,1972,6,0.285152,0.297257,0.926874,0.00028,0.000225,123,0.000201,0,31,0.933333,0.002356
21081,Grant County,,KY,2423,27275,29698,10,10,20,1893,1722,3615,6,0.296683,0.311163,335.122645,0.000893,0.000819,123,0.000256,0,31,0.518182,0.006386
21083,Graves County,,KY,1899,38816,40715,7,6,13,922,876,1798,7,0.240358,0.24858,3100.417156,0.000033,0.000016,5,0.000303,0,31,0.261905,0.000793
21085,Grayson County,,KY,1077,26838,27915,4,6,10,459,543,1002,6,0.293439,0.306786,244.893161,0.000496,0.000596,123,0.000153,0,31,0.5,0.004498
21087,Green County,,KY,627,11925,12552,1,3,4,176,274,450,7,0.260541,0.270314,0,0.000006,0.000105,123,0.000087,0,31,0.666667,0.000129
21089,Greenup County,,KY,2144,39388,41532,8,6,14,1527,1237,2764,6,0.286534,0.298925,2867.515047,0.001035,0.000227,123,0.000263,0,31,0.464286,0.007489
21091,Hancock County,,KY,582,9776,10358,2,3,5,319,373,692,7,0.234998,0.242533,4.150433,0.000011,0.000015,26,0.000111,0,31,0.5,0.000297
21093,Hardin County,,KY,11348,107043,118391,42,35,77,5823,5678,11501,6,0.352041,0.376996,15124.629501,0.012416,0.009815,123,0.000698,0,31,0.361702,0.090969
21095,Harlan County,,KY,941,27603,28544,4,3,7,262,215,477,6,0.285377,0.297009,1370.85352,0.000263,0.000204,142,0.000162,0,31,0.333333,0.002011
21097,Harrison County,,KY,1091,19934,21025,5,5,10,607,578,1185,6,0.285012,0.29694,1503.70412,0.000272,0.000219,123,0.000184,0,31,0.5,0.002156
21099,Hart County,,KY,937,18428,19365,5,4,9,557,505,1062,7,0.262476,0.272879,10.857239,0.000525,0.000128,142,0.000187,0,31,0.75,0.004812
21101,Henderson County,,KY,2506,50894,53400,6,8,14,1220,1367,2587,6,0.294213,0.308512,3342.823988,0.000103,0.000731,26,0.000181,0,31,0.5,0.00108
21103,Henry County,,KY,1322,16742,18064,5,5,10,878,914,1792,6,0.291667,0.304434,68.144054,0.000433,0.000482,123,0.000172,0,31,0.65,0.003949
21105,Hickman County,,KY,276,5030,5306,2,2,4,104,109,213,7,0.24006,0.247413,0,0,0.000006,5,0.000104,0,31,0.666667,0.000187
21107,Hopkins County,,KY,2320,50773,53093,9,11,20,973,1114,2087,6,0.29864,0.314326,7762.047633,0.00061,0.001137,26,0.00027,0,31,0.325758,0.00573
21109,Jackson County,,KY,588,12610,13198,3,3,6,256,347,603,7,0.227223,0.234236,7.646861,0.000012,0.000013,123,0.000189,0,31,0.666667,0.000416
21111,Jefferson County,,KY,35630,793782,829412,158,134,292,26846,26409,53255,5,0.411239,0.448746,224820.038863,0.059193,0.05256,123,0.0024,0,31,0.296166,0.424178
21113,Jessamine County,,KY,4360,44858,49218,11,11,22,2871,2451,5322,6,0.293201,0.307471,132.423076,0.000715,0.000704,123,0.000326,0,31,0.554545,0.006291
21115,Johnson County,,KY,1219,21934,23153,6,6,12,615,555,1170,6,0.285264,0.297395,12673.014955,0.000259,0.000211,123,0.000279,0,31,0.3,0.002175
21117,Kenton County,,KY,14399,172443,186842,18,23,41,11611,11195,22806,5,0.35106,0.373395,11147.807037,0.004888,0.006469,123,0.000324,0,31,0.442029,0.034196
21119,Knott County,,KY,767,14494,15261,3,4,7,366,418,784,6,0.285377,0.297124,8.363936,0.000005,0.000208,123,0.000164,0,31,0.583333,0.000312
21121,Knox County,,KY,1524,29065,30589,5,4,9,989,949,1938,6,0.28518,0.297004,849.234728,0.000272,0.000213,123,0.000185,0,31,0.75,0.002191
21123,Larue County,,KY,1063,14927,15990,4,4,8,625,645,1270,6,0.293171,0.306039,56.545282,0.000498,0.000574,123,0.000154,0,31,0.75,0.004526
21125,Laurel County,,KY,3061,56800,59861,11,10,21,1736,1638,3374,6,0.293498,0.307764,9678.667594,0.000915,0.000694,123,0.000413,0,31,0.325758,0.007369
21127,Lawrence County,,KY,837,14564,15401,4,4,8,425,313,738,7,0.223198,0.229771,54.270322,0.000004,0.000004,123,0.000196,0,31,0.333333,0.000415
21129,Lee County,,KY,301,6192,6493,0,0,0,0,0,0,0,0,0,0,0,0,46,0.000051,41,97,0,0
21131,Leslie County,,KY,422,10845,11267,1,2,3,76,142,218,7,0.222154,0.227931,2.833333,0.000002,0.000002,123,0.000086,0,31,0,0.000108
21133,Letcher County,,KY,871,23110,23981,4,6,10,290,372,662,6,0.28594,0.298211,148.430629,0.000006,0.000213,123,0.000209,0,31,0.3,0.000443
21135,Lewis County,,KY,636,13631,14267,2,4,6,269,309,578,7,0.238283,0.246003,44.712615,0.000008,0.000017,123,0.000103,0,31,0.333333,0.000258
21137,Lincoln County,,KY,1718,25649,27367,9,9,18,1251,1182,2433,6,0.285433,0.298119,617.562563,0.000288,0.000237,123,0.000292,0,31,0.583333,0.00273
21139,Livingston County,,KY,749,10115,10864,4,3,7,380,434,814,7,0.24004,0.247499,1078.024057,0.000015,0.000006,5,0.000245,0,31,0.583333,0.000437
21141,Logan County,,KY,1495,28438,29933,8,6,14,807,759,1566,6,0.278707,0.290511,559.541785,0.000871,0.00033,142,0.000232,0,31,0.482143,0.008541
21143,Lyon County,,KY,634,7600,8234,3,5,8,195,300,495,7,0.240598,0.248523,1097.213418,0.000016,0.000006,5,0.000193,0,31,0.5,0.000342
21145,McCracken County,,KY,4435,71139,75574,12,11,23,2021,2011,4032,6,0.315686,0.332643,37381.609703,0.000704,0.001862,5,0.000551,0,31,0.197802,0.006278
21147,McCreary County,,KY,590,14394,14984,2,3,5,154,233,387,7,0.229508,0.236593,36.406651,0.000009,0.000013,123,0.000121,0,31,0.333333,0.000294
21149,McLean County,,KY,576,10585,11161,3,2,5,370,329,699,7,0.23422,0.241331,1.29408,0.00002,0.000013,26,0.000132,0,31,0.833333,0.000442
21151,Madison County,,KY,5960,76476,82436,16,16,32,2848,2945,5793,6,0.293706,0.308966,5912.198796,0.000719,0.00078,123,0.000528,0,31,0.278947,0.006854
21153,Magoffin County,,KY,492,11449,11941,1,2,3,90,153,243,7,0.222001,0.227756,0,0.000002,0.000004,123,0.00009,0,31,1,0.000112
21155,Marion County,,KY,847,19476,20323,4,5,9,382,476,858,6,0.292934,0.306263,15.139548,0.000428,0.000683,123,0.000184,0,31,0.65,0.003831
21157,Marshall County,,KY,1895,34252,36147,5,4,9,1051,867,1918,7,0.240159,0.247902,35.090312,0.000024,0.000011,5,0.000277,0,31,0.55,0.000585
21159,Martin County,,KY,495,9812,10307,2,3,5,106,236,342,7,0.224321,0.230587,18.31167,0.000002,0.000002,123,0.000132,0,31,0.333333,0.000206
21161,Mason County,,KY,1254,18477,19731,6,6,12,582,649,1231,6,0.28518,0.297401,3686.048099,0.00027,0.000217,123,0.000213,0,31,0.1,0.002218
21163,Meade County,,KY,3333,29332,32665,6,7,13,1492,1642,3134,6,0.310811,0.32699,146.764281,0.001393,0.001898,123,0.000153,0,31,0.642857,0.011426
21165,Menifee County,,KY,479,5847,6326,1,3,4,157,210,367,7,0.226903,0.233615,1.45,0.000002,0.000004,123,0.000083,0,31,0.833333,0.000114
21167,Mercer County,,KY,1424,24014,25438,8,8,16,780,844,1624,6,0.304156,0.320681,230.228135,0.000287,0.000739,123,0.000248,0,31,0.455556,0.002636
21169,Metcalfe County,,KY,669,10409,11078,1,1,2,215,291,506,7,0.225983,0.231907,0,0.000004,0.000004,142,0.000095,0,31,0,0.000136
21171,Monroe County,,KY,526,11674,12200,2,2,4,131,191,322,7,0.232696,0.239462,6.433991,0.000005,0.000009,142,0.000131,0,31,0.5,0.000243
21173,Montgomery County,,KY,1815,26611,28426,7,7,14,1102,987,2089,6,0.285096,0.297343,5029.038845,0.000268,0.000217,123,0.000264,0,31,0.428571,0.002296
21175,Morgan County,,KY,554,11935,12489,2,2,4,109,130,239,7,0.226885,0.233385,14.63338,0.000005,0.000002,123,0.000115,0,31,0.666667,0.000201
21177,Muhlenberg County,,KY,1193,33242,34435,6,6,12,434,492,926,7,0.255962,0.265258,45.032164,0.000051,0.000047,26,0.000231,0,31,0.404762,0.001028
21179,Nelson County,,KY,2349,48665,51014,9,8,17,1615,1457,3072,6,0.294662,0.30873,112.157139,0.00078,0.000786,123,0.000294,0,31,0.444444,0.006713
21181,Nicholas County,,KY,466,7693,8159,2,3,5,197,226,423,6,0.284872,0.296423,0,0.000003,0.000208,123,0.000114,0,31,1,0.000222
21183,Ohio County,,KY,1195,24716,25911,6,4,10,610,681,1291,7,0.255804,0.264655,239.088027,0.00028,0.000033,26,0.000223,0,31,0.285714,0.002151
21185,Oldham County,,KY,4372,58954,63326,8,8,16,2966,2582,5548,6,0.293053,0.306838,94.913435,0.000708,0.000698,123,0.00023,0,31,0.5,0.005954
21187,Owen County,,KY,781,10582,11363,7,7,14,614,508,1122,6,0.285208,0.297573,54.742947,0.000137,0.000286,123,0.000203,0,31,0.589286,0.001568
21189,Owsley County,,KY,191,3760,3951,0,0,0,0,0,0,0,0,0,0,0,0,47,0.000051,42,98,0,0
21191,Pendleton County,,KY,1177,15062,16239,6,6,12,821,859,1680,6,0.267615,0.277646,142.740614,0.000627,0.000127,123,0.000152,0,31,0.595238,0.004355
21193,Perry County,,KY,1261,28795,30056,5,5,10,492,588,1080,6,0.285433,0.297354,10725.332561,0.00026,0.000204,123,0.000208,0,31,0.25,0.00202
21195,Pike County,,KY,2332,58613,60945,6,5,11,843,878,1721,6,0.286194,0.298096,5378.7171,0.000675,0.000208,123,0.00025,0,31,0.3,0.0055
21197,Powell County,,KY,932,13104,14036,5,5,10,420,521,941,6,0.285012,0.29694,3395.585964,0.000261,0.000214,123,0.00021,0,31,0.5,0.002073
21199,Pulaski County,,KY,2657,61806,64463,12,10,22,1154,1010,2164,6,0.29335,0.307614,17363.642254,0.001263,0.000687,123,0.00044,0,31,0.280303,0.009834
21201,Robertson County,,KY,144,2014,2158,0,0,0,0,0,0,0,0,0,0,0,0,48,0.000051,43,99,0,0
21203,Rockcastle County,,KY,861,16232,17093,5,5,10,500,517,1017,6,0.285124,0.297142,0.9,0.000274,0.000229,123,0.000199,0,31,0.9,0.002283
21205,Rowan County,,KY,1733,19721,21454,7,9,16,642,852,1494,6,0.293231,0.307298,15189.123844,0.000261,0.000674,123,0.000317,0,31,0.2,0.002237
21207,Russell County,,KY,629,17211,17840,3,2,5,257,191,448,7,0.226903,0.233431,9.17619,0.000006,0.000013,123,0.000208,0,31,0.5,0.000392
21209,Scott County,,KY,3722,45143,48865,15,13,28,2799,2160,4959,6,0.306181,0.324068,578.846856,0.000821,0.001507,123,0.000411,0,31,0.35,0.007414
21211,Shelby County,,KY,2926,41112,44038,9,8,17,2181,1727,3908,6,0.293083,0.306896,66.851026,0.000711,0.000697,123,0.000261,0,31,0.5,0.00608
21213,Simpson County,,KY,1269,18307,19576,5,6,11,689,733,1422,6,0.300872,0.314073,132.27397,0.000095,0.000807,142,0.000198,0,31,0.666667,0.001953
21215,Spencer County,,KY,1213,16973,18186,5,4,9,1347,863,2210,6,0.29152,0.304032,0.7,0.000436,0.000482,123,0.000173,0,31,0.8,0.004011
21217,Taylor County,,KY,1389,24302,25691,6,6,12,589,616,1205,6,0.294662,0.3085,6963.581777,0.000498,0.000774,123,0.000258,0,31,0.309524,0.004668
21219,Todd County,,KY,835,12611,13446,3,4,7,419,452,871,6,0.278654,0.290039,121.410389,0.000286,0.000421,142,0.000112,0,31,0.583333,0.003341
21221,Trigg County,,KY,941,14485,15426,2,3,5,376,354,730,6,0.278573,0.289752,1596.307548,0.000283,0.000414,142,0.000079,0,31,0.5,0.003181
21223,Trimble County,,KY,706,9468,10174,5,5,10,432,469,901,6,0.291755,0.304607,81.415361,0.000435,0.000481,123,0.00017,0,31,0.55,0.003941
21225,Union County,,KY,920,16173,17093,2,4,6,225,438,663,7,0.267343,0.277212,71.176855,0.000006,0.000042,26,0.000093,0,31,0.416667,0.000196
21227,Warren County,,KY,7032,105855,112887,20,21,41,3348,3382,6730,6,0.342391,0.363527,19053.402825,0.002835,0.003193,142,0.000669,0,31,0.266667,0.025195
21229,Washington County,,KY,632,12277,12909,5,3,8,418,281,699,6,0.28504,0.296739,3.163131,0.000437,0.000213,123,0.000177,0,31,0.633333,0.003961
21231,Wayne County,,KY,661,19547,20208,3,3,6,235,258,493,6,0.285012,0.296682,6421.071991,0.000006,0.000213,123,0.000218,0,31,0.333333,0.000355
21233,Webster County,,KY,904,14839,15743,3,4,7,427,576,1003,7,0.267541,0.277499,139.308907,0.000015,0.000047,26,0.000111,0,31,0.75,0.000336
21235,Whitley County,,KY,2097,34904,37001,5,7,12,1097,1162,2259,6,0.292639,0.306125,1278.008793,0.000266,0.000612,123,0.000202,0,31,0.452381,0.002145
21237,Wolfe County,,KY,400,6711,7111,0,1,1,0,71,71,7,0.221857,0.227408,0,0,0.000002,123,0.000051,0,100,0,0
21239,Woodford County,,KY,1944,26947,28891,5,6,11,1120,1168,2288,6,0.292994,0.306493,0.458333,0.000284,0.000693,123,0.000168,0,31,0.933333,0.002264
22001,Acadia Parish,,LA,3287,62305,65592,10,11,21,2237,2233,4470,6,0.321108,0.339907,47.559022,0.001485,0.001825,148,0.000188,0,31,0.818182,0.012051
22003,Allen Parish,,LA,1436,22299,23735,10,8,18,841,863,1704,6,0.270008,0.282505,128.23869,0.001287,0.000305,148,0.000195,0,31,0.611111,0.01085
22005,Ascension Parish,,LA,7083,101114,108197,26,21,47,7511,4849,12360,6,0.321678,0.341977,782.655706,0.004085,0.003416,148,0.000451,0,31,0.479064,0.034203
22007,Assumption Parish,,LA,1560,26286,27846,6,7,13,976,1110,2086,6,0.288847,0.302139,0.201923,0.000708,0.001059,148,0.000127,0,31,0.952381,0.005786
22009,Avoyelles Parish,,LA,1985,42408,44393,7,9,16,761,1080,1841,6,0.321179,0.339792,162.609284,0.001693,0.002099,148,0.000148,0,31,0.75,0.013548
22011,Beauregard Parish,,LA,2900,32627,35527,5,5,10,1414,1303,2717,6,0.269933,0.281988,22.332148,0.000467,0.00028,148,0.000121,0,31,0.690476,0.003639
22013,Bienville Parish,,LA,944,14697,15641,6,6,12,560,556,1116,7,0.267936,0.279409,20.830285,0.000275,0.000253,148,0.00016,0,31,0.619048,0.002522
22015,Bossier Parish,,LA,13021,113035,126056,38,34,72,8633,8040,16673,6,0.353458,0.379457,9601.040228,0.013738,0.010805,148,0.000556,0,31,0.426004,0.10645
22017,Caddo Parish,,LA,17537,264539,282076,46,48,94,10718,12264,22982,6,0.36375,0.392184,18192.655408,0.013196,0.016785,148,0.00072,0,31,0.37218,0.106328
22019,Calcasieu Parish,,LA,10003,189653,199656,39,37,76,6290,6200,12490,6,0.347774,0.372815,8050.024185,0.009409,0.009952,148,0.000585,0,31,0.393434,0.079562
22021,Caldwell Parish,,LA,599,9791,10390,1,3,4,114,304,418,7,0.257875,0.267815,18.636579,0.000074,0.000058,148,0.000065,0,31,0.333333,0.000569
22023,Cameron Parish,,LA,999,6745,7744,2,4,6,390,847,1237,7,0.258128,0.267979,1.901464,0.000181,0.000097,148,0.000078,0,31,0.6,0.001867
22025,Catahoula Parish,,LA,561,10056,10617,3,5,8,239,296,535,7,0.258727,0.269477,26.226485,0.000015,0.000096,148,0.000149,0,31,0.45,0.000312
22027,Claiborne Parish,,LA,890,15282,16172,4,5,9,332,444,776,7,0.267862,0.279121,1.401923,0.000261,0.00024,148,0.000112,0,31,0.933333,0.001939
22029,Concordia Parish,,LA,1350,19308,20658,5,6,11,525,619,1144,6,0.287529,0.300978,5376.405122,0.00043,0.000683,148,0.000135,0,31,0.452381,0.003157
22031,De Soto Parish,,LA,1904,28432,30336,6,5,11,1423,1228,2651,6,0.320611,0.338314,132.695224,0.000264,0.001206,148,0.000143,0,31,0.619048,0.002464
22033,East Baton Rouge Parish,,LA,33893,425706,459599,96,102,198,22001,27100,49101,5,0.390566,0.425713,59351.62553,0.029027,0.037016,148,0.00143,0,31,0.291703,0.228542
22035,East Carroll Parish,,LA,437,7334,7771,2,1,3,111,77,188,8,0.205023,0.209933,0,0.000075,0.000001,148,0.000109,0,31,1,0.000668
22037,East Feliciana Parish,,LA,1522,20037,21559,3,3,6,907,1018,1925,6,0.280977,0.293116,0.333333,0.000316,0.000258,148,0.000108,0,31,0.833333,0.002383
22039,Evangeline Parish,,LA,1755,33944,35699,9,11,20,1114,1208,2322,6,0.32125,0.340137,82.821454,0.000584,0.001853,148,0.000184,0,31,0.763636,0.004858
22041,Franklin Parish,,LA,1160,20633,21793,4,5,9,423,596,1019,6,0.317068,0.332747,1121.823452,0.000076,0.001127,148,0.000139,0,31,0.366667,0.000853
22043,Grant Parish,,LA,1668,19349,21017,3,3,6,995,965,1960,7,0.249483,0.258705,0,0.000081,0.000049,148,0.000098,0,31,1,0.000717
22045,Iberia Parish,,LA,4171,80297,84468,11,14,25,2509,3073,5582,6,0.321286,0.340539,5.499022,0.001823,0.002429,148,0.000194,0,31,0.774725,0.014949
22047,Iberville Parish,,LA,2269,32759,35028,7,7,14,1260,1675,2935,6,0.288847,0.302139,170.680657,0.001567,0.001041,148,0.000172,0,31,0.821429,0.013401
22049,Jackson Parish,,LA,1232,16148,17380,5,4,9,547,573,1120,7,0.257944,0.268103,11.485764,0.000248,0.000077,148,0.000136,0,31,0.6,0.001982
22051,Jefferson Parish,,LA,40493,354497,394990,115,98,213,33453,34026,67479,5,0.396443,0.431079,32750.506514,0.045407,0.039997,148,0.001513,0,31,0.364452,0.339756
22053,Jefferson Davis Parish,,LA,2156,32259,34415,9,9,18,1240,1503,2743,6,0.320895,0.33936,435.157974,0.001167,0.001419,148,0.000182,0,31,0.711111,0.010006
22055,Lafayette Parish,,LA,15520,212546,228066,40,43,83,10871,11594,22465,6,0.354973,0.381568,4257.380739,0.010278,0.012989,148,0.000599,0,31,0.399592,0.084011
22057,Lafourche Parish,,LA,5255,97370,102625,12,16,28,3096,3517,6613,6,0.321322,0.340827,87.034422,0.002232,0.002634,148,0.000221,0,31,0.6875,0.019079
22059,La Salle Parish,,LA,656,13785,14441,4,2,6,241,145,386,7,0.249419,0.258417,163.471601,0.000049,0.000036,148,0.00013,0,31,0.25,0.000699
22061,Lincoln Parish,,LA,3500,37715,41215,15,17,32,1491,1846,3337,6,0.328088,0.348384,2821.285491,0.00216,0.004893,148,0.000306,0,31,0.552632,0.018294
22063,Livingston Parish,,LA,8299,115606,123905,25,19,44,8412,5558,13970,6,0.321643,0.34169,1092.00256,0.003457,0.002512,148,0.000469,0,31,0.430199,0.030405
22065,Madison Parish,,LA,750,11752,12502,3,3,6,195,310,505,7,0.258174,0.268304,18.45923,0.000102,0.000064,148,0.000107,0,31,0.333333,0.000812
22067,Morehouse Parish,,LA,2014,30711,32725,6,9,15,773,1103,1876,6,0.317485,0.333868,1822.275624,0.000858,0.001252,148,0.000194,0,31,0.430556,0.007139
22069,Natchitoches Parish,,LA,2616,36981,39597,11,17,28,1107,1472,2579,6,0.328051,0.348326,3645.605372,0.001575,0.004143,148,0.000229,0,31,0.51462,0.01288
22071,Orleans Parish,,LA,33056,137142,170198,144,93,237,48347,27607,75954,5,0.395415,0.429342,50745.098587,0.049482,0.038294,148,0.002007,0,31,0.292185,0.376995
22073,Ouachita Parish,,LA,9720,155379,165099,32,40,72,4898,5801,10699,6,0.347274,0.372843,49066.5387,0.007184,0.009405,148,0.000665,0,31,0.290338,0.057451
22075,Plaquemines Parish,,LA,3771,17879,21650,17,14,31,1892,2079,3971,6,0.337094,0.357919,146.910783,0.00578,0.004218,148,0.000278,0,31,0.65,0.04656
22077,Pointe Coupee Parish,,LA,1342,23485,24827,6,7,13,785,869,1654,6,0.287044,0.300115,2.184524,0.000368,0.000706,148,0.000157,0,31,0.761905,0.00317
22079,Rapides Parish,,LA,7762,139024,146786,27,29,56,4111,4607,8718,6,0.332149,0.354699,13961.913588,0.004511,0.006017,148,0.000504,0,31,0.346702,0.037752
22081,Red River Parish,,LA,614,9349,9963,3,4,7,235,360,595,7,0.267837,0.278977,0,0.00025,0.000227,148,0.000089,0,31,0.916667,0.002088
22083,Richland Parish,,LA,1484,20677,22161,5,5,10,704,803,1507,7,0.257967,0.268247,9.397327,0.000094,0.000065,148,0.000181,0,31,0.5,0.00101
22085,Sabine Parish,,LA,1211,23305,24516,5,7,12,506,608,1114,6,0.274588,0.287417,7.728014,0.000346,0.000416,148,0.000121,0,31,0.738095,0.002697
22087,St. Bernard Parish,,LA,2410,9305,11715,22,12,34,5693,1815,7508,6,0.321215,0.340194,96.698672,0.00428,0.002354,148,0.000378,0,31,0.588745,0.036646
22089,St. Charles Parish,,LA,4965,52160,57125,11,16,27,3302,3448,6750,6,0.325764,0.345175,47.796002,0.002911,0.00369,148,0.00022,0,31,0.716912,0.02476
22091,St. Helena Parish,,LA,1118,13282,14400,4,4,8,637,775,1412,6,0.286959,0.299597,0,0.001259,0.000684,148,0.000113,0,31,1,0.010136
22093,St. James Parish,,LA,1396,25222,26618,8,6,14,954,903,1857,6,0.288818,0.301967,0.225,0.001926,0.001048,148,0.000164,0,31,0.946429,0.01638
22095,St. John the Baptist Parish,,LA,4844,47721,52565,11,12,23,3137,3545,6682,6,0.323763,0.343524,49.720353,0.002897,0.003201,148,0.000229,0,31,0.826923,0.024661
22097,St. Landry Parish,,LA,4826,88732,93558,17,17,34,3300,3499,6799,6,0.321429,0.341115,174.516848,0.002201,0.002574,148,0.000301,0,31,0.573684,0.019184
22099,St. Martin Parish,,LA,3279,55373,58652,10,9,19,2644,2431,5075,6,0.320966,0.339447,2.501464,0.001794,0.00175,148,0.000179,0,31,0.881818,0.014696
22101,St. Mary Parish,,LA,3634,58601,62235,10,14,24,1374,2324,3698,6,0.321286,0.340539,62.413832,0.002023,0.002442,148,0.000184,0,31,0.736264,0.01702
22103,St. Tammany Parish,,LA,17023,180161,197184,64,58,122,12136,11235,23371,5,0.372207,0.40176,6174.381282,0.024983,0.022673,148,0.0009,0,31,0.432062,0.194448
22105,Tangipahoa Parish,,LA,7088,105105,112193,21,19,40,5968,4640,10608,6,0.330709,0.351375,626.879481,0.004939,0.003976,148,0.000378,0,31,0.557971,0.040809
22107,Tensas Parish,,LA,432,5334,5766,1,1,2,43,47,90,7,0.257806,0.267413,0,0.000005,0.000057,148,0.00007,0,31,1,0.000117
22109,Terrebonne Parish,,LA,6369,117933,124302,14,21,35,3461,4046,7507,6,0.326058,0.34621,129.600807,0.002309,0.004397,148,0.000243,0,31,0.602767,0.019934
22111,Union Parish,,LA,1560,22823,24383,4,4,8,791,914,1705,7,0.258427,0.268839,16.610282,0.000133,0.000083,148,0.000113,0,31,0.416667,0.001079
22113,Vermilion Parish,,LA,3156,59276,62432,9,12,21,2165,2192,4357,6,0.321215,0.340194,4.699398,0.001209,0.002225,148,0.000181,0,31,0.780303,0.010464
22115,Vernon Parish,,LA,8860,49408,58268,24,37,61,2276,3842,6118,5,0.356941,0.38308,5020.175649,0.010123,0.0119,148,0.000343,0,31,0.496951,0.077097
22117,Washington Parish,,LA,1981,39932,41913,10,8,18,1572,1033,2605,6,0.288991,0.302542,233.000238,0.002068,0.001251,148,0.000217,0,31,0.581818,0.017794
22119,Webster Parish,,LA,2478,41617,44095,10,9,19,1546,1430,2976,6,0.325728,0.344099,1261.842208,0.001165,0.002116,148,0.000206,0,31,0.509091,0.009698
22121,West Baton Rouge Parish,,LA,2067,24773,26840,5,6,11,1685,1516,3201,6,0.287016,0.299942,0,0.000352,0.000693,148,0.000142,0,31,0.966667,0.002975
22123,West Carroll Parish,,LA,864,11717,12581,4,4,8,280,402,682,7,0.257875,0.26793,2898,0.000084,0.000065,148,0.000206,0,31,0.583333,0.000911
22125,West Feliciana Parish,,LA,933,10729,11662,3,4,7,416,531,947,6,0.286959,0.299597,4.953436,0.000313,0.000623,148,0.000114,0,31,0.65,0.002383
22127,Winn Parish,,LA,890,14128,15018,5,6,11,358,397,755,7,0.25875,0.269707,57.259364,0.000155,0.000107,148,0.000148,0,31,0.433333,0.001386
23001,Androscoggin County,,ME,7230,116793,124023,14,16,30,4172,4538,8710,6,0.335883,0.355826,782.840366,0.002285,0.00327,49,0.000226,0,31,0.546784,0.014703
23003,Aroostook County,,ME,2789,80361,83150,9,7,16,987,1113,2100,6,0.274354,0.286255,14.061675,0.001774,0.000444,49,0.000148,0,31,0.677778,0.009984
23005,Cumberland County,,ME,20239,313871,334110,68,77,145,14001,14139,28140,5,0.377491,0.408949,31360.853075,0.029205,0.036434,49,0.000725,0,31,0.490444,0.194223
23007,Franklin County,,ME,1990,31236,33226,7,7,14,1034,1124,2158,6,0.274354,0.286255,0.333333,0.000503,0.000451,49,0.000143,0,31,0.952381,0.003603
23009,Hancock County,,ME,3043,59954,62997,10,7,17,1313,1369,2682,6,0.300966,0.316718,124.33317,0.001457,0.001141,49,0.000188,0,31,0.7,0.009664
23011,Kennebec County,,ME,6961,136306,143267,19,20,39,4815,4437,9252,6,0.337448,0.358328,1606.170356,0.003131,0.004061,49,0.000302,0,31,0.464427,0.018721
23013,Knox County,,ME,2329,44208,46537,6,8,14,962,1191,2153,6,0.27438,0.286427,0.686671,0.00047,0.000453,49,0.000133,0,31,0.875,0.003333
23015,Lincoln County,,ME,2268,40386,42654,8,8,16,1251,1309,2560,6,0.27438,0.286427,6.344625,0.000836,0.000454,49,0.000151,0,31,0.763889,0.005296
23017,Oxford County,,ME,3035,61356,64391,10,8,18,2342,1806,4148,6,0.300997,0.316891,45.201854,0.001921,0.001189,49,0.000154,0,31,0.8,0.012106
23019,Penobscot County,,ME,7864,161613,169477,27,23,50,5249,4540,9789,6,0.342877,0.364849,5036.950743,0.006061,0.005891,49,0.000379,0,31,0.45914,0.03902
23021,Piscataquis County,,ME,1171,18318,19489,4,4,8,560,606,1166,6,0.274172,0.285536,0,0.000181,0.000309,49,0.000106,0,31,1,0.001593
23023,Sagadahoc County,,ME,3744,41070,44814,7,9,16,2240,2316,4556,6,0.306602,0.322642,155.568344,0.001953,0.001315,49,0.000126,0,31,0.633333,0.013347
23025,Somerset County,,ME,3196,53830,57026,10,8,18,2181,2115,4296,6,0.27438,0.286427,26.180283,0.000871,0.00044,49,0.000186,0,31,0.677778,0.005525
23027,Waldo County,,ME,2451,41673,44124,10,7,17,1393,1424,2817,6,0.27425,0.286054,3.366109,0.000781,0.000331,49,0.000184,0,31,0.7,0.005083
23029,Washington County,,ME,1539,35500,37039,5,4,9,474,609,1083,6,0.274172,0.285536,0.2,0.000445,0.000303,49,0.000123,0,31,0.95,0.003147
23031,York County,,ME,12352,228506,240858,39,39,78,9288,8388,17676,5,0.348988,0.373447,8252.742032,0.013773,0.012587,49,0.000417,0,31,0.460408,0.086701
24001,Allegany County,,MD,2817,74707,77524,11,12,23,1437,1410,2847,6,0.301749,0.3178,3929.549264,0.00262,0.002005,177,0.000252,0,31,0.378205,0.017368
24003,Anne Arundel County,,MD,47257,584338,631595,145,168,313,36142,37043,73185,5,0.40083,0.443766,21835.253471,0.069431,0.072187,177,0.001324,0,31,0.372814,0.468637
24005,Baltimore County,,MD,66348,894470,960818,131,156,287,56349,57947,114296,5,0.407882,0.448988,20384.174289,0.065481,0.073843,177,0.001186,0,31,0.452495,0.433949
24009,Calvert County,,MD,6376,101719,108095,11,16,27,4267,3296,7563,6,0.319339,0.338228,4.874557,0.005482,0.006819,177,0.000136,0,31,0.775735,0.037267
24011,Caroline County,,MD,2504,35265,37769,11,8,19,2351,1755,4106,6,0.296107,0.311163,14.694371,0.00281,0.0015,177,0.000176,0,31,0.754545,0.018985
24013,Carroll County,,MD,10424,200239,210663,13,19,32,7867,6534,14401,6,0.309715,0.329118,21.003967,0.005643,0.006011,177,0.000155,0,31,0.707143,0.036788
24015,Cecil County,,MD,7008,109072,116080,17,16,33,5046,4173,9219,6,0.305342,0.323131,60.073949,0.006357,0.005671,127,0.000184,0,31,0.783626,0.039606
24017,Charles County,,MD,14861,161428,176289,26,43,69,11216,9514,20730,5,0.361392,0.387756,278.674434,0.013668,0.022244,177,0.000263,0,31,0.647549,0.093276
24019,Dorchester County,,MD,1849,35517,37366,10,7,17,1476,1021,2497,6,0.299133,0.314803,3.49047,0.002469,0.001843,177,0.00016,0,31,0.877778,0.016886
24021,Frederick County,,MD,18402,262983,281385,47,47,94,14568,11982,26550,5,0.365309,0.392989,2629.579558,0.024949,0.023912,177,0.000517,0,31,0.597268,0.175704
24023,Garrett County,,MD,1338,33311,34649,6,6,12,500,574,1074,7,0.256392,0.266777,1294.929333,0.001227,0.000091,177,0.00014,0,31,0.321429,0.008021
24025,Harford County,,MD,18567,286423,304990,42,56,98,13050,12345,25395,5,0.367533,0.396751,765.728091,0.020515,0.030461,177,0.00039,0,31,0.631287,0.134991
24027,Howard County,,MD,28628,302899,331527,77,89,166,22420,22100,44520,5,0.381466,0.415258,3674.651932,0.043045,0.047998,177,0.00073,0,31,0.582051,0.294153
24029,Kent County,,MD,1139,20965,22104,5,5,10,548,462,1010,6,0.281032,0.293984,0.763952,0.00118,0.000684,177,0.000095,0,31,0.766667,0.008114
24031,Montgomery County,,MD,81857,1037803,1119660,210,222,432,58196,70812,129008,5,0.426176,0.47247,45631.935534,0.091956,0.094812,177,0.002016,0,31,0.325569,0.617379
24033,Prince George's County,,MD,84487,925795,1010282,133,191,324,57600,75166,132766,5,0.413704,0.458333,23181.429159,0.067413,0.078765,177,0.001268,0,31,0.352893,0.458348
24035,Queen Anne's County,,MD,3114,51047,54161,12,14,26,2689,1969,4658,6,0.304572,0.321768,88.861006,0.004341,0.003554,177,0.000168,0,31,0.672794,0.028809
24037,St. Mary's County,,MD,8494,112731,121225,27,25,52,5943,3816,9759,5,0.347357,0.369882,192.587358,0.012297,0.012609,177,0.00027,0,31,0.599432,0.083349
24039,Somerset County,,MD,1469,21583,23052,8,3,11,1046,820,1866,7,0.254724,0.263884,0.286819,0.002359,0.000246,177,0.000138,0,31,0.803571,0.015614
24041,Talbot County,,MD,2809,40836,43645,9,9,18,1704,1523,3227,6,0.296713,0.311962,3.034493,0.003032,0.001938,177,0.000146,0,31,0.863636,0.019644
24043,Washington County,,MD,9207,162636,171843,21,24,45,7526,5686,13212,6,0.316721,0.337095,7127.773313,0.005947,0.006858,177,0.00032,0,31,0.472934,0.040073
24045,Wicomico County,,MD,6611,99639,106250,21,20,41,4296,3828,8124,6,0.315411,0.334777,768.745722,0.00475,0.006082,177,0.000294,0,31,0.543478,0.031508
24047,Worcester County,,MD,4320,57779,62099,16,12,28,3032,2567,5599,6,0.331276,0.349609,1120.417487,0.005291,0.004601,177,0.000228,0,31,0.666667,0.035215
24510,Baltimore city,,MD,50575,571113,621688,109,104,213,38139,44361,82500,5,0.392736,0.42829,7645.10302,0.055824,0.052533,177,0.000964,0,31,0.540635,0.36792
25001,Barnstable County,,MA,12978,263473,276451,36,50,86,7477,8369,15846,5,0.361798,0.388797,4029.203823,0.019163,0.025839,49,0.000308,0,31,0.668615,0.116699
25003,Berkshire County,,MA,5331,149546,154877,20,19,39,2227,2076,4303,6,0.338077,0.359161,269.044479,0.007756,0.006899,49,0.000185,0,31,0.664032,0.044292
25005,Bristol County,,MA,25465,620100,645565,42,74,116,18628,20251,38879,5,0.372015,0.40329,998.517658,0.023931,0.036292,49,0.00033,0,31,0.599111,0.151671
25007,Dukes County,,MA,997,18786,19783,5,3,8,284,203,487,6,0.301969,0.316684,0,0.002259,0.001444,49,0.000081,0,31,1,0.013723
25009,Essex County,,MA,38852,828798,867650,84,111,195,28783,32243,61026,5,0.382473,0.418904,5993.761504,0.044888,0.054427,49,0.000699,0,31,0.513705,0.2952
25011,Franklin County,,MA,4732,81647,86379,12,10,22,2922,2788,5710,6,0.302663,0.318611,3.087975,0.003741,0.003059,49,0.000133,0,31,0.807692,0.02164
25013,Hampden County,,MA,19627,515653,535280,43,71,114,11073,14115,25188,5,0.373261,0.404267,842.509142,0.023591,0.036829,49,0.000339,0,31,0.643455,0.149879
25015,Hampshire County,,MA,11806,159347,171153,25,33,58,7541,8193,15734,5,0.350254,0.374678,342.978206,0.012408,0.017841,49,0.000223,0,31,0.746997,0.076775
25017,Middlesex County,,MA,106974,1636014,1742988,220,244,464,85545,96940,182485,5,0.426616,0.475811,79107.605964,0.091536,0.096432,49,0.002049,0,31,0.298263,0.612327
25019,Nantucket County,,MA,855,11786,12641,1,2,3,69,157,226,6,0.289771,0.302841,0,0.000203,0.000723,49,0.000056,0,31,1,0.000982
25021,Norfolk County,,MA,51939,737731,789670,105,122,227,44009,45935,89944,5,0.3945,0.432344,5778.855363,0.055672,0.060185,49,0.000863,0,31,0.519214,0.361948
25023,Plymouth County,,MA,26594,566107,592701,43,70,113,20866,21679,42545,5,0.366002,0.395842,1714.344075,0.023447,0.034512,49,0.000352,0,31,0.608108,0.150186
25025,Suffolk County,,MA,74825,657433,732258,156,148,304,56880,68201,125081,5,0.40708,0.446762,16914.457715,0.072698,0.070016,49,0.001344,0,31,0.43439,0.475215
25027,Worcester County,,MA,37688,906296,943984,94,136,230,26599,30045,56644,5,0.395415,0.434604,5654.901697,0.049887,0.066211,49,0.000756,0,31,0.503779,0.326152
26001,Alcona County,,MI,696,12542,13238,6,2,8,451,198,649,7,0.235974,0.243356,1.119048,0.002124,0.000034,50,0.000119,0,31,0.833333,0.009435
26003,Alger County,,MI,490,10288,10778,1,1,2,146,119,265,7,0.257188,0.265494,0,0.000031,0.000017,27,0.000077,0,31,0,0.000195
26005,Allegan County,,MI,8201,131809,140010,13,14,27,5689,5702,11391,6,0.343976,0.364556,115.107066,0.003824,0.004048,50,0.000154,0,31,0.77619,0.020689
26007,Alpena County,,MI,1444,35279,36723,8,6,14,589,390,979,6,0.308101,0.324218,4434.979367,0.002093,0.0013,50,0.000245,0,31,0.5,0.010346
26009,Antrim County,,MI,1790,26954,28744,7,6,13,914,847,1761,6,0.289279,0.302726,139.27453,0.001907,0.000477,50,0.000167,0,31,0.708333,0.009196
26011,Arenac County,,MI,1094,18964,20058,7,6,13,631,510,1141,6,0.301247,0.316609,0.125,0.001846,0.000708,50,0.000106,0,31,0.97619,0.00879
26013,Baraga County,,MI,494,8769,9263,2,2,4,129,166,295,7,0.257669,0.266216,0,0.000048,0.000032,27,0.000107,0,31,1,0.000357
26015,Barry County,,MI,4004,70920,74924,9,8,17,2873,2665,5538,6,0.29111,0.304624,3.154104,0.001839,0.000651,50,0.000118,0,31,0.861111,0.008557
26017,Bay County,,MI,5270,132692,137962,15,19,34,2808,2819,5627,6,0.343528,0.364642,316.159437,0.003057,0.004323,50,0.000175,0,31,0.636842,0.013788
26019,Benzie County,,MI,1551,20630,22181,5,4,9,684,816,1500,6,0.258151,0.267311,4.315188,0.000769,0.000083,50,0.000178,0,31,0.6,0.004361
26021,Berrien County,,MI,9277,176471,185748,27,26,53,4740,4871,9611,6,0.356151,0.379796,1681.437394,0.011114,0.00999,26,0.000315,0,31,0.563447,0.072254
26023,Branch County,,MI,2857,49772,52629,8,12,20,1524,1639,3163,6,0.329693,0.348298,146.793068,0.001229,0.002227,50,0.000128,0,31,0.568182,0.00673
26025,Calhoun County,,MI,8264,152547,160811,17,24,41,3772,4650,8422,6,0.348066,0.370675,366.886186,0.003986,0.006528,50,0.000198,0,31,0.583333,0.022431
26027,Cass County,,MI,3660,57834,61494,7,6,13,2692,2402,5094,6,0.281168,0.293081,1.445941,0.001497,0.000392,26,0.000116,0,31,0.857143,0.010165
26029,Charlevoix County,,MI,1863,30976,32839,8,6,14,983,864,1847,6,0.301435,0.317127,9.091891,0.002149,0.000858,50,0.000153,0,31,0.785714,0.010635
26031,Cheboygan County,,MI,1867,31026,32893,8,7,15,754,674,1428,6,0.305696,0.321348,1325.736937,0.002126,0.000862,50,0.000187,0,31,0.581818,0.009724
26033,Chippewa County,,MI,2060,38693,40753,8,7,15,462,426,888,6,0.302095,0.318116,2921.066069,0.00251,0.000949,50,0.000148,0,31,0.481818,0.011281
26035,Clare County,,MI,2141,32726,34867,12,10,22,1173,914,2087,6,0.308495,0.325081,49.144769,0.002632,0.001417,50,0.000148,0,31,0.647436,0.011631
26037,Clinton County,,MI,5870,85637,91507,14,17,31,4228,3986,8214,6,0.329468,0.348556,205.372878,0.002768,0.003127,50,0.000163,0,31,0.725146,0.013161
26039,Crawford County,,MI,1028,14886,15914,5,2,7,374,214,588,7,0.235859,0.24327,0.617857,0.001868,0.000035,50,0.000099,0,31,0.9,0.008664
26041,Delta County,,MI,1907,45138,47045,5,4,9,404,536,940,7,0.261576,0.271872,2898,0.000098,0.000094,27,0.000199,0,31,0.6,0.001181
26043,Dickinson County,,MI,1451,32195,33646,7,7,14,548,609,1157,7,0.261718,0.272505,5187.542604,0.000107,0.000103,27,0.000259,0,31,0.452381,0.001434
26045,Eaton County,,MI,10105,126221,136326,21,23,44,7334,7007,14341,6,0.344836,0.366741,388.235719,0.003998,0.005131,50,0.00022,0,31,0.635,0.018604
26047,Emmet County,,MI,2663,37902,40565,9,7,16,1183,1055,2238,6,0.308134,0.32439,16.588948,0.002593,0.001355,50,0.000161,0,31,0.655556,0.012697
26049,Genesee County,,MI,22505,497120,519625,43,88,131,11662,15209,26871,5,0.386194,0.419646,11945.654805,0.012547,0.032658,50,0.000461,0,31,0.335653,0.083313
26051,Gladwin County,,MI,1724,29002,30726,8,9,17,787,897,1684,6,0.308363,0.324735,0.7677,0.002299,0.001266,50,0.000105,0,31,0.911111,0.010064
26053,Gogebic County,,MI,790,16577,17367,2,3,5,125,175,300,7,0.257417,0.266133,8787,0,0.000017,27,0.000173,0,31,0.083333,0.000183
26055,Grand Traverse County,,MI,6037,99651,105688,27,23,50,4175,3246,7421,5,0.347649,0.370037,10530.929666,0.005867,0.005354,50,0.000479,0,31,0.411494,0.033788
26057,Gratiot County,,MI,2368,43920,46288,9,9,18,1339,1338,2677,6,0.289771,0.30379,3.734513,0.000594,0.000555,50,0.000131,0,31,0.681818,0.002892
26059,Hillsdale County,,MI,3092,52803,55895,12,11,23,1693,1674,3367,6,0.308462,0.324649,132.305933,0.002758,0.001256,50,0.00015,0,31,0.589744,0.013078
26061,Houghton County,,MI,2246,35572,37818,6,6,12,455,427,882,6,0.337212,0.356142,8199.592469,0.001855,0.002114,27,0.000209,0,31,0.47619,0.009307
26063,Huron County,,MI,1684,42867,44551,9,10,19,854,901,1755,6,0.301592,0.317644,1.729794,0.002308,0.001067,50,0.000106,0,31,0.818182,0.010136
26065,Ingham County,,MI,24200,280867,305067,54,86,140,13913,17799,31712,5,0.395415,0.428594,15747.275392,0.017406,0.03854,50,0.000564,0,31,0.42149,0.11669
26067,Ionia County,,MI,4163,68902,73065,9,9,18,2594,2654,5248,6,0.291081,0.304681,8.657177,0.001618,0.000645,50,0.000126,0,31,0.777778,0.007966
26069,Iosco County,,MI,2043,29736,31779,9,9,18,1120,849,1969,6,0.308363,0.324735,1581.57058,0.002263,0.001383,50,0.00016,0,31,0.777778,0.010126
26071,Iron County,,MI,602,13513,14115,3,3,6,188,164,352,7,0.257486,0.266305,9537.831889,0.000066,0.000018,27,0.000132,0,31,0.45,0.000886
26073,Isabella County,,MI,5093,59533,64626,23,22,45,2756,2894,5650,6,0.345576,0.367253,839.594708,0.003413,0.0053,50,0.000246,0,31,0.543651,0.01627
26075,Jackson County,,MI,7809,178076,185885,20,19,39,4624,4321,8945,6,0.346775,0.368375,453.15439,0.006871,0.00591,50,0.000198,0,31,0.689723,0.039919
26077,Kalamazoo County,,MI,17087,263681,280768,41,53,94,10424,10697,21121,5,0.373791,0.4023,4307.170775,0.011822,0.022236,50,0.000417,0,31,0.456108,0.075006
26079,Kalkaska County,,MI,1355,18759,20114,4,2,6,622,587,1209,6,0.258013,0.266736,0,0.001471,0.000061,50,0.000103,0,31,0.833333,0.007671
26081,Kent County,,MI,33873,689284,723157,91,126,217,22392,25719,48111,5,0.401942,0.43974,57774.427325,0.031579,0.050681,50,0.001075,0,31,0.342162,0.214796
26083,Keweenaw County,,MI,159,2259,2418,1,1,2,83,88,171,7,0.252197,0.259826,0,0.000017,0.000015,27,0.00008,0,31,0,0.000162
26085,Lake County,,MI,914,10796,11710,6,5,11,430,410,840,6,0.286931,0.299977,3.260444,0.000537,0.000311,50,0.000131,0,31,0.619048,0.002974
26087,Lapeer County,,MI,5976,108072,114048,8,15,23,3851,3886,7737,6,0.340821,0.361571,59.973272,0.002285,0.004854,50,0.000099,0,31,0.758333,0.010029
26089,Leelanau County,,MI,1490,25373,26863,5,2,7,730,629,1359,6,0.258013,0.266736,5.187695,0.001454,0.000052,50,0.000125,0,31,0.7,0.006974
26091,Lenawee County,,MI,5478,116825,122303,14,15,29,3007,2836,5843,6,0.343895,0.3647,250.151589,0.003876,0.00418,50,0.000149,0,31,0.742647,0.017266
26093,Livingston County,,MI,11797,214676,226473,21,29,50,8954,6987,15941,6,0.353285,0.376467,602.784303,0.00785,0.01049,50,0.000204,0,31,0.575605,0.047172
26095,Luce County,,MI,322,6456,6778,0,2,2,0,94,94,7,0.232273,0.239579,0,0,0.000026,50,0.000051,0,101,1,0
26097,Mackinac County,,MI,1046,13380,14426,3,3,6,241,194,435,6,0.264609,0.274494,220.267764,0.000835,0.000124,50,0.000096,0,31,0.15,0.005408
26099,Macomb County,,MI,44968,1008904,1053872,53,126,179,35551,36126,71677,5,0.401274,0.43905,13221.254698,0.020722,0.053502,50,0.000521,0,31,0.383721,0.137728
26101,Manistee County,,MI,1612,27879,29491,6,6,12,634,518,1152,6,0.286988,0.300207,87.733582,0.001168,0.000371,50,0.000168,0,31,0.571429,0.006136
26103,Marquette County,,MI,3666,70765,74431,14,14,28,1132,1181,2313,6,0.346195,0.367466,24577.979124,0.00222,0.003947,27,0.00044,0,31,0.294118,0.011685
26105,Mason County,,MI,1895,33398,35293,7,6,13,689,705,1394,6,0.287414,0.300564,6.747557,0.000568,0.000384,50,0.000153,0,31,0.642857,0.003244
26107,Mecosta County,,MI,3409,40065,43474,14,12,26,1795,1839,3634,6,0.308593,0.325587,215.999891,0.003192,0.00162,50,0.000181,0,31,0.604762,0.014384
26109,Menominee County,,MI,1383,28015,29398,5,5,10,725,751,1476,7,0.2616,0.272045,4.394048,0.000107,0.000103,27,0.000186,0,31,0.8,0.001255
26111,Midland County,,MI,5636,98197,103833,17,18,35,2762,2757,5519,6,0.348401,0.370911,427.822598,0.003709,0.005361,50,0.000193,0,31,0.630952,0.017663
26113,Missaukee County,,MI,1136,16445,17581,5,4,9,523,517,1040,6,0.286959,0.299919,4.157396,0.001136,0.0003,50,0.000124,0,31,0.6,0.005861
26115,Monroe County,,MI,8894,183810,192704,12,15,27,6259,5477,11736,6,0.344713,0.365925,60.611261,0.003692,0.005452,50,0.00013,0,31,0.761029,0.016397
26117,Montcalm County,,MI,4614,69157,73771,11,12,23,2822,2942,5764,6,0.289771,0.303888,20.126537,0.000968,0.000653,50,0.000167,0,31,0.596154,0.00508
26119,Montmorency County,,MI,699,11054,11753,5,2,7,299,186,485,7,0.23584,0.243293,0.47619,0.001704,0.000034,50,0.000119,0,31,0.9,0.008255
26121,Muskegon County,,MI,7893,191656,199549,19,20,39,4564,4677,9241,6,0.344713,0.366224,1982.011325,0.006285,0.004969,50,0.000241,0,31,0.557971,0.037488
26123,Newaygo County,,MI,3310,54598,57908,7,8,15,2099,1939,4038,6,0.287471,0.300909,4.578708,0.00058,0.000412,50,0.000135,0,31,0.652778,0.003403
26125,Oakland County,,MI,84030,1387629,1471659,154,245,399,61017,72824,133841,5,0.429843,0.478439,90411.23828,0.064879,0.089999,50,0.001631,0,31,0.272845,0.450981
26127,Oceana County,,MI,2005,30397,32402,6,6,12,947,1232,2179,6,0.293528,0.30735,37.684419,0.000786,0.000624,50,0.000125,0,31,0.766667,0.00496
26129,Ogemaw County,,MI,1402,23875,25277,9,10,19,798,621,1419,6,0.308396,0.324908,7.113316,0.002249,0.001414,50,0.00013,0,31,0.8,0.010098
26131,Ontonagon County,,MI,366,7898,8264,1,0,1,41,0,41,0,0,0,0,0,0,27,0.0001,0,13,0,0.000089
26133,Osceola County,,MI,1943,25608,27551,10,9,19,1024,1055,2079,6,0.287101,0.300782,72.043341,0.002158,0.000362,50,0.000185,0,31,0.5,0.010802
26135,Oscoda County,,MI,590,9351,9941,3,0,3,145,0,145,0,0,0,0,0.001395,0,50,0.000064,0,15,1,0.005476
26137,Otsego County,,MI,2093,28642,30735,11,12,23,890,783,1673,6,0.308167,0.324937,3001.015465,0.002174,0.001432,50,0.000267,0,31,0.462121,0.010481
26139,Ottawa County,,MI,17103,297992,315095,32,44,76,12271,11868,24139,5,0.361032,0.387526,5161.068987,0.008431,0.014758,50,0.00036,0,31,0.423759,0.051124
26141,Presque Isle County,,MI,775,16569,17344,5,2,7,326,242,568,7,0.235686,0.242982,1.011905,0.001404,0.000033,50,0.000122,0,31,0.6,0.005919
26143,Roscommon County,,MI,1801,27434,29235,9,9,18,920,659,1579,6,0.308363,0.324735,1530.017417,0.002308,0.001398,50,0.000161,0,31,0.611111,0.010354
26145,Saginaw County,,MI,11310,232253,243563,28,43,71,4718,7067,11785,6,0.365448,0.39261,2762.735284,0.00491,0.013752,50,0.000304,0,31,0.399577,0.026075
26147,St. Clair County,,MI,8913,199914,208827,12,16,28,5260,5125,10385,6,0.346485,0.367627,283.289701,0.004361,0.006318,50,0.000132,0,31,0.69281,0.023044
26149,St. Joseph County,,MI,3774,71676,75450,9,11,20,1967,2096,4063,6,0.327643,0.345365,282.743698,0.001692,0.001634,50,0.000147,0,31,0.618182,0.010823
26151,Sanilac County,,MI,2815,51933,54748,7,9,16,1643,1803,3446,6,0.308363,0.324735,2.764257,0.001956,0.001399,50,0.000095,0,31,0.902778,0.009105
26153,Schoolcraft County,,MI,451,9181,9632,0,1,1,0,44,44,8,0.207397,0.212427,0,0,0.000001,27,0.000051,0,102,0,0
26155,Shiawassee County,,MI,4896,85640,90536,13,14,27,2726,2992,5718,6,0.310678,0.32753,95.577289,0.003076,0.002,50,0.000146,0,31,0.716667,0.013635
26157,Tuscola County,,MI,3553,68306,71859,9,11,20,2147,2151,4298,6,0.308725,0.325598,4.416218,0.002303,0.001669,50,0.000107,0,31,0.827273,0.010136
26159,Van Buren County,,MI,5644,85995,91639,11,11,22,3458,3696,7154,6,0.329019,0.346802,81.871283,0.002769,0.001921,50,0.000155,0,31,0.719697,0.017065
26161,Washtenaw County,,MI,29909,348278,378187,81,111,192,19058,22239,41297,5,0.404862,0.439878,8647.242316,0.036431,0.055056,50,0.000788,0,31,0.475472,0.246595
26163,Wayne County,,MI,100065,2020345,2120410,148,261,409,47572,87831,135403,5,0.438891,0.487836,100570.003016,0.063388,0.090992,50,0.001514,0,31,0.247065,0.438378
26165,Wexford County,,MI,2488,36751,39239,11,7,18,1517,1145,2662,6,0.301467,0.317299,290.8833,0.001997,0.000847,50,0.000233,0,31,0.463636,0.010539
27001,Aitkin County,,MN,841,15189,16030,5,6,11,356,339,695,6,0.304412,0.318311,1.322355,0.000999,0.000742,52,0.000132,0,31,0.690476,0.007486
27003,Anoka County,,MN,25827,382204,408031,36,46,82,20784,20937,41721,6,0.364482,0.391937,7530.913307,0.00908,0.010556,52,0.000633,0,31,0.303265,0.068513
27005,Becker County,,MN,2036,37106,39142,6,8,14,911,1072,1983,6,0.305503,0.320094,4330.024817,0.000674,0.000903,52,0.000254,0,31,0.553571,0.005632
27007,Beltrami County,,MN,2769,43421,46190,12,18,30,1102,1478,2580,6,0.337487,0.358069,5039.439472,0.001056,0.002435,52,0.000328,0,31,0.385714,0.008395
27009,Benton County,,MN,4375,42371,46746,11,10,21,3352,3245,6597,6,0.30454,0.319002,4.733392,0.001142,0.001032,52,0.000253,0,31,0.8,0.009114
27011,Big Stone County,,MN,277,6176,6453,0,0,0,0,0,0,0,0,0,0,0,0,51,0.000051,44,103,0,0
27013,Blue Earth County,,MN,5660,62522,68182,20,21,41,3246,3706,6952,6,0.30748,0.324316,6201.963446,0.001685,0.00162,52,0.000426,0,31,0.42381,0.013736
27015,Brown County,,MN,1766,31992,33758,6,6,12,493,661,1154,6,0.304604,0.318599,793.940822,0.000631,0.000875,52,0.000174,0,31,0.446429,0.005397
27017,Carlton County,,MN,1901,37880,39781,6,4,10,1169,924,2093,6,0.304476,0.318168,4.742857,0.000759,0.000691,52,0.000168,0,31,0.666667,0.006213
27019,Carver County,,MN,7078,100174,107252,15,17,32,5441,4863,10304,6,0.343446,0.364182,476.587265,0.002617,0.003473,52,0.000305,0,31,0.663399,0.020671
27021,Cass County,,MN,2218,32168,34386,11,9,20,1379,1220,2599,6,0.304604,0.319002,8.8088,0.00132,0.00098,52,0.000235,0,31,0.705128,0.010058
27023,Chippewa County,,MN,1074,15094,16168,3,5,8,251,334,585,6,0.304572,0.318427,6066.956761,0.000609,0.000639,52,0.000112,0,31,0.25,0.004848
27025,Chisago County,,MN,4138,61914,66052,11,11,22,3204,2910,6114,6,0.304668,0.319347,4.722782,0.001389,0.001349,52,0.000217,0,31,0.737179,0.010775
27027,Clay County,,MN,4394,57743,62137,14,16,30,3055,2809,5864,6,0.30945,0.326006,2307.560361,0.001036,0.001544,52,0.000407,0,31,0.378947,0.008666
27029,Clearwater County,,MN,541,9276,9817,2,2,4,166,166,332,7,0.252439,0.260778,0,0.000025,0.000014,52,0.000095,0,31,1,0.000322
27031,Cook County,,MN,363,6323,6686,0,1,1,0,51,51,7,0.261832,0.270758,0,0,0.000042,52,0.000051,0,104,0,0
27033,Cottonwood County,,MN,675,14441,15116,2,1,3,99,53,152,8,0.202615,0.206899,0,0.000006,0,57,0.000116,0,31,1,0.000193
27035,Crow Wing County,,MN,3702,69959,73661,19,16,35,2726,2149,4875,6,0.304828,0.320209,37.215517,0.001566,0.001403,52,0.000404,0,31,0.540936,0.012762
27037,Dakota County,,MN,33238,464404,497642,84,89,173,27368,26473,53841,5,0.396064,0.428433,43620.921345,0.026275,0.031498,52,0.001309,0,31,0.29389,0.189082
27039,Dodge County,,MN,1401,22821,24222,4,6,10,740,841,1581,6,0.304732,0.31876,1.285016,0.000118,0.000953,52,0.00012,0,31,0.833333,0.001268
27041,Douglas County,,MN,2212,42842,45054,13,13,26,1346,1190,2536,6,0.305664,0.320957,3023.417983,0.001372,0.001295,52,0.000332,0,31,0.533333,0.010603
27043,Faribault County,,MN,1047,18364,19411,3,4,7,271,377,648,6,0.304732,0.318455,4.065314,0.000027,0.000654,52,0.000105,0,31,0.75,0.000477
27045,Fillmore County,,MN,1282,25414,26696,5,6,11,635,762,1397,6,0.304988,0.319163,1557.803166,0.000117,0.000742,52,0.000144,0,31,0.404762,0.001319
27047,Freeborn County,,MN,1795,37513,39308,8,11,19,793,876,1669,6,0.305374,0.320255,3395.814403,0.00098,0.001203,52,0.000181,0,31,0.572727,0.007775
27049,Goodhue County,,MN,2915,55022,57937,11,9,20,1862,1654,3516,6,0.304732,0.319163,165.545965,0.001457,0.001282,52,0.000218,0,31,0.609091,0.01113
27051,Grant County,,MN,483,7407,7890,2,2,4,133,199,332,7,0.234258,0.241056,0,0.00002,0.000021,52,0.000094,0,31,1,0.000375
27053,Hennepin County,,MN,89427,1263460,1352887,261,231,492,71562,78838,150400,5,0.437236,0.481769,381549.808721,0.080429,0.075933,52,0.003793,0,31,0.199731,0.561839
27055,Houston County,,MN,1248,24286,25534,3,5,8,556,692,1248,6,0.305053,0.31922,7.418521,0.000054,0.000774,27,0.000103,0,31,0.85,0.000752
27057,Hubbard County,,MN,1279,21817,23096,7,8,15,682,537,1219,6,0.305438,0.319979,15.782902,0.000757,0.000932,52,0.000193,0,31,0.588889,0.006281
27059,Isanti County,,MN,2809,42125,44934,10,12,22,2747,2081,4828,6,0.304668,0.319462,4.079979,0.001367,0.001184,52,0.000205,0,31,0.788462,0.010489
27061,Itasca County,,MN,2009,50813,52822,9,8,17,1029,979,2008,6,0.304604,0.318887,5.574073,0.001335,0.001152,52,0.000196,0,31,0.777778,0.009892
27063,Jackson County,,MN,705,12723,13428,3,4,7,147,229,376,7,0.254077,0.262702,2918.744254,0.000011,0.000001,57,0.000196,0,31,0.083333,0.000286
27065,Kanabec County,,MN,1207,18498,19705,8,7,15,835,678,1513,6,0.304444,0.318484,0.872836,0.001265,0.000978,52,0.000169,0,31,0.875,0.009439
27067,Kandiyohi County,,MN,2736,49146,51882,8,13,21,874,1345,2219,6,0.308988,0.325,4520.894824,0.000671,0.001456,52,0.000255,0,31,0.384615,0.005816
27069,Kittson County,,MN,277,5576,5853,0,1,1,0,46,46,7,0.262996,0.272238,0,0,0.000041,52,0.000051,0,105,0,0
27071,Koochiching County,,MN,650,15210,15860,1,2,3,56,130,186,7,0.262168,0.271512,0,0.000056,0.00005,52,0.000074,0,31,1,0.000469
27073,Lac qui Parle County,,MN,415,8999,9414,2,0,2,95,0,95,0,0,0,0,0.000005,0,52,0.0001,0,6,1,0.000218
27075,Lake County,,MN,625,12426,13051,1,1,2,195,216,411,7,0.261789,0.270678,0,0.000056,0.000042,52,0.000074,0,31,0,0.000469
27077,Lake of the Woods County,,MN,327,4909,5236,0,1,1,0,68,68,7,0.233984,0.240195,0,0,0,52,0.000051,0,107,0,0
27079,Le Sueur County,,MN,1844,31521,33365,9,7,16,1449,1090,2539,6,0.3047,0.318829,2.812916,0.000978,0.000916,52,0.000191,0,31,0.75,0.00776
27081,Lincoln County,,MN,379,6644,7023,1,3,4,61,144,205,7,0.23561,0.242971,1.166667,0.00001,0.000008,57,0.000066,0,31,0.166667,0.000142
27083,Lyon County,,MN,2256,29337,31593,7,12,19,555,823,1378,6,0.306894,0.322458,11459.01871,0.000706,0.001224,52,0.000214,0,31,0.287879,0.006078
27085,McLeod County,,MN,2787,45331,48118,12,11,23,1623,1563,3186,6,0.304764,0.319462,24.961092,0.001362,0.001202,52,0.000253,0,31,0.621212,0.010407
27087,Mahnomen County,,MN,375,4952,5327,2,1,3,151,112,263,7,0.234031,0.240309,0.517857,0.000013,0.000005,52,0.000107,0,31,0,0.000291
27089,Marshall County,,MN,712,11833,12545,3,4,7,311,297,608,7,0.26432,0.274782,0,0.000073,0.000082,52,0.000125,0,31,0.916667,0.00073
27091,Martin County,,MN,1187,25874,27061,4,6,10,226,326,552,6,0.30486,0.318944,2407.81924,0.000018,0.000652,52,0.000162,0,31,0.266667,0.000536
27093,Meeker County,,MN,1657,27488,29145,5,6,11,909,895,1804,6,0.30454,0.318484,0.735714,0.000676,0.000931,52,0.000136,0,31,0.9,0.005594
27095,Mille Lacs County,,MN,1968,29095,31063,11,11,22,1509,1300,2809,6,0.304572,0.319174,5.827349,0.001098,0.001047,52,0.000235,0,31,0.69697,0.008844
27097,Morrison County,,MN,1900,39526,41426,9,7,16,1244,1164,2408,6,0.304444,0.318484,1.823016,0.000778,0.000713,52,0.00022,0,31,0.805556,0.006751
27099,Mower County,,MN,2399,44780,47179,7,9,16,784,1123,1907,6,0.305213,0.319795,2453.711508,0.000969,0.000979,52,0.000162,0,31,0.544444,0.007526
27101,Murray County,,MN,603,10598,11201,2,4,6,101,253,354,7,0.269632,0.280323,8.376984,0.000015,0.000107,57,0.00009,0,31,0.583333,0.000243
27103,Nicollet County,,MN,3415,34683,38098,9,9,18,2137,2222,4359,6,0.304764,0.319174,7.868875,0.001233,0.001145,52,0.000202,0,31,0.638889,0.009246
27105,Nobles County,,MN,1380,24310,25690,4,7,11,311,446,757,6,0.306569,0.321279,7184.912758,0.000093,0.000735,57,0.000197,0,31,0.238095,0.001203
27107,Norman County,,MN,482,8050,8532,2,3,5,115,248,363,7,0.260846,0.270613,0,0.000059,0.000044,52,0.000108,0,31,1,0.000598
27109,Olmsted County,,MN,9876,169750,179626,38,33,71,5347,5188,10535,5,0.366325,0.391741,15663.048583,0.010599,0.011398,52,0.000676,0,31,0.358081,0.080312
27111,Otter Tail County,,MN,3280,65761,69041,13,14,27,1455,1752,3207,6,0.305761,0.321245,4316.387883,0.001335,0.00121,52,0.000354,0,31,0.4625,0.010403
27113,Pennington County,,MN,1122,15780,16902,7,7,14,506,569,1075,6,0.306278,0.320802,3169.393651,0.000691,0.000718,52,0.000216,0,31,0.527778,0.005645
27115,Pine County,,MN,1770,29675,31445,10,11,21,1245,1098,2343,6,0.304668,0.319347,9.615448,0.001398,0.001335,52,0.000229,0,31,0.681818,0.010721
27117,Pipestone County,,MN,706,11265,11971,4,1,5,209,141,350,7,0.269256,0.279202,155.480857,0.000098,0.0001,57,0.00015,0,31,0.416667,0.001203
27119,Polk County,,MN,2338,35304,37642,11,10,21,1053,1223,2276,6,0.306375,0.321319,6779.014115,0.00075,0.000726,52,0.000341,0,31,0.310606,0.006413
27121,Pope County,,MN,772,13251,14023,4,3,7,319,297,616,6,0.304348,0.317851,1.333333,0.00065,0.000674,52,0.000128,0,31,0.583333,0.005263
27123,Ramsey County,,MN,48822,533260,582082,99,97,196,36449,41441,77890,5,0.397041,0.430573,43583.086559,0.029407,0.037794,52,0.001506,0,31,0.301111,0.213052
27125,Red Lake County,,MN,244,4861,5105,2,2,4,169,103,272,7,0.234561,0.241087,0,0.000011,0.000011,52,0.000106,0,31,1,0.000292
27127,Redwood County,,MN,1070,19122,20192,4,4,8,316,394,710,6,0.304572,0.318283,7.11796,0.00062,0.00065,52,0.000128,0,31,0.583333,0.005038
27129,Renville County,,MN,1218,20056,21274,6,6,12,453,483,936,6,0.304604,0.318599,1210.824324,0.000856,0.000684,52,0.000167,0,31,0.339286,0.007187
27131,Rice County,,MN,4219,66935,71154,13,14,27,2475,2549,5024,6,0.336351,0.3562,181.588412,0.001375,0.002542,52,0.000259,0,31,0.610294,0.01067
27133,Rock County,,MN,609,11089,11698,2,2,4,214,224,438,7,0.269356,0.279547,0,0.000097,0.000101,57,0.000112,0,31,1,0.001026
27135,Roseau County,,MN,1011,19949,20960,1,5,6,68,296,364,6,0.305351,0.319524,2899,0,0.000682,52,0.000094,0,106,0.566667,0.000084
27137,St. Louis County,,MN,9610,215967,225577,37,29,66,5729,5603,11332,6,0.354582,0.378249,17693.701707,0.005299,0.007072,52,0.000795,0,31,0.30454,0.041845
27139,Scott County,,MN,10050,143290,153340,21,23,44,9536,6966,16502,6,0.349493,0.371601,1283.983721,0.004686,0.00611,52,0.000381,0,31,0.52,0.036236
27141,Sherburne County,,MN,7419,95435,102854,15,20,35,6595,5576,12171,6,0.336312,0.356919,183.209164,0.001539,0.002571,52,0.000329,0,31,0.592857,0.012285
27143,Sibley County,,MN,997,18662,19659,5,7,12,496,487,983,6,0.304444,0.318484,1.992857,0.000692,0.000724,52,0.000133,0,31,0.642857,0.005632
27145,Stearns County,,MN,10381,161262,171643,32,27,59,7519,7556,15075,6,0.349283,0.372251,3162.371118,0.003797,0.004637,52,0.000652,0,31,0.357397,0.030788
27147,Steele County,,MN,2516,44915,47431,10,11,21,1410,1294,2704,6,0.30589,0.321204,168.374405,0.0013,0.001297,52,0.000203,0,31,0.581818,0.009772
27149,Stevens County,,MN,691,10206,10897,0,2,2,0,99,99,6,0.304325,0.317684,0,0,0.000638,52,0.000051,0,108,1,0
27151,Swift County,,MN,640,11823,12463,2,1,3,134,114,248,7,0.23607,0.242793,0,0.000016,0.000005,52,0.000086,0,31,1,0.000268
27153,Todd County,,MN,1459,25951,27410,9,8,17,810,769,1579,6,0.304604,0.318858,7.668627,0.000767,0.000717,52,0.000241,0,31,0.652778,0.00671
27155,Traverse County,,MN,262,4231,4493,0,1,1,0,53,53,9,0.176103,0.179495,0,0,0,57,0.000051,0,109,0,0
27157,Wabasha County,,MN,1411,25078,26489,4,5,9,581,718,1299,6,0.304668,0.318588,0.458824,0.000361,0.000953,52,0.000116,0,31,0.95,0.002793
27159,Wadena County,,MN,1039,15580,16619,7,5,12,439,393,832,6,0.304508,0.31834,3.91753,0.000672,0.000668,52,0.000183,0,31,0.52381,0.005757
27161,Waseca County,,MN,1251,22933,24184,7,9,16,653,762,1415,6,0.308003,0.323102,41.740349,0.000666,0.00115,52,0.000169,0,31,0.625,0.005686
27163,Washington County,,MN,18166,268751,286917,40,34,74,17446,13730,31176,6,0.360224,0.385979,3879.914889,0.01305,0.010562,52,0.000631,0,31,0.418076,0.094579
27165,Watonwan County,,MN,827,12595,13422,3,3,6,175,234,409,7,0.235399,0.242828,1238.934188,0.000616,0.000018,52,0.000105,0,31,0.75,0.004933
27167,Wilkin County,,MN,604,8282,8886,4,4,8,306,331,637,7,0.260823,0.27067,1.769067,0.000069,0.000049,52,0.000164,0,31,0.833333,0.000884
27169,Winona County,,MN,3008,52503,55511,11,13,24,1344,1689,3033,6,0.30748,0.323361,3393.015591,0.002249,0.001629,52,0.00023,0,31,0.445055,0.016724
27171,Wright County,,MN,8620,136172,144792,18,22,40,8446,6161,14607,6,0.337526,0.358558,645.076303,0.002604,0.002669,52,0.000366,0,31,0.509058,0.020901
27173,Yellow Medicine County,,MN,842,12609,13451,3,3,6,201,277,478,7,0.234941,0.241948,34.572437,0.00002,0.00001,52,0.000109,0,31,0.083333,0.000416
28001,Adams County,,MS,2023,31265,33288,8,10,18,625,901,1526,6,0.322933,0.342196,8112.682788,0.001036,0.002103,148,0.000214,0,31,0.427273,0.008872
28003,Alcorn County,,MS,1873,35361,37234,8,8,16,914,951,1865,6,0.307382,0.321774,1474.878939,0.000733,0.000703,5,0.000256,0,31,0.464286,0.006046
28005,Amite County,,MS,952,12819,13771,3,4,7,303,414,717,6,0.287073,0.299827,3.008172,0.000306,0.000627,5,0.000098,0,31,0.666667,0.002186
28007,Attala County,,MS,994,18371,19365,6,6,12,490,409,899,7,0.269081,0.280657,294.313647,0.000172,0.000166,5,0.000171,0,31,0.47619,0.001635
28009,Benton County,,MS,694,8414,9108,5,5,10,541,479,1020,6,0.307024,0.320796,0.985354,0.000712,0.000681,5,0.000154,0,31,0.85,0.005559
28011,Bolivar County,,MS,2226,35979,38205,8,8,16,888,1069,1957,6,0.307839,0.322464,126.3522,0.001822,0.000858,5,0.000175,0,31,0.6,0.01348
28013,Calhoun County,,MS,714,15846,16560,3,4,7,214,250,464,7,0.239722,0.247856,9.090155,0.000017,0.000019,5,0.000139,0,31,0.5,0.000472
28015,Carroll County,,MS,783,10712,11495,3,3,6,445,351,796,7,0.235629,0.242478,953.156707,0.000012,0.000006,5,0.000117,0,31,0.833333,0.00033
28017,Chickasaw County,,MS,1249,19772,21021,5,5,10,666,775,1441,7,0.239663,0.247856,3.383568,0.000018,0.000019,5,0.00019,0,31,0.7,0.000678
28019,Choctaw County,,MS,534,7295,7829,3,4,7,166,287,453,7,0.249033,0.258599,6.477191,0.000028,0.000012,5,0.000108,0,31,0.416667,0.000397
28021,Claiborne County,,MS,687,9886,10573,3,2,5,245,335,580,7,0.268806,0.279535,39.684742,0.000145,0.000083,5,0.000097,0,31,0.5,0.000958
28023,Clarke County,,MS,1429,20447,21876,4,4,8,681,813,1494,7,0.254657,0.263924,53.87032,0.000042,0.00005,5,0.000142,0,31,0.5,0.000791
28025,Clay County,,MS,1283,21138,22421,5,5,10,503,642,1145,7,0.260354,0.270388,76.278304,0.000071,0.00006,5,0.000161,0,31,0.8,0.001017
28027,Coahoma County,,MS,1921,28311,30232,5,10,15,534,1057,1591,6,0.308101,0.323125,1025.193521,0.000649,0.000797,5,0.000142,0,31,0.533333,0.004806
28029,Copiah County,,MS,1645,30948,32593,5,6,11,877,1005,1882,7,0.269081,0.280657,5.130857,0.000226,0.000166,5,0.00014,0,31,0.666667,0.001912
28031,Covington County,,MS,1429,20357,21786,6,7,13,831,773,1604,7,0.274328,0.286477,66.385147,0.000044,0.000314,5,0.000189,0,31,0.571429,0.001047
28033,DeSoto County,,MS,12572,158492,171064,48,32,80,12937,7676,20613,6,0.358575,0.383897,19962.118529,0.012153,0.00858,5,0.000889,0,31,0.264514,0.098275
28035,Forrest County,,MS,7247,65199,72446,29,24,53,4438,4523,8961,6,0.328199,0.350224,13656.596823,0.002585,0.003411,5,0.000628,0,31,0.32069,0.02304
28037,Franklin County,,MS,584,8999,9583,3,2,5,215,184,399,7,0.244248,0.252494,2.061111,0.00003,0.00001,5,0.000104,0,31,0.333333,0.000435
28039,George County,,MS,1076,20905,21981,4,4,8,701,539,1240,6,0.282319,0.294605,14.660687,0.000507,0.000628,18,0.000127,0,31,0.666667,0.005041
28041,Greene County,,MS,523,11520,12043,5,5,10,285,284,569,6,0.276263,0.28813,318.582833,0.000247,0.000256,5,0.000178,0,31,0.4,0.002436
28043,Grenada County,,MS,1521,23623,25144,6,9,15,561,744,1305,6,0.307807,0.322521,5337.582566,0.000012,0.000728,5,0.000227,0,31,0.344444,0.000649
28045,Hancock County,,MS,3329,29297,32626,10,9,19,1617,1457,3074,6,0.286619,0.300253,35.811477,0.001439,0.001027,18,0.000226,0,31,0.628205,0.014469
28047,Harrison County,,MS,17328,151956,169284,83,68,151,10361,9694,20055,6,0.377,0.407948,31318.841339,0.034255,0.027326,18,0.001175,0,31,0.429307,0.258144
28049,Hinds County,,MS,19218,257880,277098,49,54,103,10300,14504,24804,6,0.367394,0.396584,54152.021169,0.009761,0.014962,5,0.000932,0,31,0.267232,0.075735
28051,Holmes County,,MS,1436,20902,22338,5,7,12,431,829,1260,6,0.307839,0.32232,64.046989,0.000186,0.00074,5,0.00015,0,31,0.666667,0.001554
28053,Humphreys County,,MS,709,9887,10596,3,4,7,187,270,457,7,0.268906,0.279897,1.416667,0.000131,0.000105,5,0.000104,0,31,0.666667,0.000975
28055,Issaquena County,,MS,99,863,962,0,0,0,0,0,0,0,0,0,0,0,0,53,0.000051,45,110,0,0
28057,Itawamba County,,MS,1743,25304,27047,5,6,11,1094,1107,2201,7,0.239881,0.248557,45.932179,0.000021,0.000024,5,0.00018,0,31,0.5,0.000726
28059,Jackson County,,MS,10155,122353,132508,43,31,74,6388,5328,11716,6,0.350763,0.375782,5307.794565,0.015965,0.009569,18,0.000656,0,31,0.464982,0.118209
28061,Jasper County,,MS,1260,19460,20720,3,6,9,644,777,1421,7,0.258427,0.26906,17.656308,0.000005,0.000071,5,0.000131,0,31,0.433333,0.000412
28063,Jefferson County,,MS,403,8157,8560,1,3,4,59,197,256,7,0.247947,0.257092,2.941977,0.000017,0.000016,5,0.000069,0,31,0.333333,0.000163
28065,Jefferson Davis County,,MS,844,12256,13100,6,7,13,318,552,870,7,0.269156,0.280944,15.951119,0.000042,0.000113,5,0.000201,0,31,0.571429,0.00096
28067,Jones County,,MS,3410,63840,67250,14,12,26,1991,1829,3820,6,0.278976,0.292443,9106.035634,0.001448,0.000549,5,0.000357,0,31,0.406593,0.013295
28069,Kemper County,,MS,508,8785,9293,2,2,4,214,243,457,7,0.254501,0.263292,0,0.000037,0.000038,5,0.000088,0,31,1,0.000488
28071,Lafayette County,,MS,3390,35977,39367,15,14,29,1377,1399,2776,6,0.313094,0.329618,1980.057981,0.000992,0.001756,5,0.000379,0,31,0.393382,0.008308
28073,Lamar County,,MS,4699,44275,48974,19,13,32,3694,2610,6304,6,0.28902,0.303732,1938.673008,0.001329,0.000992,5,0.000431,0,31,0.447368,0.013014
28075,Lauderdale County,,MS,4870,76633,81503,24,26,50,2291,2395,4686,6,0.341222,0.363498,25032.666199,0.004817,0.004631,5,0.000483,0,31,0.28629,0.035777
28077,Lawrence County,,MS,927,14349,15276,5,4,9,397,289,686,7,0.268931,0.280082,41.275395,0.000128,0.000081,5,0.000145,0,31,0.533333,0.001161
28079,Leake County,,MS,1249,21956,23205,8,7,15,720,704,1424,7,0.269106,0.280829,139.935396,0.000223,0.000166,5,0.000225,0,31,0.482143,0.002217
28081,Lee County,,MS,5556,85681,91237,23,22,45,3994,3457,7451,6,0.314863,0.333299,27502.675967,0.002212,0.002146,5,0.000548,0,31,0.291667,0.01826
28083,Leflore County,,MS,2073,32750,34823,8,8,16,651,941,1592,6,0.307839,0.322435,9367.847327,0.000769,0.000763,5,0.000211,0,31,0.377778,0.005628
28085,Lincoln County,,MS,2067,35362,37429,7,8,15,1046,991,2037,6,0.285292,0.298884,581.940999,0.00018,0.00054,5,0.000208,0,31,0.430556,0.001779
28087,Lowndes County,,MS,5047,60980,66027,16,18,34,1619,1915,3534,6,0.343609,0.364826,17952.525988,0.004043,0.003384,5,0.00033,0,31,0.321429,0.032174
28089,Madison County,,MS,8630,89937,98567,32,25,57,7183,5676,12859,6,0.346113,0.369611,8164.257573,0.005288,0.006766,5,0.000598,0,31,0.346847,0.043743
28091,Marion County,,MS,1400,26794,28194,8,6,14,671,614,1285,7,0.269181,0.280887,818.167404,0.000284,0.000124,5,0.000229,0,31,0.416667,0.003362
28093,Marshall County,,MS,2562,37442,40004,7,6,13,2113,1742,3855,6,0.307057,0.320968,3.424242,0.000732,0.000689,5,0.000207,0,31,0.666667,0.005875
28095,Monroe County,,MS,2084,40040,42124,8,8,16,1125,1222,2347,7,0.260518,0.271107,242.705969,0.000072,0.000061,5,0.000246,0,31,0.464286,0.001315
28097,Montgomery County,,MS,795,12367,13162,2,4,6,207,301,508,7,0.235744,0.242823,4.654167,0.000006,0.000006,5,0.000105,0,31,0.583333,0.000192
28099,Neshoba County,,MS,1554,30510,32064,5,7,12,594,795,1389,7,0.26005,0.271079,67.034733,0.000039,0.000086,5,0.00018,0,31,0.52381,0.000797
28101,Newton County,,MS,1187,23577,24764,6,5,11,649,541,1190,7,0.25998,0.270676,26.8139,0.000088,0.000086,5,0.000179,0,31,0.566667,0.001308
28103,Noxubee County,,MS,641,13062,13703,1,3,4,113,275,388,7,0.260144,0.26967,89.595454,0.000027,0.000042,5,0.000066,0,31,0.666667,0.000352
28105,Oktibbeha County,,MS,3704,37251,40955,16,21,37,1492,1645,3137,6,0.3312,0.353669,18725.876898,0.001246,0.003361,5,0.000373,0,31,0.369565,0.010791
28107,Panola County,,MS,1865,37022,38887,9,8,17,1209,995,2204,6,0.307187,0.3214,1327.631245,0.000736,0.00069,5,0.00024,0,31,0.555556,0.006053
28109,Pearl River County,,MS,3724,47916,51640,14,14,28,2304,2052,4356,6,0.322286,0.341408,226.206875,0.001255,0.002458,148,0.000313,0,31,0.525,0.013008
28111,Perry County,,MS,715,12471,13186,4,4,8,441,390,831,7,0.24727,0.256597,2.041667,0.000041,0.000044,5,0.000157,0,31,0.666667,0.000843
28113,Pike County,,MS,2841,40451,43292,9,14,23,1127,1562,2689,6,0.290701,0.305952,3757.997165,0.000852,0.001228,5,0.000214,0,31,0.428571,0.008083
28115,Pontotoc County,,MS,2017,30178,32195,9,7,16,1344,1257,2601,7,0.239841,0.248546,33.129478,0.000043,0.000032,5,0.000288,0,31,0.402778,0.001215
28117,Prentiss County,,MS,1376,25017,26393,6,4,10,810,770,1580,7,0.239663,0.247781,3.177381,0.000034,0.000029,5,0.00019,0,31,0.595238,0.000914
28119,Quitman County,,MS,706,8264,8970,3,4,7,221,355,576,7,0.264127,0.274161,0.25,0.000019,0.000112,5,0.000108,0,31,0.833333,0.000413
28121,Rankin County,,MS,10897,135898,146795,39,35,74,9646,7030,16676,6,0.335068,0.359058,21004.592083,0.005581,0.00596,5,0.00076,0,31,0.261616,0.045651
28123,Scott County,,MS,1746,29448,31194,8,7,15,971,979,1950,6,0.270968,0.282833,95.955344,0.000208,0.000203,5,0.000218,0,31,0.555556,0.002147
28125,Sharkey County,,MS,495,5761,6256,1,0,1,59,0,59,0,0,0,0,0.000027,0,5,0.000063,0,25,0,0.000141
28127,Simpson County,,MS,1902,26543,28445,6,11,17,904,1298,2202,6,0.278922,0.292213,196.865542,0.00017,0.000458,5,0.000176,0,31,0.454545,0.001645
28129,Smith County,,MS,878,14532,15410,6,6,12,542,507,1049,7,0.251257,0.261468,66.151623,0.000059,0.000059,5,0.000176,0,31,0.433333,0.001126
28131,Stone County,,MS,1189,14489,15678,5,5,10,816,566,1382,7,0.274172,0.285902,0,0.000345,0.000436,18,0.000146,0,31,0.966667,0.003845
28133,Sunflower County,,MS,1615,27576,29191,6,6,12,707,807,1514,6,0.307741,0.322032,215.53689,0.000791,0.000687,5,0.00015,0,31,0.666667,0.005649
28135,Tallahatchie County,,MS,957,14012,14969,5,7,12,300,588,888,6,0.307219,0.321342,2283.122695,0.000647,0.000682,5,0.000153,0,31,0.547619,0.004728
28137,Tate County,,MS,2210,28391,30601,6,6,12,1624,1476,3100,6,0.307057,0.320968,2.075,0.000728,0.000689,5,0.000183,0,31,0.8,0.005745
28139,Tippah County,,MS,1074,23040,24114,5,8,13,435,685,1120,6,0.307284,0.321601,596.454043,0.000662,0.0007,5,0.000159,0,31,0.607143,0.004931
28141,Tishomingo County,,MS,1086,19098,20184,7,7,14,675,627,1302,7,0.240239,0.249437,1187.7209,0.000661,0.00004,5,0.000215,0,31,0.347222,0.005106
28143,Tunica County,,MS,1549,12677,14226,7,8,15,858,1077,1935,6,0.307905,0.322239,1184.59279,0.000722,0.000958,5,0.000185,0,31,0.5,0.005789
28145,Union County,,MS,1728,28103,29831,8,9,17,942,1064,2006,6,0.307317,0.321774,1158.54366,0.000743,0.000707,5,0.000237,0,31,0.555556,0.006097
28147,Walthall County,,MS,1014,14746,15760,2,5,7,298,505,803,6,0.283756,0.296049,16.838071,0.000011,0.000416,5,0.000096,0,31,0.5,0.000284
28149,Warren County,,MS,3434,55569,59003,7,14,21,1035,1437,2472,6,0.328982,0.350155,6318.819956,0.000826,0.003441,5,0.000196,0,31,0.429167,0.005988
28151,Washington County,,MS,3749,57020,60769,8,15,23,873,1640,2513,6,0.332416,0.352962,1244.412003,0.002501,0.003969,5,0.00018,0,31,0.507353,0.018646
28153,Wayne County,,MS,900,21481,22381,5,5,10,409,367,776,7,0.247439,0.257057,28.251834,0.000034,0.000036,5,0.000185,0,31,0.2,0.000832
28155,Webster County,,MS,669,11698,12367,3,2,5,226,230,456,7,0.249012,0.258311,55.776196,0.000027,0.00001,5,0.000111,0,31,0.333333,0.000376
28157,Wilkinson County,,MS,560,9389,9949,3,4,7,131,248,379,6,0.287016,0.299712,2.083333,0.000301,0.000629,148,0.000108,0,31,0.6,0.002133
28159,Winston County,,MS,998,21093,22091,4,6,10,377,372,749,7,0.259375,0.269871,36.385484,0.000028,0.000051,5,0.000129,0,31,0.309524,0.000474
28161,Yalobusha County,,MS,869,13573,14442,6,5,11,561,443,1004,7,0.26432,0.27465,513.519335,0.000098,0.000114,5,0.000192,0,31,0.433333,0.00154
28163,Yazoo County,,MS,1472,25826,27298,5,7,12,619,816,1435,6,0.308396,0.32293,84.577833,0.000225,0.001003,5,0.000144,0,31,0.666667,0.001895
29001,Adair County,,MO,2147,21490,23637,7,8,15,540,743,1283,6,0.337841,0.356608,19669.387228,0.000725,0.002091,57,0.000371,0,31,0.194444,0.005216
29003,Andrew County,,MO,1692,19386,21078,3,7,10,1035,1205,2240,6,0.29332,0.30586,50.64956,0.000138,0.00059,57,0.000122,0,31,0.595238,0.001344
29005,Atchison County,,MO,342,6667,7009,1,0,1,48,0,48,0,0,0,0,0.000005,0,57,0.000074,0,10,0,0.00013
29007,Audrain County,,MO,1810,27058,28868,6,10,16,630,1026,1656,6,0.30748,0.322234,1792.767336,0.000126,0.001053,57,0.000222,0,31,0.366667,0.001433
29009,Barry County,,MO,2897,35985,38882,9,10,19,1466,1697,3163,7,0.276395,0.289634,56.600586,0.000476,0.000658,57,0.000294,0,31,0.6,0.005618
29011,Barton County,,MO,1078,14137,15215,3,5,8,299,593,892,7,0.270538,0.282025,2.429701,0.000064,0.000262,57,0.000118,0,31,0.7,0.001022
29013,Bates County,,MO,1195,18216,19411,3,6,9,478,564,1042,6,0.299876,0.312503,2.633508,0.000433,0.000899,57,0.000113,0,31,0.566667,0.003473
29015,Benton County,,MO,1341,18222,19563,7,5,12,802,581,1383,6,0.293706,0.306205,48.898733,0.001029,0.000592,57,0.000213,0,31,0.680556,0.008193
29017,Bollinger County,,MO,768,12716,13484,5,4,9,452,454,906,7,0.242856,0.250575,3.713312,0.000027,0.00002,57,0.000209,0,31,0.45,0.000692
29019,Boone County,,MO,12398,151283,163681,53,46,99,7109,6661,13770,6,0.365863,0.393708,54351.628641,0.011062,0.013117,57,0.001106,0,31,0.252404,0.084752
29021,Buchanan County,,MO,5497,91350,96847,24,18,42,3310,3206,6516,6,0.339862,0.36022,21882.630837,0.003122,0.003013,57,0.000614,0,31,0.235043,0.025572
29023,Butler County,,MO,2873,42677,45550,10,12,22,1285,1301,2586,6,0.306116,0.321641,14176.599714,0.000687,0.000785,57,0.000366,0,31,0.274725,0.005306
29025,Caldwell County,,MO,791,9872,10663,6,6,12,455,435,890,6,0.293171,0.305515,3679.595764,0.000519,0.00049,57,0.000234,0,31,0.571429,0.00425
29027,Callaway County,,MO,3261,44646,47907,10,9,19,2069,1851,3920,6,0.308036,0.322866,1241.124995,0.001358,0.001413,57,0.000239,0,31,0.518182,0.010169
29029,Camden County,,MO,3647,40329,43976,16,16,32,1924,1890,3814,6,0.339583,0.359673,1180.431762,0.003349,0.003275,57,0.00036,0,31,0.482456,0.026421
29031,Cape Girardeau County,,MO,5031,78161,83192,20,18,38,2762,2539,5301,6,0.320469,0.338124,27291.102788,0.001208,0.002234,57,0.000584,0,31,0.235507,0.010033
29033,Carroll County,,MO,588,10910,11498,2,3,5,86,180,266,7,0.231008,0.237251,3.075,0.000008,0.000013,57,0.000099,0,31,0.333333,0.000311
29035,Carter County,,MO,478,6291,6769,2,1,3,154,117,271,7,0.23439,0.24099,0,0.000006,0.000005,57,0.000109,0,31,1,0.000229
29037,Cass County,,MO,7180,105740,112920,20,13,33,6957,4654,11611,6,0.340341,0.360795,981.111296,0.006018,0.003263,57,0.000409,0,31,0.467532,0.046211
29039,Cedar County,,MO,1025,13370,14395,5,3,8,392,401,793,7,0.27026,0.281191,5.58618,0.000537,0.00018,57,0.000175,0,31,0.65,0.004744
29041,Chariton County,,MO,508,9027,9535,1,3,4,57,179,236,7,0.268036,0.278563,1.616667,0.000004,0.000088,57,0.000082,0,31,0.5,0.000105
29043,Christian County,,MO,7063,73953,81016,30,15,45,6677,4802,11479,6,0.304828,0.320612,5268.315007,0.007456,0.00173,57,0.000696,0,31,0.337702,0.057956
29045,Clark County,,MO,354,8203,8557,1,1,2,81,106,187,7,0.222512,0.228212,0,0.000004,0,27,0.000071,0,31,0,0.000095
29047,Clay County,,MO,19081,238266,257347,44,43,87,16898,13671,30569,6,0.36758,0.394433,21762.827565,0.012854,0.013989,57,0.000923,0,31,0.355219,0.098605
29049,Clinton County,,MO,1801,22668,24469,8,7,15,1479,1103,2582,6,0.29326,0.305803,4353.248786,0.000613,0.00059,57,0.000255,0,31,0.571429,0.005271
29051,Cole County,,MO,5725,82874,88599,19,18,37,3286,3473,6759,6,0.331503,0.350886,5915.760936,0.002785,0.003166,57,0.000417,0,31,0.402597,0.021797
29053,Cooper County,,MO,1264,17918,19182,6,5,11,680,632,1312,7,0.26811,0.278995,83.964325,0.000514,0.000119,57,0.000188,0,31,0.566667,0.004299
29055,Crawford County,,MO,1644,25270,26914,6,6,12,959,941,1900,6,0.30371,0.317299,679.45571,0.000703,0.000616,57,0.000152,0,31,0.571429,0.005091
29057,Dade County,,MO,611,8459,9070,4,3,7,273,292,565,7,0.270311,0.281375,0.333333,0.00017,0.000247,57,0.000151,0,31,0.75,0.002392
29059,Dallas County,,MO,1298,16395,17693,7,5,12,878,734,1612,7,0.27026,0.281422,4.545109,0.000172,0.000182,57,0.000281,0,31,0.642857,0.002873
29061,Daviess County,,MO,747,9309,10056,4,6,10,213,342,555,7,0.227009,0.233621,5850.927426,0.00001,0.000016,57,0.000212,0,31,0.3,0.00047
29063,DeKalb County,,MO,916,10198,11114,5,5,10,475,538,1013,7,0.269131,0.279748,2007.767426,0.000432,0.000135,57,0.00017,0,31,0.642857,0.003527
29065,Dent County,,MO,1006,14593,15599,3,3,6,269,356,625,7,0.27021,0.281145,292.736464,0.000029,0.000184,57,0.000114,0,31,0.4,0.000439
29067,Douglas County,,MO,819,12825,13644,5,5,10,309,405,714,7,0.270311,0.281508,131.572407,0.000141,0.000232,57,0.000206,0,31,0.6,0.002371
29069,Dunklin County,,MO,2106,30960,33066,8,11,19,1074,1180,2254,7,0.273525,0.286828,656.731533,0.000044,0.000227,5,0.000253,0,31,0.336364,0.001136
29071,Franklin County,,MO,5653,118882,124535,15,15,30,4169,3788,7957,6,0.305825,0.321601,633.972004,0.003055,0.001408,57,0.000302,0,31,0.529412,0.023912
29073,Gasconade County,,MO,1170,17896,19066,6,7,13,629,640,1269,6,0.303774,0.317558,428.229844,0.000827,0.000815,57,0.000166,0,31,0.410714,0.006228
29075,Gentry County,,MO,482,7343,7825,1,2,3,42,142,184,7,0.25381,0.262003,0,0.000024,0.000029,57,0.00008,0,31,1,0.000319
29077,Greene County,,MO,20637,275078,295715,84,58,142,15616,13307,28923,6,0.369926,0.399362,92070.046252,0.02168,0.015429,57,0.00179,0,31,0.236525,0.169227
29079,Grundy County,,MO,669,10866,11535,3,1,4,153,90,243,7,0.22669,0.232183,1.666667,0.000004,0.000004,57,0.000167,0,31,0.166667,0.00031
29081,Harrison County,,MO,527,9519,10046,1,1,2,58,50,108,8,0.185022,0.188447,0,0,0,57,0.000081,0,31,0,0.000095
29083,Henry County,,MO,1702,24082,25784,8,7,15,910,912,1822,6,0.293766,0.30655,29.087015,0.000587,0.000646,57,0.000243,0,31,0.553571,0.005721
29085,Hickory County,,MO,682,8793,9475,4,4,8,273,331,604,7,0.270185,0.281203,17.284065,0.000527,0.000184,57,0.000178,0,31,0.65,0.004613
29087,Holt County,,MO,356,5805,6161,2,2,4,177,143,320,7,0.25381,0.262003,0,0.000028,0.000029,57,0.000103,0,31,1,0.000449
29089,Howard County,,MO,746,10609,11355,2,3,5,322,375,697,7,0.267961,0.278419,1,0.000104,0.000092,57,0.000103,0,31,0.666667,0.000935
29091,Howell County,,MO,2395,40332,42727,8,11,19,984,964,1948,7,0.270689,0.283003,10053.822617,0.000148,0.000287,57,0.000364,0,31,0.263636,0.002864
29093,Iron County,,MO,780,10538,11318,3,4,7,252,347,599,7,0.234125,0.241231,2.064969,0.000014,0.000026,57,0.000121,0,31,0.5,0.000438
29095,Jackson County,,MO,44111,710332,754443,130,128,258,31826,35293,67119,5,0.414,0.449724,133136.456663,0.047643,0.050669,57,0.002185,0,31,0.31831,0.35234
29097,Jasper County,,MO,7663,115904,123567,33,26,59,5175,4305,9480,6,0.349915,0.373171,16100.220561,0.009348,0.005254,57,0.000693,0,31,0.373109,0.072709
29099,Jefferson County,,MO,14012,251002,265014,24,26,50,11963,10475,22438,6,0.346526,0.368881,6133.849606,0.004175,0.004588,57,0.00051,0,31,0.369458,0.032555
29101,Johnson County,,MO,5971,49862,55833,14,10,24,2263,2358,4621,6,0.322466,0.339188,498.077354,0.003081,0.002504,57,0.00033,0,31,0.458333,0.025223
29103,Knox County,,MO,292,4553,4845,1,1,2,52,55,107,7,0.252615,0.260169,15.069671,0,0.000006,57,0.000075,0,31,0,0.00009
29105,Laclede County,,MO,2373,37876,40249,10,7,17,1210,1038,2248,6,0.276079,0.288205,48.6158,0.000278,0.000343,57,0.000308,0,31,0.466667,0.003851
29107,Lafayette County,,MO,2577,36926,39503,7,7,14,1547,1574,3121,6,0.299938,0.312733,1499.050807,0.000543,0.001029,57,0.000209,0,31,0.527778,0.004693
29109,Lawrence County,,MO,2815,39522,42337,8,8,16,1661,1775,3436,6,0.294004,0.307126,84.228076,0.000346,0.000699,57,0.000293,0,31,0.652778,0.004854
29111,Lewis County,,MO,695,10892,11587,2,3,5,247,289,536,7,0.248095,0.256044,2945,0.000021,0.000013,57,0.000088,0,31,0.333333,0.00029
29113,Lincoln County,,MO,3212,55884,59096,8,7,15,3858,2031,5889,6,0.30371,0.317443,38.812537,0.001178,0.001009,57,0.000181,0,31,0.666667,0.008812
29115,Linn County,,MO,835,14913,15748,3,4,7,168,246,414,7,0.271475,0.282739,47.029397,0.000005,0.000193,57,0.000182,0,31,0.35,0.000318
29117,Livingston County,,MO,956,15401,16357,7,5,12,419,299,718,6,0.293112,0.305285,10714.217731,0.000515,0.00048,57,0.000355,0,31,0.238095,0.004266
29119,McDonald County,,MO,1963,19837,21800,7,7,14,1184,1260,2444,6,0.283451,0.296958,21.222143,0.000365,0.000662,5,0.000187,0,31,0.660714,0.00396
29121,Macon County,,MO,1172,18345,19517,5,4,9,523,392,915,7,0.268135,0.278908,3338.3966,0.000125,0.000094,57,0.000223,0,31,0.25,0.001225
29123,Madison County,,MO,747,12452,13199,4,4,8,352,351,703,7,0.242876,0.250661,1321.014354,0.000667,0.000019,57,0.000125,0,31,0.533333,0.004593
29125,Maries County,,MO,544,9024,9568,4,3,7,303,186,489,7,0.254545,0.263589,3.163547,0.000137,0.00004,57,0.000117,0,31,0.5,0.001306
29127,Marion County,,MO,2000,31933,33933,6,9,15,792,1003,1795,6,0.30454,0.318898,2238.339927,0.000018,0.000865,57,0.000223,0,31,0.305556,0.00072
29129,Mercer County,,MO,298,3954,4252,0,0,0,0,0,0,0,0,0,0,0,0,54,0.000051,46,111,0,0
29131,Miller County,,MO,2107,24557,26664,7,9,16,1073,1253,2326,6,0.277586,0.290649,107.348856,0.000861,0.000418,57,0.000195,0,31,0.611111,0.006359
29133,Mississippi County,,MO,816,12949,13765,3,3,6,254,386,640,7,0.242815,0.250345,0,0.000022,0.000015,57,0.000153,0,31,1,0.00043
29135,Moniteau County,,MO,1080,16424,17504,7,6,13,679,579,1258,7,0.26811,0.27911,9.228039,0.000153,0.000145,57,0.000219,0,31,0.571429,0.00196
29137,Monroe County,,MO,640,10391,11031,4,4,8,288,333,621,7,0.268358,0.279202,114.223282,0.000122,0.000089,57,0.000142,0,31,0.583333,0.001121
29139,Montgomery County,,MO,892,13706,14598,6,6,12,568,470,1038,6,0.304029,0.317817,97.535534,0.00084,0.000863,57,0.000156,0,31,0.571429,0.006177
29141,Morgan County,,MO,1638,20922,22560,10,6,16,1068,760,1828,6,0.293231,0.30563,203.659769,0.001776,0.000449,57,0.000238,0,31,0.644444,0.013077
29143,New Madrid County,,MO,1373,18824,20197,6,6,12,727,829,1556,7,0.243162,0.251438,50.519417,0.000029,0.000016,57,0.000237,0,31,0.566667,0.000731
29145,Newton County,,MO,4677,58812,63489,9,13,22,2817,2965,5782,6,0.298824,0.314182,363.141591,0.00035,0.001427,57,0.000257,0,31,0.557692,0.004524
29147,Nodaway County,,MO,1588,21271,22859,7,8,15,409,608,1017,6,0.293439,0.306205,7920.426222,0.000542,0.000584,57,0.000223,0,31,0.305556,0.004464
29149,Oregon County,,MO,751,9546,10297,2,2,4,210,272,482,8,0.213229,0.21917,3.912345,0.000003,0.000001,57,0.000133,0,31,0.5,0.000223
29151,Osage County,,MO,813,15556,16369,2,4,6,271,428,699,7,0.268085,0.278822,1.012092,0.000036,0.000126,57,0.000093,0,31,0.583333,0.000456
29153,Ozark County,,MO,671,9258,9929,3,4,7,183,311,494,7,0.270386,0.281606,7.075678,0.000011,0.000204,57,0.000142,0,31,0.583333,0.000551
29155,Pemiscot County,,MO,1259,18116,19375,4,6,10,446,724,1170,6,0.307938,0.322165,696.477312,0.00002,0.0006,5,0.000146,0,31,0.433333,0.000561
29157,Perry County,,MO,1027,21246,22273,7,6,13,597,461,1058,6,0.303805,0.317443,1042.487841,0.000696,0.000598,57,0.000208,0,31,0.547619,0.005034
29159,Pettis County,,MO,3031,44138,47169,11,12,23,1452,1540,2992,6,0.294932,0.308724,508.539086,0.002246,0.000753,57,0.0003,0,31,0.414286,0.016861
29161,Phelps County,,MO,3958,43153,47111,13,16,29,1527,1661,3188,6,0.330256,0.350236,3941.090824,0.001413,0.003008,57,0.000304,0,31,0.455882,0.01148
29163,Pike County,,MO,1067,18494,19561,6,5,11,474,499,973,6,0.27973,0.291281,1514.183152,0.000834,0.000311,57,0.000165,0,31,0.428571,0.006081
29165,Platte County,,MO,11213,90969,102182,31,21,52,8688,7860,16548,6,0.356677,0.379635,3236.12335,0.010323,0.009,57,0.000573,0,31,0.529412,0.077135
29167,Polk County,,MO,2485,30235,32720,8,7,15,1433,1314,2747,6,0.293825,0.306597,183.423265,0.000543,0.000615,57,0.000321,0,31,0.464286,0.005525
29169,Pulaski County,,MO,6904,39998,46902,29,33,62,2821,3129,5950,6,0.350635,0.375207,7264.047447,0.010609,0.010401,57,0.000416,0,31,0.496626,0.077006
29171,Putnam County,,MO,470,5773,6243,1,1,2,72,73,145,7,0.252549,0.260065,0,0.000016,0.000006,57,0.00009,0,31,0,0.000135
29173,Ralls County,,MO,712,11622,12334,3,2,5,409,320,729,7,0.235533,0.242202,203.714695,0.000204,0.000001,57,0.000105,0,31,0.166667,0.001863
29175,Randolph County,,MO,1795,25661,27456,6,6,12,741,813,1554,6,0.294303,0.306959,3184.241035,0.000114,0.000465,57,0.00022,0,31,0.333333,0.001299
29177,Ray County,,MO,2034,26989,29023,6,6,12,1091,1276,2367,6,0.293083,0.305343,1416.199876,0.000592,0.000567,57,0.000193,0,31,0.547619,0.004829
29179,Reynolds County,,MO,465,6511,6976,1,2,3,42,103,145,7,0.234125,0.240944,622.500244,0.000621,0.000009,57,0.000061,0,31,0.333333,0.003957
29181,Ripley County,,MO,878,13486,14364,1,2,3,251,322,573,7,0.234409,0.241162,0,0.000006,0.000005,57,0.000077,0,31,1,0.000142
29183,St. Charles County,,MO,23300,403698,426998,66,59,125,21858,16308,38166,5,0.383181,0.412382,23635.623235,0.027193,0.024022,57,0.000975,0,31,0.418748,0.199
29185,St. Clair County,,MO,672,8708,9380,3,4,7,214,267,481,6,0.292964,0.304911,1.694444,0.000411,0.000388,57,0.000111,0,31,0.5,0.003131
29186,Ste. Genevieve County,,MO,1297,21647,22944,4,5,9,732,842,1574,6,0.303774,0.317271,0,0.000671,0.000598,57,0.000129,0,31,1,0.004634
29187,St. Francois County,,MO,3546,62226,65772,13,13,26,2563,2104,4667,6,0.305406,0.320664,6904.361095,0.001105,0.001201,57,0.000334,0,31,0.37619,0.00883
29189,St. Louis County,,MO,75667,1159624,1235291,176,207,383,55295,65913,121208,5,0.435462,0.477927,201700.323008,0.068757,0.078858,57,0.002432,0,31,0.288876,0.492705
29195,Saline County,,MO,1463,24014,25477,6,7,13,458,630,1088,6,0.294094,0.306769,2401.881742,0.001583,0.000513,57,0.000172,0,31,0.482143,0.011544
29197,Schuyler County,,MO,293,4230,4523,1,1,2,62,88,150,7,0.252549,0.260065,0,0.000016,0.000006,57,0.00009,0,31,0,0.000135
29199,Scotland County,,MO,233,5470,5703,0,0,0,0,0,0,0,0,0,0,0,0,55,0.000051,47,112,0,0
29201,Scott County,,MO,2852,43076,45928,8,6,14,1710,1477,3187,6,0.303869,0.317529,4871.249047,0.000647,0.000552,57,0.000289,0,31,0.517857,0.004799
29203,Shannon County,,MO,484,8008,8492,2,1,3,170,134,304,8,0.213041,0.218693,0,0.000005,0.000001,57,0.000099,0,31,1,0.000236
29205,Shelby County,,MO,466,7495,7961,0,1,1,0,84,84,8,0.211498,0.216718,0,0,0.000001,57,0.000051,0,113,0,0
29207,Stoddard County,,MO,1928,32043,33971,7,7,14,929,966,1895,7,0.243162,0.25161,39.061986,0.000031,0.000026,57,0.000278,0,31,0.5,0.000905
29209,Stone County,,MO,3088,31249,34337,11,6,17,1584,1689,3273,7,0.27026,0.281606,101.79372,0.001665,0.000269,57,0.00035,0,31,0.445455,0.013337
29211,Sullivan County,,MO,556,7546,8102,1,3,4,66,157,223,7,0.253988,0.262521,25.679789,0.000016,0.00003,57,0.00009,0,31,0,0.000135
29213,Taney County,,MO,4151,44799,48950,11,7,18,1817,1858,3675,6,0.305761,0.32052,620.289741,0.002807,0.001056,57,0.000315,0,31,0.598485,0.022384
29215,Texas County,,MO,1725,23780,25505,6,8,14,636,857,1493,6,0.276237,0.288676,1509.393588,0.000233,0.000328,57,0.000192,0,31,0.430556,0.00269
29217,Vernon County,,MO,1560,21122,22682,7,9,16,603,714,1317,6,0.300935,0.314545,320.047818,0.000576,0.001108,57,0.000222,0,31,0.472222,0.005494
29219,Warren County,,MO,2405,33723,36128,7,7,14,2506,1647,4153,6,0.304029,0.317932,3.061387,0.001087,0.000915,57,0.000164,0,31,0.803571,0.008079
29221,Washington County,,MO,1347,22429,23776,6,6,12,1070,902,1972,6,0.303614,0.317156,1957.498372,0.000893,0.000613,57,0.000153,0,31,0.642857,0.006385
29223,Wayne County,,MO,923,11896,12819,5,4,9,356,360,716,7,0.258036,0.267455,623.242244,0.000637,0.000047,57,0.000168,0,31,0.5,0.004468
29225,Webster County,,MO,2947,36871,39818,8,9,17,2070,1934,4004,7,0.270512,0.282428,359.480578,0.00015,0.000253,57,0.000331,0,31,0.422222,0.002779
29227,Worth County,,MO,125,2469,2594,0,0,0,0,0,0,0,0,0,0,0,0,56,0.000051,48,114,0,0
29229,Wright County,,MO,1351,18341,19692,6,7,13,610,778,1388,7,0.270462,0.282054,8.813997,0.000133,0.000237,57,0.000229,0,31,0.690476,0.002079
29510,St. Louis city,,MO,36719,298557,335276,53,56,109,25094,31197,56291,5,0.390882,0.420008,14453.190917,0.025246,0.027326,57,0.000732,0,31,0.532564,0.181656
30001,Beaverhead County,,MT,807,8790,9597,2,4,6,96,208,304,7,0.260729,0.27073,5.289467,0.000076,0.000207,74,0.000098,0,31,0.65,0.000981
30003,Big Horn County,,MT,805,12314,13119,2,3,5,258,311,569,7,0.264079,0.274744,4.121345,0.000095,0.00018,74,0.000113,0,31,0.583333,0.000883
30005,Blaine County,,MT,487,6895,7382,1,2,3,99,177,276,7,0.262239,0.272496,0,0.000004,0.000078,74,0.000074,0,31,0.5,0.00012
30007,Broadwater County,,MT,388,4811,5199,3,2,5,260,140,400,7,0.26005,0.269465,0,0.000191,0.000137,74,0.000132,0,31,1,0.002045
30009,Carbon County,,MT,850,10019,10869,1,1,2,252,263,515,7,0.262144,0.272179,0,0.000093,0.000076,74,0.000075,0,31,0,0.000747
30011,Carter County,,MT,96,1375,1471,0,0,0,0,0,0,0,0,0,0,0,0,58,0.000051,49,115,0,0
30013,Cascade County,,MT,7455,88912,96367,27,26,53,2656,2926,5582,5,0.352169,0.37607,26435.523842,0.008529,0.009312,74,0.000589,0,31,0.441288,0.067569
30015,Chouteau County,,MT,344,5246,5590,1,1,2,80,100,180,6,0.260471,0.269531,0,0.000073,0.000067,74,0.00007,0,31,0,0.000631
30017,Custer County,,MT,867,12320,13187,3,2,5,192,164,356,7,0.264055,0.274572,3.866916,0.000168,0.000179,74,0.000147,0,31,0.666667,0.001761
30019,Daniels County,,MT,140,2196,2336,0,0,0,0,0,0,0,0,0,0,0,0,59,0.000051,50,116,0,0
30021,Dawson County,,MT,569,9987,10556,0,1,1,0,80,80,7,0.262187,0.272258,0,0,0.000076,74,0.000051,0,117,0,0
30023,Deer Lodge County,,MT,596,9576,10172,3,2,5,204,135,339,7,0.259097,0.268284,0,0.000077,0.000098,74,0.000119,0,31,0.833333,0.001078
30025,Fallon County,,MT,212,3301,3513,0,0,0,0,0,0,0,0,0,0,0,0,60,0.000051,51,118,0,0
30027,Fergus County,,MT,883,12787,13670,3,5,8,205,338,543,6,0.267146,0.278525,5892,0.000241,0.00028,74,0.000121,0,31,0.6,0.002298
30029,Flathead County,,MT,5528,94404,99932,35,23,58,3786,2429,6215,6,0.343731,0.366264,9659.770312,0.012735,0.007955,74,0.00063,0,31,0.564286,0.0982
30031,Gallatin County,,MT,7938,86492,94430,41,30,71,4394,3710,8104,6,0.350975,0.375288,35086.564076,0.013095,0.009436,74,0.000946,0,31,0.384778,0.10392
30033,Garfield County,,MT,76,1381,1457,0,0,0,0,0,0,0,0,0,0,0,0,61,0.000051,52,119,0,0
30035,Glacier County,,MT,785,13873,14658,3,5,8,191,287,478,6,0.268209,0.279601,37.431482,0.000144,0.00024,74,0.000144,0,31,0.55,0.001577
30037,Golden Valley County,,MT,97,1095,1192,0,0,0,0,0,0,0,0,0,0,0,0,62,0.000051,53,120,0,0
30039,Granite County,,MT,256,2858,3114,0,1,1,0,51,51,7,0.259117,0.268191,0,0,0.000095,74,0.000051,0,121,0,0
30041,Hill County,,MT,1295,18124,19419,6,7,13,459,610,1069,6,0.270008,0.281913,2976.199385,0.000282,0.000475,74,0.000189,0,31,0.589286,0.003446
30043,Jefferson County,,MT,1012,11530,12542,4,4,8,586,536,1122,7,0.263,0.273163,0,0.000173,0.000235,74,0.000155,0,31,1,0.002279
30045,Judith Basin County,,MT,246,2100,2346,1,1,2,40,48,88,1,1,1,2947,0.000002,0,74,0.000071,0,8,0,0.000107
30047,Lake County,,MT,2064,26692,28756,4,7,11,589,924,1513,6,0.273887,0.287445,31.068197,0.000136,0.00066,74,0.000152,0,31,0.660714,0.001921
30049,Lewis and Clark County,,MT,4388,67565,71953,19,13,32,2441,2017,4458,6,0.336117,0.355843,4197.069248,0.004285,0.002914,74,0.000467,0,31,0.464912,0.034853
30051,Liberty County,,MT,106,2170,2276,0,0,0,0,0,0,0,0,0,0,0,0,63,0.000051,54,122,0,0
30053,Lincoln County,,MT,1299,18769,20068,3,2,5,350,340,690,7,0.259561,0.26883,0,0.000362,0.000195,74,0.000111,0,31,1,0.003853
30055,McCone County,,MT,124,1993,2117,1,0,1,48,0,48,0,0,0,0,0,0,74,0.000111,0,7,0,0.000087
30057,Madison County,,MT,570,7233,7803,2,1,3,245,66,311,7,0.259817,0.268999,0,0.000076,0.000103,74,0.000098,0,31,0.5,0.001015
30059,Meagher County,,MT,195,2224,2419,0,0,0,0,0,0,0,0,0,0,0,0,64,0.000051,55,123,0,0
30061,Mineral County,,MT,471,4116,4587,1,1,2,93,135,228,7,0.259074,0.268111,0,0.00007,0.000095,74,0.000072,0,31,0,0.000851
30063,Missoula County,,MT,9077,107040,116117,39,34,73,5241,5083,10324,6,0.34962,0.3737,38332.359428,0.012071,0.008915,74,0.000859,0,31,0.36945,0.094774
30065,Musselshell County,,MT,399,4399,4798,1,1,2,75,188,263,7,0.262144,0.272179,0,0.000093,0.000076,74,0.000075,0,31,0,0.000747
30067,Park County,,MT,1410,16997,18407,4,2,6,482,357,839,7,0.264055,0.274572,0,0.00024,0.000179,74,0.000141,0,31,0.833333,0.002627
30069,Petroleum County,,MT,-2,-2,-4,0,0,0,0,0,0,0,0,0,0,0,0,65,0.000051,56,124,0,0
30071,Phillips County,,MT,295,4699,4994,0,0,0,0,0,0,0,0,0,0,0,0,66,0.000051,57,125,0,0
30073,Pondera County,,MT,485,6657,7142,3,2,5,167,132,299,6,0.260518,0.269761,0.75,0.000076,0.000068,74,0.000124,0,31,0.666667,0.000822
30075,Powder River County,,MT,118,1602,1720,0,0,0,0,0,0,0,0,0,0,0,0,67,0.000051,58,126,0,0
30077,Powell County,,MT,573,5804,6377,2,4,6,106,222,328,7,0.259167,0.268686,0.722906,0.000093,0.000132,74,0.000103,0,31,0.833333,0.001229
30079,Prairie County,,MT,92,1261,1353,0,0,0,0,0,0,0,0,0,0,0,0,68,0.000051,59,127,0,0
30081,Ravalli County,,MT,3022,40663,43685,13,7,20,1366,1181,2547,6,0.311982,0.327599,4.227528,0.005752,0.001518,74,0.000272,0,31,0.878205,0.045956
30083,Richland County,,MT,740,11169,11909,2,2,4,125,188,313,7,0.263144,0.2736,23.072577,0.000094,0.000077,74,0.000091,0,31,0.5,0.000838
30085,Roosevelt County,,MT,738,10428,11166,1,4,5,72,232,304,7,0.263263,0.274089,30.116724,0.000093,0.00008,74,0.000075,0,31,0.333333,0.000747
30087,Rosebud County,,MT,829,10091,10920,2,2,4,199,236,435,7,0.262168,0.272352,0.333333,0.000095,0.000077,74,0.000107,0,31,0.666667,0.000841
30089,Sanders County,,MT,831,10800,11631,3,3,6,220,236,456,7,0.259584,0.269002,0,0.000138,0.000196,74,0.000114,0,31,1,0.001823
30091,Sheridan County,,MT,202,4319,4521,0,0,0,0,0,0,0,0,0,0,0,0,69,0.000051,60,128,0,0
30093,Silver Bow County,,MT,2265,35201,37466,9,10,19,767,910,1677,6,0.27477,0.289274,204.53645,0.000339,0.000738,74,0.000299,0,31,0.518182,0.003925
30095,Stillwater County,,MT,859,9475,10334,1,1,2,320,298,618,7,0.262144,0.272179,0,0.000093,0.000076,74,0.000075,0,31,0,0.000747
30097,Sweet Grass County,,MT,321,3841,4162,0,1,1,0,49,49,7,0.262187,0.272258,0,0,0.000076,74,0.000051,0,129,0,0
30099,Teton County,,MT,445,7352,7797,1,2,3,118,175,293,6,0.260494,0.269703,0,0.000073,0.000068,74,0.00007,0,31,1,0.000631
30101,Toole County,,MT,385,5300,5685,0,0,0,0,0,0,0,0,0,0,0,0,70,0.000051,61,130,0,0
30103,Treasure County,,MT,-2,-2,-4,0,0,0,0,0,0,0,0,0,0,0,0,71,0.000051,62,131,0,0
30105,Valley County,,MT,532,8313,8845,0,1,1,0,75,75,7,0.262187,0.272258,0,0,0.000076,74,0.000051,0,132,0,0
30107,Wheatland County,,MT,152,2122,2274,0,0,0,0,0,0,0,0,0,0,0,0,72,0.000051,63,133,0,0
30109,Wibaux County,,MT,92,1007,1099,0,0,0,0,0,0,0,0,0,0,0,0,73,0.000051,64,134,0,0
30111,Yellowstone County,,MT,8859,156882,165741,44,44,88,5240,4672,9912,6,0.355234,0.382419,74377.939901,0.009657,0.011862,74,0.001268,0,31,0.234118,0.079273
31001,Adams County,,NE,1966,34852,36818,7,6,13,673,776,1449,6,0.293706,0.306142,8828.285231,0.000557,0.000438,57,0.000303,0,31,0.404762,0.004028
31003,Antelope County,,NE,432,8046,8478,1,1,2,71,95,166,7,0.259491,0.268479,0,0.000031,0.000004,57,0.000063,0,31,0,0.000136
31005,Arthur County,,NE,46,534,580,0,0,0,0,0,0,0,0,0,0,0,0,75,0.000051,65,135,0,0
31007,Banner County,,NE,76,673,749,0,0,0,0,0,0,0,0,0,0,0,0,76,0.000051,66,136,0,0
31009,Blaine County,,NE,64,472,536,0,0,0,0,0,0,0,0,0,0,0,0,77,0.000051,67,137,0,0
31011,Boone County,,NE,321,6834,7155,1,0,1,46,0,46,0,0,0,0,0.000004,0,57,0.000078,0,11,0,0.000133
31013,Box Butte County,,NE,941,13702,14643,1,3,4,60,200,260,6,0.277693,0.288946,0.619048,0.000009,0.000142,57,0.000069,0,31,0.333333,0.000137
31015,Boyd County,,NE,107,2559,2666,0,0,0,0,0,0,0,0,0,0,0,0,78,0.000051,68,138,0,0
31017,Brown County,,NE,273,3662,3935,0,0,0,0,0,0,0,0,0,0,0,0,79,0.000051,69,139,0,0
31019,Buffalo County,,NE,3500,48431,51931,13,13,26,1655,1692,3347,6,0.296987,0.310852,24538.269403,0.000568,0.000573,57,0.00057,0,31,0.21978,0.004605
31021,Burt County,,NE,523,8221,8744,3,4,7,273,273,546,6,0.29335,0.305251,0,0.000389,0.000422,57,0.000107,0,31,0.916667,0.002602
31023,Butler County,,NE,689,11057,11746,5,5,10,374,344,718,6,0.293498,0.305653,1454.242491,0.000541,0.000418,57,0.000153,0,31,0.65,0.003667
31025,Cass County,,NE,2190,29411,31601,5,6,11,1477,1322,2799,6,0.296198,0.308696,4.168718,0.000696,0.000565,57,0.000145,0,31,0.766667,0.004646
31027,Cedar County,,NE,644,11148,11792,1,5,6,40,287,327,6,0.294064,0.30643,628.682321,0.000158,0.000418,57,0.000073,0,31,0.55,0.001003
31029,Chase County,,NE,324,4490,4814,0,0,0,0,0,0,0,0,0,0,0,0,80,0.000051,70,140,0,0
31031,Cherry County,,NE,496,6398,6894,0,0,0,0,0,0,0,0,0,0,0,0,81,0.000051,71,141,0,0
31033,Cheyenne County,,NE,802,11535,12337,3,0,3,157,0,157,0,0,0,0,0.00002,0,74,0.000135,0,19,0,0.000343
31035,Clay County,,NE,527,7744,8271,1,2,3,104,186,290,6,0.276368,0.286934,0,0.000003,0.000116,57,0.000094,0,31,1,0.000127
31037,Colfax County,,NE,736,11447,12183,2,5,7,167,444,611,6,0.293498,0.305653,0.733333,0.000008,0.000427,57,0.000104,0,31,0.85,0.000253
31039,Cuming County,,NE,707,11222,11929,3,4,7,131,326,457,6,0.293885,0.30597,2.086803,0.000202,0.000422,57,0.000106,0,31,0.916667,0.001277
31041,Custer County,,NE,689,12906,13595,2,3,5,93,194,287,6,0.276659,0.287566,0,0.00001,0.000117,57,0.000113,0,31,1,0.000273
31043,Dakota County,,NE,2061,23143,25204,7,7,14,1409,1218,2627,6,0.295082,0.307925,2044.784625,0.001521,0.000439,57,0.000219,0,31,0.416667,0.010513
31045,Dawes County,,NE,878,8415,9293,1,4,5,60,185,245,6,0.279245,0.291247,2899.343,0,0.000242,57,0.000113,0,31,0.3,0.000087
31047,Dawson County,,NE,2118,28310,30428,7,8,15,551,903,1454,6,0.298271,0.312037,6042.987803,0.000222,0.000693,57,0.000248,0,31,0.309091,0.001861
31049,Deuel County,,NE,176,2133,2309,0,0,0,0,0,0,0,0,0,0,0,0,82,0.000051,72,142,0,0
31051,Dixon County,,NE,409,7195,7604,3,2,5,135,122,257,7,0.26379,0.27295,3.198824,0.000055,0.000045,57,0.000114,0,31,0.333333,0.000634
31053,Dodge County,,NE,2742,41876,44618,9,9,18,1321,1508,2829,6,0.335339,0.353963,314.86678,0.000737,0.001645,57,0.000223,0,31,0.454545,0.005077
31055,Douglas County,,NE,34306,556146,590452,113,114,227,23377,25487,48864,5,0.412644,0.4469,175170.782808,0.038255,0.047197,57,0.001913,0,31,0.321873,0.283016
31057,Dundy County,,NE,153,2202,2355,0,0,0,0,0,0,0,0,0,0,0,0,83,0.000051,73,143,0,0
31059,Fillmore County,,NE,451,7628,8079,2,2,4,140,138,278,6,0.276342,0.286876,0,0.000162,0.000112,57,0.000096,0,31,1,0.001104
31061,Franklin County,,NE,296,3847,4143,1,1,2,43,59,102,7,0.229,0.235005,0,0.000005,0.000004,57,0.000088,0,31,0,0.000143
31063,Frontier County,,NE,269,2863,3132,1,1,2,44,62,106,7,0.229581,0.235606,0,0.000005,0.000004,57,0.000077,0,31,1,0.000112
31065,Furnas County,,NE,419,5896,6315,0,1,1,0,50,50,7,0.229043,0.235097,0,0,0.000004,57,0.000051,0,144,0,0
31067,Gage County,,NE,1507,26607,28114,6,4,10,703,723,1426,6,0.293379,0.305308,127.004798,0.000537,0.000415,57,0.000216,0,31,0.466667,0.003759
31069,Garden County,,NE,197,2171,2368,0,0,0,0,0,0,0,0,0,0,0,0,84,0.000051,74,145,0,0
31071,Garfield County,,NE,120,1643,1763,0,0,0,0,0,0,0,0,0,0,0,0,85,0.000051,75,146,0,0
31073,Gosper County,,NE,205,2400,2605,1,0,1,96,0,96,0,0,0,0,0.000005,0,57,0.000077,0,12,0,0.000112
31075,Grant County,,NE,106,905,1011,0,0,0,0,0,0,0,0,0,0,0,0,86,0.000051,76,147,0,0
31077,Greeley County,,NE,194,3013,3207,0,0,0,0,0,0,0,0,0,0,0,0,87,0.000051,77,148,0,0
31079,Hall County,,NE,3984,62913,66897,13,13,26,1766,1969,3735,6,0.342108,0.362382,14327.786926,0.002703,0.002658,57,0.000403,0,31,0.32381,0.020157
31081,Hamilton County,,NE,685,11442,12127,4,4,8,342,306,648,6,0.276474,0.287394,92.916032,0.000184,0.000137,57,0.000154,0,31,0.6,0.001455
31083,Harlan County,,NE,202,3761,3963,0,0,0,0,0,0,0,0,0,0,0,0,88,0.000051,78,149,0,0
31085,Hayes County,,NE,61,1028,1089,0,0,0,0,0,0,0,0,0,0,0,0,89,0.000051,79,150,0,0
31087,Hitchcock County,,NE,240,3451,3691,1,1,2,60,48,108,7,0.216641,0.221765,0,0.000001,0,57,0.000109,0,31,0,0.000093
31089,Holt County,,NE,571,12273,12844,1,2,3,53,103,156,6,0.292816,0.304319,0,0.000372,0.000306,57,0.000065,0,31,1,0.002346
31091,Hooker County,,NE,108,1023,1131,0,0,0,0,0,0,0,0,0,0,0,0,90,0.000051,80,151,0,0
31093,Howard County,,NE,505,7349,7854,1,1,2,230,190,420,7,0.254926,0.262903,0,0.000021,0.000021,57,0.000077,0,31,0,0.00026
31095,Jefferson County,,NE,575,9011,9586,2,3,5,102,268,370,6,0.276368,0.287049,2945,0.000161,0.000115,57,0.000119,0,31,0.5,0.001126
31097,Johnson County,,NE,458,4762,5220,2,3,5,135,202,337,6,0.276421,0.287095,0,0.000163,0.00012,57,0.000092,0,31,0.833333,0.001123
31099,Kearney County,,NE,597,7627,8224,1,2,3,260,208,468,7,0.229018,0.235178,0,0.000005,0.000006,57,0.000088,0,31,1,0.000143
31101,Keith County,,NE,653,9337,9990,1,2,3,81,142,223,6,0.276527,0.287164,0,0.000005,0.000116,57,0.000076,0,31,1,0.00013
31103,Keya Paha County,,NE,78,1039,1117,0,0,0,0,0,0,0,0,0,0,0,0,91,0.000051,81,152,0,0
31105,Kimball County,,NE,386,4144,4530,0,1,1,0,59,59,1,1,1,0,0,0,74,0.000051,0,153,0,0
31107,Knox County,,NE,499,10195,10694,1,2,3,60,130,190,7,0.25984,0.269169,18.420679,0.000001,0.000006,57,0.000085,0,31,0.5,0.000113
31109,Lancaster County,,NE,16961,304409,321370,68,64,132,10056,10034,20090,5,0.381718,0.41137,142677.12401,0.014118,0.02009,57,0.001688,0,31,0.209696,0.107785
31111,Lincoln County,,NE,2713,41351,44064,8,10,18,722,961,1683,6,0.297934,0.311646,10429.931541,0.000571,0.000654,57,0.000293,0,31,0.30303,0.004174
31113,Logan County,,NE,83,934,1017,0,0,0,0,0,0,0,0,0,0,0,0,92,0.000051,82,154,0,0
31115,Loup County,,NE,48,689,737,0,0,0,0,0,0,0,0,0,0,0,0,93,0.000051,83,155,0,0
31117,McPherson County,,NE,33,584,617,0,0,0,0,0,0,0,0,0,0,0,0,94,0.000051,84,156,0,0
31119,Madison County,,NE,4281,40385,44666,11,23,34,1094,2566,3660,6,0.350381,0.373873,19091.091379,0.00055,0.00394,57,0.000335,0,31,0.189231,0.004218
31121,Merrick County,,NE,709,8817,9526,2,3,5,208,321,529,6,0.276395,0.287106,0,0.000022,0.000134,57,0.00011,0,31,1,0.000363
31123,Morrill County,,NE,430,5545,5975,1,1,2,119,147,266,7,0.230037,0.236483,0,0.000009,0.000005,57,0.000069,0,31,0,0.000137
31125,Nance County,,NE,288,3563,3851,1,1,2,72,92,164,7,0.228928,0.234729,0,0.000004,0.000005,57,0.000078,0,31,0,0.000133
31127,Nemaha County,,NE,585,7808,8393,3,3,6,170,202,372,6,0.276421,0.287095,1.833333,0.000163,0.000117,57,0.000145,0,31,0.666667,0.001222
31129,Nuckolls County,,NE,294,5502,5796,0,0,0,0,0,0,0,0,0,0,0,0,95,0.000051,85,157,0,0
31131,Otoe County,,NE,1315,18774,20089,5,8,13,662,792,1454,6,0.296258,0.309041,119.590062,0.000536,0.000555,57,0.000175,0,31,0.428571,0.003672
31133,Pawnee County,,NE,151,2725,2876,0,0,0,0,0,0,0,0,0,0,0,0,96,0.000051,86,158,0,0
31135,Perkins County,,NE,240,3496,3736,0,0,0,0,0,0,0,0,0,0,0,0,97,0.000051,87,159,0,0
31137,Phelps County,,NE,846,10881,11727,3,3,6,196,279,475,6,0.276659,0.287566,464.477866,0.000163,0.000117,57,0.000148,0,31,0.666667,0.001232
31139,Pierce County,,NE,560,8749,9309,2,2,4,174,230,404,6,0.276923,0.287739,3.960089,0.000033,0.000115,57,0.000081,0,31,0.666667,0.000223
31141,Platte County,,NE,2150,37766,39916,9,9,18,906,1057,1963,6,0.296865,0.310047,12732.187359,0.000602,0.000548,57,0.000285,0,31,0.309091,0.00427
31143,Polk County,,NE,392,6537,6929,2,3,5,148,171,319,6,0.276448,0.287221,1.916667,0.000008,0.000117,57,0.000101,0,31,0.666667,0.000234
31145,Red Willow County,,NE,828,12540,13368,3,3,6,146,194,340,6,0.276527,0.287365,5842,0.00001,0.000116,57,0.000205,0,31,0.5,0.000359
31147,Richardson County,,NE,612,10014,10626,3,2,5,143,141,284,6,0.276316,0.286818,32.85773,0.00016,0.000112,57,0.000126,0,31,0.333333,0.001188
31149,Rock County,,NE,106,1654,1760,0,0,0,0,0,0,0,0,0,0,0,0,98,0.000051,88,160,0,0
31151,Saline County,,NE,1126,15750,16876,2,2,4,329,505,834,6,0.276316,0.286818,0,0.000161,0.000115,57,0.000119,0,31,1,0.001126
31153,Sarpy County,,NE,18546,167150,185696,47,48,95,15134,12058,27192,5,0.378378,0.406085,18214.099025,0.016168,0.019948,57,0.000839,0,31,0.367647,0.119676
31155,Saunders County,,NE,1464,23965,25429,5,5,10,990,864,1854,6,0.296077,0.308408,0.5,0.000704,0.000551,57,0.000144,0,31,0.9,0.004664
31157,Scotts Bluff County,,NE,2312,39482,41794,8,12,20,657,821,1478,6,0.298732,0.313693,11333.393725,0.000662,0.001155,57,0.00026,0,31,0.230769,0.005112
31159,Seward County,,NE,1418,18357,19775,2,4,6,559,705,1264,6,0.293409,0.305366,0.5,0.000161,0.000418,57,0.000099,0,31,0.75,0.001123
31161,Sheridan County,,NE,465,6279,6744,1,1,2,44,60,104,7,0.218338,0.223962,2947.343,0.000001,0,57,0.000073,0,31,0,0.000091
31163,Sherman County,,NE,256,3476,3732,1,1,2,45,60,105,7,0.229,0.235005,0,0.000005,0.000004,57,0.000088,0,31,0,0.000143
31165,Sioux County,,NE,94,1282,1376,0,0,0,0,0,0,0,0,0,0,0,0,99,0.000051,89,161,0,0
31167,Stanton County,,NE,572,7411,7983,1,3,4,122,216,338,6,0.292846,0.304492,0,0.000031,0.000306,57,0.000063,0,31,0.666667,0.000136
31169,Thayer County,,NE,352,6189,6541,1,1,2,42,54,96,6,0.276316,0.286703,0,0.000001,0.000111,57,0.000084,0,31,1,0.000097
31171,Thomas County,,NE,91,736,827,0,0,0,0,0,0,0,0,0,0,0,0,100,0.000051,90,162,0,0
31173,Thurston County,,NE,431,7475,7906,2,2,4,116,148,264,7,0.26379,0.27295,0,0.000052,0.000045,57,0.000098,0,31,1,0.000545
31175,Valley County,,NE,307,4838,5145,0,0,0,0,0,0,0,0,0,0,0,0,101,0.000051,91,163,0,0
31177,Washington County,,NE,1594,23108,24702,4,5,9,879,933,1812,6,0.296077,0.308408,4.932825,0.000545,0.000548,57,0.000124,0,31,0.85,0.003642
31179,Wayne County,,NE,757,9413,10170,2,4,6,95,289,384,6,0.293915,0.306027,3.15,0.000034,0.000417,57,0.000075,0,31,0.5,0.000229
31181,Webster County,,NE,228,4325,4553,1,1,2,52,51,103,7,0.227045,0.232622,0,0.000003,0.000004,57,0.000094,0,31,0,0.000127
31183,Wheeler County,,NE,45,841,886,0,0,0,0,0,0,0,0,0,0,0,0,102,0.000051,92,164,0,0
31185,York County,,NE,1199,16135,17334,4,6,10,283,543,826,6,0.293498,0.305768,605.386601,0.000163,0.000436,57,0.000164,0,31,0.380952,0.001285
32001,Churchill County,,NV,2882,25970,28852,9,9,18,1041,1008,2049,6,0.338117,0.357131,306.203136,0.00364,0.003804,7,0.000159,0,31,0.560606,0.027007
32003,Clark County,,NV,104361,1899271,2003632,441,413,854,127690,86598,214288,5,0.475784,0.532453,325368.943987,0.125124,0.11823,7,0.005231,0,31,0.129569,0.884498
32005,Douglas County,,NV,4871,52087,56958,21,11,32,3275,2829,6104,6,0.342837,0.362647,8.913039,0.010511,0.006411,7,0.000236,0,31,0.82619,0.074324
32007,Elko County,,NV,4217,50537,54754,21,16,37,2484,1775,4259,6,0.337173,0.357402,5447.180973,0.005999,0.004344,7,0.000412,0,31,0.442029,0.048354
32009,Esmeralda County,,NV,115,734,849,0,0,0,0,0,0,0,0,0,0,0,0,103,0.000051,93,165,0,0
32011,Eureka County,,NV,133,1450,1583,1,0,1,48,0,48,0,0,0,0,0.000034,0,7,0.000072,0,14,0,0.000479
32013,Humboldt County,,NV,1465,17758,19223,5,5,10,475,504,979,6,0.322825,0.338762,858.339352,0.001241,0.001345,7,0.000183,0,31,0.55,0.010308
32015,Lander County,,NV,556,5908,6464,3,2,5,172,160,332,7,0.252219,0.260382,0,0.000976,0.000057,7,0.000114,0,31,1,0.007879
32017,Lincoln County,,NV,280,4216,4496,1,1,2,244,68,312,6,0.32243,0.33767,0,0.000931,0.000985,7,0.000061,0,31,0,0.007231
32019,Lyon County,,NV,5642,51753,57395,23,12,35,5436,3366,8802,6,0.342028,0.362083,846.941845,0.010527,0.005616,7,0.00026,0,31,0.646154,0.073129
32021,Mineral County,,NV,438,4848,5286,1,3,4,69,150,219,7,0.271145,0.283613,0,0.000273,0.000414,7,0.000062,0,31,1,0.002345
32023,Nye County,,NV,3960,41292,45252,14,9,23,3728,1790,5518,6,0.341665,0.361335,33.187838,0.007599,0.005242,7,0.000189,0,31,0.780952,0.054035
32027,Pershing County,,NV,480,5004,5484,2,2,4,124,184,308,7,0.271094,0.283383,0,0.000284,0.000312,7,0.000093,0,31,1,0.002514
32029,Storey County,,NV,610,4507,5117,3,1,4,452,318,770,7,0.271044,0.283153,0,0.000367,0.000303,7,0.000095,0,31,1,0.003507
32031,Washoe County,,NV,26341,432954,459295,109,99,208,22000,18795,40795,6,0.371777,0.407016,24504.237878,0.038429,0.034708,7,0.001333,0,31,0.387702,0.285351
32033,White Pine County,,NV,870,9198,10068,3,3,6,310,217,527,6,0.322753,0.338417,0,0.001238,0.001335,7,0.000095,0,31,1,0.010054
32510,Carson City,,NV,6150,58135,64285,14,11,25,3646,3846,7492,6,0.342756,0.362532,349.584169,0.007481,0.006341,7,0.000185,0,31,0.838235,0.053971
33001,Belknap County,,NH,4824,71849,76673,13,11,24,3542,3094,6636,6,0.302726,0.318898,33.691379,0.00377,0.002498,49,0.000152,0,31,0.879121,0.022319
33003,Carroll County,,NH,3380,55031,58411,16,13,29,2281,1787,4068,6,0.301404,0.318127,38.079784,0.004505,0.002228,49,0.000177,0,31,0.771242,0.026062
33005,Cheshire County,,NH,5304,86967,92271,17,18,35,2949,2583,5532,6,0.336351,0.356746,368.832087,0.006,0.004362,49,0.000198,0,31,0.690476,0.037432
33007,Coos County,,NH,2150,38830,40980,7,9,16,787,1014,1801,6,0.275109,0.288354,4600.71296,0.001253,0.000644,49,0.00014,0,31,0.644444,0.007975
33009,Grafton County,,NH,7860,93267,101127,25,22,47,4511,4258,8769,6,0.324379,0.344444,1471.83525,0.006514,0.006495,49,0.000286,0,31,0.568783,0.038691
33011,Hillsborough County,,NH,27907,470690,498597,63,89,152,19376,20736,40112,5,0.377196,0.41068,9297.20097,0.03114,0.045978,49,0.000582,0,31,0.545152,0.207626
33013,Merrimack County,,NH,11394,166596,177990,26,26,52,8579,7576,16155,6,0.33871,0.360714,697.31811,0.00879,0.008111,49,0.000269,0,31,0.618952,0.055197
33015,Rockingham County,,NH,22697,354230,376927,46,62,108,18030,17567,35597,5,0.363887,0.39265,4639.577697,0.021271,0.028184,49,0.000443,0,31,0.540167,0.142147
33017,Strafford County,,NH,9284,132635,141919,18,17,35,6725,5940,12665,6,0.337448,0.357983,295.305673,0.005528,0.005475,49,0.000193,0,31,0.768421,0.0336
33019,Sullivan County,,NH,2979,48774,51753,8,6,14,1699,1479,3178,6,0.275109,0.288009,1.243286,0.001524,0.000609,49,0.000127,0,31,0.785714,0.009589
34001,Atlantic County,,NJ,14367,329070,343437,39,60,99,8942,10061,19003,5,0.370683,0.399988,463.581691,0.021344,0.033015,127,0.000278,0,31,0.742548,0.125461
34003,Bergen County,,NJ,55793,1020253,1076046,95,150,245,43637,49404,93041,5,0.395038,0.436226,2660.991813,0.0537,0.071644,127,0.00073,0,31,0.516128,0.34311
34005,Burlington County,,NJ,32481,530591,563072,73,122,195,22725,24696,47421,5,0.383587,0.421342,2514.376527,0.041248,0.059633,127,0.000566,0,31,0.533542,0.257554
34007,Camden County,,NJ,31636,589879,621515,62,84,146,23532,26026,49558,5,0.377344,0.410369,1067.73942,0.036402,0.044962,127,0.000464,0,31,0.699023,0.227007
34009,Cape May County,,NJ,6323,112393,118716,16,19,35,3552,3620,7172,6,0.335223,0.356102,48.655449,0.006322,0.009279,127,0.000142,0,31,0.854978,0.034889
34011,Cumberland County,,NJ,6611,166535,173146,17,12,29,4645,3773,8418,6,0.31641,0.333471,12.789437,0.007591,0.004602,127,0.000143,0,31,0.871053,0.041683
34013,Essex County,,NJ,55609,815847,871456,87,138,225,37451,49461,86912,5,0.39104,0.430929,1962.567711,0.0493,0.066093,127,0.000651,0,31,0.53644,0.311861
34015,Gloucester County,,NJ,15540,332341,347881,30,38,68,15968,11533,27501,5,0.356721,0.382482,212.231939,0.013095,0.018674,127,0.000218,0,31,0.738372,0.071366
34017,Hudson County,,NJ,62784,643743,706527,112,141,253,42893,56535,99428,5,0.400387,0.440338,3190.857148,0.059755,0.069933,127,0.00086,0,31,0.539426,0.379485
34019,Hunterdon County,,NJ,8053,148858,156911,24,29,53,5715,4889,10604,6,0.346775,0.369663,5.291306,0.011029,0.013661,127,0.000166,0,31,0.860887,0.057779
34021,Mercer County,,NJ,24393,394479,418872,60,82,142,16899,18829,35728,5,0.381718,0.414539,429.218221,0.035488,0.044968,127,0.000451,0,31,0.727926,0.22405
34023,Middlesex County,,NJ,65463,911214,976677,116,173,289,50229,58506,108735,5,0.413764,0.455567,4158.537223,0.062371,0.082044,127,0.0009,0,31,0.46768,0.39644
34025,Monmouth County,,NJ,34621,721318,755939,66,132,198,25181,28909,54090,5,0.384299,0.423378,884.889652,0.037469,0.0642,127,0.000483,0,31,0.535893,0.233216
34027,Morris County,,NJ,34488,569749,604237,75,122,197,25052,28310,53362,5,0.386246,0.424045,1382.282378,0.043774,0.061262,127,0.000565,0,31,0.571235,0.275031
34029,Ocean County,,NJ,26365,647611,673976,61,103,164,25292,19996,45288,5,0.37092,0.406188,842.861648,0.03356,0.046607,127,0.000431,0,31,0.55293,0.2076
34031,Passaic County,,NJ,34797,569187,603984,49,100,149,21807,29545,51352,5,0.382776,0.417915,609.558059,0.027448,0.050938,127,0.000347,0,31,0.637426,0.166706
34033,Salem County,,NJ,3855,77836,81691,10,10,20,2969,2442,5411,6,0.294722,0.31026,0.65125,0.003222,0.002655,127,0.000111,0,31,0.9,0.018334
34035,Somerset County,,NJ,26938,367257,394195,57,89,146,22187,22054,44241,5,0.385526,0.418984,864.28887,0.033347,0.048482,127,0.000422,0,31,0.684783,0.207392
34037,Sussex County,,NJ,9664,178029,187693,21,28,49,7408,5908,13316,6,0.345288,0.367966,20.170442,0.009307,0.012116,127,0.000148,0,31,0.790323,0.047076
34039,Union County,,NJ,41900,598604,640504,61,110,171,30040,36510,66550,5,0.378477,0.414452,964.108293,0.035748,0.053841,127,0.00045,0,31,0.587547,0.223112
34041,Warren County,,NJ,7940,128988,136928,21,22,43,6213,4941,11154,6,0.339623,0.360979,0.995751,0.009362,0.008275,127,0.000146,0,31,0.909231,0.047562
35001,Bernalillo County,,NM,40830,653335,694165,162,144,306,34012,31248,65260,5,0.418242,0.455935,62334.375889,0.064249,0.058204,7,0.002056,0,31,0.34342,0.468561
35003,Catron County,,NM,283,2900,3183,0,0,0,0,0,0,0,0,0,0,0,0,104,0.000051,94,166,0,0
35005,Chaves County,,NM,3426,59397,62823,16,15,31,1706,1636,3342,6,0.339862,0.360536,1544.047295,0.006933,0.003766,7,0.000251,0,31,0.615789,0.051166
35006,Cibola County,,NM,1568,23422,24990,5,6,11,991,988,1979,6,0.333564,0.351392,0.2,0.001647,0.001919,7,0.000122,0,31,0.966667,0.013682
35007,Colfax County,,NM,1169,13755,14924,3,3,6,162,199,361,6,0.295022,0.307298,7.420588,0.000484,0.000532,7,0.000112,0,31,0.333333,0.004137
35009,Curry County,,NM,5847,46570,52417,21,24,45,1779,2218,3997,6,0.345535,0.368961,7418.771418,0.007613,0.008482,7,0.000349,0,31,0.496032,0.057977
35011,De Baca County,,NM,183,2015,2198,0,0,0,0,0,0,0,0,0,0,0,0,105,0.000051,95,167,0,0
35013,Dona Ana County,,NM,12638,194037,206675,50,43,93,9376,8235,17611,5,0.363522,0.390373,9258.4045,0.020061,0.018889,7,0.000752,0,31,0.458421,0.154976
35015,Eddy County,,NM,3176,52605,55781,14,13,27,1397,1443,2840,6,0.343691,0.365194,197.758457,0.004348,0.005299,7,0.00027,0,31,0.665441,0.03585
35017,Grant County,,NM,1915,29900,31815,6,10,16,633,895,1528,6,0.334874,0.353433,745.999818,0.002757,0.003023,7,0.000132,0,31,0.533333,0.021976
35019,Guadalupe County,,NM,333,4302,4635,1,1,2,47,69,116,6,0.294932,0.306896,0,0.000458,0.000506,7,0.000063,0,31,0,0.003746
35021,Harding County,,NM,58,677,735,0,0,0,0,0,0,0,0,0,0,0,0,106,0.000051,96,168,0,0
35023,Hidalgo County,,NM,380,4908,5288,2,1,3,92,49,141,6,0.26663,0.276432,0,0.000173,0.000158,7,0.000077,0,31,1,0.00156
35025,Lea County,,NM,3280,59468,62748,20,14,34,1773,1422,3195,6,0.343406,0.364878,3094.517595,0.007439,0.004493,148,0.000361,0,31,0.557143,0.057885
35027,Lincoln County,,NM,1920,19359,21279,5,7,12,571,763,1334,6,0.334758,0.352916,0,0.001174,0.002354,7,0.000119,0,31,1,0.009522
35028,Los Alamos County,,NM,2111,22348,24459,5,5,10,594,639,1233,6,0.323257,0.339395,25.563684,0.001638,0.001829,7,0.00013,0,31,0.9,0.013738
35029,Luna County,,NM,1845,25727,27572,6,5,11,670,635,1305,6,0.334681,0.352571,0.77619,0.003231,0.002197,7,0.000118,0,31,0.933333,0.024307
35031,McKinley County,,NM,8422,84738,93160,9,15,24,5333,6959,12292,6,0.336273,0.356021,10.981346,0.002937,0.004752,7,0.000172,0,31,0.704167,0.023555
35033,Mora County,,NM,306,4843,5149,2,2,4,103,132,235,6,0.294962,0.307068,0,0.000465,0.000511,7,0.000078,0,31,1,0.003872
35035,Otero County,,NM,6597,59386,65983,22,15,37,2361,2226,4587,6,0.340181,0.360996,247.488573,0.011432,0.006917,7,0.000304,0,31,0.681667,0.086612
35037,Quay County,,NM,697,8729,9426,1,2,3,64,163,227,6,0.295232,0.307499,0,0.000067,0.000566,7,0.000063,0,31,1,0.000548
35039,Rio Arriba County,,NM,2447,40308,42755,8,6,14,1270,1653,2923,6,0.295503,0.308305,8.087813,0.001878,0.000943,7,0.000174,0,31,0.642857,0.014962
35041,Roosevelt County,,NM,1824,17370,19194,2,6,8,487,651,1138,6,0.297322,0.311169,0.1,0.000096,0.000957,7,0.000077,0,31,0.966667,0.001038
35043,Sandoval County,,NM,11279,118932,130211,43,27,70,12607,7894,20501,6,0.353415,0.377858,1916.649076,0.020644,0.013183,7,0.000588,0,31,0.558067,0.154185
35045,San Juan County,,NM,10767,139623,150390,31,29,60,7504,7478,14982,6,0.347232,0.371308,1061.999107,0.011074,0.009453,7,0.000478,0,31,0.470721,0.084821
35047,San Miguel County,,NM,1750,26161,27911,3,6,9,560,982,1542,6,0.295082,0.307758,2.5,0.0006,0.000902,7,0.00011,0,31,0.666667,0.005133
35049,Santa Fe County,,NM,9711,139773,149484,39,33,72,5749,5799,11548,6,0.360582,0.386353,2547.236387,0.020388,0.017497,7,0.000535,0,31,0.637631,0.153634
35051,Sierra County,,NM,838,10410,11248,2,2,4,167,247,414,6,0.295172,0.307356,0,0.000607,0.000664,7,0.000078,0,31,1,0.005049
35053,Socorro County,,NM,1366,16729,18095,3,4,7,345,591,936,6,0.295232,0.307701,0,0.000632,0.000881,7,0.000101,0,31,1,0.005544
35055,Taos County,,NM,1931,31957,33888,6,7,13,593,814,1407,6,0.33364,0.351622,239.9184,0.001763,0.002091,7,0.000164,0,31,0.666667,0.015031
35057,Torrance County,,NM,1364,13878,15242,5,4,9,792,816,1608,6,0.295022,0.307413,0,0.001776,0.000884,7,0.000131,0,31,1,0.0152
35059,Union County,,NM,308,4085,4393,0,0,0,0,0,0,0,0,0,0,0,0,107,0.000051,97,169,0,0
35061,Valencia County,,NM,4700,70254,74954,17,10,27,4000,2968,6968,6,0.335455,0.354267,409.149477,0.006951,0.003177,7,0.000278,0,31,0.591912,0.051766
36001,Albany County,,NY,22643,333792,356435,59,76,135,15963,17820,33783,5,0.37917,0.411031,19314.409618,0.021951,0.038067,108,0.000553,0,31,0.505747,0.130691
36003,Allegany County,,NY,2698,48701,51399,9,8,17,1276,1297,2573,6,0.291696,0.306694,850.293895,0.001347,0.00088,108,0.000157,0,31,0.522222,0.006904
36005,Bronx County,,NY,93933,1294390,1388323,121,168,289,66187,86153,152340,5,0.399724,0.442857,5388.740554,0.061621,0.073311,127,0.000955,0,31,0.438029,0.395815
36007,Broome County,,NY,9667,219987,229654,33,42,75,4772,5032,9804,5,0.353501,0.379233,5752.152835,0.012443,0.017714,108,0.000342,0,31,0.514881,0.075291
36009,Cattaraugus County,,NY,4528,88811,93339,8,11,19,2439,2553,4992,6,0.329655,0.347395,207.632016,0.001372,0.002669,108,0.00014,0,31,0.527273,0.006818
36011,Cayuga County,,NY,3931,86693,90624,10,9,19,2052,2173,4225,6,0.290905,0.305751,17.566951,0.00199,0.000989,108,0.000153,0,31,0.633333,0.009706
36013,Chautauqua County,,NY,5201,145698,150899,8,14,22,1836,2308,4144,6,0.345989,0.366879,493.50815,0.001462,0.006668,108,0.00014,0,31,0.525,0.007138
36015,Chemung County,,NY,4442,96902,101344,10,10,20,1904,1980,3884,6,0.292343,0.308046,286.772949,0.001919,0.001388,108,0.000177,0,31,0.555556,0.009816
36017,Chenango County,,NY,2941,58755,61696,8,8,16,1559,1584,3143,6,0.281824,0.29556,19.734537,0.001692,0.000674,108,0.000118,0,31,0.555556,0.00806
36019,Clinton County,,NY,3400,89926,93326,10,9,19,1314,1055,2369,6,0.283201,0.297889,252.051585,0.00128,0.000842,108,0.000188,0,31,0.381818,0.006842
36021,Columbia County,,NY,3735,69398,73133,15,10,25,2145,2027,4172,6,0.303805,0.320756,3.397029,0.005863,0.002367,127,0.000147,0,31,0.814286,0.03215
36023,Cortland County,,NY,2770,50577,53347,7,8,15,1308,1358,2666,6,0.290935,0.305694,20.190202,0.000747,0.000993,108,0.000128,0,31,0.583333,0.004059
36025,Delaware County,,NY,2733,47701,50434,12,10,22,1481,1485,2966,6,0.301529,0.317926,99.165586,0.004528,0.001538,108,0.000137,0,31,0.619048,0.025586
36027,Dutchess County,,NY,16791,323163,339954,38,67,105,11520,11383,22903,5,0.36969,0.400075,1222.311696,0.02007,0.032565,127,0.000296,0,31,0.593284,0.120462
36029,Erie County,,NY,32960,1042796,1075756,99,153,252,17235,25076,42311,5,0.40424,0.445319,28072.262399,0.050344,0.074196,108,0.000926,0,31,0.476156,0.340494
36031,Essex County,,NY,2292,41387,43679,8,8,16,1077,1187,2264,6,0.276158,0.288872,44.128,0.000509,0.000423,108,0.000178,0,31,0.482143,0.003253
36033,Franklin County,,NY,2122,50373,52495,4,4,8,840,929,1769,6,0.263814,0.27431,4.111882,0.000473,0.00021,108,0.000105,0,31,0.9,0.002459
36035,Fulton County,,NY,2750,62344,65094,6,5,11,1694,1366,3060,6,0.275869,0.287894,0.7,0.000657,0.000443,108,0.000117,0,31,0.866667,0.003571
36037,Genesee County,,NY,3433,70027,73460,6,7,13,1919,2041,3960,6,0.291872,0.306608,2.817183,0.001309,0.000929,108,0.000111,0,31,0.761905,0.006467
36039,Greene County,,NY,2718,51034,53752,13,10,23,2022,1481,3503,6,0.302411,0.320209,55.579762,0.004791,0.002608,127,0.000138,0,31,0.824176,0.026218
36041,Hamilton County,,NY,362,5729,6091,0,1,1,0,43,43,7,0.220105,0.226462,0,0,0.000009,108,0.000051,0,170,0,0
36043,Herkimer County,,NY,3180,71594,74774,9,8,17,1890,1771,3661,6,0.282126,0.296078,2920.329682,0.001081,0.000794,108,0.00018,0,31,0.472222,0.005608
36045,Jefferson County,,NY,12667,120173,132840,36,50,86,3982,4904,8886,5,0.372781,0.40096,6777.672996,0.016628,0.022984,108,0.00041,0,31,0.548258,0.115795
36047,Kings County,,NY,151536,2348860,2500396,211,244,455,103307,142205,245512,5,0.423684,0.473591,30390.547747,0.093927,0.096383,127,0.001868,0,31,0.308885,0.630799
36049,Lewis County,,NY,1455,27976,29431,3,3,6,630,665,1295,6,0.273654,0.284719,0.267857,0.000343,0.000228,108,0.000076,0,31,0.666667,0.001724
36051,Livingston County,,NY,3937,69818,73755,7,8,15,2329,2495,4824,6,0.291637,0.306579,6.131339,0.001236,0.000901,108,0.000132,0,31,0.678571,0.006361
36053,Madison County,,NY,4516,74564,79080,6,7,13,2595,2628,5223,6,0.290905,0.305521,15.866977,0.000641,0.000858,108,0.000113,0,31,0.589286,0.003233
36055,Monroe County,,NY,31892,846095,877987,111,159,270,18567,24355,42922,5,0.408687,0.450081,43798.762379,0.054669,0.074805,108,0.001017,0,31,0.453324,0.359234
36057,Montgomery County,,NY,3432,58370,61802,10,8,18,2125,2130,4255,6,0.33364,0.352059,370.924122,0.00211,0.001595,108,0.000153,0,31,0.609091,0.01146
36059,Nassau County,,NY,74459,1558849,1633308,95,195,290,53063,67795,120858,5,0.404862,0.451121,4299.799626,0.054349,0.083824,127,0.000756,0,31,0.395421,0.354139
36061,New York County,,NY,163906,1506262,1670168,250,229,479,133113,150089,283202,5,0.427434,0.474534,47751.031443,0.10134,0.093925,127,0.002323,0,31,0.304726,0.67969
36063,Niagara County,,NY,9987,251050,261037,15,26,41,6173,5926,12099,6,0.354192,0.378094,2006.27111,0.007927,0.014563,108,0.000185,0,31,0.612434,0.050805
36065,Oneida County,,NY,9906,259038,268944,27,36,63,4593,5630,10223,5,0.356765,0.382057,3809.214522,0.010379,0.017856,108,0.000274,0,31,0.596346,0.059625
36067,Onondaga County,,NY,22963,521471,544434,81,117,198,12976,15992,28968,5,0.390935,0.427985,30546.945028,0.038895,0.056067,108,0.000729,0,31,0.486603,0.247439
36069,Ontario County,,NY,6699,121488,128187,11,12,23,4229,3834,8063,6,0.333525,0.353054,349.053169,0.001814,0.003788,108,0.000184,0,31,0.5,0.00945
36071,Orange County,,NY,24113,409797,433910,52,104,156,17327,17180,34507,5,0.384299,0.419876,4492.881359,0.028344,0.048514,127,0.000404,0,31,0.498501,0.173221
36073,Orleans County,,NY,2503,46729,49232,4,4,8,1397,1457,2854,6,0.291696,0.305947,0,0.001295,0.0009,108,0.000081,0,31,1,0.006192
36075,Oswego County,,NY,6723,135198,141921,10,13,23,3554,3775,7329,6,0.341383,0.36156,331.719914,0.001551,0.004501,108,0.000152,0,31,0.538095,0.007851
36077,Otsego County,,NY,3548,66208,69756,12,13,25,1545,1648,3193,6,0.294393,0.311847,80.271562,0.003339,0.001527,108,0.000144,0,31,0.496324,0.015116
36079,Putnam County,,NY,6834,112766,119600,11,14,25,5041,4504,9545,6,0.317241,0.336663,0.248531,0.0063,0.006479,127,0.000101,0,31,0.919118,0.03329
36081,Queens County,,NY,146821,2291201,2438022,176,237,413,103675,137922,241597,5,0.418423,0.468185,19644.802199,0.084251,0.095746,127,0.001481,0,31,0.328001,0.556959
36083,Rensselaer County,,NY,11391,177649,189040,25,27,52,8399,7808,16207,5,0.348275,0.371509,1810.059163,0.00843,0.010343,108,0.000266,0,31,0.565341,0.047527
36085,Richmond County,,NY,22509,501996,524505,31,79,110,17821,18556,36377,5,0.371348,0.403175,290.07368,0.018596,0.038027,127,0.000218,0,31,0.662184,0.105937
36087,Rockland County,,NY,15883,333897,349780,33,60,93,9436,11754,21190,5,0.367487,0.396457,147.780214,0.019329,0.03147,127,0.000222,0,31,0.730328,0.107392
36089,St. Lawrence County,,NY,4696,112688,117384,10,12,22,1370,1654,3024,6,0.3353,0.354762,886.686996,0.002009,0.002736,108,0.000173,0,31,0.522727,0.010406
36091,Saratoga County,,NY,15784,251871,267655,55,49,104,12173,10525,22698,5,0.357689,0.384616,13590.230982,0.022877,0.020897,108,0.000545,0,31,0.463636,0.140532
36093,Schenectady County,,NY,10371,174923,185294,22,28,50,7024,6983,14007,5,0.350338,0.373689,1551.71861,0.00828,0.011782,108,0.000234,0,31,0.622984,0.046568
36095,Schoharie County,,NY,1624,31659,33283,8,8,16,906,875,1781,6,0.276184,0.288872,7.669017,0.001305,0.000601,108,0.000126,0,31,0.611111,0.00696
36097,Schuyler County,,NY,1339,20900,22239,5,5,10,723,788,1511,6,0.266728,0.27726,4.198956,0.000172,0.000161,108,0.000126,0,31,0.5,0.001432
36099,Seneca County,,NY,2072,37412,39484,7,6,13,1105,960,2065,6,0.29041,0.304457,68.569158,0.001227,0.00059,108,0.000135,0,31,0.690476,0.006289
36101,Steuben County,,NY,5349,108918,114267,16,14,30,2592,2481,5073,6,0.29252,0.308822,356.652923,0.002039,0.001435,108,0.000257,0,31,0.366667,0.010675
36103,Suffolk County,,NY,69452,1760457,1829909,118,228,346,44614,60456,105070,5,0.409727,0.458983,16273.520854,0.061396,0.087753,127,0.000977,0,31,0.312094,0.406936
36105,Sullivan County,,NY,4781,80847,85628,16,17,33,3680,2532,6212,6,0.316479,0.336525,96.034609,0.006711,0.006514,127,0.00015,0,31,0.77193,0.035309
36107,Tioga County,,NY,3357,60361,63718,6,7,13,1777,1972,3749,6,0.282016,0.295675,28.918424,0.000307,0.000569,108,0.000133,0,31,0.642857,0.002172
36109,Tompkins County,,NY,8155,88812,96967,31,37,68,3428,4119,7547,5,0.363112,0.389441,11761.918342,0.014588,0.017997,108,0.000339,0,31,0.569686,0.093664
36111,Ulster County,,NY,9845,196145,205990,26,33,59,6693,5728,12421,5,0.349958,0.374137,362.193519,0.011223,0.014312,127,0.000206,0,31,0.662162,0.060895
36113,Warren County,,NY,4654,76472,81126,12,6,18,3234,2716,5950,6,0.275947,0.288182,53.225158,0.003613,0.000499,108,0.000157,0,31,0.628788,0.017772
36115,Washington County,,NY,3987,67523,71510,9,7,16,2817,2695,5512,6,0.276053,0.288527,27.681705,0.001348,0.000471,108,0.000158,0,31,0.527778,0.007108
36117,Wayne County,,NY,5901,111723,117624,9,8,17,3484,3527,7011,6,0.301749,0.318133,32.836696,0.001703,0.001983,108,0.000155,0,31,0.555556,0.008478
36119,Westchester County,,NY,53942,1011222,1065164,96,171,267,39382,47553,86935,5,0.40334,0.446555,4841.27096,0.053296,0.076207,127,0.000741,0,31,0.435767,0.341831
36121,Wyoming County,,NY,2522,46224,48746,6,8,14,1448,1736,3184,6,0.291902,0.306781,3.543827,0.001215,0.000945,108,0.000116,0,31,0.714286,0.00615
36123,Yates County,,NY,1355,28211,29566,4,5,9,728,764,1492,6,0.290352,0.304227,51.813399,0.000631,0.000476,108,0.000106,0,31,0.6,0.003327
37001,Alamance County,,NC,7449,153746,161195,20,18,38,5749,4442,10191,6,0.306472,0.324132,225.860279,0.007709,0.00466,178,0.000328,0,31,0.563333,0.057045
37003,Alexander County,,NC,2150,39593,41743,6,6,12,1431,1271,2702,6,0.30279,0.317524,0.521266,0.000883,0.001224,178,0.000174,0,31,0.9,0.009393
37005,Alleghany County,,NC,529,11349,11878,3,4,7,128,219,347,7,0.234618,0.242514,2188.314612,0.000024,0.000025,178,0.000145,0,31,0.333333,0.000417
37007,Anson County,,NC,1309,25561,26870,5,5,10,627,770,1397,6,0.302568,0.317063,2.061695,0.000851,0.001275,178,0.000147,0,31,0.65,0.009388
37009,Ashe County,,NC,1055,26663,27718,3,3,6,406,318,724,7,0.235227,0.24304,23.55825,0.000052,0.000039,178,0.000126,0,31,0.666667,0.000671
37011,Avery County,,NC,1011,16265,17276,4,3,7,299,283,582,7,0.236205,0.244397,167.397196,0.000055,0.00003,178,0.000185,0,31,0.166667,0.000824
37013,Beaufort County,,NC,2667,49403,52070,6,6,12,949,1395,2344,6,0.297078,0.312411,5440.417308,0.000903,0.001087,178,0.000195,0,31,0.333333,0.00826
37015,Bertie County,,NC,1202,21492,22694,5,6,11,544,624,1168,6,0.296805,0.312049,169.309432,0.000098,0.000974,178,0.000174,0,31,0.433333,0.001346
37017,Bladen County,,NC,1887,31601,33488,7,7,14,955,1108,2063,6,0.307676,0.323493,1.308755,0.001608,0.001897,178,0.000186,0,31,0.833333,0.014184
37019,Brunswick County,,NC,6141,93239,99380,45,15,60,6943,2787,9730,6,0.31384,0.331631,124.283532,0.015348,0.0053,178,0.000663,0,31,0.457576,0.10861
37021,Buncombe County,,NC,15175,236695,251870,88,59,147,10751,8972,19723,5,0.367207,0.395721,38343.913039,0.037129,0.024408,178,0.001537,0,31,0.417021,0.288054
37023,Burke County,,NC,5134,95247,100381,13,14,27,2657,3062,5719,6,0.306051,0.323183,1209.668446,0.001907,0.002884,178,0.000324,0,31,0.529167,0.020043
37025,Cabarrus County,,NC,12217,174823,187040,67,24,91,13534,8032,21566,6,0.330445,0.352502,718.197338,0.034867,0.007994,178,0.000797,0,31,0.610731,0.242104
37027,Caldwell County,,NC,4131,88768,92899,9,10,19,2132,2373,4505,6,0.305406,0.321659,28.291965,0.002415,0.00253,178,0.000217,0,31,0.689394,0.019663
37029,Camden County,,NC,943,10053,10996,5,4,9,758,387,1145,6,0.29904,0.313406,0,0.001385,0.000846,177,0.000118,0,31,0.95,0.008744
37031,Carteret County,,NC,4892,67148,72040,15,9,24,2302,1902,4204,6,0.331883,0.349931,72.714812,0.005074,0.003561,177,0.000261,0,31,0.766667,0.040758
37033,Caswell County,,NC,1562,24280,25842,7,7,14,1079,1120,2199,6,0.288243,0.301196,145.067504,0.000665,0.000829,178,0.000169,0,31,0.571429,0.006419
37035,Catawba County,,NC,9703,171016,180719,34,26,60,6968,5987,12955,6,0.308068,0.327358,1127.118709,0.011183,0.006721,178,0.000635,0,31,0.466572,0.094959
37037,Chatham County,,NC,4991,62830,67821,16,13,29,3653,3323,6976,6,0.305922,0.322608,11.861836,0.005057,0.004045,178,0.000289,0,31,0.698529,0.042408
37039,Cherokee County,,NC,1453,25690,27143,7,5,12,435,379,814,7,0.234618,0.242093,5745.408833,0.00335,0.00009,18,0.00021,0,31,0.372727,0.02538
37041,Chowan County,,NC,927,15759,16686,5,5,10,362,370,732,7,0.244289,0.254055,1003.558987,0.000701,0.000139,177,0.000182,0,31,0.366667,0.004742
37043,Clay County,,NC,722,9522,10244,2,2,4,254,219,473,8,0.19007,0.19411,17.985296,0.000001,0.000037,18,0.00022,0,31,0,0.00045
37045,Cleveland County,,NC,5234,104767,110001,12,13,25,3278,3176,6454,6,0.305987,0.32297,20.445498,0.001436,0.00393,178,0.000328,0,31,0.704762,0.019809
37047,Columbus County,,NC,2292,53996,56288,7,8,15,1203,1318,2521,6,0.312217,0.328594,4.876138,0.001784,0.003198,178,0.000194,0,31,0.910714,0.017054
37049,Craven County,,NC,12731,104000,116731,37,37,74,5228,5396,10624,5,0.35791,0.383598,9007.52695,0.016345,0.017703,177,0.000567,0,31,0.535018,0.118021
37051,Cumberland County,,NC,48307,306705,355012,193,206,399,26866,33271,60137,5,0.422203,0.467857,46634.330593,0.075513,0.078975,178,0.002253,0,31,0.285626,0.543652
37053,Currituck County,,NC,1990,23438,25428,7,5,12,1426,889,2315,6,0.299102,0.313636,2.402381,0.001517,0.000871,177,0.000147,0,31,0.738095,0.009575
37055,Dare County,,NC,2951,35624,38575,10,8,18,749,754,1503,6,0.308528,0.325115,5878.707098,0.003366,0.002151,177,0.00022,0,31,0.507576,0.025568
37057,Davidson County,,NC,9107,177332,186439,21,18,39,6820,6084,12904,6,0.305922,0.323487,381.412585,0.00508,0.004638,178,0.00043,0,31,0.491667,0.043907
37059,Davie County,,NC,2534,43615,46149,8,8,16,1950,1552,3502,6,0.305149,0.321084,26.490689,0.00158,0.002974,178,0.000205,0,31,0.875,0.016425
37061,Duplin County,,NC,2887,50870,53757,9,11,20,1710,1852,3562,6,0.310411,0.327387,14.39336,0.002511,0.003087,178,0.000187,0,31,0.75,0.020245
37063,Durham County,,NC,24577,251036,275613,119,89,208,19883,18104,37987,5,0.389988,0.423562,13970.178072,0.055665,0.044049,178,0.001434,0,31,0.47102,0.392662
37065,Edgecombe County,,NC,4715,58699,63414,6,10,16,2870,3723,6593,6,0.306537,0.322872,212.155181,0.000846,0.002942,178,0.00016,0,31,0.744444,0.008009
37067,Forsyth County,,NC,21212,361988,383200,113,72,185,17178,15052,32230,5,0.380915,0.412428,19529.455703,0.051412,0.033915,178,0.001474,0,31,0.464986,0.367384
37069,Franklin County,,NC,4046,53949,57995,8,8,16,3282,2564,5846,6,0.297628,0.312911,9.541558,0.002046,0.001789,178,0.000177,0,31,0.638889,0.017016
37071,Gaston County,,NC,10898,214068,224966,42,26,68,10114,7284,17398,6,0.341463,0.363101,822.342031,0.017091,0.009037,178,0.000727,0,31,0.578627,0.137075
37073,Gates County,,NC,653,11769,12422,7,3,10,654,188,842,7,0.254233,0.263421,14.879934,0.001567,0.000099,177,0.000133,0,31,0.642857,0.00978
37075,Graham County,,NC,445,8354,8799,0,0,0,0,0,0,0,0,0,0,0,0,109,0.000051,98,171,0,0
37077,Granville County,,NC,3518,54379,57897,9,11,20,2743,2200,4943,6,0.299133,0.315154,157.987919,0.002017,0.002388,178,0.000203,0,31,0.544872,0.018761
37079,Greene County,,NC,1373,18097,19470,4,4,8,826,913,1739,7,0.263431,0.273888,0.166667,0.000216,0.000202,178,0.000112,0,31,0.916667,0.001932
37081,Guilford County,,NC,29939,491056,520995,178,116,294,27511,22339,49850,5,0.403677,0.43955,68610.762105,0.068678,0.050234,178,0.002266,0,31,0.32691,0.472755
37083,Halifax County,,NC,3044,58268,61312,8,10,18,1466,1790,3256,6,0.299133,0.315068,8837.668755,0.001444,0.002026,178,0.000216,0,31,0.472727,0.011536
37085,Harnett County,,NC,9963,99001,108964,33,22,55,7564,5696,13260,6,0.331883,0.353376,495.156288,0.01329,0.008128,178,0.000473,0,31,0.52619,0.09995
37087,Haywood County,,NC,3031,60441,63472,10,6,16,1249,1096,2345,6,0.298701,0.314303,1061.632496,0.005264,0.001788,178,0.000199,0,31,0.719697,0.040168
37089,Henderson County,,NC,6512,107229,113741,23,14,37,4349,3102,7451,6,0.316756,0.335151,940.138707,0.010728,0.005025,178,0.000428,0,31,0.596923,0.080952
37091,Hertford County,,NC,1396,21482,22878,4,6,10,522,711,1233,6,0.298886,0.314234,407.615172,0.0007,0.001515,178,0.000157,0,31,0.433333,0.006548
37093,Hoke County,,NC,5657,37560,43217,11,9,20,3799,2849,6648,6,0.322681,0.338952,82.112584,0.003427,0.00323,178,0.000193,0,31,0.631868,0.025881
37095,Hyde County,,NC,300,4757,5057,0,1,1,0,41,41,7,0.229098,0.235893,0,0,0.000007,178,0.000051,0,172,0,0
37097,Iredell County,,NC,10450,163074,173524,61,26,87,9027,6050,15077,6,0.329768,0.352203,4449.835065,0.028913,0.006767,178,0.00082,0,31,0.49351,0.203022
37099,Jackson County,,NC,2377,30693,33070,9,8,17,972,973,1945,6,0.305342,0.321371,1128.873017,0.003273,0.002182,178,0.000291,0,31,0.533333,0.026922
37101,Johnston County,,NC,9998,157293,167291,48,25,73,9979,6492,16471,6,0.316306,0.336376,547.739979,0.019853,0.006624,178,0.000624,0,31,0.477504,0.135801
37103,Jones County,,NC,707,9874,10581,3,3,6,445,418,863,6,0.29258,0.305895,0,0.000707,0.00064,177,0.000083,0,31,1,0.004643
37105,Lee County,,NC,3901,57229,61130,9,9,18,2074,2203,4277,6,0.312284,0.328796,6.341725,0.004249,0.003777,178,0.000175,0,31,0.881818,0.032299
37107,Lenoir County,,NC,3518,63290,66808,9,15,24,1490,2311,3801,6,0.310212,0.327686,426.310574,0.001567,0.004,178,0.000206,0,31,0.671429,0.012879
37109,Lincoln County,,NC,5522,78735,84257,14,11,25,4071,3578,7649,6,0.305374,0.321831,15.90243,0.004038,0.00332,178,0.000301,0,31,0.584559,0.03502
37111,McDowell County,,NC,2048,45285,47333,5,8,13,1016,1026,2042,6,0.303043,0.318185,4091.8519,0.000285,0.001368,178,0.000188,0,31,0.5,0.003785
37113,Macon County,,NC,1943,33968,35911,11,4,15,794,344,1138,6,0.268781,0.279492,2010.891158,0.005606,0.00033,18,0.000238,0,31,0.492424,0.040215
37115,Madison County,,NC,1146,19619,20765,1,2,3,682,568,1250,6,0.268657,0.278974,0,0.000192,0.000294,178,0.000073,0,31,1,0.002315
37117,Martin County,,NC,1464,26372,27836,5,6,11,630,856,1486,6,0.296774,0.311991,228.753661,0.000111,0.000971,178,0.000166,0,31,0.533333,0.001344
37119,Mecklenburg County,,NC,70251,880547,950798,346,236,582,79604,60027,139631,5,0.433443,0.479969,214482.093352,0.109409,0.090229,178,0.004194,0,31,0.19522,0.76503
37121,Mitchell County,,NC,746,16589,17335,3,3,6,299,245,544,7,0.232902,0.239931,5.741667,0.000013,0.000004,178,0.000199,0,31,0.166667,0.000328
37123,Montgomery County,,NC,1563,27405,28968,8,8,16,766,935,1701,6,0.303297,0.318501,5.767372,0.001357,0.002003,178,0.000215,0,31,0.633333,0.016047
37125,Moore County,,NC,5053,89036,94089,27,17,44,3055,2282,5337,6,0.312723,0.330464,234.673824,0.009891,0.004103,178,0.000441,0,31,0.503968,0.075468
37127,Nash County,,NC,7480,102226,109706,17,15,32,5576,5174,10750,6,0.306959,0.324097,99.692093,0.005644,0.003913,178,0.000284,0,31,0.616667,0.042715
37129,New Hanover County,,NC,16821,180910,197731,85,52,137,11220,10859,22079,5,0.363979,0.392311,5624.712968,0.033526,0.022238,178,0.001193,0,31,0.437657,0.239402
37131,Northampton County,,NC,1324,21494,22818,4,4,8,672,768,1440,6,0.296713,0.311588,184.82724,0.00072,0.000873,178,0.000132,0,31,0.583333,0.006564
37133,Onslow County,,NC,33485,155350,188835,139,159,298,15620,18455,34075,5,0.413115,0.453807,19454.898908,0.063364,0.068113,177,0.001455,0,31,0.377287,0.434555
37135,Orange County,,NC,13331,114886,128217,46,38,84,8121,9400,17521,5,0.368281,0.394669,3009.672104,0.025652,0.021465,178,0.000547,0,31,0.684706,0.18132
37137,Pamlico County,,NC,801,13057,13858,2,1,3,287,331,618,6,0.263598,0.273108,0,0.000148,0.000129,177,0.000091,0,31,1,0.001158
37139,Pasquotank County,,NC,3242,39837,43079,14,13,27,2001,1470,3471,6,0.308659,0.32584,4279.909585,0.003873,0.003056,177,0.000307,0,31,0.388889,0.026151
37141,Pender County,,NC,3716,45459,49175,7,5,12,3014,2080,5094,6,0.302853,0.318386,2.566272,0.002863,0.001759,178,0.000164,0,31,0.833333,0.022109
37143,Perquimans County,,NC,791,12532,13323,4,2,6,624,339,963,7,0.235936,0.243378,0.695971,0.000969,0.000036,177,0.000117,0,31,0.75,0.006073
37145,Person County,,NC,2059,41151,43210,7,8,15,1232,1204,2436,6,0.299009,0.314608,72.374935,0.001267,0.002126,178,0.000169,0,31,0.607143,0.011781
37147,Pitt County,,NC,10171,145060,155231,44,32,76,7168,5672,12840,6,0.322645,0.344864,12924.650622,0.012756,0.00901,178,0.00072,0,31,0.363673,0.093867
37149,Polk County,,NC,1288,20295,21583,5,5,10,687,741,1428,6,0.279649,0.291862,0,0.000612,0.001123,178,0.000162,0,31,1,0.00859
37151,Randolph County,,NC,7594,152049,159643,16,17,33,5133,5016,10149,6,0.312858,0.330665,75.32184,0.005812,0.004744,178,0.000301,0,31,0.62619,0.046734
37153,Richmond County,,NC,2257,47453,49710,11,12,23,1046,1128,2174,6,0.312419,0.329371,192.874153,0.002564,0.003392,178,0.000242,0,31,0.50641,0.022407
37155,Robeson County,,NC,5351,122786,128137,16,18,34,2654,3164,5818,6,0.31279,0.330694,234.516416,0.003973,0.00457,178,0.000329,0,31,0.540936,0.0352
37157,Rockingham County,,NC,4753,102923,107676,11,13,24,2788,2985,5773,6,0.305535,0.32232,717.584804,0.001503,0.003092,178,0.00026,0,31,0.519231,0.014944
37159,Rowan County,,NC,7619,146486,154105,19,19,38,5049,4656,9705,6,0.312959,0.331067,44.664478,0.005111,0.006098,178,0.000405,0,31,0.658103,0.048579
37161,Rutherford County,,NC,2904,65434,68338,11,12,23,1203,1524,2727,6,0.303487,0.319352,179.713969,0.003161,0.002226,178,0.000264,0,31,0.565934,0.027141
37163,Sampson County,,NC,3323,63513,66836,9,10,19,1803,1914,3717,6,0.308725,0.325167,6.007226,0.00211,0.003047,178,0.000202,0,31,0.777778,0.019238
37165,Scotland County,,NC,2328,37393,39721,8,11,19,1161,1320,2481,6,0.312554,0.329486,125.786498,0.001853,0.003908,178,0.000186,0,31,0.709091,0.01604
37167,Stanly County,,NC,2827,64621,67448,7,8,15,1806,1394,3200,6,0.302758,0.317725,11.327876,0.00161,0.001738,178,0.000205,0,31,0.652778,0.017618
37169,Stokes County,,NC,2880,50653,53533,6,6,12,1953,1982,3935,6,0.288387,0.301052,7.887668,0.000763,0.001013,178,0.000166,0,31,0.833333,0.007724
37171,Surry County,,NC,3562,77720,81282,11,11,22,1886,2070,3956,6,0.305728,0.32228,19911.214197,0.001512,0.002953,178,0.000317,0,31,0.462121,0.0158
37173,Swain County,,NC,938,18418,19356,3,2,5,400,324,724,6,0.268657,0.278974,0,0.000034,0.000318,178,0.00016,0,31,0.833333,0.001077
37175,Transylvania County,,NC,1695,30947,32642,3,2,5,459,534,993,6,0.268657,0.278974,0,0.000249,0.000377,178,0.00013,0,31,1,0.003316
37177,Tyrrell County,,NC,295,3965,4260,2,2,4,99,84,183,7,0.235917,0.243298,11.2861,0.000018,0.000027,178,0.000104,0,31,0,0.000381
37179,Union County,,NC,11246,188214,199460,90,28,118,16532,7111,23643,6,0.346237,0.369232,2535.65874,0.047044,0.009935,178,0.000956,0,31,0.583091,0.316968
37181,Vance County,,NC,2890,46422,49312,6,9,15,1288,1858,3146,6,0.299071,0.314809,69.866056,0.001083,0.00208,178,0.000159,0,31,0.611111,0.010011
37183,Wake County,,NC,55338,861714,917052,342,222,564,72523,44852,117375,5,0.421221,0.468179,176203.709922,0.108668,0.086929,178,0.004114,0,31,0.201433,0.759892
37185,Warren County,,NC,1162,16914,18076,5,5,10,598,657,1255,6,0.296713,0.311646,5.089524,0.00075,0.000907,178,0.000134,0,31,0.7,0.006946
37187,Washington County,,NC,839,14113,14952,4,5,9,222,400,622,7,0.244165,0.253709,40.103421,0.000018,0.000114,178,0.000177,0,31,0.35,0.000477
37189,Watauga County,,NC,3534,36959,40493,16,15,31,1345,1798,3143,6,0.307057,0.32439,11962.14134,0.00339,0.003583,178,0.000398,0,31,0.441176,0.032598
37191,Wayne County,,NC,8336,120064,128400,27,27,54,3401,3722,7123,6,0.351955,0.375932,4047.896746,0.00767,0.009842,178,0.000435,0,31,0.445076,0.061222
37193,Wilkes County,,NC,2856,72551,75407,13,13,26,1442,1380,2822,6,0.305858,0.322682,8463.687572,0.0016,0.003047,178,0.000343,0,31,0.527473,0.016933
37195,Wilson County,,NC,4117,82993,87110,15,14,29,2521,2413,4934,6,0.313806,0.331458,657.815783,0.003602,0.004552,178,0.00028,0,31,0.669118,0.029939
37197,Yadkin County,,NC,2263,41847,44110,7,9,16,1424,1627,3051,6,0.303519,0.318892,14.868569,0.000435,0.002117,178,0.000207,0,31,0.805556,0.005835
37199,Yancey County,,NC,821,17797,18618,4,2,6,383,258,641,6,0.268682,0.279032,1592.442423,0.000205,0.000292,178,0.00018,0,31,0.5,0.002629
38001,Adams County,,ND,141,2745,2886,0,0,0,0,0,0,0,0,0,0,0,0,110,0.000051,99,173,0,0
38003,Barnes County,,ND,705,12671,13376,2,2,4,160,280,440,7,0.260307,0.269652,0,0.000047,0.00003,52,0.000131,0,31,1,0.000521
38005,Benson County,,ND,396,6977,7373,1,1,2,102,151,253,8,0.210994,0.216306,0,0.000001,0.000001,52,0.000086,0,31,0,0.0001
38007,Billings County,,ND,73,942,1015,0,0,0,0,0,0,0,0,0,0,0,0,111,0.000051,100,174,0,0
38009,Bottineau County,,ND,481,7722,8203,1,2,3,99,161,260,7,0.265118,0.275394,0,0.000056,0.000065,52,0.000073,0,31,1,0.000386
38011,Bowman County,,ND,186,3730,3916,0,0,0,0,0,0,0,0,0,0,0,0,112,0.000051,101,175,0,0
38013,Burke County,,ND,163,2495,2658,1,1,2,43,42,85,7,0.259631,0.268608,0,0.000056,0.000035,52,0.000073,0,31,0,0.000386
38015,Burleigh County,,ND,5245,89819,95064,23,17,40,3784,2978,6762,6,0.339901,0.360852,40055.768283,0.001975,0.002015,52,0.000958,0,31,0.135,0.017247
38017,Cass County,,ND,11132,155924,167056,50,39,89,7885,6663,14548,6,0.351827,0.376593,85025.510316,0.003743,0.00593,52,0.001629,0,31,0.131276,0.032363
38019,Cavalier County,,ND,304,5244,5548,0,2,2,0,95,95,7,0.264242,0.274343,0,0,0.00007,52,0.000051,0,176,1,0
38021,Dickey County,,ND,391,6178,6569,0,2,2,0,96,96,7,0.260608,0.27018,0,0,0.000031,57,0.000051,0,177,1,0
38023,Divide County,,ND,115,2501,2616,0,0,0,0,0,0,0,0,0,0,0,0,113,0.000051,102,178,0,0
38025,Dunn County,,ND,215,3856,4071,1,1,2,40,61,101,8,0.20697,0.211841,0,0,0.000001,52,0.000119,0,31,0,0.000104
38027,Eddy County,,ND,204,2760,2964,0,0,0,0,0,0,0,0,0,0,0,0,114,0.000051,103,179,0,0
38029,Emmons County,,ND,239,4340,4579,1,1,2,61,95,156,7,0.253699,0.261911,0,0.000016,0.000016,52,0.000099,0,31,0,0.000258
38031,Foster County,,ND,318,4157,4475,0,2,2,0,97,97,7,0.26035,0.269732,0,0,0.00003,52,0.000051,0,180,1,0
38033,Golden Valley County,,ND,120,1906,2026,0,0,0,0,0,0,0,0,0,0,0,0,115,0.000051,104,181,0,0
38035,Grand Forks County,,ND,7858,68540,76398,26,32,58,2850,3650,6500,6,0.356721,0.381372,42368.51952,0.005195,0.007839,52,0.000719,0,31,0.23048,0.040988
38037,Grant County,,ND,193,2923,3116,0,1,1,0,43,43,7,0.253742,0.261993,0,0,0.000016,52,0.000051,0,182,0,0
38039,Griggs County,,ND,200,2989,3189,0,0,0,0,0,0,0,0,0,0,0,0,116,0.000051,105,183,0,0
38041,Hettinger County,,ND,173,2965,3138,0,1,1,0,40,40,8,0.207012,0.211941,0,0,0.000001,52,0.000051,0,184,0,0
38043,Kidder County,,ND,195,2993,3188,0,1,1,0,81,81,7,0.253742,0.261993,0,0,0.000016,52,0.000051,0,185,0,0
38045,LaMoure County,,ND,235,5152,5387,0,0,0,0,0,0,0,0,0,0,0,0,117,0.000051,106,186,0,0
38047,Logan County,,ND,109,2313,2422,0,0,0,0,0,0,0,0,0,0,0,0,118,0.000051,107,187,0,0
38049,McHenry County,,ND,479,6401,6880,1,2,3,112,237,349,7,0.261199,0.270661,0,0.000056,0.000051,52,0.000073,0,31,1,0.000386
38051,McIntosh County,,ND,257,3503,3760,0,1,1,0,51,51,7,0.253742,0.261993,0,0,0.000016,52,0.000051,0,188,0,0
38053,McKenzie County,,ND,349,5667,6016,1,2,3,46,111,157,8,0.211055,0.216622,2.25,0.000001,0.000002,52,0.000099,0,31,0,0.000114
38055,McLean County,,ND,631,10534,11165,2,4,6,172,305,477,7,0.265677,0.27643,0,0.000072,0.000082,52,0.000121,0,31,0.916667,0.000644
38057,Mercer County,,ND,613,10306,10919,2,3,5,160,285,445,7,0.26087,0.27063,0,0.000016,0.000046,52,0.000176,0,31,1,0.000372
38059,Morton County,,ND,2343,30413,32756,8,4,12,1718,1407,3125,7,0.260917,0.27086,115.24466,0.000182,0.000046,52,0.000362,0,31,0.464286,0.00188
38061,Mountrail County,,ND,496,7919,8415,2,2,4,153,146,299,7,0.261199,0.270661,797.238006,0.000056,0.000051,52,0.000115,0,31,0.333333,0.000472
38063,Nelson County,,ND,223,3916,4139,1,0,1,40,0,40,0,0,0,0,0.000062,0,52,0.00007,0,5,0,0.000438
38065,Oliver County,,ND,140,2326,2466,0,1,1,0,48,48,7,0.253742,0.261993,0,0,0.000016,52,0.000051,0,189,0,0
38067,Pembina County,,ND,671,9658,10329,2,3,5,95,277,372,7,0.264223,0.274437,0,0.000062,0.000071,52,0.000097,0,31,0.833333,0.00053
38069,Pierce County,,ND,287,5052,5339,0,0,0,0,0,0,0,0,0,0,0,0,119,0.000051,108,190,0,0
38071,Ramsey County,,ND,899,13172,14071,4,5,9,340,436,776,7,0.267393,0.278615,5843.691029,0.000109,0.000121,52,0.000208,0,31,0.6,0.001045
38073,Ransom County,,ND,386,6735,7121,1,1,2,70,100,170,7,0.260284,0.26948,0,0.000047,0.000029,52,0.000086,0,31,0,0.000423
38075,Renville County,,ND,284,2946,3230,1,1,2,89,141,230,7,0.259631,0.268608,0,0.000056,0.000035,52,0.000073,0,31,0,0.000386
38077,Richland County,,ND,1442,19163,20605,4,4,8,466,698,1164,7,0.264271,0.274667,2957.00952,0.000069,0.000071,52,0.000164,0,31,0.533333,0.000884
38079,Rolette County,,ND,663,14004,14667,3,4,7,177,298,475,7,0.266851,0.277752,18.832922,0.000134,0.000107,52,0.00014,0,31,0.9,0.001082
38081,Sargent County,,ND,299,5202,5501,1,1,2,40,44,84,7,0.260307,0.269537,0,0.000001,0.000029,52,0.000086,0,31,1,0.000099
38083,Sheridan County,,ND,84,1707,1791,0,0,0,0,0,0,0,0,0,0,0,0,120,0.000051,109,191,0,0
38085,Sioux County,,ND,306,3658,3964,1,2,3,59,116,175,7,0.253721,0.262084,0,0.000016,0.000017,52,0.000099,0,31,1,0.000258
38087,Slope County,,ND,61,824,885,0,0,0,0,0,0,0,0,0,0,0,0,121,0.000051,110,192,0,0
38089,Stark County,,ND,1503,26473,27976,6,5,11,446,430,876,7,0.260964,0.27109,8740.342857,0.000064,0.000048,52,0.000404,0,31,0.333333,0.00108
38091,Steele County,,ND,174,2422,2596,0,1,1,0,54,54,7,0.260327,0.269559,0,0,0.000029,52,0.000051,0,193,0,0
38093,Stutsman County,,ND,1519,23581,25100,4,4,8,283,545,828,7,0.264778,0.275357,41.648198,0.000063,0.000086,52,0.000211,0,31,0.45,0.000857
38095,Towner County,,ND,226,2912,3138,0,0,0,0,0,0,0,0,0,0,0,0,122,0.000051,111,194,0,0
38097,Traill County,,ND,670,9187,9857,2,2,4,303,313,616,7,0.264199,0.274265,0,0.000108,0.00007,52,0.000105,0,31,1,0.000861
38099,Walsh County,,ND,872,13328,14200,2,3,5,224,384,608,7,0.264223,0.274437,0,0.000062,0.000071,52,0.000097,0,31,0.833333,0.00053
38101,Ward County,,ND,6419,66764,73183,22,24,46,1923,2227,4150,6,0.350635,0.374166,38567.054184,0.004482,0.007135,52,0.00064,0,31,0.301149,0.03559
38103,Wells County,,ND,314,5304,5618,0,1,1,0,50,50,7,0.260327,0.269559,0,0,0.000029,52,0.000051,0,195,0,0
38105,Williams County,,ND,1268,23686,24954,8,6,14,528,426,954,7,0.267442,0.278845,5280.060382,0.000182,0.000122,52,0.000341,0,31,0.303571,0.001881
39001,Adams County,,OH,1518,30338,31856,7,8,15,808,936,1744,6,0.298271,0.312164,88.646374,0.000604,0.000866,123,0.00018,0,31,0.486111,0.004267
39003,Allen County,,OH,5635,122630,128265,15,18,33,2578,3125,5703,6,0.332378,0.3518,460.306013,0.002983,0.003815,123,0.00024,0,31,0.47076,0.018121
39005,Ashland County,,OH,2951,60097,63048,10,10,20,2146,1734,3880,6,0.310445,0.3263,226.966442,0.002184,0.001726,123,0.000154,0,31,0.633333,0.012631
39007,Ashtabula County,,OH,4970,116958,121928,11,12,23,2796,2728,5524,6,0.339225,0.358903,243.663813,0.00289,0.003592,123,0.000141,0,31,0.724359,0.017478
39009,Athens County,,OH,4178,51661,55839,15,14,29,1513,1778,3291,6,0.312756,0.329474,257.304382,0.002445,0.002179,123,0.000353,0,31,0.366667,0.016273
39011,Auglaize County,,OH,2992,58088,61080,10,9,19,1890,1851,3741,6,0.311111,0.326616,15.832885,0.001253,0.001172,123,0.000194,0,31,0.590909,0.008905
39013,Belmont County,,OH,3055,76682,79737,8,8,16,1589,1558,3147,6,0.311948,0.328313,3934.729313,0.000813,0.001437,123,0.000217,0,31,0.319444,0.006013
39015,Brown County,,OH,3236,49287,52523,9,9,18,2596,2435,5031,6,0.295082,0.308857,74.684895,0.001036,0.000882,123,0.000182,0,31,0.638889,0.006835
39017,Butler County,,OH,24355,395926,420281,54,62,116,19522,17365,36887,5,0.391516,0.421296,14462.800311,0.023258,0.02866,123,0.000636,0,31,0.466306,0.156907
39019,Carroll County,,OH,2264,32591,34855,6,6,12,1328,1574,2902,6,0.285068,0.297677,203.19652,0.00064,0.000389,123,0.000135,0,31,0.633333,0.00316
39021,Champaign County,,OH,2683,46489,49172,9,9,18,1946,1808,3754,6,0.310844,0.326185,10.559137,0.001395,0.001245,123,0.000182,0,31,0.694444,0.00953
39023,Clark County,,OH,7650,159782,167432,11,14,25,3661,4518,8179,6,0.342391,0.363187,344.915884,0.002024,0.00452,123,0.000201,0,31,0.566667,0.013493
39025,Clermont County,,OH,14139,221476,235615,23,23,46,10958,9950,20908,6,0.360313,0.384346,1720.931592,0.007444,0.008766,123,0.000342,0,31,0.559113,0.051046
39027,Clinton County,,OH,3599,48431,52030,11,12,23,2388,2459,4847,6,0.312016,0.328146,58.058362,0.00229,0.002026,123,0.00019,0,31,0.634615,0.014846
39029,Columbiana County,,OH,5226,121947,127173,11,15,26,2713,3181,5894,6,0.340901,0.361376,425.193568,0.002344,0.004305,123,0.00017,0,31,0.57619,0.013997
39031,Coshocton County,,OH,1827,42187,44014,8,9,17,910,1112,2022,6,0.309318,0.32481,145.252568,0.001007,0.001133,123,0.00017,0,31,0.611111,0.007104
39033,Crawford County,,OH,3006,54967,57973,7,8,15,1654,1928,3582,6,0.309021,0.324178,5.183333,0.000834,0.000891,123,0.000154,0,31,0.642857,0.006093
39035,Cuyahoga County,,OH,65088,1460018,1525106,170,203,373,36542,55468,92010,5,0.42756,0.47136,58437.216661,0.074907,0.087884,123,0.001711,0,31,0.341416,0.507723
39037,Darke County,,OH,2830,64887,67717,9,11,20,1491,1787,3278,6,0.311345,0.327191,477.289482,0.001369,0.001433,123,0.000176,0,31,0.545455,0.009474
39039,Defiance County,,OH,2781,48132,50913,9,10,19,1517,1586,3103,6,0.310445,0.326541,140.471325,0.000577,0.001121,123,0.00018,0,31,0.555556,0.003576
39041,Delaware County,,OH,13146,180010,193156,39,31,70,12737,8773,21510,6,0.362386,0.387675,3883.668897,0.013646,0.011106,123,0.000477,0,31,0.436364,0.087823
39043,Erie County,,OH,5076,92449,97525,11,12,23,2688,2861,5549,6,0.341102,0.36133,127.953063,0.003103,0.003473,123,0.000149,0,31,0.742424,0.017196
39045,Fairfield County,,OH,10614,159028,169642,15,20,35,8123,7372,15495,6,0.341021,0.362238,1147.591239,0.003793,0.00526,123,0.000285,0,31,0.416667,0.026476
39047,Fayette County,,OH,2029,32337,34366,7,8,15,1269,1327,2596,6,0.310877,0.326127,13.518401,0.000964,0.001226,123,0.000166,0,31,0.607143,0.006937
39049,Franklin County,,OH,76652,1254013,1330665,268,283,551,60808,65829,126637,5,0.446671,0.495796,355249.308245,0.090872,0.096223,123,0.003212,0,31,0.211054,0.625573
39051,Fulton County,,OH,3020,53470,56490,6,7,13,1872,1784,3656,6,0.309483,0.324868,8.606286,0.000386,0.000973,123,0.000119,0,31,0.690476,0.002175
39053,Gallia County,,OH,1512,31957,33469,5,5,10,660,638,1298,6,0.309087,0.323919,360.066163,0.000776,0.000741,123,0.00017,0,31,0.55,0.005624
39055,Geauga County,,OH,5673,109095,114768,7,9,16,4011,3579,7590,6,0.339185,0.358627,0.96568,0.00149,0.003469,123,0.0001,0,31,0.877778,0.007351
39057,Greene County,,OH,16478,170197,186675,41,42,83,10371,10699,21070,5,0.368796,0.395589,4720.290518,0.015568,0.019826,123,0.000526,0,31,0.431167,0.11149
39059,Guernsey County,,OH,2139,46238,48377,9,10,19,1096,1239,2335,6,0.310611,0.326518,1619.931566,0.002071,0.001712,123,0.000174,0,31,0.533333,0.012292
39061,Hamilton County,,OH,50686,900032,950718,121,141,262,29881,42007,71888,5,0.415484,0.453485,52673.798373,0.054229,0.063437,123,0.001333,0,31,0.406663,0.374335
39063,Hancock County,,OH,5194,86699,91893,13,14,27,2898,2658,5556,6,0.311412,0.328272,323.914978,0.002589,0.002021,123,0.000205,0,31,0.441667,0.015406
39065,Hardin County,,OH,1987,33942,35929,7,8,15,1028,1267,2295,6,0.309087,0.324293,6.689297,0.000834,0.000805,123,0.000162,0,31,0.607143,0.006179
39067,Harrison County,,OH,985,17439,18424,6,4,10,650,542,1192,7,0.238656,0.246618,8.574685,0.00062,0.000042,123,0.000138,0,31,0.566667,0.003098
39069,Henry County,,OH,2224,36415,38639,7,9,16,1069,1487,2556,6,0.30945,0.32504,9.042826,0.000376,0.000968,123,0.000139,0,31,0.666667,0.002274
39071,Highland County,,OH,3176,48129,51305,14,12,26,2392,2242,4634,6,0.311881,0.327973,124.25757,0.00231,0.001838,123,0.000251,0,31,0.549451,0.015292
39073,Hocking County,,OH,1787,31323,33110,7,7,14,1454,1227,2681,6,0.308988,0.324005,3.07619,0.000866,0.000794,123,0.000174,0,31,0.696429,0.006376
39075,Holmes County,,OH,1869,41722,43591,5,6,11,785,1207,1992,6,0.270614,0.281591,2.80202,0.000234,0.000193,123,0.000113,0,31,0.533333,0.001667
39077,Huron County,,OH,4192,74256,78448,11,14,25,2507,2641,5148,6,0.310877,0.327507,18.579606,0.001993,0.001951,123,0.000169,0,31,0.593407,0.012396
39079,Jackson County,,OH,1760,35565,37325,9,8,17,1067,960,2027,6,0.309186,0.324408,24.199948,0.000817,0.000776,123,0.000255,0,31,0.444444,0.00629
39081,Jefferson County,,OH,3333,79012,82345,11,11,22,1425,1651,3076,6,0.312858,0.329814,1377.739955,0.001723,0.00225,123,0.000224,0,31,0.435897,0.011656
39083,Knox County,,OH,3172,64798,67970,10,8,18,1946,1599,3545,6,0.309252,0.32458,73.659078,0.000984,0.001121,123,0.000196,0,31,0.481818,0.007464
39085,Lake County,,OH,12213,279629,291842,20,30,50,9327,8410,17737,5,0.366094,0.391115,411.016069,0.00954,0.015539,123,0.000214,0,31,0.725287,0.063513
39087,Lawrence County,,OH,3122,66573,69695,7,8,15,1610,1760,3370,6,0.309715,0.325127,2429.550608,0.00078,0.000753,123,0.00025,0,31,0.482143,0.005885
39089,Licking County,,OH,9704,188293,197997,17,14,31,7487,5957,13444,6,0.340861,0.36087,856.250558,0.004094,0.003796,123,0.000277,0,31,0.428947,0.026739
39091,Logan County,,OH,2848,55619,58467,13,13,26,1971,1805,3776,6,0.311011,0.326932,28.764288,0.001386,0.001392,123,0.000243,0,31,0.5,0.010122
39093,Lorain County,,OH,14883,346484,361367,30,43,73,10831,9669,20500,5,0.373165,0.400408,1438.744908,0.014255,0.01989,123,0.000316,0,31,0.572464,0.094391
39095,Lucas County,,OH,23442,485628,509070,56,79,135,12149,16267,28416,5,0.387433,0.419703,16349.105074,0.021103,0.034581,123,0.000559,0,31,0.448142,0.134575
39097,Madison County,,OH,3077,44435,47512,8,7,15,2385,2026,4411,6,0.308988,0.324005,7.483766,0.000955,0.000875,123,0.000175,0,31,0.5,0.007006
39099,Mahoning County,,OH,12606,272966,285572,22,40,62,6198,8332,14530,5,0.366743,0.393012,1175.695741,0.009695,0.019563,123,0.000239,0,31,0.57611,0.064247
39101,Marion County,,OH,3380,70612,73992,10,9,19,1688,1935,3623,6,0.309054,0.32435,11.583333,0.000934,0.000894,123,0.000207,0,31,0.544444,0.007238
39103,Medina County,,OH,11622,202706,214328,17,25,42,9107,7609,16716,5,0.362885,0.387026,527.985845,0.003882,0.012811,123,0.000201,0,31,0.616129,0.02278
39105,Meigs County,,OH,1139,23978,25117,4,6,10,551,629,1180,6,0.30912,0.32412,364.920817,0.000781,0.000765,123,0.000146,0,31,0.566667,0.005568
39107,Mercer County,,OH,1992,52643,54635,9,9,18,1043,1030,2073,6,0.311078,0.326559,669.851774,0.001234,0.00113,123,0.000184,0,31,0.522222,0.008602
39109,Miami County,,OH,7098,122465,129563,15,14,29,4361,4377,8738,6,0.312116,0.328548,62.202121,0.002563,0.002001,123,0.000237,0,31,0.557143,0.016274
39111,Monroe County,,OH,759,17343,18102,3,4,7,231,374,605,6,0.30912,0.323821,3625.760401,0.000018,0.000734,123,0.000132,0,31,0.4,0.000406
39113,Montgomery County,,OH,34785,612435,647220,96,113,209,20939,25378,46317,5,0.408112,0.443657,27194.943022,0.041647,0.049865,123,0.001101,0,31,0.404897,0.292246
39115,Morgan County,,OH,825,15361,16186,5,5,10,458,441,899,6,0.309021,0.323833,2.95119,0.000795,0.000761,123,0.000148,0,31,0.75,0.005766
39117,Morrow County,,OH,2409,36544,38953,6,6,12,2034,1665,3699,6,0.308955,0.323833,1.49359,0.000897,0.000867,123,0.00014,0,31,0.833333,0.006548
39119,Muskingum County,,OH,4111,99881,103992,10,10,20,2181,2338,4519,6,0.309219,0.324753,23.967477,0.000963,0.000964,123,0.000225,0,31,0.435897,0.007366
39121,Noble County,,OH,750,13449,14199,3,5,8,334,427,761,6,0.309153,0.323994,4.469048,0.000025,0.000758,123,0.000119,0,31,0.6,0.000456
39123,Ottawa County,,OH,2912,50705,53617,9,9,18,1822,1782,3604,6,0.310611,0.326472,1.650247,0.002002,0.001593,123,0.000136,0,31,0.844444,0.012196
39125,Paulding County,,OH,1169,23898,25067,6,5,11,598,660,1258,6,0.28095,0.292466,16.986284,0.000251,0.000199,123,0.000139,0,31,0.6,0.001991
39127,Perry County,,OH,2152,38421,40573,7,7,14,1676,1647,3323,6,0.308988,0.324005,3.042857,0.000866,0.000817,123,0.000176,0,31,0.714286,0.006349
39129,Pickaway County,,OH,3693,57105,60798,8,8,16,3217,2586,5803,6,0.309021,0.324178,7.359524,0.000864,0.000829,123,0.000198,0,31,0.555556,0.006446
39131,Pike County,,OH,1602,29926,31528,5,6,11,853,1003,1856,6,0.309186,0.324178,22.005026,0.000791,0.000761,123,0.000149,0,31,0.7,0.00575
39133,Portage County,,OH,11507,170783,182290,16,19,35,8779,7718,16497,6,0.350975,0.372705,170.492506,0.004172,0.007095,123,0.00018,0,31,0.659524,0.023471
39135,Preble County,,OH,2960,49687,52647,8,9,17,1801,2006,3807,6,0.298302,0.312394,53.610776,0.001464,0.001243,123,0.00014,0,31,0.652778,0.009258
39137,Putnam County,,OH,1738,44760,46498,8,9,17,930,1029,1959,6,0.30945,0.32504,64.277066,0.000399,0.000986,123,0.000161,0,31,0.597222,0.002499
39139,Richland County,,OH,6700,146037,152737,14,19,33,3209,3853,7062,6,0.317207,0.335967,109.708161,0.002858,0.003679,123,0.000218,0,31,0.508772,0.017071
39141,Ross County,,OH,3759,81453,85212,12,11,23,2529,2216,4745,6,0.309318,0.324983,48.201772,0.001269,0.000829,123,0.000275,0,31,0.442308,0.009175
39143,Sandusky County,,OH,3751,74668,78419,8,9,17,2087,2335,4422,6,0.310611,0.326472,1.061111,0.001169,0.0016,123,0.000136,0,31,0.888889,0.007585
39145,Scioto County,,OH,2875,76533,79408,9,10,19,1236,1406,2642,6,0.309615,0.32527,4312.010265,0.000793,0.000778,123,0.000265,0,31,0.355556,0.00615
39147,Seneca County,,OH,3445,67492,70937,10,11,21,1983,2238,4221,6,0.310678,0.326817,14.569742,0.001182,0.001613,123,0.000173,0,31,0.672727,0.007864
39149,Shelby County,,OH,3009,60789,63798,10,9,19,1736,1715,3451,6,0.31168,0.327312,16.93635,0.001746,0.001557,123,0.000185,0,31,0.7,0.011761
39151,Stark County,,OH,16390,445992,462382,39,50,89,10491,10497,20988,5,0.370493,0.398562,10173.405184,0.01576,0.022192,123,0.000429,0,31,0.465226,0.104647
39153,Summit County,,OH,30771,621264,652035,60,101,161,20625,23004,43629,5,0.397041,0.431775,13966.087825,0.026813,0.050732,123,0.000629,0,31,0.484218,0.183647
39155,Trumbull County,,OH,10621,253905,264526,16,26,42,5529,6575,12104,5,0.353458,0.376892,716.553896,0.005743,0.011542,123,0.000197,0,31,0.595385,0.038798
39157,Tuscarawas County,,OH,4397,113929,118326,12,12,24,2687,2445,5132,6,0.310544,0.326702,1293.795738,0.002138,0.001759,123,0.000213,0,31,0.5,0.012874
39159,Union County,,OH,3608,54053,57661,10,8,18,2640,2163,4803,6,0.309021,0.324178,12.651798,0.001344,0.000882,123,0.000202,0,31,0.577778,0.009546
39161,Van Wert County,,OH,1540,36596,38136,8,8,16,699,858,1557,6,0.310212,0.325909,322.182187,0.001031,0.000938,123,0.000174,0,31,0.464286,0.007281
39163,Vinton County,,OH,925,13814,14739,5,4,9,537,509,1046,6,0.308889,0.323487,0.416667,0.000794,0.000751,123,0.000151,0,31,0.85,0.005756
39165,Warren County,,OH,17195,227405,244600,40,42,82,15234,11932,27166,5,0.376217,0.403399,3881.925178,0.016764,0.019264,123,0.000479,0,31,0.54682,0.111759
39167,Washington County,,OH,3339,70648,73987,9,9,18,1503,1444,2947,6,0.30945,0.324885,7390.305681,0.001497,0.000786,123,0.000268,0,31,0.327273,0.010039
39169,Wayne County,,OH,6580,135726,142306,11,12,23,3708,3829,7537,6,0.337684,0.357074,489.096385,0.002395,0.00296,123,0.000155,0,31,0.704545,0.013671
39171,Williams County,,OH,2281,46800,49081,10,10,20,1206,1239,2445,6,0.310511,0.326656,568.30461,0.001337,0.001093,123,0.000182,0,31,0.454545,0.008682
39173,Wood County,,OH,10641,135227,145868,23,25,48,7184,6798,13982,6,0.35055,0.373148,2431.004383,0.005441,0.007025,123,0.000289,0,31,0.421958,0.032769
39175,Wyandot County,,OH,1578,27607,29185,7,6,13,1053,984,2037,6,0.309021,0.323948,4.006818,0.000836,0.000766,123,0.000149,0,31,0.642857,0.006117
40001,Adair County,,OK,1412,22209,23621,5,6,11,748,895,1643,6,0.290993,0.304003,5.894756,0.000647,0.000751,5,0.000147,0,31,0.733333,0.006165
40003,Alfalfa County,,OK,383,5176,5559,1,2,3,58,155,213,7,0.254836,0.263407,0,0.000038,0.000034,5,0.000071,0,31,1,0.000382
40005,Atoka County,,OK,800,13651,14451,5,3,8,351,330,681,7,0.241822,0.249578,61.675828,0.000029,0.000031,5,0.000212,0,31,0.15,0.000749
40007,Beaver County,,OK,457,5600,6057,1,1,2,155,61,216,7,0.252813,0.26064,0,0.000018,0.000006,57,0.000081,0,31,0,0.000146
40009,Beckham County,,OK,1685,19830,21515,5,5,10,562,712,1274,6,0.296471,0.309512,6484.127757,0.00049,0.000491,5,0.000233,0,31,0.366667,0.003849
40011,Blaine County,,OK,829,10190,11019,4,5,9,301,392,693,6,0.296562,0.309685,377.400447,0.000527,0.000521,5,0.000144,0,31,0.6,0.00434
40013,Bryan County,,OK,2549,33622,36171,13,12,25,1612,1285,2897,6,0.318427,0.335438,10326.171952,0.002976,0.002509,148,0.000349,0,31,0.379121,0.025703
40015,Caddo County,,OK,2048,27977,30025,6,7,13,833,1133,1966,6,0.299504,0.313141,9.259741,0.000847,0.000808,5,0.000155,0,31,0.690476,0.006744
40017,Canadian County,,OK,8710,107808,116518,27,23,50,8727,6126,14853,6,0.346319,0.369542,4170.191283,0.008781,0.006672,5,0.00052,0,31,0.417488,0.070604
40019,Carter County,,OK,3137,47918,51055,16,17,33,1633,1645,3278,6,0.322394,0.34104,7166.533806,0.003214,0.00361,5,0.00038,0,31,0.411765,0.027513
40021,Cherokee County,,OK,3240,39371,42611,12,12,24,1742,1894,3636,6,0.298948,0.313722,42.940883,0.001152,0.001299,5,0.0003,0,31,0.621212,0.011112
40023,Choctaw County,,OK,993,13856,14849,4,5,9,311,500,811,6,0.296896,0.31026,518.753591,0.000068,0.000473,148,0.000142,0,31,0.45,0.000892
40025,Cimarron County,,OK,257,2906,3163,0,0,0,0,0,0,0,0,0,0,0,0,124,0.000051,112,196,0,0
40027,Cleveland County,,OK,23461,232664,256125,62,59,121,19179,16950,36129,6,0.369219,0.399189,19385.442297,0.019398,0.020394,5,0.001054,0,31,0.313694,0.150325
40029,Coal County,,OK,397,4838,5235,2,2,4,157,185,342,7,0.230073,0.236662,2.543687,0.000009,0.000009,5,0.000137,0,31,0,0.00028
40031,Comanche County,,OK,13268,107489,120757,52,63,115,6183,6737,12920,5,0.374467,0.405176,13674.268516,0.019989,0.022811,5,0.000717,0,31,0.434161,0.151986
40033,Cotton County,,OK,540,6101,6641,2,3,5,208,248,456,6,0.276764,0.289222,0,0.000351,0.000306,5,0.00007,0,31,0.833333,0.002371
40035,Craig County,,OK,981,13890,14871,5,5,10,570,542,1112,6,0.289974,0.302392,1.002778,0.000379,0.000476,5,0.000146,0,31,0.85,0.004112
40037,Creek County,,OK,5719,69231,74950,17,14,31,4463,4203,8666,6,0.298547,0.31332,916.948945,0.003979,0.001003,5,0.000371,0,31,0.432749,0.032455
40039,Custer County,,OK,2201,24603,26804,9,9,18,1025,1102,2127,6,0.298486,0.312629,4762.182402,0.000669,0.001057,5,0.00031,0,31,0.354545,0.005888
40041,Delaware County,,OK,2804,34002,36806,13,13,26,1911,1622,3533,6,0.299783,0.314987,175.368165,0.001168,0.001298,5,0.000308,0,31,0.525641,0.011212
40043,Dewey County,,OK,380,4981,5361,2,2,4,90,108,198,7,0.230018,0.236519,1,0.000013,0.00001,5,0.000131,0,31,0.5,0.000277
40045,Ellis County,,OK,275,3880,4155,1,1,2,82,73,155,7,0.228783,0.23471,0,0.000005,0.000004,5,0.000102,0,31,0,0.000134
40047,Garfield County,,OK,4750,61830,66580,21,21,42,1819,2011,3830,6,0.341907,0.363613,20587.717196,0.004303,0.004787,5,0.000507,0,31,0.336667,0.035509
40049,Garvin County,,OK,1911,27050,28961,9,8,17,949,1064,2013,6,0.296622,0.310145,12.814886,0.001032,0.000642,5,0.00022,0,31,0.736111,0.008838
40051,Grady County,,OK,3826,47594,51420,8,9,17,2554,2310,4864,6,0.301216,0.31566,12.070363,0.000884,0.001242,5,0.000191,0,31,0.75,0.007209
40053,Grant County,,OK,389,4676,5065,1,2,3,72,161,233,7,0.2576,0.266765,0,0.000038,0.000052,5,0.000071,0,31,1,0.000382
40055,Greer County,,OK,403,4799,5202,1,1,2,119,92,211,7,0.250692,0.258968,0,0.000045,0.000025,5,0.000064,0,31,0,0.000284
40057,Harmon County,,OK,296,2792,3088,1,1,2,45,72,117,7,0.250692,0.258968,0,0.000045,0.000025,5,0.000064,0,31,0,0.000284
40059,Harper County,,OK,275,3798,4073,0,1,1,0,61,61,7,0.228826,0.234802,0,0,0.000004,5,0.000051,0,197,0,0
40061,Haskell County,,OK,732,11856,12588,3,4,7,213,290,503,7,0.230292,0.237525,1.493687,0.000025,0.000029,5,0.000122,0,31,0.583333,0.000508
40063,Hughes County,,OK,886,11531,12417,4,6,10,291,504,795,6,0.298363,0.312054,1.296465,0.000459,0.000869,5,0.000136,0,31,0.833333,0.003711
40065,Jackson County,,OK,3752,27267,31019,11,18,29,741,1321,2062,6,0.334526,0.355458,12706.270783,0.003146,0.005771,5,0.000285,0,31,0.388889,0.024899
40067,Jefferson County,,OK,521,5558,6079,2,2,4,121,219,340,7,0.247587,0.256168,0,0.00006,0.000048,5,0.000086,0,31,1,0.000599
40069,Johnston County,,OK,818,9810,10628,4,5,9,337,417,754,7,0.244227,0.252833,5.703036,0.000057,0.000069,5,0.000149,0,31,0.466667,0.00092
40071,Kay County,,OK,3258,48610,51868,12,13,25,1141,1668,2809,6,0.325289,0.345462,1425.963585,0.002238,0.002531,5,0.000305,0,31,0.45,0.017618
40073,Kingfisher County,,OK,967,16177,17144,3,5,8,390,481,871,6,0.296531,0.309627,0,0.000526,0.000677,5,0.000104,0,31,1,0.004248
40075,Kiowa County,,OK,766,9206,9972,4,5,9,209,334,543,6,0.299752,0.313228,920.921386,0.000661,0.000604,5,0.000137,0,31,0.55,0.004907
40077,Latimer County,,OK,884,11276,12160,4,3,7,319,362,681,7,0.230292,0.237295,860.11529,0.000452,0.000015,5,0.000145,0,31,0.416667,0.003633
40079,Le Flore County,,OK,2803,44832,47635,8,8,16,1384,1439,2823,6,0.298609,0.312744,3145.440856,0.000848,0.000914,5,0.000263,0,31,0.402778,0.007615
40081,Lincoln County,,OK,2458,32163,34621,8,9,17,1464,1722,3186,6,0.298363,0.312399,3.558333,0.001035,0.001091,5,0.0002,0,31,0.708333,0.009064
40083,Logan County,,OK,3277,35908,39185,9,7,16,2246,2056,4302,6,0.298424,0.312284,9.282077,0.001101,0.001115,5,0.00021,0,31,0.722222,0.009493
40085,Love County,,OK,799,8971,9770,2,3,5,340,386,726,6,0.297475,0.30999,1.451963,0.000053,0.000661,5,0.000098,0,31,0.666667,0.00065
40087,McClain County,,OK,3097,32580,35677,8,7,15,2695,2193,4888,6,0.314658,0.331361,49.761363,0.001036,0.001534,5,0.000201,0,31,0.736111,0.009103
40089,McCurtain County,,OK,1709,31015,32724,7,10,17,429,617,1046,6,0.315893,0.333477,6350.617929,0.000854,0.001792,148,0.0002,0,31,0.277778,0.007392
40091,McIntosh County,,OK,1338,17363,18701,6,8,14,763,749,1512,6,0.298394,0.312342,2.340873,0.000963,0.001028,5,0.000164,0,31,0.767857,0.008123
40093,Major County,,OK,568,8125,8693,2,2,4,201,225,426,7,0.254859,0.263464,0,0.000042,0.000038,5,0.000096,0,31,1,0.000505
40095,Marshall County,,OK,1036,13477,14513,6,4,10,517,428,945,6,0.296562,0.30957,626.841153,0.001425,0.000462,5,0.00016,0,31,0.733333,0.011376
40097,Mayes County,,OK,2692,40147,42839,10,10,20,1642,1690,3332,6,0.290526,0.303945,18.847514,0.000849,0.000765,5,0.000252,0,31,0.628788,0.008255
40099,Murray County,,OK,1021,12104,13125,5,6,11,497,527,1024,6,0.296592,0.309857,146.116134,0.000639,0.000608,5,0.000148,0,31,0.766667,0.005169
40101,Muskogee County,,OK,4505,70047,74552,13,15,28,2430,2862,5292,6,0.298794,0.313895,1854.339397,0.001012,0.001209,5,0.000335,0,31,0.485714,0.009832
40103,Noble County,,OK,977,12229,13206,5,6,11,562,510,1072,6,0.298424,0.312169,0.612338,0.000555,0.000915,5,0.000148,0,31,0.933333,0.004438
40105,Nowata County,,OK,773,10725,11498,4,4,8,435,445,880,6,0.289945,0.30222,1.733333,0.000377,0.00049,5,0.000142,0,31,0.833333,0.004118
40107,Okfuskee County,,OK,781,10187,10968,7,7,14,468,501,969,6,0.298302,0.312054,9.707317,0.000831,0.000871,5,0.000189,0,31,0.696429,0.007507
40109,Oklahoma County,,OK,49755,686628,736383,159,159,318,36897,39388,76285,5,0.420976,0.460467,173467.111978,0.052402,0.055399,5,0.002508,0,31,0.258443,0.393154
40111,Okmulgee County,,OK,2868,38025,40893,9,8,17,1485,1734,3219,6,0.298363,0.312284,6.068651,0.000837,0.000939,5,0.000238,0,31,0.680556,0.008106
40113,Osage County,,OK,4076,41402,45478,8,10,18,3222,3044,6266,6,0.298424,0.312629,19.564374,0.000887,0.001153,5,0.000215,0,31,0.733333,0.008304
40115,Ottawa County,,OK,2759,33368,36127,6,12,18,987,1676,2663,6,0.299845,0.315091,365.174326,0.000408,0.00144,57,0.000176,0,31,0.431818,0.004333
40117,Pawnee County,,OK,1407,16048,17455,4,4,8,843,819,1662,6,0.289887,0.302105,0,0.00041,0.000481,5,0.000125,0,31,1,0.004057
40119,Payne County,,OK,6494,59688,66182,23,23,46,3025,3550,6575,6,0.3312,0.353198,1859.63966,0.00488,0.006626,5,0.000477,0,31,0.424603,0.041548
40121,Pittsburg County,,OK,2577,43325,45902,12,12,24,1044,964,2008,6,0.298578,0.313147,4667.823146,0.001001,0.001111,5,0.000351,0,31,0.371429,0.009052
40123,Pontotoc County,,OK,2531,34737,37268,14,12,26,1446,1360,2806,6,0.29864,0.313262,6164.348585,0.001066,0.001064,5,0.000369,0,31,0.417582,0.009658
40125,Pottawatomie County,,OK,4986,66296,71282,15,14,29,3239,3185,6424,6,0.3215,0.339516,845.523895,0.003668,0.002872,5,0.00031,0,31,0.47619,0.030964
40127,Pushmataha County,,OK,690,10342,11032,3,4,7,224,248,472,7,0.241762,0.249491,23.988147,0.000018,0.000028,148,0.000133,0,31,0.4,0.000367
40129,Roger Mills County,,OK,247,3715,3962,1,1,2,86,71,157,7,0.228693,0.234538,0,0.000004,0.000004,5,0.00009,0,31,0,0.000121
40131,Rogers County,,OK,6499,86012,92511,23,16,39,5564,4500,10064,6,0.299071,0.314412,1326.506804,0.006758,0.001325,5,0.000473,0,31,0.438735,0.05447
40133,Seminole County,,OK,1891,22449,24340,9,8,17,1050,1188,2238,6,0.298363,0.312284,11.083605,0.000999,0.001025,5,0.000218,0,31,0.694444,0.008724
40135,Sequoyah County,,OK,2440,39858,42298,9,7,16,1376,1320,2696,6,0.298517,0.312457,691.246099,0.000872,0.000919,5,0.000241,0,31,0.5,0.007906
40137,Stephens County,,OK,2688,44063,46751,13,14,27,1451,1292,2743,6,0.328646,0.348884,3468.736415,0.002931,0.003983,5,0.000276,0,31,0.541667,0.024101
40139,Texas County,,OK,1803,20128,21931,7,5,12,624,366,990,6,0.297475,0.311065,5945.31252,0.001085,0.000521,57,0.000239,0,31,0.404762,0.007864
40141,Tillman County,,OK,739,7647,8386,2,3,5,167,249,416,6,0.277427,0.289901,0,0.000225,0.000307,5,0.000074,0,31,1,0.001572
40143,Tulsa County,,OK,41785,604410,646195,148,123,271,31299,32150,63449,5,0.407939,0.444128,111368.266702,0.05129,0.043253,5,0.00228,0,31,0.289229,0.379785
40145,Wagoner County,,OK,6334,65325,71659,12,9,21,6308,4537,10845,6,0.298394,0.312457,210.935955,0.002066,0.001084,5,0.000283,0,31,0.666667,0.018061
40147,Washington County,,OK,3612,52711,56323,13,11,24,2261,1795,4056,6,0.322933,0.342409,487.468752,0.003019,0.002097,5,0.000298,0,31,0.543956,0.026937
40149,Washita County,,OK,1028,11282,12310,5,3,8,606,465,1071,7,0.231859,0.238689,3.333333,0.000459,0.000014,5,0.000175,0,31,0.65,0.00375
40151,Woods County,,OK,741,8256,8997,3,3,6,144,192,336,6,0.296531,0.309397,184.319816,0.000043,0.000451,5,0.000153,0,31,0.666667,0.000604
40153,Woodward County,,OK,1251,20178,21429,8,6,14,517,416,933,6,0.296622,0.309915,11369.145848,0.000538,0.0006,5,0.000362,0,31,0.319444,0.004747
41001,Baker County,,OR,1231,15974,17205,6,5,11,442,382,824,6,0.285124,0.299724,2.446858,0.00112,0.000873,7,0.000158,0,31,0.809524,0.010963
41003,Benton County,,OR,8211,78024,86235,30,23,53,4988,5535,10523,6,0.343446,0.365298,61.375251,0.013094,0.008822,7,0.000401,0,31,0.792614,0.102057
41005,Clackamas County,,OR,29520,374085,403605,67,65,132,27036,24949,51985,6,0.361888,0.392161,4799.155703,0.02406,0.02271,7,0.000831,0,31,0.467593,0.184529
41007,Clatsop County,,OR,2928,35280,38208,14,14,28,1349,1407,2756,6,0.334951,0.354446,126.229996,0.003579,0.003952,7,0.00023,0,31,0.8,0.030896
41009,Columbia County,,OR,3580,51128,54708,10,12,22,2918,2232,5150,6,0.310611,0.326599,0.728161,0.00174,0.002947,7,0.000177,0,31,0.939394,0.015959
41011,Coos County,,OR,4169,61633,65802,17,19,36,1754,2194,3948,6,0.334025,0.353681,136.518163,0.006296,0.005429,7,0.000244,0,31,0.846014,0.048883
41013,Crook County,,OR,1776,20976,22752,8,7,15,1124,786,1910,6,0.284034,0.298056,88.089184,0.001436,0.001,7,0.000157,0,31,0.755556,0.013452
41015,Curry County,,OR,1986,22401,24387,11,9,20,775,828,1603,7,0.264972,0.277557,6.423752,0.002688,0.000936,7,0.000179,0,31,0.74359,0.020525
41017,Deschutes County,,OR,11773,152949,164722,65,51,116,11517,8021,19538,6,0.348024,0.37412,15181.593147,0.019685,0.014024,7,0.000855,0,31,0.469271,0.149058
41019,Douglas County,,OR,6041,107983,114024,34,23,57,3748,3585,7333,6,0.344754,0.3665,298.803205,0.012325,0.008329,7,0.000417,0,31,0.721471,0.093462
41021,Gilliam County,,OR,184,1873,2057,0,0,0,0,0,0,0,0,0,0,0,0,125,0.000051,113,198,0,0
41023,Grant County,,OR,652,7272,7924,2,1,3,104,73,177,7,0.251956,0.260261,0,0.000118,0.000047,7,0.000084,0,31,0.833333,0.001477
41025,Harney County,,OR,623,7096,7719,1,1,2,85,64,149,7,0.258197,0.267768,0,0.00011,0.000155,7,0.000065,0,31,0,0.001281
41027,Hood River County,,OR,1712,23105,24817,6,7,13,576,994,1570,6,0.285714,0.300092,2.527186,0.001168,0.001333,7,0.000137,0,31,0.761905,0.010445
41029,Jackson County,,OR,10927,204744,215671,58,49,107,8764,7087,15851,6,0.347607,0.373459,810.98244,0.019114,0.017766,7,0.000635,0,31,0.593171,0.141085
41031,Jefferson County,,OR,1669,21118,22787,7,7,14,1159,800,1959,6,0.285461,0.299574,13.296142,0.002124,0.001513,7,0.000137,0,31,0.916667,0.01714
41033,Josephine County,,OR,4897,80634,85531,24,18,42,3132,2720,5852,6,0.344058,0.365005,267.43578,0.010734,0.007157,7,0.000285,0,31,0.80665,0.078995
41035,Klamath County,,OR,4169,66257,70426,28,24,52,2457,2136,4593,6,0.340741,0.36248,2353.229181,0.010031,0.007475,7,0.000379,0,31,0.697701,0.076683
41037,Lake County,,OR,632,7371,8003,2,2,4,172,114,286,7,0.258381,0.268228,0,0.000169,0.000234,7,0.000078,0,31,1,0.001976
41039,Lane County,,OR,19796,344771,364567,82,76,158,14877,14341,29218,6,0.359019,0.389993,3762.677084,0.025737,0.025986,7,0.000969,0,31,0.468227,0.195663
41041,Lincoln County,,OR,3876,43207,47083,22,17,39,2270,2215,4485,6,0.337134,0.357315,90.873154,0.00701,0.005272,7,0.000339,0,31,0.841991,0.057687
41043,Linn County,,OR,7733,114814,122547,36,23,59,7182,5493,12675,6,0.341062,0.362767,683.745738,0.012516,0.007239,7,0.000485,0,31,0.631579,0.097247
41045,Malheur County,,OR,2101,27220,29321,6,5,11,911,1028,1939,6,0.28518,0.299753,43.975792,0.000735,0.000963,7,0.000197,0,31,0.633333,0.00782
41047,Marion County,,OR,19955,312037,331992,61,53,114,16102,15665,31767,6,0.354235,0.38132,2022.645649,0.020413,0.018272,7,0.000733,0,31,0.558119,0.153463
41049,Morrow County,,OR,1103,11494,12597,1,2,3,316,537,853,7,0.261152,0.271185,0,0.000042,0.000166,7,0.000069,0,31,1,0.000504
41051,Multnomah County,,OR,54895,699033,753928,172,136,308,54301,46925,101226,5,0.395848,0.435231,42836.376564,0.066092,0.052391,7,0.001983,0,31,0.331992,0.471097
41053,Polk County,,OR,6407,70231,76638,29,15,44,6533,4859,11392,6,0.334526,0.354118,55.019028,0.010215,0.004269,7,0.000395,0,31,0.76601,0.079463
41055,Sherman County,,OR,137,1800,1937,1,0,1,53,0,53,0,0,0,0,0.000013,0,7,0.000064,0,16,0,0.000166
41057,Tillamook County,,OR,1827,25898,27725,9,11,20,810,950,1760,6,0.285968,0.30107,0.265152,0.002152,0.002069,7,0.000165,0,31,0.969697,0.01887
41059,Umatilla County,,OR,5133,74701,79834,25,23,48,2839,3009,5848,6,0.336742,0.357983,6865.677884,0.006032,0.005356,7,0.000498,0,31,0.561576,0.05082
41061,Union County,,OR,1894,26401,28295,12,7,19,862,657,1519,6,0.286789,0.301932,2901.241103,0.001782,0.001571,7,0.000268,0,31,0.69697,0.017609
41063,Wallowa County,,OR,450,7656,8106,0,1,1,0,73,73,7,0.222931,0.229756,0,0,0.000014,7,0.000051,0,199,0,0
41065,Wasco County,,OR,1799,23968,25767,6,9,15,848,871,1719,6,0.28594,0.300782,2949.650176,0.001037,0.001687,7,0.000142,0,31,0.638889,0.009837
41067,Washington County,,OR,43621,536381,580002,120,105,225,37661,36500,74161,5,0.383435,0.419157,16105.768421,0.046255,0.040266,7,0.001442,0,31,0.410392,0.346409
41069,Wheeler County,,OR,122,1215,1337,0,0,0,0,0,0,0,0,0,0,0,0,126,0.000051,114,200,0,0
41071,Yamhill County,,OR,6329,93638,99967,27,23,50,6110,4579,10689,6,0.343854,0.365729,256.51473,0.010849,0.007348,7,0.000363,0,31,0.736895,0.082562
42001,Adams County,,PA,6153,119251,125404,14,12,26,4426,3921,8347,6,0.298763,0.315407,4.943595,0.004459,0.003212,127,0.000169,0,31,0.816667,0.029476
42003,Allegheny County,,PA,52932,1406694,1459626,210,216,426,36886,43518,80404,5,0.423622,0.469669,160226.567759,0.085627,0.087472,123,0.002173,0,31,0.302107,0.581814
42005,Armstrong County,,PA,3314,79799,83113,6,6,12,2034,2202,4236,6,0.297811,0.312624,1.846825,0.000897,0.000843,123,0.000131,0,31,0.8,0.006263
42007,Beaver County,,PA,7769,206739,214508,11,17,28,4247,4260,8507,6,0.346568,0.368225,684.343436,0.002928,0.005676,123,0.000178,0,31,0.529412,0.020857
42009,Bedford County,,PA,1971,59857,61828,8,9,17,906,1022,1928,6,0.298332,0.31386,279.623459,0.000172,0.000915,123,0.000185,0,31,0.433333,0.001958
42011,Berks County,,PA,18021,481329,499350,59,59,118,14217,12063,26280,5,0.364482,0.393651,1754.939267,0.02842,0.029293,127,0.000445,0,31,0.61519,0.16873
42013,Blair County,,PA,4378,147780,152158,14,12,26,2069,1891,3960,6,0.298794,0.315039,434.656695,0.002837,0.001781,123,0.000204,0,31,0.508333,0.018281
42015,Bradford County,,PA,2769,72994,75763,13,10,23,1187,1148,2335,6,0.266262,0.278807,398.288002,0.00162,0.000484,108,0.000236,0,31,0.368132,0.010668
42017,Bucks County,,PA,36806,761026,797832,88,123,211,29317,29737,59054,5,0.388264,0.426213,6841.104684,0.046181,0.057809,127,0.000686,0,31,0.515206,0.291314
42019,Butler County,,PA,9533,216943,226476,21,19,40,6321,5210,11531,6,0.347066,0.369237,2173.327124,0.005067,0.005559,123,0.000295,0,31,0.366667,0.034568
42021,Cambria County,,PA,5589,167018,172607,12,17,29,2252,2868,5120,6,0.343243,0.364061,802.44364,0.002694,0.004814,123,0.00018,0,31,0.561404,0.017464
42023,Cameron County,,PA,272,6410,6682,0,2,2,0,83,83,7,0.229769,0.236706,0,0,0.000007,123,0.000051,0,201,1,0
42025,Carbon County,,PA,3409,73431,76840,16,9,25,3629,2051,5680,6,0.295142,0.310789,1.670588,0.007134,0.002525,127,0.000138,0,31,0.858333,0.038388
42027,Centre County,,PA,8989,134428,143417,31,45,76,3460,4433,7893,5,0.367068,0.394853,13543.998213,0.009277,0.020253,127,0.000385,0,31,0.481176,0.061512
42029,Chester County,,PA,29370,565393,594763,104,109,213,26860,23006,49866,5,0.389988,0.425989,6043.443134,0.053111,0.055125,127,0.000852,0,31,0.542332,0.342408
42031,Clarion County,,PA,2153,44761,46914,9,8,17,1062,1095,2157,6,0.297934,0.313084,5846.983223,0.001042,0.000816,123,0.000216,0,31,0.569444,0.007048
42033,Clearfield County,,PA,3589,91760,95349,8,9,17,1658,1905,3563,6,0.298424,0.314033,1080.194747,0.001064,0.001075,123,0.000146,0,31,0.577778,0.006884
42035,Clinton County,,PA,1809,41452,43261,2,2,4,816,871,1687,6,0.268831,0.279319,0,0.000187,0.000099,127,0.000071,0,31,1,0.000849
42037,Columbia County,,PA,3080,71057,74137,10,9,19,1721,1562,3283,6,0.295262,0.31099,1381.066958,0.002073,0.001979,127,0.000148,0,31,0.757576,0.012412
42039,Crawford County,,PA,4182,99402,103584,8,8,16,2006,2072,4078,6,0.298026,0.313228,19.204853,0.000967,0.000845,123,0.000149,0,31,0.569444,0.006494
42041,Cumberland County,,PA,15807,271420,287227,59,47,106,12632,10202,22834,6,0.355888,0.382632,8346.048492,0.022052,0.020853,127,0.000599,0,31,0.483437,0.146027
42043,Dauphin County,,PA,16763,314604,331367,63,55,118,12373,11968,24341,5,0.370115,0.398781,15753.712867,0.02588,0.025215,127,0.000617,0,31,0.509009,0.164645
42045,Delaware County,,PA,32095,632701,664796,84,91,175,26746,26600,53346,5,0.386091,0.41979,2481.323552,0.045614,0.048141,127,0.000667,0,31,0.643156,0.2914
42047,Elk County,,PA,1202,41890,43092,4,5,9,378,452,830,6,0.297872,0.312624,1402.018788,0.000021,0.000762,123,0.000121,0,31,0.466667,0.000505
42049,Erie County,,PA,10866,314185,325051,28,38,66,3840,4947,8787,5,0.367394,0.393662,6069.457147,0.008443,0.016999,123,0.000362,0,31,0.414894,0.053029
42051,Fayette County,,PA,4833,154873,159706,7,7,14,2650,2645,5295,6,0.298701,0.313912,630.668152,0.000968,0.000846,123,0.000156,0,31,0.553571,0.006686
42053,Forest County,,PA,392,5542,5934,1,1,2,65,81,146,7,0.229563,0.236195,0,0.000006,0.000008,123,0.000074,0,31,0,0.000152
42055,Franklin County,,PA,6861,179654,186515,22,20,42,4973,3481,8454,6,0.312049,0.331821,3831.115087,0.006378,0.005041,127,0.000299,0,31,0.511905,0.042963
42057,Fulton County,,PA,717,18036,18753,5,4,9,598,416,1014,7,0.243529,0.253157,8.684534,0.000105,0.000107,127,0.000141,0,31,0.55,0.001213
42059,Greene County,,PA,1662,39709,41371,4,5,9,856,932,1788,6,0.298547,0.313394,1.794444,0.000776,0.000837,123,0.000117,0,31,0.95,0.00534
42061,Huntingdon County,,PA,1758,49271,51029,10,7,17,1133,969,2102,6,0.273551,0.285346,203.049043,0.001048,0.000324,127,0.000186,0,31,0.588889,0.007555
42063,Indiana County,,PA,4151,93166,97317,8,11,19,1924,2144,4068,6,0.298455,0.31432,13.943603,0.000984,0.00133,123,0.000149,0,31,0.522727,0.006824
42065,Jefferson County,,PA,2442,53917,56359,6,8,14,1348,1370,2718,6,0.297872,0.312969,904.747626,0.000727,0.000829,123,0.000147,0,31,0.553571,0.005316
42067,Juniata County,,PA,1042,28141,29183,6,6,12,606,555,1161,6,0.273939,0.285709,4.965717,0.000622,0.000466,127,0.000132,0,31,0.761905,0.004932
42069,Lackawanna County,,PA,8306,239250,247556,36,32,68,5527,4829,10356,6,0.34603,0.369542,3946.103423,0.014924,0.012877,127,0.000319,0,31,0.620707,0.084747
42071,Lancaster County,,PA,19564,624727,644291,82,73,155,15019,12274,27293,5,0.368749,0.39904,10853.95021,0.037928,0.030979,127,0.000673,0,31,0.504296,0.235146
42073,Lawrence County,,PA,3604,105346,108950,9,8,17,1856,1798,3654,6,0.297995,0.31313,4.855938,0.001345,0.000927,123,0.000133,0,31,0.666667,0.008006
42075,Lebanon County,,PA,6280,160405,166685,18,12,30,4677,3581,8258,6,0.305987,0.32393,6.081168,0.006403,0.004392,127,0.000181,0,31,0.853801,0.038965
42077,Lehigh County,,PA,22768,397293,420061,71,82,153,19500,17562,37062,5,0.373405,0.405538,3253.448202,0.034541,0.041658,127,0.000533,0,31,0.631908,0.207071
42079,Luzerne County,,PA,11786,363316,375102,56,47,103,9284,7135,16419,5,0.357778,0.3843,8077.634585,0.023025,0.021352,127,0.000475,0,31,0.599178,0.132702
42081,Lycoming County,,PA,5365,134258,139623,19,20,39,2195,2682,4877,6,0.303328,0.321475,10688.315525,0.003255,0.003517,127,0.000316,0,31,0.447619,0.020707
42083,McKean County,,PA,2008,48840,50848,7,7,14,620,613,1233,6,0.298117,0.313285,3734.082541,0.000862,0.00077,108,0.00016,0,31,0.319444,0.005723
42085,Mercer County,,PA,5451,134822,140273,13,12,25,2614,2742,5356,6,0.311915,0.328813,149.128869,0.002023,0.001782,123,0.000201,0,31,0.527473,0.01237
42087,Mifflin County,,PA,1632,54294,55926,7,8,15,819,809,1628,6,0.275031,0.287566,11.237361,0.000389,0.000683,127,0.000159,0,31,0.652778,0.002772
42089,Monroe County,,PA,11974,176025,187999,38,52,90,11232,8074,19306,6,0.352598,0.379313,692.213647,0.015407,0.023143,127,0.000271,0,31,0.663636,0.081437
42091,Montgomery County,,PA,51398,922278,973676,126,154,280,43270,44225,87495,5,0.398296,0.439947,14002.44929,0.064762,0.073783,127,0.001064,0,31,0.487124,0.424321
42093,Montour County,,PA,1454,20851,22305,4,4,8,720,711,1431,7,0.232827,0.240894,0.729167,0.000062,0.000062,127,0.000113,0,31,0.833333,0.000782
42095,Northampton County,,PA,18194,341983,360177,50,59,109,18213,13195,31408,5,0.368702,0.397659,802.622464,0.023052,0.028253,127,0.000361,0,31,0.665594,0.133331
42097,Northumberland County,,PA,4427,106199,110626,14,13,27,3069,2849,5918,6,0.295775,0.312158,3064.970504,0.002441,0.002295,127,0.000219,0,31,0.626374,0.016368
42099,Perry County,,PA,2607,56005,58612,6,7,13,1828,1748,3576,6,0.275764,0.288216,7.165759,0.000831,0.000897,127,0.000123,0,31,0.761905,0.006216
42101,Philadelphia County,,PA,80711,1424978,1505689,175,182,357,57263,72726,129989,5,0.412762,0.456493,34226.695175,0.080449,0.080039,127,0.001541,0,31,0.399044,0.533633
42103,Pike County,,PA,4280,60263,64543,27,20,47,4839,2348,7187,6,0.306861,0.326242,45.481113,0.01115,0.006436,127,0.000191,0,31,0.78202,0.055325
42105,Potter County,,PA,1322,20187,21509,3,4,7,256,413,669,6,0.29821,0.312997,57.494768,0.000015,0.000701,108,0.000109,0,31,0.25,0.000443
42107,Schuylkill County,,PA,5307,170509,175816,19,19,38,4206,3303,7509,6,0.29638,0.313969,18.001909,0.004835,0.004121,127,0.000203,0,31,0.699134,0.028816
42109,Snyder County,,PA,1939,42095,44034,9,7,16,1219,1104,2323,6,0.272753,0.284507,251.220619,0.00072,0.000431,127,0.000176,0,31,0.622222,0.005708
42111,Somerset County,,PA,2863,90243,93106,9,9,18,1378,1384,2762,6,0.298394,0.313906,322.89455,0.001182,0.000899,123,0.000171,0,31,0.427273,0.008666
42113,Sullivan County,,PA,388,7057,7445,1,2,3,91,135,226,7,0.233202,0.241342,0,0.000028,0.000038,127,0.000064,0,31,1,0.000267
42115,Susquehanna County,,PA,2385,49958,52343,9,7,16,1127,1245,2372,6,0.26592,0.277657,148.282426,0.002088,0.000469,127,0.000157,0,31,0.522222,0.013144
42117,Tioga County,,PA,1932,45563,47495,8,6,14,795,685,1480,6,0.271628,0.283529,965.853776,0.001192,0.000273,108,0.000157,0,31,0.361111,0.007881
42119,Union County,,PA,2503,41770,44273,4,5,9,1239,1281,2520,6,0.268956,0.279952,57.457481,0.00005,0.000124,127,0.000124,0,31,0.65,0.000734
42121,Venango County,,PA,2523,64498,67021,6,7,13,1055,1238,2293,6,0.297872,0.312854,1.285714,0.000893,0.00092,123,0.000133,0,31,0.880952,0.006025
42123,Warren County,,PA,1852,48252,50104,5,5,10,707,631,1338,6,0.297903,0.312652,10.191248,0.000888,0.0008,123,0.000111,0,31,0.7,0.005587
42125,Washington County,,PA,9645,243570,253215,16,21,37,6442,5741,12183,6,0.348862,0.37098,9484.022697,0.004347,0.006413,123,0.000281,0,31,0.343333,0.03081
42127,Wayne County,,PA,3205,54788,57993,20,7,27,2159,1490,3649,6,0.279406,0.293099,26.549031,0.007003,0.0008,127,0.000177,0,31,0.671053,0.037217
42129,Westmoreland County,,PA,15609,442351,457960,36,43,79,10834,10357,21191,5,0.365863,0.392173,6757.518072,0.013669,0.017919,123,0.000428,0,31,0.409502,0.092551
42131,Wyoming County,,PA,1680,33358,35038,4,4,8,998,948,1946,6,0.264175,0.274661,0.125,0.000277,0.000328,127,0.000107,0,31,0.916667,0.002262
42133,York County,,PA,20135,514402,534537,64,62,126,20776,13110,33886,5,0.368421,0.397625,7064.417637,0.026374,0.02733,127,0.000604,0,31,0.484182,0.17246
44001,Bristol County,,RI,3477,54841,58318,4,7,11,1805,2062,3867,6,0.299721,0.315654,0.212465,0.00164,0.002207,49,0.000071,0,31,0.928571,0.008802
44003,Kent County,,RI,12820,198807,211627,17,33,50,8993,9323,18316,6,0.355234,0.379198,176.935736,0.007845,0.018699,49,0.00015,0,31,0.795009,0.045721
44005,Newport County,,RI,8353,91882,100235,23,29,52,3466,4271,7737,5,0.352212,0.376334,246.597711,0.011612,0.016553,49,0.000201,0,31,0.70873,0.072108
44007,Providence County,,RI,34580,679267,713847,73,121,194,20246,27942,48188,5,0.390408,0.428071,3721.529436,0.039844,0.058964,49,0.000571,0,31,0.530309,0.255632
44009,Washington County,,RI,8253,143154,151407,16,23,39,4907,5134,10041,6,0.343528,0.36589,28.345493,0.006974,0.011699,49,0.000136,0,31,0.793333,0.038886
45001,Abbeville County,,SC,1584,26382,27966,5,4,9,794,994,1788,6,0.277613,0.289102,5.735133,0.000366,0.000649,178,0.000164,0,31,0.7,0.005182
45003,Aiken County,,SC,8768,161824,170592,32,27,59,5629,4933,10562,6,0.332301,0.35528,6477.309076,0.010654,0.00819,178,0.000554,0,31,0.441463,0.087069
45005,Allendale County,,SC,599,9772,10371,2,3,5,148,276,424,7,0.249591,0.259061,3.728697,0.000012,0.000093,178,0.000091,0,31,0.333333,0.000251
45007,Anderson County,,SC,9047,192237,201284,36,20,56,7137,5599,12736,6,0.318637,0.337635,1540.897093,0.012558,0.007147,178,0.000635,0,31,0.534127,0.10768
45009,Bamberg County,,SC,1041,15256,16297,2,5,7,247,638,885,6,0.283617,0.296342,0.333333,0.000044,0.000582,178,0.000084,0,31,0.75,0.000473
45011,Barnwell County,,SC,1146,23693,24839,5,6,11,463,594,1057,6,0.284201,0.297124,2952.753346,0.000953,0.000746,178,0.000129,0,31,0.5,0.006629
45013,Beaufort County,,SC,14713,148273,162986,82,57,139,9019,7058,16077,6,0.372302,0.401645,9434.187219,0.04389,0.028199,177,0.00089,0,31,0.558672,0.298856
45015,Berkeley County,,SC,18330,163466,181796,58,45,103,14828,12164,26992,5,0.363249,0.390551,3560.985947,0.02778,0.020278,178,0.00075,0,31,0.562471,0.203698
45017,Calhoun County,,SC,1059,15296,16355,3,3,6,720,671,1391,6,0.283895,0.296204,0,0.000527,0.000662,178,0.000099,0,31,1,0.005126
45019,Charleston County,,SC,32114,324100,356214,138,102,240,21225,23595,44820,5,0.394339,0.429463,19502.799677,0.063058,0.048502,178,0.001678,0,31,0.441735,0.44939
45021,Cherokee County,,SC,2505,57587,60092,8,7,15,1536,1526,3062,6,0.302948,0.317886,51.50849,0.001303,0.002085,178,0.000224,0,31,0.785714,0.015782
45023,Chester County,,SC,2044,36340,38384,5,6,11,1253,1387,2640,6,0.305374,0.320474,81.622414,0.001207,0.001702,178,0.000149,0,31,0.6,0.012454
45025,Chesterfield County,,SC,2079,46466,48545,8,13,21,1237,1303,2540,6,0.305825,0.321998,76.95528,0.00128,0.002821,178,0.000201,0,31,0.583333,0.013399
45027,Clarendon County,,SC,1937,33084,35021,8,6,14,872,1028,1900,6,0.286166,0.299235,2.372839,0.001114,0.000837,178,0.000176,0,31,0.857143,0.011303
45029,Colleton County,,SC,2229,40702,42931,8,8,16,1177,1181,2358,6,0.289048,0.303232,55.493154,0.001265,0.001903,178,0.000176,0,31,0.652778,0.012758
45031,Darlington County,,SC,4243,73788,78031,10,15,25,2170,2906,5076,6,0.307839,0.324517,177.140036,0.001786,0.003511,178,0.000224,0,31,0.614286,0.017476
45033,Dillon County,,SC,1664,33303,34967,7,8,15,747,975,1722,6,0.305664,0.321135,30.653724,0.000716,0.001884,178,0.000171,0,31,0.714286,0.007857
45035,Dorchester County,,SC,12879,125304,138183,48,27,75,12109,7941,20050,6,0.336195,0.359627,669.889763,0.022717,0.011174,178,0.000596,0,31,0.559837,0.162979
45037,Edgefield County,,SC,1772,24938,26710,5,6,11,1208,1173,2381,6,0.285574,0.298942,14.49736,0.000465,0.000979,178,0.000133,0,31,0.7,0.004341
45039,Fairfield County,,SC,1421,24804,26225,4,5,9,624,900,1524,6,0.284062,0.296808,0.911111,0.000529,0.001013,178,0.000125,0,31,0.8,0.005226
45041,Florence County,,SC,7726,138440,146166,26,27,53,4829,4747,9576,6,0.317903,0.338653,940.606959,0.00707,0.007495,178,0.000451,0,31,0.493952,0.057686
45043,Georgetown County,,SC,3731,64756,68487,8,10,18,1619,1933,3552,6,0.306537,0.322619,17.432192,0.002169,0.003616,178,0.000182,0,31,0.911111,0.022265
45045,Greenville County,,SC,24863,444862,469725,157,73,230,24942,16797,41739,5,0.383841,0.415367,23727.523859,0.067317,0.033738,178,0.001917,0,31,0.407975,0.471069
45047,Greenwood County,,SC,3659,71318,74977,14,14,28,2036,2071,4107,6,0.306732,0.323424,350.840801,0.001626,0.002922,178,0.000338,0,31,0.509524,0.018484
45049,Hampton County,,SC,1054,21067,22121,4,5,9,427,482,909,6,0.284229,0.29705,743.042524,0.000244,0.000814,177,0.00013,0,31,0.4,0.002779
45051,Horry County,,SC,15355,252783,268138,158,65,223,16317,7756,24073,5,0.366511,0.395658,15260.893732,0.058206,0.026703,178,0.001775,0,31,0.33054,0.386447
45053,Jasper County,,SC,1658,19278,20936,3,4,7,1035,831,1866,6,0.2837,0.296222,36.060166,0.000564,0.00079,177,0.000101,0,31,0.666667,0.005592
45055,Kershaw County,,SC,3358,62983,66341,13,12,25,2441,1866,4307,6,0.307741,0.323999,117.539396,0.00186,0.003503,178,0.00028,0,31,0.638095,0.019624
45057,Lancaster County,,SC,3164,69434,72598,11,11,22,3106,1961,5067,6,0.306407,0.322504,14.08482,0.003383,0.003345,178,0.000247,0,31,0.666667,0.030763
45059,Laurens County,,SC,3848,67528,71376,9,10,19,2424,2639,5063,6,0.289482,0.304124,28.747003,0.000881,0.002196,178,0.000256,0,31,0.663636,0.010649
45061,Lee County,,SC,1292,19214,20506,5,5,10,637,836,1473,6,0.285349,0.297981,0.511113,0.000619,0.000615,178,0.000121,0,31,0.9,0.005018
45063,Lexington County,,SC,17431,262006,279437,60,40,100,14337,11992,26329,6,0.357866,0.384426,8374.044219,0.023041,0.015801,178,0.000911,0,31,0.458741,0.180053
45065,McCormick County,,SC,589,9925,10514,3,4,7,178,312,490,6,0.274926,0.28645,8.257451,0.000331,0.000442,178,0.0001,0,31,0.5,0.002925
45067,Marion County,,SC,2048,35434,37482,5,6,11,949,1222,2171,6,0.305535,0.320675,0,0.000675,0.001849,178,0.000133,0,31,0.966667,0.00736
45069,Marlboro County,,SC,1508,29792,31300,8,7,15,690,791,1481,6,0.283617,0.296659,11.316456,0.000427,0.000574,178,0.000179,0,31,0.541667,0.0051
45071,Newberry County,,SC,1790,38853,40643,7,7,14,828,989,1817,6,0.287101,0.300558,20.65665,0.000812,0.001379,178,0.000188,0,31,0.678571,0.009183
45073,Oconee County,,SC,3760,76285,80045,15,8,23,1956,1749,3705,6,0.30644,0.322216,30.137071,0.005136,0.00314,178,0.000328,0,31,0.771429,0.04909
45075,Orangeburg County,,SC,5045,93095,98140,16,18,34,2707,3146,5853,6,0.313196,0.331568,2807.885506,0.003317,0.00489,178,0.00032,0,31,0.565789,0.030789
45077,Pickens County,,SC,8061,112697,120758,17,14,31,5045,5125,10170,6,0.316341,0.334035,81.154242,0.006206,0.006014,178,0.000343,0,31,0.773684,0.053552
45079,Richland County,,SC,30060,347787,377847,144,112,256,25400,22101,47501,5,0.394984,0.430803,57842.027694,0.057693,0.046183,178,0.001863,0,31,0.360959,0.413346
45081,Saluda County,,SC,1135,19468,20603,4,6,10,480,818,1298,6,0.284173,0.297067,3.023856,0.00022,0.000742,178,0.000127,0,31,0.766667,0.002617
45083,Spartanburg County,,SC,12642,289560,302202,59,34,93,10995,7942,18937,6,0.347816,0.371446,3780.697442,0.02436,0.01233,178,0.000902,0,31,0.487711,0.18707
45085,Sumter County,,SC,8895,111819,120714,28,37,65,3089,4234,7323,6,0.361572,0.388366,3002.206651,0.00966,0.017871,178,0.000435,0,31,0.524977,0.076912
45087,Union County,,SC,1259,31056,32315,5,7,12,589,804,1393,6,0.287016,0.300385,6.31881,0.000236,0.001553,178,0.000173,0,31,0.642857,0.004603
45089,Williamsburg County,,SC,1668,35796,37464,6,9,15,779,1075,1854,6,0.307154,0.322792,16.53215,0.000828,0.002332,178,0.000157,0,31,0.861111,0.009069
45091,York County,,SC,11836,218931,230767,99,36,135,15614,7234,22848,6,0.337369,0.362992,4756.719487,0.044913,0.012501,178,0.001222,0,31,0.478393,0.314129
46003,Aurora County,,SD,223,3269,3492,1,1,2,87,67,154,8,0.213371,0.218827,0,0.000001,0.000001,57,0.000102,0,31,0,0.000113
46005,Beadle County,,SD,889,17967,18856,4,3,7,299,182,481,7,0.271018,0.281956,2902.133333,0.000094,0.000171,57,0.000245,0,31,0.55,0.001255
46007,Bennett County,,SD,224,3055,3279,2,0,2,98,0,98,0,0,0,0,0.000051,0,57,0.000103,0,18,1,0.000745
46009,Bon Homme County,,SD,415,6984,7399,1,2,3,82,153,235,7,0.269331,0.279489,0,0.000001,0.000101,57,0.000085,0,31,1,0.000113
46011,Brookings County,,SD,2776,28642,31418,14,10,24,1136,1101,2237,7,0.271272,0.283308,10018.286185,0.00017,0.000187,57,0.000729,0,31,0.214286,0.00297
46013,Brown County,,SD,2185,41634,43819,11,10,21,809,780,1589,6,0.3082,0.323873,21064.706366,0.000191,0.000849,57,0.000542,0,31,0.214286,0.00274
46015,Brule County,,SD,361,5096,5457,1,2,3,40,104,144,7,0.269306,0.279432,2946,0.000091,0.0001,57,0.000088,0,31,0,0.000925
46017,Buffalo County,,SD,163,1916,2079,0,0,0,0,0,0,0,0,0,0,0,0,128,0.000051,115,202,0,0
46019,Butte County,,SD,951,9848,10799,3,3,6,588,385,973,7,0.257486,0.266938,0,0.000069,0.000075,57,0.000151,0,31,1,0.000892
46021,Campbell County,,SD,131,1769,1900,0,0,0,0,0,0,0,0,0,0,0,0,129,0.000051,116,203,0,0
46023,Charles Mix County,,SD,513,9525,10038,1,1,2,56,100,156,7,0.269256,0.279202,0,0.000091,0.0001,57,0.000088,0,31,0,0.000925
46025,Clark County,,SD,242,3917,4159,0,1,1,0,77,77,8,0.213665,0.219424,0,0,0.000001,57,0.000051,0,204,0,0
46027,Clay County,,SD,1554,11555,13109,5,7,12,398,681,1079,6,0.295926,0.309081,107.339824,0.000194,0.000524,57,0.000213,0,31,0.595238,0.002192
46029,Codington County,,SD,2029,31370,33399,10,9,19,919,834,1753,7,0.271628,0.28405,20610.602307,0.000101,0.000147,57,0.000545,0,31,0.204545,0.001804
46031,Corson County,,SD,282,3525,3807,1,1,2,58,67,125,8,0.212221,0.21713,0,0.000001,0,57,0.000113,0,205,0,0.000087
46033,Custer County,,SD,775,7784,8559,1,3,4,148,270,418,7,0.257463,0.26688,0,0.00005,0.00007,57,0.000081,0,31,0.5,0.000655
46035,Davison County,,SD,1935,21886,23821,7,8,15,496,780,1276,7,0.271221,0.282992,17540.841104,0.000143,0.000186,57,0.000486,0,31,0.236111,0.002035
46037,Day County,,SD,425,6688,7113,1,3,4,57,192,249,7,0.269506,0.279978,0,0.000007,0.000102,57,0.000097,0,31,1,0.000126
46039,Deuel County,,SD,386,5511,5897,2,2,4,127,154,281,8,0.214238,0.220495,0,0.000003,0.000002,57,0.000164,0,31,1,0.00025
46041,Dewey County,,SD,505,6453,6958,0,1,1,0,96,96,7,0.25746,0.266616,0,0,0.00007,57,0.000051,0,206,0,0
46043,Douglas County,,SD,209,3622,3831,0,0,0,0,0,0,0,0,0,0,0,0,130,0.000051,117,207,0,0
46045,Edmunds County,,SD,239,4451,4690,1,1,2,70,116,186,7,0.23561,0.242258,0,0.000007,0.000002,57,0.000097,0,31,0,0.000126
46047,Fall River County,,SD,706,7374,8080,2,1,3,122,144,266,7,0.257417,0.266535,0,0.000051,0.00007,57,0.000103,0,31,1,0.000745
46049,Faulk County,,SD,127,2578,2705,0,0,0,0,0,0,0,0,0,0,0,0,131,0.000051,118,208,0,0
46051,Grant County,,SD,520,9355,9875,2,3,5,92,230,322,7,0.269456,0.279863,2238.632497,0.000001,0.000101,57,0.000156,0,31,0.666667,0.000209
46053,Gregory County,,SD,285,4882,5167,0,0,0,0,0,0,0,0,0,0,0,0,132,0.000051,119,209,0,0
46055,Haakon County,,SD,144,2346,2490,0,0,0,0,0,0,0,0,0,0,0,0,133,0.000051,120,210,0,0
46057,Hamlin County,,SD,389,6151,6540,2,2,4,152,163,315,8,0.214238,0.220495,0,0.000003,0.000002,57,0.000164,0,31,1,0.00025
46059,Hand County,,SD,229,4045,4274,0,1,1,0,50,50,8,0.213287,0.21855,0,0,0.000001,57,0.000051,0,211,0,0
46061,Hanson County,,SD,173,3270,3443,1,1,2,88,74,162,8,0.213371,0.218827,0,0.000001,0.000001,57,0.000102,0,31,0,0.000113
46063,Harding County,,SD,63,1565,1628,0,0,0,0,0,0,0,0,0,0,0,0,134,0.000051,121,212,0,0
46065,Hughes County,,SD,1496,19729,21225,4,6,10,396,614,1010,7,0.271196,0.282704,8739,0.000141,0.000187,57,0.000232,0,31,0.404762,0.001751
46067,Hutchinson County,,SD,451,8672,9123,1,2,3,53,138,191,7,0.269356,0.279547,0,0.000091,0.000101,57,0.000088,0,31,1,0.000925
46069,Hyde County,,SD,147,1720,1867,0,0,0,0,0,0,0,0,0,0,0,0,135,0.000051,122,213,0,0
46071,Jackson County,,SD,232,2839,3071,0,1,1,0,54,54,7,0.25746,0.266616,0,0,0.00007,57,0.000051,0,214,0,0
46073,Jerauld County,,SD,206,2629,2835,0,0,0,0,0,0,0,0,0,0,0,0,136,0.000051,123,215,0,0
46075,Jones County,,SD,90,1223,1313,0,0,0,0,0,0,0,0,0,0,0,0,137,0.000051,124,216,0,0
46077,Kingsbury County,,SD,342,6297,6639,1,2,3,70,102,172,7,0.269356,0.279547,0,0.000001,0.000101,57,0.000113,0,31,1,0.000133
46079,Lake County,,SD,843,11988,12831,3,2,5,295,332,627,7,0.269356,0.279547,0,0.000093,0.000101,57,0.000193,0,31,1,0.001155
46081,Lawrence County,,SD,2400,24255,26655,6,6,12,980,1105,2085,7,0.271704,0.283308,399.389498,0.000173,0.0002,57,0.000286,0,31,0.5,0.002231
46083,Lincoln County,,SD,3755,39471,43226,16,7,23,4071,2267,6338,6,0.30644,0.321135,3412.052958,0.001863,0.000741,57,0.000678,0,31,0.268382,0.016267
46085,Lyman County,,SD,257,4158,4415,1,0,1,57,0,57,0,0,0,0,0.000001,0,57,0.000088,0,4,0,0.000093
46087,McCook County,,SD,497,6622,7119,2,1,3,226,190,416,7,0.269256,0.279202,0,0.000097,0.0001,57,0.000171,0,31,1,0.001164
46089,McPherson County,,SD,168,2686,2854,0,1,1,0,40,40,7,0.235653,0.242347,0,0,0.000002,57,0.000051,0,217,0,0
46091,Marshall County,,SD,316,4797,5113,1,1,2,52,48,100,7,0.235648,0.242344,75.491076,0,0.000002,57,0.000104,0,31,0,0.000092
46093,Meade County,,SD,4612,29314,33926,5,6,11,1670,2265,3935,6,0.336468,0.354773,1185.472978,0.000486,0.002169,57,0.000213,0,31,0.571429,0.004253
46095,Mellette County,,SD,146,1912,2058,0,1,1,0,46,46,8,0.204775,0.209397,0,0,0,57,0.000051,0,218,0,0
46097,Miner County,,SD,206,2715,2921,0,0,0,0,0,0,0,0,0,0,0,0,138,0.000051,125,219,0,0
46099,Minnehaha County,,SD,13712,199619,213331,65,51,116,9295,8474,17769,6,0.368421,0.396107,195371.667403,0.012694,0.011565,57,0.002248,0,31,0.157154,0.097417
46101,Moody County,,SD,511,7742,8253,2,3,5,149,220,369,7,0.269381,0.279719,0,0.000093,0.000102,57,0.00015,0,31,1,0.001058
46103,Pennington County,,SD,9008,105311,114319,35,32,67,4963,4184,9147,6,0.346609,0.370698,80870.864092,0.008837,0.006345,57,0.001128,0,31,0.202431,0.068692
46105,Perkins County,,SD,184,3480,3664,0,0,0,0,0,0,0,0,0,0,0,0,139,0.000051,126,220,0,0
46107,Potter County,,SD,219,2990,3209,0,0,0,0,0,0,0,0,0,0,0,0,140,0.000051,127,221,0,0
46109,Roberts County,,SD,629,11339,11968,3,3,6,147,189,336,8,0.21367,0.21973,5842,0.000002,0.000001,57,0.000189,0,31,0.166667,0.00029
46111,Sanborn County,,SD,193,2866,3059,1,1,2,45,42,87,8,0.213371,0.218827,0,0.000001,0.000001,57,0.000102,0,31,0,0.000113
46113,Shannon County,,SD,784,11605,12389,1,3,4,201,302,503,7,0.257531,0.267024,5889,0.00005,0.00007,57,0.000081,0,31,0.166667,0.000655
46115,Spink County,,SD,471,7320,7791,1,2,3,68,149,217,7,0.235725,0.24269,0,0.000007,0.000002,57,0.000097,0,31,1,0.000126
46117,Stanley County,,SD,359,3533,3892,1,1,2,193,183,376,8,0.213355,0.218741,0,0.000001,0.000001,57,0.000084,0,31,0,0.000105
46119,Sully County,,SD,121,1929,2050,0,1,1,0,46,46,8,0.213397,0.218838,0,0,0.000001,57,0.000051,0,222,0,0
46121,Todd County,,SD,506,8428,8934,2,1,3,96,62,158,7,0.257417,0.266535,2898,0.00005,0.00007,57,0.000124,0,31,0,0.000739
46123,Tripp County,,SD,424,6975,7399,0,1,1,0,55,55,7,0.269299,0.279278,0,0,0.0001,57,0.000051,0,223,0,0
46125,Turner County,,SD,603,9780,10383,2,2,4,270,301,571,7,0.269281,0.279374,0,0.000097,0.000115,57,0.000171,0,31,1,0.001164
46127,Union County,,SD,1427,16244,17671,7,6,13,954,645,1599,6,0.295052,0.307752,193.077664,0.000527,0.000451,57,0.000281,0,31,0.571429,0.004265
46129,Walworth County,,SD,498,6424,6922,1,2,3,67,106,173,7,0.269367,0.279526,2899,0,0.0001,57,0.000147,0,205,0,0.000087
46135,Yankton County,,SD,1549,24149,25698,7,6,13,576,597,1173,7,0.271196,0.282589,6008.936124,0.00018,0.000186,57,0.000241,0,31,0.25,0.002093
46137,Ziebach County,,SD,108,1227,1335,0,0,0,0,0,0,0,0,0,0,0,0,141,0.000051,128,224,0,0
47001,Anderson County,,TN,5389,78116,83505,9,12,21,3015,3293,6308,6,0.302537,0.317437,197.306396,0.000565,0.001616,142,0.000322,0,31,0.401515,0.006679
47003,Bedford County,,TN,2809,47439,50248,9,7,16,1887,1508,3395,6,0.300373,0.313538,2039.767189,0.000914,0.000873,142,0.000318,0,31,0.583333,0.009648
47005,Benton County,,TN,963,16834,17797,4,3,7,354,370,724,7,0.237716,0.244652,3.952814,0.000036,0.000025,5,0.000155,0,31,0.5,0.000628
47007,Bledsoe County,,TN,710,10850,11560,4,5,9,365,412,777,6,0.273499,0.284857,290.41678,0.00022,0.000268,142,0.000155,0,31,0.4,0.002423
47009,Blount County,,TN,7197,130043,137240,25,13,38,4777,4053,8830,6,0.302885,0.318018,937.241752,0.008525,0.001683,142,0.0005,0,31,0.462963,0.065179
47011,Bradley County,,TN,5799,99280,105079,20,14,34,3323,2952,6275,6,0.310711,0.327358,3123.05847,0.005263,0.002296,142,0.00046,0,31,0.386842,0.042157
47013,Campbell County,,TN,1761,37919,39680,5,5,10,808,975,1783,6,0.28563,0.297763,42.221873,0.000347,0.000403,142,0.000176,0,31,0.4,0.003493
47015,Cannon County,,TN,943,14086,15029,5,4,9,692,616,1308,6,0.276606,0.28733,1.033333,0.000732,0.000243,142,0.000179,0,31,0.9,0.006763
47017,Carroll County,,TN,2014,31747,33761,8,8,16,1172,1203,2375,6,0.311178,0.32619,2095.985984,0.001236,0.00125,5,0.000243,0,31,0.696429,0.009876
47019,Carter County,,TN,3463,56263,59726,7,7,14,1897,2121,4018,6,0.285968,0.298447,993.80566,0.00039,0.000525,142,0.00029,0,31,0.452381,0.004618
47021,Cheatham County,,TN,3130,42163,45293,9,9,18,2510,2211,4721,6,0.302948,0.317,7.130961,0.00117,0.001702,142,0.000241,0,31,0.844444,0.012854
47023,Chester County,,TN,1228,15808,17036,5,5,10,629,593,1222,6,0.307024,0.320796,1.840909,0.000679,0.000616,5,0.000175,0,31,0.766667,0.005012
47025,Claiborne County,,TN,1660,32621,34281,6,7,13,782,866,1648,6,0.285771,0.298263,4003.042897,0.000334,0.000402,142,0.000226,0,31,0.333333,0.003553
47027,Clay County,,TN,461,7752,8213,2,3,5,96,229,325,7,0.245677,0.254423,4.853114,0.00003,0.000044,142,0.000111,0,31,0.333333,0.000553
47029,Cocke County,,TN,1704,36271,37975,6,5,11,884,983,1867,6,0.285292,0.297228,1.05,0.000348,0.000475,142,0.000235,0,31,0.833333,0.004195
47031,Coffee County,,TN,3447,55964,59411,8,10,18,1889,1861,3750,6,0.301185,0.31535,3516.166994,0.000734,0.001092,142,0.000347,0,31,0.444444,0.007153
47033,Crockett County,,TN,1074,15493,16567,5,5,10,612,609,1221,7,0.250779,0.259451,2.183333,0.000064,0.000057,5,0.000153,0,31,0.7,0.000949
47035,Cumberland County,,TN,2698,58545,61243,19,12,31,1332,1061,2393,6,0.3026,0.317621,5783.792519,0.006733,0.001501,142,0.0004,0,31,0.404762,0.048208
47037,Davidson County,,TN,54811,617630,672441,211,169,380,41753,44015,85768,5,0.428635,0.468053,202568.408989,0.078446,0.06836,142,0.003127,0,31,0.275964,0.565481
47039,Decatur County,,TN,642,11518,12160,3,1,4,330,213,543,7,0.237327,0.243692,20.061806,0.000036,0.00001,5,0.00014,0,31,0.333333,0.000587
47041,DeKalb County,,TN,1266,18476,19742,8,8,16,734,757,1491,6,0.300498,0.313883,56.348195,0.000778,0.000967,142,0.000266,0,31,0.660714,0.007868
47043,Dickson County,,TN,2941,51372,54313,9,12,21,2306,1913,4219,6,0.303106,0.317633,78.161797,0.001133,0.001716,142,0.000249,0,31,0.636364,0.012127
47045,Dyer County,,TN,2493,41982,44475,10,11,21,1139,1285,2424,6,0.311747,0.3273,4313.436557,0.00071,0.00147,5,0.000272,0,31,0.416667,0.005689
47047,Fayette County,,TN,2887,40532,43419,6,6,12,3579,1881,5460,6,0.307024,0.320911,6.301108,0.000747,0.000706,5,0.000169,0,31,0.571429,0.006001
47049,Fentress County,,TN,736,17170,17906,2,3,5,206,260,466,7,0.245635,0.254406,0,0.000034,0.000092,142,0.000107,0,31,1,0.000871
47051,Franklin County,,TN,2317,43546,45863,8,8,16,1051,1148,2199,6,0.301467,0.315292,2392.909155,0.001197,0.001218,142,0.000267,0,31,0.541667,0.011292
47053,Gibson County,,TN,2885,52720,55605,9,11,20,1955,1815,3770,6,0.311479,0.326996,864.723787,0.001246,0.001486,5,0.000238,0,31,0.590909,0.00999
47055,Giles County,,TN,1983,31957,33940,8,9,17,959,1169,2128,6,0.301529,0.315493,49.037874,0.001027,0.001296,142,0.000237,0,31,0.597222,0.010138
47057,Grainger County,,TN,1464,21655,23119,7,6,13,1065,1039,2104,6,0.285405,0.297573,10.961262,0.00035,0.000405,142,0.000263,0,31,0.595238,0.004247
47059,Greene County,,TN,2883,72673,75556,9,8,17,1388,1298,2686,6,0.285855,0.29843,119.188491,0.001199,0.000529,142,0.000307,0,31,0.511111,0.011558
47061,Grundy County,,TN,725,13975,14700,4,3,7,259,322,581,7,0.232249,0.239129,10.34278,0.000221,0.000017,142,0.000161,0,31,0.5,0.002185
47063,Hamblen County,,TN,3997,63083,67080,9,10,19,2359,2383,4742,6,0.285855,0.298689,28.110307,0.000393,0.000671,142,0.000339,0,31,0.545455,0.00519
47065,Hamilton County,,TN,18165,345832,363997,73,65,138,11529,11613,23142,5,0.375875,0.405912,58994.600308,0.026797,0.025538,142,0.001346,0,31,0.352381,0.210384
47067,Hancock County,,TN,228,4773,5001,0,1,1,0,54,54,7,0.222367,0.228153,0,0,0.000003,142,0.000051,0,225,0,0
47069,Hardeman County,,TN,1419,27159,28578,5,6,11,782,789,1571,6,0.311078,0.325788,24.295125,0.00067,0.00123,5,0.000159,0,31,0.595238,0.004985
47071,Hardin County,,TN,1370,26452,27822,7,6,13,576,566,1142,6,0.311111,0.325845,2573.523998,0.00067,0.001207,5,0.000233,0,31,0.444444,0.005214
47073,Hawkins County,,TN,3740,59551,63291,9,9,18,2316,2453,4769,6,0.285855,0.298574,3184.892173,0.000402,0.000535,142,0.000351,0,31,0.455556,0.004904
47075,Haywood County,,TN,1223,21864,23087,6,7,13,607,814,1421,6,0.307057,0.321084,404.853701,0.000681,0.000642,5,0.000175,0,31,0.595238,0.005246
47077,Henderson County,,TN,1510,29589,31099,8,7,15,919,787,1706,6,0.311145,0.326018,3572.330365,0.001229,0.001234,5,0.000322,0,31,0.527778,0.009812
47079,Henry County,,TN,1961,33546,35507,9,8,17,799,778,1577,6,0.311479,0.326524,2423.709956,0.001436,0.001244,5,0.000256,0,31,0.541667,0.01203
47081,Hickman County,,TN,1663,23321,24984,8,9,17,1188,1078,2266,6,0.300498,0.313998,6388.655676,0.000901,0.001207,142,0.00025,0,31,0.5,0.009418
47083,Houston County,,TN,391,8223,8614,4,3,7,248,182,430,6,0.276897,0.288003,12.276806,0.000222,0.000301,142,0.000165,0,31,0.5,0.002621
47085,Humphreys County,,TN,1140,19968,21108,5,5,10,509,516,1025,6,0.300311,0.313193,1032.618803,0.000564,0.000636,142,0.000198,0,31,0.35,0.005092
47087,Jackson County,,TN,841,11878,12719,3,3,6,383,464,847,7,0.245572,0.254234,1.225783,0.00003,0.000047,142,0.000177,0,31,0.666667,0.000661
47089,Jefferson County,,TN,4121,50110,54231,8,7,15,2812,2685,5497,6,0.285377,0.297631,4.948958,0.000364,0.000538,142,0.000307,0,31,0.660714,0.004909
47091,Johnson County,,TN,681,16134,16815,3,5,8,236,310,546,6,0.25991,0.269381,44.769868,0.000073,0.000154,142,0.000137,0,31,0.5,0.001238
47093,Knox County,,TN,25543,428039,453582,124,97,221,21112,16878,37990,5,0.398899,0.432844,107610.111992,0.049636,0.04109,142,0.002033,0,31,0.375873,0.373519
47095,Lake County,,TN,334,5212,5546,2,2,4,167,189,356,7,0.237892,0.244693,0,0.000021,0.000011,5,0.000096,0,31,1,0.000283
47097,Lauderdale County,,TN,1461,25552,27013,7,7,14,974,861,1835,6,0.311211,0.326104,802.192124,0.00122,0.00125,5,0.000186,0,31,0.619048,0.00975
47099,Lawrence County,,TN,1759,42812,44571,7,8,15,858,879,1737,6,0.300591,0.314027,1978.95664,0.000736,0.000935,142,0.000226,0,31,0.416667,0.007708
47101,Lewis County,,TN,665,11828,12493,4,3,7,244,259,503,7,0.239267,0.24701,1.838596,0.000579,0.000073,142,0.000135,0,31,0.833333,0.00537
47103,Lincoln County,,TN,1628,35579,37207,9,8,17,1141,879,2020,6,0.284201,0.2969,801.538077,0.001027,0.000618,142,0.000282,0,31,0.544444,0.009966
47105,Loudon County,,TN,3431,50185,53616,11,7,18,2552,2179,4731,6,0.285433,0.297746,130.203801,0.002784,0.000543,142,0.000277,0,31,0.563636,0.020352
47107,McMinn County,,TN,3134,53468,56602,10,11,21,1747,1971,3718,6,0.302474,0.317276,378.196647,0.000581,0.001585,142,0.000332,0,31,0.530303,0.006618
47109,McNairy County,,TN,1462,26454,27916,7,6,13,917,746,1663,6,0.307089,0.321026,11.592562,0.000694,0.000617,5,0.000232,0,31,0.619048,0.005285
47111,Macon County,,TN,1265,22414,23679,7,7,14,724,672,1396,6,0.300529,0.313768,3148.655826,0.000622,0.001058,142,0.000271,0,31,0.388889,0.006745
47113,Madison County,,TN,7133,101648,108781,21,23,44,3764,4214,7978,6,0.334102,0.354497,7817.89614,0.003428,0.003341,5,0.000507,0,31,0.266667,0.028397
47115,Marion County,,TN,1517,30896,32413,7,6,13,924,868,1792,6,0.273551,0.285001,236.806534,0.000218,0.000227,142,0.000245,0,31,0.452381,0.002557
47117,Marshall County,,TN,1932,32529,34461,7,7,14,1488,1099,2587,6,0.300373,0.313538,14.099476,0.000903,0.001203,142,0.00022,0,31,0.738095,0.009398
47119,Maury County,,TN,5132,83857,88989,20,16,36,4348,2979,7327,6,0.314112,0.331499,2756.217358,0.007688,0.002984,142,0.000387,0,31,0.485507,0.05517
47121,Meigs County,,TN,973,11579,12552,6,5,11,750,653,1403,6,0.273396,0.284627,2.740526,0.000248,0.000263,142,0.000198,0,31,0.766667,0.00271
47123,Monroe County,,TN,2461,44159,46620,8,7,15,1643,1520,3163,6,0.285574,0.298004,30.059558,0.000581,0.000531,142,0.000262,0,31,0.75,0.006408
47125,Montgomery County,,TN,17650,158895,176545,90,69,159,12548,10195,22743,5,0.382574,0.413377,33691.819253,0.037409,0.025587,142,0.001248,0,31,0.403422,0.270139
47127,Moore County,,TN,429,6615,7044,4,2,6,303,172,475,7,0.231525,0.237869,0.326923,0.00003,0.000013,142,0.000177,0,31,0.916667,0.000673
47129,Morgan County,,TN,1016,20004,21020,5,3,8,740,502,1242,6,0.285292,0.296998,2.998973,0.000358,0.000398,142,0.000175,0,31,0.65,0.003863
47131,Obion County,,TN,1939,35535,37474,8,9,17,1110,1098,2208,6,0.31168,0.326955,9780.917742,0.00069,0.001235,5,0.000255,0,31,0.458333,0.005317
47133,Overton County,,TN,1038,22253,23291,6,3,9,726,501,1227,7,0.245635,0.254406,9.742333,0.000035,0.000092,142,0.00024,0,31,0.366667,0.001235
47135,Perry County,,TN,439,7554,7993,1,2,3,42,100,142,7,0.231174,0.237334,2.741667,0.00001,0.000007,5,0.000074,0,31,0,0.000166
47137,Pickett County,,TN,273,5034,5307,0,2,2,0,88,88,7,0.245574,0.254088,0,0,0.000039,142,0.000051,0,226,1,0
47139,Polk County,,TN,1365,16360,17725,4,4,8,741,877,1618,6,0.273474,0.284685,1052.180293,0.000038,0.000273,142,0.0002,0,31,0.35,0.001072
47141,Putnam County,,TN,4840,68139,72979,21,17,38,2529,2617,5146,6,0.325362,0.34598,19804.964034,0.004977,0.002783,142,0.00056,0,31,0.332016,0.039765
47143,Rhea County,,TN,1785,30926,32711,6,8,14,849,938,1787,6,0.286449,0.299643,42.985324,0.000242,0.000708,142,0.000207,0,31,0.607143,0.002985
47145,Roane County,,TN,3365,57466,60831,9,12,21,1800,2111,3911,6,0.286505,0.300219,57.057625,0.000391,0.000832,142,0.000315,0,31,0.515152,0.00499
47147,Robertson County,,TN,4624,70316,74940,11,10,21,3893,3105,6998,6,0.30371,0.318467,162.442457,0.001194,0.001851,142,0.000303,0,31,0.651515,0.013253
47149,Rutherford County,,TN,18360,251941,270301,79,52,131,18618,11950,30568,5,0.381969,0.410634,29162.926795,0.028585,0.021619,142,0.001392,0,31,0.368487,0.213482
47151,Scott County,,TN,657,22038,22695,4,4,8,242,235,477,6,0.285517,0.297418,1503.040391,0.00034,0.000396,142,0.000155,0,31,0.5,0.003356
47153,Sequatchie County,,TN,825,13333,14158,3,3,6,514,426,940,6,0.273293,0.284167,1.833333,0.000205,0.000214,142,0.000129,0,31,0.666667,0.001963
47155,Sevier County,,TN,6651,87433,94084,23,11,34,3608,3264,6872,6,0.286789,0.300414,755.683528,0.00869,0.00083,142,0.000446,0,31,0.469231,0.066973
47157,Shelby County,,TN,53182,1015045,1068227,210,234,444,32019,41946,73965,5,0.44251,0.486962,308747.402877,0.072224,0.079819,5,0.00305,0,31,0.23117,0.524895
47159,Smith County,,TN,1132,20154,21286,6,7,13,731,699,1430,6,0.300529,0.313797,2.782038,0.000811,0.001103,142,0.000196,0,31,0.833333,0.008604
47161,Stewart County,,TN,970,13714,14684,2,2,4,387,383,770,6,0.276791,0.287687,0,0.000204,0.000296,142,0.000113,0,31,1,0.00231
47163,Sullivan County,,TN,8630,168351,176981,21,14,35,5837,5375,11212,6,0.339185,0.35892,40587.600656,0.004576,0.002492,142,0.000679,0,31,0.266798,0.035594
47165,Sumner County,,TN,11350,162604,173954,41,23,64,9732,7189,16921,6,0.353717,0.377484,12768.78766,0.019021,0.006462,142,0.0007,0,31,0.525552,0.140915
47167,Tipton County,,TN,3889,59461,63350,8,7,15,3454,2257,5711,6,0.311111,0.32596,191.361053,0.003159,0.001319,5,0.000179,0,31,0.466667,0.022518
47169,Trousdale County,,TN,563,7987,8550,4,3,7,475,336,811,7,0.261434,0.270883,0,0.00062,0.000215,142,0.00015,0,31,1,0.006415
47171,Unicoi County,,TN,1002,18384,19386,3,3,6,564,571,1135,7,0.258935,0.267699,0,0.000064,0.000127,142,0.000156,0,31,1,0.00127
47173,Union County,,TN,1273,18610,19883,4,4,8,901,902,1803,6,0.28532,0.29717,2.533333,0.000343,0.000401,142,0.000156,0,31,0.666667,0.003396
47175,Van Buren County,,TN,351,5333,5684,3,2,5,160,163,323,7,0.231248,0.237421,2.781746,0.000017,0.000013,142,0.000139,0,31,0.333333,0.000411
47177,Warren County,,TN,1774,42430,44204,8,8,16,792,900,1692,6,0.30056,0.313998,2850.169424,0.000756,0.000907,142,0.000302,0,31,0.553571,0.007403
47179,Washington County,,TN,8522,119624,128146,30,22,52,5613,4937,10550,6,0.324161,0.344232,31427.116391,0.011112,0.00515,142,0.000738,0,31,0.400568,0.085771
47181,Wayne County,,TN,747,15485,16232,3,3,6,246,283,529,7,0.238774,0.246452,7.168608,0.000031,0.000022,142,0.000131,0,31,0.333333,0.000488
47183,Weakley County,,TN,2126,32482,34608,8,11,19,912,1187,2099,6,0.311713,0.327243,2011.163563,0.000707,0.001486,5,0.00023,0,31,0.484848,0.005481
47185,White County,,TN,1452,26141,27593,7,8,15,865,778,1643,6,0.300622,0.314113,3767.588822,0.000904,0.000947,142,0.000285,0,31,0.458333,0.007327
47187,Williamson County,,TN,13980,175096,189076,67,40,107,13650,9268,22918,5,0.377688,0.404952,8725.275672,0.035126,0.019,142,0.000901,0,31,0.555751,0.256559
47189,Wilson County,,TN,8111,115938,124049,22,16,38,7078,5278,12356,6,0.314146,0.331614,1701.331535,0.007621,0.002823,142,0.00047,0,31,0.513834,0.058939
48001,Anderson County,,TX,3200,44155,47355,14,11,25,1686,1505,3191,6,0.329918,0.348936,84.496507,0.003758,0.004328,148,0.000271,0,31,0.608333,0.033262
48003,Andrews County,,TX,963,14658,15621,3,3,6,312,458,770,7,0.264513,0.27609,0.5,0.000161,0.000308,148,0.000125,0,31,0.75,0.001904
48005,Angelina County,,TX,4996,85491,90487,19,27,46,2540,3038,5578,6,0.330482,0.351639,302.193884,0.004237,0.007847,148,0.000384,0,31,0.493386,0.037964
48007,Aransas County,,TX,2234,20800,23034,6,5,11,1026,926,1952,6,0.324089,0.34196,0,0.003277,0.00288,148,0.000127,0,31,1,0.027789
48009,Archer County,,TX,905,8835,9740,2,2,4,450,510,960,7,0.269381,0.280783,0,0.000193,0.000143,148,0.000074,0,31,1,0.001312
48011,Armstrong County,,TX,346,2159,2505,2,0,2,181,0,181,0,0,0,0,0.000178,0,148,0.000087,0,21,1,0.001701
48013,Atascosa County,,TX,3479,44392,47871,7,7,14,2342,2229,4571,6,0.324125,0.342248,12.255972,0.002566,0.003041,148,0.000174,0,31,0.785714,0.023059
48015,Austin County,,TX,2066,27975,30041,7,7,14,1470,1248,2718,6,0.319974,0.337808,4.245238,0.001322,0.001618,148,0.000167,0,31,0.589286,0.011945
48017,Bailey County,,TX,677,6767,7444,4,3,7,192,238,430,7,0.265312,0.277005,5.155876,0.000219,0.000182,7,0.000125,0,31,0.583333,0.001972
48019,Bandera County,,TX,1515,17685,19200,6,5,11,1152,789,1941,6,0.310944,0.325512,2.025,0.001922,0.001128,148,0.000161,0,31,0.785714,0.01678
48021,Bastrop County,,TX,5612,64436,70048,19,13,32,4804,3724,8528,6,0.330031,0.349339,133.282732,0.008477,0.005795,148,0.000326,0,31,0.759524,0.072476
48023,Baylor County,,TX,327,3725,4052,1,1,2,46,70,116,7,0.269281,0.280438,0,0.000172,0.000125,148,0.000061,0,31,0,0.001083
48025,Bee County,,TX,1926,24415,26341,9,10,19,917,980,1897,6,0.324851,0.343513,84.237031,0.002602,0.003221,148,0.000199,0,31,0.688889,0.022796
48027,Bell County,,TX,37549,273284,310833,171,152,323,29039,23715,52754,5,0.415305,0.455216,28150.764848,0.066755,0.058881,148,0.00206,0,31,0.306833,0.485956
48029,Bexar County,,TX,85772,1653722,1739494,356,282,638,90921,70504,161425,5,0.45091,0.4995,190386.524709,0.109347,0.09169,148,0.004523,0,31,0.182378,0.782947
48031,Blanco County,,TX,771,9125,9896,5,5,10,362,347,709,6,0.312689,0.328117,0.211111,0.001494,0.00196,148,0.000158,0,31,0.9,0.014854
48033,Borden County,,TX,-2,-2,-4,0,0,0,0,0,0,0,0,0,0,0,0,143,0.000051,129,227,0,0
48035,Bosque County,,TX,1533,17164,18697,6,5,11,823,700,1523,6,0.312251,0.32791,2.119598,0.001758,0.00123,148,0.000159,0,31,0.714286,0.014992
48037,Bowie County,,TX,6563,91531,98094,22,23,45,3835,3840,7675,6,0.329805,0.351501,11952.058304,0.005671,0.00657,148,0.000479,0,31,0.380342,0.049876
48039,Brazoria County,,TX,20727,292631,313358,50,47,97,21501,14628,36129,6,0.355626,0.382919,1908.993348,0.021679,0.015837,148,0.000679,0,31,0.459281,0.16808
48041,Brazos County,,TX,15141,136906,152047,45,47,92,8088,9949,18037,6,0.362658,0.390194,2962.86654,0.012811,0.017515,148,0.000754,0,31,0.420739,0.110699
48043,Brewster County,,TX,1098,8386,9484,5,5,10,259,367,626,6,0.291579,0.305636,165.339434,0.002072,0.000623,148,0.000148,0,31,0.714286,0.017214
48045,Briscoe County,,TX,154,1675,1829,0,0,0,0,0,0,0,0,0,0,0,0,144,0.000051,130,228,0,0
48047,Brooks County,,TX,570,7915,8485,3,4,7,191,356,547,6,0.279245,0.29181,0,0.000291,0.00051,148,0.000096,0,31,1,0.002583
48049,Brown County,,TX,2593,36618,39211,14,16,30,982,1215,2197,6,0.331883,0.352185,8598.191951,0.003337,0.00555,148,0.000364,0,31,0.520468,0.029993
48051,Burleson County,,TX,1340,17100,18440,3,5,8,584,692,1276,6,0.320115,0.33775,0.2,0.001083,0.001877,148,0.000093,0,31,0.9,0.008658
48053,Burnet County,,TX,3386,39916,43302,15,12,27,2345,1907,4252,6,0.327014,0.346682,87.0959,0.005678,0.005427,148,0.000304,0,31,0.658088,0.050937
48055,Caldwell County,,TX,3207,33762,36969,9,9,18,2269,2300,4569,6,0.324161,0.342535,1.711946,0.003217,0.003665,148,0.000212,0,31,0.877778,0.03057
48057,Calhoun County,,TX,1532,21403,22935,7,5,12,585,710,1295,6,0.323944,0.341787,12.510532,0.001911,0.002116,148,0.000162,0,31,0.75,0.01703
48059,Callahan County,,TX,1400,13259,14659,3,3,6,755,729,1484,6,0.313297,0.328422,4.822011,0.000141,0.00102,148,0.000115,0,31,0.666667,0.001449
48061,Cameron County,,TX,15889,386132,402021,46,42,88,9094,9723,18817,5,0.366094,0.392512,1080.543514,0.022796,0.02175,148,0.000604,0,31,0.581145,0.178089
48063,Camp County,,TX,1048,12414,13462,8,7,15,661,554,1215,6,0.314829,0.329883,24.132966,0.001706,0.001094,148,0.000178,0,31,0.694444,0.014396
48065,Carson County,,TX,570,6259,6829,4,4,8,284,344,628,7,0.259817,0.270233,0,0.000189,0.000208,148,0.000155,0,31,1,0.002053
48067,Cass County,,TX,2116,31272,33388,12,10,22,1205,1150,2355,6,0.326315,0.345232,115.1168,0.003297,0.002976,148,0.000236,0,31,0.608974,0.027845
48069,Castro County,,TX,767,7535,8302,3,5,8,167,327,494,7,0.259957,0.270693,8.80796,0.000094,0.000212,148,0.000127,0,31,0.6,0.001134
48071,Chambers County,,TX,3188,33907,37095,6,7,13,2463,2393,4856,6,0.324488,0.342328,2.545059,0.001265,0.002342,148,0.000134,0,31,0.857143,0.010926
48073,Cherokee County,,TX,3242,49608,52850,10,11,21,1761,1972,3733,6,0.325838,0.344686,2.625036,0.002895,0.003672,148,0.000195,0,31,0.818182,0.023881
48075,Childress County,,TX,523,5868,6391,1,0,1,49,0,49,0,0,0,0,0,0,153,0.000094,131,229,0,0.000084
48077,Clay County,,TX,1139,10939,12078,3,2,5,567,623,1190,7,0.269356,0.280697,0,0.00095,0.000143,148,0.000097,0,31,1,0.007797
48079,Cochran County,,TX,351,3366,3717,2,2,4,119,178,297,7,0.264247,0.275343,0,0.000156,0.000128,148,0.000099,0,31,1,0.001311
48081,Coke County,,TX,382,3305,3687,1,1,2,104,111,215,7,0.264103,0.274451,0,0.000144,0.000129,148,0.000062,0,31,0,0.001088
48083,Coleman County,,TX,641,8050,8691,4,2,6,297,139,436,7,0.264127,0.274915,0,0.001076,0.000156,148,0.000109,0,31,1,0.009026
48085,Collin County,,TX,64748,696281,761029,222,168,390,78319,54679,132998,5,0.427308,0.466511,39211.518324,0.088923,0.069944,148,0.002612,0,31,0.313974,0.624403
48087,Collingsworth County,,TX,220,2932,3152,0,0,0,0,0,0,0,0,0,0,0,0,145,0.000051,132,230,0,0
48089,Colorado County,,TX,1246,21346,22592,7,7,14,776,667,1443,6,0.319974,0.337808,3.602381,0.001406,0.001912,148,0.000165,0,31,0.589286,0.01311
48091,Comal County,,TX,8573,102190,110763,47,18,65,9719,5733,15452,6,0.33788,0.35915,411.06351,0.018581,0.008923,148,0.000743,0,31,0.583256,0.149988
48093,Comanche County,,TX,1003,13125,14128,3,4,7,293,392,685,6,0.311512,0.327001,0.511111,0.000094,0.00093,148,0.000113,0,31,0.916667,0.000758
48095,Concho County,,TX,251,2490,2741,1,0,1,67,0,67,0,0,0,0,0.000144,0,148,0.000062,0,28,0,0.001088
48097,Cooke County,,TX,3002,39308,42310,10,7,17,1668,1751,3419,6,0.318392,0.334564,1741.054589,0.003632,0.003121,148,0.000236,0,31,0.666667,0.031819
48099,Coryell County,,TX,11726,58119,69845,35,31,66,6537,6611,13148,6,0.357293,0.38304,575.457325,0.014963,0.01416,148,0.000484,0,31,0.615854,0.116047
48101,Cottle County,,TX,150,1567,1717,0,0,0,0,0,0,0,0,0,0,0,0,146,0.000051,133,231,0,0
48103,Crane County,,TX,338,4325,4663,1,2,3,64,137,201,7,0.258889,0.268853,0,0.000065,0.000187,148,0.000077,0,31,1,0.000868
48105,Crockett County,,TX,285,3909,4194,0,0,0,0,0,0,0,0,0,0,0,0,147,0.000051,134,232,0,0
48107,Crosby County,,TX,732,6333,7065,1,1,2,255,422,677,7,0.264223,0.27517,0,0.000148,0.00012,148,0.000068,0,31,0,0.001158
48109,Culberson County,,TX,301,2659,2960,0,1,1,0,43,43,6,0.291152,0.304352,0,0,0.000425,7,0.000051,0,233,0,0
48111,Dallam County,,TX,683,6584,7267,3,2,5,151,161,312,7,0.259771,0.269888,56.425687,0.000178,0.000189,148,0.000116,0,31,0.5,0.001793
48113,Dallas County,,TX,175963,2308145,2484108,341,318,659,136136,160487,296623,5,0.458617,0.509064,259639.145303,0.10683,0.099007,148,0.004443,0,31,0.166531,0.760257
48115,Dawson County,,TX,953,12858,13811,4,4,8,289,364,653,7,0.264561,0.27632,5.560256,0.000268,0.000324,148,0.000138,0,31,0.7,0.002417
48117,Deaf Smith County,,TX,1357,19948,21305,5,4,9,406,548,954,7,0.259887,0.270406,86.748434,0.000924,0.000198,148,0.000129,0,31,0.4,0.006363
48119,Delta County,,TX,610,4813,5423,4,3,7,219,313,532,7,0.248414,0.256861,0,0.00089,0.000098,148,0.000116,0,31,1,0.007278
48121,Denton County,,TX,59993,587194,647187,200,154,354,66777,49876,116653,5,0.422572,0.460789,40499.323775,0.077114,0.060168,148,0.002544,0,31,0.29572,0.557934
48123,DeWitt County,,TX,1327,18802,20129,4,5,9,497,650,1147,6,0.324089,0.34196,3.427062,0.001574,0.002672,148,0.000116,0,31,0.9,0.013747
48125,Dickens County,,TX,157,1991,2148,0,0,0,0,0,0,0,0,0,0,0,0,149,0.000051,135,234,0,0
48127,Dimmit County,,TX,777,9873,10650,3,3,6,208,254,462,6,0.312621,0.327772,4.866577,0.000823,0.001625,148,0.000109,0,31,0.666667,0.00724
48129,Donley County,,TX,299,3302,3601,2,1,3,86,52,138,7,0.25912,0.268772,0,0.000178,0.000091,148,0.000087,0,31,1,0.001701
48131,Duval County,,TX,891,11882,12773,3,3,6,356,454,810,6,0.271908,0.283167,0,0.000949,0.00026,148,0.000094,0,31,1,0.00831
48133,Eastland County,,TX,1393,17444,18837,8,7,15,518,471,989,6,0.313467,0.32917,1006.186172,0.001781,0.001147,148,0.000207,0,31,0.5,0.01517
48135,Ector County,,TX,7390,138202,145592,37,25,62,5518,4447,9965,6,0.3457,0.36899,18157.482462,0.011668,0.00825,148,0.000786,0,31,0.38529,0.097401
48137,Edwards County,,TX,148,2006,2154,0,0,0,0,0,0,0,0,0,0,0,0,150,0.000051,136,235,0,0
48139,Ellis County,,TX,10484,142527,153011,26,23,49,10871,7231,18102,6,0.340261,0.362221,175.816586,0.012533,0.00902,148,0.000397,0,31,0.657258,0.099305
48141,El Paso County,,TX,43386,814567,857953,149,162,311,25689,30488,56177,5,0.410598,0.452042,56383.06,0.054007,0.061287,7,0.001898,0,31,0.297383,0.398066
48143,Erath County,,TX,2981,30711,33692,10,17,27,1302,1520,2822,6,0.327939,0.347855,3757.88927,0.001739,0.005186,148,0.000353,0,31,0.536765,0.016058
48145,Falls County,,TX,1319,14873,16192,3,2,5,503,712,1215,6,0.293766,0.306878,0,0.001366,0.000643,148,0.000086,0,31,1,0.0111
48147,Fannin County,,TX,2299,30343,32642,9,7,16,1619,1493,3112,6,0.318427,0.334593,6.084425,0.003643,0.003178,148,0.0002,0,31,0.875,0.031376
48149,Fayette County,,TX,1413,23990,25403,8,10,18,850,695,1545,6,0.320292,0.338613,10.726874,0.001898,0.002477,148,0.000193,0,31,0.518182,0.018202
48151,Fisher County,,TX,304,3793,4097,2,0,2,109,0,109,0,0,0,0,0.000127,0,148,0.000092,0,22,1,0.001345
48153,Floyd County,,TX,713,7237,7950,2,2,4,176,355,531,7,0.264271,0.2754,0,0.000178,0.000135,148,0.000088,0,31,1,0.001376
48155,Foard County,,TX,133,1309,1442,0,0,0,0,0,0,0,0,0,0,0,0,151,0.000051,137,236,0,0
48157,Fort Bend County,,TX,40809,501775,542584,129,79,208,53669,33960,87629,5,0.385014,0.417794,8466.639364,0.060782,0.036505,148,0.001452,0,31,0.45393,0.427278
48159,Franklin County,,TX,985,9901,10886,5,5,10,548,487,1035,6,0.31459,0.329336,1.092857,0.00087,0.000915,148,0.000131,0,31,0.75,0.007163
48161,Freestone County,,TX,1519,17407,18926,8,8,16,800,766,1566,6,0.318427,0.334737,20.664888,0.002691,0.002071,148,0.000177,0,31,0.722222,0.022335
48163,Frio County,,TX,876,13987,14863,2,3,5,261,366,627,6,0.310877,0.325167,0.5,0.000745,0.000881,148,0.000081,0,31,0.666667,0.006544
48165,Gaines County,,TX,979,16006,16985,4,5,9,315,340,655,7,0.264537,0.276378,13.162159,0.000186,0.000277,148,0.00015,0,31,0.5,0.001906
48167,Galveston County,,TX,21431,288424,309855,55,49,104,17106,15256,32362,6,0.359821,0.387273,1914.611053,0.023398,0.018741,148,0.000749,0,31,0.4936,0.185116
48169,Garza County,,TX,472,4397,4869,1,1,2,120,163,283,7,0.264223,0.27517,0,0.000148,0.00012,148,0.000068,0,31,0,0.001158
48171,Gillespie County,,TX,1503,23970,25473,6,6,12,661,538,1199,6,0.324052,0.342017,0.21978,0.002551,0.003207,148,0.000166,0,31,0.933333,0.024072
48173,Glasscock County,,TX,110,1313,1423,0,0,0,0,0,0,0,0,0,0,0,0,152,0.000051,138,237,0,0
48175,Goliad County,,TX,610,7259,7869,2,1,3,216,236,452,7,0.248691,0.256999,0,0.000263,0.000055,148,0.000081,0,31,1,0.002315
48177,Gonzales County,,TX,1301,19195,20496,8,8,16,563,735,1298,6,0.324125,0.342363,23.858082,0.002408,0.003008,148,0.000201,0,31,0.638889,0.021912
48179,Gray County,,TX,1695,21424,23119,6,4,10,516,506,1022,7,0.259817,0.270233,126.978059,0.001254,0.0002,148,0.000179,0,31,0.833333,0.01058
48181,Grayson County,,TX,7351,119509,126860,24,16,40,5076,4267,9343,6,0.332225,0.352732,350.248526,0.009967,0.006863,148,0.000429,0,31,0.661667,0.084665
48183,Gregg County,,TX,10436,124930,135366,32,33,65,7142,7381,14523,6,0.341624,0.36524,1463.785827,0.007806,0.009584,148,0.000538,0,31,0.421053,0.067492
48185,Grimes County,,TX,2025,23231,25256,7,7,14,1548,1355,2903,6,0.319974,0.337808,1.908333,0.001391,0.001557,148,0.000172,0,31,0.785714,0.012489
48187,Guadalupe County,,TX,10250,117425,127675,53,27,80,11017,6681,17698,6,0.351955,0.375989,756.136821,0.023208,0.013927,148,0.000762,0,31,0.561616,0.180857
48189,Hale County,,TX,3103,36443,39546,9,10,19,1198,1554,2752,6,0.330595,0.349827,2170.366208,0.001876,0.003874,148,0.000242,0,31,0.509091,0.015904
48191,Hall County,,TX,385,3208,3593,0,1,1,0,49,49,1,1,1,0,0,0,153,0.000051,131,238,0,0
48193,Hamilton County,,TX,640,8295,8935,4,1,5,246,117,363,7,0.246975,0.254957,0.395833,0.001707,0.000014,148,0.000105,0,31,0.916667,0.013912
48195,Hansford County,,TX,425,5565,5990,0,3,3,0,144,144,7,0.259837,0.27014,0,0,0.000189,148,0.000051,0,239,0.666667,0
48197,Hardeman County,,TX,437,4149,4586,1,1,2,69,95,164,7,0.238695,0.245536,0,0.000009,0.000007,148,0.000081,0,31,0,0.000146
48199,Hardin County,,TX,4322,53193,57515,12,11,23,3312,2764,6076,6,0.322825,0.342115,22.388648,0.001698,0.002684,148,0.000233,0,31,0.641026,0.01617
48201,Harris County,,TX,220970,3879253,4100223,490,440,930,183969,202414,386383,5,0.469997,0.532436,515525.266129,0.124792,0.116429,148,0.006515,0,31,0.109402,0.90101
48203,Harrison County,,TX,5242,64488,69730,15,16,31,3059,3318,6377,6,0.327014,0.346716,441.441461,0.004583,0.005306,148,0.000285,0,31,0.654167,0.039925
48205,Hartley County,,TX,437,3733,4170,1,2,3,42,92,134,7,0.24689,0.255076,0,0.000087,0.000013,148,0.000068,0,31,0.666667,0.000812
48207,Haskell County,,TX,557,5379,5936,3,3,6,162,241,403,7,0.264103,0.274972,2945.5,0.000133,0.000131,148,0.000127,0,31,0.5,0.001325
48209,Hays County,,TX,13447,116274,129721,47,27,74,15218,10042,25260,6,0.345205,0.36853,449.145065,0.019038,0.010383,148,0.000713,0,31,0.604533,0.152265
48211,Hemphill County,,TX,390,3519,3909,0,0,0,0,0,0,0,0,0,0,0,0,154,0.000051,139,240,0,0
48213,Henderson County,,TX,6543,71525,78068,16,16,32,4194,4280,8474,6,0.326131,0.345721,9.591749,0.004687,0.005397,148,0.000297,0,31,0.742647,0.041517
48215,Hidalgo County,,TX,22523,687280,709803,90,73,163,15834,13504,29338,5,0.378132,0.409949,21696.957304,0.031792,0.028599,148,0.001228,0,31,0.318407,0.239431
48217,Hill County,,TX,2841,33249,36090,10,9,19,1750,1658,3408,6,0.320256,0.336876,19.557747,0.002827,0.003304,148,0.000219,0,31,0.719697,0.023948
48219,Hockley County,,TX,2289,24015,26304,5,5,10,989,1229,2218,6,0.312116,0.328094,711.404578,0.000915,0.001001,148,0.000181,0,31,0.4,0.007939
48221,Hood County,,TX,4105,46403,50508,17,7,24,2885,2252,5137,6,0.318357,0.334507,174.61146,0.00661,0.002541,148,0.000341,0,31,0.625,0.055838
48223,Hopkins County,,TX,2317,34256,36573,11,13,24,1418,1367,2785,6,0.318637,0.335628,669.551743,0.002841,0.003405,148,0.000247,0,31,0.583333,0.024997
48225,Houston County,,TX,1208,19725,20933,6,5,11,512,481,993,6,0.319903,0.337463,1.723052,0.001292,0.001095,148,0.000155,0,31,0.7,0.011809
48227,Howard County,,TX,1948,29287,31235,9,10,19,781,856,1637,6,0.326021,0.343852,1941.790261,0.002123,0.003146,148,0.000227,0,31,0.581818,0.018017
48229,Hudspeth County,,TX,331,3442,3773,1,1,2,53,94,147,6,0.29111,0.304285,0,0.000483,0.000425,7,0.000061,0,31,0,0.003222
48231,Hunt County,,TX,7090,80076,87166,19,20,39,4751,4933,9684,6,0.330144,0.350288,1525.773363,0.005781,0.006311,148,0.000378,0,31,0.611905,0.049154
48233,Hutchinson County,,TX,1918,24210,26128,7,6,13,641,784,1425,6,0.320611,0.338613,436.996343,0.001273,0.001194,148,0.000208,0,31,0.714286,0.010763
48235,Irion County,,TX,287,1969,2256,1,0,1,124,0,124,0,0,0,0,0.000144,0,148,0.000062,0,30,0,0.001088
48237,Jack County,,TX,861,7438,8299,6,6,12,350,419,769,6,0.311512,0.327231,3.112242,0.001041,0.001144,148,0.00016,0,31,0.666667,0.009324
48239,Jackson County,,TX,1021,14865,15886,4,4,8,529,459,988,6,0.319938,0.337405,0.5,0.001022,0.001068,148,0.000126,0,31,0.833333,0.008485
48241,Jasper County,,TX,2488,34213,36701,10,8,18,1521,1483,3004,6,0.32008,0.338095,182.462321,0.001546,0.001211,148,0.000217,0,31,0.7,0.014514
48243,Jeff Davis County,,TX,244,2124,2368,0,0,0,0,0,0,0,0,0,0,0,0,155,0.000051,140,241,0,0
48245,Jefferson County,,TX,14806,243018,257824,47,41,88,9448,10799,20247,6,0.34882,0.374327,5470.729555,0.016693,0.013022,148,0.000662,0,31,0.445324,0.13126
48247,Jim Hogg County,,TX,311,5196,5507,0,0,0,0,0,0,0,0,0,0,0,0,156,0.000051,141,242,0,0
48249,Jim Wells County,,TX,2759,42611,45370,9,10,19,1801,1662,3463,6,0.329056,0.347556,503.740779,0.002217,0.003275,148,0.000194,0,31,0.655556,0.019003
48251,Johnson County,,TX,11616,145993,157609,31,20,51,10221,7983,18204,6,0.330332,0.350604,696.28568,0.012254,0.007279,148,0.000556,0,31,0.532197,0.099899
48253,Jones County,,TX,1516,15233,16749,3,4,7,654,783,1437,6,0.315893,0.330579,183.705536,0.000273,0.000972,148,0.000118,0,31,0.5,0.002389
48255,Karnes County,,TX,797,12371,13168,4,4,8,303,314,617,6,0.311178,0.325799,1.432576,0.00134,0.000969,148,0.000125,0,31,0.75,0.012465
48257,Kaufman County,,TX,8262,95939,104201,17,17,34,10014,6036,16050,6,0.339862,0.360956,92.244222,0.008515,0.007647,148,0.000284,0,31,0.765789,0.067991
48259,Kendall County,,TX,2624,31641,34265,14,8,22,2293,1506,3799,6,0.324125,0.342363,75.670534,0.007056,0.003018,148,0.000288,0,31,0.738095,0.060043
48261,Kenedy County,,TX,-2,-2,-4,0,0,0,0,0,0,0,0,0,0,0,0,157,0.000051,142,243,0,0
48263,Kent County,,TX,65,717,782,0,0,0,0,0,0,0,0,0,0,0,0,158,0.000051,143,244,0,0
48265,Kerr County,,TX,3380,47296,50676,14,11,25,1670,1456,3126,6,0.326609,0.34602,3001.041342,0.006557,0.004408,148,0.000305,0,31,0.617647,0.055362
48267,Kimble County,,TX,371,4431,4802,0,1,1,0,40,40,7,0.246262,0.254226,0,0,0.000052,148,0.000051,0,245,0,0
48269,King County,,TX,45,237,282,0,0,0,0,0,0,0,0,0,0,0,0,159,0.000051,144,246,0,0
48271,Kinney County,,TX,251,3142,3393,1,1,2,55,58,113,7,0.257097,0.265816,0,0.00006,0.000045,148,0.000066,0,31,0,0.000454
48273,Kleberg County,,TX,3162,29419,32581,12,13,25,1472,1758,3230,6,0.339782,0.360087,836.115999,0.00411,0.005106,148,0.000226,0,31,0.6,0.034485
48275,Knox County,,TX,403,3699,4102,1,2,3,55,99,154,7,0.264079,0.2748,0,0.000001,0.00013,148,0.000087,0,31,1,0.000099
48277,Lamar County,,TX,2974,50691,53665,14,13,27,1469,1437,2906,6,0.326058,0.345204,3968.951846,0.003792,0.004335,148,0.000327,0,31,0.494505,0.033132
48279,Lamb County,,TX,1195,14564,15759,5,5,10,515,610,1125,7,0.264392,0.276033,22.555992,0.000189,0.000145,148,0.000176,0,31,0.35,0.001733
48281,Lampasas County,,TX,1885,19134,21019,6,7,13,1118,882,2000,6,0.323871,0.342782,0.125,0.002388,0.003804,148,0.000144,0,31,0.97619,0.022026
48283,La Salle County,,TX,395,5634,6029,3,2,5,136,125,261,6,0.310911,0.325109,1,0.000823,0.000948,148,0.000102,0,31,0.666667,0.007238
48285,Lavaca County,,TX,1238,21264,22502,8,8,16,700,638,1338,6,0.320292,0.338383,9.271679,0.001923,0.002332,148,0.000189,0,31,0.589286,0.017786
48287,Lee County,,TX,1176,16318,17494,6,8,14,441,664,1105,6,0.320221,0.338268,1.706651,0.001859,0.002457,148,0.000157,0,31,0.785714,0.017802
48289,Leon County,,TX,1290,16604,17894,6,6,12,633,510,1143,6,0.319938,0.337635,9.477638,0.001473,0.001166,148,0.000147,0,31,0.517857,0.013552
48291,Liberty County,,TX,6306,67883,74189,10,12,22,4580,4434,9014,6,0.325948,0.344974,33.528398,0.002392,0.003708,148,0.000199,0,31,0.719697,0.022109
48293,Limestone County,,TX,1619,21238,22857,7,7,14,706,933,1639,6,0.325655,0.343938,17.543525,0.00265,0.002896,148,0.000156,0,31,0.75,0.021986
48295,Lipscomb County,,TX,322,3094,3416,0,0,0,0,0,0,0,0,0,0,0,0,160,0.000051,145,247,0,0
48297,Live Oak County,,TX,763,8886,9649,4,4,8,245,278,523,6,0.311078,0.325627,0,0.001028,0.001159,148,0.000105,0,31,1,0.008967
48299,Llano County,,TX,1355,15303,16658,5,4,9,818,611,1429,6,0.312655,0.327945,0,0.002535,0.002162,148,0.000133,0,31,1,0.023483
48301,Loving County,,TX,-2,-2,-4,0,0,0,0,0,0,0,0,0,0,0,0,161,0.000051,146,248,0,0
48303,Lubbock County,,TX,18666,250579,269245,65,68,133,11853,12772,24625,6,0.359063,0.389677,65903.904675,0.015281,0.018761,148,0.001379,0,31,0.266234,0.13064
48305,Lynn County,,TX,734,6352,7086,1,2,3,208,398,606,7,0.264247,0.275343,0,0.000148,0.000122,148,0.000068,0,31,1,0.001158
48307,McCulloch County,,TX,773,8056,8829,1,2,3,50,127,177,7,0.264223,0.274854,0,0.000144,0.000155,148,0.000062,0,31,1,0.001088
48309,McLennan County,,TX,13186,223157,236343,41,48,89,7653,8677,16330,6,0.355976,0.383523,1952.987544,0.014866,0.015589,148,0.000674,0,31,0.456454,0.122077
48311,McMullen County,,TX,50,810,860,0,0,0,0,0,0,0,0,0,0,0,0,162,0.000051,147,249,0,0
48313,Madison County,,TX,837,10771,11608,6,5,11,454,434,888,6,0.319903,0.337463,1.047619,0.001343,0.001528,148,0.000154,0,31,0.833333,0.012233
48315,Marion County,,TX,902,9025,9927,5,3,8,486,355,841,6,0.311646,0.32703,0,0.000936,0.000974,148,0.000127,0,31,0.966667,0.007817
48317,Martin County,,TX,412,4330,4742,1,2,3,154,262,416,7,0.258866,0.268795,0,0.000094,0.000112,148,0.000072,0,31,1,0.000931
48319,Mason County,,TX,238,3693,3931,0,0,0,0,0,0,0,0,0,0,0,0,163,0.000051,148,250,0,0
48321,Matagorda County,,TX,2556,37271,39827,6,8,14,990,1220,2210,6,0.320327,0.33844,0.47619,0.001994,0.00266,148,0.000141,0,31,0.821429,0.018545
48323,Maverick County,,TX,2886,60519,63405,9,9,18,1094,1460,2554,6,0.330219,0.349022,99.132779,0.00402,0.004708,148,0.000177,0,31,0.666667,0.034022
48325,Medina County,,TX,3266,42037,45303,6,8,14,2412,1986,4398,6,0.324161,0.34242,90.793028,0.001694,0.002999,148,0.000162,0,31,0.541667,0.014543
48327,Menard County,,TX,203,2054,2257,0,0,0,0,0,0,0,0,0,0,0,0,164,0.000051,149,251,0,0
48329,Midland County,,TX,9063,131428,140491,46,40,86,6936,5757,12693,6,0.349157,0.37523,28941.729203,0.012115,0.011971,148,0.001021,0,31,0.345428,0.104198
48331,Milam County,,TX,1828,24658,26486,8,7,15,877,924,1801,6,0.321393,0.33951,6.338825,0.002421,0.002997,148,0.000172,0,31,0.652778,0.022056
48333,Mills County,,TX,333,4547,4880,1,1,2,40,57,97,7,0.249205,0.257301,0,0.000044,0.000026,148,0.00007,0,31,0,0.000328
48335,Mitchell County,,TX,546,6726,7272,3,3,6,181,129,310,7,0.258958,0.26914,2.419456,0.00003,0.000122,148,0.000133,0,31,0.25,0.00063
48337,Montague County,,TX,1504,19380,20884,7,7,14,810,849,1659,6,0.313568,0.329612,135.025233,0.002241,0.001775,148,0.000188,0,31,0.696429,0.019003
48339,Montgomery County,,TX,31026,383250,414276,119,74,193,37411,23076,60487,5,0.375097,0.406815,11874.003725,0.050161,0.028027,148,0.001548,0,31,0.39818,0.372602
48341,Moore County,,TX,2136,21463,23599,8,10,18,560,1040,1600,6,0.32768,0.347216,6111.256008,0.001456,0.003453,148,0.00024,0,31,0.431818,0.011972
48343,Morris County,,TX,1080,14363,15443,7,7,14,688,619,1307,6,0.315068,0.330199,7.555727,0.000975,0.001019,148,0.000166,0,31,0.690476,0.008259
48345,Motley County,,TX,103,1138,1241,0,0,0,0,0,0,0,0,0,0,0,0,165,0.000051,150,252,0,0
48347,Nacogdoches County,,TX,4505,55120,59625,19,22,41,2158,2842,5000,6,0.33052,0.351121,120.174171,0.005362,0.00822,148,0.000336,0,31,0.648221,0.048728
48349,Navarro County,,TX,3561,47095,50656,14,14,28,1847,2208,4055,6,0.326021,0.345319,21.685983,0.004481,0.005288,148,0.000269,0,31,0.733333,0.039617
48351,Newton County,,TX,949,10232,11181,3,6,9,412,589,1001,6,0.320327,0.33821,1.300335,0.00016,0.001248,148,0.0001,0,31,0.733333,0.001679
48353,Nolan County,,TX,1317,15185,16502,6,5,11,474,480,954,6,0.272394,0.28503,1303.995184,0.001961,0.000379,148,0.000157,0,31,0.5,0.01611
48355,Nueces County,,TX,23358,331403,354761,74,72,146,13403,16080,29483,5,0.373213,0.404336,13265.349466,0.026647,0.025566,148,0.001088,0,31,0.367915,0.208459
48357,Ochiltree County,,TX,660,10085,10745,2,2,4,91,87,178,7,0.264537,0.276004,6.583294,0.000089,0.000218,148,0.000083,0,31,0.666667,0.000896
48359,Oldham County,,TX,299,1968,2267,2,2,4,99,145,244,7,0.259771,0.269888,0,0.000178,0.000189,148,0.000087,0,31,1,0.001701
48361,Orange County,,TX,5282,86971,92253,13,17,30,3226,3547,6773,6,0.330482,0.350374,592.054811,0.003704,0.006049,148,0.000246,0,31,0.570175,0.03208
48363,Palo Pinto County,,TX,2274,26676,28950,8,6,14,1125,1124,2249,6,0.311512,0.327231,30.160232,0.003054,0.001147,148,0.000184,0,31,0.766667,0.026045
48365,Panola County,,TX,1620,24379,25999,5,9,14,515,960,1475,6,0.325984,0.344686,16.980657,0.000282,0.003071,148,0.00013,0,31,0.791667,0.002424
48367,Parker County,,TX,9170,104362,113532,33,17,50,8993,6198,15191,6,0.330822,0.351006,685.194677,0.012693,0.006109,148,0.000565,0,31,0.551693,0.103072
48369,Parmer County,,TX,912,10772,11684,3,6,9,277,440,717,7,0.265725,0.27827,302.612417,0.00112,0.000378,7,0.000103,0,31,0.642857,0.009091
48371,Pecos County,,TX,1037,13593,14630,5,3,8,323,343,666,7,0.266018,0.277482,10.837762,0.000648,0.000316,148,0.000162,0,31,0.7,0.005342
48373,Polk County,,TX,5200,52576,57776,20,22,42,2516,2382,4898,6,0.344181,0.366575,403.248341,0.006948,0.008162,148,0.000346,0,31,0.593846,0.061027
48375,Potter County,,TX,13040,111644,124684,33,35,68,8183,9561,17744,6,0.349704,0.375345,29709.866124,0.011516,0.011062,148,0.000726,0,31,0.332172,0.090878
48377,Presidio County,,TX,1004,10338,11342,4,3,7,330,421,751,7,0.258912,0.269025,0.2,0.000647,0.000204,148,0.000134,0,31,0.916667,0.005241
48379,Rains County,,TX,859,8852,9711,6,6,12,646,517,1163,6,0.314829,0.329796,0.236111,0.001692,0.001671,148,0.00014,0,31,0.952381,0.014133
48381,Randall County,,TX,11757,115806,127563,38,34,72,9721,8108,17829,6,0.350296,0.375949,28421.446814,0.012435,0.011564,148,0.000759,0,31,0.363108,0.100079
48383,Reagan County,,TX,233,3575,3808,1,0,1,53,0,53,0,0,0,0,0.000144,0,148,0.000062,0,27,0,0.001088
48385,Real County,,TX,277,2969,3246,0,0,0,0,0,0,0,0,0,0,0,0,166,0.000051,151,253,0,0
48387,Red River County,,TX,909,13389,14298,3,2,5,340,392,732,7,0.248201,0.257181,1.060827,0.000865,0.000075,148,0.000102,0,31,0.666667,0.007002
48389,Reeves County,,TX,793,11198,11991,4,2,6,288,324,612,7,0.258889,0.268853,0.181818,0.000683,0.000187,148,0.000127,0,31,0.916667,0.005396
48391,Refugio County,,TX,583,8154,8737,2,2,4,86,174,260,6,0.271985,0.283224,0,0.000142,0.000265,148,0.000079,0,31,1,0.001216
48393,Roberts County,,TX,94,796,890,0,0,0,0,0,0,0,0,0,0,0,0,167,0.000051,152,254,0,0
48395,Robertson County,,TX,1416,16384,17800,2,4,6,521,802,1323,6,0.32008,0.337578,0,0.001055,0.001861,148,0.000077,0,31,1,0.008413
48397,Rockwall County,,TX,6484,67070,73554,26,12,38,8702,4479,13181,6,0.340461,0.361565,110.337129,0.012765,0.006096,148,0.000371,0,31,0.689231,0.099706
48399,Runnels County,,TX,957,10872,11829,2,2,4,287,355,642,7,0.269106,0.280432,0,0.000268,0.000258,148,0.000077,0,31,1,0.002219
48401,Rusk County,,TX,3514,43976,47490,10,10,20,2490,2255,4745,6,0.325801,0.344513,243.311041,0.002844,0.003029,148,0.000188,0,31,0.788889,0.023538
48403,Sabine County,,TX,888,10029,10917,6,4,10,336,285,621,6,0.319903,0.337348,1.641667,0.001147,0.001036,148,0.00015,0,31,0.766667,0.009667
48405,San Augustine County,,TX,593,8348,8941,4,4,8,209,316,525,6,0.319868,0.33729,0.583333,0.001051,0.001067,148,0.00012,0,31,0.833333,0.008474
48407,San Jacinto County,,TX,2272,21766,24038,5,6,11,1845,1520,3365,6,0.319938,0.337635,0.366667,0.001277,0.0015,148,0.000126,0,31,0.9,0.011706
48409,San Patricio County,,TX,7896,71962,79858,21,26,47,4231,4660,8891,6,0.345535,0.368622,1969.533243,0.008634,0.010158,148,0.000342,0,31,0.571225,0.069522
48411,San Saba County,,TX,374,5378,5752,0,0,0,0,0,0,0,0,0,0,0,0,168,0.000051,153,255,0,0
48413,Schleicher County,,TX,263,3114,3377,1,0,1,83,0,83,0,0,0,0,0.000144,0,148,0.000062,0,29,0,0.001088
48415,Scurry County,,TX,1082,16096,17178,6,4,10,309,315,624,7,0.268781,0.281134,912.433419,0.001399,0.000345,148,0.000171,0,31,0.738095,0.011775
48417,Shackelford County,,TX,282,3332,3614,1,0,1,61,0,61,0,0,0,0,0.000124,0,148,0.000065,0,23,0,0.001131
48419,Shelby County,,TX,1232,24292,25524,5,5,10,504,459,963,6,0.320221,0.33798,203.838808,0.001077,0.001133,148,0.000125,0,31,0.466667,0.008531
48421,Sherman County,,TX,216,2594,2810,1,0,1,53,0,53,0,0,0,0,0.000027,0,148,0.000071,0,9,0,0.000187
48423,Smith County,,TX,13094,200702,213796,60,52,112,10500,9106,19606,6,0.357204,0.385421,2463.046785,0.017656,0.016822,148,0.000916,0,31,0.386743,0.145008
48425,Somervell County,,TX,792,7545,8337,3,4,7,302,409,711,6,0.311412,0.326829,0.25,0.000842,0.001039,148,0.000129,0,31,0.833333,0.00788
48427,Starr County,,TX,2718,63600,66318,4,4,8,1035,1744,2779,6,0.324415,0.34219,83.267953,0.001361,0.002096,148,0.000104,0,31,0.733333,0.011578
48429,Stephens County,,TX,631,8546,9177,0,3,3,0,150,150,6,0.313338,0.328481,0,0,0.00102,148,0.000051,0,256,1,0
48431,Sterling County,,TX,93,1129,1222,0,0,0,0,0,0,0,0,0,0,0,0,169,0.000051,154,257,0,0
48433,Stonewall County,,TX,74,1489,1563,0,0,0,0,0,0,0,0,0,0,0,0,170,0.000051,155,258,0,0
48435,Sutton County,,TX,486,4955,5441,1,2,3,102,148,250,7,0.264633,0.27536,0,0.000144,0.000174,148,0.000062,0,31,1,0.001088
48437,Swisher County,,TX,665,7687,8352,3,4,7,216,384,600,7,0.264658,0.276493,0,0.000209,0.000324,148,0.000108,0,31,1,0.001919
48439,Tarrant County,,TX,112456,1753005,1865461,378,321,699,120683,97481,218164,5,0.451965,0.504687,249943.182324,0.111298,0.097092,148,0.004999,0,31,0.15071,0.796243
48441,Taylor County,,TX,12466,130049,142515,50,53,103,6375,7018,13393,6,0.358708,0.387635,32751.37767,0.016415,0.015786,148,0.000904,0,31,0.354911,0.130818
48443,Terrell County,,TX,108,867,975,0,0,0,0,0,0,0,0,0,0,0,0,171,0.000051,156,259,0,0
48445,Terry County,,TX,998,11781,12779,2,3,5,314,510,824,7,0.264295,0.275573,0.666667,0.000156,0.000129,148,0.000099,0,31,0.666667,0.001311
48447,Throckmorton County,,TX,181,1591,1772,0,0,0,0,0,0,0,0,0,0,0,0,172,0.000051,157,260,0,0
48449,Titus County,,TX,2120,31149,33269,6,9,15,789,1111,1900,6,0.318567,0.334995,17.470939,0.000906,0.002579,148,0.000157,0,31,0.611111,0.00759
48451,Tom Green County,,TX,10126,107976,118102,40,51,91,4404,5489,9893,6,0.358841,0.387238,34660.088369,0.016333,0.018289,148,0.000695,0,31,0.377849,0.127481
48453,Travis County,,TX,78720,869379,948099,274,197,471,79660,68218,147878,5,0.427245,0.470405,76781.216201,0.09633,0.073327,148,0.003424,0,31,0.24397,0.685224
48455,Trinity County,,TX,1397,12923,14320,7,6,13,770,800,1570,6,0.319938,0.337635,1.408333,0.00133,0.001515,148,0.000168,0,31,0.785714,0.0122
48457,Tyler County,,TX,1384,17498,18882,8,7,15,949,779,1728,6,0.320044,0.337923,1.100433,0.001444,0.001257,148,0.000174,0,31,0.839286,0.013295
48459,Upshur County,,TX,3159,34973,38132,10,11,21,2167,2021,4188,6,0.318602,0.335283,63.062004,0.003251,0.002062,148,0.000199,0,31,0.641026,0.02762
48461,Upton County,,TX,323,3254,3577,0,2,2,0,102,102,7,0.258932,0.268933,0,0,0.000187,148,0.000051,0,261,1,0
48463,Uvalde County,,TX,2013,28255,30268,4,8,12,429,911,1340,6,0.313365,0.329584,16.164338,0.000826,0.002054,148,0.000127,0,31,0.553571,0.007285
48465,Val Verde County,,TX,4250,51442,55692,15,17,32,1429,1577,3006,6,0.34603,0.368444,6959.515424,0.00575,0.007596,148,0.000299,0,31,0.538095,0.046796
48467,Van Zandt County,,TX,3703,48295,51998,14,14,28,2643,2507,5150,6,0.325948,0.345204,27.49802,0.004013,0.0046,148,0.000267,0,31,0.807692,0.035183
48469,Victoria County,,TX,5414,91023,96437,27,27,54,3668,3637,7305,6,0.330973,0.352243,5537.527646,0.006966,0.007864,148,0.00056,0,31,0.476815,0.062197
48471,Walker County,,TX,4721,43890,48611,18,17,35,2739,3223,5962,6,0.329019,0.348447,167.000754,0.004951,0.005903,148,0.000343,0,31,0.576316,0.045006
48473,Waller County,,TX,3241,32946,36187,7,8,15,2596,2333,4929,6,0.328385,0.346434,25.49527,0.001616,0.003596,148,0.000168,0,31,0.722222,0.015412
48475,Ward County,,TX,936,10770,11706,2,3,5,258,366,624,7,0.258912,0.269025,0,0.000159,0.000192,148,0.000099,0,31,1,0.001799
48477,Washington County,,TX,2008,32614,34622,10,11,21,1187,1202,2389,6,0.324234,0.34288,30.939579,0.002088,0.003654,148,0.000214,0,31,0.532051,0.019393
48479,Webb County,,TX,7559,249288,256847,21,23,44,3328,4482,7810,6,0.355888,0.379566,5131.707967,0.011068,0.012001,148,0.000389,0,31,0.595385,0.086907
48481,Wharton County,,TX,2625,44693,47318,9,10,19,1226,1643,2869,6,0.324306,0.34288,31.303578,0.002025,0.003351,148,0.000206,0,31,0.611111,0.019069
48483,Wheeler County,,TX,418,5293,5711,0,1,1,0,44,44,7,0.259488,0.269191,0,0,0.000098,148,0.000051,0,262,0,0
48485,Wichita County,,TX,13010,125406,138416,44,64,108,5020,7628,12648,6,0.368468,0.399718,23110.765552,0.015917,0.021804,148,0.00075,0,31,0.35171,0.125456
48487,Wilbarger County,,TX,1075,13913,14988,3,4,7,336,342,678,6,0.313501,0.329497,5842,0.000936,0.001122,148,0.000143,0,31,0.5,0.007649
48489,Willacy County,,TX,1292,19846,21138,4,4,8,505,764,1269,6,0.324415,0.34219,0,0.002035,0.002273,148,0.000103,0,31,1,0.017221
48491,Williamson County,,TX,35285,357003,392288,160,85,245,45721,27727,73448,5,0.38842,0.421291,12374.462289,0.063302,0.03511,148,0.002003,0,31,0.359008,0.466217
48493,Wilson County,,TX,2905,39836,42741,10,7,17,2542,1822,4364,6,0.312756,0.328462,96.865561,0.004193,0.001998,148,0.000237,0,31,0.672727,0.034747
48495,Winkler County,,TX,598,6953,7551,2,2,4,191,231,422,7,0.258889,0.268853,0,0.000159,0.000187,148,0.000099,0,31,1,0.001799
48497,Wise County,,TX,4805,55181,59986,10,10,20,3308,3036,6344,6,0.318497,0.335082,43.664113,0.003785,0.003327,148,0.000223,0,31,0.689394,0.032753
48499,Wood County,,TX,3157,38933,42090,15,15,30,2203,1969,4172,6,0.325984,0.345376,136.462628,0.003911,0.004467,148,0.000286,0,31,0.625,0.033992
48501,Yoakum County,,TX,656,8276,8932,3,3,6,171,249,420,7,0.264295,0.275573,0,0.000185,0.00018,148,0.000115,0,31,1,0.001811
48503,Young County,,TX,1413,18178,19591,6,10,16,392,735,1127,6,0.320009,0.336657,519.060524,0.002199,0.002732,148,0.000154,0,31,0.611111,0.018439
48505,Zapata County,,TX,490,12775,13265,3,2,5,217,191,408,6,0.27451,0.285858,0.25,0.000336,0.000337,148,0.000101,0,31,0.833333,0.002921
48507,Zavala County,,TX,771,11194,11965,3,3,6,240,269,509,6,0.310877,0.325167,1,0.000751,0.000874,148,0.000109,0,31,0.666667,0.006628
49001,Beaver County,,UT,598,6671,7269,4,4,8,210,294,504,6,0.324125,0.340148,0,0.001402,0.001684,7,0.000108,0,31,1,0.011106
49003,Box Elder County,,UT,3457,53072,56529,10,10,20,2857,2324,5181,6,0.336039,0.355101,1331.861831,0.003444,0.003451,7,0.000197,0,31,0.719697,0.026453
49005,Cache County,,UT,9541,106175,115716,31,28,59,5907,5974,11881,6,0.350423,0.374523,5395.483886,0.009605,0.008974,7,0.000572,0,31,0.42381,0.073137
49007,Carbon County,,UT,1530,21242,22772,3,7,10,712,799,1511,6,0.29904,0.313216,2.52931,0.000881,0.001171,7,0.000092,0,31,0.595238,0.006689
49009,Daggett County,,UT,144,875,1019,0,0,0,0,0,0,0,0,0,0,0,0,173,0.000051,158,263,0,0
49011,Davis County,,UT,27006,308196,335202,65,61,126,24728,20618,45346,5,0.367533,0.397751,7046.022251,0.024526,0.024434,7,0.000882,0,31,0.453213,0.185152
49013,Duchesne County,,UT,994,16990,17984,9,4,13,1050,471,1521,6,0.298056,0.311318,0.4,0.001367,0.000949,7,0.000202,0,31,0.847222,0.011433
49015,Emery County,,UT,811,11444,12255,3,4,7,325,503,828,6,0.298424,0.311836,0,0.000883,0.000911,7,0.000085,0,31,0.916667,0.006689
49017,Garfield County,,UT,373,4704,5077,3,2,5,168,149,317,7,0.25671,0.265571,0,0.00012,0.000157,7,0.000105,0,31,1,0.0016
49019,Grand County,,UT,900,8970,9870,3,4,7,184,223,407,6,0.298332,0.311767,4.665104,0.000596,0.000866,7,0.000104,0,31,0.5,0.005248
49021,Iron County,,UT,4181,38862,43043,21,16,37,3393,2567,5960,6,0.341383,0.361882,2708.14292,0.00781,0.004531,7,0.000358,0,31,0.517316,0.057378
49023,Juab County,,UT,639,9518,10157,4,3,7,703,386,1089,6,0.297995,0.311088,0,0.000953,0.000872,7,0.000111,0,31,1,0.007594
49025,Kane County,,UT,636,6235,6871,4,4,8,253,245,498,6,0.323005,0.338906,0.233766,0.001143,0.001246,7,0.000106,0,31,0.833333,0.009446
49027,Millard County,,UT,908,12900,13808,4,6,10,344,543,887,6,0.298179,0.311778,0,0.000978,0.001108,7,0.000109,0,31,0.933333,0.007907
49029,Morgan County,,UT,728,9487,10215,5,3,8,697,428,1125,6,0.297689,0.310657,0,0.000919,0.000843,7,0.000116,0,31,0.9,0.007476
49031,Piute County,,UT,78,1379,1457,0,0,0,0,0,0,0,0,0,0,0,0,174,0.000051,159,264,0,0
49033,Rich County,,UT,186,2071,2257,0,1,1,0,49,49,7,0.259558,0.268734,0,0,0.000076,7,0.000051,0,265,0,0
49035,Salt Lake County,,UT,59969,1070186,1130155,186,171,357,49175,50022,99197,5,0.42208,0.462474,84837.275371,0.068748,0.064413,7,0.002452,0,31,0.288908,0.501579
49037,San Juan County,,UT,1126,9251,10377,5,7,12,594,575,1169,6,0.298732,0.312756,14.757958,0.000998,0.00106,7,0.000125,0,31,0.547619,0.007778
49039,Sanpete County,,UT,1651,23007,24658,9,8,17,1330,1180,2510,6,0.299009,0.312974,26.278235,0.002195,0.001309,7,0.000201,0,31,0.791667,0.01775
49041,Sevier County,,UT,1280,20763,22043,8,7,15,863,791,1654,6,0.324488,0.340954,322.7622,0.002582,0.002015,7,0.000163,0,31,0.694444,0.020021
49043,Summit County,,UT,3631,36186,39817,9,10,19,1647,2143,3790,6,0.341142,0.360847,179.354626,0.004314,0.004359,7,0.000151,0,31,0.704545,0.031345
49045,Tooele County,,UT,4891,55883,60774,14,11,25,4699,3087,7786,6,0.335922,0.355044,101.041036,0.00705,0.003476,7,0.000223,0,31,0.766667,0.051697
49047,Uintah County,,UT,1939,28490,30429,11,6,17,1137,895,2032,6,0.298547,0.312353,23.176404,0.002386,0.001173,7,0.000259,0,31,0.727273,0.01994
49049,Utah County,,UT,32389,450548,482937,119,119,238,31099,25328,56427,5,0.399119,0.436117,28284.240567,0.039813,0.046624,7,0.001606,0,31,0.352527,0.307072
49051,Wasatch County,,UT,2085,20633,22718,6,6,12,1438,1322,2760,6,0.298948,0.312629,13.338156,0.002236,0.001188,7,0.000123,0,31,0.833333,0.016615
49053,Washington County,,UT,9952,122464,132416,38,31,69,9254,6669,15923,6,0.345288,0.368283,4910.756391,0.012182,0.008705,7,0.000574,0,31,0.389258,0.090625
49055,Wayne County,,UT,254,2557,2811,0,0,0,0,0,0,0,0,0,0,0,0,175,0.000051,160,266,0,0
49057,Weber County,,UT,16848,234157,251005,33,36,69,14081,12543,26624,6,0.352812,0.378491,1286.652469,0.013818,0.014585,7,0.000474,0,31,0.570768,0.102566
50001,Addison County,,VT,2268,42045,44313,6,7,13,1094,1163,2257,6,0.29969,0.315741,87.561074,0.00021,0.000904,49,0.000151,0,31,0.571429,0.001737
50003,Bennington County,,VT,2299,42221,44520,7,8,15,790,849,1639,6,0.277639,0.290844,19.598356,0.000813,0.000506,108,0.000136,0,31,0.430556,0.005084
50005,Caledonia County,,VT,1892,35351,37243,8,7,15,858,930,1788,6,0.265579,0.276467,699.692732,0.00024,0.000199,49,0.000211,0,31,0.464286,0.002066
50007,Chittenden County,,VT,11188,175844,187032,45,49,94,6155,6497,12652,5,0.360807,0.387739,36372.933769,0.016365,0.020874,49,0.000538,0,31,0.447691,0.103131
50009,Essex County,,VT,502,7267,7769,3,3,6,313,248,561,7,0.216172,0.222904,3.083784,0.000008,0.000013,49,0.000116,0,31,0.5,0.000375
50011,Franklin County,,VT,2727,55032,57759,7,7,14,1590,1548,3138,6,0.265774,0.276708,21.066674,0.000196,0.000152,49,0.000191,0,31,0.5,0.001627
50013,Grand Isle County,,VT,801,8553,9354,2,3,5,479,483,962,6,0.265652,0.27596,0,0.000166,0.00014,49,0.000083,0,31,1,0.001017
50015,Lamoille County,,VT,2008,28338,30346,5,5,10,896,920,1816,6,0.265287,0.275673,0.611111,0.000183,0.000141,49,0.000154,0,31,0.9,0.001391
50017,Orange County,,VT,2417,33351,35768,6,5,11,1371,1342,2713,6,0.265555,0.276179,68.497116,0.00101,0.000218,49,0.000136,0,31,0.8,0.006718
50019,Orleans County,,VT,1352,31807,33159,6,6,12,532,549,1081,6,0.265336,0.275903,626.670361,0.000183,0.000141,49,0.000186,0,31,0.666667,0.001481
50021,Rutland County,,VT,3353,74122,77475,8,8,16,1075,1137,2212,6,0.299659,0.315798,174.20395,0.001568,0.00093,49,0.000157,0,31,0.541667,0.009945
50023,Washington County,,VT,4207,70319,74526,10,11,21,1874,1909,3783,6,0.329843,0.348367,1808.487225,0.000964,0.00191,49,0.00024,0,31,0.445455,0.006903
50025,Windham County,,VT,3083,51440,54523,12,9,21,1254,1269,2523,6,0.302442,0.318237,44.430585,0.003242,0.001643,49,0.000158,0,31,0.549451,0.018837
50027,Windsor County,,VT,4749,67745,72494,16,15,31,2536,2493,5029,6,0.303075,0.319933,395.255083,0.003633,0.002426,49,0.000241,0,31,0.503268,0.022611
51001,Accomack County,,VA,1855,36979,38834,5,6,11,491,663,1154,6,0.299721,0.314631,18.10833,0.00117,0.001078,177,0.000115,0,31,0.366667,0.00757
51003,Albemarle County,,VA,10478,93906,104384,42,37,79,5781,6230,12011,5,0.367068,0.393473,30649.798577,0.016542,0.016073,177,0.000638,0,31,0.478776,0.116211
51005,Alleghany County,,VA,896,18557,19453,4,3,7,265,316,581,7,0.240918,0.24912,8783.109695,0.000001,0.00003,178,0.000298,0,31,0.1,0.000391
51007,Amelia County,,VA,900,13625,14525,5,6,11,855,550,1405,6,0.279973,0.293237,12.235315,0.000851,0.000988,177,0.000136,0,31,0.733333,0.007186
51009,Amherst County,,VA,1913,34303,36216,5,5,10,1153,1229,2382,7,0.242287,0.251369,24.627463,0.000042,0.000058,178,0.00022,0,31,0.55,0.00091
51011,Appomattox County,,VA,851,16061,16912,5,3,8,545,407,952,7,0.241762,0.25027,1.644444,0.000041,0.000031,178,0.000196,0,31,0.65,0.000856
51013,Arlington County,,VA,40294,199990,240284,134,103,237,29498,33320,62818,5,0.396497,0.431804,11924.982901,0.06886,0.053534,177,0.001299,0,31,0.50879,0.465435
51015,Augusta County,,VA,4366,81589,85955,10,6,16,2925,2339,5264,6,0.269131,0.279808,14836.640422,0.001497,0.00016,177,0.000323,0,31,0.422222,0.011717
51017,Bath County,,VA,362,5678,6040,0,1,1,0,42,42,8,0.194199,0.198474,0,0,0,178,0.000051,0,267,0,0
51019,Bedford County,,VA,5056,74504,79560,15,11,26,3502,3138,6640,7,0.249376,0.260014,4896.746902,0.002473,0.000147,178,0.000398,0,31,0.35,0.017555
51021,Bland County,,VA,367,6689,7056,2,2,4,175,137,312,8,0.202842,0.208922,20.084043,0.000001,0.000001,178,0.000141,0,31,0.5,0.000202
51023,Botetourt County,,VA,2569,37648,40217,8,7,15,1695,1634,3329,7,0.249162,0.259094,6636.523252,0.000139,0.000134,178,0.00035,0,31,0.535714,0.001803
51025,Brunswick County,,VA,1102,17040,18142,2,6,8,288,506,794,6,0.275632,0.288147,1387.034876,0.000012,0.000411,177,0.000117,0,31,0.3,0.000251
51027,Buchanan County,,VA,1045,22539,23584,4,3,7,296,497,793,8,0.209696,0.215546,28.55582,0.000001,0.000001,142,0.000175,0,31,0.55,0.000384
51029,Buckingham County,,VA,881,13437,14318,6,4,10,410,342,752,6,0.268781,0.279072,18.894008,0.000523,0.000151,177,0.000163,0,31,0.533333,0.004497
51031,Campbell County,,VA,3987,58610,62597,7,6,13,2587,2572,5159,7,0.242429,0.251869,41.255314,0.000088,0.000059,178,0.000265,0,31,0.47619,0.001346
51033,Caroline County,,VA,2719,30498,33217,11,9,20,2714,1586,4300,6,0.288473,0.304083,11.840303,0.002591,0.00188,177,0.000191,0,31,0.763636,0.019857
51035,Carroll County,,VA,1355,30791,32146,5,6,11,684,617,1301,7,0.234922,0.243296,8102.339396,0.000024,0.000013,178,0.000261,0,31,0.233333,0.000598
51036,Charles City County,,VA,457,8052,8509,1,3,4,140,223,363,6,0.279811,0.292547,0,0.00034,0.000773,177,0.000063,0,31,1,0.002603
51037,Charlotte County,,VA,802,13510,14312,3,5,8,190,363,553,7,0.242105,0.251323,17.42961,0.000024,0.000047,177,0.000121,0,31,0.2,0.000429
51041,Chesterfield County,,VA,25604,343324,368928,114,92,206,22462,18578,41040,5,0.379817,0.413653,59305.912329,0.049175,0.037762,177,0.00143,0,31,0.392725,0.335827
51043,Clarke County,,VA,1191,14646,15837,4,6,10,713,702,1415,6,0.310445,0.326104,0,0.001315,0.001456,177,0.000116,0,31,0.966667,0.0097
51045,Craig County,,VA,239,5515,5754,1,0,1,48,0,48,0,0,0,0,0.000038,0,178,0.000069,0,26,0,0.000306
51047,Culpeper County,,VA,3741,47591,51332,14,13,27,3496,2007,5503,6,0.311011,0.327784,1443.071662,0.003861,0.002387,177,0.000237,0,31,0.536765,0.027771
51049,Cumberland County,,VA,706,9811,10517,6,5,11,489,360,849,6,0.279892,0.292949,37.456624,0.000855,0.000776,177,0.00017,0,31,0.633333,0.007303
51051,Dickenson County,,VA,639,14625,15264,2,4,6,160,368,528,8,0.206557,0.211922,23.979116,0.000001,0.000001,142,0.000132,0,31,0.666667,0.000214
51053,Dinwiddie County,,VA,2115,29092,31207,9,9,18,1652,1408,3060,6,0.281032,0.294836,27.204539,0.00091,0.001043,177,0.000222,0,31,0.722222,0.007994
51057,Essex County,,VA,736,11829,12565,5,5,10,280,246,526,6,0.278359,0.290758,1260.251376,0.000369,0.000408,177,0.000212,0,31,0.433333,0.003318
51059,Fairfax County,,VA,116710,1132378,1249088,295,313,608,87357,103251,190608,5,0.448746,0.500857,196190.96395,0.107544,0.107614,177,0.00322,0,31,0.207288,0.745895
51061,Fauquier County,,VA,5630,69497,75127,15,14,29,4219,3085,7304,6,0.311479,0.328359,1399.141597,0.003497,0.002843,177,0.000262,0,31,0.533088,0.027836
51063,Floyd County,,VA,808,15951,16759,2,3,5,234,321,555,7,0.248905,0.257973,0,0.000105,0.000103,178,0.000088,0,31,1,0.000751
51065,Fluvanna County,,VA,2080,25898,27978,7,7,14,1261,987,2248,6,0.280406,0.294036,90.000913,0.001404,0.000967,177,0.000174,0,31,0.555556,0.010441
51067,Franklin County,,VA,2670,57596,60266,11,8,19,1853,1480,3333,7,0.242429,0.252145,3707.07944,0.001406,0.000084,178,0.000325,0,31,0.5,0.011627
51069,Frederick County,,VA,6600,83239,89839,19,13,32,5616,3906,9522,6,0.311412,0.328232,3836.193606,0.004079,0.002043,177,0.000389,0,31,0.423684,0.030553
51071,Giles County,,VA,1015,19234,20249,4,4,8,486,506,992,7,0.249892,0.259313,2175.036579,0.000068,0.000046,178,0.00023,0,31,0.5,0.00076
51073,Gloucester County,,VA,2683,41536,44219,10,9,19,1824,1154,2978,6,0.301247,0.316736,2652.565278,0.002928,0.001272,177,0.000211,0,31,0.484848,0.01975
51075,Goochland County,,VA,1497,21118,22615,5,5,10,1313,848,2161,6,0.279919,0.293007,0,0.00087,0.001022,177,0.000131,0,31,1,0.00745
51077,Grayson County,,VA,702,16547,17249,3,4,7,248,314,562,8,0.200041,0.205777,67.050016,0,0,178,0.000171,0,31,0.333333,0.00028
51079,Greene County,,VA,1561,19589,21150,6,6,12,912,849,1761,6,0.269431,0.280193,42.344351,0.00073,0.00022,177,0.000147,0,31,0.607143,0.005753
51081,Greensville County,,VA,561,8852,9413,4,4,8,239,228,467,7,0.231359,0.239397,5156.533666,0.000023,0.000014,177,0.000211,0,31,0.083333,0.000485
51083,Halifax County,,VA,1495,38716,40211,8,7,15,574,516,1090,6,0.28853,0.301645,2201.308215,0.001018,0.000563,178,0.000208,0,31,0.25,0.007586
51085,Hanover County,,VA,7409,112293,119702,14,13,27,5181,4747,9928,6,0.308856,0.326501,269.293902,0.003218,0.002628,177,0.000286,0,31,0.5125,0.02405
51087,Henrico County,,VA,29230,322975,352205,111,98,209,24244,22985,47229,5,0.38527,0.419824,64938.562021,0.047667,0.043129,177,0.001405,0,31,0.416529,0.323226
51089,Henry County,,VA,2842,61336,64178,9,9,18,1691,1677,3368,6,0.289164,0.302461,1886.678446,0.000517,0.001002,178,0.000277,0,31,0.366667,0.005256
51091,Highland County,,VA,128,2731,2859,0,0,0,0,0,0,0,0,0,0,0,0,176,0.000051,161,268,0,0
51093,Isle of Wight County,,VA,2997,38573,41570,12,12,24,2539,1652,4191,6,0.301592,0.31746,541.898441,0.003082,0.001998,177,0.000203,0,31,0.628205,0.020066
51095,James City County,,VA,6125,68052,74177,23,16,39,4198,2812,7010,6,0.318812,0.338325,443.975278,0.009317,0.005694,177,0.000307,0,31,0.606154,0.065099
51097,King and Queen County,,VA,572,6847,7419,4,3,7,312,234,546,6,0.278253,0.290298,7.427407,0.000361,0.000388,177,0.000163,0,31,0.583333,0.00314
51099,King George County,,VA,2764,23616,26380,12,14,26,2129,1396,3525,6,0.335455,0.355193,508.771548,0.003814,0.005182,177,0.000189,0,31,0.716912,0.026287
51101,King William County,,VA,1085,18005,19090,10,5,15,1145,650,1795,6,0.279892,0.292949,31.208431,0.001287,0.001003,177,0.000258,0,31,0.555556,0.010562
51103,Lancaster County,,VA,604,13415,14019,2,1,3,166,73,239,8,0.179721,0.183245,0,0.000847,0.000007,177,0.000132,0,31,0.5,0.006091
51105,Lee County,,VA,857,21402,22259,4,5,9,304,363,667,7,0.254411,0.263349,123.31569,0.000005,0.000039,142,0.000182,0,31,0.4,0.000427
51107,Loudoun County,,VA,29427,305739,335166,118,117,235,30317,20795,51112,5,0.391357,0.428468,16318.617317,0.060249,0.055863,177,0.001166,0,31,0.453422,0.406087
51109,Louisa County,,VA,2143,33072,35215,14,10,24,2110,1020,3130,6,0.280624,0.294841,71.563151,0.002749,0.001325,177,0.000254,0,31,0.593407,0.021119
51111,Lunenburg County,,VA,726,11755,12481,3,4,7,255,280,535,6,0.276474,0.288745,3.659544,0.00002,0.000611,177,0.000113,0,31,0.65,0.000376
51113,Madison County,,VA,810,13778,14588,5,4,9,512,372,884,6,0.268856,0.279273,2.147839,0.000185,0.000185,177,0.000135,0,31,0.7,0.001983
51115,Mathews County,,VA,556,9795,10351,2,2,4,202,204,406,7,0.231544,0.238407,4.537201,0.000369,0.000026,177,0.000078,0,31,0.833333,0.002374
51117,Mecklenburg County,,VA,1689,33320,35009,9,8,17,763,652,1415,6,0.297811,0.314033,7196.188535,0.000886,0.001472,177,0.000208,0,31,0.277778,0.00774
51119,Middlesex County,,VA,801,11284,12085,3,2,5,277,172,449,6,0.280271,0.29223,490.43279,0.00035,0.00032,177,0.000116,0,31,0.666667,0.00295
51121,Montgomery County,,VA,7616,73227,80843,21,26,47,2915,3439,6354,6,0.330973,0.352893,51517.353731,0.005721,0.008513,178,0.000564,0,31,0.350529,0.044854
51125,Nelson County,,VA,1070,16491,17561,5,5,10,512,505,1017,6,0.269481,0.279992,606.29245,0.001054,0.00018,177,0.000155,0,31,0.5,0.007524
51127,New Kent County,,VA,1335,18749,20084,8,6,14,1214,728,1942,6,0.279946,0.293179,2.696218,0.001367,0.001084,177,0.000161,0,31,0.652778,0.010713
51131,Northampton County,,VA,747,13737,14484,2,3,5,267,295,562,6,0.29938,0.313711,0,0.000677,0.000984,177,0.000074,0,31,1,0.004258
51133,Northumberland County,,VA,772,13398,14170,4,3,7,277,265,542,7,0.219081,0.225568,3754.17242,0.000853,0.000027,177,0.000256,0,31,0.333333,0.006405
51135,Nottoway County,,VA,939,15085,16024,6,6,12,452,494,946,6,0.276448,0.288946,1050.696677,0.000527,0.000616,177,0.000166,0,31,0.533333,0.004819
51137,Orange County,,VA,2769,35288,38057,14,12,26,2374,1472,3846,6,0.310877,0.327467,430.797133,0.002411,0.001934,177,0.000248,0,31,0.509524,0.01816
51139,Page County,,VA,1133,27092,28225,6,4,10,561,491,1052,7,0.238362,0.246233,3.706286,0.001387,0.000059,177,0.000176,0,31,0.8,0.010527
51141,Patrick County,,VA,891,19203,20094,4,4,8,459,464,923,7,0.234732,0.242738,55.671779,0.000036,0.000016,178,0.000174,0,31,0.333333,0.000551
51143,Pittsylvania County,,VA,3630,70399,74029,8,12,20,1982,2197,4179,6,0.299411,0.315746,839.506626,0.000094,0.00149,178,0.000252,0,31,0.348485,0.00139
51145,Powhatan County,,VA,1868,28414,30282,6,6,12,1532,1079,2611,6,0.279919,0.293122,2.023611,0.000873,0.001014,177,0.000157,0,31,0.766667,0.007481
51147,Prince Edward County,,VA,1304,17679,18983,6,7,13,567,455,1022,6,0.280027,0.293467,647.063925,0.000318,0.00099,177,0.000191,0,31,0.464286,0.003341
51149,Prince George County,,VA,4960,32374,37334,14,14,28,2632,2608,5240,6,0.325984,0.344289,1151.166029,0.003791,0.004316,177,0.00026,0,31,0.485294,0.028163
51153,Prince William County,,VA,48969,403232,452201,151,153,304,42336,38911,81247,5,0.401496,0.442547,43139.794681,0.06847,0.062309,177,0.001563,0,31,0.333935,0.471696
51155,Pulaski County,,VA,1930,36480,38410,6,4,10,1183,960,2143,7,0.249076,0.258323,1644.295854,0.000069,0.000046,178,0.00029,0,31,0.366667,0.000952
51157,Rappahannock County,,VA,582,8061,8643,4,3,7,315,233,548,7,0.237931,0.245531,0.311111,0.000548,0.000075,177,0.000112,0,31,0.916667,0.004579
51159,Richmond County,,VA,547,8254,8801,3,3,6,299,289,588,7,0.219114,0.225683,3.611111,0.000009,0.000029,177,0.00019,0,31,0.666667,0.000481
51161,Roanoke County,,VA,8535,104463,112998,15,17,32,5649,5598,11247,6,0.319022,0.338935,12137.197949,0.003696,0.004787,178,0.000371,0,31,0.397368,0.026938
51163,Rockbridge County,,VA,1309,23296,24605,4,5,9,545,534,1079,7,0.213544,0.219958,11706.100074,0.000002,0.000014,177,0.00031,0,31,0.15,0.000471
51165,Rockingham County,,VA,4543,85674,90217,12,9,21,3080,2495,5575,6,0.310411,0.326547,7795.21161,0.001934,0.000931,177,0.00039,0,31,0.371795,0.015048
51167,Russell County,,VA,995,26623,27618,6,7,13,724,642,1366,7,0.255106,0.264053,5297.678384,0.000022,0.000038,142,0.000307,0,31,0.452381,0.000893
51169,Scott County,,VA,1005,23395,24400,4,5,9,511,677,1188,7,0.259352,0.26866,183.534207,0.000024,0.000127,142,0.0002,0,31,0.6,0.000723
51171,Shenandoah County,,VA,2700,46544,49244,11,10,21,1880,1348,3228,6,0.311178,0.327484,1787.712228,0.001901,0.001539,177,0.000272,0,31,0.512821,0.01488
51173,Smyth County,,VA,1435,35037,36472,2,3,5,405,633,1038,8,0.209726,0.215604,84.23482,0.000001,0.000001,142,0.000174,0,31,0.5,0.000219
51175,Southampton County,,VA,1170,18287,19457,8,6,14,917,512,1429,6,0.276553,0.288561,91.754143,0.001551,0.000377,177,0.000167,0,31,0.642857,0.009864
51177,Spotsylvania County,,VA,13280,129742,143022,38,33,71,9846,7994,17840,6,0.349367,0.373482,2360.740938,0.015422,0.013727,177,0.000465,0,31,0.564141,0.108282
51179,Stafford County,,VA,16613,128279,144892,44,54,98,12158,10951,23109,5,0.364299,0.392782,5941.544533,0.021026,0.02638,177,0.000512,0,31,0.541731,0.151281
51181,Surry County,,VA,521,7362,7883,2,3,5,139,181,320,6,0.280542,0.292794,7.771139,0.000374,0.000324,177,0.000073,0,31,0.333333,0.002381
51183,Sussex County,,VA,836,10932,11768,7,6,13,478,410,888,6,0.276976,0.289579,1535.018652,0.000358,0.000453,177,0.000211,0,31,0.285714,0.003753
51185,Tazewell County,,VA,2159,43709,45868,6,9,15,965,1072,2037,7,0.262191,0.273289,5883.58709,0.000002,0.000083,142,0.000325,0,31,0.233333,0.000613
51187,Warren County,,VA,3122,40541,43663,13,11,24,2170,1759,3929,6,0.311278,0.327772,1781.085505,0.002119,0.002026,177,0.000278,0,31,0.495238,0.016387
51191,Washington County,,VA,2870,55154,58024,10,6,16,1980,1489,3469,7,0.259771,0.269287,10017.112224,0.000064,0.000124,142,0.000445,0,31,0.333333,0.001928
51193,Westmoreland County,,VA,1298,18120,19418,11,8,19,1000,645,1645,6,0.280434,0.29395,9587.102348,0.002516,0.000726,177,0.000288,0,31,0.530303,0.017178
51195,Wise County,,VA,1716,38689,40405,8,7,15,848,879,1727,7,0.254277,0.263191,9556.470862,0.000063,0.000037,142,0.000361,0,31,0.263889,0.001705
51197,Wythe County,,VA,1592,31512,33104,7,5,12,695,641,1336,7,0.249333,0.258933,5083.995037,0.000002,0.000046,178,0.000354,0,31,0.214286,0.000663
51199,York County,,VA,10082,70174,80256,27,30,57,5743,5315,11058,6,0.348988,0.372918,2198.147744,0.010558,0.012509,177,0.000363,0,31,0.504762,0.077544
51510,Alexandria city,,VA,30364,132255,162619,92,70,162,21069,24196,45265,5,0.381366,0.412641,3698.941728,0.052214,0.039466,177,0.000903,0,31,0.627919,0.362086
51515,Bedford city,,VA,553,6755,7308,2,3,5,242,264,506,7,0.242105,0.25073,0,0.00004,0.000078,178,0.000101,0,31,1,0.000556
51520,Bristol city,,VA,1840,16291,18131,4,3,7,1188,1208,2396,7,0.259097,0.267895,16.698482,0.000061,0.000124,142,0.000221,0,31,0.833333,0.001359
51530,Buena Vista city,,VA,655,6712,7367,1,2,3,220,304,524,8,0.175988,0.179566,0,0,0,177,0.000103,0,31,1,0.000095
51540,Charlottesville city,,VA,6173,34282,40455,15,22,37,2829,3804,6633,5,0.351827,0.374793,4016.232625,0.00462,0.009862,177,0.000283,0,31,0.551667,0.03601
51550,Chesapeake city,,VA,27001,233550,260551,59,74,133,19015,18726,37741,5,0.381416,0.413262,8901.364405,0.026271,0.034984,177,0.000674,0,31,0.490534,0.186827
51570,Colonial Heights city,,VA,2561,19801,22362,7,7,14,1596,1667,3263,6,0.280868,0.294289,0,0.000902,0.001036,177,0.000169,0,31,1,0.007746
51580,Covington city,,VA,368,7078,7446,1,1,2,165,98,263,8,0.194158,0.19837,0,0,0,178,0.000135,0,31,0,0.000095
51590,Danville city,,VA,3250,45891,49141,6,7,13,1552,1785,3337,6,0.30371,0.318921,158.562495,0.00045,0.001432,178,0.000174,0,31,0.547619,0.00455
51595,Emporia city,,VA,495,6235,6730,2,1,3,97,41,138,8,0.187901,0.19207,0,0.000003,0,177,0.000112,0,31,1,0.000185
51600,Fairfax city,,VA,4423,24840,29263,8,7,15,2778,2843,5621,6,0.312049,0.328215,0,0.00443,0.004198,177,0.000121,0,31,1,0.032336
51610,Falls Church city,,VA,1792,11247,13039,5,6,11,884,991,1875,6,0.311445,0.32741,0,0.002573,0.003659,177,0.000099,0,31,1,0.02011
51620,Franklin city,,VA,818,9182,10000,5,3,8,477,348,825,7,0.253832,0.262604,0,0.001159,0.000099,177,0.000115,0,31,0.9,0.00767
51630,Fredericksburg city,,VA,4891,18187,23078,11,11,22,3049,3434,6483,6,0.311915,0.328692,107.217464,0.003001,0.002892,177,0.000194,0,31,0.724359,0.021939
51640,Galax city,,VA,558,7647,8205,2,2,4,203,210,413,8,0.190282,0.194741,0,0,0,178,0.000124,0,31,1,0.00019
51650,Hampton city,,VA,21136,140112,161248,54,58,112,12900,13715,26615,5,0.376853,0.406729,5051.428785,0.025905,0.030434,177,0.000614,0,31,0.58392,0.185774
51660,Harrisonburg city,,VA,4473,31553,36026,9,9,18,1871,2354,4225,6,0.311379,0.327801,4924.848457,0.001486,0.001786,177,0.000285,0,31,0.436364,0.01166
51670,Hopewell city,,VA,2802,23512,26314,7,7,14,1868,1838,3706,6,0.280868,0.294289,0,0.000902,0.001036,177,0.000169,0,31,1,0.007746
51678,Lexington city,,VA,683,5483,6166,2,1,3,125,115,240,8,0.175978,0.179394,0,0,0,177,0.000147,0,31,1,0.000182
51680,Lynchburg city,,VA,6175,64783,70958,15,17,32,3396,3625,7021,6,0.318637,0.338584,20172.856162,0.003769,0.004885,178,0.000386,0,31,0.406433,0.02853
51683,Manassas city,,VA,7559,38795,46354,11,16,27,4308,5578,9886,6,0.313263,0.33105,17.899354,0.004487,0.004516,177,0.000166,0,31,0.647059,0.033185
51685,Manassas Park city,,VA,2973,13062,16035,6,7,13,1806,2021,3827,6,0.310711,0.326576,0.360748,0.002545,0.00197,177,0.000107,0,31,0.861111,0.019747
51690,Martinsville city,,VA,1383,14687,16070,4,4,8,703,793,1496,6,0.288301,0.300702,437.519242,0.00002,0.000556,178,0.000166,0,31,0.6,0.000534
51700,Newport News city,,VA,29433,183446,212879,80,98,178,17044,19877,36921,5,0.389202,0.423994,22423.785922,0.037723,0.045561,177,0.000905,0,31,0.4509,0.264561
51710,Norfolk city,,VA,37063,213099,250162,93,110,203,22432,26224,48656,5,0.397041,0.433437,11908.849839,0.048069,0.052064,177,0.000938,0,31,0.46546,0.331568
51720,Norton city,,VA,426,4025,4451,1,1,2,219,220,439,8,0.202742,0.207059,0,0,0,142,0.000094,0,31,0,0.000112
51730,Petersburg city,,VA,4186,32543,36729,11,9,20,2363,2490,4853,6,0.299659,0.315931,179.591552,0.002146,0.001623,177,0.00023,0,31,0.572727,0.015831
51735,Poquoson city,,VA,1157,13948,15105,3,3,6,623,498,1121,6,0.280814,0.293053,0,0.000697,0.000584,177,0.000078,0,31,1,0.004348
51740,Portsmouth city,,VA,13891,100752,114643,20,33,53,8580,9601,18181,6,0.347274,0.371578,813.912033,0.009063,0.014667,177,0.000239,0,31,0.605105,0.060802
51750,Radford city,,VA,1673,10165,11838,2,4,6,667,796,1463,7,0.24914,0.258467,1481.994975,0.000067,0.000075,178,0.000131,0,31,0.583333,0.000547
51760,Richmond city,,VA,23050,174858,197908,71,59,130,16853,18475,35328,5,0.373069,0.402692,22816.317335,0.026984,0.025597,177,0.001,0,31,0.403927,0.193446
51770,Roanoke city,,VA,9932,97084,107016,18,15,33,6249,6511,12760,6,0.317172,0.336232,16860.25848,0.003617,0.004008,178,0.000498,0,31,0.392105,0.029083
51775,Salem city,,VA,2700,26151,28851,6,6,12,1781,1852,3633,7,0.249119,0.258864,5.842986,0.000139,0.000134,178,0.000224,0,31,0.966667,0.001618
51790,Staunton city,,VA,2127,24857,26984,6,5,11,1323,1213,2536,7,0.23797,0.245928,696.574997,0.000151,0.00004,177,0.00026,0,31,0.633333,0.001783
51800,Suffolk city,,VA,8856,85070,93926,20,21,41,6458,4956,11414,6,0.339862,0.361393,5221.670072,0.007985,0.007869,177,0.000288,0,31,0.625,0.054167
51810,Virginia Beach city,,VA,59166,472305,531471,181,221,402,36842,44352,81194,5,0.426365,0.472354,76493.793078,0.075748,0.084909,177,0.001868,0,31,0.290787,0.516995
51820,Waynesboro city,,VA,2255,23024,25279,6,6,12,1366,1261,2627,6,0.269581,0.28028,164.221002,0.000215,0.000203,177,0.000229,0,31,0.566667,0.002016
51830,Williamsburg city,,VA,1651,8746,10397,4,4,8,669,716,1385,6,0.280868,0.293283,0,0.001349,0.000657,177,0.000094,0,31,1,0.009373
51840,Winchester city,,VA,4327,25647,29974,9,9,18,2288,2933,5221,6,0.310644,0.326794,497.268169,0.001866,0.001493,177,0.000238,0,31,0.666667,0.014458
53001,Adams County,,WA,1225,18362,19587,6,5,11,660,658,1318,6,0.310711,0.325454,0,0.001507,0.001332,7,0.000138,0,31,1,0.013604
53003,Asotin County,,WA,2048,21221,23269,6,4,10,1315,1039,2354,7,0.269682,0.282273,2898,0.001077,0.000319,7,0.000175,0,31,0.666667,0.009179
53005,Benton County,,WA,12908,171419,184327,45,40,85,9423,8952,18375,6,0.353113,0.37917,3453.962324,0.014991,0.013028,7,0.000624,0,31,0.518854,0.114481
53007,Chelan County,,WA,5993,74478,80471,18,16,34,4529,4304,8833,6,0.341021,0.361571,118.796173,0.005573,0.005095,7,0.000262,0,31,0.754902,0.043448
53009,Clallam County,,WA,3886,74480,78366,20,13,33,2258,1606,3864,6,0.335572,0.355021,52.63133,0.0097,0.004111,7,0.000261,0,31,0.8083,0.073379
53011,Clark County,,WA,24917,437715,462632,95,90,185,23243,18764,42007,6,0.36786,0.401725,12380.777318,0.028848,0.030273,7,0.001266,0,31,0.373832,0.225739
53013,Columbia County,,WA,333,3973,4306,1,1,2,87,114,201,7,0.24306,0.250681,0,0.000034,0.000038,7,0.000067,0,31,0,0.000395
53015,Cowlitz County,,WA,5628,105462,111090,25,22,47,4674,3567,8241,6,0.336351,0.357177,3720.752373,0.008328,0.005751,7,0.000404,0,31,0.707692,0.066756
53017,Douglas County,,WA,3688,35098,38786,9,10,19,3289,2812,6101,6,0.314521,0.330492,0.317079,0.002336,0.002366,7,0.000166,0,31,0.963636,0.019084
53019,Ferry County,,WA,650,6225,6875,3,3,6,146,257,403,6,0.310411,0.324862,0,0.00057,0.001143,7,0.0001,0,31,1,0.005808
53021,Franklin County,,WA,5882,68355,74237,21,15,36,5857,4350,10207,6,0.343854,0.365683,213.606956,0.008568,0.005942,7,0.000311,0,31,0.756917,0.065437
53023,Garfield County,,WA,211,2236,2447,0,1,1,0,42,42,8,0.212459,0.21844,0,0,0.000008,7,0.000051,0,269,0,0
53025,Grant County,,WA,4997,84857,89854,21,18,39,3324,2909,6233,6,0.339225,0.359788,723.891022,0.004668,0.005055,7,0.000363,0,31,0.592391,0.037394
53027,Grays Harbor County,,WA,4152,69960,74112,15,16,31,2731,2539,5270,6,0.335689,0.355538,38.816796,0.004974,0.004346,7,0.000239,0,31,0.834559,0.039637
53029,Island County,,WA,10418,82887,93305,28,35,63,5569,5558,11127,5,0.360627,0.38587,255.942727,0.01462,0.015383,7,0.000328,0,31,0.646154,0.107166
53031,Jefferson County,,WA,2159,30935,33094,7,8,15,1019,1090,2109,6,0.314795,0.330665,0.548236,0.002126,0.002579,7,0.00014,0,31,0.946429,0.017601
53033,King County,,WA,126325,2005135,2131460,334,285,619,112631,112365,224996,5,0.448468,0.49732,193019.186765,0.107957,0.097082,7,0.004065,0,31,0.195323,0.762085
53035,Kitsap County,,WA,23912,262515,286427,67,77,144,13225,15600,28825,5,0.372063,0.403853,2363.860758,0.028176,0.030059,7,0.000756,0,31,0.477961,0.208578
53037,Kittitas County,,WA,3227,33493,36720,14,12,26,2197,1891,4088,6,0.335417,0.354676,16.748457,0.003069,0.003981,7,0.000221,0,31,0.861905,0.025488
53039,Klickitat County,,WA,1498,19790,21288,10,7,17,968,673,1641,6,0.284816,0.299367,80.677812,0.002373,0.000978,7,0.000211,0,31,0.690909,0.02076
53041,Lewis County,,WA,4796,75971,80767,19,15,34,3705,2915,6620,6,0.337487,0.357517,41.761434,0.006404,0.005156,7,0.000286,0,31,0.779221,0.051752
53043,Lincoln County,,WA,888,11015,11903,4,2,6,540,368,908,7,0.269556,0.281715,0.166667,0.000306,0.000297,7,0.000119,0,31,0.666667,0.003149
53045,Mason County,,WA,4250,58270,62520,14,10,24,4319,2754,7073,6,0.335068,0.354072,40.979057,0.00566,0.003618,7,0.000216,0,31,0.846154,0.044014
53047,Okanogan County,,WA,2317,40204,42521,12,12,24,1401,1264,2665,6,0.314624,0.330895,82.551971,0.002557,0.002614,7,0.000203,0,31,0.752747,0.021689
53049,Pacific County,,WA,1512,21143,22655,9,8,17,775,578,1353,6,0.31367,0.329267,1.723738,0.00259,0.001948,7,0.000163,0,31,0.855556,0.021836
53051,Pend Oreille County,,WA,1019,12488,13507,5,3,8,565,594,1159,7,0.269456,0.281755,0.548485,0.001346,0.000429,7,0.000145,0,31,0.866667,0.012374
53053,Pierce County,,WA,66655,819093,885748,176,195,371,52592,48720,101312,5,0.42927,0.471337,43976.380556,0.061631,0.0721,7,0.002107,0,31,0.283292,0.457408
53055,San Juan County,,WA,1019,15770,16789,4,4,8,385,360,745,6,0.310013,0.324615,0,0.002259,0.001517,7,0.000095,0,31,1,0.018029
53057,Skagit County,,WA,7717,121204,128921,26,27,53,5767,4837,10604,6,0.345082,0.36742,195.891362,0.010769,0.010633,7,0.000335,0,31,0.624777,0.081148
53059,Skamania County,,WA,702,10348,11050,4,2,6,499,261,760,7,0.269031,0.280973,0,0.000669,0.000246,7,0.000117,0,31,1,0.006101
53061,Snohomish County,,WA,48719,735712,784431,138,117,255,48658,39504,88162,5,0.382322,0.419387,15612.781065,0.055701,0.041224,7,0.001648,0,31,0.362338,0.413805
53063,Spokane County,,WA,24691,481612,506303,115,95,210,22457,17363,39820,6,0.368655,0.403295,36138.969708,0.033039,0.029076,7,0.00171,0,31,0.308254,0.254097
53065,Stevens County,,WA,3055,42952,46007,11,8,19,1993,1869,3862,6,0.314351,0.330003,444.890302,0.004194,0.002084,7,0.000207,0,31,0.626374,0.034107
53067,Thurston County,,WA,19544,255931,275475,67,55,122,17566,13095,30661,5,0.359509,0.388061,1745.45668,0.025718,0.02179,7,0.000793,0,31,0.484386,0.195172
53069,Wahkiakum County,,WA,257,4057,4314,2,1,3,110,98,208,7,0.251715,0.259841,0,0.000284,0.000066,7,0.000078,0,31,1,0.002513
53071,Walla Walla County,,WA,4095,56825,60920,14,14,28,1956,2385,4341,6,0.321072,0.339711,5845.334659,0.004877,0.004356,7,0.000271,0,31,0.783088,0.038936
53073,Whatcom County,,WA,11471,197116,208587,46,38,84,8432,7231,15663,6,0.347399,0.371877,661.387106,0.018221,0.01319,7,0.000586,0,31,0.577568,0.139219
53075,Whitman County,,WA,4819,33502,38321,16,19,35,1971,2725,4696,6,0.33682,0.357522,678.595823,0.004203,0.005165,7,0.000294,0,31,0.666667,0.034191
53077,Yakima County,,WA,10549,247162,257711,37,44,81,5819,7345,13164,6,0.348611,0.374149,816.049833,0.011357,0.014143,7,0.000505,0,31,0.566933,0.087054
54001,Barbour County,,WV,789,16010,16799,4,4,8,352,336,688,7,0.251956,0.26064,4,0.000007,0.00002,123,0.000217,0,31,0.65,0.000435
54003,Berkeley County,,WV,6553,108663,115216,28,15,43,6233,3116,9349,6,0.315171,0.333454,3914.102296,0.006538,0.004096,177,0.000498,0,31,0.389163,0.04575
54005,Boone County,,WV,1040,24872,25912,6,4,10,625,614,1239,7,0.243755,0.252985,3.767272,0.000054,0.000031,123,0.000292,0,31,0.733333,0.000929
54007,Braxton County,,WV,594,13097,13691,3,3,6,155,154,309,7,0.243714,0.252795,2992.415407,0,0.00003,123,0.000235,0,31,0.25,0.000278
54009,Brooke County,,WV,1283,27511,28794,5,5,10,594,703,1297,6,0.297934,0.312641,0.965909,0.000774,0.000741,123,0.000124,0,31,0.85,0.005472
54011,Cabell County,,WV,5923,94151,100074,14,14,28,3163,3140,6303,6,0.311278,0.327858,9524.359752,0.001107,0.000791,123,0.000527,0,31,0.27619,0.008513
54013,Calhoun County,,WV,345,7141,7486,1,2,3,40,115,155,7,0.237366,0.24445,0,0,0.000007,123,0.000078,0,31,0.5,0.000094
54015,Clay County,,WV,502,9299,9801,2,2,4,179,183,362,7,0.243632,0.252479,0,0.00004,0.00003,123,0.000108,0,31,1,0.00043
54017,Doddridge County,,WV,257,5182,5439,2,1,3,129,90,219,7,0.230769,0.237817,9.257554,0.000006,0.000006,123,0.000144,0,31,0,0.000236
54019,Fayette County,,WV,2262,44255,46517,4,4,8,972,1118,2090,7,0.243837,0.253198,3.125,0.000047,0.000031,123,0.000216,0,31,0.916667,0.00066
54021,Gilmer County,,WV,414,5983,6397,2,1,3,117,56,173,8,0.19597,0.200567,0,0,0,123,0.000139,0,31,0.5,0.000181
54023,Grant County,,WV,611,13348,13959,3,2,5,275,178,453,8,0.202785,0.207709,31.100466,0.000001,0.000001,177,0.000192,0,31,0,0.000285
54025,Greenbrier County,,WV,1556,36228,37784,8,7,15,517,511,1028,7,0.244248,0.254313,6854.168602,0.000077,0.000032,123,0.000388,0,31,0.3,0.001145
54027,Hampshire County,,WV,1153,24790,25943,10,6,16,877,535,1412,7,0.240498,0.249413,1032.496929,0.001243,0.00012,177,0.000333,0,31,0.3,0.008888
54029,Hancock County,,WV,1903,36653,38556,6,6,12,1063,963,2026,6,0.297964,0.312813,2.897228,0.000841,0.00077,123,0.000128,0,31,0.7,0.00576
54031,Hardy County,,WV,762,15135,15897,5,3,8,385,277,662,7,0.237308,0.244709,2174.85638,0.000036,0.000025,177,0.000265,0,31,0.35,0.001018
54033,Harrison County,,WV,3342,76035,79377,10,11,21,1349,1429,2778,6,0.299969,0.316333,20087.894223,0.000766,0.000777,123,0.000455,0,31,0.272727,0.005923
54035,Jackson County,,WV,1266,30891,32157,4,4,8,595,534,1129,7,0.243837,0.253226,6.40119,0.000046,0.000043,123,0.000185,0,31,0.55,0.000734
54037,Jefferson County,,WV,4051,54958,59009,13,8,21,3263,2079,5342,6,0.311445,0.327772,574.525707,0.004608,0.002373,177,0.000216,0,31,0.659341,0.031517
54039,Kanawha County,,WV,9423,212772,222195,25,27,52,4887,5035,9922,6,0.322,0.343823,92258.422719,0.003763,0.005004,123,0.000954,0,31,0.182796,0.028238
54041,Lewis County,,WV,863,19088,19951,2,5,7,353,437,790,7,0.252044,0.260957,3218.252519,0.000006,0.00002,123,0.000126,0,31,0.35,0.000244
54043,Lincoln County,,WV,1193,21144,22337,5,5,10,649,772,1421,7,0.24398,0.253445,3.80378,0.000047,0.00004,123,0.000266,0,31,0.8,0.000815
54045,Logan County,,WV,1279,35857,37136,6,5,11,590,631,1221,7,0.244124,0.253681,202.283084,0.000046,0.000039,123,0.000303,0,31,0.466667,0.000902
54047,McDowell County,,WV,972,17614,18586,3,5,8,257,506,763,7,0.23477,0.242928,111.079187,0.000001,0.000002,123,0.000165,0,31,0.5,0.000313
54049,Marion County,,WV,2651,61098,63749,6,7,13,1256,1169,2425,7,0.25603,0.266455,425.895075,0.000076,0.000057,123,0.000244,0,31,0.392857,0.000986
54051,Marshall County,,WV,1467,36600,38067,3,3,6,610,731,1341,7,0.238322,0.245859,5889.887395,0.000073,0.000018,123,0.000103,0,31,0.333333,0.000657
54053,Mason County,,WV,1053,26557,27610,7,6,13,661,513,1174,7,0.244083,0.253859,782.19959,0.000816,0.000051,123,0.000251,0,31,0.452381,0.006036
54055,Mercer County,,WV,2707,61778,64485,11,9,20,1228,927,2155,7,0.244702,0.25532,11315.729086,0.000115,0.000031,123,0.000497,0,31,0.234848,0.00167
54057,Mineral County,,WV,1330,31342,32672,5,4,9,789,639,1428,7,0.252395,0.261474,3771.211574,0.000047,0.000044,177,0.000244,0,31,0.25,0.000859
54059,Mingo County,,WV,974,24971,25945,4,4,8,458,431,889,7,0.245593,0.255182,653.841018,0.000002,0.000035,123,0.000219,0,31,0.15,0.000422
54061,Monongalia County,,WV,6163,79072,85235,21,20,41,2482,2607,5089,6,0.33639,0.356953,42735.918018,0.001755,0.003809,123,0.000644,0,31,0.18,0.013508
54063,Monroe County,,WV,501,13040,13541,4,4,8,307,241,548,8,0.202757,0.209043,16.827642,0.000001,0.000002,123,0.000245,0,31,0.583333,0.000418
54065,Morgan County,,WV,957,18348,19305,5,5,10,579,430,1009,7,0.242227,0.251547,18.865358,0.000137,0.000141,177,0.000156,0,31,0.5,0.00176
54067,Nicholas County,,WV,1184,26982,28166,5,6,11,452,453,905,7,0.243898,0.2536,8515.729299,0.000047,0.000031,123,0.000317,0,31,0.433333,0.000728
54069,Ohio County,,WV,2636,50473,53109,7,8,15,1322,1423,2745,6,0.312453,0.328934,2756.008008,0.001532,0.001464,123,0.000171,0,31,0.535714,0.010594
54071,Pendleton County,,WV,590,8833,9423,0,3,3,0,150,150,7,0.237915,0.245424,0,0,0.000027,177,0.000051,0,270,0.333333,0
54073,Pleasants County,,WV,421,8292,8713,3,3,6,235,252,487,7,0.237424,0.244767,1923.091282,0.000013,0.000019,123,0.000153,0,31,0.333333,0.000422
54075,Pocahontas County,,WV,472,9187,9659,0,1,1,0,58,58,8,0.196356,0.201355,0,0,0.000001,123,0.000051,0,271,0,0
54077,Preston County,,WV,1341,33662,35003,4,4,8,739,642,1381,7,0.251978,0.260698,25.624493,0.000038,0.000024,123,0.000146,0,31,0.45,0.000623
54079,Putnam County,,WV,3923,60935,64858,5,5,10,2547,2139,4686,7,0.24396,0.253456,5.230632,0.000047,0.000046,123,0.000233,0,31,0.633333,0.000849
54081,Raleigh County,,WV,3382,78419,81801,11,10,21,1495,1324,2819,6,0.304956,0.320819,13523.371719,0.000077,0.000903,123,0.000503,0,31,0.272727,0.001539
54083,Randolph County,,WV,1318,30787,32105,4,4,8,415,465,880,7,0.251934,0.260583,5881.272692,0.00003,0.000014,123,0.000253,0,31,0.333333,0.000501
54085,Ritchie County,,WV,612,11988,12600,2,2,4,185,225,410,7,0.237308,0.244306,23.440458,0.000006,0.000007,123,0.000136,0,31,0.333333,0.000255
54087,Roane County,,WV,877,15097,15974,3,5,8,243,411,654,7,0.243837,0.253341,3001.865027,0.00004,0.000037,123,0.00016,0,31,0.45,0.000514
54089,Summers County,,WV,594,11393,11987,4,4,8,219,313,532,7,0.234106,0.241674,104.26817,0.000008,0.000002,123,0.00024,0,31,0.75,0.000437
54091,Taylor County,,WV,920,17238,18158,4,4,8,447,493,940,7,0.251934,0.260583,24.386173,0.000037,0.00002,123,0.000174,0,31,0.65,0.000568
54093,Tucker County,,WV,366,7779,8145,1,1,2,78,79,157,8,0.20125,0.205542,0,0,0,123,0.000105,0,31,0,0.000096
54095,Tyler County,,WV,595,9597,10192,1,2,3,201,212,413,8,0.192137,0.196411,2.7,0,0,123,0.000083,0,31,0,0.000089
54097,Upshur County,,WV,1150,23919,25069,5,5,10,440,478,918,7,0.252022,0.260928,20.034524,0.000007,0.00002,123,0.000237,0,31,0.533333,0.000529
54099,Wayne County,,WV,2100,41025,43125,4,4,8,1066,1268,2334,7,0.239208,0.247228,140.34546,0.000014,0.000017,123,0.000181,0,31,0.666667,0.000528
54101,Webster County,,WV,358,8818,9176,1,1,2,52,95,147,8,0.196089,0.200889,0,0,0,123,0.000096,0,31,0,0.000099
54103,Wetzel County,,WV,941,18806,19747,2,3,5,221,318,539,7,0.237483,0.244767,3932.318731,0,0.000001,123,0.000115,0,31,0,0.000181
54105,Wirt County,,WV,358,5587,5945,1,1,2,153,191,344,7,0.237269,0.244076,0,0.000006,0.000007,123,0.000092,0,31,0,0.000162
54107,Wood County,,WV,4054,96530,100584,14,11,25,1849,1814,3663,6,0.311044,0.327226,20098.452637,0.000864,0.000805,123,0.000541,0,31,0.208791,0.006994
54109,Wyoming County,,WV,897,22120,23017,4,5,9,302,475,777,7,0.234314,0.242203,113.58823,0.000008,0.000002,123,0.000215,0,31,0.35,0.000421
55001,Adams County,,WI,1575,21868,23443,11,7,18,1123,758,1881,6,0.289945,0.303088,64.043068,0.002709,0.000454,27,0.000196,0,31,0.621212,0.018634
55003,Ashland County,,WI,1062,18460,19522,2,3,5,252,318,570,7,0.23517,0.242143,11.814333,0.000004,0.000009,52,0.000097,0,31,0.333333,0.000199
55005,Barron County,,WI,3166,55148,58314,10,13,23,1300,1738,3038,6,0.307219,0.323027,3921.166318,0.000767,0.00138,52,0.000337,0,31,0.483516,0.006821
55007,Bayfield County,,WI,939,17586,18525,2,3,5,328,313,641,7,0.233785,0.240429,65.421176,0.000006,0.000012,52,0.00011,0,31,0.166667,0.000226
55009,Brown County,,WI,13229,295897,309126,46,43,89,9242,8630,17872,6,0.351699,0.376967,44644.483503,0.009522,0.008315,27,0.000769,0,31,0.291837,0.070225
55011,Buffalo County,,WI,954,16846,17800,3,5,8,413,461,874,7,0.257257,0.266777,3.031961,0.00005,0.000064,52,0.000107,0,31,0.55,0.000719
55013,Burnett County,,WI,938,18362,19300,9,4,13,631,345,976,6,0.304348,0.317966,230.55156,0.001273,0.000883,52,0.000228,0,31,0.680556,0.00982
55015,Calumet County,,WI,3889,54398,58287,8,8,16,2679,2737,5416,6,0.298948,0.312796,0,0.001138,0.001018,27,0.00015,0,31,1,0.008192
55017,Chippewa County,,WI,3939,70968,74907,11,9,20,2533,2385,4918,6,0.307024,0.322222,1792.987428,0.00112,0.001073,52,0.000267,0,31,0.472727,0.009196
55019,Clark County,,WI,2095,39850,41945,6,6,12,885,1241,2126,7,0.257303,0.267087,7.431174,0.000105,0.000102,27,0.000189,0,31,0.533333,0.00143
55021,Columbia County,,WI,4701,69410,74111,14,14,28,3580,3129,6709,6,0.327125,0.345048,247.172297,0.001325,0.001967,27,0.000259,0,31,0.554167,0.009806
55023,Crawford County,,WI,1164,19357,20521,5,5,10,412,609,1021,6,0.290206,0.303249,93.318837,0.000051,0.00042,27,0.000167,0,31,0.6,0.000917
55025,Dane County,,WI,31024,554988,586012,140,134,274,24384,23584,47968,5,0.407767,0.445531,93107.71419,0.04738,0.051611,27,0.001893,0,31,0.293536,0.337573
55027,Dodge County,,WI,6572,103062,109634,12,15,27,4445,4571,9016,6,0.327717,0.345888,63.05995,0.001386,0.002273,27,0.00021,0,31,0.654167,0.009983
55029,Door County,,WI,1771,34826,36597,7,6,13,677,754,1431,6,0.32731,0.34422,540.909471,0.001636,0.001858,27,0.000144,0,31,0.821429,0.011875
55031,Douglas County,,WI,2539,48939,51478,6,6,12,1123,1123,2246,6,0.304828,0.31903,7917.075504,0.00066,0.000718,52,0.000229,0,31,0.333333,0.005549
55033,Dunn County,,WI,3178,43993,47171,13,15,28,1787,1896,3683,6,0.310278,0.326518,1979.335075,0.001455,0.002095,52,0.000314,0,31,0.481618,0.011266
55035,Eau Claire County,,WI,7220,105153,112373,34,28,62,5187,4817,10004,6,0.3457,0.368415,21200.874614,0.003747,0.00458,52,0.000721,0,31,0.288762,0.029001
55037,Florence County,,WI,400,5461,5861,1,2,3,105,136,241,8,0.207504,0.212851,0,0.000001,0.000001,27,0.000082,0,31,1,0.000108
55039,Fond du Lac County,,WI,5488,123388,128876,18,20,38,3623,3578,7201,6,0.331959,0.351507,411.789575,0.002492,0.002932,27,0.000279,0,31,0.569264,0.018236
55041,Forest County,,WI,527,10552,11079,1,3,4,60,173,233,7,0.260331,0.270061,0,0.00001,0.0001,27,0.000067,0,31,0.833333,0.000236
55043,Grant County,,WI,2874,57396,60270,10,12,22,1437,1600,3037,6,0.299318,0.313929,198.292075,0.000556,0.000941,27,0.000251,0,31,0.386364,0.004797
55045,Green County,,WI,2444,44406,46850,5,6,11,1664,1398,3062,6,0.290352,0.303635,14.488346,0.000607,0.000577,27,0.000129,0,31,0.466667,0.004477
55047,Green Lake County,,WI,1505,23354,24859,7,7,14,757,886,1643,6,0.298517,0.312072,6.754644,0.000596,0.000878,27,0.000145,0,31,0.803571,0.004359
55049,Iowa County,,WI,1816,28367,30183,5,5,10,1119,1140,2259,6,0.289858,0.302686,1.333333,0.000436,0.000402,27,0.000142,0,31,0.8,0.00339
55051,Iron County,,WI,358,7161,7519,1,1,2,84,84,168,8,0.204733,0.209074,0,0,0,27,0.0001,0,31,0,0.000089
55053,Jackson County,,WI,1206,22373,23579,7,5,12,714,567,1281,7,0.257303,0.266932,120.01233,0.000969,0.000078,27,0.000182,0,31,0.619048,0.006943
55055,Jefferson County,,WI,6194,94510,100704,11,10,21,4599,4088,8687,6,0.327051,0.344473,34.743145,0.002353,0.002088,27,0.00017,0,31,0.765152,0.016389
55057,Juneau County,,WI,1993,29304,31297,10,8,18,1114,1100,2214,6,0.29009,0.303491,134.339346,0.002155,0.000479,27,0.000215,0,31,0.609091,0.015395
55059,Kenosha County,,WI,11295,186047,197342,19,24,43,8504,7196,15700,6,0.354452,0.377444,118.871484,0.009621,0.01035,27,0.000233,0,31,0.671958,0.067672
55061,Kewaunee County,,WI,1267,25399,26666,3,4,7,607,863,1470,7,0.264778,0.275245,0.333333,0.000102,0.000149,27,0.000099,0,31,0.833333,0.001103
55063,La Crosse County,,WI,6890,123054,129944,31,28,59,4314,4113,8427,6,0.3457,0.368386,9902.796985,0.004852,0.004523,27,0.000568,0,31,0.339962,0.036966
55065,Lafayette County,,WI,1146,20292,21438,4,4,8,550,717,1267,6,0.289858,0.302571,1.833333,0.000421,0.000386,27,0.000123,0,31,0.666667,0.003169
55067,Langlade County,,WI,1042,24109,25151,8,6,14,566,448,1014,7,0.264924,0.27582,10.992952,0.000829,0.000195,27,0.000178,0,31,0.652778,0.005823
55069,Lincoln County,,WI,1652,36046,37698,6,5,11,747,765,1512,6,0.298547,0.311899,58.781258,0.00095,0.000858,27,0.00015,0,31,0.833333,0.006883
55071,Manitowoc County,,WI,3876,101899,105775,11,13,24,1954,2265,4219,6,0.33867,0.358851,766.380394,0.002311,0.002773,27,0.000192,0,31,0.742857,0.01649
55073,Marathon County,,WI,6770,160626,167396,28,23,51,4429,4009,8438,6,0.345288,0.367294,8355.979327,0.005808,0.004432,27,0.000485,0,31,0.432266,0.043392
55075,Marinette County,,WI,2865,49929,52794,9,9,18,1422,1482,2904,6,0.299071,0.313141,730.069216,0.001075,0.001128,27,0.000214,0,31,0.6,0.007853
55077,Marquette County,,WI,1397,18195,19592,6,8,14,722,835,1557,6,0.289945,0.303203,10.082717,0.00093,0.000473,27,0.000145,0,31,0.666667,0.006592
55078,Menominee County,,WI,388,4427,4815,2,1,3,153,203,356,7,0.230256,0.236463,0,0.000074,0.000006,27,0.000085,0,31,1,0.000833
55079,Milwaukee County,,WI,52131,1032275,1084406,132,157,289,32203,43325,75528,5,0.421711,0.460335,79416.856979,0.052596,0.061279,27,0.001596,0,31,0.318929,0.370315
55081,Monroe County,,WI,3032,50588,53620,8,7,15,1315,1489,2804,6,0.298794,0.312589,177.633603,0.000604,0.000883,27,0.000203,0,31,0.583333,0.00497
55083,Oconto County,,WI,2545,45236,47781,5,6,11,1825,1623,3448,6,0.2972,0.310168,0.2,0.000625,0.000589,27,0.000126,0,31,0.966667,0.004439
55085,Oneida County,,WI,2726,46139,48865,14,14,28,1412,1389,2801,6,0.299442,0.314406,3288.918481,0.002321,0.001256,27,0.000273,0,31,0.608333,0.016984
55087,Outagamie County,,WI,13162,216387,229549,31,34,65,9851,9707,19558,6,0.35637,0.381769,5200.557371,0.005423,0.00759,27,0.000492,0,31,0.385256,0.040481
55089,Ozaukee County,,WI,6313,104529,110842,15,13,28,4469,3996,8465,6,0.344508,0.365051,39.306884,0.004054,0.003922,27,0.000209,0,31,0.816176,0.029131
55091,Pepin County,,WI,520,8500,9020,4,2,6,255,157,412,7,0.257006,0.265908,0,0.000063,0.000041,52,0.000124,0,31,0.666667,0.000822
55093,Pierce County,,WI,2917,44820,47737,8,10,18,1573,1792,3365,6,0.304892,0.319634,493.533653,0.001277,0.001257,52,0.00018,0,31,0.722222,0.009715
55095,Polk County,,WI,2804,52435,55239,11,12,23,1878,1770,3648,6,0.304924,0.319922,12.663889,0.001378,0.001342,52,0.000256,0,31,0.69697,0.010691
55097,Portage County,,WI,4024,77354,81378,18,14,32,2372,2054,4426,6,0.310678,0.326898,245.661097,0.002444,0.00188,27,0.000309,0,31,0.566667,0.018375
55099,Price County,,WI,1047,18001,19048,2,5,7,113,311,424,6,0.290381,0.303606,4032.08311,0.000483,0.000449,27,0.000087,0,31,0.5,0.003093
55101,Racine County,,WI,11527,231908,243435,17,29,46,7493,7282,14775,6,0.354192,0.378134,407.19813,0.006421,0.008779,27,0.00023,0,31,0.565517,0.045523
55103,Richland County,,WI,1261,20079,21340,5,7,12,593,774,1367,6,0.29009,0.303347,96.886338,0.000436,0.000441,27,0.000149,0,31,0.714286,0.003402
55105,Rock County,,WI,8477,189210,197687,26,23,49,5962,4852,10814,6,0.34882,0.371101,1359.342692,0.006253,0.006186,27,0.000359,0,31,0.48172,0.044232
55107,Rusk County,,WI,960,17134,18094,3,5,8,294,403,697,7,0.257097,0.266483,3.153424,0.000055,0.000052,52,0.00012,0,31,0.6,0.000691
55109,St. Croix County,,WI,5616,95616,101232,15,14,29,4692,3570,8262,6,0.307219,0.323142,48.558228,0.002349,0.001743,52,0.00029,0,31,0.5875,0.017185
55111,Sauk County,,WI,4307,74020,78327,14,13,27,2833,2589,5422,6,0.327162,0.344991,610.220933,0.002268,0.001936,27,0.000264,0,31,0.509524,0.016546
55113,Sawyer County,,WI,1095,19784,20879,7,2,9,427,177,604,7,0.235113,0.241971,11.711998,0.000894,0.000013,52,0.000219,0,31,0.428571,0.007087
55115,Shawano County,,WI,2592,48247,50839,9,11,20,1656,1724,3380,6,0.299102,0.313429,3039.551055,0.000704,0.001023,27,0.000252,0,31,0.6,0.005571
55117,Sheboygan County,,WI,5692,144407,150099,15,16,31,2991,3305,6296,6,0.344631,0.365568,203.51548,0.00408,0.004206,27,0.000228,0,31,0.779412,0.030385
55119,Taylor County,,WI,1145,23010,24155,5,5,10,454,497,951,7,0.25728,0.266915,5.289472,0.000048,0.000094,27,0.000156,0,31,0.52381,0.000946
55121,Trempealeau County,,WI,1921,35488,37409,6,7,13,1013,1178,2191,7,0.257531,0.267668,161.685458,0.000568,0.000114,52,0.000163,0,31,0.517857,0.00426
55123,Vernon County,,WI,1825,33169,34994,7,6,13,941,1072,2013,6,0.290032,0.303117,99.517748,0.000467,0.000437,27,0.000192,0,31,0.642857,0.003916
55125,Vilas County,,WI,1583,25471,27054,7,5,12,672,576,1248,6,0.298948,0.312451,0,0.002185,0.000926,27,0.000139,0,31,0.97619,0.015445
55127,Walworth County,,WI,7192,113829,121021,15,15,30,5021,4624,9645,6,0.342028,0.362175,18.32208,0.004094,0.004537,27,0.000194,0,31,0.783088,0.026976
55129,Washburn County,,WI,1218,18941,20159,6,5,11,582,500,1082,7,0.257188,0.266656,62.877497,0.000919,0.000058,52,0.000274,0,31,0.547619,0.007047
55131,Washington County,,WI,8612,160608,169220,15,19,34,7602,6124,13726,6,0.344795,0.366143,184.372198,0.003524,0.004075,27,0.000225,0,31,0.707602,0.026131
55133,Waukesha County,,WI,26156,475896,502052,56,71,127,21924,19966,41890,5,0.376853,0.407764,7219.595588,0.022017,0.028747,27,0.000675,0,31,0.388584,0.153368
55135,Waupaca County,,WI,2962,60880,63842,9,9,18,1689,1900,3589,6,0.29904,0.313084,10.171614,0.001114,0.001153,27,0.00018,0,31,0.844444,0.008169
55137,Waushara County,,WI,1619,26670,28289,9,9,18,1037,1018,2055,6,0.298578,0.312417,10.932973,0.000873,0.000932,27,0.000175,0,31,0.733333,0.006142
55139,Winnebago County,,WI,11787,188711,200498,33,30,63,9120,8394,17514,6,0.347482,0.370537,2226.206021,0.005453,0.00589,27,0.000514,0,31,0.400901,0.040861
55141,Wood County,,WI,4609,91545,96154,14,16,30,2132,2644,4776,6,0.339146,0.359886,1688.293962,0.001201,0.003024,27,0.000306,0,31,0.565359,0.009772
56001,Albany County,,WY,4591,29364,33955,14,20,34,1333,1884,3217,6,0.339782,0.361169,6291.560518,0.001166,0.006146,74,0.000387,0,31,0.393939,0.011848
56003,Big Horn County,,WY,795,11769,12564,3,4,7,253,297,550,7,0.262857,0.273709,105.657088,0.000144,0.000087,74,0.000109,0,31,0.416667,0.001051
56005,Campbell County,,WY,3358,44797,48155,23,16,39,1849,1499,3348,6,0.335805,0.355544,14387.269934,0.003298,0.001736,74,0.000745,0,31,0.272727,0.02849
56007,Carbon County,,WY,1490,16241,17731,7,5,12,472,505,977,7,0.260448,0.270952,0,0.000426,0.000227,74,0.000217,0,31,0.928571,0.004762
56009,Converse County,,WY,1257,14431,15688,4,6,10,492,577,1069,7,0.260401,0.270981,17.38724,0.000125,0.000196,74,0.000165,0,31,0.766667,0.001751
56011,Crook County,,WY,523,7056,7579,2,2,4,268,185,453,7,0.252153,0.260255,0,0.000015,0.000027,74,0.000131,0,31,1,0.000451
56013,Fremont County,,WY,2438,40601,43039,9,10,19,624,778,1402,6,0.29904,0.313251,1429.70287,0.00227,0.000776,74,0.000251,0,31,0.5,0.018828
56015,Goshen County,,WY,859,12533,13392,2,3,5,139,230,369,7,0.260541,0.270348,4.366999,0.000088,0.000092,57,0.000085,0,31,0.666667,0.000891
56017,Hot Springs County,,WY,369,5034,5403,0,0,0,0,0,0,0,0,0,0,0,0,179,0.000051,162,272,0,0
56019,Johnson County,,WY,655,8117,8772,3,3,6,206,174,380,7,0.252373,0.261014,0,0.000047,0.000085,74,0.000155,0,31,1,0.001037
56021,Laramie County,,WY,8346,98153,106499,30,30,60,3280,3372,6652,6,0.348443,0.372723,18485.096337,0.010976,0.009969,74,0.000572,0,31,0.434685,0.084243
56023,Lincoln County,,WY,1550,17990,19540,7,8,15,586,533,1119,6,0.298671,0.312756,289.296097,0.001066,0.001092,7,0.000198,0,31,0.444444,0.009318
56025,Natrona County,,WY,4963,78810,83773,28,20,48,2630,1944,4574,6,0.336156,0.35685,8789.433291,0.007127,0.004089,74,0.000621,0,31,0.357471,0.058043
56027,Niobrara County,,WY,212,2494,2706,0,0,0,0,0,0,0,0,0,0,0,0,180,0.000051,163,273,0,0
56029,Park County,,WY,2199,31045,33244,5,9,14,434,640,1074,7,0.265774,0.277919,307.837976,0.000176,0.000277,74,0.000185,0,31,0.433333,0.002144
56031,Platte County,,WY,778,9573,10351,3,3,6,235,253,488,7,0.25875,0.26841,1.939449,0.000081,0.000144,74,0.000114,0,31,0.666667,0.000953
56033,Sheridan County,,WY,2311,30578,32889,10,7,17,779,721,1500,7,0.263814,0.275354,156.041463,0.000369,0.00017,74,0.000314,0,31,0.472727,0.004459
56035,Sublette County,,WY,751,7837,8588,5,1,6,323,56,379,7,0.250974,0.258829,3.30972,0.000053,0.000049,7,0.00018,0,31,0.45,0.001299
56037,Sweetwater County,,WY,3611,45838,49449,23,16,39,1606,1469,3075,6,0.335029,0.354877,6118.737973,0.006219,0.002497,7,0.000582,0,31,0.363077,0.04939
56039,Teton County,,WY,2547,21924,24471,5,4,9,335,561,896,7,0.260167,0.270121,602.49986,0.002347,0.000117,7,0.000159,0,31,0.380952,0.017858
56041,Uinta County,,WY,1791,22496,24287,8,7,15,711,534,1245,6,0.333986,0.352375,161.750818,0.001329,0.002192,7,0.000184,0,31,0.588889,0.010516
56043,Washakie County,,WY,612,9236,9848,3,0,3,135,0,135,0,0,0,0,0.000051,0,74,0.000108,0,1,0.833333,0.000402
56045,Weston County,,WY,499,7400,7899,3,1,4,195,71,266,7,0.25141,0.259208,4.373805,0.000064,0.000026,57,0.000143,0,31,0.666667,0.001084
2198,Prince Of Wales Oute,,AK,489,4704,5193,1,3,4,44,175,219,6,0.282704,0.295612,0,0.000003,0.000329,7,0.000082,0,31,0.833333,0.000156
2230,Skagway Hoonah Ango,,AK,318,3351,3669,1,1,2,59,65,124,7,0.253499,0.261538,0,0.000037,0.00001,7,0.00007,0,31,0,0.000182
2275,Wrangell Peters,,AK,2262,4721,6983,0,1,1,0,41,41,7,0.253542,0.26162,0,0,0.00001,7,0.000051,0,274,0,0
