Id,Label,timeset,state,totalmig,totalnonmig,population,indegree,outdegree,Degree,weighted indegree,weighted outdegree,Weighted Degree,Eccentricity,closnesscentrality,harmonicclosnesscentrality,betweenesscentrality,pageranks,modularity_class,Authority,Hub,clustering,eigencentrality
1001,Autauga County,,AL,5397,57114,62511,14,15,29,3383,3126,6509,6,0.330778,0.350415,557.493837,0.000272,20,0.003403,0.005301,0.555556,0.026481
1003,Baldwin County,,AL,10197,189665,199862,52,33,85,7778,4828,12606,6,0.354289,0.37958,6087.344866,0.000806,20,0.019073,0.011762,0.381169,0.140132
1005,Barbour County,,AL,1721,25599,27320,9,9,18,741,978,1719,7,0.284519,0.29828,6021.599525,0.000281,20,0.000787,0.000654,0.444444,0.006241
1007,Bibb County,,AL,1437,21520,22957,5,4,9,991,985,1976,6,0.288264,0.30083,2.843637,0.000138,20,0.000588,0.000566,0.7,0.004685
1009,Blount County,,AL,3363,59326,62689,7,7,14,2602,2434,5036,6,0.288178,0.30109,1.779304,0.00016,20,0.000578,0.000542,0.761905,0.004723
1011,Bullock County,,AL,562,9210,9772,4,4,8,325,323,648,7,0.273847,0.285239,2.761111,0.000142,20,0.000253,0.000202,0.666667,0.001912
1013,Butler County,,AL,1075,21975,23050,4,5,9,425,427,852,7,0.273925,0.285527,140.456452,0.000134,20,0.000256,0.000199,0.4,0.001873
1015,Calhoun County,,AL,6273,127547,133820,18,22,40,3307,3440,6747,6,0.308901,0.326986,8147.255255,0.000352,20,0.002904,0.003276,0.405797,0.022877
1017,Chambers County,,AL,2220,36460,38680,5,5,10,1275,1407,2682,7,0.274236,0.286075,47.652799,0.000134,20,0.000445,0.000309,0.666667,0.003528
1019,Cherokee County,,AL,1106,24981,26087,6,5,11,780,579,1359,7,0.248924,0.258999,44.543855,0.000152,20,0.000103,0.000081,0.366667,0.001222
1021,Chilton County,,AL,2376,45292,47668,8,7,15,1656,1418,3074,6,0.290028,0.303177,10.09353,0.000189,20,0.000837,0.000739,0.642857,0.006343
1023,Choctaw County,,AL,604,14515,15119,2,3,5,117,166,283,7,0.274367,0.286375,4.757947,0.000081,58,0.000274,0.000332,0.333333,0.002202
1025,Clarke County,,AL,1417,29153,30570,6,8,14,524,774,1298,7,0.278329,0.29169,50.1188,0.000175,20,0.000494,0.000664,0.482143,0.003858
1027,Clay County,,AL,1030,15316,16346,5,5,10,389,585,974,7,0.236386,0.244783,5.299183,0.000139,20,0.00005,0.000043,0.6,0.000863
1029,Cleburne County,,AL,963,14933,15896,5,5,10,635,631,1266,7,0.238413,0.247758,14.11083,0.000141,20,0.000081,0.000073,0.55,0.001062
1031,Coffee County,,AL,5815,49102,54917,24,24,48,3146,3029,6175,6,0.329722,0.350847,3172.277916,0.000381,20,0.007011,0.006827,0.46798,0.053379
1033,Colbert County,,AL,3074,60828,63902,8,7,15,2165,1833,3998,6,0.289999,0.303436,1132.349018,0.000204,20,0.000771,0.000762,0.660714,0.006466
1035,Conecuh County,,AL,674,13319,13993,4,2,6,281,247,528,8,0.222333,0.228978,2.683067,0.000133,20,0.000035,0.000016,0.416667,0.000615
1037,Coosa County,,AL,938,10936,11874,4,3,7,691,580,1271,7,0.226514,0.233921,0.291667,0.000116,20,0.000142,0.000037,0.833333,0.001721
1039,Covington County,,AL,1881,38630,40511,11,13,24,893,936,1829,6,0.299958,0.316027,1669.88412,0.000236,20,0.001357,0.001657,0.414286,0.010502
1041,Crenshaw County,,AL,1053,14600,15653,5,6,11,519,657,1176,7,0.275228,0.287309,6.753843,0.000133,20,0.000318,0.000282,0.6,0.002458
1043,Cullman County,,AL,3648,86718,90366,12,12,24,2247,2114,4361,6,0.290378,0.30482,34.90911,0.000249,20,0.000976,0.001157,0.580952,0.008621
1045,Dale County,,AL,7362,48837,56199,25,28,53,3767,4314,8081,6,0.336554,0.359991,7408.746552,0.00042,20,0.007774,0.009256,0.517137,0.059987
1047,Dallas County,,AL,1948,45549,47497,10,10,20,905,1034,1939,6,0.29149,0.305823,112.270017,0.000238,20,0.001012,0.001196,0.522727,0.007736
1049,DeKalb County,,AL,3726,72709,76435,9,11,20,2102,2038,4140,6,0.291314,0.306134,1223.862335,0.000231,20,0.00098,0.001081,0.445455,0.008376
1051,Elmore County,,AL,6744,85068,91812,17,14,31,5149,4242,9391,6,0.291991,0.307177,1930.930537,0.000363,20,0.002418,0.0016,0.426901,0.019941
1053,Escambia County,,AL,1761,38034,39795,6,8,14,1004,1064,2068,7,0.285785,0.300147,2449.157518,0.00019,20,0.000986,0.001275,0.589286,0.008392
1055,Etowah County,,AL,4727,109847,114574,13,16,29,2987,2985,5972,6,0.324176,0.343929,1649.22874,0.00026,20,0.001218,0.002715,0.558824,0.010145
1057,Fayette County,,AL,885,17421,18306,5,4,9,507,472,979,7,0.251238,0.261149,3.038492,0.000183,20,0.000074,0.000078,0.6,0.00113
1059,Franklin County,,AL,2148,34897,37045,8,9,17,1028,1209,2237,7,0.28019,0.292653,986.711607,0.000243,20,0.000045,0.000422,0.416667,0.001215
1061,Geneva County,,AL,1748,26168,27916,7,7,14,1049,1058,2107,7,0.252798,0.263591,23.187107,0.000171,20,0.000215,0.00025,0.452381,0.002566
1063,Greene County,,AL,633,9160,9793,2,3,5,188,358,546,7,0.251282,0.261033,0.333333,0.000098,20,0.000069,0.000072,0.833333,0.000744
1065,Hale County,,AL,1076,17678,18754,3,3,6,638,663,1301,7,0.251129,0.260803,0.333333,0.000117,20,0.000072,0.000072,0.833333,0.000867
1067,Henry County,,AL,1281,17642,18923,3,3,6,908,837,1745,7,0.252533,0.262466,0,0.00011,20,0.000113,0.000129,1,0.001287
1069,Houston County,,AL,7091,108103,115194,29,23,52,4682,4053,8735,6,0.305409,0.324905,12597.024362,0.000541,20,0.006955,0.003655,0.345644,0.052861
1071,Jackson County,,AL,2502,56921,59423,7,6,13,1265,1454,2719,7,0.282462,0.294988,119.030333,0.000194,20,0.000936,0.000627,0.595238,0.007904
1073,Jefferson County,,AL,35054,723318,758372,112,118,230,23793,27726,51519,5,0.404166,0.440465,98947.758713,0.00163,20,0.042735,0.049189,0.328626,0.314684
1075,Lamar County,,AL,768,15095,15863,5,4,9,419,388,807,7,0.264453,0.275194,58.202771,0.000174,20,0.000097,0.000085,0.5,0.001192
1077,Lauderdale County,,AL,4543,97676,102219,12,12,24,2339,2660,4999,6,0.305506,0.320633,5292.619311,0.000277,20,0.001584,0.001647,0.467949,0.012994
1079,Lawrence County,,AL,1888,37187,39075,7,6,13,1359,1372,2731,7,0.279783,0.291529,153.366713,0.000181,20,0.000373,0.000411,0.738095,0.003835
1081,Lee County,,AL,10898,130846,141744,41,32,73,7584,6347,13931,6,0.3392,0.363813,6037.061839,0.000668,20,0.010562,0.01028,0.378261,0.080906
1083,Limestone County,,AL,4820,88099,92919,9,13,22,4119,2985,7104,6,0.291961,0.30686,99.273342,0.000211,20,0.0009,0.001133,0.434066,0.007488
1085,Lowndes County,,AL,984,13493,14477,4,3,7,697,692,1389,7,0.273821,0.285066,2.480409,0.000128,20,0.000263,0.000193,0.666667,0.002007
1087,Macon County,,AL,1619,20864,22483,6,4,10,845,933,1778,7,0.274054,0.285556,19.853648,0.000161,20,0.000665,0.000292,0.6,0.004932
1089,Madison County,,AL,18708,378129,396837,108,81,189,14136,11898,26034,6,0.387534,0.419232,55843.661159,0.001567,20,0.044873,0.038026,0.357983,0.333246
1091,Marengo County,,AL,1164,22668,23832,8,7,15,543,501,1044,6,0.290407,0.304243,620.193578,0.00022,20,0.000488,0.001042,0.377778,0.003983
1093,Marion County,,AL,1396,29058,30454,7,7,14,819,667,1486,7,0.280489,0.292797,415.38118,0.000227,20,0.000488,0.000455,0.517857,0.003962
1095,Marshall County,,AL,5746,99362,105108,12,13,25,3527,3699,7226,6,0.290728,0.30554,48.355598,0.000244,20,0.000945,0.001121,0.580952,0.008311
1097,Mobile County,,AL,16979,445395,462374,73,65,138,9386,10142,19528,6,0.375406,0.405892,43237.657555,0.001114,20,0.029133,0.02771,0.370028,0.218588
1099,Monroe County,,AL,1189,24280,25469,7,7,14,460,615,1075,7,0.285305,0.29945,2029.622349,0.000196,20,0.000934,0.001034,0.535714,0.007059
1101,Montgomery County,,AL,17940,247136,265076,64,71,135,10313,12611,22924,6,0.376825,0.40799,49945.932743,0.001044,20,0.02187,0.0286,0.339259,0.163275
1103,Morgan County,,AL,6533,135105,141638,13,17,30,4051,4146,8197,6,0.292611,0.308503,635.677334,0.000289,20,0.001185,0.001668,0.518382,0.010403
1105,Perry County,,AL,701,10924,11625,4,6,10,272,423,695,6,0.288322,0.301176,180.726414,0.000136,20,0.00048,0.000438,0.6,0.00357
1107,Pickens County,,AL,968,21016,21984,2,3,5,407,559,966,7,0.26438,0.274906,7.669016,0.000087,20,0.000092,0.00008,0.666667,0.000842
1109,Pike County,,AL,2042,29378,31420,10,11,21,1139,1037,2176,6,0.291373,0.305615,142.317639,0.000225,20,0.000944,0.00085,0.522727,0.007498
1111,Randolph County,,AL,1057,23302,24359,8,8,16,564,576,1140,7,0.254266,0.265804,149.191539,0.000193,20,0.000193,0.000193,0.402778,0.002254
1113,Russell County,,AL,6452,52070,58522,18,9,27,5075,4039,9114,6,0.318217,0.334498,744.494325,0.000299,20,0.00635,0.00265,0.614035,0.048648
1115,St. Clair County,,AL,5444,85566,91010,9,11,20,4570,3635,8205,6,0.290145,0.304272,44.507501,0.000184,20,0.001457,0.001004,0.590909,0.011699
1117,Shelby County,,AL,15181,209763,224944,41,43,84,12343,10907,23250,6,0.361646,0.388193,13002.923301,0.000648,20,0.016696,0.013028,0.41074,0.123495
1119,Sumter County,,AL,666,13224,13890,4,4,8,248,362,610,6,0.288811,0.301695,125.996873,0.000126,20,0.000513,0.000449,0.6,0.003707
1121,Talladega County,,AL,4770,84226,88996,10,13,23,2597,3045,5642,6,0.291902,0.306889,2212.591512,0.000218,20,0.001141,0.001417,0.615385,0.009138
1123,Tallapoosa County,,AL,2805,44752,47557,10,13,23,1706,1825,3531,6,0.290991,0.305511,1733.242239,0.000242,20,0.000872,0.001024,0.435897,0.006947
1125,Tuscaloosa County,,AL,9807,188320,198127,43,36,79,6219,5763,11982,6,0.335188,0.359564,28781.725512,0.000845,20,0.007684,0.007189,0.242908,0.057333
1127,Walker County,,AL,2832,68624,71456,11,10,21,1906,1703,3609,6,0.290203,0.304243,434.557154,0.000272,20,0.001042,0.001116,0.554545,0.009496
1129,Washington County,,AL,852,18620,19472,4,3,7,535,514,1049,7,0.273251,0.284455,123.328896,0.000123,20,0.000239,0.000406,0.5,0.002255
1131,Wilcox County,,AL,700,12774,13474,2,6,8,162,357,519,6,0.290115,0.303234,7.903121,0.000084,20,0.000236,0.000563,0.619048,0.002023
1133,Winston County,,AL,1492,24361,25853,7,7,14,744,875,1619,6,0.288494,0.301551,326.512954,0.000185,20,0.000767,0.000451,0.696429,0.006316
2013,Aleutians East Borough,,AK,295,1783,2078,1,1,2,52,71,123,6,0.305796,0.32027,0,0.000063,7,0.000852,0.00092,0,0.006551
2016,Aleutians West Census Area,,AK,737,4454,5191,2,3,5,107,256,363,6,0.311866,0.327142,0,0.000078,7,0.001218,0.00162,1,0.009863
2020,Anchorage Municipality,,AK,26394,316506,342900,137,122,259,17276,16517,33793,6,0.389675,0.427637,79786.838464,0.002108,7,0.052303,0.043908,0.289237,0.390723
2050,Bethel Census Area,,AK,948,17044,17992,3,5,8,361,635,996,7,0.282545,0.296123,1.166667,0.00012,7,0.000413,0.000686,0.75,0.003904
2060,Bristol Bay Borough,,AK,100,1085,1185,0,0,0,0,0,0,0,0,0,0,0.000051,0,0,0,0,0
2068,Denali Borough,,AK,276,2324,2600,1,1,2,51,60,111,7,0.263057,0.273401,0,0.000064,7,0.000157,0.000176,0,0.001429
2070,Dillingham Census Area,,AK,363,4966,5329,1,1,2,100,86,186,7,0.280435,0.293045,0,0.000066,7,0.000366,0.000436,0,0.003312
2090,Fairbanks North Star Borough,,AK,11715,100135,111850,52,55,107,5079,5797,10876,6,0.356914,0.385409,15601.16241,0.000861,7,0.021111,0.018801,0.377877,0.162196
2100,Haines Borough,,AK,173,2587,2760,0,0,0,0,0,0,0,0,0,0,0.000051,1,0,0,0,0
2105,Hoonah-Angoon Census Area,,AK,161,1984,2145,0,1,1,0,56,56,7,0.23885,0.245727,0,0.000051,7,0,0.000044,0,0
2110,Juneau City and Borough,,AK,2501,34480,36981,11,8,19,851,760,1611,6,0.313694,0.329892,3327.053687,0.000288,7,0.005232,0.002212,0.512821,0.039788
2122,Kenai Peninsula Borough,,AK,3729,59484,63213,9,6,15,1511,1389,2900,6,0.333718,0.352306,256.938933,0.000218,7,0.002618,0.002966,0.544444,0.021337
2130,Ketchikan Gateway Borough,,AK,1272,14781,16053,4,3,7,210,199,409,7,0.280516,0.293448,2900.145243,0.000213,7,0.001237,0.000486,0.583333,0.01042
2150,Kodiak Island Borough,,AK,1880,15088,16968,2,6,8,195,519,714,6,0.327815,0.345636,2.771912,0.000076,7,0.001467,0.003426,0.766667,0.011531
2164,Lake and Peninsula Borough,,AK,188,1559,1747,1,1,2,47,66,113,7,0.280435,0.293045,0,0.000066,7,0.000366,0.000436,0,0.003312
2170,Matanuska-Susitna Borough,,AK,6254,90543,96797,18,10,28,4783,2861,7644,6,0.337458,0.357397,1526.437074,0.000352,7,0.005974,0.005113,0.435673,0.045758
2180,Nome Census Area,,AK,483,8900,9383,1,1,2,123,167,290,7,0.280435,0.293045,0,0.000066,7,0.000366,0.000436,0,0.003312
2185,North Slope Borough,,AK,491,7072,7563,2,3,5,167,241,408,7,0.28249,0.295778,0,0.000079,7,0.000522,0.000661,1,0.004741
2188,Northwest Arctic Borough,,AK,477,6297,6774,1,3,4,127,281,408,7,0.28249,0.295778,0,0.000066,7,0.000366,0.000661,1,0.003312
2195,Petersburg Census Area,,AK,260,4051,4311,0,0,0,0,0,0,0,0,0,0,0.000051,2,0,0,0,0
2198,Prince of Wales-Hyder Census Area,,AK,310,4794,5104,2,1,3,88,40,128,8,0.219082,0.225085,0,0.000123,7,0.000856,0.00001,0.5,0.006725
2220,Sitka City and Borough,,AK,805,9773,10578,2,2,4,81,115,196,7,0.280462,0.293218,0,0.000096,7,0.000384,0.000479,1,0.003727
2230,Skagway Municipality,,AK,166,1178,1344,0,0,0,0,0,0,0,0,0,0,0.000051,3,0,0,0,0
2240,Southeast Fairbanks Census Area,,AK,857,7893,8750,2,3,5,254,356,610,7,0.28249,0.295778,0,0.000079,7,0.000522,0.000661,1,0.004741
2261,Valdez-Cordova Census Area,,AK,1072,10490,11562,3,4,7,288,417,705,7,0.282517,0.29595,0,0.000109,7,0.000565,0.000683,1,0.005216
2270,Wade Hampton Census Area,,AK,510,7341,7851,2,3,5,200,318,518,7,0.28249,0.295778,0,0.000086,7,0.000371,0.000615,0.833333,0.003434
2275,Wrangell City and Borough,,AK,157,2422,2579,0,0,0,0,0,0,0,0,0,0,0.000051,4,0,0,0,0
2282,Yakutat City and Borough,,AK,65,541,606,0,0,0,0,0,0,0,0,0,0,0.000051,5,0,0,0,0
2290,Yukon-Koyukuk Census Area,,AK,422,5520,5942,2,2,4,236,244,480,7,0.282462,0.295605,0,0.000079,7,0.000522,0.000612,1,0.004741
4001,Apache County,,AZ,6439,65008,71447,12,12,24,5487,5156,10643,6,0.332337,0.35098,132.826091,0.000227,7,0.004369,0.003177,0.637363,0.032975
4003,Cochise County,,AZ,13151,131687,144838,51,48,99,7514,7407,14921,6,0.358997,0.386637,1250.845518,0.000717,7,0.022451,0.021391,0.525649,0.173941
4005,Coconino County,,AZ,11760,132319,144079,27,30,57,7048,7754,14802,6,0.353856,0.378277,1794.386997,0.000426,7,0.012481,0.015401,0.64023,0.094739
4007,Gila County,,AZ,3439,52052,55491,10,9,19,2133,2194,4327,6,0.334994,0.353765,10.21417,0.000198,7,0.004594,0.003742,0.901515,0.035476
4009,Graham County,,AZ,2321,30546,32867,7,7,14,978,1308,2286,6,0.331955,0.349856,2920.942956,0.000145,7,0.002209,0.002443,0.785714,0.017315
4011,Greenlee County,,AZ,1120,8030,9150,1,5,6,267,543,810,6,0.331994,0.349683,2.083333,0.000069,7,0.00002,0.002091,0.65,0.000235
4012,La Paz County,,AZ,1339,15208,16547,5,6,11,589,738,1327,6,0.332146,0.350144,0,0.000103,7,0.002849,0.002978,1,0.020894
4013,Maricopa County,,AZ,183934,4011461,4195395,558,545,1103,147150,162111,309261,5,0.494865,0.560896,866914.703608,0.007527,7,0.140155,0.137107,0.085129,1
4015,Mohave County,,AZ,12899,186437,199336,29,33,62,8245,7125,15370,6,0.344536,0.368437,198.114335,0.000405,7,0.01415,0.014424,0.582321,0.105297
4017,Navajo County,,AZ,7708,100862,108570,18,18,36,5704,5486,11190,6,0.337104,0.357829,181.745159,0.000304,7,0.007766,0.006863,0.660526,0.058811
4019,Pima County,,AZ,46240,1019348,1065588,194,170,364,32250,32710,64960,5,0.422784,0.462574,34225.357441,0.002332,7,0.083391,0.078121,0.31615,0.590014
4021,Pinal County,,AZ,14219,160520,174739,76,22,98,34717,10476,45193,6,0.346726,0.36982,553.421044,0.000921,7,0.034861,0.012585,0.479649,0.24505
4023,Santa Cruz County,,AZ,2765,53918,56683,5,5,10,1519,1982,3501,6,0.334761,0.352957,0,0.000106,7,0.004151,0.003477,1,0.030575
4025,Yavapai County,,AZ,14443,219221,233664,35,31,66,9008,8129,17137,6,0.349788,0.374749,318.367981,0.000474,7,0.017715,0.015914,0.603949,0.128314
4027,Yuma County,,AZ,11838,220191,232029,41,37,78,7833,6774,14607,6,0.35338,0.378946,291.86128,0.000521,7,0.021782,0.021045,0.647086,0.16055
5001,Arkansas County,,AR,1238,20736,21974,5,7,12,437,609,1046,7,0.282987,0.295334,5.308333,0.000147,64,0.000394,0.000438,0.642857,0.003142
5003,Ashley County,,AR,1053,23324,24377,6,6,12,421,430,851,7,0.284351,0.297184,503.220646,0.000167,64,0.00041,0.000342,0.285714,0.003287
5005,Baxter County,,AR,2460,42779,45239,9,9,18,877,870,1747,6,0.28835,0.302594,14097.119424,0.000339,64,0.000655,0.000658,0.277778,0.00564
5007,Benton County,,AR,15707,235475,251182,56,50,106,10850,9117,19967,6,0.373418,0.401828,27981.818085,0.000972,64,0.023598,0.021854,0.421915,0.18051
5009,Boone County,,AR,2238,38721,40959,8,10,18,997,1164,2161,6,0.290524,0.304554,14460.893811,0.000351,64,0.000515,0.000819,0.311111,0.004829
5011,Bradley County,,AR,681,11563,12244,4,2,6,244,158,402,8,0.220839,0.226756,181.076077,0.000162,64,0.000315,0.000004,0.5,0.002681
5013,Calhoun County,,AR,343,5009,5352,1,1,2,63,83,146,8,0.220754,0.226479,0,0.000064,64,0.000021,0.000003,1,0.000121
5015,Carroll County,,AR,1780,28011,29791,6,6,12,725,761,1486,7,0.273562,0.284931,18.739319,0.000191,64,0.000315,0.000376,0.5,0.003142
5017,Chicot County,,AR,692,11041,11733,4,5,9,260,305,565,7,0.284016,0.296348,34.240186,0.00014,64,0.000042,0.000317,0.5,0.000589
5019,Clark County,,AR,1619,21429,23048,6,6,12,448,695,1143,7,0.283015,0.295247,2100.433207,0.000209,64,0.000398,0.000389,0.466667,0.00363
5021,Clay County,,AR,910,16224,17134,5,5,10,472,514,986,7,0.252071,0.261887,75.899723,0.000191,64,0.000047,0.000038,0.6,0.000843
5023,Cleburne County,,AR,1826,26180,28006,8,5,13,823,865,1688,7,0.283043,0.295161,82.722525,0.00023,64,0.001081,0.000372,0.714286,0.008603
5025,Cleveland County,,AR,600,8808,9408,4,4,8,310,242,552,7,0.259515,0.268723,544.655536,0.000205,64,0.000061,0.000028,0.166667,0.000618
5027,Columbia County,,AR,1400,24060,25460,5,7,12,401,556,957,7,0.283515,0.296314,2078.546396,0.000164,64,0.000345,0.000375,0.285714,0.002788
5029,Conway County,,AR,1416,21886,23302,6,5,11,837,842,1679,7,0.282932,0.294988,4.205556,0.000196,64,0.000355,0.000372,0.633333,0.003535
5031,Craighead County,,AR,6466,94624,101090,27,28,55,4241,3985,8226,6,0.33272,0.354745,30764.107915,0.000669,64,0.003735,0.004226,0.258065,0.029052
5033,Crawford County,,AR,4644,62449,67093,12,11,23,3239,3099,6338,6,0.293473,0.308296,868.27875,0.000357,64,0.000729,0.001172,0.461538,0.007016
5035,Crittenden County,,AR,3445,55390,58835,8,8,16,1885,1831,3716,6,0.305603,0.32016,294.669225,0.000203,160,0.001106,0.00101,0.696429,0.008261
5037,Cross County,,AR,1364,19033,20397,6,8,14,616,680,1296,6,0.30557,0.320103,283.388011,0.000164,160,0.001014,0.001036,0.678571,0.007635
5039,Dallas County,,AR,613,7927,8540,2,3,5,126,244,370,7,0.282877,0.294642,73.017903,0.000121,64,0.000003,0.000294,0.333333,0.000219
5041,Desha County,,AR,889,13740,14629,5,6,11,297,481,778,7,0.283043,0.295305,382.081789,0.000169,64,0.000373,0.000378,0.566667,0.002964
5043,Drew County,,AR,1231,18412,19643,6,7,13,475,539,1014,7,0.283293,0.295737,2929.569432,0.000224,64,0.000373,0.000326,0.47619,0.003101
5045,Faulkner County,,AR,8225,111358,119583,32,20,52,6350,4804,11154,6,0.322728,0.342955,6801.081455,0.000715,64,0.007061,0.003432,0.302083,0.058242
5047,Franklin County,,AR,1183,17910,19093,4,6,10,690,775,1465,7,0.26687,0.277777,10.865001,0.000146,64,0.000082,0.000188,0.9,0.00083
5049,Fulton County,,AR,709,10687,11396,5,5,10,374,317,691,7,0.224109,0.231408,159.907315,0.000268,64,0.000009,0.000008,0.233333,0.000565
5051,Garland County,,AR,5608,100342,105950,25,19,44,3026,2705,5731,6,0.344331,0.36688,14944.946013,0.000575,64,0.006857,0.005213,0.376984,0.054575
5053,Grant County,,AR,1226,18749,19975,5,6,11,799,705,1504,7,0.283015,0.295276,1.45,0.000156,64,0.000453,0.000473,0.866667,0.003742
5055,Greene County,,AR,2285,42794,45079,8,8,16,1348,1175,2523,7,0.283626,0.296417,735.761274,0.000269,64,0.000063,0.000338,0.361111,0.001301
5057,Hempstead County,,AR,1375,22123,23498,6,6,12,534,653,1187,7,0.283376,0.29591,2036.728451,0.00022,64,0.000395,0.000397,0.404762,0.003248
5059,Hot Spring County,,AR,2087,31677,33764,5,5,10,1317,1258,2575,7,0.282932,0.294988,0.842857,0.000163,64,0.000402,0.000393,0.9,0.003563
5061,Howard County,,AR,932,14598,15530,4,5,9,383,394,777,7,0.249181,0.258636,287.662187,0.000173,64,0.000071,0.000053,0.35,0.000755
5063,Independence County,,AR,2167,37960,40127,9,11,20,1024,1154,2178,7,0.283905,0.297524,5003.528254,0.000406,64,0.000374,0.000482,0.333333,0.003664
5065,Izard County,,AR,822,12071,12893,4,4,8,279,345,624,7,0.224387,0.231788,14.078299,0.00019,64,0.000012,0.000009,0.5,0.000495
5067,Jackson County,,AR,997,15601,16598,6,5,11,542,476,1018,7,0.283293,0.295622,512.89817,0.000197,64,0.00037,0.000341,0.452381,0.003323
5069,Jefferson County,,AR,4569,81039,85608,15,20,35,1942,2766,4708,6,0.35017,0.372714,11857.980824,0.000388,64,0.00299,0.00666,0.440476,0.024431
5071,Johnson County,,AR,1466,25265,26731,5,6,11,637,615,1252,7,0.26687,0.277777,47.007857,0.000163,64,0.000195,0.000187,0.866667,0.001943
5073,Lafayette County,,AR,454,6942,7396,2,2,4,149,149,298,7,0.238413,0.245792,2.098748,0.00009,189,0.000015,0.000014,0.333333,0.000242
5075,Lawrence County,,AR,1000,16419,17419,5,5,10,610,604,1214,7,0.249957,0.25935,15.030507,0.000198,64,0.000044,0.000036,0.533333,0.000818
5077,Lee County,,AR,581,7971,8552,3,4,7,223,275,498,7,0.283209,0.295305,0.45,0.000107,64,0.000053,0.000339,0.833333,0.000683
5079,Lincoln County,,AR,756,11164,11920,4,4,8,288,371,659,7,0.282932,0.294872,69.405193,0.000162,64,0.000062,0.000319,0.7,0.000652
5081,Little River County,,AR,918,13399,14317,3,3,6,395,419,814,7,0.249074,0.258117,284.962159,0.000142,189,0.000084,0.000049,0.333333,0.000718
5083,Logan County,,AR,1486,22905,24391,6,7,13,714,867,1581,7,0.258865,0.26895,7.650866,0.000187,64,0.000094,0.000069,0.571429,0.001178
5085,Lonoke County,,AR,6414,71998,78412,13,13,26,4456,3727,8183,6,0.325416,0.344696,897.596597,0.000315,64,0.002469,0.002736,0.518382,0.020093
5087,Madison County,,AR,1041,16057,17098,3,3,6,553,719,1272,7,0.273329,0.284066,0,0.000114,64,0.000301,0.000321,1,0.002754
5089,Marion County,,AR,1202,15672,16874,2,2,4,434,530,964,7,0.225419,0.232073,3.25,0.000113,64,0.000012,0.00001,0.5,0.000291
5091,Miller County,,AR,4011,42223,46234,10,7,17,2562,2547,5109,6,0.312541,0.328883,6524.13452,0.000313,189,0.001276,0.002072,0.272727,0.010632
5093,Mississippi County,,AR,2961,48767,51728,8,9,17,967,1256,2223,6,0.318567,0.335933,6018.001907,0.000223,64,0.001008,0.001932,0.458333,0.007799
5095,Monroe County,,AR,750,8191,8941,3,6,9,178,386,564,7,0.283098,0.295362,3.362882,0.000104,64,0.000322,0.000386,0.433333,0.002614
5097,Montgomery County,,AR,549,8418,8967,2,2,4,161,190,351,7,0.256249,0.265239,3.531746,0.000097,64,0.000045,0.000058,0.333333,0.000656
5099,Nevada County,,AR,698,9357,10055,2,3,5,215,318,533,7,0.238354,0.245879,1.666667,0.000112,64,0.000007,0.000017,0.333333,0.000252
5101,Newton County,,AR,447,8009,8456,1,1,2,208,199,407,7,0.225138,0.231324,0,0.000081,64,0.000007,0.000004,0,0.000141
5103,Ouachita County,,AR,1444,26603,28047,5,6,11,512,599,1111,7,0.283237,0.29568,5622.306039,0.000188,64,0.000336,0.000364,0.309524,0.002756
5105,Perry County,,AR,882,10543,11425,3,4,7,396,503,899,7,0.282904,0.294815,0,0.000131,64,0.000341,0.000369,1,0.003065
5107,Phillips County,,AR,1320,21052,22372,5,7,12,295,617,912,6,0.306185,0.320852,467.262771,0.000137,64,0.001002,0.001107,0.482143,0.007378
5109,Pike County,,AR,653,11293,11946,4,4,8,220,330,550,7,0.256453,0.265902,42.387368,0.000177,64,0.000048,0.000064,0.35,0.000888
5111,Poinsett County,,AR,1516,24297,25813,6,6,12,921,920,1841,7,0.249806,0.25916,247.092171,0.000172,64,0.000723,0.000061,0.571429,0.005437
5113,Polk County,,AR,1145,19829,20974,2,5,7,130,255,385,7,0.267067,0.278007,674.226461,0.000122,189,0.000005,0.000164,0.2,0.000235
5115,Pope County,,AR,3958,61640,65598,15,12,27,2290,2059,4349,7,0.286976,0.300522,1128.417418,0.000381,64,0.001946,0.000818,0.452381,0.015934
5117,Prairie County,,AR,584,8423,9007,4,4,8,284,350,634,7,0.282904,0.294786,1.084499,0.000128,64,0.000356,0.000331,0.833333,0.00298
5119,Pulaski County,,AR,27436,417332,444768,103,100,203,18502,19967,38469,6,0.394138,0.428197,174893.957648,0.001941,64,0.034894,0.03713,0.276292,0.267775
5121,Randolph County,,AR,973,17699,18672,4,4,8,366,430,796,7,0.249892,0.258964,2.248999,0.000166,64,0.000039,0.000032,0.833333,0.000692
5123,St. Francis County,,AR,1822,24054,25876,7,8,15,748,1075,1823,6,0.306088,0.320794,477.467007,0.000176,160,0.001019,0.001079,0.553571,0.007703
5125,Saline County,,AR,7471,113065,120536,19,20,39,6591,4924,11515,6,0.331879,0.353384,2458.874877,0.000436,64,0.004522,0.005,0.454545,0.036771
5127,Scott County,,AR,690,11181,11871,3,2,5,327,254,581,7,0.25861,0.267797,0.785535,0.000116,64,0.000072,0.000048,0.583333,0.000644
5129,Searcy County,,AR,450,7859,8309,1,1,2,57,84,141,7,0.225138,0.231324,0,0.000081,64,0.000007,0.000004,0,0.000141
5131,Sebastian County,,AR,9119,129989,139108,22,21,43,5397,5920,11317,6,0.348733,0.372213,18651.405733,0.000529,64,0.004979,0.008392,0.407407,0.039783
5133,Sevier County,,AR,832,16298,17130,4,4,8,337,286,623,7,0.225948,0.233125,38.330121,0.000176,189,0.000007,0.000005,0.083333,0.000429
5135,Sharp County,,AR,1444,16891,18335,6,7,13,512,708,1220,7,0.283431,0.296112,2486.942383,0.000245,64,0.00006,0.000325,0.375,0.001065
5137,Stone County,,AR,636,11608,12244,3,1,4,130,65,195,8,0.221143,0.227211,0.82381,0.00014,64,0.000036,0.000003,0.5,0.000865
5139,Union County,,AR,2405,47102,49507,5,11,16,553,1016,1569,6,0.323813,0.342673,4069.053289,0.000164,64,0.000383,0.002521,0.280303,0.003102
5141,Van Buren County,,AR,1171,16425,17596,5,6,11,482,552,1034,7,0.282987,0.29519,52.371878,0.000191,64,0.000367,0.000378,0.571429,0.003505
5143,Washington County,,AR,14309,200104,214413,48,40,88,9115,8868,17983,6,0.363009,0.389917,27996.153717,0.000932,64,0.014622,0.013933,0.289308,0.112222
5145,White County,,AR,4892,76969,81861,17,17,34,2996,2796,5792,6,0.318813,0.338176,8171.028335,0.000453,64,0.001949,0.002449,0.364286,0.01694
5147,Woodruff County,,AR,471,7332,7803,1,2,3,92,208,300,7,0.241803,0.249897,0,0.000074,64,0.00002,0.000019,1,0.000256
5149,Yell County,,AR,1779,21059,22838,3,6,9,783,1094,1877,7,0.284323,0.29689,125.053806,0.000117,64,0.000317,0.000474,0.666667,0.002682
6001,Alameda County,,CA,105558,1630802,1736360,164,180,344,89480,96705,186185,5,0.417413,0.45938,14392.214888,0.001758,7,0.080227,0.083806,0.384958,0.562853
6003,Alpine County,,CA,108,996,1104,0,0,0,0,0,0,0,0,0,0,0.000051,6,0,0,0,0
6005,Amador County,,CA,2182,37911,40093,8,8,16,1200,1227,2427,6,0.328448,0.345486,0.111111,0.000122,7,0.003101,0.00336,0.972222,0.021462
6007,Butte County,,CA,10830,211583,222413,47,45,92,7757,7810,15567,6,0.342049,0.366793,1381.685311,0.000527,7,0.01681,0.016631,0.640514,0.119308
6009,Calaveras County,,CA,3017,45961,48978,10,14,24,1955,1987,3942,6,0.331879,0.350225,15.848274,0.000144,7,0.003322,0.00591,0.895604,0.023089
6011,Colusa County,,CA,1307,28076,29383,6,7,13,685,774,1459,6,0.286068,0.300323,2.24405,0.000119,7,0.001014,0.001216,0.833333,0.007461
6013,Contra Costa County,,CA,59889,1151253,1211142,111,123,234,61159,52373,113532,5,0.389465,0.426479,5910.244654,0.001212,7,0.055884,0.058464,0.44848,0.40322
6015,Del Norte County,,CA,1433,23632,25065,4,8,12,356,513,869,6,0.331727,0.349302,190.795429,0.000104,7,0.001795,0.003396,0.767857,0.013205
6017,El Dorado County,,CA,12394,192745,205139,39,39,78,9831,9180,19011,6,0.342942,0.367111,191.615043,0.000429,7,0.015786,0.016181,0.732004,0.111992
6019,Fresno County,,CA,31451,957260,988711,70,84,154,24118,25185,49303,6,0.370309,0.403505,3146.945532,0.000792,7,0.030205,0.037915,0.519226,0.222133
6021,Glenn County,,CA,1714,31154,32868,6,5,11,919,997,1916,6,0.284491,0.298363,1.377837,0.000118,7,0.001446,0.000795,0.714286,0.0105
6023,Humboldt County,,CA,6297,127986,134283,39,36,75,3771,3466,7237,6,0.340639,0.363997,2804.109666,0.000454,7,0.016266,0.013935,0.721835,0.117079
6025,Imperial County,,CA,8018,207114,215132,22,22,44,6775,6159,12934,6,0.340078,0.361305,4.162515,0.000256,7,0.011781,0.011686,0.831667,0.083013
6027,Inyo County,,CA,1321,19803,21124,7,8,15,532,516,1048,6,0.331727,0.349302,2.466592,0.000122,7,0.004322,0.005038,0.910714,0.030447
6029,Kern County,,CA,32433,828336,860769,75,86,161,25913,24164,50077,6,0.370166,0.403373,4403.716816,0.000883,7,0.031756,0.038296,0.466605,0.236504
6031,Kings County,,CA,10408,140264,150672,33,38,71,6161,6993,13154,6,0.354898,0.380635,381.999097,0.000391,7,0.017496,0.019515,0.653049,0.127101
6033,Lake County,,CA,3293,58445,61738,18,17,35,2392,1970,4362,6,0.332108,0.350917,3.317408,0.000217,7,0.009134,0.006838,0.902597,0.064884
6035,Lassen County,,CA,2076,25974,28050,8,8,16,622,845,1467,6,0.331917,0.349591,90.966834,0.000135,7,0.003266,0.003482,0.822222,0.022633
6037,Los Angeles County,,CA,365614,10464810,10830424,432,482,914,258795,344381,603176,5,0.487932,0.548951,401711.123062,0.005203,7,0.135368,0.135775,0.117113,0.954115
6039,Madera County,,CA,7902,144332,152234,26,23,49,6828,6144,12972,6,0.33515,0.355385,274.361204,0.00029,7,0.012941,0.010578,0.918803,0.090108
6041,Marin County,,CA,14827,249621,264448,40,43,83,12118,11532,23650,6,0.351832,0.377516,2960.064253,0.000448,7,0.021696,0.021673,0.713469,0.156337
6043,Mariposa County,,CA,1275,17913,19188,6,5,11,648,539,1187,7,0.270693,0.282971,0.176923,0.000108,7,0.001927,0.000736,0.9,0.013764
6045,Mendocino County,,CA,4024,90069,94093,21,16,37,2169,2101,4270,6,0.332605,0.351522,5.785939,0.000248,7,0.011064,0.007425,0.942029,0.079223
6047,Merced County,,CA,13842,257329,271171,32,33,65,12072,11225,23297,6,0.34507,0.3691,560.561775,0.000357,7,0.015056,0.014563,0.792437,0.10719
6049,Modoc County,,CA,513,8624,9137,1,1,2,73,51,124,7,0.256453,0.265901,0,0.000062,7,0.000149,0.000146,0,0.001136
6051,Mono County,,CA,1441,13250,14691,7,7,14,656,524,1180,6,0.331423,0.348726,0.671285,0.000119,7,0.005023,0.004335,0.839286,0.035483
6053,Monterey County,,CA,25817,473310,499127,85,90,175,17339,19435,36774,6,0.37609,0.409553,2234.801307,0.000978,7,0.039973,0.041559,0.489711,0.297098
6055,Napa County,,CA,8696,152362,161058,28,29,57,7122,6555,13677,6,0.341484,0.364084,24.424338,0.000313,7,0.01488,0.01448,0.93871,0.105582
6057,Nevada County,,CA,6392,104454,110846,28,26,54,4536,4238,8774,6,0.340318,0.36221,9.450005,0.000306,7,0.012923,0.012513,0.914315,0.091458
6059,Orange County,,CA,153397,3357611,3511008,243,270,513,136535,140140,276675,5,0.4405,0.489323,46297.854976,0.002693,7,0.103692,0.106869,0.244039,0.723171
6061,Placer County,,CA,25368,372814,398182,59,55,114,26151,20590,46741,6,0.356914,0.384907,1131.718105,0.000662,7,0.02416,0.025055,0.600384,0.175284
6063,Plumas County,,CA,1407,21075,22482,4,5,9,336,503,839,6,0.285418,0.299666,0.125,0.000094,7,0.001035,0.001133,0.95,0.007077
6065,Riverside County,,CA,123480,2187654,2311134,190,194,384,150132,109638,259770,5,0.422599,0.465306,24586.512159,0.002214,7,0.082549,0.077951,0.28872,0.592772
6067,Sacramento County,,CA,74699,1517149,1591848,145,156,301,65158,65528,130686,5,0.397334,0.438637,26999.316003,0.001687,7,0.062987,0.065295,0.354811,0.457898
6069,San Benito County,,CA,3897,61547,65444,12,12,24,3372,2740,6112,6,0.331803,0.349879,0.035714,0.000154,7,0.005615,0.005647,0.989011,0.039068
6071,San Bernardino County,,CA,136156,2099852,2236008,193,236,429,130584,121758,252342,5,0.434606,0.480572,36901.445574,0.002298,7,0.08111,0.091498,0.259391,0.591659
6073,San Diego County,,CA,166277,3405680,3571957,458,441,899,145249,142082,287331,5,0.476355,0.536302,335715.923887,0.005556,7,0.136525,0.132198,0.119934,0.963013
6075,San Francisco County,,CA,75983,844642,920625,133,120,253,61671,69022,130693,5,0.395377,0.432336,4186.607502,0.001357,7,0.071399,0.06311,0.493822,0.491041
6077,San Joaquin County,,CA,35413,719650,755063,61,74,135,33371,29978,63349,6,0.36219,0.393065,1300.618045,0.000689,7,0.025583,0.030881,0.550581,0.188995
6079,San Luis Obispo County,,CA,13954,272437,286391,42,43,85,11131,9959,21090,6,0.344126,0.368984,62.651313,0.000451,7,0.018686,0.018823,0.743794,0.133178
6081,San Mateo County,,CA,53794,801557,855351,80,95,175,45120,48159,93279,5,0.382812,0.41703,1650.708647,0.000847,7,0.045046,0.04984,0.563645,0.320486
6083,Santa Barbara County,,CA,22287,435628,457915,60,72,132,14805,16555,31360,5,0.368421,0.399089,1511.555816,0.000711,7,0.030471,0.035793,0.603554,0.224688
6085,Santa Clara County,,CA,96164,2044323,2140487,196,192,388,78805,85523,164328,5,0.414778,0.458688,19130.355467,0.002101,7,0.090209,0.086715,0.332763,0.629393
6087,Santa Cruz County,,CA,13969,284805,298774,42,50,92,10750,11092,21842,6,0.350467,0.376738,243.053414,0.000439,7,0.01934,0.021624,0.717949,0.136944
6089,Shasta County,,CA,8938,180766,189704,49,45,94,6309,5891,12200,6,0.344865,0.370281,9194.701502,0.000604,7,0.017572,0.017912,0.588961,0.125845
6091,Sierra County,,CA,246,3030,3276,0,1,1,0,42,42,7,0.269877,0.281873,0,0.000051,7,0,0.00024,0,0
6093,Siskiyou County,,CA,2222,45354,47576,8,10,18,742,924,1666,6,0.331879,0.349764,4.716874,0.000135,7,0.003381,0.003747,0.8,0.025363
6095,Solano County,,CA,29479,449769,479248,61,71,132,23471,23120,46591,6,0.368327,0.398893,1704.623352,0.000687,7,0.028503,0.032485,0.554945,0.20973
6097,Sonoma County,,CA,19723,529062,548785,61,61,122,16265,14749,31014,6,0.353207,0.38252,886.63323,0.000671,7,0.026587,0.026939,0.60763,0.192754
6099,Stanislaus County,,CA,26839,544480,571319,53,64,117,21614,22106,43720,6,0.359711,0.389202,1721.684443,0.000583,7,0.023741,0.028109,0.611714,0.173664
6101,Sutter County,,CA,7513,98618,106131,19,22,41,5043,5658,10701,6,0.339678,0.360827,493.432976,0.000248,7,0.008914,0.009976,0.823362,0.06354
6103,Tehama County,,CA,3517,61313,64830,15,11,26,2457,1919,4376,6,0.332032,0.35011,129.195491,0.000203,7,0.005775,0.005032,0.871324,0.041074
6105,Trinity County,,CA,680,11395,12075,2,2,4,246,240,486,7,0.256978,0.266835,0,0.000073,7,0.000265,0.000282,1,0.002186
6107,Tulare County,,CA,16215,455446,471661,38,46,84,12477,12163,24640,6,0.355597,0.382255,170.480027,0.000412,7,0.018913,0.021805,0.721633,0.133589
6109,Tuolumne County,,CA,3102,55623,58725,15,13,28,1631,1557,3188,6,0.304412,0.320852,62.116985,0.00019,7,0.006419,0.004352,0.856209,0.044871
6111,Ventura County,,CA,40080,952181,992261,96,111,207,33244,31886,65130,6,0.385569,0.421492,2855.492131,0.001084,7,0.049712,0.053647,0.482607,0.361887
6113,Yolo County,,CA,16957,196681,213638,43,42,85,12173,13561,25734,6,0.347685,0.37351,525.995181,0.000463,7,0.017949,0.018746,0.761836,0.127628
6115,Yuba County,,CA,8238,68480,76718,21,21,42,5906,5614,11520,6,0.342983,0.364776,287.468297,0.000249,7,0.009384,0.01025,0.801538,0.066427
8001,Adams County,,CO,46228,473415,519643,68,68,136,43169,38612,81781,6,0.37487,0.405696,10265.652572,0.001025,82,0.032021,0.032339,0.442437,0.239382
8003,Alamosa County,,CO,1420,14883,16303,5,8,13,529,690,1219,6,0.310894,0.325429,17457.172584,0.000229,82,0.001277,0.002101,0.25,0.010881
8005,Arapahoe County,,CO,63400,616357,679757,136,113,249,58877,53648,112525,5,0.405868,0.440401,28837.282885,0.001848,82,0.065947,0.057637,0.43018,0.479508
8007,Archuleta County,,CO,1015,11824,12839,2,2,4,146,151,297,6,0.331119,0.34827,0,0.000079,82,0.0012,0.001225,1,0.009268
8009,Baca County,,CO,195,3981,4176,0,0,0,0,0,0,0,0,0,0,0.000051,8,0,0,0,0
8011,Bent County,,CO,329,4395,4724,2,1,3,109,73,182,7,0.236309,0.242102,0.333333,0.000133,82,0.000015,0.000011,0,0.000327
8013,Boulder County,,CO,26537,307105,333642,97,69,166,17710,19832,37542,6,0.374822,0.405863,6217.979654,0.001179,82,0.052904,0.037366,0.537808,0.377047
8014,Broomfield County,,CO,13412,101694,115106,20,16,36,10697,10496,21193,6,0.347518,0.369762,8.868445,0.000299,82,0.012107,0.011163,0.924242,0.09333
8015,Chaffee County,,CO,1304,17928,19232,4,4,8,264,334,598,6,0.31066,0.324565,1.436075,0.000108,82,0.001615,0.001566,0.95,0.013509
8017,Cheyenne County,,CO,154,1998,2152,0,0,0,0,0,0,0,0,0,0,0.000051,9,0,0,0,0
8019,Clear Creek County,,CO,881,9231,10112,5,3,8,493,368,861,6,0.294339,0.306595,0,0.000119,82,0.001653,0.001566,1,0.013743
8021,Conejos County,,CO,389,8011,8400,1,1,2,117,133,250,7,0.237181,0.24337,0,0.000075,82,0.000018,0.000011,0,0.00018
8023,Costilla County,,CO,237,2949,3186,1,1,2,46,49,95,7,0.237181,0.24337,0,0.000075,82,0.000018,0.000011,0,0.00018
8025,Crowley County,,CO,249,2816,3065,2,2,4,115,121,236,7,0.257918,0.266996,0,0.00013,82,0.000107,0.000089,1,0.000878
8027,Custer County,,CO,312,4051,4363,1,1,2,68,59,127,7,0.250542,0.258182,0,0.000065,82,0.000036,0.000015,0,0.000212
8029,Delta County,,CO,2215,31994,34209,4,4,8,761,791,1552,6,0.309894,0.323567,0.551884,0.0001,82,0.000597,0.001339,0.95,0.004637
8031,Denver County,,CO,77564,601276,678840,174,129,303,75319,68355,143674,5,0.409955,0.446062,52584.042497,0.002286,82,0.079045,0.064663,0.364277,0.553336
8033,Dolores County,,CO,127,2071,2198,0,0,0,0,0,0,0,0,0,0,0.000051,10,0,0,0,0
8035,Douglas County,,CO,25981,311158,337139,81,57,138,23260,19477,42737,6,0.36974,0.398351,2809.024471,0.001081,82,0.043253,0.032384,0.55413,0.322262
8037,Eagle County,,CO,6667,53100,59767,19,24,43,2199,3066,5265,6,0.344454,0.367226,2794.72778,0.000311,82,0.00908,0.012175,0.73,0.07053
8039,Elbert County,,CO,2156,23153,25309,7,7,14,1410,1321,2731,6,0.311094,0.325516,0,0.00015,82,0.002753,0.003282,1,0.023229
8041,El Paso County,,CO,52850,666723,719573,287,244,531,48070,37445,85515,5,0.447523,0.491635,188929.429075,0.003966,82,0.097857,0.087684,0.187812,0.712547
8043,Fremont County,,CO,2567,41505,44072,7,12,19,1024,1259,2283,6,0.334258,0.353373,5843.823671,0.000202,82,0.001788,0.004354,0.634615,0.014703
8045,Garfield County,,CO,6314,57240,63554,16,21,37,2001,2943,4944,6,0.342739,0.364487,1308.824127,0.000273,82,0.006665,0.010262,0.705628,0.052335
8047,Gilpin County,,CO,646,5066,5712,5,3,8,350,323,673,6,0.292671,0.304866,0,0.000116,82,0.002478,0.001457,1,0.019774
8049,Grand County,,CO,1597,14215,15812,9,7,16,525,504,1029,6,0.295694,0.308722,0,0.000179,82,0.003199,0.002592,1,0.027645
8051,Gunnison County,,CO,1659,14229,15888,6,7,13,268,413,681,6,0.311497,0.326179,2.551148,0.000133,82,0.001841,0.002711,0.910714,0.0158
8053,Hinsdale County,,CO,73,844,917,0,0,0,0,0,0,0,0,0,0,0.000051,11,0,0,0,0
8055,Huerfano County,,CO,588,6273,6861,2,1,3,113,156,269,7,0.257872,0.266765,0,0.000098,82,0.000112,0.000078,1,0.000892
8057,Jackson County,,CO,132,1517,1649,0,0,0,0,0,0,0,0,0,0,0.000051,12,0,0,0,0
8059,Jefferson County,,CO,48359,556930,605289,89,80,169,39533,40146,79679,6,0.382003,0.413721,15484.465444,0.001263,82,0.042999,0.037214,0.452694,0.320168
8061,Kiowa County,,CO,86,1496,1582,0,0,0,0,0,0,0,0,0,0,0.000051,13,0,0,0,0
8063,Kit Carson County,,CO,560,8260,8820,0,1,1,0,56,56,6,0.309239,0.322101,0,0.000051,82,0,0.000815,0,0
8065,Lake County,,CO,771,7000,7771,2,3,5,140,175,315,7,0.272839,0.284095,0,0.000075,82,0.000156,0.000388,1,0.001119
8067,La Plata County,,CO,3817,51811,55628,16,15,31,1556,1549,3105,6,0.338129,0.358578,162.290629,0.000293,82,0.006939,0.006997,0.705882,0.055995
8069,Larimer County,,CO,22202,323638,345840,74,62,136,14434,14155,28589,6,0.372552,0.401816,11510.215152,0.001137,82,0.032865,0.028165,0.439808,0.243862
8071,Las Animas County,,CO,1216,15406,16622,5,5,10,255,373,628,6,0.310693,0.324738,471.288356,0.000152,82,0.001642,0.001556,0.466667,0.013461
8073,Lincoln County,,CO,295,4861,5156,1,0,1,69,0,69,0,0,0,0,0.000065,82,0.00073,0,0,0.006015
8075,Logan County,,CO,1294,20756,22050,9,6,15,535,485,1020,6,0.295573,0.308348,1413.279142,0.000199,82,0.0022,0.001929,0.633333,0.018509
8077,Mesa County,,CO,11210,159352,170562,39,49,88,4667,5621,10288,6,0.354506,0.382474,14707.373484,0.000596,82,0.015199,0.018664,0.415444,0.115887
8079,Mineral County,,CO,74,789,863,0,0,0,0,0,0,0,0,0,0,0.000051,14,0,0,0,0
8081,Moffat County,,CO,1156,15055,16211,3,3,6,289,246,535,7,0.261819,0.272427,1.830126,0.000097,82,0.000186,0.000147,0.5,0.001398
8083,Montezuma County,,CO,1799,25513,27312,6,6,12,638,629,1267,6,0.331727,0.349596,46.54396,0.000136,7,0.001523,0.001488,0.595238,0.01185
8085,Montrose County,,CO,3160,44259,47419,11,16,27,1060,1481,2541,6,0.336163,0.356301,11913.956474,0.000276,82,0.004639,0.005479,0.581699,0.035387
8087,Morgan County,,CO,1929,30779,32708,9,7,16,919,869,1788,6,0.295694,0.308694,1523.033437,0.000187,82,0.003135,0.00228,0.736111,0.025048
8089,Otero County,,CO,1072,19675,20747,5,4,9,468,441,909,6,0.309396,0.322731,5236.977164,0.000269,82,0.001369,0.000894,0.4,0.011495
8091,Ouray County,,CO,419,4315,4734,2,1,3,172,72,244,7,0.25161,0.259566,0,0.000093,82,0.000046,0.000039,1,0.000475
8093,Park County,,CO,1412,14947,16359,8,7,15,877,676,1553,6,0.31076,0.325084,5.046715,0.000176,82,0.002673,0.002711,0.821429,0.022678
8095,Phillips County,,CO,265,4744,5009,0,0,0,0,0,0,0,0,0,0,0.000051,15,0,0,0,0
8097,Pitkin County,,CO,1966,15695,17661,5,4,9,621,710,1331,6,0.291109,0.303315,0,0.000114,82,0.002179,0.00123,1,0.017614
8099,Prowers County,,CO,948,12835,13783,2,3,5,84,233,317,6,0.309363,0.322559,1069.43047,0.000086,82,0.00083,0.000893,0.333333,0.006709
8101,Pueblo County,,CO,6919,167551,174470,25,23,48,4151,3540,7691,6,0.347434,0.370598,12498.022425,0.000582,82,0.009345,0.011928,0.497537,0.073017
8103,Rio Blanco County,,CO,951,6790,7741,2,4,6,131,281,412,7,0.262294,0.273355,2.017051,0.000089,82,0.000157,0.000197,0.5,0.001152
8105,Rio Grande County,,CO,1017,15076,16093,1,3,4,178,331,509,6,0.309463,0.322731,0,0.000075,82,0.000018,0.000904,0.833333,0.00018
8107,Routt County,,CO,2608,23517,26125,8,9,17,565,813,1378,6,0.311497,0.32641,481.254749,0.000178,82,0.002247,0.00349,0.836364,0.019909
8109,Saguache County,,CO,282,3573,3855,1,0,1,41,0,41,0,0,0,0,0.000075,82,0.000018,0,0,0.00018
8111,San Juan County,,CO,61,632,693,0,0,0,0,0,0,0,0,0,0,0.000051,16,0,0,0,0
8113,San Miguel County,,CO,894,6637,7531,1,2,3,56,165,221,7,0.251632,0.259739,0,0.000066,82,0.000046,0.000039,1,0.000383
8115,Sedgwick County,,CO,191,2560,2751,0,0,0,0,0,0,0,0,0,0,0.000051,17,0,0,0,0
8117,Summit County,,CO,3911,30714,34625,15,18,33,1388,1738,3126,6,0.337497,0.357973,1375.13722,0.000273,82,0.005446,0.006549,0.623684,0.044536
8119,Teller County,,CO,2114,25137,27251,5,4,9,1071,912,1983,6,0.333487,0.351355,26.372445,0.000128,82,0.002201,0.002365,0.6,0.017902
8121,Washington County,,CO,343,4667,5010,0,3,3,0,135,135,7,0.228353,0.234512,0,0.000051,82,0,0.000044,0.5,0
8123,Weld County,,CO,18909,266054,284963,41,40,81,16404,13047,29451,6,0.352776,0.378883,6242.577249,0.000653,82,0.01859,0.018563,0.497738,0.140537
8125,Yuma County,,CO,751,10659,11410,1,2,3,47,130,177,7,0.26087,0.270759,76.416054,0.000065,82,0,0.000173,0.5,0.000087
9001,Fairfield County,,CT,39679,995074,1034753,110,146,256,32301,32851,65152,5,0.397334,0.437311,4992.332735,0.001012,116,0.06261,0.074696,0.470471,0.417243
9003,Hartford County,,CT,40388,1055822,1096210,106,145,251,29117,32386,61503,5,0.398209,0.438326,10625.149727,0.001009,116,0.060511,0.07342,0.462227,0.408699
9005,Litchfield County,,CT,9361,225952,235313,13,23,36,6367,6080,12447,6,0.345276,0.367289,15.611798,0.000143,116,0.006943,0.014175,0.831667,0.042615
9007,Middlesex County,,CT,10955,194583,205538,13,20,33,7587,7612,15199,6,0.346851,0.368437,112.852384,0.000147,116,0.006357,0.01279,0.854978,0.039108
9009,New Haven County,,CT,39178,977224,1016402,106,135,241,28506,31733,60239,5,0.392906,0.432071,4250.581402,0.001005,116,0.059201,0.072339,0.510153,0.400886
9011,New London County,,CT,17494,320417,337911,56,70,126,9690,11222,20912,6,0.369127,0.399648,1588.450161,0.000551,116,0.029236,0.040433,0.575429,0.195847
9013,Tolland County,,CT,9986,164665,174651,12,11,23,7400,6762,14162,6,0.30422,0.321146,2.616592,0.000133,116,0.00448,0.004714,0.82967,0.025304
9015,Windham County,,CT,6428,134464,140892,9,14,23,3735,4291,8026,6,0.296787,0.313467,1.911937,0.000117,116,0.002733,0.004501,0.868132,0.015905
10001,Kent County,,DE,9984,179480,189464,33,28,61,6505,3362,9867,6,0.342536,0.366125,1371.437317,0.000402,116,0.015262,0.015042,0.600465,0.106434
10003,New Castle County,,DE,25691,620023,645714,89,100,189,17064,18265,35329,5,0.385261,0.419982,5726.798545,0.000861,116,0.049669,0.055266,0.573812,0.333333
10005,Sussex County,,DE,8368,214642,223010,45,22,67,5476,4038,9514,6,0.315749,0.336049,2310.118276,0.000514,116,0.017814,0.009734,0.493351,0.120176
11001,District of Columbia,,DC,59459,579863,639322,186,139,325,55610,50097,105707,5,0.410187,0.448126,17782.584811,0.001998,195,0.091177,0.074221,0.401571,0.625565
12001,Alachua County,,FL,21577,230538,252115,67,83,150,12580,15208,27788,5,0.389623,0.422126,13144.722727,0.00088,18,0.033727,0.046593,0.537155,0.248287
12003,Baker County,,FL,1741,26336,28077,6,6,12,963,1034,1997,6,0.304316,0.318494,3.65,0.000136,18,0.001238,0.001161,0.619048,0.008771
12005,Bay County,,FL,14134,181993,196127,63,65,128,6393,6784,13177,6,0.372408,0.402675,21822.730048,0.000922,18,0.030076,0.03047,0.439143,0.221986
12007,Bradford County,,FL,1859,24596,26455,7,7,14,1019,1109,2128,6,0.304412,0.318782,3.380105,0.00014,18,0.001654,0.001734,0.767857,0.01091
12009,Brevard County,,FL,29342,605502,634844,155,129,284,21171,18081,39252,5,0.403208,0.440586,8611.177618,0.001622,18,0.078056,0.067662,0.403345,0.535277
12011,Broward County,,FL,114297,1910306,2024603,245,272,517,104760,101979,206739,5,0.4405,0.489698,57114.162472,0.002638,18,0.10658,0.110497,0.250825,0.737976
12013,Calhoun County,,FL,850,11951,12801,3,4,7,428,387,815,6,0.283431,0.295936,18.018216,0.000119,18,0.000264,0.000515,0.666667,0.002143
12015,Charlotte County,,FL,11913,161708,173621,39,27,66,7339,6759,14098,6,0.335188,0.35855,152.484339,0.000408,18,0.021932,0.015489,0.728858,0.146686
12017,Citrus County,,FL,8281,147483,155764,29,23,52,4859,4017,8876,6,0.316996,0.336994,39.070729,0.000362,18,0.015761,0.012552,0.816092,0.110926
12019,Clay County,,FL,19998,212066,232064,55,61,116,14941,13639,28580,6,0.371689,0.400709,3352.100267,0.000669,18,0.026195,0.034255,0.535856,0.186743
12021,Collier County,,FL,21543,341667,363210,98,79,177,15961,13714,29675,5,0.387534,0.419249,1754.182144,0.00093,18,0.055991,0.046157,0.543025,0.366057
12023,Columbia County,,FL,4563,64060,68623,19,22,41,2844,2590,5434,6,0.317204,0.336879,1254.70002,0.000302,18,0.008569,0.009426,0.565217,0.060417
12027,DeSoto County,,FL,1862,27978,29840,7,8,15,924,933,1857,6,0.30664,0.322582,3.330925,0.000141,18,0.002535,0.003548,0.875,0.02025
12029,Dixie County,,FL,964,12545,13509,5,4,9,371,380,751,6,0.280543,0.292131,24.678822,0.000123,18,0.001255,0.000393,0.533333,0.008454
12031,Duval County,,FL,65472,962720,1028192,239,234,473,49298,51592,100890,5,0.436905,0.482146,98135.092981,0.002828,18,0.100696,0.098799,0.265626,0.703938
12033,Escambia County,,FL,26463,311160,337623,109,108,217,14840,17489,32329,6,0.391681,0.427217,15343.886322,0.001367,20,0.052545,0.053267,0.42819,0.386081
12035,Flagler County,,FL,7920,101806,109726,32,21,53,5078,4309,9387,6,0.318182,0.338222,23.016973,0.000329,18,0.019199,0.012058,0.783193,0.125867
12037,Franklin County,,FL,630,9485,10115,3,4,7,171,221,392,6,0.283404,0.295878,15.719908,0.000102,18,0.000623,0.000515,0.583333,0.00393
12039,Gadsden County,,FL,3205,49444,52649,9,7,16,2250,2173,4423,6,0.310326,0.326623,1014.065585,0.000225,18,0.00394,0.002097,0.416667,0.02756
12041,Gilchrist County,,FL,1317,15155,16472,5,5,10,838,634,1472,6,0.282407,0.294454,2.981849,0.00013,18,0.000545,0.000715,0.666667,0.003643
12043,Glades County,,FL,871,8258,9129,4,4,8,362,490,852,6,0.295331,0.308204,0.953286,0.000097,18,0.001589,0.000938,0.8,0.011847
12045,Gulf County,,FL,989,12824,13813,3,1,4,404,316,720,7,0.271379,0.282063,0,0.000095,18,0.000625,0.000251,1,0.003938
12047,Hamilton County,,FL,1076,11758,12834,3,4,7,248,488,736,6,0.305732,0.321434,5.98371,0.000097,18,0.000266,0.001254,0.75,0.002169
12049,Hardee County,,FL,1706,25290,26996,5,5,10,753,952,1705,6,0.305248,0.320783,0.204021,0.000111,18,0.001858,0.002092,0.95,0.014524
12051,Hendry County,,FL,3323,36476,39799,9,11,20,1710,2088,3798,6,0.313354,0.330912,60.655512,0.000151,18,0.006043,0.006301,0.780303,0.043753
12053,Hernando County,,FL,11762,176482,188244,34,27,61,8786,6906,15692,6,0.344536,0.367491,66.223844,0.000395,18,0.020189,0.016662,0.840385,0.138169
12055,Highlands County,,FL,5721,96055,101776,20,24,44,2586,2873,5459,6,0.31568,0.33512,131.180395,0.000284,18,0.009885,0.012895,0.72,0.072844
12057,Hillsborough County,,FL,88901,1321179,1410080,314,275,589,79272,74028,153300,5,0.438296,0.488827,96363.481046,0.003594,18,0.118296,0.110778,0.211682,0.824741
12059,Holmes County,,FL,1409,17301,18710,5,7,12,709,866,1575,7,0.282766,0.296302,56.552528,0.000142,18,0.000292,0.000749,0.690476,0.002751
12061,Indian River County,,FL,8672,149224,157896,30,21,51,5177,4314,9491,6,0.341161,0.363294,51.848691,0.000339,18,0.016086,0.014415,0.77563,0.109742
12063,Jackson County,,FL,2910,45976,48886,8,9,17,1358,1422,2780,6,0.290232,0.304658,154.771988,0.000201,18,0.000688,0.000987,0.458333,0.005169
12065,Jefferson County,,FL,966,14058,15024,2,3,5,402,555,957,6,0.278195,0.289923,1.17619,0.00009,18,0.000369,0.000277,0.666667,0.002035
12067,Lafayette County,,FL,382,5773,6155,1,1,2,72,125,197,7,0.237845,0.245054,0,0.000069,18,0.000032,0.000058,0,0.000486
12069,Lake County,,FL,24182,317533,341715,75,56,131,19962,16559,36521,6,0.36993,0.398253,646.694865,0.000779,18,0.040657,0.033803,0.590217,0.274484
12071,Lee County,,FL,40784,639959,680743,221,163,384,34513,28652,63165,5,0.418743,0.458348,25911.723267,0.002259,18,0.092023,0.079844,0.283408,0.613401
12073,Leon County,,FL,22038,260928,282966,70,88,158,14027,15998,30025,5,0.385107,0.418362,53794.180929,0.001056,18,0.030739,0.044061,0.442118,0.225321
12075,Levy County,,FL,3117,39777,42894,9,10,19,1702,1809,3511,6,0.313422,0.33056,299.912251,0.000172,18,0.00434,0.005213,0.711111,0.030529
12077,Liberty County,,FL,440,6665,7105,2,2,4,170,168,338,6,0.278114,0.289634,7.289625,0.000086,18,0.000371,0.000258,0.5,0.002031
12079,Madison County,,FL,1067,17845,18912,4,4,8,321,382,703,6,0.281609,0.294229,16.090647,0.000112,18,0.000565,0.000464,0.5,0.003675
12081,Manatee County,,FL,21951,336253,358204,87,56,143,15697,13510,29207,5,0.376138,0.405119,2021.062538,0.000899,18,0.050215,0.034079,0.607262,0.339738
12083,Marion County,,FL,20168,349583,369751,74,58,132,13320,11792,25112,6,0.369268,0.397867,2519.748546,0.000826,18,0.037988,0.032947,0.57521,0.261667
12085,Martin County,,FL,10799,149232,160031,29,21,50,7227,6793,14020,6,0.332375,0.354191,43.975511,0.000317,18,0.017279,0.012587,0.839785,0.11563
12086,Miami-Dade County,,FL,113467,2698361,2811828,255,254,509,89939,101157,191096,5,0.437566,0.48523,64863.228959,0.002839,18,0.109833,0.106917,0.262988,0.768134
12087,Monroe County,,FL,8250,78379,86629,33,33,66,3747,3874,7621,6,0.342861,0.366984,56.647532,0.000397,18,0.019033,0.018824,0.755128,0.138751
12089,Nassau County,,FL,5474,81727,87201,13,8,21,3149,2596,5745,6,0.309794,0.325845,54.604483,0.000194,18,0.006149,0.0027,0.6,0.040984
12091,Okaloosa County,,FL,24772,202538,227310,98,104,202,11471,15754,27225,6,0.390465,0.426081,19843.572533,0.001263,20,0.045011,0.045108,0.352854,0.334206
12093,Okeechobee County,,FL,2535,36792,39327,10,11,21,1093,1164,2257,6,0.312136,0.329407,55.792005,0.000165,18,0.004625,0.005876,0.772727,0.033767
12095,Orange County,,FL,108416,1207406,1315822,259,265,524,89288,93620,182908,5,0.441239,0.489554,58557.513557,0.002856,18,0.109312,0.109807,0.255597,0.758839
12097,Osceola County,,FL,34559,283047,317606,83,82,165,27457,27413,54870,5,0.380195,0.412966,623.038435,0.000797,18,0.04871,0.048325,0.630592,0.326821
12099,Palm Beach County,,FL,69711,1382924,1452635,238,222,460,65175,57860,123035,5,0.423156,0.469855,31227.5426,0.002471,18,0.10449,0.098796,0.291786,0.719642
12101,Pasco County,,FL,36788,475322,512110,120,86,206,31221,26177,57398,5,0.386239,0.419324,1958.112087,0.001159,18,0.062862,0.05052,0.498065,0.415267
12103,Pinellas County,,FL,55090,978331,1033421,232,212,444,43989,42222,86211,5,0.430849,0.474876,39367.308291,0.002455,18,0.101708,0.096773,0.291409,0.694703
12105,Polk County,,FL,40094,632180,672274,138,122,260,30099,28022,58121,5,0.399034,0.43674,9514.818325,0.001415,18,0.07018,0.061776,0.39913,0.474738
12107,Putnam County,,FL,4559,71786,76345,14,13,27,2490,2666,5156,6,0.312237,0.329638,22.305617,0.000206,18,0.006983,0.006588,0.891667,0.050072
12109,St. Johns County,,FL,14553,199290,213843,58,41,99,12757,8926,21683,6,0.365394,0.391871,604.187337,0.000647,18,0.035206,0.026921,0.702538,0.24642
12111,St. Lucie County,,FL,20056,293002,313058,73,55,128,17342,13556,30898,6,0.36828,0.3968,571.708,0.000712,18,0.041905,0.033692,0.667118,0.280482
12113,Santa Rosa County,,FL,15393,156537,171930,52,47,99,10101,9164,19265,6,0.363465,0.391295,3243.45046,0.00069,20,0.02817,0.024522,0.537313,0.208995
12115,Sarasota County,,FL,25830,402380,428210,118,79,197,20847,17116,37963,5,0.391522,0.423256,2360.37893,0.001091,18,0.061597,0.049126,0.505844,0.399013
12117,Seminole County,,FL,44517,452245,496762,104,109,213,35307,36237,71544,5,0.394999,0.431206,2389.244264,0.001086,18,0.060623,0.063293,0.540792,0.416705
12119,Sumter County,,FL,5081,88942,94023,46,13,59,5125,2884,8009,6,0.313048,0.330658,24.710614,0.000478,18,0.025901,0.007435,0.716466,0.173706
12121,Suwannee County,,FL,3020,38804,41824,14,13,27,1614,1530,3144,6,0.312035,0.329315,6754.918603,0.00027,18,0.007014,0.003837,0.520468,0.049667
12123,Taylor County,,FL,1136,20702,21838,3,5,8,264,412,676,6,0.305506,0.321359,67.980277,0.000096,18,0.001294,0.001315,0.45,0.008924
12125,Union County,,FL,1031,11295,12326,6,7,13,741,615,1356,6,0.304958,0.319647,7.528782,0.000136,18,0.001346,0.001689,0.767857,0.009327
12127,Volusia County,,FL,31993,526644,558637,129,108,237,22849,21459,44308,5,0.394568,0.43063,5168.111845,0.001336,18,0.065428,0.059584,0.460814,0.443246
12129,Wakulla County,,FL,2163,29856,32019,4,4,8,1465,1168,2633,6,0.278141,0.289923,3,0.000136,18,0.000391,0.000297,0.5,0.002462
12131,Walton County,,FL,4921,51730,56651,16,10,26,2941,2273,5214,6,0.312507,0.329477,1317.663821,0.000263,20,0.005962,0.002662,0.558824,0.04353
12133,Washington County,,FL,1920,22391,24311,5,6,11,1107,1122,2229,7,0.282738,0.296129,15.74313,0.00012,18,0.001011,0.000741,0.785714,0.006878
13001,Appling County,,GA,924,18169,19093,5,5,10,402,341,743,7,0.236,0.243659,92.195215,0.000233,20,0.000059,0.000034,0.333333,0.000901
13003,Atkinson County,,GA,691,8437,9128,1,1,2,274,254,528,7,0.224074,0.230278,0,0.000087,20,0.000005,0.000008,0,0.000161
13005,Bacon County,,GA,695,10581,11276,4,4,8,217,308,525,7,0.235558,0.242944,13.374213,0.00019,20,0.000024,0.000028,0.5,0.000613
13007,Baker County,,GA,270,3339,3609,2,2,4,91,145,236,7,0.242127,0.251235,0,0.0001,20,0.000072,0.000089,1,0.000834
13009,Baldwin County,,GA,2913,42859,45772,12,12,24,1414,1631,3045,6,0.308505,0.325159,10130.67956,0.000328,20,0.003276,0.002894,0.429487,0.024328
13011,Banks County,,GA,1627,18091,19718,7,6,13,1241,1061,2302,7,0.258679,0.268723,64.188489,0.000174,20,0.001002,0.00014,0.696429,0.007064
13013,Barrow County,,GA,6107,73605,79712,15,14,29,5185,3913,9098,6,0.307422,0.323758,328.831599,0.000254,20,0.00401,0.003742,0.72381,0.028875
13015,Bartow County,,GA,7692,107690,115382,18,19,37,4679,4725,9404,6,0.330438,0.35222,629.605851,0.000298,20,0.004537,0.006647,0.505929,0.032545
13017,Ben Hill County,,GA,994,17683,18677,5,4,9,491,372,863,7,0.235308,0.243002,989.399222,0.000235,20,0.000169,0.000023,0.4,0.001675
13019,Berrien County,,GA,1499,17320,18819,5,4,9,863,656,1519,7,0.256818,0.267822,126.888376,0.000235,20,0.000167,0.000157,0.5,0.001631
13021,Bibb County,,GA,10745,163880,174625,34,27,61,6172,6671,12843,6,0.316683,0.338458,13175.776137,0.000675,20,0.011884,0.006758,0.370555,0.086707
13023,Bleckley County,,GA,754,12616,13370,6,6,12,477,415,892,7,0.265961,0.277388,13.473274,0.00021,20,0.000249,0.000313,0.633333,0.00289
13025,Brantley County,,GA,1169,16739,17908,7,5,12,839,670,1509,7,0.256294,0.266192,218.869604,0.000194,18,0.001025,0.000158,0.619048,0.00757
13027,Brooks County,,GA,1410,15588,16998,3,4,7,736,864,1600,7,0.256886,0.267937,1.183333,0.00012,20,0.000183,0.000168,0.833333,0.00151
13029,Bryan County,,GA,4658,34312,38970,13,5,18,2535,1854,4389,6,0.28792,0.30102,105.509201,0.000216,20,0.004816,0.000801,0.664835,0.036115
13031,Bulloch County,,GA,4952,56368,61320,20,25,45,2829,2799,5628,6,0.314,0.334031,12393.941146,0.000499,20,0.004549,0.0059,0.330769,0.03339
13033,Burke County,,GA,1537,25570,27107,7,5,12,884,917,1801,7,0.272171,0.284126,356.160484,0.00021,119,0.000531,0.000434,0.375,0.004657
13035,Butts County,,GA,2137,22995,25132,9,8,17,1438,1383,2821,6,0.30406,0.318696,184.50183,0.00019,20,0.002128,0.001524,0.625,0.016259
13037,Calhoun County,,GA,361,5335,5696,1,1,2,79,90,169,7,0.242026,0.250889,0,0.00007,20,0.000071,0.000088,0,0.00072
13039,Camden County,,GA,6446,51726,58172,21,23,44,2627,2746,5373,6,0.337025,0.358722,1971.479892,0.000318,18,0.007811,0.009919,0.48545,0.055992
13043,Candler County,,GA,808,10249,11057,4,3,7,441,375,816,7,0.239103,0.24762,1.8968,0.000155,20,0.000475,0.000048,0.666667,0.003557
13045,Carroll County,,GA,8595,113655,122250,21,24,45,5568,5640,11208,6,0.31076,0.329845,5068.541426,0.000354,20,0.004629,0.005213,0.458333,0.034092
13047,Catoosa County,,GA,5260,64800,70060,9,6,15,3963,3604,7567,7,0.272043,0.283444,76.620214,0.000238,160,0.001056,0.000283,0.555556,0.008084
13049,Charlton County,,GA,742,9335,10077,4,4,8,345,338,683,6,0.30422,0.318091,1.811111,0.000113,18,0.000938,0.000964,0.6,0.006961
13051,Chatham County,,GA,23943,266009,289952,106,113,219,14418,15225,29643,5,0.398209,0.43395,76653.664483,0.001506,20,0.047526,0.050547,0.371383,0.345243
13053,Chattahoochee County,,GA,4422,6571,10993,11,20,31,1147,2324,3471,6,0.328336,0.348582,197.439283,0.00021,20,0.004136,0.006904,0.685714,0.033077
13055,Chattooga County,,GA,1282,25190,26472,4,4,8,579,669,1248,7,0.237142,0.245406,6.079313,0.000124,20,0.000063,0.000044,0.45,0.000781
13057,Cherokee County,,GA,16063,230761,246824,45,48,93,12501,10905,23406,6,0.363831,0.391324,6235.452483,0.000621,20,0.022042,0.025261,0.541751,0.160551
13059,Clarke County,,GA,12129,95593,107722,34,37,71,5612,7465,13077,6,0.35442,0.379684,22348.603504,0.000606,20,0.008932,0.014045,0.386364,0.067522
13061,Clay County,,GA,208,3050,3258,0,0,0,0,0,0,0,0,0,0,0.000051,19,0,0,0,0
13063,Clayton County,,GA,39622,276017,315639,77,73,150,30588,33280,63868,6,0.38261,0.414199,13953.556786,0.00098,20,0.037512,0.035675,0.456288,0.264488
13065,Clinch County,,GA,400,6707,7107,2,2,4,113,130,243,7,0.256818,0.267563,0,0.000099,20,0.000167,0.000158,1,0.001347
13067,Cobb County,,GA,68378,751329,819707,202,210,412,55465,58896,114361,5,0.432008,0.475816,104758.109387,0.002463,20,0.088351,0.092414,0.308783,0.62133
13069,Coffee County,,GA,2305,39971,42276,8,9,17,756,798,1554,6,0.288753,0.302681,19609.431487,0.000382,20,0.000991,0.000556,0.222222,0.007678
13071,Colquitt County,,GA,2208,44340,46548,10,10,20,1108,1013,2121,6,0.305409,0.320789,1250.486761,0.000309,20,0.001152,0.001139,0.418182,0.009163
13073,Columbia County,,GA,10926,131041,141967,42,33,75,8568,6151,14719,6,0.346352,0.372017,9815.325962,0.000653,119,0.018414,0.016246,0.545894,0.138635
13075,Cook County,,GA,1243,16522,17765,5,4,9,782,680,1462,7,0.256864,0.267937,2.635714,0.000206,20,0.000177,0.000165,0.7,0.001715
13077,Coweta County,,GA,9434,142873,152307,27,26,53,6318,5358,11676,6,0.33675,0.358434,7608.542578,0.000391,20,0.011323,0.009412,0.476471,0.08161
13079,Crawford County,,GA,974,12641,13615,3,3,6,579,582,1161,7,0.265717,0.276552,0,0.000144,20,0.000219,0.000295,1,0.002452
13081,Crisp County,,GA,1484,21854,23338,7,7,14,612,630,1242,7,0.265449,0.277388,5586.269021,0.00029,20,0.000253,0.000318,0.285714,0.002875
13083,Dade County,,GA,1065,15783,16848,6,5,11,626,623,1249,7,0.270339,0.281466,7.906244,0.000201,160,0.000208,0.000261,0.633333,0.002549
13085,Dawson County,,GA,2082,21672,23754,8,7,15,1530,1365,2895,6,0.306023,0.321048,2.566671,0.000166,20,0.002819,0.002051,0.875,0.019949
13087,Decatur County,,GA,1588,28687,30275,7,6,13,693,631,1324,6,0.278355,0.290615,8329.575328,0.000316,18,0.000407,0.000311,0.380952,0.002898
13089,DeKalb County,,GA,88479,698646,787125,188,182,370,72219,78866,151085,5,0.427599,0.468707,62214.450816,0.002252,20,0.086336,0.08374,0.335947,0.605088
13091,Dodge County,,GA,1020,19164,20184,5,6,11,437,488,925,7,0.26601,0.277503,873.784152,0.000213,20,0.00019,0.000311,0.566667,0.002074
13093,Dooly County,,GA,739,10635,11374,3,3,6,345,418,763,7,0.264671,0.275439,2.461111,0.000127,20,0.000165,0.000198,0.666667,0.001754
13095,Dougherty County,,GA,7807,96614,104421,29,29,58,4258,5059,9317,6,0.319271,0.341566,35654.404607,0.000652,20,0.010603,0.008562,0.399194,0.076371
13097,Douglas County,,GA,15350,136645,151995,31,29,60,10926,10905,21831,6,0.35643,0.380284,1922.235522,0.00041,20,0.014109,0.013359,0.530364,0.099225
13099,Early County,,GA,560,11318,11878,2,2,4,132,130,262,7,0.234032,0.242303,151.067803,0.000141,20,0.00003,0.000058,0.5,0.000646
13101,Echols County,,GA,337,3321,3658,1,1,2,91,162,253,7,0.256681,0.26713,0,0.000068,20,0.000155,0.000139,0,0.001107
13103,Effingham County,,GA,4424,56295,60719,7,7,14,2853,2430,5283,6,0.287977,0.301591,19.766527,0.000183,20,0.001024,0.000999,0.52381,0.007664
13105,Elbert County,,GA,1185,22562,23747,4,5,9,413,541,954,7,0.262413,0.273067,4.707463,0.000121,20,0.000128,0.000156,0.6,0.001091
13107,Emanuel County,,GA,1199,23537,24736,8,6,14,525,446,971,7,0.272607,0.285106,808.52025,0.000287,20,0.000507,0.000333,0.319444,0.004114
13109,Evans County,,GA,839,11026,11865,3,3,6,320,352,672,6,0.284968,0.297146,10.447209,0.000114,20,0.000472,0.00044,0.833333,0.003422
13111,Fannin County,,GA,1394,23252,24646,6,6,12,447,547,994,6,0.302058,0.316177,15898.64235,0.000241,20,0.001796,0.000974,0.428571,0.013108
13113,Fayette County,,GA,8875,117044,125919,22,17,39,6775,4997,11772,6,0.339678,0.360342,818.75031,0.000302,20,0.011068,0.006049,0.618462,0.0781
13115,Floyd County,,GA,4978,100416,105394,13,17,30,2362,2860,5222,6,0.310093,0.327857,5722.361117,0.00024,20,0.003488,0.004157,0.511029,0.024698
13117,Forsyth County,,GA,11987,186812,198799,37,35,72,10703,7620,18323,6,0.358729,0.38414,2185.303483,0.000494,20,0.018596,0.018689,0.528163,0.130598
13119,Franklin County,,GA,1756,23823,25579,9,9,18,1011,1066,2077,7,0.26385,0.275107,223.504143,0.000205,20,0.001004,0.00022,0.577778,0.007294
13121,Fulton County,,GA,109863,884109,993972,256,234,490,113414,99336,212750,5,0.436048,0.48154,140417.849813,0.003157,20,0.104507,0.096448,0.256214,0.732836
13123,Gilmer County,,GA,1714,28270,29984,8,8,16,858,697,1555,6,0.302153,0.31658,107.576888,0.000178,20,0.00189,0.001175,0.566667,0.012875
13125,Glascock County,,GA,242,2793,3035,1,2,3,42,93,135,8,0.214021,0.219903,0,0.00008,119,0.000004,0.000007,1,0.000127
13127,Glynn County,,GA,5489,82559,88048,19,24,43,2267,2357,4624,6,0.324576,0.346368,3863.25454,0.00034,18,0.00717,0.010254,0.511905,0.050831
13129,Gordon County,,GA,3653,60580,64233,11,12,23,2087,2153,4240,6,0.304829,0.3211,1687.349019,0.000255,20,0.001344,0.001986,0.507576,0.010036
13131,Grady County,,GA,1500,24622,26122,7,6,13,808,802,1610,6,0.278516,0.290903,133.804341,0.000227,20,0.000494,0.000321,0.404762,0.003634
13133,Greene County,,GA,977,16819,17796,5,3,8,422,286,708,7,0.26189,0.271723,1.775232,0.000133,20,0.001685,0.000098,0.75,0.012049
13135,Gwinnett County,,GA,68850,868335,937185,195,216,411,59464,58688,118152,5,0.427473,0.472587,97563.272323,0.002403,20,0.084788,0.089138,0.284435,0.593498
13137,Habersham County,,GA,2655,44781,47436,8,7,15,1536,1432,2968,6,0.299803,0.31443,253.875062,0.000229,20,0.000886,0.00085,0.541667,0.006724
13139,Hall County,,GA,11906,198019,209925,30,31,61,7367,7362,14729,6,0.348397,0.372414,9094.228933,0.000525,20,0.010864,0.011797,0.402402,0.080874
13141,Hancock County,,GA,559,8890,9449,1,1,2,165,207,372,7,0.235788,0.242812,0,0.000074,20,0.000024,0.000027,0,0.000294
13143,Haralson County,,GA,2194,29023,31217,6,6,12,1541,1446,2987,6,0.30209,0.316234,555.823532,0.000138,20,0.001011,0.000974,0.733333,0.007281
13145,Harris County,,GA,2422,33258,35680,6,6,12,1741,1422,3163,7,0.281089,0.293771,10.524812,0.00015,20,0.000529,0.000469,0.571429,0.004272
13147,Hart County,,GA,1427,26018,27445,5,7,12,713,776,1489,7,0.262484,0.27347,192.135339,0.000137,20,0.00076,0.00018,0.571429,0.005465
13149,Heard County,,GA,873,10661,11534,3,3,6,531,526,1057,7,0.253086,0.262365,0,0.000093,20,0.000154,0.000163,1,0.00146
13151,Henry County,,GA,19114,217148,236262,63,56,119,18005,14043,32048,6,0.371689,0.40053,15432.187864,0.000839,20,0.028909,0.025428,0.457117,0.201454
13153,Houston County,,GA,12075,157064,169139,59,52,111,8159,6556,14715,6,0.359532,0.38787,64020.796111,0.001081,20,0.023327,0.019288,0.363598,0.174469
13155,Irwin County,,GA,742,9271,10013,3,4,7,427,468,895,7,0.235289,0.242973,11.075586,0.000174,20,0.000014,0.000026,0.5,0.000487
13157,Jackson County,,GA,5191,63882,69073,15,14,29,4064,3526,7590,6,0.30739,0.3237,1346.668968,0.000292,20,0.002713,0.003326,0.470588,0.020366
13159,Jasper County,,GA,1213,14842,16055,5,6,11,640,655,1295,7,0.271379,0.282656,2.811346,0.000133,20,0.000358,0.000428,0.633333,0.003174
13161,Jeff Davis County,,GA,863,14351,15214,5,3,8,377,338,715,7,0.224352,0.231177,48.301111,0.00025,20,0.000009,0.000009,0.3,0.000596
13163,Jefferson County,,GA,1038,19620,20658,6,6,12,420,583,1003,7,0.272222,0.284357,4385.092798,0.000206,119,0.000425,0.000438,0.333333,0.003719
13165,Jenkins County,,GA,473,8253,8726,2,2,4,187,158,345,7,0.239044,0.247332,1.52601,0.000104,20,0.000053,0.000042,0.5,0.000514
13167,Johnson County,,GA,446,8200,8646,3,3,6,228,275,503,7,0.236754,0.244507,13.659715,0.000136,20,0.000032,0.000019,0.5,0.000452
13169,Jones County,,GA,1995,30373,32368,6,4,10,1383,1142,2525,7,0.265864,0.277013,8.106562,0.000184,20,0.000269,0.000325,0.566667,0.003086
13171,Lamar County,,GA,1528,17190,18718,7,7,14,963,897,1860,7,0.278088,0.290232,11.75243,0.000193,20,0.000579,0.000621,0.690476,0.004963
13173,Lanier County,,GA,1073,7648,8721,2,2,4,596,503,1099,7,0.256704,0.267303,0,0.000118,20,0.000157,0.00014,1,0.001217
13175,Laurens County,,GA,2430,53794,56224,13,12,25,917,934,1851,6,0.309165,0.326023,14363.019657,0.000399,20,0.001755,0.003038,0.316667,0.014565
13177,Lee County,,GA,3214,32182,35396,5,6,11,2209,1582,3791,7,0.257504,0.269269,77.60005,0.000189,20,0.000092,0.000248,0.366667,0.001266
13179,Liberty County,,GA,18934,59880,78814,50,68,118,5840,10552,16392,6,0.372456,0.403349,11821.686006,0.00076,20,0.021234,0.03058,0.464992,0.161574
13181,Lincoln County,,GA,472,8357,8829,2,2,4,165,180,345,7,0.271762,0.283043,0,0.000082,119,0.000414,0.000426,1,0.003274
13183,Long County,,GA,1961,9933,11894,4,4,8,1250,730,1980,6,0.286521,0.299279,11.483366,0.000129,20,0.000684,0.000592,0.833333,0.004642
13185,Lowndes County,,GA,9562,104679,114241,47,47,94,4890,4967,9857,6,0.345276,0.373233,48449.869706,0.000943,20,0.016666,0.018632,0.345428,0.123228
13187,Lumpkin County,,GA,2536,26853,29389,8,7,15,1293,1260,2553,6,0.306607,0.321769,26.090891,0.000198,20,0.002601,0.00259,0.714286,0.018629
13189,McDuffie County,,GA,1448,24269,25717,5,4,9,749,728,1477,7,0.271915,0.28359,4358.506319,0.000183,119,0.00042,0.000429,0.45,0.003582
13191,McIntosh County,,GA,958,11737,12695,3,3,6,357,388,745,6,0.286493,0.299106,0,0.000084,18,0.000761,0.000632,1,0.004814
13193,Macon County,,GA,975,12477,13452,3,5,8,221,511,732,7,0.264647,0.275641,192.385973,0.000134,20,0.00018,0.000216,0.35,0.00186
13195,Madison County,,GA,2378,29877,32255,10,10,20,1911,1595,3506,6,0.299896,0.314949,336.674197,0.000236,20,0.00023,0.000889,0.518182,0.002552
13197,Marion County,,GA,585,7191,7776,1,2,3,172,244,416,7,0.279162,0.290722,256.698257,0.000063,20,0.000317,0.000285,0,0.002152
13199,Meriwether County,,GA,2118,23037,25155,7,10,17,938,1454,2392,6,0.305926,0.321394,167.358335,0.000182,20,0.001288,0.001728,0.522222,0.010275
13201,Miller County,,GA,399,5582,5981,2,2,4,193,158,351,7,0.217794,0.223652,0,0.000165,18,0.000003,0.000004,1,0.000226
13205,Mitchell County,,GA,1355,22855,24210,7,7,14,719,847,1566,7,0.242351,0.252416,43.479156,0.000243,20,0.000106,0.000125,0.428571,0.001562
13207,Monroe County,,GA,1816,26876,28692,7,8,15,1045,1035,2080,6,0.304701,0.319664,106.688316,0.000201,20,0.000483,0.00146,0.589286,0.004874
13209,Montgomery County,,GA,678,8025,8703,3,2,5,325,290,615,7,0.222197,0.228393,697.870976,0.000163,20,0.000004,0.000004,0.5,0.000318
13211,Morgan County,,GA,1184,19912,21096,8,7,15,616,614,1230,6,0.301177,0.316361,108.427214,0.000198,20,0.001102,0.001173,0.644444,0.008776
13213,Murray County,,GA,3303,41340,44643,5,7,12,1907,2388,4295,7,0.272607,0.284453,12.188838,0.000145,20,0.000286,0.000341,0.642857,0.002654
13215,Muscogee County,,GA,22316,203947,226263,83,90,173,13781,15026,28807,6,0.387118,0.420598,41722.828483,0.00124,20,0.034244,0.038112,0.377808,0.250785
13217,Newton County,,GA,9478,101918,111396,19,20,39,7122,6841,13963,6,0.31644,0.336642,652.898246,0.000309,20,0.006871,0.00763,0.588095,0.048438
13219,Oconee County,,GA,2623,36431,39054,10,9,19,1942,1576,3518,6,0.30612,0.321452,992.179266,0.000197,20,0.003231,0.001754,0.672727,0.022995
13221,Oglethorpe County,,GA,1079,14579,15658,3,4,7,650,608,1258,7,0.261842,0.271781,0,0.000104,20,0.000139,0.000126,1,0.001072
13223,Paulding County,,GA,12044,148990,161034,20,23,43,9496,8125,17621,6,0.330589,0.352836,399.99958,0.000286,20,0.0086,0.009246,0.613333,0.061141
13225,Peach County,,GA,2635,27089,29724,5,3,8,1696,1538,3234,7,0.265717,0.276552,4.739578,0.000192,20,0.000223,0.000295,0.55,0.002663
13227,Pickens County,,GA,2162,32405,34567,10,8,18,1509,1205,2714,6,0.305861,0.32076,50.19419,0.000209,20,0.002789,0.002033,0.644444,0.019889
13229,Pierce County,,GA,1333,18920,20253,5,5,10,901,799,1700,6,0.304508,0.318696,1000.254984,0.000189,20,0.000105,0.00088,0.595238,0.0012
13231,Pike County,,GA,1278,19015,20293,7,5,12,986,721,1707,6,0.303932,0.318119,62.27473,0.000176,20,0.000615,0.001157,0.696429,0.005493
13233,Polk County,,GA,2442,43730,46172,8,8,16,1603,1490,3093,6,0.302248,0.316753,445.730952,0.000167,20,0.0011,0.00104,0.696429,0.00794
13235,Pulaski County,,GA,799,9381,10180,3,3,6,284,340,624,7,0.264598,0.275238,0,0.000129,20,0.000166,0.000198,1,0.001758
13237,Putnam County,,GA,1636,22227,23863,9,8,17,782,660,1442,6,0.30499,0.319843,361.667729,0.000223,20,0.001761,0.001538,0.463636,0.013602
13239,Quitman County,,GA,238,2283,2521,1,1,2,80,107,187,8,0.221516,0.227698,0,0.000077,20,0.000005,0.000007,0,0.000153
13241,Rabun County,,GA,995,17238,18233,3,3,6,236,276,512,7,0.258772,0.268377,74.494867,0.000119,20,0.000813,0.0001,0.333333,0.006349
13243,Randolph County,,GA,494,7557,8051,1,2,3,63,120,183,7,0.279675,0.291575,0,0.00007,20,0.000071,0.000374,1,0.00072
13245,Richmond County,,GA,20476,206223,226699,73,68,141,12101,13481,25582,6,0.372984,0.404428,41208.760361,0.001112,119,0.032673,0.033472,0.437435,0.241595
13247,Rockdale County,,GA,10191,86992,97183,18,18,36,7663,7283,14946,6,0.333449,0.35324,802.082109,0.000266,20,0.007634,0.006849,0.602767,0.053672
13249,Schley County,,GA,329,4464,4793,3,1,4,242,135,377,7,0.235251,0.242068,1.727778,0.000129,20,0.000022,0.000019,0.333333,0.000442
13251,Screven County,,GA,1057,14865,15922,3,4,7,284,528,812,6,0.285052,0.297406,6.403453,0.000101,20,0.000479,0.000447,0.583333,0.003436
13253,Seminole County,,GA,655,9039,9694,4,3,7,335,304,639,7,0.218436,0.224667,368.420195,0.000246,18,0.000034,0.000004,0.333333,0.000857
13255,Spalding County,,GA,5484,66772,72256,14,15,29,3536,3711,7247,6,0.307848,0.324594,440.45357,0.000285,20,0.003707,0.00403,0.533333,0.027594
13257,Stephens County,,GA,1638,27462,29100,6,8,14,679,770,1449,6,0.299865,0.31466,119.312331,0.000161,20,0.000864,0.000875,0.517857,0.006415
13259,Stewart County,,GA,321,4624,4945,1,1,2,90,89,179,7,0.279108,0.290491,0,0.000063,20,0.000317,0.000285,0,0.002152
13261,Sumter County,,GA,1887,32440,34327,9,9,18,728,859,1587,6,0.307586,0.323573,6591.145034,0.000309,20,0.002239,0.002162,0.463636,0.016554
13263,Talbot County,,GA,511,6942,7453,3,2,5,292,232,524,7,0.279189,0.290779,0,0.000099,20,0.000336,0.000296,1,0.002462
13265,Taliaferro County,,GA,160,1607,1767,0,0,0,0,0,0,0,0,0,0,0.000051,21,0,0,0,0
13267,Tattnall County,,GA,1490,19952,21442,8,6,14,726,661,1387,7,0.272402,0.284484,119.069235,0.000246,20,0.000744,0.000232,0.5,0.005378
13269,Taylor County,,GA,424,8944,9368,2,2,4,114,106,220,7,0.264501,0.274949,0,0.00009,20,0.000217,0.000196,1,0.002335
13271,Telfair County,,GA,755,10743,11498,4,4,8,352,305,657,7,0.236579,0.24453,2382.011062,0.000236,20,0.000007,0.000016,0.2,0.00047
13273,Terrell County,,GA,625,10759,11384,2,2,4,323,305,628,7,0.242046,0.251062,0,0.000097,20,0.000073,0.000089,1,0.000827
13275,Thomas County,,GA,2778,47520,50298,11,10,21,1380,1348,2728,6,0.309463,0.326144,1844.192007,0.000302,20,0.002159,0.002212,0.424242,0.015511
13277,Tift County,,GA,2726,41760,44486,12,10,22,1368,1302,2670,6,0.305312,0.320673,12361.832457,0.00043,20,0.001789,0.001113,0.295455,0.013766
13279,Toombs County,,GA,1738,27610,29348,7,8,15,784,674,1458,6,0.285531,0.298732,11008.482594,0.000304,20,0.000475,0.000445,0.194444,0.00384
13281,Towns County,,GA,684,10900,11584,3,2,5,248,224,472,8,0.188449,0.192193,3064.333922,0.000313,20,0.000804,0.000015,0,0.006368
13283,Treutlen County,,GA,428,6226,6654,2,3,5,131,197,328,7,0.236521,0.24427,60.685515,0.000112,20,0.000029,0.000019,0.333333,0.000354
13285,Troup County,,GA,3808,70997,74805,15,14,29,2440,2195,4635,6,0.309066,0.326052,1792.372269,0.000279,20,0.003581,0.003872,0.495833,0.026335
13287,Turner County,,GA,615,9534,10149,3,2,5,330,212,542,7,0.234374,0.241434,1.192857,0.000142,20,0.000013,0.000017,0.666667,0.000444
13289,Twiggs County,,GA,904,9942,10846,3,4,7,357,629,986,7,0.265741,0.276725,0.333333,0.00012,20,0.00022,0.000298,0.833333,0.002456
13291,Union County,,GA,1197,21881,23078,6,3,9,453,255,708,7,0.232153,0.238832,11595.436552,0.000393,20,0.00177,0.000028,0.2,0.012253
13293,Upson County,,GA,1465,28785,30250,5,4,9,526,527,1053,7,0.271099,0.281849,29.164326,0.000143,20,0.001149,0.000282,0.866667,0.008926
13295,Walker County,,GA,4536,67471,72007,8,8,16,3206,3085,6291,7,0.272145,0.283905,245.993472,0.000234,160,0.000307,0.000292,0.486111,0.003055
13297,Walton County,,GA,6346,88854,95200,16,15,31,4981,4259,9240,6,0.307553,0.324104,453.993365,0.000277,20,0.004101,0.003965,0.625,0.029879
13299,Ware County,,GA,2436,35351,37787,13,10,23,1364,1229,2593,6,0.307684,0.323331,6781.454994,0.000369,20,0.002286,0.001466,0.378205,0.016817
13301,Warren County,,GA,462,6338,6800,1,2,3,125,212,337,7,0.271736,0.283014,0,0.00009,119,0.000004,0.000276,1,0.000124
13303,Washington County,,GA,984,22072,23056,2,6,8,139,353,492,7,0.272916,0.285452,193.745979,0.000113,20,0.000024,0.000417,0.433333,0.000391
13305,Wayne County,,GA,1782,28250,30032,9,10,19,741,763,1504,6,0.286976,0.300807,1733.12761,0.000258,20,0.00161,0.000711,0.454545,0.011384
13307,Webster County,,GA,195,2535,2730,0,0,0,0,0,0,0,0,0,0,0.000051,22,0,0,0,0
13309,Wheeler County,,GA,411,4820,5231,2,3,5,112,193,305,7,0.222316,0.228785,11.349524,0.00017,20,0,0.000004,0.333333,0.000195
13311,White County,,GA,1851,25786,27637,8,4,12,1079,889,1968,6,0.299648,0.313796,80.652115,0.000198,20,0.001061,0.000826,0.660714,0.007801
13313,Whitfield County,,GA,6377,117665,124042,12,18,30,3948,3805,7753,6,0.343553,0.365571,2534.043409,0.000265,20,0.002637,0.007478,0.447712,0.019627
13315,Wilcox County,,GA,449,7083,7532,2,2,4,102,157,259,8,0.21001,0.215996,6.452576,0.000136,20,0.000003,0.000004,0,0.000234
13317,Wilkes County,,GA,523,10822,11345,0,1,1,0,78,78,7,0.261743,0.271168,0,0.000051,20,0,0.000074,0,0
13319,Wilkinson County,,GA,801,11124,11925,2,3,5,280,354,634,7,0.240756,0.250024,0,0.000095,20,0.00008,0.000141,1,0.001105
13321,Worth County,,GA,1692,22721,24413,4,7,11,805,1117,1922,7,0.242391,0.25256,46.908506,0.00016,20,0.000092,0.000117,0.5,0.001219
15001,Hawaii County,,HI,8259,190307,198566,27,26,53,4367,4408,8775,6,0.343921,0.366938,13.01427,0.000335,7,0.016215,0.016142,0.892137,0.117204
15003,Honolulu County,,HI,62501,1080991,1143492,253,258,511,44423,46437,90860,5,0.438828,0.486856,62715.038235,0.002933,7,0.103451,0.100231,0.239836,0.735491
15005,Kalawao County,,HI,-2,-2,-4,0,0,0,0,0,0,0,0,0,0,0.000051,23,0,0,0,0
15007,Kauai County,,HI,3106,75435,78541,7,8,15,581,1373,1954,6,0.340198,0.359818,0,0.000122,7,0.00671,0.007232,1,0.048741
15009,Maui County,,HI,7555,167720,175275,25,20,45,3511,3485,6996,6,0.352346,0.375453,25.957706,0.000297,7,0.015791,0.014537,0.922414,0.113422
16001,Ada County,,ID,25067,427835,452902,98,91,189,19355,17602,36957,6,0.369315,0.402698,71476.405021,0.00167,7,0.03052,0.03115,0.298832,0.232577
16003,Adams County,,ID,359,4091,4450,1,3,4,51,139,190,7,0.269809,0.281653,0.333333,0.00008,7,0.000003,0.000261,0.666667,0.000118
16005,Bannock County,,ID,5864,87143,93007,21,22,43,3224,3251,6475,6,0.336789,0.358146,15090.141174,0.000475,7,0.005064,0.005117,0.381538,0.038272
16007,Bear Lake County,,ID,504,6664,7168,0,2,2,0,92,92,7,0.255997,0.265152,0,0.000051,7,0,0.000129,1,0
16009,Benewah County,,ID,557,9769,10326,3,2,5,247,224,471,7,0.272017,0.283821,0,0.000096,7,0.000381,0.000345,1,0.002922
16011,Bingham County,,ID,3221,50955,54176,12,12,24,2158,2173,4331,6,0.333487,0.35271,1823.891111,0.000247,7,0.002745,0.002744,0.75,0.020032
16013,Blaine County,,ID,1859,25519,27378,4,7,11,255,635,890,6,0.331461,0.349608,1776.652952,0.000121,7,0.002244,0.002941,0.619048,0.016806
16015,Boise County,,ID,668,6990,7658,2,3,5,362,396,758,7,0.269859,0.281769,0,0.00008,7,0.000396,0.000383,1,0.003082
16017,Bonner County,,ID,2728,42492,45220,9,8,17,1296,1260,2556,6,0.307422,0.323602,1534.302974,0.000193,7,0.004417,0.001664,0.645455,0.032747
16019,Bonneville County,,ID,7726,115868,123594,23,23,46,4528,5024,9552,6,0.34213,0.364199,5914.953522,0.000382,7,0.007846,0.008073,0.542735,0.058328
16021,Boundary County,,ID,722,11569,12291,2,2,4,293,209,502,7,0.256067,0.265393,0,0.000087,7,0.000123,0.000149,1,0.001281
16023,Butte County,,ID,191,3011,3202,0,0,0,0,0,0,0,0,0,0,0.000051,24,0,0,0,0
16025,Camas County,,ID,134,1037,1171,0,0,0,0,0,0,0,0,0,0,0.000051,25,0,0,0,0
16027,Canyon County,,ID,14292,197306,211598,46,51,97,10545,10210,20755,6,0.349661,0.377171,13256.865991,0.000791,7,0.015115,0.016343,0.427945,0.111587
16029,Caribou County,,ID,406,8185,8591,1,1,2,97,132,229,7,0.251961,0.260292,0,0.000069,7,0.000043,0.000042,0,0.000425
16031,Cassia County,,ID,1779,24513,26292,8,7,15,1287,1138,2425,6,0.332949,0.351326,292.743576,0.000202,7,0.002226,0.001851,0.805556,0.0173
16033,Clark County,,ID,101,1017,1118,0,0,0,0,0,0,0,0,0,0,0.000051,26,0,0,0,0
16035,Clearwater County,,ID,514,8684,9198,1,3,4,91,254,345,7,0.23575,0.24336,0,0.000078,7,0.000005,0.000025,1,0.000151
16037,Custer County,,ID,373,4764,5137,0,1,1,0,42,42,1,1,1,0,0.000051,27,0,0,0,0
16039,Elmore County,,ID,4440,28792,33232,10,12,22,1064,1325,2389,6,0.329872,0.34985,744.688226,0.000194,7,0.003374,0.004441,0.521978,0.027145
16041,Franklin County,,ID,959,14541,15500,2,2,4,330,455,785,7,0.255954,0.265071,0,0.000079,7,0.000665,0.000129,1,0.004968
16043,Fremont County,,ID,1098,14459,15557,3,4,7,429,527,956,7,0.269909,0.281999,0,0.000095,7,0.000121,0.000371,0.916667,0.001153
16045,Gem County,,ID,1393,17735,19128,3,2,5,614,677,1291,7,0.269834,0.281596,0,0.000102,7,0.000399,0.00038,1,0.003197
16047,Gooding County,,ID,1362,16717,18079,6,4,10,850,808,1658,7,0.271023,0.283083,72.705935,0.000179,7,0.000372,0.000324,0.6,0.003403
16049,Idaho County,,ID,783,14367,15150,4,3,7,284,280,564,7,0.269884,0.281826,1846.134954,0.000161,7,0.000374,0.00026,0.666667,0.003218
16051,Jefferson County,,ID,2476,28677,31153,7,8,15,1595,1612,3207,6,0.297183,0.312066,142.934958,0.000156,7,0.0012,0.00132,0.839286,0.00847
16053,Jerome County,,ID,2394,24673,27067,9,7,16,1421,1532,2953,6,0.295815,0.310377,677.710737,0.000253,7,0.001553,0.000916,0.611111,0.011957
16055,Kootenai County,,ID,8311,154052,162363,37,36,73,5931,4906,10837,6,0.344085,0.368321,12529.064041,0.000647,7,0.013452,0.013118,0.463995,0.099556
16057,Latah County,,ID,3500,35068,38568,14,11,25,1617,1589,3206,6,0.308275,0.325303,2573.271313,0.000299,7,0.001882,0.0025,0.4875,0.015411
16059,Lemhi County,,ID,475,8385,8860,1,0,1,42,0,42,0,0,0,0,0.000094,27,0,0,0,0.000087
16061,Lewis County,,ID,467,5384,5851,2,2,4,128,178,306,8,0.215457,0.222081,0,0.000123,7,0.000008,0.000009,1,0.000271
16063,Lincoln County,,ID,498,5607,6105,4,4,8,226,248,474,7,0.255253,0.264165,1.583333,0.000155,7,0.000077,0.000091,0.666667,0.001058
16065,Madison County,,ID,5205,29008,34213,16,18,34,2032,2948,4980,6,0.336554,0.35731,1444.561929,0.000279,7,0.005007,0.00515,0.636842,0.037211
16067,Minidoka County,,ID,1763,23029,24792,6,5,11,1053,1098,2151,7,0.271124,0.283429,0.43018,0.000174,7,0.000504,0.000468,0.9,0.004454
16069,Nez Perce County,,ID,2943,43069,46012,9,9,18,1769,1742,3511,7,0.274575,0.288848,7285.462512,0.000282,7,0.000702,0.00065,0.458333,0.005845
16071,Oneida County,,ID,284,4762,5046,0,1,1,0,54,54,7,0.252004,0.260375,0,0.000051,7,0,0.000042,0,0
16073,Owyhee County,,ID,1112,11832,12944,3,3,6,568,763,1331,7,0.270339,0.282368,0,0.000093,7,0.000433,0.000408,1,0.003397
16075,Payette County,,ID,1929,24713,26642,4,4,8,1054,1121,2175,7,0.269884,0.281941,0.333333,0.000151,7,0.000402,0.000396,0.916667,0.003396
16077,Power County,,ID,630,8943,9573,2,2,4,313,336,649,7,0.251983,0.260465,0,0.000087,7,0.000065,0.000065,1,0.00069
16079,Shoshone County,,ID,881,13007,13888,2,4,6,310,459,769,7,0.272299,0.284628,1.725244,0.000079,7,0.000378,0.000397,0.5,0.002809
16081,Teton County,,ID,1166,10122,11288,2,3,5,300,278,578,6,0.294519,0.307979,1.545147,0.000079,7,0.000073,0.00065,0.666667,0.000709
16083,Twin Falls County,,ID,5271,84088,89359,22,18,40,3680,3015,6695,6,0.338763,0.360077,5313.263448,0.000434,7,0.006772,0.005113,0.44,0.049132
16085,Valley County,,ID,1156,10229,11385,3,3,6,311,459,770,7,0.269884,0.281826,2920.435606,0.000102,7,0.000398,0.00038,0.5,0.003172
16087,Washington County,,ID,787,10332,11119,4,4,8,361,403,764,7,0.269884,0.281941,1.435606,0.000135,7,0.000401,0.000396,0.65,0.003294
17001,Adams County,,IL,2658,81253,83911,9,10,19,984,1029,2013,6,0.327629,0.345192,20265.465381,0.000257,64,0.00179,0.001763,0.209091,0.012654
17003,Alexander County,,IL,594,7596,8190,3,2,5,260,252,512,7,0.23339,0.23998,2925.028929,0.000145,64,0.000011,0.000016,0.666667,0.00044
17005,Bond County,,IL,1038,18545,19583,5,5,10,590,547,1137,7,0.274967,0.28615,313.330549,0.000191,64,0.000318,0.000302,0.55,0.00274
17007,Boone County,,IL,4543,67374,71917,10,10,20,3149,3223,6372,6,0.325124,0.341946,4.166967,0.000139,28,0.003029,0.002526,0.811111,0.018095
17009,Brown County,,IL,363,5948,6311,1,2,3,55,142,197,7,0.246988,0.254513,10.492929,0.000092,64,0.000001,0.000016,0,0.000112
17011,Bureau County,,IL,2159,43363,45522,8,6,14,1017,1119,2136,6,0.325087,0.341427,1511.90694,0.000174,28,0.001434,0.001158,0.430556,0.009956
17013,Calhoun County,,IL,217,5956,6173,2,1,3,86,48,134,7,0.263946,0.273413,0,0.000093,64,0.000112,0.000087,1,0.000877
17015,Carroll County,,IL,895,19791,20686,3,5,8,324,398,722,7,0.255321,0.264235,4.251726,0.000101,28,0.000051,0.000064,0.4,0.000613
17017,Cass County,,IL,1114,16235,17349,6,3,9,441,436,877,7,0.263057,0.272698,1798.535696,0.000217,28,0.000986,0.00007,0.133333,0.007329
17019,Champaign County,,IL,13822,201415,215237,42,50,92,6678,7625,14303,6,0.367625,0.396057,21927.902549,0.000641,28,0.015383,0.020777,0.387175,0.107344
17021,Christian County,,IL,1701,40739,42440,4,4,8,922,871,1793,7,0.263297,0.273193,50.377204,0.000142,28,0.000123,0.000098,0.5,0.001086
17023,Clark County,,IL,1038,19595,20633,5,5,10,415,503,918,7,0.256408,0.26552,4982.914623,0.000248,28,0.000041,0.000047,0.3,0.000854
17025,Clay County,,IL,758,16834,17592,4,4,8,315,329,644,7,0.24701,0.254778,3074.412382,0.000243,64,0.000014,0.000012,0,0.000487
17027,Clinton County,,IL,1852,44711,46563,7,7,14,1343,1026,2369,6,0.303421,0.316488,313.726783,0.000217,64,0.000946,0.001143,0.571429,0.006984
17029,Coles County,,IL,3235,52341,55576,14,11,25,1753,1541,3294,6,0.32582,0.343013,10361.942023,0.000365,28,0.001815,0.001265,0.357143,0.012252
17031,Cook County,,IL,214268,6063937,6278205,402,438,840,162343,195472,357815,5,0.480312,0.538395,642679.934211,0.005041,28,0.123293,0.125926,0.124104,0.862394
17033,Crawford County,,IL,758,23049,23807,3,2,5,174,123,297,8,0.204427,0.209338,36.254333,0.000202,28,0.000001,0,0,0.0003
17035,Cumberland County,,IL,769,12983,13752,3,4,7,409,456,865,7,0.246693,0.254513,18.073814,0.000147,28,0.000022,0.000026,0.5,0.00049
17037,DeKalb County,,IL,8135,112118,120253,13,14,27,5158,5334,10492,6,0.343757,0.363807,61.682982,0.000172,28,0.003556,0.004902,0.719048,0.02081
17039,De Witt County,,IL,1059,19419,20478,5,4,9,670,561,1231,7,0.27212,0.283296,11.594876,0.000128,28,0.000313,0.000224,0.75,0.002037
17041,Douglas County,,IL,1362,25689,27051,6,5,11,720,719,1439,7,0.269105,0.28016,144.494116,0.000196,28,0.000214,0.000147,0.566667,0.001805
17043,DuPage County,,IL,68505,1124253,1192758,127,158,285,55477,58293,113770,5,0.417473,0.456532,24709.525412,0.001437,28,0.062119,0.074784,0.384302,0.4288
17045,Edgar County,,IL,1021,21527,22548,5,5,10,484,493,977,7,0.256408,0.26563,29.147707,0.000188,28,0.000059,0.000066,0.4,0.00099
17047,Edwards County,,IL,309,8076,8385,2,2,4,113,83,196,9,0.172412,0.175958,7.827644,0.000103,28,0,0,0.166667,0.000186
17049,Effingham County,,IL,2017,43720,45737,8,10,18,882,912,1794,6,0.32663,0.343895,22809.747313,0.000307,28,0.001234,0.001328,0.266667,0.009082
17051,Fayette County,,IL,1105,24593,25698,6,4,10,506,495,1001,7,0.246862,0.254675,44.467615,0.000216,64,0.000125,0.000016,0.333333,0.001373
17053,Ford County,,IL,1111,16788,17899,5,4,9,677,667,1344,7,0.272043,0.283123,2.643962,0.000119,28,0.000322,0.00022,0.7,0.002106
17055,Franklin County,,IL,2142,43627,45769,8,6,14,1185,1135,2320,7,0.264719,0.275407,4614.463669,0.000292,64,0.0012,0.000164,0.464286,0.009252
17057,Fulton County,,IL,1821,42293,44114,6,6,12,1057,1000,2057,7,0.272273,0.282936,265.968966,0.000181,28,0.000196,0.000127,0.5,0.001481
17059,Gallatin County,,IL,309,6362,6671,2,1,3,158,93,251,8,0.198612,0.202717,0,0.00013,64,0.000001,0,0.5,0.000195
17061,Greene County,,IL,811,15725,16536,4,5,9,343,524,867,7,0.264187,0.274393,1757.569357,0.000159,64,0.000121,0.000103,0.55,0.001149
17063,Grundy County,,IL,3912,61788,65700,8,8,16,2894,2708,5602,6,0.324941,0.341427,2.440346,0.000128,28,0.002494,0.00209,0.785714,0.015112
17065,Hamilton County,,IL,424,9520,9944,1,2,3,75,130,205,8,0.216069,0.221873,0,0.000083,64,0.000003,0.000024,1,0.000209
17067,Hancock County,,IL,1182,23198,24380,3,4,7,476,520,996,7,0.248624,0.25705,42.089642,0.00013,29,0.000028,0.000038,0.416667,0.000481
17069,Hardin County,,IL,179,4366,4545,1,1,2,45,56,101,8,0.198612,0.202717,0,0.000115,64,0.000001,0,0,0.000105
17071,Henderson County,,IL,454,8603,9057,2,2,4,151,182,333,7,0.246988,0.254479,5.653362,0.000099,29,0.000014,0.000013,0,0.000296
17073,Henry County,,IL,3235,62650,65885,9,11,20,1748,1811,3559,6,0.340278,0.359311,1163.431087,0.000214,28,0.001492,0.002633,0.463636,0.010901
17075,Iroquois County,,IL,1814,36332,38146,7,6,13,1021,997,2018,6,0.325051,0.34137,373.844523,0.000145,28,0.00139,0.001214,0.547619,0.009666
17077,Jackson County,,IL,5170,53099,58269,19,18,37,2537,2613,5150,6,0.328971,0.347775,16116.907447,0.000429,64,0.005409,0.003256,0.379447,0.035979
17079,Jasper County,,IL,529,12393,12922,3,3,6,177,228,405,7,0.246525,0.254,2897.189437,0.000181,28,0.000011,0.00001,0.166667,0.00037
17081,Jefferson County,,IL,2063,43191,45254,10,9,19,913,958,1871,7,0.275255,0.287188,11044.864856,0.000336,64,0.001728,0.00033,0.378788,0.01318
17083,Jersey County,,IL,1435,26988,28423,4,5,9,858,908,1766,6,0.301901,0.314505,327.530547,0.000133,64,0.000743,0.000666,0.6,0.005067
17085,Jo Daviess County,,IL,1238,28433,29671,6,4,10,581,584,1165,7,0.257275,0.266287,120.968637,0.000162,29,0.001103,0.000056,0.333333,0.008252
17087,Johnson County,,IL,715,12568,13283,2,5,7,265,388,653,7,0.248091,0.256473,2950.51573,0.000111,64,0.000012,0.000062,0.35,0.000331
17089,Kane County,,IL,33102,610386,643488,50,71,121,25710,26124,51834,6,0.38439,0.415623,4417.703257,0.000573,28,0.024254,0.036319,0.490895,0.16249
17091,Kankakee County,,IL,5616,131345,136961,11,12,23,3139,2860,5999,6,0.341766,0.361415,150.403603,0.00017,28,0.004328,0.004404,0.674242,0.028023
17093,Kendall County,,IL,9581,138820,148401,9,11,20,8944,7024,15968,6,0.345359,0.365796,39.878241,0.00013,28,0.003171,0.004911,0.818182,0.018668
17095,Knox County,,IL,2543,59084,61627,10,9,19,1342,1100,2442,6,0.325307,0.342119,1778.894766,0.000218,28,0.001528,0.001177,0.522222,0.011088
17097,Lake County,,IL,41261,838095,879356,99,123,222,28509,31407,59916,5,0.40661,0.442459,7333.653184,0.001027,28,0.055405,0.063825,0.446025,0.376747
17099,LaSalle County,,IL,5992,138921,144913,17,19,36,3699,3530,7229,6,0.340598,0.360694,6008.217516,0.000267,28,0.004094,0.003655,0.461988,0.026338
17101,Lawrence County,,IL,761,16620,17381,4,4,8,345,379,724,7,0.230102,0.237207,1999.692743,0.000271,28,0.000006,0.000005,0,0.000431
17103,Lee County,,IL,2337,41958,44295,8,9,17,1261,1412,2673,6,0.325051,0.341716,2.590456,0.000136,28,0.002249,0.001956,0.777778,0.014133
17105,Livingston County,,IL,2278,44901,47179,8,10,18,990,1298,2288,6,0.325233,0.342119,382.779955,0.000159,28,0.001652,0.001623,0.611111,0.010656
17107,Logan County,,IL,1710,32110,33820,7,8,15,806,876,1682,7,0.277394,0.288756,63.068111,0.000187,28,0.000266,0.000271,0.589286,0.002038
17109,McDonough County,,IL,2111,29973,32084,7,10,17,695,782,1477,6,0.32593,0.34307,7786.886409,0.000224,28,0.001075,0.001466,0.322222,0.008176
17111,McHenry County,,IL,17187,392369,409556,23,38,61,13057,12078,25135,6,0.363237,0.389623,380.511495,0.000258,28,0.011405,0.021457,0.630769,0.074063
17113,McLean County,,IL,10014,190953,200967,30,37,67,5466,5309,10775,6,0.364611,0.389992,8674.240363,0.000443,28,0.007966,0.013045,0.363131,0.050541
17115,Macon County,,IL,5267,128910,134177,17,19,36,2199,2450,4649,6,0.329421,0.348939,9806.108895,0.000353,28,0.003251,0.003381,0.4,0.020664
17117,Macoupin County,,IL,2836,56192,59028,8,8,16,1974,1807,3781,6,0.303772,0.317151,1080.27923,0.000237,64,0.001037,0.000938,0.517857,0.007469
17119,Madison County,,IL,14512,318670,333182,39,38,77,8958,9447,18405,6,0.358551,0.384181,38455.782515,0.000848,64,0.010464,0.012781,0.273878,0.074603
17121,Marion County,,IL,1824,45932,47756,6,7,13,759,801,1560,7,0.275281,0.286842,1618.15128,0.000249,64,0.000216,0.000317,0.452381,0.00231
17123,Marshall County,,IL,809,15508,16317,5,5,10,472,464,936,7,0.272069,0.282625,49.08431,0.000133,28,0.000213,0.000152,0.5,0.001451
17125,Mason County,,IL,1014,17511,18525,5,6,11,500,628,1128,7,0.274054,0.284902,20.570777,0.000139,28,0.000268,0.000177,0.633333,0.001729
17127,Massac County,,IL,885,17596,18481,4,1,5,350,279,629,7,0.236696,0.243612,904.968808,0.000159,160,0.000017,0.000018,0.083333,0.000507
17129,Menard County,,IL,925,15502,16427,3,3,6,549,518,1067,7,0.262938,0.272438,1.458824,0.000107,28,0.000096,0.000079,0.666667,0.000816
17131,Mercer County,,IL,1047,21014,22061,6,6,12,678,641,1319,6,0.279054,0.290217,155.783105,0.000153,28,0.000315,0.000318,0.633333,0.002733
17133,Monroe County,,IL,1876,41881,43757,7,6,13,1392,1152,2544,6,0.303421,0.316401,37.956887,0.000159,64,0.001495,0.001167,0.809524,0.01
17135,Montgomery County,,IL,1538,33573,35111,6,6,12,764,805,1569,7,0.266304,0.277229,162.408474,0.00022,64,0.00021,0.000169,0.433333,0.001824
17137,Morgan County,,IL,2045,39757,41802,7,7,14,1020,1026,2046,7,0.266206,0.277281,7188.87653,0.000337,28,0.000103,0.000174,0.25,0.00128
17139,Moultrie County,,IL,1098,17495,18593,5,4,9,739,645,1384,7,0.248091,0.256496,3.15,0.000176,28,0.000042,0.000044,0.65,0.000821
17141,Ogle County,,IL,3563,66408,69971,11,12,23,2206,2216,4422,6,0.340038,0.35908,2685.475842,0.000184,28,0.002274,0.003147,0.590909,0.014633
17143,Peoria County,,IL,13023,222237,235260,30,40,70,6710,8450,15160,6,0.372984,0.399579,20540.453772,0.000489,28,0.008653,0.016785,0.415836,0.058669
17145,Perry County,,IL,1071,23306,24377,5,5,10,590,566,1156,7,0.274445,0.285527,19.448007,0.000189,64,0.000046,0.000283,0.533333,0.001069
17147,Piatt County,,IL,1250,20428,21678,4,5,9,706,714,1420,7,0.269055,0.280074,60.975374,0.000121,28,0.000311,0.00016,0.633333,0.001922
17149,Pike County,,IL,783,18642,19425,1,4,5,127,282,409,7,0.263393,0.273395,7.772386,0.000073,64,0.000015,0.000086,0.333333,0.000203
17151,Pope County,,IL,251,4067,4318,1,2,3,40,92,132,8,0.201787,0.206663,1.5,0.00007,64,0.000001,0,0.166667,0.000094
17153,Pulaski County,,IL,378,6634,7012,1,4,5,98,224,322,7,0.234032,0.241197,19.348075,0.000113,64,0,0.000016,0.416667,0.000097
17155,Putnam County,,IL,433,7601,8034,2,3,5,286,245,531,7,0.254243,0.262476,0.576923,0.000088,28,0.00004,0.000048,0.833333,0.000508
17157,Randolph County,,IL,1709,35955,37664,5,6,11,727,997,1724,7,0.275202,0.286698,981.217845,0.000154,64,0.000868,0.000349,0.5,0.006361
17159,Richland County,,IL,897,19316,20213,4,3,7,246,235,481,8,0.199324,0.204135,618.518873,0.000255,28,0,0,0,0.000387
17161,Rock Island County,,IL,8614,178376,186990,15,21,36,4479,5245,9724,6,0.347727,0.369659,4615.381609,0.000289,28,0.002465,0.00628,0.450216,0.016087
17163,St. Clair County,,IL,17208,306859,324067,64,53,117,10346,10827,21173,6,0.377021,0.405661,41154.48439,0.001067,64,0.024492,0.024056,0.356216,0.18337
17165,Saline County,,IL,1187,27440,28627,6,5,11,501,471,972,7,0.247814,0.256076,13748.680464,0.000374,64,0.000013,0.000072,0.166667,0.000764
17167,Sangamon County,,IL,9292,241299,250591,33,33,66,5908,5159,11067,6,0.356517,0.381039,33505.618612,0.000655,28,0.008262,0.011135,0.333974,0.056026
17169,Schuyler County,,IL,497,8373,8870,3,3,6,187,166,353,7,0.246022,0.253487,8.669552,0.000157,28,0.000014,0.000019,0.333333,0.000431
17171,Scott County,,IL,362,5917,6279,2,1,3,167,152,319,8,0.210255,0.21548,0,0.000119,28,0.000002,0.000001,1,0.000216
17173,Shelby County,,IL,1353,26141,27494,5,6,11,762,837,1599,7,0.248282,0.257188,30.063225,0.000188,28,0.000051,0.000055,0.4,0.000875
17175,Stark County,,IL,444,7306,7750,2,2,4,116,235,351,7,0.271813,0.281703,0,0.000078,28,0.000162,0.000085,1,0.000792
17177,Stephenson County,,IL,2428,57452,59880,6,7,13,1193,1169,2362,6,0.32571,0.342494,2107.607094,0.000157,28,0.001248,0.001518,0.404762,0.008698
17179,Tazewell County,,IL,8266,166056,174322,16,16,32,5843,5276,11119,6,0.342454,0.362441,3968.603522,0.000293,28,0.003761,0.003868,0.464912,0.024761
17181,Union County,,IL,928,20186,21114,5,5,10,345,393,738,7,0.24916,0.258157,314.53377,0.000183,64,0.00005,0.000078,0.366667,0.001056
17183,Vermilion County,,IL,3891,90871,94762,9,14,23,1502,1937,3439,6,0.327555,0.345982,3836.368634,0.000216,28,0.002076,0.002043,0.373626,0.014223
17185,Wabash County,,IL,681,14381,15062,3,4,7,191,295,486,8,0.207732,0.213399,8204.096888,0.000176,28,0.000001,0.000001,0.083333,0.0003
17187,Warren County,,IL,1184,20252,21436,5,6,11,424,569,993,7,0.258772,0.26838,91.946478,0.000166,28,0.000077,0.000053,0.266667,0.000817
17189,Washington County,,IL,976,18234,19210,5,6,11,475,561,1036,7,0.274993,0.286381,78.668311,0.000175,64,0.000322,0.000316,0.6,0.002842
17191,Wayne County,,IL,650,19342,19992,3,2,5,253,150,403,8,0.216295,0.222126,34.170828,0.000149,64,0.000003,0.000015,0,0.000399
17193,White County,,IL,777,17235,18012,1,5,6,52,278,330,7,0.261463,0.270934,2294.711567,0.000088,28,0,0.000053,0.133333,0.000096
17195,Whiteside County,,IL,3085,73600,76685,11,10,21,1580,1620,3200,6,0.325197,0.342062,1790.633389,0.000211,28,0.002184,0.001481,0.445455,0.014829
17197,Will County,,IL,40579,824570,865149,53,93,146,33523,32928,66451,5,0.402198,0.434878,8111.124499,0.00062,28,0.027984,0.047748,0.499794,0.191097
17199,Williamson County,,IL,4201,72357,76558,11,10,21,2355,2179,4534,6,0.326888,0.343941,18316.989346,0.000347,64,0.002019,0.001389,0.409091,0.014988
17201,Winnebago County,,IL,14979,355425,370404,31,42,73,8027,8985,17012,6,0.365302,0.393042,2484.365737,0.00038,28,0.011562,0.019836,0.482126,0.073557
17203,Woodford County,,IL,2748,46865,49613,6,6,12,1812,1686,3498,6,0.325014,0.341312,113.184994,0.000135,28,0.000326,0.001212,0.738095,0.002069
18001,Adams County,,IN,1585,42036,43621,4,5,9,708,814,1522,6,0.29798,0.311801,110.867494,0.000126,28,0.000235,0.000717,0.4,0.001488
18003,Allen County,,IN,16780,427150,443930,58,65,123,9207,10117,19324,6,0.377563,0.408204,46851.833617,0.000798,28,0.01814,0.026523,0.318127,0.118934
18005,Bartholomew County,,IN,5357,95445,100802,13,10,23,2922,2890,5812,6,0.326593,0.344108,599.367084,0.000284,28,0.002057,0.00205,0.456044,0.015108
18007,Benton County,,IN,784,10429,11213,2,2,4,419,371,790,7,0.269708,0.28001,0,0.000077,28,0.000137,0.000117,0.666667,0.000988
18009,Blackford County,,IN,798,15640,16438,4,5,9,427,440,867,7,0.257826,0.267045,13.384437,0.000132,28,0.000052,0.000061,0.45,0.000757
18011,Boone County,,IN,4097,66715,70812,11,9,20,3364,2449,5813,6,0.326593,0.343993,161.216894,0.000224,28,0.002307,0.00218,0.690909,0.016529
18013,Brown County,,IN,1178,17950,19128,5,5,10,730,737,1467,6,0.296665,0.310054,0.422222,0.000133,28,0.000793,0.000741,0.9,0.005691
18015,Carroll County,,IN,1524,24706,26230,5,5,10,963,964,1927,7,0.27049,0.281388,1.762347,0.000151,28,0.000198,0.000159,0.75,0.001639
18017,Cass County,,IN,2393,47725,50118,9,8,17,1320,1241,2561,6,0.298103,0.312377,363.289581,0.000201,28,0.001016,0.000857,0.472222,0.006865
18019,Clark County,,IN,8409,129462,137871,16,10,26,6891,5770,12661,6,0.303772,0.319082,1165.287966,0.00042,160,0.001568,0.00126,0.3,0.012235
18021,Clay County,,IN,1765,31559,33324,6,7,13,1051,1131,2182,6,0.296848,0.310573,3.867136,0.000176,28,0.000654,0.000658,0.714286,0.004897
18023,Clinton County,,IN,2052,41389,43441,7,6,13,1128,1183,2311,6,0.297061,0.310688,114.758485,0.000176,28,0.001062,0.00097,0.642857,0.007466
18025,Crawford County,,IN,644,11756,12400,4,4,8,360,373,733,7,0.233503,0.241053,11.259679,0.000157,160,0.000033,0.000024,0.4,0.000556
18027,Daviess County,,IN,1296,36708,38004,8,7,15,588,636,1224,7,0.273045,0.284299,426.167483,0.000235,28,0.000205,0.000198,0.446429,0.002238
18029,Dearborn County,,IN,3136,61703,64839,10,10,20,2381,2048,4429,6,0.300801,0.315808,2035.162622,0.000259,197,0.001542,0.00134,0.463636,0.010543
18031,Decatur County,,IN,1709,32104,33813,8,8,16,1087,957,2044,6,0.296817,0.310688,45.800832,0.000213,28,0.000661,0.000611,0.458333,0.005102
18033,DeKalb County,,IN,2753,50790,53543,6,7,13,1854,1720,3574,6,0.298072,0.312205,278.163434,0.000142,28,0.000837,0.000723,0.482143,0.005545
18035,Delaware County,,IN,6677,119492,126169,21,21,42,3514,3861,7375,6,0.346518,0.368217,7895.51963,0.000356,28,0.003169,0.004459,0.450593,0.021354
18037,Dubois County,,IN,2251,54302,56553,11,12,23,1061,1187,2248,6,0.303167,0.318667,8257.040493,0.000311,28,0.000674,0.001222,0.314103,0.005435
18039,Elkhart County,,IN,11025,239946,250971,17,30,47,5416,6098,11514,6,0.359667,0.385201,2138.2704,0.000245,28,0.003403,0.011645,0.469892,0.02114
18041,Fayette County,,IN,1238,27537,28775,7,5,12,785,605,1390,6,0.296756,0.310227,118.627105,0.000194,28,0.000647,0.000581,0.47619,0.004814
18043,Floyd County,,IN,6631,86107,92738,7,8,15,4809,4882,9691,6,0.302691,0.317451,1508.174833,0.000229,160,0.001141,0.001066,0.517857,0.008216
18045,Fountain County,,IN,1183,21112,22295,5,5,10,733,741,1474,7,0.270465,0.281573,67.315722,0.000166,28,0.00016,0.000142,0.4,0.001491
18047,Franklin County,,IN,1485,29641,31126,7,7,14,862,883,1745,6,0.290465,0.303649,71.910558,0.000199,197,0.000815,0.000686,0.428571,0.005333
18049,Fulton County,,IN,1346,24892,26238,7,8,15,693,726,1419,7,0.256864,0.266639,70.01287,0.000157,28,0.000246,0.000079,0.361111,0.001867
18051,Gibson County,,IN,1776,39762,41538,6,8,14,1066,1017,2083,7,0.261392,0.271233,11192.220982,0.000224,28,0.000066,0.000073,0.446429,0.001083
18053,Grant County,,IN,3670,77012,80682,12,10,22,1564,1723,3287,6,0.29838,0.312896,2582.053996,0.000225,28,0.002387,0.001041,0.462121,0.017105
18055,Greene County,,IN,1885,37343,39228,10,9,19,1379,1284,2663,6,0.297214,0.311357,343.329412,0.000277,28,0.000795,0.000744,0.444444,0.006303
18057,Hamilton County,,IN,20133,318478,338611,73,65,138,19635,14090,33725,5,0.39131,0.420812,16459.662885,0.000941,28,0.031314,0.031143,0.419699,0.210703
18059,Hancock County,,IN,5296,84048,89344,12,11,23,4584,3673,8257,6,0.297275,0.311668,23.862457,0.000232,28,0.001295,0.001097,0.576923,0.008983
18061,Harrison County,,IN,2703,46168,48871,7,5,12,1734,1728,3462,6,0.295241,0.307783,1095.934892,0.000221,160,0.000567,0.000505,0.380952,0.00456
18063,Hendricks County,,IN,12109,169380,181489,26,23,49,9935,8309,18244,6,0.350722,0.373464,2229.295189,0.000433,28,0.005597,0.007628,0.41828,0.039715
18065,Henry County,,IN,2608,57016,59624,9,9,18,1816,1598,3414,6,0.297275,0.311438,308.147628,0.000194,28,0.001,0.000908,0.588889,0.007223
18067,Howard County,,IN,4964,101145,106109,17,18,35,2981,2651,5632,6,0.344126,0.365076,3427.809509,0.000326,28,0.003051,0.004754,0.400433,0.021232
18069,Huntington County,,IN,2211,45720,47931,6,7,13,1114,1192,2306,6,0.297949,0.311974,71.626559,0.000161,28,0.000276,0.000758,0.547619,0.001999
18071,Jackson County,,IN,2620,55417,58037,13,9,22,2959,1635,4594,6,0.297,0.31115,277.698733,0.000279,28,0.003086,0.000765,0.39011,0.020399
18073,Jasper County,,IN,2198,39810,42008,9,9,18,1653,1342,2995,6,0.326667,0.344108,1752.472797,0.000179,28,0.002128,0.001989,0.583333,0.014804
18075,Jay County,,IN,1200,25819,27019,5,7,12,480,738,1218,6,0.297061,0.311034,141.515858,0.000143,28,0.000064,0.000597,0.285714,0.000784
18077,Jefferson County,,IN,2056,37324,39380,8,11,19,772,962,1734,6,0.302881,0.318143,1575.53892,0.00026,160,0.001141,0.001123,0.354545,0.008321
18079,Jennings County,,IN,2160,32854,35014,8,8,16,1308,1550,2858,6,0.296909,0.310861,39.06689,0.000213,28,0.000688,0.000659,0.535714,0.005398
18081,Johnson County,,IN,12961,164745,177706,22,24,46,10041,9574,19615,6,0.345648,0.367416,1508.958968,0.000402,28,0.003825,0.004315,0.394587,0.025658
18083,Knox County,,IN,1941,41532,43473,7,9,16,714,897,1611,6,0.29798,0.312256,8733.615666,0.000256,28,0.000659,0.000659,0.375,0.005069
18085,Kosciusko County,,IN,4649,96163,100812,12,12,24,2302,2625,4927,6,0.327703,0.345913,2070.508152,0.000209,28,0.002447,0.002537,0.429487,0.01628
18087,LaGrange County,,IN,2316,44811,47127,7,7,14,1359,1488,2847,6,0.298072,0.312205,36.387534,0.000137,28,0.000535,0.000764,0.607143,0.002979
18089,Lake County,,IN,25430,572406,597836,48,64,112,18578,19029,37607,5,0.386446,0.416177,9246.834872,0.000597,28,0.024288,0.031487,0.480282,0.168972
18091,LaPorte County,,IN,5265,127597,132862,11,13,24,3009,2795,5804,6,0.342211,0.362135,255.602716,0.000171,28,0.002744,0.004444,0.703297,0.017684
18093,Lawrence County,,IN,2272,53905,56177,7,6,13,1325,1239,2564,6,0.296848,0.310515,2537.942341,0.000189,28,0.00079,0.000714,0.47619,0.0059
18095,Madison County,,IN,7221,149868,157089,13,15,28,4264,4284,8548,6,0.327852,0.346587,983.070549,0.000259,28,0.001423,0.003172,0.566667,0.009985
18097,Marion County,,IN,63252,1059506,1122758,179,182,361,47949,52906,100855,5,0.421367,0.462752,211564.552369,0.0025,28,0.066594,0.07201,0.246804,0.464872
18099,Marshall County,,IN,2971,56733,59704,7,9,16,1562,1745,3307,6,0.32663,0.344051,619.413079,0.000143,28,0.000356,0.001807,0.583333,0.002173
18101,Martin County,,IN,601,12298,12899,3,5,8,250,300,550,7,0.269557,0.280247,3.962612,0.000128,28,0.000018,0.000141,0.6,0.000421
18103,Miami County,,IN,2638,38731,41369,6,9,15,1155,1690,2845,6,0.29838,0.312781,235.510132,0.000153,28,0.000662,0.001045,0.638889,0.004885
18105,Monroe County,,IN,10085,121200,131285,45,39,84,5948,5598,11546,6,0.368093,0.394829,15405.967323,0.000727,28,0.015188,0.015665,0.371044,0.105319
18107,Montgomery County,,IN,2263,46039,48302,8,8,16,1154,1189,2343,6,0.297153,0.311092,357.584462,0.000191,28,0.001815,0.001002,0.513889,0.012589
18109,Morgan County,,IN,5017,83220,88237,11,12,23,4047,3650,7697,6,0.297336,0.311841,21.360729,0.000234,28,0.00128,0.001108,0.56044,0.009361
18111,Newton County,,IN,1037,16186,17223,4,7,11,627,661,1288,6,0.283071,0.295117,25.944686,0.000109,28,0.000345,0.000421,0.47619,0.002428
18113,Noble County,,IN,3297,56367,59664,7,7,14,1987,2194,4181,7,0.275465,0.287551,9.454092,0.000151,28,0.000359,0.000216,0.595238,0.002133
18115,Ohio County,,IN,603,7623,8226,4,3,7,401,379,780,7,0.256045,0.265033,37.696924,0.000142,197,0.000574,0.000082,0.7,0.003759
18117,Orange County,,IN,1254,21963,23217,5,7,12,489,648,1137,6,0.302818,0.317566,976.247043,0.000184,28,0.000022,0.001176,0.410714,0.000632
18119,Owen County,,IN,1720,24546,26266,8,7,15,1265,1212,2477,6,0.296726,0.3104,3.424206,0.000192,28,0.000857,0.000757,0.696429,0.006348
18121,Parke County,,IN,1034,17741,18775,6,6,12,616,610,1226,6,0.296817,0.3104,348.388722,0.000173,28,0.000651,0.000613,0.6,0.004889
18123,Perry County,,IN,962,20906,21868,2,6,8,289,469,758,7,0.260991,0.270392,14.557725,0.0001,28,0.000011,0.00007,0.4,0.000258
18125,Pike County,,IN,732,14896,15628,4,4,8,446,433,879,7,0.260968,0.270005,5.427871,0.000145,28,0.000063,0.000061,0.833333,0.000876
18127,Porter County,,IN,10647,193763,204410,21,19,40,7963,6849,14812,6,0.349155,0.371475,1146.908792,0.000275,28,0.008546,0.006712,0.616601,0.055407
18129,Posey County,,IN,1812,31810,33622,3,3,6,1123,1054,2177,7,0.260826,0.269544,0,0.000121,28,0.00006,0.00006,1,0.000753
18131,Pulaski County,,IN,980,15695,16675,5,7,12,381,569,950,7,0.27001,0.281279,25.156439,0.000141,28,0.000054,0.000161,0.452381,0.000807
18133,Putnam County,,IN,2432,39343,41775,8,9,17,1420,1433,2853,6,0.29697,0.311034,9.032766,0.000205,28,0.000728,0.000803,0.638889,0.005561
18135,Randolph County,,IN,1737,31069,32806,5,6,11,955,1057,2012,6,0.297,0.310804,19.480637,0.000134,28,0.000082,0.000615,0.566667,0.000933
18137,Ripley County,,IN,1986,33072,35058,7,8,15,1120,1177,2297,6,0.300676,0.315375,86.84246,0.000183,197,0.00119,0.001125,0.444444,0.00803
18139,Rush County,,IN,1224,20697,21921,6,6,12,683,758,1441,6,0.296726,0.310285,5.558883,0.000169,28,0.000634,0.00059,0.6,0.004722
18141,St. Joseph County,,IN,14533,307309,321842,36,47,83,7430,8755,16185,6,0.371737,0.399804,8197.176081,0.00043,28,0.016533,0.022419,0.498911,0.108412
18143,Scott County,,IN,1577,26341,27918,7,8,15,1001,1061,2062,6,0.295513,0.308676,50.691998,0.000223,160,0.000556,0.000563,0.535714,0.004572
18145,Shelby County,,IN,3580,53919,57499,6,10,16,1870,2314,4184,6,0.297122,0.311265,8.415697,0.000165,28,0.000672,0.000949,0.555556,0.004982
18147,Spencer County,,IN,1437,25598,27035,5,5,10,700,910,1610,7,0.261133,0.270507,246.597376,0.00016,28,0.000083,0.000077,0.7,0.0011
18149,Starke County,,IN,1519,26660,28179,9,8,17,1124,996,2120,6,0.325014,0.341543,1642.476537,0.000164,28,0.001625,0.001482,0.555556,0.011197
18151,Steuben County,,IN,2325,38625,40950,6,8,14,1079,1242,2321,6,0.298195,0.31255,63.907803,0.000141,28,0.000253,0.000753,0.428571,0.001775
18153,Sullivan County,,IN,1225,22777,24002,4,3,7,557,622,1179,7,0.255863,0.26439,1.405847,0.000133,28,0.000642,0.000043,0.916667,0.0046
18155,Switzerland County,,IN,659,9542,10201,4,3,7,347,281,628,7,0.234051,0.241427,8.359048,0.000142,197,0.000575,0.000027,0.416667,0.003764
18157,Tippecanoe County,,IN,13239,170686,183925,44,47,91,6392,7410,13802,6,0.369174,0.397175,29803.657865,0.000721,28,0.012966,0.016044,0.318182,0.090191
18159,Tipton County,,IN,1252,19356,20608,4,4,8,722,820,1542,6,0.296909,0.310169,0,0.000105,28,0.000925,0.000853,1,0.006275
18161,Union County,,IN,517,8194,8711,5,4,9,372,343,715,6,0.275019,0.285991,5.876717,0.00015,28,0.000267,0.000204,0.6,0.001932
18163,Vanderburgh County,,IN,10340,202124,212464,27,26,53,6228,6384,12612,6,0.352561,0.37479,47510.993099,0.0006,28,0.006401,0.006014,0.268908,0.04585
18165,Vermillion County,,IN,1282,19123,20405,4,4,8,564,760,1324,7,0.256158,0.265036,7.643898,0.000137,28,0.000053,0.000055,0.416667,0.000807
18167,Vigo County,,IN,5973,113277,119250,20,19,39,3301,2900,6201,6,0.343105,0.363669,19223.960088,0.00045,28,0.003733,0.00362,0.345238,0.027561
18169,Wabash County,,IN,1872,39444,41316,7,8,15,920,1021,1941,6,0.298011,0.312205,145.765118,0.000165,28,0.000268,0.000758,0.553571,0.002082
18171,Warren County,,IN,666,10274,10940,2,2,4,391,387,778,7,0.269708,0.28001,0,0.000092,28,0.000135,0.000109,1,0.000984
18173,Warrick County,,IN,4564,70652,75216,10,9,19,3397,2877,6274,6,0.303358,0.318569,2024.150051,0.000286,28,0.000686,0.001111,0.409091,0.005501
18175,Washington County,,IN,1542,31932,33474,7,7,14,1005,1004,2009,6,0.295392,0.308302,844.380547,0.000236,160,0.000556,0.000536,0.547619,0.004499
18177,Wayne County,,IN,3483,80154,83637,11,14,25,1444,1632,3076,6,0.335344,0.355361,1272.027336,0.000246,28,0.001466,0.002672,0.379121,0.009682
18179,Wells County,,IN,1534,33012,34546,5,4,9,1006,835,1841,7,0.274236,0.285516,71.79409,0.000142,28,0.000239,0.000156,0.4,0.001546
18181,White County,,IN,1718,30103,31821,9,7,16,1217,969,2186,6,0.325307,0.341889,1131.550416,0.000211,28,0.001027,0.001172,0.418182,0.007115
18183,Whitley County,,IN,2037,41236,43273,5,6,11,1511,1355,2866,7,0.274497,0.28615,4.027656,0.000132,28,0.000256,0.000186,0.6,0.001708
19001,Adair County,,IA,476,8982,9458,3,2,5,201,144,345,6,0.280326,0.291329,1.5,0.000169,29,0.000265,0.000237,0.666667,0.002302
19003,Adams County,,IA,281,4847,5128,0,1,1,0,55,55,7,0.219074,0.224422,0,0.000051,29,0,0.000002,0,0
19005,Allamakee County,,IA,832,17407,18239,2,2,4,179,150,329,7,0.219814,0.225935,5.45873,0.000103,29,0.000003,0.000001,0,0.000207
19007,Appanoose County,,IA,622,14472,15094,3,3,6,158,174,332,6,0.280571,0.291906,5810,0.000208,29,0.000005,0.000246,0.416667,0.00037
19009,Audubon County,,IA,330,7398,7728,1,1,2,51,45,96,7,0.22371,0.228974,0.333333,0.000087,29,0.000003,0.000003,0,0.000134
19011,Benton County,,IA,1909,31419,33328,5,5,10,1305,1168,2473,7,0.273458,0.28464,11.190117,0.000169,29,0.000309,0.00018,0.7,0.001877
19013,Black Hawk County,,IA,7156,143847,151003,27,23,50,3602,3753,7355,6,0.347643,0.36952,32898.444396,0.000696,29,0.00416,0.004203,0.26455,0.03055
19015,Boone County,,IA,1899,30780,32679,5,5,10,1069,939,2008,6,0.280435,0.291906,2.775,0.000176,29,0.000332,0.000308,0.666667,0.0028
19017,Bremer County,,IA,1568,27768,29336,6,6,12,868,889,1757,6,0.281116,0.293347,205.765224,0.000231,29,0.000132,0.000343,0.571429,0.001459
19019,Buchanan County,,IA,1305,24903,26208,4,5,9,676,719,1395,7,0.263705,0.273712,2.861962,0.000141,29,0.000131,0.00011,0.75,0.001253
19021,Buena Vista County,,IA,1673,23989,25662,8,7,15,486,531,1017,6,0.326777,0.343549,19704.981407,0.000257,29,0.002527,0.001268,0.194444,0.017856
19023,Butler County,,IA,762,17948,18710,5,3,8,593,360,953,7,0.258056,0.266754,3.436111,0.000209,29,0.00004,0.000036,0.6,0.000802
19025,Calhoun County,,IA,673,12011,12684,3,3,6,273,234,507,6,0.280516,0.291819,416.423706,0.00014,29,0.000012,0.000237,0.25,0.000311
19027,Carroll County,,IA,1081,26256,27337,4,5,9,330,405,735,6,0.292552,0.305062,916.60016,0.000193,29,0.000249,0.000612,0.4,0.002172
19029,Cass County,,IA,688,16601,17289,4,4,8,255,256,511,6,0.288149,0.299631,3431.641283,0.00017,29,0.000634,0.00039,0.4,0.004962
19031,Cedar County,,IA,1336,22464,23800,5,5,10,835,816,1651,6,0.2826,0.294241,35.972966,0.000139,29,0.000503,0.000416,0.7,0.003431
19033,Cerro Gordo County,,IA,2620,52196,54816,10,12,22,1071,1234,2305,6,0.306412,0.322881,21396.349274,0.000425,29,0.000334,0.00108,0.269231,0.003268
19035,Cherokee County,,IA,581,14801,15382,4,3,7,242,131,373,7,0.258911,0.267849,1536.782084,0.000169,29,0.000051,0.000063,0.25,0.000869
19037,Chickasaw County,,IA,785,15369,16154,5,6,11,298,407,705,7,0.263753,0.273943,3710.396775,0.000213,29,0.000041,0.000109,0.452381,0.000801
19039,Clarke County,,IA,650,11068,11718,4,3,7,296,244,540,6,0.28038,0.29156,3.666667,0.000226,29,0.000247,0.000239,0.5,0.002177
19041,Clay County,,IA,1182,20675,21857,3,4,7,294,381,675,7,0.248282,0.256072,2145.86741,0.000153,29,0.000013,0.000023,0.083333,0.000453
19043,Clayton County,,IA,1052,22010,23062,6,6,12,413,486,899,7,0.264163,0.274519,3742.377259,0.000205,29,0.00013,0.000111,0.266667,0.001421
19045,Clinton County,,IA,2594,58394,60988,9,7,16,1322,1353,2675,6,0.282987,0.295105,199.639984,0.000207,28,0.000826,0.000456,0.511111,0.005988
19047,Crawford County,,IA,1219,20662,21881,4,5,9,248,345,593,6,0.292967,0.305771,101.091643,0.000158,29,0.000632,0.00067,0.5,0.004956
19049,Dallas County,,IA,6280,75419,81699,17,13,30,5749,4029,9778,6,0.339279,0.359541,3367.715915,0.000475,29,0.0041,0.002628,0.400585,0.029996
19051,Davis County,,IA,504,9845,10349,1,1,2,147,170,317,7,0.221465,0.227196,0,0.000085,29,0.000003,0.000011,0,0.000183
19053,Decatur County,,IA,585,8296,8881,2,2,4,122,155,277,6,0.280326,0.291329,0,0.000139,29,0.000243,0.000237,1,0.00194
19055,Delaware County,,IA,945,21811,22756,5,6,11,558,575,1133,7,0.26426,0.274664,10.048469,0.000169,29,0.000126,0.000142,0.6,0.001304
19057,Des Moines County,,IA,2195,48150,50345,9,9,18,942,1007,1949,6,0.327481,0.344886,8639.183602,0.000263,29,0.00154,0.00168,0.355556,0.011059
19059,Dickinson County,,IA,1241,20453,21694,5,4,9,397,329,726,6,0.281089,0.292903,5323.287915,0.000203,29,0.000242,0.000277,0.133333,0.002211
19061,Dubuque County,,IA,4011,112884,116895,16,18,34,2014,2038,4052,6,0.345276,0.366303,7877.31257,0.000362,29,0.00387,0.003632,0.371345,0.026878
19063,Emmet County,,IA,690,11779,12469,2,4,6,117,243,360,7,0.234583,0.242073,227.312162,0.000122,29,0.000002,0.000004,0.083333,0.00021
19065,Fayette County,,IA,1156,23564,24720,6,8,14,567,620,1187,6,0.28128,0.293895,3032.415065,0.000204,29,0.000134,0.000345,0.446429,0.001458
19067,Floyd County,,IA,941,19015,19956,4,4,8,386,427,813,7,0.25824,0.267273,71.515267,0.000178,29,0.000045,0.000038,0.45,0.000715
19069,Franklin County,,IA,633,12644,13277,3,3,6,239,246,485,7,0.234697,0.242142,7.440614,0.000142,29,0.000014,0.000005,0.166667,0.000354
19071,Fremont County,,IA,629,8626,9255,4,5,9,235,370,605,6,0.288264,0.299948,201.043804,0.0002,29,0.000028,0.000403,0.5,0.000656
19073,Greene County,,IA,618,11193,11811,4,3,7,242,190,432,6,0.28038,0.29156,2.5,0.000168,29,0.00027,0.000271,0.666667,0.002416
19075,Grundy County,,IA,847,15211,16058,4,5,9,476,487,963,7,0.258194,0.267302,7.553533,0.000189,29,0.000042,0.000052,0.55,0.00081
19077,Guthrie County,,IA,793,13184,13977,3,2,5,415,317,732,6,0.280326,0.291329,0.5,0.000178,29,0.000265,0.000269,0.833333,0.002296
19079,Hamilton County,,IA,1069,18709,19778,6,6,12,593,531,1124,6,0.280598,0.292367,1459.920086,0.000206,29,0.000315,0.000277,0.566667,0.002662
19081,Hancock County,,IA,787,13770,14557,4,3,7,271,284,555,7,0.234678,0.242056,22.090895,0.000196,29,0.000013,0.000003,0.25,0.000441
19083,Hardin County,,IA,1043,19968,21011,6,7,13,428,462,890,6,0.280816,0.292886,1985.361722,0.000221,29,0.000303,0.00032,0.47619,0.002723
19085,Harrison County,,IA,843,17570,18413,3,3,6,399,379,778,6,0.288092,0.2994,0,0.000168,29,0.000397,0.000393,1,0.003154
19087,Henry County,,IA,1390,22416,23806,7,7,14,646,581,1227,6,0.284351,0.296806,1021.626353,0.00024,29,0.000197,0.000396,0.416667,0.001367
19089,Howard County,,IA,504,12181,12685,2,2,4,101,116,217,7,0.219698,0.225745,3.400433,0.000104,29,0.000003,0,0,0.0002
19091,Humboldt County,,IA,640,11923,12563,2,2,4,150,193,343,6,0.280407,0.291502,1.25,0.000109,29,0.000013,0.000237,0.666667,0.000229
19093,Ida County,,IA,455,8686,9141,1,1,2,72,77,149,7,0.258471,0.266806,0,0.000078,29,0.000037,0.000042,0,0.000426
19095,Iowa County,,IA,1070,20614,21684,4,4,8,532,496,1028,7,0.273277,0.284167,8.068478,0.00013,29,0.000274,0.000146,0.55,0.001506
19097,Jackson County,,IA,1160,24249,25409,4,5,9,665,639,1304,6,0.282655,0.294356,0.461111,0.000125,29,0.000342,0.000449,0.95,0.003005
19099,Jasper County,,IA,2341,42772,45113,6,8,14,1128,1264,2392,6,0.284016,0.296287,16.047182,0.000182,29,0.000398,0.000395,0.597222,0.00329
19101,Jefferson County,,IA,1119,16937,18056,5,5,10,332,410,742,6,0.283988,0.295855,2118.04401,0.00019,29,0.000185,0.000317,0.466667,0.001118
19103,Johnson County,,IA,11594,134723,146317,39,50,89,6068,6810,12878,6,0.374822,0.402721,51359.875471,0.000866,29,0.008435,0.021284,0.320621,0.059439
19105,Jones County,,IA,1090,23522,24612,4,4,8,729,610,1339,7,0.273226,0.284178,9.519004,0.000135,29,0.000127,0.000176,0.7,0.001214
19107,Keokuk County,,IA,605,12428,13033,4,4,8,228,285,513,7,0.273019,0.283619,18.332482,0.000163,29,0.000183,0.000085,0.45,0.001027
19109,Kossuth County,,IA,853,19597,20450,3,3,6,157,147,304,6,0.280489,0.291762,5610.424255,0.000129,29,0.000241,0.000235,0.15,0.002015
19111,Lee County,,IA,1731,40959,42690,7,6,13,756,743,1499,7,0.273251,0.284213,7882.753078,0.000271,29,0.00021,0.000085,0.238095,0.001414
19113,Linn County,,IA,11486,252023,263509,38,38,76,6568,6711,13279,6,0.357355,0.382152,44694.446397,0.000846,29,0.00866,0.011056,0.256707,0.062742
19115,Louisa County,,IA,898,13361,14259,3,5,8,323,523,846,7,0.272839,0.283487,422.739463,0.000104,29,0.000628,0.000092,0.4,0.004281
19117,Lucas County,,IA,557,10103,10660,3,3,6,190,194,384,6,0.28038,0.29156,0,0.000129,29,0.000246,0.00024,1,0.002071
19119,Lyon County,,IA,605,14110,14715,3,3,6,276,257,533,7,0.267958,0.278278,1.5,0.000163,29,0.000105,0.000113,0.833333,0.00122
19121,Madison County,,IA,955,18201,19156,3,4,7,589,537,1126,6,0.280407,0.291733,1.666667,0.000134,29,0.000265,0.000274,0.666667,0.00231
19123,Mahaska County,,IA,1397,25159,26556,4,5,9,508,631,1139,6,0.280625,0.292252,297.921066,0.000152,29,0.00025,0.000251,0.55,0.002245
19125,Marion County,,IA,1977,39035,41012,6,7,13,787,927,1714,6,0.280543,0.292338,304.779002,0.000214,29,0.000253,0.000279,0.428571,0.002398
19127,Marshall County,,IA,2275,47173,49448,10,9,19,961,1017,1978,6,0.284435,0.297181,1402.874432,0.000274,29,0.001567,0.000454,0.490909,0.011911
19129,Mills County,,IA,1058,16971,18029,5,5,10,686,613,1299,6,0.289476,0.301216,764.887045,0.000201,29,0.000539,0.000514,0.55,0.004287
19131,Mitchell County,,IA,465,12881,13346,2,2,4,94,129,223,7,0.23464,0.241825,9.908606,0.000096,29,0.000018,0.000003,0.333333,0.000289
19133,Monona County,,IA,521,10801,11322,1,1,2,137,165,302,7,0.258471,0.266806,0,0.000078,29,0.000037,0.000042,0,0.000426
19135,Monroe County,,IA,448,8834,9282,3,4,7,192,248,440,6,0.280598,0.292079,8.844444,0.000137,29,0.000008,0.000248,0.65,0.000415
19137,Montgomery County,,IA,661,12592,13253,4,4,8,222,268,490,7,0.251742,0.26016,6.865126,0.000199,29,0.000026,0.000032,0.416667,0.000646
19139,Muscatine County,,IA,2679,52291,54970,7,9,16,1131,1512,2643,6,0.327332,0.344656,392.427135,0.000173,29,0.000545,0.001704,0.555556,0.003761
19141,O'Brien County,,IA,983,17500,18483,4,6,10,308,396,704,7,0.26888,0.280146,6103.446316,0.000228,29,0.000004,0.000136,0.261905,0.000399
19143,Osceola County,,IA,445,7944,8389,1,1,2,83,83,166,8,0.211919,0.217223,0,0.000083,29,0.000001,0,0,0.000099
19145,Page County,,IA,894,17120,18014,5,5,10,326,307,633,7,0.25333,0.262293,2595.653,0.000253,29,0.000387,0.000025,0.233333,0.003216
19147,Palo Alto County,,IA,610,11125,11735,3,4,7,197,212,409,7,0.219714,0.226068,22.96886,0.000133,29,0,0.000002,0.083333,0.000284
19149,Plymouth County,,IA,1561,31017,32578,4,5,9,691,735,1426,6,0.280898,0.292759,39.154421,0.000163,29,0.00005,0.000279,0.433333,0.00079
19151,Pocahontas County,,IA,597,8852,9449,2,4,6,126,241,367,7,0.247052,0.254888,1712.831962,0.00011,29,0.000011,0.000024,0.166667,0.000338
19153,Polk County,,IA,23298,506471,529769,97,81,178,18115,16245,34360,5,0.389413,0.421244,199606.376028,0.002257,29,0.028177,0.028924,0.222329,0.201815
19155,Pottawattamie County,,IA,5547,105907,111454,16,14,30,3824,3573,7397,6,0.335733,0.355459,10599.271286,0.000564,29,0.002316,0.002141,0.297794,0.01778
19157,Poweshiek County,,IA,1121,21092,22213,4,7,11,307,513,820,6,0.284267,0.296633,41.524902,0.000139,29,0.000338,0.000398,0.547619,0.002717
19159,Ringgold County,,IA,242,5423,5665,0,2,2,0,88,88,6,0.280396,0.291459,0,0.000051,29,0,0.000237,1,0
19161,Sac County,,IA,578,12423,13001,3,3,6,238,160,398,7,0.247411,0.254882,177.223229,0.000155,29,0.000018,0.000023,0,0.000451
19163,Scott County,,IA,13279,195440,208719,65,55,120,9644,7686,17330,5,0.385621,0.414343,24359.161358,0.000866,28,0.032123,0.025938,0.442922,0.217776
19165,Shelby County,,IA,665,14950,15615,4,3,7,276,206,482,6,0.288092,0.2994,2890,0.000226,29,0.000397,0.000393,0.5,0.003242
19167,Sioux County,,IA,1659,39324,40983,5,7,12,529,645,1174,6,0.283043,0.295988,3922.360662,0.000211,29,0.000142,0.000389,0.428571,0.001567
19169,Story County,,IA,8336,84830,93166,21,23,44,2998,4314,7312,6,0.35196,0.374715,7415.682345,0.000522,29,0.004171,0.006698,0.393333,0.031237
19171,Tama County,,IA,1159,21548,22707,5,5,10,539,596,1135,6,0.281034,0.293059,90.69414,0.000182,29,0.000133,0.000357,0.666667,0.00145
19173,Taylor County,,IA,388,7303,7691,2,2,4,105,85,190,7,0.219414,0.225191,9.634199,0.000158,29,0.000002,0.000005,0,0.00024
19175,Union County,,IA,850,14139,14989,6,4,10,306,279,585,6,0.280435,0.291791,6541.094305,0.000299,29,0.000247,0.000239,0.166667,0.002319
19177,Van Buren County,,IA,489,8508,8997,2,4,6,167,260,427,7,0.221839,0.228389,13.869048,0.000122,29,0.000003,0.000016,0.5,0.00022
19179,Wapello County,,IA,2135,40663,42798,9,9,18,879,866,1745,6,0.284435,0.297181,16035.016059,0.000363,29,0.0013,0.000382,0.236364,0.009897
19181,Warren County,,IA,3316,53925,57241,7,7,14,2464,2039,4503,6,0.280489,0.292252,9.583333,0.000235,29,0.000329,0.000312,0.464286,0.003025
19183,Washington County,,IA,1312,26151,27463,5,4,9,666,611,1277,7,0.273277,0.284167,21.152145,0.000166,29,0.000274,0.000146,0.45,0.001619
19185,Wayne County,,IA,339,7312,7651,1,1,2,52,55,107,7,0.219115,0.224419,0,0.00011,29,0.000002,0,0,0.000096
19187,Webster County,,IA,2454,42132,44586,6,9,15,591,897,1488,6,0.327073,0.34431,7481.149505,0.000233,29,0.000303,0.001337,0.311111,0.002606
19189,Winnebago County,,IA,768,13148,13916,4,4,8,294,270,564,7,0.234792,0.242431,114.795313,0.000209,29,0.000015,0.000003,0.3,0.000474
19191,Winneshiek County,,IA,967,24112,25079,3,6,9,268,383,651,6,0.281089,0.293232,4218.460409,0.00016,29,0.000003,0.000277,0.166667,0.000297
19193,Woodbury County,,IA,6168,118464,124632,21,22,43,3219,3558,6777,6,0.348523,0.370316,37306.98534,0.000692,29,0.005008,0.004444,0.245014,0.037849
19195,Worth County,,IA,471,9256,9727,2,2,4,167,206,373,7,0.234621,0.241768,0,0.000125,29,0.000009,0.000003,1,0.000233
19197,Wright County,,IA,856,15415,16271,4,5,9,231,291,522,6,0.280625,0.292281,746.758843,0.000198,29,0.000014,0.00024,0.4,0.000436
20001,Allen County,,KS,823,15151,15974,3,4,7,272,288,560,6,0.291461,0.303661,6412.139608,0.000189,64,0.000004,0.000444,0.166667,0.00031
20003,Anderson County,,KS,536,9525,10061,3,3,6,187,187,374,7,0.228429,0.23497,5764.041558,0.000136,64,0.000475,0.000018,0.583333,0.003533
20005,Atchison County,,KS,1145,18156,19301,2,7,9,183,503,686,6,0.293175,0.306324,252.762632,0.000083,64,0.000148,0.000658,0.428571,0.001173
20007,Barber County,,KS,365,5553,5918,0,2,2,0,89,89,7,0.280886,0.292993,0,0.000051,64,0,0.000288,1,0
20009,Barton County,,KS,1654,32192,33846,9,10,19,647,686,1333,6,0.297673,0.311957,13075.721252,0.000375,64,0.000863,0.000964,0.4,0.006592
20011,Bourbon County,,KS,899,16726,17625,4,4,8,229,309,538,6,0.29149,0.303747,12.527277,0.000161,64,0.0001,0.000458,0.35,0.001022
20013,Brown County,,KS,663,11669,12332,5,3,8,258,179,437,8,0.214514,0.220453,19.623936,0.000255,64,0.000078,0.000004,0.35,0.001132
20015,Butler County,,KS,4812,71836,76648,8,9,17,2960,2781,5741,6,0.314171,0.331754,316.355293,0.000219,64,0.00087,0.001899,0.454545,0.006336
20017,Chase County,,KS,154,2922,3076,0,1,1,0,44,44,7,0.229378,0.235586,0,0.000051,64,0,0.000009,0,0
20019,Chautauqua County,,KS,243,3991,4234,1,1,2,47,51,98,7,0.230322,0.236838,0,0.000074,64,0.00001,0.000007,0,0.000156
20021,Cherokee County,,KS,1486,22936,24422,5,5,10,870,914,1784,7,0.257665,0.267175,9.582095,0.000157,64,0.000077,0.000073,0.6,0.001105
20023,Cheyenne County,,KS,158,3252,3410,0,0,0,0,0,0,0,0,0,0,0.000051,30,0,0,0,0
20025,Clark County,,KS,193,2413,2606,1,1,2,44,43,87,7,0.25313,0.261099,0,0.000079,64,0.000029,0.00003,0,0.000315
20027,Clay County,,KS,690,9957,10647,2,2,4,154,132,286,7,0.271506,0.281907,0,0.000083,64,0.000281,0.000303,1,0.002523
20029,Cloud County,,KS,626,9603,10229,3,1,4,145,42,187,7,0.230102,0.236596,2891,0.000167,64,0.00001,0.00003,0.333333,0.000515
20031,Coffey County,,KS,660,10248,10908,3,2,5,200,158,358,7,0.229444,0.235886,0.566667,0.000132,64,0.000084,0.000018,0.833333,0.001058
20033,Comanche County,,KS,115,2117,2232,0,0,0,0,0,0,0,0,0,0,0.000051,31,0,0,0,0
20035,Cowley County,,KS,2475,39922,42397,4,7,11,842,1239,2081,6,0.297092,0.311593,46.895429,0.000131,64,0.000397,0.000956,0.452381,0.002739
20037,Crawford County,,KS,2636,40037,42673,11,11,22,1231,1281,2512,6,0.29838,0.313087,3369.127427,0.000288,64,0.001329,0.00125,0.348485,0.009787
20039,Decatur County,,KS,252,3596,3848,0,0,0,0,0,0,0,0,0,0,0.000051,32,0,0,0,0
20041,Dickinson County,,KS,1857,23227,25084,6,5,11,707,690,1397,7,0.285898,0.299127,12.818888,0.000162,64,0.00184,0.0007,0.928571,0.014407
20043,Doniphan County,,KS,559,8687,9246,3,2,5,327,246,573,7,0.253886,0.262061,0.854565,0.000106,64,0.000041,0.00001,0.666667,0.000386
20045,Douglas County,,KS,9040,105890,114930,29,30,59,5250,5449,10699,6,0.361465,0.386591,10242.598808,0.000636,64,0.008385,0.013622,0.411538,0.0617
20047,Edwards County,,KS,272,3628,3900,1,0,1,46,0,46,0,0,0,0,0.000079,64,0.000029,0,0,0.000315
20049,Elk County,,KS,205,3135,3340,0,0,0,0,0,0,0,0,0,0,0.000051,33,0,0,0,0
20051,Ellis County,,KS,2353,31590,33943,9,11,20,557,884,1441,6,0.297826,0.31236,21811.870686,0.000412,64,0.000951,0.001034,0.354545,0.007011
20053,Ellsworth County,,KS,412,6800,7212,1,1,2,58,56,114,7,0.230102,0.236596,0,0.000087,64,0.00001,0.00003,0,0.000336
20055,Finney County,,KS,2885,45998,48883,9,11,20,774,991,1765,6,0.334723,0.353315,20847.234261,0.000388,64,0.002546,0.002519,0.263736,0.020173
20057,Ford County,,KS,2505,40770,43275,11,11,22,970,794,1764,6,0.338882,0.358924,13224.856037,0.000364,64,0.003563,0.003485,0.242857,0.026487
20059,Franklin County,,KS,2042,29772,31814,9,8,17,1189,1173,2362,6,0.291696,0.304526,2202.990484,0.00028,64,0.001177,0.000614,0.466667,0.008642
20061,Geary County,,KS,10385,35268,45653,51,43,94,6066,4815,10881,6,0.362462,0.389854,11705.117576,0.000796,64,0.022021,0.018453,0.567003,0.169628
20063,Gove County,,KS,233,3328,3561,0,0,0,0,0,0,0,0,0,0,0.000051,34,0,0,0,0
20065,Graham County,,KS,199,3272,3471,0,0,0,0,0,0,0,0,0,0,0.000051,35,0,0,0,0
20067,Grant County,,KS,557,9170,9727,1,0,1,80,0,80,0,0,0,0,0.000081,64,0.000021,0,0,0.000265
20069,Gray County,,KS,494,7085,7579,2,2,4,179,143,322,7,0.259422,0.267884,0,0.000109,64,0.00005,0.000051,1,0.00058
20071,Greeley County,,KS,68,1485,1553,0,0,0,0,0,0,0,0,0,0,0.000051,36,0,0,0,0
20073,Greenwood County,,KS,467,7147,7614,2,3,5,148,241,389,7,0.280925,0.29321,0.2,0.000086,64,0.000369,0.000301,0.833333,0.002419
20075,Hamilton County,,KS,266,3121,3387,0,0,0,0,0,0,0,0,0,0,0.000051,37,0,0,0,0
20077,Harper County,,KS,414,6864,7278,1,1,2,91,79,170,7,0.280816,0.292748,0,0.000065,64,0.000353,0.000285,0,0.002267
20079,Harvey County,,KS,2394,40518,42912,5,7,12,1301,1264,2565,6,0.297244,0.310804,27.075797,0.000161,64,0.000398,0.000868,0.642857,0.002841
20081,Haskell County,,KS,314,4749,5063,0,1,1,0,40,40,7,0.250846,0.258327,0,0.000051,64,0,0.000021,0,0
20083,Hodgeman County,,KS,149,2283,2432,0,0,0,0,0,0,0,0,0,0,0.000051,38,0,0,0,0
20085,Jackson County,,KS,1001,16019,17020,5,3,8,560,588,1148,7,0.260122,0.269642,577.455365,0.000249,64,0.000191,0.000083,0.45,0.001707
20087,Jefferson County,,KS,1420,22043,23463,5,4,9,1016,895,1911,6,0.292789,0.305287,0.25,0.000128,64,0.000773,0.000711,0.8,0.005696
20089,Jewell County,,KS,174,3433,3607,0,0,0,0,0,0,0,0,0,0,0.000051,39,0,0,0,0
20091,Johnson County,,KS,38859,635932,674791,133,125,258,31424,29925,61349,5,0.410653,0.446581,136052.457465,0.002184,64,0.052785,0.055928,0.307154,0.384492
20093,Kearny County,,KS,354,4862,5216,1,1,2,131,134,265,7,0.250802,0.258243,0,0.000081,64,0.000021,0.000021,0,0.000265
20095,Kingman County,,KS,610,9150,9760,2,2,4,224,273,497,7,0.280843,0.292921,0,0.000086,64,0.000375,0.000294,1,0.002442
20097,Kiowa County,,KS,232,2638,2870,0,0,0,0,0,0,0,0,0,0,0.000051,40,0,0,0,0
20099,Labette County,,KS,1426,25440,26866,6,7,13,490,679,1169,6,0.295815,0.309489,693.519494,0.000178,64,0.000425,0.000791,0.619048,0.003298
20101,Lane County,,KS,177,2094,2271,0,0,0,0,0,0,0,0,0,0,0.000051,41,0,0,0,0
20103,Leavenworth County,,KS,9799,76378,86177,37,35,72,5532,5733,11265,6,0.352647,0.377759,4916.994145,0.000555,64,0.014364,0.014139,0.508457,0.108817
20105,Lincoln County,,KS,222,3817,4039,1,1,2,46,44,90,7,0.230102,0.236596,0,0.000087,64,0.00001,0.00003,0,0.000336
20107,Linn County,,KS,656,10479,11135,5,3,8,418,316,734,6,0.291255,0.3032,87.537451,0.000171,64,0.000562,0.000449,0.4,0.004263
20109,Logan County,,KS,186,3299,3485,1,1,2,40,44,84,1,1,1,0,0.000472,52,0,0,0,0.000093
20111,Lyon County,,KS,2681,36695,39376,10,9,19,737,1059,1796,6,0.29755,0.311611,5155.482574,0.000317,64,0.001032,0.001034,0.314103,0.007972
20113,McPherson County,,KS,2119,34738,36857,7,8,15,788,1080,1868,7,0.283265,0.296911,37.51015,0.000219,64,0.000525,0.000523,0.571429,0.004165
20115,Marion County,,KS,822,14201,15023,3,3,6,328,316,644,7,0.28087,0.293094,0,0.000108,64,0.000365,0.000293,1,0.00252
20117,Marshall County,,KS,609,12892,13501,1,3,4,74,191,265,7,0.268232,0.278613,2937.185586,0.000068,64,0.000127,0.000121,0,0.001038
20119,Meade County,,KS,305,5244,5549,1,1,2,71,50,121,8,0.219547,0.225539,0,0.000093,64,0.000003,0.000009,0,0.000168
20121,Miami County,,KS,2323,36539,38862,7,6,13,1687,1417,3104,6,0.295271,0.308296,1477.314563,0.000231,64,0.001011,0.00096,0.535714,0.007642
20123,Mitchell County,,KS,522,7454,7976,0,0,0,0,0,0,0,0,0,0,0.000051,42,0,0,0,0
20125,Montgomery County,,KS,2512,38664,41176,9,10,19,860,1083,1943,6,0.299213,0.314234,5997.520003,0.000276,64,0.000807,0.001247,0.381818,0.006576
20127,Morris County,,KS,528,6642,7170,2,3,5,110,182,292,7,0.271711,0.282397,0.503908,0.000083,64,0.000281,0.000311,0.666667,0.002523
20129,Morton County,,KS,313,3832,4145,0,0,0,0,0,0,0,0,0,0,0.000051,43,0,0,0,0
20131,Nemaha County,,KS,587,12760,13347,3,3,6,200,170,370,7,0.260122,0.269642,559.436097,0.000215,64,0.000071,0.000084,0.833333,0.000936
20133,Neosho County,,KS,1166,18366,19532,4,6,10,392,575,967,6,0.291696,0.304353,105.71267,0.000159,64,0.000023,0.000464,0.466667,0.000518
20135,Ness County,,KS,218,3710,3928,0,0,0,0,0,0,0,0,0,0,0.000051,44,0,0,0,0
20137,Norton County,,KS,313,5790,6103,0,0,0,0,0,0,0,0,0,0,0.000051,45,0,0,0,0
20139,Osage County,,KS,1182,19006,20188,3,5,8,608,784,1392,6,0.291549,0.30392,0.566667,0.000132,64,0.000084,0.00061,0.9,0.001058
20141,Osborne County,,KS,335,4827,5162,0,0,0,0,0,0,0,0,0,0,0.000051,46,0,0,0,0
20143,Ottawa County,,KS,474,7447,7921,1,2,3,191,219,410,7,0.23012,0.236768,0,0.000087,64,0.00001,0.00003,1,0.000336
20145,Pawnee County,,KS,553,7432,7985,1,1,2,87,99,186,7,0.229408,0.235639,0,0.000083,64,0.000008,0.000007,0,0.000156
20147,Phillips County,,KS,336,7016,7352,0,0,0,0,0,0,0,0,0,0,0.000051,47,0,0,0,0
20149,Pottawatomie County,,KS,1840,24670,26510,6,6,12,1006,808,1814,6,0.294429,0.307443,233.460676,0.000181,64,0.000936,0.000828,0.595238,0.007603
20151,Pratt County,,KS,761,10823,11584,3,2,5,173,138,311,7,0.280843,0.292921,0.5,0.000108,64,0.000377,0.000294,0.5,0.002529
20153,Rawlins County,,KS,173,2966,3139,0,0,0,0,0,0,0,0,0,0,0.000051,48,0,0,0,0
20155,Reno County,,KS,3356,73723,77079,12,15,27,1631,1776,3407,6,0.33628,0.356549,1179.445591,0.00037,64,0.001069,0.002654,0.383333,0.008275
20157,Republic County,,KS,298,5500,5798,0,1,1,0,53,53,8,0.187112,0.190684,0,0.000051,64,0,0,0,0
20159,Rice County,,KS,811,10883,11694,4,4,8,313,347,660,7,0.280952,0.293383,1.475,0.000141,64,0.000387,0.000306,0.833333,0.002732
20161,Riley County,,KS,12141,54042,66183,49,45,94,5904,6426,12330,6,0.365672,0.392834,25346.26178,0.000889,64,0.014305,0.01529,0.36526,0.111596
20163,Rooks County,,KS,338,6119,6457,1,1,2,56,74,130,7,0.229499,0.235811,0,0.000083,64,0.000009,0.000008,0,0.000159
20165,Rush County,,KS,243,3955,4198,1,2,3,51,88,139,7,0.22959,0.236215,0,0.000083,64,0.000009,0.000015,1,0.000159
20167,Russell County,,KS,394,7913,8307,1,1,2,106,96,202,7,0.229499,0.235811,0,0.000083,64,0.000009,0.000008,0,0.000159
20169,Saline County,,KS,3568,66718,70286,17,15,32,1684,1751,3435,6,0.298842,0.314021,27012.675036,0.000635,64,0.003607,0.001223,0.352941,0.027424
20171,Scott County,,KS,372,5909,6281,1,1,2,73,62,135,7,0.250802,0.258243,0,0.000081,64,0.000021,0.000021,0,0.000265
20173,Sedgwick County,,KS,24989,575396,600385,97,107,204,15088,16374,31462,6,0.390412,0.426046,116383.020443,0.001782,64,0.034237,0.042371,0.316473,0.260981
20175,Seward County,,KS,2259,27814,30073,8,7,15,833,833,1666,7,0.28128,0.29442,11059.667719,0.000343,64,0.001033,0.000345,0.236111,0.008473
20177,Shawnee County,,KS,9053,209790,218843,32,31,63,5223,4973,10196,6,0.351361,0.375735,28124.251534,0.000763,64,0.009858,0.008439,0.339406,0.073386
20179,Sheridan County,,KS,161,3284,3445,0,0,0,0,0,0,0,0,0,0,0.000051,49,0,0,0,0
20181,Sherman County,,KS,492,6589,7081,0,1,1,0,48,48,2,0.666667,0.75,0,0.000051,52,0,0,0,0
20183,Smith County,,KS,225,4839,5064,0,0,0,0,0,0,0,0,0,0,0.000051,50,0,0,0,0
20185,Stafford County,,KS,329,5084,5413,1,1,2,48,77,125,7,0.229408,0.235639,0,0.000083,64,0.000008,0.000007,0,0.000156
20187,Stanton County,,KS,185,2731,2916,0,0,0,0,0,0,0,0,0,0,0.000051,51,0,0,0,0
20189,Stevens County,,KS,335,6699,7034,1,0,1,45,0,45,0,0,0,0,0.000093,64,0.000003,0,0,0.000168
20191,Sumner County,,KS,1787,27961,29748,3,3,6,980,1016,1996,7,0.28087,0.293094,0,0.000102,64,0.000377,0.000296,1,0.002535
20193,Thomas County,,KS,598,8632,9230,2,1,3,92,40,132,1,1,1,1,0.000495,52,0,0,0,0.000177
20195,Trego County,,KS,210,3789,3999,1,1,2,51,57,108,7,0.229499,0.235811,0,0.000083,64,0.000009,0.000008,0,0.000159
20197,Wabaunsee County,,KS,611,8224,8835,3,2,5,264,293,557,7,0.260052,0.269383,0,0.000114,64,0.000205,0.00009,1,0.001914
20199,Wallace County,,KS,118,1737,1855,0,0,0,0,0,0,0,0,0,0,0.000051,53,0,0,0,0
20201,Washington County,,KS,489,9985,10474,1,0,1,61,0,61,0,0,0,0,0.00007,64,0.000001,0,0,0.000097
20203,Wichita County,,KS,186,2780,2966,0,0,0,0,0,0,0,0,0,0,0.000051,54,0,0,0,0
20205,Wilson County,,KS,655,10866,11521,3,4,7,253,290,543,7,0.281198,0.293803,403.286222,0.000111,64,0.000367,0.000303,0.75,0.002522
20207,Woodson County,,KS,258,3428,3686,1,1,2,79,48,127,7,0.225701,0.231246,0,0.000091,64,0.000004,0,0,0.000096
20209,Wyandotte County,,KS,12926,164625,177551,18,23,41,9316,10023,19339,6,0.356781,0.380336,3556.34883,0.000333,64,0.007975,0.009698,0.541667,0.059291
21001,Adair County,,KY,1076,16984,18060,4,5,9,400,492,892,6,0.295452,0.308129,2305.53673,0.000181,160,0.000519,0.000499,0.55,0.003856
21003,Allen County,,KY,1073,19412,20485,5,5,10,640,596,1236,7,0.260873,0.270784,67.115989,0.00023,160,0.000091,0.000113,0.6,0.001357
21005,Anderson County,,KY,1641,25517,27158,8,6,14,1075,921,1996,6,0.281609,0.293774,18.728134,0.000243,160,0.000822,0.000293,0.625,0.006404
21007,Ballard County,,KY,498,8968,9466,1,1,2,243,228,471,7,0.236696,0.243612,0,0.000086,160,0.000017,0.000018,0,0.000233
21009,Barren County,,KY,2530,45319,47849,7,8,15,1298,1502,2800,6,0.296726,0.3101,6916.329768,0.000296,160,0.000544,0.00071,0.392857,0.004464
21011,Bath County,,KY,682,11591,12273,3,3,6,429,360,789,6,0.281417,0.292967,0,0.000159,160,0.000283,0.000268,1,0.002261
21013,Bell County,,KY,1204,25242,26446,5,5,10,661,607,1268,7,0.231874,0.239546,83.87862,0.000232,160,0.000014,0.000015,0.4,0.000644
21015,Boone County,,KY,11386,134519,145905,24,19,43,8929,7720,16649,6,0.342009,0.363271,13441.90718,0.000478,197,0.007741,0.004671,0.384615,0.05354
21017,Bourbon County,,KY,1451,22090,23541,7,7,14,893,986,1879,6,0.281554,0.293774,16.66145,0.000289,160,0.000297,0.000287,0.553571,0.002823
21019,Boyd County,,KY,2731,51103,53834,9,8,17,1793,1610,3403,6,0.283071,0.295884,5916.062049,0.000346,197,0.001102,0.000294,0.444444,0.008257
21021,Boyle County,,KY,2108,29228,31336,7,9,16,1301,1305,2606,6,0.296391,0.310106,792.796962,0.000238,160,0.0008,0.000772,0.555556,0.00615
21023,Bracken County,,KY,570,9601,10171,4,4,8,301,350,651,7,0.251064,0.259741,64.026477,0.000144,197,0.00006,0.000063,0.583333,0.000841
21025,Breathitt County,,KY,498,13046,13544,1,2,3,98,123,221,7,0.219848,0.225738,2921,0.000082,160,0.000002,0.000002,0,0.000116
21027,Breckinridge County,,KY,1063,20878,21941,4,5,9,616,563,1179,6,0.296574,0.309437,10.060438,0.00013,82,0.000676,0.000713,0.6,0.005514
21029,Bullitt County,,KY,5361,86136,91497,10,10,20,4570,3962,8532,6,0.296574,0.310043,38.57704,0.000304,160,0.000713,0.000749,0.444444,0.006428
21031,Butler County,,KY,657,13500,14157,2,2,4,270,282,552,7,0.239005,0.247048,0,0.000109,160,0.000026,0.00004,1,0.000524
21033,Caldwell County,,KY,761,13715,14476,4,3,7,313,275,588,7,0.230616,0.237257,4255.109027,0.000387,28,0.000008,0.000009,0.083333,0.000489
21035,Calloway County,,KY,2329,35091,37420,7,7,14,925,928,1853,6,0.307619,0.322391,4378.565816,0.00028,160,0.001332,0.001336,0.47619,0.010189
21037,Campbell County,,KY,6917,99180,106097,14,12,26,5648,5372,11020,6,0.310626,0.328024,2401.293993,0.000306,197,0.002658,0.002431,0.532967,0.018269
21039,Carlisle County,,KY,286,5705,5991,1,2,3,62,133,195,7,0.236754,0.243872,0,0.000086,160,0.000017,0.000019,1,0.000233
21041,Carroll County,,KY,1106,12636,13742,7,6,13,446,428,874,6,0.295422,0.308302,430.981922,0.000219,160,0.000569,0.000558,0.404762,0.004658
21043,Carter County,,KY,1180,28854,30034,7,4,11,550,500,1050,7,0.229882,0.236769,6043.181954,0.000357,197,0.000803,0.000014,0.190476,0.005992
21045,Casey County,,KY,761,15644,16405,6,6,12,440,405,845,7,0.229882,0.237274,435.967412,0.00024,160,0.000294,0.000033,0.452381,0.002704
21047,Christian County,,KY,15286,70013,85299,48,48,96,6214,9259,15473,6,0.365579,0.393272,18652.900142,0.000768,160,0.020065,0.018303,0.466686,0.149766
21049,Clark County,,KY,2555,39137,41692,8,7,15,1418,1394,2812,6,0.281527,0.293716,1089.213902,0.000336,160,0.000301,0.000285,0.571429,0.003001
21051,Clay County,,KY,753,17983,18736,3,3,6,351,351,702,6,0.28139,0.292967,897.759067,0.000178,160,0.000006,0.000266,0.5,0.000326
21053,Clinton County,,KY,477,9799,10276,2,2,4,170,187,357,8,0.186276,0.189899,2921,0.000174,160,0.000006,0,0.333333,0.000283
21055,Crittenden County,,KY,457,9427,9884,2,1,3,107,53,160,8,0.187411,0.190922,2.226923,0.000204,160,0,0,0,0.000193
21057,Cumberland County,,KY,240,6872,7112,1,0,1,40,0,40,0,0,0,0,0.000125,160,0,0,0,0.000094
21059,Daviess County,,KY,4230,110604,114834,14,15,29,2105,2158,4263,6,0.308012,0.324288,14976.549974,0.000461,28,0.00153,0.001586,0.280952,0.012287
21061,Edmonson County,,KY,650,12601,13251,4,3,7,507,372,879,7,0.239044,0.247279,1.033333,0.000169,160,0.000548,0.00005,0.833333,0.004181
21063,Elliott County,,KY,268,6031,6299,1,1,2,40,51,91,8,0.186926,0.190522,0,0.000127,197,0,0.000007,0,0.000147
21065,Estill County,,KY,644,15176,15820,3,3,6,361,359,720,7,0.229045,0.23583,0.733333,0.000175,160,0.000011,0.000012,0.833333,0.000437
21067,Fayette County,,KY,21185,308227,329412,94,84,178,14028,14172,28200,5,0.391151,0.423844,243265.63843,0.002127,160,0.031576,0.03295,0.2541,0.228622
21069,Fleming County,,KY,694,16033,16727,3,4,7,311,259,570,6,0.281527,0.293313,420.836126,0.000148,197,0.000009,0.000266,0.5,0.000321
21071,Floyd County,,KY,1767,37809,39576,6,5,11,907,926,1833,6,0.281554,0.293486,7533.200114,0.000289,160,0.000281,0.00027,0.4,0.002554
21073,Franklin County,,KY,3292,56751,60043,9,9,18,1700,1929,3629,6,0.296452,0.310221,428.432586,0.000301,160,0.000821,0.000779,0.566667,0.006582
21075,Fulton County,,KY,542,6245,6787,3,3,6,296,296,592,7,0.238178,0.245521,85.309931,0.000146,160,0.000017,0.000012,0.416667,0.000376
21077,Gallatin County,,KY,883,7780,8663,5,5,10,561,518,1079,7,0.259702,0.268843,8.045633,0.000178,197,0.000085,0.000115,0.7,0.001306
21079,Garrard County,,KY,1363,17037,18400,5,6,11,900,863,1763,6,0.281472,0.293486,1.516853,0.000194,160,0.000297,0.000289,0.9,0.002648
21081,Grant County,,KY,2451,27661,30112,9,8,17,1861,1649,3510,6,0.29067,0.30411,463.918815,0.000267,197,0.00066,0.000606,0.444444,0.005071
21083,Graves County,,KY,1707,39865,41572,7,5,12,1002,776,1778,6,0.295543,0.308273,7592.843421,0.000338,160,0.000034,0.000508,0.267857,0.000932
21085,Grayson County,,KY,1006,27098,28104,8,5,13,666,404,1070,6,0.296604,0.309524,670.614731,0.00026,82,0.000676,0.00071,0.446429,0.006012
21087,Green County,,KY,590,11517,12107,1,1,2,97,137,234,7,0.229317,0.235297,0,0.000089,160,0.000008,0.000008,0,0.000161
21089,Greenup County,,KY,2095,40581,42676,7,7,14,1438,1222,2660,6,0.283043,0.295711,4630.384673,0.000283,197,0.000311,0.0003,0.380952,0.002905
21091,Hancock County,,KY,545,9948,10493,2,1,3,257,226,483,7,0.2355,0.242304,1.198927,0.000091,28,0.000014,0.000013,0,0.000304
21093,Hardin County,,KY,10999,110959,121958,55,40,95,9392,6027,15419,6,0.349028,0.374432,12425.527921,0.000929,82,0.021797,0.014409,0.45675,0.165248
21095,Harlan County,,KY,869,28286,29155,4,4,8,210,255,465,6,0.281527,0.29337,1351.303072,0.000173,160,0.00028,0.000266,0.3,0.002344
21097,Harrison County,,KY,1131,20303,21434,4,6,10,483,628,1111,6,0.2815,0.293514,97.318576,0.00017,160,0.000284,0.000281,0.466667,0.002423
21099,Hart County,,KY,1029,18700,19729,4,6,10,545,665,1210,6,0.296665,0.309754,8.935366,0.000145,160,0.000662,0.000715,0.7,0.005484
21101,Henderson County,,KY,2262,51443,53705,7,7,14,1353,1212,2565,6,0.296088,0.309264,3275.284809,0.000263,28,0.000591,0.000558,0.547619,0.0047
21103,Henry County,,KY,1223,17152,18375,4,5,9,737,787,1524,6,0.295151,0.307667,2.142857,0.000148,160,0.000528,0.000501,0.7,0.003914
21105,Hickman County,,KY,354,4998,5352,1,2,3,56,112,168,7,0.228411,0.234453,11.706146,0.000108,160,0.000004,0,0.5,0.000109
21107,Hopkins County,,KY,2245,51085,53330,11,11,22,985,1056,2041,6,0.299492,0.313923,16451.738448,0.000425,28,0.001032,0.000757,0.301282,0.008478
21109,Jackson County,,KY,493,12576,13069,3,3,6,311,259,570,7,0.229026,0.235802,19.976181,0.000184,160,0.000015,0.00001,0.666667,0.000424
21111,Jefferson County,,KY,36217,835920,872137,147,148,295,24953,26992,51945,5,0.418319,0.45603,249666.829131,0.002551,160,0.057371,0.061355,0.284993,0.409701
21113,Jessamine County,,KY,4294,49732,54026,10,13,23,2758,2635,5393,6,0.296543,0.310856,147.008552,0.000348,160,0.000825,0.000795,0.483516,0.00672
21115,Johnson County,,KY,982,22767,23749,5,6,11,707,513,1220,6,0.281664,0.293803,5920.418295,0.000305,160,0.000005,0.000272,0.333333,0.000556
21117,Kenton County,,KY,14687,179085,193772,19,17,36,11290,11418,22708,6,0.3348,0.35516,10809.997276,0.000391,197,0.00474,0.004332,0.48538,0.032206
21119,Knott County,,KY,681,14587,15268,3,3,6,260,358,618,7,0.219998,0.226176,6.405556,0.000164,160,0.000007,0.000005,0.5,0.000337
21121,Knox County,,KY,1470,30434,31904,3,3,6,770,774,1544,7,0.229063,0.235761,1.902381,0.000158,160,0.000009,0.000005,0.666667,0.000356
21123,Larue County,,KY,926,15491,16417,5,4,9,568,497,1065,6,0.296391,0.309005,2.133333,0.000164,82,0.000653,0.000675,0.7,0.005389
21125,Laurel County,,KY,2907,60142,63049,11,10,21,1646,1612,3258,6,0.296635,0.310654,13759.285532,0.000469,160,0.000297,0.000762,0.262821,0.003229
21127,Lawrence County,,KY,744,15413,16157,5,5,10,377,364,741,7,0.222316,0.229257,758.486427,0.000259,160,0.000022,0.000016,0.333333,0.000645
21129,Lee County,,KY,323,6266,6589,0,0,0,0,0,0,0,0,0,0,0.000051,55,0,0,0,0
21131,Leslie County,,KY,395,10802,11197,2,3,5,121,222,343,7,0.22899,0.235617,7.605527,0.000122,160,0.000009,0.000005,0.5,0.000251
21133,Letcher County,,KY,703,23598,24301,5,6,11,354,373,727,6,0.281637,0.293745,2035.955816,0.000232,160,0.000007,0.000277,0.333333,0.000579
21135,Lewis County,,KY,658,13347,14005,3,5,8,209,353,562,7,0.230029,0.237202,50.692451,0.000141,197,0.000007,0.000012,0.4,0.000323
21137,Lincoln County,,KY,1680,25849,27529,9,8,17,1156,1132,2288,6,0.281692,0.294149,246.857833,0.00032,160,0.000308,0.000302,0.555556,0.003165
21139,Livingston County,,KY,598,10230,10828,2,3,5,286,368,654,7,0.236773,0.244074,2015.028873,0.000154,160,0.000017,0.000019,0.333333,0.000336
21141,Logan County,,KY,1421,28997,30418,6,5,11,825,710,1535,7,0.239163,0.247827,102.318652,0.000216,160,0.0002,0.000058,0.4,0.002291
21143,Lyon County,,KY,524,7633,8157,3,2,5,225,156,381,8,0.192119,0.196542,66.962035,0.000228,28,0.000023,0,0.333333,0.000508
21145,McCracken County,,KY,4152,73621,77773,10,13,23,1833,2109,3942,6,0.31006,0.326577,36101.273683,0.000537,160,0.002218,0.001992,0.252747,0.016382
21147,McCreary County,,KY,655,14172,14827,3,3,6,209,286,495,7,0.231558,0.23845,30.290402,0.000145,160,0.000012,0.000015,0.166667,0.000419
21149,McLean County,,KY,580,10554,11134,3,4,7,352,421,773,7,0.236831,0.244552,1.466667,0.000141,28,0.000014,0.000022,0.833333,0.000424
21151,Madison County,,KY,5557,81445,87002,21,15,36,3075,2885,5960,6,0.296878,0.311691,12211.597067,0.000753,160,0.000848,0.000786,0.238095,0.007999
21153,Magoffin County,,KY,368,11830,12198,2,2,4,120,155,275,7,0.219814,0.2256,0,0.000143,160,0.000005,0.000002,1,0.000221
21155,Marion County,,KY,916,19987,20903,6,5,11,508,506,1014,6,0.296148,0.309184,1083.80724,0.000197,160,0.000814,0.000757,0.6,0.006061
21157,Marshall County,,KY,1810,35109,36919,5,4,9,1000,939,1939,7,0.23689,0.244419,2459.397043,0.000318,160,0.000032,0.00003,0.45,0.000712
21159,Martin County,,KY,495,9864,10359,3,2,5,157,196,353,7,0.220283,0.226173,7.759135,0.000158,160,0.000003,0,0.333333,0.000304
21161,Mason County,,KY,1185,19040,20225,5,6,11,601,555,1156,6,0.281746,0.294004,650.419278,0.000169,197,0.000019,0.000298,0.238095,0.000633
21163,Meade County,,KY,3516,30438,33954,11,10,21,1996,1863,3859,6,0.322728,0.339577,548.590889,0.000223,82,0.004262,0.003783,0.626374,0.035135
21165,Menifee County,,KY,356,6064,6420,1,1,2,139,111,250,7,0.219781,0.225439,0,0.000089,160,0.000002,0.000002,0,0.000123
21167,Mercer County,,KY,1318,24469,25787,8,7,15,737,808,1545,6,0.28139,0.293428,403.252377,0.000271,160,0.000308,0.000293,0.513889,0.003033
21169,Metcalfe County,,KY,607,10601,11208,1,2,3,318,283,601,7,0.228863,0.234905,0,0.000082,160,0.000006,0.000005,1,0.000136
21171,Monroe County,,KY,475,11618,12093,5,3,8,303,176,479,7,0.239024,0.247221,64.569871,0.000213,160,0.000038,0.000045,0.4,0.000899
21173,Montgomery County,,KY,1988,28082,30070,7,8,15,1062,1197,2259,6,0.281664,0.294062,5834.322199,0.000358,160,0.00029,0.000282,0.392857,0.002707
21175,Morgan County,,KY,381,11895,12276,2,1,3,140,70,210,7,0.228664,0.234608,26.256513,0.000136,160,0.000006,0.000002,0,0.000212
21177,Muhlenberg County,,KY,1239,33179,34418,6,6,12,448,567,1015,7,0.239599,0.248789,49.397279,0.000235,28,0.000046,0.000063,0.566667,0.001124
21179,Nelson County,,KY,2407,51514,53921,8,11,19,1757,1565,3322,6,0.297581,0.311674,1511.050511,0.000253,160,0.000934,0.000972,0.418182,0.007608
21181,Nicholas County,,KY,427,7817,8244,3,2,5,255,161,416,6,0.281226,0.292505,0,0.000132,160,0.000279,0.000265,1,0.002254
21183,Ohio County,,KY,1373,25974,27347,5,6,11,647,773,1420,7,0.23948,0.248501,37.994177,0.000214,28,0.00004,0.000059,0.466667,0.000931
21185,Oldham County,,KY,4379,63847,68226,8,7,15,2954,2481,5435,6,0.296148,0.309414,83.363865,0.000249,160,0.000821,0.000776,0.517857,0.006399
21187,Owen County,,KY,755,10849,11604,5,6,11,384,406,790,7,0.251391,0.26075,13.016911,0.00019,197,0.000056,0.000065,0.5,0.001093
21189,Owsley County,,KY,178,3810,3988,0,0,0,0,0,0,0,0,0,0,0.000051,56,0,0,0,0
21191,Pendleton County,,KY,1146,16199,17345,6,6,12,842,833,1675,7,0.259795,0.269132,24.616491,0.000197,197,0.000103,0.000134,0.566667,0.001534
21193,Perry County,,KY,1070,30269,31339,5,6,11,533,446,979,6,0.281609,0.293745,13635.837471,0.000222,160,0.000277,0.000266,0.233333,0.002397
21195,Pike County,,KY,2319,59488,61807,6,6,12,930,1016,1946,6,0.282379,0.294627,5192.710864,0.000232,160,0.000793,0.000273,0.309524,0.005915
21197,Powell County,,KY,793,13443,14236,5,5,10,472,478,950,6,0.281445,0.293313,3939.991676,0.000237,160,0.000279,0.000275,0.5,0.002453
21199,Pulaski County,,KY,2569,64904,67473,12,11,23,1228,1029,2257,6,0.296695,0.310884,22934.030344,0.000476,160,0.001362,0.000763,0.252747,0.009867
21201,Robertson County,,KY,137,2151,2288,0,0,0,0,0,0,0,0,0,0,0.000051,57,0,0,0,0
21203,Rockcastle County,,KY,772,16599,17371,2,4,6,289,452,741,6,0.281527,0.293341,0.559524,0.000133,160,0.000013,0.000284,0.9,0.000328
21205,Rowan County,,KY,1516,20630,22146,7,7,14,562,702,1264,6,0.296422,0.309875,13953.521096,0.000403,160,0.000281,0.000753,0.214286,0.002682
21207,Russell County,,KY,842,17623,18465,3,3,6,319,347,666,7,0.228936,0.235542,1.458333,0.000152,160,0.000011,0.000018,0.833333,0.000432
21209,Scott County,,KY,3501,51330,54831,13,10,23,2685,1814,4499,6,0.296482,0.310394,430.200692,0.00041,160,0.00087,0.000781,0.384615,0.00747
21211,Shelby County,,KY,3054,45444,48498,9,10,19,2364,1960,4324,6,0.2963,0.310048,89.594439,0.000274,160,0.000824,0.000797,0.454545,0.006524
21213,Simpson County,,KY,1268,19325,20593,5,4,9,701,724,1425,7,0.26085,0.270611,28.50316,0.000191,160,0.000101,0.00011,0.7,0.001437
21215,Spencer County,,KY,1253,19160,20413,4,5,9,1000,830,1830,6,0.29512,0.30761,0.527778,0.000134,160,0.000532,0.000505,0.85,0.003951
21217,Taylor County,,KY,1348,25336,26684,8,7,15,706,610,1316,6,0.29752,0.311098,6662.154158,0.000316,160,0.000922,0.000939,0.339286,0.007564
21219,Todd County,,KY,899,12953,13852,3,3,6,414,458,872,6,0.286323,0.298409,247.149577,0.000113,160,0.000515,0.000579,0.5,0.0045
21221,Trigg County,,KY,942,14788,15730,2,2,4,331,258,589,7,0.267859,0.278137,1347.950859,0.000077,160,0.000515,0.000167,0.333333,0.004383
21223,Trimble County,,KY,734,9651,10385,5,5,10,481,447,928,6,0.295271,0.307898,6.13486,0.000172,160,0.000536,0.000503,0.65,0.004059
21225,Union County,,KY,752,15965,16717,3,3,6,303,356,659,7,0.260779,0.269527,106.836926,0.000161,28,0.000011,0.000058,0.833333,0.00041
21227,Warren County,,KY,7253,116198,123451,27,23,50,3853,3642,7495,6,0.313966,0.333356,26522.764403,0.00075,160,0.004772,0.003044,0.236772,0.03681
21229,Washington County,,KY,666,12689,13355,3,4,7,332,356,688,6,0.296088,0.308953,16.918777,0.000137,160,0.000017,0.000755,0.7,0.000435
21231,Wayne County,,KY,859,20259,21118,3,2,5,339,334,673,7,0.228863,0.235225,2891.8,0.000203,160,0.000006,0.000011,0.5,0.000377
21233,Webster County,,KY,945,14770,15715,3,3,6,423,554,977,7,0.230542,0.237124,1.887756,0.000161,28,0.000011,0.000014,0.833333,0.00041
21235,Whitley County,,KY,2019,34930,36949,5,7,12,924,1176,2100,6,0.281719,0.29412,3046.21369,0.00023,160,0.000291,0.000276,0.309524,0.002561
21237,Wolfe County,,KY,376,6595,6971,1,2,3,45,94,139,7,0.219831,0.225658,7.449242,0.000086,160,0,0.000002,0,0.00009
21239,Woodford County,,KY,1894,28935,30829,7,7,14,1367,1215,2582,6,0.296239,0.309587,44.052962,0.000241,160,0.00081,0.000771,0.761905,0.006262
22001,Acadia Parish,,LA,3246,64357,67603,10,11,21,2366,2438,4804,6,0.320937,0.339012,295.918828,0.000214,58,0.001571,0.001922,0.763636,0.013312
22003,Allen Parish,,LA,1510,23113,24623,6,8,14,758,989,1747,6,0.320617,0.338176,108.124778,0.00015,58,0.000307,0.001394,0.642857,0.002667
22005,Ascension Parish,,LA,7053,115791,122844,20,22,42,6448,4877,11325,6,0.3228,0.342788,840.169871,0.000404,58,0.002549,0.003884,0.436923,0.023425
22007,Assumption Parish,,LA,1331,24625,25956,5,6,11,712,966,1678,7,0.277314,0.289874,0.368687,0.000121,58,0.000435,0.000676,0.9,0.003533
22009,Avoyelles Parish,,LA,1718,43719,45437,7,6,13,826,962,1788,6,0.320759,0.338176,203.925546,0.000179,58,0.001492,0.001587,0.738095,0.012649
22011,Beauregard Parish,,LA,2556,35018,37574,7,6,13,1583,1248,2831,6,0.321008,0.338551,227.700729,0.000144,58,0.002512,0.001654,0.660714,0.019763
22013,Bienville Parish,,LA,1033,14920,15953,8,7,15,607,684,1291,7,0.267438,0.278947,119.838667,0.000221,58,0.0003,0.000313,0.571429,0.003339
22015,Bossier Parish,,LA,13355,120763,134118,48,30,78,9150,8578,17728,6,0.338129,0.361311,13478.392041,0.000813,58,0.017704,0.008649,0.385704,0.141063
22017,Caddo Parish,,LA,15503,272718,288221,44,48,92,11627,10861,22488,6,0.36133,0.389502,21832.619036,0.000776,58,0.015959,0.017692,0.375,0.12826
22019,Calcasieu Parish,,LA,8352,209000,217352,32,33,65,5363,5198,10561,6,0.336593,0.360366,8234.412703,0.000607,58,0.005763,0.009149,0.385491,0.051174
22021,Caldwell Parish,,LA,594,10202,10796,2,2,4,228,247,475,7,0.247179,0.256099,11.088901,0.00013,58,0.000054,0.000045,0,0.000606
22023,Cameron Parish,,LA,625,7143,7768,1,1,2,264,386,650,7,0.251851,0.260979,0,0.000067,58,0.000076,0.000048,0,0.000544
22025,Catahoula Parish,,LA,579,10353,10932,4,3,7,241,240,481,8,0.216279,0.22272,57.195267,0.000205,58,0.000054,0.000001,0.25,0.000771
22027,Claiborne Parish,,LA,894,14803,15697,5,5,10,376,465,841,7,0.267339,0.278486,4.387349,0.000139,58,0.000283,0.000298,0.666667,0.002888
22029,Concordia Parish,,LA,1293,19898,21191,3,4,7,476,558,1034,7,0.275491,0.287949,2499.947066,0.00015,58,0.000007,0.000358,0.3,0.000374
22031,De Soto Parish,,LA,1725,29236,30961,5,4,9,1308,1149,2457,7,0.267289,0.278255,12.613706,0.000166,58,0.000235,0.000303,0.45,0.002914
22033,East Baton Rouge Parish,,LA,28748,454505,483253,101,94,195,20641,22981,43622,6,0.379197,0.41326,81108.794452,0.001653,58,0.036576,0.03592,0.298752,0.277367
22035,East Carroll Parish,,LA,473,7392,7865,2,3,5,134,263,397,6,0.309033,0.324876,290.789675,0.000102,58,0.000054,0.001005,0.666667,0.000606
22037,East Feliciana Parish,,LA,1705,20842,22547,4,5,9,1018,1234,2252,7,0.275071,0.287286,4,0.000157,58,0.000326,0.00034,0.5,0.002969
22039,Evangeline Parish,,LA,1723,34896,36619,7,8,15,1018,1189,2207,7,0.275438,0.288439,18.769603,0.000161,58,0.00057,0.000537,0.732143,0.004917
22041,Franklin Parish,,LA,926,21247,22173,3,3,6,367,384,751,7,0.247221,0.25633,214.377032,0.000168,58,0.000054,0.000046,0.333333,0.000711
22043,Grant Parish,,LA,1651,20379,22030,3,2,5,1015,1022,2037,7,0.247305,0.256186,3.736892,0.000117,58,0.000083,0.000043,0.833333,0.00081
22045,Iberia Parish,,LA,4529,83672,88201,10,12,22,2620,3294,5914,6,0.320973,0.339185,54.66746,0.000205,58,0.001805,0.002367,0.80303,0.015311
22047,Iberville Parish,,LA,2112,33551,35663,6,6,12,1255,1612,2867,7,0.279702,0.292365,9.134699,0.000185,58,0.000615,0.000773,0.785714,0.005581
22049,Jackson Parish,,LA,917,16301,17218,4,4,8,480,530,1010,7,0.247348,0.256762,28.279595,0.000151,58,0.000087,0.000061,0.333333,0.000952
22051,Jefferson Parish,,LA,32576,456265,488841,85,69,154,22992,26836,49828,6,0.374676,0.405212,19216.837602,0.001267,58,0.034791,0.030729,0.373034,0.265877
22053,Jefferson Davis Parish,,LA,1913,33417,35330,7,7,14,1132,1324,2456,7,0.275307,0.288035,8.10177,0.000162,58,0.000364,0.000487,0.678571,0.003482
22055,Lafayette Parish,,LA,15164,231004,246168,36,35,71,10929,11141,22070,6,0.347184,0.372068,4404.016221,0.000627,58,0.011469,0.010676,0.426451,0.095631
22057,Lafourche Parish,,LA,5430,102766,108196,14,16,30,3459,3739,7198,6,0.323704,0.343076,238.815243,0.000274,58,0.002247,0.004321,0.590643,0.020278
22059,La Salle Parish,,LA,567,14164,14731,4,3,7,315,190,505,7,0.247369,0.256474,213.357588,0.000214,58,0.000051,0.000043,0.166667,0.000775
22061,Lincoln Parish,,LA,3155,40984,44139,12,13,25,1505,1671,3176,6,0.325307,0.344667,4359.508961,0.000302,58,0.001533,0.003701,0.472527,0.013539
22063,Livingston Parish,,LA,8283,131162,139445,22,16,38,7359,5674,13033,6,0.321222,0.339992,1205.04531,0.000473,58,0.003253,0.002544,0.436759,0.028141
22065,Madison Parish,,LA,669,11472,12141,2,3,5,193,308,501,7,0.249698,0.25923,28.090696,0.000088,58,0.000073,0.000048,0.333333,0.000641
22067,Morehouse Parish,,LA,1788,30754,32542,5,9,14,732,1080,1812,6,0.322656,0.341058,1839.552141,0.000187,58,0.000088,0.00247,0.430556,0.001052
22069,Natchitoches Parish,,LA,2300,38914,41214,11,14,25,1020,1270,2290,6,0.325197,0.344639,5318.819748,0.000279,58,0.001807,0.003927,0.5,0.015743
22071,Orleans Parish,,LA,23845,279715,303560,108,68,176,28682,18730,47412,6,0.382458,0.413162,24943.788041,0.001535,58,0.049626,0.03502,0.416403,0.370267
22073,Ouachita Parish,,LA,8502,162609,171111,26,30,56,4669,5139,9808,6,0.32815,0.350404,39764.359675,0.00064,58,0.005355,0.0064,0.292473,0.047556
22075,Plaquemines Parish,,LA,2679,23206,25885,6,8,14,1173,1312,2485,6,0.334645,0.354364,129.957163,0.000164,58,0.002792,0.0048,0.839286,0.023512
22077,Pointe Coupee Parish,,LA,1385,24178,25563,7,5,12,870,889,1759,7,0.275071,0.287286,3.727632,0.000204,58,0.000403,0.000352,0.642857,0.003794
22079,Rapides Parish,,LA,6774,144214,150988,22,30,52,3851,4290,8141,6,0.328448,0.350726,17950.096835,0.000511,58,0.005067,0.006004,0.339785,0.044367
22081,Red River Parish,,LA,574,8841,9415,4,5,9,279,429,708,7,0.267289,0.27837,0.97619,0.000132,58,0.000255,0.0003,0.8,0.00279
22083,Richland Parish,,LA,1301,21382,22683,5,4,9,749,741,1490,7,0.2472,0.256388,7.196743,0.000193,58,0.000075,0.000046,0.5,0.000908
22085,Sabine Parish,,LA,1151,23914,25065,6,4,10,499,485,984,7,0.272504,0.284507,19.046244,0.000158,58,0.000468,0.000283,0.666667,0.00366
22087,St. Bernard Parish,,LA,1877,29309,31186,12,6,18,3490,1238,4728,7,0.27927,0.291212,37.512876,0.00025,58,0.002443,0.000924,0.704545,0.021271
22089,St. Charles Parish,,LA,4005,58873,62878,10,11,21,2721,2892,5613,6,0.320901,0.338897,54.624126,0.000207,58,0.00215,0.002405,0.854545,0.018922
22091,St. Helena Parish,,LA,1288,14764,16052,4,4,8,960,976,1936,7,0.279648,0.292019,3.826696,0.000137,58,0.000354,0.000774,0.8,0.003221
22093,St. James Parish,,LA,1444,26116,27560,5,7,12,710,1029,1739,7,0.281116,0.293892,0,0.000126,58,0.000628,0.001093,0.964286,0.005467
22095,St. John the Baptist Parish,,LA,3913,51945,55858,8,12,20,2301,3036,5337,6,0.320937,0.33907,79.99496,0.000181,58,0.001958,0.002428,0.810606,0.017166
22097,St. Landry Parish,,LA,4651,94395,99046,16,16,32,3524,3429,6953,6,0.322584,0.341808,520.829319,0.00032,58,0.002214,0.003367,0.519608,0.019729
22099,St. Martin Parish,,LA,3450,57072,60522,9,8,17,2772,2597,5369,6,0.320723,0.33832,52.06746,0.000187,58,0.001762,0.001864,0.902778,0.014983
22101,St. Mary Parish,,LA,3510,62020,65530,9,12,21,1563,2021,3584,6,0.320973,0.339185,173.087617,0.000184,58,0.001788,0.002358,0.719697,0.015005
22103,St. Tammany Parish,,LA,12689,242715,255404,49,39,88,9932,8082,18014,6,0.347476,0.373527,4634.185284,0.000803,58,0.018944,0.014053,0.437338,0.146881
22105,Tangipahoa Parish,,LA,6914,117345,124259,19,17,36,5364,4695,10059,6,0.323922,0.343537,613.570215,0.000392,58,0.003454,0.003746,0.519048,0.030048
22107,Tensas Parish,,LA,322,5237,5559,0,3,3,0,128,128,7,0.275402,0.287734,0,0.000051,58,0,0.000349,0.5,0
22109,Terrebonne Parish,,LA,6478,123918,130396,15,21,36,3232,4100,7332,6,0.325343,0.345619,311.903171,0.000292,58,0.003153,0.005705,0.61039,0.027745
22111,Union Parish,,LA,1467,23040,24507,4,3,7,895,783,1678,7,0.248389,0.257944,29.645623,0.000119,58,0.000126,0.000061,0.5,0.000948
22113,Vermilion Parish,,LA,3010,62101,65111,9,11,20,2223,2164,4387,6,0.320937,0.339012,59.22011,0.000197,58,0.000567,0.00194,0.809091,0.005124
22115,Vernon Parish,,LA,10816,48258,59074,42,47,89,5215,6002,11217,6,0.362508,0.390684,7431.664978,0.000637,58,0.015977,0.019056,0.547641,0.124959
22117,Washington Parish,,LA,2201,44128,46329,9,8,17,1104,1261,2365,7,0.28139,0.294498,3331.118156,0.000246,58,0.002024,0.001233,0.577778,0.018188
22119,Webster Parish,,LA,2351,42917,45268,6,8,14,1422,1429,2851,6,0.320973,0.338493,1620.838731,0.000178,58,0.000258,0.001424,0.464286,0.003012
22121,West Baton Rouge Parish,,LA,2165,25819,27984,5,5,10,1988,1572,3560,7,0.275071,0.287286,0.25,0.000167,58,0.000362,0.000361,0.95,0.003328
22123,West Carroll Parish,,LA,800,11777,12577,4,4,8,358,340,698,7,0.247157,0.256301,2,0.000157,58,0.000083,0.000046,0.666667,0.000811
22125,West Feliciana Parish,,LA,762,10961,11723,2,2,4,361,349,710,7,0.274993,0.286767,0,0.000092,58,0.000302,0.000307,1,0.002514
22127,Winn Parish,,LA,790,14377,15167,4,4,8,279,337,616,7,0.245833,0.254462,10.55957,0.000164,58,0.000084,0.000017,0.35,0.00091
23001,Androscoggin County,,ME,6351,118503,124854,12,15,27,3899,4024,7923,6,0.311732,0.329465,589.509728,0.000213,113,0.001342,0.00393,0.474265,0.009
23003,Aroostook County,,ME,2705,79881,82586,7,9,16,758,1132,1890,6,0.273691,0.286164,38.90787,0.000133,113,0.001135,0.000376,0.666667,0.006348
23005,Cumberland County,,ME,19926,322103,342029,57,78,135,11992,14358,26350,5,0.37609,0.408169,45132.892673,0.000675,113,0.026065,0.040339,0.473136,0.183181
23007,Franklin County,,ME,1744,31351,33095,7,8,15,781,991,1772,6,0.29395,0.309478,25.006555,0.000141,113,0.000557,0.001151,0.892857,0.003196
23009,Hancock County,,ME,2999,60594,63593,7,8,15,1145,1362,2507,6,0.273665,0.285991,2.79033,0.000153,113,0.000419,0.000376,0.736111,0.002683
23011,Kennebec County,,ME,6684,138546,145230,19,16,35,4369,4046,8415,6,0.295754,0.312366,846.500123,0.000291,113,0.003376,0.002035,0.447368,0.02124
23013,Knox County,,ME,2115,44416,46531,7,6,13,885,970,1855,6,0.273536,0.285472,57.434027,0.000146,113,0.001194,0.000294,0.767857,0.007837
23015,Lincoln County,,ME,2177,40295,42472,7,8,15,1068,1248,2316,6,0.273665,0.285991,3.098209,0.000148,113,0.000523,0.000379,0.785714,0.003052
23017,Oxford County,,ME,3129,61546,64675,7,7,14,1783,1853,3636,6,0.273665,0.285876,1.888413,0.000133,113,0.000589,0.000398,0.809524,0.003356
23019,Penobscot County,,ME,7808,164172,171980,20,24,44,4309,4560,8869,6,0.33916,0.360913,6379.748887,0.000309,113,0.003536,0.006574,0.383191,0.022229
23021,Piscataquis County,,ME,903,17979,18882,1,3,4,367,447,814,6,0.273458,0.284953,0,0.000062,113,0.000055,0.000251,1,0.000294
23023,Sagadahoc County,,ME,3541,41300,44841,6,9,15,2039,2143,4182,6,0.326408,0.344466,141.074434,0.000122,113,0.000553,0.002652,0.566667,0.003062
23025,Somerset County,,ME,2890,53566,56456,9,8,17,2037,1957,3994,6,0.273665,0.285991,4.480576,0.000172,113,0.000568,0.000373,0.666667,0.00343
23027,Waldo County,,ME,2159,41943,44102,8,7,15,1383,1263,2646,6,0.273562,0.285645,2.17619,0.000168,113,0.000423,0.000297,0.75,0.002854
23029,Washington County,,ME,1456,35133,36589,4,5,9,434,578,1012,6,0.27351,0.285299,0,0.000098,113,0.000397,0.000288,1,0.002151
23031,York County,,ME,11685,231922,243607,31,33,64,8237,7710,15947,6,0.344249,0.367779,5076.444361,0.000374,113,0.009057,0.013182,0.48141,0.058808
24001,Allegany County,,MD,2566,75054,77620,11,8,19,1188,1119,2307,6,0.298349,0.313035,5036.5099,0.000305,195,0.002396,0.001602,0.386364,0.018559
24003,Anne Arundel County,,MD,42350,612703,655053,149,139,288,35089,32861,67950,5,0.391363,0.430647,24794.320632,0.001714,195,0.072651,0.066213,0.386396,0.512583
24005,Baltimore County,,MD,56963,920355,977318,120,121,241,49763,49304,99067,5,0.387326,0.425378,12948.804678,0.001291,195,0.064829,0.06373,0.498632,0.446419
24009,Calvert County,,MD,5610,105421,111031,14,12,26,3767,3099,6866,6,0.308571,0.325216,19.659368,0.000202,195,0.008362,0.005643,0.875,0.063621
24011,Caroline County,,MD,2424,36578,39002,9,7,16,1565,1648,3213,6,0.281582,0.295394,1.915847,0.000179,195,0.001981,0.001008,0.833333,0.01535
24013,Carroll County,,MD,8683,203869,212552,12,17,29,6235,5931,12166,6,0.310693,0.328733,20.938629,0.000185,195,0.004708,0.005746,0.669935,0.034581
24015,Cecil County,,MD,6103,112799,118902,15,13,28,4331,3507,7838,6,0.302564,0.319105,25.526722,0.000195,116,0.005373,0.005011,0.720588,0.03589
24017,Charles County,,MD,11598,169387,180985,21,29,50,8790,7616,16406,6,0.341,0.363421,1478.785274,0.000309,195,0.010906,0.015784,0.696774,0.085532
24019,Dorchester County,,MD,1854,36544,38398,10,7,17,1342,1054,2396,6,0.287633,0.302565,6.947138,0.000187,195,0.003063,0.001914,0.866667,0.023437
24021,Frederick County,,MD,15792,276434,292226,42,44,86,11861,10683,22544,5,0.363419,0.390972,3235.675843,0.000577,195,0.020737,0.025985,0.584273,0.155359
24023,Garrett County,,MD,1152,34084,35236,5,4,9,383,435,818,7,0.232976,0.240767,770.356979,0.00017,195,0.00132,0.000028,0.333333,0.009701
24025,Harford County,,MD,15632,295764,311396,43,41,84,11287,10194,21481,6,0.350977,0.376813,1084.306298,0.000512,195,0.021117,0.022687,0.555451,0.152579
24027,Howard County,,MD,24439,324863,349302,81,57,138,21658,18623,40281,5,0.370546,0.399429,3061.280709,0.000878,195,0.048591,0.035137,0.624821,0.338042
24029,Kent County,,MD,1042,21506,22548,5,5,10,479,472,951,6,0.286351,0.300582,1.084124,0.000108,195,0.001202,0.001219,0.8,0.008607
24031,Montgomery County,,MD,69460,1099124,1168584,211,198,409,60039,59743,119782,5,0.42297,0.46605,68238.682054,0.002378,195,0.09727,0.092191,0.322499,0.670987
24033,Prince George's County,,MD,67776,968117,1035893,139,137,276,55488,59664,115152,5,0.396571,0.435847,23433.979241,0.001585,195,0.071703,0.068756,0.424814,0.504764
24035,Queen Anne's County,,MD,3046,54273,57319,10,11,21,1997,1776,3773,6,0.290057,0.305875,28.119713,0.000182,195,0.003335,0.002801,0.673077,0.025522
24037,St. Mary's County,,MD,7607,119629,127236,31,32,63,5154,4179,9333,6,0.346851,0.370368,730.401859,0.000375,195,0.014649,0.016694,0.520122,0.105916
24039,Somerset County,,MD,1313,21816,23129,3,2,5,712,735,1447,7,0.234773,0.242396,0,0.000104,195,0.000165,0.000082,1,0.001848
24041,Talbot County,,MD,2325,41799,44124,9,10,19,1499,1316,2815,6,0.301083,0.31639,30.219935,0.000177,195,0.003016,0.003349,0.818182,0.023367
24043,Washington County,,MD,8353,167455,175808,21,17,38,5796,5455,11251,6,0.308571,0.325966,6784.951742,0.000352,195,0.006952,0.005343,0.541126,0.051074
24045,Wicomico County,,MD,6008,102642,108650,19,19,38,3660,3628,7288,6,0.306737,0.324778,2711.157198,0.000336,195,0.005892,0.006245,0.545455,0.043675
24047,Worcester County,,MD,3857,59905,63762,13,11,24,2330,2194,4524,6,0.301209,0.316736,1375.175914,0.000239,195,0.004005,0.003871,0.685897,0.030142
24510,Baltimore city,,MD,48206,581082,629288,117,98,215,37641,42378,80019,5,0.385159,0.41978,7853.01033,0.001244,195,0.063563,0.053739,0.544715,0.43483
25001,Barnstable County,,MA,10320,263898,274218,40,37,77,7879,6495,14374,6,0.348439,0.372011,840.533416,0.000411,113,0.021845,0.018035,0.634848,0.145164
25003,Berkshire County,,MA,4690,150158,154848,20,21,41,1942,2078,4020,6,0.333333,0.35362,1497.499221,0.000222,113,0.008366,0.008404,0.647186,0.053727
25005,Bristol County,,MA,22256,628191,650447,37,50,87,17006,17528,34534,6,0.357311,0.383483,687.354117,0.000367,113,0.021108,0.028009,0.682148,0.142733
25007,Dukes County,,MA,823,19558,20381,3,3,6,169,175,344,6,0.294729,0.309063,0,0.000079,113,0.001497,0.001571,1,0.010652
25009,Essex County,,MA,34567,858788,893355,85,91,176,30288,28650,58938,6,0.373418,0.40682,3559.257741,0.000819,113,0.048285,0.050705,0.578755,0.326579
25011,Franklin County,,MA,4363,81239,85602,9,11,20,2601,2757,5358,6,0.295422,0.311167,27.793265,0.000138,113,0.002687,0.002967,0.727273,0.017934
25013,Hampden County,,MA,17056,523430,540486,48,59,107,10466,12157,22623,6,0.358908,0.388084,2365.136438,0.000467,113,0.026139,0.033094,0.635233,0.174626
25015,Hampshire County,,MA,10801,162896,173697,24,22,46,7027,7304,14331,6,0.34209,0.363646,550.582124,0.000257,113,0.010998,0.010832,0.690323,0.071424
25017,Middlesex County,,MA,99426,1703320,1802746,205,210,415,86384,89343,175727,5,0.414778,0.460798,60529.99037,0.002132,113,0.093594,0.093339,0.31392,0.642588
25019,Nantucket County,,MA,985,12006,12991,0,3,3,0,258,258,6,0.294771,0.309129,0,0.000051,113,0,0.001571,1,0
25021,Norfolk County,,MA,49548,765003,814551,90,100,190,45409,43833,89242,5,0.3848,0.419699,4078.902733,0.00087,113,0.050654,0.056183,0.583236,0.341258
25023,Plymouth County,,MA,23642,582288,605930,35,49,84,20212,19274,39486,6,0.36142,0.388654,503.824642,0.000357,113,0.020752,0.029289,0.685414,0.13995
25025,Suffolk County,,MA,74368,698209,772577,151,131,282,58834,67284,126118,5,0.40203,0.439675,20995.237106,0.001521,113,0.073152,0.068347,0.422917,0.495176
25027,Worcester County,,MA,32053,927367,959420,87,101,188,24708,24966,49674,5,0.384595,0.419555,6761.933878,0.000833,113,0.047882,0.054502,0.53927,0.322482
26001,Alcona County,,MI,733,12378,13111,5,2,7,332,266,598,7,0.235462,0.242501,1.316667,0.000117,59,0.001815,0.000036,0.8,0.00917
26003,Alger County,,MI,497,10221,10718,1,2,3,97,172,269,7,0.255253,0.263266,0,0.000079,28,0.000028,0.000032,1,0.000275
26005,Allegan County,,MI,7417,134782,142199,11,12,23,5397,5100,10497,6,0.327852,0.345988,96.837695,0.000151,59,0.003635,0.002793,0.762821,0.020509
26007,Alpena County,,MI,1374,34998,36372,6,6,12,411,338,749,6,0.303517,0.318465,4301.16228,0.000218,59,0.001976,0.001003,0.464286,0.010018
26009,Antrim County,,MI,1908,27482,29390,8,6,14,938,932,1870,6,0.302027,0.316644,179.74748,0.000169,59,0.002075,0.000683,0.75,0.01099
26011,Arenac County,,MI,1088,18570,19658,6,5,11,612,491,1103,7,0.262603,0.272386,0.215909,0.000112,59,0.001174,0.000155,0.928571,0.005969
26013,Baraga County,,MI,367,8771,9138,2,2,4,115,138,253,7,0.255253,0.263266,0,0.000154,28,0.000028,0.000044,1,0.000435
26015,Barry County,,MI,4052,70350,74402,8,9,17,2351,2726,5077,6,0.290553,0.303938,2.914689,0.000133,59,0.001218,0.000777,0.777778,0.00567
26017,Bay County,,MI,4950,133052,138002,15,16,31,2847,2925,5772,6,0.336007,0.35599,687.964654,0.000201,59,0.003184,0.003601,0.617647,0.015703
26019,Benzie County,,MI,1355,20424,21779,5,3,8,671,665,1336,7,0.256704,0.265457,1.25,0.000152,59,0.000845,0.00008,0.65,0.004891
26021,Berrien County,,MI,8886,180452,189338,27,29,56,4581,4836,9417,6,0.363009,0.388055,682.660418,0.000301,28,0.012386,0.013327,0.604839,0.078447
26023,Branch County,,MI,2793,49331,52124,7,9,16,1178,1463,2641,6,0.304861,0.320229,71.63276,0.000127,59,0.001077,0.001012,0.541667,0.006023
26025,Calhoun County,,MI,7309,153026,160335,25,20,45,4035,4009,8044,6,0.344413,0.365756,1119.578179,0.000304,59,0.007233,0.005347,0.496923,0.043766
26027,Cass County,,MI,3459,57869,61328,8,8,16,2283,2305,4588,6,0.32593,0.342886,0.825733,0.000121,28,0.002151,0.00174,0.910714,0.012699
26029,Charlevoix County,,MI,1778,30979,32757,8,6,14,818,751,1569,6,0.289013,0.301851,6.219889,0.000149,59,0.002341,0.000401,0.777778,0.011786
26031,Cheboygan County,,MI,1736,30301,32037,7,5,12,630,571,1201,6,0.30209,0.316615,1045.961043,0.000175,59,0.001824,0.00062,0.535714,0.009491
26033,Chippewa County,,MI,1736,39175,40911,8,5,13,480,295,775,6,0.307979,0.323348,8751.341832,0.00019,59,0.002092,0.001425,0.535714,0.010987
26035,Clare County,,MI,1957,32758,34715,11,10,21,1262,923,2185,6,0.307259,0.322974,44.715898,0.000154,59,0.003135,0.001778,0.790909,0.01498
26037,Clinton County,,MI,5599,86919,92518,16,15,31,4076,3794,7870,6,0.342373,0.362441,297.18178,0.000191,59,0.003955,0.004142,0.736842,0.018935
26039,Crawford County,,MI,915,14675,15590,3,2,5,315,183,498,7,0.235443,0.242472,0.805556,0.000099,59,0.000806,0.000036,0.666667,0.004341
26041,Delta County,,MI,1458,44971,46429,6,5,11,493,524,1017,7,0.26426,0.274917,5953.641261,0.000306,28,0.000123,0.000096,0.366667,0.001259
26043,Dickinson County,,MI,1132,32251,33383,6,6,12,413,448,861,7,0.264284,0.27509,8709.98633,0.000321,28,0.000037,0.000103,0.333333,0.000803
26045,Eaton County,,MI,9587,128106,137693,27,21,48,7713,6699,14412,6,0.35,0.372328,1248.396019,0.000328,59,0.00627,0.006972,0.509195,0.036961
26047,Emmet County,,MI,2442,38937,41379,9,13,22,1132,1182,2314,6,0.308242,0.324732,76.890082,0.000189,59,0.002337,0.001898,0.564103,0.012101
26049,Genesee County,,MI,20985,489906,510891,43,72,115,11127,14009,25136,6,0.383117,0.413923,9926.745594,0.000526,59,0.01538,0.031797,0.366712,0.102995
26051,Gladwin County,,MI,1513,28887,30400,9,9,18,997,839,1836,6,0.307031,0.322455,1.022222,0.000131,59,0.002413,0.001432,0.9,0.011925
26053,Gogebic County,,MI,780,16603,17383,2,1,3,136,99,235,1,1,1,1,0.000495,198,0,0,0,0.000177
26055,Grand Traverse County,,MI,6001,103635,109636,23,25,48,3559,3221,6780,6,0.345153,0.367082,7759.216489,0.000394,59,0.006194,0.006002,0.418803,0.035858
26057,Gratiot County,,MI,2405,43994,46399,9,11,20,1419,1487,2906,6,0.303645,0.319272,16.90637,0.000144,59,0.000953,0.001237,0.745455,0.00488
26059,Hillsdale County,,MI,2720,51090,53810,10,9,19,1653,1421,3074,6,0.304124,0.319474,110.333551,0.000151,59,0.002446,0.001288,0.606061,0.012912
26061,Houghton County,,MI,1877,36598,38475,5,3,8,348,288,636,7,0.255276,0.263439,6409.878514,0.000264,28,0.001557,0.000031,0.35,0.008302
26063,Huron County,,MI,1519,42549,44068,6,9,15,682,816,1498,6,0.307161,0.322685,4.355018,0.000103,59,0.002028,0.001743,0.875,0.010181
26065,Ingham County,,MI,22521,286102,308623,53,68,121,13793,16354,30147,5,0.380545,0.411542,11895.251402,0.000626,59,0.017506,0.03209,0.393712,0.118591
26067,Ionia County,,MI,3812,69550,73362,9,8,17,2562,2384,4946,6,0.290348,0.303447,3.229918,0.000149,59,0.00101,0.000599,0.708333,0.004937
26069,Iosco County,,MI,1843,29379,31222,9,9,18,972,745,1717,6,0.307096,0.32257,1935.556087,0.000175,59,0.002356,0.001608,0.736111,0.011708
26071,Iron County,,MI,518,13322,13840,0,1,1,0,57,57,8,0.209096,0.214302,0,0.000051,28,0,0,0,0
26073,Isabella County,,MI,4897,61773,66670,19,22,41,2564,3003,5567,6,0.336241,0.357028,397.197526,0.000248,59,0.003448,0.004014,0.563333,0.017327
26075,Jackson County,,MI,7382,177240,184622,17,17,34,4027,4120,8147,6,0.342983,0.363507,281.107386,0.0002,59,0.00538,0.005447,0.716374,0.02898
26077,Kalamazoo County,,MI,15444,274053,289497,39,54,93,10241,9897,20138,6,0.372552,0.401447,3629.88624,0.000427,59,0.013374,0.024758,0.45505,0.081753
26079,Kalkaska County,,MI,1405,18665,20070,4,3,7,659,596,1255,7,0.256727,0.265514,0.849206,0.000101,59,0.001584,0.000086,0.8,0.008439
26081,Kent County,,MI,32700,708917,741617,89,127,216,21074,24735,45809,5,0.405754,0.442494,61936.244941,0.001116,59,0.033691,0.055804,0.348038,0.227686
26083,Keweenaw County,,MI,111,2508,2619,1,1,2,58,61,119,8,0.203377,0.207462,0,0.000126,28,0,0.000013,0,0.000159
26085,Lake County,,MI,820,11043,11863,5,4,9,366,371,737,6,0.288782,0.301159,2.926812,0.000137,59,0.000493,0.00032,0.65,0.002684
26087,Lapeer County,,MI,5991,105607,111598,7,11,18,3892,3837,7729,6,0.308012,0.324184,6.277449,0.000106,59,0.002333,0.002374,0.836364,0.011248
26089,Leelanau County,,MI,1495,25602,27097,4,3,7,589,691,1280,6,0.288811,0.301101,89.091058,0.000121,59,0.001297,0.000339,0.75,0.006508
26091,Lenawee County,,MI,5411,116460,121871,12,15,27,2812,3039,5851,6,0.336437,0.356509,195.537406,0.000159,59,0.003258,0.003799,0.728571,0.016162
26093,Livingston County,,MI,12133,218523,230656,18,25,43,8739,7680,16419,6,0.352389,0.376248,258.689151,0.000205,59,0.006193,0.010657,0.647692,0.035301
26095,Luce County,,MI,362,6363,6725,1,0,1,43,0,43,0,0,0,0,0.000086,59,0,0,0,0.000091
26097,Mackinac County,,MI,813,13380,14193,1,2,3,111,157,268,7,0.235519,0.242339,2921,0.000083,59,0.000012,0.000017,0,0.000186
26099,Macomb County,,MI,48089,1018454,1066543,62,113,175,39211,39323,78534,5,0.40086,0.436245,15174.018586,0.000686,59,0.029056,0.053651,0.402099,0.201664
26101,Manistee County,,MI,1370,27600,28970,7,6,13,483,480,963,6,0.289071,0.301908,128.116944,0.000169,59,0.002055,0.000422,0.553571,0.010699
26103,Marquette County,,MI,2996,73390,76386,14,13,27,1148,920,2068,6,0.342617,0.362556,29464.738276,0.000429,28,0.003699,0.003333,0.334559,0.020818
26105,Mason County,,MI,1585,33598,35183,6,7,13,646,609,1255,6,0.288956,0.301822,7.494133,0.000152,59,0.000679,0.00042,0.571429,0.003273
26107,Mecosta County,,MI,2955,40104,43059,13,12,25,1811,1499,3310,6,0.307848,0.32404,193.561213,0.00021,59,0.002771,0.001684,0.528571,0.013818
26109,Menominee County,,MI,1236,28091,29327,4,4,8,624,657,1281,7,0.262986,0.273101,3.498918,0.000199,28,0.000037,0.000072,0.75,0.000631
26111,Midland County,,MI,5312,100392,105704,16,16,32,2867,2694,5561,6,0.341161,0.362193,1148.970673,0.00021,59,0.004355,0.005223,0.565789,0.024172
26113,Missaukee County,,MI,984,16559,17543,2,2,4,361,408,769,7,0.233446,0.240143,0,0.000096,59,0.000011,0.000028,1,0.000341
26115,Monroe County,,MI,8762,183879,192641,12,13,25,5824,5545,11369,6,0.348104,0.369503,39.193309,0.000142,59,0.004562,0.005485,0.819048,0.024091
26117,Montcalm County,,MI,4542,68985,73527,10,11,21,3036,2966,6002,6,0.290436,0.303966,34.291122,0.000161,59,0.001751,0.00069,0.674242,0.00871
26119,Montmorency County,,MI,577,10906,11483,4,2,6,266,132,398,7,0.235462,0.242529,1.304762,0.000117,59,0.001549,0.000034,0.75,0.008206
26121,Muskegon County,,MI,7760,192348,200108,16,19,35,4336,4553,8889,6,0.349281,0.37155,1540.024173,0.000217,59,0.005994,0.006718,0.588095,0.033643
26123,Newaygo County,,MI,3285,55081,58366,7,6,13,1945,1947,3892,6,0.288898,0.301591,1.67619,0.000145,59,0.000697,0.00043,0.785714,0.003492
26125,Oakland County,,MI,83284,1401979,1485263,151,237,388,67615,71896,139511,5,0.432331,0.478946,109983.545483,0.001819,59,0.067465,0.093772,0.265239,0.474617
26127,Oceana County,,MI,1939,30676,32615,6,5,11,987,1084,2071,6,0.288869,0.301418,30.970363,0.000136,59,0.00089,0.000397,0.733333,0.005807
26129,Ogemaw County,,MI,1507,23865,25372,10,11,21,738,794,1532,6,0.307161,0.322916,156.251976,0.000161,59,0.002381,0.001668,0.754545,0.01192
26131,Ontonagon County,,MI,329,7494,7823,0,1,1,0,42,42,2,0.666667,0.75,0,0.000051,198,0,0,0,0
26133,Osceola County,,MI,1709,25700,27409,7,7,14,908,921,1829,6,0.288927,0.301793,1764.250109,0.000185,59,0.001252,0.00038,0.517857,0.00672
26135,Oscoda County,,MI,495,9159,9654,1,1,2,50,41,91,6,0.301869,0.315779,0,0.000057,59,0.000781,0.000562,0,0.003964
26137,Otsego County,,MI,1886,28800,30686,10,10,20,839,679,1518,6,0.307063,0.322628,2993.198513,0.000261,59,0.002056,0.001385,0.481818,0.011029
26139,Ottawa County,,MI,16380,309560,325940,27,41,68,11256,11451,22707,6,0.35864,0.385115,4288.42696,0.00036,59,0.006561,0.017912,0.454017,0.040161
26141,Presque Isle County,,MI,680,15916,16596,3,2,5,197,172,369,7,0.232995,0.239808,1.379391,0.000117,59,0.00046,0.000032,0.166667,0.002092
26143,Roscommon County,,MI,1504,27068,28572,7,6,13,756,440,1196,6,0.307619,0.322945,1592.345178,0.000138,59,0.002325,0.001549,0.732143,0.011286
26145,Saginaw County,,MI,9368,230971,240339,27,32,59,5125,5627,10752,6,0.35226,0.376709,2901.248866,0.000316,59,0.006309,0.008469,0.424925,0.035593
26147,St. Clair County,,MI,9821,196159,205980,11,18,29,4824,5607,10431,6,0.345979,0.367168,364.234758,0.000144,59,0.005206,0.008373,0.681287,0.030286
26149,St. Joseph County,,MI,3569,71508,75077,10,12,22,1858,1970,3828,6,0.326704,0.344558,235.675128,0.000153,59,0.002189,0.001964,0.613636,0.013136
26151,Sanilac County,,MI,2543,50673,53216,9,8,17,1655,1615,3270,6,0.307031,0.322339,5.037778,0.000119,59,0.002424,0.001577,0.847222,0.011831
26153,Schoolcraft County,,MI,362,9308,9670,1,1,2,46,56,102,8,0.209038,0.214146,0,0.000103,28,0.000001,0.000001,0,0.00011
26155,Shiawassee County,,MI,4332,84129,88461,10,12,22,2591,2622,5213,6,0.335772,0.355183,45.836828,0.000136,59,0.002788,0.003367,0.878788,0.013556
26157,Tuscola County,,MI,3152,67785,70937,8,9,17,1857,1900,3757,6,0.303135,0.318264,2.173772,0.000118,59,0.001641,0.001111,0.791667,0.007878
26159,Van Buren County,,MI,5555,89108,94663,11,11,22,3295,3709,7004,6,0.326704,0.344287,68.984989,0.000156,59,0.003964,0.002334,0.685714,0.024871
26161,Washtenaw County,,MI,28086,359624,387710,79,104,183,19318,21308,40626,5,0.399972,0.434596,7181.774764,0.000857,59,0.040098,0.057156,0.489859,0.273684
26163,Wayne County,,MI,98955,1989333,2088288,145,230,375,55282,87089,142371,5,0.434019,0.479436,89668.055447,0.001643,59,0.066258,0.089747,0.267467,0.464788
26165,Wexford County,,MI,2388,36789,39177,9,8,17,1258,1196,2454,6,0.30438,0.319278,4386.888641,0.000215,59,0.002065,0.000923,0.427273,0.011058
27001,Aitkin County,,MN,833,16827,17660,6,3,9,438,264,702,6,0.302786,0.316707,0,0.000149,124,0.001213,0.000688,0.933333,0.007824
27003,Anoka County,,MN,26185,398061,424246,27,40,67,21822,21345,43167,6,0.357134,0.383039,5237.000126,0.000477,124,0.007377,0.010136,0.321341,0.053375
27005,Becker County,,MN,1843,38105,39948,6,7,13,937,886,1823,6,0.303708,0.318569,6472.579035,0.000248,124,0.000777,0.000706,0.5,0.005689
27007,Beltrami County,,MN,2490,47410,49900,14,12,26,1272,1070,2342,6,0.304508,0.320229,4479.974823,0.000376,124,0.001532,0.001054,0.383333,0.010551
27009,Benton County,,MN,4592,43868,48460,11,11,22,3398,3497,6895,6,0.303231,0.318252,7.838463,0.000248,124,0.001305,0.001249,0.769231,0.009073
27011,Big Stone County,,MN,285,6183,6468,1,0,1,49,0,49,0,0,0,0,0.000087,29,0.000001,0,0,0.000093
27013,Blue Earth County,,MN,5420,65228,70648,18,21,39,3171,3542,6713,6,0.305344,0.322582,10773.229939,0.000409,124,0.00158,0.001436,0.385714,0.010862
27015,Brown County,,MN,1492,32470,33962,5,7,12,482,569,1051,6,0.303008,0.317572,2031.140991,0.000165,124,0.000726,0.00083,0.52381,0.005194
27017,Carlton County,,MN,1858,39790,41648,5,7,12,1090,1125,2215,6,0.303231,0.31782,4.602892,0.000135,124,0.000862,0.001104,0.75,0.005926
27019,Carver County,,MN,6736,108117,114853,13,14,27,5372,4600,9972,6,0.3355,0.355194,406.857402,0.000255,124,0.00272,0.002477,0.725275,0.019213
27021,Cass County,,MN,2062,33516,35578,12,7,19,1521,1184,2705,6,0.302976,0.317514,14.521949,0.00028,124,0.001506,0.000724,0.613636,0.01015
27023,Chippewa County,,MN,775,15359,16134,6,5,11,416,341,757,6,0.302913,0.317139,11255.096254,0.00032,124,0.000717,0.000644,0.3,0.005204
27025,Chisago County,,MN,3971,63660,67631,9,9,18,2948,2915,5863,6,0.303262,0.318079,2.658442,0.000178,124,0.001538,0.001225,0.875,0.009813
27027,Clay County,,MN,4435,62542,66977,15,10,25,3246,2714,5960,6,0.304412,0.319826,1593.432572,0.000439,124,0.001528,0.001001,0.409524,0.010595
27029,Clearwater County,,MN,486,9557,10043,2,2,4,178,212,390,7,0.23356,0.240574,0.325,0.000106,124,0.000015,0.00002,0.5,0.000351
27031,Cook County,,MN,441,6292,6733,2,2,4,98,102,200,7,0.259632,0.268633,253.086062,0.000084,124,0.00076,0.000043,0.833333,0.005019
27033,Cottonwood County,,MN,665,14117,14782,3,2,5,148,128,276,8,0.190812,0.19538,10.227075,0.000146,124,0.000003,0,0.333333,0.000352
27035,Crow Wing County,,MN,3615,72076,75691,17,16,33,2424,2085,4509,6,0.335577,0.35554,367.987819,0.000385,124,0.001636,0.002442,0.52924,0.011435
27037,Dakota County,,MN,33517,487029,520546,60,77,137,26057,26954,53011,6,0.379795,0.410925,28190.795952,0.000992,124,0.019272,0.028152,0.289388,0.14122
27039,Dodge County,,MN,1273,24175,25448,5,5,10,830,669,1499,6,0.302881,0.317111,1.075,0.000122,124,0.000817,0.00071,0.8,0.005532
27041,Douglas County,,MN,2233,44255,46488,11,11,22,1080,1061,2141,6,0.304092,0.319595,9188.462507,0.000307,124,0.001461,0.001033,0.478022,0.009796
27043,Faribault County,,MN,967,18331,19298,4,3,7,335,312,647,7,0.234203,0.241791,38.294915,0.000167,124,0.000023,0.00002,0.416667,0.000559
27045,Fillmore County,,MN,1085,25417,26502,6,4,10,519,535,1054,7,0.264477,0.274502,359.382292,0.000159,124,0.000805,0.000066,0.433333,0.005548
27047,Freeborn County,,MN,1712,38530,40242,7,8,15,557,731,1288,6,0.303326,0.318148,4259.372645,0.000182,124,0.00083,0.000712,0.5,0.005857
27049,Goodhue County,,MN,2812,56951,59763,9,9,18,1608,1664,3272,6,0.303262,0.318079,266.430014,0.000186,124,0.001468,0.001162,0.625,0.009308
27051,Grant County,,MN,470,7519,7989,2,2,4,160,151,311,7,0.233371,0.240378,0,0.000098,124,0.000018,0.000023,1,0.000376
27053,Hennepin County,,MN,87976,1334772,1422748,224,238,462,70471,77537,148008,5,0.433889,0.479673,405392.061668,0.003548,124,0.075906,0.083931,0.201744,0.535046
27055,Houston County,,MN,899,24117,25016,3,4,7,383,452,835,6,0.303072,0.317341,95.892467,0.000123,28,0.00004,0.000684,0.75,0.000675
27057,Hubbard County,,MN,1249,22245,23494,5,6,11,487,547,1034,6,0.303708,0.318454,621.387527,0.000173,124,0.000726,0.000708,0.566667,0.005209
27059,Isanti County,,MN,3127,43954,47081,11,12,23,2633,2301,4934,6,0.303262,0.318425,4.815676,0.000212,124,0.001524,0.001264,0.765152,0.010025
27061,Itasca County,,MN,1949,51482,53431,7,7,14,852,858,1710,6,0.303103,0.317618,2.497497,0.000183,124,0.001221,0.00096,0.763889,0.00813
27063,Jackson County,,MN,607,12914,13521,3,4,7,204,234,438,7,0.235232,0.24288,791.3692,0.000176,124,0.000008,0.000012,0.083333,0.000354
27065,Kanabec County,,MN,1083,18265,19348,6,6,12,628,607,1235,6,0.302945,0.317214,0.366667,0.000135,124,0.001154,0.000967,0.933333,0.007562
27067,Kandiyohi County,,MN,2396,51238,53634,10,11,21,1038,1117,2155,6,0.305151,0.320835,5907.896192,0.000314,124,0.001332,0.001319,0.371212,0.010569
27069,Kittson County,,MN,245,5580,5825,0,0,0,0,0,0,0,0,0,0,0.000051,60,0,0,0,0
27071,Koochiching County,,MN,553,15280,15833,2,2,4,91,122,213,7,0.259748,0.268864,0,0.000098,124,0.000069,0.000055,1,0.000645
27073,Lac qui Parle County,,MN,462,9073,9535,1,1,2,44,47,91,7,0.232508,0.238712,0,0.000105,124,0.000005,0.000006,0,0.00014
27075,Lake County,,MN,543,12780,13323,2,2,4,215,257,472,6,0.302754,0.316534,165.889955,0.000108,124,0.000061,0.000675,0.833333,0.000576
27077,Lake of the Woods County,,MN,235,4842,5077,1,1,2,50,47,97,8,0.209395,0.214548,0,0.000064,124,0.000001,0,0,0.00009
27079,Le Sueur County,,MN,1986,33337,35323,9,9,18,1338,1311,2649,6,0.30304,0.31786,412.239644,0.000204,124,0.001042,0.000885,0.722222,0.00727
27081,Lincoln County,,MN,344,6970,7314,2,2,4,109,97,206,7,0.234222,0.241381,4.977778,0.000133,29,0.000007,0.00001,0.166667,0.00026
27083,Lyon County,,MN,1874,30430,32304,8,8,16,610,587,1197,6,0.304444,0.319682,10882.464214,0.000322,124,0.001051,0.000736,0.2,0.007314
27085,McLeod County,,MN,2544,46245,48789,12,11,23,1366,1453,2819,6,0.303199,0.318223,90.965466,0.000286,124,0.001522,0.001165,0.560606,0.010449
27087,Mahnomen County,,MN,352,5707,6059,1,1,2,108,95,203,7,0.232976,0.239392,0,0.000081,124,0.000006,0.000006,0,0.000144
27089,Marshall County,,MN,631,11665,12296,4,3,7,279,298,577,7,0.257826,0.267187,2.245238,0.000155,124,0.000058,0.000043,0.583333,0.000729
27091,Martin County,,MN,1087,26030,27117,5,5,10,319,295,614,6,0.303072,0.317358,5013.45574,0.00021,124,0.000013,0.000646,0.2,0.000599
27093,Meeker County,,MN,1576,28114,29690,5,5,10,910,838,1748,6,0.302818,0.316966,0.309524,0.000144,124,0.000773,0.000714,0.95,0.005632
27095,Mille Lacs County,,MN,2109,29607,31716,11,11,22,1415,1354,2769,6,0.303103,0.318079,5.223038,0.000222,124,0.001482,0.001055,0.772727,0.009923
27097,Morrison County,,MN,1842,40247,42089,9,7,16,1128,996,2124,6,0.302849,0.317284,3.671703,0.00023,124,0.000809,0.000724,0.638889,0.006191
27099,Mower County,,MN,2360,49478,51838,7,10,17,917,1113,2030,6,0.303549,0.318684,2348.380173,0.000174,124,0.001045,0.001111,0.388889,0.006928
27101,Murray County,,MN,551,10487,11038,2,2,4,128,170,298,7,0.233729,0.240666,5.380252,0.000112,124,0.000009,0.000018,0,0.000316
27103,Nicollet County,,MN,3192,36631,39823,10,9,19,2124,2154,4278,6,0.303199,0.318021,1866.316969,0.000226,124,0.001326,0.001088,0.522727,0.008793
27105,Nobles County,,MN,1497,25482,26979,5,6,11,381,533,914,6,0.287805,0.300871,9434.845442,0.000188,124,0.00114,0.000328,0.238095,0.007464
27107,Norman County,,MN,386,8091,8477,3,2,5,197,132,329,7,0.260944,0.270357,0,0.000147,124,0.000068,0.000057,1,0.000849
27109,Olmsted County,,MN,9322,181079,190401,24,30,54,4208,4921,9129,6,0.35913,0.384354,8778.213108,0.000441,124,0.005459,0.009181,0.4,0.039191
27111,Otter Tail County,,MN,3253,67852,71105,14,14,28,1607,1626,3233,6,0.304156,0.320056,4701.831819,0.000386,124,0.001286,0.00117,0.448529,0.009284
27113,Pennington County,,MN,970,16369,17339,6,5,11,460,391,851,7,0.264598,0.275038,1949.273364,0.000225,124,0.000715,0.000082,0.5,0.005209
27115,Pine County,,MN,1911,30765,32676,10,10,20,1178,1090,2268,6,0.303294,0.318252,6.745527,0.000198,124,0.001543,0.001229,0.766667,0.009929
27117,Pipestone County,,MN,588,11745,12333,2,2,4,101,137,238,7,0.267884,0.278019,264.253299,0.000113,29,0.000106,0.000091,0.666667,0.000997
27119,Polk County,,MN,2024,36163,38187,8,10,18,1030,1115,2145,6,0.304188,0.319549,7218.062085,0.000333,124,0.000813,0.000739,0.366667,0.006048
27121,Pope County,,MN,723,13392,14115,1,2,3,144,241,385,7,0.253975,0.262737,0,0.000075,124,0.000009,0.000046,1,0.000187
27123,Ramsey County,,MN,50711,559844,610555,92,105,197,38527,43807,82334,5,0.398979,0.433143,68498.451418,0.001507,124,0.028302,0.040876,0.282493,0.208003
27125,Red Lake County,,MN,337,4971,5308,2,2,4,128,168,296,7,0.233277,0.239992,0,0.000118,124,0.000007,0.000013,1,0.000291
27127,Redwood County,,MN,999,19331,20330,4,4,8,317,372,689,6,0.302881,0.316995,8.664931,0.00015,124,0.000718,0.000655,0.5,0.005032
27129,Renville County,,MN,1097,19761,20858,6,5,11,411,410,821,6,0.302818,0.316966,34.399932,0.000191,124,0.000944,0.000669,0.5,0.007969
27131,Rice County,,MN,3866,69671,73537,12,14,26,2390,2246,4636,6,0.303676,0.319347,589.155696,0.000225,124,0.001623,0.001259,0.604762,0.010382
27133,Rock County,,MN,600,11859,12459,2,1,3,230,199,429,7,0.267834,0.277788,0,0.000105,29,0.000103,0.000091,1,0.000992
27135,Roseau County,,MN,930,19775,20705,1,7,8,47,387,434,7,0.26483,0.27577,2892,0.000105,124,0,0.000106,0.380952,0.00009
27137,St. Louis County,,MN,9435,221678,231113,35,31,66,5140,5539,10679,6,0.350594,0.374132,19704.678735,0.000761,124,0.005095,0.007273,0.298246,0.036379
27139,Scott County,,MN,10777,155449,166226,18,21,39,9338,7741,17079,6,0.346352,0.367629,1041.92471,0.000338,124,0.002876,0.005383,0.492095,0.020666
27141,Sherburne County,,MN,7655,101764,109419,15,15,30,6498,5664,12162,6,0.335539,0.355367,205.756918,0.000302,124,0.001668,0.002479,0.665441,0.011331
27143,Sibley County,,MN,1001,18736,19737,9,7,16,655,494,1149,6,0.302945,0.317456,9.683728,0.000225,124,0.000815,0.000721,0.597222,0.00617
27145,Stearns County,,MN,10633,169231,179864,28,27,55,6925,7588,14513,6,0.340278,0.362493,4639.985489,0.000592,124,0.004059,0.003807,0.394253,0.029814
27147,Steele County,,MN,2660,46128,48788,10,13,23,1171,1437,2608,6,0.336163,0.355886,814.824428,0.000206,124,0.0014,0.002698,0.512821,0.009137
27149,Stevens County,,MN,646,10353,10999,1,2,3,58,116,174,7,0.23339,0.240338,7.789473,0.0001,124,0,0.000012,0,0.000097
27151,Swift County,,MN,697,11832,12529,3,3,6,258,224,482,7,0.233975,0.241122,2929.292954,0.000172,124,0.000016,0.000017,0.333333,0.000419
27153,Todd County,,MN,1454,27954,29408,8,8,16,665,870,1535,6,0.303008,0.317687,689.027785,0.000206,124,0.000866,0.000722,0.611111,0.006362
27155,Traverse County,,MN,224,4256,4480,0,0,0,0,0,0,0,0,0,0,0.000051,61,0,0,0,0
27157,Wabasha County,,MN,1246,27467,28713,3,4,7,497,611,1108,6,0.302849,0.316938,0.763485,0.0001,124,0.000098,0.000702,0.833333,0.000803
27159,Wadena County,,MN,971,15680,16651,4,7,11,342,471,813,6,0.303676,0.318511,9.656288,0.000151,124,0.000028,0.00072,0.571429,0.000626
27161,Waseca County,,MN,1280,23160,24440,6,6,12,572,671,1243,6,0.302913,0.317284,1.77619,0.000155,124,0.000067,0.00069,0.761905,0.001069
27163,Washington County,,MN,19155,284432,303587,29,32,61,17165,14823,31988,6,0.354289,0.378687,2764.867664,0.000489,124,0.006522,0.010256,0.397619,0.046375
27165,Watonwan County,,MN,602,13334,13936,4,5,9,263,256,519,7,0.234108,0.241958,2142.42163,0.000185,124,0.000024,0.00003,0.4,0.000546
27167,Wilkin County,,MN,479,8178,8657,4,4,8,260,267,527,7,0.261062,0.270876,1.227778,0.00019,124,0.000073,0.000068,0.833333,0.00099
27169,Winona County,,MN,2809,54483,57292,10,11,21,972,1495,2467,6,0.304508,0.320587,2040.320975,0.000247,124,0.001395,0.001481,0.427273,0.009116
27171,Wright County,,MN,8581,147884,156465,19,21,40,7740,6147,13887,6,0.336711,0.357489,626.403693,0.00038,124,0.002894,0.002628,0.541126,0.020912
27173,Yellow Medicine County,,MN,612,12919,13531,2,2,4,168,192,360,7,0.233503,0.240326,2.333333,0.000139,124,0.000011,0.000015,0.5,0.0003
28001,Adams County,,MS,1810,31403,33213,7,7,14,659,734,1393,7,0.277794,0.29146,5667.419379,0.000217,58,0.001298,0.00053,0.305556,0.010799
28003,Alcorn County,,MS,1843,37030,38873,7,7,14,1025,868,1893,6,0.30339,0.317157,3193.638759,0.000238,160,0.00067,0.000684,0.410714,0.005321
28005,Amite County,,MS,868,13032,13900,3,3,6,373,371,744,7,0.275386,0.287516,2.82084,0.000109,58,0.000324,0.000314,0.666667,0.002676
28007,Attala County,,MS,960,19512,20472,3,5,8,313,333,646,7,0.262627,0.273912,99.729759,0.000115,58,0.000044,0.000165,0.45,0.000794
28009,Benton County,,MS,754,8422,9176,4,6,10,432,522,954,6,0.303167,0.316638,507.792461,0.000135,160,0.000733,0.000681,0.6,0.005223
28011,Bolivar County,,MS,2121,35767,37888,7,10,17,841,1070,1911,6,0.329609,0.347556,769.808214,0.000171,160,0.000899,0.001938,0.590909,0.006533
28013,Calhoun County,,MS,715,15523,16238,4,5,9,253,354,607,7,0.23722,0.245071,17.966194,0.00016,160,0.000021,0.000018,0.5,0.000594
28015,Carroll County,,MS,615,10984,11599,4,3,7,375,311,686,7,0.233409,0.240085,145.317478,0.000186,160,0.00001,0.000013,0.416667,0.000498
28017,Chickasaw County,,MS,1126,19796,20922,5,6,11,701,735,1436,7,0.236599,0.245014,15.284258,0.000179,160,0.000009,0.000021,0.633333,0.000622
28019,Choctaw County,,MS,538,8410,8948,3,3,6,214,238,452,7,0.236328,0.243919,2.208333,0.000193,160,0.000016,0.00001,0.666667,0.000389
28021,Claiborne County,,MS,978,10285,11263,3,3,6,413,601,1014,7,0.262556,0.273296,0,0.000117,58,0.00014,0.000112,1,0.00118
28023,Clarke County,,MS,1337,19206,20543,4,6,10,826,849,1675,7,0.256704,0.267617,43.948807,0.000128,58,0.000048,0.000087,0.566667,0.000683
28025,Clay County,,MS,1100,21456,22556,4,5,9,489,530,1019,7,0.257895,0.267643,57.135535,0.000134,160,0.000049,0.000036,0.85,0.000636
28027,Coahoma County,,MS,1452,28028,29480,7,7,14,589,692,1281,6,0.303167,0.316753,1550.136847,0.000204,160,0.000765,0.000678,0.517857,0.005592
28029,Copiah County,,MS,1629,31059,32688,4,7,11,781,973,1754,7,0.262866,0.274506,20.761374,0.000125,58,0.000213,0.00023,0.619048,0.002195
28031,Covington County,,MS,1207,20570,21777,6,7,13,817,749,1566,7,0.249655,0.260083,6.07875,0.000185,58,0.000041,0.000077,0.690476,0.000914
28033,DeSoto County,,MS,13692,180573,194265,37,34,71,10589,8821,19410,6,0.35455,0.37988,27051.160063,0.000858,160,0.005026,0.009124,0.199517,0.03983
28035,Forrest County,,MS,7710,72248,79958,25,25,50,4745,5233,9978,6,0.324868,0.345872,17882.984515,0.000584,58,0.001023,0.003172,0.288506,0.010558
28037,Franklin County,,MS,477,8736,9213,3,3,6,154,177,331,7,0.244585,0.2529,3.632857,0.000114,58,0.000029,0.000019,0.333333,0.000474
28039,George County,,MS,1091,22427,23518,4,5,9,748,564,1312,7,0.279378,0.291915,17.953809,0.000109,58,0.000588,0.000589,0.65,0.004723
28041,Greene County,,MS,682,11997,12679,4,7,11,331,447,778,7,0.273976,0.286156,478.843443,0.000135,58,0.000236,0.000345,0.428571,0.002246
28043,Grenada County,,MS,1342,24119,25461,7,6,13,573,455,1028,7,0.262056,0.272484,7760.629054,0.00028,160,0.000741,0.000051,0.392857,0.005494
28045,Hancock County,,MS,2961,39270,42231,7,8,15,1681,1593,3274,7,0.284968,0.298297,22.567812,0.000177,58,0.001055,0.001225,0.821429,0.009832
28047,Harrison County,,MS,18296,185764,204060,66,74,140,10134,10518,20652,6,0.381097,0.412844,32213.348869,0.00098,58,0.030744,0.033267,0.417787,0.232027
28049,Hinds County,,MS,15934,263208,279142,52,50,102,10667,11766,22433,6,0.355465,0.383685,58967.825568,0.000963,58,0.013031,0.014239,0.249849,0.097447
28051,Holmes County,,MS,1222,20354,21576,5,7,12,396,688,1084,7,0.262747,0.274431,298.150463,0.000145,58,0.000181,0.000242,0.47619,0.001938
28053,Humphreys County,,MS,617,9682,10299,2,5,7,113,279,392,7,0.262579,0.273711,2.306441,0.000089,160,0.000009,0.00015,0.65,0.000324
28055,Issaquena County,,MS,103,966,1069,0,0,0,0,0,0,0,0,0,0,0.000051,62,0,0,0,0
28057,Itawamba County,,MS,1554,24575,26129,6,6,12,1058,934,1992,7,0.234983,0.243054,74.187968,0.000209,160,0.000012,0.000023,0.428571,0.000776
28059,Jackson County,,MS,11545,147532,159077,29,27,56,6051,6600,12651,6,0.347392,0.370691,6420.400572,0.00051,58,0.010132,0.009208,0.436937,0.076721
28061,Jasper County,,MS,1397,18595,19992,5,6,11,626,986,1612,7,0.24552,0.2549,12.984666,0.00015,58,0.00005,0.000017,0.52381,0.00078
28063,Jefferson County,,MS,528,8317,8845,4,4,8,265,287,552,7,0.262651,0.273613,5.587673,0.000146,58,0.000144,0.000123,0.666667,0.001362
28065,Jefferson Davis County,,MS,963,12678,13641,7,7,14,447,658,1105,7,0.262699,0.274345,313.803183,0.000222,58,0.000155,0.000127,0.571429,0.001793
28067,Jones County,,MS,3629,68103,71732,12,14,26,2236,2106,4342,7,0.279054,0.293443,2437.820468,0.000292,58,0.000551,0.000559,0.412088,0.005022
28069,Kemper County,,MS,542,9546,10088,1,2,3,184,284,468,7,0.253396,0.262209,0,0.000067,58,0.000043,0.000026,1,0.000308
28071,Lafayette County,,MS,3330,37978,41308,14,14,28,1433,1461,2894,6,0.310093,0.326225,7267.284812,0.000421,160,0.000965,0.001581,0.347619,0.008285
28073,Lamar County,,MS,5406,52287,57693,20,15,35,4113,3215,7328,7,0.280843,0.295922,4076.518848,0.000485,58,0.000884,0.000844,0.336842,0.008657
28075,Lauderdale County,,MS,4710,81489,86199,19,22,41,2043,2413,4456,6,0.33916,0.361115,18094.218725,0.000408,58,0.00303,0.005139,0.286154,0.023686
28077,Lawrence County,,MS,790,14305,15095,5,4,9,324,287,611,7,0.245374,0.254295,3.9924,0.000153,58,0.000047,0.000019,0.619048,0.001033
28079,Leake County,,MS,1232,22556,23788,6,6,12,679,731,1410,7,0.262579,0.273941,57.191853,0.000184,58,0.000215,0.000226,0.6,0.002402
28081,Lee County,,MS,5392,90499,95891,17,16,33,3215,3181,6396,6,0.305119,0.320846,16164.396286,0.00046,160,0.001193,0.000871,0.333333,0.009639
28083,Leflore County,,MS,1907,32208,34115,7,10,17,722,985,1707,6,0.30422,0.318713,4926.315916,0.000194,160,0.000814,0.00085,0.439394,0.006075
28085,Lincoln County,,MS,1837,36653,38490,7,9,16,771,980,1751,7,0.26289,0.275037,362.723312,0.000202,58,0.000236,0.000249,0.569444,0.002557
28087,Lowndes County,,MS,4539,62730,67269,13,17,30,1484,1624,3108,6,0.344454,0.365808,17542.466812,0.000313,160,0.001904,0.003892,0.289474,0.015467
28089,Madison County,,MS,8054,100429,108483,31,27,58,6680,5361,12041,6,0.346228,0.370016,12032.538981,0.000581,58,0.007433,0.006265,0.327731,0.055186
28091,Marion County,,MS,1395,27944,29339,5,5,10,584,657,1241,7,0.245416,0.254526,26.00502,0.000187,58,0.000045,0.000034,0.466667,0.000846
28093,Marshall County,,MS,2973,38293,41266,6,7,13,1921,2190,4111,6,0.303199,0.316811,5.158669,0.000184,160,0.000758,0.000693,0.619048,0.005567
28095,Monroe County,,MS,2075,39811,41886,7,9,16,1023,1213,2236,7,0.263753,0.275574,483.080532,0.000223,160,0.000057,0.000079,0.416667,0.001043
28097,Montgomery County,,MS,637,11594,12231,2,2,4,232,181,413,8,0.207732,0.212966,0,0.000143,160,0.000001,0.000006,1,0.000243
28099,Neshoba County,,MS,1591,31362,32953,7,6,13,824,732,1556,7,0.256613,0.267386,225.689113,0.000248,58,0.000089,0.000083,0.380952,0.001408
28101,Newton County,,MS,1392,24144,25536,6,6,12,781,697,1478,7,0.266722,0.278437,133.767755,0.000185,58,0.000087,0.00019,0.52381,0.001303
28103,Noxubee County,,MS,623,12771,13394,1,3,4,97,271,368,7,0.257642,0.266807,22.231566,0.000067,160,0.000032,0.000026,0.666667,0.000233
28105,Oktibbeha County,,MS,3961,39150,43111,14,18,32,1402,1761,3163,6,0.30933,0.326825,22077.973787,0.000433,160,0.001181,0.001929,0.294737,0.009651
28107,Panola County,,MS,2155,37641,39796,9,8,17,1331,1363,2694,6,0.303262,0.317041,1824.9044,0.000286,160,0.000764,0.000681,0.541667,0.005884
28109,Pearl River County,,MS,3317,55384,58701,14,11,25,1778,1845,3623,7,0.28508,0.298873,1556.260364,0.000342,58,0.00135,0.001183,0.504762,0.013043
28111,Perry County,,MS,832,13010,13842,4,4,8,482,462,944,7,0.245416,0.25441,6.433128,0.000132,58,0.000041,0.000022,0.583333,0.000681
28113,Pike County,,MS,2518,43259,45777,11,15,26,1222,1482,2704,6,0.323414,0.342673,6348.014951,0.000301,58,0.000796,0.002661,0.433333,0.007384
28115,Pontotoc County,,MS,1860,33353,35213,8,7,15,1299,1160,2459,7,0.237415,0.245705,34.907324,0.000274,160,0.000022,0.000025,0.482143,0.001095
28117,Prentiss County,,MS,1507,25089,26596,5,6,11,704,954,1658,7,0.234203,0.241918,15.410206,0.000202,160,0.000014,0.000033,0.566667,0.000775
28119,Quitman County,,MS,572,7800,8372,3,4,7,225,310,535,7,0.26189,0.271879,0.2,0.000134,160,0.000017,0.000061,0.916667,0.000438
28121,Rankin County,,MS,10148,149435,159583,37,32,69,8124,6711,14835,6,0.331917,0.355269,31924.43709,0.000754,58,0.006421,0.00487,0.23203,0.05105
28123,Scott County,,MS,1569,29783,31352,6,7,13,857,942,1799,7,0.262651,0.27423,85.755585,0.000196,58,0.000164,0.000228,0.547619,0.001951
28125,Sharkey County,,MS,352,5303,5655,0,0,0,0,0,0,0,0,0,0,0.000051,63,0,0,0,0
28127,Simpson County,,MS,1724,26747,28471,7,8,15,915,1045,1960,7,0.262794,0.274691,246.495384,0.000193,58,0.00019,0.00018,0.555556,0.002167
28129,Smith County,,MS,967,16115,17082,6,7,13,511,657,1168,7,0.249655,0.260083,108.282568,0.000177,58,0.000049,0.00007,0.5,0.00116
28131,Stone County,,MS,1151,16937,18088,7,5,12,927,653,1580,7,0.276386,0.288289,2.206705,0.000189,58,0.000412,0.000368,0.738095,0.003655
28133,Sunflower County,,MS,1702,27232,28934,6,8,14,720,977,1697,6,0.304124,0.31831,1532.641179,0.000139,160,0.000828,0.000797,0.607143,0.006017
28135,Tallahatchie County,,MS,800,13307,14107,7,6,13,408,454,862,6,0.303199,0.316695,337.635637,0.000226,160,0.000042,0.000677,0.527778,0.000992
28137,Tate County,,MS,1914,30321,32235,7,6,13,1694,1398,3092,6,0.303199,0.316695,50.50499,0.000207,160,0.001074,0.000684,0.642857,0.008378
28139,Tippah County,,MS,1067,23642,24709,7,7,14,623,606,1229,7,0.237317,0.245503,1093.971792,0.00023,160,0.000682,0.000034,0.446429,0.005345
28141,Tishomingo County,,MS,1136,19939,21075,6,6,12,561,614,1175,7,0.234964,0.24272,2228.604803,0.000198,160,0.000667,0.000018,0.285714,0.005084
28143,Tunica County,,MS,1414,12972,14386,6,6,12,752,973,1725,6,0.303135,0.31658,1081.50093,0.000197,160,0.000745,0.000679,0.733333,0.005496
28145,Union County,,MS,1587,30680,32267,10,6,16,1130,941,2071,7,0.262365,0.273032,1490.705837,0.000295,160,0.00076,0.000066,0.477778,0.006059
28147,Walthall County,,MS,958,15339,16297,3,3,6,440,439,879,7,0.244565,0.2529,12.784412,0.000126,58,0.000033,0.000024,0.166667,0.000518
28149,Warren County,,MS,3066,56225,59291,11,13,24,1308,1374,2682,6,0.327444,0.34672,2552.586945,0.000288,58,0.000294,0.002423,0.375,0.003302
28151,Washington County,,MS,3054,56544,59598,10,13,23,1044,1342,2386,6,0.339998,0.360596,3741.559809,0.000216,160,0.001994,0.004034,0.478022,0.014446
28153,Wayne County,,MS,964,22107,23071,6,6,12,503,531,1034,7,0.245666,0.255096,135.41522,0.000159,58,0.000266,0.000025,0.410714,0.002584
28155,Webster County,,MS,639,10868,11507,3,2,5,281,178,459,7,0.236289,0.243688,6.960405,0.000153,160,0.000016,0.00001,0.333333,0.000388
28157,Wilkinson County,,MS,614,9728,10342,3,4,7,210,323,533,7,0.275281,0.287487,4.231023,0.000123,58,0.000305,0.000321,0.5,0.002628
28159,Winston County,,MS,913,20552,21465,5,3,8,352,292,644,7,0.236386,0.244092,14.762828,0.0002,58,0.000018,0.000011,0.15,0.000591
28161,Yalobusha County,,MS,925,14317,15242,5,5,10,452,537,989,7,0.262032,0.272311,33.760393,0.0002,160,0.000101,0.000063,0.7,0.001058
28163,Yazoo County,,MS,1384,25321,26705,7,6,13,618,816,1434,7,0.262866,0.274362,2305.884183,0.000167,58,0.001284,0.000228,0.547619,0.009786
29001,Adair County,,MO,1933,23244,25177,8,8,16,493,592,1085,6,0.336319,0.354814,24197.486895,0.000373,64,0.001617,0.00221,0.222222,0.010569
29003,Andrew County,,MO,1789,20508,22297,4,6,10,1443,1243,2686,6,0.292404,0.304693,262.953462,0.000186,64,0.00004,0.000633,0.595238,0.000538
29005,Atchison County,,MO,348,6742,7090,0,1,1,0,57,57,7,0.228202,0.234122,0,0.000051,64,0,0.000006,0,0
29007,Audrain County,,MO,1700,27154,28854,6,5,11,666,784,1450,7,0.267636,0.278319,370.384414,0.000204,64,0.000141,0.000101,0.261905,0.001359
29009,Barry County,,MO,2542,35869,38411,9,11,20,1328,1596,2924,6,0.281692,0.294443,79.958666,0.000236,64,0.000458,0.00061,0.554545,0.004384
29011,Barton County,,MO,780,14050,14830,3,4,7,315,416,731,6,0.275911,0.287075,4.363222,0.000118,64,0.000062,0.000216,0.666667,0.000793
29013,Bates County,,MO,1138,18402,19540,5,5,10,571,514,1085,6,0.292168,0.304232,62.097373,0.000152,64,0.000933,0.000446,0.404762,0.006892
29015,Benton County,,MO,1276,19082,20358,8,5,13,741,596,1337,6,0.292789,0.304854,14.46536,0.000205,64,0.001116,0.000497,0.714286,0.008667
29017,Bollinger County,,MO,747,12659,13406,4,4,8,355,426,781,7,0.233371,0.240338,2.920085,0.000203,64,0.000016,0.000016,0.666667,0.000565
29019,Boone County,,MO,11517,163295,174812,43,43,86,6456,6211,12667,6,0.364198,0.390689,57951.976148,0.000933,64,0.009367,0.01506,0.266917,0.06916
29021,Buchanan County,,MO,6136,94947,101083,14,20,34,2865,3627,6492,6,0.340198,0.360844,23512.185875,0.000438,64,0.001144,0.003606,0.298701,0.009204
29023,Butler County,,MO,2606,43597,46203,9,11,20,1223,1295,2518,6,0.303517,0.317704,16106.333587,0.000378,64,0.000687,0.001033,0.310606,0.005234
29025,Caldwell County,,MO,676,9926,10602,4,4,8,257,285,542,7,0.268356,0.278676,28.673852,0.000132,64,0.00061,0.000158,0.8,0.004462
29027,Callaway County,,MO,3273,46823,50096,9,9,18,2007,1936,3943,6,0.30499,0.319244,1126.313587,0.000225,64,0.00161,0.001238,0.472727,0.010932
29029,Camden County,,MO,3382,44022,47404,13,12,25,1633,1605,3238,6,0.307586,0.322783,410.983502,0.000279,64,0.002383,0.002093,0.583333,0.016747
29031,Cape Girardeau County,,MO,4417,81877,86294,24,16,40,2906,2254,5160,6,0.303996,0.319117,35530.912624,0.000738,64,0.001863,0.001268,0.224638,0.014034
29033,Carroll County,,MO,537,10843,11380,1,4,5,61,181,242,6,0.292138,0.30403,2.916667,0.000085,64,0.000005,0.000414,0.666667,0.000131
29035,Carter County,,MO,320,6277,6597,1,2,3,132,129,261,7,0.232882,0.239116,0,0.00008,64,0.000009,0.000006,1,0.000146
29037,Cass County,,MO,7519,113846,121365,19,15,34,6019,4858,10877,6,0.328336,0.347429,1192.853856,0.000412,64,0.004852,0.002619,0.473684,0.035876
29039,Cedar County,,MO,883,14051,14934,4,5,9,299,374,673,6,0.275859,0.287173,28.664735,0.000154,64,0.000628,0.000214,0.566667,0.004594
29041,Chariton County,,MO,365,9161,9526,2,3,5,134,137,271,7,0.26724,0.277367,342.461282,0.000119,64,0.000001,0.000079,0.333333,0.000202
29043,Christian County,,MO,7349,82993,90342,18,18,36,6088,4686,10774,6,0.338564,0.358751,6346.569318,0.000496,64,0.00308,0.003187,0.335714,0.023303
29045,Clark County,,MO,261,8085,8346,1,1,2,73,65,138,8,0.214625,0.219767,0,0.000089,29,0.000001,0.000002,0,0.000113
29047,Clay County,,MO,19053,257260,276313,51,43,94,15642,13991,29633,6,0.366506,0.393451,29632.541629,0.000973,64,0.016627,0.016972,0.332728,0.122791
29049,Clinton County,,MO,1925,23570,25495,9,8,17,1217,1157,2374,6,0.292404,0.30501,3119.461604,0.00028,64,0.001152,0.000642,0.527778,0.00875
29051,Cole County,,MO,5062,87235,92297,19,17,36,3156,3066,6222,6,0.330665,0.349654,6402.137257,0.000388,64,0.003651,0.003273,0.405263,0.025928
29053,Cooper County,,MO,1098,18502,19600,4,4,8,587,517,1104,7,0.267166,0.277396,5.767058,0.000153,64,0.000134,0.000091,0.5,0.001105
29055,Crawford County,,MO,1659,25815,27474,4,7,11,778,929,1707,6,0.301869,0.314735,1720.264695,0.000115,64,0.000703,0.000628,0.428571,0.004761
29057,Dade County,,MO,599,8403,9002,2,2,4,179,206,385,6,0.275491,0.286049,0.375,0.000089,64,0.00019,0.000161,0.666667,0.001478
29059,Dallas County,,MO,1357,17505,18862,5,6,11,673,843,1516,6,0.275596,0.28674,2.825,0.000224,64,0.000195,0.000196,0.733333,0.001893
29061,Daviess County,,MO,615,9544,10159,3,4,7,143,224,367,7,0.268506,0.278993,3962.491673,0.000248,64,0.000005,0.000158,0.3,0.000361
29063,DeKalb County,,MO,829,10492,11321,4,4,8,322,462,784,7,0.268481,0.278935,184.400673,0.000147,64,0.000178,0.000158,0.7,0.001625
29065,Dent County,,MO,832,15235,16067,4,2,6,371,243,614,6,0.275543,0.286164,420.980909,0.000128,64,0.000023,0.000167,0.4,0.00053
29067,Douglas County,,MO,972,12791,13763,5,7,12,311,572,883,6,0.275675,0.287029,1032.111548,0.000205,64,0.000217,0.000233,0.52381,0.002
29069,Dunklin County,,MO,1974,30705,32679,8,9,17,1035,1224,2259,7,0.252754,0.26361,591.938208,0.000279,64,0.000064,0.000062,0.375,0.001209
29071,Franklin County,,MO,5567,123020,128587,15,14,29,3794,3533,7327,6,0.304861,0.319601,775.86739,0.000343,64,0.001854,0.001515,0.433333,0.01296
29073,Gasconade County,,MO,1107,17558,18665,6,6,12,649,585,1234,6,0.301806,0.314476,1093.565173,0.000189,64,0.000853,0.000623,0.392857,0.005811
29075,Gentry County,,MO,413,7390,7803,1,3,4,55,163,218,7,0.254065,0.262522,2920,0.00007,64,0.00003,0.000015,0.333333,0.000186
29077,Greene County,,MO,21010,292405,313415,70,67,137,13022,13775,26797,5,0.380095,0.409916,108383.957069,0.001536,64,0.018624,0.022539,0.251698,0.146552
29079,Grundy County,,MO,634,10929,11563,4,2,6,248,100,348,7,0.226408,0.232243,2918.663049,0.000253,64,0.000006,0.000005,0,0.00041
29081,Harrison County,,MO,570,9812,10382,1,1,2,50,51,101,8,0.211717,0.216797,2,0.000071,64,0,0,0,0.000091
29083,Henry County,,MO,1498,24388,25886,6,9,15,772,902,1674,6,0.29416,0.307379,2352.746504,0.000239,64,0.000503,0.000807,0.583333,0.004294
29085,Hickory County,,MO,556,8929,9485,4,3,7,265,173,438,6,0.275517,0.286222,28.017856,0.000159,64,0.000624,0.000162,0.75,0.004583
29087,Holt County,,MO,321,5915,6236,1,2,3,74,132,206,7,0.253975,0.262205,0,0.00007,64,0.00003,0.000015,1,0.000186
29089,Howard County,,MO,727,10802,11529,2,3,5,335,390,725,7,0.267116,0.277137,1.555556,0.000102,64,0.000126,0.00008,0.666667,0.000814
29091,Howell County,,MO,2022,41511,43533,9,6,15,933,701,1634,6,0.275727,0.287,12445.955571,0.000442,64,0.00022,0.000184,0.263889,0.002399
29093,Iron County,,MO,873,10091,10964,2,2,4,228,377,605,7,0.232116,0.238107,0.892857,0.000103,64,0.000014,0.000012,0.333333,0.000328
29095,Jackson County,,MO,42413,736142,778555,112,121,233,31322,33556,64878,5,0.412234,0.447446,119845.553683,0.001888,64,0.04744,0.052034,0.32703,0.349417
29097,Jasper County,,MO,7848,123890,131738,26,27,53,5026,4678,9704,6,0.346477,0.36929,13119.093602,0.000559,64,0.005676,0.005614,0.345161,0.04416
29099,Jefferson County,,MO,13049,260602,273651,19,27,46,10580,9718,20298,6,0.34886,0.371596,9603.375289,0.00047,64,0.002949,0.005665,0.312808,0.021702
29101,Johnson County,,MO,5844,51933,57777,17,18,35,2231,2730,4961,6,0.327295,0.346328,1164.641885,0.000343,64,0.005517,0.004307,0.434783,0.042473
29103,Knox County,,MO,258,4485,4743,1,1,2,63,59,122,7,0.251698,0.259121,0,0.000091,64,0.000018,0.000013,0,0.000183
29105,Laclede County,,MO,2223,38067,40290,9,7,16,1057,964,2021,6,0.279351,0.291491,54.00882,0.000263,64,0.000361,0.000339,0.472222,0.003663
29107,Lafayette County,,MO,2387,37487,39874,7,8,15,1485,1488,2973,6,0.295966,0.309264,41.98055,0.000204,64,0.001089,0.001084,0.527778,0.008193
29109,Lawrence County,,MO,2759,40900,43659,6,8,14,1534,1803,3337,6,0.275859,0.287519,11.317697,0.000172,64,0.000273,0.000244,0.553571,0.002571
29111,Lewis County,,MO,631,10827,11458,2,2,4,222,236,458,7,0.247221,0.254755,0,0.000098,64,0.000021,0.000015,1,0.000305
29113,Lincoln County,,MO,3759,59824,63583,10,6,16,3090,2341,5431,6,0.301869,0.314562,157.797265,0.000235,64,0.001442,0.001025,0.622222,0.009558
29115,Linn County,,MO,671,14692,15363,3,4,7,150,204,354,7,0.227048,0.23354,139.35523,0.000163,64,0.000006,0.000005,0,0.000323
29117,Livingston County,,MO,928,15891,16819,5,6,11,276,362,638,6,0.292552,0.30501,15619.483984,0.000244,64,0.000578,0.000543,0.233333,0.004388
29119,McDonald County,,MO,2052,21698,23750,6,7,13,1078,1397,2475,7,0.274575,0.286442,10.049937,0.000164,64,0.000366,0.000391,0.761905,0.003629
29121,Macon County,,MO,924,17971,18895,4,5,9,350,379,729,7,0.267363,0.277886,3565.605822,0.000258,64,0.000019,0.000093,0.2,0.000478
29123,Madison County,,MO,881,12920,13801,3,3,6,305,334,639,7,0.233277,0.240142,21.653509,0.000148,64,0.000056,0.000027,0.6,0.000584
29125,Maries County,,MO,546,9155,9701,4,2,6,282,218,500,7,0.234792,0.24156,3.095135,0.00014,64,0.000048,0.000019,0.5,0.000762
29127,Marion County,,MO,1814,32521,34335,5,8,13,738,853,1591,6,0.302596,0.315888,6751.123466,0.000237,64,0.000017,0.000811,0.25,0.000598
29129,Mercer County,,MO,264,4010,4274,0,1,1,0,47,47,8,0.184663,0.187909,0,0.000051,64,0,0,0,0
29131,Miller County,,MO,1737,25333,27070,6,8,14,843,1035,1878,6,0.304733,0.318673,130.303127,0.000177,64,0.000166,0.00099,0.666667,0.002091
29133,Mississippi County,,MO,624,13099,13723,3,3,6,363,314,677,7,0.23339,0.240171,0,0.000165,64,0.000016,0.000016,1,0.000458
29135,Moniteau County,,MO,897,16985,17882,6,5,11,522,487,1009,7,0.267264,0.277713,15.832634,0.000183,64,0.000176,0.000115,0.533333,0.001573
29137,Monroe County,,MO,739,9977,10716,3,5,8,170,395,565,7,0.267611,0.278209,2886.825354,0.000128,64,0.000133,0.00008,0.3,0.000918
29139,Montgomery County,,MO,852,13724,14576,6,7,13,533,474,1007,7,0.278061,0.289684,130.555131,0.000175,64,0.000858,0.000266,0.517857,0.005801
29141,Morgan County,,MO,1435,21483,22918,6,7,13,609,713,1322,6,0.292286,0.304693,128.669132,0.000177,64,0.000495,0.000468,0.47619,0.003945
29143,New Madrid County,,MO,1269,18498,19767,6,6,12,685,752,1437,7,0.234184,0.241877,115.857236,0.000261,64,0.000017,0.000017,0.533333,0.000769
29145,Newton County,,MO,4944,60123,65067,10,11,21,3043,3348,6391,6,0.281774,0.294615,357.443089,0.00025,64,0.000849,0.000571,0.537879,0.007535
29147,Nodaway County,,MO,1340,21681,23021,9,6,15,505,432,937,6,0.295573,0.308757,5306.639496,0.000285,64,0.000682,0.000986,0.322222,0.005481
29149,Oregon County,,MO,629,9637,10266,3,2,5,244,232,476,7,0.216457,0.222119,11.847872,0.000189,64,0.000004,0.000002,0.5,0.000335
29151,Osage County,,MO,757,16198,16955,3,4,7,273,369,642,7,0.249289,0.257707,24.90074,0.000116,64,0.000158,0.00006,0.466667,0.001177
29153,Ozark County,,MO,564,9326,9890,3,3,6,200,262,462,7,0.224056,0.231073,10.923207,0.00017,64,0.000009,0.000009,0.166667,0.000388
29155,Pemiscot County,,MO,1176,17992,19168,3,5,8,451,503,954,7,0.246925,0.256393,89.032659,0.000135,64,0.000017,0.000036,0.35,0.000383
29157,Perry County,,MO,1006,21519,22525,5,5,10,412,515,927,7,0.259027,0.268535,112.605407,0.000225,64,0.000019,0.000059,0.404762,0.00073
29159,Pettis County,,MO,2897,47585,50482,11,11,22,1415,1315,2730,6,0.294609,0.308319,406.6069,0.000302,64,0.001308,0.000877,0.403846,0.009913
29161,Phelps County,,MO,3276,43935,47211,11,15,26,1404,1475,2879,6,0.306672,0.322155,4861.843583,0.000314,64,0.001452,0.001835,0.452381,0.010764
29163,Pike County,,MO,1009,18610,19619,5,4,9,388,335,723,7,0.275386,0.286156,426.321728,0.000172,64,0.000221,0.00016,0.15,0.001643
29165,Platte County,,MO,11376,98651,110027,30,22,52,8544,7770,16314,6,0.352561,0.375418,2916.751867,0.000533,64,0.010069,0.00862,0.451587,0.071799
29167,Polk County,,MO,2274,30015,32289,9,7,16,1171,1203,2374,6,0.275648,0.286971,622.270939,0.000359,64,0.000656,0.000198,0.375,0.005353
29169,Pulaski County,,MO,8726,44386,53112,40,39,79,4784,4491,9275,6,0.348818,0.373936,8611.049488,0.000615,82,0.015935,0.0128,0.519324,0.121566
29171,Putnam County,,MO,358,5212,5570,0,1,1,0,60,60,8,0.201225,0.205202,0,0.000051,64,0,0,0,0
29173,Ralls County,,MO,638,11755,12393,1,1,2,287,284,571,7,0.232321,0.238101,0,0.000076,64,0.000007,0,0,0.000102
29175,Randolph County,,MO,1530,26195,27725,5,5,10,696,688,1384,7,0.267438,0.277973,2969.262311,0.000198,64,0.000128,0.00008,0.3,0.0011
29177,Ray County,,MO,1574,27074,28648,6,5,11,970,995,1965,6,0.292109,0.304116,35.209839,0.000178,64,0.001056,0.000636,0.714286,0.007835
29179,Reynolds County,,MO,382,6603,6985,0,2,2,0,95,95,7,0.232775,0.239091,0,0.000051,64,0,0.000012,0,0
29181,Ripley County,,MO,791,13558,14349,2,1,3,329,307,636,7,0.232863,0.238943,0,0.000114,64,0.000009,0.000006,1,0.000236
29183,St. Charles County,,MO,21919,435139,457058,43,55,98,18634,15366,34000,6,0.378899,0.40746,22589.901131,0.000775,64,0.017609,0.024543,0.403738,0.128062
29185,St. Clair County,,MO,562,9116,9678,5,2,7,302,162,464,7,0.227441,0.233678,5.481746,0.000182,64,0.000447,0.00001,0.45,0.003525
29186,Ste. Genevieve County,,MO,1255,21532,22787,5,5,10,750,750,1500,6,0.301932,0.314562,769.323773,0.000165,64,0.000889,0.00062,0.8,0.005811
29187,St. Francois County,,MO,3269,64745,68014,15,10,25,2588,2025,4613,6,0.302185,0.3156,10884.24278,0.000448,64,0.001416,0.00106,0.338095,0.010241
29189,St. Louis County,,MO,67405,1176252,1243657,155,174,329,52447,57702,110149,5,0.431428,0.470074,174797.972732,0.002248,64,0.068215,0.075419,0.311842,0.48495
29195,Saline County,,MO,1333,24633,25966,5,3,8,510,364,874,6,0.29202,0.303713,3.551362,0.000146,64,0.000579,0.000415,0.55,0.004114
29197,Schuyler County,,MO,208,4426,4634,1,1,2,60,66,126,7,0.251698,0.259121,0,0.000091,64,0.000018,0.000013,0,0.000183
29199,Scotland County,,MO,228,5591,5819,0,0,0,0,0,0,0,0,0,0,0.000051,65,0,0,0,0
29201,Scott County,,MO,2742,43707,46449,6,6,12,1398,1610,3008,6,0.301995,0.314764,3137.78634,0.000268,64,0.000058,0.000584,0.47619,0.000952
29203,Shannon County,,MO,488,8040,8528,1,1,2,131,151,282,7,0.21615,0.221392,0,0.000114,64,0.000002,0.000002,0,0.000125
29205,Shelby County,,MO,373,7642,8015,2,1,3,105,74,179,8,0.210976,0.215989,1.689811,0.000117,64,0.000001,0,0,0.0002
29207,Stoddard County,,MO,1744,31727,33471,7,7,14,1021,1050,2071,7,0.233956,0.241779,60.157733,0.0003,64,0.000025,0.000028,0.452381,0.000944
29209,Stone County,,MO,2838,32381,35219,5,6,11,1293,1615,2908,6,0.275648,0.286856,12.109158,0.000163,64,0.000247,0.000236,0.666667,0.002366
29211,Sullivan County,,MO,620,7396,8016,3,2,5,155,115,270,7,0.251829,0.259525,2975.448394,0.000169,64,0.000018,0.000014,0,0.000366
29213,Taney County,,MO,4711,50728,55439,16,9,25,2180,1862,4042,6,0.327964,0.347031,2215.347806,0.000341,64,0.005617,0.003073,0.51634,0.041665
29215,Texas County,,MO,1552,24376,25928,5,7,12,563,628,1191,6,0.279486,0.291779,457.003926,0.000194,64,0.000313,0.000307,0.5,0.002885
29217,Vernon County,,MO,1251,21791,23042,7,7,14,462,448,910,6,0.293562,0.306584,165.594144,0.000223,64,0.000267,0.000612,0.410714,0.002731
29219,Warren County,,MO,2769,36359,39128,5,7,12,2045,1801,3846,6,0.301838,0.314649,27.131293,0.000149,64,0.000856,0.00105,0.785714,0.005758
29221,Washington County,,MO,1335,23454,24789,4,4,8,695,863,1558,6,0.301617,0.313928,0,0.000136,64,0.000697,0.00062,1,0.004765
29223,Wayne County,,MO,850,11781,12631,3,3,6,302,329,631,7,0.233126,0.239923,564.329083,0.000128,64,0.000637,0.000018,0.583333,0.004314
29225,Webster County,,MO,2783,39023,41806,8,7,15,1851,1707,3558,6,0.275648,0.286971,8.799802,0.000274,64,0.000226,0.000195,0.571429,0.002408
29227,Worth County,,MO,129,2472,2601,0,0,0,0,0,0,0,0,0,0,0.000051,66,0,0,0,0
29229,Wright County,,MO,1109,18611,19720,6,6,12,656,611,1267,6,0.275675,0.286913,5.884524,0.000207,64,0.000223,0.000166,0.666667,0.002154
29510,St. Louis city,,MO,35777,304026,339803,61,63,124,26899,30575,57474,6,0.393333,0.422391,23872.510363,0.000915,64,0.033159,0.036631,0.578264,0.233348
30001,Beaverhead County,,MT,699,9506,10205,2,3,5,94,144,238,7,0.258841,0.268743,0,0.000105,82,0.000084,0.000146,1,0.000773
30003,Big Horn County,,MT,694,13051,13745,1,1,2,189,247,436,7,0.255479,0.264772,0,0.000086,82,0.000066,0.000083,0,0.000764
30005,Blaine County,,MT,439,7027,7466,1,2,3,92,194,286,7,0.255524,0.265002,0,0.000091,82,0.000002,0.000085,1,0.000119
30007,Broadwater County,,MT,374,5371,5745,2,1,3,183,138,321,7,0.250433,0.258332,0,0.000101,82,0.000104,0.000036,1,0.00095
30009,Carbon County,,MT,846,10488,11334,1,2,3,251,359,610,7,0.255502,0.264945,0,0.000086,82,0.000066,0.000083,1,0.000764
30011,Carter County,,MT,102,1333,1435,0,0,0,0,0,0,0,0,0,0,0.000051,67,0,0,0,0
30013,Cascade County,,MT,6521,93155,99676,27,25,52,2774,2627,5401,6,0.342292,0.365312,28478.194507,0.00071,82,0.009341,0.0076,0.366935,0.072302
30015,Chouteau County,,MT,310,5260,5570,1,1,2,86,97,183,7,0.255028,0.263901,0,0.000075,82,0.000063,0.000078,0,0.000697
30017,Custer County,,MT,882,12823,13705,2,2,4,133,169,302,7,0.256545,0.266334,28.875658,0.000122,82,0.000067,0.000086,0.333333,0.00086
30019,Daniels County,,MT,134,2184,2318,0,0,0,0,0,0,0,0,0,0,0.000051,68,0,0,0,0
30021,Dawson County,,MT,626,10004,10630,1,1,2,61,78,139,7,0.255479,0.264772,0,0.000086,82,0.000066,0.000083,0,0.000764
30023,Deer Lodge County,,MT,601,9451,10052,3,2,5,218,177,395,7,0.256636,0.26593,14.710272,0.000144,82,0.000089,0.000084,0.833333,0.000956
30025,Fallon County,,MT,244,3392,3636,0,0,0,0,0,0,0,0,0,0,0.000051,69,0,0,0,0
30027,Fergus County,,MT,716,13278,13994,3,4,7,200,242,442,7,0.261795,0.272554,2921,0.00013,82,0.00021,0.000222,0.5,0.002039
30029,Flathead County,,MT,5860,101203,107063,24,22,46,2171,2359,4530,6,0.343512,0.365785,10307.645827,0.000495,82,0.010453,0.009127,0.527692,0.076773
30031,Gallatin County,,MT,8310,95738,104048,25,28,53,2764,3541,6305,6,0.347518,0.371452,25334.080545,0.000658,82,0.007381,0.009714,0.343678,0.057048
30033,Garfield County,,MT,112,1368,1480,0,0,0,0,0,0,0,0,0,0,0.000051,70,0,0,0,0
30035,Glacier County,,MT,706,13928,14634,3,3,6,244,216,460,7,0.258726,0.268651,0,0.000115,82,0.000224,0.000238,1,0.002077
30037,Golden Valley County,,MT,111,1130,1241,0,0,0,0,0,0,0,0,0,0,0.000051,71,0,0,0,0
30039,Granite County,,MT,240,3001,3241,1,1,2,54,50,104,7,0.256567,0.265641,0,0.000071,82,0.000085,0.000073,0,0.000657
30041,Hill County,,MT,1075,18915,19990,5,4,9,417,323,740,7,0.261795,0.272554,2933.77443,0.000189,82,0.000296,0.000222,0.65,0.002785
30043,Jefferson County,,MT,974,12468,13442,3,3,6,521,495,1016,7,0.25801,0.267492,0,0.000135,82,0.000107,0.000109,1,0.001147
30045,Judith Basin County,,MT,125,2254,2379,1,0,1,41,0,41,0,0,0,0,0.000079,82,0.000002,0,0,0.000109
30047,Lake County,,MT,1666,28561,30227,3,3,6,571,620,1191,7,0.256658,0.266103,0,0.000126,82,0.000162,0.000161,1,0.001485
30049,Lewis and Clark County,,MT,4176,73284,77460,15,13,28,2401,1997,4398,6,0.334065,0.353863,9303.485936,0.000465,82,0.004372,0.002755,0.557143,0.032976
30051,Liberty County,,MT,113,2162,2275,0,0,0,0,0,0,0,0,0,0,0.000051,72,0,0,0,0
30053,Lincoln County,,MT,1107,19818,20925,2,3,5,305,306,611,7,0.272273,0.284484,0,0.000091,82,0.000161,0.000392,1,0.00138
30055,McCone County,,MT,61,1979,2040,0,0,0,0,0,0,0,0,0,0,0.000051,73,0,0,0,0
30057,Madison County,,MT,539,7821,8360,1,1,2,109,86,195,7,0.257918,0.267031,0,0.000071,82,0.000081,0.000061,0,0.000577
30059,Meagher County,,MT,141,2031,2172,0,0,0,0,0,0,0,0,0,0,0.000051,74,0,0,0,0
30061,Mineral County,,MT,320,4413,4733,1,1,2,111,90,201,7,0.256567,0.265641,0,0.000071,82,0.000085,0.000073,0,0.000657
30063,Missoula County,,MT,8508,115570,124078,28,31,59,4280,4610,8890,6,0.34507,0.368955,32418.393582,0.000748,82,0.008734,0.010188,0.378151,0.066498
30065,Musselshell County,,MT,389,4493,4882,1,1,2,146,144,290,7,0.255479,0.264772,0,0.000086,82,0.000066,0.000083,0,0.000764
30067,Park County,,MT,1314,17615,18929,2,2,4,314,391,705,7,0.259585,0.269544,0,0.000106,82,0.000147,0.000144,1,0.001342
30069,Petroleum County,,MT,-2,-2,-4,0,0,0,0,0,0,0,0,0,0,0.000051,75,0,0,0,0
30071,Phillips County,,MT,272,4842,5114,0,1,1,0,53,53,7,0.255522,0.264853,0,0.000051,82,0,0.000083,0,0
30073,Pondera County,,MT,394,7116,7510,1,1,2,58,62,120,7,0.255028,0.263901,0,0.000075,82,0.000063,0.000078,0,0.000697
30075,Powder River County,,MT,115,1663,1778,0,0,0,0,0,0,0,0,0,0,0.000051,76,0,0,0,0
30077,Powell County,,MT,484,6179,6663,3,3,6,162,151,313,7,0.25052,0.258793,0.666667,0.000136,82,0.000111,0.000049,0.833333,0.001226
30079,Prairie County,,MT,47,1368,1415,0,0,0,0,0,0,0,0,0,0,0.000051,77,0,0,0,0
30081,Ravalli County,,MT,2581,43486,46067,11,5,16,1345,899,2244,6,0.331917,0.349769,27.627137,0.000252,82,0.004657,0.00135,0.840909,0.034023
30083,Richland County,,MT,729,11714,12443,1,2,3,59,123,182,7,0.255502,0.264945,0,0.000086,82,0.000066,0.000083,1,0.000764
30085,Roosevelt County,,MT,569,10705,11274,3,1,4,170,58,228,7,0.255479,0.264772,0,0.000158,82,0.000067,0.000083,0.666667,0.000955
30087,Rosebud County,,MT,694,10587,11281,1,2,3,130,186,316,7,0.255547,0.265031,0,0.000086,82,0.000066,0.000083,1,0.000764
30089,Sanders County,,MT,782,11283,12065,3,3,6,173,190,363,7,0.256658,0.266103,0,0.000126,82,0.000162,0.000161,1,0.001485
30091,Sheridan County,,MT,194,4303,4497,0,0,0,0,0,0,0,0,0,0,0.000051,78,0,0,0,0
30093,Silver Bow County,,MT,2112,36964,39076,11,10,21,1010,921,1931,7,0.262175,0.274168,1361.578888,0.000401,82,0.001381,0.000421,0.477273,0.011184
30095,Stillwater County,,MT,810,10050,10860,2,1,3,340,317,657,7,0.255479,0.264772,0,0.000122,82,0.000067,0.000083,1,0.00086
30097,Sweet Grass County,,MT,386,3859,4245,0,1,1,0,58,58,7,0.255522,0.264853,0,0.000051,82,0,0.000083,0,0
30099,Teton County,,MT,397,7380,7777,1,1,2,131,163,294,7,0.255028,0.263901,0,0.000075,82,0.000063,0.000078,0,0.000697
30101,Toole County,,MT,393,5369,5762,0,1,1,0,47,47,7,0.255071,0.263983,0,0.000051,82,0,0.000078,0,0
30103,Treasure County,,MT,-2,-2,-4,0,0,0,0,0,0,0,0,0,0,0.000051,79,0,0,0,0
30105,Valley County,,MT,500,8268,8768,1,2,3,63,124,187,7,0.255502,0.264945,0,0.000086,82,0.000066,0.000083,1,0.000764
30107,Wheatland County,,MT,161,2298,2459,0,0,0,0,0,0,0,0,0,0,0.000051,80,0,0,0,0
30109,Wibaux County,,MT,66,1088,1154,0,0,0,0,0,0,0,0,0,0,0.000051,81,0,0,0,0
30111,Yellowstone County,,MT,8157,170820,178977,42,36,78,5090,4151,9241,6,0.343105,0.367676,84705.006223,0.001468,82,0.009915,0.007913,0.214982,0.07706
31001,Adams County,,NE,2110,35264,37374,7,7,14,751,891,1642,6,0.289071,0.301591,14536,0.000346,29,0.000593,0.000562,0.375,0.004982
31003,Antelope County,,NE,522,7838,8360,1,1,2,75,120,195,7,0.224963,0.230654,0,0.000099,29,0.000005,0.000013,0,0.000205
31005,Arthur County,,NE,-2,-2,-4,0,0,0,0,0,0,0,0,0,0,0.000051,83,0,0,0,0
31007,Banner County,,NE,41,878,919,0,0,0,0,0,0,0,0,0,0,0.000051,84,0,0,0,0
31009,Blaine County,,NE,-2,-2,-4,0,0,0,0,0,0,0,0,0,0,0.000051,85,0,0,0,0
31011,Boone County,,NE,338,6857,7195,0,0,0,0,0,0,0,0,0,0,0.000051,86,0,0,0,0
31013,Box Butte County,,NE,857,13786,14643,2,2,4,97,150,247,7,0.271608,0.282481,5778,0.000189,29,0.000009,0.000163,0.333333,0.000342
31015,Boyd County,,NE,104,2431,2535,0,0,0,0,0,0,0,0,0,0,0.000051,87,0,0,0,0
31017,Brown County,,NE,162,3576,3738,0,0,0,0,0,0,0,0,0,0,0.000051,88,0,0,0,0
31019,Buffalo County,,NE,3453,51086,54539,14,13,27,1633,1796,3429,6,0.291021,0.30482,16557.750695,0.000564,29,0.000754,0.000738,0.247619,0.00673
31021,Burt County,,NE,527,8213,8740,1,3,4,56,195,251,6,0.288034,0.299285,0,0.00007,29,0.000375,0.000382,1,0.002774
31023,Butler County,,NE,542,10334,10876,3,2,5,240,172,412,7,0.271532,0.282337,0.333333,0.000142,29,0.000184,0.000157,0.666667,0.001548
31025,Cass County,,NE,2122,30159,32281,6,5,11,1538,1393,2931,6,0.290086,0.302283,1.855303,0.000212,29,0.00072,0.000664,0.8,0.005614
31027,Cedar County,,NE,480,11118,11598,1,3,4,41,169,210,6,0.288753,0.300553,7.717443,0.00008,29,0.000004,0.000528,0.583333,0.000106
31029,Chase County,,NE,232,4478,4710,0,0,0,0,0,0,0,0,0,0,0.000051,89,0,0,0,0
31031,Cherry County,,NE,452,6423,6875,1,0,1,44,0,44,0,0,0,0,0.000095,29,0.000001,0,0,0.000103
31033,Cheyenne County,,NE,826,11993,12819,0,1,1,0,57,57,7,0.225726,0.231739,0,0.000051,82,0,0.000019,0,0
31035,Clay County,,NE,513,7562,8075,1,1,2,141,151,292,7,0.224265,0.229891,0,0.000093,29,0.000005,0.000005,0,0.00014
31037,Colfax County,,NE,875,12224,13099,4,4,8,299,417,716,6,0.288235,0.299804,2.069048,0.000184,29,0.000392,0.000401,0.75,0.003319
31039,Cuming County,,NE,566,11279,11845,3,3,6,137,164,301,6,0.288609,0.300294,0,0.000124,29,0.000555,0.000521,1,0.004171
31041,Custer County,,NE,720,13107,13827,2,2,4,124,126,250,7,0.239044,0.24589,0,0.000113,29,0.00018,0.000012,1,0.001417
31043,Dakota County,,NE,2254,25471,27725,5,7,12,967,1415,2382,6,0.306055,0.321244,1669.373884,0.000198,29,0.000738,0.001047,0.357143,0.005306
31045,Dawes County,,NE,802,8679,9481,1,2,3,88,81,169,8,0.213768,0.219234,2891,0.000191,29,0,0,0,0.000093
31047,Dawson County,,NE,1987,28762,30749,8,10,18,543,948,1491,6,0.297459,0.31164,10027.333274,0.000286,29,0.001729,0.001123,0.325758,0.013026
31049,Deuel County,,NE,165,2058,2223,0,0,0,0,0,0,0,0,0,0,0.000051,90,0,0,0,0
31051,Dixon County,,NE,409,6934,7343,2,3,5,117,149,266,7,0.260169,0.269106,6.7,0.000102,29,0.000046,0.000049,0.333333,0.000565
31053,Dodge County,,NE,2519,42969,45488,8,8,16,1230,1399,2629,6,0.290115,0.302686,37.09953,0.000269,29,0.000712,0.000671,0.458333,0.005705
31055,Douglas County,,NE,32839,597710,630549,114,103,217,24826,24515,49341,5,0.404392,0.437703,165590.508628,0.002301,29,0.044423,0.045074,0.316337,0.323503
31057,Dundy County,,NE,117,2177,2294,0,0,0,0,0,0,0,0,0,0,0.000051,91,0,0,0,0
31059,Fillmore County,,NE,326,7263,7589,2,2,4,100,127,227,7,0.271506,0.282279,0,0.00011,29,0.000179,0.000149,1,0.001388
31061,Franklin County,,NE,198,3785,3983,1,0,1,52,0,52,0,0,0,0,0.000096,29,0,0,0,0.000093
31063,Frontier County,,NE,243,2894,3137,1,1,2,53,41,94,7,0.238748,0.24514,0,0.000075,29,0.000009,0.000006,1,0.000204
31065,Furnas County,,NE,363,5662,6025,0,0,0,0,0,0,0,0,0,0,0.000051,92,0,0,0,0
31067,Gage County,,NE,1410,26316,27726,4,5,9,583,703,1286,6,0.288667,0.30064,146.685067,0.000172,29,0.000177,0.000519,0.3,0.001554
31069,Garden County,,NE,144,2251,2395,0,0,0,0,0,0,0,0,0,0,0.000051,93,0,0,0,0
31071,Garfield County,,NE,117,2003,2120,0,0,0,0,0,0,0,0,0,0,0.000051,94,0,0,0,0
31073,Gosper County,,NE,163,2380,2543,1,1,2,58,40,98,7,0.229281,0.235441,0,0.000075,29,0.000009,0.000014,0,0.000204
31075,Grant County,,NE,66,855,921,0,0,0,0,0,0,0,0,0,0,0.000051,95,0,0,0,0
31077,Greeley County,,NE,169,2862,3031,0,0,0,0,0,0,0,0,0,0,0.000051,96,0,0,0,0
31079,Hall County,,NE,4436,67268,71704,16,14,30,2199,2131,4330,6,0.338485,0.358048,17633.51621,0.000524,29,0.004949,0.003347,0.313726,0.036852
31081,Hamilton County,,NE,696,11471,12167,4,4,8,362,347,709,7,0.272069,0.283294,165.65341,0.000195,29,0.000207,0.000191,0.666667,0.001889
31083,Harlan County,,NE,189,3770,3959,0,0,0,0,0,0,0,0,0,0,0.000051,97,0,0,0,0
31085,Hayes County,,NE,98,1163,1261,0,0,0,0,0,0,0,0,0,0,0.000051,98,0,0,0,0
31087,Hitchcock County,,NE,219,3371,3590,1,1,2,82,71,153,8,0.213663,0.21893,0,0.000086,29,0.000001,0,0,0.00009
31089,Holt County,,NE,595,12561,13156,1,2,3,58,118,176,7,0.271583,0.282452,0,0.000076,29,0.000174,0.000158,1,0.00125
31091,Hooker County,,NE,53,970,1023,0,0,0,0,0,0,0,0,0,0,0.000051,99,0,0,0,0
31093,Howard County,,NE,517,7568,8085,1,1,2,180,183,363,7,0.252909,0.260632,0,0.000083,29,0.000028,0.000041,0,0.000405
31095,Jefferson County,,NE,521,8826,9347,3,2,5,226,183,409,7,0.271481,0.282222,0,0.000128,29,0.000179,0.000146,1,0.001459
31097,Johnson County,,NE,348,5166,5514,2,2,4,129,138,267,7,0.271532,0.282337,1.242857,0.000106,29,0.000178,0.00015,0.666667,0.001357
31099,Kearney County,,NE,540,7284,7824,2,2,4,305,215,520,7,0.225472,0.231686,2921,0.000106,29,0.000008,0.000006,0.333333,0.000258
31101,Keith County,,NE,595,9497,10092,1,2,3,69,118,187,7,0.239044,0.24589,0,0.000081,29,0.000013,0.000012,1,0.000149
31103,Keya Paha County,,NE,47,1067,1114,0,0,0,0,0,0,0,0,0,0,0.000051,100,0,0,0,0
31105,Kimball County,,NE,256,4207,4463,0,0,0,0,0,0,0,0,0,0,0.000051,101,0,0,0,0
31107,Knox County,,NE,407,10204,10611,0,0,0,0,0,0,0,0,0,0,0.000051,102,0,0,0,0
31109,Lancaster County,,NE,16109,321842,337951,66,63,129,9101,9390,18491,6,0.372552,0.402496,122283.425341,0.001877,29,0.017354,0.020876,0.209672,0.133793
31111,Lincoln County,,NE,2299,42568,44867,8,9,17,589,836,1425,6,0.313557,0.328623,13071.422316,0.000317,29,0.00072,0.001516,0.318182,0.005921
31113,Logan County,,NE,-2,-2,-4,1,0,1,70,0,70,0,0,0,0,0.000081,29,0.000013,0,0,0.000149
31115,Loup County,,NE,-2,-2,-4,0,0,0,0,0,0,0,0,0,0,0.000051,103,0,0,0,0
31117,McPherson County,,NE,-2,-2,-4,0,0,0,0,0,0,0,0,0,0,0.000051,104,0,0,0,0
31119,Madison County,,NE,2477,41741,44218,12,9,21,1266,1149,2415,6,0.290232,0.303032,14786.995379,0.000511,29,0.001602,0.000656,0.181818,0.012287
31121,Merrick County,,NE,598,8965,9563,2,2,4,208,196,404,7,0.252931,0.260804,0,0.000124,29,0.000029,0.000043,1,0.000516
31123,Morrill County,,NE,391,5372,5763,1,1,2,131,147,278,7,0.225683,0.231646,0,0.000107,82,0.000009,0.000019,0,0.000252
31125,Nance County,,NE,241,4083,4324,0,1,1,0,57,57,7,0.225164,0.230972,0,0.000051,29,0,0.000012,0,0
31127,Nemaha County,,NE,533,7662,8195,2,3,5,118,208,326,6,0.288667,0.300409,33.904379,0.000131,29,0.000007,0.00052,0.666667,0.000246
31129,Nuckolls County,,NE,245,5347,5592,1,1,2,47,41,88,7,0.271481,0.282106,0,0.000093,29,0.000005,0.000145,1,0.00014
31131,Otoe County,,NE,1091,18760,19851,7,6,13,759,596,1355,6,0.290086,0.302398,2821.833814,0.000268,29,0.000705,0.000645,0.404762,0.005514
31133,Pawnee County,,NE,174,3054,3228,0,0,0,0,0,0,0,0,0,0,0.000051,105,0,0,0,0
31135,Perkins County,,NE,182,3466,3648,0,0,0,0,0,0,0,0,0,0,0.000051,106,0,0,0,0
31137,Phelps County,,NE,680,11031,11711,1,4,5,118,245,363,7,0.271915,0.28319,0,0.000088,29,0.000006,0.000165,0.666667,0.000168
31139,Pierce County,,NE,421,8516,8937,1,1,2,151,161,312,7,0.224963,0.230654,0,0.000099,29,0.000005,0.000013,0,0.000205
31141,Platte County,,NE,2238,40547,42785,10,9,19,952,1099,2051,6,0.290494,0.303465,5318.3338,0.000396,29,0.001463,0.000705,0.333333,0.011281
31143,Polk County,,NE,393,6602,6995,2,3,5,114,152,266,7,0.271557,0.28251,0.833333,0.000122,29,0.000011,0.000162,0.666667,0.000332
31145,Red Willow County,,NE,815,12804,13619,1,3,4,71,224,295,7,0.271694,0.282747,2892,0.000124,29,0,0.000151,0.333333,0.00009
31147,Richardson County,,NE,545,9866,10411,2,3,5,86,169,255,7,0.271608,0.282625,2252.59955,0.000149,29,0.000174,0.000145,0.166667,0.001356
31149,Rock County,,NE,98,1357,1455,0,0,0,0,0,0,0,0,0,0,0.000051,107,0,0,0,0
31151,Saline County,,NE,1019,16220,17239,2,4,6,360,501,861,7,0.271532,0.282567,0.833333,0.000106,29,0.000178,0.000149,0.666667,0.001357
31153,Sarpy County,,NE,18902,186890,205792,41,38,79,14445,12800,27245,6,0.369457,0.394904,18959.463095,0.000903,29,0.014958,0.016999,0.370124,0.114653
31155,Saunders County,,NE,1306,24227,25533,4,5,9,1122,875,1997,6,0.289999,0.30211,0.25,0.000144,29,0.000697,0.000651,0.9,0.005222
31157,Scotts Bluff County,,NE,2175,41156,43331,12,7,19,878,562,1440,6,0.291431,0.304831,12343.6397,0.000466,82,0.002236,0.001057,0.320513,0.017993
31159,Seward County,,NE,1052,18950,20002,3,4,7,573,595,1168,6,0.288667,0.300525,21.066861,0.000132,29,0.00018,0.000521,0.5,0.00149
31161,Sheridan County,,NE,485,6196,6681,2,1,3,104,88,192,9,0.17613,0.179204,2921,0.000165,29,0.000001,0,0,0.000184
31163,Sherman County,,NE,205,3635,3840,2,1,3,90,67,157,7,0.225437,0.231456,0,0.00012,29,0.000034,0.000006,1,0.000573
31165,Sioux County,,NE,109,1289,1398,0,0,0,0,0,0,0,0,0,0,0.000051,108,0,0,0,0
31167,Stanton County,,NE,356,7204,7560,1,2,3,119,137,256,7,0.271583,0.282452,0,0.000099,29,0.000005,0.000158,1,0.000205
31169,Thayer County,,NE,285,6258,6543,0,1,1,0,43,43,7,0.271498,0.282124,0,0.000051,29,0,0.000145,0,0
31171,Thomas County,,NE,91,715,806,0,0,0,0,0,0,0,0,0,0,0.000051,109,0,0,0,0
31173,Thurston County,,NE,369,7419,7788,2,2,4,157,145,302,7,0.260029,0.268731,0,0.000102,29,0.000046,0.000048,1,0.000565
31175,Valley County,,NE,269,4883,5152,0,0,0,0,0,0,0,0,0,0,0.000051,110,0,0,0,0
31177,Washington County,,NE,1432,23800,25232,5,4,9,966,781,1747,6,0.289447,0.301043,3.464536,0.000164,29,0.0007,0.00052,0.7,0.005332
31179,Wayne County,,NE,648,9450,10098,3,3,6,205,212,417,6,0.288696,0.300467,135.530598,0.000153,29,0.00018,0.000528,0.5,0.00155
31181,Webster County,,NE,239,4296,4535,1,1,2,73,68,141,7,0.224265,0.229891,0,0.000093,29,0.000005,0.000005,0,0.00014
31183,Wheeler County,,NE,61,916,977,0,0,0,0,0,0,0,0,0,0,0.000051,111,0,0,0,0
31185,York County,,NE,1100,15898,16998,7,7,14,460,514,974,6,0.288927,0.301332,970.002808,0.000278,29,0.000586,0.000561,0.380952,0.004841
32001,Churchill County,,NV,2767,26850,29617,8,8,16,898,1141,2039,6,0.331157,0.349395,19.406067,0.000148,7,0.00342,0.003398,0.611111,0.024862
32003,Clark County,,NV,111970,2157118,2269088,373,421,794,84552,93726,178278,5,0.471692,0.530624,298739.473018,0.004694,7,0.122336,0.125929,0.136426,0.867673
32005,Douglas County,,NV,4575,53491,58066,17,10,27,3190,2742,5932,6,0.3392,0.358751,19.539514,0.000229,7,0.009717,0.006144,0.819853,0.069154
32007,Elko County,,NV,3751,55167,58918,18,12,30,1700,1529,3229,6,0.335539,0.355148,6385.646939,0.000394,7,0.00585,0.003749,0.374269,0.043156
32009,Esmeralda County,,NV,141,777,918,0,0,0,0,0,0,0,0,0,0,0.000051,112,0,0,0,0
32011,Eureka County,,NV,165,1802,1967,0,1,1,0,42,42,7,0.251303,0.259165,0,0.000051,7,0,0.000049,0,0
32013,Humboldt County,,NV,1338,19404,20742,6,3,9,497,362,859,7,0.269935,0.282259,476.134962,0.000173,7,0.001457,0.000289,0.566667,0.010423
32015,Lander County,,NV,560,6432,6992,2,3,5,133,162,295,7,0.269935,0.282259,0,0.000128,7,0.000034,0.000301,1,0.000636
32017,Lincoln County,,NV,257,4694,4951,1,0,1,203,0,203,0,0,0,0,0.00006,7,0.001049,0,0,0.007338
32019,Lyon County,,NV,5949,55052,61001,19,12,31,4341,3792,8133,6,0.339319,0.359155,1402.515795,0.000305,7,0.007417,0.005765,0.498024,0.053881
32021,Mineral County,,NV,364,4960,5324,1,2,3,67,86,153,7,0.269859,0.28197,0,0.000061,7,0.000323,0.000301,1,0.001893
32023,Nye County,,NV,4300,43735,48035,9,9,18,2205,2049,4254,6,0.339001,0.358348,17.918154,0.000139,7,0.00764,0.005506,0.772727,0.054325
32027,Pershing County,,NV,395,5189,5584,1,3,4,48,151,199,7,0.269909,0.282201,0,0.000061,7,0.000323,0.000314,0.833333,0.001893
32029,Storey County,,NV,454,3959,4413,1,3,4,154,315,469,7,0.269884,0.282143,0,0.000061,7,0.000323,0.000349,1,0.001893
32031,Washoe County,,NV,24095,464675,488770,80,100,180,16888,16810,33698,6,0.369504,0.404393,28342.465373,0.001131,7,0.02877,0.038828,0.397894,0.216868
32033,White Pine County,,NV,756,9879,10635,3,3,6,239,213,452,6,0.320937,0.337346,0,0.000098,7,0.001404,0.001307,1,0.009688
32510,Carson City,,NV,5877,59406,65283,12,13,25,3578,4030,7608,6,0.339359,0.359328,421.277237,0.000198,7,0.005687,0.006722,0.731618,0.039844
33001,Belknap County,,NH,4586,73002,77588,12,11,23,3284,3001,6285,6,0.295543,0.311397,71.260714,0.000161,113,0.003144,0.002433,0.893939,0.019746
33003,Carroll County,,NH,3309,56259,59568,15,14,29,2098,1730,3828,6,0.295966,0.312424,114.790165,0.000192,113,0.003824,0.003464,0.75,0.023604
33005,Cheshire County,,NH,4637,88172,92809,12,14,26,2046,2317,4363,6,0.296057,0.312683,83.970506,0.000182,113,0.002684,0.002786,0.616667,0.016494
33007,Coos County,,NH,2068,37812,39880,6,8,14,664,954,1618,7,0.271175,0.283527,1846.655608,0.000122,113,0.000745,0.000587,0.75,0.004004
33009,Grafton County,,NH,7437,95932,103369,22,26,48,4097,4380,8477,6,0.342657,0.364326,6692.938488,0.000323,113,0.006203,0.008984,0.497701,0.041464
33011,Hillsborough County,,NH,25140,482154,507294,59,78,137,17814,19193,37007,6,0.371069,0.402652,11606.15174,0.00064,113,0.031582,0.043534,0.568347,0.218735
33013,Merrimack County,,NH,10627,169463,180090,16,19,35,7302,7271,14573,6,0.313116,0.332451,279.688023,0.000211,113,0.003756,0.006337,0.67381,0.02417
33015,Rockingham County,,NH,20908,363858,384766,36,53,89,16490,16448,32938,6,0.356825,0.383823,3373.335914,0.000372,113,0.017364,0.027648,0.625,0.114454
33017,Strafford County,,NH,9103,136854,145957,18,18,36,6187,6155,12342,6,0.338961,0.359933,430.378355,0.000213,113,0.00457,0.006772,0.678571,0.02749
33019,Sullivan County,,NH,2719,49858,52577,7,6,13,1522,1426,2948,7,0.271048,0.283048,4.066533,0.000132,113,0.001146,0.00043,0.619048,0.006783
34001,Atlantic County,,NJ,12658,339420,352078,35,47,82,7789,8682,16471,6,0.344659,0.369636,287.603446,0.000315,116,0.019331,0.024684,0.741135,0.122858
34003,Bergen County,,NJ,50801,1053570,1104371,98,125,223,44597,44708,89305,5,0.385159,0.423435,2811.553163,0.000871,116,0.056294,0.066344,0.55679,0.371368
34005,Burlington County,,NJ,26230,539291,565521,71,88,159,20059,19407,39466,5,0.371498,0.404923,2338.754139,0.00069,116,0.040005,0.051069,0.603896,0.2715
34007,Camden County,,NJ,28532,602556,631088,55,76,131,20152,23481,43633,5,0.372984,0.404404,1024.909758,0.000503,116,0.032453,0.044308,0.704114,0.214631
34009,Cape May County,,NJ,5442,114463,119905,17,19,36,3592,3156,6748,6,0.329459,0.349441,5.985336,0.000165,116,0.007486,0.00945,0.906926,0.043389
34011,Cumberland County,,NJ,6393,177500,183893,14,17,31,3861,3952,7813,6,0.312372,0.330687,27.117559,0.000155,116,0.006652,0.007417,0.869281,0.04182
34013,Essex County,,NJ,48701,844536,893237,90,108,198,35833,42882,78715,5,0.384851,0.420696,1937.288912,0.000808,116,0.051527,0.059968,0.591796,0.34348
34015,Gloucester County,,NJ,14917,346708,361625,23,35,58,12142,11432,23574,6,0.34756,0.371463,171.604148,0.00021,116,0.00998,0.019079,0.771772,0.058682
34017,Hudson County,,NJ,58915,688011,746926,110,125,235,46913,52863,99776,5,0.394514,0.432365,3181.815945,0.00101,116,0.063003,0.067616,0.582862,0.420899
34019,Hunterdon County,,NJ,7302,152352,159654,19,25,44,5011,4610,9621,6,0.320652,0.342304,10.351708,0.000178,116,0.009104,0.012189,0.881538,0.053504
34021,Mercer County,,NJ,21396,407109,428505,59,68,127,15275,16407,31682,5,0.373949,0.404531,447.648479,0.000536,116,0.037006,0.042875,0.773232,0.244988
34023,Middlesex County,,NJ,58719,959240,1017959,123,152,275,46428,52119,98547,5,0.406039,0.445601,7325.169527,0.001141,116,0.067678,0.077356,0.479697,0.449752
34025,Monmouth County,,NJ,30037,740712,770749,64,97,161,24661,24261,48922,5,0.375894,0.410169,943.725003,0.000576,116,0.037595,0.055171,0.63404,0.249892
34027,Morris County,,NJ,29995,585256,615251,77,103,180,23810,24344,48154,5,0.382559,0.417693,1545.133923,0.0007,116,0.045584,0.057204,0.598284,0.304258
34029,Ocean County,,NJ,22135,675701,697836,62,87,149,21357,17043,38400,6,0.368703,0.401562,1083.783144,0.000546,116,0.032382,0.042758,0.528483,0.211862
34031,Passaic County,,NJ,29962,598429,628391,57,75,132,21988,25397,47385,5,0.373032,0.40433,825.666771,0.000497,116,0.033739,0.041759,0.697468,0.21876
34033,Salem County,,NJ,3972,79552,83524,8,9,17,2571,2621,5192,6,0.293741,0.308578,0.456653,0.000106,116,0.002715,0.002485,0.847222,0.015749
34035,Somerset County,,NJ,23643,383077,406720,54,71,125,20600,19087,39687,5,0.370546,0.401055,513.134922,0.000473,116,0.032534,0.04259,0.744354,0.211873
34037,Sussex County,,NJ,8391,180705,189096,17,22,39,5680,5225,10905,6,0.330778,0.351482,18.847383,0.000164,116,0.007732,0.010315,0.887446,0.045601
34039,Union County,,NJ,35080,621167,656247,60,79,139,30280,30223,60503,6,0.370879,0.402369,725.59907,0.000538,116,0.037082,0.045411,0.705701,0.245211
34041,Warren County,,NJ,6594,130420,137014,19,17,36,4897,4330,9227,6,0.301964,0.31918,1.379188,0.000175,116,0.007527,0.005812,0.905263,0.04355
35001,Bernalillo County,,NM,37165,708119,745284,140,129,269,29256,28083,57339,5,0.398539,0.435611,59430.550547,0.002012,7,0.061436,0.056914,0.347645,0.452249
35003,Catron County,,NM,169,3256,3425,0,0,0,0,0,0,0,0,0,0,0.000051,114,0,0,0,0
35005,Chaves County,,NM,3603,65979,69582,16,16,32,1740,1678,3418,6,0.341524,0.362643,186.36811,0.000308,7,0.005803,0.005866,0.640351,0.044897
35006,Cibola County,,NM,1416,23725,25141,6,5,11,915,879,1794,6,0.285305,0.298017,0.342857,0.000146,7,0.001889,0.000801,0.933333,0.015062
35007,Colfax County,,NM,1000,13728,14728,2,2,4,111,152,263,6,0.28508,0.297337,5.434234,0.00009,7,0.000487,0.000525,0,0.003972
35009,Curry County,,NM,5174,49827,55001,24,21,45,3181,2451,5632,6,0.345938,0.369244,10734.931705,0.0005,20,0.008164,0.008833,0.461823,0.06503
35011,De Baca County,,NM,146,2048,2194,1,0,1,44,0,44,0,0,0,0,0.000071,20,0.000074,0,0,0.000634
35013,Dona Ana County,,NM,12264,216085,228349,48,37,85,9807,7576,17383,6,0.359488,0.38508,6404.281339,0.000784,7,0.021355,0.01854,0.465306,0.165582
35015,Eddy County,,NM,3408,57374,60782,10,10,20,1284,1456,2740,6,0.334142,0.353171,23.215353,0.000215,7,0.002766,0.002969,0.8,0.022467
35017,Grant County,,NM,1981,32062,34043,6,7,13,471,812,1283,6,0.333141,0.351355,1.315977,0.000138,7,0.002974,0.003451,0.857143,0.023481
35019,Guadalupe County,,NM,213,4523,4736,1,1,2,78,52,130,6,0.284996,0.297048,0,0.000064,7,0.000474,0.000512,0,0.003773
35021,Harding County,,NM,56,745,801,0,0,0,0,0,0,0,0,0,0,0.000051,115,0,0,0,0
35023,Hidalgo County,,NM,471,5068,5539,0,1,1,0,72,72,7,0.264496,0.273983,0,0.000051,7,0,0.000178,0,0
35025,Lea County,,NM,4512,67817,72329,16,21,37,1676,2242,3918,6,0.343635,0.366419,3075.255994,0.000319,7,0.005683,0.007199,0.510823,0.045477
35027,Lincoln County,,NM,1682,20520,22202,7,7,14,667,642,1309,6,0.333065,0.351239,0,0.000156,7,0.002479,0.0026,0.982143,0.019992
35028,Los Alamos County,,NM,1600,22113,23713,5,5,10,428,493,921,6,0.285137,0.297798,1.132445,0.000129,7,0.001781,0.000982,0.866667,0.013587
35029,Luna County,,NM,1832,27552,29384,6,6,12,788,803,1591,6,0.333103,0.351182,1.734959,0.000132,7,0.003634,0.003155,0.952381,0.027772
35031,McKinley County,,NM,7502,86506,94008,9,10,19,5331,6181,11512,6,0.333834,0.35264,94.672253,0.000186,7,0.00309,0.00332,0.733333,0.023733
35033,Mora County,,NM,275,5046,5321,1,2,3,51,148,199,6,0.285052,0.297279,0,0.000078,7,0.000007,0.000518,1,0.000141
35035,Otero County,,NM,5298,62509,67807,22,15,37,2994,2061,5055,6,0.345359,0.367802,161.937433,0.000342,7,0.01117,0.008722,0.702899,0.087276
35037,Quay County,,NM,554,8885,9439,2,1,3,213,63,276,7,0.257046,0.266057,0,0.000084,7,0.000548,0.000068,1,0.004407
35039,Rio Arriba County,,NM,2008,42639,44647,7,6,13,1257,1386,2643,6,0.285334,0.29819,16.71867,0.000171,7,0.001976,0.000916,0.738095,0.015998
35041,Roosevelt County,,NM,1608,18471,20079,7,5,12,1221,657,1878,6,0.286862,0.300542,6.074866,0.000148,20,0.002379,0.000835,0.714286,0.018636
35043,Sandoval County,,NM,11169,140181,151350,34,27,61,10263,7695,17958,6,0.346643,0.369849,3401.823624,0.000563,7,0.016002,0.013377,0.521021,0.123113
35045,San Juan County,,NM,10172,148395,158567,28,26,54,7316,6888,14204,6,0.347434,0.371434,1368.571324,0.000472,7,0.010806,0.011367,0.533266,0.083944
35047,San Miguel County,,NM,1598,27175,28773,4,4,8,659,890,1549,6,0.285108,0.297625,2921,0.000129,7,0.000729,0.000787,0.583333,0.006114
35049,Santa Fe County,,NM,8765,152585,161350,29,30,59,4997,5237,10234,6,0.355903,0.380728,4098.709054,0.000475,7,0.017093,0.016657,0.62437,0.132406
35051,Sierra County,,NM,823,11190,12013,2,2,4,197,269,466,6,0.285052,0.297279,0,0.000082,7,0.000629,0.00069,1,0.00522
35053,Socorro County,,NM,1339,17650,18989,4,4,8,404,549,953,6,0.285108,0.297625,0,0.000115,7,0.001809,0.000863,1,0.014338
35055,Taos County,,NM,1879,33236,35115,5,4,9,477,665,1142,6,0.28508,0.297567,2.439099,0.000123,7,0.002894,0.000804,0.9,0.021972
35057,Torrance County,,NM,1329,14699,16028,3,3,6,660,635,1295,6,0.285052,0.297394,0,0.000095,7,0.000724,0.000694,0.916667,0.006024
35059,Union County,,NM,382,4150,4532,0,1,1,0,43,43,8,0.207,0.212045,0,0.000051,189,0,0.000001,0,0
35061,Valencia County,,NM,4465,77062,81527,12,10,22,3463,2835,6298,6,0.33734,0.356791,407.703253,0.000249,7,0.004842,0.004642,0.692308,0.037293
36001,Albany County,,NY,22249,340099,362348,54,73,127,14529,17611,32140,6,0.366925,0.397711,21866.677914,0.000598,117,0.024074,0.036009,0.498834,0.15857
36003,Allegany County,,NY,2216,49977,52193,8,8,16,1110,1091,2201,6,0.285137,0.299677,2200.77063,0.000183,117,0.001221,0.000993,0.5,0.007685
36005,Bronx County,,NY,89685,1403711,1493396,129,145,274,68624,81473,150097,5,0.39619,0.436539,7196.516474,0.001205,116,0.067976,0.071182,0.461582,0.452381
36007,Broome County,,NY,9184,224920,234104,25,34,59,3927,4628,8555,6,0.351105,0.375891,4954.745785,0.000327,117,0.008616,0.015214,0.467994,0.054001
36009,Cattaraugus County,,NY,3977,89036,93013,8,8,16,2068,2349,4417,6,0.285137,0.299677,29.265698,0.000169,117,0.001245,0.001069,0.535714,0.007832
36011,Cayuga County,,NY,3567,87248,90815,8,9,17,2024,2026,4050,6,0.286266,0.301084,14.170059,0.000156,117,0.001178,0.001441,0.694444,0.007069
36013,Chautauqua County,,NY,4668,147238,151906,8,9,17,1592,2002,3594,6,0.310093,0.327032,142.3122,0.000148,117,0.002979,0.003183,0.636364,0.02004
36015,Chemung County,,NY,3897,99738,103635,10,11,21,1797,1840,3637,6,0.33318,0.352306,2771.575093,0.000199,117,0.001832,0.00265,0.490909,0.010748
36017,Chenango County,,NY,2743,57993,60736,8,8,16,1505,1365,2870,6,0.280789,0.29435,37.545518,0.000142,117,0.001388,0.000659,0.5,0.008031
36019,Clinton County,,NY,3005,91680,94685,10,13,23,1161,1215,2376,6,0.286209,0.302439,341.432437,0.00022,117,0.000703,0.001636,0.361905,0.004779
36021,Columbia County,,NY,3200,69723,72923,13,11,24,1977,1709,3686,6,0.304604,0.320979,2.366503,0.000155,116,0.004764,0.003041,0.839744,0.029683
36023,Cortland County,,NY,2685,51268,53953,8,7,15,1410,1357,2767,6,0.278893,0.291796,9.491557,0.000149,117,0.000824,0.000541,0.589286,0.00495
36025,Delaware County,,NY,2485,48314,50799,10,9,19,1196,1227,2423,6,0.301932,0.318264,131.352412,0.000145,117,0.003491,0.001867,0.609091,0.0225
36027,Dutchess County,,NY,14020,334014,348034,38,56,94,10336,9474,19810,5,0.358952,0.38738,1257.645958,0.00037,116,0.021292,0.031072,0.647268,0.140262
36029,Erie County,,NY,28463,1060753,1089216,109,126,235,18050,20306,38356,5,0.390412,0.428623,33296.722387,0.001188,117,0.05867,0.066866,0.469406,0.401056
36031,Essex County,,NY,2162,42139,44301,5,7,12,878,995,1873,7,0.269758,0.282097,18.704482,0.000141,117,0.000213,0.000408,0.5,0.001816
36033,Franklin County,,NY,1964,51808,53772,4,4,8,790,864,1654,6,0.277901,0.290269,7.785632,0.00011,117,0.000218,0.000342,0.65,0.001658
36035,Fulton County,,NY,2660,63417,66077,7,5,12,1546,1331,2877,7,0.27049,0.282299,2892.896488,0.000163,117,0.000581,0.000434,0.571429,0.003523
36037,Genesee County,,NY,3153,70324,73477,6,6,12,2050,1918,3968,6,0.284828,0.298841,2.366667,0.000137,117,0.001207,0.001033,0.733333,0.007391
36039,Greene County,,NY,2586,52458,55044,14,12,26,1786,1484,3270,6,0.305248,0.322149,54.743951,0.000158,116,0.005623,0.004275,0.809524,0.033201
36041,Hamilton County,,NY,353,5726,6079,0,1,1,0,58,58,8,0.21296,0.218554,0,0.000051,117,0,0.000005,0,0
36043,Herkimer County,,NY,2878,72729,75607,7,7,14,1722,1594,3316,6,0.278677,0.292027,33.55088,0.000145,117,0.000843,0.000651,0.595238,0.004933
36045,Jefferson County,,NY,16765,124055,140820,69,65,134,7471,7887,15358,6,0.376825,0.407575,9570.302909,0.000843,117,0.034295,0.032299,0.489056,0.248254
36047,Kings County,,NY,149116,2549860,2698976,232,231,463,118116,138393,256509,5,0.42722,0.474155,46730.776456,0.002404,116,0.101953,0.099975,0.304496,0.703815
36049,Lewis County,,NY,1434,28197,29631,2,3,5,542,715,1257,7,0.275806,0.287205,0,0.000073,117,0.000367,0.0004,1,0.002842
36051,Livingston County,,NY,3533,70504,74037,8,8,16,2123,2283,4406,6,0.285052,0.299504,8.960506,0.000173,117,0.00118,0.001017,0.642857,0.007468
36053,Madison County,,NY,4305,76447,80752,7,9,16,2652,2672,5324,6,0.286379,0.301314,29.825117,0.000142,117,0.001098,0.001416,0.569444,0.006711
36055,Monroe County,,NY,28140,869367,897507,108,131,239,17220,20584,37804,5,0.392586,0.431091,43833.205504,0.0012,117,0.054458,0.06719,0.449325,0.37513
36057,Montgomery County,,NY,3057,58461,61518,7,9,16,1923,1949,3872,7,0.270845,0.283538,8.591824,0.000143,117,0.000662,0.000618,0.680556,0.003921
36059,Nassau County,,NY,57462,1604493,1661955,97,150,247,53258,51157,104415,5,0.387378,0.428104,3847.507843,0.000898,116,0.056535,0.074248,0.468848,0.380089
36061,New York County,,NY,173611,1564922,1738533,242,235,477,144608,157739,302347,5,0.428043,0.475124,57157.54105,0.002498,116,0.105127,0.099322,0.285473,0.71638
36063,Niagara County,,NY,8878,256513,265391,13,16,29,6097,5498,11595,6,0.341484,0.36221,1416.319655,0.000206,117,0.007408,0.007853,0.593567,0.051464
36065,Oneida County,,NY,8715,264167,272882,28,28,56,4187,4832,9019,6,0.343268,0.365871,4171.906264,0.000351,117,0.011801,0.011702,0.491087,0.079174
36067,Onondaga County,,NY,19891,535031,554922,77,93,170,12123,13284,25407,5,0.383727,0.417912,31972.734568,0.000871,117,0.038254,0.04934,0.498786,0.26112
36069,Ontario County,,NY,6172,125847,132019,10,10,20,4383,3776,8159,6,0.286379,0.301401,21.208952,0.000182,117,0.001742,0.00144,0.655556,0.010476
36071,Orange County,,NY,21270,432864,454134,57,90,147,14728,15104,29832,6,0.370024,0.403874,1673.650417,0.000543,116,0.034055,0.046955,0.546099,0.230762
36073,Orleans County,,NY,2206,47306,49512,4,4,8,1412,1434,2846,6,0.284771,0.298495,0,0.000097,117,0.001191,0.001014,1,0.007086
36075,Oswego County,,NY,6016,137264,143280,10,10,20,3435,3535,6970,6,0.291961,0.307408,25.977979,0.000168,117,0.00207,0.001769,0.644444,0.012727
36077,Otsego County,,NY,3224,65994,69218,11,11,22,1457,1478,2935,6,0.296452,0.312752,72.313787,0.000176,117,0.00169,0.001722,0.549451,0.009687
36079,Putnam County,,NY,5945,115390,121335,11,12,23,4634,4161,8795,6,0.308373,0.325533,0.09223,0.000121,116,0.006421,0.006488,0.978022,0.038
36081,Queens County,,NY,136324,2469582,2605906,184,208,392,108567,127068,235635,5,0.416151,0.462078,21706.355697,0.001796,116,0.090447,0.09432,0.352391,0.612406
36083,Rensselaer County,,NY,11315,181994,193309,23,26,49,8043,8149,16192,6,0.337064,0.358665,3646.534433,0.000286,117,0.007393,0.00991,0.523656,0.047082
36085,Richmond County,,NY,19932,531039,550971,31,57,88,16227,15972,32199,6,0.363968,0.392021,167.786439,0.000288,116,0.020387,0.032821,0.774047,0.131941
36087,Rockland County,,NY,12399,352394,364793,29,44,73,8639,8855,17494,6,0.355509,0.382105,94.050894,0.000251,116,0.016854,0.024648,0.789899,0.103088
36089,St. Lawrence County,,NY,4086,115712,119798,9,8,17,1193,1343,2536,6,0.29105,0.306163,173.608595,0.000169,117,0.001929,0.001382,0.555556,0.012043
36091,Saratoga County,,NY,15341,261976,277317,48,48,96,12168,10515,22683,6,0.353986,0.381039,18766.652158,0.000555,117,0.020255,0.022707,0.451348,0.136323
36093,Schenectady County,,NY,9619,180638,190257,20,24,44,7072,6332,13404,6,0.342252,0.364245,1902.101708,0.000256,117,0.006238,0.009235,0.51601,0.038523
36095,Schoharie County,,NY,1690,34357,36047,7,9,16,804,905,1709,7,0.270668,0.283164,21.778365,0.000123,117,0.001308,0.000583,0.6,0.007388
36097,Schuyler County,,NY,1211,21256,22467,5,4,9,712,706,1418,7,0.262103,0.272003,3.430479,0.000123,117,0.000202,0.000148,0.55,0.001506
36099,Seneca County,,NY,2107,38382,40489,7,8,15,1028,1221,2249,6,0.283877,0.298028,45.024133,0.000142,117,0.001168,0.000935,0.660714,0.006855
36101,Steuben County,,NY,4705,112805,117510,11,14,25,2196,2311,4507,6,0.287204,0.303217,567.976928,0.000235,117,0.001593,0.001531,0.384615,0.009888
36103,Suffolk County,,NY,50933,1815012,1865945,129,187,316,39904,43167,83071,5,0.394245,0.439911,12977.853089,0.001279,116,0.066959,0.084825,0.371816,0.46171
36105,Sullivan County,,NY,4364,83053,87417,16,16,32,2873,2431,5304,6,0.308538,0.326398,17.795926,0.000168,116,0.006852,0.00645,0.79085,0.040485
36107,Tioga County,,NY,3238,61032,64270,6,6,12,2004,1807,3811,6,0.279,0.291894,37.056931,0.000129,117,0.000723,0.00053,0.7,0.004062
36109,Tompkins County,,NY,7815,93109,100924,27,33,60,3116,3983,7099,6,0.354289,0.378692,10049.757722,0.000362,117,0.013734,0.01864,0.57619,0.094433
36111,Ulster County,,NY,9199,200850,210049,21,32,53,5894,5739,11633,6,0.339958,0.36255,196.081373,0.000212,116,0.008159,0.015975,0.689683,0.047942
36113,Warren County,,NY,4539,78093,82632,11,6,17,3106,2932,6038,7,0.269658,0.281751,108.974454,0.000159,117,0.002833,0.000444,0.636364,0.015121
36115,Washington County,,NY,3624,68375,71999,8,7,15,2968,2504,5472,7,0.269708,0.281982,48.747608,0.00016,117,0.000668,0.000459,0.517857,0.004059
36117,Wayne County,,NY,5511,113344,118855,10,9,19,3776,3688,7464,6,0.291726,0.306889,47.265159,0.000181,117,0.002102,0.001608,0.554545,0.013529
36119,Westchester County,,NY,47507,1052305,1099812,97,134,231,39077,40792,79869,5,0.390096,0.429327,5072.329573,0.000888,116,0.056627,0.069542,0.511537,0.377244
36121,Wyoming County,,NY,2356,46643,48999,6,6,12,1534,1593,3127,6,0.284884,0.298957,2.207814,0.000142,117,0.001151,0.000983,0.8,0.007061
36123,Yates County,,NY,1359,28483,29842,5,6,11,673,763,1436,6,0.282186,0.295642,48.54151,0.00013,117,0.000593,0.00051,0.633333,0.003745
37001,Alamance County,,NC,7605,165104,172709,17,16,33,5378,4747,10125,6,0.329948,0.349343,343.319908,0.000314,119,0.00388,0.005015,0.552632,0.031058
37003,Alexander County,,NC,2051,40593,42644,6,6,12,1311,1300,2611,6,0.304412,0.318898,0,0.000136,119,0.001014,0.001081,1,0.008171
37005,Alleghany County,,NC,478,11582,12060,2,3,5,158,166,324,7,0.232339,0.239765,962.002356,0.000105,119,0.000015,0.000014,0,0.000304
37007,Anson County,,NC,1215,25425,26640,5,5,10,703,745,1448,6,0.304284,0.318638,1.423743,0.000116,119,0.000979,0.001028,0.8,0.007589
37009,Ashe County,,NC,1023,27485,28508,3,3,6,350,341,691,7,0.236657,0.24448,34.469159,0.000111,119,0.00005,0.000038,0.333333,0.000599
37011,Avery County,,NC,941,16475,17416,2,4,6,222,319,541,7,0.240316,0.249045,21.154328,0.000095,119,0.000037,0.000042,0.166667,0.000407
37013,Beaufort County,,NC,2373,51153,53526,7,6,13,1166,1205,2371,6,0.302027,0.316747,1164.695447,0.000178,119,0.001442,0.001107,0.547619,0.011545
37015,Bertie County,,NC,1099,21147,22246,5,6,11,467,594,1061,6,0.30027,0.315006,305.790721,0.000167,119,0.000076,0.000947,0.47619,0.001152
37017,Bladen County,,NC,1628,32237,33865,8,10,18,1038,993,2031,6,0.311161,0.327747,9.806196,0.000182,119,0.001446,0.003257,0.781818,0.012153
37019,Brunswick County,,NC,7007,109424,116431,33,18,51,5130,3808,8938,6,0.312913,0.331321,156.488149,0.00044,119,0.01119,0.005532,0.423423,0.078136
37021,Buncombe County,,NC,14708,253284,267992,77,59,136,9765,8574,18339,6,0.370309,0.399458,41049.158284,0.001178,119,0.034161,0.026885,0.396919,0.253418
37023,Burke County,,NC,5097,96741,101838,14,17,31,2752,3159,5911,6,0.308538,0.325822,1033.406599,0.00029,119,0.001378,0.003323,0.522876,0.011985
37025,Cabarrus County,,NC,12841,198548,211389,27,25,52,9133,8029,17162,6,0.341847,0.363582,733.167688,0.000367,119,0.011856,0.008148,0.568318,0.084327
37027,Caldwell County,,NC,3882,88480,92362,9,12,21,2349,2279,4628,6,0.30834,0.324899,48.688649,0.000183,119,0.00184,0.002715,0.674242,0.014602
37029,Camden County,,NC,865,10970,11835,4,4,8,480,404,884,6,0.289418,0.303234,0,0.000118,195,0.000929,0.000964,1,0.006976
37031,Carteret County,,NC,4704,70943,75647,12,9,21,2365,1854,4219,6,0.330061,0.348363,51.810549,0.000206,7,0.004649,0.00448,0.758242,0.035763
37033,Caswell County,,NC,1445,24053,25498,8,6,14,1036,1001,2037,6,0.278168,0.291266,49.219826,0.000193,119,0.001437,0.000524,0.625,0.01184
37035,Catawba County,,NC,9791,178406,188197,23,23,46,5920,6134,12054,6,0.314034,0.33357,252.513363,0.000369,119,0.005317,0.005721,0.487179,0.0426
37037,Chatham County,,NC,4339,68896,73235,11,11,22,3357,2909,6266,6,0.307848,0.324006,5.762858,0.00021,119,0.003447,0.003344,0.825758,0.027331
37039,Cherokee County,,NC,1377,26495,27872,5,3,8,353,239,592,8,0.188474,0.192424,8557.625985,0.000505,20,0.000773,0.000015,0,0.005633
37041,Chowan County,,NC,853,15859,16712,3,5,8,216,318,534,6,0.300332,0.315006,942.066044,0.000141,195,0.000025,0.00096,0.55,0.000498
37043,Clay County,,NC,662,10277,10939,2,2,4,237,235,472,9,0.158611,0.161146,2.333333,0.000327,20,0,0.000013,0,0.00028
37045,Cleveland County,,NC,4880,105550,110430,12,14,26,3076,3058,6134,6,0.311228,0.328525,82.340051,0.000231,119,0.001908,0.003364,0.629167,0.016233
37047,Columbus County,,NC,2539,55040,57579,8,8,16,1244,1508,2752,6,0.31086,0.327171,12.720433,0.000166,119,0.002856,0.003156,0.928571,0.022473
37049,Craven County,,NC,12040,109926,121966,42,43,85,5377,5923,11300,6,0.357002,0.383558,8436.447746,0.000582,7,0.019803,0.022533,0.501747,0.147347
37051,Cumberland County,,NC,46098,329184,375282,189,179,368,26908,31203,58111,5,0.417473,0.459766,47685.058668,0.002285,119,0.078605,0.074776,0.284425,0.557774
37053,Currituck County,,NC,1978,24787,26765,6,6,12,1365,1011,2376,6,0.289592,0.303782,2.168234,0.000153,195,0.001375,0.001376,0.766667,0.010052
37055,Dare County,,NC,2383,38301,40684,8,7,15,711,635,1346,6,0.303421,0.319538,40.051888,0.000176,195,0.002328,0.002121,0.625,0.017496
37057,Davidson County,,NC,8933,180844,189777,16,18,34,6343,6087,12430,6,0.312574,0.330687,303.556765,0.000292,119,0.003253,0.004773,0.526316,0.026016
37059,Davie County,,NC,2276,45913,48189,7,7,14,1615,1322,2937,6,0.305312,0.320368,43.237087,0.000147,119,0.001659,0.001811,0.880952,0.013278
37061,Duplin County,,NC,2791,54492,57283,11,11,22,1841,1771,3612,6,0.308078,0.324738,11.103359,0.0002,119,0.003178,0.003062,0.795455,0.024793
37063,Durham County,,NC,26968,283876,310844,104,90,194,19143,20855,39998,5,0.38795,0.421798,17016.708249,0.001268,119,0.055183,0.046981,0.486745,0.389943
37065,Edgecombe County,,NC,4436,58114,62550,7,8,15,3169,3400,6569,6,0.307848,0.323631,23.141385,0.000176,119,0.001323,0.002327,0.678571,0.01084
37067,Forsyth County,,NC,20150,385516,405666,74,68,142,13592,13664,27256,5,0.379197,0.409656,16245.200891,0.000954,119,0.036258,0.033827,0.484587,0.25901
37069,Franklin County,,NC,3901,59066,62967,9,7,16,3056,2499,5555,6,0.30077,0.315525,12.040412,0.000199,119,0.001752,0.001426,0.708333,0.01444
37071,Gaston County,,NC,11409,224766,236175,24,25,49,7699,7521,15220,6,0.314752,0.334867,226.354251,0.000388,119,0.006068,0.007041,0.546296,0.048891
37073,Gates County,,NC,680,12159,12839,5,3,8,376,266,642,7,0.251654,0.260514,207.822164,0.000121,195,0.001089,0.000085,0.666667,0.007839
37075,Graham County,,NC,286,8558,8844,1,1,2,51,51,102,9,0.158593,0.160915,0,0.000194,20,0,0.000006,0,0.000139
37077,Granville County,,NC,3445,58978,62423,8,10,18,2363,2312,4675,6,0.301869,0.317416,12.93539,0.000191,119,0.001435,0.002103,0.655556,0.011982
37079,Greene County,,NC,1178,19077,20255,4,4,8,788,824,1612,7,0.253064,0.263161,0,0.000115,119,0.00017,0.000188,1,0.001836
37081,Guilford County,,NC,29363,527437,556800,134,113,247,22393,21682,44075,5,0.384339,0.420714,64502.278243,0.001757,119,0.054295,0.047994,0.309803,0.381912
37083,Halifax County,,NC,2890,56048,58938,6,7,13,1289,1561,2850,6,0.301209,0.316378,12.529574,0.000169,119,0.000914,0.001437,0.595238,0.007468
37085,Harnett County,,NC,11065,110097,121162,43,28,71,9699,6563,16262,6,0.341605,0.364914,1279.116742,0.000625,119,0.014455,0.012931,0.485816,0.113382
37087,Haywood County,,NC,3105,62853,65958,6,5,11,1130,1125,2255,6,0.283515,0.295959,1043.473623,0.000201,119,0.00189,0.000743,0.619048,0.014651
37089,Henderson County,,NC,6349,117455,123804,15,13,28,3766,3163,6929,6,0.308736,0.325435,1069.122175,0.000305,119,0.005555,0.003031,0.424837,0.041967
37091,Hertford County,,NC,1244,21721,22965,4,5,9,571,582,1153,6,0.300395,0.315122,185.007814,0.000157,119,0.000068,0.000997,0.433333,0.0011
37093,Hoke County,,NC,5921,43887,49808,18,12,30,4291,2924,7215,6,0.327741,0.346495,209.860219,0.000288,119,0.006764,0.006056,0.634503,0.054109
37095,Hyde County,,NC,287,4865,5152,0,0,0,0,0,0,0,0,0,0,0.000051,118,0,0,0,0
37097,Iredell County,,NC,10226,178350,188576,36,29,65,6151,5576,11727,6,0.334065,0.357235,10425.092832,0.000516,119,0.015283,0.009072,0.455128,0.112228
37099,Jackson County,,NC,2456,32831,35287,6,6,12,999,888,1887,6,0.304604,0.319272,2109.981319,0.000237,119,0.000264,0.001178,0.47619,0.003138
37101,Johnston County,,NC,10496,178823,189319,21,23,44,8202,7018,15220,6,0.310626,0.329304,124.088075,0.000354,119,0.006267,0.004918,0.507123,0.046739
37103,Jones County,,NC,903,10416,11319,3,3,6,594,494,1088,6,0.290816,0.303961,0,0.000087,7,0.000806,0.000788,1,0.005687
37105,Lee County,,NC,4131,62096,66227,8,10,18,2056,2461,4517,6,0.311161,0.327747,2.597726,0.000167,119,0.00242,0.003948,0.881818,0.019399
37107,Lenoir County,,NC,3218,62939,66157,11,13,24,1782,2007,3789,6,0.306477,0.322922,472.680293,0.000226,119,0.002351,0.002596,0.647436,0.01846
37109,Lincoln County,,NC,5120,84027,89147,9,10,19,3547,3289,6836,6,0.304604,0.319705,4.002408,0.000173,119,0.001295,0.001539,0.744444,0.010885
37111,McDowell County,,NC,2007,47064,49071,9,5,14,980,866,1846,6,0.30454,0.3191,2620.242924,0.000225,119,0.001192,0.001178,0.5,0.009946
37113,Macon County,,NC,1658,36607,38265,3,4,7,338,406,744,7,0.270566,0.281601,72.886048,0.000135,119,0.000235,0.0003,0.166667,0.002418
37115,Madison County,,NC,1310,20469,21779,2,3,5,764,778,1542,7,0.270339,0.281025,0.576923,0.000088,119,0.000249,0.000333,0.666667,0.002587
37117,Martin County,,NC,1252,26414,27666,6,6,12,618,777,1395,6,0.300301,0.315064,963.090442,0.000172,119,0.000881,0.000956,0.6,0.007262
37119,Mecklenburg County,,NC,66957,994638,1061595,284,247,531,58149,56985,115134,5,0.436839,0.483374,204152.937226,0.003433,119,0.104592,0.098983,0.218199,0.724933
37121,Mitchell County,,NC,756,16042,16798,3,4,7,291,333,624,7,0.270414,0.281313,59.583078,0.000144,119,0.000013,0.000297,0.416667,0.000387
37123,Montgomery County,,NC,1488,28454,29942,6,6,12,675,799,1474,6,0.305119,0.319993,4.863171,0.000133,119,0.001351,0.00145,0.7,0.010674
37125,Moore County,,NC,5277,95462,100739,23,19,42,2923,2440,5363,6,0.324978,0.343468,647.639091,0.000364,119,0.008802,0.005603,0.495385,0.068666
37127,Nash County,,NC,7617,107014,114631,13,12,25,5082,5332,10414,6,0.311866,0.329131,83.310743,0.000247,119,0.003385,0.003881,0.604762,0.026395
37129,New Hanover County,,NC,15649,197563,213212,69,55,124,10736,9704,20440,6,0.360879,0.389444,4991.6916,0.000924,119,0.027044,0.023262,0.394561,0.193669
37131,Northampton County,,NC,1468,21404,22872,4,4,8,672,816,1488,6,0.300145,0.314545,238.037567,0.000134,119,0.00082,0.00094,0.7,0.006354
37133,Onslow County,,NC,33393,173781,207174,155,149,304,18282,18767,37049,5,0.407413,0.447383,21386.576703,0.001727,7,0.07244,0.071587,0.367144,0.501693
37135,Orange County,,NC,13785,127936,141721,45,32,77,8622,9482,18104,5,0.362963,0.388141,2772.979848,0.000598,119,0.024724,0.018703,0.599445,0.183453
37137,Pamlico County,,NC,775,13125,13900,2,3,5,315,348,663,7,0.26385,0.274574,0,0.000088,7,0.000197,0.000252,1,0.001471
37139,Pasquotank County,,NC,3325,41560,44885,14,11,25,1653,1444,3097,6,0.303517,0.320172,8220.254559,0.000318,195,0.003229,0.001968,0.412088,0.024094
37141,Pender County,,NC,4068,50882,54950,9,9,18,2794,2540,5334,6,0.329421,0.347481,60.526927,0.000167,119,0.004112,0.004066,0.736364,0.029712
37143,Perquimans County,,NC,834,13961,14795,2,2,4,461,360,821,7,0.232901,0.240185,0,0.0001,195,0.000024,0.000027,1,0.000394
37145,Person County,,NC,1747,42271,44018,7,8,15,1054,1018,2072,6,0.301901,0.317214,2813.880779,0.000181,119,0.001403,0.002031,0.607143,0.011621
37147,Pitt County,,NC,9751,159985,169736,41,31,72,6464,5483,11947,6,0.314547,0.335005,14663.605804,0.000732,119,0.009045,0.006164,0.276956,0.069864
37149,Polk County,,NC,1388,19939,21327,5,5,10,685,796,1481,6,0.283515,0.295959,0.3332,0.000137,119,0.000699,0.000859,0.95,0.006619
37151,Randolph County,,NC,7199,159032,166231,15,14,29,5036,4642,9678,6,0.308209,0.324928,37.50098,0.00027,119,0.003266,0.003793,0.576023,0.026198
37153,Richmond County,,NC,2171,48293,50464,11,15,26,1040,1287,2327,6,0.311396,0.328727,116.394031,0.000212,119,0.002096,0.003478,0.504762,0.0167
37155,Robeson County,,NC,5425,128493,133918,16,17,33,3134,3286,6420,6,0.311799,0.329592,129.648908,0.000289,119,0.003532,0.003981,0.517544,0.028389
37157,Rockingham County,,NC,3869,103820,107689,11,11,22,2340,2463,4803,6,0.301586,0.317445,324.548069,0.000245,119,0.00241,0.001727,0.537879,0.018894
37159,Rowan County,,NC,8294,151972,160266,14,16,30,4564,5001,9565,6,0.308209,0.32513,27.987691,0.000242,119,0.003275,0.003503,0.702206,0.026796
37161,Rutherford County,,NC,2565,66946,69511,10,11,21,1181,1301,2482,6,0.305409,0.320904,77.02442,0.00024,119,0.001293,0.001819,0.6,0.011001
37163,Sampson County,,NC,3196,68282,71478,10,8,18,1999,1821,3820,6,0.305603,0.321515,8.733221,0.000194,119,0.001946,0.002012,0.722222,0.015563
37165,Scotland County,,NC,2116,37745,39861,7,11,18,961,1330,2291,6,0.311262,0.328035,30.39736,0.000152,119,0.001194,0.003569,0.709091,0.009768
37167,Stanly County,,NC,2685,65660,68345,6,10,16,1440,1469,2909,6,0.307324,0.32317,13.567679,0.000142,119,0.001034,0.002349,0.633333,0.008427
37169,Stokes County,,NC,2767,50606,53373,6,7,13,1963,1852,3815,6,0.305344,0.320483,37.871403,0.000149,119,0.000759,0.00169,0.761905,0.006321
37171,Surry County,,NC,3515,79489,83004,11,12,23,1769,2112,3881,6,0.301806,0.317906,24997.172737,0.000316,119,0.001584,0.001787,0.378205,0.012677
37173,Swain County,,NC,1015,18990,20005,3,2,5,369,432,801,7,0.233994,0.240629,0,0.000136,119,0.00024,0.000018,1,0.002487
37175,Transylvania County,,NC,1666,32531,34197,4,4,8,609,628,1237,6,0.283487,0.295786,4.991242,0.000135,119,0.000294,0.000741,0.55,0.003021
37177,Tyrrell County,,NC,201,4082,4283,1,0,1,40,0,40,0,0,0,0,0.000071,119,0.000001,0,0,0.000102
37179,Union County,,NC,11429,221081,232510,33,24,57,8949,6777,15726,6,0.351447,0.37498,1445.809464,0.000435,119,0.014284,0.011008,0.525526,0.100765
37181,Vance County,,NC,2583,47891,50474,6,6,12,1360,1615,2975,6,0.301712,0.316667,49.114315,0.000159,119,0.001232,0.001802,0.595238,0.009923
37183,Wake County,,NC,55328,1001323,1056651,281,231,512,58892,45150,104042,5,0.428296,0.474565,174468.18428,0.003411,119,0.102844,0.095102,0.21995,0.713412
37185,Warren County,,NC,1218,19136,20354,5,6,11,649,744,1393,6,0.300739,0.315352,3.369586,0.000147,119,0.000849,0.001361,0.733333,0.006725
37187,Washington County,,NC,702,14098,14800,3,5,8,195,343,538,7,0.23946,0.248354,2921.533333,0.000121,119,0.000069,0.000095,0.5,0.001038
37189,Watauga County,,NC,3690,39019,42709,14,17,31,1212,1800,3012,6,0.309529,0.32709,11903.960076,0.000275,119,0.003222,0.004142,0.460784,0.025909
37191,Wayne County,,NC,8079,125392,133471,23,26,49,3348,3828,7176,6,0.336593,0.35957,4489.78904,0.000365,119,0.00773,0.008274,0.401149,0.058964
37193,Wilkes County,,NC,2706,72917,75623,11,12,23,1277,1519,2796,6,0.305764,0.321723,1790.516577,0.000235,119,0.001346,0.001877,0.568182,0.011075
37195,Wilson County,,NC,4307,88369,92676,13,12,25,2781,2565,5346,6,0.311564,0.328416,666.60594,0.000242,119,0.003414,0.00332,0.690476,0.026454
37197,Yadkin County,,NC,2175,42461,44636,7,8,15,1458,1559,3017,6,0.280843,0.294448,6.736358,0.000167,119,0.000457,0.000953,0.75,0.004269
37199,Yancey County,,NC,895,18653,19548,3,3,6,282,376,658,7,0.270364,0.281083,412.56487,0.000124,119,0.000229,0.000295,0.583333,0.002361
38001,Adams County,,ND,141,2783,2924,0,0,0,0,0,0,0,0,0,0,0.000051,120,0,0,0,0
38003,Barnes County,,ND,784,12909,13693,2,2,4,254,303,557,7,0.260944,0.270357,0,0.000139,124,0.000055,0.000044,1,0.0006
38005,Benson County,,ND,393,7034,7427,1,2,3,123,153,276,7,0.257711,0.266784,0,0.000081,124,0.000001,0.000032,1,0.000101
38007,Billings County,,ND,72,927,999,0,0,0,0,0,0,0,0,0,0,0.000051,121,0,0,0,0
38009,Bottineau County,,ND,411,7663,8074,1,2,3,123,150,273,7,0.258541,0.267769,0,0.000082,124,0.00005,0.000088,1,0.000638
38011,Bowman County,,ND,211,3764,3975,0,0,0,0,0,0,0,0,0,0,0.000051,122,0,0,0,0
38013,Burke County,,ND,160,2399,2559,0,0,0,0,0,0,0,0,0,0,0.000051,123,0,0,0,0
38015,Burleigh County,,ND,5391,95618,101009,25,18,43,4134,3124,7258,6,0.337379,0.358221,45356.729756,0.001142,124,0.002321,0.002199,0.119658,0.01859
38017,Cass County,,ND,11351,169441,180792,45,42,87,7153,7010,14163,6,0.352991,0.378122,84435.787952,0.001512,124,0.005255,0.006479,0.15102,0.040187
38019,Cavalier County,,ND,231,5069,5300,0,0,0,0,0,0,0,0,0,0,0.000051,125,0,0,0,0
38021,Dickey County,,ND,366,6165,6531,0,2,2,0,89,89,7,0.26127,0.270984,0,0.000051,124,0,0.000046,1,0
38023,Divide County,,ND,103,2434,2537,0,0,0,0,0,0,0,0,0,0,0.000051,126,0,0,0,0
38025,Dunn County,,ND,245,3985,4230,1,2,3,72,116,188,7,0.252335,0.260707,0,0.000132,124,0.000001,0.000023,1,0.000143
38027,Eddy County,,ND,124,2755,2879,0,0,0,0,0,0,0,0,0,0,0.000051,127,0,0,0,0
38029,Emmons County,,ND,204,4186,4390,1,1,2,77,75,152,7,0.252291,0.260477,0,0.000105,124,0.000018,0.000019,0,0.000286
38031,Foster County,,ND,157,4054,4211,0,0,0,0,0,0,0,0,0,0,0.000051,128,0,0,0,0
38033,Golden Valley County,,ND,141,1969,2110,0,0,0,0,0,0,0,0,0,0,0.000051,129,0,0,0,0
38035,Grand Forks County,,ND,6663,70570,77233,22,25,47,2787,2936,5723,6,0.347059,0.370293,28122.812583,0.000723,124,0.003679,0.006069,0.232258,0.027282
38037,Grant County,,ND,141,2816,2957,0,1,1,0,55,55,7,0.252334,0.26056,0,0.000051,124,0,0.000019,0,0
38039,Griggs County,,ND,153,2929,3082,0,0,0,0,0,0,0,0,0,0,0.000051,130,0,0,0,0
38041,Hettinger County,,ND,170,2855,3025,0,1,1,0,58,58,8,0.207431,0.212393,0,0.000051,124,0,0.000004,0,0
38043,Kidder County,,ND,136,2911,3047,1,0,1,51,0,51,0,0,0,0,0.000105,124,0.000018,0,0,0.000286
38045,LaMoure County,,ND,255,4895,5150,0,1,1,0,47,47,7,0.260964,0.270264,0,0.000051,124,0,0.000044,0,0
38047,Logan County,,ND,87,2361,2448,0,0,0,0,0,0,0,0,0,0,0.000051,131,0,0,0,0
38049,McHenry County,,ND,408,6442,6850,1,1,2,120,158,278,7,0.256272,0.264823,0,0.000082,124,0.00005,0.000069,0,0.000638
38051,McIntosh County,,ND,186,3392,3578,0,0,0,0,0,0,0,0,0,0,0.000051,132,0,0,0,0
38053,McKenzie County,,ND,321,6107,6428,2,1,3,87,48,135,8,0.205473,0.210117,2.335715,0.000192,124,0.000002,0.000001,0,0.000235
38055,McLean County,,ND,593,10564,11157,2,3,5,220,288,508,7,0.258564,0.267942,0,0.000136,124,0.000069,0.00009,0.833333,0.000923
38057,Mercer County,,ND,611,10336,10947,2,2,4,140,242,382,7,0.252313,0.26065,0,0.000182,124,0.000019,0.000021,1,0.00041
38059,Morton County,,ND,2548,31905,34453,9,5,14,1842,1687,3529,7,0.261605,0.271804,251.97587,0.000454,124,0.000175,0.000068,0.355556,0.002284
38061,Mountrail County,,ND,572,8193,8765,3,3,6,206,244,450,7,0.258587,0.267999,3414.712071,0.000299,124,0.000069,0.000088,0.333333,0.001017
38063,Nelson County,,ND,197,3825,4022,0,0,0,0,0,0,0,0,0,0,0.000051,133,0,0,0,0
38065,Oliver County,,ND,153,2313,2466,0,2,2,0,84,84,7,0.252356,0.260732,0,0.000051,124,0,0.000021,1,0
38067,Pembina County,,ND,553,9388,9941,3,3,6,182,189,371,7,0.264477,0.274519,0,0.000148,124,0.000105,0.000075,1,0.000946
38069,Pierce County,,ND,283,5053,5336,1,0,1,55,0,55,0,0,0,0,0.000082,124,0.00005,0,0,0.000638
38071,Ramsey County,,ND,785,13322,14107,3,4,7,283,342,625,7,0.265108,0.275621,2948.356438,0.00014,124,0.000105,0.000094,0.583333,0.000934
38073,Ransom County,,ND,425,6527,6952,1,1,2,86,134,220,7,0.260921,0.270184,0,0.000082,124,0.000054,0.000044,0,0.000496
38075,Renville County,,ND,279,2859,3138,1,1,2,114,123,237,7,0.256272,0.264823,0,0.000082,124,0.00005,0.000069,0,0.000638
38077,Richland County,,ND,1084,19062,20146,4,3,7,490,489,979,7,0.260968,0.27053,1,0.000167,124,0.000065,0.000057,0.65,0.000877
38079,Rolette County,,ND,570,14560,15130,4,4,8,263,229,492,7,0.26682,0.277656,0,0.000191,124,0.000173,0.000163,1,0.001768
38081,Sargent County,,ND,316,4948,5264,0,2,2,0,113,113,7,0.260987,0.270437,0,0.000051,124,0,0.000044,1,0
38083,Sheridan County,,ND,114,1609,1723,0,0,0,0,0,0,0,0,0,0,0.000051,134,0,0,0,0
38085,Sioux County,,ND,267,3634,3901,1,2,3,66,138,204,7,0.252313,0.26065,0,0.000105,124,0.000018,0.000021,1,0.000286
38087,Slope County,,ND,38,822,860,0,0,0,0,0,0,0,0,0,0,0.000051,135,0,0,0,0
38089,Stark County,,ND,1662,28278,29940,11,5,16,713,572,1285,7,0.261629,0.271862,5966.856108,0.000475,124,0.000448,0.000068,0.272727,0.004184
38091,Steele County,,ND,129,2326,2455,0,0,0,0,0,0,0,0,0,0,0.000051,136,0,0,0,0
38093,Stutsman County,,ND,1246,24208,25454,4,4,8,388,419,807,7,0.265083,0.275563,25.973502,0.000272,124,0.000073,0.000094,0.65,0.001003
38095,Towner County,,ND,161,2791,2952,0,0,0,0,0,0,0,0,0,0,0.000051,137,0,0,0,0
38097,Traill County,,ND,654,9223,9877,2,2,4,245,316,561,7,0.264453,0.274346,0,0.000106,124,0.000105,0.000074,1,0.000844
38099,Walsh County,,ND,734,13345,14079,3,3,6,228,337,565,7,0.264477,0.274519,0,0.000148,124,0.000105,0.000075,1,0.000946
38101,Ward County,,ND,6094,70297,76391,26,21,47,2425,2161,4586,6,0.344536,0.366667,38060.696598,0.000764,124,0.0083,0.00606,0.270936,0.064695
38103,Wells County,,ND,306,5209,5515,0,1,1,0,55,55,7,0.252334,0.26056,0,0.000051,124,0,0.000019,0,0
38105,Williams County,,ND,1451,25879,27330,7,5,12,429,416,845,7,0.265327,0.276197,2649.017705,0.000329,124,0.000427,0.000136,0.232143,0.003989
39001,Adams County,,OH,1288,29916,31204,8,8,16,843,799,1642,6,0.290845,0.304301,1431.341138,0.00017,197,0.001326,0.000691,0.544444,0.008196
39003,Allen County,,OH,5498,121124,126622,12,15,27,2290,2957,5247,6,0.30752,0.324772,86.71394,0.000215,197,0.001684,0.00221,0.442857,0.010824
39005,Ashland County,,OH,3081,60829,63910,9,11,20,1744,1749,3493,6,0.305764,0.321844,262.213046,0.000146,197,0.00217,0.00183,0.572727,0.013085
39007,Ashtabula County,,OH,4530,115770,120300,10,11,21,2407,2440,4847,6,0.306088,0.322363,56.400732,0.000154,197,0.002372,0.002052,0.690909,0.014142
39009,Athens County,,OH,3994,51459,55453,16,16,32,1644,1877,3521,6,0.330778,0.349631,2933.958749,0.000345,197,0.003124,0.003526,0.336601,0.019258
39011,Auglaize County,,OH,2665,58092,60757,9,7,16,1691,1514,3205,6,0.304893,0.320126,5.936086,0.00018,197,0.001312,0.001146,0.680556,0.008934
39013,Belmont County,,OH,2733,77819,80552,8,9,17,1544,1507,3051,6,0.307194,0.323798,10968.832762,0.00021,197,0.001566,0.001553,0.291667,0.011142
39015,Brown County,,OH,3168,49566,52734,9,10,19,2584,2448,5032,6,0.29395,0.308083,1566.691764,0.00017,197,0.001461,0.00122,0.677778,0.009034
39017,Butler County,,OH,24337,413227,437564,47,56,103,18487,17985,36472,5,0.378304,0.407149,13964.752289,0.000649,197,0.021541,0.027512,0.470915,0.147105
39019,Carroll County,,OH,1784,32923,34707,6,7,13,1293,1232,2525,6,0.304348,0.319607,652.549358,0.00014,197,0.000563,0.001156,0.666667,0.003295
39021,Champaign County,,OH,2741,46475,49216,9,9,18,1820,1829,3649,6,0.305796,0.3214,17.234176,0.000177,197,0.001431,0.001734,0.666667,0.009719
39023,Clark County,,OH,6715,159961,166676,12,12,24,3715,4136,7851,6,0.336711,0.356128,278.349715,0.000203,197,0.002926,0.00318,0.571429,0.018844
39025,Clermont County,,OH,13227,229700,242927,20,21,41,10097,9480,19577,6,0.355947,0.3789,1653.637059,0.000319,197,0.007585,0.008271,0.55,0.051746
39027,Clinton County,,OH,3466,48261,51727,10,12,22,1879,2321,4200,6,0.306218,0.322437,34.496818,0.000168,197,0.002369,0.002161,0.765152,0.015061
39029,Columbiana County,,OH,4536,121515,126051,12,12,24,2778,2648,5426,6,0.308209,0.325355,167.152815,0.000199,197,0.003046,0.002622,0.621212,0.018901
39031,Coshocton County,,OH,1591,41785,43376,7,7,14,866,885,1751,6,0.304124,0.319232,152.203797,0.000176,197,0.000869,0.000827,0.547619,0.00635
39033,Crawford County,,OH,2677,51943,54620,8,8,16,1574,1563,3137,6,0.304188,0.319405,7.62103,0.000173,197,0.000892,0.00092,0.569444,0.006593
39035,Cuyahoga County,,OH,56226,1455774,1512000,143,187,330,33471,46862,80333,5,0.423466,0.465099,39499.473074,0.00156,197,0.071156,0.088064,0.361791,0.487316
39037,Darke County,,OH,2512,65092,67604,10,9,19,1543,1471,3014,6,0.305151,0.320817,713.719874,0.000189,197,0.001559,0.001259,0.522222,0.010424
39039,Defiance County,,OH,2280,47894,50174,8,9,17,1259,1182,2441,6,0.30557,0.321682,147.388572,0.000172,197,0.000559,0.001169,0.488889,0.0032
39041,Delaware County,,OH,12671,198522,211193,31,26,57,12115,8541,20656,6,0.35989,0.383875,3304.291081,0.000418,197,0.010641,0.010976,0.43101,0.067912
39043,Erie County,,OH,4465,92571,97036,10,12,22,2594,2672,5266,6,0.336437,0.355909,146.330212,0.000161,197,0.002452,0.003214,0.69697,0.014586
39045,Fairfield County,,OH,10248,166739,176987,15,12,27,8092,7005,15097,6,0.306835,0.323204,72.165898,0.000274,197,0.002665,0.002323,0.475,0.016632
39047,Fayette County,,OH,1767,32779,34546,7,9,16,1147,1191,2338,6,0.304893,0.320385,9.602768,0.000155,197,0.000977,0.001282,0.611111,0.007122
39049,Franklin County,,OH,71669,1332416,1404085,244,262,506,55838,60424,116262,5,0.436377,0.484752,336537.685391,0.003139,197,0.090635,0.09499,0.215483,0.627301
39051,Fulton County,,OH,2701,53372,56073,6,7,13,1513,1647,3160,6,0.304412,0.319751,9.944247,0.000122,197,0.000423,0.001037,0.642857,0.002384
39053,Gallia County,,OH,1313,32029,33342,5,5,10,641,592,1233,6,0.304156,0.31903,837.889334,0.000184,197,0.000806,0.000777,0.4,0.00584
39055,Geauga County,,OH,4988,111169,116157,7,8,15,3470,3190,6660,6,0.329046,0.346679,28.083479,0.000116,197,0.002115,0.002805,0.875,0.012654
39057,Greene County,,OH,15035,174572,189607,34,31,65,8977,9820,18797,5,0.363145,0.387853,3365.733431,0.000463,197,0.0137,0.014654,0.437863,0.097358
39059,Guernsey County,,OH,1939,45720,47659,8,8,16,955,1038,1993,6,0.304476,0.319884,1146.205101,0.000195,197,0.001339,0.001082,0.458333,0.008673
39061,Hamilton County,,OH,46378,910773,957151,117,134,251,30721,37906,68627,5,0.408333,0.445786,52083.119319,0.00142,197,0.056472,0.066442,0.390305,0.392934
39063,Hancock County,,OH,4956,88685,93641,12,16,28,2375,2563,4938,6,0.313557,0.331765,264.897375,0.000205,197,0.002405,0.003106,0.45,0.014427
39065,Hardin County,,OH,1698,33835,35533,7,7,14,998,889,1887,6,0.30406,0.319117,6.525,0.000158,197,0.000868,0.000827,0.553571,0.006351
39067,Harrison County,,OH,934,17049,17983,4,4,8,446,535,981,7,0.235942,0.243931,7.052532,0.000122,197,0.000058,0.000048,0.5,0.000712
39069,Henry County,,OH,1674,35886,37560,7,8,15,954,1035,1989,6,0.30438,0.319809,5.689032,0.000139,197,0.000426,0.001037,0.696429,0.002518
39071,Highland County,,OH,2588,47013,49601,12,13,25,1906,1805,3711,6,0.306055,0.322264,81.619522,0.000203,197,0.002387,0.002086,0.621795,0.015404
39073,Hocking County,,OH,1850,31413,33263,7,7,14,1285,1290,2575,6,0.304028,0.319059,3.977778,0.000187,197,0.000871,0.000836,0.690476,0.006422
39075,Holmes County,,OH,1723,45247,46970,5,7,12,971,1192,2163,7,0.268033,0.279088,5.144972,0.000123,197,0.000203,0.000185,0.47619,0.001517
39077,Huron County,,OH,3767,73067,76834,14,10,24,2366,2375,4741,6,0.305861,0.32193,26.918074,0.000203,197,0.002868,0.001747,0.56044,0.017158
39079,Jackson County,,OH,1504,35940,37444,8,6,14,1076,752,1828,6,0.304156,0.319117,283.801279,0.000232,197,0.000862,0.000794,0.5,0.00646
39081,Jefferson County,,OH,2927,78088,81015,9,12,21,1495,1593,3088,6,0.30834,0.325516,2120.611878,0.000221,197,0.001593,0.002485,0.454545,0.011443
39083,Knox County,,OH,2863,66694,69557,8,6,14,1766,1365,3131,6,0.304156,0.319117,53.716429,0.000167,197,0.000991,0.000903,0.517857,0.007053
39085,Lake County,,OH,11332,286050,297382,21,21,42,8558,7667,16225,6,0.35196,0.374374,572.67074,0.000251,197,0.009804,0.011356,0.689231,0.064231
39087,Lawrence County,,OH,2895,67332,70227,7,8,15,1685,1746,3431,6,0.305732,0.321388,1291.541375,0.000246,197,0.00083,0.000823,0.464286,0.006154
39089,Licking County,,OH,9411,193998,203409,14,15,29,7032,5939,12971,6,0.337615,0.357771,557.159746,0.000269,197,0.003053,0.00448,0.428105,0.018906
39091,Logan County,,OH,2632,55444,58076,11,11,22,1594,1558,3152,6,0.304958,0.320731,23.369839,0.000218,197,0.001419,0.0013,0.519231,0.009772
39093,Lorain County,,OH,13831,353029,366860,29,38,67,9908,8830,18738,6,0.367625,0.394223,1799.209344,0.000335,197,0.015313,0.018855,0.575641,0.101043
39095,Lucas County,,OH,20835,485923,506758,50,72,122,11564,14240,25804,5,0.385261,0.416448,16960.954439,0.000577,197,0.022286,0.035437,0.439873,0.147899
39097,Madison County,,OH,3066,45395,48461,7,10,17,2215,2086,4301,6,0.304926,0.320558,11.572015,0.000164,197,0.000894,0.001274,0.522222,0.006441
39099,Mahoning County,,OH,10906,268566,279472,18,28,46,5922,7049,12971,6,0.36007,0.384584,1472.619219,0.000255,197,0.007008,0.013803,0.588506,0.046482
39101,Marion County,,OH,3131,71816,74947,8,9,17,1685,1807,3492,6,0.30422,0.319578,11.246188,0.000182,197,0.000959,0.000912,0.541667,0.006942
39103,Medina County,,OH,10343,212126,222469,12,16,28,8186,6757,14943,6,0.351575,0.373712,182.437787,0.00016,197,0.003237,0.007281,0.699346,0.018946
39105,Meigs County,,OH,1023,24449,25472,5,5,10,505,518,1023,7,0.249611,0.258228,342.074945,0.000173,197,0.000834,0.000047,0.5,0.005952
39107,Mercer County,,OH,1936,52881,54817,9,11,20,888,1155,2043,6,0.307194,0.323735,870.123585,0.000187,197,0.001305,0.001778,0.509091,0.008891
39109,Miami County,,OH,6381,123409,129790,15,13,28,4127,3985,8112,6,0.306055,0.322293,66.050828,0.000256,197,0.002395,0.002047,0.528571,0.015688
39111,Monroe County,,OH,731,16604,17335,2,4,6,192,366,558,7,0.235692,0.243712,2536.020584,0.000099,197,0.00002,0.000027,0.166667,0.000337
39113,Montgomery County,,OH,30483,604090,634573,90,105,195,20572,22298,42870,5,0.400249,0.434832,34282.528833,0.001179,197,0.038815,0.051703,0.393709,0.278414
39115,Morgan County,,OH,698,15279,15977,5,5,10,401,374,775,6,0.30406,0.318817,3.533333,0.000152,197,0.000842,0.000804,0.7,0.006014
39117,Morrow County,,OH,2403,38420,40823,6,6,12,1549,1598,3147,6,0.304124,0.319059,1.333333,0.000144,197,0.000946,0.000886,0.833333,0.00665
39119,Muskingum County,,OH,3564,98616,102180,9,9,18,2178,1962,4140,6,0.304188,0.319578,931.942458,0.000231,197,0.001028,0.000941,0.427273,0.007282
39121,Noble County,,OH,638,14109,14747,4,3,7,384,341,725,7,0.234032,0.241348,5.313179,0.000131,197,0.000807,0.000027,0.5,0.0057
39123,Ottawa County,,OH,2650,50437,53087,7,7,14,1492,1566,3058,6,0.305603,0.321181,1.409893,0.000125,197,0.001938,0.001645,0.910714,0.011651
39125,Paulding County,,OH,1100,23795,24895,5,4,9,548,610,1158,7,0.274445,0.285977,7.086725,0.000125,197,0.000257,0.000172,0.55,0.001676
39127,Perry County,,OH,2100,39332,41432,7,7,14,1643,1603,3246,6,0.304028,0.319059,3.45,0.000184,197,0.000899,0.000851,0.714286,0.00651
39129,Pickaway County,,OH,3590,58914,62504,7,6,13,2868,2400,5268,6,0.303996,0.318886,3.683333,0.000166,197,0.000887,0.000811,0.642857,0.006431
39131,Pike County,,OH,1575,29841,31416,6,5,11,915,905,1820,6,0.304188,0.31903,31.602427,0.000166,197,0.000842,0.000791,0.666667,0.00617
39133,Portage County,,OH,10985,175287,186272,15,16,31,7328,7592,14920,6,0.337892,0.358302,132.201547,0.000194,197,0.004136,0.004197,0.669118,0.024421
39135,Preble County,,OH,2465,49551,52016,7,7,14,1566,1624,3190,6,0.287262,0.299925,49.382442,0.000139,197,0.001399,0.000661,0.625,0.008399
39137,Putnam County,,OH,1719,44761,46480,7,9,16,811,1036,1847,6,0.304412,0.319982,245.698427,0.000159,197,0.000863,0.001051,0.569444,0.00622
39139,Richland County,,OH,6537,143220,149757,14,22,36,3050,3796,6846,6,0.340318,0.361928,1182.470671,0.000244,197,0.002233,0.004807,0.36,0.014318
39141,Ross County,,OH,3454,82090,85544,12,13,25,2057,2183,4240,6,0.305087,0.321163,61.86197,0.000288,197,0.001342,0.001311,0.416667,0.009455
39143,Sandusky County,,OH,3184,74656,77840,8,9,17,1933,1971,3904,6,0.305667,0.321527,2.495804,0.000147,197,0.001244,0.001682,0.819444,0.008109
39145,Scioto County,,OH,2723,78640,81363,8,10,18,1352,1376,2728,6,0.305248,0.321019,317.402294,0.000256,197,0.000833,0.001197,0.377778,0.006379
39147,Seneca County,,OH,3275,67143,70418,10,10,20,1715,2062,3777,6,0.30438,0.320039,13.220293,0.00018,197,0.00129,0.001104,0.6,0.008444
39149,Shelby County,,OH,2918,60694,63612,8,11,19,1394,1826,3220,6,0.305958,0.32189,9.196487,0.000171,197,0.001303,0.001755,0.681818,0.008818
39151,Stark County,,OH,15614,447663,463277,29,39,68,9452,10101,19553,6,0.362417,0.388672,7265.416579,0.000362,197,0.011499,0.018059,0.443939,0.077511
39153,Summit County,,OH,27676,628032,655708,60,85,145,19301,20805,40106,5,0.386911,0.41978,12736.832098,0.000719,197,0.029826,0.042622,0.459327,0.209625
39155,Trumbull County,,OH,9372,249265,258637,16,22,38,5243,5730,10973,6,0.349155,0.371896,650.319185,0.000222,197,0.005542,0.010625,0.583004,0.036646
39157,Tuscarawas County,,OH,4167,113451,117618,11,10,21,2424,2472,4896,6,0.305635,0.321555,2039.09458,0.000218,197,0.002082,0.001737,0.445455,0.012891
39159,Union County,,OH,3603,57812,61415,7,7,14,2314,2175,4489,6,0.304028,0.319059,5.394444,0.000154,197,0.000953,0.00089,0.589286,0.006883
39161,Van Wert County,,OH,1537,35890,37427,7,8,15,690,864,1554,6,0.305377,0.321221,291.122465,0.000161,197,0.001062,0.000953,0.464286,0.00714
39163,Vinton County,,OH,856,13556,14412,4,5,9,421,553,974,6,0.303964,0.318713,0.916667,0.000136,197,0.000816,0.000807,0.85,0.005775
39165,Warren County,,OH,16643,245492,262135,32,36,68,13054,11605,24659,6,0.367438,0.393895,4574.057829,0.000439,197,0.01333,0.016274,0.483087,0.087746
39167,Washington County,,OH,2990,71307,74297,7,7,14,1342,1417,2759,6,0.304797,0.319976,4114.127547,0.000231,197,0.000835,0.000809,0.357143,0.00624
39169,Wayne County,,OH,5985,136964,142949,11,11,22,3340,3602,6942,6,0.305796,0.321901,259.396387,0.000164,197,0.002354,0.001937,0.709091,0.014075
39171,Williams County,,OH,2123,46209,48332,8,9,17,846,1005,1851,6,0.305635,0.321798,112.235634,0.000159,197,0.000413,0.001128,0.4,0.002606
39173,Wood County,,OH,9972,138342,148314,21,26,47,6398,6544,12942,6,0.349323,0.37197,3240.919266,0.000284,197,0.00687,0.008158,0.40873,0.04312
39175,Wyandot County,,OH,1360,27586,28946,7,6,13,830,924,1754,6,0.304028,0.318944,4.491995,0.000151,197,0.000916,0.000808,0.619048,0.006603
40001,Adair County,,OK,1306,22684,23990,6,6,12,819,827,1646,7,0.288235,0.301179,8.230078,0.00018,64,0.000726,0.000776,0.733333,0.006479
40003,Alfalfa County,,OK,358,4885,5243,2,2,4,148,129,277,7,0.256704,0.265711,198.561101,0.000089,64,0.000057,0.000058,0.333333,0.000646
40005,Atoka County,,OK,940,13884,14824,3,5,8,254,414,668,6,0.289187,0.30226,1017.5986,0.000157,64,0.000031,0.000533,0.25,0.000586
40007,Beaver County,,OK,474,5666,6140,3,2,5,209,169,378,7,0.228447,0.235143,22.854971,0.000165,64,0.000015,0.000017,0.333333,0.00047
40009,Beckham County,,OK,2103,21096,23199,6,7,13,620,832,1452,6,0.289158,0.302433,5816.534524,0.00024,64,0.000533,0.000759,0.428571,0.005229
40011,Blaine County,,OK,763,10474,11237,5,4,9,335,260,595,6,0.289129,0.302029,123.726335,0.000154,64,0.000555,0.000638,0.6,0.005358
40013,Bryan County,,OK,2566,37406,39972,16,15,31,1701,1425,3126,6,0.314444,0.332365,9434.58989,0.000417,189,0.00394,0.003587,0.385621,0.034439
40015,Caddo County,,OK,1867,27617,29484,6,7,13,1020,1195,2215,6,0.292079,0.305915,2.328929,0.000166,64,0.000859,0.000967,0.833333,0.00786
40017,Canadian County,,OK,9535,122072,131607,27,21,48,8926,6831,15757,6,0.343105,0.365813,4500.075201,0.000575,64,0.008876,0.006322,0.383598,0.071901
40019,Carter County,,OK,2951,50182,53133,16,16,32,1606,1605,3211,6,0.318989,0.337899,9751.790598,0.000414,64,0.003304,0.003932,0.397059,0.028834
40021,Cherokee County,,OK,3055,42292,45347,12,11,23,1865,1793,3658,6,0.295966,0.310538,71.037132,0.000298,64,0.001262,0.001279,0.564103,0.011603
40023,Choctaw County,,OK,889,14228,15117,6,4,10,502,348,850,7,0.24663,0.25565,479.160432,0.000201,189,0.000909,0.00006,0.4,0.008028
40025,Cimarron County,,OK,258,2926,3184,0,1,1,0,42,42,7,0.224883,0.231065,0,0.000051,64,0,0.000008,0,0
40027,Cleveland County,,OK,22086,254978,277064,55,51,106,18381,16276,34657,6,0.363374,0.391318,19712.665544,0.001014,64,0.018055,0.020047,0.321911,0.142289
40029,Coal County,,OK,450,5259,5709,2,2,4,150,157,307,7,0.227979,0.234722,1.458333,0.000094,64,0.000015,0.000009,0,0.000284
40031,Comanche County,,OK,14347,112602,126949,57,54,111,9496,7732,17228,6,0.364611,0.393728,13995.873487,0.000884,7,0.024947,0.021977,0.475124,0.191736
40033,Cotton County,,OK,483,5981,6464,2,3,5,240,241,481,7,0.274132,0.286415,1.253865,0.000077,7,0.00035,0.000373,0.666667,0.002918
40035,Craig County,,OK,994,13925,14919,5,5,10,590,494,1084,7,0.286891,0.299352,0.311111,0.000152,64,0.00044,0.000473,0.95,0.004083
40037,Creek County,,OK,5957,72174,78131,10,14,24,4877,4574,9451,6,0.29488,0.309622,37.793288,0.00024,64,0.00096,0.001217,0.571429,0.0089
40039,Custer County,,OK,2502,26518,29020,8,9,17,977,1244,2221,6,0.297642,0.312153,91.464623,0.000258,64,0.000918,0.00138,0.5,0.00851
40041,Delaware County,,OK,2542,36585,39127,14,13,27,1687,1670,3357,6,0.296361,0.311461,258.383278,0.000331,64,0.001261,0.001357,0.467033,0.011915
40043,Dewey County,,OK,388,4994,5382,1,1,2,47,41,88,7,0.224544,0.230713,0,0.000086,64,0.000007,0.000004,0,0.000136
40045,Ellis County,,OK,359,4059,4418,1,1,2,110,111,221,7,0.224544,0.230713,0,0.000086,64,0.000007,0.000004,0,0.000136
40047,Garfield County,,OK,4727,66256,70983,22,22,44,1979,1939,3918,6,0.345235,0.368091,21790.175218,0.000482,64,0.006954,0.006827,0.39532,0.054712
40049,Garvin County,,OK,1983,27567,29550,8,8,16,996,1159,2155,6,0.289216,0.302663,7.238613,0.000211,64,0.00069,0.000725,0.696429,0.006399
40051,Grady County,,OK,3658,50754,54412,9,10,19,2525,2411,4936,6,0.297673,0.312326,22.849003,0.000227,64,0.001281,0.001415,0.7,0.011476
40053,Grant County,,OK,378,4567,4945,2,2,4,158,182,340,7,0.258286,0.267787,0,0.000086,64,0.000083,0.000071,1,0.00076
40055,Greer County,,OK,480,4903,5383,1,1,2,91,100,191,7,0.243802,0.251372,0,0.000073,64,0.000031,0.000025,0,0.000298
40057,Harmon County,,OK,194,2668,2862,0,1,1,0,50,50,7,0.243845,0.251458,0,0.000051,64,0,0.000025,0,0
40059,Harper County,,OK,292,4068,4360,1,1,2,78,66,144,7,0.224544,0.230713,0,0.000086,64,0.000007,0.000004,0,0.000136
40061,Haskell County,,OK,832,12236,13068,3,6,9,232,435,667,7,0.286976,0.29964,1.353968,0.000117,64,0.000034,0.000477,0.733333,0.000565
40063,Hughes County,,OK,957,12212,13169,7,8,15,539,609,1148,6,0.294789,0.308757,6.93605,0.000203,64,0.000498,0.000992,0.696429,0.005022
40065,Jackson County,,OK,3005,27451,30456,11,13,24,723,947,1670,6,0.322368,0.340903,9711.525151,0.000334,64,0.00299,0.003745,0.42381,0.024767
40067,Jefferson County,,OK,525,5630,6155,2,2,4,197,218,415,7,0.241925,0.24988,0,0.000096,64,0.000052,0.000045,1,0.000589
40069,Johnston County,,OK,758,10173,10931,6,4,10,414,333,747,7,0.242208,0.250745,7.315027,0.000198,64,0.000088,0.000067,0.5,0.001302
40071,Kay County,,OK,3641,49304,52945,12,14,26,1345,2080,3425,6,0.325087,0.344494,1496.754333,0.000272,64,0.001529,0.003145,0.461905,0.012558
40073,Kingfisher County,,OK,983,16627,17610,4,4,8,486,533,1019,6,0.289129,0.302029,0.612048,0.000136,64,0.000553,0.00064,0.916667,0.005276
40075,Kiowa County,,OK,689,9070,9759,4,3,7,221,173,394,7,0.268705,0.279624,7.443659,0.000138,64,0.000652,0.000236,0.666667,0.005934
40077,Latimer County,,OK,871,11798,12669,3,3,6,288,403,691,7,0.238119,0.246257,6.294023,0.000136,64,0.000026,0.000024,0.5,0.000507
40079,Le Flore County,,OK,2618,47794,50412,8,8,16,1339,1444,2783,6,0.29494,0.309045,2300.447005,0.000241,64,0.00094,0.000999,0.446429,0.008328
40081,Lincoln County,,OK,2335,33135,35470,8,8,16,1531,1574,3105,6,0.294699,0.308584,5.4951,0.000204,64,0.001144,0.001154,0.708333,0.010116
40083,Logan County,,OK,3180,39450,42630,7,6,13,2269,2039,4308,6,0.294639,0.308238,8.256476,0.000185,64,0.001177,0.001192,0.857143,0.010196
40085,Love County,,OK,711,9283,9994,2,3,5,276,314,590,7,0.242066,0.250312,1.195543,0.000091,64,0.000062,0.000058,0.5,0.000637
40087,McClain County,,OK,2982,36109,39091,7,7,14,2588,2157,4745,6,0.294639,0.308354,5.406473,0.000192,64,0.000691,0.001188,0.803571,0.006636
40089,McCurtain County,,OK,1441,31700,33141,6,6,12,363,421,784,6,0.290057,0.303759,8346.839927,0.00024,189,0.000464,0.000577,0.214286,0.004742
40091,McIntosh County,,OK,1331,18572,19903,6,7,13,678,725,1403,6,0.294699,0.308469,576.68224,0.000165,64,0.000884,0.000977,0.738095,0.007816
40093,Major County,,OK,626,8138,8764,1,3,4,141,232,373,7,0.25675,0.265942,0,0.00007,64,0.000057,0.000063,0.666667,0.000552
40095,Marshall County,,OK,1042,14190,15232,7,5,12,522,497,1019,6,0.289274,0.302433,510.581147,0.000216,64,0.000739,0.000639,0.52381,0.006797
40097,Mayes County,,OK,2788,41549,44337,8,10,18,1536,1782,3318,6,0.294789,0.308988,16.589457,0.000222,64,0.000466,0.001015,0.688889,0.004701
40099,Murray County,,OK,1002,13031,14033,5,6,11,529,545,1074,6,0.289187,0.302375,151.792491,0.000146,64,0.000649,0.000692,0.766667,0.005816
40101,Muskogee County,,OK,4250,71542,75792,13,12,25,2488,2535,5023,6,0.311833,0.329655,200.560147,0.000314,64,0.001094,0.002203,0.509524,0.010344
40103,Noble County,,OK,923,11927,12850,3,4,7,417,487,904,6,0.289187,0.302145,0,0.0001,64,0.000144,0.000605,1,0.001167
40105,Nowata County,,OK,793,11014,11807,4,4,8,424,431,855,7,0.286976,0.299352,2.085224,0.000126,64,0.000448,0.000486,0.833333,0.004053
40107,Okfuskee County,,OK,723,10250,10973,7,6,13,480,474,954,6,0.294609,0.308181,3.878326,0.000188,64,0.000882,0.000968,0.761905,0.008052
40109,Oklahoma County,,OK,47143,736400,783543,173,140,313,38368,37249,75617,5,0.40621,0.444546,194440.566237,0.002851,64,0.059874,0.052006,0.236147,0.451011
40111,Okmulgee County,,OK,2555,39200,41755,10,10,20,1692,1583,3275,6,0.294759,0.30893,13.562861,0.000255,64,0.000925,0.00115,0.598485,0.00876
40113,Osage County,,OK,3724,43134,46858,9,9,18,2477,2790,5267,6,0.294789,0.308872,18.186098,0.000198,64,0.001143,0.001055,0.766667,0.009951
40115,Ottawa County,,OK,2042,33170,35212,9,8,17,1109,1066,2175,6,0.29503,0.309161,341.446379,0.000236,64,0.000491,0.001,0.522222,0.004953
40117,Pawnee County,,OK,1478,16138,17616,4,6,10,928,997,1925,6,0.294699,0.308354,0.377778,0.000113,64,0.000481,0.000994,0.933333,0.00403
40119,Payne County,,OK,6683,64586,71269,19,24,43,3233,3810,7043,6,0.327555,0.348853,2307.305381,0.000395,64,0.004297,0.007328,0.416923,0.036212
40121,Pittsburg County,,OK,2934,45725,48659,12,13,25,1137,1157,2294,6,0.312001,0.330059,8513.939552,0.000314,64,0.001892,0.002116,0.384615,0.01651
40123,Pontotoc County,,OK,2522,37981,40503,11,15,26,1141,1435,2576,6,0.295181,0.310314,5230.491328,0.000297,64,0.001092,0.001236,0.404762,0.009925
40125,Pottawatomie County,,OK,4893,69633,74526,14,11,25,3232,3091,6323,6,0.29485,0.309218,413.86045,0.000325,64,0.002334,0.001229,0.516484,0.019563
40127,Pushmataha County,,OK,748,11107,11855,4,4,8,236,248,484,7,0.238315,0.246695,25.982598,0.000182,189,0.000035,0.000027,0.366667,0.000739
40129,Roger Mills County,,OK,310,3708,4018,1,1,2,106,82,188,7,0.224317,0.230275,0,0.00008,64,0.000006,0.000004,0,0.000139
40131,Rogers County,,OK,7108,93220,100328,17,16,33,5124,5042,10166,6,0.295,0.310083,845.534102,0.000372,64,0.003051,0.001226,0.444444,0.026232
40133,Seminole County,,OK,1718,23320,25038,6,6,12,1013,1053,2066,6,0.294669,0.308296,1.059524,0.00017,64,0.000639,0.001111,0.833333,0.005913
40135,Sequoyah County,,OK,2363,41328,43691,10,7,17,1436,1239,2675,7,0.287119,0.300044,59.078411,0.000271,64,0.000972,0.00051,0.466667,0.008779
40137,Stephens County,,OK,2629,45657,48286,11,10,21,1317,1162,2479,6,0.31315,0.33086,2252.005791,0.000274,64,0.00208,0.002364,0.537879,0.018084
40139,Texas County,,OK,2103,24408,26511,6,6,12,568,699,1267,6,0.290028,0.303701,5943.206855,0.000264,64,0.000997,0.000671,0.303571,0.008818
40141,Tillman County,,OK,616,7717,8333,3,3,6,160,238,398,7,0.27408,0.286329,0,0.000098,7,0.000381,0.00038,1,0.003216
40143,Tulsa County,,OK,39807,655591,695398,136,121,257,31138,30421,61559,6,0.401919,0.438113,100451.669135,0.002177,64,0.051467,0.048187,0.286228,0.383653
40145,Wagoner County,,OK,6789,73707,80496,14,10,24,6187,4956,11143,6,0.294759,0.30893,125.759966,0.000303,64,0.002005,0.001151,0.552381,0.017632
40147,Washington County,,OK,3556,56917,60473,11,13,24,1917,1889,3806,6,0.325051,0.344321,667.864187,0.000248,64,0.003014,0.003072,0.52381,0.025198
40149,Washita County,,OK,1112,11576,12688,4,4,8,607,550,1157,6,0.289013,0.301799,37.802618,0.000161,64,0.000453,0.000516,0.583333,0.004294
40151,Woods County,,OK,573,8247,8820,2,1,3,102,48,150,7,0.224544,0.230713,2.666667,0.000124,64,0.000007,0.000004,0,0.000232
40153,Woodward County,,OK,1868,21102,22970,6,10,16,392,735,1127,6,0.289534,0.303471,23656.185949,0.000411,64,0.00049,0.000789,0.188889,0.004762
41001,Baker County,,OR,1061,16933,17994,3,2,5,200,159,359,7,0.269758,0.281423,0,0.000113,7,0.000423,0.00027,1,0.003519
41003,Benton County,,OR,7856,82185,90041,24,21,45,4193,5148,9341,6,0.340438,0.362009,110.196602,0.000351,7,0.009929,0.008176,0.738095,0.075931
41005,Clackamas County,,OR,29457,408484,437941,61,59,120,26636,24531,51167,6,0.35793,0.386666,3884.226674,0.000814,7,0.022576,0.023557,0.487425,0.168667
41007,Clatsop County,,OR,2865,37612,40477,11,13,24,1196,1274,2470,6,0.326482,0.345059,60.138821,0.000191,7,0.002698,0.004496,0.758242,0.021822
41009,Columbia County,,OR,3244,53779,57023,7,11,18,1784,2055,3839,6,0.324285,0.342269,1.683659,0.000139,7,0.001576,0.003217,0.881818,0.012952
41011,Coos County,,OR,3527,63293,66820,18,14,32,1787,1602,3389,6,0.291109,0.306094,36.346981,0.000283,7,0.006369,0.002477,0.815789,0.049098
41013,Crook County,,OR,1909,21369,23278,6,6,12,738,976,1714,6,0.290582,0.304134,1.156084,0.000133,7,0.001222,0.001551,0.928571,0.010101
41015,Curry County,,OR,1544,22784,24328,7,5,12,577,493,1070,7,0.263994,0.27528,5.504406,0.000143,7,0.002084,0.000523,0.785714,0.016801
41017,Deschutes County,,OR,11722,167817,179539,52,57,109,7950,8029,15979,6,0.346393,0.374,13588.321168,0.0008,7,0.018535,0.018158,0.442191,0.138399
41019,Douglas County,,OR,5078,109962,115040,25,20,45,2859,2800,5659,6,0.340318,0.361519,539.738421,0.000361,7,0.008479,0.008085,0.710345,0.064107
41021,Gilliam County,,OR,166,1944,2110,0,0,0,0,0,0,0,0,0,0,0.000051,138,0,0,0,0
41023,Grant County,,OR,392,7404,7796,0,0,0,0,0,0,0,0,0,0,0.000051,139,0,0,0,0
41025,Harney County,,OR,517,7605,8122,1,1,2,52,48,100,7,0.257298,0.267394,0,0.000063,7,0.000151,0.000154,0,0.001241
41027,Hood River County,,OR,1396,25745,27141,10,7,17,919,703,1622,6,0.290728,0.304537,97.853916,0.000211,7,0.003438,0.001435,0.733333,0.026956
41029,Jackson County,,OR,9825,220204,230029,52,45,97,7078,6452,13530,6,0.343512,0.368725,1211.802145,0.00065,7,0.020033,0.017848,0.574351,0.14673
41031,Jefferson County,,OR,1705,21576,23281,6,5,11,747,781,1528,6,0.289187,0.302444,0.576571,0.000129,7,0.001351,0.001103,0.933333,0.011276
41033,Josephine County,,OR,4277,83557,87834,22,15,37,3004,2201,5205,6,0.335072,0.354347,78.662343,0.000293,7,0.0111,0.005446,0.797101,0.081401
41035,Klamath County,,OR,3937,67836,71773,20,22,42,1700,2038,3738,6,0.327666,0.347948,1084.292343,0.00028,7,0.009175,0.006261,0.726496,0.067721
41037,Lake County,,OR,509,7582,8091,2,1,3,87,41,128,7,0.257298,0.267394,0,0.000074,7,0.000203,0.000154,1,0.001888
41039,Lane County,,OR,18062,361330,379392,72,60,132,11872,12213,24085,6,0.358019,0.386867,4382.566355,0.000919,7,0.026107,0.025703,0.495728,0.191414
41041,Lincoln County,,OR,3399,46279,49678,20,16,36,1935,1823,3758,6,0.324576,0.343572,110.232244,0.000314,7,0.005886,0.004373,0.764069,0.046677
41043,Linn County,,OR,7412,123181,130593,24,21,45,5733,5028,10761,6,0.340398,0.361749,208.439191,0.000352,7,0.009053,0.00859,0.768333,0.068769
41045,Malheur County,,OR,1922,28960,30882,5,3,8,760,897,1657,7,0.269859,0.281769,135.15166,0.000152,7,0.001544,0.000383,0.8,0.012044
41047,Marion County,,OR,17873,338594,356467,51,53,104,14179,13777,27956,6,0.344823,0.371406,1602.476307,0.000678,7,0.018557,0.018718,0.521946,0.137486
41049,Morrow County,,OR,935,12713,13648,2,2,4,450,487,937,7,0.255682,0.264973,0,0.000088,7,0.000125,0.000215,1,0.001825
41051,Multnomah County,,OR,56733,773661,830394,174,146,320,50506,49000,99506,5,0.406096,0.445082,48873.68416,0.002184,7,0.071478,0.059491,0.313601,0.509953
41053,Polk County,,OR,6576,76972,83548,16,15,31,5262,4901,10163,6,0.333526,0.353286,8.694137,0.000255,7,0.005619,0.005019,0.934641,0.044083
41055,Sherman County,,OR,130,2003,2133,0,0,0,0,0,0,0,0,0,0,0.000051,140,0,0,0,0
41057,Tillamook County,,OR,1628,26492,28120,8,10,18,740,797,1537,6,0.290845,0.305114,0.555988,0.000154,7,0.001474,0.001989,0.927273,0.012503
41059,Umatilla County,,OR,4420,79955,84375,23,21,44,2591,2616,5207,6,0.313591,0.332192,1370.912933,0.000411,7,0.007024,0.004679,0.681538,0.054641
41061,Union County,,OR,1581,27507,29088,10,6,16,647,462,1109,6,0.292138,0.306503,2949.911551,0.000247,7,0.001853,0.001451,0.655556,0.015594
41063,Wallowa County,,OR,360,7886,8246,0,1,1,0,56,56,7,0.22615,0.232582,0,0.000051,7,0,0.000015,0,0
41065,Wasco County,,OR,1598,25819,27417,9,8,17,842,730,1572,6,0.290874,0.304941,3.310093,0.000188,7,0.001771,0.001752,0.766667,0.01511
41067,Washington County,,OR,39778,587392,627170,108,97,205,33586,32653,66239,5,0.380796,0.415225,14227.531419,0.001358,7,0.046187,0.040721,0.401587,0.338631
41069,Wheeler County,,OR,107,1303,1410,0,0,0,0,0,0,0,0,0,0,0.000051,141,0,0,0,0
41071,Yamhill County,,OR,6201,102062,108263,22,18,40,4437,4202,8639,6,0.338921,0.359558,209.429515,0.000321,7,0.008901,0.007475,0.762846,0.066619
42001,Adams County,,PA,5614,123670,129284,12,12,24,3701,3560,7261,6,0.302374,0.318759,10.031801,0.000187,116,0.003391,0.003772,0.769231,0.024648
42003,Allegheny County,,PA,48116,1437891,1486007,204,202,406,38553,39174,77727,5,0.419229,0.463427,180039.638986,0.002558,116,0.087546,0.087677,0.298613,0.607845
42005,Armstrong County,,PA,2982,81583,84565,6,7,13,1926,2050,3976,6,0.295694,0.310152,4.585098,0.000162,116,0.000861,0.000873,0.642857,0.006494
42007,Beaver County,,PA,6704,209382,216086,15,10,25,4532,3830,8362,6,0.295845,0.310786,325.010625,0.000262,116,0.004446,0.001107,0.519048,0.030567
42009,Bedford County,,PA,1982,61085,63067,8,8,16,923,1002,1925,6,0.296088,0.31093,401.715817,0.000224,116,0.000337,0.000826,0.430556,0.003157
42011,Berks County,,PA,16413,501096,517509,45,53,98,11827,11078,22905,6,0.363145,0.391018,821.828053,0.000427,116,0.024564,0.029389,0.694915,0.161211
42013,Blair County,,PA,4047,149761,153808,11,12,23,1864,1908,3772,6,0.296817,0.312631,169.809096,0.000215,116,0.001852,0.001559,0.554945,0.012719
42015,Bradford County,,PA,2631,73803,76434,9,10,19,1024,1239,2263,6,0.265011,0.277441,412.221039,0.000225,117,0.000358,0.000389,0.322222,0.002827
42017,Bucks County,,PA,32425,782696,815121,85,108,193,25379,26430,51809,5,0.383371,0.419267,4671.067,0.000792,116,0.047733,0.058032,0.571777,0.322013
42019,Butler County,,PA,9076,224234,233310,20,16,36,6361,5504,11865,6,0.311967,0.330197,943.812475,0.00034,116,0.005587,0.003352,0.381423,0.036261
42021,Cambria County,,PA,4920,167635,172555,13,13,26,2371,2586,4957,6,0.310593,0.328133,219.758749,0.000268,116,0.002369,0.00256,0.5,0.016531
42023,Cameron County,,PA,254,6234,6488,0,1,1,0,46,46,7,0.228238,0.234581,0,0.000051,116,0,0.000006,0,0
42025,Carbon County,,PA,3541,75971,79512,11,10,21,2644,2399,5043,6,0.300832,0.316909,3.691206,0.000135,116,0.004862,0.003428,0.954545,0.030526
42027,Centre County,,PA,8311,139971,148282,33,36,69,3487,3822,7309,5,0.356166,0.3812,14237.973149,0.00046,116,0.01215,0.017167,0.494774,0.08393
42029,Chester County,,PA,27465,597028,624493,81,86,167,21821,20836,42657,5,0.381248,0.414291,3012.334513,0.000766,116,0.045011,0.048083,0.608788,0.299142
42031,Clarion County,,PA,1767,43892,45659,7,8,15,815,940,1755,6,0.295694,0.310296,4359.606569,0.000195,116,0.000791,0.000919,0.472222,0.006193
42033,Clearfield County,,PA,3284,92921,96205,9,8,17,1693,1669,3362,6,0.296361,0.311421,41.802207,0.000228,116,0.000949,0.001087,0.433333,0.007035
42035,Clinton County,,PA,1761,42549,44310,2,2,4,702,813,1515,6,0.262986,0.27268,0,0.000078,116,0.000168,0.000132,1,0.001087
42037,Columbia County,,PA,2865,71598,74463,7,8,15,1497,1480,2977,6,0.292434,0.307304,907.363576,0.000133,116,0.000949,0.001434,0.583333,0.00601
42039,Crawford County,,PA,3819,99963,103782,7,8,15,1775,2015,3790,6,0.295694,0.310296,11.402074,0.000162,116,0.000929,0.000977,0.625,0.007042
42041,Cumberland County,,PA,15041,284486,299527,45,50,95,10841,10177,21018,5,0.356781,0.384463,12028.650436,0.000569,116,0.018676,0.022373,0.471362,0.131537
42043,Dauphin County,,PA,17243,325007,342250,55,56,111,10964,12356,23320,5,0.360339,0.389023,13509.71209,0.000662,116,0.025081,0.025997,0.503844,0.1763
42045,Delaware County,,PA,29695,651876,681571,68,68,136,22657,24160,46817,5,0.373418,0.403626,1847.612668,0.000664,116,0.038863,0.039816,0.682408,0.262243
42047,Elk County,,PA,1106,41406,42512,5,5,10,374,430,804,6,0.295634,0.309835,2895.324242,0.000178,116,0.000753,0.000865,0.433333,0.005589
42049,Erie County,,PA,9202,321544,330746,31,33,64,3889,4093,7982,5,0.363785,0.389323,6717.715249,0.000472,116,0.01369,0.015323,0.429175,0.095239
42051,Fayette County,,PA,4384,155859,160243,8,8,16,2474,2566,5040,6,0.296543,0.311386,726.151801,0.000257,116,0.000988,0.000917,0.488889,0.007729
42053,Forest County,,PA,291,5653,5944,1,2,3,42,102,144,7,0.228303,0.23498,0,0.000072,116,0.000008,0.000014,1,0.000148
42055,Franklin County,,PA,6484,188978,195462,17,14,31,3875,3267,7142,6,0.299306,0.316182,2042.251256,0.000294,116,0.00372,0.002563,0.461988,0.026978
42057,Fulton County,,PA,713,18442,19155,4,4,8,435,443,878,7,0.238354,0.247036,3.680622,0.000132,116,0.000075,0.000095,0.666667,0.001081
42059,Greene County,,PA,1609,40462,42071,4,7,11,731,990,1721,6,0.296482,0.311126,1561.334611,0.00017,116,0.000777,0.000889,0.547619,0.006042
42061,Huntingdon County,,PA,1669,50259,51928,7,7,14,911,886,1797,6,0.268905,0.280474,127.117013,0.000181,116,0.000375,0.000312,0.47619,0.002855
42063,Indiana County,,PA,3826,94878,98704,10,9,19,1551,1923,3474,6,0.298318,0.314021,28.882087,0.000241,116,0.001153,0.001587,0.455128,0.008827
42065,Jefferson County,,PA,1939,54675,56614,6,6,12,1220,1072,2292,6,0.295603,0.309893,7.616667,0.00018,116,0.000775,0.000767,0.633333,0.005818
42067,Juniata County,,PA,929,28819,29748,5,5,10,494,530,1024,6,0.268456,0.280036,4.767572,0.000142,116,0.000416,0.000384,0.75,0.003128
42069,Lackawanna County,,PA,8293,246076,254369,29,33,62,5175,5128,10303,6,0.336907,0.360504,4181.90179,0.000312,116,0.011621,0.014696,0.594512,0.071641
42071,Lancaster County,,PA,18521,648074,666595,65,64,129,12649,11673,24322,5,0.366971,0.396299,12680.667222,0.000697,116,0.030816,0.030909,0.49892,0.206114
42073,Lawrence County,,PA,3433,105949,109382,7,8,15,1654,2027,3681,6,0.31568,0.332388,125.056856,0.000158,116,0.00099,0.002026,0.611111,0.007039
42075,Lebanon County,,PA,6333,168831,175164,14,14,28,4135,3828,7963,6,0.305119,0.322622,79.839322,0.000172,116,0.006158,0.004623,0.816667,0.040633
42077,Lehigh County,,PA,21009,418159,439168,68,66,134,17167,15632,32799,5,0.367158,0.397106,1394.734644,0.000599,116,0.035742,0.036264,0.656443,0.230912
42079,Luzerne County,,PA,11116,375117,386233,45,46,91,7744,6938,14682,5,0.351063,0.377124,14829.233514,0.000476,116,0.018075,0.021331,0.554158,0.115914
42081,Lycoming County,,PA,4227,136358,140585,19,17,36,2080,1974,4054,6,0.299461,0.316932,7344.909169,0.000329,116,0.003681,0.003048,0.428571,0.023391
42083,McKean County,,PA,1668,49067,50735,7,7,14,548,594,1142,6,0.295876,0.310498,2809.579307,0.000195,116,0.00089,0.000875,0.303571,0.006624
42085,Mercer County,,PA,4729,134612,139341,10,12,22,2511,2429,4940,6,0.296422,0.311985,32.039273,0.000197,116,0.001865,0.001346,0.544872,0.012054
42087,Mifflin County,,PA,1522,55486,57008,7,6,13,702,674,1376,6,0.271685,0.283385,20.228366,0.000174,116,0.000632,0.000478,0.625,0.00461
42089,Monroe County,,PA,9896,186588,196484,34,44,78,7700,6705,14405,6,0.343145,0.367877,245.401737,0.000296,116,0.013453,0.01903,0.673232,0.079247
42091,Montgomery County,,PA,46985,959978,1006963,112,132,244,41197,40141,81338,5,0.389885,0.428456,13521.294438,0.001077,116,0.060768,0.068998,0.506254,0.410771
42093,Montour County,,PA,1480,21769,23249,3,5,8,653,708,1361,6,0.260146,0.270552,1.537509,0.0001,116,0.00003,0.000204,0.85,0.000451
42095,Northampton County,,PA,17336,357230,374566,47,52,99,14159,12955,27114,5,0.357178,0.384936,820.842636,0.000413,116,0.021473,0.026387,0.672555,0.133699
42097,Northumberland County,,PA,4386,108870,113256,11,12,23,2639,2832,5471,6,0.292375,0.308025,2230.155993,0.000201,116,0.001617,0.001748,0.590909,0.010992
42099,Perry County,,PA,2513,57446,59959,7,6,13,1814,1676,3490,6,0.275202,0.287692,14.041039,0.000148,116,0.000962,0.000829,0.678571,0.006595
42101,Philadelphia County,,PA,75156,1492049,1567205,176,175,351,60409,67202,127611,5,0.410595,0.453107,31367.020287,0.001775,116,0.083519,0.084316,0.384751,0.566969
42103,Pike County,,PA,4170,65135,69305,25,20,45,3230,2398,5628,6,0.305699,0.323619,13.254576,0.000221,116,0.010816,0.006694,0.781746,0.063097
42105,Potter County,,PA,878,19818,20696,3,3,6,285,298,583,7,0.230065,0.237678,8.46724,0.000123,117,0.000016,0.000029,0.166667,0.000478
42107,Schuylkill County,,PA,4943,173509,178452,17,17,34,3783,3184,6967,6,0.293562,0.310216,26.486828,0.000204,116,0.004275,0.003852,0.731618,0.026523
42109,Snyder County,,PA,1817,44768,46585,8,6,14,1193,908,2101,6,0.26878,0.280099,38.649236,0.00018,116,0.000711,0.000289,0.597222,0.005317
42111,Somerset County,,PA,2625,90632,93257,9,7,16,1351,1249,2600,6,0.295997,0.310642,1138.543014,0.000251,116,0.000882,0.000858,0.458333,0.006947
42113,Sullivan County,,PA,340,7000,7340,2,2,4,121,148,269,7,0.2308,0.238652,0,0.000087,117,0.000029,0.000034,1,0.000427
42115,Susquehanna County,,PA,2151,48956,51107,6,6,12,1025,1282,2307,6,0.264792,0.276461,14.310502,0.000131,116,0.000455,0.000371,0.6,0.002852
42117,Tioga County,,PA,1620,47294,48914,8,5,13,681,598,1279,7,0.252688,0.262197,945.953226,0.000173,117,0.001379,0.000062,0.303571,0.008409
42119,Union County,,PA,2380,42802,45182,6,6,12,1201,1253,2454,6,0.268855,0.280238,125.845626,0.000149,116,0.000199,0.00036,0.547619,0.001666
42121,Venango County,,PA,2268,64903,67171,9,7,16,1151,1138,2289,6,0.295664,0.310123,1460.655223,0.000212,116,0.000928,0.000928,0.522222,0.00721
42123,Warren County,,PA,1592,49118,50710,5,6,11,653,704,1357,6,0.295694,0.310066,8.516066,0.000129,116,0.0009,0.000891,0.633333,0.006479
42125,Washington County,,PA,8950,249952,258902,18,13,31,6069,5481,11550,6,0.338525,0.358059,3178.149078,0.000419,116,0.004324,0.00299,0.3,0.033851
42127,Wayne County,,PA,2839,57118,59957,14,10,24,2027,1477,3504,6,0.301932,0.317935,235.831701,0.000164,116,0.005506,0.002798,0.741758,0.032662
42129,Westmoreland County,,PA,13777,449802,463579,23,25,48,9700,9026,18726,6,0.345689,0.368194,2401.822501,0.000403,116,0.008069,0.009079,0.408046,0.057616
42131,Wyoming County,,PA,1690,34735,36425,4,4,8,1125,1063,2188,6,0.260474,0.270927,0,0.000106,116,0.000306,0.000254,1,0.001966
42133,York County,,PA,19335,539746,559081,53,64,117,14320,13223,27543,5,0.364841,0.393981,6012.890284,0.000624,116,0.023884,0.030903,0.505086,0.168305
44001,Bristol County,,RI,3044,55150,58194,5,7,12,1737,1915,3652,6,0.29512,0.310158,0.166667,0.000089,113,0.002033,0.002514,0.952381,0.012536
44003,Kent County,,RI,11781,200421,212202,15,20,35,8760,8649,17409,6,0.33908,0.360337,144.769615,0.000169,113,0.007529,0.010633,0.806324,0.04836
44005,Newport County,,RI,7669,91924,99593,25,23,48,3247,3805,7052,6,0.336789,0.358492,230.264223,0.00027,113,0.013371,0.012864,0.631048,0.090785
44007,Providence County,,RI,29882,692862,722744,70,91,161,20095,23698,43793,5,0.381953,0.415664,2467.505295,0.000662,113,0.042366,0.053671,0.633991,0.285235
44009,Washington County,,RI,7435,144651,152086,14,18,32,4702,4681,9383,6,0.333834,0.353505,26.466497,0.000154,113,0.006183,0.009661,0.857895,0.037692
45001,Abbeville County,,SC,1482,26466,27948,3,5,8,654,974,1628,6,0.282655,0.294587,11.706275,0.000104,119,0.000417,0.000505,0.7,0.003779
45003,Aiken County,,SC,8390,172520,180910,27,23,50,5276,4692,9968,6,0.319624,0.340534,4378.338625,0.000446,119,0.009113,0.007188,0.473118,0.069709
45005,Allendale County,,SC,706,9015,9721,3,4,7,197,355,552,6,0.283154,0.295988,4.463965,0.000107,119,0.000074,0.000541,0.583333,0.000923
45007,Anderson County,,SC,8808,204009,212817,21,18,39,5714,5410,11124,6,0.313728,0.332313,1477.543873,0.000372,119,0.007787,0.005013,0.541667,0.059745
45009,Bamberg County,,SC,866,14653,15519,3,5,8,323,528,851,6,0.283237,0.296189,0,0.000099,119,0.000474,0.000719,1,0.003802
45011,Barnwell County,,SC,1167,23426,24593,6,6,12,696,632,1328,6,0.283293,0.29642,104.013663,0.000148,119,0.000681,0.000718,0.7,0.005741
45013,Beaufort County,,SC,14139,168045,182184,69,57,126,7225,7018,14243,5,0.374191,0.403367,9271.611437,0.000794,7,0.040636,0.033876,0.587246,0.281368
45015,Berkeley County,,SC,19829,182927,202756,58,44,102,13998,13629,27627,6,0.358818,0.385835,3435.261987,0.000746,119,0.030492,0.020028,0.53774,0.224658
45017,Calhoun County,,SC,990,15480,16470,3,3,6,535,676,1211,6,0.283071,0.295642,0,0.000092,119,0.000611,0.000637,1,0.004855
45019,Charleston County,,SC,30513,353713,384226,117,105,222,22146,22637,44783,5,0.394622,0.429811,20144.629769,0.001424,119,0.059544,0.054162,0.436521,0.420385
45021,Cherokee County,,SC,2462,58782,61244,7,7,14,1559,1502,3061,6,0.288379,0.302098,12.826283,0.000166,119,0.000683,0.001191,0.660714,0.006298
45023,Chester County,,SC,1962,35749,37711,4,6,10,1191,1353,2544,6,0.306542,0.321584,40.606202,0.000107,119,0.000997,0.001696,0.833333,0.007882
45025,Chesterfield County,,SC,2019,46918,48937,9,11,20,1060,1239,2299,6,0.306672,0.322449,57.284648,0.000184,119,0.001464,0.001761,0.536364,0.011594
45027,Clarendon County,,SC,1763,34572,36335,6,7,13,887,1017,1904,6,0.285362,0.298945,1.236074,0.000139,119,0.000767,0.001191,0.857143,0.006248
45029,Colleton County,,SC,1929,41815,43744,8,7,15,1038,942,1980,6,0.288811,0.303102,51.103296,0.000165,119,0.00181,0.001724,0.785714,0.015468
45031,Darlington County,,SC,3596,73021,76617,11,11,22,2082,2239,4321,6,0.309728,0.32641,117.725096,0.000214,119,0.001922,0.003196,0.602564,0.015461
45033,Dillon County,,SC,1507,34314,35821,6,7,13,805,842,1647,6,0.297306,0.312239,41.738755,0.000135,119,0.001112,0.001608,0.571429,0.008863
45035,Dorchester County,,SC,13918,143843,157761,37,26,63,11770,8827,20597,6,0.34096,0.365208,654.915027,0.000503,119,0.017923,0.01406,0.622436,0.132891
45037,Edgefield County,,SC,1749,25777,27526,4,7,11,1144,1205,2349,6,0.284771,0.298513,9.662526,0.00012,119,0.00048,0.001137,0.809524,0.004081
45039,Fairfield County,,SC,1336,24629,25965,4,6,10,680,933,1613,6,0.284491,0.297613,5.266784,0.000109,119,0.000604,0.000828,0.666667,0.004917
45041,Florence County,,SC,7343,146613,153956,23,22,45,4415,4299,8714,6,0.311228,0.329575,641.329382,0.000391,119,0.00513,0.004767,0.452308,0.040574
45043,Georgetown County,,SC,3567,68061,71628,9,8,17,1591,1972,3563,6,0.307717,0.323302,28.10392,0.000177,119,0.003176,0.002853,0.9,0.025419
45045,Greenville County,,SC,25285,491618,516903,103,86,189,19417,17174,36591,5,0.393601,0.426738,34963.733296,0.001381,119,0.049001,0.042769,0.411747,0.350005
45047,Greenwood County,,SC,3557,75596,79153,14,14,28,2019,2150,4169,6,0.29105,0.306595,3152.721451,0.000361,119,0.002425,0.002234,0.529167,0.020035
45049,Hampton County,,SC,1083,21218,22301,4,6,10,401,524,925,6,0.283737,0.297227,54.087311,0.00013,7,0.000307,0.00097,0.433333,0.002794
45051,Horry County,,SC,16238,290181,306419,125,81,206,12050,8631,20681,5,0.379396,0.41183,18971.559781,0.001374,119,0.049593,0.037982,0.34497,0.329947
45053,Jasper County,,SC,1827,21734,23561,4,4,8,1269,1026,2295,6,0.286379,0.299141,29.369419,0.000115,7,0.00072,0.000745,0.666667,0.005514
45055,Kershaw County,,SC,3741,67265,71006,12,12,24,2437,2118,4555,6,0.291373,0.306249,46.031763,0.000227,119,0.001846,0.001896,0.608974,0.016048
45057,Lancaster County,,SC,4066,79982,84048,10,11,21,3208,2491,5699,6,0.307292,0.323256,30.045589,0.000188,119,0.002914,0.002781,0.666667,0.022394
45059,Laurens County,,SC,3854,68870,72724,10,7,17,2500,2607,5107,6,0.28709,0.300807,14.032423,0.000234,119,0.00112,0.001094,0.677778,0.00997
45061,Lee County,,SC,1236,18497,19733,5,5,10,662,863,1525,6,0.283877,0.296829,0.125,0.000125,119,0.00062,0.000616,0.95,0.004993
45063,Lexington County,,SC,17271,286123,303394,52,47,99,13870,11720,25590,6,0.357708,0.384711,8939.907088,0.000779,119,0.018407,0.017073,0.388948,0.133856
45065,McCormick County,,SC,528,10117,10645,3,1,4,189,199,388,7,0.225454,0.232212,1.453189,0.000104,119,0.000302,0.00002,0.333333,0.002448
45067,Marion County,,SC,1988,34998,36986,4,6,10,928,1144,2072,6,0.297275,0.312066,2.814469,0.00011,119,0.000802,0.001592,0.766667,0.006745
45069,Marlboro County,,SC,1490,28861,30351,7,9,16,664,890,1554,6,0.306607,0.322103,28.727453,0.00015,119,0.000585,0.001465,0.513889,0.004771
45071,Newberry County,,SC,2005,42204,44209,8,7,15,1036,1004,2040,6,0.287233,0.301009,10.46709,0.000196,119,0.001049,0.001162,0.696429,0.009095
45073,Oconee County,,SC,3456,79231,82687,9,7,16,1659,1659,3318,6,0.28965,0.304064,48.137017,0.000181,119,0.002945,0.001569,0.736111,0.022715
45075,Orangeburg County,,SC,5005,94202,99207,16,18,34,2374,3082,5456,6,0.311765,0.329517,357.588451,0.000303,119,0.003296,0.004347,0.564327,0.027419
45077,Pickens County,,SC,7767,118071,125838,14,12,26,4669,5022,9691,6,0.312136,0.329471,91.884878,0.000282,119,0.003216,0.003903,0.742857,0.027493
45079,Richland County,,SC,30835,381128,411963,134,118,252,24301,23124,47425,5,0.39446,0.431465,69857.584575,0.001801,119,0.054789,0.051875,0.34841,0.396129
45081,Saluda County,,SC,1060,21561,22621,6,6,12,750,785,1535,6,0.28332,0.296478,12.48273,0.000155,119,0.000672,0.000719,0.766667,0.005758
45083,Spartanburg County,,SC,13870,311649,325519,38,32,70,8723,8262,16985,6,0.320901,0.343543,2741.113653,0.000624,119,0.013123,0.009372,0.439646,0.098959
45085,Sumter County,,SC,8325,116083,124408,28,28,56,3231,3520,6751,6,0.344372,0.367595,2670.243489,0.000434,119,0.010314,0.012672,0.489683,0.081324
45087,Union County,,SC,1133,30231,31364,4,4,8,448,613,1061,6,0.2826,0.294356,0.478491,0.000116,119,0.000586,0.000533,0.8,0.005382
45089,Williamsburg County,,SC,1564,34941,36505,7,7,14,843,945,1788,6,0.2857,0.299493,8.361771,0.000155,119,0.00144,0.001285,0.821429,0.012406
45091,York County,,SC,13357,251232,264589,53,41,94,10105,7934,18039,6,0.358818,0.384959,5130.539872,0.000703,119,0.022286,0.017056,0.460109,0.159258
46003,Aurora County,,SD,139,3340,3479,1,0,1,43,0,43,0,0,0,0,0.000086,29,0.000002,0,0,0.000107
46005,Beadle County,,SD,1218,19766,20984,3,6,9,158,328,486,6,0.287891,0.301043,6742.044365,0.000166,29,0.000108,0.000329,0.196429,0.001063
46007,Bennett County,,SD,179,3131,3310,0,0,0,0,0,0,0,0,0,0,0.000051,142,0,0,0,0
46009,Bon Homme County,,SD,363,7111,7474,1,2,3,82,115,197,7,0.267908,0.278076,0,0.00008,29,0.000004,0.000092,1,0.000106
46011,Brookings County,,SD,2639,30618,33257,12,9,21,983,1048,2031,6,0.305377,0.321042,9539.244137,0.000586,29,0.000182,0.00082,0.236264,0.002686
46013,Brown County,,SD,2208,43031,45239,9,12,21,755,755,1510,6,0.30664,0.323233,19497.95333,0.000429,29,0.000237,0.000879,0.195238,0.002607
46015,Brule County,,SD,420,6003,6423,1,2,3,57,92,149,8,0.212861,0.218588,2892,0.000148,29,0,0.000001,0,0.00009
46017,Buffalo County,,SD,105,1919,2024,0,0,0,0,0,0,0,0,0,0,0.000051,143,0,0,0,0
46019,Butte County,,SD,823,10900,11723,3,4,7,388,402,790,7,0.259818,0.269966,0,0.000146,29,0.000077,0.000109,0.916667,0.000975
46021,Campbell County,,SD,91,1787,1878,0,0,0,0,0,0,0,0,0,0,0.000051,144,0,0,0,0
46023,Charles Mix County,,SD,426,9507,9933,2,1,3,113,74,187,7,0.267834,0.277788,0,0.000113,29,0.000102,0.000091,1,0.000944
46025,Clark County,,SD,204,3920,4124,1,1,2,48,44,92,8,0.212949,0.218641,0,0.000092,29,0.000002,0.000001,0,0.000126
46027,Clay County,,SD,1563,11762,13325,5,5,10,470,547,1017,6,0.290553,0.302963,71.393724,0.000196,29,0.000216,0.000484,0.619048,0.002141
46029,Codington County,,SD,2013,32009,34022,11,11,22,790,957,1747,7,0.270541,0.282977,20325.341461,0.000528,29,0.00012,0.000186,0.204545,0.00203
46031,Corson County,,SD,255,3488,3743,1,2,3,66,94,160,7,0.252664,0.261132,48.617773,0.000089,124,0,0.000019,0,0.00009
46033,Custer County,,SD,721,8307,9028,1,1,2,207,236,443,7,0.259097,0.268404,0,0.000077,29,0.000074,0.00007,0,0.000657
46035,Davison County,,SD,1493,22515,24008,5,8,13,377,550,927,7,0.270237,0.281968,17407.382608,0.000326,29,0.000101,0.000185,0.177778,0.001206
46037,Day County,,SD,351,6719,7070,2,2,4,102,110,212,8,0.214482,0.220834,1.948864,0.000122,29,0.000009,0.000001,0.666667,0.000253
46039,Deuel County,,SD,319,5619,5938,1,2,3,66,114,180,7,0.234108,0.241191,0,0.000092,29,0.000002,0.000003,1,0.000126
46041,Dewey County,,SD,309,6536,6845,1,1,2,80,40,120,1,1,1,2922,0.000077,29,0.000074,0,0,0.000657
46043,Douglas County,,SD,206,3568,3774,0,0,0,0,0,0,0,0,0,0,0.000051,145,0,0,0,0
46045,Edmunds County,,SD,268,4426,4694,1,1,2,78,119,197,7,0.234697,0.241693,0,0.000081,29,0.000007,0.000002,0,0.000127
46047,Fall River County,,SD,614,7639,8253,1,1,2,67,137,204,7,0.259097,0.268404,0,0.000077,29,0.000074,0.00007,0,0.000657
46049,Faulk County,,SD,101,2364,2465,0,0,0,0,0,0,0,0,0,0,0.000051,146,0,0,0,0
46051,Grant County,,SD,435,9446,9881,2,3,5,126,137,263,7,0.268082,0.278566,2948.37974,0.000129,29,0.000002,0.000092,0.333333,0.000226
46053,Gregory County,,SD,226,5044,5270,0,0,0,0,0,0,0,0,0,0,0.000051,147,0,0,0,0
46055,Haakon County,,SD,132,2436,2568,0,0,0,0,0,0,0,0,0,0,0.000051,148,0,0,0,0
46057,Hamlin County,,SD,406,6571,6977,1,2,3,123,159,282,7,0.234108,0.241191,0,0.000092,29,0.000002,0.000003,1,0.000126
46059,Hand County,,SD,135,4081,4216,0,0,0,0,0,0,0,0,0,0,0.000051,149,0,0,0,0
46061,Hanson County,,SD,385,5431,5816,1,1,2,42,55,97,8,0.212761,0.21822,0,0.000086,29,0.000002,0.000001,0,0.000107
46063,Harding County,,SD,108,1515,1623,0,0,0,0,0,0,0,0,0,0,0.000051,150,0,0,0,0
46065,Hughes County,,SD,1374,20366,21740,4,4,8,473,458,931,7,0.270111,0.281218,5815.06403,0.000209,29,0.000177,0.000163,0.4,0.001686
46067,Hutchinson County,,SD,424,8521,8945,2,2,4,89,106,195,7,0.267908,0.278076,0,0.000113,29,0.000102,0.000092,1,0.000944
46069,Hyde County,,SD,81,1654,1735,0,0,0,0,0,0,0,0,0,0,0.000051,151,0,0,0,0
46071,Jackson County,,SD,149,2702,2851,1,0,1,54,0,54,0,0,0,0,0.000077,29,0.000074,0,0,0.000657
46073,Jerauld County,,SD,98,2201,2299,1,0,1,58,0,58,0,0,0,0,0.000074,29,0.000003,0,0,0.000102
46075,Jones County,,SD,56,1247,1303,0,0,0,0,0,0,0,0,0,0,0.000051,152,0,0,0,0
46077,Kingsbury County,,SD,397,6215,6612,2,2,4,111,122,233,7,0.234222,0.241283,2.95,0.000134,29,0.000107,0.000002,0.666667,0.00097
46079,Lake County,,SD,943,13269,14212,3,3,6,313,325,638,7,0.267884,0.278134,0,0.000192,29,0.000108,0.000113,1,0.001244
46081,Lawrence County,,SD,2033,26249,28282,6,5,11,967,830,1797,7,0.27082,0.282377,649.43665,0.000223,29,0.001321,0.00019,0.633333,0.010744
46083,Lincoln County,,SD,4844,50704,55548,17,9,26,4359,3159,7518,7,0.27049,0.282631,6324.296143,0.000618,29,0.00246,0.000169,0.286765,0.019233
46085,Lyman County,,SD,266,4083,4349,1,1,2,52,57,109,9,0.175514,0.178705,0,0.000114,29,0,0,0,0.00009
46087,McCook County,,SD,406,6516,6922,1,1,2,183,145,328,7,0.267834,0.277788,0,0.000079,29,0.0001,0.000091,0,0.000837
46089,McPherson County,,SD,128,2620,2748,0,0,0,0,0,0,0,0,0,0,0.000051,153,0,0,0,0
46091,Marshall County,,SD,257,4882,5139,2,0,2,84,0,84,0,0,0,0,0.000118,29,0.000008,0,0,0.000227
46093,Meade County,,SD,4522,29038,33560,5,5,10,1651,2274,3925,7,0.27082,0.282377,178.008894,0.000184,29,0.000552,0.000196,0.5,0.004582
46095,Mellette County,,SD,130,1878,2008,0,0,0,0,0,0,0,0,0,0,0.000051,154,0,0,0,0
46097,Miner County,,SD,187,2721,2908,0,0,0,0,0,0,0,0,0,0,0.000051,155,0,0,0,0
46099,Minnehaha County,,SD,13883,211064,224947,48,49,97,8023,8386,16409,6,0.365764,0.393313,162800.476086,0.001601,29,0.010927,0.012026,0.166558,0.083714
46101,Moody County,,SD,479,7720,8199,2,2,4,170,170,340,7,0.267859,0.277961,0,0.000134,29,0.000107,0.000093,1,0.00097
46103,Pennington County,,SD,8739,116392,125131,33,32,65,4774,4003,8777,6,0.349661,0.374317,68810.726252,0.00098,29,0.008428,0.008849,0.221484,0.06542
46105,Perkins County,,SD,164,3350,3514,0,0,0,0,0,0,0,0,0,0,0.000051,156,0,0,0,0
46107,Potter County,,SD,132,2974,3106,0,0,0,0,0,0,0,0,0,0,0.000051,157,0,0,0,0
46109,Roberts County,,SD,615,11545,12160,3,4,7,173,217,390,7,0.261322,0.271395,2584.131226,0.000174,29,0.000056,0.000045,0.2,0.000716
46111,Sanborn County,,SD,178,2833,3011,1,1,2,43,59,102,8,0.212793,0.218306,2.5,0.000074,29,0.000003,0.000001,0,0.000102
46113,Shannon County,,SD,593,11631,12224,1,2,3,188,276,464,7,0.259213,0.268749,5838,0.000077,29,0.000074,0.00007,0,0.000657
46115,Spink County,,SD,370,7292,7662,1,1,2,82,132,214,7,0.234697,0.241693,0,0.000081,29,0.000007,0.000002,0,0.000127
46117,Stanley County,,SD,322,3643,3965,1,1,2,196,185,381,8,0.212683,0.217961,0,0.000095,29,0.000001,0.000001,0,0.000109
46119,Sully County,,SD,89,1737,1826,0,0,0,0,0,0,0,0,0,0,0.000051,158,0,0,0,0
46121,Todd County,,SD,440,8567,9007,2,2,4,133,107,240,7,0.259143,0.268634,2921,0.000105,29,0.000174,0.00007,0.333333,0.001494
46123,Tripp County,,SD,286,6807,7093,0,0,0,0,0,0,0,0,0,0,0.000051,159,0,0,0,0
46125,Turner County,,SD,592,9703,10295,2,2,4,350,255,605,7,0.267859,0.277961,0,0.000137,29,0.000102,0.000112,1,0.00111
46127,Union County,,SD,1357,17674,19031,6,6,12,962,664,1626,7,0.268531,0.279581,75.280526,0.000249,29,0.000154,0.000162,0.466667,0.001892
46129,Walworth County,,SD,423,6444,6867,1,2,3,40,108,148,7,0.234802,0.242044,21.020924,0.000089,124,0,0.000002,0,0.00009
46135,Yankton County,,SD,1411,25302,26713,4,6,10,368,529,897,6,0.290524,0.303021,5923.08721,0.000204,29,0.000106,0.000483,0.366667,0.001315
46137,Ziebach County,,SD,129,1273,1402,1,0,1,40,0,40,0,0,0,0,0.000116,29,0,0,0,0.000094
47001,Anderson County,,TN,5516,81137,86653,12,10,22,3271,3428,6699,6,0.303421,0.317578,361.757669,0.000339,160,0.0013,0.001372,0.386364,0.011031
47003,Bedford County,,TN,3118,49934,53052,10,9,19,1924,1804,3728,6,0.302121,0.315427,2166.962173,0.000253,160,0.001067,0.001204,0.555556,0.009636
47005,Benton County,,TN,904,17092,17996,3,4,7,289,409,698,6,0.301617,0.314101,5.632129,0.000124,160,0.000026,0.000681,0.583333,0.000444
47007,Bledsoe County,,TN,633,10720,11353,4,4,8,298,377,675,7,0.270061,0.280919,4.392857,0.000164,160,0.000206,0.000249,0.666667,0.002244
47009,Blount County,,TN,7135,137734,144869,18,18,36,4034,4207,8241,6,0.331081,0.352554,2563.455276,0.000412,160,0.005612,0.005441,0.445887,0.043132
47011,Bradley County,,TN,5744,106163,111907,13,12,25,3014,2697,5711,6,0.303549,0.318068,1809.759369,0.000334,160,0.001471,0.00134,0.340659,0.01197
47013,Campbell County,,TN,1775,38745,40520,5,5,10,916,784,1700,6,0.285587,0.297809,77.654015,0.000179,160,0.00039,0.000371,0.35,0.003129
47015,Cannon County,,TN,998,14795,15793,4,5,9,622,613,1235,6,0.301869,0.314534,0.675,0.000138,160,0.000204,0.000893,0.9,0.002059
47017,Carroll County,,TN,1784,30982,32766,6,8,14,1033,1049,2082,6,0.30867,0.323343,81.276997,0.000194,160,0.000096,0.001344,0.642857,0.001104
47019,Carter County,,TN,3244,57391,60635,7,8,15,1914,2063,3977,6,0.303199,0.316886,1927.582804,0.000248,160,0.000408,0.001083,0.472222,0.003735
47021,Cheatham County,,TN,3265,44659,47924,8,8,16,2166,2278,4444,6,0.305312,0.31952,0.62619,0.000183,160,0.001473,0.001672,0.946429,0.012715
47023,Chester County,,TN,1291,16718,18009,4,4,8,583,702,1285,7,0.257069,0.266602,2.059524,0.000148,160,0.000077,0.000051,0.666667,0.000782
47025,Claiborne County,,TN,1623,32461,34084,6,7,13,753,821,1574,6,0.285672,0.298213,1599.772152,0.000235,160,0.00038,0.000374,0.25,0.003148
47027,Clay County,,TN,411,7820,8231,1,3,4,49,168,217,7,0.237395,0.244731,3.305556,0.000086,160,0,0.000025,0.5,0.000105
47029,Cocke County,,TN,1864,36519,38383,6,6,12,826,962,1788,6,0.285334,0.297608,690.650218,0.000211,160,0.000407,0.000429,0.633333,0.003658
47031,Coffee County,,TN,3625,58279,61904,11,10,21,1992,1971,3963,6,0.302627,0.316436,3817.690805,0.000287,160,0.001089,0.001141,0.445455,0.009431
47033,Crockett County,,TN,1093,15942,17035,5,5,10,570,638,1208,6,0.303135,0.316465,1.513034,0.000145,160,0.000096,0.000672,0.833333,0.000974
47035,Cumberland County,,TN,2656,62805,65461,13,11,24,1153,1095,2248,6,0.303836,0.318269,5709.275352,0.000355,160,0.001451,0.001479,0.339744,0.012277
47037,Davidson County,,TN,53234,664067,717301,203,177,380,39336,42766,82102,5,0.431299,0.470449,245238.368709,0.003042,160,0.079349,0.076984,0.273022,0.568296
47039,Decatur County,,TN,694,12197,12891,2,1,3,218,231,449,7,0.235846,0.242079,0,0.000096,160,0.00006,0.000011,1,0.000495
47041,DeKalb County,,TN,1271,19601,20872,8,8,16,795,839,1634,6,0.302058,0.315197,455.93294,0.000214,160,0.000903,0.000927,0.625,0.007399
47043,Dickson County,,TN,3268,54447,57715,8,10,18,1909,1873,3782,6,0.305473,0.32001,22.402353,0.000207,160,0.001442,0.001696,0.7,0.012543
47045,Dyer County,,TN,2284,42590,44874,10,10,20,1243,1211,2454,6,0.308802,0.323775,5326.8814,0.000272,160,0.001389,0.001346,0.409091,0.010464
47047,Fayette County,,TN,2942,43565,46507,7,6,13,2402,2049,4451,6,0.303135,0.31658,7.24909,0.000184,160,0.000816,0.000688,0.642857,0.005869
47049,Fentress County,,TN,819,17731,18550,1,4,5,116,336,452,7,0.237415,0.245002,2.744762,0.000078,160,0.000012,0.000034,0.583333,0.000207
47051,Franklin County,,TN,2452,44336,46788,8,9,17,981,1286,2267,6,0.303676,0.317808,2959.916974,0.000221,160,0.001168,0.0015,0.488889,0.009865
47053,Gibson County,,TN,2934,54765,57699,11,10,21,1988,1746,3734,6,0.309033,0.324063,939.472759,0.000281,160,0.001415,0.001541,0.484848,0.010732
47055,Giles County,,TN,1867,32237,34104,8,8,16,740,1050,1790,6,0.303326,0.317001,57.638258,0.000201,160,0.0012,0.001289,0.553571,0.010044
47057,Grainger County,,TN,1363,22827,24190,7,6,13,1125,888,2013,6,0.285362,0.297636,14.348098,0.000239,160,0.000413,0.000376,0.595238,0.003799
47059,Greene County,,TN,3107,73974,77081,10,9,19,1485,1488,2973,6,0.285587,0.298415,270.188466,0.000343,160,0.000453,0.000439,0.622222,0.004635
47061,Grundy County,,TN,547,13862,14409,4,4,8,291,274,565,7,0.233352,0.240424,12.852916,0.000147,160,0.000032,0.000034,0.416667,0.000667
47063,Hamblen County,,TN,4005,67919,71924,11,11,22,2454,2464,4918,6,0.285813,0.298933,2288.896222,0.000337,160,0.001225,0.000538,0.423077,0.008705
47065,Hamilton County,,TN,17081,363324,380405,77,56,133,11342,10447,21789,6,0.369599,0.398461,65483.485769,0.001352,160,0.02805,0.022411,0.324846,0.205895
47067,Hancock County,,TN,209,5595,5804,2,1,3,104,48,152,7,0.222128,0.227894,0,0.000116,160,0.000008,0.000004,1,0.000316
47069,Hardeman County,,TN,1514,27193,28707,8,8,16,754,925,1679,6,0.308736,0.323458,1764.899171,0.000226,160,0.00073,0.001364,0.422222,0.00559
47071,Hardin County,,TN,1354,27280,28634,4,3,7,491,351,842,6,0.302976,0.315946,836.351052,0.000133,160,0.000706,0.000627,0.65,0.005061
47073,Hawkins County,,TN,3411,60659,64070,10,9,19,2346,2249,4595,6,0.285531,0.298299,4241.064045,0.000415,160,0.000428,0.000435,0.477778,0.004209
47075,Haywood County,,TN,1200,21690,22890,6,9,15,664,882,1546,6,0.308637,0.3234,228.358294,0.000168,160,0.000735,0.001347,0.583333,0.005358
47077,Henderson County,,TN,1619,29705,31324,7,7,14,848,912,1760,6,0.308604,0.323112,4835.674069,0.000249,160,0.001367,0.001317,0.5,0.01005
47079,Henry County,,TN,1678,35041,36719,6,6,12,685,616,1301,6,0.301838,0.314707,2077.352024,0.000181,160,0.001332,0.000691,0.52381,0.009766
47081,Hickman County,,TN,1525,23613,25138,6,5,11,913,816,1729,6,0.30168,0.314332,2846.608289,0.000176,160,0.00086,0.000986,0.5,0.007559
47083,Houston County,,TN,464,8183,8647,3,3,6,231,230,461,6,0.286068,0.298074,2.25119,0.000139,160,0.000375,0.000424,0.666667,0.003349
47085,Humphreys County,,TN,1023,20551,21574,6,6,12,586,448,1034,6,0.305119,0.318944,1343.044654,0.000191,160,0.001035,0.001094,0.433333,0.008398
47087,Jackson County,,TN,880,11737,12617,3,3,6,462,427,889,7,0.237415,0.244829,12.79873,0.000143,160,0.000024,0.000022,0.333333,0.000489
47089,Jefferson County,,TN,4288,52545,56833,8,9,17,2699,2772,5471,6,0.285587,0.298328,10.393268,0.000268,160,0.000459,0.000493,0.611111,0.004275
47091,Johnson County,,TN,656,16666,17322,3,5,8,189,294,483,7,0.244399,0.253813,69.996807,0.000128,160,0.000044,0.000096,0.5,0.000577
47093,Knox County,,TN,25836,458715,484551,94,97,191,17934,17401,35335,5,0.398649,0.432786,119475.656257,0.001561,160,0.042241,0.044482,0.397254,0.304664
47095,Lake County,,TN,315,5418,5733,2,2,4,198,173,371,7,0.236058,0.242673,0,0.0001,160,0.000017,0.000017,1,0.000326
47097,Lauderdale County,,TN,1507,25476,26983,5,7,12,811,946,1757,6,0.308604,0.323112,208.295431,0.000139,160,0.000735,0.001334,0.761905,0.005295
47099,Lawrence County,,TN,1561,44361,45922,6,6,12,864,759,1623,6,0.301932,0.314851,2969.907009,0.000198,160,0.000698,0.000705,0.433333,0.005612
47101,Lewis County,,TN,617,11942,12559,3,2,5,193,179,372,7,0.240416,0.24823,44.920691,0.000126,160,0.000032,0.000026,0.333333,0.000493
47103,Lincoln County,,TN,1704,37330,39034,10,9,19,1269,1001,2270,6,0.303262,0.317059,799.662921,0.000245,160,0.0012,0.00129,0.533333,0.010269
47105,Loudon County,,TN,2993,55270,58263,7,7,14,2366,1795,4161,6,0.285503,0.297925,3.295946,0.000205,160,0.000477,0.000484,0.761905,0.004185
47107,McMinn County,,TN,3136,54546,57682,9,11,20,1617,1910,3527,6,0.305473,0.321907,763.367985,0.000258,160,0.000637,0.001224,0.490909,0.005671
47109,McNairy County,,TN,1501,26589,28090,6,6,12,851,783,1634,6,0.303167,0.316638,413.482123,0.000199,160,0.000723,0.00066,0.533333,0.005307
47111,Macon County,,TN,1150,23211,24361,6,5,11,636,492,1128,6,0.301806,0.314534,1192.620369,0.000168,160,0.000747,0.000748,0.446429,0.005989
47113,Madison County,,TN,6970,106748,113718,19,26,45,3902,4158,8060,6,0.345607,0.369013,11762.754426,0.000441,160,0.003251,0.005918,0.280627,0.025031
47115,Marion County,,TN,1517,31253,32770,6,7,13,920,811,1731,7,0.270187,0.281553,287.645769,0.000213,160,0.000209,0.000256,0.375,0.002482
47117,Marshall County,,TN,1909,34667,36576,7,7,14,1210,939,2149,6,0.301995,0.314966,2.15065,0.000184,160,0.001048,0.001196,0.809524,0.009183
47119,Maury County,,TN,5514,92149,97663,13,17,30,3541,3008,6549,6,0.316198,0.334625,5198.102377,0.000333,160,0.002433,0.003158,0.333333,0.019603
47121,Meigs County,,TN,1015,11662,12677,5,5,10,628,677,1305,7,0.271303,0.282389,3.672634,0.000163,160,0.000224,0.000257,0.766667,0.002434
47123,Monroe County,,TN,2494,46201,48695,7,6,13,1476,1420,2896,6,0.285559,0.297925,19.944592,0.000201,160,0.000455,0.000426,0.714286,0.003787
47125,Montgomery County,,TN,27781,173886,201667,108,110,218,16628,18019,34647,5,0.40036,0.435651,43838.644372,0.001547,160,0.049292,0.043482,0.360617,0.365032
47127,Moore County,,TN,420,7014,7434,2,4,6,194,262,456,7,0.233277,0.240194,0,0.000099,160,0.00002,0.000038,1,0.000362
47129,Morgan County,,TN,1086,20374,21460,5,4,9,634,633,1267,6,0.285305,0.297319,214.981982,0.000158,160,0.000406,0.00038,0.6,0.003224
47131,Obion County,,TN,2003,36070,38073,6,7,13,991,1018,2009,6,0.303581,0.31726,4882.432464,0.000216,160,0.000687,0.000645,0.404762,0.005182
47133,Overton County,,TN,1141,22873,24014,6,5,11,691,650,1341,7,0.237532,0.245405,2935.486508,0.000204,160,0.000027,0.000031,0.309524,0.000727
47135,Perry County,,TN,428,7844,8272,1,2,3,40,101,141,7,0.231911,0.23779,1,0.000072,160,0.000006,0.000007,0,0.000094
47137,Pickett County,,TN,266,5148,5414,0,2,2,0,109,109,7,0.237302,0.244398,0,0.000051,160,0,0.000018,1,0
47139,Polk County,,TN,1171,17571,18742,3,4,7,694,705,1399,7,0.271404,0.282504,53.436938,0.000129,160,0.000029,0.000266,0.5,0.000551
47141,Putnam County,,TN,4743,73889,78632,18,14,32,2589,2311,4900,6,0.310961,0.327395,20742.814327,0.000445,160,0.002169,0.002465,0.321637,0.017451
47143,Rhea County,,TN,1767,32786,34553,7,7,14,874,847,1721,6,0.286238,0.299112,46.599043,0.000226,160,0.000236,0.000619,0.625,0.002747
47145,Roane County,,TN,3335,58988,62323,10,12,22,1634,2131,3765,6,0.303517,0.31801,135.50278,0.000295,160,0.000652,0.001336,0.507576,0.005896
47147,Robertson County,,TN,5151,76704,81855,9,11,20,3821,3423,7244,6,0.305796,0.320645,1189.03962,0.000231,160,0.001483,0.001869,0.590909,0.013049
47149,Rutherford County,,TN,20618,286535,307153,56,53,109,15949,13669,29618,6,0.375308,0.404036,24452.233525,0.000936,160,0.024211,0.021532,0.378562,0.174829
47151,Scott County,,TN,602,21989,22591,3,4,7,199,249,448,6,0.28539,0.297365,1434.266673,0.000136,160,0.000374,0.000366,0.5,0.002796
47153,Sequatchie County,,TN,862,14614,15476,3,3,6,386,463,849,7,0.26996,0.280602,1.583333,0.000132,160,0.000191,0.000237,0.666667,0.002036
47155,Sevier County,,TN,6675,96351,103026,19,15,34,3398,3188,6586,6,0.313796,0.331258,2545.695614,0.000399,160,0.007158,0.002931,0.376623,0.05304
47157,Shelby County,,TN,45894,1058807,1104701,191,201,392,30184,35023,65207,5,0.434345,0.476208,288045.059454,0.002809,160,0.073842,0.078204,0.24458,0.529927
47159,Smith County,,TN,1258,20859,22117,5,7,12,583,775,1358,6,0.302058,0.315081,2.473413,0.000147,160,0.000881,0.000985,0.809524,0.007003
47161,Stewart County,,TN,953,14481,15434,3,2,5,530,381,911,6,0.285955,0.297757,2.351263,0.000116,160,0.000518,0.000414,0.666667,0.004501
47163,Sullivan County,,TN,9029,173118,182147,19,15,34,5785,5599,11384,6,0.311195,0.327736,39775.916246,0.000628,160,0.001902,0.001983,0.252381,0.016067
47165,Sumner County,,TN,11272,178242,189514,24,22,46,8633,6914,15547,6,0.348145,0.370402,12813.567263,0.000493,160,0.008135,0.007043,0.450142,0.059461
47167,Tipton County,,TN,4230,67855,72085,8,7,15,2714,2500,5214,6,0.308637,0.32317,64.171359,0.000192,160,0.00145,0.001364,0.583333,0.01069
47169,Trousdale County,,TN,565,8591,9156,3,4,7,300,401,701,6,0.301586,0.314072,0.25,0.000116,160,0.000097,0.000758,0.916667,0.001022
47171,Unicoi County,,TN,1140,18733,19873,4,4,8,617,697,1314,7,0.238178,0.245988,0,0.00018,160,0.000045,0.000069,1,0.000991
47173,Union County,,TN,1383,19184,20567,4,4,8,868,930,1798,6,0.285249,0.297175,2.322024,0.000156,160,0.000388,0.000369,0.666667,0.003027
47175,Van Buren County,,TN,287,5740,6027,2,1,3,154,99,253,7,0.23206,0.237876,0,0.000099,160,0.000014,0.000014,1,0.000294
47177,Warren County,,TN,1834,43270,45104,9,10,19,1008,1012,2020,6,0.302153,0.3156,8464.16437,0.000296,160,0.001633,0.000909,0.372727,0.011015
47179,Washington County,,TN,8415,127562,135977,24,15,39,5584,4816,10400,6,0.305215,0.320829,16545.67921,0.000617,160,0.005558,0.00188,0.29,0.043873
47181,Wayne County,,TN,719,15066,15785,2,4,6,179,275,454,6,0.301775,0.314361,2920,0.000099,160,0.00002,0.00068,0.5,0.000353
47183,Weakley County,,TN,2094,33261,35355,8,9,17,1032,1069,2101,6,0.308802,0.32366,3307.675695,0.000238,160,0.000747,0.001344,0.555556,0.005679
47185,White County,,TN,1470,27285,28755,5,7,12,745,851,1596,6,0.301964,0.315081,484.59123,0.000188,160,0.000048,0.000713,0.47619,0.000917
47187,Williamson County,,TN,13775,199300,213075,61,39,100,10892,8876,19768,6,0.375016,0.401165,9877.287603,0.000854,160,0.034068,0.020327,0.563221,0.246601
47189,Wilson County,,TN,8026,128132,136158,16,17,33,6432,5090,11522,6,0.320723,0.340061,878.048761,0.00034,160,0.002732,0.003884,0.473684,0.022402
48001,Anderson County,,TX,3094,46370,49464,12,13,25,1537,1618,3155,6,0.324321,0.34314,36.94004,0.000257,189,0.004146,0.005347,0.652381,0.035758
48003,Andrews County,,TX,1235,16060,17295,4,3,7,492,433,925,7,0.263777,0.275482,0.416667,0.000114,189,0.000273,0.000344,0.9,0.002359
48005,Angelina County,,TX,4762,90752,95514,25,26,51,2848,3020,5868,6,0.327629,0.348553,2594.553524,0.000524,189,0.005343,0.008046,0.442118,0.04795
48007,Aransas County,,TX,2239,22423,24662,5,6,11,904,972,1876,6,0.323233,0.340862,0,0.000119,189,0.002834,0.003238,1,0.023753
48009,Archer County,,TX,738,9063,9801,1,2,3,392,384,776,7,0.265864,0.27697,0,0.000063,189,0.000167,0.000157,1,0.001256
48011,Armstrong County,,TX,190,1905,2095,2,1,3,116,52,168,7,0.258795,0.268461,0,0.000094,189,0.0002,0.000121,1,0.002034
48013,Atascosa County,,TX,3450,45744,49194,7,6,13,2362,2151,4513,6,0.323197,0.340805,56.513333,0.000178,189,0.002776,0.003176,0.571429,0.023823
48015,Austin County,,TX,2245,30114,32359,7,7,14,1335,1385,2720,6,0.319907,0.336965,3.283333,0.000186,189,0.001568,0.002241,0.696429,0.014299
48017,Bailey County,,TX,659,7329,7988,4,3,7,293,195,488,7,0.263657,0.275194,4.46009,0.000143,20,0.000259,0.000229,0.583333,0.002334
48019,Bandera County,,TX,1553,19526,21079,5,4,9,813,776,1589,6,0.322261,0.33945,0.4,0.000136,189,0.00193,0.002185,0.8,0.016602
48021,Bastrop County,,TX,5847,71822,77669,15,16,31,4491,3947,8438,6,0.327258,0.347008,70.322432,0.000301,189,0.006714,0.007115,0.722222,0.058025
48023,Baylor County,,TX,273,3595,3868,0,0,0,0,0,0,0,0,0,0,0.000051,161,0,0,0,0
48025,Bee County,,TX,1829,25227,27056,8,7,15,854,818,1672,6,0.322728,0.340459,305.126444,0.000207,189,0.002932,0.002427,0.678571,0.024547
48027,Bell County,,TX,45953,308769,354722,198,143,341,33103,32025,65128,5,0.406954,0.445757,38695.938484,0.002611,82,0.077796,0.060185,0.274825,0.56353
48029,Bexar County,,TX,85014,1828643,1913657,363,266,629,86157,69797,155954,5,0.442455,0.490747,188474.316138,0.005049,189,0.118505,0.095076,0.17342,0.855427
48031,Blanco County,,TX,780,10133,10913,4,5,9,371,349,720,6,0.309894,0.325135,0.111111,0.000122,189,0.001681,0.002136,0.9,0.015644
48033,Borden County,,TX,50,578,628,0,0,0,0,0,0,0,0,0,0,0.000051,162,0,0,0,0
48035,Bosque County,,TX,1511,17711,19222,5,6,11,823,736,1559,6,0.308604,0.32453,3.222457,0.000131,189,0.001116,0.001299,0.571429,0.009672
48037,Bowie County,,TX,6477,96090,102567,19,24,43,3842,3912,7754,6,0.331385,0.353309,14008.396351,0.000458,189,0.004581,0.008045,0.326211,0.039448
48039,Brazoria County,,TX,21765,326070,347835,42,42,84,18306,16105,34411,6,0.358019,0.384492,1368.206738,0.00066,189,0.01887,0.017681,0.523922,0.152005
48041,Brazos County,,TX,15536,156564,172100,55,48,103,8950,10309,19259,6,0.346352,0.373348,2465.866912,0.000967,189,0.018654,0.01725,0.41065,0.154536
48043,Brewster County,,TX,1077,9004,10081,6,5,11,296,303,599,6,0.309894,0.32528,138.143477,0.000165,189,0.001412,0.001753,0.738095,0.012258
48045,Briscoe County,,TX,130,1650,1780,0,0,0,0,0,0,0,0,0,0,0.000051,163,0,0,0,0
48047,Brooks County,,TX,543,7999,8542,2,4,6,142,339,481,7,0.273562,0.285452,0,0.00008,189,0.000287,0.000641,1,0.002059
48049,Brown County,,TX,2381,38320,40701,11,13,24,817,979,1796,6,0.323487,0.342425,6389.116799,0.000272,189,0.002439,0.004902,0.397059,0.021469
48051,Burleson County,,TX,1222,17717,18939,3,3,6,691,642,1333,6,0.319766,0.336273,0,0.0001,189,0.001196,0.001299,1,0.01
48053,Burnet County,,TX,3402,43414,46816,11,11,22,1999,1831,3830,6,0.326667,0.345653,109.967682,0.00025,189,0.004358,0.005399,0.621795,0.039294
48055,Caldwell County,,TX,3324,35551,38875,10,9,19,2380,2351,4731,6,0.323089,0.341007,3.86133,0.000219,189,0.00408,0.003953,0.9,0.036747
48057,Calhoun County,,TX,1619,22748,24367,5,7,12,555,808,1363,6,0.320937,0.338262,4.439368,0.000136,189,0.001795,0.002418,0.761905,0.015244
48059,Callahan County,,TX,1293,13591,14884,4,5,9,633,695,1328,6,0.309529,0.325245,58.845033,0.000133,189,0.001003,0.001151,0.7,0.00864
48061,Cameron County,,TX,14614,418650,433264,48,42,90,9606,9305,18911,6,0.360924,0.387017,1007.782155,0.000719,189,0.02351,0.023318,0.580694,0.185917
48063,Camp County,,TX,1146,13193,14339,7,5,12,611,503,1114,6,0.310193,0.325308,173.22607,0.000193,189,0.001838,0.00104,0.690476,0.015697
48065,Carson County,,TX,597,6263,6860,4,4,8,307,317,624,7,0.260991,0.271418,0,0.000137,189,0.000234,0.000232,1,0.002266
48067,Cass County,,TX,2104,32186,34290,9,11,20,1152,1199,2351,6,0.315853,0.333247,556.057701,0.000232,189,0.00126,0.002295,0.581818,0.010651
48069,Castro County,,TX,662,7698,8360,4,4,8,329,284,613,7,0.261038,0.271533,5.581634,0.000143,189,0.000314,0.000253,0.85,0.00296
48071,Chambers County,,TX,3233,38059,41292,7,6,13,3104,2208,5312,6,0.319942,0.336908,2.832388,0.000148,189,0.002378,0.002024,0.946429,0.019878
48073,Cherokee County,,TX,2989,50435,53424,10,11,21,1708,1813,3521,6,0.323631,0.342102,10.877703,0.000214,189,0.003185,0.003475,0.727273,0.026524
48075,Childress County,,TX,361,6084,6445,1,0,1,48,0,48,0,0,0,0,0.000073,189,0.000103,0,0,0.00108
48077,Clay County,,TX,954,11259,12213,1,2,3,413,531,944,7,0.265864,0.276942,0,0.000063,189,0.000167,0.000169,1,0.001256
48079,Cochran County,,TX,249,3425,3674,1,2,3,62,132,194,7,0.263513,0.274733,0,0.00007,189,0.000003,0.000161,1,0.000107
48081,Coke County,,TX,308,3305,3613,1,1,2,81,61,142,7,0.258286,0.268479,0,0.000067,189,0.000148,0.000143,0,0.001234
48083,Coleman County,,TX,649,8512,9161,3,2,5,191,193,384,7,0.264574,0.27528,0,0.000099,189,0.001031,0.000172,1,0.00857
48085,Collin County,,TX,73981,817572,891553,215,160,375,71905,64279,136184,5,0.418621,0.457829,46077.31368,0.002792,189,0.090065,0.07105,0.299036,0.638846
48087,Collingsworth County,,TX,193,3087,3280,0,0,0,0,0,0,0,0,0,0,0.000051,164,0,0,0,0
48089,Colorado County,,TX,1307,22444,23751,5,5,10,631,662,1293,6,0.319836,0.336619,2.366667,0.000141,189,0.001393,0.001665,0.65,0.012575
48091,Comal County,,TX,9116,116482,125598,41,29,70,8911,6307,15218,6,0.345772,0.369751,682.413142,0.000684,189,0.01663,0.013058,0.582503,0.136902
48093,Comanche County,,TX,889,13744,14633,3,3,6,315,292,607,6,0.308538,0.324069,0,0.000098,189,0.000916,0.001011,1,0.007596
48095,Concho County,,TX,195,2573,2768,1,0,1,60,0,60,0,0,0,0,0.000067,189,0.000148,0,0,0.001234
48097,Cooke County,,TX,2786,41812,44598,8,9,17,1575,1612,3187,6,0.315164,0.33225,2588.036653,0.000192,189,0.002924,0.003482,0.611111,0.025362
48099,Coryell County,,TX,13900,61705,75605,43,40,83,7416,8941,16357,6,0.349577,0.37649,3291.13405,0.000621,82,0.02013,0.017134,0.572653,0.158643
48101,Cottle County,,TX,132,1542,1674,0,0,0,0,0,0,0,0,0,0,0.000051,165,0,0,0,0
48103,Crane County,,TX,397,4745,5142,2,1,3,149,117,266,7,0.248667,0.257676,0,0.000084,189,0.000211,0.000075,1,0.001769
48105,Crockett County,,TX,374,4210,4584,1,1,2,47,77,124,7,0.258286,0.268479,0,0.000067,189,0.000148,0.000143,0,0.001234
48107,Crosby County,,TX,583,6167,6750,1,1,2,225,303,528,7,0.263465,0.274502,0,0.000073,189,0.00018,0.000159,0,0.001482
48109,Culberson County,,TX,263,2532,2795,0,0,0,0,0,0,0,0,0,0,0.000051,166,0,0,0,0
48111,Dallam County,,TX,720,7342,8062,2,2,4,108,138,246,7,0.260944,0.271072,2891,0.000117,189,0.000103,0.000229,0.333333,0.001167
48113,Dallas County,,TX,165670,2518528,2684198,362,300,662,139117,150615,289732,5,0.449262,0.499988,251641.194217,0.004901,189,0.117502,0.104786,0.162212,0.831787
48115,Dawson County,,TX,858,12867,13725,4,4,8,302,340,642,7,0.263826,0.275713,6.386957,0.000138,189,0.000335,0.000371,0.7,0.002932
48117,Deaf Smith County,,TX,1769,21813,23582,5,6,11,682,1014,1696,7,0.264042,0.276376,9.454018,0.000161,189,0.00028,0.00046,0.733333,0.002893
48119,Delta County,,TX,432,4883,5315,4,3,7,268,163,431,7,0.255321,0.264443,0,0.000123,189,0.001014,0.000109,1,0.008273
48121,Denton County,,TX,60886,684745,745631,177,134,311,61234,50584,111818,5,0.409142,0.446506,34579.961212,0.002397,189,0.075569,0.058736,0.321937,0.546158
48123,DeWitt County,,TX,1091,19505,20596,4,5,9,460,561,1021,6,0.322656,0.340113,9.620602,0.000113,189,0.001907,0.002376,0.8,0.016219
48125,Dickens County,,TX,188,2051,2239,0,1,1,0,43,43,7,0.263508,0.27458,0,0.000051,189,0,0.000159,0,0
48127,Dimmit County,,TX,565,10011,10576,3,3,6,245,243,488,6,0.306835,0.321227,4.663567,0.000118,189,0.001462,0.00101,0.75,0.013298
48129,Donley County,,TX,252,3435,3687,1,0,1,41,0,41,0,0,0,0,0.000071,189,0.000097,0,0,0.000954
48131,Duval County,,TX,848,12051,12899,3,3,6,295,493,788,6,0.307259,0.321803,0,0.000096,189,0.001079,0.001222,1,0.009284
48133,Eastland County,,TX,1310,17660,18970,5,7,12,340,432,772,6,0.309628,0.325649,2924.546521,0.000136,189,0.001128,0.0012,0.535714,0.009705
48135,Ector County,,TX,9861,150939,160800,32,35,67,5317,6299,11616,6,0.330929,0.354306,17518.986085,0.000738,189,0.008954,0.010388,0.360046,0.075833
48137,Edwards County,,TX,172,2050,2222,0,0,0,0,0,0,0,0,0,0,0.000051,167,0,0,0,0
48139,Ellis County,,TX,10559,161678,172237,24,22,46,9503,7521,17024,6,0.343186,0.365871,161.765677,0.000412,189,0.011838,0.010444,0.726496,0.098
48141,El Paso County,,TX,41569,879091,920660,178,157,335,31972,29182,61154,6,0.406039,0.446979,51274.130861,0.002489,7,0.069492,0.063215,0.281985,0.51486
48143,Erath County,,TX,2891,33361,36252,13,16,29,1314,1434,2748,6,0.325416,0.345002,713.478711,0.000287,189,0.003678,0.005102,0.525,0.031667
48145,Falls County,,TX,1147,15544,16691,2,2,4,452,606,1058,6,0.289737,0.302594,0,0.000084,189,0.000633,0.000816,1,0.006172
48147,Fannin County,,TX,2315,32161,34476,8,7,15,1513,1444,2957,6,0.314889,0.331587,2.919474,0.000189,189,0.003003,0.003482,0.892857,0.025909
48149,Fayette County,,TX,1448,24927,26375,7,9,16,597,691,1288,6,0.320617,0.338061,11.884889,0.00018,189,0.001826,0.002245,0.513889,0.015729
48151,Fisher County,,TX,376,3799,4175,1,2,3,48,104,152,7,0.264477,0.275079,0,0.000068,189,0.000012,0.000155,1,0.000116
48153,Floyd County,,TX,578,6973,7551,2,2,4,200,269,469,7,0.263513,0.274733,0,0.000098,189,0.000207,0.000181,1,0.001761
48155,Foard County,,TX,63,1290,1353,0,0,0,0,0,0,0,0,0,0,0.000051,168,0,0,0,0
48157,Fort Bend County,,TX,42328,600020,642348,120,75,195,50575,35081,85656,5,0.384135,0.415594,9282.084812,0.001537,189,0.060037,0.037642,0.440145,0.433139
48159,Franklin County,,TX,979,9820,10799,5,5,10,406,485,891,6,0.310193,0.325308,1.111111,0.000152,189,0.000981,0.001072,0.8,0.008232
48161,Freestone County,,TX,1598,18743,20341,8,8,16,757,856,1613,6,0.323487,0.341525,12.285091,0.000195,189,0.002988,0.003351,0.75,0.025199
48163,Frio County,,TX,938,14336,15274,3,3,6,289,382,671,6,0.306835,0.321227,1,0.000105,189,0.000827,0.001026,0.583333,0.007545
48165,Gaines County,,TX,1116,17583,18699,4,6,10,317,437,754,7,0.263922,0.276174,10.395511,0.000123,189,0.000366,0.000287,0.595238,0.003094
48167,Galveston County,,TX,21256,298058,319314,51,48,99,17726,15621,33347,6,0.363648,0.390661,2170.588993,0.000802,189,0.020981,0.021051,0.459325,0.16942
48169,Garza County,,TX,410,4584,4994,1,1,2,99,136,235,7,0.263465,0.274502,0,0.000073,189,0.00018,0.000159,0,0.001482
48171,Gillespie County,,TX,1460,25956,27416,6,5,11,580,517,1097,6,0.322945,0.340315,0.125,0.000145,189,0.003398,0.003448,0.904762,0.029263
48173,Glasscock County,,TX,89,1411,1500,0,0,0,0,0,0,0,0,0,0,0.000051,169,0,0,0,0
48175,Goliad County,,TX,503,6967,7470,1,1,2,195,177,372,7,0.247242,0.255759,0,0.000064,189,0.00008,0.000042,0,0.000483
48177,Gonzales County,,TX,1117,20163,21280,7,8,15,555,594,1149,6,0.322945,0.340718,15.180519,0.00017,189,0.002689,0.003446,0.708333,0.023751
48179,Gray County,,TX,1888,23099,24987,5,7,12,453,699,1152,6,0.324067,0.342333,3112.108416,0.000187,189,0.000215,0.002475,0.571429,0.002351
48181,Grayson County,,TX,7266,126712,133978,19,18,37,4652,4305,8957,6,0.344536,0.367139,982.901055,0.000379,189,0.00951,0.009023,0.628571,0.078268
48183,Gregg County,,TX,11124,133166,144290,29,30,59,6727,8071,14798,6,0.328001,0.349775,3838.412843,0.000541,189,0.009374,0.007902,0.430952,0.080709
48185,Grimes County,,TX,1996,24698,26694,7,7,14,1415,1321,2736,6,0.319907,0.336965,2.209524,0.000194,189,0.001542,0.00179,0.761905,0.014126
48187,Guadalupe County,,TX,12058,138173,150231,43,33,76,10294,8118,18412,6,0.353942,0.379073,766.339964,0.000652,189,0.021542,0.017821,0.594646,0.171992
48189,Hale County,,TX,2674,37236,39910,10,10,20,1310,1469,2779,6,0.32083,0.339127,1905.947191,0.000287,189,0.002621,0.003321,0.490909,0.022297
48191,Hall County,,TX,259,3222,3481,0,0,0,0,0,0,0,0,0,0,0.000051,170,0,0,0,0
48193,Hamilton County,,TX,711,8572,9283,2,4,6,145,289,434,6,0.31026,0.325914,1.356059,0.000079,189,0.000185,0.001167,0.5,0.001739
48195,Hansford County,,TX,380,6164,6544,0,1,1,0,59,59,7,0.258838,0.268541,0,0.000051,189,0,0.000121,0,0
48197,Hardeman County,,TX,275,4022,4297,1,1,2,94,64,158,8,0.210025,0.215404,0,0.000121,189,0.000001,0.000001,0,0.000101
48199,Hardin County,,TX,4282,58098,62380,10,13,23,3050,2815,5865,6,0.323885,0.342592,23.285953,0.00022,189,0.001822,0.003935,0.664835,0.016281
48201,Harris County,,TX,200706,4311437,4512143,510,424,934,181795,182055,363850,5,0.469852,0.529713,575935.797731,0.007099,189,0.134825,0.122262,0.104237,0.963473
48203,Harrison County,,TX,5254,70509,75763,15,17,32,3612,3564,7176,6,0.324758,0.344235,886.460542,0.000297,189,0.005,0.00513,0.614379,0.043599
48205,Hartley County,,TX,387,4375,4762,0,1,1,0,88,88,7,0.254354,0.262588,0,0.000051,189,0,0.000026,0,0
48207,Haskell County,,TX,432,5513,5945,2,2,4,93,109,202,7,0.264477,0.275079,2921,0.000081,189,0.000991,0.000152,0.333333,0.008296
48209,Hays County,,TX,14703,144984,159687,43,30,73,13773,11209,24982,6,0.348145,0.372316,567.764276,0.000703,189,0.017654,0.014324,0.606765,0.145259
48211,Hemphill County,,TX,374,4069,4443,0,0,0,0,0,0,0,0,0,0,0.000051,171,0,0,0,0
48213,Henderson County,,TX,5741,75241,80982,17,16,33,4388,3836,8224,6,0.32538,0.344984,18.25454,0.000317,189,0.005459,0.006786,0.692105,0.048227
48215,Hidalgo County,,TX,20208,763697,783905,103,54,157,16809,12140,28949,6,0.364749,0.393791,12947.652266,0.001388,189,0.043784,0.025506,0.36215,0.321362
48217,Hill County,,TX,2908,34803,37711,10,10,20,1742,1744,3486,6,0.325124,0.343889,54.821887,0.000205,189,0.004259,0.004928,0.836364,0.036501
48219,Hockley County,,TX,1990,24053,26043,3,6,9,705,1040,1745,7,0.266525,0.279535,2944.38788,0.000137,189,0.000183,0.000415,0.366667,0.001683
48221,Hood County,,TX,4364,52730,57094,14,13,27,2947,2297,5244,6,0.324394,0.343255,99.36921,0.000308,189,0.004951,0.005788,0.65,0.042747
48223,Hopkins County,,TX,2207,36958,39165,11,12,23,1329,1203,2532,6,0.315027,0.332394,477.653909,0.000269,189,0.002987,0.00361,0.583333,0.025984
48225,Houston County,,TX,1202,20331,21533,7,6,13,606,550,1156,6,0.319907,0.33685,2.056046,0.000178,189,0.001486,0.001669,0.714286,0.013365
48227,Howard County,,TX,2176,30835,33011,10,11,21,777,925,1702,6,0.32549,0.344512,3293.73089,0.000241,189,0.003198,0.003554,0.621795,0.027284
48229,Hudspeth County,,TX,305,3543,3848,1,1,2,116,115,231,7,0.288811,0.301888,0,0.000064,7,0.000527,0.000579,0,0.004318
48231,Hunt County,,TX,6662,85630,92292,21,20,41,4861,4450,9311,6,0.342373,0.364603,2264.595168,0.000422,189,0.007377,0.008598,0.557312,0.062896
48233,Hutchinson County,,TX,1734,24753,26487,5,7,12,500,738,1238,6,0.321258,0.339012,140.126339,0.000173,189,0.000257,0.001541,0.738095,0.002565
48235,Irion County,,TX,183,1684,1867,1,0,1,67,0,67,0,0,0,0,0.000067,189,0.000148,0,0,0.001234
48237,Jack County,,TX,733,7648,8381,5,5,10,306,336,642,6,0.308505,0.324242,1.033333,0.000165,189,0.000983,0.001132,0.8,0.008749
48239,Jackson County,,TX,1082,15772,16854,5,5,10,541,577,1118,6,0.319907,0.336735,1.016667,0.000133,189,0.001168,0.00122,0.85,0.00958
48241,Jasper County,,TX,2277,35561,37838,10,8,18,1624,1443,3067,6,0.320013,0.337254,17.731789,0.000228,189,0.002233,0.001391,0.633333,0.018555
48243,Jeff Davis County,,TX,193,2208,2401,0,0,0,0,0,0,0,0,0,0,0.000051,172,0,0,0,0
48245,Jefferson County,,TX,15142,257882,273024,45,40,85,8931,10899,19830,6,0.349197,0.374853,2980.568406,0.000734,189,0.0177,0.015271,0.46,0.14547
48247,Jim Hogg County,,TX,319,5421,5740,1,0,1,60,0,60,0,0,0,0,0.000064,189,0.0001,0,0,0.000843
48249,Jim Wells County,,TX,2799,44166,46965,8,10,18,1782,1696,3478,6,0.326445,0.345152,455.05711,0.000188,189,0.002444,0.004574,0.688889,0.021258
48251,Johnson County,,TX,12578,161266,173844,25,26,51,9293,8511,17804,6,0.347226,0.371233,589.513111,0.000457,189,0.009557,0.012125,0.625616,0.082284
48253,Jones County,,TX,1440,15896,17336,4,3,7,791,778,1569,7,0.266919,0.278935,8.046555,0.000126,189,0.00118,0.000319,0.833333,0.00994
48255,Karnes County,,TX,724,12736,13460,4,2,6,295,209,504,6,0.306835,0.321111,0.424242,0.000126,189,0.001494,0.001012,0.583333,0.013612
48257,Kaufman County,,TX,8833,111297,120130,13,17,30,8243,6549,14792,6,0.325453,0.345215,14.059196,0.000251,189,0.005887,0.007143,0.787582,0.049197
48259,Kendall County,,TX,2461,34903,37364,9,9,18,1804,1473,3277,6,0.32443,0.342707,11.800575,0.000208,189,0.004329,0.004317,0.727273,0.038416
48261,Kenedy County,,TX,43,380,423,0,0,0,0,0,0,0,0,0,0,0.000051,173,0,0,0,0
48263,Kent County,,TX,57,792,849,0,0,0,0,0,0,0,0,0,0,0.000051,174,0,0,0,0
48265,Kerr County,,TX,3394,51259,54653,11,15,26,1423,1682,3105,6,0.327852,0.3477,2934.899508,0.000274,189,0.004619,0.006922,0.639706,0.039547
48267,Kimble County,,TX,375,4698,5073,0,1,1,0,46,46,7,0.246968,0.254997,0,0.000051,189,0,0.000038,0,0
48269,King County,,TX,-2,-2,-4,0,0,0,0,0,0,0,0,0,0,0.000051,175,0,0,0,0
48271,Kinney County,,TX,303,3238,3541,1,1,2,47,80,127,7,0.256955,0.265832,0,0.000065,189,0.000081,0.00006,0,0.000581
48273,Kleberg County,,TX,3191,31017,34208,12,11,23,1608,1694,3302,6,0.326556,0.345659,151.599463,0.000223,189,0.005033,0.00527,0.619048,0.041649
48275,Knox County,,TX,218,3821,4039,1,0,1,46,0,46,0,0,0,0,0.000085,189,0.000001,0,0,0.000155
48277,Lamar County,,TX,2792,52350,55142,13,13,26,1304,1290,2594,6,0.323885,0.342678,3503.143251,0.000325,189,0.002771,0.004777,0.538095,0.024098
48279,Lamb County,,TX,1085,14639,15724,4,4,8,516,511,1027,7,0.263585,0.275136,4.809524,0.000158,189,0.000213,0.000185,0.5,0.001981
48281,Lampasas County,,TX,1880,20746,22626,8,6,14,1124,815,1939,6,0.311396,0.327078,0.267857,0.000177,82,0.003644,0.003138,0.958333,0.032659
48283,La Salle County,,TX,376,5402,5778,1,3,4,75,167,242,6,0.306933,0.3214,0.75,0.000064,189,0.0001,0.001093,0.666667,0.000843
48285,Lavaca County,,TX,1007,21307,22314,5,6,11,415,463,878,6,0.320581,0.337657,5.078584,0.000132,189,0.001165,0.002046,0.633333,0.009551
48287,Lee County,,TX,1095,17362,18457,7,6,13,544,494,1038,6,0.320617,0.337657,1.295,0.000164,189,0.00224,0.002649,0.833333,0.020189
48289,Leon County,,TX,1501,17873,19374,8,7,15,737,634,1371,6,0.319907,0.336965,10.546094,0.000197,189,0.003205,0.001782,0.652778,0.027721
48291,Liberty County,,TX,5925,72096,78021,9,15,24,4695,4294,8989,6,0.326593,0.345959,30.430481,0.000208,189,0.001843,0.005266,0.657143,0.016841
48293,Limestone County,,TX,1579,22302,23881,7,5,12,859,695,1554,6,0.321365,0.338608,3.250335,0.00017,189,0.002952,0.00233,0.857143,0.024818
48295,Lipscomb County,,TX,334,3423,3757,0,1,1,0,65,65,8,0.208866,0.214584,0,0.000051,189,0,0,0,0
48297,Live Oak County,,TX,669,8881,9550,3,4,7,259,268,527,6,0.307292,0.321976,0,0.000099,189,0.000382,0.00127,1,0.002562
48299,Llano County,,TX,1494,17146,18640,4,4,8,751,648,1399,6,0.309894,0.32502,0,0.000117,189,0.002035,0.002322,1,0.018141
48301,Loving County,,TX,-2,-2,-4,0,0,0,0,0,0,0,0,0,0,0.000051,176,0,0,0,0
48303,Lubbock County,,TX,16061,273393,289454,76,64,140,12792,10741,23533,6,0.357664,0.388285,75600.564699,0.001677,189,0.019102,0.021567,0.250808,0.162311
48305,Lynn County,,TX,581,6231,6812,1,2,3,246,339,585,7,0.263489,0.274675,0,0.000073,189,0.00018,0.000162,1,0.001482
48307,McCulloch County,,TX,760,8465,9225,1,1,2,43,55,98,7,0.258286,0.268479,0,0.000067,189,0.000148,0.000143,0,0.001234
48309,McLennan County,,TX,12142,238952,251094,54,45,99,8732,8034,16766,6,0.351319,0.37811,2708.695987,0.000915,189,0.020105,0.015811,0.433104,0.163999
48311,McMullen County,,TX,56,848,904,0,0,0,0,0,0,0,0,0,0,0.000051,177,0,0,0,0
48313,Madison County,,TX,838,11321,12159,6,5,11,599,484,1083,6,0.319836,0.336619,0.916667,0.000169,189,0.001505,0.001366,0.866667,0.013863
48315,Marion County,,TX,929,9497,10426,3,6,9,397,507,904,6,0.314718,0.331183,0,0.000099,189,0.000128,0.002095,0.966667,0.001408
48317,Martin County,,TX,443,4850,5293,2,0,2,307,0,307,0,0,0,0,0.000085,189,0.000154,0,1,0.001349
48319,Mason County,,TX,230,3923,4153,0,0,0,0,0,0,0,0,0,0,0.000051,178,0,0,0,0
48321,Matagorda County,,TX,2395,38960,41355,10,9,19,1260,1374,2634,6,0.320723,0.338234,23.483987,0.000212,189,0.003241,0.003095,0.709091,0.028973
48323,Maverick County,,TX,2653,65919,68572,10,7,17,1432,1257,2689,6,0.324503,0.342592,21.702424,0.000207,189,0.005616,0.004091,0.788889,0.046824
48325,Medina County,,TX,2951,45012,47963,5,7,12,1910,1861,3771,6,0.322909,0.340545,59.844241,0.000163,189,0.00187,0.003122,0.535714,0.016232
48327,Menard County,,TX,162,2054,2216,0,0,0,0,0,0,0,0,0,0,0.000051,179,0,0,0,0
48329,Midland County,,TX,10941,144497,155438,41,46,87,6251,7053,13304,6,0.350339,0.377649,24096.699051,0.000823,189,0.013235,0.014946,0.380624,0.112124
48331,Milam County,,TX,1880,25444,27324,6,8,14,874,950,1824,6,0.321723,0.339502,2.895983,0.000148,189,0.002767,0.003427,0.785714,0.025281
48333,Mills County,,TX,312,4714,5026,1,0,1,49,0,49,0,0,0,0,0.000069,189,0.000041,0,0,0.000274
48335,Mitchell County,,TX,586,7193,7779,3,3,6,145,156,301,7,0.245708,0.253882,1.388889,0.000103,189,0.000199,0.00004,0.583333,0.001765
48337,Montague County,,TX,1526,20361,21887,8,6,14,859,658,1517,6,0.316475,0.333039,254.913099,0.000181,189,0.002516,0.002775,0.696429,0.021493
48339,Montgomery County,,TX,32877,455436,488313,119,71,190,34387,25016,59403,6,0.36974,0.40049,11177.41234,0.001737,189,0.048822,0.030369,0.354476,0.365748
48341,Moore County,,TX,2324,24147,26471,9,8,17,772,1032,1804,6,0.341,0.361547,3809.240968,0.000255,189,0.003151,0.004068,0.527273,0.025176
48343,Morris County,,TX,1126,14032,15158,7,5,12,759,600,1359,7,0.247157,0.25637,8.598196,0.000189,189,0.00105,0.000149,0.714286,0.009151
48345,Motley County,,TX,90,1019,1109,0,0,0,0,0,0,0,0,0,0,0.000051,180,0,0,0,0
48347,Nacogdoches County,,TX,4499,57777,62276,22,20,42,2636,2625,5261,6,0.327444,0.347573,3082.130038,0.000459,189,0.006196,0.007841,0.509058,0.055846
48349,Navarro County,,TX,3291,50275,53566,12,14,26,2003,2084,4087,6,0.325307,0.344639,11.939276,0.000256,189,0.004302,0.006434,0.758242,0.037172
48351,Newton County,,TX,909,11666,12575,4,4,8,492,514,1006,6,0.319836,0.336504,0,0.00012,189,0.001194,0.001318,1,0.010225
48353,Nolan County,,TX,1170,16177,17347,4,7,11,311,523,834,6,0.310727,0.32724,3718.483386,0.000142,189,0.000307,0.001426,0.5,0.002763
48355,Nueces County,,TX,22540,347435,369975,68,69,137,13692,16228,29920,6,0.369599,0.400035,16426.40797,0.00109,189,0.02572,0.029919,0.392653,0.206407
48357,Ochiltree County,,TX,872,11069,11941,1,3,4,65,147,212,7,0.263917,0.275704,2892,0.000094,189,0,0.000388,0.5,0.000087
48359,Oldham County,,TX,240,2050,2290,1,2,3,44,101,145,7,0.260944,0.271072,0,0.000073,189,0.000103,0.000229,1,0.00108
48361,Orange County,,TX,5522,88992,94514,12,15,27,3714,3540,7254,6,0.322548,0.341376,64.057364,0.00026,189,0.00349,0.004472,0.608333,0.030128
48363,Palo Pinto County,,TX,2207,27992,30199,11,7,18,1300,1064,2364,6,0.314718,0.331298,76.035823,0.000257,189,0.003456,0.002127,0.609091,0.029492
48365,Panola County,,TX,1743,25735,27478,7,9,16,815,956,1771,6,0.322153,0.340078,9.185281,0.000171,189,0.001379,0.002572,0.805556,0.011837
48367,Parker County,,TX,9946,119022,128968,26,24,50,7769,6660,14429,6,0.345524,0.368955,1064.268676,0.000465,189,0.011889,0.010235,0.569892,0.097254
48369,Parmer County,,TX,1035,11363,12398,3,6,9,519,570,1089,7,0.264042,0.276376,3.065464,0.000116,20,0.00018,0.00046,0.766667,0.001833
48371,Pecos County,,TX,1142,14582,15724,4,4,8,318,327,645,7,0.289274,0.303157,45.720966,0.000134,189,0.000739,0.000775,0.8,0.006197
48373,Polk County,,TX,4939,53318,58257,18,19,37,2361,2199,4560,6,0.341242,0.362821,632.812394,0.00035,189,0.006921,0.007047,0.498333,0.05846
48375,Potter County,,TX,12362,120262,132624,34,30,64,8837,9174,18011,6,0.349958,0.374893,23017.610016,0.000723,189,0.012921,0.01169,0.354487,0.103663
48377,Presidio County,,TX,889,10624,11513,3,4,7,479,467,946,7,0.289274,0.303157,0,0.000112,189,0.000226,0.000775,1,0.001961
48379,Rains County,,TX,914,9814,10728,6,5,11,544,446,990,6,0.31016,0.325251,0.367857,0.000151,189,0.001885,0.001135,0.9,0.015719
48381,Randall County,,TX,12182,126666,138848,40,34,74,10014,8711,18725,6,0.349112,0.37472,37095.86597,0.000892,189,0.014511,0.01235,0.4,0.11871
48383,Reagan County,,TX,374,3899,4273,0,0,0,0,0,0,0,0,0,0,0.000051,181,0,0,0,0
48385,Real County,,TX,259,3233,3492,0,0,0,0,0,0,0,0,0,0,0.000051,182,0,0,0,0
48387,Red River County,,TX,937,13134,14071,3,3,6,323,413,736,7,0.25013,0.259679,94.04127,0.000102,189,0.00098,0.000065,0.5,0.007781
48389,Reeves County,,TX,779,11404,12183,3,4,7,302,370,672,7,0.289274,0.303157,40.549431,0.000098,189,0.000738,0.000766,0.833333,0.006086
48391,Refugio County,,TX,628,8181,8809,2,3,5,153,256,409,7,0.270516,0.281895,0,0.000077,189,0.000329,0.000301,1,0.002273
48393,Roberts County,,TX,98,890,988,0,0,0,0,0,0,0,0,0,0,0.000051,183,0,0,0,0
48395,Robertson County,,TX,1472,16606,18078,4,3,7,730,669,1399,6,0.319836,0.336389,0,0.000113,189,0.001852,0.001446,1,0.015931
48397,Rockwall County,,TX,7009,80868,87877,14,12,26,6388,4907,11295,6,0.33801,0.358163,25.875234,0.000259,189,0.008021,0.007628,0.847619,0.066304
48399,Runnels County,,TX,715,11283,11998,2,2,4,319,278,597,7,0.266624,0.277857,0,0.000084,189,0.000306,0.000295,1,0.002566
48401,Rusk County,,TX,3488,51462,54950,11,10,21,2262,2157,4419,6,0.323595,0.341929,21.893987,0.000236,189,0.00312,0.003418,0.745455,0.026347
48403,Sabine County,,TX,756,10499,11255,6,5,11,378,285,663,6,0.319872,0.336677,535.865101,0.000176,189,0.001262,0.001239,0.714286,0.01084
48405,San Augustine County,,TX,578,8494,9072,4,3,7,236,272,508,7,0.246925,0.255571,1.145971,0.00014,189,0.000153,0.000107,0.75,0.001494
48407,San Jacinto County,,TX,2181,22486,24667,7,5,12,1856,1480,3336,6,0.320226,0.336954,0.309524,0.000164,189,0.001923,0.001651,0.904762,0.017837
48409,San Patricio County,,TX,8611,73316,81927,17,30,47,3952,5704,9656,6,0.34213,0.366303,1271.080742,0.000335,189,0.005351,0.013527,0.509677,0.046403
48411,San Saba County,,TX,337,5595,5932,1,0,1,41,0,41,0,0,0,0,0.000069,189,0.000041,0,0,0.000274
48413,Schleicher County,,TX,262,3241,3503,1,0,1,98,0,98,0,0,0,0,0.000067,189,0.000148,0,0,0.001234
48415,Scurry County,,TX,1131,16954,18085,6,5,11,348,317,665,7,0.269356,0.282619,156.227229,0.000165,189,0.001307,0.000639,0.696429,0.011032
48417,Shackelford County,,TX,301,3517,3818,1,1,2,66,82,148,7,0.264429,0.274848,0,0.000068,189,0.000158,0.000152,0,0.001331
48419,Shelby County,,TX,1564,25605,27169,7,7,14,626,828,1454,6,0.320013,0.337138,722.401277,0.000181,189,0.002195,0.00126,0.513889,0.017935
48421,Sherman County,,TX,277,2748,3025,0,0,0,0,0,0,0,0,0,0,0.000051,184,0,0,0,0
48423,Smith County,,TX,13337,218528,231865,50,46,96,9928,9252,19180,6,0.350722,0.377476,1550.054632,0.000866,189,0.014539,0.015975,0.430519,0.124404
48425,Somervell County,,TX,757,8344,9101,5,3,8,430,295,725,6,0.308439,0.323896,0,0.000132,189,0.001866,0.001081,0.85,0.015401
48427,Starr County,,TX,2513,68142,70655,8,7,15,1401,1710,3111,6,0.323197,0.341024,864.751364,0.000179,189,0.003619,0.002985,0.803571,0.029986
48429,Stephens County,,TX,712,8978,9690,1,2,3,47,97,144,6,0.309363,0.324611,0,0.000067,189,0.00001,0.001112,1,0.000172
48431,Sterling County,,TX,135,1088,1223,0,0,0,0,0,0,0,0,0,0,0.000051,185,0,0,0,0
48433,Stonewall County,,TX,64,1555,1619,0,0,0,0,0,0,0,0,0,0,0.000051,186,0,0,0,0
48435,Sutton County,,TX,567,4874,5441,1,2,3,40,210,250,7,0.261629,0.272255,0,0.000067,189,0.000148,0.000203,1,0.001234
48437,Swisher County,,TX,552,7645,8197,3,4,7,281,329,610,7,0.263898,0.275799,0,0.000118,189,0.000228,0.000409,1,0.002313
48439,Tarrant County,,TX,112055,1963304,2075359,361,308,669,106153,96887,203040,5,0.445798,0.49853,252508.324963,0.004945,189,0.115217,0.09998,0.146077,0.820438
48441,Taylor County,,TX,11830,138127,149957,52,52,104,6290,6608,12898,6,0.359443,0.388072,30777.559999,0.001016,189,0.018247,0.018948,0.374044,0.148798
48443,Terrell County,,TX,70,962,1032,0,0,0,0,0,0,0,0,0,0,0.000051,187,0,0,0,0
48445,Terry County,,TX,827,12082,12909,3,1,4,307,301,608,7,0.263465,0.274502,0,0.00011,189,0.000186,0.000159,0.666667,0.001708
48447,Throckmorton County,,TX,142,1598,1740,0,0,0,0,0,0,0,0,0,0,0.000051,188,0,0,0,0
48449,Titus County,,TX,2170,34381,36551,11,12,23,1088,1217,2305,6,0.323885,0.342534,734.857889,0.000271,189,0.002266,0.003416,0.589744,0.019171
48451,Tom Green County,,TX,9471,115286,124757,43,45,88,4474,4812,9286,6,0.348187,0.375527,38527.213705,0.00085,189,0.017118,0.017768,0.376768,0.138769
48453,Travis County,,TX,81972,1005101,1087073,268,199,467,77599,70960,148559,5,0.426087,0.468742,81121.581249,0.00354,189,0.099322,0.079386,0.219841,0.706047
48455,Trinity County,,TX,1162,13520,14682,6,6,12,756,640,1396,6,0.320297,0.337184,0.850274,0.000163,189,0.001471,0.001693,0.933333,0.013243
48457,Tyler County,,TX,1435,18861,20296,7,7,14,881,820,1701,6,0.320368,0.337415,1.958569,0.000167,189,0.001353,0.001436,0.833333,0.011543
48459,Upshur County,,TX,3309,38367,41676,13,11,24,2540,2174,4714,6,0.323595,0.342044,685.455985,0.000291,189,0.00311,0.003398,0.602564,0.026368
48461,Upton County,,TX,329,3492,3821,1,2,3,45,112,157,7,0.259585,0.269995,0,0.000069,189,0.000087,0.000185,1,0.000738
48463,Uvalde County,,TX,1708,29011,30719,6,6,12,612,693,1305,6,0.322872,0.340372,97.646375,0.00019,189,0.001942,0.003007,0.571429,0.016961
48465,Val Verde County,,TX,4462,53997,58459,14,19,33,1595,1885,3480,6,0.345772,0.368656,7093.158562,0.000319,189,0.007249,0.009735,0.576316,0.060302
48467,Van Zandt County,,TX,3465,51526,54991,12,11,23,2516,2213,4729,6,0.31644,0.334094,23.404461,0.000246,189,0.00424,0.004473,0.807692,0.036195
48469,Victoria County,,TX,5605,97406,103011,21,30,51,3003,3884,6887,6,0.328411,0.350254,6737.930561,0.000456,189,0.005049,0.00957,0.492473,0.046223
48471,Walker County,,TX,4627,48315,52942,19,18,37,3325,3156,6481,6,0.327258,0.347054,166.314241,0.000394,189,0.005814,0.007189,0.566667,0.051883
48473,Waller County,,TX,3296,37024,40320,9,7,16,2771,2363,5134,6,0.320297,0.337415,10.288861,0.000212,189,0.002844,0.002576,0.744444,0.025641
48475,Ward County,,TX,1132,11416,12548,4,3,7,325,398,723,7,0.259608,0.270168,0.583333,0.000129,189,0.000219,0.000191,0.7,0.002013
48477,Washington County,,TX,2013,34855,36868,9,11,20,1132,1156,2288,6,0.323704,0.342073,33.338837,0.000227,189,0.002453,0.004047,0.581818,0.023138
48479,Webb County,,TX,7309,275911,283220,22,24,46,3897,4683,8580,6,0.349535,0.372213,9184.960372,0.000379,189,0.011834,0.011972,0.606838,0.093062
48481,Wharton County,,TX,2115,46719,48834,7,8,15,1417,1255,2672,6,0.32244,0.340199,15.525356,0.000175,189,0.001609,0.002829,0.625,0.01444
48483,Wheeler County,,TX,446,5775,6221,0,1,1,0,42,42,7,0.244815,0.252397,0,0.000051,189,0,0.000002,0,0
48485,Wichita County,,TX,11761,128192,139953,43,57,100,4795,6532,11327,6,0.361963,0.39205,30860.648645,0.000789,189,0.017724,0.020056,0.376776,0.141422
48487,Wilbarger County,,TX,1026,14279,15305,2,2,4,218,309,527,7,0.265839,0.276913,5810,0.000166,189,0.000167,0.000148,0,0.001346
48489,Willacy County,,TX,1092,20516,21608,4,3,7,538,648,1186,6,0.307357,0.321849,0,0.000118,189,0.002217,0.001548,1,0.019883
48491,Williamson County,,TX,38236,440635,478871,123,80,203,41863,29950,71813,6,0.37487,0.407056,9048.2422,0.001681,189,0.056622,0.037281,0.400705,0.415702
48493,Wilson County,,TX,2859,43938,46797,4,6,10,2201,1773,3974,6,0.322332,0.339796,1.766667,0.000129,189,0.001076,0.002464,0.6,0.010207
48495,Winkler County,,TX,668,7519,8187,2,3,5,163,262,425,7,0.259608,0.270168,0,0.000084,189,0.000211,0.000187,1,0.001769
48497,Wise County,,TX,5059,60805,65864,11,14,25,3230,3128,6358,6,0.319306,0.337721,86.574533,0.000238,189,0.00422,0.004575,0.652381,0.035862
48499,Wood County,,TX,2968,41451,44419,13,15,28,1932,1787,3719,6,0.323776,0.342794,116.187135,0.000285,189,0.004147,0.004876,0.628571,0.035787
48501,Yoakum County,,TX,710,9130,9840,3,4,7,206,274,480,7,0.263874,0.275828,0,0.000104,189,0.000242,0.000284,0.916667,0.002073
48503,Young County,,TX,1229,19371,20600,6,4,10,398,352,750,6,0.310526,0.326237,122.533203,0.000179,189,0.001114,0.001144,0.566667,0.00971
48505,Zapata County,,TX,551,13606,14157,2,3,5,223,256,479,7,0.267438,0.278347,0,0.000086,189,0.000125,0.000493,1,0.001178
48507,Zavala County,,TX,743,11392,12135,3,3,6,320,330,650,6,0.306835,0.321227,0.333333,0.000128,189,0.000825,0.001015,0.833333,0.007651
49001,Beaver County,,UT,515,7426,7941,2,3,5,110,228,338,6,0.294429,0.307806,0,0.000082,7,0.00014,0.000728,1,0.001286
49003,Box Elder County,,UT,3240,58723,61963,9,6,15,2363,2074,4437,6,0.296361,0.310325,0,0.000166,7,0.003725,0.00138,1,0.02705
49005,Cache County,,UT,8339,119439,127778,29,24,53,5653,4829,10482,6,0.343308,0.365612,5146.439215,0.000464,7,0.010476,0.008758,0.466667,0.077173
49007,Carbon County,,UT,1546,22461,24007,7,5,12,728,638,1366,6,0.296452,0.310492,8.086263,0.000152,7,0.001273,0.001041,0.642857,0.008828
49009,Daggett County,,UT,97,944,1041,0,0,0,0,0,0,0,0,0,0,0.000051,190,0,0,0,0
49011,Davis County,,UT,26123,343190,369313,54,55,109,20163,19815,39978,6,0.359488,0.388666,4042.595862,0.000737,7,0.024361,0.025181,0.500721,0.184185
49013,Duchesne County,,UT,1688,20073,21761,4,7,11,806,901,1707,6,0.296391,0.310498,29.965862,0.000095,7,0.002093,0.001293,0.821429,0.014219
49015,Emery County,,UT,723,12135,12858,3,3,6,277,353,630,6,0.295754,0.309166,0,0.000098,7,0.00103,0.000904,1,0.006858
49017,Garfield County,,UT,405,5347,5752,1,2,3,61,127,188,7,0.255637,0.264655,0,0.000065,7,0.000085,0.000149,1,0.000735
49019,Grand County,,UT,771,10187,10958,3,1,4,222,98,320,6,0.294309,0.307345,0,0.000086,7,0.000832,0.000579,0.833333,0.006015
49021,Iron County,,UT,4296,43803,48099,20,18,38,2702,2729,5431,6,0.339958,0.360654,3893.960231,0.00036,7,0.007519,0.006615,0.463203,0.05502
49023,Juab County,,UT,812,10784,11596,3,3,6,484,496,980,6,0.295754,0.309166,0,0.000093,7,0.001031,0.000903,1,0.00686
49025,Kane County,,UT,625,6905,7530,5,3,8,285,232,517,7,0.262532,0.272738,0.183333,0.000115,7,0.001909,0.000253,0.9,0.013722
49027,Millard County,,UT,868,13844,14712,5,4,9,445,389,834,6,0.295845,0.309455,0,0.000115,7,0.002303,0.001042,1,0.016696
49029,Morgan County,,UT,738,10676,11414,3,4,7,430,479,909,6,0.296239,0.309864,0,0.000086,7,0.000917,0.001206,1,0.006727
49031,Piute County,,UT,98,1466,1564,0,0,0,0,0,0,0,0,0,0,0.000051,191,0,0,0,0
49033,Rich County,,UT,252,2351,2603,0,0,0,0,0,0,0,0,0,0,0.000051,192,0,0,0,0
49035,Salt Lake County,,UT,57798,1186453,1244251,176,183,359,46159,47303,93462,5,0.416991,0.459068,93352.906121,0.002412,7,0.069523,0.071042,0.265619,0.504124
49037,San Juan County,,UT,1048,10242,11290,6,4,10,546,491,1037,6,0.295966,0.309685,5.779325,0.000138,7,0.001212,0.001019,0.6,0.008608
49039,Sanpete County,,UT,1826,25924,27750,7,7,14,1115,1056,2171,6,0.295936,0.309973,4.883333,0.000169,7,0.00125,0.001156,0.761905,0.009075
49041,Sevier County,,UT,1354,22466,23820,6,5,11,655,648,1303,6,0.295876,0.309628,16.320379,0.000133,7,0.002219,0.001052,0.933333,0.015485
49043,Summit County,,UT,3766,42495,46261,11,10,21,2173,2077,4250,6,0.336124,0.355212,83.299302,0.00018,7,0.007688,0.005503,0.852564,0.055055
49045,Tooele County,,UT,4307,64691,68998,11,10,21,3277,2823,6100,6,0.334452,0.353419,6.701814,0.000206,7,0.00396,0.003646,0.75,0.029232
49047,Uintah County,,UT,3470,32741,36211,9,12,21,1180,1762,2942,6,0.333026,0.352047,339.205374,0.000181,7,0.001565,0.002787,0.583333,0.011279
49049,Utah County,,UT,34493,528684,563177,101,122,223,26873,26841,53714,5,0.388419,0.425948,29509.67867,0.001469,7,0.037684,0.051514,0.337036,0.28665
49051,Wasatch County,,UT,2406,24578,26984,7,5,12,1638,1513,3151,6,0.29633,0.310152,0,0.000134,7,0.003552,0.001246,0.97619,0.025616
49053,Washington County,,UT,10331,141209,151540,32,33,65,6479,6757,13236,6,0.343308,0.366621,8748.135185,0.000541,7,0.010365,0.010148,0.392643,0.076363
49055,Wayne County,,UT,207,2827,3034,0,0,0,0,0,0,0,0,0,0,0.000051,193,0,0,0,0
49057,Weber County,,UT,16237,261511,277748,29,28,57,12575,11414,23989,6,0.348355,0.372213,1233.738345,0.000423,7,0.013218,0.013913,0.581513,0.098439
50001,Addison County,,VT,2153,43168,45321,5,6,11,948,992,1940,6,0.264647,0.275303,12.968749,0.000146,113,0.000199,0.000213,0.5,0.001665
50003,Bennington County,,VT,1929,43503,45432,5,7,12,690,780,1470,6,0.268132,0.280474,19.486133,0.000125,117,0.00017,0.000486,0.452381,0.001503
50005,Caledonia County,,VT,1732,35826,37558,7,7,14,882,857,1739,6,0.265108,0.27611,626.559723,0.000206,113,0.000266,0.000224,0.571429,0.002202
50007,Chittenden County,,VT,10038,182547,192585,47,47,94,5781,5743,11524,5,0.359443,0.386302,45602.613175,0.000631,113,0.018997,0.021278,0.447055,0.128521
50009,Essex County,,VT,478,7039,7517,3,4,7,261,273,534,7,0.255389,0.264278,5.70032,0.000116,113,0.000008,0.000062,0.5,0.000362
50011,Franklin County,,VT,2410,57922,60332,6,7,13,1380,1390,2770,6,0.264938,0.275966,25.304723,0.000179,113,0.000197,0.000179,0.52381,0.001733
50013,Grand Isle County,,VT,638,8663,9301,2,3,5,356,406,762,6,0.264816,0.275216,0,0.000084,113,0.000179,0.000166,1,0.001264
50015,Lamoille County,,VT,1759,29310,31069,6,5,11,982,865,1847,6,0.26455,0.274957,2.136905,0.000182,113,0.000192,0.000173,0.766667,0.001777
50017,Orange County,,VT,2041,34318,36359,5,5,10,1288,1299,2587,6,0.265083,0.275822,0.94906,0.000144,113,0.000278,0.000262,0.85,0.002244
50019,Orleans County,,VT,1337,32409,33746,6,6,12,507,587,1094,6,0.264598,0.275187,533.127561,0.00019,113,0.000191,0.000173,0.633333,0.001763
50021,Rutland County,,VT,3066,74221,77287,7,8,15,966,1072,2038,6,0.29389,0.30946,120.391397,0.000181,113,0.000216,0.001017,0.482143,0.002271
50023,Washington County,,VT,3666,72354,76020,11,9,20,2011,1701,3712,6,0.293861,0.309518,625.068382,0.000271,113,0.001064,0.00099,0.481818,0.008057
50025,Windham County,,VT,2885,52355,55240,10,9,19,1217,1231,2448,6,0.271201,0.283927,503.546547,0.000181,113,0.002474,0.000566,0.469697,0.016948
50027,Windsor County,,VT,4305,69303,73608,16,11,27,2299,2210,4509,6,0.295452,0.311311,977.253949,0.000265,113,0.00496,0.001927,0.481618,0.032442
51001,Accomack County,,VA,1748,37267,39015,5,6,11,482,641,1123,6,0.289912,0.304387,20.677908,0.000128,195,0.001159,0.001332,0.366667,0.008601
51003,Albemarle County,,VA,9739,99376,109115,31,38,69,5293,5889,11182,6,0.364565,0.39005,24066.172869,0.000538,195,0.01204,0.018367,0.456811,0.090513
51005,Alleghany County,,VA,663,18184,18847,2,2,4,162,199,361,7,0.241743,0.250227,8699,0.000238,119,0,0.000017,0.333333,0.000197
51007,Amelia County,,VA,898,14661,15559,4,6,10,629,571,1200,6,0.28139,0.294316,10.893092,0.000128,195,0.000609,0.000868,0.666667,0.004032
51009,Amherst County,,VA,2056,35385,37441,5,5,10,1316,1311,2627,7,0.239658,0.248584,33.674398,0.000211,119,0.000045,0.000035,0.55,0.000784
51011,Appomattox County,,VA,832,16855,17687,6,4,10,591,447,1038,7,0.239579,0.248308,23.214277,0.000215,119,0.000048,0.000027,0.533333,0.00089
51013,Arlington County,,VA,39604,219594,259198,140,84,224,33567,32297,65864,5,0.390887,0.423527,7580.820045,0.001508,195,0.073883,0.051375,0.495726,0.509565
51015,Augusta County,,VA,4360,85476,89836,8,9,17,2651,2539,5190,6,0.294309,0.309674,11311.304538,0.000272,195,0.001089,0.001194,0.433333,0.00846
51017,Bath County,,VA,309,5513,5822,0,1,1,0,43,43,9,0.163012,0.165716,0,0.000051,119,0,0,0,0
51019,Bedford County,,VA,4661,78585,83246,12,11,23,3270,2966,6236,6,0.301586,0.317324,8086.319095,0.000346,119,0.001107,0.000912,0.373626,0.008733
51021,Bland County,,VA,333,6767,7100,1,2,3,79,150,229,8,0.211795,0.218088,38.145894,0.000096,119,0.000001,0.000001,0,0.00011
51023,Botetourt County,,VA,2293,39496,41789,5,7,12,1538,1408,2946,7,0.243289,0.253242,5985.006564,0.000172,119,0.00008,0.000039,0.52381,0.000826
51025,Brunswick County,,VA,1019,16777,17796,4,5,9,340,403,743,7,0.269935,0.281209,6088.204127,0.000175,195,0.000369,0.000226,0.357143,0.002521
51027,Buchanan County,,VA,938,22724,23662,4,2,6,386,421,807,8,0.194615,0.199391,30.635479,0.000156,160,0.000001,0,0.333333,0.000394
51029,Buckingham County,,VA,886,15568,16454,4,5,9,275,375,650,7,0.267685,0.277952,19.641317,0.000133,195,0.000168,0.000185,0.4,0.001224
51031,Campbell County,,VA,4136,61685,65821,8,7,15,2962,2669,5631,7,0.243412,0.253461,106.707528,0.000297,119,0.000084,0.000054,0.446429,0.001246
51033,Caroline County,,VA,2875,31709,34584,12,10,22,2124,1814,3938,6,0.307096,0.32366,30.912775,0.000227,195,0.002722,0.002775,0.734848,0.020878
51035,Carroll County,,VA,1152,31208,32360,6,5,11,677,559,1236,7,0.232732,0.240658,1254.430647,0.00028,119,0.000016,0.000014,0.233333,0.000709
51036,Charles City County,,VA,478,8210,8688,3,4,7,286,287,573,6,0.281253,0.293797,1.789875,0.000103,195,0.000741,0.000867,0.916667,0.004882
51037,Charlotte County,,VA,700,13655,14355,3,5,8,270,320,590,7,0.239658,0.248625,37.995872,0.000132,195,0.000012,0.000038,0.4,0.000396
51041,Chesterfield County,,VA,24976,368064,393040,85,92,177,19507,18324,37831,5,0.381801,0.415421,61510.796757,0.001186,195,0.035023,0.04342,0.404123,0.252433
51043,Clarke County,,VA,1251,15307,16558,7,6,13,904,766,1670,6,0.277394,0.289294,1.507012,0.000188,195,0.001416,0.000664,0.880952,0.011945
51045,Craig County,,VA,267,5569,5836,4,2,6,193,93,286,7,0.242798,0.251513,0,0.000131,119,0.000158,0.000027,1,0.001025
51047,Culpeper County,,VA,3615,51348,54963,12,12,24,2388,2132,4520,6,0.30664,0.323285,3675.20895,0.000274,195,0.00215,0.003164,0.527473,0.018635
51049,Cumberland County,,VA,696,10311,11007,5,5,10,338,347,685,6,0.281198,0.293895,93.917474,0.000145,195,0.000749,0.000661,0.5,0.005077
51051,Dickenson County,,VA,467,14854,15321,1,3,4,141,244,385,8,0.194523,0.19952,4.651676,0.000084,160,0,0,0.666667,0.000109
51053,Dinwiddie County,,VA,2216,30617,32833,10,8,18,1511,1453,2964,6,0.282545,0.295861,65.88077,0.000231,195,0.001082,0.000942,0.6,0.007682
51057,Essex County,,VA,780,12764,13544,6,5,11,394,337,731,6,0.278302,0.290528,1987.790402,0.000215,195,0.000419,0.000395,0.433333,0.003412
51059,Fairfax County,,VA,106453,1212233,1318686,305,280,585,94447,93517,187964,5,0.439696,0.489848,186709.635638,0.003647,195,0.11545,0.108954,0.214511,0.809899
51061,Fauquier County,,VA,5397,73486,78883,15,15,30,3689,3284,6973,6,0.306282,0.323054,2388.299872,0.0003,195,0.00388,0.003592,0.551471,0.032465
51063,Floyd County,,VA,744,16496,17240,4,3,7,369,273,642,7,0.254669,0.263866,117.788444,0.000144,119,0.000158,0.000063,0.45,0.00102
51065,Fluvanna County,,VA,1818,28451,30269,7,6,13,1056,924,1980,6,0.281144,0.293664,88.273117,0.00017,195,0.000642,0.000554,0.642857,0.004686
51067,Franklin County,,VA,2479,60127,62606,9,7,16,1606,1308,2914,7,0.243289,0.253271,125.652281,0.000242,119,0.000178,0.000045,0.472222,0.001672
51069,Frederick County,,VA,6625,89126,95751,14,13,27,4879,4380,9259,6,0.306347,0.32291,2632.160635,0.000319,195,0.002911,0.002292,0.470833,0.023556
51071,Giles County,,VA,899,19181,20080,4,4,8,477,468,945,7,0.255637,0.26509,2758.732657,0.000213,119,0.000087,0.000055,0.333333,0.00082
51073,Gloucester County,,VA,2701,43626,46327,10,11,21,1563,1248,2811,6,0.293354,0.309276,8909.539303,0.000273,195,0.00267,0.001705,0.442308,0.019454
51075,Goochland County,,VA,1379,23194,24573,5,6,11,1096,776,1872,6,0.28139,0.294287,0.248925,0.000123,195,0.001012,0.000912,0.9,0.006863
51077,Grayson County,,VA,816,16277,17093,3,4,7,249,353,602,8,0.207582,0.213566,62.204721,0.000173,119,0,0.000001,0.3,0.000296
51079,Greene County,,VA,1511,20743,22254,5,5,10,854,835,1689,7,0.267537,0.277722,114.183936,0.000152,195,0.00026,0.000193,0.7,0.001896
51081,Greensville County,,VA,542,9179,9721,2,2,4,135,105,240,8,0.212636,0.218205,6.324839,0.000124,195,0.000006,0.000003,0.333333,0.00021
51083,Halifax County,,VA,1351,38916,40267,5,5,10,355,429,784,7,0.236987,0.245474,43.334812,0.000174,119,0.00004,0.000028,0.2,0.000726
51085,Hanover County,,VA,7109,116571,123680,14,15,29,5027,4603,9630,6,0.314205,0.333062,588.07688,0.000295,195,0.003096,0.003588,0.477941,0.022773
51087,Henrico County,,VA,28505,346305,374810,95,95,190,21754,22255,44009,5,0.385056,0.419042,61234.657161,0.001358,195,0.042814,0.0449,0.422941,0.301384
51089,Henry County,,VA,2551,60490,63041,7,9,16,1354,1442,2796,6,0.278946,0.292823,4137.425205,0.000218,119,0.000434,0.000508,0.319444,0.004054
51091,Highland County,,VA,113,2703,2816,0,0,0,0,0,0,0,0,0,0,0.000051,194,0,0,0,0
51093,Isle of Wight County,,VA,3056,41657,44713,11,12,23,1977,1737,3714,6,0.292404,0.307846,73.359034,0.0002,195,0.002275,0.002154,0.636364,0.015982
51095,James City County,,VA,5831,75332,81163,18,20,38,3346,2866,6212,6,0.31366,0.33312,631.438952,0.000319,195,0.00482,0.00612,0.496047,0.035548
51097,King and Queen County,,VA,618,7133,7751,6,3,9,390,260,650,6,0.278168,0.290009,7.380476,0.000178,195,0.00048,0.000369,0.666667,0.003756
51099,King George County,,VA,2502,26314,28816,11,10,21,1384,1469,2853,6,0.326925,0.345025,354.982456,0.000196,195,0.003259,0.003467,0.583333,0.024398
51101,King William County,,VA,1295,19294,20589,9,8,17,1112,826,1938,6,0.281554,0.294806,37.215668,0.000257,195,0.001079,0.00094,0.583333,0.007667
51103,Lancaster County,,VA,633,13567,14200,2,2,4,158,129,287,6,0.280816,0.29258,4051.742843,0.000166,195,0,0.000332,0.333333,0.000193
51105,Lee County,,VA,860,22189,23049,3,4,7,203,330,533,7,0.23808,0.245901,23.306291,0.000157,160,0.000017,0.000019,0.5,0.000461
51107,Loudoun County,,VA,27439,357977,385416,117,83,200,28064,19276,47340,5,0.381953,0.414026,16665.136855,0.001367,195,0.063257,0.046672,0.504323,0.441737
51109,Louisa County,,VA,2258,36015,38273,13,12,25,1636,1284,2920,6,0.284323,0.298374,109.368737,0.000241,195,0.002912,0.001229,0.6,0.021738
51111,Lunenburg County,,VA,606,12108,12714,6,4,10,356,256,612,7,0.220049,0.226961,561.593904,0.00018,195,0.00038,0.000014,0.5,0.00276
51113,Madison County,,VA,916,14652,15568,4,3,7,433,462,895,7,0.234869,0.242448,2.351124,0.000124,195,0.000199,0.000036,0.75,0.001423
51115,Mathews County,,VA,612,9935,10547,1,2,3,163,202,365,7,0.226852,0.233947,0,0.000072,195,0.000014,0.000025,1,0.000252
51117,Mecklenburg County,,VA,1564,34288,35852,7,8,15,596,655,1251,6,0.281692,0.29518,4973.880177,0.000209,195,0.000974,0.000871,0.232143,0.006734
51119,Middlesex County,,VA,645,11954,12599,3,1,4,250,84,334,7,0.226834,0.233774,2.589696,0.000115,195,0.000388,0.000022,0.333333,0.002883
51121,Montgomery County,,VA,7245,77923,85168,20,27,47,2855,3486,6341,6,0.340839,0.363283,41444.416561,0.000463,119,0.006452,0.010286,0.407407,0.049287
51125,Nelson County,,VA,1002,17166,18168,5,5,10,419,491,910,7,0.267784,0.27801,171.763436,0.000167,195,0.000249,0.000182,0.5,0.001812
51127,New Kent County,,VA,1289,21224,22513,10,6,16,1238,669,1907,6,0.278893,0.29141,13.965434,0.000207,195,0.001555,0.000643,0.622222,0.010631
51131,Northampton County,,VA,754,13780,14534,2,3,5,263,368,631,6,0.289563,0.303349,0,0.00008,195,0.000645,0.001105,1,0.004984
51133,Northumberland County,,VA,703,14437,15140,3,2,5,264,186,450,7,0.219447,0.225333,1298.275653,0.000179,195,0.000007,0,0.5,0.000386
51135,Nottoway County,,VA,1033,16177,17210,5,6,11,446,487,933,6,0.27849,0.291018,922.683801,0.000164,195,0.000381,0.000517,0.533333,0.002691
51137,Orange County,,VA,2914,37882,40796,12,14,26,1981,1828,3809,6,0.306347,0.323054,1724.246043,0.000263,195,0.001969,0.002145,0.467033,0.016016
51139,Page County,,VA,1110,27392,28502,3,4,7,391,445,836,7,0.235155,0.243076,2.699986,0.000123,195,0.000042,0.00007,0.666667,0.000681
51141,Patrick County,,VA,795,18985,19780,3,3,6,328,310,638,7,0.232526,0.240214,22.494311,0.000142,119,0.000019,0.000017,0.333333,0.000443
51143,Pittsylvania County,,VA,3142,70889,74031,9,10,19,2153,1852,4005,6,0.279,0.293019,1026.889374,0.000271,119,0.000471,0.000526,0.366667,0.004543
51145,Powhatan County,,VA,1693,30346,32039,7,5,12,1348,982,2330,6,0.281308,0.294027,5.919809,0.000166,195,0.001022,0.000865,0.690476,0.006997
51147,Prince Edward County,,VA,1381,19061,20442,7,9,16,480,689,1169,6,0.278731,0.291883,1211.926522,0.000219,195,0.000381,0.000534,0.3,0.002843
51149,Prince George County,,VA,5253,34407,39660,19,21,40,2776,2975,5751,6,0.329384,0.349787,1850.227106,0.000329,195,0.0054,0.007032,0.523551,0.042669
51153,Prince William County,,VA,42699,449996,492695,151,116,267,46478,33923,80401,5,0.396245,0.43282,32019.143003,0.001839,195,0.069236,0.057426,0.364732,0.488697
51155,Pulaski County,,VA,1913,36534,38447,5,5,10,1005,945,1950,7,0.254759,0.264189,45.064182,0.000208,119,0.000124,0.000058,0.4,0.000986
51157,Rappahannock County,,VA,635,8147,8782,3,3,6,287,316,603,7,0.234945,0.24265,0.437302,0.00011,195,0.000075,0.000073,0.833333,0.000889
51159,Richmond County,,VA,588,8348,8936,3,4,7,291,310,601,7,0.222419,0.229575,1651.565546,0.000182,195,0.000007,0.000017,0.333333,0.000419
51161,Roanoke County,,VA,8386,108729,117115,11,17,28,5194,5548,10742,6,0.316337,0.336141,8456.749249,0.000331,119,0.001143,0.004352,0.388889,0.008952
51163,Rockbridge County,,VA,1227,24232,25459,4,5,9,519,516,1035,7,0.242758,0.252268,11629.80757,0.000231,195,0.00001,0.000028,0.2,0.000458
51165,Rockingham County,,VA,4571,90799,95370,9,9,18,2741,2705,5446,6,0.306218,0.322259,5427.850787,0.000275,195,0.001121,0.001114,0.366667,0.008863
51167,Russell County,,VA,1137,27472,28609,5,8,13,660,779,1439,7,0.239718,0.248391,3198.574261,0.000242,160,0.000001,0.000066,0.416667,0.000535
51169,Scott County,,VA,1028,22978,24006,5,5,10,609,673,1282,7,0.238571,0.246749,24.76178,0.000218,160,0.000021,0.000066,0.533333,0.000697
51171,Shenandoah County,,VA,2685,48233,50918,10,9,19,1671,1417,3088,6,0.306185,0.322161,1652.092251,0.000254,195,0.001885,0.00167,0.572727,0.016119
51173,Smyth County,,VA,1225,34786,36011,4,3,7,577,481,1058,7,0.238886,0.246549,617.492877,0.000208,160,0.000002,0.00002,0.35,0.000445
51175,Southampton County,,VA,1157,19136,20293,7,6,13,744,517,1261,6,0.280109,0.292448,118.979153,0.00018,195,0.001431,0.000773,0.625,0.010376
51177,Spotsylvania County,,VA,11828,137679,149507,32,28,60,9140,8050,17190,6,0.333526,0.355229,1561.056714,0.000474,195,0.01312,0.010909,0.542017,0.098959
51179,Stafford County,,VA,15549,138155,153704,47,42,89,11886,10569,22455,6,0.345648,0.371573,4204.405141,0.000639,195,0.023574,0.019966,0.550528,0.177134
51181,Surry County,,VA,511,7496,8007,2,3,5,133,160,293,6,0.280789,0.292765,0,0.000075,195,0.000402,0.000392,1,0.002674
51183,Sussex County,,VA,940,11149,12089,4,8,12,316,492,808,6,0.284379,0.298132,5838.477419,0.000151,195,0.000439,0.000722,0.333333,0.00294
51185,Tazewell County,,VA,2116,44270,46386,5,7,12,1031,930,1961,7,0.241299,0.250315,2979.332405,0.000254,160,0.000001,0.000067,0.267857,0.000555
51187,Warren County,,VA,2715,42237,44952,13,12,25,1947,1556,3503,6,0.306088,0.322363,3975.515389,0.000313,195,0.002708,0.002228,0.516484,0.022287
51191,Washington County,,VA,3046,57389,60435,9,8,17,1694,1758,3452,7,0.239837,0.248581,9020.437476,0.000345,160,0.000405,0.000063,0.347222,0.003909
51193,Westmoreland County,,VA,1380,19573,20953,8,8,16,750,759,1509,7,0.260122,0.271623,8535.806191,0.000176,195,0.001608,0.000451,0.409091,0.012703
51195,Wise County,,VA,1634,39402,41036,7,8,15,816,931,1747,7,0.239857,0.248691,10106.310919,0.000315,160,0.000018,0.00002,0.232143,0.000867
51197,Wythe County,,VA,1444,32025,33469,7,6,13,582,628,1210,7,0.256955,0.267013,7640.37938,0.000316,119,0.000087,0.000072,0.125,0.001094
51199,York County,,VA,9602,73162,82764,25,25,50,5043,5260,10303,6,0.345276,0.368194,2131.096072,0.000379,195,0.010327,0.011424,0.541936,0.08015
51510,Alexandria city,,VA,30403,147113,177516,91,58,149,23978,24235,48213,5,0.375992,0.405702,2840.902176,0.001048,195,0.053291,0.037352,0.624412,0.379796
51515,Bedford city,,VA,477,6899,7376,3,3,6,286,233,519,7,0.23946,0.247864,0,0.000127,119,0.000078,0.000033,1,0.000692
51520,Bristol city,,VA,1896,16908,18804,4,4,8,1341,1314,2655,7,0.238768,0.246647,237.11031,0.000184,160,0.000033,0.000066,0.65,0.000955
51530,Buena Vista city,,VA,602,6829,7431,2,2,4,263,300,563,8,0.195364,0.200279,0,0.000157,195,0,0,1,0.000192
51540,Charlottesville city,,VA,6093,37855,43948,20,22,42,3177,3731,6908,6,0.344208,0.365865,8621.351886,0.000358,195,0.008369,0.010111,0.496667,0.061615
51550,Chesapeake city,,VA,23884,246798,270682,60,66,126,19371,17415,36786,6,0.37284,0.402519,7532.397302,0.000776,195,0.027231,0.032149,0.47864,0.196515
51570,Colonial Heights city,,VA,2613,20067,22680,7,7,14,1459,1670,3129,6,0.282517,0.295688,0,0.000166,195,0.00107,0.000939,1,0.007341
51580,Covington city,,VA,422,7046,7468,2,1,3,195,117,312,8,0.194693,0.199063,2891,0.000195,119,0,0,0,0.00018
51590,Danville city,,VA,2981,44836,47817,6,7,13,1427,1774,3201,6,0.305699,0.320915,1423.770662,0.000184,119,0.000427,0.001363,0.547619,0.004046
51595,Emporia city,,VA,473,6622,7095,2,2,4,128,148,276,7,0.221482,0.227909,36.48476,0.000133,195,0.000002,0.000004,0.333333,0.000207
51600,Fairfax city,,VA,4091,25324,29415,7,9,16,2580,3000,5580,6,0.30775,0.323758,0.090909,0.000143,195,0.0039,0.005336,0.972222,0.032399
51610,Falls Church city,,VA,2209,12217,14426,6,6,12,1479,1374,2853,6,0.306055,0.32144,0,0.000129,195,0.003422,0.003884,1,0.028348
51620,Franklin city,,VA,782,9411,10193,5,2,7,515,301,816,7,0.251348,0.259718,0,0.000126,195,0.001163,0.00007,0.95,0.008592
51630,Fredericksburg city,,VA,4965,20601,25566,11,9,20,3479,3590,7069,6,0.306868,0.323198,103.752383,0.00021,195,0.0029,0.002472,0.736364,0.022493
51640,Galax city,,VA,563,7706,8269,3,3,6,406,270,676,7,0.232227,0.239546,1083.271029,0.000158,119,0.000015,0.000013,0.666667,0.000407
51650,Hampton city,,VA,19877,143005,162882,50,49,99,11847,13239,25086,6,0.371498,0.399331,5481.264424,0.000645,195,0.027326,0.027781,0.625595,0.201419
51660,Harrisonburg city,,VA,4478,33922,38400,10,8,18,2151,2288,4439,6,0.306542,0.322564,2636.611793,0.000266,195,0.002673,0.001782,0.371212,0.01988
51670,Hopewell city,,VA,3009,24124,27133,9,8,17,1840,1832,3672,6,0.29512,0.310112,54.440328,0.000194,195,0.001433,0.001584,0.677778,0.010491
51678,Lexington city,,VA,651,5533,6184,2,2,4,193,162,355,8,0.195364,0.200279,0,0.000157,195,0,0,1,0.000192
51680,Lynchburg city,,VA,6994,68163,75157,15,15,30,3359,3941,7300,6,0.314376,0.333541,17744.423143,0.000402,119,0.002761,0.004241,0.356725,0.02042
51683,Manassas city,,VA,6535,41199,47734,15,12,27,6177,5112,11289,6,0.307717,0.324219,60.475429,0.000272,195,0.005318,0.004821,0.661905,0.042786
51685,Manassas Park city,,VA,2748,14079,16827,6,7,13,2321,2118,4439,6,0.306218,0.321959,0.565639,0.000136,195,0.002418,0.003355,0.928571,0.019377
51690,Martinsville city,,VA,1211,14418,15629,1,3,4,482,697,1179,6,0.278355,0.29103,0,0.000072,119,0.000004,0.000457,0.666667,0.000132
51700,Newport News city,,VA,28029,188160,216189,79,94,173,16569,19697,36266,5,0.389991,0.42408,28603.329228,0.001054,195,0.039906,0.046103,0.442368,0.29181
51710,Norfolk city,,VA,35178,217654,252832,94,95,189,22329,25592,47921,5,0.386756,0.420541,12684.563475,0.001132,195,0.047629,0.051805,0.478187,0.345095
51720,Norton city,,VA,460,4088,4548,1,1,2,271,239,510,8,0.193469,0.19781,0,0.000084,160,0,0,0,0.000109
51730,Petersburg city,,VA,4700,33568,38268,11,10,21,2727,2798,5525,6,0.303932,0.319993,290.279172,0.000221,195,0.002379,0.002235,0.6,0.018062
51735,Poquoson city,,VA,1191,14260,15451,3,3,6,562,524,1086,6,0.282021,0.293958,0,0.000085,195,0.000711,0.000646,1,0.004894
51740,Portsmouth city,,VA,12385,101599,113984,18,23,41,8021,8642,16663,6,0.346103,0.369192,769.129085,0.000283,195,0.007539,0.011699,0.628307,0.055521
51750,Radford city,,VA,1663,10726,12389,3,3,6,725,783,1508,7,0.255954,0.265128,5.52841,0.000127,119,0.000121,0.000072,0.666667,0.000842
51760,Richmond city,,VA,24090,182486,206576,68,61,129,17508,19438,36946,6,0.368938,0.398196,28245.134088,0.001073,195,0.024635,0.028356,0.372864,0.183257
51770,Roanoke city,,VA,9967,101993,111960,18,19,37,6256,6889,13145,6,0.318638,0.338995,33142.094207,0.000587,119,0.002052,0.004228,0.237154,0.015265
51775,Salem city,,VA,2700,26977,29677,6,7,13,2021,1949,3970,7,0.25634,0.266368,48.594208,0.000185,119,0.000165,0.000093,0.738095,0.001317
51790,Staunton city,,VA,2258,25673,27931,7,4,11,1428,1303,2731,7,0.236096,0.24416,16.766658,0.000224,195,0.000273,0.000043,0.571429,0.002236
51800,Suffolk city,,VA,8625,92188,100813,20,22,42,6446,5488,11934,6,0.335655,0.356716,5817.01133,0.000363,195,0.006938,0.008849,0.525,0.049073
51810,Virginia Beach city,,VA,51698,488336,540034,190,170,360,37951,38003,75954,5,0.406954,0.449101,65878.000168,0.002191,195,0.083876,0.076077,0.308303,0.581943
51820,Waynesboro city,,VA,2354,24245,26599,7,7,14,1614,1411,3025,7,0.267735,0.27824,131.064703,0.000233,195,0.000273,0.000215,0.619048,0.002249
51830,Williamsburg city,,VA,2040,9989,12029,6,7,13,938,1018,1956,6,0.284295,0.297521,5.138821,0.00013,195,0.001409,0.000927,0.785714,0.010357
51840,Winchester city,,VA,4306,26399,30705,9,8,17,2867,2850,5717,6,0.306023,0.321786,837.506441,0.000231,195,0.001871,0.002177,0.708333,0.015927
53001,Adams County,,WA,1362,22239,23601,6,4,10,598,842,1440,7,0.27235,0.28453,0,0.00015,7,0.002428,0.000557,1,0.019231
53003,Asotin County,,WA,1807,22476,24283,6,5,11,1320,1036,2356,7,0.272222,0.28457,220.984512,0.000167,7,0.000443,0.000395,0.766667,0.003603
53005,Benton County,,WA,12079,191122,203201,53,33,86,11974,8626,20600,6,0.343105,0.366621,6058.795858,0.000788,7,0.018767,0.010284,0.491964,0.141197
53007,Chelan County,,WA,5177,83291,88468,19,16,35,4033,3751,7784,6,0.333872,0.353834,121.159263,0.000288,7,0.00778,0.00496,0.740476,0.0582
53009,Clallam County,,WA,3631,77954,81585,21,13,34,2032,1542,3574,6,0.337497,0.357166,92.329543,0.000292,7,0.009943,0.005275,0.777056,0.072574
53011,Clark County,,WA,23493,476768,500261,85,79,164,21488,17600,39088,6,0.364014,0.395457,9204.234339,0.001184,7,0.027369,0.028542,0.388813,0.2065
53013,Columbia County,,WA,289,4217,4506,1,1,2,145,65,210,7,0.250281,0.258096,0,0.000071,7,0.000038,0.000051,0,0.000484
53015,Cowlitz County,,WA,5529,111011,116540,19,20,39,3456,3474,6930,6,0.336868,0.357858,5976.306776,0.000322,7,0.007305,0.006653,0.660079,0.054512
53017,Douglas County,,WA,3309,40109,43418,8,9,17,2777,2449,5226,6,0.312001,0.328243,0.243835,0.000159,7,0.00242,0.002554,0.972222,0.018113
53019,Ferry County,,WA,489,6538,7027,3,2,5,200,154,354,7,0.271966,0.283706,0,0.000105,7,0.001139,0.000253,1,0.008684
53021,Franklin County,,WA,6244,85297,91541,25,13,38,7265,4779,12044,6,0.33801,0.357829,323.878832,0.000391,7,0.011127,0.005122,0.731667,0.083112
53023,Garfield County,,WA,152,2329,2481,0,0,0,0,0,0,0,0,0,0,0.000051,196,0,0,0,0
53025,Grant County,,WA,4839,99151,103990,25,19,44,3702,2967,6669,6,0.338802,0.359558,1572.96333,0.000412,7,0.009003,0.005709,0.548433,0.066697
53027,Grays Harbor County,,WA,3922,72675,76597,14,15,29,2623,2322,4945,6,0.335655,0.355811,76.18629,0.00023,7,0.004387,0.005364,0.804762,0.033071
53029,Island County,,WA,9534,85755,95289,26,27,53,5186,4946,10132,6,0.350042,0.373625,173.387184,0.000328,7,0.014595,0.014731,0.668347,0.10518
53031,Jefferson County,,WA,1714,32607,34321,6,6,12,882,828,1710,6,0.311597,0.327303,0,0.000124,7,0.002355,0.002352,1,0.017441
53033,King County,,WA,117397,2198404,2315801,307,277,584,103464,103826,207290,5,0.440433,0.49013,163059.328506,0.0039,7,0.110435,0.102316,0.200658,0.780249
53035,Kitsap County,,WA,19736,274969,294705,69,61,130,13230,13024,26254,6,0.367859,0.397365,2487.317111,0.000855,7,0.031307,0.028691,0.496842,0.231767
53037,Kittitas County,,WA,3173,37227,40400,13,12,25,2083,1923,4006,6,0.312574,0.329425,0.769217,0.000223,7,0.003415,0.003322,0.901099,0.026424
53039,Klickitat County,,WA,1379,21676,23055,9,8,17,805,732,1537,6,0.306672,0.322489,126.705498,0.000216,7,0.002147,0.002097,0.708333,0.018642
53041,Lewis County,,WA,4910,80805,85715,14,17,31,3078,3285,6363,6,0.333949,0.354064,59.093612,0.000229,7,0.004806,0.005356,0.79085,0.03661
53043,Lincoln County,,WA,771,11446,12217,2,2,4,355,387,742,7,0.271966,0.283706,0,0.000083,7,0.000316,0.000308,1,0.002537
53045,Mason County,,WA,4017,62279,66296,9,10,19,3032,2599,5631,6,0.326372,0.344483,2.298969,0.000154,7,0.003879,0.003855,0.931818,0.028533
53047,Okanogan County,,WA,2205,44002,46207,9,9,18,1113,1115,2228,6,0.3119,0.328099,0.3066,0.00017,7,0.002559,0.002605,0.933333,0.019302
53049,Pacific County,,WA,1431,21999,23430,9,7,16,771,635,1406,6,0.307226,0.322951,2.452493,0.000158,7,0.002849,0.001515,0.866667,0.021261
53051,Pend Oreille County,,WA,1045,13465,14510,2,4,6,415,566,981,6,0.306477,0.321613,0.25,0.000085,7,0.000283,0.00121,0.833333,0.002247
53053,Pierce County,,WA,68608,886579,955187,169,208,377,48036,52972,101008,5,0.42521,0.469445,47433.664197,0.002172,7,0.067341,0.080692,0.271704,0.49958
53055,San Juan County,,WA,983,16332,17315,3,4,7,332,327,659,6,0.305958,0.320904,0,0.000084,7,0.0014,0.001519,1,0.010587
53057,Skagit County,,WA,7598,131788,139386,19,20,39,4756,4629,9385,6,0.339041,0.360585,111.425321,0.000282,7,0.008608,0.009226,0.726449,0.064218
53059,Skamania County,,WA,694,10938,11632,4,3,7,469,320,789,7,0.266944,0.278252,0,0.000125,7,0.000763,0.000274,1,0.006661
53061,Snohomish County,,WA,46778,810587,857365,106,115,221,40276,37872,78148,5,0.38936,0.425775,11095.746386,0.001364,7,0.045175,0.049054,0.391106,0.335744
53063,Spokane County,,WA,24508,519374,543882,91,93,184,17341,17384,34725,6,0.373466,0.407241,40511.975001,0.001446,7,0.027925,0.032269,0.319147,0.213001
53065,Stevens County,,WA,2931,45384,48315,9,6,15,1604,1615,3219,6,0.311833,0.327637,102.951699,0.000206,7,0.002478,0.002211,0.638889,0.018479
53067,Thurston County,,WA,21301,284113,305414,64,66,130,16482,14459,30941,6,0.365441,0.395474,2513.831989,0.000858,7,0.024929,0.02859,0.458305,0.191085
53069,Wahkiakum County,,WA,275,4183,4458,1,1,2,67,87,154,7,0.252005,0.260223,0,0.000065,7,0.000055,0.000061,0,0.000544
53071,Walla Walla County,,WA,3488,60173,63661,16,13,29,2072,2052,4124,6,0.333795,0.353373,5833.387093,0.000314,7,0.006175,0.004564,0.775735,0.047505
53073,Whatcom County,,WA,11416,215296,226712,39,39,78,6912,7306,14218,6,0.349408,0.375401,896.355233,0.000524,7,0.018144,0.016723,0.591304,0.135684
53075,Whitman County,,WA,4446,35718,40164,15,16,31,1903,2499,4402,6,0.333911,0.353891,692.189574,0.000291,7,0.003426,0.004562,0.669935,0.026501
53077,Yakima County,,WA,9058,273110,282168,50,40,90,7750,6231,13981,6,0.343512,0.36805,828.338678,0.000678,7,0.017674,0.012877,0.509428,0.130425
54001,Barbour County,,WV,689,16819,17508,4,5,9,348,382,730,7,0.233578,0.241707,50.713691,0.000226,197,0.000008,0.000042,0.65,0.000428
54003,Berkeley County,,WV,6030,117782,123812,21,18,39,5019,3470,8489,6,0.31006,0.327684,11881.608956,0.000493,195,0.004484,0.004514,0.369565,0.035719
54005,Boone County,,WV,1004,25174,26178,4,4,8,516,613,1129,7,0.252732,0.262557,2.937284,0.000177,197,0.000044,0.000045,0.666667,0.000769
54007,Braxton County,,WV,575,13997,14572,2,3,5,111,150,261,7,0.25282,0.262574,2680.041947,0.000138,197,0.000001,0.000035,0.333333,0.000194
54009,Brooke County,,WV,1152,27147,28299,5,5,10,615,699,1314,6,0.295694,0.309881,1.664184,0.000151,197,0.000796,0.000792,0.8,0.005928
54011,Cabell County,,WV,6050,97242,103292,14,17,31,3262,3415,6677,6,0.316129,0.335513,13349.59847,0.000524,197,0.00087,0.002003,0.232026,0.007552
54013,Calhoun County,,WV,294,7154,7448,0,1,1,0,40,40,8,0.201758,0.206603,0,0.000051,197,0,0,0,0
54015,Clay County,,WV,523,9614,10137,3,2,5,215,241,456,7,0.252644,0.262096,1,0.000177,197,0.000043,0.000036,0.666667,0.000595
54017,Doddridge County,,WV,329,5773,6102,2,1,3,162,138,300,7,0.230047,0.236732,7.899193,0.000125,197,0.000007,0.000001,0,0.000213
54019,Fayette County,,WV,2068,45009,47077,5,5,10,1038,1127,2165,7,0.252842,0.262932,14.617893,0.00021,197,0.00006,0.000037,0.633333,0.000896
54021,Gilmer County,,WV,393,6259,6652,2,2,4,94,125,219,8,0.202323,0.20766,4.066667,0.000142,197,0.000001,0,0.5,0.000192
54023,Grant County,,WV,669,13584,14253,3,2,5,231,269,500,8,0.193132,0.197925,2900.620238,0.000205,195,0.000001,0,0.166667,0.000292
54025,Greenbrier County,,WV,1494,37404,38898,6,6,12,484,423,907,7,0.253042,0.263341,3082.701758,0.000275,197,0.000045,0.000037,0.404762,0.0009
54027,Hampshire County,,WV,1178,25219,26397,5,8,13,534,753,1287,7,0.23948,0.249284,1873.061099,0.000231,195,0.000059,0.000139,0.321429,0.000993
54029,Hancock County,,WV,1683,37456,39139,6,6,12,976,992,1968,6,0.295634,0.30995,3.663721,0.000167,197,0.000814,0.000848,0.666667,0.006378
54031,Hardy County,,WV,820,15745,16565,3,3,6,328,252,580,8,0.193262,0.198421,311.904712,0.000189,195,0.00001,0.000001,0.333333,0.000374
54033,Harrison County,,WV,3025,78859,81884,10,10,20,1617,1439,3056,6,0.29875,0.314222,15177.570232,0.000574,197,0.000066,0.000821,0.327273,0.001767
54035,Jackson County,,WV,1235,32124,33359,5,5,10,646,593,1239,7,0.252887,0.263047,17.835714,0.000252,197,0.000051,0.000044,0.55,0.000882
54037,Jefferson County,,WV,3719,59237,62956,12,9,21,2646,2255,4901,6,0.307324,0.323239,54.9171,0.000229,195,0.004521,0.00318,0.772727,0.034723
54039,Kanawha County,,WV,9113,217339,226452,29,29,58,4860,5370,10230,6,0.337971,0.362101,110700.386461,0.001037,197,0.004248,0.005044,0.142017,0.032283
54041,Lewis County,,WV,842,19364,20206,4,4,8,398,427,825,7,0.233597,0.24162,3142.072268,0.000246,197,0.000007,0.000042,0.4,0.000413
54043,Lincoln County,,WV,1070,21583,22653,5,5,10,711,727,1438,7,0.254445,0.264644,9.29795,0.0002,197,0.00006,0.000052,0.75,0.000933
54045,Logan County,,WV,1227,36290,37517,6,7,13,687,718,1405,7,0.254557,0.265134,4746.994352,0.000207,197,0.00098,0.000044,0.339286,0.006963
54047,McDowell County,,WV,869,18353,19222,2,4,6,220,469,689,8,0.20724,0.213709,3894.657079,0.000115,160,0.000076,0,0.25,0.001135
54049,Marion County,,WV,2766,62730,65496,10,5,15,1455,1383,2838,7,0.253508,0.263946,1173.052237,0.000408,197,0.00081,0.000077,0.366667,0.006715
54051,Marshall County,,WV,1432,35869,37301,4,4,8,709,764,1473,7,0.238158,0.246894,3356.72035,0.000152,197,0.000034,0.000061,0.3,0.000575
54053,Mason County,,WV,1077,27816,28893,6,6,12,640,622,1262,7,0.254579,0.265076,123.399364,0.000241,197,0.000067,0.000057,0.4,0.001069
54055,Mercer County,,WV,2607,64252,66859,10,8,18,1219,1040,2259,7,0.255728,0.266929,9165.575762,0.000465,160,0.000044,0.000045,0.209091,0.001308
54057,Mineral County,,WV,1282,32271,33553,6,5,11,793,666,1459,7,0.239301,0.248477,9614.495529,0.000339,195,0.000029,0.000099,0.309524,0.001156
54059,Mingo County,,WV,1150,25382,26532,3,6,9,378,655,1033,7,0.254691,0.265261,2250.28079,0.000139,160,0.000045,0.00005,0.133333,0.000689
54061,Monongalia County,,WV,5708,84989,90697,29,15,44,3395,2259,5654,6,0.30438,0.321774,53277.861165,0.000951,197,0.004927,0.001686,0.158867,0.038325
54063,Monroe County,,WV,611,13660,14271,4,3,7,313,300,613,8,0.210653,0.216831,26.189089,0.000222,197,0.000001,0.000001,0.583333,0.000424
54065,Morgan County,,WV,1022,19081,20103,3,4,7,368,460,828,7,0.237064,0.245283,4.091977,0.000116,195,0.000083,0.00012,0.666667,0.001008
54067,Nicholas County,,WV,1096,27735,28831,4,7,11,363,510,873,7,0.253596,0.264408,9181.464074,0.000219,197,0.000043,0.000078,0.285714,0.000707
54069,Ohio County,,WV,2315,51872,54187,7,8,15,1279,1364,2643,6,0.307651,0.324207,2602.464151,0.000213,197,0.000838,0.001595,0.486111,0.006452
54071,Pendleton County,,WV,445,8799,9244,0,1,1,0,45,45,9,0.161917,0.164789,0,0.000051,195,0,0,0,0
54073,Pleasants County,,WV,384,8066,8450,2,1,3,108,143,251,7,0.234526,0.241469,0,0.000114,197,0.000007,0.000008,1,0.00026
54075,Pocahontas County,,WV,489,9223,9712,0,2,2,0,95,95,7,0.262194,0.271914,0,0.000051,7,0,0.000181,0,0
54077,Preston County,,WV,1442,34113,35555,4,6,10,622,752,1374,7,0.233673,0.24211,53.327681,0.000261,197,0.000015,0.000068,0.466667,0.000876
54079,Putnam County,,WV,3755,63449,67204,7,8,15,2673,2298,4971,7,0.255411,0.266725,50.089435,0.000279,197,0.000061,0.000093,0.466667,0.001143
54081,Raleigh County,,WV,3380,81053,84433,10,10,20,1403,1410,2813,7,0.255615,0.267221,4015.458492,0.00043,197,0.000061,0.000086,0.318182,0.001408
54083,Randolph County,,WV,1195,30991,32186,3,6,9,318,470,788,7,0.253552,0.264148,5925.497816,0.000204,197,0.000001,0.000083,0.366667,0.000294
54085,Ritchie County,,WV,540,12066,12606,1,3,4,105,237,342,7,0.234583,0.241873,141.744142,0.000089,197,0.000007,0.000008,0.333333,0.000169
54087,Roane County,,WV,750,15339,16089,4,3,7,347,314,661,7,0.252666,0.262269,2892,0.000243,197,0.000043,0.000036,0.333333,0.000683
54089,Summers County,,WV,524,11491,12015,3,4,7,195,236,431,8,0.204282,0.210553,4.198185,0.000176,197,0.000001,0.000001,0.75,0.000345
54091,Taylor County,,WV,879,17440,18319,5,5,10,558,572,1130,7,0.233578,0.241707,793.076762,0.000298,197,0.000022,0.000049,0.7,0.000926
54093,Tucker County,,WV,353,8005,8358,1,1,2,72,88,160,8,0.202281,0.207429,0,0.00008,197,0.000001,0,0,0.000096
54095,Tyler County,,WV,523,9819,10342,1,1,2,165,184,349,8,0.1894,0.193521,0,0.000089,197,0,0,0,0.000096
54097,Upshur County,,WV,1078,25096,26174,5,5,10,426,463,889,7,0.233616,0.241793,8502.623212,0.000273,197,0.000022,0.000042,0.55,0.000859
54099,Wayne County,,WV,1974,41283,43257,5,5,10,1194,1257,2451,7,0.254601,0.264961,350.177627,0.000204,197,0.000027,0.000059,0.466667,0.000695
54101,Webster County,,WV,369,8893,9262,1,1,2,107,127,234,8,0.202309,0.207527,0,0.000078,197,0.000001,0,0,0.000101
54103,Wetzel County,,WV,817,18533,19350,3,4,7,295,341,636,7,0.233635,0.241637,5838.046879,0.00018,197,0.000001,0.000048,0.15,0.000284
54105,Wirt County,,WV,278,5537,5815,1,1,2,131,114,245,7,0.234526,0.241469,0,0.000089,197,0.000007,0.000008,0,0.000169
54107,Wood County,,WV,3527,98293,101820,12,12,24,1830,1630,3460,6,0.306347,0.322806,19638.637879,0.000537,197,0.000908,0.00088,0.230769,0.007325
54109,Wyoming County,,WV,762,22480,23242,4,2,6,315,252,567,8,0.204253,0.210207,21.272956,0.000157,197,0.000002,0.000001,0.3,0.000471
55001,Adams County,,WI,1221,21404,22625,10,5,15,810,544,1354,6,0.286948,0.299781,36.555257,0.000196,28,0.002333,0.000423,0.633333,0.01528
55003,Ashland County,,WI,864,18563,19427,3,3,6,289,341,630,7,0.233108,0.240061,235.362424,0.000135,124,0.000009,0.00001,0.333333,0.000351
55005,Barron County,,WI,2559,56274,58833,11,11,22,1348,1367,2715,6,0.304476,0.320627,1534.101499,0.000292,124,0.000815,0.001113,0.416667,0.006307
55007,Bayfield County,,WI,880,18196,19076,3,3,6,346,309,655,7,0.259842,0.269152,223.854623,0.000134,124,0.000068,0.000052,0.666667,0.000701
55009,Brown County,,WI,12260,309418,321678,38,38,76,8381,7942,16323,6,0.35643,0.382146,33621.711952,0.000805,28,0.007758,0.01127,0.294203,0.055239
55011,Buffalo County,,WI,821,16850,17671,3,4,7,299,380,679,7,0.256932,0.266056,21.091501,0.000111,124,0.000054,0.000049,0.416667,0.000667
55013,Burnett County,,WI,945,18606,19551,4,5,9,368,370,738,6,0.285474,0.297504,345.57611,0.000124,124,0.001053,0.000272,0.7,0.00673
55015,Calumet County,,WI,3879,60268,64147,9,9,18,3045,2848,5893,6,0.295271,0.309172,0.910714,0.000175,28,0.001224,0.001019,0.916667,0.008094
55017,Chippewa County,,WI,3686,74396,78082,11,10,21,2562,2298,4860,6,0.304572,0.320558,1503.502353,0.000256,124,0.001264,0.001303,0.477273,0.008806
55019,Clark County,,WI,1837,40436,42273,6,6,12,946,1120,2066,7,0.257138,0.266777,13.440528,0.000174,28,0.000102,0.000101,0.566667,0.001367
55021,Columbia County,,WI,4465,70915,75380,13,11,24,3432,2943,6375,6,0.295241,0.309403,161.119629,0.000258,28,0.002219,0.000952,0.551282,0.015426
55023,Crawford County,,WI,995,19560,20555,6,5,11,454,489,943,6,0.287262,0.300288,207.634286,0.000171,28,0.000492,0.000408,0.533333,0.003514
55025,Dane County,,WI,29942,593227,623169,121,135,256,21141,22662,43803,5,0.402086,0.439905,99037.451426,0.001727,28,0.043228,0.053849,0.29051,0.303276
55027,Dodge County,,WI,5410,105259,110669,13,14,27,3938,3839,7777,6,0.295452,0.310095,22.172306,0.000221,28,0.001484,0.001238,0.608333,0.009629
55029,Door County,,WI,1514,35692,37206,7,4,11,600,599,1199,6,0.2941,0.306463,496.904055,0.000159,28,0.001941,0.000556,0.761905,0.012799
55031,Douglas County,,WI,2210,50614,52824,7,8,15,1204,1039,2243,6,0.303294,0.31805,6766.889404,0.000222,124,0.00111,0.000926,0.339286,0.007332
55033,Dunn County,,WI,2827,45377,48204,11,12,23,1675,1562,3237,6,0.307553,0.323959,2092.923952,0.000251,124,0.001596,0.001834,0.554945,0.010575
55035,Eau Claire County,,WI,7113,110258,117371,28,28,56,4622,4956,9578,6,0.345318,0.367572,28033.264902,0.000565,124,0.00389,0.004515,0.294355,0.026195
55037,Florence County,,WI,319,5426,5745,1,1,2,58,88,146,8,0.209053,0.214203,0,0.000096,28,0.000001,0,0,0.000106
55039,Fond du Lac County,,WI,5190,126172,131362,17,19,36,3382,3567,6949,6,0.331233,0.350444,862.081173,0.000291,28,0.002629,0.002938,0.568421,0.017907
55041,Forest County,,WI,418,10860,11278,3,1,4,127,45,172,7,0.262794,0.272323,0,0.000093,28,0.000653,0.000065,1,0.004192
55043,Grant County,,WI,2582,56907,59489,10,10,20,1356,1382,2738,6,0.295664,0.30991,330.452861,0.000237,28,0.001105,0.000908,0.4,0.007323
55045,Green County,,WI,2184,47033,49217,6,5,11,1447,1242,2689,6,0.295211,0.308624,29.155898,0.000144,28,0.000707,0.000852,0.5,0.004121
55047,Green Lake County,,WI,1379,23564,24943,7,7,14,828,882,1710,6,0.287176,0.300346,33.903599,0.000171,28,0.000542,0.00047,0.738095,0.00405
55049,Iowa County,,WI,1494,29357,30851,5,6,11,991,995,1986,6,0.287033,0.30004,2.695489,0.000139,28,0.000481,0.0004,0.666667,0.003269
55051,Iron County,,WI,330,7096,7426,1,1,2,99,94,193,1,1,1,0,0.000472,198,0,0,0,0.000093
55053,Jackson County,,WI,1161,22889,24050,5,5,10,568,594,1162,7,0.257092,0.266506,8.832763,0.000157,28,0.000073,0.000084,0.55,0.001141
55055,Jefferson County,,WI,6151,99044,105195,11,12,23,4221,4276,8497,6,0.341081,0.360464,146.699128,0.000175,28,0.002481,0.003344,0.724359,0.016105
55057,Juneau County,,WI,1794,29784,31578,10,10,20,1110,1103,2213,6,0.295331,0.30946,35.832333,0.00022,28,0.001164,0.000961,0.554545,0.007875
55059,Kenosha County,,WI,9917,194803,204720,16,19,35,6814,6229,13043,6,0.354767,0.377453,129.529237,0.000208,28,0.0069,0.009183,0.685714,0.043948
55061,Kewaunee County,,WI,1017,25655,26672,3,3,6,564,633,1197,7,0.262842,0.272669,0.25,0.000118,28,0.000108,0.000093,0.833333,0.000974
55063,La Crosse County,,WI,6027,131021,137048,28,23,51,3760,3260,7020,6,0.331613,0.351482,5938.591579,0.000524,28,0.00402,0.003311,0.325287,0.026792
55065,Lafayette County,,WI,1117,21457,22574,5,5,10,643,697,1340,6,0.287005,0.299867,92.904721,0.000161,28,0.000467,0.000388,0.55,0.003216
55067,Langlade County,,WI,1022,24374,25396,4,4,8,343,339,682,7,0.263105,0.27339,1.066667,0.000122,28,0.000563,0.000121,0.733333,0.003888
55069,Lincoln County,,WI,1376,36229,37605,5,2,7,652,552,1204,7,0.249117,0.257064,0.5,0.000134,28,0.001007,0.000059,0.8,0.006489
55071,Manitowoc County,,WI,3730,103552,107282,10,11,21,1659,2162,3821,6,0.295362,0.309576,281.79963,0.000201,28,0.001444,0.001151,0.736364,0.008973
55073,Marathon County,,WI,6512,168005,174517,24,23,47,3662,3809,7471,6,0.331689,0.351597,14500.750874,0.000509,28,0.004772,0.00334,0.409231,0.03338
55075,Marinette County,,WI,2377,49752,52129,7,8,15,1176,1312,2488,6,0.295362,0.309201,1539.553684,0.000215,28,0.000709,0.000961,0.589286,0.004947
55077,Marquette County,,WI,1190,18505,19695,8,6,14,776,698,1474,6,0.286948,0.299896,39.094375,0.000174,28,0.001035,0.000429,0.666667,0.006954
55078,Menominee County,,WI,242,4426,4668,1,1,2,110,145,255,7,0.227459,0.233274,0,0.000075,28,0.000005,0.000008,0,0.000158
55079,Milwaukee County,,WI,45840,1077580,1123420,116,143,259,31032,36874,67906,5,0.415852,0.453102,74468.843028,0.001467,28,0.052748,0.062537,0.336432,0.368843
55081,Monroe County,,WI,3094,53356,56450,7,7,14,1182,1374,2556,6,0.287119,0.300357,809.277335,0.000173,28,0.001555,0.00043,0.553571,0.010986
55083,Oconto County,,WI,2073,46636,48709,6,7,13,1532,1428,2960,6,0.295331,0.309028,4.652744,0.000155,28,0.000713,0.000968,0.880952,0.004901
55085,Oneida County,,WI,2215,46522,48737,8,10,18,861,942,1803,6,0.295603,0.309893,1009.73381,0.000221,28,0.0023,0.00101,0.613636,0.014954
55087,Outagamie County,,WI,12960,221596,234556,29,28,57,9526,9545,19071,6,0.345359,0.367601,3676.358557,0.000497,28,0.006079,0.004603,0.400568,0.042974
55089,Ozaukee County,,WI,6003,107843,113846,13,13,26,3899,3867,7766,6,0.346393,0.367082,135.968796,0.000204,28,0.004196,0.005114,0.795833,0.028385
55091,Pepin County,,WI,517,8895,9412,3,3,6,184,213,397,7,0.256841,0.26571,1.015152,0.00011,124,0.000025,0.000058,0.666667,0.000473
55093,Pierce County,,WI,2611,45168,47779,10,10,20,1699,1661,3360,6,0.303581,0.318742,1624.672371,0.000213,124,0.001459,0.00117,0.677778,0.009462
55095,Polk County,,WI,2603,53353,55956,10,11,21,1550,1654,3204,6,0.304572,0.320645,47.497712,0.000202,124,0.001499,0.001513,0.628788,0.009695
55097,Portage County,,WI,4092,80268,84360,13,17,30,2025,2342,4367,6,0.331385,0.350444,516.112653,0.000245,28,0.001509,0.002938,0.593567,0.009909
55099,Price County,,WI,851,17737,18588,2,4,6,117,273,390,7,0.257138,0.266518,127.97084,0.000108,28,0.000001,0.000073,0.5,0.000199
55101,Racine County,,WI,10074,237355,247429,17,19,36,6714,6557,13271,6,0.351917,0.374547,349.480723,0.000232,28,0.005775,0.006805,0.601449,0.03765
55103,Richland County,,WI,1101,20217,21318,5,7,12,569,661,1230,6,0.287147,0.300386,4.171825,0.000139,28,0.000481,0.000432,0.666667,0.003274
55105,Rock County,,WI,8472,195029,203501,18,28,46,4810,5046,9856,6,0.355815,0.379944,1387.700456,0.000279,28,0.004606,0.008847,0.436559,0.030466
55107,Rusk County,,WI,822,17141,17963,3,4,7,259,354,613,7,0.256795,0.265739,0.333333,0.000112,124,0.000058,0.00005,0.75,0.000687
55109,St. Croix County,,WI,5652,102358,108010,13,16,29,3569,3732,7301,6,0.336907,0.357471,776.237386,0.000255,124,0.00199,0.002827,0.533088,0.012836
55111,Sauk County,,WI,4238,77561,81799,12,17,29,2641,2639,5280,6,0.326482,0.344771,816.466772,0.000267,28,0.002084,0.002161,0.424837,0.014689
55113,Sawyer County,,WI,886,20275,21161,4,3,7,245,172,417,6,0.302786,0.316707,341.06711,0.000147,124,0.000048,0.00064,0.7,0.000716
55115,Shawano County,,WI,2309,49661,51970,10,9,19,1534,1544,3078,6,0.294399,0.307587,5871.068316,0.000259,28,0.000973,0.000654,0.577778,0.006485
55117,Sheboygan County,,WI,5339,147748,153087,13,16,29,2686,2982,5668,6,0.344372,0.364891,278.101828,0.000219,28,0.00255,0.004038,0.7625,0.016978
55119,Taylor County,,WI,1089,23657,24746,4,6,10,444,570,1014,7,0.257161,0.266806,2695.393888,0.000135,28,0.000067,0.0001,0.633333,0.000951
55121,Trempealeau County,,WI,1791,38306,40097,9,8,17,1257,986,2243,6,0.287433,0.301078,453.149296,0.000225,124,0.000551,0.000462,0.377778,0.004244
55123,Vernon County,,WI,1604,34433,36037,6,6,12,881,877,1758,6,0.28709,0.300156,5.663492,0.000167,28,0.000495,0.000424,0.666667,0.003594
55125,Vilas County,,WI,1202,25960,27162,4,2,6,439,306,745,7,0.249117,0.257064,0,0.000108,28,0.001006,0.000059,1,0.006364
55127,Walworth County,,WI,6515,117569,124084,16,15,31,4250,4237,8487,6,0.34429,0.364689,41.197704,0.000192,28,0.00473,0.004622,0.745098,0.027265
55129,Washburn County,,WI,1012,19763,20775,6,5,11,467,471,938,7,0.257046,0.266373,18.046979,0.00019,124,0.000086,0.000058,0.4,0.00113
55131,Washington County,,WI,7912,169023,176935,14,16,30,5895,5626,11521,6,0.341363,0.361299,150.697305,0.000215,28,0.003264,0.003486,0.742647,0.021547
55133,Waukesha County,,WI,24734,490931,515665,40,61,101,18570,18901,37471,6,0.371737,0.401349,5589.091984,0.000508,28,0.015169,0.027393,0.445726,0.102362
55135,Waupaca County,,WI,2798,62696,65494,10,11,21,1893,1908,3801,6,0.295452,0.30972,97.058155,0.000214,28,0.001215,0.001051,0.754545,0.008317
55137,Waushara County,,WI,1549,28025,29574,9,7,16,955,858,1813,7,0.260193,0.270444,10.711295,0.000188,28,0.001119,0.000148,0.694444,0.007557
55139,Winnebago County,,WI,11657,195431,207088,29,27,56,8406,8427,16833,6,0.350509,0.373971,4054.016894,0.000482,28,0.004718,0.005554,0.414315,0.033539
55141,Wood County,,WI,3867,94385,98252,16,14,30,2285,2208,4493,6,0.337694,0.357961,2105.908923,0.000319,28,0.002035,0.002903,0.473684,0.014159
56001,Albany County,,WY,4011,32621,36632,17,15,32,1550,1437,2987,6,0.334761,0.35441,5238.977484,0.000468,82,0.0028,0.004112,0.360526,0.02379
56003,Big Horn County,,WY,836,12354,13190,2,3,5,245,308,553,7,0.257527,0.26702,6.771914,0.000142,82,0.000067,0.000073,0.666667,0.000873
56005,Campbell County,,WY,4346,52089,56435,17,11,28,1202,1174,2376,7,0.267636,0.280749,13797.596586,0.000567,82,0.002825,0.000352,0.267974,0.022508
56007,Carbon County,,WY,1870,17420,19290,5,6,11,362,612,974,7,0.260427,0.270937,290.332682,0.000146,82,0.001366,0.000203,0.761905,0.010673
56009,Converse County,,WY,1325,16044,17369,2,1,3,278,336,614,7,0.257413,0.266501,0,0.000116,82,0.000072,0.000049,1,0.000794
56011,Crook County,,WY,562,7839,8401,1,1,2,178,125,303,8,0.211145,0.217167,0,0.000095,82,0.000003,0.000024,0,0.000298
56013,Fremont County,,WY,2398,44595,46993,8,4,12,640,401,1041,7,0.26038,0.270591,2895.84818,0.000227,82,0.000466,0.000198,0.482143,0.004438
56015,Goshen County,,WY,803,13234,14037,4,4,8,348,307,655,7,0.257504,0.266982,21.385174,0.000169,82,0.000157,0.000146,0.566667,0.001807
56017,Hot Springs County,,WY,394,5276,5670,0,1,1,0,46,46,8,0.206645,0.211665,0,0.000051,82,0,0.000004,0,0
56019,Johnson County,,WY,783,9370,10153,3,3,6,236,244,480,7,0.257665,0.267251,0,0.000139,82,0.000084,0.000084,1,0.000987
56021,Laramie County,,WY,7263,105680,112943,29,27,56,3207,2733,5940,6,0.344413,0.367301,14126.243016,0.000638,82,0.012352,0.009301,0.457983,0.09572
56023,Lincoln County,,WY,1581,19965,21546,5,8,13,390,494,884,6,0.296361,0.310752,50.761639,0.000113,7,0.001111,0.001083,0.446429,0.007691
56025,Natrona County,,WY,5551,86053,91604,23,25,48,2061,2221,4282,6,0.346601,0.370299,20450.841938,0.000624,82,0.005898,0.008259,0.350575,0.047388
56027,Niobrara County,,WY,228,2548,2776,0,0,0,0,0,0,0,0,0,0,0.000051,199,0,0,0,0
56029,Park County,,WY,2131,33160,35291,5,3,8,436,412,848,7,0.255841,0.265757,42.386965,0.000197,82,0.000114,0.000106,0.3,0.001449
56031,Platte County,,WY,623,9809,10432,3,1,4,202,136,338,7,0.256203,0.264953,0,0.000128,82,0.000147,0.000103,0.833333,0.001481
56033,Sheridan County,,WY,2308,33266,35574,7,9,16,587,702,1289,6,0.33249,0.351095,1694.845599,0.000249,82,0.001392,0.001512,0.513889,0.011561
56035,Sublette County,,WY,1197,10066,11263,3,1,4,218,70,288,7,0.254938,0.263613,0.408994,0.000087,82,0.000372,0.000023,0.166667,0.00246
56037,Sweetwater County,,WY,4818,52300,57118,14,20,34,1106,1490,2596,6,0.34213,0.36443,5985.584533,0.000352,82,0.002756,0.005258,0.311688,0.020648
56039,Teton County,,WY,2586,25218,27804,3,6,9,278,640,918,6,0.295241,0.309507,148.238551,0.000096,7,0.000606,0.000678,0.233333,0.004484
56041,Uinta County,,WY,1839,24870,26709,4,8,12,428,571,999,6,0.297796,0.312193,6.136936,0.000102,7,0.00076,0.001364,0.589286,0.005561
56043,Washakie County,,WY,559,9957,10516,0,2,2,0,95,95,7,0.257524,0.26687,0,0.000051,82,0,0.00005,0,0
56045,Weston County,,WY,647,8168,8815,1,1,2,61,83,144,8,0.211145,0.217167,0,0.000095,82,0.000003,0.000024,0,0.000298
