id,label,timeset,state,totalMig,totalNonMig,population
1001,Autauga County,,AL,5397,57114,62511
1003,Baldwin County,,AL,10197,189665,199862
1005,Barbour County,,AL,1721,25599,27320
1007,Bibb County,,AL,1437,21520,22957
1009,Blount County,,AL,3363,59326,62689
1011,Bullock County,,AL,562,9210,9772
1013,Butler County,,AL,1075,21975,23050
1015,Calhoun County,,AL,6273,127547,133820
1017,Chambers County,,AL,2220,36460,38680
1019,Cherokee County,,AL,1106,24981,26087
1021,Chilton County,,AL,2376,45292,47668
1023,Choctaw County,,AL,604,14515,15119
1025,Clarke County,,AL,1417,29153,30570
1027,Clay County,,AL,1030,15316,16346
1029,Cleburne County,,AL,963,14933,15896
1031,Coffee County,,AL,5815,49102,54917
1033,Colbert County,,AL,3074,60828,63902
1035,Conecuh County,,AL,674,13319,13993
1037,Coosa County,,AL,938,10936,11874
1039,Covington County,,AL,1881,38630,40511
1041,Crenshaw County,,AL,1053,14600,15653
1043,Cullman County,,AL,3648,86718,90366
1045,Dale County,,AL,7362,48837,56199
1047,Dallas County,,AL,1948,45549,47497
1049,DeKalb County,,AL,3726,72709,76435
1051,Elmore County,,AL,6744,85068,91812
1053,Escambia County,,AL,1761,38034,39795
1055,Etowah County,,AL,4727,109847,114574
1057,Fayette County,,AL,885,17421,18306
1059,Franklin County,,AL,2148,34897,37045
1061,Geneva County,,AL,1748,26168,27916
1063,Greene County,,AL,633,9160,9793
1065,Hale County,,AL,1076,17678,18754
1067,Henry County,,AL,1281,17642,18923
1069,Houston County,,AL,7091,108103,115194
1071,Jackson County,,AL,2502,56921,59423
1073,Jefferson County,,AL,35054,723318,758372
1075,Lamar County,,AL,768,15095,15863
1077,Lauderdale County,,AL,4543,97676,102219
1079,Lawrence County,,AL,1888,37187,39075
1081,Lee County,,AL,10898,130846,141744
1083,Limestone County,,AL,4820,88099,92919
1085,Lowndes County,,AL,984,13493,14477
1087,Macon County,,AL,1619,20864,22483
1089,Madison County,,AL,18708,378129,396837
1091,Marengo County,,AL,1164,22668,23832
1093,Marion County,,AL,1396,29058,30454
1095,Marshall County,,AL,5746,99362,105108
1097,Mobile County,,AL,16979,445395,462374
1099,Monroe County,,AL,1189,24280,25469
1101,Montgomery County,,AL,17940,247136,265076
1103,Morgan County,,AL,6533,135105,141638
1105,Perry County,,AL,701,10924,11625
1107,Pickens County,,AL,968,21016,21984
1109,Pike County,,AL,2042,29378,31420
1111,Randolph County,,AL,1057,23302,24359
1113,Russell County,,AL,6452,52070,58522
1115,St. Clair County,,AL,5444,85566,91010
1117,Shelby County,,AL,15181,209763,224944
1119,Sumter County,,AL,666,13224,13890
1121,Talladega County,,AL,4770,84226,88996
1123,Tallapoosa County,,AL,2805,44752,47557
1125,Tuscaloosa County,,AL,9807,188320,198127
1127,Walker County,,AL,2832,68624,71456
1129,Washington County,,AL,852,18620,19472
1131,Wilcox County,,AL,700,12774,13474
1133,Winston County,,AL,1492,24361,25853
2013,Aleutians East Borough,,AK,295,1783,2078
2016,Aleutians West Census Area,,AK,737,4454,5191
2020,Anchorage Municipality,,AK,26394,316506,342900
2050,Bethel Census Area,,AK,948,17044,17992
2060,Bristol Bay Borough,,AK,100,1085,1185
2068,Denali Borough,,AK,276,2324,2600
2070,Dillingham Census Area,,AK,363,4966,5329
2090,Fairbanks North Star Borough,,AK,11715,100135,111850
2100,Haines Borough,,AK,173,2587,2760
2105,Hoonah-Angoon Census Area,,AK,161,1984,2145
2110,Juneau City and Borough,,AK,2501,34480,36981
2122,Kenai Peninsula Borough,,AK,3729,59484,63213
2130,Ketchikan Gateway Borough,,AK,1272,14781,16053
2150,Kodiak Island Borough,,AK,1880,15088,16968
2164,Lake and Peninsula Borough,,AK,188,1559,1747
2170,Matanuska-Susitna Borough,,AK,6254,90543,96797
2180,Nome Census Area,,AK,483,8900,9383
2185,North Slope Borough,,AK,491,7072,7563
2188,Northwest Arctic Borough,,AK,477,6297,6774
2195,Petersburg Census Area,,AK,260,4051,4311
2198,Prince of Wales-Hyder Census Area,,AK,310,4794,5104
2220,Sitka City and Borough,,AK,805,9773,10578
2230,Skagway Municipality,,AK,166,1178,1344
2240,Southeast Fairbanks Census Area,,AK,857,7893,8750
2261,Valdez-Cordova Census Area,,AK,1072,10490,11562
2270,Wade Hampton Census Area,,AK,510,7341,7851
2275,Wrangell City and Borough,,AK,157,2422,2579
2282,Yakutat City and Borough,,AK,65,541,606
2290,Yukon-Koyukuk Census Area,,AK,422,5520,5942
4001,Apache County,,AZ,6439,65008,71447
4003,Cochise County,,AZ,13151,131687,144838
4005,Coconino County,,AZ,11760,132319,144079
4007,Gila County,,AZ,3439,52052,55491
4009,Graham County,,AZ,2321,30546,32867
4011,Greenlee County,,AZ,1120,8030,9150
4012,La Paz County,,AZ,1339,15208,16547
4013,Maricopa County,,AZ,183934,4011461,4195395
4015,Mohave County,,AZ,12899,186437,199336
4017,Navajo County,,AZ,7708,100862,108570
4019,Pima County,,AZ,46240,1019348,1065588
4021,Pinal County,,AZ,14219,160520,174739
4023,Santa Cruz County,,AZ,2765,53918,56683
4025,Yavapai County,,AZ,14443,219221,233664
4027,Yuma County,,AZ,11838,220191,232029
5001,Arkansas County,,AR,1238,20736,21974
5003,Ashley County,,AR,1053,23324,24377
5005,Baxter County,,AR,2460,42779,45239
5007,Benton County,,AR,15707,235475,251182
5009,Boone County,,AR,2238,38721,40959
5011,Bradley County,,AR,681,11563,12244
5013,Calhoun County,,AR,343,5009,5352
5015,Carroll County,,AR,1780,28011,29791
5017,Chicot County,,AR,692,11041,11733
5019,Clark County,,AR,1619,21429,23048
5021,Clay County,,AR,910,16224,17134
5023,Cleburne County,,AR,1826,26180,28006
5025,Cleveland County,,AR,600,8808,9408
5027,Columbia County,,AR,1400,24060,25460
5029,Conway County,,AR,1416,21886,23302
5031,Craighead County,,AR,6466,94624,101090
5033,Crawford County,,AR,4644,62449,67093
5035,Crittenden County,,AR,3445,55390,58835
5037,Cross County,,AR,1364,19033,20397
5039,Dallas County,,AR,613,7927,8540
5041,Desha County,,AR,889,13740,14629
5043,Drew County,,AR,1231,18412,19643
5045,Faulkner County,,AR,8225,111358,119583
5047,Franklin County,,AR,1183,17910,19093
5049,Fulton County,,AR,709,10687,11396
5051,Garland County,,AR,5608,100342,105950
5053,Grant County,,AR,1226,18749,19975
5055,Greene County,,AR,2285,42794,45079
5057,Hempstead County,,AR,1375,22123,23498
5059,Hot Spring County,,AR,2087,31677,33764
5061,Howard County,,AR,932,14598,15530
5063,Independence County,,AR,2167,37960,40127
5065,Izard County,,AR,822,12071,12893
5067,Jackson County,,AR,997,15601,16598
5069,Jefferson County,,AR,4569,81039,85608
5071,Johnson County,,AR,1466,25265,26731
5073,Lafayette County,,AR,454,6942,7396
5075,Lawrence County,,AR,1000,16419,17419
5077,Lee County,,AR,581,7971,8552
5079,Lincoln County,,AR,756,11164,11920
5081,Little River County,,AR,918,13399,14317
5083,Logan County,,AR,1486,22905,24391
5085,Lonoke County,,AR,6414,71998,78412
5087,Madison County,,AR,1041,16057,17098
5089,Marion County,,AR,1202,15672,16874
5091,Miller County,,AR,4011,42223,46234
5093,Mississippi County,,AR,2961,48767,51728
5095,Monroe County,,AR,750,8191,8941
5097,Montgomery County,,AR,549,8418,8967
5099,Nevada County,,AR,698,9357,10055
5101,Newton County,,AR,447,8009,8456
5103,Ouachita County,,AR,1444,26603,28047
5105,Perry County,,AR,882,10543,11425
5107,Phillips County,,AR,1320,21052,22372
5109,Pike County,,AR,653,11293,11946
5111,Poinsett County,,AR,1516,24297,25813
5113,Polk County,,AR,1145,19829,20974
5115,Pope County,,AR,3958,61640,65598
5117,Prairie County,,AR,584,8423,9007
5119,Pulaski County,,AR,27436,417332,444768
5121,Randolph County,,AR,973,17699,18672
5123,St. Francis County,,AR,1822,24054,25876
5125,Saline County,,AR,7471,113065,120536
5127,Scott County,,AR,690,11181,11871
5129,Searcy County,,AR,450,7859,8309
5131,Sebastian County,,AR,9119,129989,139108
5133,Sevier County,,AR,832,16298,17130
5135,Sharp County,,AR,1444,16891,18335
5137,Stone County,,AR,636,11608,12244
5139,Union County,,AR,2405,47102,49507
5141,Van Buren County,,AR,1171,16425,17596
5143,Washington County,,AR,14309,200104,214413
5145,White County,,AR,4892,76969,81861
5147,Woodruff County,,AR,471,7332,7803
5149,Yell County,,AR,1779,21059,22838
6001,Alameda County,,CA,105558,1630802,1736360
6003,Alpine County,,CA,108,996,1104
6005,Amador County,,CA,2182,37911,40093
6007,Butte County,,CA,10830,211583,222413
6009,Calaveras County,,CA,3017,45961,48978
6011,Colusa County,,CA,1307,28076,29383
6013,Contra Costa County,,CA,59889,1151253,1211142
6015,Del Norte County,,CA,1433,23632,25065
6017,El Dorado County,,CA,12394,192745,205139
6019,Fresno County,,CA,31451,957260,988711
6021,Glenn County,,CA,1714,31154,32868
6023,Humboldt County,,CA,6297,127986,134283
6025,Imperial County,,CA,8018,207114,215132
6027,Inyo County,,CA,1321,19803,21124
6029,Kern County,,CA,32433,828336,860769
6031,Kings County,,CA,10408,140264,150672
6033,Lake County,,CA,3293,58445,61738
6035,Lassen County,,CA,2076,25974,28050
6037,Los Angeles County,,CA,365614,10464810,10830424
6039,Madera County,,CA,7902,144332,152234
6041,Marin County,,CA,14827,249621,264448
6043,Mariposa County,,CA,1275,17913,19188
6045,Mendocino County,,CA,4024,90069,94093
6047,Merced County,,CA,13842,257329,271171
6049,Modoc County,,CA,513,8624,9137
6051,Mono County,,CA,1441,13250,14691
6053,Monterey County,,CA,25817,473310,499127
6055,Napa County,,CA,8696,152362,161058
6057,Nevada County,,CA,6392,104454,110846
6059,Orange County,,CA,153397,3357611,3511008
6061,Placer County,,CA,25368,372814,398182
6063,Plumas County,,CA,1407,21075,22482
6065,Riverside County,,CA,123480,2187654,2311134
6067,Sacramento County,,CA,74699,1517149,1591848
6069,San Benito County,,CA,3897,61547,65444
6071,San Bernardino County,,CA,136156,2099852,2236008
6073,San Diego County,,CA,166277,3405680,3571957
6075,San Francisco County,,CA,75983,844642,920625
6077,San Joaquin County,,CA,35413,719650,755063
6079,San Luis Obispo County,,CA,13954,272437,286391
6081,San Mateo County,,CA,53794,801557,855351
6083,Santa Barbara County,,CA,22287,435628,457915
6085,Santa Clara County,,CA,96164,2044323,2140487
6087,Santa Cruz County,,CA,13969,284805,298774
6089,Shasta County,,CA,8938,180766,189704
6091,Sierra County,,CA,246,3030,3276
6093,Siskiyou County,,CA,2222,45354,47576
6095,Solano County,,CA,29479,449769,479248
6097,Sonoma County,,CA,19723,529062,548785
6099,Stanislaus County,,CA,26839,544480,571319
6101,Sutter County,,CA,7513,98618,106131
6103,Tehama County,,CA,3517,61313,64830
6105,Trinity County,,CA,680,11395,12075
6107,Tulare County,,CA,16215,455446,471661
6109,Tuolumne County,,CA,3102,55623,58725
6111,Ventura County,,CA,40080,952181,992261
6113,Yolo County,,CA,16957,196681,213638
6115,Yuba County,,CA,8238,68480,76718
8001,Adams County,,CO,46228,473415,519643
8003,Alamosa County,,CO,1420,14883,16303
8005,Arapahoe County,,CO,63400,616357,679757
8007,Archuleta County,,CO,1015,11824,12839
8009,Baca County,,CO,195,3981,4176
8011,Bent County,,CO,329,4395,4724
8013,Boulder County,,CO,26537,307105,333642
8014,Broomfield County,,CO,13412,101694,115106
8015,Chaffee County,,CO,1304,17928,19232
8017,Cheyenne County,,CO,154,1998,2152
8019,Clear Creek County,,CO,881,9231,10112
8021,Conejos County,,CO,389,8011,8400
8023,Costilla County,,CO,237,2949,3186
8025,Crowley County,,CO,249,2816,3065
8027,Custer County,,CO,312,4051,4363
8029,Delta County,,CO,2215,31994,34209
8031,Denver County,,CO,77564,601276,678840
8033,Dolores County,,CO,127,2071,2198
8035,Douglas County,,CO,25981,311158,337139
8037,Eagle County,,CO,6667,53100,59767
8039,Elbert County,,CO,2156,23153,25309
8041,El Paso County,,CO,52850,666723,719573
8043,Fremont County,,CO,2567,41505,44072
8045,Garfield County,,CO,6314,57240,63554
8047,Gilpin County,,CO,646,5066,5712
8049,Grand County,,CO,1597,14215,15812
8051,Gunnison County,,CO,1659,14229,15888
8053,Hinsdale County,,CO,73,844,917
8055,Huerfano County,,CO,588,6273,6861
8057,Jackson County,,CO,132,1517,1649
8059,Jefferson County,,CO,48359,556930,605289
8061,Kiowa County,,CO,86,1496,1582
8063,Kit Carson County,,CO,560,8260,8820
8065,Lake County,,CO,771,7000,7771
8067,La Plata County,,CO,3817,51811,55628
8069,Larimer County,,CO,22202,323638,345840
8071,Las Animas County,,CO,1216,15406,16622
8073,Lincoln County,,CO,295,4861,5156
8075,Logan County,,CO,1294,20756,22050
8077,Mesa County,,CO,11210,159352,170562
8079,Mineral County,,CO,74,789,863
8081,Moffat County,,CO,1156,15055,16211
8083,Montezuma County,,CO,1799,25513,27312
8085,Montrose County,,CO,3160,44259,47419
8087,Morgan County,,CO,1929,30779,32708
8089,Otero County,,CO,1072,19675,20747
8091,Ouray County,,CO,419,4315,4734
8093,Park County,,CO,1412,14947,16359
8095,Phillips County,,CO,265,4744,5009
8097,Pitkin County,,CO,1966,15695,17661
8099,Prowers County,,CO,948,12835,13783
8101,Pueblo County,,CO,6919,167551,174470
8103,Rio Blanco County,,CO,951,6790,7741
8105,Rio Grande County,,CO,1017,15076,16093
8107,Routt County,,CO,2608,23517,26125
8109,Saguache County,,CO,282,3573,3855
8111,San Juan County,,CO,61,632,693
8113,San Miguel County,,CO,894,6637,7531
8115,Sedgwick County,,CO,191,2560,2751
8117,Summit County,,CO,3911,30714,34625
8119,Teller County,,CO,2114,25137,27251
8121,Washington County,,CO,343,4667,5010
8123,Weld County,,CO,18909,266054,284963
8125,Yuma County,,CO,751,10659,11410
9001,Fairfield County,,CT,39679,995074,1034753
9003,Hartford County,,CT,40388,1055822,1096210
9005,Litchfield County,,CT,9361,225952,235313
9007,Middlesex County,,CT,10955,194583,205538
9009,New Haven County,,CT,39178,977224,1016402
9011,New London County,,CT,17494,320417,337911
9013,Tolland County,,CT,9986,164665,174651
9015,Windham County,,CT,6428,134464,140892
10001,Kent County,,DE,9984,179480,189464
10003,New Castle County,,DE,25691,620023,645714
10005,Sussex County,,DE,8368,214642,223010
11001,District of Columbia,,DC,59459,579863,639322
12001,Alachua County,,FL,21577,230538,252115
12003,Baker County,,FL,1741,26336,28077
12005,Bay County,,FL,14134,181993,196127
12007,Bradford County,,FL,1859,24596,26455
12009,Brevard County,,FL,29342,605502,634844
12011,Broward County,,FL,114297,1910306,2024603
12013,Calhoun County,,FL,850,11951,12801
12015,Charlotte County,,FL,11913,161708,173621
12017,Citrus County,,FL,8281,147483,155764
12019,Clay County,,FL,19998,212066,232064
12021,Collier County,,FL,21543,341667,363210
12023,Columbia County,,FL,4563,64060,68623
12027,DeSoto County,,FL,1862,27978,29840
12029,Dixie County,,FL,964,12545,13509
12031,Duval County,,FL,65472,962720,1028192
12033,Escambia County,,FL,26463,311160,337623
12035,Flagler County,,FL,7920,101806,109726
12037,Franklin County,,FL,630,9485,10115
12039,Gadsden County,,FL,3205,49444,52649
12041,Gilchrist County,,FL,1317,15155,16472
12043,Glades County,,FL,871,8258,9129
12045,Gulf County,,FL,989,12824,13813
12047,Hamilton County,,FL,1076,11758,12834
12049,Hardee County,,FL,1706,25290,26996
12051,Hendry County,,FL,3323,36476,39799
12053,Hernando County,,FL,11762,176482,188244
12055,Highlands County,,FL,5721,96055,101776
12057,Hillsborough County,,FL,88901,1321179,1410080
12059,Holmes County,,FL,1409,17301,18710
12061,Indian River County,,FL,8672,149224,157896
12063,Jackson County,,FL,2910,45976,48886
12065,Jefferson County,,FL,966,14058,15024
12067,Lafayette County,,FL,382,5773,6155
12069,Lake County,,FL,24182,317533,341715
12071,Lee County,,FL,40784,639959,680743
12073,Leon County,,FL,22038,260928,282966
12075,Levy County,,FL,3117,39777,42894
12077,Liberty County,,FL,440,6665,7105
12079,Madison County,,FL,1067,17845,18912
12081,Manatee County,,FL,21951,336253,358204
12083,Marion County,,FL,20168,349583,369751
12085,Martin County,,FL,10799,149232,160031
12086,Miami-Dade County,,FL,113467,2698361,2811828
12087,Monroe County,,FL,8250,78379,86629
12089,Nassau County,,FL,5474,81727,87201
12091,Okaloosa County,,FL,24772,202538,227310
12093,Okeechobee County,,FL,2535,36792,39327
12095,Orange County,,FL,108416,1207406,1315822
12097,Osceola County,,FL,34559,283047,317606
12099,Palm Beach County,,FL,69711,1382924,1452635
12101,Pasco County,,FL,36788,475322,512110
12103,Pinellas County,,FL,55090,978331,1033421
12105,Polk County,,FL,40094,632180,672274
12107,Putnam County,,FL,4559,71786,76345
12109,St. Johns County,,FL,14553,199290,213843
12111,St. Lucie County,,FL,20056,293002,313058
12113,Santa Rosa County,,FL,15393,156537,171930
12115,Sarasota County,,FL,25830,402380,428210
12117,Seminole County,,FL,44517,452245,496762
12119,Sumter County,,FL,5081,88942,94023
12121,Suwannee County,,FL,3020,38804,41824
12123,Taylor County,,FL,1136,20702,21838
12125,Union County,,FL,1031,11295,12326
12127,Volusia County,,FL,31993,526644,558637
12129,Wakulla County,,FL,2163,29856,32019
12131,Walton County,,FL,4921,51730,56651
12133,Washington County,,FL,1920,22391,24311
13001,Appling County,,GA,924,18169,19093
13003,Atkinson County,,GA,691,8437,9128
13005,Bacon County,,GA,695,10581,11276
13007,Baker County,,GA,270,3339,3609
13009,Baldwin County,,GA,2913,42859,45772
13011,Banks County,,GA,1627,18091,19718
13013,Barrow County,,GA,6107,73605,79712
13015,Bartow County,,GA,7692,107690,115382
13017,Ben Hill County,,GA,994,17683,18677
13019,Berrien County,,GA,1499,17320,18819
13021,Bibb County,,GA,10745,163880,174625
13023,Bleckley County,,GA,754,12616,13370
13025,Brantley County,,GA,1169,16739,17908
13027,Brooks County,,GA,1410,15588,16998
13029,Bryan County,,GA,4658,34312,38970
13031,Bulloch County,,GA,4952,56368,61320
13033,Burke County,,GA,1537,25570,27107
13035,Butts County,,GA,2137,22995,25132
13037,Calhoun County,,GA,361,5335,5696
13039,Camden County,,GA,6446,51726,58172
13043,Candler County,,GA,808,10249,11057
13045,Carroll County,,GA,8595,113655,122250
13047,Catoosa County,,GA,5260,64800,70060
13049,Charlton County,,GA,742,9335,10077
13051,Chatham County,,GA,23943,266009,289952
13053,Chattahoochee County,,GA,4422,6571,10993
13055,Chattooga County,,GA,1282,25190,26472
13057,Cherokee County,,GA,16063,230761,246824
13059,Clarke County,,GA,12129,95593,107722
13061,Clay County,,GA,208,3050,3258
13063,Clayton County,,GA,39622,276017,315639
13065,Clinch County,,GA,400,6707,7107
13067,Cobb County,,GA,68378,751329,819707
13069,Coffee County,,GA,2305,39971,42276
13071,Colquitt County,,GA,2208,44340,46548
13073,Columbia County,,GA,10926,131041,141967
13075,Cook County,,GA,1243,16522,17765
13077,Coweta County,,GA,9434,142873,152307
13079,Crawford County,,GA,974,12641,13615
13081,Crisp County,,GA,1484,21854,23338
13083,Dade County,,GA,1065,15783,16848
13085,Dawson County,,GA,2082,21672,23754
13087,Decatur County,,GA,1588,28687,30275
13089,DeKalb County,,GA,88479,698646,787125
13091,Dodge County,,GA,1020,19164,20184
13093,Dooly County,,GA,739,10635,11374
13095,Dougherty County,,GA,7807,96614,104421
13097,Douglas County,,GA,15350,136645,151995
13099,Early County,,GA,560,11318,11878
13101,Echols County,,GA,337,3321,3658
13103,Effingham County,,GA,4424,56295,60719
13105,Elbert County,,GA,1185,22562,23747
13107,Emanuel County,,GA,1199,23537,24736
13109,Evans County,,GA,839,11026,11865
13111,Fannin County,,GA,1394,23252,24646
13113,Fayette County,,GA,8875,117044,125919
13115,Floyd County,,GA,4978,100416,105394
13117,Forsyth County,,GA,11987,186812,198799
13119,Franklin County,,GA,1756,23823,25579
13121,Fulton County,,GA,109863,884109,993972
13123,Gilmer County,,GA,1714,28270,29984
13125,Glascock County,,GA,242,2793,3035
13127,Glynn County,,GA,5489,82559,88048
13129,Gordon County,,GA,3653,60580,64233
13131,Grady County,,GA,1500,24622,26122
13133,Greene County,,GA,977,16819,17796
13135,Gwinnett County,,GA,68850,868335,937185
13137,Habersham County,,GA,2655,44781,47436
13139,Hall County,,GA,11906,198019,209925
13141,Hancock County,,GA,559,8890,9449
13143,Haralson County,,GA,2194,29023,31217
13145,Harris County,,GA,2422,33258,35680
13147,Hart County,,GA,1427,26018,27445
13149,Heard County,,GA,873,10661,11534
13151,Henry County,,GA,19114,217148,236262
13153,Houston County,,GA,12075,157064,169139
13155,Irwin County,,GA,742,9271,10013
13157,Jackson County,,GA,5191,63882,69073
13159,Jasper County,,GA,1213,14842,16055
13161,Jeff Davis County,,GA,863,14351,15214
13163,Jefferson County,,GA,1038,19620,20658
13165,Jenkins County,,GA,473,8253,8726
13167,Johnson County,,GA,446,8200,8646
13169,Jones County,,GA,1995,30373,32368
13171,Lamar County,,GA,1528,17190,18718
13173,Lanier County,,GA,1073,7648,8721
13175,Laurens County,,GA,2430,53794,56224
13177,Lee County,,GA,3214,32182,35396
13179,Liberty County,,GA,18934,59880,78814
13181,Lincoln County,,GA,472,8357,8829
13183,Long County,,GA,1961,9933,11894
13185,Lowndes County,,GA,9562,104679,114241
13187,Lumpkin County,,GA,2536,26853,29389
13189,McDuffie County,,GA,1448,24269,25717
13191,McIntosh County,,GA,958,11737,12695
13193,Macon County,,GA,975,12477,13452
13195,Madison County,,GA,2378,29877,32255
13197,Marion County,,GA,585,7191,7776
13199,Meriwether County,,GA,2118,23037,25155
13201,Miller County,,GA,399,5582,5981
13205,Mitchell County,,GA,1355,22855,24210
13207,Monroe County,,GA,1816,26876,28692
13209,Montgomery County,,GA,678,8025,8703
13211,Morgan County,,GA,1184,19912,21096
13213,Murray County,,GA,3303,41340,44643
13215,Muscogee County,,GA,22316,203947,226263
13217,Newton County,,GA,9478,101918,111396
13219,Oconee County,,GA,2623,36431,39054
13221,Oglethorpe County,,GA,1079,14579,15658
13223,Paulding County,,GA,12044,148990,161034
13225,Peach County,,GA,2635,27089,29724
13227,Pickens County,,GA,2162,32405,34567
13229,Pierce County,,GA,1333,18920,20253
13231,Pike County,,GA,1278,19015,20293
13233,Polk County,,GA,2442,43730,46172
13235,Pulaski County,,GA,799,9381,10180
13237,Putnam County,,GA,1636,22227,23863
13239,Quitman County,,GA,238,2283,2521
13241,Rabun County,,GA,995,17238,18233
13243,Randolph County,,GA,494,7557,8051
13245,Richmond County,,GA,20476,206223,226699
13247,Rockdale County,,GA,10191,86992,97183
13249,Schley County,,GA,329,4464,4793
13251,Screven County,,GA,1057,14865,15922
13253,Seminole County,,GA,655,9039,9694
13255,Spalding County,,GA,5484,66772,72256
13257,Stephens County,,GA,1638,27462,29100
13259,Stewart County,,GA,321,4624,4945
13261,Sumter County,,GA,1887,32440,34327
13263,Talbot County,,GA,511,6942,7453
13265,Taliaferro County,,GA,160,1607,1767
13267,Tattnall County,,GA,1490,19952,21442
13269,Taylor County,,GA,424,8944,9368
13271,Telfair County,,GA,755,10743,11498
13273,Terrell County,,GA,625,10759,11384
13275,Thomas County,,GA,2778,47520,50298
13277,Tift County,,GA,2726,41760,44486
13279,Toombs County,,GA,1738,27610,29348
13281,Towns County,,GA,684,10900,11584
13283,Treutlen County,,GA,428,6226,6654
13285,Troup County,,GA,3808,70997,74805
13287,Turner County,,GA,615,9534,10149
13289,Twiggs County,,GA,904,9942,10846
13291,Union County,,GA,1197,21881,23078
13293,Upson County,,GA,1465,28785,30250
13295,Walker County,,GA,4536,67471,72007
13297,Walton County,,GA,6346,88854,95200
13299,Ware County,,GA,2436,35351,37787
13301,Warren County,,GA,462,6338,6800
13303,Washington County,,GA,984,22072,23056
13305,Wayne County,,GA,1782,28250,30032
13307,Webster County,,GA,195,2535,2730
13309,Wheeler County,,GA,411,4820,5231
13311,White County,,GA,1851,25786,27637
13313,Whitfield County,,GA,6377,117665,124042
13315,Wilcox County,,GA,449,7083,7532
13317,Wilkes County,,GA,523,10822,11345
13319,Wilkinson County,,GA,801,11124,11925
13321,Worth County,,GA,1692,22721,24413
15001,Hawaii County,,HI,8259,190307,198566
15003,Honolulu County,,HI,62501,1080991,1143492
15005,Kalawao County,,HI,-2,-2,-4
15007,Kauai County,,HI,3106,75435,78541
15009,Maui County,,HI,7555,167720,175275
16001,Ada County,,ID,25067,427835,452902
16003,Adams County,,ID,359,4091,4450
16005,Bannock County,,ID,5864,87143,93007
16007,Bear Lake County,,ID,504,6664,7168
16009,Benewah County,,ID,557,9769,10326
16011,Bingham County,,ID,3221,50955,54176
16013,Blaine County,,ID,1859,25519,27378
16015,Boise County,,ID,668,6990,7658
16017,Bonner County,,ID,2728,42492,45220
16019,Bonneville County,,ID,7726,115868,123594
16021,Boundary County,,ID,722,11569,12291
16023,Butte County,,ID,191,3011,3202
16025,Camas County,,ID,134,1037,1171
16027,Canyon County,,ID,14292,197306,211598
16029,Caribou County,,ID,406,8185,8591
16031,Cassia County,,ID,1779,24513,26292
16033,Clark County,,ID,101,1017,1118
16035,Clearwater County,,ID,514,8684,9198
16037,Custer County,,ID,373,4764,5137
16039,Elmore County,,ID,4440,28792,33232
16041,Franklin County,,ID,959,14541,15500
16043,Fremont County,,ID,1098,14459,15557
16045,Gem County,,ID,1393,17735,19128
16047,Gooding County,,ID,1362,16717,18079
16049,Idaho County,,ID,783,14367,15150
16051,Jefferson County,,ID,2476,28677,31153
16053,Jerome County,,ID,2394,24673,27067
16055,Kootenai County,,ID,8311,154052,162363
16057,Latah County,,ID,3500,35068,38568
16059,Lemhi County,,ID,475,8385,8860
16061,Lewis County,,ID,467,5384,5851
16063,Lincoln County,,ID,498,5607,6105
16065,Madison County,,ID,5205,29008,34213
16067,Minidoka County,,ID,1763,23029,24792
16069,Nez Perce County,,ID,2943,43069,46012
16071,Oneida County,,ID,284,4762,5046
16073,Owyhee County,,ID,1112,11832,12944
16075,Payette County,,ID,1929,24713,26642
16077,Power County,,ID,630,8943,9573
16079,Shoshone County,,ID,881,13007,13888
16081,Teton County,,ID,1166,10122,11288
16083,Twin Falls County,,ID,5271,84088,89359
16085,Valley County,,ID,1156,10229,11385
16087,Washington County,,ID,787,10332,11119
17001,Adams County,,IL,2658,81253,83911
17003,Alexander County,,IL,594,7596,8190
17005,Bond County,,IL,1038,18545,19583
17007,Boone County,,IL,4543,67374,71917
17009,Brown County,,IL,363,5948,6311
17011,Bureau County,,IL,2159,43363,45522
17013,Calhoun County,,IL,217,5956,6173
17015,Carroll County,,IL,895,19791,20686
17017,Cass County,,IL,1114,16235,17349
17019,Champaign County,,IL,13822,201415,215237
17021,Christian County,,IL,1701,40739,42440
17023,Clark County,,IL,1038,19595,20633
17025,Clay County,,IL,758,16834,17592
17027,Clinton County,,IL,1852,44711,46563
17029,Coles County,,IL,3235,52341,55576
17031,Cook County,,IL,214268,6063937,6278205
17033,Crawford County,,IL,758,23049,23807
17035,Cumberland County,,IL,769,12983,13752
17037,DeKalb County,,IL,8135,112118,120253
17039,De Witt County,,IL,1059,19419,20478
17041,Douglas County,,IL,1362,25689,27051
17043,DuPage County,,IL,68505,1124253,1192758
17045,Edgar County,,IL,1021,21527,22548
17047,Edwards County,,IL,309,8076,8385
17049,Effingham County,,IL,2017,43720,45737
17051,Fayette County,,IL,1105,24593,25698
17053,Ford County,,IL,1111,16788,17899
17055,Franklin County,,IL,2142,43627,45769
17057,Fulton County,,IL,1821,42293,44114
17059,Gallatin County,,IL,309,6362,6671
17061,Greene County,,IL,811,15725,16536
17063,Grundy County,,IL,3912,61788,65700
17065,Hamilton County,,IL,424,9520,9944
17067,Hancock County,,IL,1182,23198,24380
17069,Hardin County,,IL,179,4366,4545
17071,Henderson County,,IL,454,8603,9057
17073,Henry County,,IL,3235,62650,65885
17075,Iroquois County,,IL,1814,36332,38146
17077,Jackson County,,IL,5170,53099,58269
17079,Jasper County,,IL,529,12393,12922
17081,Jefferson County,,IL,2063,43191,45254
17083,Jersey County,,IL,1435,26988,28423
17085,Jo Daviess County,,IL,1238,28433,29671
17087,Johnson County,,IL,715,12568,13283
17089,Kane County,,IL,33102,610386,643488
17091,Kankakee County,,IL,5616,131345,136961
17093,Kendall County,,IL,9581,138820,148401
17095,Knox County,,IL,2543,59084,61627
17097,Lake County,,IL,41261,838095,879356
17099,LaSalle County,,IL,5992,138921,144913
17101,Lawrence County,,IL,761,16620,17381
17103,Lee County,,IL,2337,41958,44295
17105,Livingston County,,IL,2278,44901,47179
17107,Logan County,,IL,1710,32110,33820
17109,McDonough County,,IL,2111,29973,32084
17111,McHenry County,,IL,17187,392369,409556
17113,McLean County,,IL,10014,190953,200967
17115,Macon County,,IL,5267,128910,134177
17117,Macoupin County,,IL,2836,56192,59028
17119,Madison County,,IL,14512,318670,333182
17121,Marion County,,IL,1824,45932,47756
17123,Marshall County,,IL,809,15508,16317
17125,Mason County,,IL,1014,17511,18525
17127,Massac County,,IL,885,17596,18481
17129,Menard County,,IL,925,15502,16427
17131,Mercer County,,IL,1047,21014,22061
17133,Monroe County,,IL,1876,41881,43757
17135,Montgomery County,,IL,1538,33573,35111
17137,Morgan County,,IL,2045,39757,41802
17139,Moultrie County,,IL,1098,17495,18593
17141,Ogle County,,IL,3563,66408,69971
17143,Peoria County,,IL,13023,222237,235260
17145,Perry County,,IL,1071,23306,24377
17147,Piatt County,,IL,1250,20428,21678
17149,Pike County,,IL,783,18642,19425
17151,Pope County,,IL,251,4067,4318
17153,Pulaski County,,IL,378,6634,7012
17155,Putnam County,,IL,433,7601,8034
17157,Randolph County,,IL,1709,35955,37664
17159,Richland County,,IL,897,19316,20213
17161,Rock Island County,,IL,8614,178376,186990
17163,St. Clair County,,IL,17208,306859,324067
17165,Saline County,,IL,1187,27440,28627
17167,Sangamon County,,IL,9292,241299,250591
17169,Schuyler County,,IL,497,8373,8870
17171,Scott County,,IL,362,5917,6279
17173,Shelby County,,IL,1353,26141,27494
17175,Stark County,,IL,444,7306,7750
17177,Stephenson County,,IL,2428,57452,59880
17179,Tazewell County,,IL,8266,166056,174322
17181,Union County,,IL,928,20186,21114
17183,Vermilion County,,IL,3891,90871,94762
17185,Wabash County,,IL,681,14381,15062
17187,Warren County,,IL,1184,20252,21436
17189,Washington County,,IL,976,18234,19210
17191,Wayne County,,IL,650,19342,19992
17193,White County,,IL,777,17235,18012
17195,Whiteside County,,IL,3085,73600,76685
17197,Will County,,IL,40579,824570,865149
17199,Williamson County,,IL,4201,72357,76558
17201,Winnebago County,,IL,14979,355425,370404
17203,Woodford County,,IL,2748,46865,49613
18001,Adams County,,IN,1585,42036,43621
18003,Allen County,,IN,16780,427150,443930
18005,Bartholomew County,,IN,5357,95445,100802
18007,Benton County,,IN,784,10429,11213
18009,Blackford County,,IN,798,15640,16438
18011,Boone County,,IN,4097,66715,70812
18013,Brown County,,IN,1178,17950,19128
18015,Carroll County,,IN,1524,24706,26230
18017,Cass County,,IN,2393,47725,50118
18019,Clark County,,IN,8409,129462,137871
18021,Clay County,,IN,1765,31559,33324
18023,Clinton County,,IN,2052,41389,43441
18025,Crawford County,,IN,644,11756,12400
18027,Daviess County,,IN,1296,36708,38004
18029,Dearborn County,,IN,3136,61703,64839
18031,Decatur County,,IN,1709,32104,33813
18033,DeKalb County,,IN,2753,50790,53543
18035,Delaware County,,IN,6677,119492,126169
18037,Dubois County,,IN,2251,54302,56553
18039,Elkhart County,,IN,11025,239946,250971
18041,Fayette County,,IN,1238,27537,28775
18043,Floyd County,,IN,6631,86107,92738
18045,Fountain County,,IN,1183,21112,22295
18047,Franklin County,,IN,1485,29641,31126
18049,Fulton County,,IN,1346,24892,26238
18051,Gibson County,,IN,1776,39762,41538
18053,Grant County,,IN,3670,77012,80682
18055,Greene County,,IN,1885,37343,39228
18057,Hamilton County,,IN,20133,318478,338611
18059,Hancock County,,IN,5296,84048,89344
18061,Harrison County,,IN,2703,46168,48871
18063,Hendricks County,,IN,12109,169380,181489
18065,Henry County,,IN,2608,57016,59624
18067,Howard County,,IN,4964,101145,106109
18069,Huntington County,,IN,2211,45720,47931
18071,Jackson County,,IN,2620,55417,58037
18073,Jasper County,,IN,2198,39810,42008
18075,Jay County,,IN,1200,25819,27019
18077,Jefferson County,,IN,2056,37324,39380
18079,Jennings County,,IN,2160,32854,35014
18081,Johnson County,,IN,12961,164745,177706
18083,Knox County,,IN,1941,41532,43473
18085,Kosciusko County,,IN,4649,96163,100812
18087,LaGrange County,,IN,2316,44811,47127
18089,Lake County,,IN,25430,572406,597836
18091,LaPorte County,,IN,5265,127597,132862
18093,Lawrence County,,IN,2272,53905,56177
18095,Madison County,,IN,7221,149868,157089
18097,Marion County,,IN,63252,1059506,1122758
18099,Marshall County,,IN,2971,56733,59704
18101,Martin County,,IN,601,12298,12899
18103,Miami County,,IN,2638,38731,41369
18105,Monroe County,,IN,10085,121200,131285
18107,Montgomery County,,IN,2263,46039,48302
18109,Morgan County,,IN,5017,83220,88237
18111,Newton County,,IN,1037,16186,17223
18113,Noble County,,IN,3297,56367,59664
18115,Ohio County,,IN,603,7623,8226
18117,Orange County,,IN,1254,21963,23217
18119,Owen County,,IN,1720,24546,26266
18121,Parke County,,IN,1034,17741,18775
18123,Perry County,,IN,962,20906,21868
18125,Pike County,,IN,732,14896,15628
18127,Porter County,,IN,10647,193763,204410
18129,Posey County,,IN,1812,31810,33622
18131,Pulaski County,,IN,980,15695,16675
18133,Putnam County,,IN,2432,39343,41775
18135,Randolph County,,IN,1737,31069,32806
18137,Ripley County,,IN,1986,33072,35058
18139,Rush County,,IN,1224,20697,21921
18141,St. Joseph County,,IN,14533,307309,321842
18143,Scott County,,IN,1577,26341,27918
18145,Shelby County,,IN,3580,53919,57499
18147,Spencer County,,IN,1437,25598,27035
18149,Starke County,,IN,1519,26660,28179
18151,Steuben County,,IN,2325,38625,40950
18153,Sullivan County,,IN,1225,22777,24002
18155,Switzerland County,,IN,659,9542,10201
18157,Tippecanoe County,,IN,13239,170686,183925
18159,Tipton County,,IN,1252,19356,20608
18161,Union County,,IN,517,8194,8711
18163,Vanderburgh County,,IN,10340,202124,212464
18165,Vermillion County,,IN,1282,19123,20405
18167,Vigo County,,IN,5973,113277,119250
18169,Wabash County,,IN,1872,39444,41316
18171,Warren County,,IN,666,10274,10940
18173,Warrick County,,IN,4564,70652,75216
18175,Washington County,,IN,1542,31932,33474
18177,Wayne County,,IN,3483,80154,83637
18179,Wells County,,IN,1534,33012,34546
18181,White County,,IN,1718,30103,31821
18183,Whitley County,,IN,2037,41236,43273
19001,Adair County,,IA,476,8982,9458
19003,Adams County,,IA,281,4847,5128
19005,Allamakee County,,IA,832,17407,18239
19007,Appanoose County,,IA,622,14472,15094
19009,Audubon County,,IA,330,7398,7728
19011,Benton County,,IA,1909,31419,33328
19013,Black Hawk County,,IA,7156,143847,151003
19015,Boone County,,IA,1899,30780,32679
19017,Bremer County,,IA,1568,27768,29336
19019,Buchanan County,,IA,1305,24903,26208
19021,Buena Vista County,,IA,1673,23989,25662
19023,Butler County,,IA,762,17948,18710
19025,Calhoun County,,IA,673,12011,12684
19027,Carroll County,,IA,1081,26256,27337
19029,Cass County,,IA,688,16601,17289
19031,Cedar County,,IA,1336,22464,23800
19033,Cerro Gordo County,,IA,2620,52196,54816
19035,Cherokee County,,IA,581,14801,15382
19037,Chickasaw County,,IA,785,15369,16154
19039,Clarke County,,IA,650,11068,11718
19041,Clay County,,IA,1182,20675,21857
19043,Clayton County,,IA,1052,22010,23062
19045,Clinton County,,IA,2594,58394,60988
19047,Crawford County,,IA,1219,20662,21881
19049,Dallas County,,IA,6280,75419,81699
19051,Davis County,,IA,504,9845,10349
19053,Decatur County,,IA,585,8296,8881
19055,Delaware County,,IA,945,21811,22756
19057,Des Moines County,,IA,2195,48150,50345
19059,Dickinson County,,IA,1241,20453,21694
19061,Dubuque County,,IA,4011,112884,116895
19063,Emmet County,,IA,690,11779,12469
19065,Fayette County,,IA,1156,23564,24720
19067,Floyd County,,IA,941,19015,19956
19069,Franklin County,,IA,633,12644,13277
19071,Fremont County,,IA,629,8626,9255
19073,Greene County,,IA,618,11193,11811
19075,Grundy County,,IA,847,15211,16058
19077,Guthrie County,,IA,793,13184,13977
19079,Hamilton County,,IA,1069,18709,19778
19081,Hancock County,,IA,787,13770,14557
19083,Hardin County,,IA,1043,19968,21011
19085,Harrison County,,IA,843,17570,18413
19087,Henry County,,IA,1390,22416,23806
19089,Howard County,,IA,504,12181,12685
19091,Humboldt County,,IA,640,11923,12563
19093,Ida County,,IA,455,8686,9141
19095,Iowa County,,IA,1070,20614,21684
19097,Jackson County,,IA,1160,24249,25409
19099,Jasper County,,IA,2341,42772,45113
19101,Jefferson County,,IA,1119,16937,18056
19103,Johnson County,,IA,11594,134723,146317
19105,Jones County,,IA,1090,23522,24612
19107,Keokuk County,,IA,605,12428,13033
19109,Kossuth County,,IA,853,19597,20450
19111,Lee County,,IA,1731,40959,42690
19113,Linn County,,IA,11486,252023,263509
19115,Louisa County,,IA,898,13361,14259
19117,Lucas County,,IA,557,10103,10660
19119,Lyon County,,IA,605,14110,14715
19121,Madison County,,IA,955,18201,19156
19123,Mahaska County,,IA,1397,25159,26556
19125,Marion County,,IA,1977,39035,41012
19127,Marshall County,,IA,2275,47173,49448
19129,Mills County,,IA,1058,16971,18029
19131,Mitchell County,,IA,465,12881,13346
19133,Monona County,,IA,521,10801,11322
19135,Monroe County,,IA,448,8834,9282
19137,Montgomery County,,IA,661,12592,13253
19139,Muscatine County,,IA,2679,52291,54970
19141,O'Brien County,,IA,983,17500,18483
19143,Osceola County,,IA,445,7944,8389
19145,Page County,,IA,894,17120,18014
19147,Palo Alto County,,IA,610,11125,11735
19149,Plymouth County,,IA,1561,31017,32578
19151,Pocahontas County,,IA,597,8852,9449
19153,Polk County,,IA,23298,506471,529769
19155,Pottawattamie County,,IA,5547,105907,111454
19157,Poweshiek County,,IA,1121,21092,22213
19159,Ringgold County,,IA,242,5423,5665
19161,Sac County,,IA,578,12423,13001
19163,Scott County,,IA,13279,195440,208719
19165,Shelby County,,IA,665,14950,15615
19167,Sioux County,,IA,1659,39324,40983
19169,Story County,,IA,8336,84830,93166
19171,Tama County,,IA,1159,21548,22707
19173,Taylor County,,IA,388,7303,7691
19175,Union County,,IA,850,14139,14989
19177,Van Buren County,,IA,489,8508,8997
19179,Wapello County,,IA,2135,40663,42798
19181,Warren County,,IA,3316,53925,57241
19183,Washington County,,IA,1312,26151,27463
19185,Wayne County,,IA,339,7312,7651
19187,Webster County,,IA,2454,42132,44586
19189,Winnebago County,,IA,768,13148,13916
19191,Winneshiek County,,IA,967,24112,25079
19193,Woodbury County,,IA,6168,118464,124632
19195,Worth County,,IA,471,9256,9727
19197,Wright County,,IA,856,15415,16271
20001,Allen County,,KS,823,15151,15974
20003,Anderson County,,KS,536,9525,10061
20005,Atchison County,,KS,1145,18156,19301
20007,Barber County,,KS,365,5553,5918
20009,Barton County,,KS,1654,32192,33846
20011,Bourbon County,,KS,899,16726,17625
20013,Brown County,,KS,663,11669,12332
20015,Butler County,,KS,4812,71836,76648
20017,Chase County,,KS,154,2922,3076
20019,Chautauqua County,,KS,243,3991,4234
20021,Cherokee County,,KS,1486,22936,24422
20023,Cheyenne County,,KS,158,3252,3410
20025,Clark County,,KS,193,2413,2606
20027,Clay County,,KS,690,9957,10647
20029,Cloud County,,KS,626,9603,10229
20031,Coffey County,,KS,660,10248,10908
20033,Comanche County,,KS,115,2117,2232
20035,Cowley County,,KS,2475,39922,42397
20037,Crawford County,,KS,2636,40037,42673
20039,Decatur County,,KS,252,3596,3848
20041,Dickinson County,,KS,1857,23227,25084
20043,Doniphan County,,KS,559,8687,9246
20045,Douglas County,,KS,9040,105890,114930
20047,Edwards County,,KS,272,3628,3900
20049,Elk County,,KS,205,3135,3340
20051,Ellis County,,KS,2353,31590,33943
20053,Ellsworth County,,KS,412,6800,7212
20055,Finney County,,KS,2885,45998,48883
20057,Ford County,,KS,2505,40770,43275
20059,Franklin County,,KS,2042,29772,31814
20061,Geary County,,KS,10385,35268,45653
20063,Gove County,,KS,233,3328,3561
20065,Graham County,,KS,199,3272,3471
20067,Grant County,,KS,557,9170,9727
20069,Gray County,,KS,494,7085,7579
20071,Greeley County,,KS,68,1485,1553
20073,Greenwood County,,KS,467,7147,7614
20075,Hamilton County,,KS,266,3121,3387
20077,Harper County,,KS,414,6864,7278
20079,Harvey County,,KS,2394,40518,42912
20081,Haskell County,,KS,314,4749,5063
20083,Hodgeman County,,KS,149,2283,2432
20085,Jackson County,,KS,1001,16019,17020
20087,Jefferson County,,KS,1420,22043,23463
20089,Jewell County,,KS,174,3433,3607
20091,Johnson County,,KS,38859,635932,674791
20093,Kearny County,,KS,354,4862,5216
20095,Kingman County,,KS,610,9150,9760
20097,Kiowa County,,KS,232,2638,2870
20099,Labette County,,KS,1426,25440,26866
20101,Lane County,,KS,177,2094,2271
20103,Leavenworth County,,KS,9799,76378,86177
20105,Lincoln County,,KS,222,3817,4039
20107,Linn County,,KS,656,10479,11135
20109,Logan County,,KS,186,3299,3485
20111,Lyon County,,KS,2681,36695,39376
20113,McPherson County,,KS,2119,34738,36857
20115,Marion County,,KS,822,14201,15023
20117,Marshall County,,KS,609,12892,13501
20119,Meade County,,KS,305,5244,5549
20121,Miami County,,KS,2323,36539,38862
20123,Mitchell County,,KS,522,7454,7976
20125,Montgomery County,,KS,2512,38664,41176
20127,Morris County,,KS,528,6642,7170
20129,Morton County,,KS,313,3832,4145
20131,Nemaha County,,KS,587,12760,13347
20133,Neosho County,,KS,1166,18366,19532
20135,Ness County,,KS,218,3710,3928
20137,Norton County,,KS,313,5790,6103
20139,Osage County,,KS,1182,19006,20188
20141,Osborne County,,KS,335,4827,5162
20143,Ottawa County,,KS,474,7447,7921
20145,Pawnee County,,KS,553,7432,7985
20147,Phillips County,,KS,336,7016,7352
20149,Pottawatomie County,,KS,1840,24670,26510
20151,Pratt County,,KS,761,10823,11584
20153,Rawlins County,,KS,173,2966,3139
20155,Reno County,,KS,3356,73723,77079
20157,Republic County,,KS,298,5500,5798
20159,Rice County,,KS,811,10883,11694
20161,Riley County,,KS,12141,54042,66183
20163,Rooks County,,KS,338,6119,6457
20165,Rush County,,KS,243,3955,4198
20167,Russell County,,KS,394,7913,8307
20169,Saline County,,KS,3568,66718,70286
20171,Scott County,,KS,372,5909,6281
20173,Sedgwick County,,KS,24989,575396,600385
20175,Seward County,,KS,2259,27814,30073
20177,Shawnee County,,KS,9053,209790,218843
20179,Sheridan County,,KS,161,3284,3445
20181,Sherman County,,KS,492,6589,7081
20183,Smith County,,KS,225,4839,5064
20185,Stafford County,,KS,329,5084,5413
20187,Stanton County,,KS,185,2731,2916
20189,Stevens County,,KS,335,6699,7034
20191,Sumner County,,KS,1787,27961,29748
20193,Thomas County,,KS,598,8632,9230
20195,Trego County,,KS,210,3789,3999
20197,Wabaunsee County,,KS,611,8224,8835
20199,Wallace County,,KS,118,1737,1855
20201,Washington County,,KS,489,9985,10474
20203,Wichita County,,KS,186,2780,2966
20205,Wilson County,,KS,655,10866,11521
20207,Woodson County,,KS,258,3428,3686
20209,Wyandotte County,,KS,12926,164625,177551
21001,Adair County,,KY,1076,16984,18060
21003,Allen County,,KY,1073,19412,20485
21005,Anderson County,,KY,1641,25517,27158
21007,Ballard County,,KY,498,8968,9466
21009,Barren County,,KY,2530,45319,47849
21011,Bath County,,KY,682,11591,12273
21013,Bell County,,KY,1204,25242,26446
21015,Boone County,,KY,11386,134519,145905
21017,Bourbon County,,KY,1451,22090,23541
21019,Boyd County,,KY,2731,51103,53834
21021,Boyle County,,KY,2108,29228,31336
21023,Bracken County,,KY,570,9601,10171
21025,Breathitt County,,KY,498,13046,13544
21027,Breckinridge County,,KY,1063,20878,21941
21029,Bullitt County,,KY,5361,86136,91497
21031,Butler County,,KY,657,13500,14157
21033,Caldwell County,,KY,761,13715,14476
21035,Calloway County,,KY,2329,35091,37420
21037,Campbell County,,KY,6917,99180,106097
21039,Carlisle County,,KY,286,5705,5991
21041,Carroll County,,KY,1106,12636,13742
21043,Carter County,,KY,1180,28854,30034
21045,Casey County,,KY,761,15644,16405
21047,Christian County,,KY,15286,70013,85299
21049,Clark County,,KY,2555,39137,41692
21051,Clay County,,KY,753,17983,18736
21053,Clinton County,,KY,477,9799,10276
21055,Crittenden County,,KY,457,9427,9884
21057,Cumberland County,,KY,240,6872,7112
21059,Daviess County,,KY,4230,110604,114834
21061,Edmonson County,,KY,650,12601,13251
21063,Elliott County,,KY,268,6031,6299
21065,Estill County,,KY,644,15176,15820
21067,Fayette County,,KY,21185,308227,329412
21069,Fleming County,,KY,694,16033,16727
21071,Floyd County,,KY,1767,37809,39576
21073,Franklin County,,KY,3292,56751,60043
21075,Fulton County,,KY,542,6245,6787
21077,Gallatin County,,KY,883,7780,8663
21079,Garrard County,,KY,1363,17037,18400
21081,Grant County,,KY,2451,27661,30112
21083,Graves County,,KY,1707,39865,41572
21085,Grayson County,,KY,1006,27098,28104
21087,Green County,,KY,590,11517,12107
21089,Greenup County,,KY,2095,40581,42676
21091,Hancock County,,KY,545,9948,10493
21093,Hardin County,,KY,10999,110959,121958
21095,Harlan County,,KY,869,28286,29155
21097,Harrison County,,KY,1131,20303,21434
21099,Hart County,,KY,1029,18700,19729
21101,Henderson County,,KY,2262,51443,53705
21103,Henry County,,KY,1223,17152,18375
21105,Hickman County,,KY,354,4998,5352
21107,Hopkins County,,KY,2245,51085,53330
21109,Jackson County,,KY,493,12576,13069
21111,Jefferson County,,KY,36217,835920,872137
21113,Jessamine County,,KY,4294,49732,54026
21115,Johnson County,,KY,982,22767,23749
21117,Kenton County,,KY,14687,179085,193772
21119,Knott County,,KY,681,14587,15268
21121,Knox County,,KY,1470,30434,31904
21123,Larue County,,KY,926,15491,16417
21125,Laurel County,,KY,2907,60142,63049
21127,Lawrence County,,KY,744,15413,16157
21129,Lee County,,KY,323,6266,6589
21131,Leslie County,,KY,395,10802,11197
21133,Letcher County,,KY,703,23598,24301
21135,Lewis County,,KY,658,13347,14005
21137,Lincoln County,,KY,1680,25849,27529
21139,Livingston County,,KY,598,10230,10828
21141,Logan County,,KY,1421,28997,30418
21143,Lyon County,,KY,524,7633,8157
21145,McCracken County,,KY,4152,73621,77773
21147,McCreary County,,KY,655,14172,14827
21149,McLean County,,KY,580,10554,11134
21151,Madison County,,KY,5557,81445,87002
21153,Magoffin County,,KY,368,11830,12198
21155,Marion County,,KY,916,19987,20903
21157,Marshall County,,KY,1810,35109,36919
21159,Martin County,,KY,495,9864,10359
21161,Mason County,,KY,1185,19040,20225
21163,Meade County,,KY,3516,30438,33954
21165,Menifee County,,KY,356,6064,6420
21167,Mercer County,,KY,1318,24469,25787
21169,Metcalfe County,,KY,607,10601,11208
21171,Monroe County,,KY,475,11618,12093
21173,Montgomery County,,KY,1988,28082,30070
21175,Morgan County,,KY,381,11895,12276
21177,Muhlenberg County,,KY,1239,33179,34418
21179,Nelson County,,KY,2407,51514,53921
21181,Nicholas County,,KY,427,7817,8244
21183,Ohio County,,KY,1373,25974,27347
21185,Oldham County,,KY,4379,63847,68226
21187,Owen County,,KY,755,10849,11604
21189,Owsley County,,KY,178,3810,3988
21191,Pendleton County,,KY,1146,16199,17345
21193,Perry County,,KY,1070,30269,31339
21195,Pike County,,KY,2319,59488,61807
21197,Powell County,,KY,793,13443,14236
21199,Pulaski County,,KY,2569,64904,67473
21201,Robertson County,,KY,137,2151,2288
21203,Rockcastle County,,KY,772,16599,17371
21205,Rowan County,,KY,1516,20630,22146
21207,Russell County,,KY,842,17623,18465
21209,Scott County,,KY,3501,51330,54831
21211,Shelby County,,KY,3054,45444,48498
21213,Simpson County,,KY,1268,19325,20593
21215,Spencer County,,KY,1253,19160,20413
21217,Taylor County,,KY,1348,25336,26684
21219,Todd County,,KY,899,12953,13852
21221,Trigg County,,KY,942,14788,15730
21223,Trimble County,,KY,734,9651,10385
21225,Union County,,KY,752,15965,16717
21227,Warren County,,KY,7253,116198,123451
21229,Washington County,,KY,666,12689,13355
21231,Wayne County,,KY,859,20259,21118
21233,Webster County,,KY,945,14770,15715
21235,Whitley County,,KY,2019,34930,36949
21237,Wolfe County,,KY,376,6595,6971
21239,Woodford County,,KY,1894,28935,30829
22001,Acadia Parish,,LA,3246,64357,67603
22003,Allen Parish,,LA,1510,23113,24623
22005,Ascension Parish,,LA,7053,115791,122844
22007,Assumption Parish,,LA,1331,24625,25956
22009,Avoyelles Parish,,LA,1718,43719,45437
22011,Beauregard Parish,,LA,2556,35018,37574
22013,Bienville Parish,,LA,1033,14920,15953
22015,Bossier Parish,,LA,13355,120763,134118
22017,Caddo Parish,,LA,15503,272718,288221
22019,Calcasieu Parish,,LA,8352,209000,217352
22021,Caldwell Parish,,LA,594,10202,10796
22023,Cameron Parish,,LA,625,7143,7768
22025,Catahoula Parish,,LA,579,10353,10932
22027,Claiborne Parish,,LA,894,14803,15697
22029,Concordia Parish,,LA,1293,19898,21191
22031,De Soto Parish,,LA,1725,29236,30961
22033,East Baton Rouge Parish,,LA,28748,454505,483253
22035,East Carroll Parish,,LA,473,7392,7865
22037,East Feliciana Parish,,LA,1705,20842,22547
22039,Evangeline Parish,,LA,1723,34896,36619
22041,Franklin Parish,,LA,926,21247,22173
22043,Grant Parish,,LA,1651,20379,22030
22045,Iberia Parish,,LA,4529,83672,88201
22047,Iberville Parish,,LA,2112,33551,35663
22049,Jackson Parish,,LA,917,16301,17218
22051,Jefferson Parish,,LA,32576,456265,488841
22053,Jefferson Davis Parish,,LA,1913,33417,35330
22055,Lafayette Parish,,LA,15164,231004,246168
22057,Lafourche Parish,,LA,5430,102766,108196
22059,La Salle Parish,,LA,567,14164,14731
22061,Lincoln Parish,,LA,3155,40984,44139
22063,Livingston Parish,,LA,8283,131162,139445
22065,Madison Parish,,LA,669,11472,12141
22067,Morehouse Parish,,LA,1788,30754,32542
22069,Natchitoches Parish,,LA,2300,38914,41214
22071,Orleans Parish,,LA,23845,279715,303560
22073,Ouachita Parish,,LA,8502,162609,171111
22075,Plaquemines Parish,,LA,2679,23206,25885
22077,Pointe Coupee Parish,,LA,1385,24178,25563
22079,Rapides Parish,,LA,6774,144214,150988
22081,Red River Parish,,LA,574,8841,9415
22083,Richland Parish,,LA,1301,21382,22683
22085,Sabine Parish,,LA,1151,23914,25065
22087,St. Bernard Parish,,LA,1877,29309,31186
22089,St. Charles Parish,,LA,4005,58873,62878
22091,St. Helena Parish,,LA,1288,14764,16052
22093,St. James Parish,,LA,1444,26116,27560
22095,St. John the Baptist Parish,,LA,3913,51945,55858
22097,St. Landry Parish,,LA,4651,94395,99046
22099,St. Martin Parish,,LA,3450,57072,60522
22101,St. Mary Parish,,LA,3510,62020,65530
22103,St. Tammany Parish,,LA,12689,242715,255404
22105,Tangipahoa Parish,,LA,6914,117345,124259
22107,Tensas Parish,,LA,322,5237,5559
22109,Terrebonne Parish,,LA,6478,123918,130396
22111,Union Parish,,LA,1467,23040,24507
22113,Vermilion Parish,,LA,3010,62101,65111
22115,Vernon Parish,,LA,10816,48258,59074
22117,Washington Parish,,LA,2201,44128,46329
22119,Webster Parish,,LA,2351,42917,45268
22121,West Baton Rouge Parish,,LA,2165,25819,27984
22123,West Carroll Parish,,LA,800,11777,12577
22125,West Feliciana Parish,,LA,762,10961,11723
22127,Winn Parish,,LA,790,14377,15167
23001,Androscoggin County,,ME,6351,118503,124854
23003,Aroostook County,,ME,2705,79881,82586
23005,Cumberland County,,ME,19926,322103,342029
23007,Franklin County,,ME,1744,31351,33095
23009,Hancock County,,ME,2999,60594,63593
23011,Kennebec County,,ME,6684,138546,145230
23013,Knox County,,ME,2115,44416,46531
23015,Lincoln County,,ME,2177,40295,42472
23017,Oxford County,,ME,3129,61546,64675
23019,Penobscot County,,ME,7808,164172,171980
23021,Piscataquis County,,ME,903,17979,18882
23023,Sagadahoc County,,ME,3541,41300,44841
23025,Somerset County,,ME,2890,53566,56456
23027,Waldo County,,ME,2159,41943,44102
23029,Washington County,,ME,1456,35133,36589
23031,York County,,ME,11685,231922,243607
24001,Allegany County,,MD,2566,75054,77620
24003,Anne Arundel County,,MD,42350,612703,655053
24005,Baltimore County,,MD,56963,920355,977318
24009,Calvert County,,MD,5610,105421,111031
24011,Caroline County,,MD,2424,36578,39002
24013,Carroll County,,MD,8683,203869,212552
24015,Cecil County,,MD,6103,112799,118902
24017,Charles County,,MD,11598,169387,180985
24019,Dorchester County,,MD,1854,36544,38398
24021,Frederick County,,MD,15792,276434,292226
24023,Garrett County,,MD,1152,34084,35236
24025,Harford County,,MD,15632,295764,311396
24027,Howard County,,MD,24439,324863,349302
24029,Kent County,,MD,1042,21506,22548
24031,Montgomery County,,MD,69460,1099124,1168584
24033,Prince George's County,,MD,67776,968117,1035893
24035,Queen Anne's County,,MD,3046,54273,57319
24037,St. Mary's County,,MD,7607,119629,127236
24039,Somerset County,,MD,1313,21816,23129
24041,Talbot County,,MD,2325,41799,44124
24043,Washington County,,MD,8353,167455,175808
24045,Wicomico County,,MD,6008,102642,108650
24047,Worcester County,,MD,3857,59905,63762
24510,Baltimore city,,MD,48206,581082,629288
25001,Barnstable County,,MA,10320,263898,274218
25003,Berkshire County,,MA,4690,150158,154848
25005,Bristol County,,MA,22256,628191,650447
25007,Dukes County,,MA,823,19558,20381
25009,Essex County,,MA,34567,858788,893355
25011,Franklin County,,MA,4363,81239,85602
25013,Hampden County,,MA,17056,523430,540486
25015,Hampshire County,,MA,10801,162896,173697
25017,Middlesex County,,MA,99426,1703320,1802746
25019,Nantucket County,,MA,985,12006,12991
25021,Norfolk County,,MA,49548,765003,814551
25023,Plymouth County,,MA,23642,582288,605930
25025,Suffolk County,,MA,74368,698209,772577
25027,Worcester County,,MA,32053,927367,959420
26001,Alcona County,,MI,733,12378,13111
26003,Alger County,,MI,497,10221,10718
26005,Allegan County,,MI,7417,134782,142199
26007,Alpena County,,MI,1374,34998,36372
26009,Antrim County,,MI,1908,27482,29390
26011,Arenac County,,MI,1088,18570,19658
26013,Baraga County,,MI,367,8771,9138
26015,Barry County,,MI,4052,70350,74402
26017,Bay County,,MI,4950,133052,138002
26019,Benzie County,,MI,1355,20424,21779
26021,Berrien County,,MI,8886,180452,189338
26023,Branch County,,MI,2793,49331,52124
26025,Calhoun County,,MI,7309,153026,160335
26027,Cass County,,MI,3459,57869,61328
26029,Charlevoix County,,MI,1778,30979,32757
26031,Cheboygan County,,MI,1736,30301,32037
26033,Chippewa County,,MI,1736,39175,40911
26035,Clare County,,MI,1957,32758,34715
26037,Clinton County,,MI,5599,86919,92518
26039,Crawford County,,MI,915,14675,15590
26041,Delta County,,MI,1458,44971,46429
26043,Dickinson County,,MI,1132,32251,33383
26045,Eaton County,,MI,9587,128106,137693
26047,Emmet County,,MI,2442,38937,41379
26049,Genesee County,,MI,20985,489906,510891
26051,Gladwin County,,MI,1513,28887,30400
26053,Gogebic County,,MI,780,16603,17383
26055,Grand Traverse County,,MI,6001,103635,109636
26057,Gratiot County,,MI,2405,43994,46399
26059,Hillsdale County,,MI,2720,51090,53810
26061,Houghton County,,MI,1877,36598,38475
26063,Huron County,,MI,1519,42549,44068
26065,Ingham County,,MI,22521,286102,308623
26067,Ionia County,,MI,3812,69550,73362
26069,Iosco County,,MI,1843,29379,31222
26071,Iron County,,MI,518,13322,13840
26073,Isabella County,,MI,4897,61773,66670
26075,Jackson County,,MI,7382,177240,184622
26077,Kalamazoo County,,MI,15444,274053,289497
26079,Kalkaska County,,MI,1405,18665,20070
26081,Kent County,,MI,32700,708917,741617
26083,Keweenaw County,,MI,111,2508,2619
26085,Lake County,,MI,820,11043,11863
26087,Lapeer County,,MI,5991,105607,111598
26089,Leelanau County,,MI,1495,25602,27097
26091,Lenawee County,,MI,5411,116460,121871
26093,Livingston County,,MI,12133,218523,230656
26095,Luce County,,MI,362,6363,6725
26097,Mackinac County,,MI,813,13380,14193
26099,Macomb County,,MI,48089,1018454,1066543
26101,Manistee County,,MI,1370,27600,28970
26103,Marquette County,,MI,2996,73390,76386
26105,Mason County,,MI,1585,33598,35183
26107,Mecosta County,,MI,2955,40104,43059
26109,Menominee County,,MI,1236,28091,29327
26111,Midland County,,MI,5312,100392,105704
26113,Missaukee County,,MI,984,16559,17543
26115,Monroe County,,MI,8762,183879,192641
26117,Montcalm County,,MI,4542,68985,73527
26119,Montmorency County,,MI,577,10906,11483
26121,Muskegon County,,MI,7760,192348,200108
26123,Newaygo County,,MI,3285,55081,58366
26125,Oakland County,,MI,83284,1401979,1485263
26127,Oceana County,,MI,1939,30676,32615
26129,Ogemaw County,,MI,1507,23865,25372
26131,Ontonagon County,,MI,329,7494,7823
26133,Osceola County,,MI,1709,25700,27409
26135,Oscoda County,,MI,495,9159,9654
26137,Otsego County,,MI,1886,28800,30686
26139,Ottawa County,,MI,16380,309560,325940
26141,Presque Isle County,,MI,680,15916,16596
26143,Roscommon County,,MI,1504,27068,28572
26145,Saginaw County,,MI,9368,230971,240339
26147,St. Clair County,,MI,9821,196159,205980
26149,St. Joseph County,,MI,3569,71508,75077
26151,Sanilac County,,MI,2543,50673,53216
26153,Schoolcraft County,,MI,362,9308,9670
26155,Shiawassee County,,MI,4332,84129,88461
26157,Tuscola County,,MI,3152,67785,70937
26159,Van Buren County,,MI,5555,89108,94663
26161,Washtenaw County,,MI,28086,359624,387710
26163,Wayne County,,MI,98955,1989333,2088288
26165,Wexford County,,MI,2388,36789,39177
27001,Aitkin County,,MN,833,16827,17660
27003,Anoka County,,MN,26185,398061,424246
27005,Becker County,,MN,1843,38105,39948
27007,Beltrami County,,MN,2490,47410,49900
27009,Benton County,,MN,4592,43868,48460
27011,Big Stone County,,MN,285,6183,6468
27013,Blue Earth County,,MN,5420,65228,70648
27015,Brown County,,MN,1492,32470,33962
27017,Carlton County,,MN,1858,39790,41648
27019,Carver County,,MN,6736,108117,114853
27021,Cass County,,MN,2062,33516,35578
27023,Chippewa County,,MN,775,15359,16134
27025,Chisago County,,MN,3971,63660,67631
27027,Clay County,,MN,4435,62542,66977
27029,Clearwater County,,MN,486,9557,10043
27031,Cook County,,MN,441,6292,6733
27033,Cottonwood County,,MN,665,14117,14782
27035,Crow Wing County,,MN,3615,72076,75691
27037,Dakota County,,MN,33517,487029,520546
27039,Dodge County,,MN,1273,24175,25448
27041,Douglas County,,MN,2233,44255,46488
27043,Faribault County,,MN,967,18331,19298
27045,Fillmore County,,MN,1085,25417,26502
27047,Freeborn County,,MN,1712,38530,40242
27049,Goodhue County,,MN,2812,56951,59763
27051,Grant County,,MN,470,7519,7989
27053,Hennepin County,,MN,87976,1334772,1422748
27055,Houston County,,MN,899,24117,25016
27057,Hubbard County,,MN,1249,22245,23494
27059,Isanti County,,MN,3127,43954,47081
27061,Itasca County,,MN,1949,51482,53431
27063,Jackson County,,MN,607,12914,13521
27065,Kanabec County,,MN,1083,18265,19348
27067,Kandiyohi County,,MN,2396,51238,53634
27069,Kittson County,,MN,245,5580,5825
27071,Koochiching County,,MN,553,15280,15833
27073,Lac qui Parle County,,MN,462,9073,9535
27075,Lake County,,MN,543,12780,13323
27077,Lake of the Woods County,,MN,235,4842,5077
27079,Le Sueur County,,MN,1986,33337,35323
27081,Lincoln County,,MN,344,6970,7314
27083,Lyon County,,MN,1874,30430,32304
27085,McLeod County,,MN,2544,46245,48789
27087,Mahnomen County,,MN,352,5707,6059
27089,Marshall County,,MN,631,11665,12296
27091,Martin County,,MN,1087,26030,27117
27093,Meeker County,,MN,1576,28114,29690
27095,Mille Lacs County,,MN,2109,29607,31716
27097,Morrison County,,MN,1842,40247,42089
27099,Mower County,,MN,2360,49478,51838
27101,Murray County,,MN,551,10487,11038
27103,Nicollet County,,MN,3192,36631,39823
27105,Nobles County,,MN,1497,25482,26979
27107,Norman County,,MN,386,8091,8477
27109,Olmsted County,,MN,9322,181079,190401
27111,Otter Tail County,,MN,3253,67852,71105
27113,Pennington County,,MN,970,16369,17339
27115,Pine County,,MN,1911,30765,32676
27117,Pipestone County,,MN,588,11745,12333
27119,Polk County,,MN,2024,36163,38187
27121,Pope County,,MN,723,13392,14115
27123,Ramsey County,,MN,50711,559844,610555
27125,Red Lake County,,MN,337,4971,5308
27127,Redwood County,,MN,999,19331,20330
27129,Renville County,,MN,1097,19761,20858
27131,Rice County,,MN,3866,69671,73537
27133,Rock County,,MN,600,11859,12459
27135,Roseau County,,MN,930,19775,20705
27137,St. Louis County,,MN,9435,221678,231113
27139,Scott County,,MN,10777,155449,166226
27141,Sherburne County,,MN,7655,101764,109419
27143,Sibley County,,MN,1001,18736,19737
27145,Stearns County,,MN,10633,169231,179864
27147,Steele County,,MN,2660,46128,48788
27149,Stevens County,,MN,646,10353,10999
27151,Swift County,,MN,697,11832,12529
27153,Todd County,,MN,1454,27954,29408
27155,Traverse County,,MN,224,4256,4480
27157,Wabasha County,,MN,1246,27467,28713
27159,Wadena County,,MN,971,15680,16651
27161,Waseca County,,MN,1280,23160,24440
27163,Washington County,,MN,19155,284432,303587
27165,Watonwan County,,MN,602,13334,13936
27167,Wilkin County,,MN,479,8178,8657
27169,Winona County,,MN,2809,54483,57292
27171,Wright County,,MN,8581,147884,156465
27173,Yellow Medicine County,,MN,612,12919,13531
28001,Adams County,,MS,1810,31403,33213
28003,Alcorn County,,MS,1843,37030,38873
28005,Amite County,,MS,868,13032,13900
28007,Attala County,,MS,960,19512,20472
28009,Benton County,,MS,754,8422,9176
28011,Bolivar County,,MS,2121,35767,37888
28013,Calhoun County,,MS,715,15523,16238
28015,Carroll County,,MS,615,10984,11599
28017,Chickasaw County,,MS,1126,19796,20922
28019,Choctaw County,,MS,538,8410,8948
28021,Claiborne County,,MS,978,10285,11263
28023,Clarke County,,MS,1337,19206,20543
28025,Clay County,,MS,1100,21456,22556
28027,Coahoma County,,MS,1452,28028,29480
28029,Copiah County,,MS,1629,31059,32688
28031,Covington County,,MS,1207,20570,21777
28033,DeSoto County,,MS,13692,180573,194265
28035,Forrest County,,MS,7710,72248,79958
28037,Franklin County,,MS,477,8736,9213
28039,George County,,MS,1091,22427,23518
28041,Greene County,,MS,682,11997,12679
28043,Grenada County,,MS,1342,24119,25461
28045,Hancock County,,MS,2961,39270,42231
28047,Harrison County,,MS,18296,185764,204060
28049,Hinds County,,MS,15934,263208,279142
28051,Holmes County,,MS,1222,20354,21576
28053,Humphreys County,,MS,617,9682,10299
28055,Issaquena County,,MS,103,966,1069
28057,Itawamba County,,MS,1554,24575,26129
28059,Jackson County,,MS,11545,147532,159077
28061,Jasper County,,MS,1397,18595,19992
28063,Jefferson County,,MS,528,8317,8845
28065,Jefferson Davis County,,MS,963,12678,13641
28067,Jones County,,MS,3629,68103,71732
28069,Kemper County,,MS,542,9546,10088
28071,Lafayette County,,MS,3330,37978,41308
28073,Lamar County,,MS,5406,52287,57693
28075,Lauderdale County,,MS,4710,81489,86199
28077,Lawrence County,,MS,790,14305,15095
28079,Leake County,,MS,1232,22556,23788
28081,Lee County,,MS,5392,90499,95891
28083,Leflore County,,MS,1907,32208,34115
28085,Lincoln County,,MS,1837,36653,38490
28087,Lowndes County,,MS,4539,62730,67269
28089,Madison County,,MS,8054,100429,108483
28091,Marion County,,MS,1395,27944,29339
28093,Marshall County,,MS,2973,38293,41266
28095,Monroe County,,MS,2075,39811,41886
28097,Montgomery County,,MS,637,11594,12231
28099,Neshoba County,,MS,1591,31362,32953
28101,Newton County,,MS,1392,24144,25536
28103,Noxubee County,,MS,623,12771,13394
28105,Oktibbeha County,,MS,3961,39150,43111
28107,Panola County,,MS,2155,37641,39796
28109,Pearl River County,,MS,3317,55384,58701
28111,Perry County,,MS,832,13010,13842
28113,Pike County,,MS,2518,43259,45777
28115,Pontotoc County,,MS,1860,33353,35213
28117,Prentiss County,,MS,1507,25089,26596
28119,Quitman County,,MS,572,7800,8372
28121,Rankin County,,MS,10148,149435,159583
28123,Scott County,,MS,1569,29783,31352
28125,Sharkey County,,MS,352,5303,5655
28127,Simpson County,,MS,1724,26747,28471
28129,Smith County,,MS,967,16115,17082
28131,Stone County,,MS,1151,16937,18088
28133,Sunflower County,,MS,1702,27232,28934
28135,Tallahatchie County,,MS,800,13307,14107
28137,Tate County,,MS,1914,30321,32235
28139,Tippah County,,MS,1067,23642,24709
28141,Tishomingo County,,MS,1136,19939,21075
28143,Tunica County,,MS,1414,12972,14386
28145,Union County,,MS,1587,30680,32267
28147,Walthall County,,MS,958,15339,16297
28149,Warren County,,MS,3066,56225,59291
28151,Washington County,,MS,3054,56544,59598
28153,Wayne County,,MS,964,22107,23071
28155,Webster County,,MS,639,10868,11507
28157,Wilkinson County,,MS,614,9728,10342
28159,Winston County,,MS,913,20552,21465
28161,Yalobusha County,,MS,925,14317,15242
28163,Yazoo County,,MS,1384,25321,26705
29001,Adair County,,MO,1933,23244,25177
29003,Andrew County,,MO,1789,20508,22297
29005,Atchison County,,MO,348,6742,7090
29007,Audrain County,,MO,1700,27154,28854
29009,Barry County,,MO,2542,35869,38411
29011,Barton County,,MO,780,14050,14830
29013,Bates County,,MO,1138,18402,19540
29015,Benton County,,MO,1276,19082,20358
29017,Bollinger County,,MO,747,12659,13406
29019,Boone County,,MO,11517,163295,174812
29021,Buchanan County,,MO,6136,94947,101083
29023,Butler County,,MO,2606,43597,46203
29025,Caldwell County,,MO,676,9926,10602
29027,Callaway County,,MO,3273,46823,50096
29029,Camden County,,MO,3382,44022,47404
29031,Cape Girardeau County,,MO,4417,81877,86294
29033,Carroll County,,MO,537,10843,11380
29035,Carter County,,MO,320,6277,6597
29037,Cass County,,MO,7519,113846,121365
29039,Cedar County,,MO,883,14051,14934
29041,Chariton County,,MO,365,9161,9526
29043,Christian County,,MO,7349,82993,90342
29045,Clark County,,MO,261,8085,8346
29047,Clay County,,MO,19053,257260,276313
29049,Clinton County,,MO,1925,23570,25495
29051,Cole County,,MO,5062,87235,92297
29053,Cooper County,,MO,1098,18502,19600
29055,Crawford County,,MO,1659,25815,27474
29057,Dade County,,MO,599,8403,9002
29059,Dallas County,,MO,1357,17505,18862
29061,Daviess County,,MO,615,9544,10159
29063,DeKalb County,,MO,829,10492,11321
29065,Dent County,,MO,832,15235,16067
29067,Douglas County,,MO,972,12791,13763
29069,Dunklin County,,MO,1974,30705,32679
29071,Franklin County,,MO,5567,123020,128587
29073,Gasconade County,,MO,1107,17558,18665
29075,Gentry County,,MO,413,7390,7803
29077,Greene County,,MO,21010,292405,313415
29079,Grundy County,,MO,634,10929,11563
29081,Harrison County,,MO,570,9812,10382
29083,Henry County,,MO,1498,24388,25886
29085,Hickory County,,MO,556,8929,9485
29087,Holt County,,MO,321,5915,6236
29089,Howard County,,MO,727,10802,11529
29091,Howell County,,MO,2022,41511,43533
29093,Iron County,,MO,873,10091,10964
29095,Jackson County,,MO,42413,736142,778555
29097,Jasper County,,MO,7848,123890,131738
29099,Jefferson County,,MO,13049,260602,273651
29101,Johnson County,,MO,5844,51933,57777
29103,Knox County,,MO,258,4485,4743
29105,Laclede County,,MO,2223,38067,40290
29107,Lafayette County,,MO,2387,37487,39874
29109,Lawrence County,,MO,2759,40900,43659
29111,Lewis County,,MO,631,10827,11458
29113,Lincoln County,,MO,3759,59824,63583
29115,Linn County,,MO,671,14692,15363
29117,Livingston County,,MO,928,15891,16819
29119,McDonald County,,MO,2052,21698,23750
29121,Macon County,,MO,924,17971,18895
29123,Madison County,,MO,881,12920,13801
29125,Maries County,,MO,546,9155,9701
29127,Marion County,,MO,1814,32521,34335
29129,Mercer County,,MO,264,4010,4274
29131,Miller County,,MO,1737,25333,27070
29133,Mississippi County,,MO,624,13099,13723
29135,Moniteau County,,MO,897,16985,17882
29137,Monroe County,,MO,739,9977,10716
29139,Montgomery County,,MO,852,13724,14576
29141,Morgan County,,MO,1435,21483,22918
29143,New Madrid County,,MO,1269,18498,19767
29145,Newton County,,MO,4944,60123,65067
29147,Nodaway County,,MO,1340,21681,23021
29149,Oregon County,,MO,629,9637,10266
29151,Osage County,,MO,757,16198,16955
29153,Ozark County,,MO,564,9326,9890
29155,Pemiscot County,,MO,1176,17992,19168
29157,Perry County,,MO,1006,21519,22525
29159,Pettis County,,MO,2897,47585,50482
29161,Phelps County,,MO,3276,43935,47211
29163,Pike County,,MO,1009,18610,19619
29165,Platte County,,MO,11376,98651,110027
29167,Polk County,,MO,2274,30015,32289
29169,Pulaski County,,MO,8726,44386,53112
29171,Putnam County,,MO,358,5212,5570
29173,Ralls County,,MO,638,11755,12393
29175,Randolph County,,MO,1530,26195,27725
29177,Ray County,,MO,1574,27074,28648
29179,Reynolds County,,MO,382,6603,6985
29181,Ripley County,,MO,791,13558,14349
29183,St. Charles County,,MO,21919,435139,457058
29185,St. Clair County,,MO,562,9116,9678
29186,Ste. Genevieve County,,MO,1255,21532,22787
29187,St. Francois County,,MO,3269,64745,68014
29189,St. Louis County,,MO,67405,1176252,1243657
29195,Saline County,,MO,1333,24633,25966
29197,Schuyler County,,MO,208,4426,4634
29199,Scotland County,,MO,228,5591,5819
29201,Scott County,,MO,2742,43707,46449
29203,Shannon County,,MO,488,8040,8528
29205,Shelby County,,MO,373,7642,8015
29207,Stoddard County,,MO,1744,31727,33471
29209,Stone County,,MO,2838,32381,35219
29211,Sullivan County,,MO,620,7396,8016
29213,Taney County,,MO,4711,50728,55439
29215,Texas County,,MO,1552,24376,25928
29217,Vernon County,,MO,1251,21791,23042
29219,Warren County,,MO,2769,36359,39128
29221,Washington County,,MO,1335,23454,24789
29223,Wayne County,,MO,850,11781,12631
29225,Webster County,,MO,2783,39023,41806
29227,Worth County,,MO,129,2472,2601
29229,Wright County,,MO,1109,18611,19720
29510,St. Louis city,,MO,35777,304026,339803
30001,Beaverhead County,,MT,699,9506,10205
30003,Big Horn County,,MT,694,13051,13745
30005,Blaine County,,MT,439,7027,7466
30007,Broadwater County,,MT,374,5371,5745
30009,Carbon County,,MT,846,10488,11334
30011,Carter County,,MT,102,1333,1435
30013,Cascade County,,MT,6521,93155,99676
30015,Chouteau County,,MT,310,5260,5570
30017,Custer County,,MT,882,12823,13705
30019,Daniels County,,MT,134,2184,2318
30021,Dawson County,,MT,626,10004,10630
30023,Deer Lodge County,,MT,601,9451,10052
30025,Fallon County,,MT,244,3392,3636
30027,Fergus County,,MT,716,13278,13994
30029,Flathead County,,MT,5860,101203,107063
30031,Gallatin County,,MT,8310,95738,104048
30033,Garfield County,,MT,112,1368,1480
30035,Glacier County,,MT,706,13928,14634
30037,Golden Valley County,,MT,111,1130,1241
30039,Granite County,,MT,240,3001,3241
30041,Hill County,,MT,1075,18915,19990
30043,Jefferson County,,MT,974,12468,13442
30045,Judith Basin County,,MT,125,2254,2379
30047,Lake County,,MT,1666,28561,30227
30049,Lewis and Clark County,,MT,4176,73284,77460
30051,Liberty County,,MT,113,2162,2275
30053,Lincoln County,,MT,1107,19818,20925
30055,McCone County,,MT,61,1979,2040
30057,Madison County,,MT,539,7821,8360
30059,Meagher County,,MT,141,2031,2172
30061,Mineral County,,MT,320,4413,4733
30063,Missoula County,,MT,8508,115570,124078
30065,Musselshell County,,MT,389,4493,4882
30067,Park County,,MT,1314,17615,18929
30069,Petroleum County,,MT,-2,-2,-4
30071,Phillips County,,MT,272,4842,5114
30073,Pondera County,,MT,394,7116,7510
30075,Powder River County,,MT,115,1663,1778
30077,Powell County,,MT,484,6179,6663
30079,Prairie County,,MT,47,1368,1415
30081,Ravalli County,,MT,2581,43486,46067
30083,Richland County,,MT,729,11714,12443
30085,Roosevelt County,,MT,569,10705,11274
30087,Rosebud County,,MT,694,10587,11281
30089,Sanders County,,MT,782,11283,12065
30091,Sheridan County,,MT,194,4303,4497
30093,Silver Bow County,,MT,2112,36964,39076
30095,Stillwater County,,MT,810,10050,10860
30097,Sweet Grass County,,MT,386,3859,4245
30099,Teton County,,MT,397,7380,7777
30101,Toole County,,MT,393,5369,5762
30103,Treasure County,,MT,-2,-2,-4
30105,Valley County,,MT,500,8268,8768
30107,Wheatland County,,MT,161,2298,2459
30109,Wibaux County,,MT,66,1088,1154
30111,Yellowstone County,,MT,8157,170820,178977
31001,Adams County,,NE,2110,35264,37374
31003,Antelope County,,NE,522,7838,8360
31005,Arthur County,,NE,-2,-2,-4
31007,Banner County,,NE,41,878,919
31009,Blaine County,,NE,-2,-2,-4
31011,Boone County,,NE,338,6857,7195
31013,Box Butte County,,NE,857,13786,14643
31015,Boyd County,,NE,104,2431,2535
31017,Brown County,,NE,162,3576,3738
31019,Buffalo County,,NE,3453,51086,54539
31021,Burt County,,NE,527,8213,8740
31023,Butler County,,NE,542,10334,10876
31025,Cass County,,NE,2122,30159,32281
31027,Cedar County,,NE,480,11118,11598
31029,Chase County,,NE,232,4478,4710
31031,Cherry County,,NE,452,6423,6875
31033,Cheyenne County,,NE,826,11993,12819
31035,Clay County,,NE,513,7562,8075
31037,Colfax County,,NE,875,12224,13099
31039,Cuming County,,NE,566,11279,11845
31041,Custer County,,NE,720,13107,13827
31043,Dakota County,,NE,2254,25471,27725
31045,Dawes County,,NE,802,8679,9481
31047,Dawson County,,NE,1987,28762,30749
31049,Deuel County,,NE,165,2058,2223
31051,Dixon County,,NE,409,6934,7343
31053,Dodge County,,NE,2519,42969,45488
31055,Douglas County,,NE,32839,597710,630549
31057,Dundy County,,NE,117,2177,2294
31059,Fillmore County,,NE,326,7263,7589
31061,Franklin County,,NE,198,3785,3983
31063,Frontier County,,NE,243,2894,3137
31065,Furnas County,,NE,363,5662,6025
31067,Gage County,,NE,1410,26316,27726
31069,Garden County,,NE,144,2251,2395
31071,Garfield County,,NE,117,2003,2120
31073,Gosper County,,NE,163,2380,2543
31075,Grant County,,NE,66,855,921
31077,Greeley County,,NE,169,2862,3031
31079,Hall County,,NE,4436,67268,71704
31081,Hamilton County,,NE,696,11471,12167
31083,Harlan County,,NE,189,3770,3959
31085,Hayes County,,NE,98,1163,1261
31087,Hitchcock County,,NE,219,3371,3590
31089,Holt County,,NE,595,12561,13156
31091,Hooker County,,NE,53,970,1023
31093,Howard County,,NE,517,7568,8085
31095,Jefferson County,,NE,521,8826,9347
31097,Johnson County,,NE,348,5166,5514
31099,Kearney County,,NE,540,7284,7824
31101,Keith County,,NE,595,9497,10092
31103,Keya Paha County,,NE,47,1067,1114
31105,Kimball County,,NE,256,4207,4463
31107,Knox County,,NE,407,10204,10611
31109,Lancaster County,,NE,16109,321842,337951
31111,Lincoln County,,NE,2299,42568,44867
31113,Logan County,,NE,-2,-2,-4
31115,Loup County,,NE,-2,-2,-4
31117,McPherson County,,NE,-2,-2,-4
31119,Madison County,,NE,2477,41741,44218
31121,Merrick County,,NE,598,8965,9563
31123,Morrill County,,NE,391,5372,5763
31125,Nance County,,NE,241,4083,4324
31127,Nemaha County,,NE,533,7662,8195
31129,Nuckolls County,,NE,245,5347,5592
31131,Otoe County,,NE,1091,18760,19851
31133,Pawnee County,,NE,174,3054,3228
31135,Perkins County,,NE,182,3466,3648
31137,Phelps County,,NE,680,11031,11711
31139,Pierce County,,NE,421,8516,8937
31141,Platte County,,NE,2238,40547,42785
31143,Polk County,,NE,393,6602,6995
31145,Red Willow County,,NE,815,12804,13619
31147,Richardson County,,NE,545,9866,10411
31149,Rock County,,NE,98,1357,1455
31151,Saline County,,NE,1019,16220,17239
31153,Sarpy County,,NE,18902,186890,205792
31155,Saunders County,,NE,1306,24227,25533
31157,Scotts Bluff County,,NE,2175,41156,43331
31159,Seward County,,NE,1052,18950,20002
31161,Sheridan County,,NE,485,6196,6681
31163,Sherman County,,NE,205,3635,3840
31165,Sioux County,,NE,109,1289,1398
31167,Stanton County,,NE,356,7204,7560
31169,Thayer County,,NE,285,6258,6543
31171,Thomas County,,NE,91,715,806
31173,Thurston County,,NE,369,7419,7788
31175,Valley County,,NE,269,4883,5152
31177,Washington County,,NE,1432,23800,25232
31179,Wayne County,,NE,648,9450,10098
31181,Webster County,,NE,239,4296,4535
31183,Wheeler County,,NE,61,916,977
31185,York County,,NE,1100,15898,16998
32001,Churchill County,,NV,2767,26850,29617
32003,Clark County,,NV,111970,2157118,2269088
32005,Douglas County,,NV,4575,53491,58066
32007,Elko County,,NV,3751,55167,58918
32009,Esmeralda County,,NV,141,777,918
32011,Eureka County,,NV,165,1802,1967
32013,Humboldt County,,NV,1338,19404,20742
32015,Lander County,,NV,560,6432,6992
32017,Lincoln County,,NV,257,4694,4951
32019,Lyon County,,NV,5949,55052,61001
32021,Mineral County,,NV,364,4960,5324
32023,Nye County,,NV,4300,43735,48035
32027,Pershing County,,NV,395,5189,5584
32029,Storey County,,NV,454,3959,4413
32031,Washoe County,,NV,24095,464675,488770
32033,White Pine County,,NV,756,9879,10635
32510,Carson City,,NV,5877,59406,65283
33001,Belknap County,,NH,4586,73002,77588
33003,Carroll County,,NH,3309,56259,59568
33005,Cheshire County,,NH,4637,88172,92809
33007,Coos County,,NH,2068,37812,39880
33009,Grafton County,,NH,7437,95932,103369
33011,Hillsborough County,,NH,25140,482154,507294
33013,Merrimack County,,NH,10627,169463,180090
33015,Rockingham County,,NH,20908,363858,384766
33017,Strafford County,,NH,9103,136854,145957
33019,Sullivan County,,NH,2719,49858,52577
34001,Atlantic County,,NJ,12658,339420,352078
34003,Bergen County,,NJ,50801,1053570,1104371
34005,Burlington County,,NJ,26230,539291,565521
34007,Camden County,,NJ,28532,602556,631088
34009,Cape May County,,NJ,5442,114463,119905
34011,Cumberland County,,NJ,6393,177500,183893
34013,Essex County,,NJ,48701,844536,893237
34015,Gloucester County,,NJ,14917,346708,361625
34017,Hudson County,,NJ,58915,688011,746926
34019,Hunterdon County,,NJ,7302,152352,159654
34021,Mercer County,,NJ,21396,407109,428505
34023,Middlesex County,,NJ,58719,959240,1017959
34025,Monmouth County,,NJ,30037,740712,770749
34027,Morris County,,NJ,29995,585256,615251
34029,Ocean County,,NJ,22135,675701,697836
34031,Passaic County,,NJ,29962,598429,628391
34033,Salem County,,NJ,3972,79552,83524
34035,Somerset County,,NJ,23643,383077,406720
34037,Sussex County,,NJ,8391,180705,189096
34039,Union County,,NJ,35080,621167,656247
34041,Warren County,,NJ,6594,130420,137014
35001,Bernalillo County,,NM,37165,708119,745284
35003,Catron County,,NM,169,3256,3425
35005,Chaves County,,NM,3603,65979,69582
35006,Cibola County,,NM,1416,23725,25141
35007,Colfax County,,NM,1000,13728,14728
35009,Curry County,,NM,5174,49827,55001
35011,De Baca County,,NM,146,2048,2194
35013,Dona Ana County,,NM,12264,216085,228349
35015,Eddy County,,NM,3408,57374,60782
35017,Grant County,,NM,1981,32062,34043
35019,Guadalupe County,,NM,213,4523,4736
35021,Harding County,,NM,56,745,801
35023,Hidalgo County,,NM,471,5068,5539
35025,Lea County,,NM,4512,67817,72329
35027,Lincoln County,,NM,1682,20520,22202
35028,Los Alamos County,,NM,1600,22113,23713
35029,Luna County,,NM,1832,27552,29384
35031,McKinley County,,NM,7502,86506,94008
35033,Mora County,,NM,275,5046,5321
35035,Otero County,,NM,5298,62509,67807
35037,Quay County,,NM,554,8885,9439
35039,Rio Arriba County,,NM,2008,42639,44647
35041,Roosevelt County,,NM,1608,18471,20079
35043,Sandoval County,,NM,11169,140181,151350
35045,San Juan County,,NM,10172,148395,158567
35047,San Miguel County,,NM,1598,27175,28773
35049,Santa Fe County,,NM,8765,152585,161350
35051,Sierra County,,NM,823,11190,12013
35053,Socorro County,,NM,1339,17650,18989
35055,Taos County,,NM,1879,33236,35115
35057,Torrance County,,NM,1329,14699,16028
35059,Union County,,NM,382,4150,4532
35061,Valencia County,,NM,4465,77062,81527
36001,Albany County,,NY,22249,340099,362348
36003,Allegany County,,NY,2216,49977,52193
36005,Bronx County,,NY,89685,1403711,1493396
36007,Broome County,,NY,9184,224920,234104
36009,Cattaraugus County,,NY,3977,89036,93013
36011,Cayuga County,,NY,3567,87248,90815
36013,Chautauqua County,,NY,4668,147238,151906
36015,Chemung County,,NY,3897,99738,103635
36017,Chenango County,,NY,2743,57993,60736
36019,Clinton County,,NY,3005,91680,94685
36021,Columbia County,,NY,3200,69723,72923
36023,Cortland County,,NY,2685,51268,53953
36025,Delaware County,,NY,2485,48314,50799
36027,Dutchess County,,NY,14020,334014,348034
36029,Erie County,,NY,28463,1060753,1089216
36031,Essex County,,NY,2162,42139,44301
36033,Franklin County,,NY,1964,51808,53772
36035,Fulton County,,NY,2660,63417,66077
36037,Genesee County,,NY,3153,70324,73477
36039,Greene County,,NY,2586,52458,55044
36041,Hamilton County,,NY,353,5726,6079
36043,Herkimer County,,NY,2878,72729,75607
36045,Jefferson County,,NY,16765,124055,140820
36047,Kings County,,NY,149116,2549860,2698976
36049,Lewis County,,NY,1434,28197,29631
36051,Livingston County,,NY,3533,70504,74037
36053,Madison County,,NY,4305,76447,80752
36055,Monroe County,,NY,28140,869367,897507
36057,Montgomery County,,NY,3057,58461,61518
36059,Nassau County,,NY,57462,1604493,1661955
36061,New York County,,NY,173611,1564922,1738533
36063,Niagara County,,NY,8878,256513,265391
36065,Oneida County,,NY,8715,264167,272882
36067,Onondaga County,,NY,19891,535031,554922
36069,Ontario County,,NY,6172,125847,132019
36071,Orange County,,NY,21270,432864,454134
36073,Orleans County,,NY,2206,47306,49512
36075,Oswego County,,NY,6016,137264,143280
36077,Otsego County,,NY,3224,65994,69218
36079,Putnam County,,NY,5945,115390,121335
36081,Queens County,,NY,136324,2469582,2605906
36083,Rensselaer County,,NY,11315,181994,193309
36085,Richmond County,,NY,19932,531039,550971
36087,Rockland County,,NY,12399,352394,364793
36089,St. Lawrence County,,NY,4086,115712,119798
36091,Saratoga County,,NY,15341,261976,277317
36093,Schenectady County,,NY,9619,180638,190257
36095,Schoharie County,,NY,1690,34357,36047
36097,Schuyler County,,NY,1211,21256,22467
36099,Seneca County,,NY,2107,38382,40489
36101,Steuben County,,NY,4705,112805,117510
36103,Suffolk County,,NY,50933,1815012,1865945
36105,Sullivan County,,NY,4364,83053,87417
36107,Tioga County,,NY,3238,61032,64270
36109,Tompkins County,,NY,7815,93109,100924
36111,Ulster County,,NY,9199,200850,210049
36113,Warren County,,NY,4539,78093,82632
36115,Washington County,,NY,3624,68375,71999
36117,Wayne County,,NY,5511,113344,118855
36119,Westchester County,,NY,47507,1052305,1099812
36121,Wyoming County,,NY,2356,46643,48999
36123,Yates County,,NY,1359,28483,29842
37001,Alamance County,,NC,7605,165104,172709
37003,Alexander County,,NC,2051,40593,42644
37005,Alleghany County,,NC,478,11582,12060
37007,Anson County,,NC,1215,25425,26640
37009,Ashe County,,NC,1023,27485,28508
37011,Avery County,,NC,941,16475,17416
37013,Beaufort County,,NC,2373,51153,53526
37015,Bertie County,,NC,1099,21147,22246
37017,Bladen County,,NC,1628,32237,33865
37019,Brunswick County,,NC,7007,109424,116431
37021,Buncombe County,,NC,14708,253284,267992
37023,Burke County,,NC,5097,96741,101838
37025,Cabarrus County,,NC,12841,198548,211389
37027,Caldwell County,,NC,3882,88480,92362
37029,Camden County,,NC,865,10970,11835
37031,Carteret County,,NC,4704,70943,75647
37033,Caswell County,,NC,1445,24053,25498
37035,Catawba County,,NC,9791,178406,188197
37037,Chatham County,,NC,4339,68896,73235
37039,Cherokee County,,NC,1377,26495,27872
37041,Chowan County,,NC,853,15859,16712
37043,Clay County,,NC,662,10277,10939
37045,Cleveland County,,NC,4880,105550,110430
37047,Columbus County,,NC,2539,55040,57579
37049,Craven County,,NC,12040,109926,121966
37051,Cumberland County,,NC,46098,329184,375282
37053,Currituck County,,NC,1978,24787,26765
37055,Dare County,,NC,2383,38301,40684
37057,Davidson County,,NC,8933,180844,189777
37059,Davie County,,NC,2276,45913,48189
37061,Duplin County,,NC,2791,54492,57283
37063,Durham County,,NC,26968,283876,310844
37065,Edgecombe County,,NC,4436,58114,62550
37067,Forsyth County,,NC,20150,385516,405666
37069,Franklin County,,NC,3901,59066,62967
37071,Gaston County,,NC,11409,224766,236175
37073,Gates County,,NC,680,12159,12839
37075,Graham County,,NC,286,8558,8844
37077,Granville County,,NC,3445,58978,62423
37079,Greene County,,NC,1178,19077,20255
37081,Guilford County,,NC,29363,527437,556800
37083,Halifax County,,NC,2890,56048,58938
37085,Harnett County,,NC,11065,110097,121162
37087,Haywood County,,NC,3105,62853,65958
37089,Henderson County,,NC,6349,117455,123804
37091,Hertford County,,NC,1244,21721,22965
37093,Hoke County,,NC,5921,43887,49808
37095,Hyde County,,NC,287,4865,5152
37097,Iredell County,,NC,10226,178350,188576
37099,Jackson County,,NC,2456,32831,35287
37101,Johnston County,,NC,10496,178823,189319
37103,Jones County,,NC,903,10416,11319
37105,Lee County,,NC,4131,62096,66227
37107,Lenoir County,,NC,3218,62939,66157
37109,Lincoln County,,NC,5120,84027,89147
37111,McDowell County,,NC,2007,47064,49071
37113,Macon County,,NC,1658,36607,38265
37115,Madison County,,NC,1310,20469,21779
37117,Martin County,,NC,1252,26414,27666
37119,Mecklenburg County,,NC,66957,994638,1061595
37121,Mitchell County,,NC,756,16042,16798
37123,Montgomery County,,NC,1488,28454,29942
37125,Moore County,,NC,5277,95462,100739
37127,Nash County,,NC,7617,107014,114631
37129,New Hanover County,,NC,15649,197563,213212
37131,Northampton County,,NC,1468,21404,22872
37133,Onslow County,,NC,33393,173781,207174
37135,Orange County,,NC,13785,127936,141721
37137,Pamlico County,,NC,775,13125,13900
37139,Pasquotank County,,NC,3325,41560,44885
37141,Pender County,,NC,4068,50882,54950
37143,Perquimans County,,NC,834,13961,14795
37145,Person County,,NC,1747,42271,44018
37147,Pitt County,,NC,9751,159985,169736
37149,Polk County,,NC,1388,19939,21327
37151,Randolph County,,NC,7199,159032,166231
37153,Richmond County,,NC,2171,48293,50464
37155,Robeson County,,NC,5425,128493,133918
37157,Rockingham County,,NC,3869,103820,107689
37159,Rowan County,,NC,8294,151972,160266
37161,Rutherford County,,NC,2565,66946,69511
37163,Sampson County,,NC,3196,68282,71478
37165,Scotland County,,NC,2116,37745,39861
37167,Stanly County,,NC,2685,65660,68345
37169,Stokes County,,NC,2767,50606,53373
37171,Surry County,,NC,3515,79489,83004
37173,Swain County,,NC,1015,18990,20005
37175,Transylvania County,,NC,1666,32531,34197
37177,Tyrrell County,,NC,201,4082,4283
37179,Union County,,NC,11429,221081,232510
37181,Vance County,,NC,2583,47891,50474
37183,Wake County,,NC,55328,1001323,1056651
37185,Warren County,,NC,1218,19136,20354
37187,Washington County,,NC,702,14098,14800
37189,Watauga County,,NC,3690,39019,42709
37191,Wayne County,,NC,8079,125392,133471
37193,Wilkes County,,NC,2706,72917,75623
37195,Wilson County,,NC,4307,88369,92676
37197,Yadkin County,,NC,2175,42461,44636
37199,Yancey County,,NC,895,18653,19548
38001,Adams County,,ND,141,2783,2924
38003,Barnes County,,ND,784,12909,13693
38005,Benson County,,ND,393,7034,7427
38007,Billings County,,ND,72,927,999
38009,Bottineau County,,ND,411,7663,8074
38011,Bowman County,,ND,211,3764,3975
38013,Burke County,,ND,160,2399,2559
38015,Burleigh County,,ND,5391,95618,101009
38017,Cass County,,ND,11351,169441,180792
38019,Cavalier County,,ND,231,5069,5300
38021,Dickey County,,ND,366,6165,6531
38023,Divide County,,ND,103,2434,2537
38025,Dunn County,,ND,245,3985,4230
38027,Eddy County,,ND,124,2755,2879
38029,Emmons County,,ND,204,4186,4390
38031,Foster County,,ND,157,4054,4211
38033,Golden Valley County,,ND,141,1969,2110
38035,Grand Forks County,,ND,6663,70570,77233
38037,Grant County,,ND,141,2816,2957
38039,Griggs County,,ND,153,2929,3082
38041,Hettinger County,,ND,170,2855,3025
38043,Kidder County,,ND,136,2911,3047
38045,LaMoure County,,ND,255,4895,5150
38047,Logan County,,ND,87,2361,2448
38049,McHenry County,,ND,408,6442,6850
38051,McIntosh County,,ND,186,3392,3578
38053,McKenzie County,,ND,321,6107,6428
38055,McLean County,,ND,593,10564,11157
38057,Mercer County,,ND,611,10336,10947
38059,Morton County,,ND,2548,31905,34453
38061,Mountrail County,,ND,572,8193,8765
38063,Nelson County,,ND,197,3825,4022
38065,Oliver County,,ND,153,2313,2466
38067,Pembina County,,ND,553,9388,9941
38069,Pierce County,,ND,283,5053,5336
38071,Ramsey County,,ND,785,13322,14107
38073,Ransom County,,ND,425,6527,6952
38075,Renville County,,ND,279,2859,3138
38077,Richland County,,ND,1084,19062,20146
38079,Rolette County,,ND,570,14560,15130
38081,Sargent County,,ND,316,4948,5264
38083,Sheridan County,,ND,114,1609,1723
38085,Sioux County,,ND,267,3634,3901
38087,Slope County,,ND,38,822,860
38089,Stark County,,ND,1662,28278,29940
38091,Steele County,,ND,129,2326,2455
38093,Stutsman County,,ND,1246,24208,25454
38095,Towner County,,ND,161,2791,2952
38097,Traill County,,ND,654,9223,9877
38099,Walsh County,,ND,734,13345,14079
38101,Ward County,,ND,6094,70297,76391
38103,Wells County,,ND,306,5209,5515
38105,Williams County,,ND,1451,25879,27330
39001,Adams County,,OH,1288,29916,31204
39003,Allen County,,OH,5498,121124,126622
39005,Ashland County,,OH,3081,60829,63910
39007,Ashtabula County,,OH,4530,115770,120300
39009,Athens County,,OH,3994,51459,55453
39011,Auglaize County,,OH,2665,58092,60757
39013,Belmont County,,OH,2733,77819,80552
39015,Brown County,,OH,3168,49566,52734
39017,Butler County,,OH,24337,413227,437564
39019,Carroll County,,OH,1784,32923,34707
39021,Champaign County,,OH,2741,46475,49216
39023,Clark County,,OH,6715,159961,166676
39025,Clermont County,,OH,13227,229700,242927
39027,Clinton County,,OH,3466,48261,51727
39029,Columbiana County,,OH,4536,121515,126051
39031,Coshocton County,,OH,1591,41785,43376
39033,Crawford County,,OH,2677,51943,54620
39035,Cuyahoga County,,OH,56226,1455774,1512000
39037,Darke County,,OH,2512,65092,67604
39039,Defiance County,,OH,2280,47894,50174
39041,Delaware County,,OH,12671,198522,211193
39043,Erie County,,OH,4465,92571,97036
39045,Fairfield County,,OH,10248,166739,176987
39047,Fayette County,,OH,1767,32779,34546
39049,Franklin County,,OH,71669,1332416,1404085
39051,Fulton County,,OH,2701,53372,56073
39053,Gallia County,,OH,1313,32029,33342
39055,Geauga County,,OH,4988,111169,116157
39057,Greene County,,OH,15035,174572,189607
39059,Guernsey County,,OH,1939,45720,47659
39061,Hamilton County,,OH,46378,910773,957151
39063,Hancock County,,OH,4956,88685,93641
39065,Hardin County,,OH,1698,33835,35533
39067,Harrison County,,OH,934,17049,17983
39069,Henry County,,OH,1674,35886,37560
39071,Highland County,,OH,2588,47013,49601
39073,Hocking County,,OH,1850,31413,33263
39075,Holmes County,,OH,1723,45247,46970
39077,Huron County,,OH,3767,73067,76834
39079,Jackson County,,OH,1504,35940,37444
39081,Jefferson County,,OH,2927,78088,81015
39083,Knox County,,OH,2863,66694,69557
39085,Lake County,,OH,11332,286050,297382
39087,Lawrence County,,OH,2895,67332,70227
39089,Licking County,,OH,9411,193998,203409
39091,Logan County,,OH,2632,55444,58076
39093,Lorain County,,OH,13831,353029,366860
39095,Lucas County,,OH,20835,485923,506758
39097,Madison County,,OH,3066,45395,48461
39099,Mahoning County,,OH,10906,268566,279472
39101,Marion County,,OH,3131,71816,74947
39103,Medina County,,OH,10343,212126,222469
39105,Meigs County,,OH,1023,24449,25472
39107,Mercer County,,OH,1936,52881,54817
39109,Miami County,,OH,6381,123409,129790
39111,Monroe County,,OH,731,16604,17335
39113,Montgomery County,,OH,30483,604090,634573
39115,Morgan County,,OH,698,15279,15977
39117,Morrow County,,OH,2403,38420,40823
39119,Muskingum County,,OH,3564,98616,102180
39121,Noble County,,OH,638,14109,14747
39123,Ottawa County,,OH,2650,50437,53087
39125,Paulding County,,OH,1100,23795,24895
39127,Perry County,,OH,2100,39332,41432
39129,Pickaway County,,OH,3590,58914,62504
39131,Pike County,,OH,1575,29841,31416
39133,Portage County,,OH,10985,175287,186272
39135,Preble County,,OH,2465,49551,52016
39137,Putnam County,,OH,1719,44761,46480
39139,Richland County,,OH,6537,143220,149757
39141,Ross County,,OH,3454,82090,85544
39143,Sandusky County,,OH,3184,74656,77840
39145,Scioto County,,OH,2723,78640,81363
39147,Seneca County,,OH,3275,67143,70418
39149,Shelby County,,OH,2918,60694,63612
39151,Stark County,,OH,15614,447663,463277
39153,Summit County,,OH,27676,628032,655708
39155,Trumbull County,,OH,9372,249265,258637
39157,Tuscarawas County,,OH,4167,113451,117618
39159,Union County,,OH,3603,57812,61415
39161,Van Wert County,,OH,1537,35890,37427
39163,Vinton County,,OH,856,13556,14412
39165,Warren County,,OH,16643,245492,262135
39167,Washington County,,OH,2990,71307,74297
39169,Wayne County,,OH,5985,136964,142949
39171,Williams County,,OH,2123,46209,48332
39173,Wood County,,OH,9972,138342,148314
39175,Wyandot County,,OH,1360,27586,28946
40001,Adair County,,OK,1306,22684,23990
40003,Alfalfa County,,OK,358,4885,5243
40005,Atoka County,,OK,940,13884,14824
40007,Beaver County,,OK,474,5666,6140
40009,Beckham County,,OK,2103,21096,23199
40011,Blaine County,,OK,763,10474,11237
40013,Bryan County,,OK,2566,37406,39972
40015,Caddo County,,OK,1867,27617,29484
40017,Canadian County,,OK,9535,122072,131607
40019,Carter County,,OK,2951,50182,53133
40021,Cherokee County,,OK,3055,42292,45347
40023,Choctaw County,,OK,889,14228,15117
40025,Cimarron County,,OK,258,2926,3184
40027,Cleveland County,,OK,22086,254978,277064
40029,Coal County,,OK,450,5259,5709
40031,Comanche County,,OK,14347,112602,126949
40033,Cotton County,,OK,483,5981,6464
40035,Craig County,,OK,994,13925,14919
40037,Creek County,,OK,5957,72174,78131
40039,Custer County,,OK,2502,26518,29020
40041,Delaware County,,OK,2542,36585,39127
40043,Dewey County,,OK,388,4994,5382
40045,Ellis County,,OK,359,4059,4418
40047,Garfield County,,OK,4727,66256,70983
40049,Garvin County,,OK,1983,27567,29550
40051,Grady County,,OK,3658,50754,54412
40053,Grant County,,OK,378,4567,4945
40055,Greer County,,OK,480,4903,5383
40057,Harmon County,,OK,194,2668,2862
40059,Harper County,,OK,292,4068,4360
40061,Haskell County,,OK,832,12236,13068
40063,Hughes County,,OK,957,12212,13169
40065,Jackson County,,OK,3005,27451,30456
40067,Jefferson County,,OK,525,5630,6155
40069,Johnston County,,OK,758,10173,10931
40071,Kay County,,OK,3641,49304,52945
40073,Kingfisher County,,OK,983,16627,17610
40075,Kiowa County,,OK,689,9070,9759
40077,Latimer County,,OK,871,11798,12669
40079,Le Flore County,,OK,2618,47794,50412
40081,Lincoln County,,OK,2335,33135,35470
40083,Logan County,,OK,3180,39450,42630
40085,Love County,,OK,711,9283,9994
40087,McClain County,,OK,2982,36109,39091
40089,McCurtain County,,OK,1441,31700,33141
40091,McIntosh County,,OK,1331,18572,19903
40093,Major County,,OK,626,8138,8764
40095,Marshall County,,OK,1042,14190,15232
40097,Mayes County,,OK,2788,41549,44337
40099,Murray County,,OK,1002,13031,14033
40101,Muskogee County,,OK,4250,71542,75792
40103,Noble County,,OK,923,11927,12850
40105,Nowata County,,OK,793,11014,11807
40107,Okfuskee County,,OK,723,10250,10973
40109,Oklahoma County,,OK,47143,736400,783543
40111,Okmulgee County,,OK,2555,39200,41755
40113,Osage County,,OK,3724,43134,46858
40115,Ottawa County,,OK,2042,33170,35212
40117,Pawnee County,,OK,1478,16138,17616
40119,Payne County,,OK,6683,64586,71269
40121,Pittsburg County,,OK,2934,45725,48659
40123,Pontotoc County,,OK,2522,37981,40503
40125,Pottawatomie County,,OK,4893,69633,74526
40127,Pushmataha County,,OK,748,11107,11855
40129,Roger Mills County,,OK,310,3708,4018
40131,Rogers County,,OK,7108,93220,100328
40133,Seminole County,,OK,1718,23320,25038
40135,Sequoyah County,,OK,2363,41328,43691
40137,Stephens County,,OK,2629,45657,48286
40139,Texas County,,OK,2103,24408,26511
40141,Tillman County,,OK,616,7717,8333
40143,Tulsa County,,OK,39807,655591,695398
40145,Wagoner County,,OK,6789,73707,80496
40147,Washington County,,OK,3556,56917,60473
40149,Washita County,,OK,1112,11576,12688
40151,Woods County,,OK,573,8247,8820
40153,Woodward County,,OK,1868,21102,22970
41001,Baker County,,OR,1061,16933,17994
41003,Benton County,,OR,7856,82185,90041
41005,Clackamas County,,OR,29457,408484,437941
41007,Clatsop County,,OR,2865,37612,40477
41009,Columbia County,,OR,3244,53779,57023
41011,Coos County,,OR,3527,63293,66820
41013,Crook County,,OR,1909,21369,23278
41015,Curry County,,OR,1544,22784,24328
41017,Deschutes County,,OR,11722,167817,179539
41019,Douglas County,,OR,5078,109962,115040
41021,Gilliam County,,OR,166,1944,2110
41023,Grant County,,OR,392,7404,7796
41025,Harney County,,OR,517,7605,8122
41027,Hood River County,,OR,1396,25745,27141
41029,Jackson County,,OR,9825,220204,230029
41031,Jefferson County,,OR,1705,21576,23281
41033,Josephine County,,OR,4277,83557,87834
41035,Klamath County,,OR,3937,67836,71773
41037,Lake County,,OR,509,7582,8091
41039,Lane County,,OR,18062,361330,379392
41041,Lincoln County,,OR,3399,46279,49678
41043,Linn County,,OR,7412,123181,130593
41045,Malheur County,,OR,1922,28960,30882
41047,Marion County,,OR,17873,338594,356467
41049,Morrow County,,OR,935,12713,13648
41051,Multnomah County,,OR,56733,773661,830394
41053,Polk County,,OR,6576,76972,83548
41055,Sherman County,,OR,130,2003,2133
41057,Tillamook County,,OR,1628,26492,28120
41059,Umatilla County,,OR,4420,79955,84375
41061,Union County,,OR,1581,27507,29088
41063,Wallowa County,,OR,360,7886,8246
41065,Wasco County,,OR,1598,25819,27417
41067,Washington County,,OR,39778,587392,627170
41069,Wheeler County,,OR,107,1303,1410
41071,Yamhill County,,OR,6201,102062,108263
42001,Adams County,,PA,5614,123670,129284
42003,Allegheny County,,PA,48116,1437891,1486007
42005,Armstrong County,,PA,2982,81583,84565
42007,Beaver County,,PA,6704,209382,216086
42009,Bedford County,,PA,1982,61085,63067
42011,Berks County,,PA,16413,501096,517509
42013,Blair County,,PA,4047,149761,153808
42015,Bradford County,,PA,2631,73803,76434
42017,Bucks County,,PA,32425,782696,815121
42019,Butler County,,PA,9076,224234,233310
42021,Cambria County,,PA,4920,167635,172555
42023,Cameron County,,PA,254,6234,6488
42025,Carbon County,,PA,3541,75971,79512
42027,Centre County,,PA,8311,139971,148282
42029,Chester County,,PA,27465,597028,624493
42031,Clarion County,,PA,1767,43892,45659
42033,Clearfield County,,PA,3284,92921,96205
42035,Clinton County,,PA,1761,42549,44310
42037,Columbia County,,PA,2865,71598,74463
42039,Crawford County,,PA,3819,99963,103782
42041,Cumberland County,,PA,15041,284486,299527
42043,Dauphin County,,PA,17243,325007,342250
42045,Delaware County,,PA,29695,651876,681571
42047,Elk County,,PA,1106,41406,42512
42049,Erie County,,PA,9202,321544,330746
42051,Fayette County,,PA,4384,155859,160243
42053,Forest County,,PA,291,5653,5944
42055,Franklin County,,PA,6484,188978,195462
42057,Fulton County,,PA,713,18442,19155
42059,Greene County,,PA,1609,40462,42071
42061,Huntingdon County,,PA,1669,50259,51928
42063,Indiana County,,PA,3826,94878,98704
42065,Jefferson County,,PA,1939,54675,56614
42067,Juniata County,,PA,929,28819,29748
42069,Lackawanna County,,PA,8293,246076,254369
42071,Lancaster County,,PA,18521,648074,666595
42073,Lawrence County,,PA,3433,105949,109382
42075,Lebanon County,,PA,6333,168831,175164
42077,Lehigh County,,PA,21009,418159,439168
42079,Luzerne County,,PA,11116,375117,386233
42081,Lycoming County,,PA,4227,136358,140585
42083,McKean County,,PA,1668,49067,50735
42085,Mercer County,,PA,4729,134612,139341
42087,Mifflin County,,PA,1522,55486,57008
42089,Monroe County,,PA,9896,186588,196484
42091,Montgomery County,,PA,46985,959978,1006963
42093,Montour County,,PA,1480,21769,23249
42095,Northampton County,,PA,17336,357230,374566
42097,Northumberland County,,PA,4386,108870,113256
42099,Perry County,,PA,2513,57446,59959
42101,Philadelphia County,,PA,75156,1492049,1567205
42103,Pike County,,PA,4170,65135,69305
42105,Potter County,,PA,878,19818,20696
42107,Schuylkill County,,PA,4943,173509,178452
42109,Snyder County,,PA,1817,44768,46585
42111,Somerset County,,PA,2625,90632,93257
42113,Sullivan County,,PA,340,7000,7340
42115,Susquehanna County,,PA,2151,48956,51107
42117,Tioga County,,PA,1620,47294,48914
42119,Union County,,PA,2380,42802,45182
42121,Venango County,,PA,2268,64903,67171
42123,Warren County,,PA,1592,49118,50710
42125,Washington County,,PA,8950,249952,258902
42127,Wayne County,,PA,2839,57118,59957
42129,Westmoreland County,,PA,13777,449802,463579
42131,Wyoming County,,PA,1690,34735,36425
42133,York County,,PA,19335,539746,559081
44001,Bristol County,,RI,3044,55150,58194
44003,Kent County,,RI,11781,200421,212202
44005,Newport County,,RI,7669,91924,99593
44007,Providence County,,RI,29882,692862,722744
44009,Washington County,,RI,7435,144651,152086
45001,Abbeville County,,SC,1482,26466,27948
45003,Aiken County,,SC,8390,172520,180910
45005,Allendale County,,SC,706,9015,9721
45007,Anderson County,,SC,8808,204009,212817
45009,Bamberg County,,SC,866,14653,15519
45011,Barnwell County,,SC,1167,23426,24593
45013,Beaufort County,,SC,14139,168045,182184
45015,Berkeley County,,SC,19829,182927,202756
45017,Calhoun County,,SC,990,15480,16470
45019,Charleston County,,SC,30513,353713,384226
45021,Cherokee County,,SC,2462,58782,61244
45023,Chester County,,SC,1962,35749,37711
45025,Chesterfield County,,SC,2019,46918,48937
45027,Clarendon County,,SC,1763,34572,36335
45029,Colleton County,,SC,1929,41815,43744
45031,Darlington County,,SC,3596,73021,76617
45033,Dillon County,,SC,1507,34314,35821
45035,Dorchester County,,SC,13918,143843,157761
45037,Edgefield County,,SC,1749,25777,27526
45039,Fairfield County,,SC,1336,24629,25965
45041,Florence County,,SC,7343,146613,153956
45043,Georgetown County,,SC,3567,68061,71628
45045,Greenville County,,SC,25285,491618,516903
45047,Greenwood County,,SC,3557,75596,79153
45049,Hampton County,,SC,1083,21218,22301
45051,Horry County,,SC,16238,290181,306419
45053,Jasper County,,SC,1827,21734,23561
45055,Kershaw County,,SC,3741,67265,71006
45057,Lancaster County,,SC,4066,79982,84048
45059,Laurens County,,SC,3854,68870,72724
45061,Lee County,,SC,1236,18497,19733
45063,Lexington County,,SC,17271,286123,303394
45065,McCormick County,,SC,528,10117,10645
45067,Marion County,,SC,1988,34998,36986
45069,Marlboro County,,SC,1490,28861,30351
45071,Newberry County,,SC,2005,42204,44209
45073,Oconee County,,SC,3456,79231,82687
45075,Orangeburg County,,SC,5005,94202,99207
45077,Pickens County,,SC,7767,118071,125838
45079,Richland County,,SC,30835,381128,411963
45081,Saluda County,,SC,1060,21561,22621
45083,Spartanburg County,,SC,13870,311649,325519
45085,Sumter County,,SC,8325,116083,124408
45087,Union County,,SC,1133,30231,31364
45089,Williamsburg County,,SC,1564,34941,36505
45091,York County,,SC,13357,251232,264589
46003,Aurora County,,SD,139,3340,3479
46005,Beadle County,,SD,1218,19766,20984
46007,Bennett County,,SD,179,3131,3310
46009,Bon Homme County,,SD,363,7111,7474
46011,Brookings County,,SD,2639,30618,33257
46013,Brown County,,SD,2208,43031,45239
46015,Brule County,,SD,420,6003,6423
46017,Buffalo County,,SD,105,1919,2024
46019,Butte County,,SD,823,10900,11723
46021,Campbell County,,SD,91,1787,1878
46023,Charles Mix County,,SD,426,9507,9933
46025,Clark County,,SD,204,3920,4124
46027,Clay County,,SD,1563,11762,13325
46029,Codington County,,SD,2013,32009,34022
46031,Corson County,,SD,255,3488,3743
46033,Custer County,,SD,721,8307,9028
46035,Davison County,,SD,1493,22515,24008
46037,Day County,,SD,351,6719,7070
46039,Deuel County,,SD,319,5619,5938
46041,Dewey County,,SD,309,6536,6845
46043,Douglas County,,SD,206,3568,3774
46045,Edmunds County,,SD,268,4426,4694
46047,Fall River County,,SD,614,7639,8253
46049,Faulk County,,SD,101,2364,2465
46051,Grant County,,SD,435,9446,9881
46053,Gregory County,,SD,226,5044,5270
46055,Haakon County,,SD,132,2436,2568
46057,Hamlin County,,SD,406,6571,6977
46059,Hand County,,SD,135,4081,4216
46061,Hanson County,,SD,385,5431,5816
46063,Harding County,,SD,108,1515,1623
46065,Hughes County,,SD,1374,20366,21740
46067,Hutchinson County,,SD,424,8521,8945
46069,Hyde County,,SD,81,1654,1735
46071,Jackson County,,SD,149,2702,2851
46073,Jerauld County,,SD,98,2201,2299
46075,Jones County,,SD,56,1247,1303
46077,Kingsbury County,,SD,397,6215,6612
46079,Lake County,,SD,943,13269,14212
46081,Lawrence County,,SD,2033,26249,28282
46083,Lincoln County,,SD,4844,50704,55548
46085,Lyman County,,SD,266,4083,4349
46087,McCook County,,SD,406,6516,6922
46089,McPherson County,,SD,128,2620,2748
46091,Marshall County,,SD,257,4882,5139
46093,Meade County,,SD,4522,29038,33560
46095,Mellette County,,SD,130,1878,2008
46097,Miner County,,SD,187,2721,2908
46099,Minnehaha County,,SD,13883,211064,224947
46101,Moody County,,SD,479,7720,8199
46103,Pennington County,,SD,8739,116392,125131
46105,Perkins County,,SD,164,3350,3514
46107,Potter County,,SD,132,2974,3106
46109,Roberts County,,SD,615,11545,12160
46111,Sanborn County,,SD,178,2833,3011
46113,Shannon County,,SD,593,11631,12224
46115,Spink County,,SD,370,7292,7662
46117,Stanley County,,SD,322,3643,3965
46119,Sully County,,SD,89,1737,1826
46121,Todd County,,SD,440,8567,9007
46123,Tripp County,,SD,286,6807,7093
46125,Turner County,,SD,592,9703,10295
46127,Union County,,SD,1357,17674,19031
46129,Walworth County,,SD,423,6444,6867
46135,Yankton County,,SD,1411,25302,26713
46137,Ziebach County,,SD,129,1273,1402
47001,Anderson County,,TN,5516,81137,86653
47003,Bedford County,,TN,3118,49934,53052
47005,Benton County,,TN,904,17092,17996
47007,Bledsoe County,,TN,633,10720,11353
47009,Blount County,,TN,7135,137734,144869
47011,Bradley County,,TN,5744,106163,111907
47013,Campbell County,,TN,1775,38745,40520
47015,Cannon County,,TN,998,14795,15793
47017,Carroll County,,TN,1784,30982,32766
47019,Carter County,,TN,3244,57391,60635
47021,Cheatham County,,TN,3265,44659,47924
47023,Chester County,,TN,1291,16718,18009
47025,Claiborne County,,TN,1623,32461,34084
47027,Clay County,,TN,411,7820,8231
47029,Cocke County,,TN,1864,36519,38383
47031,Coffee County,,TN,3625,58279,61904
47033,Crockett County,,TN,1093,15942,17035
47035,Cumberland County,,TN,2656,62805,65461
47037,Davidson County,,TN,53234,664067,717301
47039,Decatur County,,TN,694,12197,12891
47041,DeKalb County,,TN,1271,19601,20872
47043,Dickson County,,TN,3268,54447,57715
47045,Dyer County,,TN,2284,42590,44874
47047,Fayette County,,TN,2942,43565,46507
47049,Fentress County,,TN,819,17731,18550
47051,Franklin County,,TN,2452,44336,46788
47053,Gibson County,,TN,2934,54765,57699
47055,Giles County,,TN,1867,32237,34104
47057,Grainger County,,TN,1363,22827,24190
47059,Greene County,,TN,3107,73974,77081
47061,Grundy County,,TN,547,13862,14409
47063,Hamblen County,,TN,4005,67919,71924
47065,Hamilton County,,TN,17081,363324,380405
47067,Hancock County,,TN,209,5595,5804
47069,Hardeman County,,TN,1514,27193,28707
47071,Hardin County,,TN,1354,27280,28634
47073,Hawkins County,,TN,3411,60659,64070
47075,Haywood County,,TN,1200,21690,22890
47077,Henderson County,,TN,1619,29705,31324
47079,Henry County,,TN,1678,35041,36719
47081,Hickman County,,TN,1525,23613,25138
47083,Houston County,,TN,464,8183,8647
47085,Humphreys County,,TN,1023,20551,21574
47087,Jackson County,,TN,880,11737,12617
47089,Jefferson County,,TN,4288,52545,56833
47091,Johnson County,,TN,656,16666,17322
47093,Knox County,,TN,25836,458715,484551
47095,Lake County,,TN,315,5418,5733
47097,Lauderdale County,,TN,1507,25476,26983
47099,Lawrence County,,TN,1561,44361,45922
47101,Lewis County,,TN,617,11942,12559
47103,Lincoln County,,TN,1704,37330,39034
47105,Loudon County,,TN,2993,55270,58263
47107,McMinn County,,TN,3136,54546,57682
47109,McNairy County,,TN,1501,26589,28090
47111,Macon County,,TN,1150,23211,24361
47113,Madison County,,TN,6970,106748,113718
47115,Marion County,,TN,1517,31253,32770
47117,Marshall County,,TN,1909,34667,36576
47119,Maury County,,TN,5514,92149,97663
47121,Meigs County,,TN,1015,11662,12677
47123,Monroe County,,TN,2494,46201,48695
47125,Montgomery County,,TN,27781,173886,201667
47127,Moore County,,TN,420,7014,7434
47129,Morgan County,,TN,1086,20374,21460
47131,Obion County,,TN,2003,36070,38073
47133,Overton County,,TN,1141,22873,24014
47135,Perry County,,TN,428,7844,8272
47137,Pickett County,,TN,266,5148,5414
47139,Polk County,,TN,1171,17571,18742
47141,Putnam County,,TN,4743,73889,78632
47143,Rhea County,,TN,1767,32786,34553
47145,Roane County,,TN,3335,58988,62323
47147,Robertson County,,TN,5151,76704,81855
47149,Rutherford County,,TN,20618,286535,307153
47151,Scott County,,TN,602,21989,22591
47153,Sequatchie County,,TN,862,14614,15476
47155,Sevier County,,TN,6675,96351,103026
47157,Shelby County,,TN,45894,1058807,1104701
47159,Smith County,,TN,1258,20859,22117
47161,Stewart County,,TN,953,14481,15434
47163,Sullivan County,,TN,9029,173118,182147
47165,Sumner County,,TN,11272,178242,189514
47167,Tipton County,,TN,4230,67855,72085
47169,Trousdale County,,TN,565,8591,9156
47171,Unicoi County,,TN,1140,18733,19873
47173,Union County,,TN,1383,19184,20567
47175,Van Buren County,,TN,287,5740,6027
47177,Warren County,,TN,1834,43270,45104
47179,Washington County,,TN,8415,127562,135977
47181,Wayne County,,TN,719,15066,15785
47183,Weakley County,,TN,2094,33261,35355
47185,White County,,TN,1470,27285,28755
47187,Williamson County,,TN,13775,199300,213075
47189,Wilson County,,TN,8026,128132,136158
48001,Anderson County,,TX,3094,46370,49464
48003,Andrews County,,TX,1235,16060,17295
48005,Angelina County,,TX,4762,90752,95514
48007,Aransas County,,TX,2239,22423,24662
48009,Archer County,,TX,738,9063,9801
48011,Armstrong County,,TX,190,1905,2095
48013,Atascosa County,,TX,3450,45744,49194
48015,Austin County,,TX,2245,30114,32359
48017,Bailey County,,TX,659,7329,7988
48019,Bandera County,,TX,1553,19526,21079
48021,Bastrop County,,TX,5847,71822,77669
48023,Baylor County,,TX,273,3595,3868
48025,Bee County,,TX,1829,25227,27056
48027,Bell County,,TX,45953,308769,354722
48029,Bexar County,,TX,85014,1828643,1913657
48031,Blanco County,,TX,780,10133,10913
48033,Borden County,,TX,50,578,628
48035,Bosque County,,TX,1511,17711,19222
48037,Bowie County,,TX,6477,96090,102567
48039,Brazoria County,,TX,21765,326070,347835
48041,Brazos County,,TX,15536,156564,172100
48043,Brewster County,,TX,1077,9004,10081
48045,Briscoe County,,TX,130,1650,1780
48047,Brooks County,,TX,543,7999,8542
48049,Brown County,,TX,2381,38320,40701
48051,Burleson County,,TX,1222,17717,18939
48053,Burnet County,,TX,3402,43414,46816
48055,Caldwell County,,TX,3324,35551,38875
48057,Calhoun County,,TX,1619,22748,24367
48059,Callahan County,,TX,1293,13591,14884
48061,Cameron County,,TX,14614,418650,433264
48063,Camp County,,TX,1146,13193,14339
48065,Carson County,,TX,597,6263,6860
48067,Cass County,,TX,2104,32186,34290
48069,Castro County,,TX,662,7698,8360
48071,Chambers County,,TX,3233,38059,41292
48073,Cherokee County,,TX,2989,50435,53424
48075,Childress County,,TX,361,6084,6445
48077,Clay County,,TX,954,11259,12213
48079,Cochran County,,TX,249,3425,3674
48081,Coke County,,TX,308,3305,3613
48083,Coleman County,,TX,649,8512,9161
48085,Collin County,,TX,73981,817572,891553
48087,Collingsworth County,,TX,193,3087,3280
48089,Colorado County,,TX,1307,22444,23751
48091,Comal County,,TX,9116,116482,125598
48093,Comanche County,,TX,889,13744,14633
48095,Concho County,,TX,195,2573,2768
48097,Cooke County,,TX,2786,41812,44598
48099,Coryell County,,TX,13900,61705,75605
48101,Cottle County,,TX,132,1542,1674
48103,Crane County,,TX,397,4745,5142
48105,Crockett County,,TX,374,4210,4584
48107,Crosby County,,TX,583,6167,6750
48109,Culberson County,,TX,263,2532,2795
48111,Dallam County,,TX,720,7342,8062
48113,Dallas County,,TX,165670,2518528,2684198
48115,Dawson County,,TX,858,12867,13725
48117,Deaf Smith County,,TX,1769,21813,23582
48119,Delta County,,TX,432,4883,5315
48121,Denton County,,TX,60886,684745,745631
48123,DeWitt County,,TX,1091,19505,20596
48125,Dickens County,,TX,188,2051,2239
48127,Dimmit County,,TX,565,10011,10576
48129,Donley County,,TX,252,3435,3687
48131,Duval County,,TX,848,12051,12899
48133,Eastland County,,TX,1310,17660,18970
48135,Ector County,,TX,9861,150939,160800
48137,Edwards County,,TX,172,2050,2222
48139,Ellis County,,TX,10559,161678,172237
48141,El Paso County,,TX,41569,879091,920660
48143,Erath County,,TX,2891,33361,36252
48145,Falls County,,TX,1147,15544,16691
48147,Fannin County,,TX,2315,32161,34476
48149,Fayette County,,TX,1448,24927,26375
48151,Fisher County,,TX,376,3799,4175
48153,Floyd County,,TX,578,6973,7551
48155,Foard County,,TX,63,1290,1353
48157,Fort Bend County,,TX,42328,600020,642348
48159,Franklin County,,TX,979,9820,10799
48161,Freestone County,,TX,1598,18743,20341
48163,Frio County,,TX,938,14336,15274
48165,Gaines County,,TX,1116,17583,18699
48167,Galveston County,,TX,21256,298058,319314
48169,Garza County,,TX,410,4584,4994
48171,Gillespie County,,TX,1460,25956,27416
48173,Glasscock County,,TX,89,1411,1500
48175,Goliad County,,TX,503,6967,7470
48177,Gonzales County,,TX,1117,20163,21280
48179,Gray County,,TX,1888,23099,24987
48181,Grayson County,,TX,7266,126712,133978
48183,Gregg County,,TX,11124,133166,144290
48185,Grimes County,,TX,1996,24698,26694
48187,Guadalupe County,,TX,12058,138173,150231
48189,Hale County,,TX,2674,37236,39910
48191,Hall County,,TX,259,3222,3481
48193,Hamilton County,,TX,711,8572,9283
48195,Hansford County,,TX,380,6164,6544
48197,Hardeman County,,TX,275,4022,4297
48199,Hardin County,,TX,4282,58098,62380
48201,Harris County,,TX,200706,4311437,4512143
48203,Harrison County,,TX,5254,70509,75763
48205,Hartley County,,TX,387,4375,4762
48207,Haskell County,,TX,432,5513,5945
48209,Hays County,,TX,14703,144984,159687
48211,Hemphill County,,TX,374,4069,4443
48213,Henderson County,,TX,5741,75241,80982
48215,Hidalgo County,,TX,20208,763697,783905
48217,Hill County,,TX,2908,34803,37711
48219,Hockley County,,TX,1990,24053,26043
48221,Hood County,,TX,4364,52730,57094
48223,Hopkins County,,TX,2207,36958,39165
48225,Houston County,,TX,1202,20331,21533
48227,Howard County,,TX,2176,30835,33011
48229,Hudspeth County,,TX,305,3543,3848
48231,Hunt County,,TX,6662,85630,92292
48233,Hutchinson County,,TX,1734,24753,26487
48235,Irion County,,TX,183,1684,1867
48237,Jack County,,TX,733,7648,8381
48239,Jackson County,,TX,1082,15772,16854
48241,Jasper County,,TX,2277,35561,37838
48243,Jeff Davis County,,TX,193,2208,2401
48245,Jefferson County,,TX,15142,257882,273024
48247,Jim Hogg County,,TX,319,5421,5740
48249,Jim Wells County,,TX,2799,44166,46965
48251,Johnson County,,TX,12578,161266,173844
48253,Jones County,,TX,1440,15896,17336
48255,Karnes County,,TX,724,12736,13460
48257,Kaufman County,,TX,8833,111297,120130
48259,Kendall County,,TX,2461,34903,37364
48261,Kenedy County,,TX,43,380,423
48263,Kent County,,TX,57,792,849
48265,Kerr County,,TX,3394,51259,54653
48267,Kimble County,,TX,375,4698,5073
48269,King County,,TX,-2,-2,-4
48271,Kinney County,,TX,303,3238,3541
48273,Kleberg County,,TX,3191,31017,34208
48275,Knox County,,TX,218,3821,4039
48277,Lamar County,,TX,2792,52350,55142
48279,Lamb County,,TX,1085,14639,15724
48281,Lampasas County,,TX,1880,20746,22626
48283,La Salle County,,TX,376,5402,5778
48285,Lavaca County,,TX,1007,21307,22314
48287,Lee County,,TX,1095,17362,18457
48289,Leon County,,TX,1501,17873,19374
48291,Liberty County,,TX,5925,72096,78021
48293,Limestone County,,TX,1579,22302,23881
48295,Lipscomb County,,TX,334,3423,3757
48297,Live Oak County,,TX,669,8881,9550
48299,Llano County,,TX,1494,17146,18640
48301,Loving County,,TX,-2,-2,-4
48303,Lubbock County,,TX,16061,273393,289454
48305,Lynn County,,TX,581,6231,6812
48307,McCulloch County,,TX,760,8465,9225
48309,McLennan County,,TX,12142,238952,251094
48311,McMullen County,,TX,56,848,904
48313,Madison County,,TX,838,11321,12159
48315,Marion County,,TX,929,9497,10426
48317,Martin County,,TX,443,4850,5293
48319,Mason County,,TX,230,3923,4153
48321,Matagorda County,,TX,2395,38960,41355
48323,Maverick County,,TX,2653,65919,68572
48325,Medina County,,TX,2951,45012,47963
48327,Menard County,,TX,162,2054,2216
48329,Midland County,,TX,10941,144497,155438
48331,Milam County,,TX,1880,25444,27324
48333,Mills County,,TX,312,4714,5026
48335,Mitchell County,,TX,586,7193,7779
48337,Montague County,,TX,1526,20361,21887
48339,Montgomery County,,TX,32877,455436,488313
48341,Moore County,,TX,2324,24147,26471
48343,Morris County,,TX,1126,14032,15158
48345,Motley County,,TX,90,1019,1109
48347,Nacogdoches County,,TX,4499,57777,62276
48349,Navarro County,,TX,3291,50275,53566
48351,Newton County,,TX,909,11666,12575
48353,Nolan County,,TX,1170,16177,17347
48355,Nueces County,,TX,22540,347435,369975
48357,Ochiltree County,,TX,872,11069,11941
48359,Oldham County,,TX,240,2050,2290
48361,Orange County,,TX,5522,88992,94514
48363,Palo Pinto County,,TX,2207,27992,30199
48365,Panola County,,TX,1743,25735,27478
48367,Parker County,,TX,9946,119022,128968
48369,Parmer County,,TX,1035,11363,12398
48371,Pecos County,,TX,1142,14582,15724
48373,Polk County,,TX,4939,53318,58257
48375,Potter County,,TX,12362,120262,132624
48377,Presidio County,,TX,889,10624,11513
48379,Rains County,,TX,914,9814,10728
48381,Randall County,,TX,12182,126666,138848
48383,Reagan County,,TX,374,3899,4273
48385,Real County,,TX,259,3233,3492
48387,Red River County,,TX,937,13134,14071
48389,Reeves County,,TX,779,11404,12183
48391,Refugio County,,TX,628,8181,8809
48393,Roberts County,,TX,98,890,988
48395,Robertson County,,TX,1472,16606,18078
48397,Rockwall County,,TX,7009,80868,87877
48399,Runnels County,,TX,715,11283,11998
48401,Rusk County,,TX,3488,51462,54950
48403,Sabine County,,TX,756,10499,11255
48405,San Augustine County,,TX,578,8494,9072
48407,San Jacinto County,,TX,2181,22486,24667
48409,San Patricio County,,TX,8611,73316,81927
48411,San Saba County,,TX,337,5595,5932
48413,Schleicher County,,TX,262,3241,3503
48415,Scurry County,,TX,1131,16954,18085
48417,Shackelford County,,TX,301,3517,3818
48419,Shelby County,,TX,1564,25605,27169
48421,Sherman County,,TX,277,2748,3025
48423,Smith County,,TX,13337,218528,231865
48425,Somervell County,,TX,757,8344,9101
48427,Starr County,,TX,2513,68142,70655
48429,Stephens County,,TX,712,8978,9690
48431,Sterling County,,TX,135,1088,1223
48433,Stonewall County,,TX,64,1555,1619
48435,Sutton County,,TX,567,4874,5441
48437,Swisher County,,TX,552,7645,8197
48439,Tarrant County,,TX,112055,1963304,2075359
48441,Taylor County,,TX,11830,138127,149957
48443,Terrell County,,TX,70,962,1032
48445,Terry County,,TX,827,12082,12909
48447,Throckmorton County,,TX,142,1598,1740
48449,Titus County,,TX,2170,34381,36551
48451,Tom Green County,,TX,9471,115286,124757
48453,Travis County,,TX,81972,1005101,1087073
48455,Trinity County,,TX,1162,13520,14682
48457,Tyler County,,TX,1435,18861,20296
48459,Upshur County,,TX,3309,38367,41676
48461,Upton County,,TX,329,3492,3821
48463,Uvalde County,,TX,1708,29011,30719
48465,Val Verde County,,TX,4462,53997,58459
48467,Van Zandt County,,TX,3465,51526,54991
48469,Victoria County,,TX,5605,97406,103011
48471,Walker County,,TX,4627,48315,52942
48473,Waller County,,TX,3296,37024,40320
48475,Ward County,,TX,1132,11416,12548
48477,Washington County,,TX,2013,34855,36868
48479,Webb County,,TX,7309,275911,283220
48481,Wharton County,,TX,2115,46719,48834
48483,Wheeler County,,TX,446,5775,6221
48485,Wichita County,,TX,11761,128192,139953
48487,Wilbarger County,,TX,1026,14279,15305
48489,Willacy County,,TX,1092,20516,21608
48491,Williamson County,,TX,38236,440635,478871
48493,Wilson County,,TX,2859,43938,46797
48495,Winkler County,,TX,668,7519,8187
48497,Wise County,,TX,5059,60805,65864
48499,Wood County,,TX,2968,41451,44419
48501,Yoakum County,,TX,710,9130,9840
48503,Young County,,TX,1229,19371,20600
48505,Zapata County,,TX,551,13606,14157
48507,Zavala County,,TX,743,11392,12135
49001,Beaver County,,UT,515,7426,7941
49003,Box Elder County,,UT,3240,58723,61963
49005,Cache County,,UT,8339,119439,127778
49007,Carbon County,,UT,1546,22461,24007
49009,Daggett County,,UT,97,944,1041
49011,Davis County,,UT,26123,343190,369313
49013,Duchesne County,,UT,1688,20073,21761
49015,Emery County,,UT,723,12135,12858
49017,Garfield County,,UT,405,5347,5752
49019,Grand County,,UT,771,10187,10958
49021,Iron County,,UT,4296,43803,48099
49023,Juab County,,UT,812,10784,11596
49025,Kane County,,UT,625,6905,7530
49027,Millard County,,UT,868,13844,14712
49029,Morgan County,,UT,738,10676,11414
49031,Piute County,,UT,98,1466,1564
49033,Rich County,,UT,252,2351,2603
49035,Salt Lake County,,UT,57798,1186453,1244251
49037,San Juan County,,UT,1048,10242,11290
49039,Sanpete County,,UT,1826,25924,27750
49041,Sevier County,,UT,1354,22466,23820
49043,Summit County,,UT,3766,42495,46261
49045,Tooele County,,UT,4307,64691,68998
49047,Uintah County,,UT,3470,32741,36211
49049,Utah County,,UT,34493,528684,563177
49051,Wasatch County,,UT,2406,24578,26984
49053,Washington County,,UT,10331,141209,151540
49055,Wayne County,,UT,207,2827,3034
49057,Weber County,,UT,16237,261511,277748
50001,Addison County,,VT,2153,43168,45321
50003,Bennington County,,VT,1929,43503,45432
50005,Caledonia County,,VT,1732,35826,37558
50007,Chittenden County,,VT,10038,182547,192585
50009,Essex County,,VT,478,7039,7517
50011,Franklin County,,VT,2410,57922,60332
50013,Grand Isle County,,VT,638,8663,9301
50015,Lamoille County,,VT,1759,29310,31069
50017,Orange County,,VT,2041,34318,36359
50019,Orleans County,,VT,1337,32409,33746
50021,Rutland County,,VT,3066,74221,77287
50023,Washington County,,VT,3666,72354,76020
50025,Windham County,,VT,2885,52355,55240
50027,Windsor County,,VT,4305,69303,73608
51001,Accomack County,,VA,1748,37267,39015
51003,Albemarle County,,VA,9739,99376,109115
51005,Alleghany County,,VA,663,18184,18847
51007,Amelia County,,VA,898,14661,15559
51009,Amherst County,,VA,2056,35385,37441
51011,Appomattox County,,VA,832,16855,17687
51013,Arlington County,,VA,39604,219594,259198
51015,Augusta County,,VA,4360,85476,89836
51017,Bath County,,VA,309,5513,5822
51019,Bedford County,,VA,4661,78585,83246
51021,Bland County,,VA,333,6767,7100
51023,Botetourt County,,VA,2293,39496,41789
51025,Brunswick County,,VA,1019,16777,17796
51027,Buchanan County,,VA,938,22724,23662
51029,Buckingham County,,VA,886,15568,16454
51031,Campbell County,,VA,4136,61685,65821
51033,Caroline County,,VA,2875,31709,34584
51035,Carroll County,,VA,1152,31208,32360
51036,Charles City County,,VA,478,8210,8688
51037,Charlotte County,,VA,700,13655,14355
51041,Chesterfield County,,VA,24976,368064,393040
51043,Clarke County,,VA,1251,15307,16558
51045,Craig County,,VA,267,5569,5836
51047,Culpeper County,,VA,3615,51348,54963
51049,Cumberland County,,VA,696,10311,11007
51051,Dickenson County,,VA,467,14854,15321
51053,Dinwiddie County,,VA,2216,30617,32833
51057,Essex County,,VA,780,12764,13544
51059,Fairfax County,,VA,106453,1212233,1318686
51061,Fauquier County,,VA,5397,73486,78883
51063,Floyd County,,VA,744,16496,17240
51065,Fluvanna County,,VA,1818,28451,30269
51067,Franklin County,,VA,2479,60127,62606
51069,Frederick County,,VA,6625,89126,95751
51071,Giles County,,VA,899,19181,20080
51073,Gloucester County,,VA,2701,43626,46327
51075,Goochland County,,VA,1379,23194,24573
51077,Grayson County,,VA,816,16277,17093
51079,Greene County,,VA,1511,20743,22254
51081,Greensville County,,VA,542,9179,9721
51083,Halifax County,,VA,1351,38916,40267
51085,Hanover County,,VA,7109,116571,123680
51087,Henrico County,,VA,28505,346305,374810
51089,Henry County,,VA,2551,60490,63041
51091,Highland County,,VA,113,2703,2816
51093,Isle of Wight County,,VA,3056,41657,44713
51095,James City County,,VA,5831,75332,81163
51097,King and Queen County,,VA,618,7133,7751
51099,King George County,,VA,2502,26314,28816
51101,King William County,,VA,1295,19294,20589
51103,Lancaster County,,VA,633,13567,14200
51105,Lee County,,VA,860,22189,23049
51107,Loudoun County,,VA,27439,357977,385416
51109,Louisa County,,VA,2258,36015,38273
51111,Lunenburg County,,VA,606,12108,12714
51113,Madison County,,VA,916,14652,15568
51115,Mathews County,,VA,612,9935,10547
51117,Mecklenburg County,,VA,1564,34288,35852
51119,Middlesex County,,VA,645,11954,12599
51121,Montgomery County,,VA,7245,77923,85168
51125,Nelson County,,VA,1002,17166,18168
51127,New Kent County,,VA,1289,21224,22513
51131,Northampton County,,VA,754,13780,14534
51133,Northumberland County,,VA,703,14437,15140
51135,Nottoway County,,VA,1033,16177,17210
51137,Orange County,,VA,2914,37882,40796
51139,Page County,,VA,1110,27392,28502
51141,Patrick County,,VA,795,18985,19780
51143,Pittsylvania County,,VA,3142,70889,74031
51145,Powhatan County,,VA,1693,30346,32039
51147,Prince Edward County,,VA,1381,19061,20442
51149,Prince George County,,VA,5253,34407,39660
51153,Prince William County,,VA,42699,449996,492695
51155,Pulaski County,,VA,1913,36534,38447
51157,Rappahannock County,,VA,635,8147,8782
51159,Richmond County,,VA,588,8348,8936
51161,Roanoke County,,VA,8386,108729,117115
51163,Rockbridge County,,VA,1227,24232,25459
51165,Rockingham County,,VA,4571,90799,95370
51167,Russell County,,VA,1137,27472,28609
51169,Scott County,,VA,1028,22978,24006
51171,Shenandoah County,,VA,2685,48233,50918
51173,Smyth County,,VA,1225,34786,36011
51175,Southampton County,,VA,1157,19136,20293
51177,Spotsylvania County,,VA,11828,137679,149507
51179,Stafford County,,VA,15549,138155,153704
51181,Surry County,,VA,511,7496,8007
51183,Sussex County,,VA,940,11149,12089
51185,Tazewell County,,VA,2116,44270,46386
51187,Warren County,,VA,2715,42237,44952
51191,Washington County,,VA,3046,57389,60435
51193,Westmoreland County,,VA,1380,19573,20953
51195,Wise County,,VA,1634,39402,41036
51197,Wythe County,,VA,1444,32025,33469
51199,York County,,VA,9602,73162,82764
51510,Alexandria city,,VA,30403,147113,177516
51515,Bedford city,,VA,477,6899,7376
51520,Bristol city,,VA,1896,16908,18804
51530,Buena Vista city,,VA,602,6829,7431
51540,Charlottesville city,,VA,6093,37855,43948
51550,Chesapeake city,,VA,23884,246798,270682
51570,Colonial Heights city,,VA,2613,20067,22680
51580,Covington city,,VA,422,7046,7468
51590,Danville city,,VA,2981,44836,47817
51595,Emporia city,,VA,473,6622,7095
51600,Fairfax city,,VA,4091,25324,29415
51610,Falls Church city,,VA,2209,12217,14426
51620,Franklin city,,VA,782,9411,10193
51630,Fredericksburg city,,VA,4965,20601,25566
51640,Galax city,,VA,563,7706,8269
51650,Hampton city,,VA,19877,143005,162882
51660,Harrisonburg city,,VA,4478,33922,38400
51670,Hopewell city,,VA,3009,24124,27133
51678,Lexington city,,VA,651,5533,6184
51680,Lynchburg city,,VA,6994,68163,75157
51683,Manassas city,,VA,6535,41199,47734
51685,Manassas Park city,,VA,2748,14079,16827
51690,Martinsville city,,VA,1211,14418,15629
51700,Newport News city,,VA,28029,188160,216189
51710,Norfolk city,,VA,35178,217654,252832
51720,Norton city,,VA,460,4088,4548
51730,Petersburg city,,VA,4700,33568,38268
51735,Poquoson city,,VA,1191,14260,15451
51740,Portsmouth city,,VA,12385,101599,113984
51750,Radford city,,VA,1663,10726,12389
51760,Richmond city,,VA,24090,182486,206576
51770,Roanoke city,,VA,9967,101993,111960
51775,Salem city,,VA,2700,26977,29677
51790,Staunton city,,VA,2258,25673,27931
51800,Suffolk city,,VA,8625,92188,100813
51810,Virginia Beach city,,VA,51698,488336,540034
51820,Waynesboro city,,VA,2354,24245,26599
51830,Williamsburg city,,VA,2040,9989,12029
51840,Winchester city,,VA,4306,26399,30705
53001,Adams County,,WA,1362,22239,23601
53003,Asotin County,,WA,1807,22476,24283
53005,Benton County,,WA,12079,191122,203201
53007,Chelan County,,WA,5177,83291,88468
53009,Clallam County,,WA,3631,77954,81585
53011,Clark County,,WA,23493,476768,500261
53013,Columbia County,,WA,289,4217,4506
53015,Cowlitz County,,WA,5529,111011,116540
53017,Douglas County,,WA,3309,40109,43418
53019,Ferry County,,WA,489,6538,7027
53021,Franklin County,,WA,6244,85297,91541
53023,Garfield County,,WA,152,2329,2481
53025,Grant County,,WA,4839,99151,103990
53027,Grays Harbor County,,WA,3922,72675,76597
53029,Island County,,WA,9534,85755,95289
53031,Jefferson County,,WA,1714,32607,34321
53033,King County,,WA,117397,2198404,2315801
53035,Kitsap County,,WA,19736,274969,294705
53037,Kittitas County,,WA,3173,37227,40400
53039,Klickitat County,,WA,1379,21676,23055
53041,Lewis County,,WA,4910,80805,85715
53043,Lincoln County,,WA,771,11446,12217
53045,Mason County,,WA,4017,62279,66296
53047,Okanogan County,,WA,2205,44002,46207
53049,Pacific County,,WA,1431,21999,23430
53051,Pend Oreille County,,WA,1045,13465,14510
53053,Pierce County,,WA,68608,886579,955187
53055,San Juan County,,WA,983,16332,17315
53057,Skagit County,,WA,7598,131788,139386
53059,Skamania County,,WA,694,10938,11632
53061,Snohomish County,,WA,46778,810587,857365
53063,Spokane County,,WA,24508,519374,543882
53065,Stevens County,,WA,2931,45384,48315
53067,Thurston County,,WA,21301,284113,305414
53069,Wahkiakum County,,WA,275,4183,4458
53071,Walla Walla County,,WA,3488,60173,63661
53073,Whatcom County,,WA,11416,215296,226712
53075,Whitman County,,WA,4446,35718,40164
53077,Yakima County,,WA,9058,273110,282168
54001,Barbour County,,WV,689,16819,17508
54003,Berkeley County,,WV,6030,117782,123812
54005,Boone County,,WV,1004,25174,26178
54007,Braxton County,,WV,575,13997,14572
54009,Brooke County,,WV,1152,27147,28299
54011,Cabell County,,WV,6050,97242,103292
54013,Calhoun County,,WV,294,7154,7448
54015,Clay County,,WV,523,9614,10137
54017,Doddridge County,,WV,329,5773,6102
54019,Fayette County,,WV,2068,45009,47077
54021,Gilmer County,,WV,393,6259,6652
54023,Grant County,,WV,669,13584,14253
54025,Greenbrier County,,WV,1494,37404,38898
54027,Hampshire County,,WV,1178,25219,26397
54029,Hancock County,,WV,1683,37456,39139
54031,Hardy County,,WV,820,15745,16565
54033,Harrison County,,WV,3025,78859,81884
54035,Jackson County,,WV,1235,32124,33359
54037,Jefferson County,,WV,3719,59237,62956
54039,Kanawha County,,WV,9113,217339,226452
54041,Lewis County,,WV,842,19364,20206
54043,Lincoln County,,WV,1070,21583,22653
54045,Logan County,,WV,1227,36290,37517
54047,McDowell County,,WV,869,18353,19222
54049,Marion County,,WV,2766,62730,65496
54051,Marshall County,,WV,1432,35869,37301
54053,Mason County,,WV,1077,27816,28893
54055,Mercer County,,WV,2607,64252,66859
54057,Mineral County,,WV,1282,32271,33553
54059,Mingo County,,WV,1150,25382,26532
54061,Monongalia County,,WV,5708,84989,90697
54063,Monroe County,,WV,611,13660,14271
54065,Morgan County,,WV,1022,19081,20103
54067,Nicholas County,,WV,1096,27735,28831
54069,Ohio County,,WV,2315,51872,54187
54071,Pendleton County,,WV,445,8799,9244
54073,Pleasants County,,WV,384,8066,8450
54075,Pocahontas County,,WV,489,9223,9712
54077,Preston County,,WV,1442,34113,35555
54079,Putnam County,,WV,3755,63449,67204
54081,Raleigh County,,WV,3380,81053,84433
54083,Randolph County,,WV,1195,30991,32186
54085,Ritchie County,,WV,540,12066,12606
54087,Roane County,,WV,750,15339,16089
54089,Summers County,,WV,524,11491,12015
54091,Taylor County,,WV,879,17440,18319
54093,Tucker County,,WV,353,8005,8358
54095,Tyler County,,WV,523,9819,10342
54097,Upshur County,,WV,1078,25096,26174
54099,Wayne County,,WV,1974,41283,43257
54101,Webster County,,WV,369,8893,9262
54103,Wetzel County,,WV,817,18533,19350
54105,Wirt County,,WV,278,5537,5815
54107,Wood County,,WV,3527,98293,101820
54109,Wyoming County,,WV,762,22480,23242
55001,Adams County,,WI,1221,21404,22625
55003,Ashland County,,WI,864,18563,19427
55005,Barron County,,WI,2559,56274,58833
55007,Bayfield County,,WI,880,18196,19076
55009,Brown County,,WI,12260,309418,321678
55011,Buffalo County,,WI,821,16850,17671
55013,Burnett County,,WI,945,18606,19551
55015,Calumet County,,WI,3879,60268,64147
55017,Chippewa County,,WI,3686,74396,78082
55019,Clark County,,WI,1837,40436,42273
55021,Columbia County,,WI,4465,70915,75380
55023,Crawford County,,WI,995,19560,20555
55025,Dane County,,WI,29942,593227,623169
55027,Dodge County,,WI,5410,105259,110669
55029,Door County,,WI,1514,35692,37206
55031,Douglas County,,WI,2210,50614,52824
55033,Dunn County,,WI,2827,45377,48204
55035,Eau Claire County,,WI,7113,110258,117371
55037,Florence County,,WI,319,5426,5745
55039,Fond du Lac County,,WI,5190,126172,131362
55041,Forest County,,WI,418,10860,11278
55043,Grant County,,WI,2582,56907,59489
55045,Green County,,WI,2184,47033,49217
55047,Green Lake County,,WI,1379,23564,24943
55049,Iowa County,,WI,1494,29357,30851
55051,Iron County,,WI,330,7096,7426
55053,Jackson County,,WI,1161,22889,24050
55055,Jefferson County,,WI,6151,99044,105195
55057,Juneau County,,WI,1794,29784,31578
55059,Kenosha County,,WI,9917,194803,204720
55061,Kewaunee County,,WI,1017,25655,26672
55063,La Crosse County,,WI,6027,131021,137048
55065,Lafayette County,,WI,1117,21457,22574
55067,Langlade County,,WI,1022,24374,25396
55069,Lincoln County,,WI,1376,36229,37605
55071,Manitowoc County,,WI,3730,103552,107282
55073,Marathon County,,WI,6512,168005,174517
55075,Marinette County,,WI,2377,49752,52129
55077,Marquette County,,WI,1190,18505,19695
55078,Menominee County,,WI,242,4426,4668
55079,Milwaukee County,,WI,45840,1077580,1123420
55081,Monroe County,,WI,3094,53356,56450
55083,Oconto County,,WI,2073,46636,48709
55085,Oneida County,,WI,2215,46522,48737
55087,Outagamie County,,WI,12960,221596,234556
55089,Ozaukee County,,WI,6003,107843,113846
55091,Pepin County,,WI,517,8895,9412
55093,Pierce County,,WI,2611,45168,47779
55095,Polk County,,WI,2603,53353,55956
55097,Portage County,,WI,4092,80268,84360
55099,Price County,,WI,851,17737,18588
55101,Racine County,,WI,10074,237355,247429
55103,Richland County,,WI,1101,20217,21318
55105,Rock County,,WI,8472,195029,203501
55107,Rusk County,,WI,822,17141,17963
55109,St. Croix County,,WI,5652,102358,108010
55111,Sauk County,,WI,4238,77561,81799
55113,Sawyer County,,WI,886,20275,21161
55115,Shawano County,,WI,2309,49661,51970
55117,Sheboygan County,,WI,5339,147748,153087
55119,Taylor County,,WI,1089,23657,24746
55121,Trempealeau County,,WI,1791,38306,40097
55123,Vernon County,,WI,1604,34433,36037
55125,Vilas County,,WI,1202,25960,27162
55127,Walworth County,,WI,6515,117569,124084
55129,Washburn County,,WI,1012,19763,20775
55131,Washington County,,WI,7912,169023,176935
55133,Waukesha County,,WI,24734,490931,515665
55135,Waupaca County,,WI,2798,62696,65494
55137,Waushara County,,WI,1549,28025,29574
55139,Winnebago County,,WI,11657,195431,207088
55141,Wood County,,WI,3867,94385,98252
56001,Albany County,,WY,4011,32621,36632
56003,Big Horn County,,WY,836,12354,13190
56005,Campbell County,,WY,4346,52089,56435
56007,Carbon County,,WY,1870,17420,19290
56009,Converse County,,WY,1325,16044,17369
56011,Crook County,,WY,562,7839,8401
56013,Fremont County,,WY,2398,44595,46993
56015,Goshen County,,WY,803,13234,14037
56017,Hot Springs County,,WY,394,5276,5670
56019,Johnson County,,WY,783,9370,10153
56021,Laramie County,,WY,7263,105680,112943
56023,Lincoln County,,WY,1581,19965,21546
56025,Natrona County,,WY,5551,86053,91604
56027,Niobrara County,,WY,228,2548,2776
56029,Park County,,WY,2131,33160,35291
56031,Platte County,,WY,623,9809,10432
56033,Sheridan County,,WY,2308,33266,35574
56035,Sublette County,,WY,1197,10066,11263
56037,Sweetwater County,,WY,4818,52300,57118
56039,Teton County,,WY,2586,25218,27804
56041,Uinta County,,WY,1839,24870,26709
56043,Washakie County,,WY,559,9957,10516
56045,Weston County,,WY,647,8168,8815
