Id,Label,timeset,state,totalmig,totalnonmig,population,indegree,outdegree,Degree,weighted indegree,weighted outdegree,Weighted Degree,Eccentricity,closnesscentrality,harmonicclosnesscentrality,betweenesscentrality,Authority,Hub,modularity_class,pageranks,componentnumber,strongcompnum,clustering,eigencentrality
1001,Autauga County,,AL,5500,50963,56463,14,14,28,3433,3078,6511,6,0.326691,0.345141,691.087949,0.004673,0.00391,0,0.000262,0,31,0.493464,0.037491
1003,Baldwin County,,AL,9469,164112,173581,59,28,87,8346,4553,12899,6,0.348547,0.372846,8225.354889,0.020414,0.007956,0,0.000908,0,31,0.39153,0.154424
1005,Barbour County,,AL,1793,26722,28515,9,11,20,674,949,1623,7,0.29257,0.307806,6090.680254,0.000442,0.000985,0,0.000265,0,31,0.418182,0.003955
1007,Bibb County,,AL,1292,21074,22366,5,4,9,1070,875,1945,7,0.287783,0.300483,9.738406,0.000571,0.000561,0,0.000131,0,31,0.7,0.004822
1009,Blount County,,AL,3244,52978,56222,8,9,17,2813,2432,5245,7,0.289794,0.303694,6.176337,0.000602,0.001017,0,0.00019,0,31,0.766667,0.00536
1011,Bullock County,,AL,535,8482,9017,2,4,6,125,313,438,7,0.27773,0.289353,8.275293,0.00022,0.000229,0,0.000087,0,31,0.583333,0.00187
1013,Butler County,,AL,1032,21695,22727,5,6,11,403,499,902,7,0.27781,0.289755,712.364725,0.000657,0.000233,0,0.000155,0,31,0.404762,0.005351
1015,Calhoun County,,AL,6303,122844,129147,21,22,43,3176,3476,6652,7,0.313967,0.333319,9064.755044,0.003435,0.004111,0,0.00044,0,31,0.348333,0.02854
1017,Chambers County,,AL,2189,38853,41042,6,5,11,1166,1423,2589,7,0.302166,0.316725,150.589845,0.000372,0.000903,0,0.000169,0,31,0.571429,0.003127
1019,Cherokee County,,AL,1263,24613,25876,7,5,12,832,749,1581,7,0.251321,0.261147,46.078815,0.000132,0.000085,0,0.000189,0,31,0.357143,0.001785
1021,Chilton County,,AL,2099,41436,43535,9,9,18,1537,1237,2774,7,0.28965,0.303751,14.142543,0.00084,0.000996,0,0.000209,0,31,0.7,0.007324
1023,Choctaw County,,AL,862,15327,16189,1,4,5,51,276,327,7,0.276671,0.2894,2.137913,0.000008,0.000272,0,0.000063,0,31,0.6,0.000119
1025,Clarke County,,AL,1424,29524,30948,5,10,15,482,833,1315,7,0.290316,0.304871,3011.592885,0.000313,0.000985,0,0.000153,0,31,0.488889,0.003188
1027,Clay County,,AL,810,15637,16447,3,4,7,277,448,725,8,0.239182,0.247821,2.488743,0.000045,0.000043,0,0.000114,0,31,0.666667,0.000644
1029,Cleburne County,,AL,962,14117,15079,4,4,8,543,616,1159,8,0.239716,0.248723,4.744767,0.000099,0.000079,0,0.000123,0,31,0.5,0.001147
1031,Coffee County,,AL,4846,44757,49603,14,16,30,2432,2265,4697,6,0.324936,0.344085,1990.952003,0.003207,0.004175,0,0.000273,0,31,0.457895,0.023601
1033,Colbert County,,AL,3165,58520,61685,8,8,16,1932,1957,3889,7,0.302449,0.316759,971.097089,0.000694,0.001351,0,0.000215,0,31,0.611111,0.006262
1035,Conecuh County,,AL,838,14027,14865,4,6,10,298,485,783,7,0.283731,0.29679,20.899272,0.000029,0.00043,0,0.000135,0,31,0.566667,0.000581
1037,Coosa County,,AL,1065,11486,12551,5,4,9,706,810,1516,7,0.28764,0.300311,0.697258,0.00052,0.000372,0,0.000136,0,31,0.85,0.00453
1039,Covington County,,AL,1598,33537,35135,10,8,18,854,682,1536,7,0.287526,0.301402,984.485242,0.000699,0.000727,0,0.000246,0,31,0.322222,0.006515
1041,Crenshaw County,,AL,863,14396,15259,4,5,9,475,513,988,7,0.278236,0.290157,2.513667,0.000225,0.00026,0,0.000139,0,31,0.7,0.002153
1043,Cullman County,,AL,3783,81550,85333,11,12,23,2322,2146,4468,7,0.290229,0.304756,50.469529,0.001086,0.001084,0,0.000248,0,31,0.554945,0.009165
1045,Dale County,,AL,7998,47748,55746,22,24,46,3389,4120,7509,6,0.333755,0.355617,6753.816046,0.006133,0.006693,0,0.000353,0,31,0.485222,0.042642
1047,Dallas County,,AL,2348,46412,48760,7,13,20,703,1291,1994,7,0.291864,0.307203,128.715445,0.000608,0.001503,0,0.000182,0,31,0.551282,0.005319
1049,DeKalb County,,AL,3362,68337,71699,9,9,18,1774,1990,3764,7,0.291015,0.305554,416.250048,0.000902,0.000935,0,0.00023,0,31,0.541667,0.008128
1051,Elmore County,,AL,5790,74223,80013,14,12,26,5010,3521,8531,7,0.290345,0.305187,137.013517,0.001241,0.001191,0,0.00032,0,31,0.528571,0.011349
1053,Escambia County,,AL,2123,37035,39158,6,9,15,954,1296,2250,7,0.293428,0.308719,1055.003931,0.00095,0.001637,0,0.000156,0,31,0.597222,0.008417
1055,Etowah County,,AL,5156,108127,113283,11,14,25,2845,3109,5954,7,0.291044,0.306307,387.628239,0.00093,0.001292,0,0.000265,0,31,0.587912,0.009083
1057,Fayette County,,AL,816,18325,19141,5,4,9,516,450,966,7,0.258208,0.268418,57.536056,0.000429,0.000061,0,0.00015,0,31,0.8,0.003622
1059,Franklin County,,AL,1639,31047,32686,8,10,18,897,1072,1969,7,0.290142,0.304383,1641.215786,0.001126,0.000727,0,0.000227,0,31,0.409091,0.008538
1061,Geneva County,,AL,1666,25209,26875,5,5,10,980,996,1976,7,0.253184,0.263579,9.461351,0.00014,0.000141,0,0.000151,0,31,0.55,0.001576
1063,Greene County,,AL,543,9364,9907,2,3,5,176,323,499,7,0.258116,0.268102,0,0.000077,0.000058,0,0.000089,0,31,1,0.000686
1065,Hale County,,AL,940,17640,18580,4,3,7,684,529,1213,7,0.287783,0.300368,67.340916,0.000079,0.000406,0,0.000125,0,31,0.65,0.000893
1067,Henry County,,AL,1256,17472,18728,3,3,6,753,762,1515,7,0.253096,0.26312,0,0.000106,0.000108,0,0.000105,0,31,1,0.001127
1069,Houston County,,AL,6343,99907,106250,31,24,55,4338,3751,8089,7,0.319006,0.340094,13479.057609,0.006838,0.005486,0,0.000615,0,31,0.369048,0.056174
1071,Jackson County,,AL,2668,56944,59612,6,8,14,1313,1458,2771,7,0.290927,0.305181,123.187459,0.000512,0.000925,0,0.000204,0,31,0.553571,0.004948
1073,Jefferson County,,AL,37782,704651,742433,127,112,239,24831,30318,55149,6,0.403224,0.439605,101074.923125,0.043488,0.04337,0,0.001959,0,31,0.294532,0.322915
1075,Lamar County,,AL,876,15853,16729,5,6,11,466,531,997,7,0.265435,0.276785,74.017921,0.000116,0.00008,0,0.000162,0,31,0.466667,0.001166
1077,Lauderdale County,,AL,4673,93163,97836,12,15,27,2279,2729,5008,7,0.303938,0.319792,4063.486075,0.001832,0.001782,0,0.000335,0,31,0.4,0.01544
1079,Lawrence County,,AL,1889,36719,38608,6,6,12,1308,1313,2621,7,0.279065,0.291516,5.302636,0.000356,0.000373,0,0.000164,0,31,0.761905,0.003473
1081,Lee County,,AL,9606,114096,123702,32,28,60,7024,5508,12532,7,0.321694,0.343416,6048.075141,0.007388,0.007547,0,0.000599,0,31,0.380631,0.059978
1083,Limestone County,,AL,3810,73410,77220,10,8,18,3024,2186,5210,7,0.289881,0.303751,51.252487,0.000725,0.000731,0,0.000258,0,31,0.544444,0.006648
1085,Lowndes County,,AL,947,13925,14872,4,3,7,510,651,1161,7,0.277597,0.28898,2.398925,0.000235,0.000231,0,0.000123,0,31,0.583333,0.002209
1087,Macon County,,AL,1523,21524,23047,5,4,9,564,860,1424,7,0.27781,0.289525,2.500093,0.000292,0.000295,0,0.000144,0,31,0.7,0.002778
1089,Madison County,,AL,16834,333999,350833,101,76,177,12209,10207,22416,6,0.385956,0.418866,42316.71531,0.039513,0.03721,0,0.001499,0,31,0.394341,0.300428
1091,Marengo County,,AL,1229,23128,24357,9,9,18,488,614,1102,7,0.290258,0.304641,453.858168,0.000674,0.000977,0,0.000215,0,31,0.409091,0.00537
1093,Marion County,,AL,1509,28540,30049,8,8,16,753,798,1551,7,0.289939,0.303809,254.893305,0.000447,0.000739,0,0.00022,0,31,0.472222,0.004127
1095,Marshall County,,AL,5037,89885,94922,10,13,23,3146,3215,6361,7,0.29049,0.305359,35.387039,0.000883,0.001122,0,0.00023,0,31,0.596154,0.007897
1097,Mobile County,,AL,16364,418585,434949,62,74,136,8340,9891,18231,6,0.375615,0.408218,33940.87706,0.023268,0.029364,0,0.000942,0,31,0.381134,0.174565
1099,Monroe County,,AL,1175,25312,26487,6,6,12,444,533,977,7,0.289332,0.303837,487.932292,0.000535,0.001018,0,0.000152,0,31,0.666667,0.004943
1101,Montgomery County,,AL,17852,239686,257538,83,67,150,10666,12010,22676,6,0.384015,0.415507,57099.577215,0.027525,0.0264,0,0.001269,0,31,0.341889,0.202823
1103,Morgan County,,AL,6746,124912,131658,17,17,34,4039,4189,8228,7,0.306377,0.323278,794.977202,0.00262,0.002289,0,0.000365,0,31,0.354762,0.020687
1105,Perry County,,AL,685,11306,11991,2,6,8,92,380,472,7,0.278343,0.290674,79.597891,0.00036,0.000288,0,0.000077,0,31,0.595238,0.00284
1107,Pickens County,,AL,1053,20984,22037,3,2,5,465,606,1071,7,0.265192,0.27578,0,0.000109,0.000071,0,0.000105,0,31,1,0.000904
1109,Pike County,,AL,1937,28350,30287,8,7,15,867,813,1680,7,0.290229,0.304113,78.378053,0.000357,0.000705,0,0.0002,0,31,0.486111,0.003499
1111,Randolph County,,AL,1168,22655,23823,10,7,17,763,620,1383,8,0.244523,0.255023,139.832429,0.00025,0.00016,0,0.000273,0,31,0.363636,0.003756
1113,Russell County,,AL,5482,50048,55530,7,7,14,3544,3614,7158,7,0.292422,0.307019,84.961696,0.00076,0.000914,0,0.000153,0,31,0.486111,0.006348
1115,St. Clair County,,AL,4611,72121,76732,8,8,16,4898,3147,8045,7,0.289997,0.303952,4.868389,0.000687,0.00092,0,0.000193,0,31,0.847222,0.006718
1117,Shelby County,,AL,14694,179119,193813,56,46,102,15139,10505,25644,6,0.364573,0.392431,12703.239153,0.01919,0.017899,0,0.000932,0,31,0.404018,0.151549
1119,Sumter County,,AL,906,13684,14590,2,4,6,117,402,519,7,0.288727,0.301879,1.385766,0.00012,0.000437,0,0.00008,0,31,0.833333,0.000886
1121,Talladega County,,AL,4666,83717,88383,10,15,25,2772,3070,5842,7,0.291658,0.307318,1349.870698,0.001064,0.001373,0,0.00024,0,31,0.504762,0.009274
1123,Tallapoosa County,,AL,2543,43194,45737,9,12,21,1419,1519,2938,7,0.289852,0.304526,462.514838,0.000654,0.001004,0,0.000248,0,31,0.480769,0.005866
1125,Tuscaloosa County,,AL,9281,173292,182573,40,36,76,5912,5357,11269,6,0.34767,0.373168,26522.887197,0.006453,0.008588,0,0.000771,0,31,0.245124,0.0512
1127,Walker County,,AL,2903,68673,71576,8,9,17,1745,1675,3420,7,0.288154,0.301747,90.643372,0.000587,0.000742,0,0.000215,0,31,0.569444,0.005251
1129,Washington County,,AL,965,18329,19294,3,3,6,461,556,1017,7,0.273258,0.285133,1.909524,0.000246,0.000192,0,0.000088,0,31,0.416667,0.001701
1131,Wilcox County,,AL,657,12716,13373,4,5,9,214,280,494,7,0.289245,0.302602,16.439957,0.00024,0.000582,0,0.000112,0,31,0.65,0.002139
1133,Winston County,,AL,1331,25192,26523,6,6,12,722,731,1453,7,0.287868,0.300828,12.388914,0.000393,0.000396,0,0.000164,0,31,0.6,0.003588
2013,Aleutians East Borough,,AK,281,1615,1896,0,1,1,0,56,56,7,0.284357,0.296782,0,0,0.000319,167,0.00005,0,32,0,0
2016,Aleutians West Census Area,,AK,732,4391,5123,1,2,3,58,210,268,6,0.31248,0.327602,0,0.000354,0.001162,167,0.000063,0,31,1,0.002476
2020,Anchorage Municipality,,AK,27711,294184,321895,124,131,255,15343,18592,33935,6,0.397208,0.435177,84039.645031,0.039818,0.044126,167,0.001959,0,31,0.269585,0.292011
2050,Bethel Census Area,,AK,992,16877,17869,3,3,6,312,465,777,7,0.285349,0.298223,0.61332,0.000511,0.000453,167,0.000101,0,31,0.833333,0.003647
2060,Bristol Bay Borough,,AK,140,1298,1438,0,0,0,0,0,0,0,0,0,0,0,0,1,0.00005,1,33,0,0
2068,Denali Borough,,AK,468,2167,2635,1,2,3,41,160,201,7,0.285321,0.298051,0,0.000153,0.00045,167,0.000062,0,31,1,0.001062
2070,Dillingham Census Area,,AK,406,4645,5051,1,1,2,89,141,230,7,0.284315,0.296712,0,0.000354,0.000319,167,0.000063,0,31,0,0.002476
2090,Fairbanks North Star Borough,,AK,11599,97189,108788,46,53,99,4459,5030,9489,6,0.362071,0.391425,13156.794698,0.016269,0.019077,167,0.000732,0,31,0.388701,0.119491
2100,Haines Borough,,AK,206,2582,2788,0,1,1,0,50,50,7,0.249978,0.257874,0,0,0.000011,167,0.00005,0,34,0,0
2105,Hoonah-Angoon Census Area,,AK,0,0,0,0,0,0,0,0,0,0,0,0,0,0,0,2,0.00005,2,35,0,0
2110,Juneau City and Borough,,AK,2933,34902,37835,9,11,20,784,910,1694,6,0.33318,0.352699,11944.655743,0.001341,0.003748,167,0.000326,0,31,0.339744,0.010373
2122,Kenai Peninsula Borough,,AK,4036,54688,58724,8,5,13,1484,1332,2816,6,0.330825,0.348978,82.090566,0.001979,0.002461,167,0.000184,0,31,0.680556,0.015978
2130,Ketchikan Gateway Borough,,AK,1310,14620,15930,4,5,9,248,354,602,6,0.312648,0.328233,5856,0.001177,0.001209,167,0.000167,0,31,0.6,0.008675
2150,Kodiak Island Borough,,AK,1954,14952,16906,4,7,11,251,710,961,6,0.332722,0.351149,37.536934,0.002216,0.002985,167,0.000108,0,31,0.535714,0.016373
2164,Lake and Peninsula Borough,,AK,152,1501,1653,1,1,2,51,46,97,7,0.284315,0.296712,0,0.000354,0.000319,167,0.000063,0,31,0,0.002476
2170,Matanuska-Susitna Borough,,AK,5266,72221,77487,14,10,24,5106,2322,7428,6,0.332951,0.35224,690.689903,0.004488,0.003515,167,0.000283,0,31,0.458333,0.034776
2180,Nome Census Area,,AK,692,8980,9672,3,2,5,195,272,467,7,0.284343,0.296885,0.61332,0.000509,0.000322,167,0.000124,0,31,0.666667,0.003647
2185,North Slope Borough,,AK,604,6824,7428,1,2,3,74,237,311,7,0.285321,0.298051,0,0.000354,0.00045,167,0.000063,0,31,1,0.002476
2188,Northwest Arctic Borough,,AK,525,6313,6838,2,2,4,165,229,394,7,0.284343,0.296885,0,0.000356,0.000323,167,0.000116,0,31,1,0.002595
2195,Petersburg Census Area,,AK,0,0,0,0,0,0,0,0,0,0,0,0,0,0,0,3,0.00005,3,36,0,0
2220,Sitka City and Borough,,AK,956,9845,10801,2,2,4,138,168,306,7,0.28437,0.296942,0,0.000384,0.00033,167,0.000088,0,31,1,0.002656
2240,Southeast Fairbanks Census Area,,AK,599,6814,7413,4,2,6,417,205,622,7,0.285321,0.298051,0,0.001236,0.00045,167,0.000111,0,31,0.833333,0.009369
2261,Valdez-Cordova Census Area,,AK,1185,10925,12110,3,4,7,282,418,700,7,0.285377,0.298395,0,0.000535,0.000502,167,0.000099,0,31,1,0.003914
2270,Wade Hampton Census Area,,AK,408,7060,7468,2,3,5,116,252,368,7,0.285349,0.298223,0,0.000358,0.000454,167,0.000092,0,31,1,0.002595
2282,Yakutat City and Borough,,AK,45,563,608,0,0,0,0,0,0,0,0,0,0,0,0,4,0.00005,4,37,0,0
2290,Yukon-Koyukuk Census Area,,AK,669,5971,6640,2,3,5,217,430,647,7,0.285349,0.298223,0,0.000507,0.000486,167,0.000075,0,31,1,0.003538
4001,Apache County,,AZ,7322,56445,63767,12,15,27,5843,6106,11949,6,0.336347,0.356668,137.386186,0.004623,0.005475,96,0.000223,0,31,0.657143,0.038575
4003,Cochise County,,AZ,12715,117649,130364,49,40,89,7320,6681,14001,6,0.360766,0.387784,706.798019,0.023211,0.019448,167,0.000613,0,31,0.585185,0.170514
4005,Coconino County,,AZ,13091,121341,134432,29,30,59,8266,8677,16943,6,0.345147,0.368263,320.049379,0.012622,0.01292,167,0.000441,0,31,0.607843,0.094206
4007,Gila County,,AZ,4133,50210,54343,13,7,20,3059,2694,5753,6,0.328727,0.346336,6.712939,0.006725,0.002493,167,0.000216,0,31,0.852564,0.051348
4009,Graham County,,AZ,1773,25567,27340,7,9,16,1078,1168,2246,6,0.329062,0.346996,73.003991,0.001989,0.002723,167,0.000177,0,31,0.777778,0.018192
4011,Greenlee County,,AZ,662,7244,7906,2,3,5,200,377,577,6,0.328504,0.345532,0,0.000628,0.001912,167,0.00008,0,31,1,0.005559
4012,La Paz County,,AZ,1401,14209,15610,7,4,11,755,608,1363,6,0.329735,0.347272,0,0.003868,0.002552,167,0.000137,0,31,1,0.028841
4013,Maricopa County,,AZ,157013,3492040,3649053,642,505,1147,219391,135458,354849,5,0.488552,0.552246,853057.258189,0.14119,0.129796,167,0.008539,0,31,0.082322,1
4015,Mohave County,,AZ,12889,166946,179835,49,25,74,14072,7172,21244,6,0.344206,0.366368,199.071962,0.020004,0.011387,167,0.000617,0,31,0.606712,0.145724
4017,Navajo County,,AZ,7923,91946,99869,18,19,37,6604,5836,12440,6,0.341894,0.36306,215.052747,0.007754,0.007477,167,0.000302,0,31,0.680952,0.060476
4019,Pima County,,AZ,46259,911995,958254,242,183,425,43029,32898,75927,5,0.42796,0.468562,50071.01019,0.095227,0.075568,167,0.002798,0,31,0.273113,0.653786
4021,Pinal County,,AZ,17395,179692,197087,59,23,82,24863,12576,37439,6,0.344288,0.366425,316.992007,0.028145,0.011369,167,0.000642,0,31,0.597604,0.190938
4023,Santa Cruz County,,AZ,2318,47330,49648,8,4,12,1747,1704,3451,6,0.334563,0.352906,0,0.006231,0.003126,167,0.000135,0,31,1,0.046065
4025,Yavapai County,,AZ,13171,185736,198907,52,31,83,14918,7282,22200,6,0.349344,0.373737,338.457844,0.023991,0.015593,167,0.00061,0,31,0.623377,0.167395
4027,Yuma County,,AZ,10868,182377,193245,41,33,74,8754,5983,14737,6,0.35257,0.377607,158.327739,0.020281,0.016559,167,0.000459,0,31,0.674645,0.143356
5001,Arkansas County,,AR,1183,21596,22779,6,5,11,556,516,1072,7,0.285237,0.297451,8.546068,0.000338,0.000332,5,0.00022,0,31,0.566667,0.003438
5003,Ashley County,,AR,1359,23834,25193,6,7,13,362,533,895,7,0.285602,0.29837,328.001032,0.000382,0.000354,5,0.000166,0,31,0.357143,0.003346
5005,Baxter County,,AR,2659,40036,42695,12,10,22,1051,932,1983,7,0.29119,0.305273,13429.82362,0.004109,0.000858,5,0.000315,0,31,0.401099,0.031427
5007,Benton County,,AR,13997,187219,201216,71,39,110,12222,8116,20338,6,0.364344,0.391397,24720.442584,0.025504,0.013263,5,0.001201,0,31,0.34507,0.184396
5009,Boone County,,AR,2318,36126,38444,10,9,19,1223,1092,2315,7,0.274915,0.287634,9222.16956,0.000661,0.000621,5,0.000393,0,31,0.333333,0.007833
5011,Bradley County,,AR,713,11588,12301,1,3,4,84,257,341,7,0.285237,0.297221,1.2875,0.000003,0.000282,5,0.000078,0,31,0.166667,0.000107
5013,Calhoun County,,AR,367,5220,5587,3,2,5,195,126,321,8,0.240212,0.247364,5.4096,0.000024,0.000009,5,0.000116,0,31,0.666667,0.000428
5015,Carroll County,,AR,1937,26030,27967,6,7,13,701,843,1544,7,0.269828,0.281139,12.732132,0.00023,0.00042,5,0.000237,0,31,0.52381,0.003535
5017,Chicot County,,AR,927,11988,12915,4,5,9,210,452,662,7,0.286532,0.299042,253.629614,0.000305,0.00031,5,0.000124,0,31,0.5,0.002766
5019,Clark County,,AR,1769,20947,22716,9,8,17,719,855,1574,7,0.315916,0.332395,4902.095959,0.000349,0.001219,5,0.000314,0,31,0.333333,0.003939
5021,Clay County,,AR,1112,17121,18233,5,6,11,467,718,1185,8,0.241813,0.250638,100.781952,0.000024,0.000031,5,0.000175,0,31,0.466667,0.0008
5023,Cleburne County,,AR,1470,24610,26080,7,6,13,895,711,1606,7,0.285265,0.297652,89.292322,0.000951,0.000348,5,0.000223,0,31,0.690476,0.007826
5025,Cleveland County,,AR,597,8934,9531,3,2,5,323,216,539,8,0.247822,0.256731,55.257329,0.000037,0.000026,5,0.00012,0,31,0,0.000473
5027,Columbia County,,AR,1450,24677,26127,6,7,13,431,618,1049,7,0.285714,0.298599,1180.315693,0.000036,0.000318,5,0.000174,0,31,0.321429,0.000883
5029,Conway County,,AR,1302,21018,22320,5,5,10,807,704,1511,7,0.285181,0.297365,2.134524,0.000303,0.000328,5,0.000199,0,31,0.8,0.003106
5031,Craighead County,,AR,6086,85084,91170,23,24,47,3876,3487,7363,7,0.30925,0.326948,18243.525914,0.002039,0.001559,5,0.000574,0,31,0.252137,0.018289
5033,Crawford County,,AR,4390,57728,62118,12,9,21,3198,2968,6166,7,0.287156,0.300357,562.644393,0.000957,0.000759,5,0.000368,0,31,0.467949,0.009413
5035,Crittenden County,,AR,3441,52644,56085,8,11,19,1797,2002,3799,7,0.308035,0.323531,57.282179,0.000958,0.001192,5,0.000209,0,31,0.484848,0.00778
5037,Cross County,,AR,1411,19604,21015,6,7,13,622,727,1349,7,0.307513,0.32221,56.788707,0.000658,0.000945,5,0.00017,0,31,0.589286,0.005247
5039,Dallas County,,AR,677,8594,9271,3,5,8,153,318,471,7,0.285349,0.297652,646.05534,0.00001,0.000293,5,0.000175,0,31,0.4,0.000357
5041,Desha County,,AR,1046,14737,15783,4,5,9,273,477,750,7,0.285321,0.297594,397.448006,0.000281,0.00031,5,0.000143,0,31,0.65,0.002584
5043,Drew County,,AR,1314,17894,19208,7,6,13,707,510,1217,7,0.285321,0.297738,2971.711268,0.000057,0.000313,5,0.000194,0,31,0.428571,0.000994
5045,Faulkner County,,AR,6873,95622,102495,26,18,44,4912,3882,8794,7,0.318062,0.336932,4590.707635,0.003477,0.00208,5,0.000673,0,31,0.29803,0.030308
5047,Franklin County,,AR,1179,17478,18657,6,5,11,699,717,1416,7,0.268232,0.279037,38.668614,0.000169,0.00024,5,0.000216,0,31,0.8,0.002586
5049,Fulton County,,AR,781,10501,11282,4,5,9,292,360,652,8,0.226542,0.233959,468.15173,0.000009,0.000035,5,0.000174,0,31,0.3,0.00064
5051,Garland County,,AR,5610,92372,97982,29,17,46,3385,2496,5881,7,0.329324,0.350738,17460.595465,0.009106,0.004099,5,0.000645,0,31,0.367816,0.070609
5053,Grant County,,AR,1260,17970,19230,4,5,9,686,660,1346,7,0.285349,0.297623,1.202381,0.000334,0.000407,5,0.000147,0,31,0.9,0.002992
5055,Greene County,,AR,2067,40360,42427,8,8,16,1405,1069,2474,7,0.285855,0.298846,2377.829996,0.000649,0.000312,5,0.000221,0,31,0.472222,0.005427
5057,Hempstead County,,AR,1578,22706,24284,6,7,13,623,777,1400,7,0.285799,0.298714,5584.108996,0.000058,0.000337,145,0.000214,0,31,0.321429,0.001019
5059,Hot Spring County,,AR,2023,30532,32555,6,5,11,1246,1307,2553,7,0.285265,0.29748,2.644444,0.000377,0.000383,5,0.000203,0,31,0.8,0.003792
5061,Howard County,,AR,974,15086,16060,4,4,8,415,374,789,8,0.222666,0.229373,19.927563,0.000004,0.000002,145,0.00019,0,31,0.083333,0.000408
5063,Independence County,,AR,2302,36354,38656,10,11,21,976,1205,2181,7,0.286448,0.300081,8407.079206,0.000332,0.000536,5,0.000345,0,31,0.393939,0.003797
5065,Izard County,,AR,860,11964,12824,4,4,8,308,360,668,8,0.225854,0.233058,41.300134,0.000012,0.000036,5,0.000159,0,31,0.5,0.000683
5067,Jackson County,,AR,1085,15980,17065,6,5,11,500,526,1026,7,0.285518,0.297968,638.700943,0.000317,0.000315,5,0.000174,0,31,0.6,0.003086
5069,Jefferson County,,AR,4947,83049,87996,14,18,32,1688,2811,4499,7,0.3291,0.350566,14347.202323,0.003262,0.00407,5,0.000377,0,31,0.359307,0.023549
5071,Johnson County,,AR,1368,23049,24417,4,5,9,497,599,1096,7,0.259153,0.269003,61.764045,0.000285,0.000086,5,0.000154,0,31,0.8,0.002729
5073,Lafayette County,,AR,567,7427,7994,2,5,7,131,298,429,8,0.247484,0.257214,5.835146,0.000005,0.000063,145,0.000098,0,31,0.55,0.00021
5075,Lawrence County,,AR,1292,16791,18083,4,6,10,462,728,1190,8,0.236473,0.244692,6.998553,0.000016,0.000027,5,0.000148,0,31,0.566667,0.000615
5077,Lee County,,AR,620,8711,9331,3,3,6,234,304,538,7,0.285181,0.297078,0.333333,0.000289,0.000296,5,0.000111,0,31,0.833333,0.00257
5079,Lincoln County,,AR,845,11305,12150,3,4,7,387,404,791,7,0.285237,0.297336,0.583333,0.000038,0.00031,5,0.00012,0,31,0.833333,0.00051
5081,Little River County,,AR,884,13465,14349,3,4,7,337,471,808,8,0.246601,0.25587,685.244534,0.000055,0.000054,145,0.000145,0,31,0.5,0.000731
5083,Logan County,,AR,1472,22399,23871,6,8,14,693,901,1594,7,0.268356,0.279668,27.450372,0.000069,0.000257,5,0.000221,0,31,0.535714,0.001348
5085,Lonoke County,,AR,5215,61522,66737,18,13,31,4518,3126,7644,7,0.308395,0.324306,814.848051,0.002491,0.001255,5,0.000475,0,31,0.434641,0.022218
5087,Madison County,,AR,1104,14776,15880,3,3,6,804,679,1483,7,0.269602,0.280162,0,0.000213,0.000373,5,0.000134,0,31,1,0.003077
5089,Marion County,,AR,1264,14936,16200,2,3,5,435,562,997,7,0.268009,0.27852,0,0.000012,0.000205,5,0.000114,0,31,0.833333,0.000512
5091,Miller County,,AR,3725,40442,44167,11,7,18,2674,2452,5126,7,0.315916,0.33228,6784.607283,0.001298,0.001171,145,0.0003,0,31,0.309091,0.010365
5093,Mississippi County,,AR,3059,48305,51364,8,9,17,955,1430,2385,7,0.307905,0.323014,2396.559228,0.000926,0.000944,5,0.000208,0,31,0.513889,0.007631
5095,Monroe County,,AR,713,9183,9896,3,3,6,182,244,426,7,0.285097,0.296963,1.125,0.000284,0.000291,5,0.000133,0,31,0.666667,0.002548
5097,Montgomery County,,AR,638,8109,8747,3,3,6,270,279,549,8,0.247949,0.257036,1972.436935,0.000036,0.000073,5,0.000138,0,31,0.5,0.00087
5099,Nevada County,,AR,775,9625,10400,2,3,5,310,339,649,8,0.240391,0.247979,3.060786,0.000012,0.000014,145,0.00011,0,31,0.5,0.000239
5101,Newton County,,AR,627,8057,8684,1,2,3,188,310,498,7,0.267885,0.278146,0,0.000005,0.000172,5,0.000088,0,31,1,0.000164
5103,Ouachita County,,AR,1803,27750,29553,7,8,15,759,744,1503,7,0.316053,0.332596,7862.514795,0.00112,0.001195,5,0.000225,0,31,0.410714,0.008776
5105,Perry County,,AR,798,10057,10855,5,4,9,506,449,955,7,0.285153,0.297192,19.181601,0.000303,0.000325,5,0.00018,0,31,0.75,0.003102
5107,Phillips County,,AR,1490,23743,25233,4,7,11,256,556,812,7,0.307578,0.322325,124.111937,0.000903,0.000982,5,0.000129,0,31,0.547619,0.006941
5109,Pike County,,AR,778,10876,11654,4,4,8,368,363,731,8,0.248055,0.25738,1553.103423,0.000043,0.000076,5,0.000196,0,31,0.333333,0.001006
5111,Poinsett County,,AR,1599,24476,26075,6,6,12,956,967,1923,7,0.30557,0.319591,35.359935,0.00066,0.000641,5,0.000163,0,31,0.766667,0.005297
5113,Polk County,,AR,1173,19411,20584,2,8,10,117,466,583,7,0.269003,0.280777,321.472922,0.000001,0.000328,5,0.00013,0,31,0.303571,0.000201
5115,Pope County,,AR,3811,55616,59427,16,15,31,2006,2122,4128,7,0.28727,0.301276,1210.267479,0.001742,0.000878,5,0.000453,0,31,0.392157,0.015849
5117,Prairie County,,AR,591,8654,9245,4,4,8,254,334,588,7,0.285125,0.297135,0.7,0.00031,0.000318,5,0.000154,0,31,0.833333,0.002901
5119,Pulaski County,,AR,27680,397731,425411,111,97,208,17886,19465,37351,6,0.398572,0.432949,162428.555243,0.035034,0.034166,5,0.002057,0,31,0.259809,0.265304
5121,Randolph County,,AR,1163,17914,19077,5,5,10,599,489,1088,8,0.244317,0.253645,30.127194,0.000016,0.00005,5,0.000166,0,31,0.533333,0.000715
5123,St. Francis County,,AR,2066,25742,27808,8,7,15,803,1125,1928,7,0.307513,0.32221,186.761906,0.000937,0.000914,5,0.000223,0,31,0.535714,0.007629
5125,Saline County,,AR,6346,96286,102632,18,15,33,5588,3968,9556,7,0.325848,0.346448,976.192437,0.00294,0.002989,5,0.000467,0,31,0.502632,0.025215
5127,Scott County,,AR,708,10461,11169,3,2,5,230,272,502,7,0.258853,0.26805,0.561111,0.000055,0.000071,5,0.000115,0,31,0.583333,0.000787
5129,Searcy County,,AR,484,7166,7650,1,1,2,68,71,139,8,0.21565,0.221494,0,0.000005,0.000005,5,0.000088,0,31,0,0.000164
5131,Sebastian County,,AR,9119,121950,131069,27,19,46,5935,5736,11671,6,0.349176,0.372565,15984.770286,0.007845,0.006248,5,0.000604,0,31,0.37069,0.059456
5133,Sevier County,,AR,881,15267,16148,5,4,9,404,279,683,8,0.242176,0.250535,1610.791739,0.000051,0.000021,145,0.000192,0,31,0.3,0.000908
5135,Sharp County,,AR,1477,16916,18393,5,6,11,617,663,1280,8,0.236685,0.244962,86.021816,0.000018,0.000019,5,0.000182,0,31,0.433333,0.000701
5137,Stone County,,AR,580,11126,11706,1,1,2,50,69,119,8,0.222683,0.228776,0,0.000004,0.000003,5,0.000077,0,31,0,0.000135
5139,Union County,,AR,2616,47374,49990,7,13,20,781,1139,1920,7,0.317505,0.335284,4503.131859,0.001096,0.001509,5,0.000185,0,31,0.309524,0.009043
5141,Van Buren County,,AR,1082,15523,16605,4,4,8,444,432,876,7,0.285097,0.297078,0.666667,0.000296,0.000319,5,0.000166,0,31,0.833333,0.002912
5143,Washington County,,AR,14006,174754,188760,66,38,104,11463,8320,19783,6,0.365491,0.392471,36552.499217,0.02074,0.012823,5,0.001268,0,31,0.298167,0.153672
5145,White County,,AR,4498,70862,75360,13,18,31,2452,2364,4816,6,0.337835,0.358741,4259.830211,0.001809,0.002874,5,0.000362,0,31,0.45,0.015013
5147,Woodruff County,,AR,533,7941,8474,2,4,6,138,278,416,7,0.285181,0.29725,1.090909,0.000026,0.000303,5,0.000097,0,31,0.583333,0.000346
5149,Yell County,,AR,1615,19935,21550,3,5,8,689,922,1611,7,0.269778,0.280794,47.655385,0.000283,0.000388,5,0.000118,0,31,0.633333,0.002611
6001,Alameda County,,CA,124906,1520776,1645682,155,190,345,85073,114563,199636,6,0.419728,0.46306,12144.431302,0.073205,0.080893,167,0.001473,0,31,0.373259,0.490813
6003,Alpine County,,CA,188,1012,1200,0,1,1,0,66,66,7,0.25427,0.262314,0,0,0.00009,167,0.00005,0,38,0,0
6005,Amador County,,CA,2333,36453,38786,14,8,22,2325,1162,3487,7,0.303271,0.318554,1.611344,0.00651,0.00264,167,0.000149,0,31,0.966667,0.042484
6007,Butte County,,CA,12157,198689,210846,50,54,104,10344,8859,19203,6,0.344533,0.370727,986.240996,0.017492,0.016928,167,0.000508,0,31,0.598609,0.121264
6009,Calaveras County,,CA,3324,43992,47316,16,13,29,3562,1889,5451,6,0.339972,0.359786,40.397081,0.006335,0.006824,167,0.000167,0,31,0.923977,0.041112
6011,Colusa County,,CA,1414,22130,23544,6,6,12,930,724,1654,7,0.296546,0.310789,1.763833,0.001274,0.001182,167,0.000107,0,31,0.8,0.008678
6013,Contra Costa County,,CA,71886,1075933,1147819,122,150,272,63268,63531,126799,6,0.400773,0.441092,6207.591641,0.060917,0.063224,167,0.001151,0,31,0.408087,0.411036
6015,Del Norte County,,CA,1638,21975,23613,7,7,14,585,571,1156,6,0.33109,0.349196,45.17413,0.00368,0.002195,167,0.000122,0,31,0.819444,0.025828
6017,El Dorado County,,CA,13738,181589,195327,43,51,94,14596,10218,24814,6,0.345065,0.371043,158.719559,0.017665,0.017876,167,0.000421,0,31,0.677273,0.121604
6019,Fresno County,,CA,33225,847163,880388,75,88,163,25177,26005,51182,6,0.374403,0.40858,2914.284954,0.030734,0.034917,167,0.000761,0,31,0.490241,0.216334
6021,Glenn County,,CA,1925,27658,29583,7,6,13,1207,1040,2247,6,0.331052,0.349024,59.230434,0.002615,0.001967,167,0.00013,0,31,0.761905,0.018304
6023,Humboldt County,,CA,7294,125247,132541,42,44,86,4487,4383,8870,6,0.343351,0.367942,1715.349738,0.016146,0.015953,167,0.000414,0,31,0.699592,0.110624
6025,Imperial County,,CA,8284,177571,185855,21,17,38,6628,6213,12841,6,0.341051,0.36171,0.732216,0.011149,0.0092,167,0.000209,0,31,0.922925,0.075046
6027,Inyo County,,CA,1449,19366,20815,7,5,12,686,382,1068,6,0.335957,0.35425,0.506312,0.004803,0.002708,167,0.000105,0,31,0.928571,0.031495
6029,Kern County,,CA,31486,706830,738316,75,106,181,35657,22019,57676,6,0.38049,0.416931,2997.972178,0.032823,0.040806,167,0.000786,0,31,0.431709,0.23402
6031,Kings County,,CA,10661,122770,133431,36,42,78,6547,6780,13327,6,0.350229,0.375454,252.263472,0.016737,0.019364,167,0.000349,0,31,0.640097,0.113481
6033,Lake County,,CA,4045,55117,59162,21,20,41,3837,2240,6077,6,0.341131,0.362112,4.988305,0.010494,0.009128,167,0.000204,0,31,0.970769,0.070487
6035,Lassen County,,CA,2135,25332,27467,11,9,20,920,904,1824,7,0.297336,0.312437,99.645803,0.004055,0.001897,167,0.000165,0,31,0.736264,0.028764
6037,Los Angeles County,,CA,421162,10005039,10426201,436,544,980,242146,398480,640626,5,0.493873,0.560303,523514.405693,0.130293,0.135723,167,0.005215,0,31,0.105177,0.903781
6039,Madera County,,CA,7850,121843,129693,27,26,53,7681,5538,13219,6,0.341412,0.363261,127.85876,0.012907,0.01153,167,0.000253,0,31,0.876847,0.086439
6041,Marin County,,CA,18740,244791,263531,38,56,94,12801,14656,27457,6,0.360811,0.389829,113.501615,0.019689,0.025465,167,0.00034,0,31,0.700544,0.130836
6043,Mariposa County,,CA,1536,17275,18811,10,6,16,960,624,1584,7,0.295851,0.309899,0.129167,0.004051,0.001249,167,0.000122,0,31,0.977778,0.02662
6045,Mendocino County,,CA,5257,88839,94096,21,26,47,2724,3038,5762,6,0.342056,0.364065,2.272777,0.008574,0.011021,167,0.000201,0,31,0.863441,0.056819
6047,Merced County,,CA,14434,230707,245141,32,40,72,13186,11210,24396,6,0.344206,0.368309,212.426309,0.01504,0.015725,167,0.000296,0,31,0.788618,0.100887
6049,Modoc County,,CA,724,8478,9202,1,3,4,68,184,252,7,0.256701,0.266936,0,0.000141,0.000263,167,0.00006,0,31,0.666667,0.001174
6051,Mono County,,CA,1655,12013,13668,7,9,16,698,703,1401,6,0.336854,0.355915,3.948018,0.00438,0.005048,167,0.000121,0,31,0.8,0.028641
6053,Monterey County,,CA,35026,416693,451719,71,115,186,14488,27588,42076,6,0.374403,0.411659,2070.977035,0.034041,0.041654,167,0.000685,0,31,0.404472,0.239405
6055,Napa County,,CA,9780,138959,148739,27,31,58,6631,7082,13713,6,0.343269,0.366362,9.358891,0.012566,0.014292,167,0.00025,0,31,0.907308,0.083433
6057,Nevada County,,CA,7617,102913,110530,34,35,69,6746,5282,12028,6,0.343513,0.36708,3697.86815,0.014761,0.014523,167,0.000321,0,31,0.790148,0.100135
6059,Orange County,,CA,193645,3161099,3354744,235,311,546,129683,179185,308868,5,0.44867,0.500385,48480.583122,0.100065,0.109567,167,0.002402,0,31,0.224084,0.67314
6061,Placer County,,CA,27439,327061,354500,66,78,144,32488,22740,55228,6,0.356161,0.387951,1253.913953,0.025684,0.028398,167,0.000669,0,31,0.515805,0.180833
6063,Plumas County,,CA,1739,21978,23717,10,6,16,814,691,1505,7,0.295911,0.31014,20.253882,0.004445,0.001402,167,0.00015,0,31,0.787879,0.03099
6065,Riverside County,,CA,115449,1836330,1951779,191,239,430,164138,100653,264791,5,0.438435,0.483867,35993.695396,0.081171,0.08305,167,0.002011,0,31,0.24552,0.550455
6067,Sacramento County,,CA,89193,1402578,1491771,160,183,343,76278,78334,154612,6,0.418578,0.461033,32018.975577,0.068557,0.070602,167,0.001762,0,31,0.32475,0.47607
6069,San Benito County,,CA,5721,59147,64868,12,17,29,3729,3984,7713,6,0.34081,0.361366,0,0.005362,0.00845,167,0.000127,0,31,0.993464,0.034301
6071,San Bernardino County,,CA,130755,1901962,2032717,188,257,445,141277,113650,254927,6,0.437972,0.486159,36053.01557,0.075875,0.090234,167,0.002103,0,31,0.247334,0.531131
6073,San Diego County,,CA,214824,3168550,3383374,439,515,954,142644,187903,330547,5,0.489706,0.554158,416874.715204,0.130168,0.134501,167,0.005122,0,31,0.113121,0.898598
6075,San Francisco County,,CA,79455,789966,869421,138,130,268,58565,72669,131234,6,0.396936,0.435757,4968.850362,0.070548,0.062228,167,0.001254,0,31,0.496775,0.45909
6077,San Joaquin County,,CA,38796,648466,687262,59,92,151,40141,32469,72610,6,0.367481,0.40205,1173.574307,0.024531,0.033799,167,0.000552,0,31,0.486562,0.170678
6079,San Luis Obispo County,,CA,16370,252882,269252,44,57,101,12839,12282,25121,6,0.352014,0.380496,169.526866,0.018326,0.022844,167,0.000405,0,31,0.678443,0.126845
6081,San Mateo County,,CA,63945,761738,825683,94,108,202,46409,58303,104712,6,0.390894,0.427108,1997.497665,0.050385,0.052428,167,0.000839,0,31,0.534874,0.335009
6083,Santa Barbara County,,CA,29539,410436,439975,63,94,157,15704,22769,38473,6,0.37229,0.406834,1726.995972,0.030008,0.039939,167,0.000628,0,31,0.526825,0.211254
6085,Santa Clara County,,CA,116211,1862894,1979105,191,209,400,80625,104364,184989,6,0.415938,0.462491,22317.677779,0.085476,0.084962,167,0.001873,0,31,0.319203,0.567852
6087,Santa Cruz County,,CA,18783,265425,284208,44,63,107,10974,15036,26010,6,0.357874,0.38783,204.50601,0.018881,0.025296,167,0.00039,0,31,0.666419,0.12831
6089,Shasta County,,CA,10192,174293,184485,56,54,110,8854,6907,15761,6,0.344901,0.371187,7515.623241,0.019021,0.017642,167,0.000613,0,31,0.573317,0.133232
6091,Sierra County,,CA,355,3093,3448,1,3,4,65,148,213,7,0.269177,0.281712,0,0.000116,0.000475,167,0.000058,0,31,0.833333,0.00089
6093,Siskiyou County,,CA,2818,43811,46629,18,10,28,1672,1103,2775,6,0.329473,0.347697,4.092439,0.007643,0.002598,167,0.000191,0,31,0.813853,0.050338
6095,Solano County,,CA,36997,433283,470280,73,104,177,25558,29368,54926,6,0.373296,0.40939,3929.596274,0.029763,0.038848,167,0.000746,0,31,0.420066,0.207982
6097,Sonoma County,,CA,27870,505160,533030,59,93,152,17089,22168,39257,6,0.366414,0.400959,643.136078,0.026432,0.035173,167,0.000559,0,31,0.494846,0.186386
6099,Stanislaus County,,CA,28713,505507,534220,47,76,123,26290,22849,49139,6,0.360721,0.392488,826.949426,0.020343,0.028507,167,0.000445,0,31,0.556637,0.140308
6101,Sutter County,,CA,7197,87250,94447,24,22,46,6509,4926,11435,6,0.341251,0.362514,185.755174,0.010632,0.009042,167,0.00024,0,31,0.878079,0.071405
6103,Tehama County,,CA,3593,55922,59515,21,8,29,3152,1796,4948,6,0.329511,0.347553,32.822723,0.008598,0.00312,167,0.000225,0,31,0.816017,0.056197
6105,Trinity County,,CA,818,11142,11960,4,2,6,301,299,600,7,0.256701,0.266723,0,0.001087,0.000282,167,0.000084,0,31,1,0.007821
6107,Tulare County,,CA,16157,388341,404498,42,47,89,14965,11685,26650,6,0.350483,0.376981,339.791677,0.019926,0.019287,167,0.000398,0,31,0.720965,0.137278
6109,Tuolumne County,,CA,3522,55464,58986,18,18,36,2698,1821,4519,6,0.34085,0.361538,97.756091,0.00817,0.008456,167,0.000184,0,31,0.893939,0.053036
6111,Ventura County,,CA,54054,867555,921609,105,157,262,33563,44563,78126,6,0.403448,0.444498,4164.895493,0.050989,0.065574,167,0.001011,0,31,0.386553,0.349658
6113,Yolo County,,CA,18209,175655,193864,42,49,91,12876,14239,27115,6,0.355158,0.382696,578.741823,0.018287,0.021462,167,0.000375,0,31,0.765602,0.123516
6115,Yuba County,,CA,8273,57864,66137,23,18,41,7462,4776,12238,6,0.344819,0.36654,56.980296,0.010849,0.009374,167,0.000253,0,31,0.777778,0.07752
8001,Adams County,,CO,43457,399067,442524,66,76,142,41901,35399,77300,6,0.382698,0.414892,17764.164584,0.027603,0.032681,96,0.000941,0,31,0.435084,0.202383
8003,Alamosa County,,CO,1499,14259,15758,5,8,13,535,705,1240,6,0.331581,0.349759,11824.114805,0.000789,0.0034,96,0.000178,0,31,0.472222,0.006453
8005,Arapahoe County,,CO,65340,551261,616601,136,140,276,54242,54896,109138,5,0.419667,0.456197,31504.045171,0.062982,0.064202,96,0.001638,0,31,0.393479,0.43888
8007,Archuleta County,,CO,1111,10854,11965,2,3,5,127,191,318,6,0.31094,0.324627,0,0.001109,0.000904,96,0.000081,0,31,1,0.009289
8009,Baca County,,CO,274,4315,4589,0,0,0,0,0,0,0,0,0,0,0,0,6,0.00005,5,39,0,0
8011,Bent County,,CO,433,4526,4959,1,2,3,84,124,208,7,0.2553,0.263762,2955,0.00001,0.000084,96,0.000068,0,31,0.5,0.000167
8013,Boulder County,,CO,29518,289167,318685,104,85,189,18387,21862,40249,6,0.387916,0.420968,7355.490131,0.052013,0.044323,96,0.001151,0,31,0.488416,0.352342
8014,Broomfield County,,CO,7675,46481,54156,15,11,26,6171,5756,11927,6,0.33364,0.352584,0,0.009487,0.005796,96,0.000215,0,31,0.990476,0.069554
8015,Chaffee County,,CO,1531,16893,18424,8,4,12,537,368,905,6,0.312009,0.32581,166.205405,0.002297,0.001241,96,0.00016,0,31,0.666667,0.017159
8017,Cheyenne County,,CO,180,2187,2367,0,0,0,0,0,0,0,0,0,0,0,0,7,0.00005,6,40,0,0
8019,Clear Creek County,,CO,1124,9288,10412,4,3,7,533,504,1037,6,0.300788,0.312916,0,0.001706,0.001152,96,0.000092,0,31,1,0.011857
8021,Conejos County,,CO,456,8182,8638,1,1,2,93,126,219,7,0.249035,0.25642,0,0.000027,0.000006,96,0.000069,0,31,0,0.000144
8023,Costilla County,,CO,311,3103,3414,0,2,2,0,106,106,6,0.310614,0.323941,0,0,0.000753,96,0.00005,0,41,1,0
8025,Crowley County,,CO,364,2983,3347,1,2,3,67,122,189,7,0.2553,0.263762,0,0.00001,0.000095,96,0.000068,0,31,1,0.000167
8027,Custer County,,CO,406,3858,4264,1,2,3,47,156,203,7,0.255368,0.263877,0,0.000032,0.000105,96,0.000067,0,31,1,0.000242
8029,Delta County,,CO,2089,29037,31126,9,7,16,981,960,1941,6,0.331543,0.349615,0.909341,0.00249,0.002767,96,0.000187,0,31,0.945455,0.018745
8031,Denver County,,CO,77333,523920,601253,142,139,281,60101,68257,128358,6,0.423402,0.459413,36531.617744,0.067467,0.064997,96,0.001671,0,31,0.41881,0.465654
8033,Dolores County,,CO,186,1874,2060,1,1,2,49,50,99,7,0.247484,0.254677,0,0.000011,0.000019,96,0.000089,0,31,0,0.000248
8035,Douglas County,,CO,26930,254908,281838,103,77,180,30084,20381,50465,6,0.392959,0.424719,5760.248563,0.050812,0.040948,96,0.001214,0,31,0.527734,0.361608
8037,Eagle County,,CO,4956,43687,48643,18,21,39,2098,2268,4366,6,0.349344,0.371635,4012.210447,0.008144,0.010459,96,0.000279,0,31,0.753247,0.060267
8039,Elbert County,,CO,2313,22349,24662,7,6,13,1734,1310,3044,6,0.314137,0.328452,0,0.002853,0.002812,96,0.000131,0,31,1,0.021393
8041,El Paso County,,CO,55710,600759,656469,277,255,532,41066,39312,80378,5,0.450132,0.495342,188851.788156,0.093135,0.087451,96,0.003583,0,31,0.204087,0.662021
8043,Fremont County,,CO,2993,39511,42504,10,11,21,1440,1274,2714,6,0.331771,0.350391,3866.143111,0.002532,0.004017,96,0.000214,0,31,0.615385,0.018815
8045,Garfield County,,CO,4244,47066,51310,20,17,37,2423,2131,4554,6,0.342661,0.363146,2603.924248,0.008413,0.007073,96,0.000328,0,31,0.685714,0.062622
8047,Gilpin County,,CO,614,4848,5462,4,3,7,388,282,670,6,0.293161,0.305582,0,0.0018,0.001028,96,0.000093,0,31,1,0.013014
8049,Grand County,,CO,1603,13376,14979,7,6,13,449,463,912,6,0.302418,0.3153,0.251923,0.0022,0.00215,96,0.000131,0,31,0.986111,0.016307
8051,Gunnison County,,CO,1635,13446,15081,3,5,8,168,298,466,6,0.31248,0.326487,0.230769,0.001465,0.001567,96,0.000084,0,31,0.933333,0.011141
8053,Hinsdale County,,CO,104,794,898,0,0,0,0,0,0,0,0,0,0,0,0,8,0.00005,7,42,0,0
8055,Huerfano County,,CO,557,6373,6930,2,2,4,133,196,329,6,0.31054,0.323823,0,0.000772,0.000831,96,0.000085,0,31,1,0.006188
8057,Jackson County,,CO,227,1548,1775,0,0,0,0,0,0,0,0,0,0,0,0,9,0.00005,8,43,0,0
8059,Jefferson County,,CO,56450,577050,633500,110,120,230,41990,47009,88999,5,0.407184,0.442815,34025.489018,0.048624,0.050862,96,0.001481,0,31,0.393103,0.343262
8061,Kiowa County,,CO,144,1554,1698,0,0,0,0,0,0,0,0,0,0,0,0,10,0.00005,9,44,0,0
8063,Kit Carson County,,CO,673,8245,8918,1,3,4,54,133,187,6,0.31064,0.32411,2965.966391,0.000262,0.000748,96,0.000061,0,31,0.166667,0.001709
8065,Lake County,,CO,896,6551,7447,2,3,5,146,238,384,7,0.25913,0.268167,0.309524,0.000132,0.00012,96,0.000073,0,31,0.333333,0.000936
8067,La Plata County,,CO,4195,45893,50088,20,17,37,1882,1774,3656,6,0.338979,0.360091,209.930474,0.009534,0.008516,96,0.000332,0,31,0.757576,0.072445
8069,Larimer County,,CO,24036,288097,312133,82,73,155,15410,15486,30896,6,0.38432,0.415535,24197.597465,0.032461,0.032595,96,0.001211,0,31,0.425479,0.235595
8071,Las Animas County,,CO,1132,14765,15897,4,3,7,256,292,548,6,0.310973,0.324483,0,0.001701,0.001053,96,0.000106,0,31,1,0.012776
8073,Lincoln County,,CO,499,5059,5558,0,1,1,0,74,74,6,0.310481,0.323625,0,0,0.000747,96,0.00005,0,45,0,0
8075,Logan County,,CO,1545,20494,22039,7,9,16,444,668,1112,6,0.29936,0.312623,2562.076116,0.001323,0.001332,96,0.000157,0,31,0.484848,0.009904
8077,Mesa County,,CO,7853,136016,143869,42,30,72,5715,3889,9604,6,0.344983,0.367769,7931.750055,0.014554,0.010526,96,0.000667,0,31,0.437104,0.107841
8079,Mineral County,,CO,78,884,962,0,0,0,0,0,0,0,0,0,0,0,0,11,0.00005,10,46,0,0
8081,Moffat County,,CO,1346,13842,15188,2,4,6,226,329,555,7,0.277969,0.289459,0.532258,0.000115,0.000401,96,0.000084,0,31,0.666667,0.001221
8083,Montezuma County,,CO,2037,24075,26112,8,5,13,771,696,1467,6,0.328839,0.346307,5857.613892,0.002405,0.001406,96,0.000229,0,31,0.482143,0.019126
8085,Montrose County,,CO,2672,37801,40473,16,9,25,1532,1023,2555,6,0.331619,0.34996,11764.925547,0.006659,0.003208,96,0.000368,0,31,0.566667,0.049387
8087,Morgan County,,CO,2153,29269,31422,8,8,16,777,966,1743,6,0.303303,0.316529,6.680002,0.002423,0.002488,96,0.000141,0,31,0.722222,0.017105
8089,Otero County,,CO,1370,20142,21512,4,6,10,330,662,992,6,0.311741,0.32577,9141.607476,0.001294,0.001195,96,0.000125,0,31,0.52381,0.010044
8091,Ouray County,,CO,372,3921,4293,1,1,2,55,79,134,7,0.249056,0.256489,0,0.000026,0.000053,96,0.000085,0,31,0,0.000485
8093,Park County,,CO,1872,14485,16357,8,11,19,1148,1036,2184,6,0.331619,0.350161,2.265899,0.002816,0.004285,96,0.000139,0,31,0.8,0.020902
8095,Phillips County,,CO,348,4871,5219,0,2,2,0,95,95,7,0.264366,0.274356,0,0,0.000153,96,0.00005,0,47,1,0
8097,Pitkin County,,CO,1951,13857,15808,5,5,10,580,746,1326,6,0.332189,0.350149,1.722536,0.002027,0.002136,96,0.000108,0,31,0.933333,0.014624
8099,Prowers County,,CO,1054,13690,14744,1,3,4,73,197,270,6,0.31144,0.324937,238.46845,0.000001,0.000974,96,0.000079,0,31,0.583333,0.000089
8101,Pueblo County,,CO,7435,154702,162137,31,21,52,4821,3830,8651,6,0.342621,0.363875,9714.687771,0.010502,0.008854,96,0.000566,0,31,0.366935,0.07922
8103,Rio Blanco County,,CO,758,6075,6833,3,3,6,158,232,390,7,0.256928,0.266151,3.660805,0.000144,0.000202,96,0.000104,0,31,0.5,0.001655
8105,Rio Grande County,,CO,1385,15471,16856,1,5,6,214,449,663,6,0.312413,0.326516,2956,0.000027,0.001379,96,0.000069,0,31,0.55,0.000144
8107,Routt County,,CO,2347,20829,23176,8,9,17,667,696,1363,6,0.320168,0.336963,453.611974,0.00285,0.003821,96,0.000155,0,31,0.805556,0.021513
8109,Saguache County,,CO,387,3077,3464,1,0,1,51,0,51,0,0,0,0,0.000011,0,96,0.000062,0,20,0,0.000089
8111,San Juan County,,CO,93,631,724,0,0,0,0,0,0,0,0,0,0,0,0,12,0.00005,11,48,0,0
8113,San Miguel County,,CO,864,6380,7244,1,1,2,67,129,196,7,0.249056,0.256489,0,0.000026,0.000053,96,0.000085,0,31,0,0.000485
8115,Sedgwick County,,CO,173,2693,2866,0,0,0,0,0,0,0,0,0,0,0,0,13,0.00005,12,49,0,0
8117,Summit County,,CO,4156,25656,29812,13,16,29,1275,1759,3034,6,0.333985,0.353676,1882.397757,0.00453,0.006019,96,0.000218,0,31,0.75,0.034857
8119,Teller County,,CO,2970,23390,26360,5,9,14,1409,1548,2957,6,0.331543,0.349816,63.960233,0.003263,0.003987,96,0.000106,0,31,0.888889,0.024632
8121,Washington County,,CO,344,4825,5169,0,2,2,0,109,109,7,0.23047,0.236471,0,0,0.000012,96,0.00005,0,50,0.5,0
8123,Weld County,,CO,17286,223032,240318,43,40,83,18033,11505,29538,6,0.359114,0.385567,19197.415637,0.017798,0.014644,96,0.000678,0,31,0.439553,0.131396
8125,Yuma County,,CO,804,9887,10691,4,2,6,199,121,320,7,0.278797,0.28997,545.08188,0.000134,0.000403,96,0.000118,0,31,0.35,0.001501
9001,Fairfield County,,CT,54033,979240,1033273,127,187,314,35040,46005,81045,6,0.404516,0.449506,8408.465004,0.068302,0.085205,98,0.001093,0,31,0.414963,0.442228
9003,Hartford County,,CT,43461,1017688,1061149,129,155,284,33200,35160,68360,6,0.398846,0.440449,9501.541232,0.066962,0.075012,98,0.001097,0,31,0.447997,0.428691
9005,Litchfield County,,CT,11912,223444,235356,19,31,50,9108,7666,16774,6,0.348379,0.372215,36.318957,0.010227,0.017479,98,0.000151,0,31,0.726727,0.053638
9007,Middlesex County,,CT,11910,189162,201072,21,23,44,9197,8052,17249,6,0.342257,0.364364,63.334296,0.012471,0.013618,98,0.000182,0,31,0.812644,0.074047
9009,New Haven County,,CT,44487,945672,990159,112,150,262,34529,36174,70703,6,0.398626,0.439691,3243.228418,0.060218,0.074426,98,0.000921,0,31,0.4847,0.380612
9011,New London County,,CT,19466,312095,331561,61,77,138,12195,12494,24689,6,0.368321,0.400459,946.752815,0.032427,0.040247,98,0.000505,0,31,0.572906,0.201622
9013,Tolland County,,CT,11252,158176,169428,14,19,33,8644,7729,16373,6,0.337795,0.359195,21.363488,0.006434,0.010034,98,0.000129,0,31,0.822511,0.034966
9015,Windham County,,CT,7380,129391,136771,10,14,24,5375,4522,9897,6,0.331923,0.351648,1.355559,0.003736,0.005559,98,0.0001,0,31,0.829167,0.017902
10001,Kent County,,DE,9559,156817,166376,52,25,77,9031,2994,12025,6,0.35317,0.37674,2437.00604,0.024353,0.012543,121,0.000515,0,31,0.539451,0.150119
10003,New Castle County,,DE,28501,593222,621723,98,111,209,19465,20535,40000,6,0.384066,0.42137,6170.029159,0.052317,0.06049,121,0.000853,0,31,0.578371,0.328698
10005,Sussex County,,DE,8420,189954,198374,45,23,68,7990,4053,12043,6,0.339296,0.361291,2602.473296,0.015602,0.011597,121,0.000476,0,31,0.502262,0.092644
11001,District of Columbia,,DC,63668,542111,605779,165,136,301,45697,54460,100157,6,0.405534,0.444475,10745.136079,0.083355,0.068467,169,0.001575,0,31,0.442408,0.544565
12001,Alachua County,,FL,21447,211620,233067,78,73,151,13651,14850,28501,6,0.381993,0.413801,12427.161571,0.038436,0.042199,98,0.001211,0,31,0.564516,0.297979
12003,Baker County,,FL,1419,24013,25432,5,6,11,1230,892,2122,7,0.300663,0.315651,28.90494,0.00103,0.001319,98,0.000177,0,31,0.7,0.009696
12005,Bay County,,FL,13531,170614,184145,82,64,146,8063,6695,14758,6,0.372529,0.403383,21818.143474,0.034101,0.032006,98,0.00124,0,31,0.429563,0.263222
12007,Bradford County,,FL,1661,22487,24148,7,5,12,1283,882,2165,7,0.300881,0.315823,28.57943,0.00141,0.00155,98,0.000206,0,31,0.761905,0.012352
12009,Brevard County,,FL,30904,572446,603350,229,132,361,33186,19018,52204,6,0.40559,0.444331,15642.235544,0.098311,0.067392,98,0.002318,0,31,0.32434,0.655568
12011,Broward County,,FL,128004,1823174,1951178,279,299,578,121809,114964,236773,6,0.44157,0.494693,64022.86801,0.11166,0.111925,98,0.002982,0,31,0.227108,0.757427
12013,Calhoun County,,FL,654,11037,11691,5,3,8,444,331,775,7,0.271545,0.282861,15.930619,0.000622,0.000314,98,0.000186,0,31,0.55,0.00505
12015,Charlotte County,,FL,16822,152099,168921,70,41,111,9265,10097,19362,6,0.357125,0.383712,421.286997,0.038328,0.023473,98,0.000612,0,31,0.605709,0.238291
12017,Citrus County,,FL,8401,130999,139400,61,25,86,8266,4071,12337,6,0.339336,0.361831,113.492645,0.032186,0.015676,98,0.000697,0,31,0.689236,0.216076
12019,Clay County,,FL,18826,182562,201388,81,51,132,17550,12831,30381,6,0.368695,0.397278,3629.73699,0.043165,0.028012,98,0.001048,0,31,0.591792,0.315524
12021,Collier County,,FL,22098,304357,326455,138,69,207,22460,14356,36816,6,0.385136,0.416437,2748.744254,0.067424,0.039193,98,0.001294,0,31,0.460761,0.433233
12023,Columbia County,,FL,3931,52004,55935,23,18,41,3295,2183,5478,7,0.316605,0.335582,2975.524531,0.008655,0.007412,98,0.000526,0,31,0.535385,0.073938
12027,DeSoto County,,FL,2665,26172,28837,9,9,18,1186,1304,2490,7,0.310607,0.326485,4.626351,0.003484,0.004987,98,0.00019,0,31,0.881818,0.032227
12029,Dixie County,,FL,965,11676,12641,4,4,8,339,406,745,7,0.276539,0.288078,12.913237,0.001127,0.000397,98,0.000143,0,31,0.55,0.009293
12031,Duval County,,FL,68994,902615,971609,266,227,493,55651,54570,110221,6,0.429481,0.47647,142751.548636,0.102685,0.090053,98,0.003314,0,31,0.253916,0.713907
12033,Escambia County,,FL,31902,303902,335804,117,114,231,17125,21026,38151,6,0.393225,0.430795,17111.886344,0.054801,0.054572,98,0.001497,0,31,0.436972,0.408548
12035,Flagler County,,FL,5271,75226,80497,63,17,80,9259,2663,11922,7,0.320026,0.340096,32.507709,0.03418,0.010981,98,0.000587,0,31,0.710096,0.215054
12037,Franklin County,,FL,745,9582,10327,1,3,4,86,190,276,7,0.27157,0.282918,0,0.000336,0.000281,98,0.000065,0,31,0.583333,0.002275
12039,Gadsden County,,FL,3134,47584,50718,8,9,17,2006,2210,4216,7,0.312749,0.329069,904.336602,0.002742,0.002411,98,0.000243,0,31,0.4,0.021085
12041,Gilchrist County,,FL,1263,13477,14740,8,5,13,959,712,1671,7,0.276908,0.288767,14.94629,0.00364,0.000518,98,0.000195,0,31,0.680556,0.027831
12043,Glades County,,FL,980,8272,9252,6,4,10,576,449,1025,7,0.301381,0.316572,1.303628,0.003109,0.00172,98,0.000121,0,31,0.9,0.023379
12045,Gulf County,,FL,1001,12110,13111,3,2,5,450,333,783,7,0.271494,0.282631,0.7,0.000595,0.000278,98,0.0001,0,31,0.583333,0.004555
12047,Hamilton County,,FL,993,11336,12329,5,3,8,349,430,779,7,0.26163,0.272681,3.202381,0.000969,0.000283,98,0.000167,0,31,0.8,0.008492
12049,Hardee County,,FL,1812,22346,24158,5,5,10,645,988,1633,7,0.308723,0.32328,0.463007,0.001692,0.002327,98,0.000133,0,31,0.95,0.01613
12051,Hendry County,,FL,3107,35220,38327,8,10,18,1838,1722,3560,7,0.313662,0.330385,16.242515,0.004288,0.005671,98,0.000162,0,31,0.827273,0.033677
12053,Hernando County,,FL,10763,152129,162892,71,24,95,13994,6175,20169,6,0.338505,0.360682,40.469004,0.038183,0.016426,98,0.000715,0,31,0.693303,0.247461
12055,Highlands County,,FL,5899,86703,92602,28,25,53,4282,2853,7135,7,0.317089,0.336857,112.310081,0.012035,0.014404,98,0.000451,0,31,0.751008,0.10254
12057,Hillsborough County,,FL,83340,1173369,1256709,356,267,623,92970,69278,162248,6,0.444956,0.492752,106190.23967,0.122277,0.10646,98,0.004051,0,31,0.197197,0.836801
12059,Holmes County,,FL,1195,16737,17932,6,6,12,700,723,1423,7,0.272156,0.284297,105.455907,0.000675,0.000431,98,0.000179,0,31,0.571429,0.006111
12061,Indian River County,,FL,9496,132610,142106,54,29,83,8122,4611,12733,6,0.349554,0.372961,114.244709,0.031902,0.019125,98,0.000567,0,31,0.745902,0.218764
12063,Jackson County,,FL,2610,44260,46870,13,11,24,1528,1288,2816,7,0.311541,0.329483,413.81781,0.004697,0.002997,98,0.000292,0,31,0.565934,0.034839
12065,Jefferson County,,FL,1083,13673,14756,1,4,5,512,663,1175,7,0.279065,0.291087,0,0.000336,0.000301,98,0.000065,0,31,0.5,0.002275
12067,Lafayette County,,FL,388,4689,5077,1,2,3,107,162,269,8,0.24055,0.248539,0,0.000029,0.000147,98,0.000095,0,31,1,0.000743
12069,Lake County,,FL,21943,267493,289436,127,44,171,28111,13950,42061,6,0.362886,0.391075,985.703009,0.06484,0.026619,98,0.001322,0,31,0.544365,0.426839
12071,Lee County,,FL,31968,545423,577391,275,134,409,52874,20183,73057,6,0.408617,0.446365,27661.680123,0.101112,0.064826,98,0.002779,0,31,0.243878,0.664417
12073,Leon County,,FL,22090,241735,263825,83,86,169,14588,16073,30661,6,0.386676,0.420136,59039.81415,0.035396,0.041951,98,0.001447,0,31,0.43848,0.277775
12075,Levy County,,FL,3101,35708,38809,15,8,23,2309,1639,3948,7,0.308986,0.324498,151.29277,0.006752,0.003596,98,0.000309,0,31,0.771429,0.057772
12077,Liberty County,,FL,431,5855,6286,3,3,6,249,220,469,7,0.278931,0.290685,11.560567,0.000358,0.000311,98,0.00014,0,31,0.5,0.002662
12079,Madison County,,FL,1031,17623,18654,4,7,11,266,472,738,7,0.301757,0.317517,53.704213,0.000515,0.001404,98,0.000141,0,31,0.5,0.004295
12081,Manatee County,,FL,22708,306353,329061,149,67,216,24790,14084,38874,6,0.382345,0.413669,3212.228389,0.071595,0.037632,98,0.001426,0,31,0.454206,0.46282
12083,Marion County,,FL,18310,301723,320033,141,51,192,22892,10058,32950,6,0.365123,0.393964,1877.56121,0.068117,0.02772,98,0.001505,0,31,0.482469,0.4535
12085,Martin County,,FL,12647,142545,155192,46,29,75,10125,7826,17951,6,0.348547,0.372306,112.557499,0.02584,0.01873,98,0.000437,0,31,0.75,0.163755
12086,Miami-Dade County,,FL,122367,2471315,2593682,219,238,457,74513,109948,184461,6,0.430756,0.478584,34489.514476,0.099641,0.099428,98,0.002331,0,31,0.300129,0.681973
12087,Monroe County,,FL,11430,79132,90562,30,44,74,3530,6690,10220,6,0.347005,0.372479,100.649914,0.018086,0.024956,98,0.000405,0,31,0.683258,0.141058
12089,Nassau County,,FL,5606,71336,76942,15,7,22,4043,2849,6892,7,0.308855,0.324647,118.011785,0.007235,0.002567,98,0.000281,0,31,0.62381,0.05577
12091,Okaloosa County,,FL,22978,201406,224384,108,103,211,13297,13885,27182,6,0.39195,0.428343,17336.738887,0.045439,0.046244,98,0.001467,0,31,0.395854,0.342775
12093,Okeechobee County,,FL,2772,34343,37115,9,11,20,1615,1055,2670,7,0.310275,0.326749,10.021824,0.003433,0.005583,98,0.000177,0,31,0.794872,0.027256
12095,Orange County,,FL,98980,1066801,1165781,295,244,539,106758,85010,191768,6,0.438435,0.485028,62824.236603,0.113633,0.102973,98,0.003313,0,31,0.2457,0.775952
12097,Osceola County,,FL,27590,221538,249128,95,54,149,28594,20684,49278,6,0.366877,0.395917,412.445879,0.053076,0.033971,98,0.000858,0,31,0.630041,0.339203
12099,Palm Beach County,,FL,79600,1310585,1390185,258,248,506,86034,67028,153062,6,0.430756,0.479618,40018.042736,0.105623,0.100209,98,0.002577,0,31,0.251002,0.705162
12101,Pasco County,,FL,32363,405147,437510,167,71,238,46996,22021,69017,6,0.379694,0.411779,3027.909027,0.077972,0.041126,98,0.001592,0,31,0.421478,0.506003
12103,Pinellas County,,FL,66068,976486,1042554,292,223,515,55311,52730,108041,6,0.433717,0.478865,63393.169913,0.11051,0.094158,98,0.00316,0,31,0.232061,0.742055
12105,Polk County,,FL,31792,548004,579796,187,93,280,37440,19755,57195,6,0.390947,0.425431,14626.298402,0.080764,0.047539,98,0.001961,0,31,0.349598,0.533044
12107,Putnam County,,FL,4513,69662,74175,16,12,28,2918,2403,5321,7,0.313019,0.329977,31.534572,0.007594,0.006406,98,0.00033,0,31,0.893382,0.066781
12109,St. Johns County,,FL,14590,161672,176262,90,38,128,16930,9362,26292,6,0.364986,0.391787,613.67367,0.049354,0.026139,98,0.001035,0,31,0.647754,0.347705
12111,St. Lucie County,,FL,18963,236519,255482,105,51,156,27174,11682,38856,6,0.36171,0.39065,969.264934,0.054442,0.028436,98,0.000939,0,31,0.560046,0.345555
12113,Santa Rosa County,,FL,15073,138243,153316,65,48,113,11737,9168,20905,6,0.366507,0.39552,4108.10082,0.033328,0.025104,98,0.00087,0,31,0.569825,0.25121
12115,Sarasota County,,FL,28032,380583,408615,178,83,261,31335,18446,49781,6,0.385904,0.419326,4201.192249,0.080404,0.04667,98,0.001614,0,31,0.381523,0.515871
12117,Seminole County,,FL,46014,419176,465190,163,100,263,45927,37706,83633,6,0.397099,0.432397,3195.484579,0.082203,0.057912,98,0.00178,0,31,0.485715,0.560587
12119,Sumter County,,FL,4202,58180,62382,46,10,56,5773,2331,8104,7,0.311976,0.328185,4.753415,0.024966,0.006341,98,0.000573,0,31,0.786957,0.181481
12121,Suwannee County,,FL,2719,36619,39338,23,9,32,2262,1284,3546,7,0.310873,0.328363,4533.280104,0.009668,0.003624,98,0.000472,0,31,0.681818,0.084539
12123,Taylor County,,FL,915,19591,20506,4,1,5,232,80,312,7,0.278878,0.290341,10.761957,0.000732,0.000284,98,0.00013,0,31,0.333333,0.006882
12125,Union County,,FL,1003,10236,11239,6,4,10,573,599,1172,7,0.276803,0.288423,1.454224,0.001368,0.000397,98,0.000179,0,31,0.866667,0.011759
12127,Volusia County,,FL,31844,492817,524661,173,107,280,32178,20716,52894,6,0.394508,0.430933,6988.599319,0.078476,0.057721,98,0.00178,0,31,0.395836,0.519618
12129,Wakulla County,,FL,1923,24745,26668,4,2,6,1638,961,2599,7,0.278904,0.290513,14.088304,0.00036,0.000306,98,0.00012,0,31,0.416667,0.002739
12131,Walton County,,FL,4506,42803,47309,17,10,27,3143,2255,5398,7,0.296758,0.312814,517.539927,0.007268,0.002157,98,0.000304,0,31,0.669935,0.055363
12133,Washington County,,FL,1680,20371,22051,5,5,10,1146,1032,2178,7,0.283703,0.296394,10.836003,0.000638,0.000659,98,0.000155,0,31,0.8,0.005477
13001,Appling County,,GA,1082,17908,18990,4,5,9,281,397,678,8,0.239163,0.248245,136.521314,0.000008,0.000049,0,0.000195,0,31,0.2,0.000513
13003,Atkinson County,,GA,511,7894,8405,1,1,2,182,243,425,8,0.231789,0.238697,0,0.000008,0.000007,0,0.000083,0,31,0,0.000157
13005,Bacon County,,GA,542,9774,10316,3,4,7,201,198,399,8,0.232197,0.239875,11.008809,0.000017,0.00002,98,0.000139,0,31,0.416667,0.000402
13007,Baker County,,GA,268,3340,3608,1,2,3,55,104,159,7,0.254494,0.263783,0,0.000071,0.000066,0,0.000071,0,31,1,0.000593
13009,Baldwin County,,GA,2608,41868,44476,10,10,20,1264,1232,2496,7,0.305442,0.321101,10793.503731,0.001517,0.00188,0,0.00032,0,31,0.393939,0.013208
13011,Banks County,,GA,1651,16210,17861,8,7,15,1358,1161,2519,7,0.255503,0.265621,9.020455,0.00079,0.000203,0,0.000254,0,31,0.625,0.007819
13013,Barrow County,,GA,4912,56015,60927,13,11,24,5773,3094,8867,7,0.307122,0.32333,291.666596,0.003344,0.003381,0,0.000301,0,31,0.686813,0.029059
13015,Bartow County,,GA,6951,94147,101098,17,17,34,5163,4264,9427,7,0.308461,0.325966,1006.279374,0.00478,0.00423,0,0.000351,0,31,0.547368,0.041105
13017,Ben Hill County,,GA,1230,17464,18694,4,4,8,446,414,860,8,0.232309,0.240185,3075.250126,0.000016,0.000015,0,0.000198,0,31,0.333333,0.000511
13019,Berrien County,,GA,1368,16516,17884,4,5,9,722,725,1447,7,0.261324,0.272406,157.885605,0.000157,0.000146,0,0.000167,0,31,0.5,0.001545
13021,Bibb County,,GA,11329,159034,170363,34,30,64,6156,7237,13393,7,0.321729,0.3443,14417.169464,0.009454,0.007578,0,0.000713,0,31,0.329285,0.072396
13023,Bleckley County,,GA,739,12921,13660,5,4,9,436,343,779,7,0.264684,0.27598,8.672847,0.000205,0.000268,0,0.000166,0,31,0.633333,0.002489
13025,Brantley County,,GA,1250,15431,16681,6,4,10,715,710,1425,8,0.238867,0.247481,17.07891,0.000849,0.000053,98,0.000184,0,31,0.733333,0.007206
13027,Brooks County,,GA,1356,14432,15788,3,3,6,638,724,1362,7,0.2613,0.27209,0,0.000156,0.000148,0,0.000127,0,31,1,0.00148
13029,Bryan County,,GA,3590,28013,31603,7,7,14,2205,1649,3854,7,0.298744,0.314738,66.084111,0.001566,0.001469,0,0.000146,0,31,0.555556,0.010776
13031,Bulloch County,,GA,4192,49277,53469,20,19,39,2545,2124,4669,7,0.311307,0.330187,21345.182403,0.003996,0.004207,0,0.000548,0,31,0.324675,0.031458
13033,Burke County,,GA,1523,24344,25867,7,6,13,967,1003,1970,7,0.271494,0.283929,469.80084,0.000447,0.000337,0,0.000225,0,31,0.309524,0.003616
13035,Butts County,,GA,1826,20857,22683,8,8,16,1531,1131,2662,7,0.301946,0.316782,121.403533,0.001803,0.001558,0,0.000206,0,31,0.680556,0.016863
13037,Calhoun County,,GA,438,5681,6119,2,2,4,147,169,316,7,0.254606,0.264013,24.86686,0.000072,0.000066,98,0.000097,0,31,0.5,0.000693
13039,Camden County,,GA,7110,46632,53742,22,18,40,3213,3231,6444,6,0.339058,0.359861,581.446113,0.009397,0.007556,98,0.000351,0,31,0.54,0.069039
13043,Candler County,,GA,681,9339,10020,3,2,5,344,263,607,8,0.237577,0.245672,0.803114,0.000037,0.000033,0,0.000142,0,31,0.666667,0.000597
13045,Carroll County,,GA,7230,99627,106857,22,21,43,6377,4792,11169,7,0.308723,0.327149,4055.429058,0.004399,0.004934,0,0.000466,0,31,0.480237,0.039812
13047,Catoosa County,,GA,5251,58916,64167,9,8,17,4460,3565,8025,7,0.286334,0.299449,450.606004,0.000981,0.000646,139,0.000254,0,31,0.472727,0.008762
13049,Charlton County,,GA,718,9043,9761,3,3,6,335,307,642,7,0.300539,0.315077,0,0.000803,0.000957,98,0.000114,0,31,1,0.006933
13051,Chatham County,,GA,21847,237825,259672,100,96,196,11244,13729,24973,6,0.390001,0.42504,37893.540882,0.04734,0.042722,0,0.001331,0,31,0.425696,0.34317
13053,Chattahoochee County,,GA,4424,7578,12002,12,17,29,1475,2219,3694,6,0.332989,0.354158,462.128868,0.004719,0.005832,0,0.000186,0,31,0.718421,0.034606
13055,Chattooga County,,GA,1272,25414,26686,5,5,10,663,714,1377,7,0.249677,0.258631,9.141808,0.000088,0.00008,139,0.000167,0,31,0.6,0.001409
13057,Cherokee County,,GA,15411,181468,196879,62,40,102,17710,10388,28098,6,0.364161,0.391437,5655.331814,0.02872,0.019624,0,0.001016,0,31,0.524802,0.224282
13059,Clarke County,,GA,11590,85516,97106,38,38,76,5494,6916,12410,6,0.351502,0.376775,22802.91341,0.012049,0.013901,0,0.000758,0,31,0.383865,0.096614
13061,Clay County,,GA,216,2769,2985,0,0,0,0,0,0,0,0,0,0,0,0,14,0.00005,13,51,0,0
13063,Clayton County,,GA,35502,246602,282104,84,69,153,27745,29734,57479,6,0.377865,0.410309,19916.134199,0.039845,0.027986,0,0.001103,0,31,0.417677,0.274727
13065,Clinch County,,GA,328,6522,6850,1,1,2,53,55,108,7,0.261112,0.271458,0,0.000147,0.000136,0,0.000069,0,31,0,0.001173
13067,Cobb County,,GA,73665,692032,765697,247,221,468,62215,64220,126435,6,0.431268,0.476987,107245.840897,0.097963,0.089229,0,0.003052,0,31,0.26068,0.670211
13069,Coffee County,,GA,1937,37254,39191,8,9,17,715,662,1377,7,0.301695,0.317604,22797.734554,0.000878,0.000966,0,0.000339,0,31,0.180556,0.007579
13071,Colquitt County,,GA,2101,40246,42347,8,10,18,853,949,1802,7,0.284343,0.298944,347.440215,0.000234,0.000689,0,0.00028,0,31,0.422222,0.002544
13073,Columbia County,,GA,10281,113304,123585,30,33,63,7815,5631,13446,6,0.34597,0.371164,7910.656718,0.013576,0.015411,0,0.000423,0,31,0.518182,0.098076
13075,Cook County,,GA,1051,16005,17056,4,4,8,597,615,1212,7,0.261324,0.272291,0.920635,0.000162,0.000147,0,0.000146,0,31,0.833333,0.001566
13077,Coweta County,,GA,7901,111500,119401,26,21,47,7222,4413,11635,7,0.316916,0.336294,2860.533836,0.010802,0.006684,0,0.000439,0,31,0.532258,0.083859
13079,Crawford County,,GA,1121,12637,13758,5,4,9,752,670,1422,7,0.264516,0.275665,3.08302,0.000208,0.000261,0,0.000181,0,31,0.65,0.002505
13081,Crisp County,,GA,1379,21917,23296,6,5,11,524,510,1034,7,0.265678,0.27733,3186.658486,0.000083,0.000255,0,0.000236,0,31,0.285714,0.001134
13083,Dade County,,GA,1125,15475,16600,5,6,11,689,718,1407,7,0.274681,0.28635,8.284882,0.000217,0.000249,139,0.000168,0,31,0.566667,0.002534
13085,Dawson County,,GA,1746,18263,20009,7,7,14,1556,1089,2645,7,0.305989,0.321147,0.961204,0.002439,0.00223,0,0.000179,0,31,0.857143,0.021478
13087,Decatur County,,GA,1675,27815,29490,8,8,16,693,781,1474,7,0.280685,0.294154,8092.009749,0.000364,0.000439,98,0.000296,0,31,0.333333,0.003233
13089,DeKalb County,,GA,87793,641076,728869,198,181,379,68155,79032,147187,6,0.421374,0.464433,62221.048019,0.08675,0.078975,0,0.002368,0,31,0.329266,0.590451
13091,Dodge County,,GA,976,17750,18726,5,5,10,425,483,908,7,0.264781,0.276296,6094.423876,0.000161,0.000269,0,0.000187,0,31,0.466667,0.001987
13093,Dooly County,,GA,903,13006,13909,4,3,7,457,440,897,7,0.263818,0.274637,45.827313,0.000152,0.000184,0,0.00017,0,31,0.666667,0.001847
13095,Dougherty County,,GA,7838,94778,102616,30,30,60,4239,4814,9053,6,0.341131,0.364743,44769.784454,0.008147,0.00884,0,0.000729,0,31,0.328571,0.061453
13097,Douglas County,,GA,12352,108566,120918,40,24,64,12871,8888,21759,7,0.335181,0.35871,2711.68806,0.021736,0.009485,0,0.000546,0,31,0.583575,0.156084
13099,Early County,,GA,714,12106,12820,4,6,10,241,391,632,7,0.256451,0.267367,932.485926,0.000045,0.000124,98,0.000184,0,31,0.366667,0.000839
13101,Echols County,,GA,245,2686,2931,1,1,2,113,94,207,7,0.261112,0.271458,0,0.000147,0.000136,0,0.000069,0,31,0,0.001173
13103,Effingham County,,GA,3320,46451,49771,7,7,14,3156,1694,4850,7,0.30464,0.320234,53.334613,0.001,0.001763,0,0.000166,0,31,0.553571,0.007332
13105,Elbert County,,GA,1064,22075,23139,4,5,9,333,475,808,7,0.261183,0.271992,52.630884,0.000116,0.000171,0,0.00017,0,31,0.55,0.001354
13107,Emanuel County,,GA,1297,22480,23777,8,8,16,488,620,1108,7,0.271164,0.284044,865.340562,0.000059,0.000276,0,0.000303,0,31,0.244444,0.001227
13109,Evans County,,GA,681,10447,11128,3,2,5,234,227,461,8,0.237518,0.245529,0,0.000378,0.000038,0,0.000122,0,31,0.833333,0.003275
13111,Fannin County,,GA,1368,21437,22805,7,6,13,583,495,1078,7,0.30182,0.31661,12155.236488,0.001601,0.001079,0,0.000371,0,31,0.357143,0.013849
13113,Fayette County,,GA,9814,111214,121028,32,27,59,7559,5951,13510,6,0.34863,0.372996,1176.406594,0.018271,0.01223,0,0.000428,0,31,0.609081,0.13027
13115,Floyd County,,GA,6625,95547,102172,17,16,33,2644,2958,5602,6,0.33109,0.35077,6552.163117,0.005187,0.004819,0,0.000356,0,31,0.488304,0.040743
13117,Forsyth County,,GA,10998,134031,145029,55,30,85,13189,6596,19785,6,0.346342,0.369963,2014.476136,0.030305,0.014839,0,0.000757,0,31,0.538442,0.219303
13119,Franklin County,,GA,1539,22087,23626,9,8,17,1005,924,1929,7,0.263722,0.275065,183.366455,0.000862,0.000275,0,0.000291,0,31,0.569444,0.008376
13121,Fulton County,,GA,103901,748429,852330,258,218,476,91733,94265,185998,6,0.431588,0.476717,111369.052553,0.100781,0.089326,0,0.003266,0,31,0.274134,0.699428
13123,Gilmer County,,GA,1599,23041,24640,11,5,16,981,628,1609,7,0.301663,0.316208,454.587514,0.00309,0.001054,0,0.000281,0,31,0.618182,0.026391
13125,Glascock County,,GA,188,2706,2894,1,0,1,47,0,47,0,0,0,0,0.000003,0,0,0.000065,0,14,0,0.000106
13127,Glynn County,,GA,5288,72746,78034,16,18,34,2066,2251,4317,7,0.313357,0.332743,4848.740898,0.00436,0.004869,98,0.000385,0,31,0.333333,0.03397
13129,Gordon County,,GA,3222,52403,55625,12,11,23,2219,1884,4103,7,0.306409,0.322594,1787.74345,0.002752,0.002187,0,0.000282,0,31,0.509524,0.022328
13131,Grady County,,GA,1428,22912,24340,5,4,9,790,790,1580,7,0.279253,0.291375,97.746289,0.000364,0.000298,0,0.00019,0,31,0.65,0.002951
13133,Greene County,,GA,976,15625,16601,6,6,12,351,432,783,7,0.260433,0.270855,16.872814,0.00224,0.00027,0,0.000152,0,31,0.755556,0.018216
13135,Gwinnett County,,GA,67181,723584,790765,239,208,447,68413,57595,126008,6,0.432038,0.475953,107442.315074,0.096484,0.082012,0,0.002972,0,31,0.26285,0.669687
13137,Habersham County,,GA,2243,38748,40991,9,8,17,1867,1287,3154,7,0.306054,0.321377,616.741605,0.002188,0.00177,0,0.000276,0,31,0.541667,0.018566
13139,Hall County,,GA,11095,163338,174433,36,26,62,8537,7213,15750,6,0.342581,0.365926,7695.451605,0.015151,0.007063,0,0.000692,0,31,0.411538,0.114357
13141,Hancock County,,GA,584,9188,9772,1,1,2,149,205,354,8,0.233995,0.240722,0,0.000015,0.000012,0,0.000078,0,31,0,0.000202
13143,Haralson County,,GA,2099,26771,28870,8,7,15,1694,1504,3198,7,0.305217,0.320418,962.449153,0.001825,0.001909,0,0.000194,0,31,0.696429,0.01618
13145,Harris County,,GA,2487,29051,31538,6,7,13,2111,1467,3578,7,0.276407,0.289144,12.113349,0.000427,0.000352,0,0.000146,0,31,0.5,0.003444
13147,Hart County,,GA,1384,24232,25616,6,4,10,804,534,1338,8,0.238005,0.246662,98.550772,0.00071,0.000073,0,0.000203,0,31,0.5,0.006588
13149,Heard County,,GA,979,10351,11330,5,4,9,651,651,1302,8,0.241652,0.250655,30.962835,0.000841,0.000152,0,0.000153,0,31,0.85,0.007069
13151,Henry County,,GA,16070,175076,191146,78,44,122,19695,11194,30889,6,0.351715,0.377969,14700.132085,0.037378,0.015449,0,0.001093,0,31,0.47563,0.263494
13153,Houston County,,GA,12224,136527,148751,66,51,117,7499,6206,13705,6,0.358006,0.386498,66870.919084,0.022656,0.017301,0,0.00117,0,31,0.343391,0.173431
13155,Irwin County,,GA,808,9155,9963,4,3,7,494,484,978,8,0.232253,0.239926,10.097457,0.000017,0.000015,0,0.000179,0,31,0.5,0.000527
13157,Jackson County,,GA,4300,49475,53775,16,14,30,5052,2852,7904,7,0.306344,0.322583,1033.415522,0.003231,0.00287,0,0.000409,0,31,0.5625,0.02902
13159,Jasper County,,GA,1097,13034,14131,9,6,15,990,657,1647,7,0.26062,0.271378,14.114359,0.00176,0.000526,0,0.000226,0,31,0.763889,0.016712
13161,Jeff Davis County,,GA,801,13750,14551,3,3,6,326,288,614,8,0.232271,0.239835,170.398111,0.000008,0.000007,0,0.000151,0,31,0.166667,0.000347
13163,Jefferson County,,GA,988,19673,20661,3,7,10,258,526,784,7,0.27157,0.284187,3505.084859,0.000236,0.000339,0,0.000122,0,31,0.309524,0.001889
13165,Jenkins County,,GA,393,8275,8668,4,2,6,216,124,340,8,0.237538,0.245626,1.756046,0.000042,0.000036,0,0.000163,0,31,0.666667,0.00071
13167,Johnson County,,GA,515,8438,8953,3,3,6,238,281,519,8,0.235514,0.243203,10.577682,0.000021,0.00001,0,0.000137,0,31,0.5,0.0004
13169,Jones County,,GA,2128,28640,30768,8,7,15,1717,1296,3013,7,0.280603,0.294117,221.123279,0.000229,0.000594,0,0.000259,0,31,0.416667,0.00311
13171,Lamar County,,GA,1483,15787,17270,7,7,14,1012,887,1899,7,0.276407,0.289081,26.23864,0.000409,0.000734,0,0.000221,0,31,0.696429,0.005414
13173,Lanier County,,GA,776,6698,7474,2,2,4,471,349,820,7,0.261159,0.271688,0,0.000148,0.000137,0,0.000097,0,31,1,0.001278
13175,Laurens County,,GA,2386,50057,52443,13,12,25,1062,829,1891,7,0.307643,0.324363,14862.982741,0.001184,0.002378,0,0.000368,0,31,0.323529,0.011274
13177,Lee County,,GA,2716,27630,30346,6,6,12,2169,1348,3517,7,0.263124,0.274826,169.578499,0.00023,0.000209,0,0.000217,0,31,0.366667,0.002223
13179,Liberty County,,GA,17513,57366,74879,49,77,126,5946,9248,15194,6,0.382144,0.41472,17592.748354,0.018287,0.037589,0,0.000731,0,31,0.483642,0.132848
13181,Lincoln County,,GA,539,8700,9239,2,4,6,177,282,459,7,0.271114,0.282993,24.631981,0.000356,0.000335,0,0.000073,0,31,0.666667,0.002527
13183,Long County,,GA,1689,7662,9351,3,2,5,861,592,1453,7,0.276592,0.288107,0,0.000655,0.000152,0,0.000099,0,31,1,0.004081
13185,Lowndes County,,GA,9502,93693,103195,51,50,101,4678,4898,9576,6,0.353342,0.381467,54490.600692,0.016965,0.018287,0,0.00106,0,31,0.321557,0.134518
13187,Lumpkin County,,GA,2224,22603,24827,9,7,16,1568,1164,2732,7,0.306021,0.321205,31.602743,0.003522,0.001993,0,0.000217,0,31,0.6,0.028779
13189,McDuffie County,,GA,1497,23497,24994,7,4,11,925,730,1655,7,0.271519,0.283797,2968.510724,0.000449,0.000405,0,0.000176,0,31,0.380952,0.003581
13191,McIntosh County,,GA,958,10674,11632,3,2,5,440,415,855,7,0.277041,0.288767,0,0.000683,0.000182,98,0.000089,0,31,1,0.00431
13193,Macon County,,GA,853,10672,11525,4,4,8,310,418,728,7,0.263842,0.274838,13.602104,0.000152,0.00019,0,0.000179,0,31,0.5,0.001855
13195,Madison County,,GA,2099,27924,30023,10,9,19,1529,1403,2932,7,0.260503,0.271372,110.481451,0.000898,0.000199,0,0.000303,0,31,0.545455,0.008795
13197,Marion County,,GA,523,6582,7105,1,1,2,189,152,341,7,0.275777,0.287306,0,0.000268,0.000241,0,0.000061,0,31,0,0.001801
13199,Meriwether County,,GA,1798,23196,24994,10,11,21,1266,1298,2564,7,0.303874,0.319729,218.578093,0.001554,0.001701,0,0.000237,0,31,0.55303,0.014632
13201,Miller County,,GA,394,5603,5997,3,3,6,175,196,371,8,0.219251,0.225773,1.742671,0.000005,0.000003,98,0.000139,0,31,0.833333,0.00032
13205,Mitchell County,,GA,1596,22237,23833,7,6,13,731,853,1584,7,0.254763,0.264874,41.295741,0.000086,0.000085,0,0.000257,0,31,0.410714,0.001331
13207,Monroe County,,GA,1837,24524,26361,8,8,16,1275,946,2221,7,0.282763,0.29688,64.394798,0.000604,0.000919,0,0.000222,0,31,0.527778,0.007405
13209,Montgomery County,,GA,635,7860,8495,2,2,4,294,270,564,9,0.192173,0.196846,2573.610994,0,0.000009,0,0.000107,0,31,0.166667,0.000256
13211,Morgan County,,GA,1038,17471,18509,9,5,14,930,434,1364,7,0.260409,0.270683,13.849461,0.001529,0.000258,0,0.000236,0,31,0.708333,0.013458
13213,Murray County,,GA,3172,39954,43126,6,8,14,2345,2264,4609,7,0.274707,0.286695,16.37603,0.00008,0.00034,139,0.00022,0,31,0.553571,0.001559
13215,Muscogee County,,GA,21503,193647,215150,75,83,158,11600,13762,25362,6,0.38074,0.414082,37944.706866,0.03,0.033474,0,0.00107,0,31,0.411842,0.21442
13217,Newton County,,GA,7480,84009,91489,27,17,44,9196,5250,14446,7,0.307415,0.324536,1675.447398,0.01024,0.004476,0,0.000465,0,31,0.489655,0.071148
13219,Oconee County,,GA,2677,30758,33435,13,10,23,2029,1547,3576,7,0.30615,0.321779,605.786271,0.002963,0.001915,0,0.000326,0,31,0.615385,0.024531
13221,Oglethorpe County,,GA,1156,13188,14344,5,4,9,715,682,1397,7,0.260269,0.270281,0,0.000809,0.000153,0,0.000161,0,31,0.95,0.007073
13223,Paulding County,,GA,10105,111385,121490,25,16,41,12247,6678,18925,7,0.311641,0.330425,330.470529,0.012094,0.00545,0,0.000403,0,31,0.652422,0.094593
13225,Peach County,,GA,2543,24768,27311,5,4,9,1671,1558,3229,7,0.264564,0.275751,8.336177,0.000205,0.00026,0,0.000187,0,31,0.55,0.002488
13227,Pickens County,,GA,2100,28100,30200,9,7,16,1707,1203,2910,7,0.305217,0.320418,7.908516,0.00306,0.002152,0,0.000228,0,31,0.744444,0.025909
13229,Pierce County,,GA,1262,17044,18306,6,5,11,977,656,1633,7,0.300944,0.315938,1150.15153,0.000782,0.000877,98,0.000201,0,31,0.6,0.006675
13231,Pike County,,GA,1324,16462,17786,7,5,12,1198,858,2056,7,0.275751,0.287754,15.703973,0.000542,0.000652,0,0.000199,0,31,0.785714,0.006877
13233,Polk County,,GA,2113,39760,41873,7,8,15,1473,1332,2805,7,0.301789,0.316811,112.211662,0.000963,0.001036,0,0.000182,0,31,0.625,0.009044
13235,Pulaski County,,GA,598,9477,10075,1,3,4,128,277,405,7,0.26377,0.274522,0,0.000139,0.000185,0,0.00007,0,31,1,0.001488
13237,Putnam County,,GA,1656,20066,21722,11,7,18,830,718,1548,8,0.243845,0.254208,161.728226,0.00239,0.000216,0,0.000278,0,31,0.492424,0.020858
13239,Quitman County,,GA,197,2147,2344,1,1,2,77,102,179,8,0.226365,0.233084,0,0.000008,0.000004,0,0.000071,0,31,0,0.000133
13241,Rabun County,,GA,947,16023,16970,4,4,8,243,265,508,7,0.255863,0.265644,26.269816,0.001366,0.000189,0,0.000166,0,31,0.5,0.011065
13243,Randolph County,,GA,500,7746,8246,1,1,2,46,102,148,7,0.254383,0.263438,0,0.000071,0.000065,0,0.000071,0,31,0,0.000593
13245,Richmond County,,GA,21390,199722,221112,66,67,133,10896,13870,24766,6,0.369823,0.401229,39495.10448,0.02767,0.02904,0,0.000915,0,31,0.432706,0.198508
13247,Rockdale County,,GA,10046,75349,85395,19,17,36,7633,7140,14773,7,0.307383,0.324478,291.494687,0.009258,0.004682,0,0.000286,0,31,0.535613,0.061606
13249,Schley County,,GA,312,4121,4433,1,1,2,127,90,217,8,0.231863,0.238879,0,0.00001,0.000006,0,0.000072,0,31,0,0.000145
13251,Screven County,,GA,986,15267,16253,4,5,9,481,506,987,7,0.280984,0.293649,216.463982,0.000393,0.000424,0,0.000139,0,31,0.5,0.003422
13253,Seminole County,,GA,766,9386,10152,3,4,7,332,389,721,8,0.242318,0.251652,101.669125,0.000005,0.000058,98,0.000148,0,31,0.666667,0.00032
13255,Spalding County,,GA,5148,62435,67583,15,17,32,3659,3614,7273,7,0.307709,0.325053,740.64909,0.003306,0.004145,0,0.000351,0,31,0.536765,0.029227
13257,Stephens County,,GA,1879,26554,28433,8,7,15,779,786,1565,7,0.302071,0.316403,933.863722,0.001368,0.000959,0,0.000266,0,31,0.388889,0.012055
13259,Stewart County,,GA,383,4766,5149,1,1,2,61,100,161,7,0.275777,0.287306,0,0.000268,0.000241,0,0.000061,0,31,0,0.001801
13261,Sumter County,,GA,2075,32638,34713,6,10,16,479,860,1339,7,0.30182,0.318006,6522.158665,0.000734,0.001264,0,0.000254,0,31,0.390909,0.006423
13263,Talbot County,,GA,476,7340,7816,3,2,5,282,199,481,7,0.275908,0.287679,0,0.000285,0.000253,0,0.000098,0,31,1,0.002136
13265,Taliaferro County,,GA,165,1688,1853,0,0,0,0,0,0,0,0,0,0,0,0,15,0.00005,14,52,0,0
13267,Tattnall County,,GA,1180,18665,19845,6,5,11,515,425,940,7,0.277332,0.28956,782.066141,0.00069,0.000191,0,0.000205,0,31,0.452381,0.004759
13269,Taylor County,,GA,548,9062,9610,1,3,4,76,178,254,7,0.263698,0.274407,0,0.000139,0.000185,0,0.00007,0,31,1,0.001488
13271,Telfair County,,GA,650,11232,11882,2,3,5,140,259,399,8,0.209712,0.215839,404.937552,0.000002,0.000001,0,0.000125,0,31,0,0.000205
13273,Terrell County,,GA,770,11175,11945,2,2,4,292,424,716,7,0.254405,0.26361,0,0.000073,0.000067,0,0.000102,0,31,1,0.000707
13275,Thomas County,,GA,2533,44619,47152,11,8,19,1566,1224,2790,7,0.281666,0.295211,786.853289,0.0013,0.000495,0,0.000323,0,31,0.409091,0.010672
13277,Tift County,,GA,2654,40127,42781,10,11,21,1311,1261,2572,7,0.301946,0.318264,13625.490641,0.000949,0.001041,0,0.000334,0,31,0.309091,0.008277
13279,Toombs County,,GA,1602,26158,27760,7,5,12,615,569,1184,8,0.23783,0.246648,10617.002672,0.001069,0.000038,0,0.000237,0,31,0.196429,0.009097
13281,Towns County,,GA,650,9893,10543,3,2,5,202,201,403,9,0.188368,0.192262,638.019552,0.000658,0.000014,98,0.000266,0,31,0,0.005705
13283,Treutlen County,,GA,395,6248,6643,1,4,5,46,239,285,8,0.235609,0.243547,28.706882,0.000019,0.000019,0,0.000077,0,31,0.5,0.000194
13285,Troup County,,GA,3678,65103,68781,16,14,30,2448,2024,4472,7,0.308789,0.325989,1705.778669,0.003527,0.003832,0,0.000339,0,31,0.55,0.029267
13287,Turner County,,GA,645,9601,10246,2,3,5,165,328,493,8,0.232737,0.240484,1.215909,0.000009,0.000009,0,0.000103,0,31,0.666667,0.000274
13289,Twiggs County,,GA,1060,10874,11934,4,5,9,520,723,1243,7,0.264636,0.276038,24.694198,0.000205,0.00027,0,0.000143,0,31,0.666667,0.002392
13291,Union County,,GA,1121,18869,19990,7,3,10,511,243,754,8,0.23203,0.238979,2919.875767,0.001783,0.00004,98,0.000358,0,31,0.238095,0.013739
13293,Upson County,,GA,1435,28069,29504,6,4,10,651,456,1107,7,0.260316,0.270516,1.189225,0.000406,0.000334,0,0.000182,0,31,0.833333,0.00525
13295,Walker County,,GA,4455,64289,68744,9,9,18,3606,3094,6700,7,0.274863,0.287068,385.471,0.000983,0.00035,139,0.000257,0,31,0.555556,0.008762
13297,Walton County,,GA,4971,72831,77802,19,15,34,6242,3266,9508,7,0.307383,0.324248,804.242783,0.00448,0.00416,0,0.000429,0,31,0.590643,0.039619
13299,Ware County,,GA,2310,34187,36497,6,8,14,975,1158,2133,7,0.30182,0.317632,2722.32177,0.000777,0.00109,98,0.000216,0,31,0.5,0.006697
13301,Warren County,,GA,486,6610,7096,1,2,3,172,254,426,7,0.270054,0.281385,0,0.000003,0.000226,0,0.000088,0,31,1,0.000126
13303,Washington County,,GA,895,21619,22514,3,4,7,175,284,459,8,0.235667,0.243673,24.999696,0.000018,0.000024,0,0.000131,0,31,0.25,0.000403
13305,Wayne County,,GA,1542,26492,28034,7,7,14,643,479,1122,7,0.303176,0.318925,1174.451619,0.000692,0.001403,98,0.000237,0,31,0.446429,0.004826
13307,Webster County,,GA,186,2513,2699,0,0,0,0,0,0,0,0,0,0,0,0,16,0.00005,15,53,0,0
13309,Wheeler County,,GA,301,4605,4906,2,0,2,124,0,124,0,0,0,0,0,0,0,0.000131,0,13,0,0.000184
13311,White County,,GA,1819,23431,25250,7,4,11,1194,865,2059,7,0.301914,0.315772,120.212151,0.001581,0.000941,0,0.000205,0,31,0.690476,0.014356
13313,Whitfield County,,GA,6548,103818,110366,15,14,29,3453,3993,7446,7,0.310906,0.32884,3416.903478,0.005607,0.003541,139,0.000312,0,31,0.447712,0.042954
13315,Wilcox County,,GA,461,7058,7519,1,2,3,47,145,192,8,0.210259,0.216327,6.277651,0,0.000001,0,0.000093,0,31,0,0.000098
13317,Wilkes County,,GA,660,11092,11752,2,3,5,93,174,267,7,0.272565,0.284699,13.599439,0.000114,0.000322,0,0.000083,0,31,0.583333,0.000981
13319,Wilkinson County,,GA,754,11254,12008,3,5,8,285,462,747,8,0.243702,0.253478,3.91039,0.000095,0.000101,0,0.000124,0,31,0.7,0.001075
13321,Worth County,,GA,1682,22474,24156,6,7,13,903,1052,1955,7,0.254785,0.265075,162.55349,0.000089,0.000078,0,0.000221,0,31,0.452381,0.001194
15001,Hawaii County,,HI,6860,164377,171237,38,22,60,6369,3560,9929,6,0.343148,0.36507,10.247826,0.017921,0.013452,167,0.000405,0,31,0.858974,0.126232
15003,Honolulu County,,HI,59069,1015723,1074792,215,233,448,38467,41613,80080,6,0.436129,0.482122,35305.835526,0.087852,0.09203,167,0.002251,0,31,0.281617,0.601437
15005,Kalawao County,,HI,-2,-2,-4,0,0,0,0,0,0,0,0,0,0,0,0,17,0.00005,16,54,0,0
15007,Kauai County,,HI,3093,67942,71035,8,9,17,678,1360,2038,6,0.341372,0.361136,0,0.007008,0.006973,167,0.000124,0,31,0.990909,0.04985
15009,Maui County,,HI,7730,151705,159435,30,23,53,4364,4366,8730,6,0.34254,0.364352,5.002482,0.017374,0.013581,167,0.000314,0,31,0.910873,0.120546
16001,Ada County,,ID,23604,364837,388441,123,80,203,26508,17199,43707,6,0.366044,0.398323,79827.410008,0.036267,0.025075,167,0.001918,0,31,0.314711,0.267983
16003,Adams County,,ID,356,3763,4119,3,4,7,174,180,354,7,0.26853,0.28025,0.333333,0.000283,0.000443,167,0.000118,0,31,0.833333,0.003609
16005,Bannock County,,ID,6875,79162,86037,26,22,48,3462,3974,7436,6,0.333448,0.354595,15469.386684,0.006995,0.004945,167,0.000569,0,31,0.403448,0.054867
16007,Bear Lake County,,ID,459,6811,7270,1,1,2,44,75,119,7,0.250108,0.258456,0,0.000099,0.000056,167,0.000065,0,31,1,0.000611
16009,Benewah County,,ID,619,9324,9943,2,3,5,226,291,517,7,0.270861,0.283401,0,0.000104,0.000373,167,0.000096,0,31,1,0.001371
16011,Bingham County,,ID,3461,46232,49693,11,12,23,2080,2325,4405,7,0.297702,0.313195,690.312627,0.001482,0.001731,167,0.000264,0,31,0.704545,0.012494
16013,Blaine County,,ID,1966,22448,24414,7,5,12,485,685,1170,6,0.308789,0.324282,3882.786945,0.002213,0.001203,167,0.000186,0,31,0.482143,0.017763
16015,Boise County,,ID,863,6495,7358,2,3,5,497,502,999,7,0.268505,0.280078,0,0.000279,0.000441,167,0.000093,0,31,1,0.00349
16017,Bonner County,,ID,2936,38274,41210,15,9,24,1674,1434,3108,6,0.331733,0.350643,1356.562438,0.007387,0.003121,167,0.000289,0,31,0.690476,0.055517
16019,Bonneville County,,ID,7439,98445,105884,28,21,49,5341,4556,9897,6,0.338781,0.360659,11545.104386,0.00953,0.00644,167,0.000525,0,31,0.494253,0.070765
16021,Boundary County,,ID,790,10607,11397,3,2,5,241,236,477,7,0.256315,0.265351,0,0.000351,0.000202,167,0.000116,0,31,1,0.003454
16023,Butte County,,ID,277,2909,3186,0,1,1,0,42,42,7,0.253117,0.261705,0,0,0.000076,167,0.00005,0,55,0,0
16025,Camas County,,ID,123,911,1034,1,0,1,64,0,64,0,0,0,0,0.00001,0,167,0.000082,0,10,0,0.000233
16027,Canyon County,,ID,12094,159848,171942,62,36,98,13259,8492,21751,6,0.345435,0.369487,14583.66977,0.018387,0.009733,167,0.000946,0,31,0.41274,0.13323
16029,Caribou County,,ID,600,7898,8498,1,1,2,89,187,276,7,0.250086,0.258399,0,0.00004,0.000056,167,0.000072,0,31,0,0.000551
16031,Cassia County,,ID,1932,21836,23768,4,7,11,851,1100,1951,7,0.286165,0.300038,12.224223,0.000294,0.000896,167,0.000131,0,31,0.785714,0.00361
16033,Clark County,,ID,96,952,1048,0,0,0,0,0,0,0,0,0,0,0,0,18,0.00005,17,56,0,0
16035,Clearwater County,,ID,705,8543,9248,1,2,3,89,187,276,7,0.238573,0.246158,0,0.000018,0.000019,167,0.00007,0,31,1,0.000162
16037,Custer County,,ID,405,4262,4667,0,1,1,0,54,54,7,0.268027,0.279378,0,0,0.000291,167,0.00005,0,57,0,0
16039,Elmore County,,ID,4959,26994,31953,11,16,27,1034,1942,2976,6,0.339534,0.361486,877.194553,0.003989,0.006561,167,0.000232,0,31,0.569853,0.033531
16041,Franklin County,,ID,931,13214,14145,4,4,8,462,400,862,7,0.296032,0.309703,0,0.001143,0.000679,167,0.000099,0,31,0.933333,0.007569
16043,Fremont County,,ID,1258,13282,14540,3,5,8,368,670,1038,7,0.268232,0.280308,1.580573,0.000092,0.000461,167,0.000108,0,31,0.95,0.001166
16045,Gem County,,ID,1413,16490,17903,5,3,8,839,852,1691,7,0.268505,0.280078,0.666667,0.00029,0.000441,167,0.00018,0,31,0.7,0.003851
16047,Gooding County,,ID,1351,14430,15781,4,5,9,558,788,1346,7,0.268133,0.280106,65.500202,0.000255,0.00038,167,0.00014,0,31,0.8,0.003134
16049,Idaho County,,ID,992,14684,15676,4,4,8,270,376,646,7,0.268157,0.280049,1069.613045,0.000242,0.000306,167,0.000155,0,31,0.65,0.002781
16051,Jefferson County,,ID,2086,23323,25409,8,7,15,1681,1402,3083,7,0.296485,0.31068,151.026708,0.001265,0.000972,167,0.000185,0,31,0.857143,0.01011
16053,Jerome County,,ID,1937,19439,21376,5,7,12,1092,1245,2337,7,0.268704,0.280997,75.417825,0.000258,0.000572,167,0.000163,0,31,0.619048,0.003279
16055,Kootenai County,,ID,8051,130010,138061,56,29,85,8912,4857,13769,6,0.344533,0.367712,10503.167953,0.017793,0.010163,167,0.000849,0,31,0.502506,0.128299
16057,Latah County,,ID,4323,33266,37589,14,14,28,1441,1981,3422,6,0.31285,0.330341,2262.930296,0.00164,0.002779,167,0.000345,0,31,0.415441,0.015241
16059,Lemhi County,,ID,578,7893,8471,0,1,1,0,54,54,7,0.268027,0.279378,0,0,0.000291,167,0.00005,0,58,0,0
16061,Lewis County,,ID,388,4073,4461,2,2,4,143,202,345,7,0.236801,0.244039,0,0.000021,0.000008,167,0.000103,0,31,1,0.000277
16063,Lincoln County,,ID,442,4511,4953,4,4,8,366,268,634,7,0.25557,0.264529,1.066667,0.000066,0.000091,167,0.000144,0,31,0.75,0.001083
16065,Madison County,,ID,3511,23891,27402,12,15,27,1791,2074,3865,6,0.333142,0.353245,1204.330584,0.003478,0.004018,167,0.000246,0,31,0.643382,0.027869
16067,Minidoka County,,ID,1837,21250,23087,5,6,11,770,1138,1908,7,0.268679,0.280824,30.513988,0.000812,0.000568,167,0.000136,0,31,0.785714,0.007076
16069,Nez Perce County,,ID,3072,40385,43457,10,13,23,1867,1879,3746,6,0.310208,0.327125,9098.190781,0.000701,0.0023,167,0.0003,0,31,0.5,0.007411
16071,Oneida County,,ID,266,4409,4675,1,0,1,55,0,55,0,0,0,0,0.000019,0,167,0.000066,0,1,0,0.000235
16073,Owyhee County,,ID,1304,10338,11642,3,3,6,665,851,1516,7,0.269427,0.281249,0,0.000332,0.00047,167,0.000106,0,31,1,0.003852
16075,Payette County,,ID,1890,21825,23715,5,5,10,1236,1181,2417,7,0.268604,0.280509,1.413333,0.00029,0.000447,167,0.000207,0,31,0.8,0.003875
16077,Power County,,ID,671,8152,8823,2,2,4,257,300,557,7,0.250108,0.258571,0,0.000054,0.000068,167,0.000091,0,31,1,0.000751
16079,Shoshone County,,ID,847,12325,13172,2,2,4,393,375,768,7,0.270734,0.283056,0,0.000326,0.00036,167,0.000089,0,31,1,0.002921
16081,Teton County,,ID,750,7687,8437,2,2,4,283,162,445,7,0.253516,0.26241,129.613634,0.000064,0.000077,167,0.00009,0,31,0,0.000765
16083,Twin Falls County,,ID,5348,72072,77420,24,20,44,3565,3260,6825,6,0.342419,0.363921,8568.109223,0.008582,0.00607,167,0.000439,0,31,0.481667,0.063934
16085,Valley County,,ID,1016,8847,9863,3,4,7,566,466,1032,7,0.26853,0.28025,0.333333,0.000283,0.000443,167,0.000118,0,31,0.833333,0.003609
16087,Washington County,,ID,806,9947,10753,5,4,9,423,434,857,7,0.268579,0.280336,0.746667,0.00029,0.000445,167,0.000178,0,31,0.8,0.003869
17001,Adams County,,IL,2846,78783,81629,10,12,22,1084,1005,2089,6,0.32981,0.349018,16786.83122,0.001859,0.001908,49,0.000297,0,31,0.302198,0.013025
17003,Alexander County,,IL,829,8208,9037,2,4,6,178,362,540,7,0.261042,0.270755,1096.494207,0.000024,0.000044,49,0.000102,0,31,0.666667,0.000294
17005,Bond County,,IL,1204,18237,19441,5,4,9,671,556,1227,7,0.265727,0.276383,105.499014,0.000319,0.000101,49,0.000151,0,31,0.55,0.002627
17007,Boone County,,IL,4344,56899,61243,8,11,19,5193,3093,8286,6,0.33811,0.357437,1.183529,0.002926,0.003711,19,0.00012,0,31,0.8,0.01786
17009,Brown County,,IL,354,5835,6189,1,2,3,41,129,170,7,0.248119,0.256098,0,0.000015,0.000015,49,0.000072,0,31,1,0.000203
17011,Bureau County,,IL,2216,42481,44697,9,10,19,1284,1274,2558,6,0.326177,0.343941,1127.508559,0.001832,0.001237,19,0.000193,0,31,0.477273,0.012066
17013,Calhoun County,,IL,174,6004,6178,0,1,1,0,48,48,7,0.265502,0.275582,0,0,0.000091,49,0.00005,0,59,0,0
17015,Carroll County,,IL,1123,19662,20785,7,7,14,528,622,1150,7,0.255009,0.264432,331.696391,0.001874,0.000116,19,0.000131,0,31,0.544444,0.012271
17017,Cass County,,IL,1039,15488,16527,4,3,7,395,401,796,7,0.266068,0.276041,3802.680517,0.000101,0.000071,19,0.00023,0,31,0.333333,0.00091
17019,Champaign County,,IL,14078,188013,202091,40,53,93,6522,7817,14339,6,0.383052,0.412342,24727.973643,0.013531,0.022878,19,0.000579,0,31,0.445175,0.091538
17021,Christian County,,IL,2002,41017,43019,4,4,8,996,925,1921,7,0.26641,0.276719,17.925219,0.000137,0.000104,19,0.00013,0,31,0.666667,0.001143
17023,Clark County,,IL,1012,19689,20701,5,5,10,525,477,1002,7,0.255953,0.265712,2334.705677,0.000049,0.000048,19,0.000173,0,31,0.35,0.000835
17025,Clay County,,IL,893,16547,17440,4,4,8,359,370,729,7,0.248353,0.256897,1287.93128,0.000017,0.000012,114,0.000164,0,31,0.25,0.000488
17027,Clinton County,,IL,2082,42649,44731,6,8,14,1215,1227,2442,7,0.30735,0.321259,286.501606,0.000964,0.000892,49,0.000159,0,31,0.589286,0.006781
17029,Coles County,,IL,3805,51046,54851,12,15,27,1709,1915,3624,6,0.327207,0.345911,9057.182043,0.001899,0.002153,19,0.000301,0,31,0.3875,0.012821
17031,Cook County,,IL,277837,5767919,6045756,395,475,870,155886,258502,414388,5,0.482541,0.544452,572229.605918,0.119863,0.125898,19,0.004788,0,31,0.121312,0.819903
17033,Crawford County,,IL,949,22915,23864,3,4,7,210,269,479,7,0.255413,0.264644,153.18283,0.000001,0.000031,19,0.000138,0,31,0.166667,0.000292
17035,Cumberland County,,IL,848,12287,13135,5,4,9,453,512,965,7,0.248353,0.256879,16.318643,0.000033,0.000026,19,0.000176,0,31,0.5,0.000683
17037,DeKalb County,,IL,8196,97056,105252,17,16,33,7956,5387,13343,6,0.3389,0.35916,107.690147,0.004709,0.004479,19,0.000233,0,31,0.631579,0.031104
17039,De Witt County,,IL,1097,19536,20633,5,5,10,685,576,1261,7,0.280386,0.292012,4.461498,0.00035,0.000233,19,0.000138,0,31,0.75,0.00212
17041,Douglas County,,IL,1545,25499,27044,5,5,10,785,781,1566,7,0.277305,0.288503,76.601399,0.000217,0.000144,19,0.000149,0,31,0.45,0.001477
17043,DuPage County,,IL,88283,1074759,1163042,152,192,344,65528,78115,143643,6,0.424828,0.467614,34199.117863,0.069327,0.078397,19,0.00167,0,31,0.320289,0.46805
17045,Edgar County,,IL,1033,21822,22855,5,5,10,456,444,900,7,0.27869,0.290404,112.530787,0.000245,0.000171,19,0.000136,0,31,0.45,0.001692
17047,Edwards County,,IL,430,8027,8457,2,3,5,143,168,311,8,0.208687,0.214387,9.846825,0,0.000001,114,0.000158,0,31,0.333333,0.0002
17049,Effingham County,,IL,2308,43296,45604,10,10,20,908,1043,1951,6,0.328988,0.347467,22549.783043,0.001215,0.001762,19,0.000292,0,31,0.272727,0.008617
17051,Fayette County,,IL,1137,24352,25489,6,5,11,564,408,972,7,0.248353,0.257069,63.358957,0.00012,0.000017,49,0.000187,0,31,0.4,0.001408
17053,Ford County,,IL,1212,16863,18075,4,5,9,698,694,1392,7,0.280441,0.291989,0.65232,0.000318,0.000244,19,0.0001,0,31,0.9,0.001881
17055,Franklin County,,IL,2062,43465,45527,7,6,13,1134,1002,2136,7,0.258853,0.268521,376.154965,0.000073,0.000067,49,0.000223,0,31,0.428571,0.001185
17057,Fulton County,,IL,1886,42259,44145,5,7,12,956,1001,1957,7,0.267984,0.279596,2064.246183,0.000165,0.00023,19,0.000134,0,31,0.452381,0.001577
17059,Gallatin County,,IL,357,6663,7020,1,2,3,68,166,234,8,0.210442,0.216208,0,0.000001,0.000001,49,0.000075,0,31,0.5,0.000101
17061,Greene County,,IL,837,16464,17301,6,5,11,545,446,991,7,0.265678,0.276452,2318.577381,0.000212,0.000101,49,0.000211,0,31,0.533333,0.001832
17063,Grundy County,,IL,3403,51617,55020,10,10,20,5544,2201,7745,6,0.33811,0.357323,12.723658,0.003143,0.00338,19,0.000149,0,31,0.809091,0.019398
17065,Hamilton County,,IL,461,9400,9861,2,3,5,95,198,293,8,0.220333,0.226697,8.916124,0.000003,0.000012,114,0.000108,0,31,0.333333,0.000291
17067,Hancock County,,IL,1311,23826,25137,4,4,8,427,623,1050,7,0.250648,0.259722,157.728245,0.000032,0.000027,19,0.000138,0,31,0.25,0.000558
17069,Hardin County,,IL,203,4579,4782,1,1,2,52,68,120,8,0.210336,0.215817,0,0.000001,0,49,0.000075,0,31,0,0.000101
17071,Henderson County,,IL,542,8945,9487,3,3,6,191,260,451,7,0.224665,0.23161,44.949371,0.000025,0.000003,19,0.000107,0,31,0.25,0.000475
17073,Henry County,,IL,3370,61950,65320,11,9,20,2024,1922,3946,6,0.326251,0.343912,967.476061,0.002229,0.001202,19,0.000221,0,31,0.481818,0.014565
17075,Iroquois County,,IL,2040,37112,39152,8,8,16,1431,1224,2655,6,0.326141,0.343683,271.391823,0.001657,0.001222,19,0.000145,0,31,0.611111,0.010747
17077,Jackson County,,IL,5790,52186,57976,22,19,41,2511,2880,5391,6,0.347046,0.369056,17812.670462,0.004118,0.006142,49,0.000455,0,31,0.366097,0.026691
17079,Jasper County,,IL,595,12624,13219,3,4,7,196,228,424,7,0.248098,0.256397,1446.355564,0.000014,0.00001,19,0.000137,0,31,0.25,0.000365
17081,Jefferson County,,IL,2115,42375,44490,10,9,19,1002,908,1910,7,0.2792,0.291438,12216.331635,0.001348,0.000341,49,0.000272,0,31,0.418182,0.010016
17083,Jersey County,,IL,1420,26007,27427,3,4,7,956,874,1830,7,0.305377,0.318519,84.246308,0.000108,0.000685,49,0.000125,0,31,0.833333,0.001047
17085,Jo Daviess County,,IL,1415,27560,28975,7,5,12,780,615,1395,6,0.326177,0.343309,353.522889,0.002037,0.001567,19,0.000139,0,31,0.404762,0.013244
17087,Johnson County,,IL,734,12238,12972,4,3,7,378,295,673,7,0.248183,0.25619,141.355008,0.000016,0.000021,49,0.000202,0,31,0.333333,0.000546
17089,Kane County,,IL,38766,511729,550495,62,91,153,33814,31166,64980,6,0.39797,0.431346,5577.295751,0.030544,0.042859,19,0.000717,0,31,0.471818,0.212149
17091,Kankakee County,,IL,6188,120741,126929,13,16,29,4477,3039,7516,6,0.341171,0.361992,314.08775,0.003648,0.004346,19,0.000187,0,31,0.561404,0.021833
17093,Kendall County,,IL,7092,90623,97715,11,10,21,13047,4738,17785,6,0.338031,0.357208,17.46222,0.004364,0.003758,19,0.000154,0,31,0.788462,0.027777
17095,Knox County,,IL,3040,59209,62249,11,13,24,1279,1344,2623,6,0.338781,0.358586,7281.84151,0.002365,0.002423,19,0.000226,0,31,0.423077,0.018273
17097,Lake County,,IL,49275,771885,821160,110,150,260,39493,38465,77958,6,0.41245,0.451585,11666.586664,0.056257,0.068024,19,0.001143,0,31,0.391307,0.380552
17099,LaSalle County,,IL,6335,136165,142500,19,18,37,4715,3685,8400,6,0.338623,0.358959,3418.114312,0.004042,0.003638,19,0.000312,0,31,0.491228,0.028089
17101,Lawrence County,,IL,852,16699,17551,3,4,7,336,368,704,8,0.231217,0.238498,819.93434,0.000005,0.000006,114,0.000138,0,31,0.083333,0.000339
17103,Lee County,,IL,2546,41129,43675,12,10,22,1765,1595,3360,6,0.338071,0.357265,643.306759,0.002685,0.003113,19,0.000188,0,31,0.705128,0.017141
17105,Livingston County,,IL,2395,45020,47415,9,11,20,1401,1375,2776,6,0.326214,0.344113,425.962969,0.001623,0.001585,19,0.000168,0,31,0.581818,0.010889
17107,Logan County,,IL,1847,32628,34475,8,8,16,838,964,1802,6,0.326397,0.344027,1013.201682,0.001301,0.001183,19,0.000186,0,31,0.553571,0.009091
17109,McDonough County,,IL,2164,30041,32205,5,7,12,543,644,1187,6,0.326397,0.343797,3561.138562,0.001032,0.001625,19,0.000142,0,31,0.404762,0.007386
17111,McHenry County,,IL,20497,351904,372401,31,46,77,20777,14629,35406,6,0.365169,0.393137,745.613854,0.016956,0.022296,19,0.000359,0,31,0.568235,0.118423
17113,McLean County,,IL,10762,174905,185667,39,39,78,6111,5882,11993,6,0.356555,0.382816,9614.759741,0.009925,0.013969,19,0.000545,0,31,0.350588,0.06781
17115,Macon County,,IL,5829,128415,134244,21,20,41,2422,2680,5102,6,0.344574,0.366603,9850.458514,0.003978,0.005413,19,0.000404,0,31,0.425725,0.026475
17117,Macoupin County,,IL,3210,55984,59194,8,8,16,2066,2012,4078,7,0.30735,0.321465,822.717163,0.001066,0.000942,49,0.000221,0,31,0.5,0.007458
17119,Madison County,,IL,15398,309877,325275,39,41,80,9749,9805,19554,6,0.36135,0.388588,30405.948719,0.011297,0.012406,49,0.000718,0,31,0.309388,0.08228
17121,Marion County,,IL,2382,46098,48480,7,11,18,794,1052,1846,7,0.279388,0.292012,1495.508112,0.000323,0.000368,49,0.000209,0,31,0.390909,0.002908
17123,Marshall County,,IL,979,16087,17066,7,5,12,577,539,1116,7,0.264419,0.275048,125.175332,0.001182,0.000171,19,0.000166,0,31,0.619048,0.008688
17125,Mason County,,IL,1172,18285,19457,6,6,12,585,682,1267,7,0.271596,0.282637,35.995806,0.000234,0.000204,19,0.000153,0,31,0.47619,0.002035
17127,Massac County,,IL,914,17594,18508,4,3,7,332,381,713,8,0.234847,0.242177,2273.719986,0.000011,0.000016,5,0.000198,0,31,0,0.000504
17129,Menard County,,IL,1047,15223,16270,2,3,5,542,601,1143,7,0.266043,0.275984,0,0.000101,0.000082,19,0.000084,0,31,1,0.000769
17131,Mercer County,,IL,1314,21368,22682,6,6,12,771,840,1611,7,0.268157,0.279226,74.732959,0.000173,0.000139,19,0.000151,0,31,0.566667,0.001605
17133,Monroe County,,IL,1930,38473,40403,6,6,12,1788,1257,3045,7,0.306928,0.320518,2.059293,0.001226,0.001092,49,0.000138,0,31,0.833333,0.008306
17135,Montgomery County,,IL,1634,33991,35625,6,7,13,875,949,1824,7,0.272642,0.284173,173.434616,0.0002,0.000206,49,0.000194,0,31,0.452381,0.001861
17137,Morgan County,,IL,2289,40230,42519,6,7,13,904,993,1897,6,0.326361,0.343826,4593.167856,0.000101,0.001042,19,0.000261,0,31,0.285714,0.001155
17139,Moultrie County,,IL,1103,17223,18326,4,4,8,651,628,1279,7,0.256701,0.265982,2.801514,0.000063,0.000049,19,0.000135,0,31,0.666667,0.000745
17141,Ogle County,,IL,3788,63513,67301,13,12,25,3077,2259,5336,6,0.33815,0.35761,631.938216,0.002875,0.00316,19,0.000192,0,31,0.697802,0.018132
17143,Peoria County,,IL,12283,211102,223385,37,37,74,6959,7955,14914,6,0.358227,0.384189,19860.204528,0.010782,0.011269,19,0.000584,0,31,0.378744,0.07421
17145,Perry County,,IL,1175,23042,24217,6,6,12,718,661,1379,7,0.277173,0.288578,119.21515,0.000285,0.000255,49,0.000189,0,31,0.6,0.002426
17147,Piatt County,,IL,1261,19832,21093,5,4,9,887,661,1548,7,0.277173,0.28813,5.425877,0.000342,0.000145,19,0.000138,0,31,0.7,0.002057
17149,Pike County,,IL,911,19080,19991,3,5,8,211,361,572,7,0.267342,0.278,105.578439,0.000024,0.000101,49,0.000134,0,31,0.333333,0.0004
17151,Pope County,,IL,278,4353,4631,0,2,2,0,117,117,8,0.21145,0.217375,0,0,0,5,0.00005,0,60,0,0
17153,Pulaski County,,IL,509,7086,7595,2,5,7,131,254,385,7,0.261277,0.271191,289.519542,0,0.000044,49,0.000128,0,31,0.45,0.00019
17155,Putnam County,,IL,479,7491,7970,3,3,6,250,274,524,7,0.25314,0.261566,0,0.001049,0.000057,19,0.00009,0,31,0.916667,0.007361
17157,Randolph County,,IL,1851,36331,38182,8,8,16,1019,1114,2133,7,0.307057,0.320977,173.0054,0.000933,0.00092,49,0.000219,0,31,0.513889,0.006653
17159,Richland County,,IL,957,19045,20002,5,6,11,329,324,653,7,0.248587,0.257368,1308.341012,0,0.00001,114,0.000229,0,31,0.214286,0.000475
17161,Rock Island County,,IL,9146,173416,182562,17,20,37,4686,5211,9897,6,0.346301,0.368562,2871.545894,0.005294,0.005655,19,0.000293,0,31,0.494071,0.03697
17163,St. Clair County,,IL,18400,294748,313148,68,61,129,11348,11640,22988,6,0.382093,0.411693,35020.637315,0.023945,0.026256,49,0.000971,0,31,0.357729,0.169997
17165,Saline County,,IL,1369,26665,28034,5,8,13,448,564,1012,7,0.266336,0.27798,13546.492212,0.000016,0.000094,49,0.000228,0,31,0.152778,0.000619
17167,Sangamon County,,IL,10452,233477,243929,34,39,73,5722,5952,11674,6,0.362252,0.388301,35334.035427,0.008707,0.011384,19,0.000622,0,31,0.3343,0.059422
17169,Schuyler County,,IL,484,8271,8755,2,1,3,113,100,213,8,0.210168,0.215007,1.113492,0.000002,0.000001,19,0.000132,0,31,0,0.000209
17171,Scott County,,IL,357,6450,6807,2,2,4,192,191,383,7,0.246329,0.253795,0,0.000009,0.000003,19,0.000118,0,31,1,0.000219
17173,Shelby County,,IL,1461,25941,27402,7,8,15,871,883,1754,7,0.266777,0.277873,208.616065,0.000076,0.00013,19,0.000235,0,31,0.375,0.001114
17175,Stark County,,IL,431,7440,7871,3,2,5,197,201,398,7,0.263866,0.27375,0,0.00011,0.000104,19,0.000101,0,31,0.833333,0.001124
17177,Stephenson County,,IL,2869,57563,60432,11,10,21,1463,1438,2901,6,0.338505,0.357897,782.620485,0.002987,0.002677,19,0.000177,0,31,0.576923,0.01918
17179,Tazewell County,,IL,8366,157724,166090,19,17,36,6054,5143,11197,6,0.343148,0.364588,3799.207627,0.004366,0.005016,19,0.000318,0,31,0.461039,0.02968
17181,Union County,,IL,936,19929,20865,5,4,9,412,361,773,7,0.26123,0.270973,67.457115,0.000065,0.000064,49,0.000201,0,31,0.433333,0.000854
17183,Vermilion County,,IL,4113,92312,96425,11,13,24,1511,1809,3320,6,0.328504,0.347588,2176.499929,0.002095,0.001844,19,0.000222,0,31,0.37619,0.014029
17185,Wabash County,,IL,672,14519,15191,5,3,8,311,276,587,7,0.262696,0.272604,3815.498796,0.000005,0.00004,114,0.000266,0,31,0.3,0.000502
17187,Warren County,,IL,1255,19580,20835,4,5,9,400,542,942,7,0.264202,0.274674,406.098081,0.000034,0.000115,19,0.000134,0,31,0.4,0.000607
17189,Washington County,,IL,1152,18511,19663,6,7,13,551,721,1272,7,0.278744,0.29053,12.940011,0.000233,0.000314,49,0.000173,0,31,0.642857,0.002198
17191,Wayne County,,IL,815,19058,19873,3,4,7,304,255,559,8,0.2205,0.227231,1218.11564,0.000003,0.000011,114,0.000187,0,31,0.166667,0.000387
17193,White County,,IL,732,17447,18179,7,3,10,383,154,537,7,0.262839,0.272834,5470.374263,0.000065,0.00004,114,0.000269,0,31,0.142857,0.000982
17195,Whiteside County,,IL,3271,72462,75733,14,13,27,1701,1685,3386,6,0.326324,0.344458,413.784208,0.002421,0.002093,19,0.00023,0,31,0.505495,0.015924
17197,Will County,,IL,44765,717282,762047,74,112,186,59733,36196,95929,6,0.404798,0.440225,11328.959643,0.036895,0.049433,19,0.000851,0,31,0.406314,0.25719
17199,Williamson County,,IL,4115,68348,72463,15,11,26,2589,2027,4616,6,0.329062,0.347611,19552.157558,0.002549,0.001876,49,0.000373,0,31,0.371429,0.017414
17201,Winnebago County,,IL,14957,335152,350109,34,48,82,10372,8744,19116,6,0.367574,0.396141,2770.956128,0.011419,0.019746,19,0.000424,0,31,0.396104,0.078315
17203,Woodford County,,IL,2535,43778,46313,6,6,12,1914,1584,3498,7,0.267811,0.279246,5.213261,0.000286,0.000256,19,0.000148,0,31,0.7,0.002417
18001,Adams County,,IN,1817,41394,43211,6,6,12,780,941,1721,7,0.299391,0.313764,38.242721,0.000282,0.000721,114,0.000141,0,31,0.47619,0.001751
18003,Allen County,,IN,17870,406454,424324,59,76,135,9906,10872,20778,6,0.383964,0.415627,40940.811594,0.019203,0.030542,114,0.000759,0,31,0.392201,0.128082
18005,Bartholomew County,,IN,4935,84961,89896,14,11,25,2684,2551,5235,7,0.29899,0.31362,332.955405,0.002232,0.001074,114,0.000289,0,31,0.452381,0.016775
18007,Benton County,,IN,915,10559,11474,3,3,6,399,461,860,7,0.27367,0.284443,1.037037,0.000161,0.000104,114,0.000095,0,31,0.583333,0.001107
18009,Blackford County,,IN,950,16117,17067,4,4,8,496,471,967,7,0.248714,0.257603,2.533914,0.000049,0.00004,114,0.000114,0,31,0.5,0.000691
18011,Boone County,,IN,3954,59255,63209,7,8,15,3131,2234,5365,6,0.327576,0.345664,67.172594,0.001075,0.002058,114,0.000167,0,31,0.785714,0.008527
18013,Brown County,,IN,1517,18186,19703,6,5,11,872,962,1834,7,0.298652,0.312299,0.772756,0.000756,0.00071,114,0.000156,0,31,0.833333,0.005726
18015,Carroll County,,IN,1569,23945,25514,6,5,11,1103,950,2053,7,0.273903,0.285063,1.69359,0.000771,0.000138,114,0.000154,0,31,0.8,0.005532
18017,Cass County,,IN,2555,46194,48749,8,9,17,1055,1426,2481,7,0.29899,0.313391,356.069158,0.000772,0.001038,114,0.000192,0,31,0.513889,0.005714
18019,Clark County,,IN,8219,114260,122479,12,12,24,6335,5693,12028,7,0.303113,0.318956,253.660212,0.001188,0.001137,114,0.000312,0,31,0.39011,0.009449
18021,Clay County,,IN,1822,31694,33516,7,8,15,1151,1199,2350,7,0.29896,0.313161,6.037533,0.000641,0.00066,114,0.000175,0,31,0.625,0.005053
18023,Clinton County,,IN,2158,38378,40536,7,7,14,897,1258,2155,7,0.298867,0.312931,45.86182,0.001019,0.001031,114,0.000171,0,31,0.714286,0.008013
18025,Crawford County,,IN,806,11889,12695,6,5,11,536,477,1013,8,0.233242,0.241209,403.198755,0.000494,0.000028,114,0.000195,0,31,0.619048,0.004007
18027,Daviess County,,IN,1374,34153,35527,6,8,14,535,670,1205,7,0.299701,0.314172,324.169366,0.000081,0.000689,114,0.000186,0,31,0.535714,0.001053
18029,Dearborn County,,IN,3611,58039,61650,10,12,22,2731,2459,5190,7,0.302449,0.318215,4187.300914,0.001516,0.001511,116,0.000259,0,31,0.507576,0.010335
18031,Decatur County,,IN,1731,31151,32882,8,8,16,1085,973,2058,7,0.298867,0.313046,624.025045,0.000632,0.000605,114,0.000206,0,31,0.5,0.005113
18033,DeKalb County,,IN,3120,49924,53044,7,9,16,2001,1939,3940,7,0.299731,0.314568,48.757137,0.000286,0.000817,114,0.000163,0,31,0.533333,0.001905
18035,Delaware County,,IN,7450,120475,127925,17,22,39,3016,4110,7126,6,0.330524,0.351212,6033.327744,0.002793,0.003516,114,0.00029,0,31,0.424242,0.019242
18037,Dubois County,,IN,2290,51870,54160,10,12,22,1005,1189,2194,7,0.299824,0.31489,8245.550072,0.000661,0.000684,114,0.000295,0,31,0.280303,0.005314
18039,Elkhart County,,IN,10152,219244,229396,26,27,53,6919,6183,13102,6,0.349765,0.373805,3245.841551,0.008518,0.008026,114,0.000348,0,31,0.403361,0.057932
18041,Fayette County,,IN,1590,27955,29545,5,7,12,704,856,1560,7,0.298867,0.312931,40.323235,0.000043,0.000589,114,0.000141,0,31,0.52381,0.000698
18043,Floyd County,,IN,6581,81650,88231,10,12,22,4865,4924,9789,7,0.303081,0.318898,2460.465797,0.001165,0.001539,114,0.000286,0,31,0.384615,0.009122
18045,Fountain County,,IN,1491,20790,22281,6,7,13,807,981,1788,7,0.299021,0.31319,324.805347,0.000761,0.000671,114,0.000184,0,31,0.5,0.005342
18047,Franklin County,,IN,1485,28352,29837,8,8,16,1145,949,2094,7,0.302166,0.317267,679.715041,0.000793,0.001218,116,0.000188,0,31,0.486111,0.005297
18049,Fulton County,,IN,1640,24512,26152,7,10,17,862,923,1785,7,0.299453,0.314195,81.717857,0.000268,0.000905,114,0.000159,0,31,0.472727,0.001973
18051,Gibson County,,IN,2020,39040,41060,7,7,14,1043,1145,2188,7,0.299639,0.313913,3162.266053,0.000084,0.000604,114,0.000269,0,31,0.464286,0.001142
18053,Grant County,,IN,3943,77716,81659,12,12,24,1434,1942,3376,7,0.299577,0.314798,1380.108527,0.001254,0.001233,114,0.000218,0,31,0.532051,0.00976
18055,Greene County,,IN,2105,36916,39021,10,10,20,1412,1377,2789,7,0.299237,0.31381,1437.950529,0.000765,0.000687,114,0.000236,0,31,0.427273,0.005957
18057,Hamilton County,,IN,19386,260332,279718,103,68,171,22758,13624,36382,6,0.390264,0.421278,26645.327507,0.043439,0.030312,114,0.001292,0,31,0.415392,0.304964
18059,Hancock County,,IN,4997,74733,79730,12,11,23,5324,3425,8749,7,0.299021,0.313678,21.354129,0.001263,0.001142,114,0.000229,0,31,0.608974,0.009926
18061,Harrison County,,IN,2484,44112,46596,7,6,13,1847,1504,3351,7,0.291952,0.305262,966.367319,0.000508,0.000485,114,0.000228,0,31,0.571429,0.004255
18063,Hendricks County,,IN,10460,138768,149228,25,18,43,10588,6964,17552,6,0.344288,0.366046,1765.559826,0.005325,0.005765,114,0.000407,0,31,0.424138,0.038135
18065,Henry County,,IN,3072,57257,60329,8,10,18,1634,1734,3368,7,0.299515,0.314453,345.634908,0.000922,0.00114,114,0.000167,0,31,0.633333,0.007651
18067,Howard County,,IN,4974,102919,107893,16,15,31,2873,2622,5495,7,0.30362,0.320535,1296.973755,0.002554,0.002151,114,0.000279,0,31,0.438596,0.017935
18069,Huntington County,,IN,2386,46001,48387,5,8,13,1154,1283,2437,7,0.29933,0.313879,6.187973,0.000273,0.001079,114,0.000125,0,31,0.553571,0.001703
18071,Jackson County,,IN,2529,49055,51584,8,11,19,1491,1555,3046,7,0.299175,0.313965,74.67737,0.000653,0.000749,114,0.000232,0,31,0.481818,0.005509
18073,Jasper County,,IN,2234,36697,38931,9,9,18,1504,1322,2826,7,0.299175,0.313735,457.891607,0.001922,0.000928,19,0.000184,0,31,0.5,0.012108
18075,Jay County,,IN,1399,25523,26922,7,7,14,648,760,1408,7,0.299083,0.313333,906.141495,0.000635,0.000585,114,0.000168,0,31,0.357143,0.004841
18077,Jefferson County,,IN,1837,36646,38483,11,11,22,964,908,1872,7,0.302229,0.317876,1188.489901,0.001093,0.001052,114,0.000314,0,31,0.363636,0.008688
18079,Jennings County,,IN,2236,32217,34453,8,8,16,1342,1497,2839,7,0.298898,0.313103,37.359917,0.000658,0.000654,114,0.000219,0,31,0.589286,0.005507
18081,Johnson County,,IN,12071,144337,156408,24,22,46,10732,8756,19488,6,0.346383,0.368809,2899.462865,0.006359,0.004571,114,0.000431,0,31,0.401667,0.046676
18083,Knox County,,IN,1990,41157,43147,9,8,17,797,827,1624,7,0.299793,0.314258,8467.650689,0.000696,0.0006,114,0.000245,0,31,0.388889,0.00542
18085,Kosciusko County,,IN,5014,91215,96229,17,15,32,2775,2828,5603,6,0.332379,0.352314,2636.391694,0.00273,0.002868,114,0.000281,0,31,0.368421,0.020417
18087,LaGrange County,,IN,2365,43696,46061,7,7,14,1457,1532,2989,7,0.299577,0.314051,14.091082,0.000365,0.000806,114,0.000151,0,31,0.642857,0.002591
18089,Lake County,,IN,27350,546441,573791,45,68,113,21622,20212,41834,6,0.38483,0.416069,7955.91581,0.020512,0.034626,19,0.000526,0,31,0.510175,0.137337
18091,LaPorte County,,IN,5151,122099,127250,12,14,26,3312,2734,6046,6,0.341814,0.362635,192.403235,0.00349,0.005537,19,0.000181,0,31,0.705882,0.021869
18093,Lawrence County,,IN,2347,52968,55315,7,8,15,1242,1319,2561,7,0.298929,0.313161,2338.067652,0.000714,0.000661,114,0.000191,0,31,0.416667,0.005329
18095,Madison County,,IN,7390,148698,156088,14,18,32,4150,4247,8397,7,0.31104,0.329167,149.420401,0.001889,0.003653,114,0.000255,0,31,0.47076,0.015924
18097,Marion County,,IN,66020,967648,1033668,202,190,392,47949,56066,104015,6,0.425451,0.467861,243114.219111,0.068946,0.072463,114,0.002728,0,31,0.240328,0.484131
18099,Marshall County,,IN,3127,54362,57489,10,9,19,1870,1804,3674,6,0.327761,0.346066,612.617569,0.002252,0.001784,114,0.000181,0,31,0.636364,0.014898
18101,Martin County,,IN,684,12066,12750,4,5,9,286,347,633,7,0.267318,0.278118,6.728995,0.000022,0.000091,114,0.000131,0,31,0.533333,0.000543
18103,Miami County,,IN,2748,40219,42967,6,8,14,1161,1578,2739,7,0.29899,0.313276,6.479944,0.000072,0.000969,114,0.000142,0,31,0.642857,0.001108
18105,Monroe County,,IN,10604,112066,122670,38,34,72,5191,5580,10771,6,0.363614,0.389904,9689.977779,0.009905,0.014247,114,0.0006,0,31,0.339963,0.067086
18107,Montgomery County,,IN,2186,43006,45192,9,9,18,1132,1193,2325,7,0.298929,0.313276,13.351413,0.000852,0.001067,114,0.00021,0,31,0.622222,0.006292
18109,Morgan County,,IN,5604,80063,85667,11,10,21,4387,3844,8231,7,0.298867,0.313276,14.060168,0.001062,0.001111,114,0.000248,0,31,0.532051,0.009027
18111,Newton County,,IN,1212,16746,17958,5,6,11,861,757,1618,7,0.281967,0.294361,237.679341,0.001381,0.000359,19,0.000109,0,31,0.595238,0.009018
18113,Noble County,,IN,3249,53613,56862,8,8,16,2160,2268,4428,7,0.299577,0.314166,153.591543,0.001072,0.000808,114,0.000166,0,31,0.625,0.006363
18115,Ohio County,,IN,552,6847,7399,3,2,5,447,312,759,8,0.232309,0.23928,0,0.000531,0.000017,116,0.000115,0,31,0.833333,0.003503
18117,Orange County,,IN,1130,21482,22612,6,5,11,567,529,1096,8,0.232905,0.240807,21.857679,0.000028,0.000028,114,0.000202,0,31,0.428571,0.000854
18119,Owen County,,IN,2005,23087,25092,8,9,17,1404,1424,2828,7,0.299021,0.313391,7.137676,0.000807,0.000747,114,0.000191,0,31,0.688889,0.006226
18121,Parke County,,IN,1161,16873,18034,7,7,14,657,750,1407,7,0.298867,0.312874,177.668883,0.000644,0.000646,114,0.000178,0,31,0.625,0.005046
18123,Perry County,,IN,1014,20782,21796,3,5,8,362,511,873,7,0.263842,0.274195,168.373814,0.000006,0.000052,114,0.000147,0,31,0.6,0.000347
18125,Pike County,,IN,954,14476,15430,4,5,9,425,573,998,7,0.262839,0.273207,4.86654,0.000021,0.000052,114,0.00015,0,31,0.75,0.000506
18127,Porter County,,IN,11172,179600,190772,22,24,46,9949,6916,16865,6,0.348924,0.372037,1291.454334,0.009649,0.009556,19,0.000294,0,31,0.578818,0.064997
18129,Posey County,,IN,1903,31236,33139,3,4,7,1091,1137,2228,7,0.262672,0.27269,2.434524,0.000077,0.000046,114,0.000127,0,31,0.666667,0.000665
18131,Pulaski County,,IN,997,15421,16418,8,7,15,592,613,1205,7,0.273903,0.285419,22.362923,0.000475,0.000159,114,0.000183,0,31,0.482143,0.002999
18133,Putnam County,,IN,2665,38928,41593,10,11,21,1955,1756,3711,7,0.29899,0.313563,10.90656,0.00097,0.001137,114,0.000229,0,31,0.654545,0.008543
18135,Randolph County,,IN,1928,30820,32748,5,6,11,1129,1181,2310,7,0.299021,0.313103,19.473363,0.000073,0.000608,114,0.000123,0,31,0.6,0.000899
18137,Ripley County,,IN,2004,31883,33887,9,8,17,1384,1168,2552,7,0.302166,0.317296,931.837988,0.001168,0.001055,116,0.000236,0,31,0.444444,0.008473
18139,Rush County,,IN,1330,20914,22244,6,7,13,770,831,1601,7,0.298806,0.312816,603.018141,0.000618,0.00059,114,0.000151,0,31,0.547619,0.004773
18141,St. Joseph County,,IN,15564,298497,314061,38,53,91,8018,9699,17717,6,0.384066,0.413209,6091.045664,0.016517,0.02589,114,0.000446,0,31,0.554372,0.108377
18143,Scott County,,IN,1530,25693,27223,8,7,15,1179,1009,2188,7,0.291717,0.30529,66.641256,0.000516,0.000482,114,0.00023,0,31,0.553571,0.004492
18145,Shelby County,,IN,3308,50743,54051,9,10,19,1977,2189,4166,7,0.299021,0.313563,16.931747,0.000922,0.001101,114,0.000205,0,31,0.509091,0.008074
18147,Spencer County,,IN,1387,24653,26040,5,5,10,925,874,1799,7,0.263842,0.274195,175.701197,0.000089,0.000057,114,0.000169,0,31,0.7,0.000961
18149,Starke County,,IN,1611,26162,27773,9,6,15,1333,945,2278,7,0.281474,0.293428,89.878432,0.001646,0.000424,114,0.000164,0,31,0.597222,0.01053
18151,Steuben County,,IN,2685,38037,40722,8,7,15,1453,1386,2839,7,0.299453,0.313994,50.306656,0.000358,0.000736,114,0.000156,0,31,0.472222,0.002591
18153,Sullivan County,,IN,1316,22963,24279,3,5,8,579,696,1275,7,0.299052,0.312891,1.586447,0.00004,0.0006,114,0.000112,0,31,0.85,0.00062
18155,Switzerland County,,IN,680,9931,10611,5,4,9,397,349,746,8,0.233768,0.24168,17.404907,0.000548,0.000035,116,0.000176,0,31,0.55,0.003836
18157,Tippecanoe County,,IN,12380,149817,162197,46,52,98,6690,6681,13371,6,0.376541,0.405674,26492.230847,0.010873,0.018825,114,0.000745,0,31,0.297619,0.076368
18159,Tipton County,,IN,1296,20155,21451,4,5,9,730,853,1583,7,0.298806,0.312587,0,0.000871,0.001024,114,0.000107,0,31,1,0.007041
18161,Union County,,IN,694,8545,9239,4,5,9,385,448,833,7,0.275672,0.287331,136.477275,0.000275,0.000204,114,0.000108,0,31,0.6,0.001688
18163,Vanderburgh County,,IN,10947,195577,206524,27,29,56,6246,6667,12913,6,0.355812,0.380898,64064.438071,0.004928,0.007966,114,0.000705,0,31,0.254762,0.036755
18165,Vermillion County,,IN,1236,19041,20277,4,5,9,718,681,1399,7,0.298929,0.312759,4.923947,0.000055,0.000611,114,0.000124,0,31,0.65,0.000814
18167,Vigo County,,IN,6934,110359,117293,20,22,42,2872,3778,6650,6,0.342136,0.363944,15026.940335,0.003776,0.003671,114,0.000398,0,31,0.325,0.026536
18169,Wabash County,,IN,2082,40294,42376,6,9,15,856,1181,2037,7,0.299391,0.314108,350.401814,0.000875,0.000767,114,0.000131,0,31,0.583333,0.005849
18171,Warren County,,IN,663,10128,10791,4,2,6,461,318,779,7,0.273645,0.28427,1.313095,0.000172,0.000093,114,0.000127,0,31,0.583333,0.001201
18173,Warrick County,,IN,4461,65259,69720,8,9,17,3391,2753,6144,7,0.30267,0.318295,1253.305825,0.000673,0.001042,114,0.000241,0,31,0.458333,0.005166
18175,Washington County,,IN,1853,31221,33074,10,7,17,1210,1207,2417,7,0.291688,0.305204,1755.649723,0.001085,0.000468,114,0.000286,0,31,0.5,0.008432
18177,Wayne County,,IN,4034,80163,84197,12,16,28,1529,1908,3437,6,0.333563,0.353538,2129.156072,0.001317,0.002728,114,0.000219,0,31,0.375,0.009049
18179,Wells County,,IN,1877,32130,34007,5,7,12,1121,1101,2222,7,0.299268,0.313649,336.269443,0.000264,0.000719,114,0.000137,0,31,0.47619,0.001611
18181,White County,,IN,2126,29613,31739,8,6,14,935,1195,2130,7,0.298929,0.312931,231.226927,0.002038,0.000672,114,0.000174,0,31,0.607143,0.013402
18183,Whitley County,,IN,2205,38815,41020,7,6,13,1719,1442,3161,7,0.299237,0.313477,7.297497,0.000302,0.000742,114,0.00015,0,31,0.589286,0.002049
19001,Adair County,,IA,581,9313,9894,4,5,9,227,308,535,6,0.283509,0.295049,4.666667,0.000244,0.000282,19,0.000192,0,31,0.65,0.002241
19003,Adams County,,IA,336,4961,5297,1,1,2,73,63,136,7,0.220886,0.226168,0,0.000002,0.000002,19,0.0001,0,31,0,0.000114
19005,Allamakee County,,IA,835,16896,17731,2,3,5,179,220,399,7,0.221798,0.227983,5.108954,0.000002,0.000002,19,0.00011,0,31,0.666667,0.000206
19007,Appanoose County,,IA,749,14436,15185,2,3,5,111,199,310,6,0.283592,0.294963,1454.799439,0.000003,0.000255,19,0.00014,0,31,0.5,0.000327
19009,Audubon County,,IA,367,7614,7981,2,1,3,101,55,156,7,0.226843,0.232392,0.5,0.000007,0.000002,49,0.000133,0,31,0,0.000225
19011,Benton County,,IA,1844,30511,32355,5,7,12,1273,1195,2468,6,0.285209,0.297703,30.591479,0.000255,0.000435,19,0.000167,0,31,0.595238,0.001992
19013,Black Hawk County,,IA,7462,135955,143417,24,28,52,3294,4095,7389,6,0.349976,0.373357,27100.936945,0.003498,0.005283,19,0.000636,0,31,0.262097,0.025147
19015,Boone County,,IA,1840,30543,32383,6,5,11,1023,972,1995,6,0.28362,0.295222,7.383333,0.000337,0.000319,19,0.000227,0,31,0.666667,0.003071
19017,Bremer County,,IA,1545,26801,28346,5,6,11,863,831,1694,6,0.284789,0.297054,598.178654,0.000384,0.000359,19,0.000212,0,31,0.5,0.003102
19019,Buchanan County,,IA,1321,24363,25684,5,3,8,678,676,1354,7,0.267318,0.277819,2.509524,0.000155,0.000104,19,0.000165,0,31,0.6,0.00133
19021,Buena Vista County,,IA,1655,22732,24387,5,8,13,306,528,834,6,0.333257,0.351878,5131.989579,0.000014,0.001332,19,0.000179,0,31,0.152778,0.000527
19023,Butler County,,IA,893,18096,18989,3,2,5,496,324,820,7,0.259292,0.268308,0.333333,0.000047,0.000031,19,0.000119,0,31,0.666667,0.000541
19025,Calhoun County,,IA,731,12136,12867,2,2,4,220,233,453,6,0.283537,0.294705,2.25,0.000008,0.00024,19,0.000096,0,31,0.666667,0.000258
19027,Carroll County,,IA,1225,26186,27411,5,7,12,281,464,745,6,0.293636,0.306478,3796.304279,0.000668,0.000607,19,0.00016,0,31,0.285714,0.005021
19029,Cass County,,IA,895,16184,17079,4,4,8,241,255,496,6,0.293368,0.305674,4109.503087,0.000261,0.00057,49,0.000239,0,31,0.5,0.002318
19031,Cedar County,,IA,1484,21814,23298,5,5,10,924,834,1758,7,0.27295,0.284573,8.689691,0.000319,0.000226,19,0.00013,0,31,0.666667,0.002261
19033,Cerro Gordo County,,IA,2709,51551,54260,10,12,22,919,1257,2176,6,0.332037,0.351011,23734.770514,0.000457,0.001604,19,0.000367,0,31,0.295455,0.003996
19035,Cherokee County,,IA,827,14963,15790,4,4,8,252,258,510,7,0.265071,0.27474,1375.902967,0.000076,0.000046,134,0.000147,0,31,0.2,0.000732
19037,Chickasaw County,,IA,797,15301,16098,4,3,7,267,297,564,7,0.259385,0.268624,769.555652,0.000047,0.000031,19,0.000176,0,31,0.25,0.000631
19039,Clarke County,,IA,971,10315,11286,5,3,8,402,363,765,6,0.283426,0.294647,3.5,0.000247,0.000242,19,0.000259,0,31,0.55,0.002363
19041,Clay County,,IA,1291,20314,21605,5,6,11,452,500,952,6,0.286137,0.298823,4439.426259,0.000076,0.000348,134,0.000213,0,31,0.333333,0.000852
19043,Clayton County,,IA,1147,22084,23231,6,6,12,432,559,991,7,0.26717,0.278072,3345.104286,0.000137,0.000098,19,0.000201,0,31,0.3,0.001338
19045,Clinton County,,IA,2748,57621,60369,7,10,17,1295,1398,2693,6,0.331771,0.350465,906.130788,0.001271,0.001672,19,0.000157,0,31,0.554545,0.008961
19047,Crawford County,,IA,1046,19345,20391,3,5,8,148,328,476,6,0.284454,0.296635,2152.793858,0.001104,0.000302,19,0.000097,0,31,0.404762,0.007747
19049,Dallas County,,IA,5093,57371,62464,20,11,31,5225,3225,8450,6,0.342904,0.36314,3916.992107,0.004709,0.00298,19,0.000501,0,31,0.409091,0.034742
19051,Davis County,,IA,533,9457,9990,1,1,2,194,111,305,7,0.222001,0.227796,0,0.000003,0.000015,19,0.000091,0,31,0,0.000221
19053,Decatur County,,IA,644,8028,8672,3,2,5,214,164,378,6,0.283398,0.294475,0.333333,0.000242,0.00024,19,0.000164,0,31,0.666667,0.00212
19055,Delaware County,,IA,1049,21757,22806,4,6,10,474,603,1077,6,0.284454,0.296675,49.667169,0.00013,0.000333,19,0.000147,0,31,0.5,0.001123
19057,Des Moines County,,IA,2364,47252,49616,8,10,18,955,958,1913,6,0.287783,0.301465,5168.692524,0.000355,0.000586,19,0.000224,0,31,0.340909,0.0033
19059,Dickinson County,,IA,1220,19961,21181,6,4,10,473,343,816,6,0.285968,0.298248,4254.641049,0.000388,0.000346,134,0.000212,0,31,0.4,0.003586
19061,Dubuque County,,IA,4187,106821,111008,14,15,29,1962,2162,4124,6,0.341613,0.362198,3310.559955,0.002173,0.003024,19,0.000308,0,31,0.367647,0.015263
19063,Emmet County,,IA,691,11848,12539,1,3,4,71,213,284,7,0.23538,0.242737,100.262636,0.000003,0.000009,134,0.000096,0,31,0,0.000126
19065,Fayette County,,IA,1235,23420,24655,7,6,13,616,506,1122,6,0.284566,0.296876,2544.113915,0.000151,0.000343,19,0.000256,0,31,0.410714,0.001528
19067,Floyd County,,IA,1074,19047,20121,3,5,8,306,386,692,6,0.283953,0.295882,399.437503,0.000013,0.00027,19,0.000159,0,31,0.5,0.000331
19069,Franklin County,,IA,644,12302,12946,3,2,5,188,156,344,7,0.249398,0.257325,2.57619,0.000058,0.000007,19,0.00012,0,31,0.666667,0.000582
19071,Fremont County,,IA,521,8710,9231,5,4,9,294,206,500,7,0.289159,0.300945,5.346703,0.000393,0.000339,49,0.000159,0,31,0.6,0.003027
19073,Greene County,,IA,688,11532,12220,4,4,8,231,240,471,6,0.283454,0.29482,0.908333,0.000269,0.000318,19,0.000171,0,31,0.8,0.00255
19075,Grundy County,,IA,918,15050,15968,3,5,8,425,486,911,6,0.283731,0.29548,1.47619,0.000049,0.000273,19,0.000111,0,31,0.7,0.000577
19077,Guthrie County,,IA,929,13225,14154,3,3,6,405,412,817,6,0.283426,0.294647,0.333333,0.000264,0.000277,19,0.000146,0,31,0.833333,0.002405
19079,Hamilton County,,IA,1119,18999,20118,5,5,10,493,471,964,6,0.283648,0.295279,1522.916557,0.000313,0.000282,19,0.000171,0,31,0.633333,0.002665
19081,Hancock County,,IA,905,13994,14899,4,4,8,392,332,724,6,0.283759,0.295365,238.393259,0.000017,0.000242,19,0.000157,0,31,0.35,0.000418
19083,Hardin County,,IA,1290,20407,21697,6,7,13,454,557,1011,6,0.283814,0.295882,610.755762,0.000354,0.000312,19,0.000203,0,31,0.52381,0.002975
19085,Harrison County,,IA,983,17746,18729,4,5,9,474,529,1003,7,0.29322,0.305471,105.862169,0.000526,0.000473,49,0.000132,0,31,0.5,0.003841
19087,Henry County,,IA,1389,22250,23639,7,8,15,654,663,1317,6,0.285574,0.298334,2212.199894,0.000118,0.000409,19,0.000196,0,31,0.444444,0.001402
19089,Howard County,,IA,641,12049,12690,2,2,4,107,174,281,8,0.211101,0.216593,7.035714,0.000001,0,19,0.000115,0,31,0,0.000192
19091,Humboldt County,,IA,684,12095,12779,2,4,6,163,236,399,6,0.283786,0.295394,1941.05371,0.000005,0.00024,19,0.000099,0,31,0.416667,0.000215
19093,Ida County,,IA,487,8829,9316,2,2,4,123,109,232,7,0.264926,0.274166,59.605875,0.000061,0.000045,134,0.000094,0,31,0.333333,0.00053
19095,Iowa County,,IA,1032,20079,21111,5,4,9,623,491,1114,7,0.270759,0.281914,10.210843,0.000216,0.000169,19,0.000166,0,31,0.5,0.001784
19097,Jackson County,,IA,1179,24386,25565,5,5,10,677,683,1360,7,0.271443,0.282701,39.3525,0.000133,0.00016,19,0.000143,0,31,0.5,0.001216
19099,Jasper County,,IA,2425,43450,45875,8,8,16,1162,1273,2435,6,0.284454,0.296904,18.487799,0.000424,0.000401,19,0.000272,0,31,0.583333,0.003635
19101,Jefferson County,,IA,1087,16689,17776,4,6,10,312,426,738,6,0.284649,0.296795,774.14042,0.000008,0.000345,19,0.000163,0,31,0.5,0.000536
19103,Johnson County,,IA,11754,119278,131032,44,37,81,6257,6172,12429,6,0.36334,0.390271,37370.852141,0.01131,0.013057,19,0.000847,0,31,0.283019,0.080154
19105,Jones County,,IA,1275,22534,23809,5,4,9,683,654,1337,7,0.270759,0.281914,12.536006,0.000134,0.000167,19,0.000153,0,31,0.566667,0.001231
19107,Keokuk County,,IA,781,12635,13416,5,5,10,306,358,664,7,0.266924,0.277785,12.023004,0.000114,0.000112,19,0.000201,0,31,0.366667,0.00133
19109,Kossuth County,,IA,899,20198,21097,2,4,6,90,230,320,6,0.283842,0.29544,246.725533,0.000002,0.000238,19,0.000106,0,31,0.2,0.000187
19111,Lee County,,IA,2041,40854,42895,6,10,16,780,985,1765,6,0.287441,0.300827,8574.075856,0.000112,0.000479,19,0.00022,0,31,0.322222,0.001199
19113,Linn County,,IA,11153,232904,244057,40,42,82,6795,6543,13338,6,0.36375,0.390719,60348.373408,0.009304,0.012926,19,0.000876,0,31,0.248571,0.068077
19115,Louisa County,,IA,994,13257,14251,2,5,7,263,566,829,7,0.267539,0.278227,2.952861,0.000009,0.000099,19,0.000086,0,31,0.65,0.000248
19117,Lucas County,,IA,602,9943,10545,3,3,6,207,226,433,6,0.283454,0.294705,1447.150561,0.00024,0.000243,19,0.000161,0,31,0.583333,0.00214
19119,Lyon County,,IA,721,14143,14864,2,3,5,218,331,549,7,0.268108,0.278473,0,0.000089,0.000115,134,0.000115,0,31,0.833333,0.001071
19121,Madison County,,IA,1220,16845,18065,4,6,10,728,659,1387,6,0.283537,0.295222,3.833333,0.000267,0.000284,19,0.000185,0,31,0.6,0.00253
19123,Mahaska County,,IA,1374,24757,26131,8,6,14,754,624,1378,6,0.283759,0.295652,86.240278,0.000357,0.000262,19,0.000285,0,31,0.5,0.003379
19125,Marion County,,IA,2082,37422,39504,9,8,17,1043,1071,2114,6,0.283731,0.295825,322.19061,0.000345,0.000303,19,0.000357,0,31,0.458333,0.003522
19127,Marshall County,,IA,2679,45547,48226,8,12,20,905,1280,2185,6,0.285461,0.298794,217.863722,0.000462,0.000533,19,0.000232,0,31,0.477273,0.003784
19129,Mills County,,IA,1150,16044,17194,4,5,9,810,645,1455,7,0.293191,0.305413,11.333339,0.000528,0.000471,49,0.000139,0,31,0.7,0.003869
19131,Mitchell County,,IA,565,12655,13220,3,3,6,165,139,304,7,0.249441,0.257497,1764.782407,0.000024,0.000004,19,0.000115,0,31,0.166667,0.00037
19133,Monona County,,IA,601,10910,11511,1,2,3,143,188,331,7,0.264902,0.274166,1.469444,0.000061,0.000049,134,0.000064,0,31,0,0.000435
19135,Monroe County,,IA,528,8871,9399,2,4,6,111,298,409,6,0.28362,0.295136,0,0.000006,0.000258,19,0.000129,0,31,1,0.000353
19137,Montgomery County,,IA,784,12599,13383,4,4,8,283,247,530,7,0.289188,0.301003,18.193211,0.000388,0.000337,49,0.000139,0,31,0.65,0.002902
19139,Muscatine County,,IA,2429,49737,52166,7,9,16,1159,1241,2400,6,0.286702,0.299759,1295.987319,0.000351,0.000509,19,0.000171,0,31,0.541667,0.002689
19141,O'Brien County,,IA,1006,17276,18282,4,5,9,282,345,627,7,0.268405,0.279237,3468.799597,0.000006,0.000112,134,0.000173,0,31,0.266667,0.000403
19143,Osceola County,,IA,456,8127,8583,1,2,3,46,98,144,7,0.222717,0.228818,0,0.000001,0.000001,134,0.00008,0,31,1,0.000097
19145,Page County,,IA,917,17375,18292,6,7,13,386,359,745,6,0.293814,0.306708,3700.094953,0.000396,0.000576,49,0.000213,0,31,0.380952,0.00309
19147,Palo Alto County,,IA,641,11154,11795,3,2,5,210,128,338,7,0.265897,0.27557,177.732358,0.000005,0.00004,134,0.00013,0,31,0,0.000283
19149,Plymouth County,,IA,1619,30768,32387,5,6,11,753,756,1509,6,0.286278,0.298966,101.833457,0.000078,0.000393,134,0.000175,0,31,0.52381,0.000859
19151,Pocahontas County,,IA,507,9333,9840,2,3,5,112,126,238,6,0.283842,0.295325,9.291445,0.000013,0.00024,19,0.000091,0,31,0.5,0.000192
19153,Polk County,,IA,23501,452254,475755,117,89,206,19360,16572,35932,5,0.395368,0.427843,222986.625558,0.029648,0.029657,19,0.002504,0,31,0.210159,0.213863
19155,Pottawattamie County,,IA,5917,100089,106006,15,16,31,3809,3783,7592,6,0.335841,0.355588,1555.231141,0.001683,0.002518,49,0.000412,0,31,0.298246,0.012245
19157,Poweshiek County,,IA,1374,20923,22297,5,7,12,434,589,1023,6,0.285097,0.297473,76.251647,0.000249,0.000412,19,0.000195,0,31,0.553571,0.002403
19159,Ringgold County,,IA,422,5710,6132,1,4,5,44,213,257,6,0.283731,0.29521,1192.521577,0.000238,0.000242,19,0.000074,0,31,0.333333,0.001903
19161,Sac County,,IA,697,12743,13440,3,3,6,188,186,374,7,0.25119,0.259332,82.79453,0.000018,0.000006,19,0.000106,0,31,0.25,0.000385
19163,Scott County,,IA,10363,183343,193706,28,32,60,5425,5698,11123,6,0.363249,0.389473,11690.726597,0.007029,0.011634,19,0.000487,0,31,0.415385,0.050502
19165,Shelby County,,IA,838,14971,15809,3,3,6,270,328,598,7,0.288986,0.300601,1754.678411,0.000384,0.000332,49,0.000112,0,31,0.5,0.00278
19167,Sioux County,,IA,1611,37199,38810,6,7,13,557,583,1140,6,0.286278,0.29911,6225.718855,0.000152,0.000398,134,0.000222,0,31,0.321429,0.001782
19169,Story County,,IA,8201,77829,86030,28,27,55,3126,4311,7437,6,0.359693,0.384597,14481.849876,0.004918,0.008426,19,0.000713,0,31,0.303361,0.036764
19171,Tama County,,IA,1260,21473,22733,5,5,10,598,621,1219,6,0.284398,0.296445,2.031746,0.000157,0.000346,19,0.000148,0,31,0.7,0.001361
19173,Taylor County,,IA,507,7317,7824,2,2,4,106,115,221,7,0.232197,0.239022,19.882673,0.000007,0.000003,49,0.000092,0,31,0.333333,0.000224
19175,Union County,,IA,857,13706,14563,5,4,9,324,293,617,6,0.283481,0.294877,5857.166667,0.000244,0.000242,19,0.000234,0,31,0.366667,0.00232
19177,Van Buren County,,IA,522,8525,9047,3,4,7,198,212,410,7,0.22354,0.230358,7.849862,0.00001,0.000017,19,0.000113,0,31,0.5,0.000316
19179,Wapello County,,IA,2396,38740,41136,15,10,25,1079,1021,2100,6,0.285321,0.298277,15849.300113,0.001849,0.00041,19,0.000478,0,31,0.233333,0.013927
19181,Warren County,,IA,3482,49329,52811,7,7,14,2569,2284,4853,6,0.283565,0.295394,11.166667,0.000338,0.000325,19,0.000319,0,31,0.517857,0.003184
19183,Washington County,,IA,1490,25312,26802,5,5,10,716,714,1430,7,0.27081,0.282144,151.115351,0.000213,0.000167,19,0.000157,0,31,0.433333,0.001761
19185,Wayne County,,IA,439,7346,7785,2,2,4,153,98,251,7,0.221021,0.226588,247.176027,0.00024,0.000002,19,0.000114,0,31,0.5,0.001995
19187,Webster County,,IA,2291,42373,44664,8,9,17,748,985,1733,6,0.285013,0.2978,7144.803113,0.000293,0.000401,19,0.000272,0,31,0.322222,0.002836
19189,Winnebago County,,IA,788,13628,14416,3,4,7,233,289,522,7,0.249613,0.257848,1775.104955,0.000015,0.000004,19,0.000162,0,31,0.416667,0.000329
19191,Winneshiek County,,IA,1045,22899,23944,4,5,9,327,294,621,7,0.267416,0.278279,4194.85635,0.000008,0.000104,19,0.000185,0,31,0.233333,0.000431
19193,Woodbury County,,IA,7585,113081,120666,18,30,48,2654,4420,7074,6,0.360094,0.384281,44233.681615,0.005597,0.007652,134,0.000467,0,31,0.293548,0.041134
19195,Worth County,,IA,546,8985,9531,3,2,5,322,211,533,7,0.249398,0.257227,71.725846,0.00002,0.000004,19,0.000124,0,31,0.333333,0.000379
19197,Wright County,,IA,915,15917,16832,3,5,8,174,318,492,6,0.283675,0.295337,6.866667,0.000007,0.000282,19,0.000139,0,31,0.6,0.000338
20001,Allen County,,KS,985,14962,15947,4,5,9,247,356,603,6,0.296002,0.308218,5861.894048,0.00002,0.000466,49,0.000192,0,31,0.35,0.000501
20003,Anderson County,,KS,580,9249,9829,3,4,7,215,260,475,6,0.29576,0.307673,1553.801235,0.000486,0.00047,49,0.000129,0,31,0.583333,0.003572
20005,Atchison County,,KS,1161,17976,19137,6,7,13,415,497,912,6,0.297977,0.310791,2838.714895,0.000604,0.000717,49,0.000153,0,31,0.517857,0.004653
20007,Barber County,,KS,345,5671,6016,0,0,0,0,0,0,0,0,0,0,0,0,20,0.00005,18,61,0,0
20009,Barton County,,KS,1669,30445,32114,6,7,13,471,532,1003,6,0.299114,0.312399,10958.313307,0.000349,0.000708,49,0.000325,0,31,0.392857,0.002465
20011,Bourbon County,,KS,1042,16474,17516,3,3,6,247,311,558,6,0.295971,0.307931,13.80029,0.000491,0.000463,49,0.000111,0,31,0.333333,0.003603
20013,Brown County,,KS,830,11602,12432,3,6,9,168,367,535,6,0.296183,0.3085,235.561697,0.00001,0.000543,49,0.000107,0,31,0.285714,0.000319
20015,Butler County,,KS,4745,66801,71546,8,7,15,3083,2610,5693,6,0.300321,0.314031,232.16089,0.001281,0.001118,49,0.000217,0,31,0.410714,0.008934
20017,Chase County,,KS,224,3168,3392,1,0,1,67,0,67,0,0,0,0,0.000019,0,49,0.000066,0,17,0,0.00015
20019,Chautauqua County,,KS,367,4137,4504,2,1,3,97,69,166,7,0.232197,0.238729,0.333333,0.000015,0.000006,49,0.000091,0,31,0,0.000256
20021,Cherokee County,,KS,1587,22890,24477,5,5,10,713,878,1591,7,0.257224,0.26701,8.150186,0.000067,0.000085,49,0.000161,0,31,0.65,0.00116
20023,Cheyenne County,,KS,145,3463,3608,0,0,0,0,0,0,0,0,0,0,0,0,21,0.00005,19,62,0,0
20025,Clark County,,KS,255,2408,2663,1,1,2,88,58,146,7,0.230886,0.236897,0,0.000007,0.000004,49,0.000074,0,31,0,0.000127
20027,Clay County,,KS,625,10033,10658,3,2,5,234,128,362,7,0.269152,0.279222,0,0.000177,0.000123,49,0.000095,0,31,1,0.001208
20029,Cloud County,,KS,653,10573,11226,2,3,5,127,194,321,7,0.262624,0.272222,5856,0.000011,0.000068,49,0.000157,0,31,0.333333,0.000263
20031,Coffey County,,KS,662,10232,10894,1,2,3,123,161,284,7,0.251517,0.259579,0,0.000019,0.000017,49,0.000066,0,31,1,0.00015
20033,Comanche County,,KS,118,2206,2324,0,0,0,0,0,0,0,0,0,0,0,0,22,0.00005,20,63,0,0
20035,Cowley County,,KS,2634,38117,40751,5,6,11,841,1142,1983,7,0.295219,0.308813,825.149245,0.000385,0.000589,49,0.000164,0,31,0.333333,0.002453
20037,Crawford County,,KS,2955,37799,40754,11,15,26,1237,1544,2781,6,0.300663,0.315874,4821.544682,0.001275,0.001286,49,0.000295,0,31,0.314286,0.009311
20039,Decatur County,,KS,243,3743,3986,0,0,0,0,0,0,0,0,0,0,0,0,23,0.00005,21,64,0,0
20041,Dickinson County,,KS,1655,21851,23506,5,7,12,744,760,1504,7,0.289274,0.302177,410.522439,0.000509,0.000515,49,0.000138,0,31,0.571429,0.003217
20043,Doniphan County,,KS,703,8525,9228,1,3,4,211,362,573,7,0.252348,0.261041,30.812017,0.000027,0.00002,49,0.00007,0,31,0.666667,0.000227
20045,Douglas County,,KS,10418,97399,107817,33,29,62,5322,6101,11423,6,0.36439,0.390116,8857.745252,0.007747,0.012503,49,0.000617,0,31,0.358885,0.054617
20047,Edwards County,,KS,277,3607,3884,1,1,2,41,41,82,8,0.187214,0.190472,12.480385,0.000007,0,49,0.000074,0,31,0,0.000127
20049,Elk County,,KS,227,3288,3515,0,0,0,0,0,0,0,0,0,0,0,0,24,0.00005,22,65,0,0
20051,Ellis County,,KS,2395,29261,31656,10,10,20,594,795,1389,6,0.299299,0.313089,25055.106867,0.00092,0.000842,49,0.000445,0,31,0.218182,0.006468
20053,Ellsworth County,,KS,455,6731,7186,1,0,1,71,0,71,0,0,0,0,0.000011,0,49,0.000076,0,15,0,0.000174
20055,Finney County,,KS,3578,41767,45345,10,18,28,764,1327,2091,6,0.343961,0.36499,32469.204161,0.000475,0.003918,49,0.000375,0,31,0.239474,0.003791
20057,Ford County,,KS,2702,34093,36795,8,10,18,612,794,1406,6,0.300165,0.314031,18493.351882,0.00049,0.000894,49,0.000278,0,31,0.30303,0.003282
20059,Franklin County,,KS,2050,28160,30210,10,7,17,1232,1120,2352,6,0.296274,0.308758,440.341029,0.001157,0.000624,49,0.00026,0,31,0.511111,0.008562
20061,Geary County,,KS,8445,31917,40362,18,37,55,1948,3731,5679,6,0.363477,0.390105,6606.652063,0.008009,0.014117,49,0.000317,0,31,0.587045,0.058243
20063,Gove County,,KS,209,3572,3781,0,0,0,0,0,0,0,0,0,0,0,0,25,0.00005,23,66,0,0
20065,Graham County,,KS,188,3201,3389,0,0,0,0,0,0,0,0,0,0,0,0,26,0.00005,24,67,0,0
20067,Grant County,,KS,716,8777,9493,1,1,2,67,50,117,7,0.255953,0.264133,0,0.000031,0.000004,49,0.000068,0,31,0,0.000134
20069,Gray County,,KS,665,7190,7855,2,2,4,142,183,325,7,0.256044,0.264449,0,0.000039,0.000008,49,0.000092,0,31,1,0.00026
20071,Greeley County,,KS,164,1653,1817,0,0,0,0,0,0,0,0,0,0,0,0,27,0.00005,25,68,0,0
20073,Greenwood County,,KS,585,7529,8114,2,3,5,135,235,370,7,0.286646,0.298525,0.509524,0.000344,0.000251,49,0.000079,0,31,0.666667,0.002019
20075,Hamilton County,,KS,258,2699,2957,0,0,0,0,0,0,0,0,0,0,0,0,28,0.00005,26,69,0,0
20077,Harper County,,KS,516,6885,7401,1,2,3,77,179,256,7,0.286504,0.298123,0,0.000325,0.000237,49,0.000063,0,31,1,0.001869
20079,Harvey County,,KS,2364,38029,40393,5,7,12,1111,1290,2401,6,0.298806,0.311854,27.491199,0.000355,0.000769,49,0.000162,0,31,0.595238,0.002428
20081,Haskell County,,KS,480,4761,5241,1,2,3,42,133,175,7,0.259153,0.268211,0,0.000031,0.000004,49,0.000068,0,31,1,0.000134
20083,Hodgeman County,,KS,176,2312,2488,0,1,1,0,49,49,7,0.230928,0.236988,0,0,0.000004,49,0.00005,0,70,0,0
20085,Jackson County,,KS,1017,15515,16532,5,1,6,760,469,1229,7,0.266263,0.276056,0,0.000112,0.000085,49,0.000147,0,31,0.45,0.001195
20087,Jefferson County,,KS,1674,21410,23084,6,6,12,1155,1103,2258,6,0.297641,0.310102,89.742618,0.000814,0.000701,49,0.000149,0,31,0.666667,0.006033
20089,Jewell County,,KS,249,4037,4286,0,1,1,0,47,47,1,1,1,0,0,0,32,0.00005,27,72,0,0
20091,Johnson County,,KS,40432,576402,616834,149,137,286,35620,31396,67016,5,0.419485,0.455496,161745.863673,0.055981,0.059525,49,0.002301,0,31,0.306358,0.397933
20093,Kearny County,,KS,445,4711,5156,1,1,2,105,119,224,7,0.255953,0.264133,0,0.000031,0.000004,49,0.000068,0,31,0,0.000134
20095,Kingman County,,KS,742,9486,10228,2,3,5,254,390,644,7,0.286589,0.29841,0,0.000342,0.000245,49,0.000082,0,31,0.833333,0.002035
20097,Kiowa County,,KS,310,3478,3788,0,0,0,0,0,0,0,0,0,0,0,0,29,0.00005,28,73,0,0
20099,Labette County,,KS,1266,24138,25404,6,6,12,508,538,1046,7,0.287327,0.300035,115.284279,0.000392,0.000312,49,0.000172,0,31,0.666667,0.002958
20101,Lane County,,KS,155,2212,2367,0,0,0,0,0,0,0,0,0,0,0,0,30,0.00005,29,74,0,0
20103,Leavenworth County,,KS,9804,70994,80798,35,33,68,5292,5188,10480,6,0.351587,0.376625,3576.740791,0.012305,0.011204,49,0.000484,0,31,0.440186,0.086231
20105,Lincoln County,,KS,280,3915,4195,1,1,2,66,60,126,7,0.232439,0.238885,0,0.000011,0.000009,49,0.000076,0,31,0,0.000174
20107,Linn County,,KS,711,10404,11115,3,3,6,419,331,750,6,0.29564,0.307357,1,0.000532,0.000464,49,0.000104,0,31,0.666667,0.003967
20109,Logan County,,KS,247,3379,3626,0,0,0,0,0,0,0,0,0,0,0,0,31,0.00005,30,75,0,0
20111,Lyon County,,KS,3127,38258,41385,8,13,21,659,1319,1978,6,0.335802,0.355473,11322.366455,0.000907,0.002324,49,0.000234,0,31,0.362637,0.006516
20113,McPherson County,,KS,1969,34571,36540,6,7,13,727,833,1560,7,0.286929,0.29953,659.051177,0.000361,0.000319,49,0.000195,0,31,0.52381,0.002526
20115,Marion County,,KS,886,14374,15260,3,3,6,288,389,677,7,0.286561,0.298353,0,0.000334,0.00024,49,0.000107,0,31,1,0.002101
20117,Marshall County,,KS,639,12880,13519,2,2,4,90,106,196,7,0.262434,0.271694,5858.722258,0.000004,0.000059,49,0.000195,0,31,0,0.000194
20119,Meade County,,KS,341,5260,5601,1,0,1,57,0,57,0,0,0,0,0.000021,0,49,0.000066,0,16,0,0.000103
20121,Miami County,,KS,2364,33485,35849,9,8,17,2082,1379,3461,6,0.297702,0.31078,41.988819,0.001387,0.000992,49,0.00023,0,31,0.511111,0.009777
20123,Mitchell County,,KS,501,7580,8081,1,0,1,47,0,47,0,0,0,0,0,0,32,0.000093,27,71,0,0.000086
20125,Montgomery County,,KS,2654,36844,39498,8,13,21,779,1188,1967,6,0.302386,0.317712,5301.301394,0.00077,0.00126,49,0.000268,0,31,0.365385,0.005347
20127,Morris County,,KS,380,6740,7120,0,2,2,0,103,103,7,0.251843,0.260041,0,0,0.000011,49,0.00005,0,76,0,0
20129,Morton County,,KS,361,3926,4287,0,0,0,0,0,0,0,0,0,0,0,0,33,0.00005,31,77,0,0
20131,Nemaha County,,KS,606,12964,13570,2,4,6,155,226,381,6,0.296092,0.308098,386.456428,0.000098,0.000535,49,0.000087,0,31,0.583333,0.000853
20133,Neosho County,,KS,1183,17957,19140,6,6,12,519,482,1001,6,0.298898,0.311883,729.6684,0.000354,0.000699,49,0.00019,0,31,0.595238,0.002517
20135,Ness County,,KS,220,3820,4040,0,0,0,0,0,0,0,0,0,0,0,0,34,0.00005,32,78,0,0
20137,Norton County,,KS,416,5959,6375,1,0,1,46,0,46,0,0,0,0,0,0,36,0.000093,33,79,0,0.000086
20139,Osage County,,KS,1317,18878,20195,5,4,9,838,725,1563,6,0.296122,0.308155,0.6,0.000695,0.000551,49,0.000151,0,31,0.95,0.004942
20141,Osborne County,,KS,287,4874,5161,0,0,0,0,0,0,0,0,0,0,0,0,35,0.00005,34,80,0,0
20143,Ottawa County,,KS,542,7237,7779,1,1,2,225,209,434,7,0.232439,0.238885,0,0.000011,0.000009,49,0.000076,0,31,0,0.000174
20145,Pawnee County,,KS,502,7136,7638,2,1,3,118,102,220,7,0.230263,0.236105,2901,0.000006,0.000003,49,0.000153,0,31,0,0.000206
20147,Phillips County,,KS,448,6847,7295,0,1,1,0,46,46,1,1,1,0,0,0,36,0.00005,33,81,0,0
20149,Pottawatomie County,,KS,1793,21772,23565,3,5,8,700,802,1502,6,0.29688,0.309097,40.599163,0.000154,0.000595,49,0.000124,0,31,0.6,0.001389
20151,Pratt County,,KS,678,10582,11260,4,1,5,194,109,303,7,0.286476,0.297951,2901,0.000344,0.000234,49,0.000164,0,31,0.583333,0.00223
20153,Rawlins County,,KS,221,3102,3323,0,0,0,0,0,0,0,0,0,0,0,0,37,0.00005,35,82,0,0
20155,Reno County,,KS,3713,69929,73642,11,14,25,1481,1791,3272,6,0.332531,0.351637,7847.581094,0.001083,0.002045,49,0.000306,0,31,0.340659,0.007742
20157,Republic County,,KS,352,6237,6589,1,1,2,42,63,105,8,0.208014,0.212716,0,0.000001,0,49,0.000095,0,31,0,0.000092
20159,Rice County,,KS,761,11072,11833,3,3,6,261,298,559,7,0.249763,0.257842,1.583333,0.000025,0.000014,49,0.000132,0,31,0.666667,0.000399
20161,Riley County,,KS,8442,47464,55906,28,26,54,3188,3999,7187,6,0.355507,0.379416,19854.344853,0.007319,0.007426,49,0.000622,0,31,0.373016,0.052004
20163,Rooks County,,KS,351,6100,6451,1,1,2,55,90,145,7,0.230372,0.236363,0,0.000007,0.000007,49,0.000088,0,31,0,0.000154
20165,Rush County,,KS,288,3984,4272,1,2,3,54,85,139,7,0.230464,0.236737,0,0.000007,0.00001,49,0.000088,0,31,1,0.000154
20167,Russell County,,KS,630,7691,8321,1,1,2,60,87,147,7,0.230372,0.236363,0,0.000007,0.000007,49,0.000088,0,31,0,0.000154
20169,Saline County,,KS,3996,62628,66624,14,15,29,1683,2015,3698,6,0.302796,0.318022,21300.307409,0.001136,0.001345,49,0.000454,0,31,0.305147,0.008099
20171,Scott County,,KS,411,5809,6220,1,1,2,76,45,121,7,0.255953,0.264133,0,0.000031,0.000004,49,0.000068,0,31,0,0.000134
20173,Sedgwick County,,KS,25763,518455,544218,88,107,195,14768,16560,31328,6,0.401439,0.43613,142736.864558,0.029153,0.040547,49,0.001616,0,31,0.330285,0.217226
20175,Seward County,,KS,2410,23680,26090,6,12,18,600,938,1538,6,0.324609,0.342557,15457.735038,0.000043,0.002618,49,0.000222,0,31,0.262821,0.000627
20177,Shawnee County,,KS,10231,195034,205265,40,35,75,5840,5765,11605,6,0.362841,0.389243,30137.133396,0.010647,0.01163,49,0.000864,0,31,0.314976,0.078766
20179,Sheridan County,,KS,181,3222,3403,0,0,0,0,0,0,0,0,0,0,0,0,38,0.00005,36,83,0,0
20181,Sherman County,,KS,547,6557,7104,2,0,2,94,0,94,0,0,0,0,0.000006,0,49,0.000089,0,27,0,0.000187
20183,Smith County,,KS,239,5078,5317,0,0,0,0,0,0,0,0,0,0,0,0,39,0.00005,37,84,0,0
20185,Stafford County,,KS,325,5106,5431,1,1,2,46,54,100,8,0.222734,0.228146,0,0.000016,0.000003,49,0.000069,0,31,0.5,0.000166
20187,Stanton County,,KS,243,2466,2709,0,0,0,0,0,0,0,0,0,0,0,0,40,0.00005,38,85,0,0
20189,Stevens County,,KS,544,6387,6931,1,1,2,46,79,125,7,0.245081,0.252397,0,0.000021,0,49,0.000066,0,31,0,0.000103
20191,Sumner County,,KS,2074,27933,30007,4,3,7,1019,1053,2072,7,0.286561,0.298353,1.333333,0.000341,0.000247,49,0.00014,0,31,0.666667,0.002254
20193,Thomas County,,KS,854,8647,9501,0,2,2,0,98,98,7,0.230488,0.23673,0,0,0.000007,49,0.00005,0,86,0,0
20195,Trego County,,KS,272,3737,4009,1,1,2,50,53,103,7,0.230372,0.236363,0,0.000007,0.000007,49,0.000088,0,31,0,0.000154
20197,Wabaunsee County,,KS,549,7815,8364,3,3,6,336,307,643,7,0.26848,0.278873,0,0.000158,0.000145,49,0.000113,0,31,1,0.001389
20199,Wallace County,,KS,131,1862,1993,0,0,0,0,0,0,0,0,0,0,0,0,41,0.00005,39,87,0,0
20201,Washington County,,KS,385,7512,7897,1,1,2,43,49,92,8,0.207895,0.212475,0,0,0,49,0.000133,0,31,0,0.000092
20203,Wichita County,,KS,234,2962,3196,0,0,0,0,0,0,0,0,0,0,0,0,42,0.00005,40,88,0,0
20205,Wilson County,,KS,746,10590,11336,4,3,7,300,286,586,7,0.286674,0.298554,0.69359,0.000351,0.000243,49,0.000124,0,31,0.916667,0.002305
20207,Woodson County,,KS,227,3692,3919,1,1,2,56,50,106,7,0.228414,0.233888,0,0.000004,0,49,0.000083,0,31,0,0.000098
20209,Wyandotte County,,KS,13502,151335,164837,17,18,35,8459,10509,18968,6,0.350398,0.373099,856.678569,0.006796,0.005861,49,0.000304,0,31,0.584416,0.048387
21001,Adair County,,KY,853,16554,17407,3,4,7,243,284,527,7,0.253361,0.262232,2363.955492,0.000469,0.00002,114,0.00014,0,31,0.35,0.00349
21003,Allen County,,KY,1082,18704,19786,5,4,9,642,528,1170,7,0.257384,0.266878,18.109865,0.000074,0.000093,139,0.000217,0,31,0.5,0.001297
21005,Anderson County,,KY,1468,23216,24684,6,6,12,1081,840,1921,7,0.279684,0.291889,33.211741,0.000709,0.00023,114,0.000184,0,31,0.666667,0.005466
21007,Ballard County,,KY,498,9155,9653,1,1,2,214,199,413,8,0.233092,0.239719,0,0.00001,0.000016,5,0.000097,0,31,0,0.000228
21009,Barren County,,KY,2236,42881,45117,8,7,15,1225,1255,2480,7,0.29157,0.305061,8117.764562,0.000497,0.000461,139,0.000361,0,31,0.25,0.004169
21011,Bath County,,KY,674,11555,12229,4,4,8,410,443,853,7,0.279684,0.291602,1910.469712,0.000004,0.000213,114,0.000224,0,31,0.55,0.000439
21013,Bell County,,KY,1563,24799,26362,5,7,12,663,909,1572,7,0.287526,0.3015,2000.834111,0.000551,0.000586,139,0.000179,0,31,0.428571,0.004854
21015,Boone County,,KY,10443,116137,126580,18,17,35,10183,6996,17179,6,0.338623,0.359091,7094.449803,0.004309,0.003447,116,0.000373,0,31,0.442105,0.030646
21017,Bourbon County,,KY,1456,21218,22674,5,6,11,897,907,1804,7,0.27963,0.291774,969.611615,0.000241,0.000222,114,0.000216,0,31,0.566667,0.002171
21019,Boyd County,,KY,3044,51133,54177,7,10,17,1522,1773,3295,7,0.30925,0.326881,4617.336736,0.000266,0.001405,114,0.000236,0,31,0.388889,0.002421
21021,Boyle County,,KY,2174,28681,30855,9,9,18,1317,1349,2666,7,0.293309,0.30772,1251.654199,0.00026,0.00067,114,0.000346,0,31,0.522222,0.002787
21023,Bracken County,,KY,714,10194,10908,5,5,10,342,370,712,7,0.260948,0.270493,41.705661,0.000585,0.000102,116,0.000143,0,31,0.633333,0.004056
21025,Breathitt County,,KY,564,12554,13118,1,2,3,71,134,205,8,0.218771,0.224772,1472.54614,0.000002,0.000002,114,0.000077,0,31,0,0.000111
21027,Breckinridge County,,KY,1184,19786,20970,4,6,10,762,767,1529,7,0.292806,0.306416,1278.757212,0.000577,0.000553,114,0.000125,0,31,0.466667,0.004376
21029,Bullitt County,,KY,5377,77724,83101,9,9,18,5456,4011,9467,7,0.292717,0.306617,23.740741,0.000614,0.00059,114,0.000238,0,31,0.513889,0.005214
21031,Butler County,,KY,719,13480,14199,3,4,7,315,414,729,7,0.25314,0.26187,2.911111,0.000036,0.000026,139,0.000153,0,31,0.5,0.000526
21033,Caldwell County,,KY,685,13956,14641,3,3,6,254,273,527,7,0.273412,0.284406,2832.375179,0.000149,0.000142,5,0.000169,0,31,0.333333,0.001316
21035,Calloway County,,KY,2250,33598,35848,4,8,12,811,866,1677,7,0.306118,0.321612,2942.87887,0.000019,0.001446,5,0.000194,0,31,0.464286,0.000662
21037,Campbell County,,KY,7200,96995,104195,12,11,23,5076,5493,10569,7,0.299391,0.315036,489.30803,0.001758,0.00158,116,0.000248,0,31,0.651515,0.012344
21039,Carlisle County,,KY,398,5839,6237,3,3,6,169,216,385,8,0.23328,0.240397,1303.173839,0.00001,0.000016,5,0.000181,0,31,0.666667,0.000429
21041,Carroll County,,KY,976,12523,13499,8,7,15,558,532,1090,7,0.291658,0.305233,337.783334,0.000513,0.00049,114,0.000252,0,31,0.428571,0.004472
21043,Carter County,,KY,1086,28214,29300,5,5,10,568,449,1017,7,0.280035,0.292308,5767.253667,0.000021,0.000213,114,0.000239,0,31,0.3,0.000571
21045,Casey County,,KY,649,15333,15982,3,4,7,222,309,531,8,0.228109,0.235686,5.86039,0.000013,0.000018,114,0.000154,0,31,0.5,0.000429
21047,Christian County,,KY,16151,70022,86173,42,49,91,6356,9353,15709,6,0.375372,0.404554,22526.943632,0.017004,0.017769,139,0.000649,0,31,0.449832,0.122639
21049,Clark County,,KY,2487,37079,39566,8,8,16,1580,1256,2836,7,0.29322,0.307461,492.254334,0.000254,0.000666,114,0.000338,0,31,0.513889,0.002626
21051,Clay County,,KY,858,17813,18671,1,3,4,177,428,605,8,0.227038,0.233917,70.218109,0.000005,0.000012,114,0.000098,0,31,0.5,0.000194
21053,Clinton County,,KY,447,9582,10029,2,1,3,169,86,255,9,0.185124,0.188824,3.72619,0,0,114,0.000169,0,31,0,0.000179
21055,Crittenden County,,KY,502,9315,9817,2,1,3,91,73,164,9,0.189154,0.192921,15.375942,0.000001,0,114,0.000093,0,31,0.333333,0.000197
21057,Cumberland County,,KY,387,6620,7007,0,2,2,0,92,92,8,0.225914,0.232275,0,0,0.000004,114,0.00005,0,89,0,0
21059,Daviess County,,KY,4443,105785,110228,14,13,27,2075,2150,4225,7,0.304672,0.320676,9332.455055,0.000813,0.001349,114,0.000439,0,31,0.295238,0.006784
21061,Edmonson County,,KY,660,12103,12763,5,3,8,471,400,871,7,0.253074,0.261612,3.25,0.000499,0.000024,139,0.000198,0,31,0.6,0.003893
21063,Elliott County,,KY,269,5986,6255,2,2,4,96,121,217,8,0.218903,0.224909,9.211952,0.000002,0,114,0.000136,0,31,0,0.000195
21065,Estill County,,KY,766,14676,15442,3,4,7,336,455,791,7,0.279576,0.29143,2.269048,0.000015,0.000223,114,0.000184,0,31,0.833333,0.000445
21067,Fayette County,,KY,22041,275127,297168,88,85,173,12832,14876,27708,6,0.387709,0.42079,252119.14714,0.026035,0.02845,114,0.001985,0,31,0.222192,0.191299
21069,Fleming County,,KY,719,15461,16180,3,3,6,310,256,566,8,0.219035,0.225489,17.465669,0.000004,0.000004,116,0.000157,0,31,0.333333,0.000327
21071,Floyd County,,KY,1616,37235,38851,4,6,10,691,858,1549,7,0.280008,0.292394,5354.293809,0.000232,0.000217,114,0.000175,0,31,0.3,0.001979
21073,Franklin County,,KY,3324,55336,58660,8,9,17,1494,1795,3289,7,0.29325,0.307633,284.656316,0.000712,0.000678,114,0.00025,0,31,0.544444,0.005769
21075,Fulton County,,KY,702,6707,7409,4,4,8,304,422,726,8,0.236069,0.243354,1664.433529,0.000021,0.000015,5,0.000186,0,31,0.583333,0.000522
21077,Gallatin County,,KY,758,5926,6684,5,5,10,551,500,1051,7,0.260901,0.270436,10.048252,0.00009,0.000094,116,0.000168,0,31,0.75,0.001174
21079,Garrard County,,KY,1378,16375,17753,6,5,11,1261,864,2125,7,0.279657,0.291717,1.367893,0.000254,0.000229,114,0.000236,0,31,0.866667,0.002398
21081,Grant County,,KY,2721,26672,29393,8,10,18,1985,2011,3996,7,0.295489,0.309971,575.302451,0.000841,0.00078,116,0.000218,0,31,0.511111,0.006197
21083,Graves County,,KY,1926,38953,40879,7,8,15,989,1076,2065,8,0.239835,0.248645,3066.527048,0.000032,0.000031,5,0.000318,0,31,0.321429,0.000852
21085,Grayson County,,KY,1164,26754,27918,5,6,11,613,597,1210,7,0.292806,0.306416,576.589246,0.000586,0.000548,114,0.000185,0,31,0.5,0.00453
21087,Green County,,KY,601,11439,12040,2,1,3,176,223,399,8,0.227429,0.233745,0,0.000006,0.000004,114,0.000123,0,31,1,0.000243
21089,Greenup County,,KY,2259,39257,41516,5,7,12,1272,1411,2683,7,0.307643,0.324038,1517.604858,0.000028,0.000959,114,0.000185,0,31,0.428571,0.000629
21091,Hancock County,,KY,581,9652,10233,4,3,7,478,344,822,8,0.233693,0.240954,45.370721,0.000016,0.000007,114,0.000164,0,31,0.333333,0.000491
21093,Hardin County,,KY,11305,104051,115356,36,36,72,6462,5523,11985,6,0.362161,0.388272,11056.024215,0.010926,0.011266,114,0.000632,0,31,0.407085,0.07906
21095,Harlan County,,KY,1074,26876,27950,5,7,12,300,367,667,7,0.279981,0.292549,643.445014,0.000238,0.000242,114,0.000169,0,31,0.357143,0.002131
21097,Harrison County,,KY,1021,19941,20962,5,4,9,553,490,1043,7,0.279522,0.291315,41.711088,0.000242,0.000218,114,0.000175,0,31,0.466667,0.00222
21099,Hart County,,KY,955,18387,19342,6,5,11,646,567,1213,7,0.292747,0.306215,1601.072263,0.000589,0.000547,139,0.000226,0,31,0.533333,0.004627
21101,Henderson County,,KY,2610,51052,53662,6,8,14,1303,1472,2775,7,0.294201,0.308805,315.345711,0.000091,0.000702,114,0.000189,0,31,0.571429,0.001065
21103,Henry County,,KY,1293,16700,17993,6,5,11,932,851,1783,7,0.291365,0.304429,3.538467,0.000491,0.000463,114,0.000187,0,31,0.666667,0.004052
21105,Hickman County,,KY,331,5091,5422,3,3,6,169,153,322,9,0.19348,0.19816,1.2,0.000001,0.000001,5,0.000175,0,31,0.666667,0.0003
21107,Hopkins County,,KY,2483,50794,53277,10,11,21,1033,1144,2177,7,0.297306,0.312998,3139.300807,0.000691,0.00085,114,0.000311,0,31,0.393939,0.005571
21109,Jackson County,,KY,502,12683,13185,3,2,5,189,272,461,8,0.228846,0.236106,6.954737,0.000013,0.000022,114,0.000171,0,31,0.666667,0.000495
21111,Jefferson County,,KY,37592,790662,828254,143,140,283,24469,28511,52980,6,0.410757,0.449368,224725.438094,0.05426,0.057702,114,0.00246,0,31,0.301168,0.396391
21113,Jessamine County,,KY,4169,42962,47131,8,11,19,2940,2454,5394,7,0.293309,0.307978,133.519216,0.000719,0.000678,114,0.000294,0,31,0.536364,0.005786
21115,Johnson County,,KY,1115,21603,22718,5,5,10,550,448,998,7,0.279981,0.292222,6040.770397,0.000004,0.000219,114,0.000322,0,31,0.366667,0.000547
21117,Kenton County,,KY,15253,170548,185801,21,21,42,11419,11865,23284,6,0.352313,0.37496,9514.257259,0.005762,0.006423,116,0.000387,0,31,0.430769,0.039151
21119,Knott County,,KY,641,13889,14530,3,3,6,305,284,589,8,0.2193,0.225834,10.280195,0.000005,0.000006,114,0.000122,0,31,0.166667,0.00033
21121,Knox County,,KY,1592,28317,29909,5,4,9,886,938,1824,7,0.279684,0.291631,4.70893,0.000242,0.000227,114,0.000192,0,31,0.7,0.00222
21123,Larue County,,KY,1015,14635,15650,4,4,8,787,621,1408,7,0.29254,0.305698,1.533333,0.000563,0.000534,114,0.000148,0,31,0.833333,0.004301
21125,Laurel County,,KY,2974,56763,59737,15,9,24,1849,1589,3438,7,0.293428,0.307949,12596.190233,0.00146,0.000668,114,0.000498,0,31,0.2625,0.010579
21127,Lawrence County,,KY,807,14618,15425,6,5,11,493,409,902,8,0.237188,0.245791,8698.130363,0.000763,0.000003,114,0.000226,0,31,0.190476,0.005603
21129,Lee County,,KY,390,6078,6468,0,1,1,0,60,60,8,0.228781,0.235795,0,0,0.00001,114,0.00005,0,90,0,0
21131,Leslie County,,KY,403,10470,10873,2,3,5,145,150,295,8,0.227287,0.234429,11.116667,0.000002,0.000015,114,0.000105,0,31,0.333333,0.000201
21133,Letcher County,,KY,867,22783,23650,4,6,10,247,378,625,7,0.280305,0.29286,2413.050524,0.000232,0.000215,114,0.000141,0,31,0.266667,0.001991
21135,Lewis County,,KY,627,13404,14031,3,4,7,214,319,533,8,0.236705,0.24474,92.572484,0.00001,0.000012,116,0.000144,0,31,0.333333,0.000308
21137,Lincoln County,,KY,1517,25485,27002,9,8,17,1247,992,2239,7,0.279927,0.292578,1033.728605,0.00026,0.000235,114,0.000351,0,31,0.555556,0.002763
21139,Livingston County,,KY,782,10247,11029,3,3,6,448,419,867,8,0.233186,0.240207,3149.765888,0.00001,0.000016,5,0.000212,0,31,0.333333,0.000418
21141,Logan County,,KY,1568,28406,29974,8,8,16,818,854,1672,7,0.301851,0.315869,1656.099382,0.000786,0.000969,139,0.000273,0,31,0.392857,0.007775
21143,Lyon County,,KY,575,7391,7966,3,2,5,202,158,360,8,0.234638,0.241723,18.163411,0.000001,0.000017,5,0.000194,0,31,0.5,0.000295
21145,McCracken County,,KY,4471,71341,75812,13,10,23,2167,2117,4284,7,0.303906,0.319304,42000.05609,0.001975,0.001276,5,0.000551,0,31,0.211538,0.015789
21147,McCreary County,,KY,648,14063,14711,2,2,4,181,225,406,8,0.228738,0.236077,21.853422,0.000009,0.000012,139,0.000114,0,31,0,0.000295
21149,McLean County,,KY,652,10789,11441,3,3,6,404,398,802,8,0.235056,0.242453,0,0.000021,0.000017,114,0.000139,0,31,1,0.000456
21151,Madison County,,KY,5098,74071,79169,23,14,37,3449,2537,5986,7,0.296546,0.312693,10960.772437,0.001273,0.000996,114,0.000757,0,31,0.190217,0.010646
21153,Magoffin County,,KY,416,11326,11742,3,1,4,126,83,209,8,0.218755,0.224433,10.096825,0.000004,0,114,0.000175,0,31,0.333333,0.000304
21155,Marion County,,KY,783,19207,19990,5,5,10,495,410,905,7,0.291512,0.304716,1594.290001,0.00048,0.000448,114,0.000211,0,31,0.35,0.00377
21157,Marshall County,,KY,1929,33601,35530,4,5,9,1000,1013,2013,8,0.23479,0.242499,269.825731,0.000022,0.000016,5,0.000212,0,31,0.5,0.000529
21159,Martin County,,KY,553,9862,10415,2,2,4,105,203,308,8,0.219267,0.225329,0.47619,0.000002,0.000006,114,0.000104,0,31,0.666667,0.000252
21161,Mason County,,KY,1128,18199,19327,5,6,11,604,511,1115,7,0.279819,0.292176,6130.437153,0.000237,0.000229,116,0.000187,0,31,0.133333,0.002138
21163,Meade County,,KY,4072,29501,33573,11,10,21,2328,2080,4408,6,0.322015,0.338031,534.490662,0.002324,0.002384,114,0.000214,0,31,0.525641,0.016544
21165,Menifee County,,KY,502,6035,6537,2,3,5,147,259,406,8,0.218837,0.225059,0,0.000004,0.000004,114,0.000143,0,31,1,0.000218
21167,Mercer County,,KY,1384,24152,25536,7,8,15,794,822,1616,7,0.293161,0.307346,1512.8528,0.000248,0.000662,114,0.000253,0,31,0.472222,0.002447
21169,Metcalfe County,,KY,630,10181,10811,1,2,3,290,337,627,8,0.226559,0.232947,0,0.000004,0.000009,139,0.000094,0,31,1,0.000133
21171,Monroe County,,KY,482,11735,12217,3,2,5,217,185,402,7,0.25303,0.261382,6.739094,0.000039,0.00002,139,0.000147,0,31,0.333333,0.000536
21173,Montgomery County,,KY,1630,25865,27495,8,7,15,1164,868,2032,7,0.279846,0.292291,5911.496802,0.00024,0.000225,114,0.000365,0,31,0.361111,0.002435
21175,Morgan County,,KY,643,11902,12545,3,4,7,166,241,407,8,0.21887,0.225288,1902.390783,0.000002,0.000002,114,0.000212,0,31,0,0.000303
21177,Muhlenberg County,,KY,1331,33398,34729,9,7,16,590,609,1199,7,0.291893,0.305606,1921.682354,0.000663,0.00047,114,0.000293,0,31,0.430556,0.005398
21179,Nelson County,,KY,2368,47303,49671,9,8,17,1848,1430,3278,7,0.29435,0.30873,2890.195355,0.000803,0.000749,114,0.000278,0,31,0.416667,0.006443
21181,Nicholas County,,KY,498,7739,8237,3,3,6,243,232,475,8,0.218771,0.224973,981.885591,0.000232,0.000004,114,0.000138,0,31,0.6,0.001898
21183,Ohio County,,KY,1285,24522,25807,6,5,11,686,754,1440,7,0.253738,0.262778,80.439229,0.000047,0.000028,114,0.000251,0,31,0.4,0.000895
21185,Oldham County,,KY,4476,56391,60867,8,9,17,3386,2786,6172,7,0.293161,0.307461,444.903555,0.001728,0.000685,114,0.000218,0,31,0.444444,0.012497
21187,Owen County,,KY,842,10453,11295,8,6,14,570,500,1070,7,0.253538,0.262861,70.605578,0.000329,0.000058,116,0.000239,0,31,0.517857,0.003127
21189,Owsley County,,KY,187,3820,4007,0,0,0,0,0,0,0,0,0,0,0,0,43,0.00005,41,91,0,0
21191,Pendleton County,,KY,1089,15079,16168,6,6,12,768,771,1539,7,0.260948,0.270608,16.580086,0.000617,0.000108,116,0.000156,0,31,0.642857,0.004436
21193,Perry County,,KY,1252,28612,29864,5,6,11,391,545,936,7,0.279792,0.29209,12678.094512,0.00023,0.000231,114,0.000187,0,31,0.261905,0.002057
21195,Pike County,,KY,2477,58497,60974,5,11,16,834,1198,2032,7,0.281392,0.295163,9411.039968,0.000233,0.000281,114,0.000196,0,31,0.118182,0.002125
21197,Powell County,,KY,896,13394,14290,5,4,9,346,451,797,7,0.279576,0.29143,3260.927641,0.000237,0.000213,114,0.000245,0,31,0.45,0.002102
21199,Pulaski County,,KY,2610,61004,63614,12,13,25,1161,1170,2331,7,0.293844,0.309213,24333.512138,0.001231,0.000732,114,0.000513,0,31,0.252747,0.00927
21201,Robertson County,,KY,141,1916,2057,0,0,0,0,0,0,0,0,0,0,0,0,44,0.00005,42,92,0,0
21203,Rockcastle County,,KY,784,16311,17095,4,4,8,357,433,790,8,0.229244,0.237226,1.075,0.000021,0.000034,114,0.000214,0,31,0.833333,0.000708
21205,Rowan County,,KY,1456,19538,20994,8,6,14,572,557,1129,7,0.279873,0.292234,13432.437472,0.000236,0.000211,114,0.000348,0,31,0.214286,0.002384
21207,Russell County,,KY,686,16931,17617,2,3,5,196,189,385,8,0.228037,0.235342,13.870053,0.000006,0.000017,114,0.000114,0,31,0.333333,0.000296
21209,Scott County,,KY,3062,41606,44668,12,10,22,2491,1601,4092,7,0.29325,0.307748,390.244033,0.000729,0.000676,114,0.00039,0,31,0.401515,0.006318
21211,Shelby County,,KY,2738,39021,41759,8,11,19,2203,1669,3872,7,0.293279,0.307921,109.102596,0.000716,0.000708,114,0.000239,0,31,0.427273,0.005815
21213,Simpson County,,KY,1193,18672,19865,6,4,10,803,698,1501,7,0.257384,0.266878,104.570016,0.000589,0.000091,139,0.000219,0,31,0.7,0.005899
21215,Spencer County,,KY,1211,15427,16638,4,4,8,1456,811,2267,7,0.291307,0.304199,0.375,0.000479,0.000452,114,0.000136,0,31,0.916667,0.003711
21217,Taylor County,,KY,1267,24397,25664,6,6,12,578,551,1129,7,0.29435,0.308501,7137.839885,0.000467,0.000739,114,0.000301,0,31,0.214286,0.003793
21219,Todd County,,KY,857,12620,13477,3,4,7,395,502,897,7,0.281011,0.293141,4.35753,0.000381,0.000448,139,0.000105,0,31,0.583333,0.003495
21221,Trigg County,,KY,1054,14492,15546,2,2,4,357,325,682,7,0.280766,0.292452,0,0.000373,0.000436,139,0.000076,0,31,1,0.003336
21223,Trimble County,,KY,737,9346,10083,5,5,10,468,478,946,7,0.291512,0.304716,4.37171,0.000484,0.000466,114,0.000173,0,31,0.75,0.003902
21225,Union County,,KY,930,16499,17429,3,5,8,293,420,713,7,0.264082,0.274373,1413.79099,0.00007,0.000046,114,0.000114,0,31,0.65,0.000622
21227,Warren County,,KY,6422,102545,108967,25,22,47,3435,3150,6585,6,0.338623,0.359608,23119.907538,0.001963,0.003515,139,0.00079,0,31,0.21164,0.017182
21229,Washington County,,KY,605,12317,12922,3,3,6,263,229,492,8,0.227644,0.234635,2.111544,0.000015,0.000012,114,0.000143,0,31,0.333333,0.000394
21231,Wayne County,,KY,843,19383,20226,2,2,4,284,352,636,8,0.227162,0.234044,5857.72619,0.000006,0.00001,114,0.000228,0,31,0,0.00027
21233,Webster County,,KY,1053,14918,15971,4,5,9,647,719,1366,7,0.264082,0.274373,1549.950762,0.000077,0.000046,114,0.000135,0,31,0.6,0.000766
21235,Whitley County,,KY,1788,33344,35132,4,5,9,1029,899,1928,7,0.279738,0.291889,78.842325,0.000238,0.000235,114,0.000192,0,31,0.5,0.0021
21237,Wolfe County,,KY,371,6667,7038,2,2,4,134,95,229,8,0.218755,0.224743,12.166667,0,0.000002,114,0.000128,0,31,0,0.000184
21239,Woodford County,,KY,1978,26677,28655,5,5,10,1175,1137,2312,7,0.279522,0.29143,0.866667,0.000246,0.000232,114,0.000176,0,31,0.8,0.002258
22001,Acadia Parish,,LA,3100,62099,65199,10,10,20,2077,2298,4375,7,0.32038,0.338391,89.87741,0.001433,0.001378,5,0.000219,0,31,0.755556,0.011182
22003,Allen Parish,,LA,1444,22381,23825,7,7,14,840,963,1803,7,0.273207,0.285887,16.704918,0.00028,0.000342,145,0.000184,0,31,0.607143,0.002706
22005,Ascension Parish,,LA,5391,95779,101170,19,17,36,6092,3339,9431,6,0.337913,0.35904,1273.929566,0.002368,0.00382,5,0.000352,0,31,0.45671,0.018499
22007,Assumption Parish,,LA,1306,24935,26241,6,6,12,810,859,1669,7,0.278209,0.290729,5.054165,0.000644,0.000252,5,0.000129,0,31,0.738095,0.004218
22009,Avoyelles Parish,,LA,1681,41951,43632,7,6,13,829,844,1673,7,0.320274,0.337759,152.426971,0.001328,0.001302,5,0.00016,0,31,0.714286,0.010283
22011,Beauregard Parish,,LA,2458,32476,34934,4,3,7,1399,1155,2554,7,0.271164,0.282683,82.151707,0.001152,0.000185,145,0.000107,0,31,0.833333,0.008791
22013,Bienville Parish,,LA,1135,14882,16017,9,6,15,751,676,1427,7,0.270205,0.282144,47.354232,0.000361,0.000237,5,0.000196,0,31,0.597222,0.003121
22015,Bossier Parish,,LA,12206,109322,121528,34,34,68,8308,7647,15955,6,0.349008,0.374845,11410.503412,0.011795,0.011053,5,0.000526,0,31,0.410677,0.086428
22017,Caddo Parish,,LA,16648,264026,280674,47,49,96,10653,11774,22427,6,0.364527,0.393728,18968.764115,0.013515,0.016958,5,0.000729,0,31,0.357393,0.098188
22019,Calcasieu Parish,,LA,9407,201339,210746,34,39,73,5355,5877,11232,6,0.351758,0.377808,10077.523567,0.008756,0.011671,145,0.000584,0,31,0.376523,0.069835
22021,Caldwell Parish,,LA,748,9872,10620,2,2,4,280,308,588,7,0.262032,0.272432,0,0.000084,0.000057,5,0.000096,0,31,1,0.000647
22023,Cameron Parish,,LA,716,10364,11080,2,2,4,351,372,723,7,0.260269,0.270152,0,0.000103,0.000079,145,0.000089,0,31,1,0.000845
22025,Catahoula Parish,,LA,639,9975,10614,3,4,7,222,292,514,7,0.262174,0.272949,8.309524,0.00001,0.00006,5,0.000141,0,31,0.416667,0.000311
22027,Claiborne Parish,,LA,917,15368,16285,4,8,12,338,608,946,7,0.270734,0.283281,172.909186,0.000252,0.00023,5,0.000115,0,31,0.5,0.002016
22029,Concordia Parish,,LA,1211,19657,20868,4,5,9,471,535,1006,7,0.280116,0.293158,4825.454348,0.000271,0.00028,5,0.000175,0,31,0.333333,0.001803
22031,De Soto Parish,,LA,1784,28382,30166,5,4,9,1284,1153,2437,7,0.270079,0.281656,11.54364,0.001162,0.000222,5,0.000143,0,31,0.55,0.009123
22033,East Baton Rouge Parish,,LA,27055,422552,449607,75,95,170,16690,21018,37708,6,0.385136,0.419768,81837.91812,0.022307,0.032552,5,0.001227,0,31,0.285964,0.169722
22035,East Carroll Parish,,LA,478,7428,7906,2,3,5,94,231,325,7,0.262055,0.272576,0.658333,0.000084,0.000058,5,0.000095,0,31,0.833333,0.000642
22037,East Feliciana Parish,,LA,1522,20121,21643,3,3,6,936,998,1934,7,0.278129,0.290212,1,0.000279,0.000199,5,0.000122,0,31,0.666667,0.001841
22039,Evangeline Parish,,LA,1484,33295,34779,8,9,17,994,1056,2050,7,0.279334,0.292636,26.136175,0.000514,0.000433,5,0.00019,0,31,0.694444,0.004126
22041,Franklin Parish,,LA,1189,21206,22395,3,4,7,358,564,922,7,0.314682,0.330201,783.407919,0.000085,0.000886,5,0.000131,0,31,0.416667,0.000739
22043,Grant Parish,,LA,1306,18968,20274,4,3,7,985,826,1811,8,0.246329,0.255319,2.318565,0.000055,0.000063,5,0.000133,0,31,0.583333,0.000888
22045,Iberia Parish,,LA,4004,80978,84982,11,12,23,2321,2859,5180,7,0.320663,0.339022,12.11686,0.00184,0.001953,5,0.000209,0,31,0.705128,0.013566
22047,Iberville Parish,,LA,2024,32583,34607,6,4,10,1223,1481,2704,7,0.278156,0.290384,1.416667,0.000314,0.000218,5,0.000157,0,31,0.7,0.002345
22049,Jackson Parish,,LA,1034,15867,16901,4,5,9,468,572,1040,7,0.269277,0.281231,11.392386,0.000112,0.000173,5,0.000125,0,31,0.65,0.000913
22051,Jefferson Parish,,LA,34656,484590,519246,69,83,152,24698,28559,53257,6,0.386264,0.419481,23357.871838,0.028736,0.036375,5,0.000947,0,31,0.417478,0.211345
22053,Jefferson Davis Parish,,LA,1958,32993,34951,8,7,15,1230,1343,2573,7,0.319639,0.336897,704.361658,0.00114,0.001161,145,0.000209,0,31,0.589286,0.009326
22055,Lafayette Parish,,LA,13958,210675,224633,40,37,77,10399,9733,20132,6,0.350018,0.375982,3962.093372,0.011632,0.011422,5,0.000633,0,31,0.395652,0.088641
22057,Lafourche Parish,,LA,4576,99164,103740,12,13,25,2815,3151,5966,7,0.320663,0.339137,189.931206,0.002169,0.002106,5,0.000216,0,31,0.717949,0.016498
22059,La Salle Parish,,LA,791,13654,14445,5,5,10,331,398,729,7,0.262458,0.273609,730.850521,0.000117,0.000101,5,0.000191,0,31,0.35,0.001269
22061,Lincoln Parish,,LA,3289,38327,41616,11,13,24,1483,1780,3263,7,0.325482,0.345317,1529.579958,0.000617,0.003147,5,0.000253,0,31,0.494505,0.004931
22063,Livingston Parish,,LA,6657,111490,118147,16,15,31,7065,4406,11471,7,0.320876,0.339683,1127.809404,0.002267,0.002076,5,0.000345,0,31,0.428105,0.017609
22065,Madison Parish,,LA,845,11944,12789,4,4,8,252,415,667,7,0.262506,0.273431,30.848963,0.000094,0.000059,5,0.000145,0,31,0.45,0.000857
22067,Morehouse Parish,,LA,1941,31769,33710,6,7,13,693,1081,1774,7,0.314921,0.330919,1335.401243,0.000907,0.000896,5,0.000191,0,31,0.357143,0.006888
22069,Natchitoches Parish,,LA,2435,37023,39458,12,15,27,1104,1396,2500,7,0.324972,0.344829,3773.936237,0.0024,0.002572,5,0.000267,0,31,0.5,0.01816
22071,Orleans Parish,,LA,34426,435795,470221,86,90,176,18889,28311,47200,6,0.390894,0.424897,22414.015732,0.04049,0.043381,5,0.00109,0,31,0.465149,0.296005
22073,Ouachita Parish,,LA,9552,157385,166937,33,44,77,5066,5819,10885,6,0.354898,0.38238,55957.464203,0.007016,0.010436,5,0.000694,0,31,0.237959,0.052034
22075,Plaquemines Parish,,LA,3281,30326,33607,7,10,17,1572,1771,3343,6,0.338702,0.359241,154.683364,0.003403,0.003856,5,0.000129,0,31,0.763636,0.025489
22077,Pointe Coupee Parish,,LA,1228,23740,24968,3,5,8,546,728,1274,7,0.278183,0.290557,0.75,0.000279,0.000213,5,0.000103,0,31,0.7,0.001848
22079,Rapides Parish,,LA,6738,136788,143526,25,22,47,3604,3757,7361,7,0.326544,0.347873,8135.345094,0.005393,0.004005,5,0.000474,0,31,0.395385,0.040365
22081,Red River Parish,,LA,647,9276,9923,3,4,7,207,423,630,7,0.270079,0.281656,0,0.000245,0.000225,5,0.000091,0,31,1,0.001954
22083,Richland Parish,,LA,1402,20745,22147,5,4,9,764,719,1483,7,0.262103,0.272805,6.470033,0.000099,0.000065,5,0.000177,0,31,0.55,0.00099
22085,Sabine Parish,,LA,1115,23343,24458,7,5,12,542,413,955,7,0.277597,0.290218,14.258114,0.00134,0.000293,5,0.000161,0,31,0.761905,0.010427
22087,St. Bernard Parish,,LA,3920,71091,75011,5,10,15,2392,2803,5195,7,0.286391,0.300368,6.244087,0.001082,0.001044,5,0.000109,0,31,0.7,0.007684
22089,St. Charles Parish,,LA,3997,56255,60252,11,10,21,3293,2744,6037,7,0.320557,0.33862,42.64047,0.002068,0.002002,5,0.000193,0,31,0.772727,0.015677
22091,St. Helena Parish,,LA,1057,13183,14240,3,3,6,646,709,1355,7,0.278129,0.290212,0,0.000295,0.000215,5,0.000101,0,31,1,0.001984
22093,St. James Parish,,LA,1118,25113,26231,5,7,12,683,811,1494,7,0.286222,0.299708,0.361111,0.000619,0.000802,5,0.000116,0,31,0.928571,0.00397
22095,St. John the Baptist Parish,,LA,3501,48943,52444,9,11,20,3073,2515,5588,7,0.323379,0.342365,167.169625,0.001906,0.002378,5,0.00017,0,31,0.681818,0.013783
22097,St. Landry Parish,,LA,4036,86742,90778,12,11,23,2654,2707,5361,7,0.320486,0.338678,197.484587,0.001758,0.001408,5,0.000244,0,31,0.641026,0.013383
22099,St. Martin Parish,,LA,3325,54183,57508,8,8,16,2344,2517,4861,7,0.320274,0.337989,2.8928,0.001349,0.001311,5,0.000176,0,31,0.875,0.010428
22101,St. Mary Parish,,LA,3551,60119,63670,10,13,23,1188,2113,3301,7,0.323343,0.342629,189.898645,0.001986,0.002776,5,0.000187,0,31,0.666667,0.014594
22103,St. Tammany Parish,,LA,13609,224610,238219,63,47,110,13869,8651,22520,6,0.366831,0.394797,8043.800506,0.026423,0.018753,5,0.000896,0,31,0.457971,0.201911
22105,Tangipahoa Parish,,LA,5719,102288,108007,16,13,29,4255,3513,7768,7,0.320805,0.339338,415.099312,0.002214,0.002099,5,0.000302,0,31,0.547794,0.017091
22107,Tensas Parish,,LA,392,5467,5859,2,1,3,80,42,122,8,0.218854,0.224908,4.095833,0.000345,0.000002,5,0.000075,0,31,0.833333,0.00203
22109,Terrebonne Parish,,LA,5333,119259,124592,13,14,27,3222,3026,6248,7,0.321979,0.340648,138.991135,0.002267,0.00273,5,0.000223,0,31,0.625,0.017274
22111,Union Parish,,LA,1410,23083,24493,5,4,9,919,825,1744,7,0.262696,0.273747,13.968009,0.00013,0.000077,5,0.000128,0,31,0.45,0.001113
22113,Vermilion Parish,,LA,2792,59258,62050,11,8,19,2370,1786,4156,7,0.319674,0.33707,6.546694,0.001745,0.001193,5,0.000219,0,31,0.763636,0.013027
22115,Vernon Parish,,LA,12026,47695,59721,40,49,89,4183,6459,10642,6,0.368181,0.396887,8289.999291,0.014041,0.016054,145,0.000549,0,31,0.438505,0.10143
22117,Washington Parish,,LA,1881,42645,44526,9,9,18,1284,1135,2419,7,0.286052,0.299949,3400.61747,0.00134,0.000993,5,0.00021,0,31,0.544444,0.01009
22119,Webster Parish,,LA,2444,42341,44785,8,7,15,1432,1465,2897,7,0.272258,0.284981,1121.16827,0.001076,0.000269,5,0.000182,0,31,0.5,0.008201
22121,West Baton Rouge Parish,,LA,2198,24195,26393,4,5,9,1367,1649,3016,7,0.278183,0.290557,0.583333,0.000281,0.000221,5,0.000132,0,31,0.85,0.001961
22123,West Carroll Parish,,LA,721,12133,12854,4,4,8,271,300,571,7,0.262032,0.272662,2.876874,0.000092,0.000065,5,0.000145,0,31,0.65,0.000886
22125,West Feliciana Parish,,LA,629,10977,11606,2,2,4,355,333,688,7,0.278103,0.29004,0,0.000263,0.000181,5,0.000096,0,31,1,0.001596
22127,Winn Parish,,LA,778,14491,15269,3,5,8,202,358,560,7,0.262434,0.273552,14.33432,0.000106,0.00012,5,0.0001,0,31,0.55,0.000889
23001,Androscoggin County,,ME,6866,116091,122957,18,12,30,5229,4263,9492,7,0.298806,0.315866,451.713618,0.004552,0.001858,45,0.00027,0,31,0.547368,0.027115
23003,Aroostook County,,ME,2917,80853,83770,11,9,20,1141,1254,2395,7,0.268257,0.280426,20.42319,0.002022,0.000546,45,0.000203,0,31,0.615385,0.011587
23005,Cumberland County,,ME,20638,315407,336045,69,74,143,14608,14791,29399,6,0.365814,0.396606,30396.419388,0.029918,0.034508,45,0.000789,0,31,0.460317,0.194306
23007,Franklin County,,ME,1972,31426,33398,7,7,14,1012,1010,2022,7,0.268207,0.280081,0.309524,0.000547,0.000543,45,0.000156,0,31,0.952381,0.004053
23009,Hancock County,,ME,3164,59483,62647,9,6,15,1390,1232,2622,7,0.268034,0.279662,34.559088,0.001792,0.000381,45,0.000182,0,31,0.766667,0.010903
23011,Kennebec County,,ME,6971,136641,143612,24,21,45,5274,4489,9763,6,0.333027,0.353521,2930.220675,0.005334,0.00527,45,0.000367,0,31,0.48545,0.031784
23013,Knox County,,ME,2412,45287,47699,6,6,12,1031,1071,2102,7,0.268034,0.279662,7.00656,0.001193,0.000412,45,0.000133,0,31,0.880952,0.007661
23015,Lincoln County,,ME,2445,41103,43548,9,9,18,1424,1383,2807,7,0.268257,0.280426,9.633926,0.001841,0.000567,45,0.000164,0,31,0.754545,0.01133
23017,Oxford County,,ME,3310,61536,64846,12,8,20,2520,2066,4586,7,0.268281,0.280368,32.293854,0.002982,0.000559,45,0.000171,0,31,0.666667,0.016118
23019,Penobscot County,,ME,8530,162915,171445,30,28,58,5385,5240,10625,6,0.333678,0.355376,4986.474465,0.008558,0.007774,45,0.000425,0,31,0.473109,0.050127
23021,Piscataquis County,,ME,1188,18524,19712,3,3,6,562,536,1098,7,0.267959,0.279145,0,0.000209,0.000331,45,0.000094,0,31,1,0.0015
23023,Sagadahoc County,,ME,4262,41117,45379,9,7,16,2721,2341,5062,7,0.270861,0.283527,65.942797,0.003728,0.000607,45,0.000154,0,31,0.663636,0.025833
23025,Somerset County,,ME,3192,53421,56613,14,9,23,2264,2006,4270,7,0.268257,0.280426,173.880926,0.002847,0.000525,45,0.000239,0,31,0.557143,0.016352
23027,Waldo County,,ME,2603,42028,44631,11,8,19,1701,1475,3176,7,0.268232,0.280253,4.087541,0.00111,0.000523,45,0.000221,0,31,0.709091,0.007142
23029,Washington County,,ME,1753,35998,37751,6,5,11,547,666,1213,7,0.268009,0.27949,0.111111,0.000531,0.000382,45,0.000141,0,31,0.933333,0.003649
23031,York County,,ME,13311,227542,240853,39,44,83,10378,9440,19818,6,0.3425,0.367586,8364.013464,0.013495,0.01771,45,0.000437,0,31,0.480844,0.081029
24001,Allegany County,,MD,3048,75444,78492,12,11,23,1410,1401,2811,7,0.300694,0.317273,5918.720799,0.003228,0.002656,169,0.000274,0,31,0.423077,0.021678
24003,Anne Arundel County,,MD,48919,586656,635575,151,162,313,37658,38876,76534,6,0.402273,0.445021,23769.978125,0.072375,0.071816,169,0.001521,0,31,0.363507,0.482879
24005,Baltimore County,,MD,64430,890577,955007,139,145,284,58324,56686,115010,6,0.394347,0.4352,22465.96503,0.069441,0.070844,169,0.001357,0,31,0.444588,0.456047
24009,Calvert County,,MD,6366,100785,107151,14,15,29,5299,3258,8557,6,0.335724,0.355502,3.975876,0.006641,0.006998,169,0.000173,0,31,0.777778,0.046168
24011,Caroline County,,MD,2281,34134,36415,9,8,17,2230,1597,3827,7,0.290578,0.306169,3.542993,0.002382,0.001582,169,0.000174,0,31,0.811111,0.016953
24013,Carroll County,,MD,10867,197340,208207,15,23,38,9276,7495,16771,6,0.338623,0.36016,133.361691,0.006791,0.008677,169,0.000189,0,31,0.601538,0.046039
24015,Cecil County,,MD,6220,106280,112500,20,12,32,5894,3623,9517,7,0.295039,0.312038,39.063231,0.007217,0.003829,121,0.000243,0,31,0.723684,0.045984
24017,Charles County,,MD,13340,157498,170838,28,40,68,11148,8706,19854,6,0.350949,0.376292,247.82971,0.014345,0.020761,169,0.000331,0,31,0.610606,0.103631
24019,Dorchester County,,MD,1832,34723,36555,9,6,15,1439,1046,2485,7,0.287897,0.302539,0.944359,0.002328,0.000991,169,0.000167,0,31,0.833333,0.016027
24021,Frederick County,,MD,19878,256608,276486,50,57,107,16185,13781,29966,6,0.369446,0.398909,3794.424766,0.026177,0.031322,169,0.000592,0,31,0.571843,0.183389
24023,Garrett County,,MD,1514,33401,34915,6,5,11,493,494,987,7,0.254986,0.264342,2460.516122,0.001761,0.000057,169,0.00017,0,31,0.285714,0.011736
24025,Harford County,,MD,17283,281978,299261,55,47,102,15220,11489,26709,6,0.355376,0.382443,814.708223,0.029341,0.024468,169,0.000534,0,31,0.608173,0.191681
24027,Howard County,,MD,30298,301176,331474,75,86,161,23111,24052,47163,6,0.383001,0.416489,3841.163972,0.044635,0.048316,169,0.000711,0,31,0.586632,0.295817
24029,Kent County,,MD,1220,21238,22458,6,4,10,692,414,1106,7,0.278878,0.292288,0.941617,0.001787,0.000707,169,0.000121,0,31,0.8,0.012279
24031,Montgomery County,,MD,84088,1047437,1131525,205,222,427,60117,73618,133735,6,0.423155,0.4699,51812.905712,0.092744,0.095695,169,0.00211,0,31,0.317492,0.613128
24033,Prince George's County,,MD,80563,925842,1006405,133,175,308,62132,70654,132786,6,0.409598,0.452762,20494.715673,0.068031,0.076083,169,0.00129,0,31,0.362935,0.45093
24035,Queen Anne's County,,MD,3811,49817,53628,12,12,24,3000,2409,5409,7,0.302292,0.319145,83.33458,0.004319,0.003319,169,0.000188,0,31,0.620833,0.029199
24037,St. Mary's County,,MD,8353,109040,117393,27,28,55,5845,4233,10078,6,0.344615,0.367677,650.783616,0.011988,0.012914,169,0.000313,0,31,0.575605,0.083318
24039,Somerset County,,MD,1538,21226,22764,5,3,8,849,924,1773,7,0.253694,0.262884,0,0.001275,0.000208,121,0.000106,0,31,0.8,0.008163
24041,Talbot County,,MD,2656,40499,43155,12,8,20,2035,1357,3392,7,0.292658,0.307926,25.065048,0.004294,0.001799,169,0.00019,0,31,0.782051,0.029074
24043,Washington County,,MD,8942,156692,165634,23,23,46,8450,5848,14298,7,0.312211,0.332245,4668.776517,0.007356,0.006204,169,0.000383,0,31,0.498768,0.051232
24045,Wicomico County,,MD,5980,96126,102106,18,16,34,4667,3358,8025,7,0.309481,0.328013,594.851957,0.004562,0.005212,121,0.000289,0,31,0.581871,0.031145
24047,Worcester County,,MD,4781,57319,62100,16,15,31,2926,2960,5886,7,0.311574,0.330052,606.087149,0.005738,0.00559,121,0.000222,0,31,0.643791,0.038049
24510,Baltimore city,,MD,48670,577649,626319,100,92,192,35697,42858,78555,6,0.384015,0.418194,7923.815609,0.053306,0.048029,169,0.000978,0,31,0.556217,0.346498
25001,Barnstable County,,MA,14693,266947,281640,37,64,101,8657,10015,18672,6,0.357653,0.386584,4034.744721,0.020198,0.029779,45,0.00032,0,31,0.536189,0.122505
25003,Berkshire County,,MA,5873,150411,156284,27,27,54,2688,2635,5323,6,0.341733,0.364565,598.515618,0.013142,0.012785,45,0.000235,0,31,0.701587,0.072879
25005,Bristol County,,MA,28392,617686,646078,39,82,121,20575,23029,43604,6,0.370248,0.403073,1599.64151,0.021538,0.041314,45,0.000342,0,31,0.53461,0.134293
25007,Dukes County,,MA,1086,18794,19880,5,4,9,256,271,527,7,0.298253,0.313999,0,0.002548,0.001628,45,0.000077,0,31,1,0.01342
25009,Essex County,,MA,45785,825739,871524,86,129,215,33749,39285,73034,6,0.385904,0.424925,8433.49402,0.046619,0.061325,45,0.000803,0,31,0.478525,0.307022
25011,Franklin County,,MA,4852,81975,86827,13,10,23,3383,2823,6206,7,0.299021,0.315872,2.564779,0.004786,0.003157,45,0.000132,0,31,0.839744,0.025168
25013,Hampden County,,MA,19431,512335,531766,46,75,121,12082,14230,26312,6,0.363887,0.394975,933.460081,0.024761,0.039551,45,0.000389,0,31,0.611652,0.155316
25015,Hampshire County,,MA,12312,159965,172277,29,33,62,7974,8619,16593,6,0.353816,0.378308,477.723089,0.015889,0.018362,45,0.000243,0,31,0.752489,0.093034
25017,Middlesex County,,MA,120739,1645180,1765919,203,253,456,84928,110572,195500,6,0.423341,0.474087,63802.937521,0.090441,0.100106,45,0.001916,0,31,0.293352,0.593835
25019,Nantucket County,,MA,1067,11317,12384,1,3,4,80,187,267,7,0.297549,0.313167,0,0.000239,0.001082,45,0.000055,0,31,1,0.001051
25021,Norfolk County,,MA,58376,739029,797405,98,136,234,46025,52222,98247,6,0.396177,0.435499,5455.650134,0.051594,0.069395,45,0.000807,0,31,0.516533,0.322252
25023,Plymouth County,,MA,30394,561372,591766,41,88,129,25061,25409,50470,6,0.371813,0.405473,1371.867117,0.024236,0.045175,45,0.000382,0,31,0.556378,0.158338
25025,Suffolk County,,MA,85483,654347,739830,144,150,294,55611,78432,134043,6,0.403897,0.444601,15598.048545,0.070853,0.073316,45,0.001257,0,31,0.451187,0.449352
25027,Worcester County,,MA,40094,895178,935272,93,145,238,31361,32289,63650,6,0.392374,0.433379,7414.554327,0.050262,0.068918,45,0.000802,0,31,0.461584,0.320421
26001,Alcona County,,MI,712,12438,13150,6,2,8,590,253,843,8,0.235208,0.242427,1.359524,0.002054,0.000032,115,0.000116,0,31,0.8,0.010907
26003,Alger County,,MI,566,10039,10605,1,1,2,121,135,256,7,0.255098,0.263582,0,0.000037,0.000031,115,0.000074,0,31,0,0.000285
26005,Allegan County,,MI,8176,129860,138036,11,14,25,6115,5737,11852,6,0.34081,0.36136,126.92209,0.00329,0.003936,115,0.000148,0,31,0.728571,0.019788
26007,Alpena County,,MI,1673,35613,37286,6,8,14,486,577,1063,7,0.307187,0.322999,4175.413056,0.00178,0.00148,115,0.000196,0,31,0.527778,0.010095
26009,Antrim County,,MI,1904,26961,28865,9,5,14,1135,910,2045,7,0.25483,0.263978,34.763711,0.002496,0.000094,115,0.000177,0,31,0.677778,0.013143
26011,Arenac County,,MI,1125,18898,20023,8,5,13,814,536,1350,7,0.275306,0.287605,0,0.002168,0.000221,115,0.00013,0,31,0.964286,0.011587
26013,Baraga County,,MI,429,8926,9355,2,2,4,141,143,284,7,0.255143,0.263811,0,0.000042,0.000038,115,0.000134,0,31,1,0.000419
26015,Barry County,,MI,3776,69633,73409,9,10,19,3181,2595,5776,7,0.288842,0.302375,14.644649,0.001814,0.000697,115,0.000129,0,31,0.727273,0.009146
26017,Bay County,,MI,5094,132936,138030,16,17,33,3061,2976,6037,6,0.334101,0.354106,322.255119,0.003359,0.003501,115,0.000217,0,31,0.650735,0.017615
26019,Benzie County,,MI,1443,20170,21613,6,4,10,919,743,1662,7,0.285349,0.297763,3.947692,0.001732,0.000304,115,0.000144,0,31,0.761905,0.009583
26021,Berrien County,,MI,9247,177808,187055,23,27,50,4274,4971,9245,6,0.349344,0.373564,415.605469,0.009665,0.009846,114,0.000261,0,31,0.586207,0.061094
26023,Branch County,,MI,3056,49731,52787,8,10,18,1332,1814,3146,7,0.30683,0.322809,74.939188,0.001538,0.001298,115,0.000131,0,31,0.611111,0.007767
26025,Calhoun County,,MI,8196,154738,162934,21,23,44,4102,4719,8821,6,0.346342,0.368924,468.684268,0.00505,0.005646,115,0.000233,0,31,0.547009,0.029108
26027,Cass County,,MI,3732,57172,60904,7,7,14,2673,2529,5202,6,0.326177,0.343625,0.569667,0.001586,0.001407,114,0.000118,0,31,0.928571,0.010353
26029,Charlevoix County,,MI,1945,31182,33127,7,7,14,871,918,1789,7,0.300881,0.316262,177.773699,0.001503,0.000943,115,0.000181,0,31,0.732143,0.009099
26031,Cheboygan County,,MI,1764,31079,32843,7,8,15,825,682,1507,7,0.301225,0.316837,900.774837,0.001712,0.00122,115,0.000169,0,31,0.644444,0.009612
26033,Chippewa County,,MI,2020,38417,40437,6,6,12,458,404,862,7,0.307253,0.322798,2913.975472,0.002111,0.001547,115,0.000177,0,31,0.714286,0.011127
26035,Clare County,,MI,2244,32335,34579,16,13,29,1523,1172,2695,7,0.307611,0.324205,65.572791,0.002619,0.002013,115,0.000218,0,31,0.627451,0.01412
26037,Clinton County,,MI,5781,82679,88460,15,18,33,4695,4117,8812,7,0.308264,0.325669,87.316303,0.003043,0.002367,115,0.00018,0,31,0.695906,0.015566
26039,Crawford County,,MI,901,14904,15805,6,2,8,405,178,583,8,0.235342,0.242651,3.283281,0.001707,0.000038,115,0.00014,0,31,0.6,0.009424
26041,Delta County,,MI,1706,45247,46953,5,4,9,469,447,916,7,0.264588,0.275329,2902.5,0.000137,0.000105,19,0.000201,0,31,0.55,0.001234
26043,Dickinson County,,MI,1506,32395,33901,7,6,13,508,587,1095,7,0.264636,0.275674,5951.087186,0.000145,0.000115,19,0.000312,0,31,0.428571,0.001502
26045,Eaton County,,MI,10192,125425,135617,21,24,45,7847,7359,15206,6,0.341211,0.363083,375.263767,0.003755,0.004806,115,0.00025,0,31,0.625,0.020156
26047,Emmet County,,MI,2350,37869,40219,11,6,17,1197,922,2119,7,0.301381,0.316779,1045.089204,0.002638,0.001225,115,0.000211,0,31,0.613636,0.013734
26049,Genesee County,,MI,20733,502389,523122,44,86,130,13560,14591,28151,6,0.37895,0.412578,13638.940308,0.014082,0.031724,115,0.000545,0,31,0.328789,0.101135
26051,Gladwin County,,MI,1751,28926,30677,9,10,19,1176,986,2162,7,0.307253,0.323315,2.225418,0.002215,0.001648,115,0.000133,0,31,0.9,0.011922
26053,Gogebic County,,MI,865,16959,17824,3,2,5,197,149,346,8,0.203364,0.207996,8810,0.000038,0,115,0.000253,0,31,0.166667,0.000463
26055,Grand Traverse County,,MI,6124,97710,103834,29,21,50,4344,3412,7756,6,0.341613,0.363255,6581.387858,0.004858,0.005409,115,0.000482,0,31,0.389247,0.028073
26057,Gratiot County,,MI,2355,44377,46732,9,10,19,1387,1342,2729,7,0.287554,0.301186,21.34072,0.001615,0.000547,115,0.000131,0,31,0.718182,0.008362
26059,Hillsdale County,,MI,3033,53207,56240,10,11,21,1774,1692,3466,7,0.306539,0.322534,170.384898,0.002339,0.001397,115,0.000136,0,31,0.589744,0.012902
26061,Houghton County,,MI,2057,35531,37588,6,4,10,423,363,786,7,0.300788,0.315774,7108.116752,0.000812,0.000623,115,0.000284,0,31,0.333333,0.004875
26063,Huron County,,MI,1735,43460,45195,9,10,19,858,1000,1858,7,0.307383,0.323458,4.511556,0.002212,0.00173,115,0.000127,0,31,0.836364,0.011882
26065,Ingham County,,MI,25319,285035,310354,52,83,135,14469,18986,33455,6,0.387347,0.420635,15758.503995,0.013875,0.038893,115,0.000626,0,31,0.382772,0.096105
26067,Ionia County,,MI,4149,68300,72449,9,9,18,2782,2752,5534,7,0.305409,0.320581,24.842124,0.000872,0.001093,115,0.000142,0,31,0.709091,0.004531
26069,Iosco County,,MI,1794,29408,31202,10,8,18,1209,730,1939,7,0.300601,0.316004,1157.444235,0.002196,0.001047,115,0.000189,0,31,0.733333,0.012003
26071,Iron County,,MI,624,13623,14247,2,2,4,122,113,235,7,0.255166,0.263869,0,0.000038,0.000033,19,0.000118,0,31,1,0.000397
26073,Isabella County,,MI,4714,58933,63647,20,19,39,2820,2644,5464,6,0.328913,0.34884,349.12101,0.003547,0.003434,115,0.000246,0,31,0.610672,0.018998
26075,Jackson County,,MI,7643,177909,185552,19,21,40,5005,4472,9477,6,0.342904,0.364863,149.007841,0.004082,0.006382,115,0.000201,0,31,0.655797,0.02085
26077,Kalamazoo County,,MI,16886,261483,278369,46,57,103,10631,11268,21899,6,0.378456,0.408305,4409.133424,0.015856,0.023657,115,0.00048,0,31,0.434499,0.101973
26079,Kalkaska County,,MI,1370,18592,19962,4,3,7,576,612,1188,7,0.254763,0.263576,1.255952,0.000653,0.000073,115,0.000112,0,31,0.55,0.003115
26081,Kent County,,MI,34352,679387,713739,92,115,207,22929,26427,49356,6,0.3989,0.434947,52556.688058,0.030052,0.049281,115,0.001161,0,31,0.343335,0.204483
26083,Keweenaw County,,MI,172,2239,2411,1,1,2,54,96,150,8,0.231253,0.237859,0,0.000005,0.000007,115,0.000111,0,31,0,0.000134
26085,Lake County,,MI,899,10648,11547,8,6,14,633,433,1066,7,0.285405,0.298108,6.875493,0.001187,0.000323,115,0.000174,0,31,0.607143,0.006915
26087,Lapeer County,,MI,5919,107286,113205,10,14,24,4976,4045,9021,6,0.334563,0.354394,111.399106,0.003288,0.004233,115,0.000128,0,31,0.733333,0.018873
26089,Leelanau County,,MI,1661,25491,27152,4,3,7,704,738,1442,7,0.285321,0.297591,0.494079,0.00115,0.000294,115,0.000116,0,31,0.833333,0.00638
26091,Lenawee County,,MI,5468,116833,122301,14,15,29,3397,3122,6519,6,0.334679,0.354709,298.086505,0.003825,0.003545,115,0.000162,0,31,0.733333,0.018952
26093,Livingston County,,MI,11681,208728,220409,20,27,47,11841,7598,19439,6,0.343026,0.365644,881.1432,0.00638,0.007348,115,0.000226,0,31,0.523656,0.039807
26095,Luce County,,MI,393,6579,6972,0,1,1,0,49,49,7,0.255142,0.263663,0,0,0.000031,115,0.00005,0,93,0,0
26097,Mackinac County,,MI,947,13685,14632,3,1,4,264,141,405,8,0.235056,0.241772,2.765526,0.00149,0.000017,115,0.000089,0,31,0.666667,0.009111
26099,Macomb County,,MI,44390,999018,1043408,68,105,173,38926,36096,75022,6,0.387812,0.423828,19637.401691,0.027214,0.044253,115,0.000796,0,31,0.360814,0.191335
26101,Manistee County,,MI,1650,27905,29555,8,7,15,631,727,1358,7,0.300912,0.31632,49.116545,0.001879,0.000921,115,0.000187,0,31,0.607143,0.010773
26103,Marquette County,,MI,3481,71078,74559,18,20,38,1231,1278,2509,6,0.342419,0.364232,43300.401948,0.003916,0.004655,115,0.000551,0,31,0.26087,0.022038
26105,Mason County,,MI,1796,33196,34992,7,6,13,780,667,1447,7,0.285349,0.297993,10.561191,0.00124,0.000383,115,0.000153,0,31,0.642857,0.007242
26107,Mecosta County,,MI,3230,40178,43408,16,14,30,2079,1839,3918,7,0.30748,0.324205,161.591673,0.003147,0.00175,115,0.000229,0,31,0.578431,0.016489
26109,Menominee County,,MI,1530,28183,29713,4,5,9,681,878,1559,7,0.264612,0.275501,5.280317,0.000144,0.000116,19,0.000155,0,31,0.8,0.001216
26111,Midland County,,MI,5742,99957,105699,16,20,36,2758,3039,5797,6,0.341532,0.363054,602.585173,0.004088,0.004789,115,0.000215,0,31,0.597619,0.02495
26113,Missaukee County,,MI,1077,16175,17252,2,5,7,307,562,869,7,0.285518,0.298223,1.44013,0.000011,0.000333,115,0.00009,0,31,0.5,0.000377
26115,Monroe County,,MI,8981,182081,191062,12,15,27,7555,5775,13330,6,0.346673,0.368235,106.134932,0.003184,0.006781,115,0.000147,0,31,0.705882,0.017405
26117,Montcalm County,,MI,4473,69350,73823,10,10,20,3290,2944,6234,7,0.287327,0.300727,4.93274,0.000902,0.00057,115,0.000159,0,31,0.7,0.00479
26119,Montmorency County,,MI,710,11177,11887,5,2,7,367,179,546,8,0.235285,0.242507,0.503968,0.001806,0.000031,115,0.00011,0,31,0.9,0.009972
26121,Muskegon County,,MI,7126,189882,197008,17,18,35,4856,4108,8964,6,0.342136,0.363542,803.0078,0.004203,0.005202,115,0.000227,0,31,0.559524,0.023567
26123,Newaygo County,,MI,3486,54242,57728,10,8,18,2568,2165,4733,7,0.287298,0.30044,26.193741,0.001545,0.000517,115,0.000158,0,31,0.575758,0.008457
26125,Oakland County,,MI,85374,1405914,1491288,170,236,406,64271,74483,138754,6,0.428846,0.476315,101276.416786,0.073668,0.088443,115,0.001905,0,31,0.267251,0.502877
26127,Oceana County,,MI,1944,29713,31657,6,6,12,1025,1278,2303,7,0.288957,0.302415,27.70763,0.000706,0.000655,115,0.000135,0,31,0.733333,0.005165
26129,Ogemaw County,,MI,1463,23730,25193,10,9,19,881,692,1573,7,0.305152,0.320179,32.934051,0.002188,0.001031,115,0.000167,0,31,0.822222,0.011979
26131,Ontonagon County,,MI,480,8107,8587,1,3,4,66,159,225,7,0.255211,0.264099,5800,0,0.000038,115,0.000158,0,31,0.5,0.000096
26133,Osceola County,,MI,1910,26045,27955,9,7,16,983,1035,2018,7,0.285461,0.298338,1414.580459,0.001867,0.000343,115,0.000176,0,31,0.555556,0.010824
26135,Oscoda County,,MI,637,9484,10121,2,0,2,100,0,100,0,0,0,0,0.001424,0,115,0.000064,0,25,1,0.007978
26137,Otsego County,,MI,1899,28447,30346,10,12,22,866,785,1651,7,0.307513,0.323918,3775.732658,0.002121,0.00194,115,0.000274,0,31,0.519231,0.011564
26139,Ottawa County,,MI,16792,290849,307641,33,34,67,12429,11880,24309,6,0.349934,0.374144,3627.934342,0.009676,0.009771,115,0.000393,0,31,0.448198,0.062092
26141,Presque Isle County,,MI,759,16537,17296,4,3,7,293,246,539,8,0.23559,0.242967,1.313095,0.001086,0.000049,115,0.000103,0,31,0.65,0.006058
26143,Roscommon County,,MI,1820,27454,29274,12,9,21,1079,669,1748,7,0.307187,0.323085,1332.619436,0.00256,0.001606,115,0.000211,0,31,0.598485,0.013269
26145,Saginaw County,,MI,10035,238403,248438,27,39,66,5063,6498,11561,6,0.357433,0.383718,3242.236353,0.005794,0.011266,115,0.000338,0,31,0.425101,0.036058
26147,St. Clair County,,MI,9347,199614,208961,12,20,32,6306,6031,12337,6,0.343554,0.365432,138.459344,0.004377,0.009228,115,0.000144,0,31,0.707792,0.023994
26149,St. Joseph County,,MI,3597,71345,74942,12,11,23,1973,2091,4064,6,0.327281,0.345779,217.314293,0.002072,0.001734,115,0.000174,0,31,0.602564,0.012976
26151,Sanilac County,,MI,2775,51943,54718,8,8,16,1916,1779,3695,7,0.307122,0.322855,3.291659,0.002164,0.001572,115,0.000112,0,31,0.892857,0.011456
26153,Schoolcraft County,,MI,433,9447,9880,0,1,1,0,97,97,8,0.209286,0.214491,0,0,0.000001,19,0.00005,0,94,0,0
26155,Shiawassee County,,MI,4978,86238,91216,12,13,25,3078,3091,6169,7,0.308068,0.324722,19.766357,0.003359,0.002341,115,0.000141,0,31,0.833333,0.016995
26157,Tuscola County,,MI,3445,69454,72899,9,9,18,2318,2104,4422,7,0.300663,0.316233,1.602268,0.002212,0.00109,115,0.000124,0,31,0.855556,0.011822
26159,Van Buren County,,MI,5478,85104,90582,13,13,26,3755,3635,7390,6,0.329249,0.348558,76.064395,0.00296,0.002696,115,0.00018,0,31,0.664835,0.019107
26161,Washtenaw County,,MI,29652,347085,376737,86,101,187,20451,22057,42508,6,0.39797,0.433127,9376.41126,0.040913,0.050824,115,0.000877,0,31,0.475787,0.272854
26163,Wayne County,,MI,95423,2063138,2158561,166,242,408,52586,83563,136149,6,0.438236,0.484717,110825.402552,0.068954,0.089119,115,0.001833,0,31,0.252481,0.47639
26165,Wexford County,,MI,2416,35946,38362,10,9,19,1507,1118,2625,7,0.301162,0.316894,1595.748173,0.002146,0.001043,115,0.000195,0,31,0.575758,0.011886
27001,Aitkin County,,MN,908,14677,15585,7,6,13,558,380,938,6,0.304225,0.318688,1.977778,0.001119,0.000906,134,0.000166,0,31,0.75,0.00747
27003,Anoka County,,MN,26889,368821,395710,37,53,90,23815,22218,46033,6,0.362433,0.390828,7763.090387,0.008618,0.012674,134,0.000668,0,31,0.293939,0.064641
27005,Becker County,,MN,2096,36520,38616,8,7,15,1144,994,2138,6,0.304896,0.319866,5867.711352,0.001088,0.000663,134,0.000269,0,31,0.513889,0.007575
27007,Beltrami County,,MN,2614,42063,44677,16,13,29,1505,1309,2814,6,0.332379,0.351821,5723.692464,0.001215,0.002268,134,0.000465,0,31,0.380117,0.00927
27009,Benton County,,MN,4431,40632,45063,11,11,22,3456,3358,6814,6,0.304416,0.319578,1.504001,0.001459,0.001264,134,0.000229,0,31,0.927273,0.01047
27011,Big Stone County,,MN,312,6215,6527,1,0,1,42,0,42,0,0,0,0,0.000001,0,134,0.000072,0,4,0,0.000089
27013,Blue Earth County,,MN,5263,60418,65681,23,20,43,3529,3453,6982,6,0.306409,0.323461,5569.063045,0.001715,0.001475,134,0.000467,0,31,0.355385,0.013513
27015,Brown County,,MN,1537,32270,33807,6,6,12,441,509,950,6,0.304257,0.318717,2552.81759,0.000876,0.000657,134,0.00016,0,31,0.380952,0.007057
27017,Carlton County,,MN,1983,37212,39195,7,7,14,1462,1104,2566,6,0.304384,0.319033,4.169246,0.001371,0.001101,134,0.000164,0,31,0.75,0.009161
27019,Carver County,,MN,6858,94360,101218,17,15,32,6852,4592,11444,6,0.341251,0.361745,570.202119,0.003714,0.003435,134,0.000312,0,31,0.643275,0.028011
27021,Cass County,,MN,2221,31881,34102,14,9,23,1774,1258,3032,6,0.30432,0.319205,11.569715,0.001489,0.000928,134,0.000312,0,31,0.686813,0.010941
27023,Chippewa County,,MN,772,15222,15994,5,4,9,334,263,597,6,0.30432,0.318545,6339.610249,0.000021,0.000607,134,0.000227,0,31,0.3,0.000615
27025,Chisago County,,MN,4236,59893,64129,10,15,25,4289,3211,7500,6,0.332303,0.351935,74.364771,0.001479,0.002475,134,0.000198,0,31,0.671429,0.010283
27027,Clay County,,MN,4008,55497,59505,9,9,18,2806,2287,5093,6,0.305763,0.321204,975.291427,0.000782,0.001098,134,0.000291,0,31,0.431818,0.005928
27029,Clearwater County,,MN,593,9147,9740,2,2,4,232,214,446,7,0.250043,0.258319,0,0.000024,0.000016,134,0.000112,0,31,1,0.00034
27031,Cook County,,MN,425,5971,6396,2,0,2,102,0,102,0,0,0,0,0.000714,0,134,0.000082,0,23,1,0.004807
27033,Cottonwood County,,MN,885,14665,15550,2,4,6,110,234,344,6,0.30432,0.318573,1266.696461,0,0.000596,134,0.000108,0,31,0.25,0.000191
27035,Crow Wing County,,MN,3954,68043,71997,22,18,40,3133,2363,5496,6,0.332455,0.35251,263.186625,0.001722,0.002479,134,0.000471,0,31,0.549407,0.013531
27037,Dakota County,,MN,35213,451173,486386,87,86,173,30089,28284,58373,6,0.386367,0.419125,46142.31701,0.025411,0.028892,134,0.00146,0,31,0.268094,0.182069
27039,Dodge County,,MN,1403,22458,23861,5,4,9,807,833,1640,7,0.262434,0.272084,3.202604,0.000107,0.000079,134,0.000129,0,31,0.7,0.001185
27041,Douglas County,,MN,2110,41496,43606,13,11,24,1378,1065,2443,6,0.305056,0.320584,3213.875341,0.001435,0.001214,134,0.000325,0,31,0.423077,0.010099
27043,Faribault County,,MN,1118,18695,19813,4,4,8,300,388,688,6,0.304289,0.318476,5.994249,0.000033,0.000622,134,0.000126,0,31,0.7,0.000671
27045,Fillmore County,,MN,1370,25584,26954,5,6,11,689,717,1406,6,0.30464,0.319291,3955.738761,0.00075,0.000662,134,0.00013,0,31,0.466667,0.005187
27047,Freeborn County,,MN,1750,37695,39445,6,10,16,531,899,1430,6,0.30496,0.320141,2789.318636,0.00094,0.0009,134,0.000148,0,31,0.566667,0.006509
27049,Goodhue County,,MN,3230,54012,57242,11,10,21,1825,1881,3706,6,0.304512,0.319636,378.014951,0.001537,0.001199,134,0.00023,0,31,0.606061,0.010658
27051,Grant County,,MN,482,7447,7929,2,2,4,151,175,326,7,0.249957,0.258232,0,0.000029,0.000023,134,0.000097,0,31,1,0.000392
27053,Hennepin County,,MN,96896,1253417,1350313,237,247,484,68870,86479,155349,5,0.436654,0.483081,386448.799439,0.074202,0.083082,134,0.003611,0,31,0.197227,0.509525
27055,Houston County,,MN,1086,24346,25432,3,5,8,537,594,1131,6,0.304608,0.319205,4.390793,0.000051,0.000701,134,0.00011,0,31,0.9,0.000738
27057,Hubbard County,,MN,1405,21617,23022,7,6,13,605,631,1236,6,0.304832,0.319636,17.48184,0.000825,0.000665,134,0.000205,0,31,0.482143,0.005908
27059,Isanti County,,MN,3023,39878,42901,11,13,24,3245,2310,5555,6,0.30448,0.319923,3.55067,0.001481,0.001361,134,0.000207,0,31,0.814103,0.010396
27061,Itasca County,,MN,2119,50385,52504,9,10,19,960,1063,2023,6,0.304416,0.319464,3.626531,0.001414,0.00121,134,0.000223,0,31,0.809091,0.009781
27063,Jackson County,,MN,672,12838,13510,3,3,6,190,165,355,7,0.234297,0.241307,707.835336,0.000016,0.000006,134,0.000132,0,31,0.166667,0.00033
27065,Kanabec County,,MN,1191,18056,19247,8,8,16,953,730,1683,6,0.304225,0.318918,1.008766,0.001143,0.000969,134,0.000162,0,31,0.847222,0.007737
27067,Kandiyohi County,,MN,2620,48860,51480,12,11,23,1062,1215,2277,6,0.306733,0.322674,10596.419198,0.001469,0.001372,134,0.000296,0,31,0.384615,0.011409
27069,Kittson County,,MN,253,5826,6079,0,0,0,0,0,0,0,0,0,0,0,0,46,0.00005,43,95,0,0
27071,Koochiching County,,MN,701,15412,16113,3,2,5,145,160,305,7,0.256814,0.266126,0,0.000732,0.000062,134,0.000113,0,31,1,0.004995
27073,Lac qui Parle County,,MN,476,9239,9715,1,1,2,40,59,99,7,0.233336,0.239547,0,0.000005,0,134,0.000099,0,31,0,0.000101
27075,Lake County,,MN,631,12569,13200,1,1,2,209,215,424,7,0.256655,0.265667,0,0.000047,0.000053,134,0.00007,0,31,0,0.000522
27077,Lake of the Woods County,,MN,268,5105,5373,1,1,2,41,43,84,7,0.233976,0.240455,0,0.000005,0.000005,134,0.000077,0,31,0,0.000129
27079,Le Sueur County,,MN,2146,30015,32161,9,9,18,1564,1308,2872,6,0.304512,0.319464,4.52155,0.00101,0.000915,134,0.0002,0,31,0.75,0.007516
27081,Lincoln County,,MN,358,6851,7209,0,1,1,0,69,69,7,0.234151,0.240639,0,0,0.000006,134,0.00005,0,96,0,0
27083,Lyon County,,MN,1915,28984,30899,8,6,14,541,527,1068,6,0.305635,0.320561,7844.631783,0.000792,0.001135,134,0.000273,0,31,0.255556,0.006135
27085,McLeod County,,MN,2688,44111,46799,11,10,21,1753,1465,3218,6,0.304416,0.319435,13.660848,0.001338,0.001174,134,0.000243,0,31,0.627273,0.009769
27087,Mahnomen County,,MN,343,4928,5271,1,1,2,88,82,170,7,0.233674,0.240127,0,0.000005,0.000009,134,0.000083,0,31,0,0.00016
27089,Marshall County,,MN,619,12097,12716,3,3,6,194,229,423,7,0.255345,0.264977,3.864611,0.000054,0.000035,134,0.000134,0,31,0.833333,0.000592
27091,Martin County,,MN,1291,26266,27557,6,6,12,411,379,790,6,0.304416,0.318975,6807.324393,0.000684,0.000667,134,0.000194,0,31,0.303571,0.004899
27093,Meeker County,,MN,1695,27016,28711,5,6,11,962,951,1913,6,0.30432,0.318774,0.984352,0.000737,0.000704,134,0.00014,0,31,0.8,0.005414
27095,Mille Lacs County,,MN,1854,27996,29850,13,12,25,1973,1256,3229,6,0.304352,0.319607,5.746861,0.001452,0.001038,134,0.000251,0,31,0.714286,0.010476
27097,Morrison County,,MN,2031,38857,40888,10,11,21,1395,1260,2655,6,0.30432,0.319435,3.389881,0.001101,0.001029,134,0.000232,0,31,0.825758,0.00821
27099,Mower County,,MN,2592,44454,47046,6,11,17,818,1264,2082,6,0.305281,0.320762,7872.729616,0.000749,0.001111,134,0.000153,0,31,0.418182,0.005335
27101,Murray County,,MN,493,10894,11387,1,2,3,52,137,189,7,0.234278,0.241055,1.066667,0.000006,0.000007,134,0.000082,0,31,0,0.000104
27103,Nicollet County,,MN,3575,33987,37562,8,11,19,1982,2395,4377,6,0.304544,0.319751,1372.377407,0.000935,0.001133,134,0.000202,0,31,0.480769,0.006818
27105,Nobles County,,MN,1292,24633,25925,4,5,9,252,360,612,6,0.305538,0.320302,5704.985118,0.00009,0.000703,134,0.000183,0,31,0.233333,0.001234
27107,Norman County,,MN,502,8425,8927,2,3,5,130,215,345,7,0.261042,0.270924,0,0.000064,0.000046,134,0.00011,0,31,1,0.000586
27109,Olmsted County,,MN,9418,163497,172915,27,29,56,4955,5025,9980,6,0.354854,0.378842,9046.453731,0.006224,0.007471,134,0.000517,0,31,0.373106,0.045629
27111,Otter Tail County,,MN,3419,65516,68935,16,16,32,1908,1926,3834,6,0.333027,0.353084,4834.979649,0.001486,0.002353,134,0.000406,0,31,0.482456,0.010998
27113,Pennington County,,MN,965,15571,16536,5,6,11,360,378,738,7,0.261277,0.271814,324.773634,0.00006,0.000056,134,0.000216,0,31,0.428571,0.000808
27115,Pine County,,MN,1883,28456,30339,11,11,22,1633,1245,2878,6,0.304448,0.319636,7.818009,0.001495,0.001283,134,0.000216,0,31,0.727273,0.010418
27117,Pipestone County,,MN,726,11405,12131,0,2,2,0,173,173,7,0.268151,0.278394,0,0,0.000114,134,0.00005,0,97,1,0
27119,Polk County,,MN,2101,35125,37226,10,10,20,1151,990,2141,6,0.305538,0.3211,8526.973737,0.000798,0.000727,134,0.00037,0,31,0.318182,0.005878
27121,Pope County,,MN,754,13328,14082,3,3,6,273,306,579,6,0.304065,0.318057,0.333333,0.000681,0.000641,134,0.000107,0,31,0.666667,0.004563
27123,Ramsey County,,MN,54433,532208,586641,97,99,196,35126,46775,81901,6,0.393332,0.42786,46897.163277,0.027801,0.037968,134,0.001564,0,31,0.299073,0.19981
27125,Red Lake County,,MN,365,4926,5291,2,2,4,107,163,270,7,0.234108,0.240943,0,0.000006,0.000007,134,0.000113,0,31,1,0.000253
27127,Redwood County,,MN,1098,19386,20484,5,6,11,308,474,782,6,0.304448,0.318975,17.104883,0.000691,0.000641,134,0.000179,0,31,0.428571,0.004824
27129,Renville County,,MN,1147,20473,21620,5,5,10,463,454,917,6,0.304352,0.318717,2343.197306,0.000875,0.000623,134,0.000148,0,31,0.433333,0.006951
27131,Rice County,,MN,4338,64230,68568,13,14,27,2959,2674,5633,6,0.332455,0.351953,323.000656,0.001536,0.002373,134,0.000253,0,31,0.585714,0.010986
27133,Rock County,,MN,567,11052,11619,2,1,3,159,155,314,7,0.267984,0.277985,0,0.000091,0.000107,134,0.000119,0,31,1,0.001063
27135,Roseau County,,MN,859,20117,20976,4,6,10,173,341,514,6,0.305409,0.320411,6233.856528,0.000685,0.000667,134,0.00019,0,31,0.366667,0.004665
27137,St. Louis County,,MN,10144,216397,226541,34,32,66,5241,6087,11328,6,0.34523,0.368981,10993.709348,0.006567,0.005916,134,0.000724,0,31,0.319231,0.048199
27139,Scott County,,MN,10063,132412,142475,21,20,41,11373,7120,18493,6,0.341693,0.362922,1017.742982,0.004838,0.003541,134,0.000389,0,31,0.536232,0.035689
27141,Sherburne County,,MN,7784,88956,96740,20,20,40,8912,5960,14872,6,0.332531,0.352854,515.305123,0.002699,0.002593,134,0.000376,0,31,0.535573,0.021344
27143,Sibley County,,MN,1133,18283,19416,6,8,14,580,591,1171,6,0.304384,0.319148,2.333527,0.000748,0.000908,134,0.000152,0,31,0.839286,0.005519
27145,Stearns County,,MN,10396,156222,166618,32,29,61,7833,7720,15553,6,0.342945,0.365621,2879.548662,0.004299,0.003653,134,0.000636,0,31,0.331832,0.033185
27147,Steele County,,MN,2512,43330,45842,10,11,21,1535,1237,2772,6,0.304864,0.320141,362.545985,0.001319,0.001189,134,0.000214,0,31,0.663636,0.009122
27149,Stevens County,,MN,712,10231,10943,1,3,4,40,183,223,6,0.304129,0.318143,465.029997,0,0.000612,134,0.000066,0,31,0.583333,0.00009
27151,Swift County,,MN,773,12032,12805,1,4,5,108,272,380,7,0.23538,0.243114,2955,0.000011,0.000023,134,0.000073,0,31,0.333333,0.000196
27153,Todd County,,MN,1604,26342,27946,8,8,16,748,897,1645,6,0.304257,0.318975,4.963309,0.000848,0.000693,134,0.000209,0,31,0.694444,0.006266
27155,Traverse County,,MN,258,4400,4658,0,0,0,0,0,0,0,0,0,0,0,0,47,0.00005,44,98,0,0
27157,Wabasha County,,MN,1564,26487,28051,5,6,11,773,920,1693,6,0.304384,0.318947,114.013993,0.000615,0.000872,134,0.000135,0,31,0.738095,0.004229
27159,Wadena County,,MN,1085,15799,16884,5,6,11,487,479,966,6,0.304193,0.318631,2.550433,0.000716,0.000669,134,0.000158,0,31,0.7,0.005016
27161,Waseca County,,MN,1386,22690,24076,8,7,15,750,670,1420,6,0.306474,0.321784,38.711738,0.000962,0.001124,134,0.000176,0,31,0.625,0.006968
27163,Washington County,,MN,19813,257395,277208,33,39,72,18494,15464,33958,6,0.356161,0.381949,3808.093163,0.010825,0.011069,134,0.000522,0,31,0.400106,0.075929
27165,Watonwan County,,MN,811,12565,13376,3,5,8,155,306,461,7,0.234752,0.242611,2256.035835,0.000022,0.000034,134,0.000116,0,31,0.45,0.000477
27167,Wilkin County,,MN,593,8488,9081,3,4,7,349,331,680,7,0.261042,0.271039,2.419282,0.000074,0.000052,134,0.000136,0,31,0.75,0.000734
27169,Winona County,,MN,2908,52014,54922,11,10,21,1283,1575,2858,6,0.304864,0.32021,1290.957521,0.001329,0.001124,134,0.000257,0,31,0.472727,0.009338
27171,Wright County,,MN,8576,126758,135334,20,21,41,9380,6248,15628,6,0.332836,0.353343,977.105711,0.003758,0.002602,134,0.000379,0,31,0.528986,0.028608
27173,Yellow Medicine County,,MN,781,12556,13337,2,4,6,182,234,416,6,0.304193,0.318372,20.215675,0.000014,0.000607,134,0.000137,0,31,0.583333,0.000249
28001,Adams County,,MS,1941,31663,33604,7,8,15,580,784,1364,7,0.317158,0.334233,7059.382456,0.000189,0.001187,5,0.000188,0,31,0.311111,0.001751
28003,Alcorn County,,MS,1858,34760,36618,8,7,15,936,914,1850,7,0.305442,0.319591,1870.187715,0.000684,0.000694,5,0.000268,0,31,0.446429,0.005919
28005,Amite County,,MS,764,12684,13448,3,2,5,330,298,628,7,0.278289,0.290356,4.469547,0.000266,0.000188,5,0.000109,0,31,0.5,0.001766
28007,Attala County,,MS,1002,18593,19595,3,7,10,301,458,759,7,0.269728,0.281954,232.729203,0.000131,0.000195,5,0.000113,0,31,0.619048,0.001117
28009,Benton County,,MS,616,7998,8614,5,5,10,452,400,852,7,0.305217,0.318959,359.550921,0.000669,0.000686,5,0.000192,0,31,0.7,0.005496
28011,Bolivar County,,MS,2491,36276,38767,6,9,15,751,1209,1960,7,0.306312,0.321228,12.941009,0.000794,0.000895,5,0.000137,0,31,0.666667,0.006015
28013,Calhoun County,,MS,829,15831,16660,2,5,7,176,379,555,8,0.237869,0.246208,9.149553,0.000012,0.000021,5,0.000097,0,31,0.55,0.000279
28015,Carroll County,,MS,882,9881,10763,3,4,7,404,499,903,7,0.269227,0.280806,363.370406,0.000013,0.000114,5,0.000134,0,31,0.583333,0.000443
28017,Chickasaw County,,MS,1249,19712,20961,5,6,11,611,839,1450,8,0.247653,0.257294,24.402184,0.00002,0.000017,5,0.000161,0,31,0.566667,0.00061
28019,Choctaw County,,MS,574,7732,8306,4,3,7,250,227,477,8,0.247421,0.256318,4.326354,0.000025,0.000008,5,0.000149,0,31,0.416667,0.000462
28021,Claiborne County,,MS,622,9819,10441,3,2,5,259,288,547,7,0.269127,0.280289,0,0.000138,0.000096,5,0.000097,0,31,0.666667,0.00104
28023,Clarke County,,MS,1083,18134,19217,4,5,9,555,619,1174,7,0.258024,0.268024,22.599601,0.000058,0.000051,5,0.00014,0,31,0.8,0.000708
28025,Clay County,,MS,1385,21707,23092,4,7,11,446,778,1224,7,0.305763,0.32005,553.264375,0.000064,0.000635,5,0.000127,0,31,0.595238,0.000636
28027,Coahoma County,,MS,1696,29151,30847,6,9,15,481,860,1341,7,0.30628,0.32117,2382.481765,0.000647,0.000791,5,0.000176,0,31,0.402778,0.00506
28029,Copiah County,,MS,1697,30260,31957,5,4,9,805,928,1733,7,0.269477,0.281093,2.497794,0.000179,0.000178,5,0.000143,0,31,0.666667,0.001574
28031,Covington County,,MS,1362,19582,20944,6,7,13,644,858,1502,7,0.276407,0.289218,39.566119,0.000037,0.000279,5,0.000174,0,31,0.571429,0.000916
28033,DeSoto County,,MS,11044,144827,155871,39,22,61,12237,6502,18739,6,0.34069,0.363519,6971.433642,0.008778,0.004743,5,0.000736,0,31,0.205603,0.062774
28035,Forrest County,,MS,6855,66654,73509,25,23,48,4445,4352,8797,7,0.312413,0.330922,12120.802729,0.001531,0.002615,5,0.000593,0,31,0.312169,0.012747
28037,Franklin County,,MS,491,8255,8746,2,3,5,107,218,325,8,0.24123,0.24915,2.152381,0.000011,0.000012,5,0.000093,0,31,0.333333,0.000226
28039,George County,,MS,996,20660,21656,4,4,8,750,533,1283,7,0.282516,0.295473,384.641663,0.000589,0.000549,5,0.000134,0,31,0.583333,0.004451
28041,Greene County,,MS,565,10974,11539,4,3,7,253,207,460,8,0.238162,0.246133,3.839719,0.00024,0.00002,5,0.000161,0,31,0.45,0.001851
28043,Grenada County,,MS,1510,24375,25885,8,11,19,651,732,1383,7,0.30628,0.3214,8088.451686,0.000635,0.000774,5,0.000259,0,31,0.295455,0.005222
28045,Hancock County,,MS,3469,43593,47062,10,8,18,2370,1784,4154,7,0.288211,0.302103,9.950112,0.001423,0.00116,5,0.000204,0,31,0.788889,0.011022
28047,Harrison County,,MS,19463,196874,216337,77,76,153,10712,11166,21878,6,0.38104,0.414151,38374.878859,0.03096,0.030778,5,0.001133,0,31,0.362503,0.229118
28049,Hinds County,,MS,18187,258342,276529,55,59,114,11023,13745,24768,6,0.367947,0.398398,84493.39408,0.011797,0.015979,5,0.000991,0,31,0.237901,0.086124
28051,Holmes County,,MS,1289,20735,22024,7,6,13,522,701,1223,7,0.269627,0.281667,349.134812,0.001225,0.000202,5,0.00017,0,31,0.595238,0.009059
28053,Humphreys County,,MS,697,10287,10984,3,5,8,146,296,442,7,0.269302,0.281024,3.293954,0.000136,0.000148,5,0.000104,0,31,0.7,0.001144
28055,Issaquena County,,MS,84,928,1012,0,0,0,0,0,0,0,0,0,0,0,0,48,0.00005,45,99,0,0
28057,Itawamba County,,MS,1687,26069,27756,7,6,13,1275,1085,2360,8,0.237616,0.24607,1420.988726,0.000642,0.000023,5,0.00022,0,31,0.404762,0.005252
28059,Jackson County,,MS,11007,143697,154704,37,33,70,6056,6060,12116,6,0.354681,0.379899,5647.221109,0.013928,0.013326,5,0.000577,0,31,0.471987,0.10375
28061,Jasper County,,MS,1280,18960,20240,4,6,10,499,820,1319,7,0.25807,0.268253,6.435344,0.000059,0.000051,5,0.000123,0,31,0.533333,0.000703
28063,Jefferson County,,MS,459,7997,8456,1,4,5,58,242,300,7,0.269277,0.280834,2.946731,0.00001,0.000099,5,0.00007,0,31,0.75,0.000114
28065,Jefferson Davis County,,MS,817,12113,12930,5,7,12,331,538,869,7,0.269527,0.281621,21.281888,0.000032,0.000122,5,0.000169,0,31,0.571429,0.000765
28067,Jones County,,MS,3193,65609,68802,12,15,27,1798,1854,3652,7,0.285097,0.300831,1858.456096,0.000505,0.000785,5,0.000306,0,31,0.471429,0.004608
28069,Kemper County,,MS,588,8965,9553,2,2,4,186,252,438,7,0.257726,0.266932,0,0.000053,0.000032,5,0.000086,0,31,1,0.000454
28071,Lafayette County,,MS,3208,34906,38114,15,14,29,1550,1362,2912,7,0.309349,0.325765,8097.684128,0.000926,0.001509,5,0.000396,0,31,0.334559,0.008191
28073,Lamar County,,MS,4465,44694,49159,20,15,35,3439,2630,6069,7,0.285041,0.300745,2978.062955,0.001344,0.000774,5,0.000442,0,31,0.402632,0.011493
28075,Lauderdale County,,MS,5159,81224,86383,20,30,50,1885,2601,4486,6,0.346963,0.370526,22840.124444,0.003898,0.006326,5,0.0004,0,31,0.293347,0.02951
28077,Lawrence County,,MS,904,14651,15555,4,6,10,378,425,803,7,0.269277,0.28115,115.392158,0.000178,0.000108,5,0.000126,0,31,0.595238,0.001459
28079,Leake County,,MS,1306,21863,23169,6,6,12,636,804,1440,7,0.269577,0.281552,24.803826,0.00021,0.00018,5,0.000173,0,31,0.666667,0.002081
28081,Lee County,,MS,5387,84218,89605,21,17,38,3512,3280,6792,7,0.308756,0.32538,10837.774512,0.001038,0.001151,5,0.000528,0,31,0.309524,0.009351
28083,Leflore County,,MS,2175,33521,35696,11,13,24,967,1236,2203,7,0.306474,0.321974,6510.312782,0.001813,0.000897,5,0.000233,0,31,0.385714,0.013258
28085,Lincoln County,,MS,1737,35263,37000,6,7,13,845,769,1614,7,0.269753,0.282069,1643.50814,0.000181,0.00015,5,0.000187,0,31,0.52381,0.001728
28087,Lowndes County,,MS,5293,61487,66780,13,21,34,1520,2148,3668,6,0.34659,0.369268,17403.58085,0.002435,0.004979,5,0.000342,0,31,0.34585,0.019407
28089,Madison County,,MS,7992,85863,93855,35,21,56,7234,5158,12392,7,0.330035,0.35191,6915.631336,0.006134,0.003686,5,0.000669,0,31,0.272404,0.047259
28091,Marion County,,MS,1313,26897,28210,6,5,11,574,562,1136,7,0.276249,0.288644,686.670797,0.000164,0.000272,5,0.000189,0,31,0.47619,0.001651
28093,Marshall County,,MS,2657,37132,39789,7,7,14,1938,1857,3795,7,0.305345,0.319418,367.591455,0.000693,0.000699,5,0.000242,0,31,0.571429,0.005804
28095,Monroe County,,MS,2145,40153,42298,8,8,16,968,1174,2142,7,0.260176,0.271088,174.368286,0.000084,0.000042,5,0.000227,0,31,0.464286,0.001175
28097,Montgomery County,,MS,742,12079,12821,3,2,5,297,267,564,8,0.234619,0.241326,0,0.000014,0.000005,5,0.000114,0,31,1,0.000443
28099,Neshoba County,,MS,1536,30342,31878,7,8,15,825,764,1589,7,0.278583,0.292251,361.139755,0.000102,0.000318,5,0.000224,0,31,0.357143,0.001285
28101,Newton County,,MS,1235,23353,24588,5,4,9,729,555,1284,7,0.263507,0.274358,21.517746,0.000183,0.000067,5,0.000143,0,31,0.6,0.001504
28103,Noxubee County,,MS,618,13065,13683,1,1,2,149,184,333,7,0.257406,0.266166,0,0.00004,0.00002,5,0.000064,0,31,0,0.000257
28105,Oktibbeha County,,MS,3690,36145,39835,13,19,32,1350,1606,2956,7,0.328429,0.349664,17126.767683,0.000882,0.002929,5,0.000349,0,31,0.338095,0.00734
28107,Panola County,,MS,2210,36623,38833,8,8,16,1234,1319,2553,7,0.305409,0.319648,3761.263547,0.000688,0.000688,5,0.000264,0,31,0.464286,0.00582
28109,Pearl River County,,MS,2715,48698,51413,11,9,20,2098,1400,3498,7,0.288211,0.302246,41.215167,0.0012,0.001064,5,0.000238,0,31,0.645455,0.009832
28111,Perry County,,MS,865,12795,13660,4,4,8,380,526,906,8,0.23822,0.24642,13.817709,0.00028,0.000029,5,0.000127,0,31,0.65,0.002512
28113,Pike County,,MS,2364,39790,42154,14,10,24,1361,1179,2540,7,0.281802,0.295946,2715.075767,0.001141,0.000451,5,0.000351,0,31,0.32381,0.008387
28115,Pontotoc County,,MS,1800,29564,31364,7,7,14,1234,1129,2363,7,0.305506,0.319706,2096.512918,0.000022,0.000626,5,0.000231,0,31,0.482143,0.000969
28117,Prentiss County,,MS,1405,25430,26835,6,6,12,825,892,1717,8,0.236281,0.244284,9.326052,0.000021,0.000035,5,0.000237,0,31,0.566667,0.000909
28119,Quitman County,,MS,627,8547,9174,3,3,6,176,288,464,8,0.234581,0.241412,0.416667,0.000017,0.000016,5,0.000127,0,31,0.666667,0.000423
28121,Rankin County,,MS,10406,131498,141904,39,38,77,9270,6876,16146,7,0.335414,0.361099,20159.270383,0.004083,0.005885,5,0.000801,0,31,0.211111,0.033047
28123,Scott County,,MS,1694,29601,31295,7,7,14,811,1011,1822,7,0.269627,0.281782,38.553942,0.000211,0.000182,5,0.000208,0,31,0.571429,0.0022
28125,Sharkey County,,MS,417,6208,6625,2,0,2,98,0,98,0,0,0,0,0.000035,0,5,0.000079,0,19,0.5,0.000382
28127,Simpson County,,MS,1522,26935,28457,6,7,13,989,843,1832,7,0.269903,0.282195,108.018333,0.000181,0.000154,5,0.000162,0,31,0.555556,0.001674
28129,Smith County,,MS,818,14816,15634,7,8,15,558,603,1161,7,0.269953,0.282425,191.345342,0.000187,0.000148,5,0.000183,0,31,0.535714,0.001825
28131,Stone County,,MS,950,14528,15478,4,4,8,707,507,1214,7,0.276197,0.288386,0.1475,0.000383,0.000382,5,0.000122,0,31,0.916667,0.00326
28133,Sunflower County,,MS,1868,27414,29282,7,8,15,759,945,1704,7,0.306247,0.320998,580.193782,0.000796,0.000809,5,0.000151,0,31,0.625,0.006083
28135,Tallahatchie County,,MS,946,14716,15662,6,9,15,372,623,995,7,0.305538,0.319993,582.955257,0.000032,0.000712,5,0.000176,0,31,0.472222,0.000873
28137,Tate County,,MS,2163,27944,30107,6,5,11,1644,1442,3086,7,0.305249,0.319016,2.231624,0.000687,0.000686,5,0.000204,0,31,0.8,0.00567
28139,Tippah County,,MS,1037,23097,24134,7,6,13,630,596,1226,7,0.305313,0.319246,1569.38319,0.000679,0.000624,5,0.000252,0,31,0.642857,0.005796
28141,Tishomingo County,,MS,936,18973,19909,5,6,11,547,525,1072,8,0.238926,0.247632,496.709078,0.000632,0.000034,5,0.000179,0,31,0.452381,0.004986
28143,Tunica County,,MS,1279,12041,13320,7,6,13,913,814,1727,7,0.305281,0.319189,1907.17961,0.000682,0.000686,5,0.000223,0,31,0.595238,0.005682
28145,Union County,,MS,1457,27780,29237,9,7,16,1189,910,2099,8,0.23781,0.246294,1107.921459,0.000711,0.000032,5,0.000291,0,31,0.486111,0.005855
28147,Walthall County,,MS,877,14562,15439,3,3,6,399,414,813,8,0.225977,0.233504,3.215167,0.000014,0.000021,5,0.000132,0,31,0.166667,0.000465
28149,Warren County,,MS,3249,55950,59199,7,11,18,945,1303,2248,7,0.308395,0.32403,719.84619,0.000208,0.001121,5,0.000219,0,31,0.352564,0.002208
28151,Washington County,,MS,3676,59164,62840,11,15,26,951,1551,2502,7,0.329735,0.350669,4252.91916,0.002877,0.003212,5,0.000205,0,31,0.385965,0.020742
28153,Wayne County,,MS,964,21287,22251,7,4,11,503,363,866,8,0.23822,0.24642,75.478701,0.000316,0.000019,5,0.000206,0,31,0.452381,0.002524
28155,Webster County,,MS,778,11923,12701,4,3,7,275,274,549,8,0.247484,0.256519,15.903912,0.000035,0.000012,5,0.000144,0,31,0.333333,0.000505
28157,Wilkinson County,,MS,484,9159,9643,1,3,4,84,192,276,7,0.278263,0.290442,38.26165,0.000261,0.000183,5,0.000061,0,31,0.5,0.00149
28159,Winston County,,MS,1009,20664,21673,3,4,7,265,403,668,8,0.251626,0.262337,30.585552,0.000026,0.000041,5,0.000132,0,31,0.5,0.000375
28161,Yalobusha County,,MS,871,13601,14472,4,4,8,391,418,809,8,0.236608,0.244387,6.002528,0.00003,0.000018,5,0.000139,0,31,0.583333,0.000569
28163,Yazoo County,,MS,1519,26204,27723,6,6,12,553,730,1283,7,0.269552,0.281495,489.79053,0.001217,0.000189,5,0.00016,0,31,0.571429,0.008855
29001,Adair County,,MO,1917,21372,23289,7,9,16,472,680,1152,6,0.333448,0.352326,20285.416166,0.000654,0.002413,49,0.000325,0,31,0.254545,0.004751
29003,Andrew County,,MO,1770,19107,20877,4,3,7,1112,1070,2182,7,0.263315,0.272759,14.440867,0.000042,0.000084,49,0.000132,0,31,0.6,0.000531
29005,Atchison County,,MO,442,6788,7230,1,0,1,43,0,43,0,0,0,0,0.000011,0,49,0.000071,0,18,0,0.000106
29007,Audrain County,,MO,1562,27201,28763,6,8,14,685,851,1536,7,0.27081,0.282123,1495.279497,0.000772,0.000147,49,0.000201,0,31,0.319444,0.005589
29009,Barry County,,MO,2781,35328,38109,9,11,20,1484,1665,3149,7,0.294291,0.308291,132.748774,0.000432,0.001066,49,0.000297,0,31,0.572727,0.005786
29011,Barton County,,MO,968,14131,15099,4,6,10,421,531,952,7,0.273774,0.285808,17.064084,0.000058,0.000261,49,0.000157,0,31,0.466667,0.000963
29013,Bates County,,MO,1265,18353,19618,5,5,10,674,633,1307,6,0.297641,0.31032,15.962827,0.000915,0.000866,49,0.000147,0,31,0.7,0.006757
29015,Benton County,,MO,1240,17836,19076,6,5,11,674,547,1221,7,0.293072,0.305718,0.769444,0.000604,0.000582,49,0.000155,0,31,0.785714,0.004621
29017,Bollinger County,,MO,765,12580,13345,4,4,8,416,430,846,7,0.250648,0.259384,5.697549,0.000029,0.000022,49,0.000182,0,31,0.5,0.000581
29019,Boone County,,MO,11839,145255,157094,52,42,94,7164,6120,13284,6,0.370484,0.397783,54206.048209,0.011893,0.012628,49,0.001129,0,31,0.256575,0.08906
29021,Buchanan County,,MO,5579,90198,95777,17,18,35,3022,3290,6312,6,0.336893,0.357478,25285.625162,0.001933,0.003335,49,0.000414,0,31,0.321053,0.014544
29023,Butler County,,MO,2621,42149,44770,11,11,22,1372,1253,2625,7,0.306765,0.321506,12771.290232,0.000936,0.000817,49,0.000415,0,31,0.320513,0.006854
29025,Caldwell County,,MO,805,9895,10700,7,8,15,509,525,1034,7,0.292157,0.305,69.703058,0.000597,0.000518,49,0.000189,0,31,0.611111,0.004846
29027,Callaway County,,MO,3285,43812,47097,9,11,20,2014,1976,3990,7,0.307611,0.322844,1459.871612,0.001008,0.001514,49,0.000251,0,31,0.522727,0.007729
29029,Camden County,,MO,3481,39348,42829,15,15,30,2150,1745,3895,6,0.334216,0.354078,661.766213,0.002356,0.002916,49,0.000326,0,31,0.529412,0.017601
29031,Cape Girardeau County,,MO,4870,77423,82293,20,17,37,2763,2404,5167,6,0.334062,0.354485,25095.50916,0.001249,0.002931,49,0.000597,0,31,0.249012,0.010298
29033,Carroll County,,MO,538,11079,11617,4,2,6,257,101,358,7,0.29157,0.303277,0.666667,0.00002,0.000377,49,0.000148,0,31,0.6,0.000606
29035,Carter County,,MO,515,6383,6898,1,1,2,153,109,262,8,0.234771,0.241058,0,0.000007,0.000008,49,0.000083,0,31,0,0.000158
29037,Cass County,,MO,7753,100890,108643,18,17,35,7050,5042,12092,6,0.333295,0.353239,867.310554,0.004642,0.002591,49,0.000355,0,31,0.407115,0.032312
29039,Cedar County,,MO,927,13324,14251,5,3,8,397,305,702,7,0.273309,0.284556,8.632802,0.000575,0.000191,49,0.000177,0,31,0.6,0.004669
29041,Chariton County,,MO,504,9179,9683,2,3,5,117,190,307,7,0.270608,0.281003,2.585256,0.00001,0.000096,49,0.000094,0,31,0.5,0.000201
29043,Christian County,,MO,6591,67687,74278,24,13,37,6279,4415,10694,6,0.332607,0.351861,6066.677446,0.0073,0.002106,49,0.000575,0,31,0.382246,0.054837
29045,Clark County,,MO,400,8179,8579,1,1,2,102,90,192,7,0.223282,0.229238,0,0.000004,0.000001,19,0.000069,0,31,0,0.000107
29047,Clay County,,MO,18600,227959,246559,43,43,86,16414,13382,29796,6,0.371005,0.398742,21485.644017,0.013793,0.01526,49,0.000769,0,31,0.37627,0.102346
29049,Clinton County,,MO,2052,22816,24868,8,8,16,1338,1364,2702,7,0.292069,0.304885,68.820673,0.000623,0.000581,49,0.000207,0,31,0.678571,0.005069
29051,Cole County,,MO,5224,82135,87359,20,17,37,3348,3119,6467,6,0.331354,0.351361,8347.349448,0.003467,0.003229,49,0.000457,0,31,0.404762,0.025135
29053,Cooper County,,MO,1115,17772,18887,4,4,8,547,525,1072,7,0.270558,0.281089,4.788661,0.000115,0.000107,49,0.000171,0,31,0.5,0.001312
29055,Crawford County,,MO,1658,24323,25981,8,6,14,1124,916,2040,7,0.305152,0.318491,71.410832,0.001033,0.000654,49,0.000205,0,31,0.597222,0.007679
29057,Dade County,,MO,630,8381,9011,4,3,7,301,303,604,7,0.273335,0.284544,39.740386,0.000204,0.00019,49,0.000151,0,31,0.75,0.002323
29059,Dallas County,,MO,1285,15972,17257,5,5,10,623,726,1349,7,0.273284,0.284728,11.021441,0.000174,0.000198,49,0.000202,0,31,0.6,0.002036
29061,Daviess County,,MO,722,9094,9816,4,5,9,257,308,565,7,0.270759,0.281466,2946.540402,0.000535,0.000121,49,0.000122,0,31,0.466667,0.004002
29063,DeKalb County,,MO,858,10281,11139,4,7,11,458,523,981,7,0.291981,0.304598,154.344253,0.000158,0.000572,49,0.000127,0,31,0.738095,0.001443
29065,Dent County,,MO,952,14453,15405,4,4,8,343,403,746,7,0.273412,0.284872,3333.641637,0.000663,0.000204,49,0.000143,0,31,0.466667,0.004587
29067,Douglas County,,MO,891,12510,13401,5,6,11,352,510,862,7,0.273335,0.284958,3.365507,0.000182,0.000247,49,0.000216,0,31,0.7,0.002407
29069,Dunklin County,,MO,2009,31226,33235,9,11,20,1208,1154,2362,7,0.274785,0.28818,2640.356545,0.000213,0.000235,5,0.000267,0,31,0.287879,0.003294
29071,Franklin County,,MO,5750,115577,121327,13,16,29,4418,3815,8233,7,0.30735,0.322941,234.317481,0.001732,0.001492,49,0.000313,0,31,0.448529,0.013078
29073,Gasconade County,,MO,1098,17662,18760,7,6,13,766,552,1318,7,0.30512,0.318433,945.574483,0.000885,0.000625,49,0.000222,0,31,0.446429,0.006636
29075,Gentry County,,MO,458,7624,8082,2,3,5,118,161,279,7,0.253207,0.261799,40.73686,0.000037,0.000016,49,0.000091,0,31,0.333333,0.000333
29077,Greene County,,MO,19984,267569,287553,87,64,151,14686,13464,28150,6,0.375761,0.406375,96177.174754,0.022788,0.019817,49,0.001892,0,31,0.247312,0.169312
29079,Grundy County,,MO,650,10956,11606,5,3,8,227,154,381,7,0.291981,0.304081,3196.070985,0.000127,0.000388,49,0.000178,0,31,0.309524,0.001368
29081,Harrison County,,MO,524,9327,9851,2,0,2,89,0,89,0,0,0,0,0.000001,0,49,0.000097,0,6,0,0.000217
29083,Henry County,,MO,1775,24050,25825,8,8,16,950,863,1813,6,0.299144,0.312675,105.730845,0.000964,0.001069,49,0.000227,0,31,0.583333,0.007225
29085,Hickory County,,MO,603,8702,9305,3,3,6,205,252,457,7,0.273232,0.284384,18.750433,0.00041,0.000189,49,0.000138,0,31,0.833333,0.003038
29087,Holt County,,MO,397,5910,6307,2,3,5,112,195,307,7,0.253184,0.261741,0,0.000037,0.000016,49,0.000091,0,31,1,0.000333
29089,Howard County,,MO,734,10674,11408,3,2,5,411,361,772,7,0.270381,0.280458,0.5,0.000108,0.000096,49,0.000137,0,31,0.666667,0.00107
29091,Howell County,,MO,2216,39728,41944,10,7,17,982,774,1756,7,0.277093,0.289187,9197.482138,0.000199,0.000341,49,0.000423,0,31,0.281818,0.00301
29093,Iron County,,MO,854,10641,11495,5,3,8,374,345,719,8,0.234032,0.240467,1.049145,0.000699,0.000025,49,0.000171,0,31,0.8,0.004957
29095,Jackson County,,MO,45935,710788,756723,127,123,250,31582,36672,68254,6,0.411398,0.447059,119594.781207,0.045905,0.050362,49,0.002068,0,31,0.290243,0.332684
29097,Jasper County,,MO,7659,112781,120440,28,26,54,4540,4597,9137,6,0.344533,0.367419,12714.77026,0.007268,0.00505,49,0.000631,0,31,0.34086,0.054122
29099,Jefferson County,,MO,14190,244815,259005,19,29,48,12847,10586,23433,6,0.345847,0.368774,4864.866479,0.003321,0.004676,49,0.000455,0,31,0.31828,0.024507
29101,Johnson County,,MO,6266,49927,56193,12,17,29,2409,2632,5041,6,0.334988,0.355634,881.325621,0.001748,0.004942,49,0.000266,0,31,0.431579,0.012987
29103,Knox County,,MO,319,4772,5091,0,1,1,0,54,54,7,0.250129,0.257793,0,0,0.000005,49,0.00005,0,100,0,0
29105,Laclede County,,MO,2072,36701,38773,9,9,18,1072,1024,2096,7,0.295309,0.308974,208.93235,0.000726,0.000821,49,0.00025,0,31,0.445455,0.005957
29107,Lafayette County,,MO,2623,36963,39586,7,9,16,1617,1715,3332,6,0.298867,0.312417,323.541812,0.000604,0.001068,49,0.000183,0,31,0.577778,0.00481
29109,Lawrence County,,MO,2708,38588,41296,8,7,15,1577,1626,3203,7,0.273593,0.285578,54.415625,0.000904,0.00032,49,0.000266,0,31,0.5,0.007682
29111,Lewis County,,MO,645,10909,11554,2,2,4,237,261,498,7,0.248544,0.25665,0,0.000021,0.000023,49,0.000119,0,31,1,0.000365
29113,Lincoln County,,MO,3302,50985,54287,8,7,15,4100,2055,6155,7,0.305056,0.318491,30.666828,0.001155,0.001053,49,0.000195,0,31,0.660714,0.008269
29115,Linn County,,MO,1012,15107,16119,3,7,10,213,389,602,7,0.293072,0.306068,217.03594,0.000005,0.000584,49,0.000134,0,31,0.357143,0.000344
29117,Livingston County,,MO,1004,15409,16413,5,5,10,289,362,651,7,0.291952,0.304253,1848.259792,0.000538,0.00048,49,0.000167,0,31,0.366667,0.004064
29119,McDonald County,,MO,1867,19133,21000,7,7,14,1219,1254,2473,7,0.276618,0.289897,44.916785,0.000459,0.000731,5,0.00021,0,31,0.666667,0.006174
29121,Macon County,,MO,1057,18235,19292,5,5,10,393,454,847,7,0.270734,0.28152,4927.599502,0.00053,0.000102,49,0.000168,0,31,0.3,0.003977
29123,Madison County,,MO,719,12340,13059,5,5,10,415,358,773,7,0.250648,0.259527,770.349997,0.000694,0.000032,49,0.00018,0,31,0.517857,0.004923
29125,Maries County,,MO,599,8849,9448,5,3,8,307,281,588,7,0.249206,0.257816,2.571334,0.000811,0.000048,49,0.000148,0,31,0.7,0.005574
29127,Marion County,,MO,1885,31408,33293,10,7,17,880,869,1749,7,0.305635,0.319341,8731.335065,0.000989,0.000703,49,0.000389,0,31,0.233333,0.007574
29129,Mercer County,,MO,326,3958,4284,0,1,1,0,42,42,8,0.226055,0.231627,0,0,0.000001,49,0.00005,0,101,0,0
29131,Miller County,,MO,1967,24652,26619,6,7,13,1080,1086,2166,7,0.277041,0.28913,26.301302,0.000185,0.000344,49,0.000185,0,31,0.625,0.001734
29133,Mississippi County,,MO,750,13037,13787,3,3,6,357,410,767,7,0.250561,0.259068,15.174564,0.00003,0.000016,49,0.000145,0,31,0.833333,0.000442
29135,Moniteau County,,MO,996,16597,17593,6,5,11,577,509,1086,7,0.270558,0.281204,20.490166,0.000146,0.000143,49,0.000204,0,31,0.566667,0.001716
29137,Monroe County,,MO,723,10300,11023,5,4,9,319,347,666,7,0.270658,0.281233,286.663333,0.000114,0.00011,49,0.000191,0,31,0.4,0.001356
29139,Montgomery County,,MO,912,13804,14716,6,6,12,530,477,1007,7,0.281038,0.292969,22.591473,0.000887,0.000355,49,0.000173,0,31,0.52381,0.006494
29141,Morgan County,,MO,1503,20156,21659,8,6,14,831,771,1602,7,0.291952,0.304454,259.624472,0.001237,0.000427,49,0.000209,0,31,0.517857,0.008848
29143,New Madrid County,,MO,1479,19049,20528,5,7,12,534,942,1476,7,0.250973,0.260406,71.47288,0.000009,0.000025,49,0.000207,0,31,0.547619,0.00057
29145,Newton County,,MO,4559,57777,62336,12,11,23,3133,2886,6019,7,0.294619,0.309055,517.887066,0.001153,0.000971,49,0.000319,0,31,0.5,0.01012
29147,Nodaway County,,MO,1470,21234,22704,7,11,18,403,661,1064,6,0.300757,0.315219,9318.408601,0.000032,0.001334,49,0.000267,0,31,0.25641,0.00081
29149,Oregon County,,MO,740,9503,10243,2,3,5,180,320,500,7,0.273412,0.284699,348.167439,0.000003,0.000184,49,0.000132,0,31,0.5,0.000228
29151,Osage County,,MO,674,15244,15918,3,3,6,337,365,702,7,0.249056,0.257471,1.895513,0.000043,0.000043,49,0.000124,0,31,0.333333,0.000622
29153,Ozark County,,MO,662,9223,9885,4,3,7,245,249,494,7,0.273258,0.284441,4.168137,0.000171,0.000186,49,0.000184,0,31,0.583333,0.002106
29155,Pemiscot County,,MO,1258,18657,19915,4,5,9,445,625,1070,8,0.239974,0.248915,107.018918,0.000022,0.000031,5,0.000137,0,31,0.4,0.000534
29157,Perry County,,MO,961,21078,22039,7,5,12,569,479,1048,7,0.30512,0.318347,1348.394382,0.000722,0.000609,49,0.000231,0,31,0.428571,0.005203
29159,Pettis County,,MO,2908,43393,46301,10,11,21,1463,1358,2821,6,0.299608,0.313795,307.044397,0.001141,0.00115,49,0.000262,0,31,0.416667,0.00861
29161,Phelps County,,MO,3695,42445,46140,15,14,29,1794,1468,3262,7,0.308658,0.324486,1174.655347,0.00158,0.001623,49,0.000373,0,31,0.424837,0.012185
29163,Pike County,,MO,995,18514,19509,6,5,11,623,479,1102,7,0.30512,0.318347,163.097876,0.00088,0.000835,49,0.00019,0,31,0.366667,0.006447
29165,Platte County,,MO,11634,89794,101428,25,22,47,8622,8111,16733,6,0.355768,0.378842,4785.392038,0.008462,0.007024,49,0.000458,0,31,0.495699,0.060424
29167,Polk County,,MO,2073,29206,31279,7,6,13,1230,1108,2338,7,0.292629,0.30539,128.306669,0.000587,0.000619,49,0.000275,0,31,0.47619,0.005323
29169,Pulaski County,,MO,7913,39390,47303,30,36,66,3135,3494,6629,6,0.360452,0.386389,6029.593199,0.011556,0.014823,49,0.000414,0,31,0.508711,0.080281
29171,Putnam County,,MO,309,5866,6175,2,1,3,91,48,139,7,0.250086,0.25771,0,0.00002,0.000005,49,0.000102,0,31,1,0.000226
29173,Ralls County,,MO,625,11448,12073,2,1,3,370,236,606,8,0.234108,0.240059,0.84965,0.000007,0.000008,49,0.000119,0,31,0,0.000301
29175,Randolph County,,MO,1728,25349,27077,5,6,11,715,757,1472,7,0.305474,0.319007,3152.542608,0.000105,0.000686,49,0.00019,0,31,0.333333,0.001323
29177,Ray County,,MO,1930,27072,29002,8,6,14,1360,1233,2593,7,0.291746,0.304081,692.694115,0.00108,0.000494,49,0.000234,0,31,0.571429,0.008131
29179,Reynolds County,,MO,449,6459,6908,1,2,3,42,90,132,8,0.234657,0.241162,0.892857,0.000002,0.000016,49,0.000081,0,31,0,0.000128
29181,Ripley County,,MO,783,13378,14161,3,1,4,303,236,539,8,0.234771,0.241058,0,0.000044,0.000008,49,0.000121,0,31,0.666667,0.000567
29183,St. Charles County,,MO,22693,383401,406094,66,64,130,23915,16248,40163,6,0.383305,0.413715,20141.42548,0.028397,0.026942,49,0.001034,0,31,0.405746,0.202568
29185,St. Clair County,,MO,635,8814,9449,3,2,5,249,171,420,7,0.273309,0.284441,0,0.000433,0.00019,49,0.000107,0,31,0.916667,0.003305
29186,Ste. Genevieve County,,MO,1320,21359,22679,5,4,9,835,797,1632,7,0.304928,0.317916,1.516667,0.000922,0.000627,49,0.000159,0,31,0.75,0.00622
29187,St. Francois County,,MO,3253,60759,64012,12,9,21,2756,1873,4629,7,0.305281,0.319094,5259.555509,0.001319,0.001067,49,0.000358,0,31,0.401515,0.010119
29189,St. Louis County,,MO,79124,1180591,1259715,181,206,387,57429,68940,126369,6,0.438302,0.48002,215280.884909,0.072863,0.080784,49,0.00259,0,31,0.28187,0.510098
29195,Saline County,,MO,1463,24246,25709,5,6,11,436,580,1016,7,0.292511,0.305132,2017.46936,0.001611,0.000479,49,0.000133,0,31,0.5,0.011464
29197,Schuyler County,,MO,297,4197,4494,1,1,2,74,91,165,7,0.250086,0.25771,0,0.000019,0.000005,49,0.000081,0,31,0,0.000134
29199,Scotland County,,MO,240,5446,5686,0,0,0,0,0,0,0,0,0,0,0,0,50,0.00005,46,102,0,0
29201,Scott County,,MO,2793,43291,46084,8,6,14,1603,1598,3201,7,0.30628,0.320156,5099.081373,0.000681,0.000778,49,0.00028,0,31,0.486111,0.005063
29203,Shannon County,,MO,436,8107,8543,1,1,2,90,110,200,8,0.216988,0.222579,0,0.000003,0.000002,49,0.000102,0,31,0,0.000129
29205,Shelby County,,MO,410,7543,7953,1,3,4,42,154,196,8,0.234391,0.240949,2.434524,0.000001,0.000013,49,0.000079,0,31,0.333333,0.000126
29207,Stoddard County,,MO,1845,32285,34130,7,7,14,937,996,1933,7,0.250951,0.260377,56.584904,0.000039,0.000031,49,0.00026,0,31,0.5,0.000957
29209,Stone County,,MO,3199,29912,33111,8,7,15,1399,1715,3114,7,0.273799,0.285911,54.593577,0.000706,0.000491,49,0.000283,0,31,0.571429,0.007227
29211,Sullivan County,,MO,665,7587,8252,2,4,6,95,182,277,7,0.25226,0.261087,43.343073,0.000024,0.000021,49,0.000097,0,31,0.15,0.000229
29213,Taney County,,MO,4150,43421,47571,12,6,18,1757,1654,3411,7,0.292924,0.305965,540.813144,0.004084,0.000679,49,0.000321,0,31,0.477273,0.032152
29215,Texas County,,MO,1736,23306,25042,6,7,13,559,800,1359,7,0.279012,0.291407,72.72859,0.000308,0.000302,49,0.000202,0,31,0.464286,0.002912
29217,Vernon County,,MO,1360,21473,22833,6,7,13,570,537,1107,7,0.292836,0.305907,152.373073,0.000459,0.000659,49,0.000214,0,31,0.392857,0.003832
29219,Warren County,,MO,2376,31252,33628,6,6,12,2492,1605,4097,7,0.305024,0.318318,25.38795,0.001111,0.001033,49,0.000151,0,31,0.8,0.007825
29221,Washington County,,MO,1505,21726,23231,8,6,14,1096,990,2086,7,0.304992,0.318261,1086.568606,0.001151,0.000649,49,0.000228,0,31,0.696429,0.008299
29223,Wayne County,,MO,936,12046,12982,4,5,9,390,418,808,7,0.250778,0.259843,490.760115,0.000692,0.000034,49,0.000138,0,31,0.642857,0.004743
29225,Webster County,,MO,2673,35916,38589,6,8,14,1870,1737,3607,7,0.273361,0.285245,6.154964,0.000188,0.000289,49,0.000228,0,31,0.553571,0.002554
29227,Worth County,,MO,162,2429,2591,0,1,1,0,41,41,7,0.231278,0.237556,0,0,0,49,0.00005,0,103,0,0
29229,Wright County,,MO,1423,18305,19728,6,7,13,620,828,1448,7,0.273412,0.285216,6.614347,0.000189,0.000254,49,0.000216,0,31,0.642857,0.002562
29510,St. Louis city,,MO,38617,309603,348220,51,56,107,24088,33106,57194,6,0.390579,0.419802,15207.749326,0.023787,0.027889,49,0.000762,0,31,0.52451,0.166749
30001,Beaverhead County,,MT,799,8859,9658,3,3,6,151,186,337,7,0.255705,0.264914,2.281798,0.00006,0.000156,167,0.000141,0,31,0.666667,0.001189
30003,Big Horn County,,MT,866,12232,13098,2,2,4,228,338,566,7,0.258553,0.268271,0,0.000086,0.000104,167,0.000125,0,31,1,0.001016
30005,Blaine County,,MT,477,6718,7195,1,2,3,64,136,200,7,0.258576,0.268328,0,0.000004,0.000106,167,0.000073,0,31,1,0.000124
30007,Broadwater County,,MT,452,4658,5110,2,2,4,162,179,341,7,0.25566,0.264684,0,0.000094,0.000153,167,0.000106,0,31,1,0.001384
30009,Carbon County,,MT,870,10081,10951,1,2,3,252,340,592,7,0.258738,0.268644,0,0.000085,0.000112,167,0.000078,0,31,1,0.000915
30011,Carter County,,MT,58,1479,1537,0,0,0,0,0,0,0,0,0,0,0,0,51,0.00005,47,104,0,0
30013,Cascade County,,MT,7597,89450,97047,26,35,61,2593,3395,5988,6,0.352099,0.377642,28451.839956,0.008374,0.0119,167,0.000595,0,31,0.382646,0.064444
30015,Chouteau County,,MT,368,5182,5550,1,1,2,63,79,142,7,0.260433,0.270026,0,0.000095,0.000067,167,0.000065,0,31,0,0.000622
30017,Custer County,,MT,997,12635,13632,2,3,5,134,201,335,7,0.258691,0.26873,2.007576,0.000086,0.000218,167,0.000125,0,31,0.666667,0.001016
30019,Daniels County,,MT,118,2292,2410,0,0,0,0,0,0,0,0,0,0,0,0,52,0.00005,48,105,0,0
30021,Dawson County,,MT,635,9885,10520,1,1,2,63,75,138,7,0.25853,0.268098,0,0.000085,0.000103,167,0.000078,0,31,0,0.000915
30023,Deer Lodge County,,MT,612,9621,10233,1,3,4,100,235,335,7,0.255615,0.264742,0.333333,0.000006,0.000118,167,0.000076,0,31,0.5,0.000134
30025,Fallon County,,MT,283,3287,3570,0,0,0,0,0,0,0,0,0,0,0,0,53,0.00005,49,106,0,0
30027,Fergus County,,MT,911,13061,13972,4,3,7,236,201,437,7,0.261772,0.272699,0,0.000317,0.000285,167,0.000141,0,31,1,0.00315
30029,Flathead County,,MT,5165,91963,97128,28,22,50,3093,2297,5390,6,0.341331,0.36391,8743.655866,0.010206,0.007051,167,0.000542,0,31,0.552956,0.076781
30031,Gallatin County,,MT,7202,80577,87779,41,23,64,4380,2850,7230,6,0.343188,0.365828,30114.412996,0.014251,0.006691,167,0.000842,0,31,0.393688,0.106663
30033,Garfield County,,MT,88,1386,1474,0,0,0,0,0,0,0,0,0,0,0,0,54,0.00005,50,107,0,0
30035,Glacier County,,MT,820,13851,14671,4,5,9,212,341,553,7,0.261984,0.273388,22.57766,0.000235,0.000321,167,0.000141,0,31,0.7,0.002085
30037,Golden Valley County,,MT,81,1060,1141,0,0,0,0,0,0,0,0,0,0,0,0,55,0.00005,51,108,0,0
30039,Granite County,,MT,301,2800,3101,1,1,2,63,54,117,7,0.257361,0.266626,0,0.000083,0.000068,167,0.000068,0,31,0,0.000653
30041,Hill County,,MT,1238,18059,19297,6,7,13,412,549,961,7,0.26215,0.27402,2971.191332,0.000361,0.000473,167,0.000186,0,31,0.738095,0.003417
30043,Jefferson County,,MT,1015,11294,12309,3,3,6,608,475,1083,7,0.255705,0.264914,0,0.000099,0.000156,167,0.000131,0,31,1,0.001517
30045,Judith Basin County,,MT,133,2342,2475,0,0,0,0,0,0,0,0,0,0,0,0,56,0.00005,52,109,0,0
30047,Lake County,,MT,1949,26446,28395,5,4,9,670,686,1356,7,0.25807,0.267883,4.015867,0.000257,0.00019,167,0.000159,0,31,0.733333,0.002576
30049,Lewis and Clark County,,MT,4496,66165,70661,20,18,38,2352,2231,4583,6,0.335375,0.356633,9613.275866,0.004834,0.005002,167,0.000517,0,31,0.449275,0.039376
30051,Liberty County,,MT,143,2231,2374,0,0,0,0,0,0,0,0,0,0,0,0,57,0.00005,53,110,0,0
30053,Lincoln County,,MT,1274,18789,20063,3,3,6,307,365,672,7,0.271088,0.28386,0,0.000384,0.000367,167,0.000102,0,31,1,0.003145
30055,McCone County,,MT,97,2022,2119,0,0,0,0,0,0,0,0,0,0,0,0,58,0.00005,54,111,0,0
30057,Madison County,,MT,521,7113,7634,1,2,3,104,150,254,7,0.255548,0.264455,0,0.000054,0.000115,167,0.000082,0,31,1,0.00096
30059,Meagher County,,MT,159,2350,2509,0,0,0,0,0,0,0,0,0,0,0,0,59,0.00005,55,112,0,0
30061,Mineral County,,MT,281,4058,4339,1,1,2,131,81,212,7,0.257361,0.266626,0,0.000083,0.000068,167,0.000068,0,31,0,0.000653
30063,Missoula County,,MT,8916,103705,112621,30,35,65,4700,4921,9621,6,0.346507,0.371043,28376.182723,0.00846,0.010296,167,0.000719,0,31,0.409673,0.067643
30065,Musselshell County,,MT,527,4354,4881,1,1,2,112,214,326,7,0.25853,0.268098,0,0.000085,0.000103,167,0.000078,0,31,0,0.000915
30067,Park County,,MT,1454,16686,18140,3,3,6,482,502,984,7,0.259153,0.269666,5.613038,0.00014,0.000286,167,0.00013,0,31,0.583333,0.001962
30069,Petroleum County,,MT,-2,-2,-4,0,0,0,0,0,0,0,0,0,0,0,0,60,0.00005,56,113,0,0
30071,Phillips County,,MT,353,4716,5069,1,0,1,40,0,40,0,0,0,0,0.000085,0,167,0.000078,0,11,0,0.000915
30073,Pondera County,,MT,474,7027,7501,2,2,4,97,97,194,7,0.260456,0.270198,0,0.000098,0.000069,167,0.000089,0,31,1,0.000731
30075,Powder River County,,MT,119,1617,1736,0,0,0,0,0,0,0,0,0,0,0,0,61,0.00005,57,114,0,0
30077,Powell County,,MT,518,5761,6279,3,3,6,135,151,286,7,0.257498,0.2672,4.182667,0.000124,0.00011,167,0.000114,0,31,0.666667,0.001166
30079,Prairie County,,MT,131,1311,1442,0,0,0,0,0,0,0,0,0,0,0,0,62,0.00005,58,115,0,0
30081,Ravalli County,,MT,3234,39893,43127,12,9,21,1490,1378,2868,6,0.331052,0.349753,595.751772,0.006686,0.002639,167,0.000218,0,31,0.785714,0.049646
30083,Richland County,,MT,608,10817,11425,1,2,3,51,156,207,7,0.259571,0.269638,38.777145,0.000085,0.000104,134,0.000078,0,31,0,0.000915
30085,Roosevelt County,,MT,601,11177,11778,1,1,2,51,81,132,7,0.25853,0.268098,0,0.000085,0.000103,167,0.000078,0,31,0,0.000915
30087,Rosebud County,,MT,855,10504,11359,3,3,6,260,301,561,7,0.258576,0.268443,1,0.000088,0.000105,167,0.000166,0,31,0.666667,0.001111
30089,Sanders County,,MT,860,10600,11460,3,3,6,221,256,477,7,0.258001,0.267596,0,0.000141,0.000152,167,0.000123,0,31,1,0.001482
30091,Sheridan County,,MT,274,4393,4667,0,1,1,0,49,49,7,0.258573,0.268178,0,0,0.000103,167,0.00005,0,116,0,0
30093,Silver Bow County,,MT,2503,35150,37653,9,10,19,900,1105,2005,7,0.273774,0.288497,3203.281948,0.000361,0.000692,167,0.000296,0,31,0.5,0.003968
30095,Stillwater County,,MT,873,9542,10415,1,1,2,314,358,672,7,0.25853,0.268098,0,0.000085,0.000103,167,0.000078,0,31,0,0.000915
30097,Sweet Grass County,,MT,381,3845,4226,0,2,2,0,86,86,7,0.258596,0.26835,0,0,0.000105,167,0.00005,0,117,1,0
30099,Teton County,,MT,488,7391,7879,1,2,3,116,166,282,7,0.260666,0.2706,0,0.000095,0.000106,167,0.000065,0,31,1,0.000622
30101,Toole County,,MT,400,5487,5887,0,1,1,0,42,42,7,0.260476,0.270105,0,0,0.000067,167,0.00005,0,118,0,0
30103,Treasure County,,MT,-2,-2,-4,0,0,0,0,0,0,0,0,0,0,0,0,63,0.00005,59,119,0,0
30105,Valley County,,MT,550,8376,8926,1,1,2,50,67,117,7,0.25853,0.268098,0,0.000085,0.000103,167,0.000078,0,31,0,0.000915
30107,Wheatland County,,MT,158,2168,2326,0,0,0,0,0,0,0,0,0,0,0,0,64,0.00005,60,120,0,0
30109,Wibaux County,,MT,73,1094,1167,0,0,0,0,0,0,0,0,0,0,0,0,65,0.00005,61,121,0,0
30111,Yellowstone County,,MT,8549,154204,162753,52,43,95,5644,4563,10207,6,0.34863,0.374351,85706.499862,0.012891,0.01063,167,0.001378,0,31,0.256201,0.097988
31001,Adams County,,NE,1886,33723,35609,6,6,12,672,756,1428,7,0.290258,0.302817,11710,0.000581,0.00046,49,0.000311,0,31,0.4,0.004065
31003,Antelope County,,NE,469,8257,8726,2,1,3,115,92,207,7,0.243232,0.250039,0,0.000214,0.000013,49,0.000102,0,31,1,0.001282
31005,Arthur County,,NE,-2,-2,-4,0,0,0,0,0,0,0,0,0,0,0,0,66,0.00005,62,122,0,0
31007,Banner County,,NE,71,710,781,0,0,0,0,0,0,0,0,0,0,0,0,67,0.00005,63,123,0,0
31009,Blaine County,,NE,-2,-2,-4,0,0,0,0,0,0,0,0,0,0,0,0,68,0.00005,64,124,0,0
31011,Boone County,,NE,314,6737,7051,1,0,1,40,0,40,0,0,0,0,0.000005,0,49,0.000071,0,22,0,0.000135
31013,Box Butte County,,NE,946,14132,15078,3,3,6,194,204,398,7,0.278423,0.289459,8145.232935,0.000008,0.000134,96,0.000144,0,31,0.416667,0.000366
31015,Boyd County,,NE,110,2670,2780,0,0,0,0,0,0,0,0,0,0,0,0,69,0.00005,65,125,0,0
31017,Brown County,,NE,350,3742,4092,0,0,0,0,0,0,0,0,0,0,0,0,70,0.00005,66,126,0,0
31019,Buffalo County,,NE,3621,47540,51161,13,13,26,1568,1759,3327,6,0.332379,0.351298,14916.380962,0.000596,0.001752,49,0.000452,0,31,0.216912,0.004862
31021,Burt County,,NE,616,8533,9149,3,5,8,184,333,517,7,0.289997,0.302214,1017.021285,0.000369,0.000452,49,0.000126,0,31,0.75,0.002727
31023,Butler County,,NE,717,10356,11073,3,3,6,209,300,509,7,0.289997,0.301985,0,0.000208,0.000447,49,0.000103,0,31,0.833333,0.001303
31025,Cass County,,NE,2566,29027,31593,6,6,12,1799,1602,3401,7,0.294171,0.306826,4.60909,0.000734,0.000599,49,0.000174,0,31,0.766667,0.005087
31027,Cedar County,,NE,576,11372,11948,2,3,5,84,163,247,7,0.27781,0.288839,43.814246,0.000016,0.000138,49,0.000117,0,31,0.333333,0.000309
31029,Chase County,,NE,319,4664,4983,0,0,0,0,0,0,0,0,0,0,0,0,71,0.00005,67,127,0,0
31031,Cherry County,,NE,454,6841,7295,1,1,2,47,45,92,8,0.206916,0.211571,0,0,0.000001,134,0.000135,0,31,0,0.000095
31033,Cheyenne County,,NE,824,11720,12544,1,1,2,40,60,100,8,0.228666,0.235031,0,0.000008,0.00001,96,0.000085,0,31,0,0.000185
31035,Clay County,,NE,582,7519,8101,1,1,2,128,151,279,8,0.224979,0.230632,0,0.000004,0.000005,49,0.000095,0,31,0,0.000129
31037,Colfax County,,NE,852,11730,12582,1,6,7,108,451,559,7,0.2902,0.302731,0,0.000005,0.000468,49,0.000071,0,31,0.8,0.000135
31039,Cuming County,,NE,665,11529,12194,2,4,6,109,267,376,7,0.289968,0.302042,2.67569,0.000008,0.000448,49,0.0001,0,31,0.55,0.00026
31041,Custer County,,NE,723,13334,14057,2,4,6,89,231,320,7,0.278076,0.289195,0,0.000022,0.000143,49,0.000113,0,31,1,0.000357
31043,Dakota County,,NE,2407,22996,25403,4,8,12,1085,1359,2444,6,0.335608,0.354072,5997.381346,0.000063,0.001521,134,0.000169,0,31,0.428571,0.000751
31045,Dawes County,,NE,849,8579,9428,2,4,6,146,210,356,7,0.262079,0.272138,3669.044181,0.000001,0.000065,96,0.000124,0,31,0.333333,0.000184
31047,Dawson County,,NE,2068,28068,30136,9,9,18,643,795,1438,6,0.334101,0.352837,10418.338067,0.001229,0.001512,49,0.000298,0,31,0.307692,0.009911
31049,Deuel County,,NE,223,2233,2456,0,0,0,0,0,0,0,0,0,0,0,0,72,0.00005,68,128,0,0
31051,Dixon County,,NE,405,7235,7640,1,2,3,61,89,150,7,0.25191,0.259635,1.033333,0.000012,0.000004,49,0.000068,0,31,0,0.0001
31053,Dodge County,,NE,2529,41880,44409,10,8,18,1265,1302,2567,7,0.29432,0.307343,1978.013617,0.000744,0.000602,49,0.000266,0,31,0.466667,0.005516
31055,Douglas County,,NE,33753,543653,577406,123,113,236,25064,24961,50025,6,0.406158,0.440673,169252.275651,0.039681,0.044858,49,0.002262,0,31,0.276523,0.287439
31057,Dundy County,,NE,173,2377,2550,0,0,0,0,0,0,0,0,0,0,0,0,73,0.00005,69,129,0,0
31059,Fillmore County,,NE,430,7692,8122,0,2,2,0,151,151,7,0.277613,0.28828,0,0,0.000128,49,0.00005,0,130,1,0
31061,Franklin County,,NE,201,4059,4260,1,0,1,40,0,40,0,0,0,0,0.000014,0,49,0.00008,0,21,0,0.000149
31063,Frontier County,,NE,301,2978,3279,0,1,1,0,42,42,7,0.250496,0.258091,0,0,0.00001,49,0.00005,0,131,0,0
31065,Furnas County,,NE,424,6095,6519,0,1,1,0,52,52,8,0.217469,0.222708,0,0,0,49,0.00005,0,132,0,0
31067,Gage County,,NE,1709,26459,28168,4,5,9,578,684,1262,7,0.290055,0.302301,7380.992345,0.000202,0.000444,49,0.000181,0,31,0.266667,0.001376
31069,Garden County,,NE,238,2360,2598,0,0,0,0,0,0,0,0,0,0,0,0,74,0.00005,70,133,0,0
31071,Garfield County,,NE,123,2121,2244,0,0,0,0,0,0,0,0,0,0,0,0,75,0.00005,71,134,0,0
31073,Gosper County,,NE,263,2571,2834,1,2,3,80,107,187,7,0.254049,0.262183,0,0.000012,0.000015,49,0.000079,0,31,1,0.000178
31075,Grant County,,NE,73,943,1016,0,0,0,0,0,0,0,0,0,0,0,0,76,0.00005,72,135,0,0
31077,Greeley County,,NE,194,3056,3250,0,0,0,0,0,0,0,0,0,0,0,0,77,0.00005,73,136,0,0
31079,Hall County,,NE,4156,62133,66289,14,14,28,1722,2004,3726,7,0.298192,0.313006,12637.161531,0.001708,0.001012,49,0.000534,0,31,0.254386,0.012516
31081,Hamilton County,,NE,819,11670,12489,5,4,9,388,336,724,7,0.277757,0.28881,499.058423,0.000572,0.000142,49,0.0002,0,31,0.65,0.003958
31083,Harlan County,,NE,271,3913,4184,0,1,1,0,51,51,8,0.217469,0.222708,0,0,0,49,0.00005,0,137,0,0
31085,Hayes County,,NE,91,1120,1211,0,0,0,0,0,0,0,0,0,0,0,0,78,0.00005,74,138,0,0
31087,Hitchcock County,,NE,298,3450,3748,1,1,2,54,90,144,8,0.217626,0.222849,0,0.000001,0,49,0.000075,0,139,0,0.000089
31089,Holt County,,NE,642,12250,12892,1,2,3,49,111,160,7,0.277677,0.288437,0,0.000199,0.000137,49,0.000071,0,31,1,0.001079
31091,Hooker County,,NE,76,1064,1140,0,0,0,0,0,0,0,0,0,0,0,0,79,0.00005,75,140,0,0
31093,Howard County,,NE,595,7525,8120,1,1,2,225,244,469,8,0.229716,0.236071,0,0.000008,0.000014,49,0.000083,0,31,0,0.000208
31095,Jefferson County,,NE,505,9397,9902,2,2,4,144,228,372,7,0.27765,0.28835,0,0.000005,0.000125,49,0.000116,0,31,1,0.00021
31097,Johnson County,,NE,435,5230,5665,2,3,5,145,207,352,7,0.277703,0.28858,1.833333,0.000204,0.00013,49,0.000092,0,31,0.666667,0.001204
31099,Kearney County,,NE,654,7663,8317,1,2,3,229,285,514,7,0.249506,0.257241,0,0.000014,0.000005,49,0.00008,0,31,1,0.000149
31101,Keith County,,NE,705,9496,10201,1,1,2,64,84,148,8,0.226347,0.232223,0,0.000004,0.000005,49,0.000087,0,31,0,0.000135
31103,Keya Paha County,,NE,75,1076,1151,0,0,0,0,0,0,0,0,0,0,0,0,80,0.00005,76,141,0,0
31105,Kimball County,,NE,337,4258,4595,0,1,1,0,40,40,8,0.228709,0.235123,0,0,0.00001,96,0.00005,0,142,0,0
31107,Knox County,,NE,501,10392,10893,0,3,3,0,164,164,7,0.277852,0.288911,0,0,0.000138,49,0.00005,0,143,0.333333,0
31109,Lancaster County,,NE,17255,297856,315111,69,68,137,10036,10125,20161,6,0.384116,0.414335,133657.792845,0.015424,0.024809,49,0.001679,0,31,0.226217,0.114817
31111,Lincoln County,,NE,2307,41012,43319,8,7,15,798,669,1467,7,0.29254,0.305723,6003.238704,0.000595,0.000547,49,0.000301,0,31,0.361111,0.004336
31113,Logan County,,NE,81,1009,1090,0,0,0,0,0,0,0,0,0,0,0,0,81,0.00005,77,144,0,0
31115,Loup County,,NE,43,780,823,0,0,0,0,0,0,0,0,0,0,0,0,82,0.00005,78,145,0,0
31117,McPherson County,,NE,57,573,630,0,0,0,0,0,0,0,0,0,0,0,0,83,0.00005,79,146,0,0
31119,Madison County,,NE,3190,41537,44727,13,13,26,1219,1484,2703,6,0.321373,0.33802,15936.078464,0.001671,0.001831,49,0.000467,0,31,0.216912,0.012084
31121,Merrick County,,NE,785,9035,9820,2,3,5,248,299,547,7,0.27773,0.288638,0,0.000009,0.000142,49,0.000125,0,31,1,0.000335
31123,Morrill County,,NE,493,5481,5974,1,1,2,142,160,302,8,0.228666,0.235031,0,0.000008,0.00001,96,0.000085,0,31,0,0.000185
31125,Nance County,,NE,235,4337,4572,1,1,2,40,55,95,8,0.227608,0.23359,0,0.000005,0.000005,49,0.000071,0,31,0,0.000135
31127,Nemaha County,,NE,572,7854,8426,3,4,7,153,244,397,7,0.28991,0.301927,19.251212,0.000205,0.000448,49,0.000142,0,31,0.666667,0.001306
31129,Nuckolls County,,NE,271,5846,6117,0,0,0,0,0,0,0,0,0,0,0,0,84,0.00005,80,147,0,0
31131,Otoe County,,NE,1267,18159,19426,5,7,12,686,759,1445,7,0.294171,0.306941,95.588167,0.000568,0.000588,49,0.000169,0,31,0.452381,0.003868
31133,Pawnee County,,NE,165,3153,3318,0,0,0,0,0,0,0,0,0,0,0,0,85,0.00005,81,148,0,0
31135,Perkins County,,NE,269,3638,3907,0,0,0,0,0,0,0,0,0,0,0,0,86,0.00005,82,149,0,0
31137,Phelps County,,NE,820,11240,12060,5,3,8,263,275,538,7,0.27781,0.28881,5994.687374,0.000026,0.000142,49,0.000228,0,31,0.333333,0.000589
31139,Pierce County,,NE,532,8977,9509,1,3,4,197,224,421,7,0.289968,0.301927,0,0.000015,0.000455,49,0.000081,0,31,1,0.000203
31141,Platte County,,NE,2220,38201,40421,8,11,19,812,1128,1940,7,0.294649,0.308319,14799.679569,0.00059,0.000601,49,0.000272,0,31,0.310606,0.004311
31143,Polk County,,NE,376,6601,6977,1,3,4,92,156,248,7,0.277703,0.288609,0.666667,0.000005,0.000133,49,0.000071,0,31,0.666667,0.000135
31145,Red Willow County,,NE,840,12834,13674,1,4,5,90,244,334,7,0.278134,0.289282,2903,0,0.000133,49,0.000114,0,139,0.5,0.000089
31147,Richardson County,,NE,535,10214,10749,3,2,5,163,129,292,7,0.277571,0.288207,20.035057,0.000207,0.000125,49,0.000117,0,31,0.333333,0.001276
31149,Rock County,,NE,133,1675,1808,0,0,0,0,0,0,0,0,0,0,0,0,87,0.00005,83,150,0,0
31151,Saline County,,NE,1169,15884,17053,4,4,8,408,564,972,7,0.277703,0.288695,1539.828649,0.000218,0.000127,49,0.000162,0,31,0.45,0.001464
31153,Sarpy County,,NE,17981,159239,177220,50,47,97,14189,11721,25910,6,0.375761,0.404009,17980.850892,0.01664,0.018112,49,0.000886,0,31,0.331235,0.12167
31155,Saunders County,,NE,1483,23901,25384,5,5,10,1052,914,1966,7,0.294141,0.306654,0.7,0.000714,0.000587,49,0.000157,0,31,0.9,0.004906
31157,Scotts Bluff County,,NE,2492,39392,41884,13,11,24,846,802,1648,7,0.296425,0.311088,24219.494543,0.001308,0.000991,96,0.000442,0,31,0.257353,0.010067
31159,Seward County,,NE,1457,18284,19741,3,4,7,616,691,1307,7,0.289939,0.301985,17.293388,0.000204,0.000448,49,0.000149,0,31,0.666667,0.001312
31161,Sheridan County,,NE,528,6440,6968,1,2,3,50,134,184,8,0.218672,0.224335,0,0.000001,0,96,0.000077,0,31,1,0.000092
31163,Sherman County,,NE,241,3658,3899,0,2,2,0,110,110,7,0.250172,0.258209,0,0,0.000018,49,0.00005,0,151,1,0
31165,Sioux County,,NE,81,1306,1387,0,0,0,0,0,0,0,0,0,0,0,0,88,0.00005,84,152,0,0
31167,Stanton County,,NE,452,7524,7976,2,1,3,132,151,283,7,0.243232,0.250039,0.75,0.000018,0.000013,49,0.000102,0,31,0,0.000295
31169,Thayer County,,NE,394,6593,6987,0,1,1,0,66,66,7,0.277587,0.288108,0,0,0.000124,49,0.00005,0,153,0,0
31171,Thomas County,,NE,102,912,1014,0,0,0,0,0,0,0,0,0,0,0,0,89,0.00005,85,154,0,0
31173,Thurston County,,NE,397,7457,7854,3,2,5,187,86,273,7,0.264829,0.274022,232.859407,0.000433,0.000045,134,0.000099,0,31,0.833333,0.002985
31175,Valley County,,NE,293,5119,5412,0,0,0,0,0,0,0,0,0,0,0,0,90,0.00005,86,155,0,0
31177,Washington County,,NE,1557,22790,24347,6,5,11,1083,937,2020,7,0.294141,0.306654,14.006056,0.000537,0.000584,49,0.000178,0,31,0.690476,0.004133
31179,Wayne County,,NE,776,9298,10074,3,3,6,195,276,471,7,0.289968,0.301927,500.357538,0.000374,0.000455,49,0.000127,0,31,0.5,0.002742
31181,Webster County,,NE,265,4348,4613,1,1,2,45,82,127,8,0.224979,0.230632,0,0.000004,0.000005,49,0.000095,0,31,0,0.000129
31183,Wheeler County,,NE,69,964,1033,0,0,0,0,0,0,0,0,0,0,0,0,91,0.00005,87,156,0,0
31185,York County,,NE,1043,16153,17196,6,4,10,475,388,863,7,0.289939,0.301985,81.689809,0.000566,0.000448,49,0.000205,0,31,0.333333,0.003933
32001,Churchill County,,NV,3029,25092,28121,13,10,23,1317,1326,2643,6,0.33752,0.357012,2878.975406,0.005713,0.004625,167,0.000215,0,31,0.657143,0.043376
32003,Clark County,,NV,100325,1721219,1821544,443,380,823,130585,81871,212456,5,0.461808,0.519004,290472.918075,0.12861,0.114777,167,0.005405,0,31,0.130503,0.889934
32005,Douglas County,,NV,5463,51508,56971,23,15,38,4097,3193,7290,6,0.34085,0.361193,2951.319599,0.011231,0.007861,167,0.0003,0,31,0.744565,0.077192
32007,Elko County,,NV,4067,47988,52055,18,17,35,2045,1964,4009,6,0.332646,0.352814,6793.510412,0.006364,0.004912,167,0.000385,0,31,0.464286,0.050468
32009,Esmeralda County,,NV,93,799,892,0,0,0,0,0,0,0,0,0,0,0,0,92,0.00005,88,157,0,0
32011,Eureka County,,NV,192,1390,1582,0,1,1,0,67,67,7,0.249677,0.257736,0,0,0.000051,167,0.00005,0,158,0,0
32013,Humboldt County,,NV,1388,16697,18085,3,4,7,377,421,798,6,0.316294,0.33273,169.457164,0.000327,0.001404,167,0.000109,0,31,0.583333,0.003047
32015,Lander County,,NV,497,5618,6115,1,2,3,64,131,195,7,0.269177,0.281569,0,0.000039,0.000372,167,0.00007,0,31,1,0.000501
32017,Lincoln County,,NV,354,4007,4361,1,1,2,167,135,302,6,0.31595,0.331811,0,0.00092,0.001031,167,0.000063,0,31,0,0.007426
32019,Lyon County,,NV,4936,43800,48736,29,10,39,7280,2809,10089,6,0.331316,0.350144,1025.697112,0.011898,0.003371,167,0.000369,0,31,0.643678,0.081984
32021,Mineral County,,NV,522,4992,5514,2,1,3,134,87,221,7,0.269052,0.281195,0,0.000312,0.000321,167,0.000095,0,31,1,0.0032
32023,Nye County,,NV,3638,36086,39724,12,11,23,4414,1730,6144,6,0.33588,0.355577,50.860547,0.00784,0.005231,167,0.000192,0,31,0.752381,0.055711
32027,Pershing County,,NV,496,5051,5547,2,3,5,118,200,318,7,0.269127,0.281597,0.817308,0.000048,0.000419,167,0.000092,0,31,0.666667,0.000545
32029,Storey County,,NV,490,3581,4071,3,2,5,538,255,793,7,0.269077,0.281368,0,0.001254,0.000417,167,0.000092,0,31,1,0.010544
32031,Washoe County,,NV,26029,416183,442212,117,97,214,24272,18563,42835,6,0.368041,0.403142,24904.493237,0.040048,0.035503,167,0.001544,0,31,0.360644,0.290799
32033,White Pine County,,NV,647,8409,9056,4,3,7,526,193,719,6,0.316225,0.332501,0,0.001287,0.001404,167,0.00011,0,31,1,0.010904
32510,Carson City,,NV,6510,58748,65258,20,14,34,4046,4271,8317,6,0.341573,0.362055,101.800655,0.010483,0.006054,167,0.000267,0,31,0.745059,0.073184
33001,Belknap County,,NH,5226,71668,76894,13,11,24,4091,3136,7227,7,0.29899,0.316067,2.305822,0.004624,0.002498,45,0.000136,0,31,0.852381,0.023447
33003,Carroll County,,NH,3603,54780,58383,18,12,30,2813,1859,4672,7,0.299144,0.316383,75.491843,0.00529,0.002741,45,0.00019,0,31,0.761438,0.027257
33005,Cheshire County,,NH,5091,87164,92255,16,19,35,2852,2570,5422,6,0.331581,0.351849,156.333738,0.004785,0.005216,45,0.000168,0,31,0.683983,0.024457
33007,Coos County,,NH,1956,39213,41169,8,7,15,927,835,1762,7,0.276697,0.289816,4935.268725,0.001819,0.000707,45,0.000143,0,31,0.8,0.01019
33009,Grafton County,,NH,7601,93954,101555,28,24,52,4824,4429,9253,6,0.345147,0.367815,4097.138749,0.010022,0.008433,45,0.000296,0,31,0.610753,0.056753
33011,Hillsborough County,,NH,29514,468352,497866,71,101,172,22673,22846,45519,6,0.381892,0.417431,8723.515842,0.037509,0.051361,45,0.000652,0,31,0.50922,0.243121
33013,Merrimack County,,NH,11664,165341,177005,23,29,52,9612,7881,17493,6,0.343473,0.366718,1017.268118,0.007575,0.013014,45,0.000234,0,31,0.63447,0.0426
33015,Rockingham County,,NH,25532,351724,377256,41,62,103,21906,20098,42004,6,0.354681,0.383351,2831.554359,0.019794,0.031226,45,0.00039,0,31,0.611488,0.12352
33017,Strafford County,,NH,10149,130911,141060,23,25,48,7552,6644,14196,6,0.338544,0.360682,743.147074,0.008009,0.01026,45,0.000239,0,31,0.621505,0.045863
33019,Sullivan County,,NH,2966,48184,51150,9,8,17,1944,1459,3403,7,0.276829,0.290218,13.384392,0.001956,0.000786,45,0.000138,0,31,0.672727,0.011337
34001,Atlantic County,,NJ,14165,323902,338067,44,53,97,11289,9951,21240,6,0.351672,0.378969,377.357767,0.024755,0.030227,121,0.000324,0,31,0.743258,0.141348
34003,Bergen County,,NJ,62688,1031411,1094099,95,162,257,45901,56310,102211,6,0.400497,0.442695,2905.025395,0.055249,0.078474,98,0.000758,0,31,0.48034,0.346278
34005,Burlington County,,NJ,33247,528525,561772,83,110,193,25870,25496,51366,6,0.376687,0.413318,3622.17556,0.044692,0.056141,121,0.000746,0,31,0.522699,0.279713
34007,Camden County,,NJ,32343,586149,618492,62,82,144,26438,27153,53591,6,0.375663,0.408655,1136.977992,0.03588,0.046148,121,0.000475,0,31,0.683946,0.2131
34009,Cape May County,,NJ,7687,113967,121654,20,27,47,4409,4930,9339,6,0.335453,0.357569,74.51734,0.009245,0.012689,121,0.000174,0,31,0.757471,0.050573
34011,Cumberland County,,NJ,6271,160792,167063,13,15,28,4395,3889,8284,7,0.312783,0.330649,18.407522,0.00563,0.006836,121,0.000131,0,31,0.813158,0.031071
34013,Essex County,,NJ,58670,818783,877453,76,134,210,37340,52507,89847,6,0.392374,0.43234,1395.427912,0.045897,0.067186,98,0.000611,0,31,0.552047,0.285343
34015,Gloucester County,,NJ,16282,322142,338424,30,39,69,16397,12607,29004,6,0.345312,0.370015,320.621725,0.016086,0.021047,121,0.000244,0,31,0.763182,0.092749
34017,Hudson County,,NJ,62837,637390,700227,103,132,235,42970,56776,99746,6,0.39797,0.437101,2079.974814,0.05834,0.0693,98,0.000821,0,31,0.578876,0.363443
34019,Hunterdon County,,NJ,9544,149026,158570,25,28,53,7655,5828,13483,6,0.340251,0.363382,10.365809,0.012584,0.014051,98,0.000177,0,31,0.852941,0.064128
34021,Mercer County,,NJ,24880,393857,418737,65,82,147,18110,19361,37471,6,0.373825,0.406823,431.884943,0.038525,0.047099,98,0.000487,0,31,0.719536,0.229822
34023,Middlesex County,,NJ,67417,903347,970764,114,172,286,53106,60248,113354,6,0.40559,0.448484,5000.144333,0.063903,0.082619,98,0.00093,0,31,0.460454,0.399775
34025,Monmouth County,,NJ,38853,727461,766314,73,127,200,28845,32480,61325,6,0.380092,0.419171,970.645021,0.042199,0.064394,98,0.000575,0,31,0.563089,0.262309
34027,Morris County,,NJ,37147,572527,609674,83,130,213,28865,31343,60208,6,0.386007,0.425735,1993.890287,0.048365,0.066858,98,0.000653,0,31,0.550203,0.296095
34029,Ocean County,,NJ,28745,634363,663108,65,104,169,29882,22673,52555,6,0.372577,0.408213,990.483924,0.034684,0.049619,98,0.000538,0,31,0.531412,0.216921
34031,Passaic County,,NJ,36402,563884,600286,44,93,137,22935,31364,54299,6,0.376981,0.411762,312.502966,0.025603,0.049719,98,0.000312,0,31,0.661184,0.145889
34033,Salem County,,NJ,3570,76486,80056,10,8,18,3092,2161,5253,7,0.291893,0.307231,0.166667,0.003357,0.00214,121,0.000112,0,31,0.955556,0.018411
34035,Somerset County,,NJ,29838,362753,392591,54,87,141,25014,24783,49797,6,0.376443,0.410579,495.853842,0.032896,0.047744,98,0.0004,0,31,0.686891,0.194605
34037,Sussex County,,NJ,10435,178220,188655,24,32,56,8615,6641,15256,6,0.344083,0.367856,24.186882,0.011579,0.016284,98,0.00016,0,31,0.796795,0.054032
34039,Union County,,NJ,43923,599207,643130,60,107,167,31872,38778,70650,6,0.382144,0.418516,580.606882,0.035061,0.05686,98,0.000455,0,31,0.627273,0.212283
34041,Warren County,,NJ,9148,127753,136901,20,27,47,7415,6181,13596,6,0.339455,0.361745,5.221724,0.009574,0.010964,98,0.000147,0,31,0.844086,0.047291
35001,Bernalillo County,,NM,38717,633202,671919,178,145,323,35118,29487,64605,6,0.410351,0.44884,70859.180966,0.070247,0.05981,96,0.002325,0,31,0.334142,0.494154
35003,Catron County,,NM,275,2800,3075,0,0,0,0,0,0,0,0,0,0,0,0,93,0.00005,89,159,0,0
35005,Chaves County,,NM,3903,59615,63518,16,17,33,1614,1880,3494,6,0.343351,0.365294,229.576199,0.007115,0.006648,96,0.000267,0,31,0.642857,0.054152
35006,Cibola County,,NM,1902,23291,25193,5,6,11,993,1157,2150,6,0.328988,0.346623,0.166667,0.000695,0.001989,96,0.000136,0,31,0.966667,0.006618
35007,Colfax County,,NM,1199,14170,15369,1,3,4,48,243,291,7,0.2916,0.304316,0,0.00048,0.000661,96,0.000064,0,31,0.666667,0.004044
35009,Curry County,,NM,6053,45721,51774,24,24,48,2105,2091,4196,6,0.350441,0.374673,6891.179592,0.01084,0.009267,96,0.000378,0,31,0.558065,0.08117
35011,De Baca County,,NM,156,2121,2277,0,0,0,0,0,0,0,0,0,0,0,0,94,0.00005,90,160,0,0
35013,Dona Ana County,,NM,12118,185758,197876,43,37,80,8751,7747,16498,6,0.355594,0.381329,5910.368906,0.019284,0.016821,96,0.00063,0,31,0.507576,0.142734
35015,Eddy County,,NM,3496,52916,56412,12,14,26,1145,1612,2757,6,0.333333,0.353331,195.471203,0.003445,0.004605,96,0.00023,0,31,0.625,0.027531
35017,Grant County,,NM,1941,29436,31377,12,6,18,873,817,1690,6,0.329137,0.346824,103.38604,0.005662,0.002837,167,0.000232,0,31,0.636364,0.045044
35019,Guadalupe County,,NM,315,4434,4749,0,2,2,0,115,115,7,0.291086,0.303574,0,0,0.000568,96,0.00005,0,161,1,0
35021,Harding County,,NM,74,720,794,0,0,0,0,0,0,0,0,0,0,0,0,95,0.00005,91,162,0,0
35023,Hidalgo County,,NM,398,5020,5418,1,3,4,42,153,195,6,0.300103,0.313037,0,0.000135,0.000964,167,0.000065,0,31,1,0.001228
35025,Lea County,,NM,3188,58196,61384,15,14,29,1238,1311,2549,6,0.337442,0.357994,2185.970789,0.004377,0.004364,96,0.000287,0,31,0.5875,0.03437
35027,Lincoln County,,NM,1929,19378,21307,9,8,17,762,848,1610,6,0.329848,0.34803,2.41202,0.003093,0.003182,96,0.000167,0,31,0.809091,0.023923
35028,Los Alamos County,,NM,2049,22936,24985,4,5,9,485,826,1311,6,0.328876,0.346336,0,0.000699,0.002002,96,0.000117,0,31,0.95,0.006532
35029,Luna County,,NM,1714,25009,26723,7,5,12,751,687,1438,6,0.329473,0.34714,1.301674,0.003835,0.002279,96,0.000156,0,31,0.928571,0.030003
35031,McKinley County,,NM,9075,84127,93202,11,14,25,5540,7646,13186,6,0.332037,0.351608,112.128154,0.004438,0.004829,96,0.000203,0,31,0.738095,0.035133
35033,Mora County,,NM,380,4949,5329,1,2,3,78,200,278,7,0.291044,0.303507,0,0.000007,0.000568,96,0.000079,0,31,1,0.000134
35035,Otero County,,NM,6910,59479,66389,23,18,41,2546,2530,5076,6,0.344083,0.365977,113.433711,0.011566,0.008295,96,0.000325,0,31,0.685185,0.086463
35037,Quay County,,NM,730,9023,9753,2,2,4,93,212,305,7,0.291132,0.30365,0,0.000554,0.00065,96,0.000077,0,31,1,0.004783
35039,Rio Arriba County,,NM,2448,41535,43983,6,8,14,1226,1664,2890,6,0.329062,0.346968,3.418926,0.000778,0.002154,96,0.000157,0,31,0.767857,0.007432
35041,Roosevelt County,,NM,1872,17047,18919,3,4,7,487,594,1081,7,0.293191,0.306941,0,0.000707,0.000829,96,0.000093,0,31,1,0.005895
35043,Sandoval County,,NM,9801,108831,118632,34,21,55,10440,6877,17317,6,0.348212,0.371336,2204.55651,0.014883,0.010067,96,0.000511,0,31,0.523529,0.109214
35045,San Juan County,,NM,11958,139207,151165,29,27,56,9017,8690,17707,6,0.344002,0.366965,1200.207411,0.010084,0.007949,96,0.000483,0,31,0.464015,0.076906
35047,San Miguel County,,NM,1757,26828,28585,4,4,8,698,883,1581,7,0.291102,0.303851,2957,0.00061,0.000863,96,0.000135,0,31,0.4,0.005593
35049,Santa Fe County,,NM,10595,137862,148457,42,30,72,6311,6519,12830,6,0.355028,0.380226,3780.201741,0.022533,0.015153,96,0.000561,0,31,0.619979,0.163103
35051,Sierra County,,NM,877,10370,11247,2,3,5,166,283,449,7,0.291073,0.303679,0,0.000615,0.000763,96,0.000079,0,31,1,0.005272
35053,Socorro County,,NM,1419,16363,17782,3,4,7,407,625,1032,7,0.291102,0.303851,0,0.000647,0.000895,96,0.000102,0,31,1,0.005793
35055,Taos County,,NM,1987,31865,33852,5,5,10,521,763,1284,6,0.328876,0.346336,79.041075,0.001712,0.002002,96,0.000123,0,31,0.690476,0.013199
35057,Torrance County,,NM,1506,13625,15131,4,4,8,790,866,1656,7,0.291073,0.303794,0,0.000714,0.000921,96,0.000124,0,31,1,0.006902
35059,Union County,,NM,317,4208,4525,0,0,0,0,0,0,0,0,0,0,0,0,97,0.00005,92,163,0,0
35061,Valencia County,,NM,4990,68582,73572,18,11,29,3484,3248,6732,6,0.331354,0.350258,567.370837,0.007213,0.004043,96,0.000306,0,31,0.590643,0.053431
36001,Albany County,,NY,22750,333100,355850,62,77,139,16419,17849,34268,6,0.370531,0.403015,23891.566361,0.027153,0.037867,99,0.0006,0,31,0.523669,0.162408
36003,Allegany County,,NY,2791,49531,52322,9,9,18,1332,1378,2710,7,0.293665,0.308762,2452.877424,0.001466,0.00096,99,0.000163,0,31,0.463636,0.007267
36005,Bronx County,,NY,95357,1270570,1365927,103,170,273,57961,87739,145700,6,0.405761,0.44919,6154.646441,0.055855,0.074643,98,0.000871,0,31,0.418245,0.350892
36007,Broome County,,NY,10394,220848,231242,37,55,92,4953,5900,10853,6,0.360407,0.388921,7766.608337,0.013764,0.027317,99,0.000369,0,31,0.516617,0.079557
36009,Cattaraugus County,,NY,4753,89870,94623,7,7,14,2341,2468,4809,7,0.293636,0.308388,24.42841,0.001444,0.000986,99,0.000127,0,31,0.619048,0.006968
36011,Cayuga County,,NY,3860,87441,91301,10,8,18,2332,2105,4437,7,0.290752,0.305451,21.348807,0.002156,0.000933,99,0.00014,0,31,0.655556,0.010189
36013,Chautauqua County,,NY,5756,147460,153216,8,17,25,1975,2439,4414,6,0.34069,0.362124,296.502101,0.003007,0.009555,99,0.000123,0,31,0.666667,0.015122
36015,Chemung County,,NY,4706,97841,102547,10,11,21,1853,2046,3899,7,0.294201,0.309939,342.909289,0.00208,0.001451,99,0.000166,0,31,0.481818,0.010035
36017,Chenango County,,NY,3042,58892,61934,9,7,16,1616,1594,3210,7,0.280603,0.294235,13.75701,0.002068,0.000596,99,0.000125,0,31,0.625,0.008822
36019,Clinton County,,NY,3270,89829,93099,11,9,20,1412,1049,2461,7,0.273954,0.288449,180.62254,0.001456,0.000861,99,0.000207,0,31,0.384615,0.007967
36021,Columbia County,,NY,3736,70481,74217,17,10,27,2614,1961,4575,7,0.304002,0.320644,3.968991,0.007024,0.002568,98,0.000159,0,31,0.8125,0.036434
36023,Cortland County,,NY,3018,50662,53680,7,9,16,1341,1514,2855,7,0.285349,0.30011,23.750194,0.000871,0.000865,99,0.000124,0,31,0.555556,0.004011
36025,Delaware County,,NY,2794,48320,51114,15,10,25,1717,1397,3114,7,0.297947,0.315556,85.259464,0.005871,0.001781,99,0.000163,0,31,0.632353,0.030115
36027,Dutchess County,,NY,17721,323172,340893,42,73,115,12966,12517,25483,6,0.366877,0.398673,2998.743026,0.02224,0.037468,98,0.000353,0,31,0.580351,0.130231
36029,Erie County,,NY,33409,1059122,1092531,102,152,254,17156,25099,42255,6,0.40707,0.447548,29500.331802,0.053862,0.072967,99,0.001009,0,31,0.452407,0.358117
36031,Essex County,,NY,2454,41211,43665,8,7,15,1029,1205,2234,7,0.27185,0.284813,35.125459,0.00058,0.000479,99,0.000174,0,31,0.5,0.003599
36033,Franklin County,,NY,2075,50144,52219,4,4,8,785,911,1696,7,0.264395,0.275607,0.474273,0.000267,0.000228,99,0.000111,0,31,0.833333,0.001724
36035,Fulton County,,NY,2839,62158,64997,7,7,14,1723,1481,3204,7,0.271647,0.284526,5858.073025,0.000755,0.000592,99,0.000172,0,31,0.571429,0.004035
36037,Genesee County,,NY,3477,70740,74217,6,7,13,1839,2037,3876,7,0.293487,0.30813,2.655071,0.00137,0.000984,99,0.000114,0,31,0.738095,0.006773
36039,Greene County,,NY,2704,50525,53229,16,9,25,2412,1390,3802,7,0.300321,0.317213,31.961197,0.006496,0.002238,98,0.000165,0,31,0.791667,0.03322
36041,Hamilton County,,NY,437,5839,6276,1,1,2,42,51,93,8,0.213634,0.219619,0,0.000005,0.000006,99,0.000071,0,31,0,0.00013
36043,Herkimer County,,NY,3365,71765,75130,7,8,15,1938,1920,3858,7,0.291161,0.306198,52.307828,0.000957,0.001119,99,0.00013,0,31,0.589286,0.004578
36045,Jefferson County,,NY,13225,116302,129527,64,64,128,6830,6477,13307,6,0.368041,0.399173,11734.783905,0.026999,0.025469,99,0.00071,0,31,0.434761,0.182397
36047,Kings County,,NY,161137,2317952,2479089,196,235,431,94212,151729,245941,6,0.424331,0.472955,30220.088813,0.092016,0.095802,98,0.001818,0,31,0.321949,0.603063
36049,Lewis County,,NY,1475,27411,28886,3,3,6,521,665,1186,7,0.272437,0.284365,0.166667,0.000379,0.000307,99,0.000079,0,31,0.833333,0.002254
36051,Livingston County,,NY,4199,69981,74180,9,8,17,2588,2571,5159,7,0.293576,0.308474,9.101699,0.00177,0.000966,99,0.00015,0,31,0.680556,0.008886
36053,Madison County,,NY,4853,74188,79041,7,9,16,2898,2789,5687,7,0.293903,0.309402,26.465426,0.001302,0.001143,99,0.000117,0,31,0.597222,0.006171
36055,Monroe County,,NY,33724,851881,885605,113,165,278,17914,26126,44040,6,0.401772,0.444705,47446.803609,0.056247,0.077188,99,0.001128,0,31,0.429672,0.372725
36057,Montgomery County,,NY,3374,57895,61269,9,8,17,2016,2084,4100,7,0.271723,0.284813,21.512423,0.001509,0.000638,99,0.000149,0,31,0.638889,0.007786
36059,Nassau County,,NY,82682,1587406,1670088,91,183,274,57774,75772,133546,6,0.395206,0.440989,4846.750038,0.055428,0.082255,98,0.000769,0,31,0.419442,0.352816
36061,New York County,,NY,163144,1507101,1670245,234,227,461,133965,149420,283385,6,0.427771,0.47442,39926.534048,0.101181,0.09509,98,0.002186,0,31,0.313071,0.659019
36063,Niagara County,,NY,10476,252760,263236,12,33,45,5836,6804,12640,6,0.352612,0.377441,1901.591426,0.005997,0.017768,99,0.000167,0,31,0.565546,0.038287
36065,Oneida County,,NY,10451,259378,269829,27,38,65,4954,5990,10944,6,0.34884,0.374466,2886.727272,0.009646,0.019157,99,0.000288,0,31,0.542283,0.055084
36067,Onondaga County,,NY,23748,521789,545537,76,114,190,12806,16896,29702,6,0.388487,0.425557,21817.071999,0.038463,0.058362,99,0.000686,0,31,0.531432,0.236148
36069,Ontario County,,NY,6799,120878,127677,14,13,27,4905,3962,8867,7,0.313526,0.331809,299.552571,0.002117,0.004733,99,0.000219,0,31,0.405229,0.011552
36071,Orange County,,NY,25274,400635,425909,48,120,168,19522,18791,38313,6,0.379,0.416667,2235.197436,0.026375,0.055887,98,0.00037,0,31,0.473485,0.154586
36073,Orleans County,,NY,2749,47263,50012,5,5,10,1505,1671,3176,7,0.293428,0.307785,0.92686,0.001362,0.000959,99,0.000095,0,31,0.8,0.006608
36075,Oswego County,,NY,7280,136270,143550,10,14,24,3778,4065,7843,7,0.31657,0.334956,152.733021,0.00284,0.005025,99,0.000146,0,31,0.593407,0.016678
36077,Otsego County,,NY,3708,66373,70081,15,11,26,1897,1597,3494,7,0.296122,0.313354,86.447517,0.004452,0.001538,99,0.000178,0,31,0.533333,0.02011
36079,Putnam County,,NY,8043,113072,121115,12,21,33,6020,5630,11650,7,0.315298,0.335054,0.487702,0.006834,0.010378,98,0.000106,0,31,0.835498,0.033701
36081,Queens County,,NY,160783,2247662,2408445,161,233,394,98345,152046,250391,6,0.418517,0.468068,22909.078216,0.080468,0.096239,98,0.00148,0,31,0.334397,0.528755
36083,Rensselaer County,,NY,11393,176515,187908,29,28,57,8475,8034,16509,6,0.336854,0.359918,2053.957584,0.009525,0.008935,99,0.000319,0,31,0.503565,0.049643
36085,Richmond County,,NY,27129,493629,520758,31,83,114,20957,23199,44156,6,0.369446,0.402383,203.623561,0.019773,0.043245,98,0.000233,0,31,0.66222,0.112069
36087,Rockland County,,NY,18263,335432,353695,34,70,104,10347,14498,24845,6,0.367901,0.399242,295.519127,0.020546,0.038192,98,0.000245,0,31,0.708333,0.114669
36089,St. Lawrence County,,NY,4453,113077,117530,9,12,21,1170,1446,2616,7,0.310242,0.328667,505.056248,0.00165,0.002657,99,0.000173,0,31,0.492424,0.00866
36091,Saratoga County,,NY,16643,248715,265358,57,62,119,13569,11755,25324,6,0.358759,0.388163,20247.563888,0.024755,0.029325,99,0.000564,0,31,0.474595,0.146323
36093,Schenectady County,,NY,10286,172592,182878,26,33,59,7754,7054,14808,6,0.34523,0.369693,2873.882624,0.009869,0.016269,99,0.000271,0,31,0.594512,0.050284
36095,Schoharie County,,NY,1553,31480,33033,9,8,17,1013,865,1878,7,0.271697,0.284756,7.979758,0.002063,0.000719,99,0.000142,0,31,0.688889,0.011162
36097,Schuyler County,,NY,1263,21057,22320,5,5,10,709,687,1396,7,0.263818,0.274277,4.00247,0.000197,0.000149,99,0.000117,0,31,0.55,0.001329
36099,Seneca County,,NY,2327,37709,40036,6,8,14,960,1292,2252,7,0.290752,0.305451,79.891316,0.000837,0.000921,99,0.000125,0,31,0.642857,0.0044
36101,Steuben County,,NY,5536,109864,115400,12,15,27,2495,2663,5158,7,0.303779,0.321655,521.376998,0.001982,0.002378,99,0.000207,0,31,0.379167,0.009866
36103,Suffolk County,,NY,74791,1769551,1844342,121,235,356,50675,65909,116584,6,0.406386,0.457679,15312.014375,0.064676,0.091788,98,0.001151,0,31,0.309131,0.428053
36105,Sullivan County,,NY,5009,79776,84785,14,20,34,3799,2686,6485,7,0.317055,0.336737,19.479795,0.007141,0.008577,98,0.000121,0,31,0.772727,0.034239
36107,Tioga County,,NY,3594,60484,64078,6,7,13,2164,1991,4155,7,0.291161,0.305968,55.463829,0.000399,0.001009,99,0.000121,0,31,0.589286,0.002064
36109,Tompkins County,,NY,8429,90088,98517,27,37,64,2920,4237,7157,6,0.356993,0.382564,10112.239384,0.013011,0.019255,99,0.00029,0,31,0.599303,0.078771
36111,Ulster County,,NY,10185,196644,206829,30,38,68,7636,6224,13860,6,0.348421,0.372978,424.964758,0.013838,0.019295,98,0.000244,0,31,0.692691,0.073085
36113,Warren County,,NY,4859,75602,80461,12,7,19,3475,2906,6381,7,0.271799,0.284699,36.953956,0.003545,0.000596,99,0.000156,0,31,0.643939,0.015333
36115,Washington County,,NY,4002,67343,71345,8,8,16,2924,2750,5674,7,0.271952,0.285158,18.807932,0.000928,0.000629,99,0.000152,0,31,0.569444,0.004956
36117,Wayne County,,NY,5814,112338,118152,10,11,21,3733,3480,7213,7,0.29933,0.315889,52.409994,0.001981,0.00215,99,0.000166,0,31,0.560606,0.010453
36119,Westchester County,,NY,60513,1026013,1086526,86,175,261,39717,54012,93729,6,0.398517,0.443016,4707.190136,0.050836,0.080319,98,0.000695,0,31,0.441159,0.318218
36121,Wyoming County,,NY,2523,46473,48996,7,7,14,1660,1603,3263,7,0.293428,0.308101,3.848291,0.001378,0.000942,99,0.000127,0,31,0.732143,0.006932
36123,Yates County,,NY,1533,28175,29708,6,5,11,865,820,1685,7,0.286872,0.301316,63.463815,0.000696,0.000501,99,0.000128,0,31,0.642857,0.003814
37001,Alamance County,,NC,7137,149550,156687,16,16,32,4747,4300,9047,7,0.303461,0.32136,142.891182,0.004188,0.004282,100,0.00031,0,31,0.614035,0.034215
37003,Alexander County,,NC,2279,39121,41400,5,6,11,1204,1520,2724,7,0.299917,0.31468,0.596825,0.000147,0.001107,100,0.000155,0,31,0.9,0.00238
37005,Alleghany County,,NC,562,11238,11800,2,2,4,116,90,206,8,0.232663,0.240242,265.139421,0,0.000011,100,0.000145,0,31,0,0.000284
37007,Anson County,,NC,1375,25891,27266,5,5,10,594,861,1455,7,0.299793,0.314336,1.759524,0.000812,0.001156,100,0.00014,0,31,0.7,0.008407
37009,Ashe County,,NC,1114,26468,27582,4,3,7,445,345,790,8,0.23298,0.240959,2995.660888,0.001432,0.000039,100,0.000126,0,31,0.55,0.012501
37011,Avery County,,NC,1153,16507,17660,5,3,8,361,358,719,8,0.234562,0.242878,62.164951,0.000072,0.000025,100,0.000195,0,31,0.2,0.00089
37013,Beaufort County,,NC,2492,49017,51509,7,7,14,1229,1284,2513,7,0.29859,0.31402,3584.867232,0.000961,0.001463,100,0.000234,0,31,0.402778,0.008293
37015,Bertie County,,NC,1164,21788,22952,5,6,11,538,612,1150,7,0.298437,0.313618,65.513012,0.000114,0.000957,100,0.000184,0,31,0.433333,0.001237
37017,Bladen County,,NC,1676,31409,33085,7,8,15,859,1021,1880,7,0.307839,0.325035,0.513889,0.002258,0.002794,100,0.000162,0,31,0.910714,0.019132
37019,Brunswick County,,NC,5286,83900,89186,41,11,52,5642,2549,8191,7,0.31114,0.329285,104.479807,0.014696,0.004326,100,0.000565,0,31,0.44939,0.096088
37021,Buncombe County,,NC,14202,231797,245999,81,58,139,9692,8381,18073,6,0.36375,0.392189,35784.550432,0.032613,0.022116,100,0.001442,0,31,0.383521,0.260868
37023,Burke County,,NC,4679,94777,99456,10,15,25,2415,2908,5323,7,0.307448,0.325945,730.951316,0.001044,0.003296,100,0.000258,0,31,0.475,0.011126
37025,Cabarrus County,,NC,11185,161072,172257,30,21,51,9268,7224,16492,7,0.306474,0.325575,397.718435,0.012031,0.005773,100,0.000493,0,31,0.558824,0.090794
37027,Caldwell County,,NC,3886,89404,93290,10,9,19,2308,2364,4672,7,0.302828,0.319493,678.420356,0.001052,0.002091,100,0.000259,0,31,0.55303,0.011209
37029,Camden County,,NC,825,9480,10305,5,3,8,839,378,1217,7,0.267786,0.278797,0,0.001282,0.000281,169,0.000123,0,31,1,0.00933
37031,Carteret County,,NC,4836,66608,71444,16,11,27,2625,2077,4702,6,0.337363,0.356496,61.945889,0.005764,0.005184,100,0.000258,0,31,0.779412,0.042462
37033,Caswell County,,NC,1494,24295,25789,8,7,15,1022,1061,2083,7,0.283012,0.296314,16.862352,0.000957,0.00068,100,0.000189,0,31,0.589286,0.00789
37035,Catawba County,,NC,9751,168228,177979,29,25,54,6611,6096,12707,7,0.30925,0.329695,1205.874838,0.008647,0.005609,100,0.000546,0,31,0.430252,0.071972
37037,Chatham County,,NC,4545,58182,62727,13,13,26,3264,2978,6242,7,0.308199,0.326213,13.914369,0.0033,0.003809,100,0.000243,0,31,0.774725,0.027786
37039,Cherokee County,,NC,1293,24627,25920,9,5,14,511,345,856,8,0.233355,0.241247,8306.485656,0.002773,0.000068,98,0.000448,0,31,0.233333,0.023264
37041,Chowan County,,NC,918,15416,16334,5,5,10,367,356,723,7,0.298437,0.313503,1026.986734,0.000242,0.000895,169,0.000232,0,31,0.4,0.002462
37043,Clay County,,NC,590,9368,9958,2,2,4,223,204,427,9,0.18924,0.193515,13.655046,0.000001,0.000028,98,0.000239,0,31,0,0.000407
37045,Cleveland County,,NC,5554,105139,110693,13,14,27,2874,3494,6368,7,0.303113,0.320625,77.891197,0.002162,0.003316,100,0.000301,0,31,0.691667,0.022284
37047,Columbus County,,NC,2259,54280,56539,8,8,16,1136,1302,2438,7,0.308003,0.325322,1.387501,0.00247,0.003209,100,0.000208,0,31,0.910714,0.022616
37049,Craven County,,NC,12231,103038,115269,40,41,81,5026,5456,10482,6,0.363842,0.390897,9061.100381,0.019365,0.020526,100,0.000521,0,31,0.530166,0.136788
37051,Cumberland County,,NC,48523,310016,358539,186,193,379,24973,32502,57475,6,0.416475,0.461751,43480.345929,0.074524,0.074532,100,0.002165,0,31,0.287318,0.520898
37053,Currituck County,,NC,1843,22083,23926,7,7,14,1804,986,2790,7,0.294261,0.309649,46.198341,0.001366,0.001349,169,0.000166,0,31,0.625,0.010256
37055,Dare County,,NC,3354,35347,38701,9,8,17,795,993,1788,7,0.305313,0.322169,2979.561761,0.002889,0.00218,169,0.000179,0,31,0.481818,0.022913
37057,Davidson County,,NC,8567,174929,183496,18,17,35,6024,5943,11967,7,0.303081,0.320883,238.428438,0.002709,0.003699,100,0.000423,0,31,0.5,0.027213
37059,Davie County,,NC,2232,41928,44160,8,7,15,1908,1246,3154,7,0.283454,0.296526,51.491575,0.001465,0.000963,100,0.000206,0,31,0.638889,0.014073
37061,Duplin County,,NC,2822,49376,52198,7,12,19,1327,1885,3212,7,0.309019,0.326752,8.535586,0.001656,0.003061,100,0.000148,0,31,0.780303,0.012441
37063,Durham County,,NC,23618,239147,262765,86,89,175,15667,17856,33523,6,0.384728,0.418792,12883.846588,0.043388,0.043491,100,0.001025,0,31,0.478362,0.293141
37065,Edgecombe County,,NC,4682,58875,63557,8,5,13,3122,3444,6566,7,0.298345,0.313302,8.044699,0.00184,0.000998,100,0.000186,0,31,0.660714,0.014314
37067,Forsyth County,,NC,20036,349290,369326,89,66,155,15543,13854,29397,6,0.376297,0.407173,29552.299383,0.039401,0.029869,100,0.001301,0,31,0.429499,0.281323
37069,Franklin County,,NC,3709,51743,55452,10,8,18,2707,2454,5161,7,0.299052,0.314617,46.750786,0.002524,0.001751,100,0.00021,0,31,0.672727,0.020659
37071,Gaston County,,NC,10786,210501,221287,25,22,47,7820,7151,14971,7,0.310109,0.330026,292.05803,0.006506,0.005944,100,0.000515,0,31,0.57265,0.05841
37073,Gates County,,NC,680,10888,11568,8,3,11,616,219,835,7,0.25237,0.261017,1467.659845,0.001396,0.000074,169,0.000199,0,31,0.535714,0.010623
37075,Graham County,,NC,394,8431,8825,0,1,1,0,52,52,9,0.189256,0.193391,0,0,0.000022,98,0.00005,0,164,0,0
37077,Granville County,,NC,3165,52042,55207,8,9,17,2412,2073,4485,7,0.299237,0.315048,132.806443,0.001258,0.001874,100,0.000206,0,31,0.541667,0.010628
37079,Greene County,,NC,1336,18060,19396,4,4,8,746,947,1693,7,0.262363,0.273097,0.498413,0.000238,0.0002,100,0.000104,0,31,0.833333,0.001843
37081,Guilford County,,NC,29153,475657,504810,140,104,244,22442,21474,43916,6,0.392109,0.427803,58103.115154,0.054081,0.045266,100,0.001945,0,31,0.315789,0.378778
37083,Halifax County,,NC,2954,58245,61199,8,10,18,1268,1796,3064,7,0.302765,0.319533,2235.201257,0.000847,0.00231,100,0.000244,0,31,0.409091,0.007686
37085,Harnett County,,NC,9070,92307,101377,22,18,40,6307,5474,11781,6,0.326765,0.345141,367.509024,0.0066,0.005508,100,0.000337,0,31,0.501538,0.049661
37087,Haywood County,,NC,2942,60302,63244,9,6,15,1152,1050,2202,7,0.313594,0.330161,486.642819,0.003505,0.003034,100,0.000265,0,31,0.606061,0.02764
37089,Henderson County,,NC,6293,103603,109896,19,12,31,3756,2871,6627,7,0.30464,0.322152,899.899087,0.00851,0.003813,100,0.000384,0,31,0.560606,0.069777
37091,Hertford County,,NC,1336,21843,23179,3,6,9,449,648,1097,7,0.298498,0.313704,318.197005,0.000015,0.000968,100,0.000161,0,31,0.5,0.000425
37093,Hoke County,,NC,4939,34718,39657,9,14,23,3541,2705,6246,6,0.330336,0.350276,117.471104,0.00221,0.005981,100,0.000169,0,31,0.625,0.016557
37095,Hyde County,,NC,307,5057,5364,0,1,1,0,85,85,8,0.229995,0.236812,0,0,0.000008,100,0.00005,0,165,0,0
37097,Iredell County,,NC,9040,153987,163027,42,24,66,6650,5351,12001,7,0.314785,0.334152,5999.875347,0.018471,0.005505,100,0.000653,0,31,0.450798,0.126701
37099,Jackson County,,NC,2481,29893,32374,7,6,13,935,944,1879,7,0.300197,0.3151,3193.34792,0.001601,0.00119,100,0.000269,0,31,0.404762,0.01503
37101,Johnston County,,NC,8959,143589,152548,27,19,46,7864,5717,13581,7,0.312952,0.332926,190.484645,0.007942,0.00482,100,0.000407,0,31,0.468966,0.055618
37103,Jones County,,NC,813,9766,10579,3,3,6,410,449,859,7,0.29325,0.307254,0,0.000795,0.000616,100,0.000078,0,31,1,0.00448
37105,Lee County,,NC,3700,56034,59734,8,10,18,2273,2231,4504,7,0.308101,0.325696,0.681342,0.002154,0.003572,100,0.000169,0,31,0.933333,0.017502
37107,Lenoir County,,NC,3219,63965,67184,8,14,22,1617,2030,3647,7,0.308822,0.326752,394.766838,0.001678,0.003686,100,0.000164,0,31,0.686813,0.012056
37109,Lincoln County,,NC,4877,75667,80544,11,9,20,4067,3090,7157,7,0.300041,0.315255,20.87932,0.002793,0.001423,100,0.000223,0,31,0.615385,0.023132
37111,McDowell County,,NC,1998,44479,46477,6,7,13,851,859,1710,7,0.299175,0.314789,5161.760049,0.000911,0.001142,100,0.000218,0,31,0.482143,0.008734
37113,Macon County,,NC,1821,33019,34840,10,4,14,657,394,1051,7,0.266949,0.277741,1140.968205,0.004845,0.000313,100,0.000292,0,31,0.5,0.039276
37115,Madison County,,NC,1206,19666,20872,1,3,4,669,655,1324,7,0.266826,0.277339,0,0.000177,0.000331,100,0.000072,0,31,0.666667,0.002152
37117,Martin County,,NC,1408,26807,28215,5,6,11,626,855,1481,7,0.298406,0.31356,686.8228,0.000807,0.000967,100,0.000183,0,31,0.566667,0.007062
37119,Mecklenburg County,,NC,61016,826515,887531,319,221,540,66083,51475,117558,6,0.427771,0.473748,216721.583932,0.106969,0.085929,100,0.003944,0,31,0.20335,0.729061
37121,Mitchell County,,NC,842,16633,17475,3,3,6,293,305,598,8,0.230445,0.237738,5.033333,0.000012,0.000009,100,0.00018,0,31,0.333333,0.000377
37123,Montgomery County,,NC,1528,26993,28521,6,8,14,748,935,1683,7,0.300414,0.315772,5.349006,0.001154,0.00151,100,0.000148,0,31,0.642857,0.010322
37125,Moore County,,NC,5170,87686,92856,19,14,33,2819,2194,5013,7,0.308363,0.326557,162.598318,0.005627,0.003541,100,0.000308,0,31,0.523684,0.044055
37127,Nash County,,NC,7593,99764,107357,14,12,26,4974,5019,9993,7,0.302733,0.319706,50.358324,0.003472,0.003049,100,0.000269,0,31,0.606618,0.026671
37129,New Hanover County,,NC,14832,174713,189545,95,52,147,13192,9145,22337,6,0.359916,0.387589,6867.995317,0.036624,0.022928,100,0.001231,0,31,0.386996,0.241494
37131,Northampton County,,NC,1486,21787,23273,4,4,8,609,786,1395,7,0.298345,0.313187,1665.17299,0.000736,0.000861,100,0.000135,0,31,0.583333,0.006314
37133,Onslow County,,NC,34401,154298,188699,125,173,298,14281,19055,33336,6,0.414453,0.45738,24241.346012,0.055797,0.074942,100,0.001403,0,31,0.346695,0.383582
37135,Orange County,,NC,13230,114578,127808,43,37,80,7683,8805,16488,6,0.359559,0.385659,3091.469114,0.022643,0.019499,100,0.000571,0,31,0.617347,0.15988
37137,Pamlico County,,NC,864,13181,14045,1,2,3,245,403,648,7,0.2669,0.277043,0,0.000165,0.000163,100,0.000061,0,31,1,0.001166
37139,Pasquotank County,,NC,2843,37381,40224,12,12,24,1869,1328,3197,7,0.305828,0.32349,2707.450248,0.002803,0.002727,169,0.000322,0,31,0.361905,0.022558
37141,Pender County,,NC,3544,42321,45865,7,7,14,2850,2192,5042,7,0.304416,0.320469,3.23933,0.001938,0.002096,100,0.000177,0,31,0.803571,0.015558
37143,Perquimans County,,NC,828,11880,12708,5,2,7,563,388,951,8,0.234259,0.241953,25.332144,0.000895,0.000024,169,0.000153,0,31,0.75,0.006828
37145,Person County,,NC,1731,40804,42535,8,7,15,1294,972,2266,7,0.298744,0.314106,2268.443019,0.001626,0.001434,100,0.000194,0,31,0.607143,0.013613
37147,Pitt County,,NC,9621,138922,148543,41,36,77,6395,5444,11839,7,0.326287,0.350468,13771.456503,0.011177,0.010506,100,0.000698,0,31,0.340136,0.078634
37149,Polk County,,NC,1262,20535,21797,5,5,10,673,700,1373,7,0.282186,0.294711,0.551474,0.000609,0.00089,100,0.00015,0,31,0.9,0.007057
37151,Randolph County,,NC,7438,148209,155647,14,16,30,5241,4837,10078,7,0.303049,0.320711,129.973891,0.00389,0.003605,100,0.000269,0,31,0.561404,0.03152
37153,Richmond County,,NC,2251,47636,49887,11,12,23,1025,1084,2109,7,0.308232,0.326155,129.76384,0.00216,0.003415,100,0.000218,0,31,0.527473,0.018234
37155,Robeson County,,NC,5023,121803,126826,16,17,33,2773,2955,5728,7,0.308658,0.327476,433.535107,0.003938,0.003896,100,0.000297,0,31,0.505263,0.032947
37157,Rockingham County,,NC,4299,102237,106536,12,13,25,2636,2723,5359,7,0.30286,0.320021,277.705373,0.00144,0.002865,100,0.000286,0,31,0.478022,0.013232
37159,Rowan County,,NC,7568,142544,150112,15,18,33,4511,4743,9254,7,0.303461,0.321589,126.474189,0.003995,0.004298,100,0.000313,0,31,0.630952,0.035561
37161,Rutherford County,,NC,2860,66848,69708,9,12,21,1272,1412,2684,7,0.301131,0.317426,93.348556,0.001094,0.001942,100,0.000246,0,31,0.545455,0.011372
37163,Sampson County,,NC,3231,61558,64789,12,13,25,1951,2138,4089,7,0.310773,0.328969,31.577263,0.002794,0.003497,100,0.000228,0,31,0.690476,0.023305
37165,Scotland County,,NC,2335,37861,40196,8,10,18,1166,1333,2499,7,0.308166,0.325811,86.22027,0.002142,0.003152,100,0.000161,0,31,0.733333,0.017597
37167,Stanly County,,NC,2811,64456,67267,6,8,14,1558,1555,3113,7,0.302229,0.318385,10.988843,0.000851,0.002152,100,0.000166,0,31,0.642857,0.009326
37169,Stokes County,,NC,2945,50840,53785,8,6,14,2181,2061,4242,7,0.283288,0.296067,34.896219,0.000749,0.0008,100,0.000227,0,31,0.625,0.007215
37171,Surry County,,NC,3452,77007,80459,11,11,22,1876,2082,3958,7,0.30286,0.319734,8861.139192,0.001393,0.002659,100,0.000392,0,31,0.435897,0.013286
37173,Swain County,,NC,966,17635,18601,1,3,4,271,411,682,7,0.266826,0.277339,0,0.00001,0.000302,100,0.000089,0,31,1,0.000211
37175,Transylvania County,,NC,1763,31501,33264,4,3,7,547,556,1103,7,0.266826,0.277339,1.921081,0.000503,0.000343,100,0.000153,0,31,0.666667,0.005838
37177,Tyrrell County,,NC,257,3781,4038,2,1,3,95,45,140,9,0.197522,0.202464,1.478399,0.000018,0.000001,100,0.000116,0,31,0,0.000374
37179,Union County,,NC,9840,166751,176591,61,23,84,12417,6064,18481,7,0.316605,0.337682,1783.020744,0.03309,0.007489,100,0.000708,0,31,0.591608,0.219329
37181,Vance County,,NC,2810,47357,50167,5,7,12,1419,1645,3064,7,0.299021,0.314445,2.246969,0.00109,0.001699,100,0.000137,0,31,0.785714,0.008927
37183,Wake County,,NC,50044,794741,844785,306,223,529,60253,40355,100608,6,0.424579,0.471479,176869.63952,0.106382,0.087577,100,0.003807,0,31,0.215906,0.726257
37185,Warren County,,NC,1307,17274,18581,5,6,11,618,848,1466,7,0.298529,0.313647,4.872619,0.000764,0.001247,100,0.000144,0,31,0.733333,0.006712
37187,Washington County,,NC,816,14018,14834,4,4,8,260,370,630,8,0.24612,0.256016,2928.136833,0.000104,0.000104,100,0.00022,0,31,0.5,0.001141
37189,Watauga County,,NC,3503,36909,40412,13,13,26,1219,1534,2753,7,0.303271,0.32067,7766.388049,0.003031,0.003142,100,0.000349,0,31,0.467033,0.027293
37191,Wayne County,,NC,8652,119470,128122,25,31,56,3240,4030,7270,6,0.351715,0.376505,4131.061817,0.009427,0.011817,100,0.000366,0,31,0.460961,0.070374
37193,Wilkes County,,NC,2730,73451,76181,11,11,22,1256,1317,2573,7,0.300694,0.316576,1261.649367,0.001797,0.001887,100,0.000303,0,31,0.568182,0.017205
37195,Wilson County,,NC,4198,81935,86133,11,12,23,2308,2499,4807,7,0.308494,0.326471,490.187754,0.002608,0.003626,100,0.000238,0,31,0.664835,0.021297
37197,Yadkin County,,NC,1981,41452,43433,8,7,15,1429,1313,2742,7,0.273851,0.28587,5.85278,0.000727,0.000529,100,0.000238,0,31,0.75,0.007659
37199,Yancey County,,NC,782,17980,18762,4,3,7,352,321,673,7,0.266851,0.277397,761.270994,0.000189,0.000269,100,0.000169,0,31,0.5,0.002513
38001,Adams County,,ND,168,2893,3061,0,0,0,0,0,0,0,0,0,0,0,0,101,0.00005,93,166,0,0
38003,Barnes County,,ND,707,12867,13574,2,2,4,214,280,494,7,0.260901,0.270465,0,0.000056,0.000035,134,0.00013,0,31,1,0.000542
38005,Benson County,,ND,458,7168,7626,1,1,2,135,137,272,8,0.208372,0.213428,0,0,0.000001,134,0.000105,0,31,0,0.000099
38007,Billings County,,ND,84,956,1040,0,0,0,0,0,0,0,0,0,0,0,0,102,0.00005,94,167,0,0
38009,Bottineau County,,ND,439,8064,8503,1,2,3,84,155,239,7,0.265751,0.276265,0,0.000058,0.00007,134,0.000069,0,31,1,0.000397
38011,Bowman County,,ND,229,3830,4059,0,0,0,0,0,0,0,0,0,0,0,0,103,0.00005,95,168,0,0
38013,Burke County,,ND,173,2634,2807,0,1,1,0,41,41,7,0.25793,0.267257,0,0,0.000037,134,0.00005,0,169,0,0
38015,Burleigh County,,ND,5032,86298,91330,21,17,38,3548,2803,6351,6,0.336698,0.357656,35626.129727,0.00192,0.002559,134,0.000823,0,31,0.143875,0.014498
38017,Cass County,,ND,11167,150141,161308,46,41,87,7480,6937,14417,6,0.352913,0.378331,91081.745287,0.004198,0.006887,134,0.00155,0,31,0.145791,0.033922
38019,Cavalier County,,ND,243,5736,5979,0,0,0,0,0,0,0,0,0,0,0,0,104,0.00005,96,170,0,0
38021,Dickey County,,ND,406,6121,6527,0,1,1,0,58,58,7,0.26092,0.270371,0,0,0.000034,134,0.00005,0,171,0,0
38023,Divide County,,ND,138,2621,2759,0,0,0,0,0,0,0,0,0,0,0,0,105,0.00005,97,172,0,0
38025,Dunn County,,ND,209,3840,4049,1,1,2,47,49,96,8,0.207657,0.212569,0,0,0.000001,134,0.000127,0,31,0,0.000104
38027,Eddy County,,ND,170,2925,3095,0,0,0,0,0,0,0,0,0,0,0,0,106,0.00005,98,173,0,0
38029,Emmons County,,ND,261,4696,4957,0,1,1,0,96,96,7,0.251953,0.260261,0,0,0.000015,134,0.00005,0,174,0,0
38031,Foster County,,ND,223,4191,4414,0,1,1,0,40,40,7,0.26092,0.270371,0,0,0.000034,134,0.00005,0,175,0,0
38033,Golden Valley County,,ND,141,1955,2096,0,0,0,0,0,0,0,0,0,0,0,0,107,0.00005,99,176,0,0
38035,Grand Forks County,,ND,7617,69474,77091,22,27,49,2267,3326,5593,6,0.34254,0.366322,34887.058483,0.003489,0.005995,134,0.000682,0,31,0.246237,0.027462
38037,Grant County,,ND,127,3110,3237,0,0,0,0,0,0,0,0,0,0,0,0,108,0.00005,100,177,0,0
38039,Griggs County,,ND,184,3162,3346,0,0,0,0,0,0,0,0,0,0,0,0,109,0.00005,101,178,0,0
38041,Hettinger County,,ND,157,3067,3224,0,0,0,0,0,0,0,0,0,0,0,0,110,0.00005,102,179,0,0
38043,Kidder County,,ND,192,3117,3309,0,1,1,0,60,60,7,0.251953,0.260261,0,0,0.000015,134,0.00005,0,180,0,0
38045,LaMoure County,,ND,318,5303,5621,0,2,2,0,114,114,7,0.260944,0.270544,0,0,0.000035,134,0.00005,0,181,1,0
38047,Logan County,,ND,111,2369,2480,0,1,1,0,40,40,7,0.251953,0.260261,0,0,0.000015,134,0.00005,0,182,0,0
38049,McHenry County,,ND,420,6518,6938,1,1,2,113,154,267,7,0.257887,0.267177,0,0.000058,0.000037,134,0.000069,0,31,0,0.000397
38051,McIntosh County,,ND,171,3762,3933,0,1,1,0,43,43,7,0.251953,0.260261,0,0,0.000015,134,0.00005,0,183,0,0
38053,McKenzie County,,ND,361,5556,5917,0,1,1,0,62,62,8,0.210897,0.216366,0,0,0.000001,134,0.00005,0,184,0,0
38055,McLean County,,ND,766,10693,11459,2,3,5,194,342,536,7,0.259757,0.26972,0,0.000078,0.000053,134,0.00011,0,31,0.833333,0.000635
38057,Mercer County,,ND,527,10612,11139,1,3,4,89,187,276,7,0.262008,0.271989,0,0.000021,0.00005,134,0.000092,0,31,1,0.000237
38059,Morton County,,ND,2266,29784,32050,7,3,10,1521,1378,2899,7,0.262032,0.272046,67.066773,0.000135,0.00005,134,0.000315,0,31,0.452381,0.001451
38061,Mountrail County,,ND,599,8113,8712,2,3,5,125,251,376,7,0.266581,0.277445,0,0.000113,0.000086,134,0.000101,0,31,1,0.000834
38063,Nelson County,,ND,255,4087,4342,1,1,2,42,44,86,7,0.255166,0.264317,0,0.000048,0.000028,134,0.000072,0,31,0,0.000339
38065,Oliver County,,ND,178,2410,2588,0,1,1,0,61,61,7,0.251953,0.260261,0,0,0.000015,134,0.00005,0,185,0,0
38067,Pembina County,,ND,611,10004,10615,2,3,5,106,266,372,7,0.263172,0.27356,18.982923,0.000103,0.000062,134,0.000104,0,31,0.833333,0.000775
38069,Pierce County,,ND,317,5102,5419,0,1,1,0,42,42,7,0.25793,0.267257,0,0,0.000037,134,0.00005,0,186,0,0
38071,Ramsey County,,ND,910,13479,14389,3,3,6,249,349,598,7,0.263196,0.273618,5856,0.000103,0.000062,134,0.000194,0,31,0.333333,0.000864
38073,Ransom County,,ND,485,6679,7164,1,2,3,119,195,314,7,0.260901,0.270465,0,0.000055,0.000034,134,0.000083,0,31,1,0.000436
38075,Renville County,,ND,272,3012,3284,1,1,2,118,125,243,7,0.257887,0.267177,0,0.000058,0.000037,134,0.000069,0,31,0,0.000397
38077,Richland County,,ND,1474,19604,21078,2,3,5,429,643,1072,7,0.260924,0.270637,0,0.000056,0.000041,134,0.000112,0,31,0.833333,0.000535
38079,Rolette County,,ND,674,14033,14707,2,4,6,126,304,430,7,0.267121,0.27837,0,0.000106,0.000114,134,0.000091,0,31,1,0.000736
38081,Sargent County,,ND,336,5100,5436,2,1,3,105,88,193,7,0.260877,0.270292,0,0.000056,0.000034,134,0.000118,0,31,1,0.000529
38083,Sheridan County,,ND,84,1723,1807,0,0,0,0,0,0,0,0,0,0,0,0,111,0.00005,103,187,0,0
38085,Sioux County,,ND,293,3677,3970,1,2,3,103,129,232,7,0.251932,0.260351,0,0.000021,0.000016,134,0.000092,0,31,1,0.000237
38087,Slope County,,ND,-2,-2,-4,0,0,0,0,0,0,0,0,0,0,0,0,112,0.00005,104,188,0,0
38089,Stark County,,ND,1500,26371,27871,5,4,9,341,497,838,7,0.262055,0.272219,5856.75,0.000077,0.00005,134,0.000358,0,31,0.5,0.000981
38091,Steele County,,ND,199,2522,2721,0,1,1,0,62,62,7,0.26092,0.270371,0,0,0.000034,134,0.00005,0,189,0,0
38093,Stutsman County,,ND,1366,24144,25510,5,4,9,401,506,907,7,0.264299,0.275085,35.648465,0.000124,0.000078,134,0.000222,0,31,0.45,0.001193
38095,Towner County,,ND,188,3200,3388,0,0,0,0,0,0,0,0,0,0,0,0,113,0.00005,105,190,0,0
38097,Traill County,,ND,575,9506,10081,2,2,4,220,253,473,7,0.263148,0.273388,0,0.000103,0.000062,134,0.000104,0,31,1,0.000775
38099,Walsh County,,ND,729,13902,14631,2,2,4,236,258,494,7,0.263148,0.273388,0,0.000049,0.000062,134,0.000101,0,31,1,0.000435
38101,Ward County,,ND,7072,67019,74091,22,28,50,1941,2569,4510,6,0.347462,0.371807,36978.06043,0.004578,0.007202,134,0.000617,0,31,0.272177,0.035672
38103,Wells County,,ND,288,5641,5929,0,1,1,0,50,50,7,0.251953,0.260261,0,0,0.000015,134,0.00005,0,191,0,0
38105,Williams County,,ND,1156,23068,24224,5,5,10,304,319,623,7,0.26717,0.278599,3010.473785,0.000134,0.000114,134,0.000218,0,31,0.380952,0.001252
39001,Adams County,,OH,1473,30604,32077,7,6,13,895,839,1734,7,0.292511,0.305681,41.158906,0.00087,0.000577,116,0.000169,0,31,0.553571,0.00565
39003,Allen County,,OH,5899,123185,129084,14,19,33,2655,3392,6047,6,0.346549,0.368453,852.368141,0.002585,0.005316,116,0.000223,0,31,0.482456,0.015339
39005,Ashland County,,OH,3310,59321,62631,11,9,20,2348,1842,4190,7,0.306377,0.322677,216.789178,0.002202,0.001766,116,0.000172,0,31,0.618182,0.012945
39007,Ashtabula County,,OH,5014,118325,123339,13,14,27,3197,2603,5800,6,0.334679,0.354388,231.65351,0.004296,0.003867,116,0.000156,0,31,0.666667,0.026353
39009,Athens County,,OH,4294,52801,57095,15,14,29,1682,1837,3519,7,0.309085,0.32672,276.162144,0.002515,0.002167,116,0.000349,0,31,0.371429,0.016334
39011,Auglaize County,,OH,2821,58102,60923,9,9,18,1903,1796,3699,7,0.306571,0.322924,40.540141,0.001241,0.001292,116,0.000172,0,31,0.655556,0.008623
39013,Belmont County,,OH,3125,77048,80173,8,11,19,1582,1757,3339,7,0.308003,0.325491,8703.900221,0.000868,0.001417,121,0.000185,0,31,0.295455,0.006202
39015,Brown County,,OH,3272,49611,52883,8,9,17,2623,2504,5127,7,0.292836,0.306611,101.518123,0.001006,0.000928,116,0.000187,0,31,0.625,0.006742
39017,Butler County,,OH,24456,387049,411505,51,60,111,19626,17551,37177,6,0.379495,0.409649,14535.106551,0.021858,0.029709,116,0.00064,0,31,0.492354,0.146962
39019,Carroll County,,OH,2122,32938,35060,6,6,12,1418,1415,2833,7,0.285153,0.297497,2.407731,0.000636,0.00046,116,0.000119,0,31,0.733333,0.003649
39021,Champaign County,,OH,2939,45978,48917,9,9,18,2065,2080,4145,7,0.306344,0.322338,12.062292,0.001341,0.001263,116,0.000179,0,31,0.708333,0.009599
39023,Clark County,,OH,7507,162717,170224,11,12,23,4042,4296,8338,7,0.307676,0.324446,37.342099,0.002208,0.002028,116,0.000199,0,31,0.615385,0.014821
39025,Clermont County,,OH,14363,219346,233709,22,24,46,11499,10185,21684,6,0.352356,0.37566,1870.098305,0.007928,0.010009,116,0.000358,0,31,0.567816,0.053869
39027,Clinton County,,OH,3378,47442,50820,12,10,22,2588,2356,4944,7,0.307709,0.324216,71.567511,0.00228,0.002057,116,0.000231,0,31,0.651515,0.015333
39029,Columbiana County,,OH,5415,123251,128666,14,14,28,3010,3273,6283,7,0.310208,0.328817,559.512527,0.004251,0.003961,116,0.000183,0,31,0.575,0.026495
39031,Coshocton County,,OH,1848,42891,44739,8,8,16,877,1048,1925,7,0.304289,0.320035,128.706734,0.001053,0.000932,116,0.000178,0,31,0.625,0.00712
39033,Crawford County,,OH,2878,55203,58081,8,10,18,1646,1884,3530,7,0.304289,0.320265,490.215875,0.000869,0.000961,116,0.000155,0,31,0.5,0.006296
39035,Cuyahoga County,,OH,67916,1503884,1571800,155,207,362,35647,58282,93929,6,0.424207,0.469423,38027.737906,0.071651,0.090498,116,0.001522,0,31,0.335613,0.4703
39037,Darke County,,OH,2873,65738,68611,8,9,17,1549,1809,3358,7,0.306474,0.322752,637.208383,0.001215,0.00111,116,0.000158,0,31,0.555556,0.008353
39039,Defiance County,,OH,2643,48540,51183,7,9,16,1399,1575,2974,7,0.305538,0.322178,137.225117,0.000581,0.001086,115,0.000154,0,31,0.486111,0.003058
39041,Delaware County,,OH,12581,167254,179835,44,35,79,15691,8515,24206,6,0.364024,0.38999,5164.483729,0.017045,0.016295,116,0.000525,0,31,0.478114,0.110483
39043,Erie County,,OH,5387,93991,99378,9,12,21,2799,3253,6052,6,0.333985,0.353297,78.575632,0.002353,0.003109,116,0.000135,0,31,0.765152,0.013521
39045,Fairfield County,,OH,10342,155347,165689,16,15,31,9033,6931,15964,6,0.33387,0.353515,454.81741,0.003744,0.002718,116,0.00029,0,31,0.409091,0.022342
39047,Fayette County,,OH,2022,32211,34233,9,8,17,1464,1347,2811,7,0.306377,0.322281,19.540866,0.001338,0.001243,116,0.000204,0,31,0.597222,0.009589
39049,Franklin County,,OH,78471,1247042,1325513,261,266,527,58156,67546,125702,6,0.436588,0.486257,348133.620119,0.091201,0.093234,116,0.003174,0,31,0.211098,0.615666
39051,Fulton County,,OH,2976,54013,56989,6,6,12,2012,1971,3983,7,0.282406,0.294516,4.323293,0.000431,0.000273,115,0.000116,0,31,0.666667,0.002348
39053,Gallia County,,OH,1556,32459,34015,5,6,11,675,746,1421,7,0.304416,0.319978,581.714651,0.000767,0.000759,116,0.00017,0,31,0.5,0.005618
39055,Geauga County,,OH,6059,110310,116369,7,12,19,4500,4021,8521,6,0.335919,0.355755,2.641421,0.002157,0.005373,116,0.000102,0,31,0.871212,0.012297
39057,Greene County,,OH,16452,170371,186823,39,35,74,10113,10827,20940,6,0.365307,0.391632,4187.348715,0.017667,0.016918,116,0.00052,0,31,0.454209,0.125803
39059,Guernsey County,,OH,2183,47134,49317,9,10,19,1061,1152,2213,7,0.306636,0.323183,3559.548967,0.002069,0.001765,116,0.000198,0,31,0.477778,0.012445
39061,Hamilton County,,OH,53986,925442,979428,126,137,263,29610,44461,74071,6,0.412216,0.450184,54968.561145,0.057419,0.064662,116,0.001464,0,31,0.394993,0.39196
39063,Hancock County,,OH,5203,86847,92050,11,16,27,2694,2457,5151,6,0.341532,0.362847,1434.754783,0.001607,0.004769,115,0.000185,0,31,0.4625,0.010173
39065,Hardin County,,OH,2012,34438,36450,8,8,16,1089,1268,2357,7,0.304289,0.320035,487.911139,0.000871,0.000802,116,0.000165,0,31,0.553571,0.006259
39067,Harrison County,,OH,1034,17533,18567,6,6,12,724,627,1351,7,0.304448,0.320024,28.128494,0.000612,0.000893,116,0.000122,0,31,0.690476,0.003485
39069,Henry County,,OH,1957,36570,38527,7,9,16,1253,1326,2579,7,0.304704,0.320897,40.529398,0.000441,0.000998,115,0.000138,0,31,0.611111,0.002437
39071,Highland County,,OH,3092,47283,50375,13,11,24,2331,2127,4458,7,0.307709,0.324331,115.114718,0.002058,0.001897,116,0.000263,0,31,0.532051,0.014376
39073,Hocking County,,OH,1980,31544,33524,8,8,16,1420,1461,2881,7,0.304161,0.319806,4.927778,0.00087,0.000845,116,0.000211,0,31,0.678571,0.00655
39075,Holmes County,,OH,1691,42017,43708,6,6,12,999,1119,2118,7,0.271901,0.283317,3.51047,0.000272,0.000183,116,0.000137,0,31,0.566667,0.001782
39077,Huron County,,OH,4121,74371,78492,10,13,23,2623,2618,5241,7,0.306895,0.324056,15.238172,0.001769,0.002006,116,0.000161,0,31,0.679487,0.010924
39079,Jackson County,,OH,1780,35739,37519,8,7,15,1148,967,2115,7,0.304257,0.319834,14.215565,0.000805,0.000787,116,0.000217,0,31,0.5,0.006206
39081,Jefferson County,,OH,3642,80783,84425,12,14,26,1604,2032,3636,6,0.335414,0.355312,650.291478,0.002694,0.00353,121,0.000204,0,31,0.461905,0.01637
39083,Knox County,,OH,3244,64319,67563,12,9,21,2234,1707,3941,7,0.304225,0.320035,148.453877,0.001263,0.000973,116,0.000223,0,31,0.467949,0.008724
39085,Lake County,,OH,12966,280313,293279,19,34,53,9207,9379,18586,6,0.358449,0.383598,229.632445,0.007442,0.017274,116,0.0002,0,31,0.653968,0.04613
39087,Lawrence County,,OH,2814,66301,69115,7,8,15,1985,1614,3599,7,0.304608,0.320495,1994.571662,0.000804,0.000763,114,0.000194,0,31,0.464286,0.005875
39089,Licking County,,OH,10068,185431,195499,18,19,37,8174,6535,14709,6,0.345353,0.366736,1773.554508,0.004585,0.007106,116,0.000332,0,31,0.413043,0.030697
39091,Logan County,,OH,3099,56149,59248,12,12,24,1896,1813,3709,7,0.306247,0.322723,26.656755,0.001395,0.001291,116,0.000221,0,31,0.560606,0.010006
39093,Lorain County,,OH,14996,343444,358440,31,40,71,12292,9726,22018,6,0.369399,0.396721,1931.073804,0.011544,0.020331,116,0.000333,0,31,0.55404,0.073669
39095,Lucas County,,OH,24387,499510,523897,58,83,141,12971,17344,30315,6,0.392693,0.425436,19383.213006,0.021975,0.038624,115,0.000624,0,31,0.419927,0.145294
39097,Madison County,,OH,3476,44091,47567,9,8,17,2782,2376,5158,7,0.304161,0.319806,11.613478,0.00145,0.000952,116,0.000193,0,31,0.566667,0.010308
39099,Mahoning County,,OH,12172,279339,291511,23,38,61,6708,8139,14847,6,0.364207,0.391322,792.022832,0.008625,0.018087,116,0.000225,0,31,0.565621,0.050986
39101,Marion County,,OH,3405,72796,76201,9,9,18,1772,1863,3635,7,0.304225,0.320035,565.983097,0.00097,0.000933,116,0.000183,0,31,0.555556,0.007208
39103,Medina County,,OH,11932,199615,211547,15,28,43,10221,8058,18279,6,0.360318,0.385751,347.436412,0.004473,0.013782,116,0.000192,0,31,0.685961,0.029329
39105,Meigs County,,OH,1136,23971,25107,5,5,10,616,586,1202,7,0.30432,0.319679,587.023855,0.000778,0.000765,116,0.000166,0,31,0.5,0.005708
39107,Mercer County,,OH,2094,52441,54535,9,10,19,1108,1195,2303,7,0.306409,0.322752,177.635452,0.000497,0.001124,116,0.000185,0,31,0.488889,0.003606
39109,Miami County,,OH,6558,122621,129179,14,14,28,4689,4017,8706,7,0.307905,0.325049,90.275916,0.002251,0.002047,116,0.000238,0,31,0.576923,0.015367
39111,Monroe County,,OH,788,17596,18384,2,4,6,195,355,550,7,0.304448,0.319766,3142.861994,0.000018,0.000745,121,0.000091,0,31,0.333333,0.000295
39113,Montgomery County,,OH,34783,625858,660641,88,109,197,20964,25856,46820,6,0.402218,0.43806,34716.64483,0.03862,0.04807,116,0.001122,0,31,0.390129,0.273446
39115,Morgan County,,OH,1029,17405,18434,5,6,11,603,657,1260,7,0.304257,0.319679,3.623016,0.000785,0.000809,116,0.000154,0,31,0.8,0.005773
39117,Morrow County,,OH,2634,36713,39347,6,7,13,2068,1870,3938,7,0.304193,0.319748,2.084524,0.000947,0.000954,116,0.000136,0,31,0.785714,0.006802
39119,Muskingum County,,OH,3972,100773,104745,11,9,20,2381,2185,4566,7,0.304257,0.320093,22.447511,0.000904,0.000867,116,0.000254,0,31,0.472727,0.007057
39121,Noble County,,OH,647,13654,14301,3,2,5,316,280,596,8,0.235132,0.24267,2.375,0.000032,0.000023,116,0.000108,0,31,0.333333,0.00049
39123,Ottawa County,,OH,2896,50849,53745,9,9,18,1972,1764,3736,7,0.306409,0.322947,1.82257,0.002082,0.001683,115,0.000134,0,31,0.902778,0.01205
39125,Paulding County,,OH,1290,24035,25325,6,4,10,719,741,1460,7,0.277757,0.289354,12.364904,0.000285,0.000171,115,0.000134,0,31,0.533333,0.001791
39127,Perry County,,OH,2359,38508,40867,7,7,14,1810,1818,3628,7,0.304129,0.319633,1.794444,0.000864,0.000839,116,0.000181,0,31,0.809524,0.0064
39129,Pickaway County,,OH,3593,55812,59405,9,7,16,3355,2514,5869,7,0.304129,0.319633,9.755727,0.000873,0.000834,116,0.000218,0,31,0.527778,0.006683
39131,Pike County,,OH,1793,29519,31312,4,6,10,844,1086,1930,7,0.304225,0.319662,0.583333,0.00077,0.000778,116,0.00013,0,31,0.733333,0.005558
39133,Portage County,,OH,11717,171426,183143,15,19,34,8386,8146,16532,6,0.344942,0.366454,123.714475,0.003576,0.007158,116,0.000168,0,31,0.642105,0.019487
39135,Preble County,,OH,2856,50242,53098,9,9,18,2063,1923,3986,7,0.307839,0.32436,109.738049,0.001457,0.001996,116,0.000164,0,31,0.644444,0.009555
39137,Putnam County,,OH,1653,44729,46382,9,8,17,1036,1010,2046,7,0.304512,0.320437,340.222457,0.001233,0.000832,116,0.000168,0,31,0.569444,0.007691
39139,Richland County,,OH,6589,148202,154791,18,19,37,3418,3706,7124,6,0.341573,0.363048,484.979072,0.003055,0.005736,116,0.000246,0,31,0.502164,0.017259
39141,Ross County,,OH,3817,82254,86071,10,11,21,2395,2243,4638,7,0.304384,0.320524,24.660354,0.000836,0.00085,116,0.000264,0,31,0.454545,0.006659
39143,Sandusky County,,OH,3594,75710,79304,9,10,19,2179,2258,4437,7,0.306441,0.32312,2.533583,0.001394,0.001702,115,0.000138,0,31,0.833333,0.008439
39145,Scioto County,,OH,3012,77899,80911,11,10,21,1395,1425,2820,7,0.306441,0.322752,3065.927485,0.001204,0.001098,116,0.000269,0,31,0.307692,0.00867
39147,Seneca County,,OH,3538,68762,72300,10,11,21,1833,2166,3999,7,0.306474,0.323292,615.801252,0.001245,0.001618,115,0.000161,0,31,0.636364,0.007999
39149,Shelby County,,OH,3050,60440,63490,10,11,21,1703,1866,3569,7,0.307774,0.324475,53.630007,0.00176,0.001728,116,0.000182,0,31,0.645455,0.011822
39151,Stark County,,OH,17112,448996,466108,36,56,92,10566,11505,22071,6,0.372864,0.402326,10163.039464,0.013768,0.025423,116,0.000421,0,31,0.461017,0.092382
39153,Summit County,,OH,30927,626836,657763,70,88,158,22123,22890,45013,6,0.396394,0.429658,13974.39608,0.033855,0.043763,116,0.000753,0,31,0.492576,0.233365
39155,Trumbull County,,OH,10533,260277,270810,17,29,46,5585,6609,12194,6,0.342177,0.365547,571.126294,0.005906,0.013203,116,0.000204,0,31,0.605747,0.040244
39157,Tuscarawas County,,OH,4757,113681,118438,11,11,22,2713,2696,5409,7,0.306474,0.323079,317.735967,0.002144,0.001773,116,0.000187,0,31,0.536364,0.012856
39159,Union County,,OH,3583,51621,55204,8,8,16,2767,2272,5039,7,0.304193,0.319863,6.208333,0.000937,0.000934,116,0.000175,0,31,0.660714,0.007133
39161,Van Wert County,,OH,1595,36758,38353,6,8,14,759,955,1714,7,0.30557,0.32212,104.440425,0.00031,0.001101,116,0.000151,0,31,0.5,0.001896
39163,Vinton County,,OH,921,13651,14572,6,5,11,633,569,1202,7,0.304065,0.319289,1.1,0.000807,0.000772,116,0.000167,0,31,0.8,0.006053
39165,Warren County,,OH,16169,216473,232642,43,34,77,17030,10995,28025,6,0.365721,0.392362,3860.157256,0.017359,0.016252,116,0.000589,0,31,0.49238,0.119125
39167,Washington County,,OH,3696,68490,72186,8,9,17,1485,1794,3279,7,0.3048,0.320788,7400.524134,0.00079,0.000779,116,0.000277,0,31,0.319444,0.006037
39169,Wayne County,,OH,6683,136196,142879,10,14,24,4090,3962,8052,6,0.333793,0.353239,440.588673,0.002378,0.003056,116,0.000154,0,31,0.604396,0.013477
39171,Williams County,,OH,2405,47249,49654,8,10,18,1155,1249,2404,7,0.30496,0.321443,145.720374,0.00042,0.001,115,0.000155,0,31,0.355556,0.002526
39173,Wood County,,OH,10635,134901,145536,23,26,49,7485,7023,14508,6,0.351928,0.375442,4090.822589,0.006769,0.008427,115,0.000284,0,31,0.445813,0.043391
39175,Wyandot County,,OH,1677,27800,29477,5,6,11,982,1048,2030,7,0.304161,0.319576,3.5671,0.000073,0.000776,116,0.000121,0,31,0.666667,0.000804
40001,Adair County,,OK,1175,21423,22598,6,5,11,688,715,1403,7,0.29201,0.304908,1.829781,0.000634,0.00072,5,0.000176,0,31,0.8,0.006092
40003,Alfalfa County,,OK,463,5172,5635,2,2,4,130,154,284,7,0.257521,0.266732,0,0.000063,0.000037,145,0.000097,0,31,1,0.000474
40005,Atoka County,,OK,838,13492,14330,5,3,8,383,266,649,8,0.243436,0.251666,50.481404,0.000033,0.000037,145,0.000177,0,31,0.2,0.000779
40007,Beaver County,,OK,522,5643,6165,1,2,3,99,136,235,7,0.245392,0.253058,0,0.000021,0.000001,49,0.000066,0,31,1,0.000103
40009,Beckham County,,OK,1384,18899,20283,5,6,11,585,534,1119,7,0.29322,0.30674,6336.313274,0.000492,0.00055,145,0.000208,0,31,0.5,0.003674
40011,Blaine County,,OK,801,10524,11325,3,6,9,196,369,565,7,0.293309,0.306912,196.109982,0.000489,0.000457,145,0.000116,0,31,0.566667,0.003492
40013,Bryan County,,OK,2572,32683,35255,16,13,29,1576,1402,2978,7,0.321231,0.339591,10843.588251,0.003582,0.003157,145,0.000404,0,31,0.3875,0.028388
40015,Caddo County,,OK,2016,28442,30458,7,7,14,945,1143,2088,7,0.296153,0.310134,7.927822,0.000847,0.000731,145,0.00019,0,31,0.714286,0.006243
40017,Canadian County,,OK,8329,102503,110832,25,20,45,8381,5725,14106,6,0.340411,0.361842,3717.292992,0.005032,0.004578,145,0.000508,0,31,0.347578,0.038802
40019,Carter County,,OK,2947,47720,50667,17,17,34,1508,1630,3138,7,0.321231,0.340108,8606.390314,0.00336,0.003864,145,0.000378,0,31,0.397661,0.025786
40021,Cherokee County,,OK,3047,38604,41651,12,13,25,1741,1773,3514,7,0.297794,0.313057,54.0198,0.001037,0.001286,145,0.000277,0,31,0.56044,0.008737
40023,Choctaw County,,OK,937,14157,15094,4,5,9,313,444,757,7,0.293695,0.30736,231.476133,0.000055,0.000421,145,0.000161,0,31,0.45,0.000884
40025,Cimarron County,,OK,273,2955,3228,0,0,0,0,0,0,0,0,0,0,0,0,117,0.00005,106,192,0,0
40027,Cleveland County,,OK,21439,223934,245373,56,50,106,18168,15442,33610,6,0.369305,0.397789,18513.619217,0.016912,0.019868,145,0.000954,0,31,0.339904,0.128936
40029,Coal County,,OK,412,5100,5512,0,2,2,0,145,145,8,0.229015,0.235905,0,0,0.000009,145,0.00005,0,193,0,0
40031,Comanche County,,OK,15584,109921,125505,50,62,112,5850,7632,13482,6,0.375615,0.40599,14706.14393,0.0206,0.023214,145,0.000687,0,31,0.444952,0.148873
40033,Cotton County,,OK,480,6183,6663,2,3,5,227,238,465,7,0.280224,0.292946,3.1555,0.000366,0.000325,145,0.000071,0,31,0.833333,0.002557
40035,Craig County,,OK,1035,13842,14877,5,5,10,662,609,1271,7,0.290752,0.303357,1.481566,0.000437,0.000376,145,0.000142,0,31,0.8,0.003393
40037,Creek County,,OK,6284,69225,75509,12,13,25,4443,4522,8965,7,0.296576,0.311541,29.770165,0.001023,0.000949,145,0.000257,0,31,0.593407,0.007499
40039,Custer County,,OK,2140,24285,26425,11,8,19,1020,1059,2079,7,0.296485,0.310795,5499.53533,0.001849,0.000881,145,0.000297,0,31,0.418182,0.01425
40041,Delaware County,,OK,2873,33061,35934,12,13,25,1630,1757,3387,7,0.298038,0.313448,158.731858,0.001141,0.001184,5,0.000314,0,31,0.512821,0.010035
40043,Dewey County,,OK,405,5066,5471,1,1,2,50,60,110,8,0.228738,0.235096,1.6,0.000004,0.000015,145,0.000079,0,31,0,0.000117
40045,Ellis County,,OK,302,4030,4332,1,1,2,89,113,202,8,0.226825,0.232925,0,0.000004,0.000004,145,0.000079,0,31,0,0.000117
40047,Garfield County,,OK,5297,61162,66459,19,23,42,1659,2246,3905,6,0.346632,0.370032,21024.415625,0.004586,0.007397,145,0.000466,0,31,0.365079,0.03428
40049,Garvin County,,OK,1928,27103,29031,8,9,17,1005,1144,2149,7,0.293339,0.307314,7.28095,0.000683,0.000598,145,0.000199,0,31,0.694444,0.005083
40051,Grady County,,OK,3315,46752,50067,9,9,18,2815,2058,4873,7,0.299052,0.313793,32.349228,0.001265,0.001056,145,0.000204,0,31,0.694444,0.008931
40053,Grant County,,OK,437,4907,5344,2,2,4,150,172,322,7,0.259015,0.268547,0,0.000076,0.000048,145,0.000085,0,31,1,0.000549
40055,Greer County,,OK,396,4814,5210,1,1,2,105,63,168,7,0.255593,0.264311,0,0.00005,0.000027,145,0.000066,0,31,0,0.000303
40057,Harmon County,,OK,177,2951,3128,1,1,2,41,50,91,7,0.255593,0.264311,0,0.00005,0.000027,145,0.000066,0,31,0,0.000303
40059,Harper County,,OK,270,3648,3918,0,1,1,0,55,55,8,0.226868,0.233017,0,0,0.000004,145,0.00005,0,194,0,0
40061,Haskell County,,OK,734,11920,12654,3,5,8,240,357,597,7,0.291015,0.303845,2.400803,0.000028,0.000419,5,0.000116,0,31,0.7,0.000488
40063,Hughes County,,OK,954,11880,12834,5,7,12,391,523,914,7,0.293279,0.30697,7.211544,0.000472,0.000412,145,0.000149,0,31,0.642857,0.003513
40065,Jackson County,,OK,4097,28083,32180,14,18,32,856,1352,2208,6,0.34331,0.365644,12553.579771,0.003402,0.006251,145,0.000332,0,31,0.442857,0.025752
40067,Jefferson County,,OK,477,5782,6259,2,3,5,157,193,350,7,0.271316,0.283505,1.841472,0.000054,0.000187,145,0.000083,0,31,0.5,0.000459
40069,Johnston County,,OK,930,9474,10404,4,5,9,307,444,751,8,0.243579,0.252298,5.681775,0.000067,0.000076,145,0.000149,0,31,0.55,0.000988
40071,Kay County,,OK,3550,49288,52838,10,12,22,1153,1668,2821,7,0.325154,0.344467,1273.754179,0.001345,0.002126,145,0.00024,0,31,0.492424,0.008748
40073,Kingfisher County,,OK,928,15852,16780,6,4,10,490,417,907,7,0.29325,0.306568,0.671471,0.000711,0.000572,145,0.000152,0,31,0.8,0.00509
40075,Kiowa County,,OK,791,9635,10426,5,4,9,332,286,618,7,0.296122,0.309732,7.643201,0.00069,0.000558,145,0.000135,0,31,0.55,0.004682
40077,Latimer County,,OK,892,11338,12230,3,3,6,355,379,734,8,0.22919,0.236325,11.851967,0.000014,0.000016,145,0.000129,0,31,0.5,0.000415
40079,Le Flore County,,OK,2865,43969,46834,8,8,16,1347,1473,2820,7,0.296667,0.311139,3759.851697,0.000916,0.000777,5,0.000237,0,31,0.464286,0.006752
40081,Lincoln County,,OK,2672,32126,34798,9,9,18,1645,1733,3378,7,0.296425,0.310795,10.316033,0.001145,0.000929,145,0.000202,0,31,0.722222,0.00804
40083,Logan County,,OK,3005,34741,37746,6,7,13,1959,1793,3752,7,0.296516,0.310737,4.671619,0.001167,0.000935,145,0.000143,0,31,0.880952,0.007751
40085,Love County,,OK,696,8984,9680,2,2,4,333,271,604,8,0.246308,0.254951,0.588462,0.000063,0.000049,145,0.000087,0,31,0.5,0.000575
40087,McClain County,,OK,2907,31083,33990,7,6,13,2550,1972,4522,7,0.293161,0.306625,1.454762,0.000679,0.000566,145,0.000176,0,31,0.833333,0.005141
40089,McCurtain County,,OK,1667,31214,32881,8,5,13,526,404,930,7,0.293636,0.307217,5114.984077,0.001303,0.000388,145,0.00023,0,31,0.267857,0.00958
40091,McIntosh County,,OK,1360,17257,18617,5,5,10,641,661,1302,7,0.296364,0.31022,1.605159,0.000872,0.000715,145,0.000138,0,31,0.85,0.00598
40093,Major County,,OK,583,8223,8806,2,1,3,192,160,352,7,0.257429,0.266445,0,0.000063,0.000037,145,0.000084,0,31,0.5,0.000496
40095,Marshall County,,OK,967,12919,13886,6,4,10,636,353,989,7,0.29325,0.306568,548.12422,0.001391,0.000415,145,0.000159,0,31,0.766667,0.010069
40097,Mayes County,,OK,2731,39483,42214,9,11,20,1688,1693,3381,7,0.297001,0.311972,42.507941,0.00091,0.000979,145,0.000212,0,31,0.613636,0.006821
40099,Murray County,,OK,962,11919,12881,5,5,10,546,440,986,7,0.29322,0.306625,0,0.000648,0.000536,145,0.000137,0,31,1,0.004635
40101,Muskogee County,,OK,4523,69453,73976,12,14,26,2369,2725,5094,7,0.317436,0.335042,1195.323406,0.001072,0.001827,145,0.000269,0,31,0.475,0.008088
40103,Noble County,,OK,1004,11966,12970,4,3,7,434,460,894,7,0.293161,0.306252,0,0.000589,0.000396,145,0.000109,0,31,1,0.003704
40105,Nowata County,,OK,696,10743,11439,4,4,8,431,404,835,7,0.291015,0.303576,2.133034,0.000451,0.000379,145,0.000112,0,31,0.833333,0.003294
40107,Okfuskee County,,OK,856,10499,11355,6,6,12,402,468,870,7,0.296304,0.31022,3.902007,0.000485,0.000732,145,0.000159,0,31,0.761905,0.003676
40109,Oklahoma County,,OK,49641,686733,736374,146,158,304,35392,39099,74491,6,0.414335,0.454491,167798.834099,0.044741,0.055461,145,0.002367,0,31,0.251596,0.336451
40111,Okmulgee County,,OK,3101,37849,40950,12,10,22,1826,1894,3720,7,0.296455,0.310967,32.99927,0.001003,0.000756,145,0.000253,0,31,0.538462,0.007412
40113,Osage County,,OK,3521,40769,44290,9,9,18,2661,2464,5125,7,0.317124,0.333951,71.7915,0.000996,0.00161,145,0.000197,0,31,0.655556,0.007004
40115,Ottawa County,,OK,2446,33160,35606,7,7,14,1234,1146,2380,7,0.296698,0.311013,310.004314,0.000469,0.000771,49,0.000197,0,31,0.589286,0.003929
40117,Pawnee County,,OK,1524,16265,17789,5,4,9,960,949,1909,7,0.290694,0.303128,0,0.000502,0.000374,145,0.000127,0,31,1,0.003553
40119,Payne County,,OK,6819,60016,66835,19,28,47,2821,3646,6467,6,0.355637,0.380422,2214.134048,0.00331,0.008434,145,0.000372,0,31,0.407635,0.024388
40121,Pittsburg County,,OK,2532,42585,45117,11,11,22,1072,1021,2093,7,0.296637,0.311426,5624.810049,0.001039,0.000862,145,0.000312,0,31,0.333333,0.00766
40123,Pontotoc County,,OK,2394,34325,36719,13,13,26,1297,1203,2500,7,0.296728,0.311828,3489.028661,0.001115,0.000967,145,0.000301,0,31,0.395238,0.008499
40125,Pottawatomie County,,OK,5139,66040,71179,12,13,25,3294,3265,6559,6,0.331657,0.350959,448.852083,0.001963,0.002077,145,0.000261,0,31,0.509524,0.014173
40127,Pushmataha County,,OK,726,10122,10848,4,6,10,218,361,579,8,0.243599,0.252384,56.236191,0.000007,0.000048,145,0.000203,0,31,0.4,0.000472
40129,Roger Mills County,,OK,244,3765,4009,1,1,2,69,100,169,8,0.226754,0.23281,0,0.000004,0.000004,145,0.00008,0,31,0,0.000124
40131,Rogers County,,OK,6163,82950,89113,15,15,30,5069,4089,9158,7,0.316674,0.334422,1348.267438,0.002991,0.001792,145,0.0003,0,31,0.44152,0.023204
40133,Seminole County,,OK,1932,22630,24562,8,8,16,1063,1220,2283,7,0.296425,0.31068,17.91108,0.001044,0.000868,145,0.000189,0,31,0.732143,0.007442
40135,Sequoyah County,,OK,2419,38790,41209,7,9,16,1325,1303,2628,7,0.293043,0.306792,31.175922,0.000931,0.000733,5,0.000198,0,31,0.577778,0.006744
40137,Stephens County,,OK,2784,43803,46587,8,12,20,1062,1337,2399,7,0.322911,0.341297,832.926561,0.000839,0.002909,145,0.000189,0,31,0.564103,0.006123
40139,Texas County,,OK,2045,19927,21972,3,6,9,273,463,736,7,0.294919,0.309164,1897.540431,0.000114,0.000556,49,0.000115,0,31,0.380952,0.000973
40141,Tillman County,,OK,719,7955,8674,2,3,5,130,178,308,7,0.280305,0.293089,0,0.000236,0.000345,145,0.000076,0,31,1,0.001594
40143,Tulsa County,,OK,42050,593669,635719,128,131,259,28654,31901,60555,6,0.40954,0.446623,101954.96246,0.041343,0.049781,145,0.002043,0,31,0.281847,0.310548
40145,Wagoner County,,OK,6365,62130,68495,13,12,25,5994,4646,10640,7,0.322983,0.341882,329.748598,0.00236,0.001908,145,0.000247,0,31,0.5375,0.016396
40147,Washington County,,OK,3521,53493,57014,10,13,23,1515,1911,3426,6,0.339733,0.360722,556.757165,0.002155,0.003399,145,0.000207,0,31,0.525641,0.016473
40149,Washita County,,OK,970,11214,12184,2,4,6,340,483,823,7,0.293131,0.306338,1.666667,0.000011,0.000383,145,0.000111,0,31,0.666667,0.000337
40151,Woods County,,OK,621,8364,8985,3,4,7,160,193,353,7,0.293279,0.306625,113.20455,0.000063,0.0004,145,0.000138,0,31,0.583333,0.000589
40153,Woodward County,,OK,1326,19749,21075,4,6,10,337,453,790,7,0.293339,0.30697,11885.834758,0.000448,0.000437,145,0.000203,0,31,0.190476,0.003121
41001,Baker County,,OR,1257,15930,17187,4,5,9,211,395,606,7,0.285996,0.300405,16.003526,0.000262,0.000943,167,0.000129,0,31,0.566667,0.003039
41003,Benton County,,OR,8164,77144,85308,26,24,50,4806,5645,10451,6,0.341693,0.363347,58.53051,0.00966,0.0085,167,0.000384,0,31,0.757471,0.072761
41005,Clackamas County,,OR,31792,377501,409293,63,70,133,29821,27019,56840,6,0.360721,0.391741,4986.306741,0.023306,0.025051,167,0.000792,0,31,0.483544,0.171946
41007,Clatsop County,,OR,2820,34473,37293,13,14,27,1409,1317,2726,6,0.338505,0.358477,164.402261,0.004556,0.004957,167,0.000214,0,31,0.790476,0.034919
41009,Columbia County,,OR,3391,49498,52889,9,10,19,2909,2111,5020,7,0.288125,0.302817,0.642443,0.002228,0.002001,167,0.000165,0,31,0.936364,0.01848
41011,Coos County,,OR,4033,61153,65186,29,19,48,2794,2143,4937,6,0.330373,0.350109,56.57417,0.011047,0.0042,167,0.000393,0,31,0.758065,0.080837
41013,Crook County,,OR,1656,19747,21403,8,4,12,1195,751,1946,7,0.264878,0.276558,8.346842,0.001386,0.000567,167,0.000172,0,31,0.767857,0.012522
41015,Curry County,,OR,1957,22865,24822,12,8,20,932,849,1781,7,0.283814,0.297798,4.721584,0.003831,0.001402,167,0.000206,0,31,0.820513,0.030065
41017,Deschutes County,,OR,10280,140192,150472,73,43,116,13082,6750,19832,6,0.3456,0.370842,13016.961701,0.020611,0.014254,167,0.000995,0,31,0.459474,0.153861
41019,Douglas County,,OR,6264,106514,112778,40,22,62,4860,3775,8635,6,0.341653,0.36306,393.970281,0.014405,0.007264,167,0.000499,0,31,0.689315,0.104376
41021,Gilliam County,,OR,190,1958,2148,0,0,0,0,0,0,0,0,0,0,0,0,118,0.00005,107,195,0,0
41023,Grant County,,OR,645,7332,7977,1,3,4,40,184,224,7,0.257087,0.267056,0,0.000114,0.000215,167,0.00007,0,31,0.666667,0.001362
41025,Harney County,,OR,687,7239,7926,0,1,1,0,77,77,7,0.256903,0.266362,0,0,0.000165,167,0.00005,0,196,0,0
41027,Hood River County,,OR,1574,22990,24564,5,7,12,625,834,1459,7,0.287811,0.301927,2.308624,0.000937,0.001287,167,0.000118,0,31,0.785714,0.008155
41029,Jackson County,,OR,10972,201551,212523,61,51,112,9206,7311,16517,6,0.346963,0.373289,622.660869,0.021551,0.018875,167,0.00069,0,31,0.604859,0.155073
41031,Jefferson County,,OR,1760,19725,21485,8,7,15,966,966,1932,7,0.287099,0.301163,33.544917,0.002355,0.001598,167,0.000179,0,31,0.888889,0.019303
41033,Josephine County,,OR,4820,78726,83546,36,19,55,4043,2888,6931,6,0.341372,0.362399,218.201369,0.014288,0.007551,167,0.000429,0,31,0.719298,0.101908
41035,Klamath County,,OR,4347,64108,68455,30,21,51,2728,2323,5051,6,0.332455,0.353073,4215.036536,0.009755,0.005731,167,0.000413,0,31,0.666331,0.07288
41037,Lake County,,OR,670,7258,7928,1,2,3,43,133,176,7,0.257019,0.266741,0,0.000046,0.000244,167,0.000067,0,31,1,0.000682
41039,Lane County,,OR,19221,338034,357255,84,72,156,15229,13606,28835,6,0.358803,0.389542,5370.780509,0.02837,0.02409,167,0.001054,0,31,0.462599,0.208314
41041,Lincoln County,,OR,3806,42750,46556,25,15,40,2548,2076,4624,6,0.330637,0.349954,54.39329,0.00894,0.004191,167,0.000369,0,31,0.82,0.068371
41043,Linn County,,OR,7769,110109,117878,27,20,47,6384,5364,11748,6,0.331733,0.351935,70.980569,0.009896,0.005059,167,0.000399,0,31,0.777778,0.076164
41045,Malheur County,,OR,2194,27555,29749,5,6,11,743,1090,1833,7,0.268903,0.281284,12.516702,0.000487,0.000484,167,0.000176,0,31,0.547619,0.005219
41047,Marion County,,OR,19909,300673,320582,63,54,117,16014,15854,31868,6,0.347503,0.374351,2673.507107,0.01931,0.018614,167,0.000857,0,31,0.488613,0.146301
41049,Morrow County,,OR,1098,11248,12346,1,2,3,399,564,963,7,0.260222,0.270493,0,0.000042,0.000152,167,0.000064,0,31,1,0.000421
41051,Multnomah County,,OR,60921,682818,743739,156,136,292,47786,53062,100848,6,0.395583,0.434792,40095.10111,0.060843,0.051011,167,0.001868,0,31,0.335088,0.42906
41053,Polk County,,OR,6117,65503,71620,21,16,37,6098,4533,10631,6,0.341051,0.361595,39.092283,0.007511,0.006488,167,0.000329,0,31,0.880952,0.058989
41055,Sherman County,,OR,148,1760,1908,0,0,0,0,0,0,0,0,0,0,0,0,119,0.00005,108,197,0,0
41057,Tillamook County,,OR,1818,25162,26980,10,10,20,960,874,1834,7,0.288097,0.30276,0.408333,0.002389,0.001999,167,0.000184,0,31,0.954545,0.020239
41059,Umatilla County,,OR,5267,73353,78620,24,25,49,2742,3080,5822,6,0.332075,0.35317,4728.566389,0.004848,0.005193,167,0.000409,0,31,0.497984,0.038773
41061,Union County,,OR,1984,26129,28113,8,9,17,651,744,1395,7,0.291834,0.30778,2925.750113,0.001168,0.001869,167,0.000203,0,31,0.681818,0.011077
41063,Wallowa County,,OR,535,7482,8017,0,1,1,0,91,91,8,0.225967,0.233033,0,0,0.000009,167,0.00005,0,198,0,0
41065,Wasco County,,OR,1780,23651,25431,7,9,16,870,841,1711,7,0.288097,0.302645,5.383834,0.001241,0.001639,167,0.00015,0,31,0.788889,0.011272
41067,Washington County,,OR,40971,514959,555930,119,97,216,40090,33922,74012,6,0.377865,0.412997,14794.46089,0.045428,0.037929,167,0.001488,0,31,0.385438,0.329213
41069,Wheeler County,,OR,102,1288,1390,0,0,0,0,0,0,0,0,0,0,0,0,120,0.00005,109,199,0,0
41071,Yamhill County,,OR,6486,89474,95960,25,18,43,5148,4462,9610,6,0.336191,0.35684,202.237242,0.010974,0.005359,167,0.000352,0,31,0.792308,0.081511
42001,Adams County,,PA,5593,115684,121277,15,10,25,4980,3421,8401,7,0.284398,0.300139,8.604708,0.005286,0.002036,121,0.000188,0,31,0.775,0.034421
42003,Allegheny County,,PA,57175,1436980,1494155,180,228,408,32138,47765,79903,6,0.424083,0.471336,166196.877777,0.077452,0.092248,121,0.001895,0,31,0.299883,0.512122
42005,Armstrong County,,PA,3658,80899,84557,6,6,12,1938,2505,4443,7,0.298008,0.31308,2.003968,0.001042,0.000774,121,0.000116,0,31,0.766667,0.005621
42007,Beaver County,,PA,8088,208825,216913,11,20,31,4357,4489,8846,6,0.348714,0.37106,450.959425,0.00206,0.009908,121,0.000156,0,31,0.55,0.011995
42009,Bedford County,,PA,2044,59339,61383,8,10,18,931,1154,2085,7,0.298867,0.314907,565.279614,0.000852,0.001163,121,0.000166,0,31,0.455556,0.005643
42011,Berks County,,PA,17030,468173,485203,51,59,110,15151,11302,26453,6,0.367807,0.397473,1202.222855,0.025226,0.032262,121,0.00042,0,31,0.654775,0.148503
42013,Blair County,,PA,4737,147813,152550,13,12,25,2059,2134,4193,7,0.299052,0.31555,153.8208,0.001878,0.001697,121,0.000193,0,31,0.590476,0.011624
42015,Bradford County,,PA,2931,72472,75403,11,10,21,1401,1310,2711,7,0.267195,0.280279,764.485114,0.001363,0.000443,99,0.000215,0,31,0.339744,0.00805
42017,Bucks County,,PA,38052,757444,795496,91,124,215,32579,31294,63873,6,0.381441,0.419711,7778.738414,0.048649,0.06153,121,0.000749,0,31,0.5,0.302217
42019,Butler County,,PA,9997,216148,226145,21,26,47,6962,5711,12673,6,0.343676,0.367011,1914.403614,0.007217,0.010052,121,0.000254,0,31,0.456989,0.04464
42021,Cambria County,,PA,5590,168517,174107,11,17,28,2414,2964,5378,7,0.315503,0.335071,110.05732,0.001828,0.003712,121,0.000168,0,31,0.544118,0.011064
42023,Cameron County,,PA,308,6590,6898,0,1,1,0,78,78,8,0.229795,0.23655,0,0,0,121,0.00005,0,200,0,0
42025,Carbon County,,PA,3420,71451,74871,15,9,24,3490,2169,5659,7,0.291981,0.307716,0.806389,0.0063,0.002547,121,0.000136,0,31,0.852381,0.032062
42027,Centre County,,PA,9025,132817,141842,35,41,76,3764,4322,8086,6,0.356117,0.382277,9640.335701,0.013194,0.017507,121,0.00039,0,31,0.503989,0.084034
42029,Chester County,,PA,29875,550463,580338,106,101,207,28433,23022,51455,6,0.38129,0.416718,4657.360675,0.054915,0.053493,121,0.000881,0,31,0.53331,0.341604
42031,Clarion County,,PA,1889,44478,46367,9,8,17,1286,956,2242,7,0.298069,0.313425,1461.229817,0.00104,0.000788,121,0.000179,0,31,0.511111,0.006041
42033,Clearfield County,,PA,3494,92540,96034,10,9,19,1785,1723,3508,7,0.298468,0.314258,1287.810863,0.001449,0.001084,121,0.000172,0,31,0.518182,0.009254
42035,Clinton County,,PA,1916,41210,43126,4,4,8,1005,970,1975,7,0.263029,0.273496,0.369053,0.000461,0.000166,121,0.000094,0,31,0.8,0.003101
42037,Columbia County,,PA,3108,70645,73753,11,9,20,1769,1650,3419,7,0.274733,0.288514,147.964027,0.002623,0.001014,121,0.000158,0,31,0.697802,0.01514
42039,Crawford County,,PA,4291,99819,104110,9,9,18,2011,2149,4160,7,0.29813,0.313655,21.646458,0.001982,0.000887,121,0.000144,0,31,0.611111,0.010279
42041,Cumberland County,,PA,15474,265195,280669,56,45,101,11808,10114,21922,6,0.353558,0.379761,8005.88417,0.022398,0.0196,121,0.000601,0,31,0.457104,0.146893
42043,Dauphin County,,PA,17006,310422,327428,59,56,115,11599,12034,23633,6,0.366368,0.395744,15531.232694,0.025475,0.025204,121,0.000594,0,31,0.502854,0.159128
42045,Delaware County,,PA,33598,634667,668265,72,87,159,26227,28073,54300,6,0.379446,0.413387,1314.234647,0.039982,0.048191,121,0.0006,0,31,0.659703,0.245246
42047,Elk County,,PA,1385,42448,43833,4,6,10,336,557,893,7,0.298253,0.313511,2908.270797,0.000021,0.000821,121,0.000149,0,31,0.452381,0.000533
42049,Erie County,,PA,10751,316215,326966,28,46,74,3801,5026,8827,6,0.364115,0.391305,6367.817348,0.00854,0.022551,121,0.000358,0,31,0.446078,0.053595
42051,Fayette County,,PA,4867,154842,159709,6,7,13,2411,2599,5010,7,0.298529,0.313913,358.533788,0.001034,0.00075,121,0.000145,0,31,0.52381,0.005498
42053,Forest County,,PA,363,5560,5923,2,2,4,94,109,203,8,0.229716,0.236701,0,0.000746,0.000017,121,0.000077,0,31,1,0.004312
42055,Franklin County,,PA,5830,172019,177849,23,16,39,4992,2746,7738,7,0.309217,0.327794,2763.991854,0.006956,0.003106,121,0.000308,0,31,0.533333,0.045737
42057,Fulton County,,PA,693,17578,18271,4,4,8,420,410,830,8,0.240212,0.249516,4.038091,0.000098,0.000123,121,0.000106,0,31,0.666667,0.001216
42059,Greene County,,PA,1665,40073,41738,4,4,8,839,821,1660,7,0.298283,0.313224,0,0.000827,0.000674,121,0.000117,0,31,1,0.00481
42061,Huntingdon County,,PA,1947,48889,50836,6,11,17,873,1152,2025,7,0.298898,0.315177,428.003361,0.000193,0.00171,121,0.000143,0,31,0.672727,0.001825
42063,Indiana County,,PA,4200,93989,98189,8,10,18,1831,2019,3850,7,0.298468,0.314373,23.693457,0.001739,0.001186,121,0.000135,0,31,0.536364,0.009885
42065,Jefferson County,,PA,2481,53938,56419,6,8,14,1356,1427,2783,7,0.298069,0.313425,802.027083,0.000777,0.000799,121,0.000142,0,31,0.571429,0.004897
42067,Juniata County,,PA,1042,28865,29907,5,5,10,598,549,1147,7,0.269302,0.280704,0.747631,0.000377,0.000402,121,0.000126,0,31,0.95,0.003066
42069,Lackawanna County,,PA,8098,236130,244228,33,33,66,5167,4645,9812,6,0.341774,0.365822,3232.212929,0.013305,0.014856,121,0.000295,0,31,0.625347,0.069751
42071,Lancaster County,,PA,19670,611760,631430,83,75,158,14672,12749,27421,6,0.364161,0.395492,17687.750345,0.034307,0.033439,121,0.000767,0,31,0.445879,0.209288
42073,Lawrence County,,PA,3682,105802,109484,8,9,17,1916,2022,3938,6,0.331733,0.350023,21.940567,0.001398,0.002,121,0.000109,0,31,0.654545,0.006694
42075,Lebanon County,,PA,5993,155117,161110,20,15,35,4706,3716,8422,7,0.312749,0.330804,136.576902,0.007697,0.005657,121,0.000219,0,31,0.714286,0.044695
42077,Lehigh County,,PA,21721,385572,407293,68,75,143,20247,16419,36666,6,0.368602,0.400362,2982.909321,0.034238,0.038663,121,0.00055,0,31,0.613126,0.205385
42079,Luzerne County,,PA,11040,360390,371430,50,54,104,8040,6796,14836,6,0.352356,0.379744,12777.445308,0.019541,0.024164,121,0.000462,0,31,0.560832,0.108849
42081,Lycoming County,,PA,4831,134991,139822,19,21,40,2172,2519,4691,7,0.301225,0.319788,8812.590977,0.003841,0.004221,121,0.00033,0,31,0.48913,0.025365
42083,McKean County,,PA,2023,49647,51670,7,6,13,644,594,1238,7,0.298192,0.313425,3320.463447,0.000949,0.00071,99,0.000169,0,31,0.285714,0.005339
42085,Mercer County,,PA,5127,136280,141407,11,13,24,2655,2649,5304,7,0.303208,0.319852,21.631959,0.001614,0.001558,121,0.000147,0,31,0.565934,0.007551
42087,Mifflin County,,PA,1596,54317,55913,9,8,17,847,768,1615,7,0.27157,0.28388,25.934606,0.000812,0.000521,121,0.000171,0,31,0.652778,0.005888
42089,Monroe County,,PA,11713,170172,181885,42,53,95,13490,7978,21468,6,0.345353,0.372048,308.54194,0.018655,0.024925,121,0.000289,0,31,0.661299,0.095036
42091,Montgomery County,,PA,54534,926642,981176,127,154,281,44840,47210,92050,6,0.397589,0.439232,15766.762877,0.065607,0.074135,121,0.001084,0,31,0.456415,0.414327
42093,Montour County,,PA,1486,20714,22200,5,5,10,824,800,1624,7,0.260877,0.271704,35.678455,0.000255,0.000238,121,0.000138,0,31,0.85,0.001889
42095,Northampton County,,PA,18174,332025,350199,50,59,109,18365,13461,31826,6,0.357477,0.385992,630.217095,0.022339,0.029144,121,0.000373,0,31,0.648977,0.122457
42097,Northumberland County,,PA,4716,106830,111546,15,16,31,2946,3017,5963,7,0.293339,0.309948,1153.78464,0.00297,0.002299,121,0.000251,0,31,0.570175,0.018346
42099,Perry County,,PA,2720,55654,58374,9,8,17,2066,1864,3930,7,0.274058,0.287182,13.926681,0.000933,0.000973,121,0.000173,0,31,0.694444,0.007101
42101,Philadelphia County,,PA,80866,1427139,1508005,165,177,342,53931,73030,126961,6,0.409309,0.452975,23689.602493,0.078198,0.083373,121,0.001534,0,31,0.411552,0.506154
42103,Pike County,,PA,4287,56004,60291,33,18,51,5668,2303,7971,7,0.310973,0.330344,27.443445,0.014534,0.007586,98,0.000216,0,31,0.763492,0.069444
42105,Potter County,,PA,1191,20701,21892,3,3,6,347,355,702,8,0.231826,0.239837,8.245542,0.000016,0.000027,99,0.000111,0,31,0.166667,0.000439
42107,Schuylkill County,,PA,5070,169311,174381,18,16,34,3761,3058,6819,7,0.294231,0.311254,21.047703,0.005102,0.003851,121,0.000203,0,31,0.77451,0.030043
42109,Snyder County,,PA,2012,42540,44552,7,8,15,1152,1155,2307,7,0.273412,0.286303,182.158239,0.000504,0.000705,121,0.000178,0,31,0.678571,0.003945
42111,Somerset County,,PA,3034,89923,92957,7,8,15,1331,1393,2724,7,0.298929,0.314792,316.096217,0.001253,0.001033,121,0.00014,0,31,0.410714,0.00713
42113,Sullivan County,,PA,480,7068,7548,2,2,4,117,240,357,8,0.23203,0.240273,0,0.000037,0.000042,99,0.000082,0,31,1,0.000476
42115,Susquehanna County,,PA,2320,49663,51983,7,7,14,1427,1270,2697,7,0.266998,0.279475,52.031104,0.001047,0.000448,121,0.000129,0,31,0.482143,0.005453
42117,Tioga County,,PA,2149,46512,48661,7,6,13,806,870,1676,7,0.268058,0.280577,1078.053968,0.000931,0.00035,99,0.000153,0,31,0.333333,0.006047
42119,Union County,,PA,2462,41225,43687,9,4,13,1556,1278,2834,8,0.231678,0.240118,17.230999,0.00068,0.000061,121,0.00018,0,31,0.611111,0.00504
42121,Venango County,,PA,2375,64533,66908,8,7,15,1226,1085,2311,7,0.298008,0.313195,1452.992853,0.001043,0.000793,121,0.000157,0,31,0.611111,0.005922
42123,Warren County,,PA,2168,48603,50771,6,5,11,684,822,1506,7,0.2981,0.313138,5.861171,0.001016,0.000737,121,0.000127,0,31,0.666667,0.005377
42125,Washington County,,PA,9121,244082,253203,15,23,38,6829,5435,12264,6,0.340171,0.362331,1903.4742,0.003037,0.006651,121,0.000249,0,31,0.36,0.018083
42127,Wayne County,,PA,3543,56476,60019,17,9,26,2471,1685,4156,7,0.292099,0.30782,54.842476,0.007119,0.002013,121,0.000147,0,31,0.714286,0.033554
42129,Westmoreland County,,PA,15498,446456,461954,24,49,73,10797,10343,21140,6,0.35867,0.386015,3640.583093,0.008337,0.024853,121,0.000295,0,31,0.513333,0.055433
42131,Wyoming County,,PA,1882,33165,35047,4,4,8,1154,1151,2305,7,0.261819,0.272537,0.271429,0.00032,0.000283,121,0.000099,0,31,0.916667,0.001928
42133,York County,,PA,18757,496672,515429,67,62,129,19910,12596,32506,6,0.356248,0.385119,5759.639469,0.029764,0.028487,121,0.000657,0,31,0.494146,0.190873
44001,Bristol County,,RI,3605,55925,59530,6,6,12,1907,2094,4001,7,0.290549,0.305491,0.126812,0.00289,0.001674,45,0.000083,0,31,0.952381,0.015133
44003,Kent County,,RI,13426,200053,213479,17,35,52,9979,9950,19929,6,0.337992,0.361768,116.660312,0.008004,0.019386,45,0.000155,0,31,0.755128,0.044675
44005,Newport County,,RI,9410,94070,103480,29,36,65,3743,4992,8735,6,0.344043,0.368384,286.304702,0.014648,0.017532,45,0.000254,0,31,0.569767,0.088673
44007,Providence County,,RI,36456,673704,710160,74,114,188,21708,29599,51307,6,0.384881,0.422174,3680.705385,0.042115,0.058697,45,0.00062,0,31,0.543113,0.264979
44009,Washington County,,RI,8989,144498,153487,21,24,45,5686,5863,11549,6,0.339256,0.361458,33.437595,0.011099,0.012991,45,0.000175,0,31,0.802956,0.062687
45001,Abbeville County,,SC,1623,26816,28439,5,6,11,828,1191,2019,7,0.286787,0.30046,114.233312,0.00037,0.000874,100,0.00015,0,31,0.733333,0.003879
45003,Aiken County,,SC,8760,160538,169298,27,32,59,4906,5310,10216,6,0.336503,0.36001,8851.060739,0.009253,0.010261,0,0.00046,0,31,0.449359,0.07065
45005,Allendale County,,SC,606,10026,10632,2,2,4,136,234,370,8,0.224301,0.230987,1.70202,0.000016,0.000007,0,0.000092,0,31,0,0.000241
45007,Anderson County,,SC,8836,188758,197594,23,20,43,5989,5474,11463,7,0.311775,0.330784,3323.017299,0.006762,0.004857,100,0.00047,0,31,0.548333,0.056906
45009,Bamberg County,,SC,914,15604,16518,4,5,9,321,503,824,7,0.282488,0.295458,0.838528,0.000133,0.00059,100,0.000115,0,31,0.833333,0.001283
45011,Barnwell County,,SC,1249,24038,25287,5,7,12,542,677,1219,7,0.288527,0.302356,3606.593945,0.000506,0.001165,0,0.00015,0,31,0.595238,0.004041
45013,Beaufort County,,SC,14394,140545,154939,94,67,161,9319,6913,16232,6,0.376345,0.407529,12150.001546,0.04752,0.037003,0,0.001035,0,31,0.528302,0.32075
45015,Berkeley County,,SC,18075,154154,172229,49,45,94,12544,12031,24575,6,0.349765,0.37604,1879.37459,0.022271,0.018779,100,0.000645,0,31,0.513735,0.163724
45017,Calhoun County,,SC,1044,15377,16421,3,3,6,592,706,1298,7,0.282378,0.294999,0,0.000544,0.000574,100,0.000096,0,31,1,0.004464
45019,Charleston County,,SC,30869,325185,356054,142,101,243,21863,22396,44259,6,0.396448,0.431725,25388.89718,0.064305,0.048066,100,0.001735,0,31,0.415626,0.446792
45021,Cherokee County,,SC,2464,56557,59021,8,7,15,1603,1603,3206,7,0.277385,0.290077,114.327026,0.001239,0.000796,100,0.000201,0,31,0.714286,0.012564
45023,Chester County,,SC,2234,37157,39391,4,6,10,1020,1503,2523,7,0.302481,0.317851,132.98551,0.000779,0.001436,100,0.000123,0,31,0.566667,0.007665
45025,Chesterfield County,,SC,2146,46218,48364,9,12,21,1262,1315,2577,7,0.302765,0.319057,53.942233,0.001111,0.002235,100,0.000211,0,31,0.583333,0.012141
45027,Clarendon County,,SC,1812,33118,34930,7,7,14,996,1012,2008,7,0.303747,0.319476,5.548186,0.001177,0.001546,100,0.000141,0,31,0.847222,0.009424
45029,Colleton County,,SC,2265,40709,42974,9,9,18,1186,1266,2452,7,0.289188,0.303665,213.102479,0.001459,0.001783,100,0.000199,0,31,0.680556,0.013259
45031,Darlington County,,SC,3900,73587,77487,9,12,21,1917,2539,4456,7,0.30432,0.32094,242.829611,0.001555,0.00267,100,0.000185,0,31,0.660256,0.013619
45033,Dillon County,,SC,1545,33456,35001,6,6,12,601,790,1391,7,0.284315,0.298054,11.886468,0.000359,0.000915,100,0.000142,0,31,0.571429,0.004183
45035,Dorchester County,,SC,11245,115748,126993,34,18,52,11098,7002,18100,7,0.325227,0.346667,262.035484,0.016143,0.008819,100,0.000424,0,31,0.65587,0.112944
45037,Edgefield County,,SC,1615,24825,26440,4,6,10,1225,1150,2375,7,0.272975,0.28587,9.023021,0.000444,0.000575,0,0.000106,0,31,0.7,0.003318
45039,Fairfield County,,SC,1431,24995,26426,4,6,10,649,943,1592,7,0.282763,0.296118,4.886497,0.000553,0.000749,100,0.000114,0,31,0.633333,0.004591
45041,Florence County,,SC,7552,139791,147343,26,27,53,4537,4785,9322,7,0.317784,0.339749,1359.849486,0.00504,0.007675,100,0.000443,0,31,0.455645,0.041609
45043,Georgetown County,,SC,3749,63527,67276,11,9,20,2009,1853,3862,7,0.303843,0.320108,23.541254,0.003119,0.002987,100,0.000217,0,31,0.809091,0.026285
45045,Greenville County,,SC,25324,430711,456035,116,78,194,19285,17500,36785,6,0.382799,0.415754,24374.081779,0.049868,0.035552,100,0.001503,0,31,0.408766,0.347503
45047,Greenwood County,,SC,3546,71269,74815,13,15,28,2071,2097,4168,7,0.304034,0.32121,574.328325,0.001455,0.003083,100,0.000288,0,31,0.558333,0.013891
45049,Hampton County,,SC,1151,21102,22253,4,5,9,454,523,977,7,0.283814,0.297204,2300.05303,0.000321,0.000796,0,0.000138,0,31,0.4,0.003027
45051,Horry County,,SC,13807,231975,245782,149,62,211,15191,6825,22016,6,0.367249,0.396761,22654.582527,0.05472,0.025958,100,0.001657,0,31,0.320758,0.353065
45053,Jasper County,,SC,1417,15373,16790,3,5,8,683,734,1417,7,0.288957,0.302867,28.595101,0.000646,0.001287,0,0.000099,0,31,0.6,0.00551
45055,Kershaw County,,SC,3588,61587,65175,14,14,28,2682,2024,4706,7,0.304512,0.321515,366.041377,0.00242,0.003075,100,0.000275,0,31,0.631868,0.022809
45057,Lancaster County,,SC,3139,67526,70665,7,9,16,1780,1943,3723,7,0.302702,0.318597,7.66922,0.001261,0.002312,100,0.000178,0,31,0.722222,0.012662
45059,Laurens County,,SC,3758,67967,71725,9,12,21,2601,2714,5315,7,0.30362,0.320205,94.187554,0.000906,0.002568,100,0.000216,0,31,0.681818,0.008378
45061,Lee County,,SC,1087,19308,20395,4,5,9,561,686,1247,7,0.283981,0.297215,0,0.000248,0.000538,100,0.000103,0,31,1,0.001577
45063,Lexington County,,SC,16988,254451,271439,53,41,94,13734,11792,25526,6,0.35287,0.378526,8585.667337,0.019046,0.015621,100,0.000814,0,31,0.401002,0.147023
45065,McCormick County,,SC,583,9646,10229,4,3,7,209,203,412,7,0.25191,0.261353,13.88878,0.000388,0.000089,100,0.000111,0,31,0.5,0.002863
45067,Marion County,,SC,1884,36287,38171,3,6,9,804,1120,1924,7,0.306733,0.323146,18.119961,0.000277,0.002335,100,0.000107,0,31,0.833333,0.003501
45069,Marlboro County,,SC,1569,30552,32121,6,10,16,600,967,1567,7,0.303208,0.319574,39.908807,0.000531,0.002227,100,0.000141,0,31,0.555556,0.004123
45071,Newberry County,,SC,1802,38239,40041,9,7,16,919,1097,2016,7,0.286816,0.300633,59.582845,0.001041,0.000975,100,0.000195,0,31,0.633333,0.009539
45073,Oconee County,,SC,3625,76150,79775,13,6,19,1950,1602,3552,7,0.289997,0.304038,36.591242,0.003372,0.001533,100,0.000283,0,31,0.78022,0.03118
45075,Orangeburg County,,SC,4858,94791,99649,16,17,33,2479,2969,5448,7,0.305281,0.322996,610.726612,0.002968,0.003392,100,0.000311,0,31,0.557143,0.025923
45077,Pickens County,,SC,7676,113117,120793,12,14,26,4751,4783,9534,7,0.315469,0.333733,47.274157,0.00174,0.005149,100,0.00028,0,31,0.770833,0.018053
45079,Richland County,,SC,29501,341450,370951,126,112,238,23173,21899,45072,6,0.393225,0.429956,59781.694362,0.049568,0.048847,100,0.001681,0,31,0.348533,0.349707
45081,Saluda County,,SC,1053,18920,19973,6,6,12,686,785,1471,7,0.282708,0.295946,17.056754,0.000636,0.000648,100,0.000147,0,31,0.766667,0.005317
45083,Spartanburg County,,SC,12661,285566,298227,48,37,85,8782,8046,16828,6,0.350398,0.376551,6680.456656,0.018897,0.012501,100,0.000756,0,31,0.441945,0.145135
45085,Sumter County,,SC,9268,114110,123378,25,40,65,2777,4406,7183,6,0.357389,0.383575,4564.348933,0.008548,0.017473,100,0.000397,0,31,0.455556,0.069521
45087,Union County,,SC,1121,31932,33053,5,6,11,622,658,1280,7,0.286872,0.300633,9.727951,0.000147,0.001131,100,0.000149,0,31,0.607143,0.001926
45089,Williamsburg County,,SC,2036,36089,38125,5,9,14,785,1261,2046,7,0.304512,0.320785,3.629732,0.000698,0.002532,100,0.000137,0,31,0.875,0.006726
45091,York County,,SC,10792,203957,214749,56,29,85,10799,6112,16911,6,0.341935,0.364668,2924.328392,0.020585,0.008174,100,0.000846,0,31,0.38983,0.156623
46003,Aurora County,,SD,210,3400,3610,0,1,1,0,66,66,8,0.212861,0.218222,0,0,0.000001,134,0.00005,0,201,0,0
46005,Beadle County,,SD,1234,18166,19400,3,7,10,196,490,686,7,0.270658,0.282419,1148.798489,0.000093,0.000166,134,0.000161,0,31,0.517857,0.001172
46007,Bennett County,,SD,233,3236,3469,0,1,1,0,41,41,7,0.260873,0.270133,0,0,0.000054,134,0.00005,0,202,0,0
46009,Bon Homme County,,SD,398,7213,7611,2,2,4,125,149,274,7,0.268034,0.278215,0,0.000086,0.000108,134,0.000124,0,31,1,0.001066
46011,Brookings County,,SD,2352,28142,30494,11,9,20,819,918,1737,7,0.270658,0.282648,5255.522025,0.000179,0.000172,134,0.000551,0,31,0.309091,0.002503
46013,Brown County,,SD,2350,41050,43400,10,9,19,788,758,1546,6,0.307448,0.323409,18274.832205,0.000163,0.000793,134,0.000483,0,31,0.219697,0.002296
46015,Brule County,,SD,348,5209,5557,1,1,2,45,51,96,7,0.268027,0.278061,2903,0,0.000107,134,0.000093,0,203,0,0.000086
46017,Buffalo County,,SD,154,1885,2039,0,0,0,0,0,0,0,0,0,0,0,0,122,0.00005,110,204,0,0
46019,Butte County,,SD,927,9698,10625,3,4,7,423,403,826,7,0.261606,0.271667,0,0.000085,0.000061,134,0.000145,0,31,0.916667,0.000771
46021,Campbell County,,SD,93,1915,2008,0,0,0,0,0,0,0,0,0,0,0,0,123,0.00005,111,205,0,0
46023,Charles Mix County,,SD,485,9824,10309,1,1,2,117,73,190,7,0.267984,0.277985,0,0.000085,0.000107,134,0.000088,0,31,0,0.000959
46025,Clark County,,SD,287,4199,4486,1,1,2,43,89,132,8,0.213085,0.218705,0,0.000001,0.000001,134,0.000085,0,31,0,0.000118
46027,Clay County,,SD,1610,11669,13279,5,7,12,432,660,1092,6,0.306765,0.322157,225.441471,0.000221,0.00081,134,0.000205,0,31,0.547619,0.002161
46029,Codington County,,SD,2010,30914,32924,9,10,19,780,891,1671,7,0.270759,0.282964,28048.440383,0.000096,0.000171,134,0.000405,0,31,0.212121,0.00176
46031,Corson County,,SD,308,3638,3946,0,1,1,0,53,53,8,0.190476,0.194187,0,0,0,134,0.00005,0,207,0,0
46033,Custer County,,SD,914,8033,8947,1,2,3,294,313,607,7,0.260854,0.270226,0,0.000072,0.000055,134,0.000084,0,31,1,0.000548
46035,Davison County,,SD,1740,21572,23312,7,5,12,513,492,1005,7,0.270331,0.28154,14624.7446,0.00016,0.000168,134,0.000314,0,31,0.111111,0.001956
46037,Day County,,SD,394,6856,7250,1,3,4,41,152,193,7,0.268281,0.278806,0,0.000001,0.000109,134,0.000085,0,31,1,0.000118
46039,Deuel County,,SD,280,5494,5774,1,0,1,63,0,63,0,0,0,0,0.000001,0,134,0.000085,0,2,0,0.000118
46041,Dewey County,,SD,437,6634,7071,1,1,2,53,63,116,7,0.26083,0.270053,0,0.000072,0.000054,134,0.000084,0,31,0,0.000548
46043,Douglas County,,SD,185,3835,4020,0,1,1,0,40,40,8,0.212861,0.218222,0,0,0.000001,134,0.00005,0,208,0,0
46045,Edmunds County,,SD,279,4517,4796,1,1,2,100,123,223,7,0.23517,0.241956,0,0.000006,0.000001,134,0.000096,0,31,0,0.000124
46047,Fall River County,,SD,628,7492,8120,2,1,3,159,96,255,7,0.26083,0.270053,0,0.000072,0.000054,134,0.000119,0,31,1,0.00064
46049,Faulk County,,SD,172,2593,2765,0,0,0,0,0,0,0,0,0,0,0,0,124,0.00005,112,209,0,0
46051,Grant County,,SD,533,9383,9916,1,3,4,78,171,249,7,0.268306,0.278835,3981.402074,0,0.000108,134,0.000075,0,31,0.333333,0.000089
46053,Gregory County,,SD,287,5301,5588,0,0,0,0,0,0,0,0,0,0,0,0,125,0.00005,113,210,0,0
46055,Haakon County,,SD,181,2504,2685,0,0,0,0,0,0,0,0,0,0,0,0,126,0.00005,114,211,0,0
46057,Hamlin County,,SD,439,6067,6506,2,2,4,177,171,348,8,0.213147,0.21905,0,0.000003,0.000002,134,0.000137,0,31,1,0.000245
46059,Hand County,,SD,194,4141,4335,0,0,0,0,0,0,0,0,0,0,0,0,127,0.00005,115,212,0,0
46061,Hanson County,,SD,129,3355,3484,1,0,1,43,0,43,0,0,0,0,0.000001,0,134,0.000104,0,24,0,0.000115
46063,Harding County,,SD,140,1522,1662,0,0,0,0,0,0,0,0,0,0,0,0,128,0.00005,116,213,0,0
46065,Hughes County,,SD,1478,19538,21016,3,4,7,423,466,889,7,0.270331,0.281425,5856,0.000157,0.000163,134,0.0002,0,31,0.5,0.001596
46067,Hutchinson County,,SD,438,8901,9339,1,2,3,50,161,211,7,0.268058,0.278272,0,0.000001,0.000109,134,0.000104,0,31,1,0.000115
46069,Hyde County,,SD,137,1798,1935,0,0,0,0,0,0,0,0,0,0,0,0,129,0.00005,117,214,0,0
46071,Jackson County,,SD,201,2802,3003,0,0,0,0,0,0,0,0,0,0,0,0,130,0.00005,118,215,0,0
46073,Jerauld County,,SD,154,2647,2801,0,0,0,0,0,0,0,0,0,0,0,0,131,0.00005,119,216,0,0
46075,Jones County,,SD,97,1283,1380,0,0,0,0,0,0,0,0,0,0,0,0,132,0.00005,120,217,0,0
46077,Kingsbury County,,SD,278,6471,6749,2,2,4,94,112,206,7,0.268058,0.278272,0,0.000003,0.000109,134,0.000122,0,31,0.833333,0.000229
46079,Lake County,,SD,815,11903,12718,2,4,6,272,404,676,7,0.268108,0.278617,0,0.000087,0.000116,134,0.00014,0,31,0.833333,0.001086
46081,Lawrence County,,SD,2339,23877,26216,5,5,10,779,1006,1785,7,0.271038,0.282522,180.79731,0.000181,0.000167,134,0.000214,0,31,0.65,0.001868
46083,Lincoln County,,SD,3516,35278,38794,13,6,19,3853,2227,6080,6,0.308494,0.324133,1945.670059,0.000826,0.001024,134,0.000527,0,31,0.230769,0.006781
46085,Lyman County,,SD,289,4130,4419,0,1,1,0,45,45,8,0.211431,0.216392,0,0,0,134,0.00005,0,218,0,0
46087,McCook County,,SD,477,6665,7142,1,1,2,201,174,375,7,0.267984,0.277985,0,0.000085,0.000107,134,0.000088,0,31,0,0.000959
46089,McPherson County,,SD,149,2850,2999,0,1,1,0,53,53,7,0.235213,0.242045,0,0,0.000001,134,0.00005,0,219,0,0
46091,Marshall County,,SD,235,4986,5221,1,0,1,46,0,46,0,0,0,0,0,0,134,0.000075,0,3,0,0.000089
46093,Meade County,,SD,4525,28771,33296,5,7,12,1801,2053,3854,6,0.331847,0.350092,3563.054611,0.000253,0.001425,134,0.000205,0,31,0.388889,0.00211
46095,Mellette County,,SD,127,1824,1951,0,0,0,0,0,0,0,0,0,0,0,0,133,0.00005,121,220,0,0
46097,Miner County,,SD,187,2927,3114,0,1,1,0,40,40,7,0.268027,0.278061,0,0,0.000107,134,0.00005,0,221,0,0
46099,Minnehaha County,,SD,13327,192606,205933,65,46,111,9144,8175,17319,6,0.366044,0.393568,180503.774952,0.013379,0.010651,134,0.002036,0,31,0.158299,0.09944
46101,Moody County,,SD,520,7663,8183,3,2,5,252,190,442,7,0.268058,0.278272,0,0.000088,0.000109,134,0.00017,0,31,1,0.001185
46103,Pennington County,,SD,9058,104134,113192,34,30,64,4422,4137,8559,6,0.352827,0.377286,77606.750352,0.006755,0.008983,134,0.001171,0,31,0.223077,0.052405
46105,Perkins County,,SD,264,3526,3790,0,1,1,0,42,42,7,0.249227,0.256693,0,0,0.000002,134,0.00005,0,222,0,0
46107,Potter County,,SD,242,3116,3358,0,0,0,0,0,0,0,0,0,0,0,0,135,0.00005,122,223,0,0
46109,Roberts County,,SD,712,11387,12099,1,3,4,71,198,269,8,0.213179,0.219251,8866,0.000001,0.000001,134,0.000085,0,31,0.166667,0.000118
46111,Sanborn County,,SD,229,3011,3240,0,1,1,0,47,47,8,0.212861,0.218222,0,0,0.000001,134,0.00005,0,224,0,0
46113,Shannon County,,SD,551,11161,11712,1,1,2,193,163,356,7,0.26083,0.270053,0,0.000072,0.000054,134,0.000084,0,31,0,0.000548
46115,Spink County,,SD,428,7529,7957,1,3,4,87,189,276,7,0.268108,0.278502,0,0.000006,0.000109,134,0.000096,0,31,1,0.000124
46117,Stanley County,,SD,426,3490,3916,1,1,2,165,220,385,8,0.212819,0.218096,0,0.000001,0.000001,134,0.000093,0,31,0,0.000105
46119,Sully County,,SD,118,1857,1975,0,0,0,0,0,0,0,0,0,0,0,0,136,0.00005,123,225,0,0
46121,Todd County,,SD,510,8134,8644,2,2,4,120,94,214,7,0.260877,0.270283,5856,0.000072,0.000054,134,0.000198,0,31,0,0.000637
46123,Tripp County,,SD,368,7067,7435,0,0,0,0,0,0,0,0,0,0,0,0,137,0.00005,124,226,0,0
46125,Turner County,,SD,726,9877,10603,2,2,4,309,380,689,7,0.268009,0.278157,0,0.000094,0.000114,134,0.000163,0,31,1,0.001123
46127,Union County,,SD,1534,15841,17375,6,6,12,946,667,1613,7,0.270356,0.281672,134.436291,0.000177,0.000162,134,0.000244,0,31,0.533333,0.001874
46129,Walworth County,,SD,469,6505,6974,1,1,2,53,46,99,7,0.235213,0.242045,2903,0,0.000001,134,0.000093,0,206,0,0.000086
46135,Yankton County,,SD,1416,24132,25548,5,5,10,445,543,988,7,0.268182,0.278846,256.001269,0.000095,0.000117,134,0.000214,0,31,0.233333,0.001349
46137,Ziebach County,,SD,107,1176,1283,0,0,0,0,0,0,0,0,0,0,0,0,138,0.00005,125,227,0,0
47001,Anderson County,,TN,5069,78243,83312,11,9,20,2960,3062,6022,7,0.29936,0.312969,132.754107,0.000571,0.001142,139,0.000391,0,31,0.442308,0.007022
47003,Bedford County,,TN,2535,43850,46385,10,8,18,1785,1579,3364,7,0.298683,0.311763,2073.104791,0.001899,0.000923,139,0.000324,0,31,0.577778,0.017012
47005,Benton County,,TN,1001,17074,18075,4,3,7,321,329,650,8,0.236937,0.244152,21.861599,0.000644,0.000027,5,0.000142,0,31,0.416667,0.004932
47007,Bledsoe County,,TN,666,11105,11771,4,4,8,329,332,661,7,0.274447,0.285661,6.728765,0.00021,0.000253,139,0.000179,0,31,0.583333,0.002433
47009,Blount County,,TN,6806,125892,132698,25,13,38,4817,3896,8713,7,0.300103,0.314721,2295.1807,0.0092,0.001335,139,0.000602,0,31,0.383191,0.070963
47011,Bradley County,,TN,6050,97592,103642,15,14,29,3082,3152,6234,7,0.307709,0.324794,1059.78877,0.001223,0.002157,139,0.000482,0,31,0.3625,0.013798
47013,Campbell County,,TN,1724,37733,39457,5,5,10,783,989,1772,7,0.284343,0.296721,61.768629,0.000334,0.000371,139,0.000197,0,31,0.35,0.003342
47015,Cannon County,,TN,1088,13882,14970,5,4,9,756,692,1448,7,0.269327,0.280274,30.99248,0.000658,0.000237,139,0.000179,0,31,0.85,0.006774
47017,Carroll County,,TN,2065,31167,33232,7,8,15,996,1192,2188,7,0.308199,0.32318,1497.466361,0.000683,0.001308,5,0.000247,0,31,0.678571,0.005663
47019,Carter County,,TN,3297,56622,59919,6,7,13,1852,2012,3864,7,0.284621,0.297359,810.780293,0.000053,0.000426,139,0.000263,0,31,0.5,0.001181
47021,Cheatham County,,TN,3181,41461,44642,8,8,16,2530,2302,4832,7,0.301381,0.31522,6.688587,0.001053,0.001506,139,0.00022,0,31,0.819444,0.011661
47023,Chester County,,TN,1208,15674,16882,4,5,9,632,646,1278,7,0.305249,0.319016,1.2,0.000043,0.000645,5,0.000173,0,31,0.833333,0.000787
47025,Claiborne County,,TN,1626,32460,34086,7,8,15,962,963,1925,7,0.284621,0.297485,3863.965124,0.000333,0.000377,139,0.000261,0,31,0.303571,0.003554
47027,Clay County,,TN,484,8177,8661,3,3,6,167,228,395,8,0.236763,0.244393,12.033622,0.000008,0.000028,139,0.000147,0,31,0.416667,0.000333
47029,Cocke County,,TN,1606,36159,37765,5,5,10,797,945,1742,7,0.28412,0.296348,0.166667,0.00034,0.00042,139,0.000207,0,31,0.95,0.003805
47031,Coffee County,,TN,3645,54400,58045,12,11,23,2308,2106,4414,7,0.300445,0.314795,4522.937787,0.001966,0.001422,139,0.000419,0,31,0.435897,0.017048
47033,Crockett County,,TN,1065,15468,16533,6,5,11,701,623,1324,7,0.305281,0.319045,1.683766,0.000687,0.000646,5,0.00017,0,31,0.833333,0.00536
47035,Cumberland County,,TN,2592,54734,57326,14,11,25,1079,970,2049,7,0.29967,0.313744,3486.726941,0.003281,0.00125,139,0.000375,0,31,0.345833,0.023391
47037,Davidson County,,TN,53411,606811,660222,209,151,360,39640,43223,82863,6,0.424952,0.46279,216510.391676,0.078737,0.063381,139,0.00323,0,31,0.272247,0.557646
47039,Decatur County,,TN,690,11562,12252,2,2,4,285,248,533,7,0.250388,0.258821,1945.662432,0.000005,0.000035,5,0.000123,0,31,0.333333,0.000268
47041,DeKalb County,,TN,1249,18185,19434,8,8,16,799,849,1648,7,0.298744,0.311849,486.250032,0.000684,0.000902,139,0.000295,0,31,0.589286,0.007403
47043,Dickson County,,TN,3031,49852,52883,9,10,19,2075,1839,3914,7,0.301538,0.315737,90.403379,0.001066,0.00151,139,0.000252,0,31,0.588889,0.011867
47045,Dyer County,,TN,2271,41750,44021,9,11,20,1272,1110,2382,7,0.308559,0.32407,5104.824309,0.000696,0.001507,5,0.000274,0,31,0.436364,0.005726
47047,Fayette County,,TN,2724,36285,39009,6,7,13,3097,2016,5113,7,0.308035,0.322807,28.1142,0.00068,0.001323,5,0.000199,0,31,0.52381,0.005627
47049,Fentress County,,TN,590,16894,17484,2,3,5,174,221,395,8,0.236724,0.244376,8.376975,0.000029,0.00005,139,0.000111,0,31,0.666667,0.000594
47051,Franklin County,,TN,2478,43084,45562,8,9,17,1123,1299,2422,7,0.300352,0.314393,1836.681365,0.000961,0.001424,139,0.00029,0,31,0.544444,0.009632
47053,Gibson County,,TN,2869,52731,55600,10,10,20,1879,1836,3715,7,0.308395,0.323726,111.030519,0.001219,0.001315,5,0.00028,0,31,0.563636,0.010438
47055,Giles County,,TN,1789,32162,33951,8,8,16,896,1062,1958,7,0.299824,0.313388,62.313309,0.000972,0.001227,139,0.000261,0,31,0.589286,0.009815
47057,Grainger County,,TN,1337,21397,22734,6,5,11,1048,884,1932,7,0.284092,0.296319,6.406818,0.000334,0.000371,139,0.000243,0,31,0.633333,0.003491
47059,Greene County,,TN,2667,71771,74438,11,9,20,1464,1415,2879,7,0.284649,0.297646,406.01013,0.000572,0.00048,139,0.000385,0,31,0.518182,0.006984
47061,Grundy County,,TN,625,14857,15482,5,3,8,298,263,561,8,0.231143,0.237792,12.255207,0.000226,0.000025,139,0.000209,0,31,0.5,0.002542
47063,Hamblen County,,TN,3900,62073,65973,9,10,19,2193,2472,4665,7,0.284594,0.297732,33.310372,0.000374,0.000539,139,0.000343,0,31,0.533333,0.004585
47065,Hamilton County,,TN,18537,349232,367769,77,60,137,11285,11886,23171,6,0.377815,0.407874,66010.336025,0.027474,0.024148,139,0.001591,0,31,0.347634,0.226491
47067,Hancock County,,TN,273,4662,4935,1,1,2,48,65,113,8,0.221561,0.227447,0,0.000003,0.000003,139,0.000084,0,31,0,0.000133
47069,Hardeman County,,TN,1479,27268,28747,6,5,11,817,792,1609,7,0.305185,0.318902,275.318849,0.000708,0.000636,5,0.000185,0,31,0.571429,0.005805
47071,Hardin County,,TN,1342,26298,27640,7,7,14,728,655,1383,7,0.305796,0.32005,1717.89741,0.000679,0.00066,5,0.000249,0,31,0.446429,0.005497
47073,Hawkins County,,TN,3377,59579,62956,8,9,17,2226,2256,4482,7,0.284594,0.29756,6397.690212,0.000376,0.000434,139,0.000352,0,31,0.444444,0.004161
47075,Haywood County,,TN,1253,22025,23278,6,8,14,582,919,1501,7,0.305281,0.319418,5.000433,0.00068,0.000662,5,0.000186,0,31,0.589286,0.005315
47077,Henderson County,,TN,1540,29193,30733,9,6,15,893,775,1668,7,0.305281,0.319189,4173.970809,0.001194,0.000636,5,0.000292,0,31,0.5,0.010119
47079,Henry County,,TN,1844,33826,35670,9,8,17,939,763,1702,7,0.301883,0.316024,2846.832206,0.00221,0.000987,5,0.000253,0,31,0.522222,0.016893
47081,Hickman County,,TN,1731,23210,24941,7,8,15,1066,1143,2209,7,0.298652,0.311705,3948.262191,0.000791,0.00095,139,0.000218,0,31,0.444444,0.009053
47083,Houston County,,TN,459,8080,8539,4,2,6,299,207,506,7,0.276565,0.288076,7.244844,0.000252,0.000303,139,0.000153,0,31,0.5,0.002699
47085,Humphreys County,,TN,1038,19823,20861,4,5,9,418,452,870,7,0.29856,0.311189,597.631536,0.000528,0.000654,139,0.000154,0,31,0.35,0.005051
47087,Jackson County,,TN,884,11512,12396,2,3,5,303,438,741,8,0.236666,0.244175,23.968204,0.00002,0.000029,139,0.000122,0,31,0.583333,0.000409
47089,Jefferson County,,TN,3779,48373,52152,8,7,15,2649,2649,5298,7,0.284175,0.296693,11.324817,0.000374,0.000496,139,0.00031,0,31,0.625,0.004858
47091,Johnson County,,TN,605,16071,16676,3,4,7,201,263,464,8,0.240172,0.249574,16.406372,0.000055,0.000086,139,0.000133,0,31,0.5,0.00083
47093,Knox County,,TN,25729,421848,447577,112,91,203,19443,17442,36885,6,0.396448,0.430628,115158.522433,0.044814,0.039468,139,0.002043,0,31,0.378719,0.344728
47095,Lake County,,TN,391,5318,5709,2,2,4,153,230,383,8,0.235973,0.242837,0,0.000022,0.000011,5,0.000095,0,31,1,0.000285
47097,Lauderdale County,,TN,1448,25870,27318,5,7,12,725,923,1648,7,0.308133,0.322951,13.26819,0.000672,0.001279,5,0.000155,0,31,0.690476,0.005187
47099,Lawrence County,,TN,1613,43091,44704,7,6,13,829,699,1528,7,0.298744,0.311648,2164.31051,0.000671,0.000907,139,0.000241,0,31,0.428571,0.007255
47101,Lewis County,,TN,765,11729,12494,2,3,5,183,294,477,8,0.236108,0.243399,0.333333,0.000022,0.00005,139,0.000101,0,31,0.666667,0.000566
47103,Lincoln County,,TN,1621,34994,36615,10,9,19,1165,1023,2188,7,0.280712,0.29383,915.446329,0.000986,0.000591,139,0.000339,0,31,0.555556,0.009997
47105,Loudon County,,TN,3201,48419,51620,9,7,16,2369,2046,4415,7,0.286165,0.29899,40.562671,0.001273,0.000678,139,0.000301,0,31,0.652778,0.010663
47107,McMinn County,,TN,2975,52626,55601,10,9,19,1859,1768,3627,7,0.286334,0.299536,210.624859,0.001073,0.000689,139,0.000357,0,31,0.588889,0.010886
47109,McNairy County,,TN,1441,26467,27908,6,7,13,936,876,1812,7,0.305345,0.319418,256.122324,0.00067,0.000651,5,0.00021,0,31,0.619048,0.005287
47111,Macon County,,TN,1130,21913,23043,6,9,15,665,773,1438,7,0.298806,0.31205,4396.572724,0.000571,0.000942,139,0.000235,0,31,0.375,0.005842
47113,Madison County,,TN,6725,101824,108549,23,22,45,3993,3847,7840,6,0.333909,0.354933,8527.658212,0.003222,0.003491,5,0.000614,0,31,0.258333,0.02686
47115,Marion County,,TN,1541,30027,31568,6,4,10,844,801,1645,7,0.274395,0.285575,206.045143,0.00021,0.000228,139,0.000251,0,31,0.433333,0.00254
47117,Marshall County,,TN,1817,31720,33537,8,7,15,1180,1099,2279,7,0.298621,0.311533,16.917351,0.000829,0.001174,139,0.00026,0,31,0.714286,0.009842
47119,Maury County,,TN,4821,81646,86467,17,13,30,3439,2824,6263,7,0.308592,0.324444,4923.518717,0.004828,0.001853,139,0.000414,0,31,0.470588,0.038064
47121,Meigs County,,TN,927,11083,12010,4,4,8,665,588,1253,7,0.274395,0.285575,0.4,0.000221,0.000243,139,0.000166,0,31,0.833333,0.002443
47123,Monroe County,,TN,2251,42792,45043,8,7,15,1555,1329,2884,7,0.286193,0.299047,31.451474,0.001085,0.000685,139,0.000276,0,31,0.680556,0.008455
47125,Montgomery County,,TN,20682,149570,170252,92,78,170,15694,12253,27947,6,0.382194,0.414932,33829.145753,0.03738,0.028803,139,0.001336,0,31,0.364554,0.271605
47127,Moore County,,TN,480,6493,6973,4,3,7,310,262,572,8,0.23118,0.237879,0,0.000035,0.000039,139,0.000177,0,31,1,0.000819
47129,Morgan County,,TN,1198,20067,21265,5,6,11,718,764,1482,7,0.284203,0.296635,9.649242,0.00035,0.00047,139,0.00019,0,31,0.666667,0.003529
47131,Obion County,,TN,2149,35989,38138,7,9,16,1123,1116,2239,7,0.308461,0.323697,7964.449763,0.000654,0.001282,5,0.00025,0,31,0.5,0.005238
47133,Overton County,,TN,1123,21643,22766,4,5,9,533,604,1137,8,0.236743,0.244634,5883.558305,0.00002,0.000028,139,0.000232,0,31,0.266667,0.000589
47135,Perry County,,TN,487,7562,8049,1,2,3,60,98,158,8,0.20129,0.206346,6.032364,0.000008,0,139,0.000074,0,31,0,0.000166
47137,Pickett County,,TN,275,4980,5255,1,1,2,45,61,106,9,0.191437,0.195461,0,0,0,139,0.00009,0,31,0,0.000099
47139,Polk County,,TN,1167,16514,17681,6,5,11,820,807,1627,7,0.274603,0.28612,1504.273877,0.000228,0.000274,139,0.000288,0,31,0.366667,0.002885
47141,Putnam County,,TN,4571,66999,71570,20,16,36,2636,2377,5013,7,0.309811,0.32677,24583.454034,0.00289,0.002426,139,0.000602,0,31,0.311688,0.025503
47143,Rhea County,,TN,1687,30583,32270,7,7,14,876,883,1759,7,0.286278,0.299191,63.186155,0.000553,0.000622,139,0.000247,0,31,0.52381,0.005593
47145,Roane County,,TN,3429,57130,60559,9,12,21,1744,2089,3833,7,0.299948,0.314347,77.717343,0.000372,0.001401,139,0.000335,0,31,0.55303,0.004726
47147,Robertson County,,TN,4704,67782,72486,8,9,17,3772,3145,6917,7,0.301851,0.316053,16.481517,0.001061,0.001266,139,0.000232,0,31,0.677778,0.011729
47149,Rutherford County,,TN,16820,230511,247331,66,46,112,17272,10806,28078,6,0.368227,0.396738,26190.924521,0.026737,0.015373,139,0.00125,0,31,0.359399,0.201389
47151,Scott County,,TN,727,21704,22431,4,5,9,245,301,546,7,0.284259,0.296509,1556.95842,0.000323,0.00037,139,0.000179,0,31,0.5,0.003165
47153,Sequatchie County,,TN,739,12508,13247,3,3,6,588,404,992,7,0.274291,0.28523,1.375,0.000198,0.000224,139,0.000164,0,31,0.666667,0.002129
47155,Sevier County,,TN,5744,84870,90614,21,13,34,3383,3007,6390,7,0.300321,0.314956,1308.700468,0.006256,0.001363,139,0.000529,0,31,0.348333,0.056638
47157,Shelby County,,TN,50400,1022223,1072623,212,221,433,32124,39590,71714,6,0.438833,0.482713,349970.190041,0.074699,0.077378,5,0.003211,0,31,0.224387,0.537335
47159,Smith County,,TN,1132,19738,20870,8,6,14,831,667,1498,7,0.298683,0.311504,575.543138,0.000718,0.000686,139,0.000262,0,31,0.625,0.007851
47161,Stewart County,,TN,1045,13355,14400,3,3,6,522,505,1027,7,0.280793,0.292624,9.851314,0.000376,0.000438,139,0.000141,0,31,0.666667,0.003449
47163,Sullivan County,,TN,8647,168678,177325,17,18,35,5542,5246,10788,7,0.308789,0.327132,34528.416503,0.002985,0.002719,139,0.000587,0,31,0.274704,0.025545
47165,Sumner County,,TN,11227,156847,168074,26,22,48,8424,7161,15585,6,0.341452,0.363077,8222.642006,0.008547,0.00421,139,0.000602,0,31,0.405747,0.06515
47167,Tipton County,,TN,3770,62297,66067,7,6,13,3528,2103,5631,7,0.305217,0.319074,5.488823,0.000722,0.000712,5,0.000194,0,31,0.571429,0.005962
47169,Trousdale County,,TN,543,7867,8410,5,4,9,528,345,873,7,0.298437,0.310844,0.2,0.000573,0.000721,139,0.000178,0,31,0.95,0.00575
47171,Unicoi County,,TN,1223,18254,19477,4,4,8,658,752,1410,8,0.238769,0.247461,0,0.000055,0.000066,139,0.000174,0,31,1,0.000985
47173,Union County,,TN,1446,18550,19996,5,4,9,1034,1051,2085,7,0.284064,0.296147,5.213492,0.000344,0.000369,139,0.000212,0,31,0.566667,0.004281
47175,Van Buren County,,TN,355,5206,5561,2,2,4,143,173,316,8,0.230244,0.23638,0,0.000008,0.000006,139,0.00012,0,31,1,0.000258
47177,Warren County,,TN,1885,41761,43646,6,10,16,712,1067,1779,7,0.298867,0.312308,4000.573212,0.000144,0.00091,139,0.000273,0,31,0.455556,0.002472
47179,Washington County,,TN,8142,116706,124848,19,17,36,5252,4744,9996,7,0.312985,0.33214,18689.254084,0.004628,0.003252,139,0.000552,0,31,0.367965,0.038908
47181,Wayne County,,TN,692,15712,16404,4,3,7,260,264,524,8,0.23783,0.245599,956.67924,0.000027,0.000026,139,0.000165,0,31,0.333333,0.000607
47183,Weakley County,,TN,2044,33161,35205,10,9,19,1097,1063,2160,7,0.308363,0.323554,5663.086186,0.001209,0.0013,5,0.0003,0,31,0.544444,0.010368
47185,White County,,TN,1381,25600,26981,7,5,12,880,752,1632,8,0.236821,0.244893,2363.95681,0.000553,0.000056,139,0.000275,0,31,0.404762,0.005622
47187,Williamson County,,TN,13094,166461,179555,63,35,98,12564,8468,21032,6,0.371242,0.398334,8967.779442,0.03222,0.015825,139,0.000966,0,31,0.552885,0.239451
47189,Wilson County,,TN,7680,110633,118313,16,14,30,6711,4871,11582,7,0.30925,0.325621,351.788501,0.002055,0.002231,139,0.000439,0,31,0.529167,0.020247
48001,Anderson County,,TX,3081,43642,46723,13,14,27,1646,1575,3221,7,0.323631,0.343089,47.883219,0.003538,0.004578,145,0.000248,0,31,0.595833,0.029683
48003,Andrews County,,TX,1176,14201,15377,2,3,5,203,463,666,7,0.261842,0.272438,3.175608,0.000177,0.00016,145,0.000088,0,31,0.666667,0.001487
48005,Angelina County,,TX,5020,84604,89624,20,23,43,2439,2801,5240,6,0.329511,0.35,2008.775366,0.003486,0.006266,145,0.000388,0,31,0.471014,0.029045
48007,Aransas County,,TX,2112,21285,23397,7,5,12,1262,853,2115,7,0.324282,0.341819,0.071429,0.002853,0.002804,145,0.000144,0,31,0.97619,0.023644
48009,Archer County,,TX,946,8925,9871,2,1,3,478,505,983,7,0.270835,0.282327,0,0.000194,0.000153,145,0.000079,0,31,1,0.001494
48011,Armstrong County,,TX,192,2054,2246,2,0,2,137,0,137,0,0,0,0,0.000185,0,145,0.000093,0,30,1,0.0017
48013,Atascosa County,,TX,3372,43018,46390,6,7,13,2309,2204,4513,7,0.324355,0.342164,26.844312,0.002009,0.002768,145,0.000143,0,31,0.660714,0.016376
48015,Austin County,,TX,1971,28201,30172,6,7,13,1383,1210,2593,7,0.320062,0.337357,3.161027,0.00126,0.002104,145,0.000146,0,31,0.714286,0.010615
48017,Bailey County,,TX,601,7054,7655,3,3,6,144,190,334,7,0.267121,0.278784,2.590272,0.00023,0.00021,145,0.000093,0,31,0.583333,0.001947
48019,Bandera County,,TX,1790,18007,19797,5,3,8,1045,790,1835,7,0.308461,0.323223,0.75,0.001759,0.000903,145,0.000123,0,31,0.8,0.014061
48021,Bastrop County,,TX,5826,63691,69517,16,16,32,4920,3895,8815,6,0.341975,0.363588,193.881963,0.007398,0.00735,145,0.000276,0,31,0.765789,0.059655
48023,Baylor County,,TX,337,3746,4083,0,1,1,0,55,55,7,0.270878,0.282402,0,0,0.000153,145,0.00005,0,228,0,0
48025,Bee County,,TX,2047,24299,26346,8,10,18,899,1156,2055,7,0.325373,0.343766,94.804196,0.002615,0.003157,145,0.000165,0,31,0.677778,0.021245
48027,Bell County,,TX,37845,269149,306994,140,133,273,24493,24278,48771,6,0.409136,0.44749,28183.265063,0.054593,0.052272,145,0.00176,0,31,0.337348,0.393781
48029,Bexar County,,TX,83404,1608162,1691566,324,280,604,76300,68329,144629,6,0.445776,0.495446,180215.584169,0.104808,0.091019,145,0.004149,0,31,0.18453,0.739809
48031,Blanco County,,TX,817,9149,9966,5,6,11,445,403,848,7,0.312413,0.327812,0.783333,0.00151,0.001821,145,0.00014,0,31,0.733333,0.013382
48033,Borden County,,TX,77,616,693,0,0,0,0,0,0,0,0,0,0,0,0,140,0.00005,126,229,0,0
48035,Bosque County,,TX,1565,17446,19011,6,7,13,894,921,1815,7,0.317228,0.33367,1.309481,0.002271,0.001962,145,0.00014,0,31,0.767857,0.018382
48037,Bowie County,,TX,6445,91491,97936,21,21,42,3648,3931,7579,7,0.326839,0.348401,18900.211848,0.005346,0.005638,145,0.000434,0,31,0.356667,0.04296
48039,Brazoria County,,TX,19094,281179,300273,44,42,86,18843,13107,31950,6,0.353644,0.380387,1445.480649,0.017929,0.013133,145,0.000607,0,31,0.472391,0.137548
48041,Brazos County,,TX,14943,132726,147669,47,41,88,7792,9516,17308,6,0.356818,0.383471,2336.693253,0.012817,0.014903,145,0.000753,0,31,0.438155,0.102637
48043,Brewster County,,TX,1111,8659,9770,4,5,9,197,321,518,7,0.295009,0.30813,3030.799506,0.000677,0.000548,145,0.000154,0,31,0.47619,0.005913
48045,Briscoe County,,TX,172,1819,1991,0,0,0,0,0,0,0,0,0,0,0,0,141,0.00005,127,230,0,0
48047,Brooks County,,TX,515,8031,8546,3,4,7,209,270,479,7,0.278824,0.291338,0,0.00029,0.000559,145,0.000095,0,31,1,0.002385
48049,Brown County,,TX,2516,36328,38844,14,14,28,1115,1090,2205,7,0.320982,0.339355,7197.48755,0.004301,0.003503,145,0.000307,0,31,0.447712,0.034078
48051,Burleson County,,TX,1373,17525,18898,5,6,11,771,789,1560,7,0.320062,0.337242,2.174242,0.001103,0.001824,145,0.000135,0,31,0.666667,0.008738
48053,Burnet County,,TX,3309,38891,42200,14,13,27,2281,1967,4248,7,0.327096,0.346575,219.654211,0.005501,0.005251,145,0.000288,0,31,0.719048,0.044785
48055,Caldwell County,,TX,3246,34157,37403,9,9,18,2041,2245,4286,7,0.324391,0.342422,14.189817,0.002811,0.00328,145,0.000208,0,31,0.833333,0.024525
48057,Calhoun County,,TX,1593,21396,22989,6,6,12,608,815,1423,7,0.321124,0.338615,14.792972,0.001971,0.002216,145,0.000133,0,31,0.785714,0.015779
48059,Callahan County,,TX,1358,12944,14302,3,3,6,723,669,1392,7,0.265873,0.277067,1.965152,0.000152,0.000142,145,0.000143,0,31,0.666667,0.001402
48061,Cameron County,,TX,15566,375477,391043,44,45,89,8798,9501,18299,6,0.364573,0.39231,976.183158,0.020116,0.02248,145,0.000628,0,31,0.522896,0.15734
48063,Camp County,,TX,974,11959,12933,6,7,13,617,519,1136,7,0.259919,0.270847,18.39167,0.000936,0.000279,145,0.000169,0,31,0.660714,0.007463
48065,Carson County,,TX,614,6241,6855,4,4,8,325,381,706,7,0.262553,0.272937,0,0.000217,0.000202,145,0.000145,0,31,1,0.001971
48067,Cass County,,TX,2084,31697,33781,12,10,22,1320,1160,2480,7,0.322695,0.341251,426.032336,0.002049,0.002107,145,0.000276,0,31,0.621795,0.016545
48069,Castro County,,TX,666,8020,8686,2,3,5,89,215,304,7,0.262553,0.272823,0.67619,0.000132,0.000193,145,0.000086,0,31,0.833333,0.000973
48071,Chambers County,,TX,2506,31724,34230,4,5,9,1870,1588,3458,7,0.319463,0.33638,0,0.001211,0.001226,145,0.000101,0,31,1,0.0093
48073,Cherokee County,,TX,2872,46760,49632,10,10,20,1539,1640,3179,7,0.323271,0.342112,3.807711,0.002895,0.002976,145,0.000199,0,31,0.833333,0.022547
48075,Childress County,,TX,533,5924,6457,1,1,2,40,49,89,7,0.260195,0.269858,2903,0,0.000087,145,0.000093,0,231,0,0.000086
48077,Clay County,,TX,1079,11664,12743,3,2,5,721,569,1290,7,0.270911,0.282586,0,0.000997,0.000171,145,0.0001,0,31,1,0.007672
48079,Cochran County,,TX,295,3504,3799,1,1,2,53,115,168,8,0.210687,0.216345,0,0.000002,0.000014,145,0.00009,0,31,0,0.000199
48081,Coke County,,TX,387,3376,3763,1,1,2,103,130,233,7,0.262363,0.272905,0,0.000137,0.000105,145,0.000063,0,31,0,0.000902
48083,Coleman County,,TX,716,8350,9066,2,2,4,188,185,373,7,0.265897,0.277009,0,0.000171,0.00016,145,0.000084,0,31,1,0.001452
48085,Collin County,,TX,60886,648337,709223,200,159,359,72096,50668,122764,6,0.425201,0.463801,46820.799621,0.080506,0.065633,145,0.002503,0,31,0.303985,0.561878
48087,Collingsworth County,,TX,280,2996,3276,0,0,0,0,0,0,0,0,0,0,0,0,142,0.00005,128,232,0,0
48089,Colorado County,,TX,1403,21347,22750,5,6,11,777,734,1511,7,0.319498,0.336553,1.95,0.001239,0.001408,145,0.000126,0,31,0.7,0.010397
48091,Comal County,,TX,7795,96119,103914,32,17,49,8128,5103,13231,6,0.341131,0.362847,334.619891,0.012808,0.007761,145,0.000488,0,31,0.661932,0.101886
48093,Comanche County,,TX,1053,13467,14520,5,6,11,452,470,922,7,0.314273,0.32973,183.933464,0.000869,0.001065,145,0.000173,0,31,0.7,0.007253
48095,Concho County,,TX,273,2664,2937,1,2,3,88,101,189,7,0.262387,0.273078,0,0.000137,0.000107,145,0.000063,0,31,1,0.000902
48097,Cooke County,,TX,2875,39108,41983,8,10,18,1773,1752,3525,7,0.323739,0.342773,2907.333699,0.002697,0.004011,145,0.000208,0,31,0.6,0.021984
48099,Coryell County,,TX,11803,55672,67475,31,29,60,7012,7010,14022,6,0.347878,0.37268,2704.136789,0.011851,0.011665,145,0.000435,0,31,0.608734,0.087677
48101,Cottle County,,TX,137,1733,1870,0,0,0,0,0,0,0,0,0,0,0,0,143,0.00005,129,233,0,0
48103,Crane County,,TX,425,4291,4716,1,0,1,78,0,78,0,0,0,0,0.00008,0,145,0.000067,0,26,0,0.000738
48105,Crockett County,,TX,348,3974,4322,1,1,2,69,68,137,7,0.262363,0.272905,0,0.000137,0.000105,145,0.000063,0,31,0,0.000902
48107,Crosby County,,TX,638,6546,7184,1,1,2,286,306,592,7,0.266459,0.277526,0,0.000153,0.000121,145,0.000065,0,31,0,0.001113
48109,Culberson County,,TX,298,2765,3063,0,0,0,0,0,0,0,0,0,0,0,0,144,0.00005,130,234,0,0
48111,Dallam County,,TX,688,6837,7525,4,2,6,184,161,345,7,0.262506,0.272593,3.49709,0.000195,0.000192,145,0.000129,0,31,0.666667,0.001898
48113,Dallas County,,TX,175031,2265996,2441027,320,323,643,121610,159660,281270,6,0.456792,0.508649,270647.897898,0.103391,0.102124,145,0.004209,0,31,0.165262,0.714488
48115,Dawson County,,TX,987,12958,13945,5,4,9,362,412,774,7,0.266875,0.278663,6.526825,0.000283,0.000212,145,0.000146,0,31,0.55,0.002249
48117,Deaf Smith County,,TX,1449,19634,21083,4,3,7,422,552,974,7,0.262601,0.272937,31.431261,0.00019,0.000192,145,0.000131,0,31,0.583333,0.001894
48119,Delta County,,TX,582,5060,5642,3,4,7,227,318,545,7,0.298683,0.311329,0,0.000888,0.000733,145,0.000094,0,31,1,0.006676
48121,Denton County,,TX,55568,542817,598385,183,142,325,62939,45014,107953,6,0.413273,0.451304,37656.36363,0.072757,0.055302,145,0.002337,0,31,0.296294,0.503494
48123,DeWitt County,,TX,1017,19457,20474,5,5,10,564,489,1053,7,0.324246,0.341762,11.401525,0.002323,0.002552,145,0.000118,0,31,0.85,0.018703
48125,Dickens County,,TX,237,2097,2334,1,1,2,64,58,122,7,0.266459,0.277526,0,0.000153,0.000121,145,0.000065,0,31,0,0.001113
48127,Dimmit County,,TX,736,9950,10686,2,3,5,219,241,460,7,0.308461,0.323223,0,0.000737,0.000866,145,0.000096,0,31,1,0.006243
48129,Donley County,,TX,371,3534,3905,2,2,4,104,121,225,7,0.262506,0.272593,0,0.000185,0.000192,145,0.000093,0,31,1,0.0017
48131,Duval County,,TX,855,12223,13078,2,2,4,305,434,739,7,0.27367,0.284865,0,0.000242,0.000249,145,0.000084,0,31,1,0.002065
48133,Eastland County,,TX,1444,17472,18916,10,7,17,663,538,1201,7,0.314307,0.329902,806.553941,0.001892,0.00112,145,0.000271,0,31,0.511111,0.015107
48135,Ector County,,TX,7861,133493,141354,32,31,63,4590,4803,9393,6,0.345435,0.369992,22276.901719,0.010058,0.009915,145,0.000615,0,31,0.381242,0.07872
48137,Edwards County,,TX,176,2010,2186,0,0,0,0,0,0,0,0,0,0,0,0,146,0.00005,131,235,0,0
48139,Ellis County,,TX,9886,134730,144616,24,21,45,9966,6739,16705,7,0.328913,0.350049,135.397176,0.00984,0.007298,145,0.000393,0,31,0.659544,0.077572
48141,El Paso County,,TX,39142,799358,838500,124,145,269,21307,27149,48456,6,0.417014,0.45518,31450.859789,0.047771,0.057624,96,0.001545,0,31,0.328197,0.34024
48143,Erath County,,TX,2904,30285,33189,16,13,29,1536,1396,2932,7,0.323415,0.341773,688.565911,0.003784,0.00335,145,0.000365,0,31,0.48366,0.030852
48145,Falls County,,TX,1277,15125,16402,3,2,5,570,657,1227,7,0.29052,0.303238,0,0.000554,0.00057,145,0.000098,0,31,0.833333,0.004664
48147,Fannin County,,TX,2209,30035,32244,9,8,17,1814,1401,3215,7,0.317749,0.334502,18.864624,0.003684,0.003068,145,0.000186,0,31,0.875,0.029519
48149,Fayette County,,TX,1430,24765,26195,8,9,17,763,689,1452,7,0.320203,0.337788,13.291729,0.001899,0.002241,145,0.000183,0,31,0.541667,0.016104
48151,Fisher County,,TX,269,3916,4185,2,0,2,91,0,91,0,0,0,0,0.000152,0,145,0.000082,0,7,1,0.001286
48153,Floyd County,,TX,589,7659,8248,2,2,4,181,259,440,7,0.266532,0.277813,0,0.000191,0.000134,145,0.00008,0,31,1,0.001305
48155,Foard County,,TX,133,1488,1621,0,0,0,0,0,0,0,0,0,0,0,0,147,0.00005,132,236,0,0
48157,Fort Bend County,,TX,35441,463771,499212,100,70,170,46403,28975,75378,6,0.37816,0.409792,7353.751276,0.047985,0.032226,145,0.001155,0,31,0.457252,0.333468
48159,Franklin County,,TX,999,9861,10860,6,4,10,643,423,1066,8,0.24475,0.25336,5.413335,0.001706,0.000071,145,0.000147,0,31,0.733333,0.01305
48161,Freestone County,,TX,1369,17882,19251,7,8,15,741,629,1370,7,0.322194,0.340332,16.92142,0.002656,0.002052,145,0.000152,0,31,0.680556,0.020269
48163,Frio County,,TX,919,14196,15115,3,3,6,343,383,726,7,0.308428,0.323165,1,0.000773,0.000861,145,0.000098,0,31,0.666667,0.006523
48165,Gaines County,,TX,1025,15402,16427,5,7,12,327,444,771,7,0.267121,0.279525,18.229228,0.000192,0.00032,145,0.000168,0,31,0.482143,0.001806
48167,Galveston County,,TX,20284,285382,305666,50,40,90,17420,13871,31291,6,0.362705,0.38976,1902.599303,0.019202,0.017608,145,0.000695,0,31,0.513976,0.14756
48169,Garza County,,TX,407,4520,4927,1,1,2,92,139,231,7,0.266459,0.277526,0,0.000153,0.000121,145,0.000065,0,31,0,0.001113
48171,Gillespie County,,TX,1397,23671,25068,7,4,11,716,430,1146,7,0.324173,0.341532,11.064333,0.003168,0.002547,145,0.000151,0,31,0.785714,0.024941
48173,Glasscock County,,TX,117,1473,1590,0,0,0,0,0,0,0,0,0,0,0,0,148,0.00005,133,237,0,0
48175,Goliad County,,TX,484,7030,7514,1,0,1,180,0,180,0,0,0,0,0.000056,0,145,0.00006,0,9,0,0.000394
48177,Gonzales County,,TX,1155,19057,20212,6,5,11,549,457,1006,7,0.312413,0.327697,13.242434,0.00238,0.001693,145,0.000147,0,31,0.766667,0.019599
48179,Gray County,,TX,1581,21446,23027,5,7,12,546,586,1132,7,0.323776,0.342422,444.601337,0.001,0.002846,145,0.000167,0,31,0.738095,0.008094
48181,Grayson County,,TX,7617,119130,126747,19,20,39,4768,4631,9399,6,0.346714,0.369831,611.444131,0.007449,0.008801,145,0.000334,0,31,0.597826,0.058718
48183,Gregg County,,TX,10058,121993,132051,30,32,62,6440,6893,13333,6,0.34093,0.364484,3012.115917,0.00736,0.007898,145,0.000541,0,31,0.417417,0.059894
48185,Grimes County,,TX,2056,22718,24774,6,7,13,1418,1323,2741,7,0.319533,0.336725,1.65,0.001336,0.001476,145,0.000149,0,31,0.785714,0.011322
48187,Guadalupe County,,TX,9290,110407,119697,35,23,58,8415,6163,14578,6,0.347962,0.371382,675.790785,0.015196,0.010817,145,0.000515,0,31,0.551282,0.114218
48189,Hale County,,TX,3267,36583,39850,8,13,21,1184,1769,2953,7,0.328727,0.348924,1823.681676,0.001609,0.004776,145,0.000224,0,31,0.525641,0.012118
48191,Hall County,,TX,348,3436,3784,0,1,1,0,40,40,8,0.206529,0.211405,0,0,0,145,0.00005,0,238,0,0
48193,Hamilton County,,TX,700,8330,9030,4,3,7,248,212,460,7,0.258622,0.268736,2.536949,0.000933,0.000132,145,0.000123,0,31,0.666667,0.007459
48195,Hansford County,,TX,462,5560,6022,1,1,2,44,51,95,8,0.242581,0.249868,0,0.000092,0.000002,145,0.000072,0,31,1,0.000919
48197,Hardeman County,,TX,358,4374,4732,1,2,3,59,122,181,7,0.270886,0.282557,0,0.000008,0.000161,145,0.000081,0,31,1,0.000148
48199,Hardin County,,TX,4185,53821,58006,11,11,22,3266,2760,6026,7,0.322552,0.341222,20.975167,0.001487,0.003167,145,0.000202,0,31,0.659341,0.012351
48201,Harris County,,TX,198375,3797481,3995856,432,419,851,151544,179527,331071,6,0.469048,0.52898,482404.971382,0.120805,0.115588,145,0.00579,0,31,0.124451,0.845258
48203,Harrison County,,TX,4735,63847,68582,13,16,29,2769,3061,5830,7,0.325118,0.344915,786.551048,0.003427,0.005102,145,0.00027,0,31,0.641667,0.027907
48205,Hartley County,,TX,463,3875,4338,0,3,3,0,134,134,7,0.260803,0.270926,0,0,0.000108,145,0.00005,0,239,0.833333,0
48207,Haskell County,,TX,478,5719,6197,2,2,4,115,132,247,7,0.265824,0.276837,5856,0.000142,0.000126,145,0.000169,0,31,0,0.001173
48209,Hays County,,TX,12139,109023,121162,38,26,64,12341,9021,21362,6,0.342661,0.365713,396.171845,0.013472,0.009893,145,0.000594,0,31,0.6266,0.106933
48211,Hemphill County,,TX,302,3551,3853,0,0,0,0,0,0,0,0,0,0,0,0,149,0.00005,134,240,0,0
48213,Henderson County,,TX,6100,72188,78288,15,15,30,4469,3821,8290,7,0.323884,0.343519,17.871857,0.00394,0.005065,145,0.000279,0,31,0.665441,0.03274
48215,Hidalgo County,,TX,22038,653173,675211,90,62,152,16003,12709,28712,6,0.367017,0.397708,23889.101562,0.034944,0.022849,145,0.00121,0,31,0.319604,0.257651
48217,Hill County,,TX,2761,33089,35850,9,9,18,1888,1569,3457,7,0.323271,0.341997,10.674067,0.00303,0.003579,145,0.000184,0,31,0.863636,0.024845
48219,Hockley County,,TX,1972,23553,25525,6,5,11,958,1055,2013,7,0.2669,0.278836,6314.827596,0.00178,0.000202,145,0.000231,0,31,0.404762,0.013496
48221,Hood County,,TX,3811,45625,49436,11,8,19,3025,2065,5090,7,0.318062,0.335077,30.332474,0.003903,0.003158,145,0.000236,0,31,0.772727,0.031583
48223,Hopkins County,,TX,2406,33420,35826,11,11,22,1356,1309,2665,7,0.317784,0.334904,892.117046,0.00237,0.003162,145,0.000242,0,31,0.598485,0.019511
48225,Houston County,,TX,1462,20259,21721,6,6,12,563,671,1234,7,0.319639,0.336754,4.616863,0.002093,0.001196,145,0.000131,0,31,0.767857,0.016536
48227,Howard County,,TX,2356,30177,32533,7,12,19,578,1001,1579,7,0.325045,0.343605,1541.407512,0.001415,0.00362,145,0.000172,0,31,0.598485,0.010869
48229,Hudspeth County,,TX,305,3365,3670,1,1,2,69,87,156,7,0.29432,0.306464,0,0.000462,0.000383,96,0.00006,0,31,0,0.002822
48231,Hunt County,,TX,7376,79512,86888,21,21,42,5474,4991,10465,7,0.324463,0.345012,341.780121,0.005705,0.005317,145,0.000395,0,31,0.543478,0.047025
48233,Hutchinson County,,TX,1861,24589,26450,6,6,12,590,752,1342,7,0.320203,0.337523,3022.98761,0.000219,0.001172,145,0.000226,0,31,0.52381,0.002172
48235,Irion County,,TX,155,1659,1814,1,0,1,66,0,66,0,0,0,0,0.000137,0,145,0.000063,0,28,0,0.000902
48237,Jack County,,TX,670,7599,8269,5,5,10,317,337,654,7,0.312817,0.328041,1.827778,0.0009,0.000979,145,0.000151,0,31,0.7,0.007528
48239,Jackson County,,TX,1057,15001,16058,5,4,9,450,472,922,7,0.319533,0.33638,0.583333,0.001048,0.00103,145,0.000116,0,31,0.85,0.00815
48241,Jasper County,,TX,2673,35734,38407,9,10,19,1523,1645,3168,7,0.319639,0.337242,134.806225,0.001279,0.00134,145,0.000192,0,31,0.536364,0.010053
48243,Jeff Davis County,,TX,212,2142,2354,0,1,1,0,47,47,8,0.227865,0.233804,0,0,0.000005,145,0.00005,0,241,0,0
48245,Jefferson County,,TX,13835,253969,267804,33,36,69,7462,9667,17129,6,0.351417,0.376964,2900.310932,0.009014,0.012379,145,0.000515,0,31,0.495513,0.072322
48247,Jim Hogg County,,TX,328,5320,5648,0,1,1,0,52,52,7,0.262169,0.271488,0,0,0.000089,145,0.00005,0,242,0,0
48249,Jim Wells County,,TX,2856,42599,45455,10,9,19,1794,1760,3554,7,0.324899,0.343106,745.87912,0.003026,0.002507,145,0.000213,0,31,0.6,0.024449
48251,Johnson County,,TX,11458,143538,154996,24,23,47,9864,8046,17910,6,0.34073,0.363462,609.729338,0.009932,0.007773,145,0.000432,0,31,0.546296,0.078646
48253,Jones County,,TX,1628,15188,16816,2,2,4,660,720,1380,7,0.2658,0.27678,0,0.000144,0.000127,145,0.000105,0,31,1,0.001187
48255,Karnes County,,TX,850,12639,13489,4,5,9,309,403,712,7,0.308658,0.323769,0.983333,0.000835,0.001223,145,0.000106,0,31,0.733333,0.006971
48257,Kaufman County,,TX,7878,89013,96891,16,14,30,8872,5723,14595,7,0.323848,0.343347,88.519339,0.005737,0.005003,145,0.000294,0,31,0.712418,0.046433
48259,Kendall County,,TX,2415,30185,32600,7,9,16,1776,1386,3162,7,0.326544,0.345254,51.063389,0.003177,0.003877,145,0.000175,0,31,0.755556,0.025818
48261,Kenedy County,,TX,37,411,448,0,0,0,0,0,0,0,0,0,0,0,0,150,0.00005,135,243,0,0
48263,Kent County,,TX,76,818,894,0,0,0,0,0,0,0,0,0,0,0,0,151,0.00005,136,244,0,0
48265,Kerr County,,TX,3316,46869,50185,13,16,29,1525,1691,3216,7,0.328095,0.348269,3101.774362,0.004669,0.006299,145,0.00027,0,31,0.602339,0.036848
48267,Kimble County,,TX,355,4559,4914,1,0,1,41,0,41,0,0,0,0,0.000051,0,145,0.000065,0,5,0,0.000387
48269,King County,,TX,-2,-2,-4,0,0,0,0,0,0,0,0,0,0,0,0,152,0.00005,137,245,0,0
48271,Kinney County,,TX,250,3175,3425,1,1,2,43,68,111,7,0.256837,0.265819,0,0.000071,0.000054,145,0.000062,0,31,0,0.000522
48273,Kleberg County,,TX,3166,30143,33309,9,13,22,1305,1788,3093,6,0.343026,0.363818,550.640071,0.003703,0.005964,145,0.000178,0,31,0.657143,0.029046
48275,Knox County,,TX,433,3889,4322,1,1,2,41,73,114,8,0.210016,0.215362,0,0.000001,0.000001,145,0.000122,0,31,0,0.000099
48277,Lamar County,,TX,3045,51202,54247,12,13,25,1420,1381,2801,7,0.318167,0.335622,2085.61248,0.00285,0.003232,145,0.000253,0,31,0.538462,0.023781
48279,Lamb County,,TX,1218,14961,16179,4,4,8,394,543,937,7,0.266875,0.278847,13.42619,0.000194,0.000253,145,0.000146,0,31,0.5,0.00161
48281,Lampasas County,,TX,3622,18406,22028,5,7,12,1132,2056,3188,7,0.324645,0.342537,0.313034,0.001408,0.003445,145,0.000124,0,31,0.952381,0.01215
48283,La Salle County,,TX,343,5551,5894,3,2,5,159,98,257,7,0.308494,0.323165,0.98536,0.000836,0.000929,145,0.000104,0,31,0.666667,0.007005
48285,Lavaca County,,TX,1115,21864,22979,5,6,11,545,563,1108,7,0.320132,0.337357,16.250766,0.001035,0.001756,145,0.000134,0,31,0.633333,0.008175
48287,Lee County,,TX,1185,16743,17928,5,6,11,488,553,1041,7,0.320097,0.337271,2.146243,0.001857,0.002111,145,0.000125,0,31,0.766667,0.015532
48289,Leon County,,TX,1319,16333,17652,7,6,13,764,520,1284,7,0.319498,0.336553,3.805556,0.001339,0.001453,145,0.000159,0,31,0.571429,0.011395
48291,Liberty County,,TX,6523,68588,75111,10,14,24,4614,4578,9192,6,0.328988,0.348248,51.751589,0.002391,0.005373,145,0.000188,0,31,0.708791,0.02002
48293,Limestone County,,TX,1608,21421,23029,4,7,11,613,785,1398,7,0.323199,0.341653,5.736585,0.001876,0.002851,145,0.000108,0,31,0.761905,0.01441
48295,Lipscomb County,,TX,381,3072,3453,1,1,2,41,61,102,8,0.208008,0.213042,0,0.000002,0,145,0.000085,0,246,0,0.000089
48297,Live Oak County,,TX,744,9079,9823,3,4,7,217,266,483,7,0.308625,0.323596,0,0.000977,0.001156,145,0.00009,0,31,1,0.00814
48299,Llano County,,TX,1465,15260,16725,6,3,9,891,558,1449,7,0.29899,0.312299,2901,0.002552,0.001103,145,0.000183,0,31,0.666667,0.021386
48301,Loving County,,TX,-2,-2,-4,0,0,0,0,0,0,0,0,0,0,0,0,153,0.00005,138,247,0,0
48303,Lubbock County,,TX,17695,249531,267226,60,68,128,11065,11764,22829,6,0.363204,0.394228,62964.75181,0.015121,0.019047,145,0.001201,0,31,0.291096,0.122078
48305,Lynn County,,TX,603,6486,7089,1,2,3,298,319,617,7,0.266483,0.277698,0,0.000153,0.000124,145,0.000065,0,31,1,0.001113
48307,McCulloch County,,TX,716,8398,9114,0,2,2,0,109,109,7,0.262572,0.2735,0,0,0.00014,145,0.00005,0,248,1,0
48309,McLennan County,,TX,12725,220822,233547,52,37,89,7802,7960,15762,6,0.354551,0.38068,2479.270449,0.016456,0.0141,145,0.00082,0,31,0.456902,0.131295
48311,McMullen County,,TX,52,833,885,0,0,0,0,0,0,0,0,0,0,0,0,154,0.00005,139,249,0,0
48313,Madison County,,TX,1015,10752,11767,6,6,12,556,565,1121,7,0.319498,0.336553,0.95,0.00133,0.001458,145,0.000147,0,31,0.866667,0.011258
48315,Marion County,,TX,894,8849,9743,5,4,9,381,438,819,7,0.254383,0.263878,5.336346,0.001852,0.000133,145,0.000126,0,31,0.9,0.014394
48317,Martin County,,TX,380,4463,4843,2,1,3,129,129,258,7,0.260526,0.270416,0,0.000127,0.000078,145,0.000083,0,31,1,0.00093
48319,Mason County,,TX,251,3741,3992,0,0,0,0,0,0,0,0,0,0,0,0,155,0.00005,140,250,0,0
48321,Matagorda County,,TX,2723,38377,41100,7,11,18,1109,1481,2590,7,0.324572,0.342968,18.416106,0.002692,0.003486,145,0.00014,0,31,0.727273,0.022659
48323,Maverick County,,TX,3165,58183,61348,10,10,20,1244,1569,2813,7,0.328392,0.347832,33.292464,0.004796,0.004992,145,0.00018,0,31,0.787879,0.036192
48325,Medina County,,TX,3149,40981,44130,5,7,12,2227,2023,4250,7,0.324282,0.342049,59.041914,0.001709,0.002565,145,0.000144,0,31,0.547619,0.013792
48327,Menard County,,TX,219,2234,2453,0,0,0,0,0,0,0,0,0,0,0,0,156,0.00005,141,251,0,0
48329,Midland County,,TX,8860,128939,137799,39,37,76,6025,5535,11560,6,0.35227,0.378647,32070.056914,0.009746,0.012161,145,0.000882,0,31,0.327937,0.078596
48331,Milam County,,TX,1783,25150,26933,8,9,17,844,1048,1892,7,0.320947,0.33885,66.019978,0.002447,0.002729,145,0.000186,0,31,0.622222,0.020495
48333,Mills County,,TX,279,4732,5011,1,0,1,72,0,72,0,0,0,0,0.000028,0,145,0.000069,0,12,0,0.000367
48335,Mitchell County,,TX,584,6739,7323,3,2,5,167,106,273,7,0.260596,0.270703,1.288889,0.000042,0.000082,145,0.000103,0,31,0.416667,0.000508
48337,Montague County,,TX,1394,19416,20810,7,6,13,932,700,1632,7,0.3154,0.331091,134.908294,0.002299,0.001644,145,0.000188,0,31,0.714286,0.018194
48339,Montgomery County,,TX,28835,362566,391401,95,68,163,33173,21035,54208,6,0.366646,0.397387,7920.826087,0.039983,0.025475,145,0.001246,0,31,0.426519,0.290018
48341,Moore County,,TX,2030,21469,23499,5,6,11,430,834,1264,7,0.313967,0.329931,232.496328,0.0002,0.001169,145,0.000155,0,31,0.446429,0.002
48343,Morris County,,TX,1176,14162,15338,7,7,14,684,680,1364,7,0.314103,0.329695,118.930306,0.001902,0.001,145,0.000164,0,31,0.732143,0.014626
48345,Motley County,,TX,113,1203,1316,0,0,0,0,0,0,0,0,0,0,0,0,157,0.00005,142,252,0,0
48347,Nacogdoches County,,TX,4205,54631,58836,22,18,40,2343,2381,4724,7,0.327984,0.348326,2036.40412,0.005643,0.006586,145,0.000408,0,31,0.521667,0.047881
48349,Navarro County,,TX,3265,46555,49820,12,12,24,1982,1973,3955,7,0.323595,0.342773,18.073174,0.00453,0.00433,145,0.000222,0,31,0.714286,0.036943
48351,Newton County,,TX,1000,10582,11582,4,4,8,572,579,1151,7,0.319428,0.336208,0,0.001066,0.001084,145,0.000104,0,31,1,0.008278
48353,Nolan County,,TX,1385,15449,16834,5,6,11,374,486,860,7,0.315538,0.331545,1987.537268,0.001906,0.001206,145,0.000123,0,31,0.5,0.014195
48355,Nueces County,,TX,22254,331953,354207,79,73,152,14754,15497,30251,6,0.376687,0.408293,19569.868247,0.028003,0.027683,145,0.001128,0,31,0.360449,0.20867
48357,Ochiltree County,,TX,623,9707,10330,1,3,4,61,125,186,7,0.262615,0.272922,2903,0,0.000192,145,0.000123,0,246,0.333333,0.000089
48359,Oldham County,,TX,268,2052,2320,1,1,2,51,43,94,7,0.260713,0.270502,0,0.000092,0.000104,145,0.000072,0,31,0,0.000919
48361,Orange County,,TX,5391,91277,96668,11,13,24,3192,3439,6631,7,0.323451,0.342744,145.997161,0.004017,0.003625,145,0.000205,0,31,0.580952,0.029988
48363,Palo Pinto County,,TX,1963,26402,28365,7,7,14,1172,971,2143,7,0.317228,0.33367,14.500787,0.001781,0.001829,145,0.000178,0,31,0.652778,0.014153
48365,Panola County,,TX,1528,23825,25353,8,8,16,804,806,1610,7,0.314137,0.329983,28.197092,0.002823,0.001211,145,0.000171,0,31,0.766667,0.021375
48367,Parker County,,TX,8946,100122,109068,23,18,41,8084,6192,14276,7,0.328095,0.348659,2879.485945,0.008613,0.005752,145,0.000443,0,31,0.565,0.065806
48369,Parmer County,,TX,1174,10810,11984,2,6,8,177,562,739,7,0.267786,0.2803,12.806106,0.000076,0.000403,145,0.000101,0,31,0.6,0.000847
48371,Pecos County,,TX,1239,13570,14809,3,4,7,262,451,713,7,0.261795,0.272438,6.165729,0.000181,0.000161,145,0.000114,0,31,0.65,0.001625
48373,Polk County,,TX,5743,52202,57945,19,24,43,2534,2673,5207,6,0.343798,0.366638,1187.52259,0.009308,0.007683,145,0.000298,0,31,0.482804,0.072063
48375,Potter County,,TX,12318,110063,122381,36,32,68,8999,9233,18232,6,0.351587,0.377068,36561.676857,0.010884,0.011636,145,0.000791,0,31,0.357317,0.083339
48377,Presidio County,,TX,980,10098,11078,3,3,6,275,341,616,7,0.261772,0.272265,3.23776,0.000546,0.000164,145,0.000102,0,31,0.833333,0.003698
48379,Rains County,,TX,927,8852,9779,5,6,11,649,481,1130,7,0.314273,0.329753,0.267857,0.000954,0.001601,145,0.000133,0,31,0.904762,0.00746
48381,Randall County,,TX,11913,113835,125748,40,34,74,9741,8504,18245,6,0.352612,0.378618,40913.350178,0.01303,0.011433,145,0.000842,0,31,0.316425,0.100912
48383,Reagan County,,TX,292,3578,3870,1,1,2,41,51,92,7,0.262363,0.272905,0,0.000137,0.000105,145,0.000063,0,31,0,0.000902
48385,Real County,,TX,345,3099,3444,1,1,2,44,71,115,8,0.244998,0.252458,0,0.000023,0.000019,145,0.000075,0,31,0,0.000249
48387,Red River County,,TX,978,13687,14665,2,4,6,315,457,772,7,0.314069,0.329265,2.772793,0.000071,0.000905,145,0.000085,0,31,0.5,0.000734
48389,Reeves County,,TX,944,11376,12320,2,4,6,144,445,589,7,0.294979,0.307958,42.700866,0.000081,0.000543,145,0.000091,0,31,0.75,0.000843
48391,Refugio County,,TX,538,8413,8951,3,3,6,168,181,349,7,0.273877,0.285439,0,0.000343,0.000329,145,0.000089,0,31,1,0.002795
48393,Roberts County,,TX,103,827,930,0,0,0,0,0,0,0,0,0,0,0,0,158,0.00005,143,253,0,0
48395,Robertson County,,TX,1268,17084,18352,5,3,8,817,693,1510,7,0.319428,0.336093,2.185393,0.001902,0.001091,145,0.000126,0,31,0.8,0.014353
48397,Rockwall County,,TX,5562,58558,64120,18,10,28,7279,3660,10939,7,0.323703,0.342658,79.630236,0.010256,0.004781,145,0.000298,0,31,0.777778,0.080204
48399,Runnels County,,TX,888,11682,12570,3,2,5,330,338,668,7,0.268133,0.27986,12.399497,0.00028,0.000231,145,0.000104,0,31,0.666667,0.002081
48401,Rusk County,,TX,3353,46336,49689,10,11,21,2029,2157,4186,7,0.323307,0.342284,20.097151,0.00213,0.003002,145,0.000215,0,31,0.704545,0.017075
48403,Sabine County,,TX,850,10049,10899,6,5,11,366,311,677,7,0.260339,0.270795,12.072136,0.001117,0.000164,145,0.00015,0,31,0.690476,0.008779
48405,San Augustine County,,TX,564,8420,8984,5,4,9,325,295,620,7,0.248098,0.25686,2.58254,0.00104,0.00009,145,0.000149,0,31,0.7,0.008228
48407,San Jacinto County,,TX,2059,20828,22887,5,6,11,1699,1371,3070,6,0.320911,0.337566,0.215909,0.001292,0.001581,145,0.000113,0,31,0.933333,0.010867
48409,San Patricio County,,TX,7627,71448,79075,22,19,41,4259,4332,8591,6,0.345929,0.367873,1284.085411,0.008747,0.008103,145,0.000349,0,31,0.550725,0.067015
48411,San Saba County,,TX,420,5615,6035,1,1,2,43,43,86,8,0.230226,0.236238,0.988095,0.000028,0.00002,145,0.000069,0,31,0,0.000367
48413,Schleicher County,,TX,253,3052,3305,1,0,1,88,0,88,0,0,0,0,0.000137,0,145,0.000063,0,29,0,0.000902
48415,Scurry County,,TX,1309,15824,17133,5,6,11,296,499,795,7,0.272309,0.285925,252.434912,0.000473,0.000446,145,0.000161,0,31,0.642857,0.00378
48417,Shackelford County,,TX,287,3448,3735,1,1,2,53,82,135,7,0.265775,0.276607,0,0.000142,0.000126,145,0.000065,0,31,0,0.001084
48419,Shelby County,,TX,1245,24351,25596,5,5,10,534,448,982,7,0.319463,0.33638,375.882537,0.000992,0.001054,145,0.000162,0,31,0.4,0.00815
48421,Sherman County,,TX,262,2625,2887,0,0,0,0,0,0,0,0,0,0,0,0,159,0.00005,144,254,0,0
48423,Smith County,,TX,12271,196303,208574,51,37,88,9515,8027,17542,6,0.346342,0.371962,2818.335992,0.014493,0.009597,145,0.000801,0,31,0.392732,0.114696
48425,Somervell County,,TX,688,7323,8011,5,4,9,406,357,763,7,0.312749,0.327812,0.2,0.001726,0.000994,145,0.000131,0,31,0.9,0.013383
48427,Starr County,,TX,2950,61537,64487,4,8,12,982,1915,2897,7,0.330524,0.350342,520.763299,0.002659,0.003859,145,0.000102,0,31,0.714286,0.021253
48429,Stephens County,,TX,603,8676,9279,2,2,4,104,93,197,8,0.24721,0.255761,0,0.000947,0.000084,145,0.000077,0,31,1,0.007255
48431,Sterling County,,TX,133,1176,1309,0,0,0,0,0,0,0,0,0,0,0,0,160,0.00005,145,255,0,0
48433,Stonewall County,,TX,126,1527,1653,0,0,0,0,0,0,0,0,0,0,0,0,161,0.00005,146,256,0,0
48435,Sutton County,,TX,450,4810,5260,2,1,3,110,132,242,7,0.262363,0.272905,0,0.000208,0.000105,145,0.000075,0,31,1,0.001423
48437,Swisher County,,TX,684,7762,8446,3,3,6,253,330,583,7,0.262577,0.27288,0,0.000223,0.000205,145,0.000107,0,31,1,0.001893
48439,Tarrant County,,TX,109652,1687872,1797524,337,316,653,102525,94123,196648,6,0.454788,0.506335,235856.273852,0.106276,0.100262,145,0.004431,0,31,0.1653,0.745211
48441,Taylor County,,TX,13023,129991,143014,49,59,108,6352,7198,13550,6,0.361936,0.391931,46679.50923,0.015668,0.017761,145,0.001008,0,31,0.32704,0.121124
48443,Terrell County,,TX,116,887,1003,0,0,0,0,0,0,0,0,0,0,0,0,162,0.00005,147,257,0,0
48445,Terry County,,TX,1155,11885,13040,3,3,6,324,495,819,7,0.266851,0.278491,1.25,0.000157,0.000214,145,0.000125,0,31,0.666667,0.001421
48447,Throckmorton County,,TX,111,1670,1781,0,0,0,0,0,0,0,0,0,0,0,0,163,0.00005,148,258,0,0
48449,Titus County,,TX,2174,28606,30780,8,11,19,873,1271,2144,7,0.323523,0.342543,1563.744178,0.001768,0.003543,145,0.000196,0,31,0.606061,0.013936
48451,Tom Green County,,TX,10696,108954,119650,36,51,87,4235,5760,9995,6,0.355637,0.384361,40763.252742,0.013121,0.017097,145,0.000743,0,31,0.357143,0.100181
48453,Travis County,,TX,76552,839499,916051,247,188,435,68556,65638,134194,6,0.42595,0.468166,77860.90875,0.087256,0.074338,145,0.003147,0,31,0.243678,0.603495
48455,Trinity County,,TX,1135,13143,14278,6,5,11,784,606,1390,6,0.320876,0.337394,1.959335,0.001309,0.001436,145,0.000134,0,31,0.833333,0.011176
48457,Tyler County,,TX,1502,18130,19632,7,7,14,822,850,1672,6,0.320947,0.337738,2.820009,0.001203,0.001198,145,0.000145,0,31,0.833333,0.009486
48459,Upshur County,,TX,3106,35707,38813,14,9,23,2413,1943,4356,7,0.322194,0.340447,592.695582,0.00378,0.002072,145,0.000286,0,31,0.604396,0.031205
48461,Upton County,,TX,382,3264,3646,0,2,2,0,105,105,7,0.261791,0.272172,0,0,0.000159,145,0.00005,0,259,1,0
48463,Uvalde County,,TX,1862,28053,29915,9,9,18,822,863,1685,7,0.324463,0.342566,5961.946431,0.002378,0.0029,145,0.00026,0,31,0.427273,0.019479
48465,Val Verde County,,TX,4439,50619,55058,14,20,34,1224,1965,3189,6,0.345558,0.368705,7135.178431,0.006743,0.008843,145,0.000281,0,31,0.583004,0.054441
48467,Van Zandt County,,TX,3793,48116,51909,13,11,24,2803,2378,5181,7,0.317714,0.33479,5.819469,0.003857,0.003322,145,0.00026,0,31,0.802198,0.032143
48469,Victoria County,,TX,5850,92619,98469,18,29,47,2802,3906,6708,7,0.329436,0.351565,3758.036001,0.004299,0.007004,145,0.000335,0,31,0.432266,0.036843
48471,Walker County,,TX,4676,44961,49637,18,21,39,2730,3136,5866,6,0.329848,0.350201,187.596638,0.0055,0.006974,145,0.000318,0,31,0.571429,0.046338
48473,Waller County,,TX,3481,32376,35857,6,8,14,2345,2550,4895,7,0.322373,0.340562,16.075893,0.001436,0.003334,145,0.000149,0,31,0.75,0.012819
48475,Ward County,,TX,901,10880,11781,4,2,6,319,299,618,7,0.261748,0.272093,0,0.000183,0.000159,145,0.000131,0,31,0.833333,0.001688
48477,Washington County,,TX,1948,32395,34343,11,9,20,1351,1149,2500,7,0.320132,0.337701,17.236438,0.002205,0.002148,145,0.000227,0,31,0.545455,0.019232
48479,Webb County,,TX,7605,237456,245061,24,27,51,3759,4704,8463,6,0.355202,0.379744,7102.249117,0.011038,0.012405,145,0.000429,0,31,0.535282,0.084047
48481,Wharton County,,TX,2674,45152,47826,8,10,18,1460,1613,3073,7,0.320309,0.338103,11.730457,0.001411,0.002385,145,0.000169,0,31,0.611111,0.012171
48483,Wheeler County,,TX,387,5245,5632,1,0,1,41,0,41,0,0,0,0,0.000092,0,145,0.000072,0,0,0,0.000919
48485,Wichita County,,TX,14177,126538,140715,57,73,130,5600,8729,14329,6,0.371385,0.403917,29393.703849,0.019067,0.022389,145,0.00097,0,31,0.297476,0.144078
48487,Wilbarger County,,TX,1241,13768,15009,3,3,6,323,359,682,7,0.316363,0.331562,3053.448888,0.000985,0.000982,145,0.000108,0,31,0.583333,0.007526
48489,Willacy County,,TX,1352,19669,21021,3,4,7,546,779,1325,7,0.324536,0.341957,0,0.001291,0.002251,145,0.000091,0,31,1,0.010573
48491,Williamson County,,TX,32133,329917,362050,109,76,185,36662,25168,61830,6,0.378653,0.41117,9857.790673,0.044813,0.03203,145,0.001441,0,31,0.389902,0.327072
48493,Wilson County,,TX,2775,38910,41685,6,7,13,2341,1782,4123,7,0.324355,0.342164,37.556916,0.001838,0.002878,145,0.000154,0,31,0.75,0.01546
48495,Winkler County,,TX,656,7013,7669,2,2,4,111,257,368,7,0.261748,0.272093,0,0.000177,0.000159,145,0.000088,0,31,1,0.001487
48497,Wise County,,TX,4631,53835,58466,13,8,21,3527,2701,6228,7,0.317262,0.333842,46.009206,0.003181,0.002461,145,0.000272,0,31,0.602564,0.026102
48499,Wood County,,TX,3036,38855,41891,15,14,29,2266,1795,4061,7,0.317818,0.335307,1139.596592,0.003827,0.003361,145,0.000316,0,31,0.604167,0.031885
48501,Yoakum County,,TX,672,8173,8845,3,3,6,146,223,369,7,0.266605,0.278043,0,0.00019,0.000158,145,0.000103,0,31,1,0.001597
48503,Young County,,TX,1344,17918,19262,5,6,11,386,470,856,7,0.319357,0.335829,265.66682,0.002254,0.001857,145,0.000125,0,31,0.52381,0.017628
48505,Zapata County,,TX,546,12358,12904,2,2,4,179,159,338,7,0.268753,0.280134,0.125,0.00013,0.000369,145,0.000075,0,31,0.666667,0.001014
48507,Zavala County,,TX,719,10959,11678,3,3,6,219,318,537,7,0.308461,0.323223,1,0.00076,0.000866,145,0.000115,0,31,0.833333,0.006489
49001,Beaver County,,UT,460,6570,7030,2,2,4,129,141,270,7,0.255211,0.263921,0,0.000949,0.000193,167,0.000095,0,31,1,0.008011
49003,Box Elder County,,UT,3485,51734,55219,7,8,15,2079,2428,4507,6,0.318027,0.335246,2977.375937,0.002375,0.002335,167,0.000149,0,31,0.688889,0.017831
49005,Cache County,,UT,9292,102028,111320,29,31,60,4846,5783,10629,6,0.349008,0.372978,5837.499001,0.008152,0.012314,167,0.000518,0,31,0.407658,0.06249
49007,Carbon County,,UT,1662,20807,22469,3,6,9,447,840,1287,7,0.296304,0.31022,1.333333,0.00093,0.001015,167,0.000094,0,31,0.8,0.006106
49009,Daggett County,,UT,114,865,979,0,0,0,0,0,0,0,0,0,0,0,0,164,0.00005,149,260,0,0
49011,Davis County,,UT,25067,292298,317365,63,53,116,20942,18171,39113,6,0.363022,0.391908,6183.713014,0.02352,0.023108,167,0.0009,0,31,0.429985,0.172661
49013,Duchesne County,,UT,1045,16128,17173,5,5,10,611,607,1218,7,0.296274,0.310048,0,0.001099,0.001007,167,0.000132,0,31,1,0.007817
49015,Emery County,,UT,855,11500,12355,3,3,6,344,397,741,7,0.296183,0.309646,0,0.000931,0.000806,167,0.000083,0,31,1,0.006106
49017,Garfield County,,UT,466,4584,5050,2,2,4,97,163,260,7,0.255211,0.263921,0,0.000949,0.000193,167,0.000095,0,31,1,0.008011
49019,Grand County,,UT,805,8649,9454,3,3,6,176,189,365,7,0.296243,0.309876,1.952633,0.00065,0.000664,167,0.000097,0,31,0.666667,0.005041
49021,Iron County,,UT,3752,34905,38657,23,11,34,3432,2196,5628,6,0.331316,0.35023,1789.713471,0.008485,0.003498,167,0.000422,0,31,0.5,0.060928
49023,Juab County,,UT,744,9161,9905,3,4,7,482,517,999,7,0.296213,0.309818,0,0.000934,0.000939,167,0.000082,0,31,0.916667,0.006167
49025,Kane County,,UT,622,6059,6681,4,4,8,235,289,524,6,0.316122,0.332443,0,0.001641,0.001326,167,0.000113,0,31,0.95,0.013194
49027,Millard County,,UT,1001,12801,13802,4,5,9,313,556,869,7,0.296304,0.310106,0,0.00191,0.001008,167,0.00011,0,31,1,0.014399
49029,Morgan County,,UT,571,8951,9522,3,2,5,531,289,820,7,0.266556,0.277315,0,0.000857,0.000313,167,0.00009,0,31,1,0.006398
49031,Piute County,,UT,100,1346,1446,0,0,0,0,0,0,0,0,0,0,0,0,165,0.00005,150,261,0,0
49033,Rich County,,UT,218,2015,2233,0,0,0,0,0,0,0,0,0,0,0,0,166,0.00005,151,262,0,0
49035,Salt Lake County,,UT,56901,1027840,1084741,174,183,357,42776,47074,89850,6,0.41991,0.462078,88724.683982,0.067126,0.068633,167,0.002252,0,31,0.299476,0.478308
49037,San Juan County,,UT,1202,9085,10287,6,7,13,541,653,1194,6,0.329511,0.347513,59.875223,0.001096,0.001881,96,0.000139,0,31,0.527778,0.007786
49039,Sanpete County,,UT,1777,22208,23985,5,9,14,834,1241,2075,7,0.29688,0.311386,32.959021,0.001867,0.001394,167,0.000124,0,31,0.777778,0.013746
49041,Sevier County,,UT,1600,20033,21633,7,6,13,731,963,1694,6,0.317888,0.334786,23.485826,0.001958,0.002039,167,0.000173,0,31,0.833333,0.015384
49043,Summit County,,UT,3600,35152,38752,10,11,21,2112,1880,3992,6,0.341011,0.360935,107.273225,0.006247,0.006311,167,0.000168,0,31,0.9,0.045145
49045,Tooele County,,UT,4737,52728,57465,10,10,20,3360,3029,6389,6,0.331354,0.350172,3.516457,0.004485,0.003586,167,0.000195,0,31,0.890909,0.034125
49047,Uintah County,,UT,1765,27138,28903,10,9,19,1069,931,2000,7,0.297093,0.311828,163.78092,0.002212,0.001331,167,0.000219,0,31,0.467949,0.01711
49049,Utah County,,UT,31447,419214,450661,93,115,208,23061,24390,47451,6,0.394723,0.431157,24436.744873,0.032507,0.04647,167,0.001244,0,31,0.371186,0.241821
49051,Wasatch County,,UT,1937,18633,20570,6,6,12,1406,1269,2675,7,0.296728,0.310754,0.506818,0.002314,0.001228,167,0.000133,0,31,0.928571,0.016418
49053,Washington County,,UT,8181,106462,114643,49,24,73,11790,5264,17054,6,0.3425,0.364496,8739.851442,0.01561,0.008315,167,0.000773,0,31,0.391429,0.111537
49055,Wayne County,,UT,264,2498,2762,0,1,1,0,43,43,7,0.255186,0.263715,0,0,0.000125,167,0.00005,0,263,0,0
49057,Weber County,,UT,17262,229343,246605,39,33,72,12099,12629,24728,6,0.354291,0.37979,2874.815449,0.015566,0.015142,167,0.000584,0,31,0.501388,0.111858
50001,Addison County,,VT,2281,41917,44198,6,6,12,1186,1160,2346,7,0.264878,0.276199,98.821391,0.001048,0.000217,45,0.000134,0,31,0.547619,0.006587
50003,Bennington County,,VT,2470,42228,44698,9,7,16,885,814,1699,7,0.272437,0.285916,29.638153,0.001414,0.000601,99,0.000145,0,31,0.444444,0.008033
50005,Caledonia County,,VT,1935,34516,36451,8,7,15,926,973,1899,7,0.264757,0.276141,925.224026,0.000313,0.000242,45,0.000215,0,31,0.517857,0.002487
50007,Chittenden County,,VT,11636,175009,186645,44,55,99,6095,7094,13189,6,0.35947,0.387824,39302.09403,0.017686,0.026234,45,0.00053,0,31,0.501536,0.109443
50009,Essex County,,VT,542,7331,7873,2,2,4,242,224,466,8,0.217264,0.223899,1.587121,0.000008,0.000017,45,0.000094,0,31,0,0.000296
50011,Franklin County,,VT,2752,54228,56980,6,7,13,1786,1470,3256,7,0.264829,0.276199,10.835324,0.000225,0.000181,45,0.000174,0,31,0.5,0.001627
50013,Grand Isle County,,VT,817,8570,9387,2,3,5,571,490,1061,7,0.264733,0.27551,0,0.000212,0.000155,45,0.00008,0,31,0.833333,0.001084
50015,Lamoille County,,VT,2088,27870,29958,5,5,10,954,1038,1992,7,0.264564,0.275452,1,0.000225,0.000161,45,0.000153,0,31,0.9,0.001506
50017,Orange County,,VT,2337,33175,35512,6,6,12,1400,1373,2773,7,0.264781,0.276084,5.002071,0.000313,0.000296,45,0.000143,0,31,0.642857,0.002353
50019,Orleans County,,VT,1369,31148,32517,6,5,11,621,549,1170,7,0.264564,0.275452,1.781818,0.000245,0.000161,45,0.000164,0,31,0.766667,0.001846
50021,Rutland County,,VT,3347,73950,77297,9,9,18,1189,1243,2432,7,0.269828,0.283022,103.324493,0.00156,0.000466,45,0.000168,0,31,0.436364,0.009542
50023,Washington County,,VT,3935,70586,74521,12,11,23,2069,1875,3944,7,0.298406,0.315607,758.696767,0.001649,0.001181,45,0.000254,0,31,0.423077,0.010934
50025,Windham County,,VT,3168,51067,54235,15,11,26,1473,1320,2793,7,0.298437,0.315498,88.973062,0.004999,0.001704,45,0.000175,0,31,0.514706,0.02597
50027,Windsor County,,VT,4690,67947,72637,17,16,33,2517,2538,5055,7,0.29933,0.317135,954.477259,0.005296,0.0025,45,0.000228,0,31,0.439474,0.031246
51001,Accomack County,,VA,1880,37382,39262,4,7,11,498,731,1229,7,0.294589,0.310195,20.062074,0.000738,0.001261,121,0.000108,0,31,0.380952,0.005365
51003,Albemarle County,,VA,10041,90806,100847,38,34,72,6201,6009,12210,6,0.353946,0.37894,37095.349635,0.014206,0.013927,169,0.00069,0,31,0.435859,0.102671
51005,Alleghany County,,VA,812,18775,19587,3,4,7,218,295,513,8,0.240272,0.249401,8757,0.000001,0.00007,169,0.000205,0,31,0.3,0.000283
51007,Amelia County,,VA,962,14178,15140,6,7,13,883,643,1526,7,0.280766,0.293993,25.082302,0.000829,0.001022,169,0.000183,0,31,0.666667,0.007357
51009,Amherst County,,VA,2014,33998,36012,5,5,10,1217,1219,2436,8,0.240471,0.249895,33.895946,0.000043,0.000045,169,0.000211,0,31,0.6,0.000861
51011,Appomattox County,,VA,954,15889,16843,5,4,9,390,554,944,8,0.240331,0.249488,10.370346,0.000045,0.000036,169,0.000198,0,31,0.6,0.000828
51013,Arlington County,,VA,44566,201124,245690,132,97,229,29690,37313,67003,6,0.394401,0.429112,7894.68641,0.070015,0.052468,169,0.001283,0,31,0.512237,0.462705
51015,Augusta County,,VA,4365,78822,83187,10,7,17,3163,2609,5772,7,0.26189,0.272385,13551.099331,0.001721,0.000153,169,0.00032,0,31,0.5,0.012991
51017,Bath County,,VA,405,5822,6227,0,1,1,0,52,52,9,0.193779,0.198489,0,0,0,169,0.00005,0,264,0,0
51019,Bedford County,,VA,4749,72410,77159,12,12,24,3567,2897,6464,7,0.275908,0.289795,3540.512078,0.001058,0.000528,169,0.00038,0,31,0.435897,0.008539
51021,Bland County,,VA,412,6559,6971,2,3,5,142,208,350,8,0.232887,0.240724,98.67033,0.000012,0.000002,139,0.000122,0,31,0.666667,0.000223
51023,Botetourt County,,VA,2392,37220,39612,6,6,12,1656,1390,3046,8,0.240471,0.250148,5913.126299,0.000076,0.000087,169,0.000222,0,31,0.733333,0.001281
51025,Brunswick County,,VA,1019,16971,17990,5,5,10,353,423,776,7,0.274655,0.287056,3275.466095,0.000287,0.000397,169,0.000223,0,31,0.3,0.00311
51027,Buchanan County,,VA,1127,22509,23636,3,4,7,234,572,806,8,0.207271,0.213448,370.035386,0.000003,0.000001,139,0.000125,0,31,0.4,0.000312
51029,Buckingham County,,VA,664,14178,14842,4,4,8,254,238,492,7,0.262292,0.272471,25.667058,0.000181,0.000172,169,0.000139,0,31,0.5,0.001654
51031,Campbell County,,VA,3668,57784,61452,8,6,14,2649,2292,4941,8,0.24093,0.250872,479.658381,0.000327,0.000038,169,0.000275,0,31,0.410714,0.003596
51033,Caroline County,,VA,2165,27165,29330,11,10,21,2947,1317,4264,7,0.282241,0.296377,1268.865441,0.002867,0.001433,169,0.0002,0,31,0.604396,0.021633
51035,Carroll County,,VA,1283,30526,31809,7,6,13,672,632,1304,7,0.255773,0.265982,10518.584745,0.000263,0.000052,100,0.000322,0,31,0.222222,0.003031
51036,Charles City County,,VA,529,7920,8449,4,3,7,270,258,528,7,0.277969,0.290094,0,0.000824,0.000634,169,0.000115,0,31,1,0.007132
51037,Charlotte County,,VA,680,13579,14259,3,4,7,233,269,502,8,0.216599,0.223629,14.530628,0.000005,0.000012,169,0.000144,0,31,0.5,0.000408
51041,Chesterfield County,,VA,24386,329072,353458,110,86,196,22127,17589,39716,6,0.378061,0.411636,73578.592891,0.04743,0.034118,169,0.001438,0,31,0.374402,0.312818
51043,Clarke County,,VA,1388,14104,15492,7,5,12,1292,798,2090,7,0.280332,0.293094,0.711447,0.00184,0.000653,169,0.000165,0,31,0.821429,0.01475
51045,Craig County,,VA,316,5507,5823,1,1,2,62,56,118,8,0.240093,0.248569,0,0.000035,0.00003,169,0.000074,0,31,0,0.000348
51047,Culpeper County,,VA,3397,42927,46324,13,11,24,4070,1737,5807,7,0.307122,0.32432,1362.290485,0.003167,0.0019,169,0.000247,0,31,0.525,0.024804
51049,Cumberland County,,VA,605,9541,10146,5,4,9,414,237,651,7,0.280576,0.293304,14.379674,0.000625,0.000824,169,0.000158,0,31,0.8,0.005964
51051,Dickenson County,,VA,614,14582,15196,3,3,6,270,290,560,8,0.206636,0.212617,68.426929,0.000002,0.000001,139,0.000139,0,31,0.5,0.000316
51053,Dinwiddie County,,VA,2062,28254,30316,9,9,18,1691,1334,3025,7,0.282076,0.295676,46.189221,0.000888,0.001072,169,0.000223,0,31,0.6,0.008056
51057,Essex County,,VA,749,11572,12321,5,4,9,313,240,553,7,0.278209,0.290668,1396.792962,0.000022,0.000624,169,0.000207,0,31,0.333333,0.000861
51059,Fairfax County,,VA,129613,1141019,1270632,318,306,624,97320,116279,213599,6,0.440765,0.494682,219977.833459,0.113378,0.107998,169,0.003628,0,31,0.194697,0.765248
51061,Fauquier County,,VA,6055,67393,73448,17,18,35,5548,3696,9244,7,0.308264,0.326921,1747.641183,0.00487,0.003869,169,0.000283,0,31,0.494071,0.03733
51063,Floyd County,,VA,730,15591,16321,3,4,7,417,322,739,7,0.25557,0.265396,19.738358,0.000151,0.00011,169,0.000115,0,31,0.583333,0.001157
51065,Fluvanna County,,VA,2104,24677,26781,8,6,14,1587,1008,2595,7,0.262387,0.272902,294.368374,0.001662,0.00021,169,0.000206,0,31,0.652778,0.013654
51067,Franklin County,,VA,2828,55630,58458,10,9,19,1689,1488,3177,7,0.255886,0.266745,3219.873461,0.001044,0.000126,169,0.000274,0,31,0.477778,0.008178
51069,Frederick County,,VA,6609,77453,84062,19,14,33,6276,4087,10363,7,0.307513,0.325256,4277.061294,0.003965,0.002215,169,0.000415,0,31,0.430952,0.030764
51071,Giles County,,VA,828,19007,19835,3,3,6,442,370,812,7,0.255368,0.264707,1625.24742,0.000082,0.000041,169,0.000147,0,31,0.333333,0.000622
51073,Gloucester County,,VA,2822,40776,43598,12,9,21,1849,1298,3147,7,0.296304,0.312624,3940.50345,0.002496,0.001814,169,0.000268,0,31,0.519231,0.018373
51075,Goochland County,,VA,1493,19905,21398,6,6,12,1545,940,2485,7,0.280685,0.293706,3.898307,0.000968,0.001064,169,0.000156,0,31,0.809524,0.008491
51077,Grayson County,,VA,834,16720,17554,4,4,8,314,400,714,8,0.204151,0.209812,57.824161,0.000001,0.000003,100,0.000274,0,31,0.333333,0.00042
51079,Greene County,,VA,1619,18551,20170,6,6,12,1053,878,1931,7,0.262292,0.272759,3.89365,0.000211,0.000221,169,0.000186,0,31,0.666667,0.002231
51081,Greensville County,,VA,561,8943,9504,4,4,8,246,177,423,7,0.274785,0.287113,1521.470419,0.000025,0.00039,169,0.000188,0,31,0.35,0.00049
51083,Halifax County,,VA,1500,38791,40291,6,6,12,471,494,965,8,0.23538,0.244526,112.200393,0.000034,0.000032,169,0.00022,0,31,0.2,0.000871
51085,Hanover County,,VA,7743,109891,117634,15,15,30,5611,4949,10560,7,0.313357,0.333004,2064.460725,0.003577,0.004084,169,0.000297,0,31,0.565359,0.029133
51087,Henrico County,,VA,28384,312767,341151,120,88,208,24991,22333,47324,6,0.384066,0.417999,57260.394205,0.054211,0.041399,169,0.001603,0,31,0.429072,0.362959
51089,Henry County,,VA,3038,62140,65178,7,10,17,1345,1830,3175,7,0.284231,0.298008,1584.806146,0.000411,0.000846,100,0.000234,0,31,0.366667,0.003952
51091,Highland County,,VA,124,2691,2815,0,0,0,0,0,0,0,0,0,0,0,0,168,0.00005,152,265,0,0
51093,Isle of Wight County,,VA,2727,36888,39615,12,11,23,2438,1575,4013,7,0.29579,0.311906,1274.77316,0.003136,0.002094,169,0.00028,0,31,0.636364,0.02272
51095,James City County,,VA,5761,63385,69146,24,18,42,4177,2833,7010,7,0.313696,0.333865,690.037862,0.010575,0.005385,169,0.000351,0,31,0.598291,0.073525
51097,King and Queen County,,VA,535,6901,7436,4,4,8,277,245,522,7,0.27781,0.290077,18.857769,0.000058,0.000462,169,0.000171,0,31,0.4,0.000834
51099,King George County,,VA,2364,21534,23898,13,10,23,2448,1196,3644,6,0.333832,0.352728,465.831031,0.004665,0.003504,169,0.000196,0,31,0.698718,0.033076
51101,King William County,,VA,1202,16874,18076,8,5,13,1051,645,1696,7,0.278236,0.29084,286.446164,0.000915,0.000737,169,0.000201,0,31,0.678571,0.00849
51103,Lancaster County,,VA,698,13473,14171,3,2,5,168,159,327,7,0.278236,0.290214,12.786582,0.001202,0.000301,169,0.000115,0,31,0.666667,0.009399
51105,Lee County,,VA,835,21175,22010,3,3,6,244,243,487,8,0.222273,0.228946,41.648827,0.000008,0.000003,139,0.000146,0,31,0.333333,0.000367
51107,Loudoun County,,VA,29561,273607,303168,122,98,220,36613,21391,58004,6,0.388383,0.423581,18109.363902,0.063876,0.049649,169,0.001311,0,31,0.4721,0.43031
51109,Louisa County,,VA,2030,30706,32736,16,10,26,2297,1127,3424,7,0.281584,0.295653,135.574491,0.003094,0.001379,169,0.00032,0,31,0.591667,0.025608
51111,Lunenburg County,,VA,656,11778,12434,4,4,8,298,263,561,7,0.274603,0.286826,1064.685369,0.00001,0.000396,169,0.000175,0,31,0.55,0.00053
51113,Madison County,,VA,889,13381,14270,5,4,9,596,426,1022,7,0.261724,0.271794,3.441244,0.000176,0.000167,169,0.000149,0,31,0.65,0.002003
51115,Mathews County,,VA,580,9821,10401,1,2,3,173,137,310,7,0.278183,0.290128,0,0.000015,0.00031,169,0.000076,0,31,1,0.000242
51117,Mecklenburg County,,VA,1824,33288,35112,8,6,14,665,589,1254,7,0.26843,0.280426,6602.055604,0.001205,0.000202,169,0.00025,0,31,0.25,0.01054
51119,Middlesex County,,VA,796,11100,11896,3,2,5,258,150,408,7,0.277677,0.289588,4.57658,0.00062,0.000455,169,0.000105,0,31,0.5,0.005778
51121,Montgomery County,,VA,7905,71821,79726,23,27,50,3085,3771,6856,6,0.342015,0.365099,47590.930211,0.004922,0.010096,169,0.000581,0,31,0.342742,0.039669
51125,Nelson County,,VA,1091,16192,17283,6,5,11,549,531,1080,7,0.262434,0.27273,761.521192,0.001046,0.000172,169,0.000199,0,31,0.533333,0.008014
51127,New Kent County,,VA,1216,17624,18840,8,8,16,1323,776,2099,7,0.286674,0.300845,17.168117,0.001357,0.001421,169,0.000184,0,31,0.680556,0.011045
51131,Northampton County,,VA,828,13670,14498,2,3,5,307,315,622,7,0.294171,0.309018,0,0.000654,0.001044,121,0.000073,0,31,0.833333,0.00464
51133,Northumberland County,,VA,812,13225,14037,5,4,9,351,247,598,7,0.277757,0.28999,2886.282156,0.001362,0.000445,169,0.000183,0,31,0.380952,0.010453
51135,Nottoway County,,VA,944,15799,16743,6,5,11,496,404,900,7,0.275515,0.288021,459.625703,0.000504,0.000578,169,0.000186,0,31,0.566667,0.004525
51137,Orange County,,VA,2691,32711,35402,16,12,28,2903,1484,4387,7,0.307187,0.324578,846.755332,0.003247,0.002052,169,0.000317,0,31,0.520833,0.025397
51139,Page County,,VA,1268,26481,27749,7,4,11,737,563,1300,8,0.237033,0.245649,5.23754,0.001438,0.000062,169,0.000198,0,31,0.761905,0.011207
51141,Patrick County,,VA,916,19567,20483,3,2,5,427,356,783,8,0.232887,0.240684,10.792383,0.000029,0.000014,100,0.000146,0,31,0.333333,0.000457
51143,Pittsylvania County,,VA,3368,70764,74132,10,11,21,2128,2080,4208,7,0.299453,0.315697,2492.86961,0.00045,0.001349,100,0.000282,0,31,0.336364,0.004537
51145,Powhatan County,,VA,1757,26894,28651,6,5,11,1614,1019,2633,7,0.280603,0.293419,1.952024,0.000836,0.001016,169,0.000173,0,31,0.766667,0.0074
51147,Prince Edward County,,VA,1224,16045,17269,7,8,15,508,569,1077,7,0.274759,0.28763,2014.435403,0.000298,0.000398,169,0.000249,0,31,0.232143,0.003297
51149,Prince George County,,VA,4982,32480,37462,19,16,35,2785,2554,5339,6,0.325482,0.344693,1888.146175,0.005055,0.004656,169,0.000301,0,31,0.473684,0.037466
51153,Prince William County,,VA,51245,373698,424943,145,142,287,50036,40649,90685,6,0.396502,0.436934,31581.206229,0.067244,0.06106,169,0.001563,0,31,0.329474,0.458551
51155,Pulaski County,,VA,2182,36594,38776,5,7,12,1161,1202,2363,7,0.255976,0.266343,64.986229,0.000124,0.000113,169,0.000205,0,31,0.380952,0.001074
51157,Rappahannock County,,VA,607,8310,8917,4,3,7,387,247,634,8,0.235839,0.244156,0.3625,0.000553,0.000085,169,0.000116,0,31,0.916667,0.004645
51159,Richmond County,,VA,538,8309,8847,3,3,6,277,254,531,8,0.218656,0.225254,3.764787,0.000012,0.000031,169,0.000154,0,31,0.5,0.000502
51161,Roanoke County,,VA,8590,103718,112308,19,18,37,6040,5794,11834,7,0.315916,0.336616,20379.46856,0.003687,0.004317,169,0.000498,0,31,0.32684,0.030558
51163,Rockbridge County,,VA,1197,23068,24265,3,4,7,465,427,892,8,0.207627,0.213188,11708,0.000001,0.000015,169,0.000239,0,31,0.333333,0.000384
51165,Rockingham County,,VA,4412,83769,88181,11,7,18,3353,2434,5787,7,0.306474,0.323097,4704.815083,0.00191,0.000964,169,0.000337,0,31,0.445455,0.015441
51167,Russell County,,VA,1128,26419,27547,5,6,11,705,726,1431,8,0.236859,0.245789,628.824073,0.000001,0.000025,139,0.000229,0,31,0.428571,0.000513
51169,Scott County,,VA,944,23448,24392,5,4,9,564,557,1121,8,0.236185,0.244549,79.681887,0.000026,0.000028,139,0.000232,0,31,0.366667,0.000746
51171,Shenandoah County,,VA,2536,44315,46851,10,11,21,2090,1304,3394,7,0.307709,0.325285,761.569284,0.001869,0.002052,169,0.000266,0,31,0.532051,0.015264
51173,Smyth County,,VA,1325,34762,36087,2,3,5,439,526,965,8,0.236685,0.245066,78.154458,0.000001,0.000025,139,0.000141,0,31,0.5,0.000228
51175,Southampton County,,VA,976,17830,18806,7,3,10,792,304,1096,7,0.251038,0.259122,0.429631,0.001377,0.000104,169,0.000183,0,31,0.857143,0.010564
51177,Spotsylvania County,,VA,12786,122196,134982,42,32,74,12342,8265,20607,6,0.346425,0.370308,2307.257932,0.017879,0.012931,169,0.000529,0,31,0.560408,0.124205
51179,Stafford County,,VA,17047,122684,139731,51,47,98,13811,11284,25095,6,0.353644,0.380669,4905.731592,0.023745,0.021332,169,0.000634,0,31,0.5156,0.172631
51181,Surry County,,VA,480,7323,7803,2,3,5,155,164,319,7,0.278343,0.290559,11.730262,0.000375,0.000318,169,0.000081,0,31,0.333333,0.002373
51183,Sussex County,,VA,946,10820,11766,4,6,10,244,476,720,7,0.276013,0.288612,2059.314366,0.000328,0.000435,169,0.00012,0,31,0.357143,0.003239
51185,Tazewell County,,VA,2119,43761,45880,5,6,11,1111,806,1917,7,0.257247,0.267768,1551.688891,0.000013,0.000041,139,0.000189,0,31,0.303571,0.000488
51187,Warren County,,VA,3063,38848,41911,14,11,25,2809,1693,4502,7,0.307285,0.324538,1631.480925,0.002502,0.002141,169,0.000301,0,31,0.508333,0.020987
51191,Washington County,,VA,3188,55345,58533,9,8,17,1913,1851,3764,7,0.260036,0.271403,8824.199676,0.000049,0.000102,139,0.000373,0,31,0.254545,0.001412
51193,Westmoreland County,,VA,1298,17777,19075,8,7,15,872,633,1505,7,0.261842,0.273046,3353.042065,0.002436,0.000405,169,0.000169,0,31,0.509091,0.017445
51195,Wise County,,VA,1804,39072,40876,8,7,15,929,890,1819,8,0.236763,0.245812,7488.032336,0.000025,0.000025,139,0.000383,0,31,0.196429,0.001013
51197,Wythe County,,VA,1428,31387,32815,9,6,15,724,596,1320,7,0.256089,0.2662,4676.306294,0.000095,0.000043,139,0.000359,0,31,0.236111,0.001252
51199,York County,,VA,9938,68949,78887,35,30,65,6370,5504,11874,6,0.345558,0.369062,2917.620232,0.012883,0.013024,169,0.000492,0,31,0.5,0.095702
51510,Alexandria city,,VA,34606,133628,168234,94,76,170,22231,28597,50828,6,0.382597,0.414944,3864.405006,0.053352,0.043194,169,0.00093,0,31,0.591814,0.355178
51515,Bedford city,,VA,610,6658,7268,3,3,6,245,289,534,8,0.240291,0.249258,1.29093,0.000076,0.000036,169,0.000119,0,31,0.833333,0.00086
51520,Bristol city,,VA,1944,16609,18553,4,3,7,1275,1382,2657,8,0.239202,0.247914,6.920804,0.000049,0.000061,139,0.000195,0,31,0.666667,0.000936
51530,Buena Vista city,,VA,582,6775,7357,2,2,4,233,266,499,9,0.17195,0.175174,0,0,0,169,0.000176,0,31,1,0.000187
51540,Charlottesville city,,VA,6232,34394,40626,18,21,39,2811,3972,6783,6,0.346177,0.368579,7082.38197,0.005233,0.008062,169,0.000384,0,31,0.480072,0.040513
51550,Chesapeake city,,VA,25404,229563,254967,69,63,132,21440,18179,39619,6,0.365123,0.394894,11336.197719,0.030919,0.026356,169,0.000825,0,31,0.430647,0.211744
51570,Colonial Heights city,,VA,2524,19432,21956,7,7,14,1655,1687,3342,7,0.281939,0.295159,0,0.000881,0.001066,169,0.000169,0,31,1,0.007826
51580,Covington city,,VA,471,7094,7565,1,1,2,129,121,250,9,0.193738,0.198385,0,0.000001,0,169,0.000094,0,31,0,0.000094
51590,Danville city,,VA,3375,47510,50885,6,8,14,1511,1825,3336,7,0.29579,0.31259,1201.632743,0.000409,0.001161,100,0.000181,0,31,0.464286,0.00386
51595,Emporia city,,VA,506,6136,6642,3,2,5,143,151,294,8,0.215682,0.221752,0.45,0.00001,0.000003,169,0.000145,0,31,0.5,0.000334
51600,Fairfax city,,VA,4807,24000,28807,7,10,17,2878,3588,6466,7,0.309382,0.326899,0,0.003838,0.004985,169,0.000121,0,31,0.933333,0.029289
51610,Falls Church city,,VA,1896,11476,13372,7,6,13,1312,1145,2457,7,0.308166,0.324923,0,0.003838,0.003823,169,0.000121,0,31,1,0.029289
51620,Franklin city,,VA,892,8979,9871,5,3,8,523,372,895,7,0.251038,0.259122,0,0.000907,0.000108,169,0.000169,0,31,0.9,0.00731
51630,Fredericksburg city,,VA,4963,17657,22620,9,10,19,2977,3508,6485,7,0.307807,0.325296,20.292839,0.002643,0.002873,169,0.000168,0,31,0.787879,0.019878
51640,Galax city,,VA,567,7528,8095,2,2,4,237,181,418,8,0.203721,0.208853,0,0,0.000002,100,0.000154,0,31,1,0.000219
51650,Hampton city,,VA,20388,140037,160425,60,52,112,13042,13480,26522,6,0.369399,0.398398,5811.499748,0.029088,0.028727,169,0.000732,0,31,0.564789,0.206354
51660,Harrisonburg city,,VA,4852,30698,35550,9,14,23,1997,2817,4814,7,0.30958,0.328317,4310.604001,0.001496,0.002922,169,0.000303,0,31,0.438095,0.011927
51670,Hopewell city,,VA,2823,22909,25732,7,7,14,1945,1833,3778,7,0.281939,0.295159,0,0.000881,0.001066,169,0.000169,0,31,1,0.007826
51678,Lexington city,,VA,703,5506,6209,2,2,4,131,148,279,9,0.17195,0.175174,0,0,0,169,0.000176,0,31,1,0.000187
51680,Lynchburg city,,VA,5955,62594,68549,14,17,31,3145,3693,6838,7,0.315675,0.336243,15533.004224,0.003097,0.004622,169,0.000375,0,31,0.4375,0.025204
51683,Manassas city,,VA,8018,38523,46541,12,14,26,5481,6046,11527,7,0.309514,0.327548,7.239099,0.004713,0.004335,169,0.000174,0,31,0.676471,0.035303
51685,Manassas Park city,,VA,2968,12300,15268,7,9,16,2197,2186,4383,7,0.308921,0.326037,1.217634,0.002587,0.002859,169,0.000127,0,31,0.772727,0.020735
51690,Martinsville city,,VA,1225,14947,16172,3,5,8,678,705,1383,7,0.282378,0.295263,33.89908,0.000019,0.000461,100,0.000118,0,31,0.8,0.000436
51700,Newport News city,,VA,30448,184905,215353,77,92,169,16444,20841,37285,6,0.385085,0.419377,21888.301269,0.036159,0.044705,169,0.000965,0,31,0.463675,0.25438
51710,Norfolk city,,VA,37049,213485,250534,97,104,201,22716,26405,49121,6,0.390316,0.426131,13448.368606,0.046916,0.049149,169,0.001083,0,31,0.4475,0.321338
51720,Norton city,,VA,534,4003,4537,1,1,2,168,254,422,9,0.19145,0.195973,0,0,0,139,0.000097,0,31,0,0.00011
51730,Petersburg city,,VA,4088,33020,37108,8,10,18,2007,2581,4588,7,0.296455,0.312814,86.056581,0.000879,0.001761,169,0.00019,0,31,0.6,0.00794
51735,Poquoson city,,VA,1137,13798,14935,3,5,8,667,566,1233,7,0.293309,0.308863,0,0.000693,0.001309,169,0.000085,0,31,1,0.004671
51740,Portsmouth city,,VA,12403,99752,112155,21,23,44,8798,8523,17321,6,0.340411,0.361963,637.536996,0.011043,0.009432,169,0.000262,0,31,0.607527,0.073728
51750,Radford city,,VA,1696,10281,11977,2,4,6,651,810,1461,7,0.306636,0.322913,133.149489,0.000082,0.000989,169,0.000094,0,31,0.75,0.000525
51760,Richmond city,,VA,23192,177397,200589,69,60,129,16625,18868,35493,6,0.365537,0.395262,21213.088089,0.023538,0.025827,169,0.001056,0,31,0.39337,0.164617
51770,Roanoke city,,VA,10029,96430,106459,21,17,38,6157,6933,13090,7,0.315435,0.335697,14772.029185,0.004902,0.004357,169,0.00046,0,31,0.355385,0.035723
51775,Salem city,,VA,2647,26231,28878,6,6,12,1906,1758,3664,7,0.25566,0.265855,19.835309,0.000156,0.000126,169,0.000199,0,31,0.933333,0.001605
51790,Staunton city,,VA,2142,24500,26642,6,5,11,1331,1246,2577,7,0.261748,0.27184,4342.34156,0.000146,0.000157,169,0.000248,0,31,0.7,0.001735
51800,Suffolk city,,VA,8256,80386,88642,25,15,40,7316,4914,12230,6,0.335027,0.354543,7414.018525,0.008946,0.004326,169,0.000436,0,31,0.564615,0.063055
51810,Virginia Beach city,,VA,59387,477753,537140,196,202,398,38887,44712,83599,6,0.411806,0.458718,74523.06242,0.08254,0.080232,169,0.002169,0,31,0.297663,0.556555
51820,Waynesboro city,,VA,2281,22453,24734,7,7,14,1540,1324,2864,7,0.262363,0.272919,13.202041,0.000211,0.000207,169,0.000257,0,31,0.690476,0.002208
51830,Williamsburg city,,VA,1581,8359,9940,4,5,9,639,713,1352,7,0.279684,0.292696,0,0.000737,0.0009,169,0.000102,0,31,0.95,0.005338
51840,Winchester city,,VA,4405,25453,29858,10,11,21,2563,3120,5683,7,0.307318,0.324567,2890.733686,0.002604,0.002137,169,0.000276,0,31,0.583333,0.020026
53001,Adams County,,WA,1325,17425,18750,6,5,11,596,659,1255,6,0.309349,0.32446,0,0.001327,0.001274,167,0.000127,0,31,1,0.010439
53003,Asotin County,,WA,2063,20888,22951,7,6,13,1248,1209,2457,7,0.273464,0.287481,2970.542293,0.001147,0.000696,167,0.000204,0,31,0.625,0.008609
53005,Benton County,,WA,12747,170053,182800,45,39,84,8952,8919,17871,6,0.351204,0.377349,3993.854362,0.014123,0.014111,167,0.000645,0,31,0.492157,0.106573
53007,Chelan County,,WA,5536,73471,79007,17,17,34,4077,3792,7869,6,0.341372,0.362026,189.053243,0.006261,0.005913,167,0.000245,0,31,0.8,0.047086
53009,Clallam County,,WA,3972,72484,76456,28,16,44,3201,1839,5040,6,0.336698,0.357185,64.948366,0.012684,0.005645,167,0.000344,0,31,0.725287,0.091079
53011,Clark County,,WA,24099,420968,445067,88,83,171,25764,17955,43719,6,0.359737,0.392609,6605.705888,0.026972,0.027836,167,0.001144,0,31,0.400311,0.201103
53013,Columbia County,,WA,382,4208,4590,1,1,2,129,121,250,7,0.240351,0.247887,0,0.000033,0.000032,167,0.000064,0,31,0,0.000335
53015,Cowlitz County,,WA,6263,101039,107302,26,24,50,4734,4080,8814,6,0.338071,0.359999,6046.47267,0.00915,0.008113,167,0.000403,0,31,0.723647,0.070637
53017,Douglas County,,WA,3303,33800,37103,9,9,18,2600,2480,5080,6,0.312413,0.32848,0.412263,0.002276,0.00226,167,0.000156,0,31,0.958333,0.017135
53019,Ferry County,,WA,635,6353,6988,3,3,6,186,267,453,6,0.308691,0.323564,0,0.000282,0.0011,167,0.000105,0,31,0.916667,0.002433
53021,Franklin County,,WA,5072,60148,65220,15,12,27,5445,3625,9070,6,0.331506,0.350586,126.479632,0.005645,0.003619,167,0.000226,0,31,0.757143,0.041671
53023,Garfield County,,WA,159,2389,2548,0,1,1,0,56,56,8,0.214798,0.221316,0,0,0.000009,167,0.00005,0,266,0,0
53025,Grant County,,WA,4978,80243,85221,22,22,44,2821,3006,5827,6,0.333066,0.35406,939.802963,0.007006,0.004597,167,0.000333,0,31,0.594253,0.051098
53027,Grays Harbor County,,WA,4142,68645,72787,19,18,37,2921,2759,5680,6,0.333602,0.353992,54.299508,0.007819,0.00552,167,0.000281,0,31,0.821429,0.059495
53029,Island County,,WA,11211,81599,92810,31,32,63,6665,6146,12811,6,0.354378,0.378664,238.044596,0.014939,0.014964,167,0.000372,0,31,0.611862,0.107912
53031,Jefferson County,,WA,2203,30348,32551,9,7,16,1411,1169,2580,6,0.331014,0.349351,0,0.00446,0.003404,167,0.00015,0,31,0.988889,0.032716
53033,King County,,WA,124024,1992316,2116340,307,286,593,105235,110869,216104,5,0.444683,0.49451,175474.957668,0.105056,0.098903,167,0.003779,0,31,0.199188,0.720206
53035,Kitsap County,,WA,26466,262513,288979,74,87,161,16079,17917,33996,6,0.37659,0.4102,3385.642943,0.030922,0.034199,167,0.000845,0,31,0.43449,0.224315
53037,Kittitas County,,WA,2924,32407,35331,13,12,25,2191,1749,3940,6,0.331506,0.350615,0.932351,0.002931,0.003965,167,0.000206,0,31,0.912088,0.02288
53039,Klickitat County,,WA,1661,19567,21228,9,8,17,836,829,1665,7,0.288383,0.303352,62.619367,0.00207,0.001154,167,0.000176,0,31,0.690909,0.016714
53041,Lewis County,,WA,4688,74343,79031,19,17,36,3865,3104,6969,6,0.332075,0.352022,24.644824,0.007224,0.005134,167,0.000271,0,31,0.814229,0.054168
53043,Lincoln County,,WA,883,11093,11976,3,3,6,355,470,825,7,0.270734,0.283171,0.325,0.000298,0.000314,167,0.000105,0,31,0.666667,0.00269
53045,Mason County,,WA,4281,54930,59211,12,10,22,3891,2791,6682,6,0.331127,0.349868,0.757343,0.00578,0.003654,167,0.000183,0,31,0.912088,0.043266
53047,Okanogan County,,WA,2455,39339,41794,11,12,23,1319,1233,2552,6,0.312446,0.328911,124.924904,0.002625,0.00255,167,0.000174,0,31,0.738095,0.019662
53049,Pacific County,,WA,1355,20756,22111,11,8,19,978,639,1617,6,0.311574,0.32747,1.619593,0.002996,0.00231,167,0.000186,0,31,0.863636,0.024131
53051,Pend Oreille County,,WA,1139,11996,13135,4,5,9,662,660,1322,6,0.308789,0.323966,0.333333,0.00108,0.001302,167,0.000131,0,31,0.9,0.008643
53053,Pierce County,,WA,59402,795734,855136,162,189,351,48469,46581,95050,6,0.419425,0.462779,35278.101859,0.05871,0.070424,167,0.001942,0,31,0.288558,0.419641
53055,San Juan County,,WA,1179,16066,17245,5,4,9,479,445,924,6,0.308199,0.323076,0.107729,0.00274,0.001433,167,0.000105,0,31,0.966667,0.020931
53057,Skagit County,,WA,7467,117099,124566,22,26,48,5768,4763,10531,6,0.343269,0.365673,229.560336,0.008478,0.010726,167,0.000312,0,31,0.664315,0.062835
53059,Skamania County,,WA,781,9807,10588,4,3,7,443,423,866,7,0.284817,0.298154,0,0.000652,0.000721,167,0.000107,0,31,0.916667,0.005651
53061,Snohomish County,,WA,47218,710090,757308,122,115,237,46031,38639,84670,6,0.383406,0.420204,14328.284712,0.0489,0.043032,167,0.001485,0,31,0.373349,0.353937
53063,Spokane County,,WA,24792,471859,496651,100,94,194,20457,17856,38313,6,0.3711,0.406168,34731.561624,0.02706,0.03054,167,0.001488,0,31,0.319283,0.203171
53065,Stevens County,,WA,3338,42424,45762,14,8,22,2317,2004,4321,6,0.311741,0.327728,1110.504053,0.005075,0.002079,167,0.00027,0,31,0.604396,0.038463
53067,Thurston County,,WA,18178,249805,267983,69,51,120,16053,12527,28580,6,0.353859,0.381312,1353.076106,0.026934,0.020678,167,0.000818,0,31,0.504443,0.195944
53069,Wahkiakum County,,WA,270,3862,4132,1,1,2,86,91,177,7,0.252677,0.261204,0,0.000065,0.000073,167,0.000065,0,31,0,0.000665
53071,Walla Walla County,,WA,3848,56380,60228,13,16,29,1980,2197,4177,6,0.316363,0.334712,5866.030768,0.00399,0.004057,167,0.000247,0,31,0.722222,0.030094
53073,Whatcom County,,WA,10882,194076,204958,43,37,80,8332,7106,15438,6,0.344697,0.368918,488.894338,0.016245,0.012976,167,0.000523,0,31,0.573129,0.117781
53075,Whitman County,,WA,4749,33564,38313,18,21,39,2315,2795,5110,6,0.343188,0.364984,887.400467,0.003269,0.008148,167,0.000307,0,31,0.675,0.025835
53077,Yakima County,,WA,10709,241818,252527,37,45,82,5402,7307,12709,6,0.346549,0.372014,828.300397,0.012046,0.013723,167,0.000491,0,31,0.541667,0.089898
54001,Barbour County,,WV,702,15899,16601,4,5,9,388,359,747,7,0.254338,0.263319,2878.180431,0.000001,0.000028,121,0.000223,0,31,0.6,0.00044
54003,Berkeley County,,WV,5692,100172,105864,30,13,43,7046,2734,9780,7,0.309811,0.327703,8649.810707,0.006489,0.003051,169,0.000617,0,31,0.375862,0.046738
54005,Boone County,,WV,1181,24736,25917,4,4,8,597,650,1247,8,0.251255,0.261913,2.507143,0.000093,0.000029,114,0.000161,0,31,0.666667,0.000647
54007,Braxton County,,WV,606,13385,13991,4,4,8,194,211,405,8,0.251277,0.261971,6671.14984,0.000093,0.00002,114,0.000233,0,31,0.25,0.000563
54009,Brooke County,,WV,1412,28023,29435,6,5,11,747,731,1478,7,0.298192,0.313184,2.527219,0.00085,0.000681,121,0.000126,0,31,0.766667,0.005063
54011,Cabell County,,WV,6450,95402,101852,13,15,28,3168,3598,6766,7,0.31499,0.335226,7791.167324,0.000877,0.002719,114,0.000392,0,31,0.248366,0.006705
54013,Calhoun County,,WV,340,6937,7277,1,0,1,50,0,50,0,0,0,0,0,0,114,0.000093,0,8,0,0.000096
54015,Clay County,,WV,610,9474,10084,2,3,5,190,273,463,8,0.251234,0.261741,4.666667,0.000093,0.000021,114,0.00011,0,31,0.583333,0.000385
54017,Doddridge County,,WV,293,5152,5445,2,2,4,118,129,247,8,0.208762,0.214591,11.497598,0.000001,0.000007,121,0.000135,0,31,0,0.000241
54019,Fayette County,,WV,2274,44519,46793,4,4,8,886,1104,1990,8,0.251299,0.262,6.833333,0.000093,0.000022,114,0.000185,0,31,0.75,0.000602
54021,Gilmer County,,WV,427,6137,6564,1,1,2,44,49,93,9,0.20083,0.206122,0,0,0.000001,114,0.0001,0,31,0,0.000098
54023,Grant County,,WV,643,13107,13750,3,3,6,267,253,520,9,0.191982,0.196867,2961.915909,0.000001,0.000001,169,0.000196,0,31,0.166667,0.000295
54025,Greenbrier County,,WV,1478,36838,38316,6,5,11,445,328,773,8,0.251342,0.262201,4707.412363,0.000093,0.000022,114,0.000266,0,31,0.3,0.000777
54027,Hampshire County,,WV,1255,23594,24849,10,6,16,937,612,1549,8,0.237771,0.246622,891.061676,0.000685,0.000131,169,0.000351,0,31,0.377778,0.005918
54029,Hancock County,,WV,1921,37470,39391,6,6,12,1234,1039,2273,7,0.29813,0.313253,2.170536,0.000938,0.000725,121,0.000118,0,31,0.733333,0.005287
54031,Hardy County,,WV,872,14771,15643,5,4,9,371,311,682,8,0.236763,0.244939,4957.869568,0.000059,0.000058,169,0.000221,0,31,0.404762,0.001031
54033,Harrison County,,WV,3469,76491,79960,10,11,21,1413,1439,2852,7,0.263746,0.275788,23329.738834,0.000868,0.000055,121,0.000401,0,31,0.25,0.005452
54035,Jackson County,,WV,1377,30937,32314,5,4,9,664,654,1318,8,0.251451,0.262287,18.040584,0.0001,0.000029,114,0.000228,0,31,0.55,0.000759
54037,Jefferson County,,WV,4239,52404,56643,14,9,23,3935,2370,6305,7,0.308199,0.325285,54.215768,0.00453,0.002551,169,0.000256,0,31,0.661905,0.03202
54039,Kanawha County,,WV,10542,217417,227959,24,36,60,4838,6007,10845,7,0.335298,0.361536,103342.724893,0.002456,0.011523,114,0.000819,0,31,0.233997,0.020588
54041,Lewis County,,WV,864,18880,19744,3,3,6,371,358,729,8,0.208822,0.214878,20.833333,0.000001,0.000008,121,0.000165,0,31,0.333333,0.000342
54043,Lincoln County,,WV,1090,21224,22314,6,5,11,675,758,1433,8,0.251997,0.263073,8.701107,0.000115,0.000036,114,0.000221,0,31,0.6,0.000904
54045,Logan County,,WV,1340,35486,36826,6,7,13,534,750,1284,8,0.252172,0.263648,3799.963639,0.000863,0.000036,114,0.0002,0,31,0.392857,0.00587
54047,McDowell County,,WV,1014,17833,18847,2,4,6,202,512,714,8,0.241411,0.250603,41.788045,0.000011,0.000149,139,0.000115,0,31,0.25,0.000207
54049,Marion County,,WV,2643,60559,63202,6,5,11,1205,1106,2311,7,0.262648,0.273393,283.454567,0.000029,0.000048,121,0.00028,0,31,0.404762,0.000797
54051,Marshall County,,WV,1678,37030,38708,3,3,6,728,787,1515,8,0.235743,0.243704,2799.649327,0.000023,0.000014,121,0.000119,0,31,0.333333,0.000377
54053,Mason County,,WV,1102,26653,27755,6,6,12,563,566,1129,8,0.252172,0.263504,59.25873,0.000127,0.000041,116,0.000241,0,31,0.4,0.00094
54055,Mercer County,,WV,3189,61491,64680,8,13,21,1109,1430,2539,7,0.302954,0.319803,19025.894383,0.000094,0.001395,139,0.000313,0,31,0.192308,0.000973
54057,Mineral County,,WV,1419,31056,32475,5,4,9,813,627,1440,8,0.237247,0.245651,3490.711235,0.000023,0.000083,169,0.000253,0,31,0.4,0.000794
54059,Mingo County,,WV,1156,24657,25813,4,4,8,404,461,865,8,0.222154,0.229755,2825.165841,0.000751,0.000009,114,0.000122,0,31,0.1,0.005438
54061,Monongalia County,,WV,5767,78271,84038,19,15,34,2297,2258,4555,6,0.340331,0.361004,39670.804914,0.002556,0.003446,121,0.000579,0,31,0.188312,0.018125
54063,Monroe County,,WV,641,12984,13625,4,3,7,290,306,596,8,0.232644,0.240287,60.851116,0.000012,0.000002,114,0.000189,0,31,0.333333,0.000405
54065,Morgan County,,WV,963,17524,18487,8,4,12,765,421,1186,8,0.238612,0.24769,10.946557,0.002275,0.000148,169,0.000187,0,31,0.680556,0.015699
54067,Nicholas County,,WV,1172,26794,27966,4,5,9,438,415,853,8,0.251277,0.262086,5861.85119,0.000093,0.000022,114,0.000236,0,31,0.366667,0.000573
54069,Ohio County,,WV,2671,51381,54052,6,8,14,1250,1427,2677,7,0.308068,0.325262,3852.022716,0.000838,0.001433,121,0.000148,0,31,0.535714,0.005022
54071,Pendleton County,,WV,529,8929,9458,1,2,3,45,107,152,8,0.23479,0.242289,384.614522,0,0.000015,169,0.000106,0,31,0,0.000094
54073,Pleasants County,,WV,514,8155,8669,3,3,6,242,281,523,8,0.234448,0.242119,8.011616,0.000013,0.000014,116,0.000163,0,31,0.666667,0.0004
54075,Pocahontas County,,WV,483,9421,9904,0,1,1,0,52,52,9,0.200914,0.206315,0,0,0.000001,114,0.00005,0,267,0,0
54077,Preston County,,WV,1223,33033,34256,5,3,8,735,576,1311,7,0.254182,0.262745,31.302655,0.000035,0.000035,121,0.000211,0,31,0.45,0.000781
54079,Putnam County,,WV,4095,60128,64223,8,5,13,2889,2196,5085,8,0.251997,0.263073,47.867087,0.00015,0.000029,114,0.000284,0,31,0.472222,0.001331
54081,Raleigh County,,WV,3830,77430,81260,9,10,19,1416,1335,2751,7,0.263938,0.275805,1818.983712,0.000126,0.000052,114,0.000346,0,31,0.263636,0.001152
54083,Randolph County,,WV,1211,30947,32158,4,3,7,380,298,678,8,0.20288,0.207762,5856,0.000001,0,121,0.000259,0,31,0.5,0.00043
54085,Ritchie County,,WV,659,11816,12475,3,3,6,290,245,535,8,0.234316,0.241786,125.926258,0.000007,0.000007,116,0.000188,0,31,0.333333,0.000346
54087,Roane County,,WV,683,15173,15856,3,3,6,360,312,672,8,0.25119,0.261626,2956.5,0.000093,0.00002,114,0.00015,0,31,0.333333,0.000482
54089,Summers County,,WV,621,11278,11899,3,4,7,274,303,577,8,0.232831,0.240804,10.705556,0.000012,0.000003,114,0.000146,0,31,0.666667,0.000327
54091,Taylor County,,WV,864,16724,17588,4,5,9,498,510,1008,7,0.254405,0.263377,57.128265,0.000029,0.000028,121,0.0002,0,31,0.65,0.000606
54093,Tucker County,,WV,424,7833,8257,1,1,2,55,112,167,9,0.168672,0.171428,0,0,0,121,0.000124,0,31,0,0.000097
54095,Tyler County,,WV,560,9879,10439,1,1,2,163,190,353,8,0.202795,0.207154,0,0,0,121,0.000088,0,31,0,0.000094
54097,Upshur County,,WV,1164,23935,25099,4,6,10,293,473,766,7,0.254405,0.263578,3475.40591,0.000001,0.000028,121,0.00024,0,31,0.466667,0.000436
54099,Wayne County,,WV,2308,40797,43105,5,7,12,1340,1468,2808,8,0.252414,0.264165,588.06108,0.000039,0.000048,114,0.000178,0,31,0.333333,0.000699
54101,Webster County,,WV,387,8811,9198,1,1,2,88,112,200,9,0.20083,0.20615,0,0,0.000001,114,0.000091,0,31,0,0.000099
54103,Wetzel County,,WV,904,19249,20153,3,4,7,311,323,634,7,0.254361,0.263147,5901.544503,0.000006,0.000021,121,0.000179,0,31,0.1,0.000276
54105,Wirt County,,WV,391,5459,5850,1,1,2,203,223,426,8,0.234259,0.241384,0,0.000006,0.000007,116,0.000084,0,31,0,0.000158
54107,Wood County,,WV,4421,97519,101940,11,11,22,1954,1846,3800,7,0.305892,0.322631,16677.372049,0.000914,0.000807,116,0.000433,0,31,0.242424,0.006699
54109,Wyoming County,,WV,876,21909,22785,4,3,7,323,380,703,8,0.232849,0.24069,1129.634855,0.000002,0.000002,114,0.000155,0,31,0.3,0.000481
55001,Adams County,,WI,1453,20807,22260,11,7,18,1108,736,1844,6,0.297184,0.31059,43.341224,0.002282,0.000846,19,0.000219,0,31,0.636364,0.015361
55003,Ashland County,,WI,1233,18544,19777,2,3,5,269,338,607,7,0.2339,0.240972,9.476733,0.000001,0.000006,134,0.000109,0,31,0.333333,0.000192
55005,Barron County,,WI,2868,54606,57474,13,12,25,1441,1542,2983,6,0.306603,0.322898,1223.459523,0.001262,0.001514,134,0.000297,0,31,0.557143,0.009268
55007,Bayfield County,,WI,971,17602,18573,4,3,7,364,320,684,7,0.233749,0.240725,2956.489278,0.000046,0.000012,134,0.000146,0,31,0.333333,0.000818
55009,Brown County,,WI,13386,288634,302020,41,47,88,8557,9175,17732,6,0.356205,0.382627,37005.886542,0.008867,0.012244,19,0.000742,0,31,0.298044,0.063718
55011,Buffalo County,,WI,872,17064,17936,5,5,10,490,471,961,7,0.256157,0.265994,11.084638,0.000054,0.000096,134,0.000166,0,31,0.466667,0.000977
55013,Burnett County,,WI,1117,18041,19158,8,7,15,643,509,1152,6,0.304257,0.318861,201.369143,0.001117,0.000878,134,0.000178,0,31,0.680556,0.007618
55015,Calumet County,,WI,3922,53050,56972,9,9,18,2956,2881,5837,6,0.297611,0.3114,0.900281,0.001035,0.001021,19,0.000157,0,31,0.881818,0.006836
55017,Chippewa County,,WI,3786,70092,73878,12,11,23,2666,2413,5079,6,0.306603,0.322783,2165.48455,0.001414,0.001107,134,0.000289,0,31,0.492424,0.010601
55019,Clark County,,WI,2211,39587,41798,6,8,14,980,1327,2307,6,0.289217,0.302682,124.06104,0.000105,0.000518,19,0.000171,0,31,0.589286,0.001538
55021,Columbia County,,WI,4731,67728,72459,13,11,24,3669,3147,6816,6,0.297275,0.311222,115.373596,0.002251,0.000965,19,0.000262,0,31,0.554945,0.015682
55023,Crawford County,,WI,1140,19346,20486,5,5,10,456,566,1022,6,0.289044,0.301826,180.800433,0.000444,0.000427,19,0.000156,0,31,0.45,0.003522
55025,Dane County,,WI,30830,533588,564418,137,126,263,23755,23032,46787,5,0.405138,0.441816,92453.904199,0.0468,0.0491,19,0.001889,0,31,0.291667,0.31863
55027,Dodge County,,WI,6366,100782,107148,14,18,32,4771,4700,9471,6,0.32717,0.346382,204.412922,0.002488,0.002363,19,0.000232,0,31,0.614035,0.017018
55029,Door County,,WI,1670,35246,36916,7,5,12,757,676,1433,6,0.297488,0.310711,463.274113,0.002445,0.000879,19,0.000138,0,31,0.75,0.015216
55031,Douglas County,,WI,2561,49420,51981,7,7,14,1212,1216,2428,6,0.304448,0.319119,6451.227562,0.000729,0.001086,134,0.000217,0,31,0.388889,0.005405
55033,Dunn County,,WI,3155,42456,45611,12,14,26,1825,1814,3639,6,0.309415,0.326229,1085.117004,0.00178,0.001939,134,0.000265,0,31,0.604762,0.012696
55035,Eau Claire County,,WI,7555,102409,109964,33,31,64,4745,5232,9977,6,0.343473,0.366626,32355.851385,0.005558,0.004566,134,0.000639,0,31,0.3003,0.039877
55037,Florence County,,WI,381,5510,5891,1,1,2,106,85,191,8,0.209274,0.214507,0,0.000001,0.000001,19,0.000095,0,31,0,0.000112
55039,Fond du Lac County,,WI,5338,120766,126104,17,19,36,3539,3372,6911,6,0.335919,0.356484,427.628554,0.003215,0.003345,19,0.000258,0,31,0.538961,0.022292
55041,Forest County,,WI,598,10491,11089,3,3,6,153,172,325,7,0.262743,0.272739,2.140039,0.000115,0.000095,19,0.000107,0,31,0.5,0.001018
55043,Grant County,,WI,3079,57626,60705,11,12,23,1497,1761,3258,6,0.298253,0.312819,125.956946,0.000995,0.00109,19,0.000252,0,31,0.379121,0.007171
55045,Green County,,WI,2316,42760,45076,5,7,12,1701,1415,3116,6,0.28867,0.301591,10.432472,0.000613,0.000486,19,0.000118,0,31,0.5,0.004258
55047,Green Lake County,,WI,1487,23506,24993,6,7,13,801,913,1714,6,0.289073,0.302027,2.038963,0.00059,0.000513,19,0.000131,0,31,0.732143,0.004185
55049,Iowa County,,WI,1896,27942,29838,6,5,11,1430,1249,2679,6,0.288498,0.301017,1.916667,0.000435,0.000409,19,0.000155,0,31,0.7,0.003471
55051,Iron County,,WI,425,7319,7744,1,1,2,83,98,181,9,0.169006,0.171685,0,0,0,115,0.000158,0,31,0,0.000096
55053,Jackson County,,WI,1224,21432,22656,5,5,10,645,633,1278,7,0.256134,0.265977,5.279313,0.000083,0.000093,134,0.000155,0,31,0.55,0.001255
55055,Jefferson County,,WI,6468,91429,97897,11,10,21,5154,4226,9380,6,0.297947,0.312227,14.909912,0.002365,0.001247,19,0.000175,0,31,0.724359,0.015777
55057,Juneau County,,WI,2019,29311,31330,13,8,21,1359,1159,2518,6,0.288814,0.301964,86.855175,0.002389,0.000502,19,0.000255,0,31,0.608974,0.016353
55059,Kenosha County,,WI,10927,180314,191241,19,19,38,8715,6654,15369,6,0.349008,0.371169,112.176026,0.009298,0.00881,19,0.000228,0,31,0.70471,0.063189
55061,Kewaunee County,,WI,1257,25072,26329,3,3,6,778,777,1555,7,0.26272,0.272681,0.4,0.000115,0.000108,19,0.000101,0,31,0.666667,0.001077
55063,La Crosse County,,WI,6978,122118,129096,31,27,58,3969,4181,8150,6,0.343351,0.365966,11166.423432,0.004892,0.004618,134,0.000599,0,31,0.350379,0.036206
55065,Lafayette County,,WI,1131,20131,21262,4,5,9,663,767,1430,6,0.289044,0.30178,6.29305,0.00041,0.000409,19,0.000122,0,31,0.7,0.003111
55067,Langlade County,,WI,1106,24163,25269,5,3,8,386,407,793,7,0.25566,0.264667,2.930159,0.000541,0.000065,19,0.000152,0,31,0.6,0.003639
55069,Lincoln County,,WI,1640,36153,37793,5,3,8,742,685,1427,6,0.288613,0.300959,0,0.001024,0.000434,19,0.000131,0,31,1,0.00674
55071,Manitowoc County,,WI,3678,100937,104615,10,12,22,1802,2171,3973,6,0.297977,0.312377,517.780814,0.002147,0.001236,19,0.000191,0,31,0.737179,0.014789
55073,Marathon County,,WI,6254,156368,162622,31,24,55,4299,3747,8046,6,0.343188,0.36542,12566.003511,0.004974,0.004273,19,0.000567,0,31,0.396169,0.036449
55075,Marinette County,,WI,2730,49836,52566,11,8,19,1778,1433,3211,6,0.297641,0.311343,617.123999,0.00137,0.000945,19,0.000237,0,31,0.618182,0.009346
55077,Marquette County,,WI,1257,18009,19266,7,5,12,915,604,1519,6,0.288555,0.301131,3.799879,0.000928,0.000438,19,0.000161,0,31,0.714286,0.006408
55078,Menominee County,,WI,313,4501,4814,1,2,3,92,217,309,7,0.262743,0.272624,0,0.000008,0.000077,19,0.000068,0,31,1,0.000144
55079,Milwaukee County,,WI,54752,1025120,1079872,120,149,269,30464,45591,76055,6,0.414927,0.453888,67969.702081,0.048253,0.060899,19,0.00149,0,31,0.328054,0.327703
55081,Monroe County,,WI,2846,48932,51778,8,8,16,1306,1327,2633,6,0.28913,0.302538,198.738785,0.000973,0.000519,134,0.000205,0,31,0.622222,0.006832
55083,Oconto County,,WI,2635,44952,47587,6,7,13,1914,1705,3619,6,0.29758,0.311113,58.421861,0.000696,0.000896,19,0.000144,0,31,0.732143,0.004697
55085,Oneida County,,WI,2859,46151,49010,14,11,25,1461,1207,2668,6,0.297947,0.312204,1178.722254,0.002388,0.001189,19,0.000328,0,31,0.519048,0.016372
55087,Outagamie County,,WI,13320,209995,223315,33,31,64,10345,10004,20349,6,0.347337,0.371307,2520.335079,0.005587,0.006664,19,0.000524,0,31,0.402381,0.039841
55089,Ozaukee County,,WI,6671,104628,111299,13,14,27,4572,4335,8907,6,0.342338,0.363094,32.401226,0.003706,0.004377,19,0.00019,0,31,0.854167,0.023938
55091,Pepin County,,WI,610,9087,9697,4,4,8,270,288,558,7,0.255818,0.265155,2.076471,0.000063,0.000071,134,0.000133,0,31,0.666667,0.00095
55093,Pierce County,,WI,2969,43730,46699,11,10,21,2299,1848,4147,6,0.304704,0.319952,587.507849,0.001409,0.001217,134,0.000241,0,31,0.681818,0.010236
55095,Polk County,,WI,2754,51586,54340,12,11,23,2237,1746,3983,6,0.304512,0.319751,8.279921,0.001511,0.001259,134,0.000243,0,31,0.75,0.010716
55097,Portage County,,WI,4186,76953,81139,16,15,31,2140,2265,4405,6,0.33553,0.355755,331.428445,0.003149,0.003206,19,0.000277,0,31,0.655263,0.021512
55099,Price County,,WI,942,18276,19218,2,5,7,155,284,439,7,0.256089,0.265931,138.600562,0.000001,0.000104,19,0.000099,0,31,0.35,0.000192
55101,Racine County,,WI,10952,228690,239642,18,27,45,8279,6954,15233,6,0.351034,0.374937,280.275011,0.006666,0.009119,19,0.000239,0,31,0.568783,0.045422
55103,Richland County,,WI,1190,20098,21288,5,6,11,591,727,1318,6,0.288699,0.301505,2.755159,0.000431,0.000448,19,0.000153,0,31,0.733333,0.003359
55105,Rock County,,WI,7980,184717,192697,23,22,45,5478,4557,10035,6,0.342742,0.364588,729.933909,0.006618,0.004531,19,0.000303,0,31,0.521839,0.043404
55107,Rusk County,,WI,1021,17308,18329,4,3,7,364,355,719,7,0.255796,0.264983,0.733333,0.000058,0.000066,134,0.000132,0,31,0.75,0.000959
55109,St. Croix County,,WI,5345,89568,94913,19,14,33,6147,3446,9593,6,0.309415,0.326229,236.349007,0.003118,0.002083,134,0.00036,0,31,0.57381,0.02395
55111,Sauk County,,WI,4174,71323,75497,17,17,34,3050,2635,5685,6,0.331468,0.351137,964.332151,0.002325,0.002713,19,0.000346,0,31,0.435673,0.016688
55113,Sawyer County,,WI,1185,19531,20716,4,6,10,287,357,644,7,0.255908,0.265615,783.411831,0.000708,0.000062,134,0.000144,0,31,0.52381,0.004944
55115,Shawano County,,WI,2701,47745,50446,9,11,20,1802,1817,3619,6,0.297794,0.311946,3342.08249,0.000731,0.00102,19,0.000227,0,31,0.6,0.0053
55117,Sheboygan County,,WI,5441,141509,146950,16,15,31,3292,3094,6386,6,0.339217,0.359448,293.478975,0.004217,0.003377,19,0.000232,0,31,0.731618,0.029606
55119,Taylor County,,WI,1128,22906,24034,4,6,10,424,498,922,7,0.256179,0.266275,2955.495292,0.000048,0.000117,19,0.000128,0,31,0.666667,0.000818
55121,Trempealeau County,,WI,1877,35249,37126,7,6,13,1402,1115,2517,7,0.256225,0.266252,11.049745,0.000109,0.000107,134,0.000202,0,31,0.47619,0.001664
55123,Vernon County,,WI,1686,33761,35447,7,6,13,955,916,1871,6,0.288756,0.301562,7.125658,0.000468,0.000449,134,0.000196,0,31,0.690476,0.003999
55125,Vilas County,,WI,1541,25266,26807,8,4,12,811,483,1294,6,0.297184,0.310217,0.125,0.002325,0.000821,19,0.000157,0,31,0.946429,0.015188
55127,Walworth County,,WI,6706,110424,117130,17,16,33,6048,4382,10430,6,0.339534,0.359993,218.503008,0.005285,0.005322,19,0.000229,0,31,0.640351,0.035064
55129,Washburn County,,WI,1190,19036,20226,5,6,11,478,541,1019,6,0.304448,0.319062,185.01988,0.000065,0.00067,134,0.000157,0,31,0.566667,0.001069
55131,Washington County,,WI,8787,156582,165369,15,21,36,7899,6313,14212,6,0.343757,0.365736,135.081981,0.002601,0.005202,19,0.000232,0,31,0.638095,0.017927
55133,Waukesha County,,WI,28042,473922,501964,57,77,134,23002,21848,44850,6,0.377668,0.410435,9902.81954,0.022443,0.031067,19,0.000727,0,31,0.385319,0.157085
55135,Waupaca County,,WI,3143,61366,64509,9,9,18,2025,1905,3930,6,0.297733,0.311601,5.809354,0.00098,0.001015,19,0.000173,0,31,0.8,0.006473
55137,Waushara County,,WI,1671,26040,27711,10,11,21,1114,1052,2166,6,0.297306,0.31128,27.130861,0.000923,0.000975,19,0.000199,0,31,0.613636,0.006349
55139,Winnebago County,,WI,11799,186291,198090,34,30,64,9349,8493,17842,6,0.343839,0.367,2599.299626,0.007304,0.005055,19,0.000506,0,31,0.406828,0.051464
55141,Wood County,,WI,4645,92821,97466,18,18,36,2431,2718,5149,6,0.335647,0.356272,1377.290166,0.002549,0.002904,19,0.000337,0,31,0.536797,0.018375
56001,Albany County,,WY,4631,29773,34404,14,18,32,1210,1776,2986,6,0.334139,0.354761,1947.842033,0.001543,0.00506,96,0.000322,0,31,0.468421,0.012428
56003,Big Horn County,,WY,976,11657,12633,1,2,3,143,224,367,8,0.209259,0.215256,0,0.000003,0.000009,167,0.000079,0,31,1,0.000177
56005,Campbell County,,WY,3007,42630,45637,16,13,29,1294,1065,2359,6,0.331241,0.350241,15196.191537,0.000397,0.001477,96,0.000562,0,31,0.264706,0.004352
56007,Carbon County,,WY,1603,16239,17842,4,8,12,357,588,945,6,0.329773,0.347714,3.406363,0.000199,0.001328,96,0.000117,0,31,0.75,0.001822
56009,Converse County,,WY,1071,14188,15259,5,2,7,491,327,818,7,0.255863,0.264966,1.116667,0.000171,0.000072,96,0.000156,0,31,0.75,0.001864
56011,Crook County,,WY,492,6994,7486,2,1,3,200,127,327,7,0.248842,0.256477,0,0.000012,0.000003,96,0.000124,0,31,1,0.00024
56013,Fremont County,,WY,2457,40045,42502,8,9,17,651,721,1372,7,0.264588,0.277121,497.368681,0.000225,0.000291,96,0.000202,0,31,0.518182,0.002298
56015,Goshen County,,WY,1029,12951,13980,3,6,9,257,420,677,7,0.263411,0.274427,29.760637,0.000094,0.000173,96,0.000117,0,31,0.566667,0.000982
56017,Hot Springs County,,WY,481,4912,5393,2,3,5,108,163,271,7,0.255863,0.265052,84.797983,0.000046,0.000071,96,0.00009,0,31,0.333333,0.000752
56019,Johnson County,,WY,639,8003,8642,2,1,3,139,132,271,7,0.248416,0.25588,0,0.000024,0.000002,96,0.000123,0,31,1,0.000278
56021,Laramie County,,WY,8487,97344,105831,34,34,68,3397,3437,6834,6,0.348672,0.373082,21576.246207,0.009611,0.010524,96,0.00061,0,31,0.364165,0.073414
56023,Lincoln County,,WY,1570,17584,19154,8,7,15,740,448,1188,7,0.296485,0.310737,2755.193731,0.001117,0.000725,167,0.000181,0,31,0.388889,0.007836
56025,Natrona County,,WY,5099,77409,82508,29,24,53,2527,2148,4675,6,0.343595,0.366437,20893.873502,0.008597,0.005385,96,0.00059,0,31,0.369318,0.065591
56027,Niobrara County,,WY,179,2635,2814,0,0,0,0,0,0,0,0,0,0,0,0,170,0.00005,153,268,0,0
56029,Park County,,WY,2300,30466,32766,9,9,18,603,691,1294,7,0.264588,0.277121,9150.760516,0.001113,0.00038,167,0.000299,0,31,0.356061,0.009694
56031,Platte County,,WY,872,9587,10459,2,4,6,180,360,540,7,0.261583,0.271866,0.25,0.000086,0.000148,96,0.000082,0,31,0.666667,0.000799
56033,Sheridan County,,WY,2152,30614,32766,9,9,18,762,715,1477,6,0.330486,0.348863,7282.235623,0.000271,0.001521,96,0.000376,0,31,0.454545,0.003088
56035,Sublette County,,WY,676,7548,8224,1,2,3,127,98,225,7,0.249957,0.258241,0,0.000031,0.000032,96,0.000065,0,31,1,0.000284
56037,Sweetwater County,,WY,3688,44429,48117,14,17,31,1124,1456,2580,6,0.332913,0.353044,7582.725609,0.002906,0.003822,96,0.0003,0,31,0.374269,0.022916
56039,Teton County,,WY,2694,21606,24300,3,6,9,220,757,977,6,0.311173,0.327458,533.345264,0.000009,0.001506,167,0.00013,0,31,0.266667,0.000375
56041,Uinta County,,WY,1890,22068,23958,5,7,12,502,570,1072,7,0.297611,0.311794,6.746047,0.001145,0.00109,167,0.000122,0,31,0.642857,0.007898
56043,Washakie County,,WY,709,9200,9909,3,2,5,146,118,264,7,0.248523,0.256253,103.981668,0.000004,0.000011,96,0.000138,0,31,0.333333,0.000363
56045,Weston County,,WY,513,7368,7881,1,2,3,69,109,178,7,0.248864,0.25665,0,0.000012,0.000003,96,0.000087,0,31,1,0.000151
2230,Skagway Hoonah Ango,,AK,342,3450,3792,1,1,2,71,64,135,7,0.249935,0.25779,0,0.00003,0.000011,167,0.000076,0,31,0,0.000181
2198,Prince Of Wales Oute,,AK,491,4790,5281,1,1,2,47,65,112,7,0.238201,0.24486,0,0.00001,0.000009,167,0.000079,0,31,0,0.000158
2275,Wrangell Peters,,AK,2320,4961,7281,0,1,1,0,95,95,7,0.249978,0.257874,0,0,0.000011,167,0.00005,0,269,0,0
