Id,Label,timeset,state,totalmig,totalnonmig,population,indegree,outdegree,Degree,weighted indegree,weighted outdegree,Weighted Degree,Eccentricity,closnesscentrality,harmonicclosnesscentrality,betweenesscentrality,Authority,Hub,modularity_class,pageranks,componentnumber,strongcompnum,clustering,eigencentrality
1001,Autauga County,,AL,5605,59169,64774,7,8,15,3073,2871,5944,7,0.298325,0.317065,180.817919,0.000818,0.001571,0,0.00019,0,31,0.642857,0.005373
1003,Baldwin County,,AL,12209,220948,233157,37,19,56,8294,5253,13547,7,0.320267,0.343039,4604.235706,0.01359,0.004696,0,0.000713,0,31,0.383266,0.098494
1005,Barbour County,,AL,1648,24180,25828,4,5,9,429,703,1132,8,0.258178,0.270706,5639.012122,0.000053,0.000231,0,0.000209,0,31,0.4,0.00092
1007,Bibb County,,AL,1243,20749,21992,4,4,8,923,899,1822,7,0.2741,0.287909,2.033333,0.000593,0.000439,0,0.000141,0,31,0.916667,0.003695
1009,Blount County,,AL,3321,58582,61903,7,6,13,2729,2299,5028,7,0.274073,0.288059,3.342462,0.000555,0.000421,0,0.000202,0,31,0.714286,0.003901
1011,Bullock County,,AL,553,9484,10037,1,1,2,93,174,267,8,0.256084,0.267106,0,0.000156,0.000161,0,0.000071,0,31,0,0.001293
1013,Butler County,,AL,1094,20825,21919,2,2,4,183,290,473,8,0.256131,0.267346,0,0.000158,0.000162,0,0.000106,0,31,1,0.001412
1015,Calhoun County,,AL,6836,120381,127217,15,18,33,3442,3882,7324,7,0.3,0.319218,9304.649988,0.002274,0.00355,0,0.000361,0,31,0.391813,0.015675
1017,Chambers County,,AL,2475,35214,37689,4,5,9,1433,1554,2987,8,0.249708,0.26136,8.690106,0.000159,0.000107,33,0.000142,0,31,0.55,0.001228
1019,Cherokee County,,AL,1227,23659,24886,5,5,10,872,733,1605,8,0.232274,0.242016,72.181416,0.000083,0.000069,0,0.000178,0,31,0.3,0.001073
1021,Chilton County,,AL,2393,45406,47799,8,5,13,1661,1344,3005,7,0.274696,0.288485,7.891487,0.000777,0.000412,0,0.000212,0,31,0.732143,0.005423
1023,Choctaw County,,AL,648,13435,14083,0,1,1,0,82,82,8,0.241884,0.250777,0,0,0.000007,0,0.000052,0,32,0,0
1025,Clarke County,,AL,1327,26475,27802,4,5,9,405,587,992,7,0.264043,0.276071,5661.483688,0.000211,0.000312,0,0.000194,0,31,0.25,0.001777
1027,Clay County,,AL,701,14482,15183,4,4,8,390,408,798,8,0.231096,0.240079,4.464387,0.000046,0.000037,0,0.000141,0,31,0.5,0.000727
1029,Cleburne County,,AL,950,14842,15792,3,4,7,498,565,1063,8,0.231674,0.241056,5.087255,0.000081,0.000077,0,0.000115,0,31,0.666667,0.000908
1031,Coffee County,,AL,5771,51869,57640,9,12,21,2537,2390,4927,7,0.306894,0.325821,2042.452825,0.001702,0.002996,0,0.000231,0,31,0.357143,0.012354
1033,Colbert County,,AL,3531,58741,62272,6,7,13,2190,2215,4405,7,0.293751,0.308737,1882.474981,0.000746,0.001154,0,0.000193,0,31,0.696429,0.005249
1035,Conecuh County,,AL,713,12153,12866,2,3,5,201,332,533,8,0.217695,0.225342,3.575,0.000011,0.000014,0,0.000114,0,31,0.333333,0.000295
1037,Coosa County,,AL,955,9289,10244,2,3,5,541,691,1232,8,0.217286,0.225108,0.2,0.000012,0.000022,33,0.000094,0,31,0.666667,0.000333
1039,Covington County,,AL,1795,38276,40071,5,6,11,517,644,1161,7,0.269108,0.283096,900.816733,0.000474,0.000457,0,0.000184,0,31,0.261905,0.003578
1041,Crenshaw County,,AL,831,14480,15311,4,4,8,479,428,907,8,0.256249,0.267886,12.805222,0.000167,0.000169,0,0.000166,0,31,0.333333,0.001668
1043,Cullman County,,AL,3534,87338,90872,9,8,17,2351,2109,4460,7,0.276198,0.29063,1656.812833,0.000866,0.000711,0,0.00026,0,31,0.541667,0.006227
1045,Dale County,,AL,7247,47596,54843,15,15,30,3439,3805,7244,7,0.308256,0.328857,9982.337033,0.004336,0.003518,0,0.000338,0,31,0.421053,0.030597
1047,Dallas County,,AL,1980,41940,43920,4,9,13,433,1141,1574,7,0.275486,0.290474,295.109644,0.000579,0.000737,0,0.000143,0,31,0.652778,0.003939
1049,DeKalb County,,AL,3550,71728,75278,8,8,16,1976,2223,4199,7,0.277467,0.292669,681.97375,0.00098,0.000897,0,0.000249,0,31,0.482143,0.007503
1051,Elmore County,,AL,6665,86545,93210,9,8,17,4502,4001,8503,7,0.275732,0.290684,891.480621,0.00083,0.000751,0,0.000235,0,31,0.588889,0.005633
1053,Escambia County,,AL,1816,36622,38438,6,6,12,956,989,1945,7,0.27505,0.289176,3721.200513,0.000856,0.000912,0,0.000196,0,31,0.6,0.007136
1055,Etowah County,,AL,4901,107018,111919,11,11,22,2940,2912,5852,7,0.276693,0.292009,496.190588,0.000956,0.00086,0,0.000283,0,31,0.55303,0.006952
1057,Fayette County,,AL,1007,16331,17338,3,3,6,581,587,1168,8,0.245038,0.255268,31.541448,0.000065,0.000044,0,0.000143,0,31,0.833333,0.000691
1059,Franklin County,,AL,1908,33105,35013,7,6,13,908,880,1788,8,0.228567,0.237115,1960.166237,0.000027,0.000028,0,0.00029,0,31,0.238095,0.000996
1061,Geneva County,,AL,1713,25732,27445,4,4,8,881,1057,1938,8,0.239627,0.249795,8.366442,0.000083,0.000087,0,0.000139,0,31,0.45,0.001067
1063,Greene County,,AL,536,8557,9093,3,1,4,335,271,606,8,0.244887,0.254668,0,0.000475,0.00004,0,0.000115,0,31,0.833333,0.002939
1065,Hale County,,AL,1097,15873,16970,2,2,4,521,677,1198,8,0.244952,0.254938,0,0.000067,0.00004,0,0.0001,0,31,1,0.000555
1067,Henry County,,AL,1238,17532,18770,3,3,6,824,744,1568,8,0.239565,0.249495,0,0.000054,0.00007,0,0.000132,0,31,1,0.000824
1069,Houston County,,AL,7724,110611,118335,19,19,38,3932,4017,7949,7,0.286038,0.305241,13093.770417,0.003391,0.002269,0,0.000568,0,31,0.298701,0.023008
1071,Jackson County,,AL,2368,54321,56689,6,5,11,1492,1353,2845,7,0.271581,0.285087,57.329712,0.000569,0.000579,0,0.000213,0,31,0.533333,0.004974
1073,Jefferson County,,AL,39242,723963,763205,83,93,176,24758,28692,53450,6,0.377087,0.414879,87537.210171,0.034865,0.045549,0,0.00156,0,31,0.331862,0.253297
1075,Lamar County,,AL,652,14392,15044,3,4,7,287,343,630,8,0.247263,0.258223,49.265117,0.000008,0.000062,0,0.000157,0,31,0.666667,0.000484
1077,Lauderdale County,,AL,5035,95234,100269,11,10,21,2687,2789,5476,7,0.294842,0.310765,9018.347019,0.001452,0.001469,0,0.000343,0,31,0.363636,0.011518
1079,Lawrence County,,AL,1757,34905,36662,5,6,11,1435,1384,2819,7,0.27026,0.283107,327.035687,0.000358,0.000325,0,0.000163,0,31,0.766667,0.002931
1081,Lee County,,AL,12940,149314,162254,26,34,60,7183,7438,14621,7,0.332376,0.360047,10742.657485,0.00609,0.013219,33,0.000586,0,31,0.4,0.045147
1083,Limestone County,,AL,5794,98205,103999,9,8,17,4283,3552,7835,7,0.294623,0.310195,92.730323,0.000787,0.00148,0,0.000243,0,31,0.566667,0.005839
1085,Lowndes County,,AL,795,12167,12962,1,1,2,345,434,779,8,0.256084,0.267106,0,0.000156,0.000161,0,0.000071,0,31,0,0.001293
1087,Macon County,,AL,1165,18209,19374,3,2,5,514,628,1142,8,0.257987,0.269806,0,0.00028,0.000216,33,0.000108,0,31,1,0.001986
1089,Madison County,,AL,21553,408185,429738,68,62,130,13417,12285,25702,6,0.369415,0.402274,39232.767193,0.032376,0.033867,0,0.001242,0,31,0.405405,0.237836
1091,Marengo County,,AL,1199,21435,22634,3,5,8,287,508,795,7,0.274235,0.288299,143.525859,0.000067,0.000359,0,0.00015,0,31,0.35,0.000671
1093,Marion County,,AL,1758,27721,29479,6,6,12,952,930,1882,8,0.245298,0.256258,979.297717,0.000474,0.00005,0,0.00025,0,31,0.380952,0.003303
1095,Marshall County,,AL,5654,103447,109101,10,10,20,3504,3603,7107,7,0.276418,0.29135,52.962164,0.000798,0.000673,0,0.000273,0,31,0.481818,0.006014
1097,Mobile County,,AL,17448,438276,455724,42,46,88,8327,9664,17991,6,0.358313,0.388595,37251.66842,0.020942,0.022885,0,0.000812,0,31,0.481293,0.152104
1099,Monroe County,,AL,889,21602,22491,4,4,8,410,365,775,7,0.263968,0.275771,1139.795071,0.000256,0.000317,0,0.000159,0,31,0.666667,0.002726
1101,Montgomery County,,AL,16511,242292,258803,40,41,81,8251,9627,17878,7,0.344195,0.37321,43415.183167,0.017946,0.017439,0,0.000893,0,31,0.391844,0.132345
1103,Morgan County,,AL,7418,134481,141899,9,14,23,3705,4890,8595,7,0.295532,0.312415,188.099257,0.000828,0.001913,0,0.000258,0,31,0.467033,0.006064
1105,Perry County,,AL,526,9627,10153,2,2,4,156,211,367,8,0.244974,0.255028,2.959325,0.00007,0.000045,0,0.000088,0,31,0.5,0.000584
1107,Pickens County,,AL,973,19392,20365,2,2,4,481,555,1036,8,0.247153,0.257713,0,0.000071,0.000057,0,0.000103,0,31,1,0.000684
1109,Pike County,,AL,2145,30326,32471,5,6,11,698,932,1630,7,0.27628,0.290924,60.460779,0.000237,0.00056,0,0.000167,0,31,0.533333,0.002342
1111,Randolph County,,AL,1254,22762,24016,7,6,13,675,606,1281,8,0.250113,0.26241,114.533423,0.000177,0.000163,0,0.000207,0,31,0.428571,0.002132
1113,Russell County,,AL,8801,55122,63923,10,12,22,4854,4938,9792,7,0.313438,0.333512,491.154819,0.004483,0.004143,33,0.000202,0,31,0.595238,0.031027
1115,St. Clair County,,AL,5526,90856,96382,7,10,17,4861,3747,8608,7,0.274696,0.289829,16.09646,0.00064,0.00061,0,0.000192,0,31,0.644444,0.004293
1117,Shelby County,,AL,18403,232626,251029,29,33,62,12983,12356,25339,7,0.343132,0.370786,9314.398119,0.00883,0.013044,0,0.000618,0,31,0.383333,0.065053
1119,Sumter County,,AL,678,12187,12865,2,2,4,183,258,441,8,0.247483,0.258345,36.232969,0.000085,0.000047,0,0.000093,0,31,0,0.000616
1121,Talladega County,,AL,5035,81920,86955,10,11,21,3138,3284,6422,7,0.276969,0.292489,3374.930177,0.000851,0.000819,0,0.00025,0,31,0.545455,0.005882
1123,Tallapoosa County,,AL,2621,42727,45348,9,9,18,1635,1559,3194,7,0.275595,0.290564,2911.691001,0.000816,0.000548,33,0.000241,0,31,0.422222,0.005575
1125,Tuscaloosa County,,AL,11344,201544,212888,27,30,57,5797,6242,12039,7,0.324268,0.348942,39223.227229,0.004427,0.0071,0,0.000791,0,31,0.26025,0.03404
1127,Walker County,,AL,2821,65811,68632,6,6,12,1432,1488,2920,7,0.274235,0.288389,1138.030996,0.000596,0.000448,0,0.000214,0,31,0.571429,0.003978
1129,Washington County,,AL,933,17296,18229,2,3,5,481,540,1021,7,0.263943,0.275591,0,0.000208,0.000312,0,0.0001,0,31,0.833333,0.001576
1131,Wilcox County,,AL,520,11519,12039,1,1,2,111,75,186,8,0.208904,0.21471,0,0.000003,0.000002,0,0.000085,0,31,0,0.000119
1133,Winston County,,AL,1361,23053,24414,6,4,10,821,779,1600,8,0.217014,0.224754,358.307313,0.000437,0.000018,0,0.000217,0,31,0.466667,0.003124
2013,Aleutians East Borough,,AK,294,1825,2119,0,0,0,0,0,0,0,0,0,0,0,0,1,0.000052,1,33,0,0
2016,Aleutians West Census Area,,AK,759,4871,5630,0,2,2,0,169,169,7,0.296965,0.313794,0,0,0.001379,291,0.000052,0,34,1,0
2020,Anchorage Municipality,,AK,32472,344581,377053,67,89,156,13256,18253,31509,6,0.366153,0.403876,55597.501368,0.030912,0.041311,291,0.001395,0,31,0.359773,0.2356
2050,Bethel Census Area,,AK,1055,17317,18372,2,4,6,293,518,811,7,0.269056,0.283117,3.257322,0.000373,0.000434,291,0.000103,0,31,0.666667,0.002318
2060,Bristol Bay Borough,,AK,81,969,1050,0,0,0,0,0,0,0,0,0,0,0,0,2,0.000052,2,35,0,0
2068,Denali Borough,,AK,251,2474,2725,0,1,1,0,58,58,8,0.250428,0.261034,0,0,0.00012,291,0.000052,0,36,0,0
2070,Dillingham Census Area,,AK,330,5356,5686,1,1,2,63,137,200,7,0.268043,0.281383,0,0.000371,0.000277,291,0.000066,0,31,0,0.002199
2090,Fairbanks North Star Borough,,AK,13931,107368,121299,33,33,66,5077,5258,10335,7,0.333975,0.361079,11937.969358,0.013434,0.01523,291,0.000654,0,31,0.457692,0.09985
2100,Haines Borough,,AK,180,2839,3019,0,0,0,0,0,0,0,0,0,0,0,0,3,0.000052,3,37,0,0
2105,Hoonah-Angoon Census Area,,AK,189,2213,2402,0,0,0,0,0,0,0,0,0,0,0,0,4,0.000052,4,38,0,0
2110,Juneau City and Borough,,AK,3078,37915,40993,5,4,9,549,622,1171,7,0.297781,0.315023,5602.180978,0.001429,0.001533,291,0.000204,0,31,0.433333,0.011026
2122,Kenai Peninsula Borough,,AK,4305,66459,70764,7,5,12,1522,1364,2886,7,0.317413,0.337486,222.761329,0.002675,0.002014,291,0.000197,0,31,0.625,0.020971
2130,Ketchikan Gateway Borough,,AK,1178,15929,17107,1,1,2,60,56,116,8,0.229518,0.237218,2779,0,0.000013,291,0.000097,0,39,0,0.000095
2150,Kodiak Island Borough,,AK,2061,16089,18150,1,3,4,83,469,552,7,0.268095,0.281743,0,0.000371,0.000334,291,0.000066,0,31,1,0.002199
2164,Lake and Peninsula Borough,,AK,138,1535,1673,0,0,0,0,0,0,0,0,0,0,0,0,5,0.000052,5,40,0,0
2170,Matanuska-Susitna Borough,,AK,7216,107274,114490,10,8,18,5470,2848,8318,7,0.320822,0.341478,932.707193,0.003691,0.004695,291,0.000282,0,31,0.481818,0.029343
2180,Nome Census Area,,AK,481,9191,9672,1,1,2,114,215,329,7,0.268043,0.281383,0,0.000371,0.000277,291,0.000066,0,31,0,0.002199
2185,North Slope Borough,,AK,563,7391,7954,1,1,2,103,188,291,7,0.268043,0.281383,0,0.000371,0.000277,291,0.000066,0,31,0,0.002199
2188,Northwest Arctic Borough,,AK,488,6295,6783,1,1,2,89,205,294,7,0.268043,0.281383,0,0.000371,0.000277,291,0.000066,0,31,0,0.002199
2195,Petersburg Census Area,,AK,269,4271,4540,0,0,0,0,0,0,0,0,0,0,0,0,6,0.000052,6,41,0,0
2198,Prince of Wales-Hyder Census Area,,AK,295,5342,5637,0,1,1,0,60,60,9,0.186728,0.190991,0,0,0,291,0.000052,0,42,0,0
2220,Sitka City and Borough,,AK,840,10230,11070,0,2,2,0,158,158,7,0.268114,0.281642,0,0,0.00029,291,0.000052,0,43,1,0
2230,Skagway Municipality,,AK,90,1500,1590,0,0,0,0,0,0,0,0,0,0,0,0,7,0.000052,7,44,0,0
2240,Southeast Fairbanks Census Area,,AK,683,7974,8657,1,2,3,112,231,343,7,0.269004,0.282757,0,0.000137,0.000398,291,0.000069,0,31,1,0.001005
2261,Valdez-Cordova Census Area,,AK,1158,10872,12030,3,3,6,279,391,670,7,0.268095,0.281743,0,0.000549,0.000334,291,0.000112,0,31,1,0.003571
2275,Wrangell City and Borough,,AK,104,2502,2606,0,0,0,0,0,0,0,0,0,0,0,0,8,0.000052,8,45,0,0
2282,Yakutat City and Borough,,AK,-2,588,586,0,0,0,0,0,0,0,0,0,0,0,0,9,0.000052,9,46,0,0
2290,Yukon-Koyukuk Census Area,,AK,355,5766,6121,1,2,3,119,256,375,7,0.269004,0.282757,0,0.000137,0.000398,291,0.000069,0,31,1,0.001005
4001,Apache County,,AZ,5979,63652,69631,8,10,18,5846,4546,10392,7,0.319127,0.339564,97.012338,0.002756,0.004187,178,0.000188,0,31,0.688889,0.022198
4003,Cochise County,,AZ,12343,130371,142714,24,24,48,5063,6344,11407,7,0.334941,0.360785,304.652727,0.013858,0.013548,13,0.000418,0,31,0.609195,0.10248
4005,Coconino County,,AZ,12847,136114,148961,24,24,48,7340,7983,15323,7,0.329147,0.353999,1827.321309,0.013046,0.013142,13,0.000424,0,31,0.596561,0.096974
4007,Gila County,,AZ,3288,52532,55820,7,7,14,2463,2154,4617,7,0.316473,0.336022,2.454644,0.00355,0.002742,13,0.000176,0,31,0.839286,0.028338
4009,Graham County,,AZ,2138,31775,33913,6,5,11,1011,1186,2197,7,0.316762,0.335998,2.287053,0.002199,0.002509,13,0.00018,0,31,0.733333,0.018516
4011,Greenlee County,,AZ,760,9188,9948,3,3,6,330,356,686,7,0.316293,0.335242,0,0.001877,0.002086,13,0.000115,0,31,1,0.014948
4012,La Paz County,,AZ,1346,15533,16879,4,4,8,485,600,1085,7,0.316221,0.335566,0,0.002766,0.002387,13,0.000109,0,31,1,0.020389
4013,Maricopa County,,AZ,184691,4516483,4701174,526,434,960,204905,159172,364077,6,0.461538,0.528972,768679.222644,0.147668,0.133893,13,0.008525,0,31,0.091291,1
4015,Mohave County,,AZ,13230,186686,199916,28,22,50,8977,7021,15998,7,0.328602,0.352949,142.102516,0.015446,0.013154,13,0.000485,0,31,0.703448,0.118103
4017,Navajo County,,AZ,7523,100754,108277,14,11,25,6291,5065,11356,7,0.318797,0.339174,24.767435,0.006017,0.004077,13,0.000279,0,31,0.708791,0.046774
4019,Pima County,,AZ,50810,1073260,1124070,163,136,299,36076,34962,71038,6,0.397766,0.439975,30047.489399,0.082685,0.072908,13,0.00246,0,31,0.350072,0.572498
4021,Pinal County,,AZ,32548,342891,375439,63,32,95,31217,22455,53672,6,0.343429,0.371436,1154.285182,0.033623,0.020002,13,0.001003,0,31,0.574901,0.244336
4023,Santa Cruz County,,AZ,2861,55193,58054,2,3,5,1570,2146,3716,7,0.316689,0.335638,0,0.001855,0.00219,13,0.000084,0,31,1,0.014682
4025,Yavapai County,,AZ,15432,237686,253118,39,31,70,13073,8943,22016,6,0.341613,0.369168,355.649681,0.020454,0.020078,13,0.000621,0,31,0.66649,0.153135
4027,Yuma County,,AZ,13244,227131,240375,21,27,48,6305,7382,13687,7,0.336116,0.362608,70.382678,0.012203,0.017497,13,0.000336,0,31,0.732759,0.088321
5001,Arkansas County,,AR,1099,19921,21020,3,3,6,314,325,639,7,0.27456,0.287178,958.299435,0.000357,0.000211,11,0.00011,0,31,0.333333,0.001941
5003,Ashley County,,AR,1129,21520,22649,1,3,4,98,274,372,7,0.274533,0.287118,0.333333,0.000002,0.0002,11,0.000103,0,31,0.833333,0.000125
5005,Baxter County,,AR,2569,42852,45421,6,4,10,857,698,1555,7,0.276666,0.290004,7357.632652,0.000169,0.000332,11,0.000313,0,31,0.166667,0.001781
5007,Benton County,,AR,20341,278602,298943,51,40,91,14692,10683,25375,6,0.363994,0.393713,45003.352921,0.023013,0.021876,11,0.001138,0,31,0.386124,0.168946
5009,Boone County,,AR,2266,38937,41203,8,8,16,1027,1121,2148,7,0.271607,0.284999,14812.78713,0.000523,0.000497,11,0.000391,0,31,0.267857,0.004566
5011,Bradley County,,AR,636,11140,11776,1,2,3,103,155,258,7,0.274506,0.286938,0,0.000002,0.000197,11,0.000103,0,31,1,0.000125
5013,Calhoun County,,AR,256,4858,5114,2,1,3,131,75,206,8,0.215633,0.221807,0,0.000014,0,11,0.000104,0,31,1,0.000227
5015,Carroll County,,AR,2047,29797,31844,3,6,9,544,982,1526,7,0.267914,0.280298,11.547021,0.000349,0.000363,11,0.000139,0,31,0.566667,0.002925
5017,Chicot County,,AR,647,10289,10936,3,3,6,238,236,474,7,0.27456,0.287178,0.583333,0.000329,0.0002,11,0.000151,0,31,0.75,0.001845
5019,Clark County,,AR,1532,20317,21849,3,5,8,327,633,960,7,0.274669,0.287598,87.445647,0.000364,0.000257,11,0.000135,0,31,0.7,0.002273
5021,Clay County,,AR,916,14960,15876,2,4,6,344,454,798,8,0.236566,0.24639,97.237007,0.000007,0.000019,241,0.00011,0,31,0.583333,0.000282
5023,Cleburne County,,AR,1870,25964,27834,6,6,12,874,854,1728,7,0.27475,0.287928,290.781976,0.00039,0.000225,11,0.000248,0,31,0.633333,0.002436
5025,Cleveland County,,AR,444,8337,8781,1,1,2,115,110,225,8,0.236305,0.244998,0,0.000029,0.000017,11,0.000068,0,31,0,0.000226
5027,Columbia County,,AR,1398,23043,24441,3,6,9,299,637,936,7,0.275186,0.288618,5614.418225,0.000014,0.000211,11,0.000169,0,31,0.233333,0.000326
5029,Conway County,,AR,1372,21479,22851,4,4,8,751,776,1527,7,0.274614,0.287418,1.809524,0.000385,0.000222,11,0.00016,0,31,0.833333,0.002175
5031,Craighead County,,AR,7512,104064,111576,21,19,40,4812,4100,8912,7,0.307335,0.327887,26308.976755,0.001302,0.002182,241,0.000655,0,31,0.205,0.009438
5033,Crawford County,,AR,4490,60904,65394,7,8,15,2904,3006,5910,7,0.276997,0.291174,475.223052,0.000735,0.000595,11,0.000232,0,31,0.446429,0.00525
5035,Crittenden County,,AR,3326,53161,56487,7,8,15,1540,1755,3295,7,0.29372,0.30926,1813.53125,0.001062,0.000791,241,0.000234,0,31,0.589286,0.006528
5037,Cross County,,AR,1229,18499,19728,4,5,9,498,598,1096,7,0.274886,0.288018,157.266577,0.000033,0.000224,241,0.000176,0,31,0.75,0.000665
5039,Dallas County,,AR,428,7151,7579,0,0,0,0,0,0,0,0,0,0,0,0,10,0.000052,10,47,0,0
5041,Desha County,,AR,820,12523,13343,5,4,9,380,410,790,7,0.274587,0.287358,439.196205,0.000359,0.0002,11,0.000231,0,31,0.45,0.002192
5043,Drew County,,AR,1241,18036,19277,5,4,9,489,434,923,7,0.274587,0.287358,5649.416667,0.000333,0.000197,11,0.000237,0,31,0.45,0.002062
5045,Faulkner County,,AR,9455,120677,130132,17,20,37,5154,5326,10480,7,0.32667,0.349949,10244.994171,0.001951,0.005765,11,0.000542,0,31,0.352814,0.015551
5047,Franklin County,,AR,1111,17147,18258,4,5,9,674,773,1447,7,0.264597,0.276302,58.714838,0.00006,0.00019,11,0.000167,0,31,0.7,0.000837
5049,Fulton County,,AR,821,10846,11667,2,2,4,246,264,510,8,0.216896,0.223577,0.666667,0,0.000002,11,0.000158,0,31,0.666667,0.000223
5051,Garland County,,AR,6642,103409,110051,20,15,35,3322,3030,6352,7,0.317413,0.338939,15637.230159,0.005997,0.003983,11,0.000556,0,31,0.337945,0.045191
5053,Grant County,,AR,1066,18815,19881,4,5,9,723,590,1313,7,0.274669,0.287628,1.616667,0.000372,0.000274,11,0.000147,0,31,0.85,0.002142
5055,Greene County,,AR,2908,44183,47091,9,8,17,2043,1598,3641,7,0.29428,0.309872,11927.974914,0.000807,0.000732,241,0.000294,0,31,0.355556,0.005813
5057,Hempstead County,,AR,1283,22294,23577,4,5,9,557,601,1158,7,0.274941,0.288108,7256.626972,0.000068,0.000258,281,0.000234,0,31,0.35,0.000902
5059,Hot Spring County,,AR,2124,31103,33227,5,5,10,1392,1340,2732,7,0.274614,0.287508,2,0.000381,0.00026,11,0.00018,0,31,0.8,0.002556
5061,Howard County,,AR,951,14095,15046,3,4,7,357,462,819,8,0.233858,0.242673,78.637355,0.000003,0.000013,281,0.000184,0,31,0.166667,0.000327
5063,Independence County,,AR,2365,37843,40208,9,8,17,1154,1254,2408,7,0.276776,0.290856,8409.288307,0.000385,0.00042,11,0.000359,0,31,0.327273,0.002701
5065,Izard County,,AR,815,11451,12266,4,4,8,345,407,752,8,0.217048,0.224267,558.717874,0.000007,0.000005,11,0.000235,0,31,0.3,0.000475
5067,Jackson County,,AR,861,14375,15236,3,3,6,343,451,794,8,0.235264,0.244368,0.765152,0.000029,0.000019,241,0.000151,0,31,0.833333,0.000514
5069,Jefferson County,,AR,4712,73324,78036,8,16,24,1249,2810,4059,7,0.309389,0.330149,11839.229064,0.001877,0.003264,11,0.000297,0,31,0.379167,0.013307
5071,Johnson County,,AR,1486,25466,26952,5,5,10,616,673,1289,8,0.25195,0.262904,70.532329,0.000209,0.000068,11,0.000187,0,31,0.7,0.001974
5073,Lafayette County,,AR,415,6406,6821,1,1,2,122,83,205,8,0.215817,0.222107,0,0.000002,0,11,0.000076,0,31,0,0.000105
5075,Lawrence County,,AR,1209,15502,16711,3,5,8,647,805,1452,8,0.235563,0.245034,5.89697,0.000026,0.000023,241,0.000152,0,31,0.55,0.0005
5077,Lee County,,AR,642,7249,7891,1,1,2,78,157,235,8,0.226942,0.233758,0,0.000007,0.000009,241,0.000087,0,31,0,0.00016
5079,Lincoln County,,AR,602,10432,11034,2,2,4,245,218,463,8,0.236405,0.245358,1,0.000031,0.00002,11,0.000117,0,31,0.5,0.000352
5081,Little River County,,AR,590,12372,12962,3,2,5,389,277,666,8,0.240291,0.249143,122.829016,0.000068,0.000064,281,0.00015,0,31,0.333333,0.000801
5083,Logan County,,AR,1217,21578,22795,5,5,10,512,591,1103,8,0.248502,0.259098,122.322438,0.000067,0.000052,11,0.00019,0,31,0.533333,0.000997
5085,Lonoke County,,AR,6836,75424,82260,9,7,16,4577,3471,8048,7,0.276721,0.290514,1892.718785,0.000614,0.000363,11,0.000292,0,31,0.583333,0.004329
5087,Madison County,,AR,978,16071,17049,3,2,5,908,559,1467,7,0.26763,0.279158,0,0.000347,0.000344,11,0.000117,0,31,1,0.002899
5089,Marion County,,AR,1183,15277,16460,2,2,4,588,540,1128,8,0.218534,0.225579,8.511111,0.000007,0.000006,11,0.00016,0,31,0,0.000278
5091,Miller County,,AR,3964,42928,46892,8,7,15,2663,2678,5341,7,0.304672,0.323131,5249.926077,0.001317,0.002369,281,0.000313,0,31,0.347222,0.010157
5093,Mississippi County,,AR,2884,43877,46761,7,7,14,770,1339,2109,7,0.294093,0.309482,5606.9251,0.000991,0.000739,241,0.000229,0,31,0.5,0.006133
5095,Monroe County,,AR,573,7372,7945,0,2,2,0,168,168,7,0.274523,0.286955,0,0,0.000197,11,0.000052,0,48,1,0
5097,Montgomery County,,AR,497,7825,8322,2,2,4,211,226,437,8,0.24102,0.250121,0,0.000036,0.000054,11,0.000142,0,31,1,0.000636
5099,Nevada County,,AR,587,8441,9028,1,1,2,166,177,343,8,0.215666,0.221867,0,0.000002,0.000001,281,0.000092,0,31,0,0.000112
5101,Newton County,,AR,395,7384,7779,1,1,2,236,240,476,8,0.21361,0.219847,0,0.000004,0.000005,11,0.000094,0,31,0,0.000153
5103,Ouachita County,,AR,1481,24096,25577,3,5,8,332,572,904,7,0.274886,0.287988,2779.833333,0.000014,0.000251,11,0.000186,0,31,0.45,0.000329
5105,Perry County,,AR,701,9926,10627,3,3,6,485,386,871,7,0.274506,0.287058,0,0.000379,0.000215,11,0.00013,0,31,1,0.002014
5107,Phillips County,,AR,1311,18376,19687,1,4,5,107,481,588,7,0.293471,0.308372,0,0.000326,0.000773,241,0.000072,0,31,0.833333,0.00162
5109,Pike County,,AR,707,10449,11156,4,3,7,420,334,754,8,0.241146,0.250541,1454.441076,0.000039,0.000054,11,0.000206,0,31,0.333333,0.000857
5111,Poinsett County,,AR,1536,22628,24164,4,4,8,896,865,1761,8,0.235484,0.244674,6.450195,0.000035,0.000028,241,0.000164,0,31,0.7,0.000669
5113,Polk County,,AR,988,19863,20851,0,1,1,0,54,54,8,0.248391,0.258285,0,0,0.000042,11,0.000052,0,49,0,0
5115,Pope County,,AR,4114,64511,68625,9,11,20,1785,2282,4067,7,0.27708,0.291684,5974.170681,0.000778,0.000664,11,0.000359,0,31,0.463636,0.005568
5117,Prairie County,,AR,470,8284,8754,2,3,5,180,270,450,7,0.27456,0.287178,1.533333,0.000005,0.000203,11,0.000119,0,31,0.666667,0.000274
5119,Pulaski County,,AR,30713,432906,463619,70,75,145,17337,19982,37319,6,0.378165,0.412833,165372.136789,0.021638,0.036311,11,0.001778,0,31,0.271219,0.162424
5121,Randolph County,,AR,1020,17263,18283,3,3,6,464,497,961,8,0.235464,0.244494,0,0.000026,0.000019,241,0.000139,0,31,1,0.0005
5123,St. Francis County,,AR,1743,22237,23980,6,6,12,737,996,1733,7,0.293533,0.308732,6458.230089,0.000986,0.000732,241,0.000244,0,31,0.566667,0.005961
5125,Saline County,,AR,8327,126662,134989,12,11,23,6333,5117,11450,7,0.302285,0.320987,313.011971,0.000631,0.001685,11,0.000366,0,31,0.483516,0.004849
5127,Scott County,,AR,766,10147,10913,1,1,2,256,270,526,8,0.248346,0.258198,0,0.000053,0.000042,11,0.000078,0,31,0,0.000439
5129,Searcy County,,AR,397,7319,7716,1,1,2,83,73,156,8,0.21361,0.219847,0,0.000004,0.000005,11,0.000094,0,31,0,0.000153
5131,Sebastian County,,AR,9563,132840,142403,19,19,38,5582,6088,11670,7,0.33036,0.354941,20508.738962,0.004734,0.005943,11,0.000569,0,31,0.363158,0.035422
5133,Sevier County,,AR,949,16641,17590,2,3,5,161,316,477,8,0.220616,0.228064,119.495554,0.000007,0.000005,281,0.000119,0,31,0,0.00024
5135,Sharp County,,AR,1405,15417,16822,5,4,9,813,618,1431,8,0.235244,0.244458,2431.621195,0.000024,0.000015,11,0.000263,0,31,0.35,0.000686
5137,Stone County,,AR,506,11771,12277,0,2,2,0,157,157,8,0.216906,0.223731,0,0,0.000004,11,0.000052,0,50,1,0
5139,Union County,,AR,2212,44717,46929,4,7,11,500,773,1273,7,0.302219,0.319957,11938.618305,0.00033,0.001312,11,0.00017,0,31,0.309524,0.001942
5141,Van Buren County,,AR,1046,16211,17257,2,2,4,319,335,654,8,0.246277,0.255793,0,0.000054,0.000021,11,0.00011,0,31,1,0.000402
5143,Washington County,,AR,19290,229662,248952,40,41,81,11073,11548,22621,6,0.359193,0.388391,44007.453352,0.015392,0.01649,11,0.00099,0,31,0.300648,0.11315
5145,White County,,AR,4959,78303,83262,10,11,21,2525,2667,5192,7,0.277052,0.291684,6427.74137,0.000423,0.000586,11,0.00041,0,31,0.416667,0.00302
5147,Woodruff County,,AR,385,6499,6884,1,1,2,94,153,247,8,0.216963,0.223637,0,0.000005,0.000004,11,0.000084,0,31,0,0.000147
5149,Yell County,,AR,1430,21293,22723,2,1,3,802,652,1454,8,0.21698,0.223643,0,0.000006,0.000007,11,0.000112,0,31,1,0.000281
6001,Alameda County,,CA,125649,1885039,2010688,165,164,329,108186,114444,222630,6,0.40075,0.446214,19874.108313,0.091511,0.08365,13,0.002083,0,31,0.360871,0.608856
6003,Alpine County,,CA,100,918,1018,0,0,0,0,0,0,0,0,0,0,0,0,12,0.000052,11,51,0,0
6005,Amador County,,CA,2204,39049,41253,9,8,17,1864,1189,3053,7,0.288683,0.304788,0.375,0.003677,0.002844,13,0.000151,0,31,0.958333,0.026005
6007,Butte County,,CA,11729,221727,233456,45,48,93,8911,8229,17140,7,0.328291,0.355811,2560.933377,0.018058,0.02048,13,0.000685,0,31,0.610196,0.130928
6009,Calaveras County,,CA,3182,46868,50050,9,9,18,2602,1723,4325,7,0.289647,0.306444,0.874812,0.003811,0.003606,13,0.000155,0,31,0.911111,0.027381
6011,Colusa County,,CA,1000,28439,29439,5,5,10,607,568,1175,7,0.280493,0.295703,1,0.001345,0.001025,13,0.00011,0,31,0.8,0.009519
6013,Contra Costa County,,CA,74489,1339120,1413609,111,114,225,72658,64389,137047,6,0.374192,0.414243,5993.3643,0.065747,0.061735,13,0.001435,0,31,0.449237,0.455078
6015,Del Norte County,,CA,1461,23157,24618,4,5,9,458,452,910,7,0.280663,0.296063,18.866628,0.002015,0.001083,291,0.000115,0,31,0.7,0.01455
6017,El Dorado County,,CA,13495,211647,225142,35,36,71,12648,9564,22212,7,0.327633,0.353633,167.516627,0.016567,0.017426,13,0.000485,0,31,0.775304,0.120017
6019,Fresno County,,CA,36645,1058967,1095612,54,73,127,26129,27982,54111,6,0.35588,0.390119,2349.166327,0.029901,0.036876,13,0.00072,0,31,0.572807,0.219073
6021,Glenn County,,CA,1565,32589,34154,4,3,7,850,822,1672,7,0.280436,0.295343,0.333333,0.000833,0.000842,13,0.00013,0,31,0.833333,0.006424
6023,Humboldt County,,CA,6635,131520,138155,36,31,67,4387,3538,7925,7,0.3269,0.351893,2859.256219,0.013994,0.016046,13,0.000538,0,31,0.698026,0.101168
6025,Imperial County,,CA,10109,221424,231533,13,13,26,5749,6424,12173,7,0.325331,0.347334,6165.84387,0.008987,0.008918,13,0.000202,0,31,0.833333,0.064454
6027,Inyo County,,CA,1511,19890,21401,5,7,12,575,580,1155,7,0.321379,0.341544,3.616347,0.003747,0.005044,13,0.000112,0,31,0.857143,0.026213
6029,Kern County,,CA,37350,934573,971923,59,77,136,26158,26575,52733,6,0.35488,0.389639,1774.568098,0.030681,0.037915,13,0.000804,0,31,0.515056,0.222097
6031,Kings County,,CA,10811,149099,159910,23,23,46,5468,6432,11900,7,0.328563,0.352445,422.083185,0.0124,0.013719,13,0.000322,0,31,0.656923,0.086168
6033,Lake County,,CA,3991,59316,63307,11,10,21,2381,1882,4263,7,0.316979,0.336798,0.400397,0.005365,0.003727,13,0.000181,0,31,0.948718,0.038938
6035,Lassen County,,CA,1844,24106,25950,6,5,11,706,680,1386,7,0.280776,0.296273,29.531248,0.002573,0.001275,13,0.000151,0,31,0.833333,0.01853
6037,Los Angeles County,,CA,399386,11500909,11900295,403,428,831,288150,374014,662164,6,0.462769,0.529002,381474.927502,0.141817,0.137435,13,0.005862,0,31,0.122372,0.952874
6039,Madera County,,CA,8231,164185,172416,20,19,39,6372,5888,12260,7,0.325217,0.347994,273.717927,0.010418,0.010664,13,0.00026,0,31,0.901186,0.071237
6041,Marin County,,CA,18859,313536,332395,40,45,85,14443,14342,28785,6,0.343048,0.37146,145.171272,0.026947,0.025818,13,0.000527,0,31,0.741327,0.193151
6043,Mariposa County,,CA,1499,17589,19088,5,5,10,544,524,1068,7,0.26267,0.275759,2.033161,0.001771,0.000729,13,0.000108,0,31,0.866667,0.012422
6045,Mendocino County,,CA,4468,94469,98937,19,14,33,2710,2122,4832,7,0.320748,0.34215,5.729584,0.009738,0.008056,13,0.00027,0,31,0.916667,0.070228
6047,Merced County,,CA,13471,282980,296451,27,31,58,11470,10042,21512,7,0.326593,0.351383,414.650348,0.014329,0.015943,13,0.000349,0,31,0.805871,0.101914
6049,Modoc County,,CA,566,8362,8928,1,1,2,98,60,158,8,0.247527,0.257877,0,0.000172,0.000149,13,0.000065,0,31,0,0.001191
6051,Mono County,,CA,1367,15022,16389,4,5,9,567,446,1013,7,0.319531,0.33915,0.305163,0.003415,0.004149,13,0.0001,0,31,0.85,0.02417
6053,Monterey County,,CA,27608,538054,565662,58,71,129,18061,19604,37665,6,0.355516,0.389285,1223.176984,0.031798,0.036027,13,0.00075,0,31,0.540726,0.228871
6055,Napa County,,CA,9963,173605,183568,26,27,53,7075,7255,14330,7,0.326785,0.351233,38.700019,0.01466,0.015824,13,0.000345,0,31,0.922581,0.105701
6057,Nevada County,,CA,7437,113421,120858,25,24,49,5823,4605,10428,7,0.325445,0.348984,29.790965,0.013641,0.013162,13,0.000344,0,31,0.887566,0.098831
6059,Orange County,,CA,174182,3778703,3952885,219,232,451,144645,157443,302088,6,0.416055,0.468005,36243.404043,0.108972,0.106526,13,0.002906,0,31,0.266753,0.727954
6061,Placer County,,CA,29543,435063,464606,52,57,109,30959,23277,54236,7,0.337423,0.36862,698.432509,0.024153,0.027891,13,0.000707,0,31,0.631848,0.177567
6063,Plumas County,,CA,1201,20163,21364,5,3,8,499,346,845,7,0.260332,0.273554,0.166667,0.001925,0.000505,13,0.000127,0,31,0.9,0.014005
6065,Riverside County,,CA,132585,2502506,2635091,167,173,340,143052,114803,257855,6,0.398165,0.445416,22967.694402,0.082594,0.081823,13,0.00246,0,31,0.305025,0.582863
6067,Sacramento County,,CA,81179,1670695,1751874,135,145,280,76445,70344,146789,6,0.389567,0.433645,33011.868133,0.069877,0.070255,13,0.001994,0,31,0.362493,0.499411
6069,San Benito County,,CA,4242,71325,75567,9,11,20,4065,2734,6799,7,0.313367,0.333262,0,0.005439,0.005117,13,0.000145,0,31,1,0.038936
6071,San Bernardino County,,CA,133079,2278793,2411872,134,164,298,122178,115098,237276,6,0.399138,0.44466,15218.618417,0.070534,0.079515,13,0.001852,0,31,0.346174,0.497251
6073,San Diego County,,CA,197623,3842491,4040114,373,393,766,157454,167871,325325,6,0.453847,0.518167,286651.939311,0.13756,0.131731,13,0.005323,0,31,0.135305,0.920188
6075,San Francisco County,,CA,88632,1005253,1093885,148,119,267,71021,80622,151643,6,0.382487,0.42392,6675.857165,0.086431,0.071029,13,0.001831,0,31,0.460615,0.574835
6077,San Joaquin County,,CA,36691,804907,841598,48,61,109,37589,29574,67163,6,0.348863,0.380586,1252.522457,0.024376,0.031657,13,0.000626,0,31,0.622888,0.177118
6079,San Luis Obispo County,,CA,16878,312257,329135,43,48,91,13623,11993,25616,7,0.3373,0.365962,122.663852,0.021801,0.024491,13,0.000544,0,31,0.739115,0.156489
6081,San Mateo County,,CA,68186,933095,1001281,97,93,190,52490,60698,113188,6,0.36824,0.406186,2604.746044,0.062584,0.054608,13,0.001174,0,31,0.522005,0.42199
6083,Santa Barbara County,,CA,25712,512493,538205,50,61,111,16175,18620,34795,6,0.35375,0.386267,932.921258,0.031739,0.036742,13,0.000688,0,31,0.672028,0.22924
6085,Santa Clara County,,CA,132978,2333734,2466712,181,172,353,89300,119751,209051,6,0.395276,0.442405,19025.12435,0.096024,0.086679,13,0.002305,0,31,0.330689,0.638071
6087,Santa Cruz County,,CA,17509,320042,337551,44,48,92,13203,13362,26565,6,0.342076,0.37065,256.442483,0.023427,0.02343,13,0.000555,0,31,0.736471,0.166812
6089,Shasta County,,CA,10425,185632,196057,37,41,78,6708,6245,12953,7,0.328913,0.355667,9627.279075,0.016574,0.019173,13,0.000614,0,31,0.649758,0.122963
6091,Sierra County,,CA,167,2847,3014,0,0,0,0,0,0,0,0,0,0,0,0,14,0.000052,12,52,0,0
6093,Siskiyou County,,CA,2398,45366,47764,11,6,17,1184,827,2011,7,0.280719,0.296303,6.786449,0.005926,0.001297,13,0.000199,0,31,0.863636,0.043004
6095,Solano County,,CA,31407,496467,527874,53,59,112,28289,23146,51435,6,0.348732,0.380136,1168.843031,0.02904,0.031853,13,0.000703,0,31,0.656498,0.21106
6097,Sonoma County,,CA,24391,602812,627203,53,65,118,19777,18181,37958,6,0.34882,0.381186,588.130602,0.028488,0.032011,13,0.000717,0,31,0.615516,0.207537
6099,Stanislaus County,,CA,24986,591721,616707,42,54,96,24163,19399,43562,6,0.346039,0.37638,1708.545835,0.021047,0.027126,13,0.00054,0,31,0.665993,0.150375
6101,Sutter County,,CA,6822,105305,112127,14,14,28,4806,4554,9360,7,0.321751,0.342984,150.958569,0.0065,0.006436,13,0.000218,0,31,0.858333,0.046556
6103,Tehama County,,CA,3899,63288,67187,11,5,16,2426,2089,4515,7,0.280549,0.295823,83.064611,0.00592,0.00107,13,0.000206,0,31,0.854545,0.042579
6105,Trinity County,,CA,720,10770,11490,2,2,4,197,236,433,8,0.247594,0.258177,0,0.000316,0.000274,13,0.00008,0,31,1,0.002192
6107,Tulare County,,CA,17472,502846,520318,26,33,59,12240,12198,24438,7,0.334216,0.359975,27.635292,0.01522,0.018132,13,0.000332,0,31,0.877841,0.107454
6109,Tuolumne County,,CA,3229,55887,59116,13,12,25,2197,1475,3672,7,0.319862,0.34056,169.094359,0.005633,0.00634,13,0.000197,0,31,0.82967,0.040216
6111,Ventura County,,CA,49073,1038866,1087939,70,99,169,34797,38425,73222,6,0.369317,0.407949,1522.236777,0.04339,0.056579,13,0.000945,0,31,0.536208,0.31166
6113,Yolo County,,CA,16681,216084,232765,39,40,79,12657,13088,25745,6,0.33907,0.367165,732.420536,0.01901,0.02091,13,0.000491,0,31,0.747475,0.133976
6115,Yuba County,,CA,7979,71688,79667,14,12,26,5683,4577,10260,7,0.323475,0.345294,83.864816,0.006638,0.006297,13,0.000217,0,31,0.75,0.047284
8001,Adams County,,CO,58531,538370,596901,62,63,125,51825,47395,99220,6,0.365574,0.399094,6439.99109,0.035054,0.035118,178,0.00107,0,31,0.490515,0.257771
8003,Alamosa County,,CO,1509,15485,16994,3,5,8,415,572,987,7,0.301596,0.31778,16795,0.000799,0.001938,178,0.00024,0,31,0.3,0.006655
8005,Arapahoe County,,CO,83824,701882,785706,145,118,263,73032,69886,142918,6,0.400058,0.438973,36389.162593,0.07862,0.065541,178,0.002284,0,31,0.38577,0.546841
8007,Archuleta County,,CO,1065,13404,14469,1,1,2,136,118,254,8,0.2433,0.252238,0,0.000069,0.000077,178,0.000072,0,31,0,0.000697
8009,Baca County,,CO,113,3859,3972,0,0,0,0,0,0,0,0,0,0,0,0,15,0.000052,13,53,0,0
8011,Bent County,,CO,265,3900,4165,0,1,1,0,107,107,8,0.228969,0.235926,0,0,0.000008,178,0.000052,0,54,0,0
8013,Boulder County,,CO,33094,353417,386511,99,70,169,22734,24669,47403,6,0.37149,0.406192,7675.502046,0.060315,0.042332,178,0.00149,0,31,0.494677,0.420732
8014,Broomfield County,,CO,12045,70235,82280,19,13,32,9733,9078,18811,7,0.324722,0.346998,1.742046,0.014739,0.009819,178,0.000351,0,31,0.988304,0.114001
8015,Chaffee County,,CO,1440,20112,21552,6,3,9,599,269,868,7,0.297367,0.31298,283.918868,0.002576,0.001513,178,0.000217,0,31,0.666667,0.022501
8017,Cheyenne County,,CO,71,2064,2135,0,0,0,0,0,0,0,0,0,0,0,0,16,0.000052,14,55,0,0
8019,Clear Creek County,,CO,1183,9702,10885,4,3,7,629,469,1098,7,0.291103,0.305322,0,0.002065,0.001856,178,0.000122,0,31,1,0.017915
8021,Conejos County,,CO,370,7928,8298,1,1,2,123,126,249,8,0.231732,0.238878,0,0.000017,0.000007,178,0.000093,0,31,0,0.000157
8023,Costilla County,,CO,132,3092,3224,0,0,0,0,0,0,0,0,0,0,0,0,17,0.000052,15,56,0,0
8025,Crowley County,,CO,210,2711,2921,0,1,1,0,68,68,8,0.228969,0.235926,0,0,0.000008,178,0.000052,0,57,0,0
8027,Custer County,,CO,348,4435,4783,2,1,3,143,77,220,8,0.231945,0.239196,0,0.000826,0.000029,178,0.000115,0,31,1,0.006806
8029,Delta County,,CO,2097,31218,33315,8,3,11,1231,747,1978,8,0.247395,0.257577,1.793651,0.002187,0.000197,178,0.000268,0,31,0.857143,0.020738
8031,Denver County,,CO,103715,719250,822965,228,153,381,93953,92084,186037,6,0.409855,0.452562,87334.155863,0.106628,0.081452,178,0.003443,0,31,0.272436,0.711802
8033,Dolores County,,CO,62,1956,2018,0,0,0,0,0,0,0,0,0,0,0,0,18,0.000052,16,58,0,0
8035,Douglas County,,CO,35549,374530,410079,73,59,132,31454,26201,57655,6,0.362758,0.395578,2807.111957,0.045918,0.038135,178,0.001144,0,31,0.576031,0.328402
8037,Eagle County,,CO,6110,63999,70109,17,18,35,2600,2950,5550,7,0.326824,0.349949,4469.260683,0.008861,0.010052,178,0.000376,0,31,0.695906,0.07104
8039,Elbert County,,CO,2557,27246,29803,6,6,12,2394,1476,3870,7,0.301727,0.31799,0,0.003206,0.003872,178,0.000155,0,31,1,0.027335
8041,El Paso County,,CO,70163,746241,816404,249,210,459,54565,46066,100631,6,0.421932,0.470542,172139.263054,0.100147,0.089117,178,0.004106,0,31,0.207353,0.706241
8043,Fremont County,,CO,2844,41430,44274,10,7,17,1584,1155,2739,7,0.301957,0.3185,2805.126089,0.003261,0.002935,178,0.000381,0,31,0.611111,0.02875
8045,Garfield County,,CO,4694,65458,70152,15,14,29,2774,2208,4982,7,0.320009,0.34101,1925.222393,0.006706,0.006459,178,0.000377,0,31,0.790476,0.055888
8047,Gilpin County,,CO,691,5522,6213,4,2,6,440,244,684,7,0.278916,0.292561,0,0.001857,0.001127,178,0.000124,0,31,1,0.016772
8049,Grand County,,CO,1598,15804,17402,7,4,11,660,335,995,7,0.291592,0.306312,0,0.002799,0.002629,178,0.000182,0,31,1,0.025775
8051,Gunnison County,,CO,1586,16791,18377,5,7,12,306,427,733,7,0.302088,0.31871,0.222222,0.002624,0.003664,178,0.000146,0,31,0.892857,0.023717
8053,Hinsdale County,,CO,-2,851,849,0,0,0,0,0,0,0,0,0,0,0,0,19,0.000052,17,59,0,0
8055,Huerfano County,,CO,414,5938,6352,1,1,2,108,74,182,8,0.245103,0.254404,0,0.000083,0.000083,178,0.000079,0,31,0,0.000758
8057,Jackson County,,CO,98,1444,1542,0,0,0,0,0,0,0,0,0,0,0,0,20,0.000052,18,60,0,0
8059,Jefferson County,,CO,63175,655421,718596,123,94,217,57598,51701,109299,6,0.377446,0.415179,28171.383996,0.065309,0.048122,178,0.00218,0,31,0.39906,0.464345
8061,Kiowa County,,CO,61,1453,1514,0,0,0,0,0,0,0,0,0,0,0,0,21,0.000052,19,61,0,0
8063,Kit Carson County,,CO,547,8318,8865,0,0,0,0,0,0,0,0,0,0,0,0,22,0.000052,20,62,0,0
8065,Lake County,,CO,879,7309,8188,3,2,5,240,142,382,8,0.246408,0.255981,0.4,0.000566,0.000103,178,0.00011,0,31,0.666667,0.005551
8067,La Plata County,,CO,4681,60224,64905,15,15,30,1865,1873,3738,7,0.321491,0.343296,5718.961022,0.008617,0.007681,178,0.000355,0,31,0.715686,0.068011
8069,Larimer County,,CO,29773,371944,401717,83,63,146,20810,19346,40156,6,0.359845,0.392783,15432.978102,0.042524,0.031509,178,0.001468,0,31,0.429899,0.311867
8071,Las Animas County,,CO,1003,13745,14748,2,2,4,147,230,377,7,0.296858,0.31214,43.700221,0.000087,0.000981,178,0.000107,0,31,0.333333,0.000882
8073,Lincoln County,,CO,422,4923,5345,1,0,1,103,0,103,0,0,0,0,0.000799,0,178,0.000069,0,21,0,0.006454
8075,Logan County,,CO,1381,20721,22102,3,6,9,252,477,729,7,0.299321,0.315332,5.938847,0.000486,0.002516,178,0.000113,0,31,0.933333,0.004703
8077,Mesa County,,CO,9656,164032,173688,29,24,53,5122,4480,9602,7,0.328524,0.353099,12894.646829,0.01109,0.012336,178,0.000757,0,31,0.467742,0.090469
8079,Mineral County,,CO,-2,938,936,0,0,0,0,0,0,0,0,0,0,0,0,23,0.000052,21,63,0,0
8081,Moffat County,,CO,1135,14188,15323,2,2,4,244,227,471,8,0.247351,0.257337,0.543108,0.00014,0.000122,178,0.000104,0,31,0.5,0.001208
8083,Montezuma County,,CO,1784,27381,29165,4,4,8,971,499,1470,7,0.316149,0.335446,1.527158,0.001453,0.001525,178,0.000127,0,31,0.833333,0.011433
8085,Montrose County,,CO,2682,45398,48080,11,5,16,1410,941,2351,7,0.316545,0.336226,6016.131513,0.004187,0.002029,178,0.000413,0,31,0.536364,0.036076
8087,Morgan County,,CO,2360,32488,34848,7,7,14,935,1038,1973,7,0.291837,0.307062,41.0476,0.002546,0.003141,178,0.000177,0,31,0.857143,0.022465
8089,Otero County,,CO,1123,18871,19994,4,2,6,422,315,737,7,0.296858,0.31214,5556,0.000883,0.000981,178,0.000184,0,31,0.166667,0.007403
8091,Ouray County,,CO,474,5373,5847,2,1,3,146,115,261,8,0.240457,0.248798,0,0.000027,0.000038,178,0.000137,0,31,0.5,0.000516
8093,Park County,,CO,1897,15567,17464,8,6,14,1614,861,2475,7,0.301727,0.31799,1.656171,0.003268,0.003239,178,0.000211,0,31,0.875,0.028283
8095,Phillips County,,CO,292,5043,5335,0,0,0,0,0,0,0,0,0,0,0,0,24,0.000052,22,64,0,0
8097,Pitkin County,,CO,2389,20427,22816,2,5,7,629,1203,1832,7,0.317413,0.336708,0,0.000148,0.002909,178,0.000093,0,31,1,0.001317
8099,Prowers County,,CO,702,12361,13063,0,0,0,0,0,0,0,0,0,0,0,0,25,0.000052,23,65,0,0
8101,Pueblo County,,CO,9104,168746,177850,19,18,37,4615,4205,8820,7,0.324646,0.347598,9263.531301,0.009218,0.009284,178,0.000559,0,31,0.586842,0.074595
8103,Rio Blanco County,,CO,556,7158,7714,1,1,2,63,112,175,8,0.247307,0.257097,0,0.000111,0.000099,178,0.000079,0,31,0,0.00091
8105,Rio Grande County,,CO,1073,14217,15290,2,2,4,286,287,573,8,0.23177,0.239118,5601,0.000017,0.000007,178,0.000215,0,31,0,0.000256
8107,Routt County,,CO,2582,28235,30817,7,7,14,723,705,1428,7,0.291776,0.307032,747.216486,0.002503,0.00327,178,0.000208,0,31,0.785714,0.02301
8109,Saguache County,,CO,388,3998,4386,1,1,2,86,107,193,9,0.188173,0.192133,0,0,0,178,0.000144,0,31,0,0.000102
8111,San Juan County,,CO,-2,669,667,0,0,0,0,0,0,0,0,0,0,0,0,26,0.000052,24,66,0,0
8113,San Miguel County,,CO,885,9076,9961,0,3,3,0,222,222,7,0.290873,0.305003,0,0,0.000994,178,0.000052,0,67,0.5,0
8115,Sedgwick County,,CO,138,2531,2669,0,0,0,0,0,0,0,0,0,0,0,0,27,0.000052,25,68,0,0
8117,Summit County,,CO,4355,35557,39912,13,12,25,1588,1866,3454,7,0.302154,0.31943,242.397996,0.007559,0.004933,178,0.000281,0,31,0.733333,0.061234
8119,Teller County,,CO,2708,26148,28856,6,4,10,1612,1147,2759,7,0.301367,0.31727,0.325,0.00292,0.001913,178,0.000171,0,31,0.857143,0.025311
8121,Washington County,,CO,229,5016,5245,0,0,0,0,0,0,0,0,0,0,0,0,28,0.000052,26,69,0,0
8123,Weld County,,CO,25417,312411,337828,40,32,72,25615,16175,41790,7,0.341403,0.369058,4981.569081,0.021592,0.019573,178,0.000727,0,31,0.54058,0.164465
8125,Yuma County,,CO,674,11374,12048,0,1,1,0,70,70,8,0.25458,0.265303,0,0,0.000194,178,0.000052,0,70,0,0
9001,Fairfield County,,CT,53908,1112509,1166417,94,148,242,37204,44981,82185,6,0.382434,0.427922,4706.14931,0.06076,0.084337,214,0.000992,0,31,0.466578,0.383971
9003,Hartford County,,CT,49337,1070021,1119358,93,136,229,31290,39960,71250,6,0.384551,0.428414,6638.192939,0.059307,0.078461,214,0.001007,0,31,0.473436,0.377528
9005,Litchfield County,,CT,11220,224867,236087,18,24,42,7715,6969,14684,7,0.328485,0.353381,39.885269,0.009911,0.015257,214,0.000182,0,31,0.762108,0.053231
9007,Middlesex County,,CT,12101,196469,208570,15,20,35,8997,8162,17159,7,0.321826,0.345216,45.595885,0.009021,0.012383,214,0.000166,0,31,0.826087,0.050909
9009,New Haven County,,CT,46336,983482,1029818,83,125,208,30509,37384,67893,6,0.377394,0.419918,3742.822199,0.055395,0.073985,214,0.000914,0,31,0.501468,0.359853
9011,New London County,,CT,18453,317375,335828,41,57,98,10191,11470,21661,7,0.343217,0.375633,940.010545,0.023641,0.03418,214,0.000458,0,31,0.586462,0.14761
9013,Tolland County,,CT,11186,163432,174618,12,17,29,7891,7222,15113,7,0.320489,0.343161,8.763119,0.005115,0.008542,214,0.000138,0,31,0.748366,0.025814
9015,Windham County,,CT,6880,130695,137575,11,14,25,4598,4135,8733,7,0.318578,0.340156,12.607426,0.004274,0.005576,214,0.000134,0,31,0.785714,0.022007
10001,Kent County,,DE,11871,189894,201765,30,19,49,7037,5701,12738,7,0.326439,0.350087,783.658967,0.015442,0.009772,214,0.000343,0,31,0.629412,0.089562
10003,New Castle County,,DE,29993,637094,667087,80,96,176,21361,22109,43470,6,0.367217,0.405784,6308.541137,0.050251,0.062268,214,0.000827,0,31,0.604029,0.307904
10005,Sussex County,,DE,10397,242641,253038,55,29,84,11979,5976,17955,7,0.304639,0.328089,1646.21456,0.025063,0.012313,214,0.00057,0,31,0.459563,0.140225
11001,District of Columbia,,DC,75021,685120,760141,180,153,333,59618,64661,124279,6,0.398165,0.442873,35260.504813,0.096723,0.087817,287,0.002238,0,31,0.36654,0.621358
12001,Alachua County,,FL,21545,248102,269647,58,71,129,13181,14849,28030,6,0.36596,0.40075,21038.671059,0.031621,0.046772,29,0.001121,0,31,0.544035,0.243583
12003,Baker County,,FL,1460,26322,27782,4,3,7,987,806,1793,7,0.290677,0.305976,0.22619,0.001119,0.001328,29,0.000154,0,31,0.833333,0.01005
12005,Bay County,,FL,16070,198771,214841,48,47,95,6817,7062,13879,7,0.35357,0.384213,29412.9696,0.027299,0.028909,0,0.000926,0,31,0.516558,0.199838
12007,Bradford County,,FL,1792,23870,25662,5,6,11,1247,1192,2439,7,0.290951,0.306815,71.118539,0.00152,0.001675,29,0.000157,0,31,0.733333,0.011442
12009,Brevard County,,FL,30903,642291,673194,161,96,257,29576,18160,47736,6,0.374595,0.412761,8047.360001,0.087697,0.062881,29,0.002183,0,31,0.415266,0.590462
12011,Broward County,,FL,127312,2127384,2254696,238,238,476,120858,112269,233127,6,0.418689,0.471382,50165.772444,0.114738,0.112048,29,0.003097,0,31,0.256141,0.75644
12013,Calhoun County,,FL,819,11974,12793,3,3,6,527,410,937,8,0.261336,0.273149,2830.770883,0.000266,0.000251,0,0.000142,0,31,0.333333,0.002107
12015,Charlotte County,,FL,13263,177832,191095,49,19,68,10346,7175,17521,7,0.32123,0.343458,272.187567,0.031172,0.014164,29,0.00064,0,31,0.684766,0.204061
12017,Citrus County,,FL,8820,146542,155362,26,22,48,6093,4359,10452,7,0.323023,0.346134,303.696668,0.014544,0.0154,29,0.000504,0,31,0.849206,0.114472
12019,Clay County,,FL,21406,226960,248366,47,38,85,16657,14122,30779,7,0.340692,0.368656,1872.717857,0.027936,0.0241,29,0.000814,0,31,0.64,0.206077
12021,Collier County,,FL,24618,415266,439884,117,69,186,22011,15471,37482,6,0.370994,0.405178,2586.404305,0.067943,0.047226,29,0.001368,0,31,0.476825,0.42643
12023,Columbia County,,FL,4454,64604,69058,23,12,35,2993,2162,5155,7,0.297017,0.314998,4151.297709,0.010487,0.003675,29,0.00057,0,31,0.503623,0.079252
12027,DeSoto County,,FL,2000,29920,31920,5,8,13,1026,1086,2112,7,0.296352,0.313276,3.589713,0.001608,0.004508,29,0.000174,0,31,0.892857,0.017231
12029,Dixie County,,FL,936,12200,13136,3,3,6,333,405,738,7,0.267992,0.280786,0,0.000431,0.000304,29,0.000129,0,31,1,0.002574
12031,Duval County,,FL,70763,1018015,1088778,238,179,417,62370,55115,117485,6,0.409433,0.456156,89977.676513,0.109598,0.092036,29,0.003507,0,31,0.280073,0.736081
12033,Escambia County,,FL,26805,325673,352478,77,84,161,15311,17140,32451,6,0.370697,0.407247,16995.900889,0.042447,0.048015,0,0.001252,0,31,0.434444,0.308393
12035,Flagler County,,FL,8561,114636,123197,28,19,47,5770,4642,10412,7,0.30494,0.325244,12.186599,0.01842,0.01293,29,0.000423,0,31,0.822989,0.123392
12037,Franklin County,,FL,611,10248,10859,1,2,3,104,170,274,7,0.270418,0.28369,0,0.000401,0.000477,29,0.000069,0,31,1,0.001917
12039,Gadsden County,,FL,2992,48826,51818,4,3,7,1809,1839,3648,7,0.267013,0.280019,414.295462,0.001601,0.000242,29,0.00015,0,31,0.5,0.009967
12041,Gilchrist County,,FL,1377,15798,17175,4,4,8,871,864,1735,7,0.268069,0.281086,2.850433,0.000463,0.000398,29,0.00017,0,31,0.75,0.003359
12043,Glades County,,FL,1132,8851,9983,4,4,8,697,672,1369,7,0.295658,0.312466,4.961119,0.001686,0.002061,29,0.000127,0,31,0.75,0.013439
12045,Gulf County,,FL,937,13029,13966,1,2,3,307,457,764,7,0.270418,0.28369,0,0.000259,0.000477,0,0.000069,0,31,1,0.001858
12047,Hamilton County,,FL,813,11483,12296,3,3,6,344,345,689,8,0.24545,0.256558,22.893569,0.000163,0.00026,29,0.000154,0,31,0.333333,0.002186
12049,Hardee County,,FL,1689,26472,28161,5,5,10,748,989,1737,7,0.295563,0.311776,5.693346,0.001918,0.002528,29,0.000149,0,31,0.85,0.016939
12051,Hendry County,,FL,3060,39365,42425,7,7,14,2097,1722,3819,7,0.302121,0.319599,25.700041,0.005211,0.005619,29,0.000159,0,31,0.821429,0.03745
12053,Hernando County,,FL,12261,180554,192815,33,21,54,10788,7067,17855,7,0.305107,0.325784,13.881776,0.021596,0.014901,29,0.000542,0,31,0.857955,0.155525
12055,Highlands County,,FL,5869,98292,104161,20,20,40,3306,2768,6074,7,0.303044,0.322658,68.83946,0.010834,0.013432,29,0.000411,0,31,0.77668,0.087357
12057,Hillsborough County,,FL,101139,1469015,1570154,292,223,515,101157,83096,184253,6,0.419068,0.469414,80193.907464,0.124668,0.109636,29,0.003939,0,31,0.21859,0.815847
12059,Holmes County,,FL,1120,16398,17518,5,4,9,881,661,1542,8,0.261385,0.273359,46.432544,0.000298,0.000311,0,0.000209,0,31,0.4,0.002744
12061,Indian River County,,FL,9539,166737,176276,32,17,49,7167,4408,11575,7,0.323889,0.346722,10.358507,0.021432,0.014352,29,0.000466,0,31,0.863636,0.147602
12063,Jackson County,,FL,2802,44694,47496,7,7,14,1265,1372,2637,7,0.271157,0.28564,117.739108,0.00069,0.000529,0,0.00028,0,31,0.380952,0.004662
12065,Jefferson County,,FL,951,13911,14862,1,1,2,418,440,858,7,0.266808,0.279329,0,0.000401,0.000232,29,0.000069,0,31,0,0.001917
12067,Lafayette County,,FL,420,6279,6699,1,2,3,151,211,362,8,0.229057,0.237061,0,0.000018,0.000151,29,0.00009,0,31,1,0.000501
12069,Lake County,,FL,28282,356321,384603,83,36,119,27916,18074,45990,6,0.345694,0.373476,507.370191,0.052004,0.027169,29,0.001111,0,31,0.629549,0.342894
12071,Lee County,,FL,43330,758752,802082,243,127,370,49817,27999,77816,6,0.390498,0.432025,28378.45038,0.106394,0.072869,29,0.003072,0,31,0.247553,0.679838
12073,Leon County,,FL,23360,278073,301433,58,72,130,12806,16456,29262,6,0.363851,0.398692,67283.578088,0.025852,0.044678,29,0.001377,0,31,0.450716,0.205527
12075,Levy County,,FL,3187,39507,42694,6,6,12,1905,1839,3744,7,0.268873,0.282448,101.239579,0.001784,0.000876,29,0.000192,0,31,0.619048,0.013161
12077,Liberty County,,FL,498,6613,7111,1,2,3,112,218,330,7,0.26691,0.279659,10.849109,0.000002,0.000234,0,0.000093,0,31,0,0.00012
12079,Madison County,,FL,944,17622,18566,2,4,6,134,342,476,7,0.268821,0.282565,13.849164,0.000403,0.000401,29,0.000107,0,31,0.416667,0.002033
12081,Manatee County,,FL,25402,391838,417240,121,51,172,27218,16014,43232,6,0.357667,0.389393,3380.885501,0.070746,0.037958,29,0.001562,0,31,0.506331,0.458123
12083,Marion County,,FL,20929,363488,384417,68,47,115,16296,12393,28689,7,0.345996,0.376401,2607.28148,0.040162,0.029835,29,0.001085,0,31,0.628286,0.279284
12085,Martin County,,FL,12594,171842,184436,31,21,52,10523,7705,18228,6,0.322461,0.34493,171.166782,0.021848,0.015277,29,0.00044,0,31,0.793544,0.147393
12086,Miami-Dade County,,FL,132819,2972655,3105474,185,217,402,84468,117279,201747,6,0.421101,0.470122,50316.467461,0.101811,0.107144,29,0.002493,0,31,0.309747,0.683135
12087,Monroe County,,FL,9927,92968,102895,23,33,56,3541,4687,8228,6,0.338698,0.364591,22.365086,0.01701,0.023048,29,0.000385,0,31,0.780228,0.124772
12089,Nassau County,,FL,6240,89681,95921,15,10,25,4121,2851,6972,7,0.298133,0.31603,152.320049,0.00954,0.004978,29,0.000312,0,31,0.637255,0.07092
12091,Okaloosa County,,FL,24852,228528,253380,72,77,149,12523,14081,26604,6,0.366539,0.402142,13934.315115,0.039233,0.046185,0,0.0012,0,31,0.479151,0.288195
12093,Okeechobee County,,FL,2087,36841,38928,7,6,13,1156,749,1905,7,0.295658,0.312334,7.730218,0.003485,0.002811,29,0.000166,0,31,0.75,0.024807
12095,Orange County,,FL,122276,1401443,1523719,250,204,454,112202,105656,217858,6,0.415123,0.463655,49184.914289,0.11816,0.106245,29,0.003409,0,31,0.274614,0.783344
12097,Osceola County,,FL,37391,346582,383973,90,53,143,36041,29216,65257,6,0.352181,0.383507,287.435667,0.059237,0.039704,29,0.001089,0,31,0.642006,0.387922
12099,Palm Beach County,,FL,82876,1609904,1692780,226,211,437,88882,68795,157677,6,0.41119,0.461567,35962.587339,0.109277,0.106637,29,0.002863,0,31,0.280222,0.720282
12101,Pasco County,,FL,40048,510040,550088,121,62,183,43216,28582,71798,6,0.369366,0.40315,2523.61752,0.071926,0.045107,29,0.001544,0,31,0.509048,0.470123
12103,Pinellas County,,FL,62706,1037489,1100195,257,168,425,63265,47729,110994,6,0.4062,0.451098,37708.751653,0.118218,0.093826,29,0.003356,0,31,0.264308,0.772617
12105,Polk County,,FL,40683,679280,719963,133,74,207,40688,27000,67688,6,0.369611,0.405064,4608.280725,0.073961,0.048274,29,0.001674,0,31,0.44474,0.476106
12107,Putnam County,,FL,4683,67650,72333,12,11,23,2925,2865,5790,7,0.298101,0.31612,32.697575,0.006646,0.006155,29,0.000261,0,31,0.865385,0.051104
12109,St. Johns County,,FL,18597,254939,273536,72,32,104,18059,11626,29685,7,0.333694,0.360659,564.129128,0.047939,0.023463,29,0.001077,0,31,0.69844,0.33812
12111,St. Lucie County,,FL,21362,319249,340611,82,44,126,21600,13783,35383,7,0.34111,0.37078,736.151682,0.051619,0.031952,29,0.00098,0,31,0.641588,0.330607
12113,Santa Rosa County,,FL,16442,175654,192096,39,31,70,10629,8702,19331,7,0.343302,0.370732,5991.119271,0.024447,0.019541,0,0.00065,0,31,0.615657,0.175394
12115,Sarasota County,,FL,30904,453263,484167,152,74,226,29853,21136,50989,6,0.371241,0.406527,4731.314751,0.082921,0.051739,29,0.001866,0,31,0.429717,0.529592
12117,Seminole County,,FL,48533,496342,544875,95,78,173,42280,38709,80989,6,0.372536,0.408615,1813.193739,0.062153,0.055835,29,0.001317,0,31,0.588534,0.42476
12119,Sumter County,,FL,6995,125332,132327,44,14,58,7020,3829,10849,7,0.300714,0.319335,17.353264,0.027727,0.009743,29,0.00061,0,31,0.725687,0.184084
12121,Suwannee County,,FL,2817,39445,42262,12,7,19,1600,1255,2855,7,0.291623,0.308033,4479.977049,0.0063,0.001954,29,0.000312,0,31,0.576923,0.046363
12123,Taylor County,,FL,970,19903,20873,2,2,4,138,221,359,7,0.266884,0.279599,0,0.000404,0.000235,29,0.000091,0,31,1,0.002033
12125,Union County,,FL,938,11316,12254,3,3,6,505,446,951,7,0.268043,0.280906,0.559524,0.000467,0.000391,29,0.000128,0,31,0.833333,0.00322
12127,Volusia County,,FL,32695,554388,587083,146,81,227,32626,20937,53563,6,0.373036,0.409281,6170.664066,0.078534,0.054677,29,0.001939,0,31,0.425857,0.516569
12129,Wakulla County,,FL,2039,31421,33460,1,1,2,1271,954,2225,7,0.266808,0.279329,0,0.000401,0.000232,29,0.000069,0,31,0,0.001917
12131,Walton County,,FL,6131,64562,70693,16,9,25,4066,2833,6899,7,0.301334,0.31984,860.86608,0.006368,0.003468,0,0.000368,0,31,0.5625,0.045259
12133,Washington County,,FL,1799,21765,23564,3,3,6,1050,1061,2111,8,0.261311,0.273089,0,0.000267,0.000254,0,0.000147,0,31,1,0.002138
13001,Appling County,,GA,871,18542,19413,3,2,5,276,233,509,9,0.184352,0.188836,31.017604,0.000001,0,33,0.000232,0,31,0,0.000325
13003,Atkinson County,,GA,663,8260,8923,1,1,2,224,242,466,9,0.197133,0.202871,0,0.000001,0.000001,33,0.000119,0,31,0,0.000126
13005,Bacon County,,GA,609,10913,11522,3,4,7,280,298,578,8,0.225964,0.233989,2811.724263,0.000011,0.000009,33,0.00026,0,31,0.333333,0.000403
13007,Baker County,,GA,226,2909,3135,0,0,0,0,0,0,0,0,0,0,0,0,30,0.000052,27,71,0,0
13009,Baldwin County,,GA,2821,40243,43064,8,9,17,1134,1399,2533,7,0.296288,0.313729,12767.966757,0.000929,0.002819,33,0.000337,0,31,0.333333,0.00797
13011,Banks County,,GA,1816,17776,19592,5,4,9,1153,1238,2391,8,0.229492,0.238027,2.808644,0.000818,0.000121,33,0.000207,0,31,0.75,0.006913
13013,Barrow County,,GA,6999,80047,87046,12,11,23,6455,4730,11185,7,0.295815,0.313279,28.265651,0.003549,0.003098,33,0.000311,0,31,0.765152,0.027713
13015,Bartow County,,GA,7559,108580,116139,10,14,24,5262,4634,9896,7,0.29871,0.317196,64.264886,0.003394,0.004054,33,0.000261,0,31,0.615385,0.026046
13017,Ben Hill County,,GA,1094,17015,18109,3,3,6,457,469,926,8,0.227574,0.235864,19.584885,0.000011,0.000014,33,0.000211,0,31,0.5,0.000431
13019,Berrien County,,GA,1360,16717,18077,4,4,8,784,713,1497,8,0.245363,0.256438,5.784799,0.000125,0.000123,33,0.000195,0,31,0.666667,0.001319
13021,Bibb County,,GA,11693,159629,171322,20,22,42,5571,7222,12793,7,0.307743,0.32972,16729.268989,0.005628,0.00739,33,0.000579,0,31,0.405,0.042631
13023,Bleckley County,,GA,725,12269,12994,4,2,6,372,288,660,8,0.246999,0.257866,3729.968104,0.000139,0.000151,33,0.000181,0,31,0.583333,0.001561
13025,Brantley County,,GA,1157,16303,17460,4,4,8,701,669,1370,8,0.244909,0.255133,151.869957,0.000049,0.000097,33,0.000226,0,31,0.4,0.000797
13027,Brooks County,,GA,1442,14992,16434,3,2,5,811,793,1604,8,0.245255,0.255928,0,0.000117,0.000114,33,0.000135,0,31,1,0.001158
13029,Bryan County,,GA,5640,39820,45460,6,4,10,2761,2020,4781,7,0.271793,0.285609,67.372691,0.001635,0.000547,33,0.000175,0,31,0.733333,0.012701
13031,Bulloch County,,GA,5361,61202,66563,17,17,34,2756,2571,5327,7,0.299515,0.318612,20456.906803,0.005083,0.004203,33,0.000567,0,31,0.313726,0.037557
13033,Burke County,,GA,1432,23699,25131,3,2,5,732,706,1438,8,0.25936,0.271413,0.336816,0.001551,0.000342,289,0.000095,0,31,0.666667,0.010434
13035,Butts County,,GA,1761,22482,24243,7,6,13,1345,1053,2398,7,0.265685,0.278186,29.846642,0.000508,0.000665,33,0.000236,0,31,0.619048,0.006003
13037,Calhoun County,,GA,366,4982,5348,0,2,2,0,172,172,8,0.234614,0.243836,0,0,0.000051,0,0.000052,0,72,0,0
13039,Camden County,,GA,6979,52641,59620,15,16,31,2472,2962,5434,7,0.320637,0.34212,2114.545645,0.005405,0.00619,29,0.000322,0,31,0.482456,0.038775
13043,Candler County,,GA,689,10464,11153,2,3,5,284,333,617,8,0.230673,0.239199,0.75,0.000038,0.000051,33,0.000126,0,31,0.666667,0.000555
13045,Carroll County,,GA,8356,116866,125222,19,18,37,5976,5303,11279,7,0.298325,0.31722,5332.289688,0.005217,0.004461,33,0.00042,0,31,0.454762,0.040708
13047,Catoosa County,,GA,5538,65980,71518,6,6,12,4168,4014,8182,7,0.263467,0.276224,73.447248,0.000288,0.000312,241,0.00023,0,31,0.666667,0.003047
13049,Charlton County,,GA,696,8662,9358,3,3,6,311,352,663,7,0.290647,0.305886,0,0.000926,0.001117,29,0.000113,0,31,1,0.00781
13051,Chatham County,,GA,27054,287497,314551,89,84,173,14867,16606,31473,6,0.371639,0.408627,53988.683781,0.0444,0.044913,33,0.001584,0,31,0.383588,0.322709
13053,Chattahoochee County,,GA,3831,4877,8708,4,9,13,711,1364,2075,7,0.307335,0.327447,2.39808,0.001519,0.004169,33,0.000101,0,31,0.833333,0.009986
13055,Chattooga County,,GA,1270,23752,25022,3,3,6,555,671,1226,8,0.230444,0.239029,5.094655,0.000039,0.000034,241,0.000133,0,31,0.333333,0.000596
13057,Cherokee County,,GA,20184,265929,286113,40,32,72,17919,13356,31275,7,0.336198,0.363574,3734.490708,0.019751,0.017236,33,0.000801,0,31,0.488384,0.147062
13059,Clarke County,,GA,11893,101707,113600,32,29,61,6433,7062,13495,6,0.340108,0.366043,19709.914015,0.009356,0.011753,33,0.000841,0,31,0.315078,0.0694
13061,Clay County,,GA,248,2903,3151,0,0,0,0,0,0,0,0,0,0,0,0,31,0.000052,28,73,0,0
13063,Clayton County,,GA,35194,280943,316137,62,45,107,31153,28086,59239,6,0.359938,0.390293,11214.707331,0.034598,0.026645,33,0.001005,0,31,0.498551,0.239403
13065,Clinch County,,GA,376,6573,6949,0,1,1,0,83,83,8,0.245148,0.255566,0,0,0.000109,33,0.000052,0,74,0,0
13067,Cobb County,,GA,81933,820630,902563,177,165,342,65638,66828,132466,6,0.40472,0.450246,84789.573587,0.086935,0.084236,33,0.002813,0,31,0.321608,0.598497
13069,Coffee County,,GA,2201,41166,43367,7,6,13,699,783,1482,8,0.245515,0.257098,12013.128892,0.000133,0.000117,33,0.000469,0,31,0.166667,0.001682
13071,Colquitt County,,GA,2413,45723,48136,7,8,15,1036,1038,2074,8,0.245602,0.257518,115.162469,0.000189,0.000133,33,0.000268,0,31,0.388889,0.002052
13073,Columbia County,,GA,15446,155568,171014,33,32,65,10303,8292,18595,7,0.336442,0.364474,13094.38573,0.015255,0.017109,289,0.000627,0,31,0.470732,0.110785
13075,Cook County,,GA,1178,15981,17159,4,4,8,643,611,1254,8,0.245406,0.256558,1.233333,0.000125,0.000124,33,0.000178,0,31,0.833333,0.001339
13077,Coweta County,,GA,11128,155079,166207,20,22,42,7328,6341,13669,7,0.331464,0.355595,6459.866049,0.008527,0.007754,33,0.000416,0,31,0.535,0.062254
13079,Crawford County,,GA,984,12233,13217,3,3,6,644,616,1260,8,0.247682,0.258874,0,0.00019,0.000203,33,0.000153,0,31,1,0.001837
13081,Crisp County,,GA,1332,21021,22353,4,2,6,426,343,769,8,0.246868,0.25768,3126.849558,0.001195,0.000152,33,0.000215,0,31,0.15,0.008079
13083,Dade County,,GA,909,15067,15976,4,5,9,582,614,1196,7,0.263442,0.276044,5.908889,0.000259,0.000289,241,0.000165,0,31,0.6,0.002595
13085,Dawson County,,GA,2545,23490,26035,7,6,13,2088,1562,3650,7,0.293999,0.31082,1.89966,0.002746,0.002228,33,0.000198,0,31,0.904762,0.021262
13087,Decatur County,,GA,1493,28388,29881,5,4,9,562,515,1077,7,0.266987,0.280109,11079.720865,0.000405,0.000236,29,0.000266,0,31,0.35,0.002436
13089,DeKalb County,,GA,94873,762465,857338,182,158,340,80916,83507,164423,6,0.409614,0.452946,79971.196483,0.091374,0.082208,33,0.002789,0,31,0.337906,0.623736
13091,Dodge County,,GA,1125,18685,19810,3,4,7,320,510,830,8,0.247175,0.258526,8414.079832,0.000015,0.000154,33,0.000183,0,31,0.416667,0.000341
13093,Dooly County,,GA,725,9983,10708,2,2,4,307,331,638,8,0.246868,0.25768,14.985556,0.000123,0.000162,33,0.000172,0,31,0.5,0.001396
13095,Dougherty County,,GA,7788,90616,98404,16,20,36,3261,4323,7584,7,0.306048,0.327344,28496.737743,0.005653,0.006715,33,0.000437,0,31,0.339921,0.042309
13097,Douglas County,,GA,16689,144359,161048,26,18,44,12131,11446,23577,7,0.328796,0.352805,994.257761,0.015498,0.008923,33,0.000446,0,31,0.635484,0.109987
13099,Early County,,GA,621,10759,11380,3,1,4,242,103,345,8,0.222436,0.230772,135.590839,0.000021,0.00003,0,0.00015,0,31,0,0.000528
13101,Echols County,,GA,266,3516,3782,1,1,2,121,214,335,8,0.245103,0.255478,0,0.000112,0.000109,33,0.000076,0,31,0,0.000892
13103,Effingham County,,GA,4727,61302,66029,7,6,13,3660,2386,6046,7,0.272727,0.287361,21.641161,0.000861,0.000945,33,0.000227,0,31,0.52381,0.007297
13105,Elbert County,,GA,1036,21130,22166,3,4,7,302,537,839,7,0.253954,0.264576,53.958881,0.000107,0.000109,33,0.000175,0,31,0.833333,0.001099
13107,Emanuel County,,GA,1346,23092,24438,4,4,8,381,396,777,8,0.230808,0.239559,468.318352,0.000042,0.00005,33,0.000215,0,31,0.333333,0.000788
13109,Evans County,,GA,823,10654,11477,3,2,5,353,342,695,8,0.230539,0.238873,0,0.000445,0.000051,33,0.000136,0,31,1,0.003553
13111,Fannin County,,GA,1272,24274,25546,8,3,11,791,354,1145,8,0.224739,0.232577,11250.342775,0.002548,0.000039,33,0.00043,0,31,0.357143,0.019671
13113,Fayette County,,GA,10847,128667,139514,17,15,32,6666,6029,12695,7,0.323211,0.345864,208.788759,0.011397,0.006751,33,0.000307,0,31,0.70751,0.081421
13115,Floyd County,,GA,5517,102164,107681,13,13,26,3088,3067,6155,7,0.298613,0.316896,7630.651568,0.003436,0.003947,33,0.000343,0,31,0.527473,0.026731
13117,Forsyth County,,GA,17157,241725,258882,36,29,65,19102,11180,30282,7,0.340608,0.367762,2839.346068,0.01953,0.017343,33,0.000672,0,31,0.490128,0.144393
13119,Franklin County,,GA,1834,22017,23851,9,6,15,1228,1071,2299,8,0.22953,0.238297,155.744067,0.000927,0.000056,33,0.000353,0,31,0.513889,0.00807
13121,Fulton County,,GA,126102,1002096,1128198,240,205,445,115368,114578,229946,6,0.414132,0.463445,137048.731821,0.108434,0.09899,33,0.00368,0,31,0.260947,0.730514
13123,Gilmer County,,GA,1969,29715,31684,8,5,13,873,715,1588,7,0.288474,0.303921,11864.498592,0.003329,0.001011,33,0.000301,0,31,0.597222,0.025519
13125,Glascock County,,GA,132,2790,2922,0,0,0,0,0,0,0,0,0,0,0,0,32,0.000052,29,75,0,0
13127,Glynn County,,GA,5934,87294,93228,12,12,24,2139,2070,4209,7,0.300422,0.318921,8112.804436,0.004551,0.004197,29,0.000367,0,31,0.365385,0.034575
13129,Gordon County,,GA,3484,59466,62950,10,8,18,2654,1976,4630,7,0.289496,0.305919,424.862615,0.001318,0.001316,33,0.000293,0,31,0.522222,0.010939
13131,Grady County,,GA,1652,26123,27775,5,5,10,726,958,1684,7,0.267218,0.280577,225.444005,0.000408,0.000255,33,0.00022,0,31,0.433333,0.002423
13133,Greene County,,GA,1135,18201,19336,5,4,9,566,408,974,7,0.293255,0.309362,240.95591,0.001741,0.001081,33,0.000185,0,31,0.65,0.013304
13135,Gwinnett County,,GA,84035,995645,1079680,189,176,365,73061,67961,141022,6,0.403076,0.450168,109933.75169,0.090042,0.082275,33,0.002945,0,31,0.273344,0.613219
13137,Habersham County,,GA,2499,45061,47560,9,8,17,1732,1430,3162,7,0.287637,0.303957,5051.658069,0.000993,0.00101,33,0.000356,0,31,0.455556,0.008748
13139,Hall County,,GA,13333,218699,232032,24,16,40,10510,8042,18552,7,0.297494,0.31566,4176.47568,0.00879,0.003979,33,0.000597,0,31,0.435,0.065387
13141,Hancock County,,GA,376,7575,7951,1,1,2,117,129,246,8,0.228586,0.236233,0,0.000025,0.000008,33,0.000084,0,31,0,0.00018
13143,Haralson County,,GA,2179,28255,30434,6,6,12,1722,1496,3218,7,0.288474,0.304083,495.497269,0.000931,0.001019,33,0.00018,0,31,0.666667,0.007656
13145,Harris County,,GA,2760,35102,37862,7,5,12,2302,1485,3787,8,0.26432,0.277991,33.936036,0.000456,0.000337,33,0.000199,0,31,0.5,0.003232
13147,Hart County,,GA,1467,25849,27316,7,5,12,996,779,1775,7,0.254792,0.266148,303.682217,0.000899,0.000155,33,0.000283,0,31,0.47619,0.007484
13149,Heard County,,GA,814,10442,11256,3,3,6,670,521,1191,8,0.249304,0.259553,0,0.000143,0.000163,33,0.000111,0,31,1,0.001531
13151,Henry County,,GA,22888,234236,257124,51,38,89,18944,15072,34016,7,0.336972,0.365674,20669.008332,0.024862,0.015674,33,0.000965,0,31,0.429221,0.175999
13153,Houston County,,GA,13312,169962,183274,41,35,76,7671,6409,14080,7,0.327672,0.354756,73199.56673,0.016827,0.013616,33,0.001142,0,31,0.342424,0.125634
13155,Irwin County,,GA,712,8829,9541,2,2,4,401,350,751,8,0.227425,0.235354,0,0.00001,0.000012,33,0.000144,0,31,1,0.000309
13157,Jackson County,,GA,5578,68954,74532,12,15,27,5287,4010,9297,7,0.297462,0.31548,3479.911966,0.002751,0.003844,33,0.000367,0,31,0.538095,0.022097
13159,Jasper County,,GA,1170,14078,15248,5,3,8,673,443,1116,8,0.252224,0.263736,0.376389,0.000999,0.000391,33,0.000155,0,31,0.95,0.008913
13161,Jeff Davis County,,GA,803,14754,15557,3,2,5,333,184,517,9,0.197161,0.203111,159.940466,0.000001,0.000001,33,0.000243,0,31,0,0.00033
13163,Jefferson County,,GA,831,17843,18674,1,2,3,160,278,438,8,0.25936,0.271413,0,0.000205,0.000342,289,0.000069,0,31,1,0.00158
13165,Jenkins County,,GA,476,7567,8043,1,1,2,79,101,180,8,0.230501,0.238633,0,0.000038,0.000046,33,0.000081,0,31,0,0.000443
13167,Johnson County,,GA,455,7597,8052,2,2,4,204,269,473,8,0.228191,0.236281,23.427848,0.000015,0.000002,33,0.000126,0,31,0,0.000236
13169,Jones County,,GA,1905,30184,32089,5,5,10,1409,1276,2685,8,0.247837,0.259534,68.390858,0.000215,0.000213,33,0.000205,0,31,0.5,0.0021
13171,Lamar County,,GA,1374,17241,18615,7,6,13,1008,818,1826,8,0.252179,0.264036,23.201106,0.000432,0.000287,33,0.000255,0,31,0.642857,0.004928
13173,Lanier County,,GA,1180,8125,9305,2,2,4,670,513,1183,8,0.245125,0.255658,0,0.000114,0.00011,33,0.000118,0,31,1,0.001008
13175,Laurens County,,GA,2520,51395,53915,5,8,13,569,809,1378,7,0.295375,0.312896,15884.35507,0.00019,0.001574,33,0.000263,0,31,0.303571,0.002022
13177,Lee County,,GA,3266,33870,37136,4,3,7,1827,1295,3122,8,0.234411,0.243636,4.901594,0.000074,0.000053,33,0.00017,0,31,0.5,0.000815
13179,Liberty County,,GA,14509,60240,74749,31,35,66,6283,6987,13270,7,0.331622,0.359771,10228.302227,0.010678,0.015184,33,0.000604,0,31,0.488415,0.078513
13181,Lincoln County,,GA,422,7963,8385,2,2,4,212,161,373,8,0.25936,0.271413,0,0.000358,0.000342,289,0.000085,0,31,1,0.002661
13183,Long County,,GA,2551,12778,15329,4,4,8,1447,1017,2464,7,0.27182,0.285609,112.253291,0.000545,0.000501,33,0.000144,0,31,0.666667,0.004036
13185,Lowndes County,,GA,11040,107705,118745,30,31,61,4303,4625,8928,7,0.324646,0.350826,56841.287973,0.012157,0.012543,33,0.00087,0,31,0.322537,0.088587
13187,Lumpkin County,,GA,2635,27622,30257,7,7,14,1606,1388,2994,7,0.29403,0.311,29.658505,0.001854,0.002076,33,0.000238,0,31,0.761905,0.014873
13189,McDuffie County,,GA,1449,23379,24828,3,3,6,716,777,1493,8,0.259408,0.271653,5601,0.000358,0.000342,289,0.000171,0,31,0.333333,0.00276
13191,McIntosh County,,GA,880,11323,12203,2,1,3,406,326,732,8,0.231038,0.239002,0,0.00044,0.000041,29,0.000094,0,31,1,0.003364
13193,Macon County,,GA,779,11405,12184,1,2,3,125,280,405,8,0.246846,0.25762,0,0.000122,0.000153,33,0.00008,0,31,1,0.001224
13195,Madison County,,GA,1899,29707,31606,8,8,16,1509,1323,2832,7,0.287578,0.303837,794.913956,0.000925,0.000989,33,0.000303,0,31,0.527778,0.007628
13197,Marion County,,GA,487,7164,7651,1,1,2,124,104,228,8,0.262496,0.274859,0,0.000249,0.000191,33,0.000066,0,31,0,0.001501
13199,Meriwether County,,GA,1964,21373,23337,6,7,13,1026,1289,2315,7,0.295061,0.312104,177.607113,0.001304,0.001596,33,0.000171,0,31,0.589286,0.010117
13201,Miller County,,GA,392,5721,6113,2,2,4,190,179,369,8,0.210774,0.217275,0,0.000002,0.000004,29,0.000159,0,31,1,0.000229
13205,Mitchell County,,GA,1360,21409,22769,4,4,8,646,622,1268,8,0.234569,0.244176,13.593962,0.000067,0.000061,33,0.000167,0,31,0.583333,0.000874
13207,Monroe County,,GA,1917,27747,29664,6,6,12,1402,946,2348,8,0.255448,0.268506,48.212165,0.000339,0.000486,33,0.000228,0,31,0.52381,0.003818
13209,Montgomery County,,GA,683,7685,8368,1,1,2,406,231,637,8,0.21338,0.219932,0,0.000004,0.000004,33,0.000097,0,31,0,0.000138
13211,Morgan County,,GA,1331,20466,21797,7,6,13,769,678,1447,7,0.291073,0.306037,215.851626,0.000974,0.001039,33,0.000242,0,31,0.607143,0.008424
13213,Murray County,,GA,2670,39556,42226,5,5,10,1756,1862,3618,7,0.263417,0.275984,14.755531,0.000058,0.000321,241,0.000224,0,31,0.533333,0.001187
13215,Muscogee County,,GA,24447,205630,230077,54,64,118,12283,15556,27839,7,0.35588,0.389684,25576.75785,0.021247,0.027767,33,0.001004,0,31,0.372257,0.15461
13217,Newton County,,GA,9948,109582,119530,18,13,31,7695,6403,14098,7,0.297526,0.31536,651.350435,0.008078,0.004178,33,0.000408,0,31,0.578431,0.058251
13219,Oconee County,,GA,3119,41957,45076,8,8,16,2501,1669,4170,7,0.294093,0.31124,434.966202,0.002575,0.001962,33,0.000219,0,31,0.75,0.019715
13221,Oglethorpe County,,GA,1064,14421,15485,3,2,5,643,565,1208,7,0.253838,0.264036,0,0.000132,0.000092,33,0.000132,0,31,1,0.001195
13223,Paulding County,,GA,13943,160157,174100,14,17,31,11920,9228,21148,7,0.299903,0.319374,149.194632,0.004867,0.00521,33,0.000321,0,31,0.611111,0.037828
13225,Peach County,,GA,2742,26839,29581,4,3,7,1706,1777,3483,8,0.247682,0.258874,2.614112,0.000192,0.000203,33,0.00018,0,31,0.666667,0.001941
13227,Pickens County,,GA,2423,34090,36513,8,6,14,1916,1184,3100,7,0.294873,0.311324,38.941686,0.003474,0.002146,33,0.000219,0,31,0.75,0.02661
13229,Pierce County,,GA,1288,19369,20657,3,2,5,836,658,1494,8,0.22589,0.233467,1.749084,0.000011,0.000008,33,0.000198,0,31,0.666667,0.000389
13231,Pike County,,GA,1338,19183,20521,5,5,10,849,791,1640,8,0.253954,0.265687,6.106274,0.000252,0.000358,33,0.000191,0,31,0.8,0.003089
13233,Polk County,,GA,2572,42635,45207,7,5,12,1695,1464,3159,7,0.288354,0.303753,3.057523,0.001003,0.000893,33,0.000188,0,31,0.761905,0.008214
13235,Pulaski County,,GA,656,8922,9578,1,2,3,142,259,401,8,0.246911,0.257728,0,0.000122,0.000152,33,0.00008,0,31,1,0.001224
13237,Putnam County,,GA,1690,22180,23870,6,4,10,837,589,1426,8,0.235524,0.245322,39.836251,0.001736,0.000083,33,0.00021,0,31,0.533333,0.013232
13239,Quitman County,,GA,153,2026,2179,1,1,2,116,85,201,9,0.205215,0.211299,0,0.000002,0,0,0.000088,0,31,0,0.000113
13241,Rabun County,,GA,775,17504,18279,2,2,4,148,147,295,8,0.224304,0.232184,11.625302,0.000013,0.000012,289,0.000135,0,31,0,0.000318
13243,Randolph County,,GA,338,6727,7065,1,0,1,57,0,57,0,0,0,0,0.00006,0,33,0.000071,0,6,0,0.00048
13245,Richmond County,,GA,20907,197579,218486,45,44,89,11520,13268,24788,7,0.343982,0.374547,22254.953978,0.022874,0.022848,289,0.000844,0,31,0.469457,0.167136
13247,Rockdale County,,GA,10406,90088,100494,17,14,31,7582,7233,14815,7,0.301302,0.320439,829.631488,0.010657,0.005286,33,0.000323,0,31,0.578571,0.072677
13249,Schley County,,GA,322,4654,4976,1,1,2,127,149,276,8,0.228285,0.235939,0,0.000012,0.000002,33,0.000083,0,31,0,0.000121
13251,Screven County,,GA,798,13891,14689,3,3,6,336,427,763,7,0.27113,0.284601,0,0.000449,0.000452,33,0.000129,0,31,1,0.003573
13253,Seminole County,,GA,619,8672,9291,2,3,5,226,292,518,8,0.211319,0.218223,8.315482,0.000002,0.000004,29,0.000176,0,31,0.333333,0.000229
13255,Spalding County,,GA,4900,64986,69886,16,12,28,4097,3227,7324,7,0.297526,0.31521,2041.386446,0.005874,0.004104,33,0.000397,0,31,0.516667,0.044287
13257,Stephens County,,GA,1449,25615,27064,5,4,9,696,533,1229,8,0.229568,0.238147,6.610268,0.000783,0.000104,33,0.000223,0,31,0.6,0.006398
13259,Stewart County,,GA,240,3973,4213,0,1,1,0,68,68,8,0.262541,0.27494,0,0,0.000191,33,0.000052,0,76,0,0
13261,Sumter County,,GA,1813,31064,32877,4,6,10,399,628,1027,7,0.295784,0.313034,6097.335674,0.000183,0.001365,33,0.000217,0,31,0.433333,0.001914
13263,Talbot County,,GA,480,6314,6794,2,2,4,194,263,457,8,0.262521,0.275039,0,0.000263,0.000195,33,0.000086,0,31,1,0.001693
13265,Taliaferro County,,GA,111,1529,1640,0,0,0,0,0,0,0,0,0,0,0,0,34,0.000052,30,77,0,0
13267,Tattnall County,,GA,1468,20287,21755,7,6,13,828,674,1502,7,0.271873,0.286029,533.742773,0.000586,0.000552,33,0.000281,0,31,0.452381,0.004727
13269,Taylor County,,GA,412,8207,8619,1,1,2,71,86,157,8,0.246824,0.25744,0,0.000122,0.000151,33,0.00008,0,31,0,0.001224
13271,Telfair County,,GA,622,9970,10592,1,3,4,119,239,358,9,0.198457,0.204763,2835.400631,0.000001,0,33,0.000091,0,31,0,0.000105
13273,Terrell County,,GA,712,9973,10685,1,2,3,202,379,581,8,0.234371,0.243396,0,0.00006,0.000051,33,0.000071,0,31,1,0.00048
13275,Thomas County,,GA,2844,47328,50172,6,7,13,1286,1354,2640,7,0.269212,0.283645,362.077573,0.000518,0.000399,33,0.000251,0,31,0.452381,0.00329
13277,Tift County,,GA,2967,43047,46014,10,11,21,1276,1379,2655,7,0.294311,0.312032,19466.391616,0.00137,0.001138,33,0.000407,0,31,0.227273,0.009927
13279,Toombs County,,GA,1906,28088,29994,5,5,10,602,785,1387,7,0.271236,0.285081,5981.494055,0.000446,0.000449,33,0.000265,0,31,0.4,0.003763
13281,Towns County,,GA,799,11432,12231,2,2,4,223,242,465,10,0.155152,0.158182,1941.086144,0,0.000007,33,0.000308,0,31,0,0.000256
13283,Treutlen County,,GA,364,6162,6526,1,1,2,69,67,136,8,0.228041,0.235771,0,0.000014,0.000002,33,0.00008,0,31,0,0.000124
13285,Troup County,,GA,4694,73776,78470,15,13,28,2651,2582,5233,7,0.299935,0.31833,3853.840663,0.004434,0.003768,33,0.000351,0,31,0.520833,0.033278
13287,Turner County,,GA,558,8813,9371,1,2,3,79,203,282,8,0.227817,0.235975,8.847835,0.00001,0.000023,33,0.000084,0,31,0,0.000202
13289,Twiggs County,,GA,648,8626,9274,2,2,4,312,327,639,8,0.235364,0.244602,0,0.000068,0.000052,33,0.000109,0,31,1,0.000617
13291,Union County,,GA,1121,23211,24332,4,2,6,420,232,652,9,0.183584,0.188107,7534.109333,0.000739,0.000023,33,0.000369,0,31,0.166667,0.006026
13293,Upson County,,GA,1244,26890,28134,4,4,8,493,448,941,8,0.252133,0.263676,0,0.000183,0.000282,33,0.000171,0,31,1,0.002444
13295,Walker County,,GA,4607,63263,67870,6,7,13,3402,3220,6622,7,0.263517,0.276464,425.969285,0.000282,0.000324,241,0.000235,0,31,0.47619,0.003021
13297,Walton County,,GA,7197,94239,101436,13,14,27,6127,4813,10940,7,0.29743,0.3153,49.510576,0.003574,0.003983,33,0.000338,0,31,0.633333,0.028724
13299,Ware County,,GA,2369,34139,36508,6,7,13,1019,1223,2242,7,0.291654,0.308105,14934.784443,0.000865,0.001135,33,0.000349,0,31,0.309524,0.007509
13301,Warren County,,GA,410,5609,6019,1,1,2,168,198,366,9,0.205991,0.212011,0,0.000003,0.000003,289,0.000101,0,31,0,0.000125
13303,Washington County,,GA,742,20829,21571,0,1,1,0,98,98,8,0.22863,0.236328,0,0,0.000008,33,0.000052,0,78,0,0
13305,Wayne County,,GA,1567,28071,29638,3,5,8,379,545,924,8,0.249484,0.261457,2722.414521,0.000178,0.000142,33,0.000124,0,31,0.3,0.001356
13307,Webster County,,GA,134,2372,2506,0,0,0,0,0,0,0,0,0,0,0,0,35,0.000052,31,79,0,0
13309,Wheeler County,,GA,351,4611,4962,1,0,1,80,0,80,0,0,0,0,0,0,33,0.000078,0,16,0,0.000099
13311,White County,,GA,1957,26859,28816,5,4,9,1109,941,2050,7,0.287429,0.303057,0,0.000957,0.000912,33,0.000185,0,31,0.95,0.008033
13313,Whitfield County,,GA,5727,116686,122413,11,10,21,3343,3479,6822,7,0.296067,0.313639,1310.680534,0.002734,0.002113,241,0.00032,0,31,0.509091,0.021206
13315,Wilcox County,,GA,445,6985,7430,0,1,1,0,83,83,9,0.198047,0.203598,0,0,0.000011,33,0.000052,0,80,0,0
13317,Wilkes County,,GA,540,10359,10899,0,1,1,0,61,61,7,0.25386,0.263941,0,0,0.000084,33,0.000052,0,81,0,0
13319,Wilkinson County,,GA,598,9917,10515,1,3,4,197,379,576,8,0.235424,0.244902,0,0.000025,0.000061,33,0.000084,0,31,1,0.00018
13321,Worth County,,GA,1582,21266,22848,4,4,8,801,880,1681,8,0.234688,0.244434,12.903242,0.000072,0.000065,33,0.000179,0,31,0.583333,0.000923
15001,Hawaii County,,HI,9221,207678,216899,29,27,56,5763,4832,10595,7,0.330203,0.355787,41.637711,0.019046,0.018186,13,0.00046,0,31,0.854908,0.145397
15003,Honolulu County,,HI,77832,1166020,1243852,189,214,403,46230,57819,104049,6,0.410219,0.461159,44725.838355,0.093033,0.097606,13,0.002588,0,31,0.284982,0.641111
15005,Kalawao County,,HI,0,0,0,0,0,0,0,0,0,0,0,0,0,0,0,36,0.000052,32,82,0,0
15007,Kauai County,,HI,3795,83281,87076,8,10,18,1429,1572,3001,7,0.326401,0.348312,0,0.006478,0.009001,13,0.000161,0,31,1,0.048029
15009,Maui County,,HI,8289,187930,196219,25,19,44,4521,4005,8526,7,0.335022,0.359285,28.337968,0.018571,0.014313,13,0.000385,0,31,0.912562,0.138751
16001,Ada County,,ID,29795,493073,522868,101,79,180,27457,20122,47579,6,0.355698,0.391169,77989.395489,0.036462,0.031464,291,0.002249,0,31,0.322711,0.285091
16003,Adams County,,ID,288,3948,4236,2,0,2,125,0,125,0,0,0,0,0.000287,0,291,0.000107,0,29,1,0.002811
16005,Bannock County,,ID,6068,87637,93705,14,14,28,2483,2955,5438,7,0.320415,0.341994,10700.954275,0.003914,0.00431,291,0.000424,0,31,0.587912,0.032521
16007,Bear Lake County,,ID,374,6690,7064,0,0,0,0,0,0,0,0,0,0,0,0,37,0.000052,33,83,0,0
16009,Benewah County,,ID,657,9527,10184,2,2,4,236,308,544,7,0.260307,0.27293,0,0.000123,0.000393,291,0.000108,0,31,1,0.00141
16011,Bingham County,,ID,3227,51333,54560,7,7,14,1743,1836,3579,7,0.278608,0.29504,792.06811,0.001008,0.001139,291,0.000227,0,31,0.625,0.009025
16013,Blaine County,,ID,1560,28488,30048,4,2,6,440,313,753,7,0.262472,0.275453,1.390969,0.00248,0.000379,291,0.000135,0,31,0.833333,0.019665
16015,Boise County,,ID,560,7244,7804,2,2,4,439,329,768,7,0.262422,0.275333,0,0.000387,0.000477,291,0.000106,0,31,1,0.003955
16017,Bonner County,,ID,3024,45505,48529,7,7,14,1437,1505,2942,7,0.296763,0.314711,983.422187,0.002743,0.001841,291,0.000248,0,31,0.571429,0.022369
16019,Bonneville County,,ID,8377,126069,134446,16,18,34,5219,4837,10056,7,0.321528,0.344184,5467.473856,0.006319,0.005718,291,0.000396,0,31,0.584211,0.049691
16021,Boundary County,,ID,577,12626,13203,2,2,4,258,247,505,8,0.247065,0.257091,0,0.000121,0.000159,291,0.000111,0,31,1,0.001459
16023,Butte County,,ID,176,2665,2841,0,0,0,0,0,0,0,0,0,0,0,0,38,0.000052,34,84,0,0
16025,Camas County,,ID,63,1128,1191,0,0,0,0,0,0,0,0,0,0,0,0,39,0.000052,35,85,0,0
16027,Canyon County,,ID,15549,219076,234625,45,29,74,13449,10621,24070,7,0.328524,0.353951,9958.972432,0.016775,0.011659,291,0.001014,0,31,0.450242,0.130598
16029,Caribou County,,ID,392,7785,8177,1,1,2,93,88,181,8,0.242684,0.251566,0,0.000039,0.000035,291,0.000078,0,31,0,0.000403
16031,Cassia County,,ID,2127,26651,28778,3,3,6,973,1250,2223,7,0.262496,0.275633,0,0.000331,0.000382,291,0.000148,0,31,1,0.003344
16033,Clark County,,ID,-2,910,908,0,0,0,0,0,0,0,0,0,0,0,0,40,0.000052,36,86,0,0
16035,Clearwater County,,ID,517,8338,8855,1,1,2,123,119,242,8,0.2087,0.215775,0,0.000007,0.000015,291,0.00009,0,31,0,0.000241
16037,Custer County,,ID,360,4397,4757,0,0,0,0,0,0,0,0,0,0,0,0,41,0.000052,37,87,0,0
16039,Elmore County,,ID,3711,28254,31965,5,4,9,884,930,1814,7,0.305241,0.322743,6.412981,0.002323,0.001701,291,0.000169,0,31,0.8,0.019502
16041,Franklin County,,ID,712,15020,15732,1,1,2,455,261,716,8,0.242705,0.251596,0,0.000039,0.000058,13,0.00008,0,31,0,0.00056
16043,Fremont County,,ID,1188,14480,15668,2,3,5,487,665,1152,8,0.243364,0.25291,0,0.000091,0.000091,291,0.000086,0,31,1,0.000924
16045,Gem County,,ID,1327,18151,19478,2,2,4,812,739,1551,7,0.262422,0.275333,0,0.000387,0.000477,291,0.000106,0,31,1,0.003955
16047,Gooding County,,ID,1429,16843,18272,4,4,8,805,857,1662,7,0.262521,0.275813,154.737768,0.000333,0.000383,291,0.000189,0,31,0.666667,0.00345
16049,Idaho County,,ID,907,16031,16938,2,3,5,201,311,512,7,0.262571,0.275813,848.168559,0.000007,0.000342,291,0.000145,0,31,0.666667,0.000344
16051,Jefferson County,,ID,2386,30499,32885,4,4,8,1678,1396,3074,7,0.267347,0.280729,56.976835,0.000102,0.000388,291,0.000138,0,31,0.65,0.001218
16053,Jerome County,,ID,2336,25861,28197,3,4,7,1245,1437,2682,7,0.262521,0.275813,0.333333,0.000331,0.000533,291,0.000146,0,31,0.833333,0.003347
16055,Kootenai County,,ID,10113,172811,182924,36,25,61,8105,5611,13716,7,0.32802,0.352721,13467.153772,0.014935,0.011666,291,0.00083,0,31,0.499206,0.118462
16057,Latah County,,ID,3945,36507,40452,9,9,18,1396,1805,3201,7,0.296922,0.315251,478.097269,0.001727,0.002015,291,0.000292,0,31,0.577778,0.015927
16059,Lemhi County,,ID,481,8383,8864,0,0,0,0,0,0,0,0,0,0,0,0,42,0.000052,38,88,0,0
16061,Lewis County,,ID,394,4288,4682,2,2,4,201,178,379,8,0.208715,0.215955,0,0.00001,0.000015,291,0.000131,0,31,1,0.000344
16063,Lincoln County,,ID,560,5432,5992,2,2,4,206,212,418,8,0.243194,0.252502,0,0.000049,0.000055,291,0.000122,0,31,1,0.000669
16065,Madison County,,ID,6920,31664,38584,10,15,25,1895,3856,5751,7,0.320452,0.342174,3436.731097,0.003718,0.004403,291,0.000262,0,31,0.62381,0.03001
16067,Minidoka County,,ID,1752,23941,25693,3,3,6,1047,1009,2056,7,0.262496,0.275633,0,0.000331,0.000382,291,0.000148,0,31,1,0.003344
16069,Nez Perce County,,ID,3162,43763,46925,10,9,19,1949,1967,3916,7,0.263717,0.278912,13287.515675,0.00162,0.000763,291,0.000396,0,31,0.411111,0.014666
16071,Oneida County,,ID,299,4772,5071,0,0,0,0,0,0,0,0,0,0,0,0,43,0.000052,39,89,0,0
16073,Owyhee County,,ID,1092,11879,12971,2,2,4,719,725,1444,7,0.262422,0.275333,0,0.000387,0.000477,291,0.000106,0,31,1,0.003955
16075,Payette County,,ID,2009,25073,27082,4,4,8,1314,1241,2555,7,0.262472,0.275693,0,0.000395,0.000485,291,0.000185,0,31,1,0.004235
16077,Power County,,ID,565,9161,9726,2,2,4,274,302,576,8,0.242726,0.251806,0,0.000049,0.000044,291,0.000106,0,31,1,0.000589
16079,Shoshone County,,ID,737,12450,13187,1,2,3,243,399,642,7,0.260307,0.27293,0,0.000105,0.000393,291,0.000081,0,31,1,0.00116
16081,Teton County,,ID,871,11788,12659,1,1,2,252,135,387,8,0.217082,0.224093,0,0.000006,0.000011,13,0.000104,0,31,0,0.000179
16083,Twin Falls County,,ID,6400,92203,98603,19,17,36,3825,3701,7526,7,0.321267,0.343674,8923.882633,0.005828,0.005053,291,0.000593,0,31,0.359524,0.046744
16085,Valley County,,ID,911,11502,12413,2,3,5,549,467,1016,7,0.262447,0.275513,0.5,0.000387,0.00048,291,0.000106,0,31,0.5,0.003955
16087,Washington County,,ID,709,10644,11353,4,4,8,391,358,749,7,0.262472,0.275693,0,0.000395,0.000485,291,0.000185,0,31,1,0.004235
17001,Adams County,,IL,3059,80646,83705,7,10,17,827,1047,1874,7,0.31687,0.336349,26289.033163,0.001223,0.001829,113,0.000286,0,31,0.2,0.008815
17003,Alexander County,,IL,564,6414,6978,1,2,3,77,242,319,8,0.224467,0.231472,2834.571132,0.000009,0.000012,113,0.000093,0,31,0,0.000207
17005,Bond County,,IL,1020,17338,18358,4,5,9,557,563,1120,7,0.260503,0.271852,3045.786723,0.000058,0.000175,113,0.000174,0,31,0.4,0.000795
17007,Boone County,,IL,4333,66504,70837,8,7,15,3200,2879,6079,7,0.314431,0.332869,1.196755,0.003144,0.002032,295,0.000131,0,31,0.875,0.017468
17009,Brown County,,IL,256,5806,6062,1,0,1,55,0,55,0,0,0,0,0.000016,0,113,0.000077,0,10,0,0.000187
17011,Bureau County,,IL,2121,41225,43346,6,6,12,1141,967,2108,7,0.314502,0.332869,1831.422734,0.001209,0.001268,295,0.000166,0,31,0.5,0.008849
17013,Calhoun County,,IL,147,5586,5733,0,0,0,0,0,0,0,0,0,0,0,0,44,0.000052,40,90,0,0
17015,Carroll County,,IL,851,18643,19494,3,5,8,308,481,789,8,0.241544,0.251009,4.238889,0.000043,0.000076,295,0.000104,0,31,0.4,0.000577
17017,Cass County,,IL,1123,16151,17274,3,3,6,359,386,745,8,0.252614,0.26318,2900.094391,0.000073,0.000039,295,0.00015,0,31,0.333333,0.000564
17019,Champaign County,,IL,14774,203767,218541,29,48,77,5842,7635,13477,6,0.362947,0.39424,31387.362483,0.011801,0.027307,295,0.000526,0,31,0.458431,0.077215
17021,Christian County,,IL,1819,38596,40415,4,4,8,841,949,1790,8,0.253977,0.265022,47.329022,0.000115,0.000055,295,0.000165,0,31,0.5,0.000808
17023,Clark County,,IL,828,19075,19903,4,3,7,423,373,796,8,0.24777,0.257786,184.46526,0.000045,0.000029,295,0.000168,0,31,0.333333,0.000651
17025,Clay County,,IL,770,15897,16667,3,3,6,311,320,631,8,0.211319,0.21813,3619.321444,0.000001,0,113,0.000236,0,31,0,0.000323
17027,Clinton County,,IL,2205,44232,46437,5,5,10,1371,1280,2651,7,0.260332,0.271636,1661.490493,0.000232,0.000174,113,0.000184,0,31,0.55,0.001766
17029,Coles County,,IL,3409,50683,54092,10,10,20,1564,1513,3077,7,0.315323,0.334435,25609.280281,0.001428,0.001268,295,0.000397,0,31,0.255556,0.009678
17031,Cook County,,IL,277265,6252897,6530162,357,392,749,175383,252698,428081,6,0.457887,0.520476,645704.809234,0.127332,0.126865,295,0.005257,0,31,0.13011,0.845609
17033,Crawford County,,IL,842,22216,23058,1,4,5,94,325,419,8,0.225322,0.233394,32.567083,0,0.000007,295,0.000109,0,31,0.166667,0.000106
17035,Cumberland County,,IL,637,12571,13208,3,2,5,403,329,732,8,0.240021,0.248307,131.281382,0.000012,0.000013,295,0.000158,0,31,0.666667,0.00042
17037,DeKalb County,,IL,9083,111775,120858,13,14,27,5857,5687,11544,6,0.327633,0.349052,115.177936,0.003622,0.005195,295,0.000198,0,31,0.642857,0.019413
17039,De Witt County,,IL,1058,19138,20196,3,4,7,606,544,1150,7,0.268873,0.281413,2.936743,0.000423,0.000185,295,0.000088,0,31,0.833333,0.001535
17041,Douglas County,,IL,1498,25423,26921,4,4,8,741,782,1523,7,0.266679,0.278875,112.675269,0.000258,0.000122,295,0.000172,0,31,0.5,0.001242
17043,DuPage County,,IL,82709,1176898,1259607,100,136,236,62152,70834,132986,6,0.397596,0.439519,24984.600323,0.057643,0.073692,295,0.001382,0,31,0.411701,0.394288
17045,Edgar County,,IL,906,20125,21031,4,4,8,375,401,776,8,0.24808,0.25844,34.561014,0.000062,0.000048,295,0.000171,0,31,0.416667,0.000772
17047,Edwards County,,IL,330,7595,7925,1,2,3,95,140,235,9,0.199426,0.204904,100.93865,0,0,113,0.00013,0,31,0,0.000105
17049,Effingham County,,IL,2066,44095,46161,6,7,13,820,857,1677,7,0.267218,0.280153,16215.072623,0.000012,0.000119,295,0.000327,0,31,0.190476,0.000739
17051,Fayette County,,IL,1103,23297,24400,3,4,7,339,476,815,8,0.213102,0.220523,74.795707,0.000004,0.000001,295,0.000148,0,31,0.166667,0.000337
17053,Ford County,,IL,1120,16120,17240,4,4,8,597,545,1142,7,0.268743,0.281173,2.763925,0.000407,0.000196,295,0.000104,0,31,0.583333,0.001703
17055,Franklin County,,IL,2176,41924,44100,6,5,11,1040,1110,2150,8,0.242853,0.252237,6861.234502,0.000063,0.000032,113,0.000241,0,31,0.4,0.000869
17057,Fulton County,,IL,1715,39523,41238,5,4,9,914,816,1730,7,0.261336,0.273118,17.081511,0.000218,0.000122,295,0.000149,0,31,0.55,0.001338
17059,Gallatin County,,IL,244,5826,6070,1,2,3,103,161,264,9,0.195606,0.200649,1635.171344,0,0,113,0.000077,0,31,0,0.000103
17061,Greene County,,IL,770,14686,15456,2,3,5,245,322,567,8,0.25163,0.262018,13.401378,0.000006,0.000049,113,0.000125,0,31,0.333333,0.00022
17063,Grundy County,,IL,4467,62221,66688,7,7,14,3309,2886,6195,7,0.314467,0.332929,1.662646,0.002352,0.001924,295,0.000127,0,31,0.833333,0.0136
17065,Hamilton County,,IL,575,9142,9717,2,3,5,146,291,437,8,0.240083,0.248481,4034.698357,0,0.000001,113,0.000149,0,31,0.333333,0.000219
17067,Hancock County,,IL,1156,21938,23094,3,3,6,556,483,1039,8,0.241062,0.249869,91.043692,0.000028,0.000022,295,0.000157,0,31,0.333333,0.000479
17069,Hardin County,,IL,127,4046,4173,0,0,0,0,0,0,0,0,0,0,0,0,45,0.000052,41,91,0,0
17071,Henderson County,,IL,432,8141,8573,1,2,3,77,194,271,8,0.240749,0.249179,4.909718,0.000014,0.000012,295,0.000077,0,31,0,0.000186
17073,Henry County,,IL,3082,61100,64182,9,9,18,1926,1814,3740,7,0.314788,0.333709,1418.925757,0.001431,0.001311,295,0.000233,0,31,0.444444,0.009861
17075,Iroquois County,,IL,1931,34546,36477,5,6,11,1013,1019,2032,7,0.314716,0.333199,244.013983,0.001445,0.001356,295,0.00012,0,31,0.633333,0.009256
17077,Jackson County,,IL,5392,52833,58225,11,15,26,1829,2367,4196,7,0.319899,0.3405,18922.956756,0.00223,0.003827,113,0.000293,0,31,0.360294,0.013921
17079,Jasper County,,IL,433,12065,12498,2,3,5,161,253,414,8,0.211078,0.217674,66.634196,0.000001,0,295,0.000115,0,31,0.166667,0.000215
17081,Jefferson County,,IL,2035,42073,44108,6,6,12,785,719,1504,7,0.31518,0.333625,9421.562067,0.000019,0.00128,113,0.000284,0,31,0.267857,0.000746
17083,Jersey County,,IL,1519,25412,26931,3,4,7,802,972,1774,7,0.288713,0.302474,2254.170239,0.000056,0.000602,113,0.00016,0,31,0.5,0.000713
17085,Jo Daviess County,,IL,1707,28599,30306,6,4,10,765,538,1303,7,0.314645,0.332839,518.313324,0.001861,0.001181,295,0.000157,0,31,0.333333,0.012155
17087,Johnson County,,IL,618,12570,13188,1,1,2,307,229,536,8,0.240311,0.248283,0,0.000016,0.000011,113,0.000084,0,31,0,0.000195
17089,Kane County,,IL,40471,642383,682854,27,58,85,31378,30370,61748,6,0.364711,0.397516,2270.67593,0.013774,0.035858,295,0.000383,0,31,0.546045,0.092345
17091,Kankakee County,,IL,6048,128289,134337,9,12,21,3009,3034,6043,6,0.327749,0.348962,93.693406,0.00278,0.004813,295,0.000154,0,31,0.634615,0.015427
17093,Kendall County,,IL,12224,147953,160177,9,10,19,11364,8350,19714,7,0.331385,0.354029,51.230491,0.003427,0.005016,295,0.000136,0,31,0.790909,0.018071
17095,Knox County,,IL,2616,57073,59689,7,8,15,945,1149,2094,7,0.314716,0.333469,2184.27938,0.001357,0.001289,295,0.000216,0,31,0.482143,0.009328
17097,Lake County,,IL,49019,882272,931291,77,105,182,34557,37416,71973,6,0.386155,0.424634,8564.555833,0.050341,0.066301,295,0.001018,0,31,0.531132,0.340102
17099,LaSalle County,,IL,6844,133659,140503,14,19,33,4069,4205,8274,7,0.325674,0.347964,4831.136245,0.002976,0.003671,295,0.000261,0,31,0.403509,0.016334
17101,Lawrence County,,IL,790,16029,16819,3,3,6,381,388,769,8,0.225176,0.232899,7705.773742,0.000006,0.000007,100,0.000199,0,31,0.166667,0.000366
17103,Lee County,,IL,2305,39669,41974,8,8,16,1444,1378,2822,7,0.314502,0.333109,6.878969,0.002072,0.001455,295,0.000164,0,31,0.722222,0.013273
17105,Livingston County,,IL,2110,42366,44476,7,8,15,1070,1160,2230,7,0.314574,0.333229,425.655748,0.001789,0.00145,295,0.000139,0,31,0.553571,0.010407
17107,Logan County,,IL,1634,31143,32777,5,4,9,736,659,1395,7,0.261188,0.273406,14.847551,0.00029,0.000147,295,0.000133,0,31,0.7,0.001514
17109,McDonough County,,IL,2188,29310,31498,6,7,13,586,702,1288,7,0.315288,0.334069,5679.686623,0.001167,0.001272,295,0.000228,0,31,0.357143,0.00856
17111,McHenry County,,IL,21848,390361,412209,18,37,55,16648,14902,31550,6,0.348251,0.37635,486.715269,0.00954,0.02187,295,0.000258,0,31,0.566856,0.061616
17113,McLean County,,IL,12165,193704,205869,23,32,55,5270,6250,11520,6,0.347554,0.375168,9454.215626,0.006823,0.015239,295,0.000387,0,31,0.406349,0.04195
17115,Macon County,,IL,5843,121816,127659,12,18,30,2096,2638,4734,7,0.32942,0.352505,11139.461241,0.001764,0.004618,295,0.000347,0,31,0.379085,0.010951
17117,Macoupin County,,IL,2802,52584,55386,7,4,11,1973,1578,3551,8,0.254,0.265198,583.064951,0.000977,0.000087,113,0.000234,0,31,0.5,0.006011
17119,Madison County,,IL,14809,308989,323798,21,19,40,8821,8626,17447,7,0.335872,0.360827,22030.433792,0.005301,0.006149,113,0.000515,0,31,0.28442,0.035903
17121,Marion County,,IL,2271,44422,46693,4,6,10,968,1131,2099,7,0.260649,0.272212,888.10704,0.000014,0.000176,113,0.00019,0,31,0.433333,0.000464
17123,Marshall County,,IL,826,14704,15530,4,4,8,582,451,1033,7,0.261311,0.273376,3.525468,0.000229,0.00013,295,0.000122,0,31,0.666667,0.00125
17125,Mason County,,IL,755,15828,16583,2,4,6,311,427,738,8,0.252683,0.26345,3.811689,0.000111,0.000075,295,0.000088,0,31,0.666667,0.000686
17127,Massac County,,IL,745,16431,17176,2,1,3,284,339,623,8,0.230808,0.238358,2784.692042,0.000016,0.000014,206,0.000183,0,31,0,0.000316
17129,Menard County,,IL,903,15264,16167,1,1,2,558,467,1025,8,0.252477,0.26258,0,0.000072,0.000038,295,0.000071,0,31,0,0.000355
17131,Mercer County,,IL,1029,19773,20802,5,5,10,647,626,1273,7,0.252316,0.263218,40.291703,0.000117,0.000084,295,0.000174,0,31,0.6,0.001146
17133,Monroe County,,IL,1980,43093,45073,7,6,13,1660,1242,2902,7,0.288863,0.303044,128.231778,0.001572,0.001029,113,0.000173,0,31,0.785714,0.008936
17135,Montgomery County,,IL,1502,31943,33445,5,5,10,734,770,1504,8,0.254163,0.265528,45.514997,0.00013,0.000096,113,0.000209,0,31,0.5,0.00119
17137,Morgan County,,IL,2181,38228,40409,4,5,9,751,927,1678,8,0.25266,0.26354,6409.400958,0.000073,0.000047,295,0.000226,0,31,0.2,0.000663
17139,Moultrie County,,IL,1052,16974,18026,4,4,8,621,636,1257,8,0.248102,0.258044,2.877994,0.000054,0.000031,295,0.000181,0,31,0.666667,0.000653
17141,Ogle County,,IL,3677,63839,67516,11,8,19,2277,2082,4359,7,0.314431,0.332989,672.792319,0.00259,0.001942,295,0.000188,0,31,0.581818,0.014955
17143,Peoria County,,IL,14349,218959,233308,24,36,60,6568,8264,14832,6,0.352896,0.382199,16310.00909,0.007501,0.017364,295,0.00046,0,31,0.413415,0.044885
17145,Perry County,,IL,1010,22200,23210,5,5,10,559,586,1145,8,0.24279,0.252249,21.528876,0.000059,0.000035,113,0.000196,0,31,0.4,0.000789
17147,Piatt County,,IL,1227,20125,21352,4,3,7,871,621,1492,7,0.266552,0.278569,1.749206,0.000289,0.000124,295,0.000133,0,31,0.666667,0.001263
17149,Pike County,,IL,713,17950,18663,1,1,2,142,170,312,8,0.240644,0.248771,0,0.000016,0.000011,113,0.000077,0,31,0,0.000187
17151,Pope County,,IL,181,4026,4207,0,0,0,0,0,0,0,0,0,0,0,0,46,0.000052,42,92,0,0
17153,Pulaski County,,IL,392,5937,6329,1,1,2,77,61,138,9,0.187601,0.19175,19.263174,0,0,113,0.000092,0,31,0,0.0001
17155,Putnam County,,IL,334,7141,7475,2,2,4,252,205,457,8,0.245754,0.254942,0,0.000044,0.000038,295,0.000088,0,31,1,0.00045
17157,Randolph County,,IL,1627,34610,36237,4,6,10,717,829,1546,7,0.288954,0.303056,529.772892,0.000217,0.000705,113,0.000145,0,31,0.4,0.001514
17159,Richland County,,IL,911,18861,19772,3,2,5,261,160,421,9,0.184585,0.189328,93.4515,0,0,100,0.000208,0,31,0,0.000313
17161,Rock Island County,,IL,9676,174109,183785,12,16,28,4150,5613,9763,7,0.327981,0.350411,5654.177712,0.002368,0.003631,295,0.000301,0,31,0.404412,0.015697
17163,St. Clair County,,IL,18750,296526,315276,32,31,63,9370,10352,19722,6,0.350846,0.37809,25655.422495,0.013896,0.019288,113,0.000645,0,31,0.396154,0.096175
17165,Saline County,,IL,1289,26514,27803,2,4,6,271,447,718,8,0.24279,0.251967,7213.159053,0.000016,0.000032,113,0.000117,0,31,0.5,0.000294
17167,Sangamon County,,IL,11365,243126,254491,24,27,51,5455,5663,11118,7,0.33771,0.363574,38375.803472,0.00422,0.008069,295,0.0006,0,31,0.28046,0.024179
17169,Schuyler County,,IL,450,7894,8344,1,2,3,70,161,231,8,0.239876,0.248112,3.47619,0,0.000011,295,0.000095,0,31,0,0.000108
17171,Scott County,,IL,283,6172,6455,1,1,2,101,143,244,9,0.201714,0.207095,0,0,0.000001,295,0.000091,0,31,0,0.000111
17173,Shelby County,,IL,1449,25687,27136,6,5,11,951,819,1770,8,0.248346,0.258593,254.459431,0.000055,0.00003,295,0.000247,0,31,0.4,0.000865
17175,Stark County,,IL,286,6760,7046,2,2,4,173,162,335,7,0.261017,0.272386,0,0.000167,0.00008,295,0.000085,0,31,1,0.000728
17177,Stephenson County,,IL,2371,55603,57974,6,7,13,1272,1096,2368,7,0.315395,0.334207,1647.081841,0.001323,0.001721,295,0.000174,0,31,0.380952,0.009222
17179,Tazewell County,,IL,8785,161784,170569,13,15,28,5601,5312,10913,7,0.32667,0.348864,7524.2251,0.003627,0.004281,295,0.000296,0,31,0.371429,0.023935
17181,Union County,,IL,872,19653,20525,1,3,4,124,335,459,8,0.243279,0.252675,16.55112,0.000034,0.000043,113,0.000069,0,31,0.333333,0.000238
17183,Vermilion County,,IL,3912,85887,89799,6,10,16,1265,1736,3001,7,0.316689,0.336595,4929.503977,0.00207,0.001897,295,0.000168,0,31,0.277778,0.013216
17185,Wabash County,,IL,645,13596,14241,2,2,4,131,189,320,8,0.248346,0.258323,2854.420353,0,0.000032,100,0.000149,0,31,0.333333,0.000217
17187,Warren County,,IL,1215,20147,21362,4,3,7,462,438,900,8,0.247175,0.256717,28.72839,0.000045,0.000034,295,0.000154,0,31,0.25,0.000665
17189,Washington County,,IL,1101,17618,18719,5,5,10,540,659,1199,7,0.260332,0.271546,1473.04959,0.000188,0.000128,113,0.000202,0,31,0.4,0.001438
17191,Wayne County,,IL,844,19373,20217,2,3,5,220,278,498,8,0.240249,0.248667,2930.414012,0,0,113,0.000197,0,31,0.166667,0.00021
17193,White County,,IL,738,16480,17218,3,2,5,258,175,433,9,0.194211,0.198989,2882.016957,0,0,113,0.000183,0,31,0.083333,0.000299
17195,Whiteside County,,IL,3078,70311,73389,8,11,19,1390,1649,3039,7,0.314752,0.333889,1409.792192,0.001296,0.001403,295,0.000187,0,31,0.427273,0.009512
17197,Will County,,IL,48579,845124,893703,36,78,114,40816,38531,79347,6,0.377036,0.412329,5412.685301,0.01862,0.046767,295,0.00048,0,31,0.502645,0.121246
17199,Williamson County,,IL,4480,74609,79089,9,9,18,2258,1983,4241,7,0.316293,0.335323,24857.068783,0.00124,0.001833,113,0.000333,0,31,0.3,0.009194
17201,Winnebago County,,IL,15439,341180,356619,22,29,51,8511,8733,17244,6,0.343812,0.371592,1371.310434,0.009478,0.016931,295,0.00033,0,31,0.548387,0.061141
17203,Woodford County,,IL,2769,47326,50095,6,4,10,2022,1613,3635,7,0.264119,0.276322,6.994528,0.000378,0.000163,295,0.000143,0,31,0.633333,0.001943
18001,Adams County,,IN,1531,43085,44616,3,4,7,704,846,1550,7,0.265228,0.277882,112.8297,0.000235,0.000155,100,0.000125,0,31,0.5,0.001375
18003,Allen County,,IN,19007,441942,460949,50,58,108,10416,11118,21534,6,0.360452,0.393143,65822.223042,0.016783,0.025867,100,0.00092,0,31,0.312354,0.110793
18005,Bartholomew County,,IN,6610,99245,105855,11,12,23,3137,3670,6807,7,0.317958,0.338628,743.162058,0.002334,0.002781,100,0.000271,0,31,0.423077,0.015736
18007,Benton County,,IN,741,10134,10875,2,1,3,371,326,697,7,0.260381,0.27182,0,0.000128,0.000071,100,0.00009,0,31,1,0.000723
18009,Blackford County,,IN,907,14189,15096,4,4,8,439,538,977,8,0.240999,0.250374,6.073485,0.000034,0.000039,100,0.000146,0,31,0.416667,0.000708
18011,Boone County,,IN,5638,76255,81893,10,8,18,4588,3297,7885,7,0.316077,0.335425,193.679386,0.002583,0.002132,100,0.000245,0,31,0.677778,0.016841
18013,Brown County,,IN,1429,17882,19311,5,5,10,1070,919,1989,7,0.288593,0.303714,0.366667,0.000873,0.000716,100,0.000148,0,31,0.9,0.005551
18015,Carroll County,,IN,1550,23744,25294,5,5,10,1273,1143,2416,7,0.260625,0.2729,3.151306,0.000159,0.000111,100,0.000156,0,31,0.7,0.001306
18017,Cass County,,IN,2364,45499,47863,7,9,16,1175,1394,2569,7,0.289586,0.305994,1147.493284,0.000821,0.001085,100,0.000201,0,31,0.472222,0.005492
18019,Clark County,,IN,9508,134896,144404,11,10,21,6928,6404,13332,7,0.291531,0.308711,1304.618245,0.001388,0.00116,206,0.000341,0,31,0.363636,0.009608
18021,Clay County,,IN,1781,30130,31911,6,6,12,1082,1119,2201,7,0.288743,0.304134,223.632065,0.000726,0.000654,100,0.00021,0,31,0.619048,0.004996
18023,Clinton County,,IN,2142,39695,41837,6,6,12,1249,1286,2535,7,0.288833,0.304314,217.533836,0.001142,0.00095,100,0.000171,0,31,0.733333,0.007249
18025,Crawford County,,IN,659,11553,12212,2,3,5,261,306,567,8,0.225982,0.234205,4.894048,0.000014,0.000028,206,0.000119,0,31,0.333333,0.000339
18027,Daviess County,,IN,1606,39124,40730,5,8,13,632,862,1494,7,0.289526,0.30546,874.563875,0.000064,0.000713,100,0.000204,0,31,0.464286,0.000988
18029,Dearborn County,,IN,3425,60763,64188,10,9,19,2515,2284,4799,7,0.282518,0.296964,9502.87263,0.001625,0.000792,206,0.000283,0,31,0.454545,0.010296
18031,Decatur County,,IN,1848,32114,33962,7,7,14,1152,1075,2227,7,0.288743,0.304254,47.331883,0.000739,0.000632,100,0.0002,0,31,0.428571,0.005131
18033,DeKalb County,,IN,3136,50699,53835,6,6,12,2153,2069,4222,7,0.265228,0.278122,23.401677,0.000251,0.000169,100,0.000189,0,31,0.52381,0.001832
18035,Delaware County,,IN,7057,115993,123050,15,17,32,3206,3924,7130,7,0.317159,0.338274,10844.302543,0.002783,0.002418,100,0.000334,0,31,0.415205,0.018256
18037,Dubois County,,IN,2110,55564,57674,10,11,21,1096,1103,2199,7,0.291684,0.309119,11332.712341,0.00127,0.001102,100,0.000352,0,31,0.236364,0.008831
18039,Elkhart County,,IN,11800,247830,259630,16,18,34,6795,7223,14018,7,0.329186,0.352655,2420.795387,0.004466,0.006164,100,0.000314,0,31,0.478947,0.02903
18041,Fayette County,,IN,1342,25192,26534,5,5,10,690,671,1361,7,0.288773,0.304074,143.048254,0.000702,0.000606,100,0.000165,0,31,0.35,0.004736
18043,Floyd County,,IN,7339,89497,96836,7,6,13,5408,5244,10652,7,0.291134,0.307571,1218.36116,0.001239,0.001089,206,0.00025,0,31,0.571429,0.008393
18045,Fountain County,,IN,1302,19586,20888,5,6,11,836,834,1670,7,0.261066,0.273644,87.074916,0.000152,0.000105,100,0.000199,0,31,0.333333,0.001203
18047,Franklin County,,IN,1594,27662,29256,6,7,13,1037,1021,2058,7,0.2901,0.30618,63.292581,0.000791,0.001247,206,0.000178,0,31,0.52381,0.00521
18049,Fulton County,,IN,1463,24222,25685,5,5,10,605,788,1393,8,0.240978,0.250494,27.171849,0.00004,0.00006,100,0.000163,0,31,0.333333,0.00082
18051,Gibson County,,IN,2111,40122,42233,6,6,12,1171,1174,2345,8,0.248613,0.259331,2840.748088,0.000055,0.000046,100,0.000293,0,31,0.4,0.001008
18053,Grant County,,IN,3764,73032,76796,10,12,22,1371,1964,3335,7,0.289586,0.306353,1400.710931,0.001273,0.001086,100,0.000254,0,31,0.454545,0.008401
18055,Greene County,,IN,2046,35877,37923,8,8,16,1252,1282,2534,7,0.288924,0.304734,1166.809619,0.000866,0.000693,100,0.000252,0,31,0.444444,0.00572
18057,Hamilton County,,IN,25327,376000,401327,62,60,122,22698,17494,40192,6,0.371341,0.40429,21875.223376,0.028356,0.03508,100,0.001057,0,31,0.409604,0.196974
18059,Hancock County,,IN,6186,86994,93180,11,9,20,5848,4167,10015,7,0.288833,0.304674,17.858405,0.001136,0.00096,100,0.000276,0,31,0.554545,0.008063
18061,Harrison County,,IN,2438,45977,48415,6,5,11,1781,1617,3398,7,0.282921,0.297084,1264.371187,0.000571,0.000511,206,0.000234,0,31,0.5,0.004294
18063,Hendricks County,,IN,13387,187507,200894,21,14,35,11929,8662,20591,7,0.327478,0.349799,1179.291987,0.004269,0.004611,100,0.000461,0,31,0.422925,0.028783
18065,Henry County,,IN,2937,53577,56514,8,8,16,1847,1934,3781,7,0.288894,0.304674,691.938418,0.001046,0.000899,100,0.000213,0,31,0.607143,0.007134
18067,Howard County,,IN,4939,98362,103301,13,11,24,2887,2626,5513,7,0.289164,0.305574,1209.495254,0.002309,0.000987,100,0.000306,0,31,0.395604,0.015844
18069,Huntington County,,IN,2380,43803,46183,5,5,10,1173,1309,2482,7,0.265178,0.277882,6.360689,0.000249,0.000169,100,0.000178,0,31,0.5,0.001702
18071,Jackson County,,IN,3021,55250,58271,8,8,16,1550,1785,3335,7,0.288863,0.304614,98.283427,0.000761,0.000729,100,0.000244,0,31,0.402778,0.005426
18073,Jasper County,,IN,2361,39422,41783,8,7,15,1721,1366,3087,7,0.289014,0.304794,3397.041706,0.002247,0.00085,295,0.000174,0,31,0.535714,0.014433
18075,Jay County,,IN,1145,25099,26244,4,6,10,516,705,1221,7,0.265304,0.278272,149.579435,0.000024,0.000181,100,0.000152,0,31,0.466667,0.000627
18077,Jefferson County,,IN,1962,36414,38376,6,10,16,692,1025,1717,7,0.291348,0.308471,1840.211098,0.000035,0.001123,100,0.000231,0,31,0.3,0.000885
18079,Jennings County,,IN,1984,31828,33812,5,6,11,1255,1369,2624,7,0.288863,0.304344,570.457356,0.000721,0.000643,100,0.000154,0,31,0.633333,0.004817
18081,Johnson County,,IN,14452,175096,189548,21,16,37,11907,9810,21717,7,0.320748,0.343239,832.37894,0.003288,0.003546,100,0.000455,0,31,0.411067,0.021262
18083,Knox County,,IN,2244,40598,42842,9,8,17,916,998,1914,7,0.289737,0.305778,17875.89334,0.000757,0.000636,100,0.00033,0,31,0.311111,0.005391
18085,Kosciusko County,,IN,5519,97137,102656,14,11,25,3169,3132,6301,7,0.316509,0.336475,5139.402557,0.00258,0.002299,100,0.000319,0,31,0.409524,0.016819
18087,LaGrange County,,IN,2417,47092,49509,6,6,12,1690,1774,3464,7,0.265304,0.278302,16.201278,0.000296,0.000222,100,0.000189,0,31,0.6,0.002176
18089,Lake County,,IN,29200,562064,591264,30,48,78,20161,20585,40746,6,0.358868,0.390629,9001.16876,0.01678,0.026877,295,0.000465,0,31,0.509796,0.112923
18091,LaPorte County,,IN,6203,126363,132566,10,11,21,3738,3615,7353,7,0.327054,0.34884,420.646693,0.002977,0.003557,295,0.000175,0,31,0.636364,0.017335
18093,Lawrence County,,IN,2260,52715,54975,6,6,12,1220,1129,2349,7,0.288803,0.304254,3510.796602,0.00082,0.000669,100,0.000212,0,31,0.3,0.005322
18095,Madison County,,IN,7655,144536,152191,10,12,22,4858,4547,9405,7,0.289526,0.306234,32.267439,0.001316,0.001213,100,0.000251,0,31,0.590909,0.008738
18097,Marion County,,IN,75544,1078607,1154151,150,166,316,50772,61022,111794,6,0.40537,0.450492,218506.433939,0.064574,0.07507,100,0.002546,0,31,0.272155,0.446966
18099,Marshall County,,IN,3066,56761,59827,7,6,13,1830,1778,3608,7,0.267244,0.280624,596.801044,0.000303,0.000345,100,0.000185,0,31,0.446429,0.002246
18101,Martin County,,IN,581,11742,12323,3,3,6,312,282,594,8,0.226093,0.234303,3.186905,0.000022,0.000019,100,0.000131,0,31,0.333333,0.000464
18103,Miami County,,IN,2440,38490,40930,6,7,13,1454,1321,2775,7,0.288894,0.304554,679.066776,0.000706,0.000645,100,0.000173,0,31,0.547619,0.004977
18105,Monroe County,,IN,11244,126889,138133,28,30,58,4782,5887,10669,6,0.353976,0.382049,7143.308732,0.00837,0.014918,100,0.000565,0,31,0.400901,0.058471
18107,Montgomery County,,IN,2414,45690,48104,7,8,15,1248,1276,2524,7,0.288924,0.304734,536.74834,0.000866,0.000981,100,0.000235,0,31,0.5,0.005807
18109,Morgan County,,IN,5798,82208,88006,9,9,18,4437,4075,8512,7,0.288743,0.304494,11.335512,0.001247,0.001022,100,0.000245,0,31,0.622222,0.008087
18111,Newton County,,IN,1140,16315,17455,4,4,8,722,639,1361,7,0.267013,0.279898,31.416056,0.000435,0.000243,295,0.000106,0,31,0.7,0.002333
18113,Noble County,,IN,3512,56701,60213,8,7,15,2476,2463,4939,7,0.265304,0.278422,247.519017,0.000988,0.000223,100,0.000242,0,31,0.553571,0.006427
18115,Ohio County,,IN,429,6759,7188,2,2,4,310,292,602,8,0.220441,0.227291,0,0.000007,0.000015,206,0.000122,0,31,1,0.000311
18117,Orange County,,IN,1055,21644,22699,3,3,6,413,430,843,8,0.226074,0.234475,7.905079,0.000021,0.000024,100,0.000142,0,31,0,0.000497
18119,Owen County,,IN,1729,23254,24983,6,7,13,1274,1137,2411,7,0.288713,0.304194,3.619444,0.000834,0.000725,100,0.000187,0,31,0.666667,0.005443
18121,Parke County,,IN,942,17744,18686,6,4,10,669,468,1137,8,0.247263,0.257174,329.937987,0.000723,0.000031,100,0.000218,0,31,0.466667,0.004911
18123,Perry County,,IN,876,21558,22434,4,4,8,363,421,784,8,0.249484,0.259993,233.043764,0.000053,0.000041,100,0.000195,0,31,0.6,0.000776
18125,Pike County,,IN,756,14244,15000,4,4,8,466,487,953,8,0.248635,0.259151,8.385781,0.000059,0.000051,100,0.000168,0,31,0.7,0.000791
18127,Porter County,,IN,11630,199973,211603,12,18,30,8639,7087,15726,6,0.330439,0.353498,1003.40871,0.004925,0.006811,295,0.00021,0,31,0.575163,0.030742
18129,Posey County,,IN,1596,30977,32573,3,3,6,1188,1032,2220,8,0.248368,0.258503,0,0.000048,0.000039,100,0.000156,0,31,1,0.000642
18131,Pulaski County,,IN,984,14726,15710,3,5,8,327,441,768,8,0.224903,0.233329,8.664276,0.000017,0.000039,100,0.000117,0,31,0.3,0.000557
18133,Putnam County,,IN,2546,38517,41063,7,7,14,1698,1548,3246,7,0.288803,0.304374,8.755817,0.000779,0.000666,100,0.000217,0,31,0.642857,0.005412
18135,Randolph County,,IN,1667,29847,31514,5,5,10,1012,1033,2045,8,0.243215,0.25336,23.410254,0.000054,0.00005,100,0.00015,0,31,0.5,0.000899
18137,Ripley County,,IN,2121,33205,35326,5,6,11,1240,1346,2586,7,0.2901,0.30603,478.738543,0.000597,0.001116,206,0.000157,0,31,0.5,0.004208
18139,Rush County,,IN,1387,19494,20881,6,6,12,850,864,1714,7,0.288743,0.304134,7.849524,0.000709,0.000618,100,0.000189,0,31,0.533333,0.00495
18141,St. Joseph County,,IN,16133,306345,322478,28,38,66,9520,9601,19121,6,0.355198,0.385193,7189.357121,0.012938,0.021351,100,0.000458,0,31,0.513495,0.088307
18143,Scott County,,IN,1366,25743,27109,6,6,12,957,931,1888,7,0.283123,0.297594,428.333264,0.000582,0.000518,206,0.000214,0,31,0.6,0.004328
18145,Shelby County,,IN,3506,52763,56269,6,7,13,2111,2247,4358,7,0.288743,0.304254,4.083056,0.00075,0.000907,100,0.000186,0,31,0.666667,0.005207
18147,Spencer County,,IN,1233,24491,25724,5,5,10,734,798,1532,8,0.249573,0.260353,16.859078,0.000065,0.000059,100,0.000216,0,31,0.65,0.00101
18149,Starke County,,IN,1549,25732,27281,7,6,13,1220,981,2201,7,0.266016,0.279148,1753.004047,0.001667,0.00034,100,0.000152,0,31,0.571429,0.010765
18151,Steuben County,,IN,2602,38955,41557,6,5,11,1378,1412,2790,7,0.265203,0.277942,6.166331,0.000244,0.000175,100,0.00019,0,31,0.566667,0.001872
18153,Sullivan County,,IN,1207,22019,23226,3,3,6,563,606,1169,8,0.247439,0.257252,1.5,0.000045,0.00003,100,0.000137,0,31,0.833333,0.000564
18155,Switzerland County,,IN,615,10317,10932,3,3,6,328,264,592,8,0.226591,0.235002,36.22167,0.000017,0.000015,206,0.00015,0,31,0.333333,0.000425
18157,Tippecanoe County,,IN,13616,177924,191540,30,38,68,6393,7186,13579,6,0.352002,0.382217,27155.106625,0.007907,0.013984,100,0.000663,0,31,0.342683,0.051361
18159,Tipton County,,IN,1162,18491,19653,4,4,8,837,776,1613,7,0.288623,0.303654,0,0.001008,0.000866,100,0.000122,0,31,1,0.006463
18161,Union County,,IN,565,8175,8740,3,3,6,307,370,677,7,0.26267,0.274295,3.836598,0.000216,0.000145,100,0.000112,0,31,0.5,0.00132
18163,Vanderburgh County,,IN,11710,203385,215095,21,23,44,6049,6852,12901,7,0.330282,0.354899,47700.560207,0.003567,0.004733,100,0.000682,0,31,0.218333,0.025861
18165,Vermillion County,,IN,1019,18187,19206,4,3,7,690,533,1223,8,0.247241,0.256994,13.169323,0.000052,0.000024,100,0.000164,0,31,0.5,0.000728
18167,Vigo County,,IN,6563,111389,117952,17,20,37,2834,3536,6370,7,0.328175,0.351347,17370.93644,0.001778,0.003744,100,0.000535,0,31,0.279221,0.01213
18169,Wabash County,,IN,1869,37379,39248,5,7,12,772,1056,1828,7,0.272915,0.286852,20.373509,0.00027,0.000469,100,0.00016,0,31,0.547619,0.001878
18171,Warren County,,IN,695,9885,10580,3,2,5,445,397,842,7,0.260503,0.27221,0.719444,0.000143,0.000072,100,0.00011,0,31,0.666667,0.000937
18173,Warrick County,,IN,4721,74142,78863,8,7,15,3411,2843,6254,7,0.289405,0.305262,2552.992608,0.000739,0.000625,100,0.000303,0,31,0.428571,0.005332
18175,Washington County,,IN,1661,30974,32635,7,7,14,1232,1142,2374,7,0.283094,0.297684,1181.683556,0.000577,0.000523,206,0.000272,0,31,0.47619,0.004459
18177,Wayne County,,IN,3482,75213,78695,10,11,21,1590,1624,3214,7,0.29004,0.306707,1228.344057,0.001311,0.001181,100,0.000253,0,31,0.363636,0.008356
18179,Wells County,,IN,1826,33625,35451,5,4,9,1169,1084,2253,7,0.265102,0.277582,159.478698,0.000237,0.000155,100,0.000175,0,31,0.45,0.001602
18181,White County,,IN,2162,29412,31574,5,6,11,990,1250,2240,7,0.288924,0.304494,941.050138,0.000144,0.000679,100,0.000154,0,31,0.533333,0.001219
18183,Whitley County,,IN,2537,41236,43773,5,4,9,1631,1722,3353,7,0.265102,0.277582,3.35119,0.000258,0.000185,100,0.000177,0,31,0.6,0.001832
19001,Adair County,,IA,569,8551,9120,1,3,4,99,241,340,7,0.274289,0.286715,0.5,0.000003,0.000277,295,0.000093,0,31,0.666667,0.000125
19003,Adams County,,IA,236,4613,4849,0,0,0,0,0,0,0,0,0,0,0,0,47,0.000052,43,93,0,0
19005,Allamakee County,,IA,830,17268,18098,2,2,4,232,230,462,8,0.20395,0.209914,14.006976,0.000001,0.000001,295,0.000167,0,31,0,0.000227
19007,Appanoose County,,IA,544,13884,14428,0,1,1,0,60,60,7,0.274252,0.286372,0,0,0.000271,295,0.000052,0,94,0,0
19009,Audubon County,,IA,270,6992,7262,1,0,1,67,0,67,0,0,0,0,0.000005,0,234,0.000075,0,15,0,0.00012
19011,Benton County,,IA,1775,31002,32777,5,5,10,1219,1091,2310,7,0.266168,0.278215,14.848367,0.000327,0.000176,295,0.000152,0,31,0.7,0.001896
19013,Black Hawk County,,IA,9251,146518,155769,22,23,45,3099,4518,7617,7,0.333133,0.357725,35010.156653,0.003825,0.005103,295,0.000649,0,31,0.241538,0.028615
19015,Boone County,,IA,2126,31144,33270,3,3,6,1173,1019,2192,7,0.274262,0.286655,0,0.000364,0.000333,295,0.000139,0,31,1,0.002833
19017,Bremer County,,IA,1660,28730,30390,4,5,9,887,834,1721,7,0.274723,0.287783,313.905932,0.000047,0.000308,295,0.000217,0,31,0.4,0.000734
19019,Buchanan County,,IA,1324,24707,26031,3,3,6,633,604,1237,7,0.256865,0.268104,0,0.000158,0.000095,295,0.000133,0,31,1,0.001084
19021,Buena Vista County,,IA,1735,24820,26555,3,4,7,232,321,553,7,0.274723,0.287489,20914.310828,0.000289,0.000272,295,0.000261,0,31,0,0.002363
19023,Butler County,,IA,859,18075,18934,3,2,5,430,358,788,8,0.249933,0.259816,0.333333,0.000049,0.000035,295,0.000142,0,31,0.5,0.000677
19025,Calhoun County,,IA,614,11471,12085,2,3,5,272,227,499,7,0.27437,0.286895,1390.638244,0.000003,0.000275,295,0.00016,0,31,0.333333,0.000239
19027,Carroll County,,IA,1067,26263,27330,4,2,6,354,228,582,7,0.274262,0.286535,1419.167722,0.000297,0.000276,295,0.000254,0,31,0.25,0.002498
19029,Cass County,,IA,844,16061,16905,2,4,6,150,301,451,7,0.281459,0.295735,2825,0.000296,0.00059,234,0.000106,0,31,0.5,0.002329
19031,Cedar County,,IA,1254,22138,23392,5,4,9,925,789,1714,7,0.266168,0.278005,1.871155,0.000351,0.000188,295,0.000144,0,31,0.75,0.001954
19033,Cerro Gordo County,,IA,2635,50371,53006,8,10,18,1044,1159,2203,7,0.293533,0.311388,23634.743319,0.000338,0.001073,295,0.000378,0,31,0.2,0.003228
19035,Cherokee County,,IA,590,14382,14972,2,1,3,157,87,244,8,0.215533,0.221569,11.233333,0.000029,0.000003,295,0.000131,0,31,0,0.000449
19037,Chickasaw County,,IA,759,14909,15668,3,3,6,265,280,545,8,0.249978,0.260056,4.784524,0.000049,0.000045,295,0.000142,0,31,0.5,0.000677
19039,Clarke County,,IA,675,10984,11659,2,3,5,219,309,528,7,0.274289,0.286715,2824.5,0.000291,0.000275,295,0.000118,0,31,0.5,0.002249
19041,Clay County,,IA,1245,20233,21478,4,4,8,384,411,795,8,0.215801,0.222709,11030.60303,0.000005,0.000003,234,0.000322,0,31,0.083333,0.000442
19043,Clayton County,,IA,1007,21402,22409,6,6,12,564,591,1155,7,0.256084,0.267783,5649.428891,0.000155,0.000089,295,0.000259,0,31,0.266667,0.001319
19045,Clinton County,,IA,2769,56622,59391,7,9,16,1352,1512,2864,7,0.316653,0.336037,2217.000741,0.001365,0.001629,295,0.000166,0,31,0.541667,0.009519
19047,Crawford County,,IA,1202,20989,22191,3,3,6,227,245,472,7,0.281316,0.295315,63.987127,0.000471,0.000583,295,0.000199,0,31,0.416667,0.002609
19049,Dallas County,,IA,8922,94808,103730,16,12,28,8669,5864,14533,7,0.331306,0.353807,3697.128085,0.004287,0.003897,295,0.000509,0,31,0.386029,0.030302
19051,Davis County,,IA,389,10064,10453,1,1,2,179,156,335,8,0.215666,0.221965,0,0.000003,0.000014,295,0.000092,0,31,0,0.000209
19053,Decatur County,,IA,491,7920,8411,1,2,3,90,158,248,7,0.274262,0.286535,0,0.000002,0.000274,295,0.000086,0,31,1,0.000119
19055,Delaware County,,IA,1047,21686,22733,3,4,7,407,518,925,7,0.256961,0.268494,6.525383,0.000149,0.000117,295,0.000128,0,31,0.833333,0.000963
19057,Des Moines County,,IA,2733,47239,49972,6,8,14,817,1040,1857,7,0.316798,0.336097,18630.291046,0.001305,0.001554,295,0.000231,0,31,0.339286,0.008998
19059,Dickinson County,,IA,1406,21327,22733,4,3,7,433,291,724,7,0.274642,0.287189,11736.27893,0,0.000271,234,0.000254,0,31,0.2,0.000411
19061,Dubuque County,,IA,5265,118451,123716,15,15,30,2280,2457,4737,7,0.331306,0.354605,6225.127478,0.00244,0.004163,295,0.00038,0,31,0.393382,0.016706
19063,Emmet County,,IA,718,11236,11954,1,2,3,81,160,241,8,0.215549,0.221779,1.666667,0.000002,0,234,0.000124,0,31,0,0.000108
19065,Fayette County,,IA,1335,22602,23937,6,6,12,660,517,1177,7,0.257008,0.268824,11215.013787,0.000161,0.000097,295,0.000282,0,31,0.333333,0.001412
19067,Floyd County,,IA,1087,18723,19810,3,4,7,359,435,794,8,0.250113,0.260536,1649.038639,0.001148,0.000038,295,0.000136,0,31,0.4,0.008108
19069,Franklin County,,IA,617,12169,12786,2,4,6,171,310,481,7,0.274506,0.287315,5.842857,0.000013,0.000278,295,0.000113,0,31,0.416667,0.000276
19071,Fremont County,,IA,488,7977,8465,3,1,4,253,76,329,2,0.666667,0.75,2.083333,0.000008,0,234,0.000514,0,14,0,0.000373
19073,Greene County,,IA,373,10667,11040,2,2,4,141,115,256,7,0.274262,0.286535,0.5,0.000324,0.000274,295,0.000118,0,31,0.666667,0.002544
19075,Grundy County,,IA,832,15045,15877,3,3,6,393,367,760,8,0.250023,0.260176,2.459524,0.000053,0.000039,295,0.000121,0,31,0.666667,0.00066
19077,Guthrie County,,IA,810,12654,13464,3,3,6,504,411,915,7,0.274289,0.286715,2824.5,0.000326,0.00031,295,0.000144,0,31,0.5,0.002642
19079,Hamilton County,,IA,1117,17956,19073,4,4,8,410,460,870,7,0.27437,0.287015,1329.046658,0.000335,0.000298,295,0.000233,0,31,0.666667,0.002686
19081,Hancock County,,IA,739,13429,14168,2,3,5,260,407,667,8,0.227016,0.235256,3.333333,0.00001,0.000003,295,0.000136,0,31,0.333333,0.000248
19083,Hardin County,,IA,1162,19739,20901,5,5,10,442,385,827,7,0.274642,0.287663,1545.555484,0.000382,0.000329,295,0.000167,0,31,0.533333,0.003068
19085,Harrison County,,IA,879,16876,17755,2,2,4,387,344,731,7,0.277606,0.290894,0,0.000473,0.000318,234,0.000094,0,31,1,0.002562
19087,Henry County,,IA,1361,22336,23697,6,6,12,614,607,1221,7,0.264748,0.276427,1230.186141,0.000294,0.000093,295,0.000259,0,31,0.357143,0.001795
19089,Howard County,,IA,592,11714,12306,1,1,2,81,88,169,9,0.169815,0.173282,0,0,0,295,0.00013,0,31,0,0.000105
19091,Humboldt County,,IA,546,11613,12159,1,1,2,144,107,251,8,0.215366,0.221455,0,0.000003,0.000003,295,0.000095,0,31,0,0.000137
19093,Ida County,,IA,441,8521,8962,1,1,2,78,77,155,8,0.245406,0.254904,0,0.000027,0.000029,234,0.000075,0,31,0,0.000327
19095,Iowa County,,IA,1174,20405,21579,3,5,8,525,653,1178,7,0.265863,0.277705,108.478645,0.000278,0.000144,295,0.000111,0,31,0.3,0.001392
19097,Jackson County,,IA,1173,23885,25058,3,4,7,580,625,1205,7,0.257032,0.268683,0.695635,0.00012,0.000137,295,0.000105,0,31,0.833333,0.000892
19099,Jasper County,,IA,2578,41836,44414,5,7,12,1470,1523,2993,7,0.274425,0.287495,7.892857,0.000339,0.000345,295,0.00023,0,31,0.547619,0.002839
19101,Jefferson County,,IA,1252,17450,18702,4,4,8,351,329,680,7,0.274723,0.287603,6263.694014,0.000004,0.000288,295,0.000263,0,31,0.2,0.000543
19103,Johnson County,,IA,14365,148168,162533,29,37,66,5658,7198,12856,6,0.3591,0.387371,29972.724323,0.008762,0.018416,295,0.000682,0,31,0.357143,0.062933
19105,Jones County,,IA,1279,23041,24320,2,4,6,640,700,1340,7,0.265761,0.277375,1.046696,0.000149,0.000163,295,0.000091,0,31,0.833333,0.000841
19107,Keokuk County,,IA,554,11779,12333,4,4,8,340,305,645,8,0.216086,0.223237,16.719444,0.000008,0.000019,295,0.000199,0,31,0.2,0.000576
19109,Kossuth County,,IA,865,18968,19833,1,2,3,80,125,205,7,0.274506,0.286829,2766.5,0,0.000271,234,0.000154,0,31,0,0.000105
19111,Lee County,,IA,2007,39469,41476,4,4,8,637,751,1388,8,0.24102,0.249881,5637.514977,0.000015,0.000015,295,0.000247,0,31,0.166667,0.000517
19113,Linn County,,IA,12761,263234,275995,28,34,62,6996,6828,13824,6,0.343429,0.370974,43898.593754,0.006608,0.012407,295,0.000678,0,31,0.265854,0.047751
19115,Louisa County,,IA,852,13237,14089,3,4,7,401,511,912,7,0.264546,0.275797,5.829957,0.000019,0.000099,295,0.000139,0,31,0.6,0.000465
19117,Lucas County,,IA,510,9924,10434,2,2,4,146,173,319,7,0.274235,0.286475,0,0.000292,0.000275,295,0.000144,0,31,1,0.002295
19119,Lyon County,,IA,554,14669,15223,2,2,4,236,256,492,8,0.255848,0.267235,176.434562,0.000115,0.000107,234,0.000112,0,31,0.5,0.001056
19121,Madison County,,IA,1169,18422,19591,3,3,6,795,656,1451,7,0.274262,0.286655,0,0.000327,0.000313,295,0.00018,0,31,1,0.002688
19123,Mahaska County,,IA,1493,24933,26426,5,5,10,642,696,1338,7,0.274479,0.287345,966.530173,0.000298,0.000291,295,0.000275,0,31,0.45,0.002738
19125,Marion County,,IA,2078,38803,40881,6,5,11,1017,987,2004,7,0.274343,0.287075,1165.805587,0.000301,0.000319,295,0.000297,0,31,0.428571,0.002866
19127,Marshall County,,IA,2664,47154,49818,5,10,15,819,1370,2189,7,0.275322,0.289511,330.102312,0.000336,0.000478,295,0.000189,0,31,0.488889,0.002799
19129,Mills County,,IA,1013,17025,18038,3,4,7,723,571,1294,7,0.277689,0.291314,1365.123823,0.00058,0.000424,234,0.000118,0,31,0.5,0.003422
19131,Mitchell County,,IA,533,12690,13223,1,1,2,56,52,108,8,0.226942,0.234776,0,0.00001,0.000003,295,0.000084,0,31,0,0.000142
19133,Monona County,,IA,510,10172,10682,1,1,2,159,172,331,8,0.245406,0.254904,0,0.000027,0.000029,234,0.000075,0,31,0,0.000327
19135,Monroe County,,IA,448,8646,9094,1,2,3,81,128,209,8,0.215733,0.222325,0,0.000003,0.000017,295,0.000092,0,31,0.5,0.000209
19137,Montgomery County,,IA,557,11878,12435,2,1,3,182,75,257,2,0.666667,0.75,0,0.000007,0,234,0.000491,0,14,0.5,0.000287
19139,Muscatine County,,IA,3058,52183,55241,8,8,16,1543,1582,3125,7,0.275541,0.289541,864.509753,0.00067,0.000479,295,0.000235,0,31,0.517857,0.004448
19141,O'Brien County,,IA,839,17203,18042,3,4,7,348,313,661,8,0.217082,0.224419,3465.767061,0.000001,0,234,0.000192,0,31,0.25,0.000318
19143,Osceola County,,IA,449,7904,8353,1,2,3,70,178,248,8,0.215616,0.221929,0,0,0,234,0.000093,0,31,0.5,0.000105
19145,Page County,,IA,1000,16297,17297,4,2,6,276,229,505,1,1,1,16.092908,0.000007,0,234,0.000976,0,14,0.083333,0.000482
19147,Palo Alto County,,IA,620,10585,11205,3,2,5,186,173,359,8,0.215633,0.221959,2831.75,0.000002,0,234,0.000239,0,31,0,0.000306
19149,Plymouth County,,IA,1578,31460,33038,2,4,6,845,745,1590,7,0.276638,0.290339,42.149109,0.000028,0.000408,234,0.000107,0,31,0.75,0.000437
19151,Pocahontas County,,IA,446,8552,8998,0,0,0,0,0,0,0,0,0,0,0,0,48,0.000052,44,95,0,0
19153,Polk County,,IA,33297,553916,587213,92,76,168,22309,21194,43503,6,0.377754,0.412167,236931.487275,0.030259,0.032203,295,0.002643,0,31,0.221683,0.220494
19155,Pottawattamie County,,IA,6178,105310,111488,9,10,19,3555,3735,7290,7,0.281945,0.297445,8724.103506,0.001088,0.000822,234,0.000283,0,31,0.263636,0.007294
19157,Poweshiek County,,IA,1386,20132,21518,6,3,9,578,473,1051,7,0.274289,0.286715,24.12361,0.000303,0.000277,295,0.000215,0,31,0.366667,0.002779
19159,Ringgold County,,IA,188,5397,5585,0,0,0,0,0,0,0,0,0,0,0,0,49,0.000052,45,96,0,0
19161,Sac County,,IA,573,12242,12815,2,2,4,133,143,276,8,0.215382,0.221605,7.033333,0.000005,0.000003,295,0.000153,0,31,0,0.000225
19163,Scott County,,IA,11960,202347,214307,18,22,40,5991,5752,11743,6,0.336686,0.361957,8172.031394,0.004874,0.007622,295,0.000391,0,31,0.396667,0.03336
19165,Shelby County,,IA,817,14527,15344,1,3,4,177,268,445,7,0.277661,0.291134,0.5,0.000007,0.000323,234,0.000076,0,31,0.666667,0.000178
19167,Sioux County,,IA,1648,41505,43153,4,5,9,417,610,1027,8,0.256344,0.268633,6723.328907,0.000032,0.000137,234,0.000186,0,31,0.35,0.000645
19169,Story County,,IA,8054,84740,92794,15,19,34,2896,4108,7004,7,0.326631,0.349985,3687.830975,0.002585,0.004535,295,0.000462,0,31,0.335714,0.018543
19171,Tama County,,IA,1227,20811,22038,5,6,11,590,708,1298,7,0.274995,0.288431,124.660543,0.000163,0.000374,295,0.000169,0,31,0.5,0.001326
19173,Taylor County,,IA,342,7129,7471,0,1,1,0,67,67,2,0.6,0.666667,0,0,0,234,0.000052,0,97,0,0
19175,Union County,,IA,846,13858,14704,2,1,3,186,117,303,7,0.274208,0.286295,0,0.000291,0.000271,295,0.000108,0,31,0.5,0.002249
19177,Van Buren County,,IA,366,8231,8597,1,1,2,81,74,155,8,0.215533,0.221617,0,0.000003,0,295,0.000108,0,31,0,0.00011
19179,Wapello County,,IA,2659,38980,41639,8,8,16,806,1091,1897,7,0.274941,0.288533,18829.837276,0.001544,0.000356,295,0.000372,0,31,0.255556,0.011124
19181,Warren County,,IA,3698,57043,60741,8,5,13,3405,2475,5880,7,0.274316,0.287015,8.916667,0.000378,0.000318,295,0.000362,0,31,0.428571,0.003464
19183,Washington County,,IA,1647,27020,28667,5,4,9,835,770,1605,7,0.265888,0.277585,659.804635,0.000278,0.000141,295,0.000193,0,31,0.35,0.00161
19185,Wayne County,,IA,340,7273,7613,0,0,0,0,0,0,0,0,0,0,0,0,50,0.000052,46,98,0,0
19187,Webster County,,IA,2339,40564,42903,6,6,12,565,951,1516,7,0.274452,0.287435,9914.861675,0.00038,0.000298,295,0.000303,0,31,0.333333,0.003163
19189,Winnebago County,,IA,741,12624,13365,3,3,6,251,282,533,8,0.226998,0.235196,1.333333,0.00001,0.000003,295,0.00018,0,31,0.666667,0.000347
19191,Winneshiek County,,IA,1071,23928,24999,3,3,6,248,271,519,8,0.204535,0.210691,5608.846065,0.000001,0.000001,295,0.000273,0,31,0,0.000323
19193,Woodbury County,,IA,6479,117654,124133,12,18,30,2717,3545,6262,7,0.325179,0.348621,34187.444344,0.003216,0.003016,234,0.000481,0,31,0.22807,0.023625
19195,Worth County,,IA,506,8951,9457,2,2,4,249,213,462,8,0.226961,0.234956,0,0.00001,0.000003,295,0.000136,0,31,1,0.000248
19197,Wright County,,IA,855,15191,16046,4,2,6,260,128,388,7,0.274262,0.286535,556.338886,0.000008,0.000274,295,0.000207,0,31,0.35,0.00047
20001,Allen County,,KS,926,14538,15464,1,3,4,138,267,405,8,0.213857,0.22061,2827.414286,0.000002,0.000005,113,0.000086,0,31,0,0.000113
20003,Anderson County,,KS,565,8998,9563,3,1,4,248,102,350,8,0.222382,0.228843,29.554047,0.000515,0.000006,113,0.000131,0,31,0.333333,0.003184
20005,Atchison County,,KS,1086,17249,18335,2,3,5,175,264,439,7,0.282691,0.295944,3.961205,0.000088,0.000496,113,0.000101,0,31,0.666667,0.000956
20007,Barber County,,KS,354,5645,5999,0,0,0,0,0,0,0,0,0,0,0,0,51,0.000052,47,99,0,0
20009,Barton County,,KS,1655,31776,33431,3,6,9,210,518,728,7,0.284282,0.298488,8378,0.000313,0.000626,113,0.000181,0,31,0.404762,0.001928
20011,Bourbon County,,KS,934,15923,16857,2,3,5,160,254,414,7,0.282116,0.295194,36.362019,0.000519,0.000401,113,0.000091,0,31,0.333333,0.003101
20013,Brown County,,KS,647,11169,11816,1,0,1,87,0,87,0,0,0,0,0,0,75,0.000097,48,100,0,0.000095
20015,Butler County,,KS,5276,73368,78644,5,5,10,3178,2999,6177,7,0.28402,0.297828,44.345546,0.000325,0.000613,113,0.0002,0,31,0.433333,0.002215
20017,Chase County,,KS,169,2995,3164,1,1,2,62,93,155,8,0.221355,0.227874,0,0.000006,0.000008,113,0.000082,0,31,0,0.000151
20019,Chautauqua County,,KS,250,3592,3842,0,0,0,0,0,0,0,0,0,0,0,0,52,0.000052,49,101,0,0
20021,Cherokee County,,KS,1424,21571,22995,4,5,9,742,877,1619,8,0.244478,0.254812,34.873893,0.00005,0.000029,113,0.000153,0,31,0.55,0.00068
20023,Cheyenne County,,KS,146,3144,3290,0,0,0,0,0,0,0,0,0,0,0,0,53,0.000052,50,102,0,0
20025,Clark County,,KS,123,2314,2437,0,0,0,0,0,0,0,0,0,0,0,0,54,0.000052,51,103,0,0
20027,Clay County,,KS,715,10070,10785,1,2,3,67,169,236,8,0.256415,0.267982,0,0.000118,0.000147,113,0.000064,0,31,1,0.000615
20029,Cloud County,,KS,761,10350,11111,1,1,2,58,83,141,8,0.223896,0.231057,2779,0,0.000011,113,0.000097,0,104,0,0.000095
20031,Coffey County,,KS,590,10249,10839,1,1,2,94,104,198,8,0.221355,0.227874,0,0.000006,0.000008,113,0.000082,0,31,0,0.000151
20033,Comanche County,,KS,-2,2129,2127,0,0,0,0,0,0,0,0,0,0,0,0,55,0.000052,52,105,0,0
20035,Cowley County,,KS,2140,39534,41674,4,4,8,815,914,1729,7,0.271634,0.28452,5.642155,0.00033,0.00023,113,0.000167,0,31,0.666667,0.002164
20037,Crawford County,,KS,2663,39650,42313,9,11,20,1025,1265,2290,7,0.290161,0.306653,9253.585033,0.000863,0.001348,113,0.000286,0,31,0.327273,0.005623
20039,Decatur County,,KS,130,3444,3574,0,0,0,0,0,0,0,0,0,0,0,0,56,0.000052,53,106,0,0
20041,Dickinson County,,KS,1954,22292,24246,3,4,7,674,613,1287,7,0.273883,0.287499,3.260781,0.00025,0.000371,113,0.000111,0,31,0.916667,0.00147
20043,Doniphan County,,KS,461,8552,9013,1,1,2,160,216,376,8,0.227854,0.235091,0,0.000017,0.000011,113,0.000082,0,31,0,0.000199
20045,Douglas County,,KS,10145,113966,124111,19,20,39,4918,5475,10393,6,0.341571,0.367603,5370.724322,0.00539,0.010419,113,0.000465,0,31,0.45471,0.038599
20047,Edwards County,,KS,181,3691,3872,0,0,0,0,0,0,0,0,0,0,0,0,57,0.000052,54,107,0,0
20049,Elk County,,KS,170,2833,3003,0,0,0,0,0,0,0,0,0,0,0,0,58,0.000052,55,108,0,0
20051,Ellis County,,KS,2282,32280,34562,6,6,12,432,615,1047,7,0.284223,0.298368,14023,0.000836,0.000615,113,0.000311,0,31,0.238095,0.005176
20053,Ellsworth County,,KS,332,6724,7056,1,1,2,55,71,126,8,0.223852,0.230961,0,0.00001,0.000011,113,0.000088,0,31,0,0.000188
20055,Finney County,,KS,3359,47045,50404,4,5,9,498,665,1163,7,0.27182,0.284922,7184.202532,0.000326,0.000217,113,0.00025,0,31,0.35,0.002072
20057,Ford County,,KS,3004,43381,46385,4,5,9,552,652,1204,7,0.301465,0.317685,4586.772444,0.000317,0.00113,113,0.000285,0,31,0.3,0.002075
20059,Franklin County,,KS,1885,29088,30973,7,7,14,1091,1100,2191,7,0.28595,0.300132,3128.81089,0.000681,0.000886,113,0.000311,0,31,0.464286,0.004289
20061,Geary County,,KS,15403,40380,55783,25,33,58,4825,6891,11716,7,0.34216,0.370828,5624.425626,0.008676,0.013548,113,0.000426,0,31,0.476529,0.062102
20063,Gove County,,KS,129,3355,3484,0,0,0,0,0,0,0,0,0,0,0,0,59,0.000052,56,109,0,0
20065,Graham County,,KS,88,3179,3267,0,0,0,0,0,0,0,0,0,0,0,0,60,0.000052,57,110,0,0
20067,Grant County,,KS,620,9263,9883,0,0,0,0,0,0,0,0,0,0,0,0,61,0.000052,58,111,0,0
20069,Gray County,,KS,477,7225,7702,2,1,3,142,155,297,8,0.231654,0.238791,0,0.000012,0.000003,113,0.000143,0,31,1,0.000245
20071,Greeley County,,KS,70,1641,1711,0,0,0,0,0,0,0,0,0,0,0,0,62,0.000052,59,112,0,0
20073,Greenwood County,,KS,390,6951,7341,1,2,3,78,135,213,7,0.271369,0.283812,0,0.000313,0.000216,113,0.00007,0,31,1,0.001734
20075,Hamilton County,,KS,172,2864,3036,0,0,0,0,0,0,0,0,0,0,0,0,63,0.000052,60,113,0,0
20077,Harper County,,KS,313,6849,7162,1,1,2,73,95,168,7,0.271342,0.283632,0,0.000313,0.000213,113,0.00007,0,31,0,0.001734
20079,Harvey County,,KS,2579,40393,42972,5,6,11,1324,1461,2785,7,0.284078,0.298068,16.975365,0.000338,0.000617,113,0.000183,0,31,0.566667,0.00224
20081,Haskell County,,KS,328,4777,5105,0,0,0,0,0,0,0,0,0,0,0,0,64,0.000052,61,114,0,0
20083,Hodgeman County,,KS,91,2256,2347,0,0,0,0,0,0,0,0,0,0,0,0,65,0.000052,62,115,0,0
20085,Jackson County,,KS,995,15652,16647,1,1,2,402,416,818,8,0.249708,0.259848,0,0.000066,0.000028,113,0.000073,0,31,0,0.000332
20087,Jefferson County,,KS,1491,21442,22933,4,4,8,967,885,1852,7,0.282691,0.296064,0,0.000737,0.000562,113,0.000128,0,31,1,0.004494
20089,Jewell County,,KS,147,3605,3752,0,0,0,0,0,0,0,0,0,0,0,0,66,0.000052,63,116,0,0
20091,Johnson County,,KS,45183,707863,753046,98,99,197,32977,32452,65429,6,0.392151,0.428978,110049.12958,0.043665,0.05651,113,0.001907,0,31,0.372129,0.315546
20093,Kearny County,,KS,321,4882,5203,1,1,2,138,105,243,8,0.213742,0.219941,0,0.000002,0.000003,113,0.000095,0,31,0,0.000122
20095,Kingman County,,KS,592,8791,9383,1,2,3,244,305,549,7,0.271395,0.283872,0,0.000313,0.000216,113,0.00007,0,31,1,0.001734
20097,Kiowa County,,KS,153,2804,2957,0,0,0,0,0,0,0,0,0,0,0,0,67,0.000052,64,117,0,0
20099,Labette County,,KS,1469,23762,25231,4,5,9,446,517,963,7,0.282604,0.296226,182.067681,0.000019,0.000419,113,0.000159,0,31,0.466667,0.000542
20101,Lane County,,KS,98,2118,2216,0,0,0,0,0,0,0,0,0,0,0,0,68,0.000052,65,118,0,0
20103,Leavenworth County,,KS,10211,79619,89830,28,23,51,5961,5032,10993,7,0.321863,0.346392,3969.665816,0.010441,0.007876,113,0.000498,0,31,0.443011,0.07207
20105,Lincoln County,,KS,181,3706,3887,0,0,0,0,0,0,0,0,0,0,0,0,69,0.000052,66,119,0,0
20107,Linn County,,KS,659,10596,11255,2,2,4,295,195,490,7,0.281744,0.294396,0,0.000515,0.000401,113,0.000098,0,31,1,0.003104
20109,Logan County,,KS,148,3412,3560,0,0,0,0,0,0,0,0,0,0,0,0,70,0.000052,67,120,0,0
20111,Lyon County,,KS,2223,35781,38004,5,7,12,518,817,1335,7,0.284253,0.298548,11205.008879,0.000886,0.000687,113,0.000247,0,31,0.428571,0.005201
20113,McPherson County,,KS,2194,34870,37064,5,6,11,686,896,1582,7,0.284165,0.298248,20.267032,0.000343,0.000624,113,0.000185,0,31,0.666667,0.002302
20115,Marion County,,KS,749,13626,14375,3,3,6,364,291,655,7,0.271395,0.283992,0,0.000325,0.000219,113,0.000122,0,31,1,0.001987
20117,Marshall County,,KS,491,12867,13358,1,0,1,56,0,56,0,0,0,0,0,0,90,0.000097,68,121,0,0.000095
20119,Meade County,,KS,335,5102,5437,0,0,0,0,0,0,0,0,0,0,0,0,71,0.000052,69,122,0,0
20121,Miami County,,KS,2616,37642,40258,6,6,12,1930,1596,3526,7,0.285832,0.299772,28.808356,0.001061,0.000868,113,0.000207,0,31,0.595238,0.007003
20123,Mitchell County,,KS,368,7677,8045,0,0,0,0,0,0,0,0,0,0,0,0,72,0.000052,70,123,0,0
20125,Montgomery County,,KS,2546,35035,37581,7,8,15,709,973,1682,7,0.279984,0.295196,9851.964691,0.000772,0.000557,113,0.000232,0,31,0.357143,0.004946
20127,Morris County,,KS,315,6585,6900,0,0,0,0,0,0,0,0,0,0,0,0,73,0.000052,71,124,0,0
20129,Morton County,,KS,259,3587,3846,0,0,0,0,0,0,0,0,0,0,0,0,74,0.000052,72,125,0,0
20131,Nemaha County,,KS,495,13073,13568,0,1,1,0,87,87,1,1,1,0,0,0,75,0.000052,48,126,0,0
20133,Neosho County,,KS,1310,17867,19177,5,5,10,431,535,966,7,0.271793,0.28503,9194.115013,0.000021,0.000221,113,0.000197,0,31,0.4,0.000629
20135,Ness County,,KS,152,3721,3873,0,0,0,0,0,0,0,0,0,0,0,0,76,0.000052,73,127,0,0
20137,Norton County,,KS,310,5878,6188,0,0,0,0,0,0,0,0,0,0,0,0,77,0.000052,74,128,0,0
20139,Osage County,,KS,1164,18418,19582,2,3,5,558,542,1100,7,0.255707,0.266749,0,0.000074,0.000082,113,0.000111,0,31,1,0.00048
20141,Osborne County,,KS,166,4585,4751,0,0,0,0,0,0,0,0,0,0,0,0,78,0.000052,75,129,0,0
20143,Ottawa County,,KS,443,7036,7479,1,1,2,207,201,408,8,0.223852,0.230961,0,0.00001,0.000011,113,0.000088,0,31,0,0.000188
20145,Pawnee County,,KS,448,6958,7406,1,1,2,91,74,165,8,0.221372,0.227874,0,0.000006,0.000003,113,0.000078,0,31,0,0.000119
20147,Phillips County,,KS,259,6713,6972,0,0,0,0,0,0,0,0,0,0,0,0,79,0.000052,76,130,0,0
20149,Pottawatomie County,,KS,2156,27456,29612,4,4,8,1208,860,2068,7,0.283007,0.296514,123.635373,0.000306,0.000491,113,0.000146,0,31,0.65,0.001726
20151,Pratt County,,KS,869,11102,11971,0,1,1,0,156,156,7,0.271387,0.28371,0,0,0.000213,113,0.000052,0,131,0,0
20153,Rawlins County,,KS,78,3078,3156,0,0,0,0,0,0,0,0,0,0,0,0,80,0.000052,77,132,0,0
20155,Reno County,,KS,3611,71351,74962,7,11,18,1291,1697,2988,7,0.288414,0.304314,2955.136248,0.000344,0.001264,113,0.000243,0,31,0.442308,0.002505
20157,Republic County,,KS,264,5861,6125,0,1,1,0,58,58,9,0.182991,0.186991,0,0,0,113,0.000052,0,133,0,0
20159,Rice County,,KS,851,10914,11765,1,2,3,117,204,321,7,0.271395,0.283872,0,0.000011,0.000216,113,0.000071,0,31,1,0.000134
20161,Riley County,,KS,13688,56125,69813,23,33,56,3868,6580,10448,7,0.341068,0.369412,12135.21177,0.007736,0.013198,113,0.000471,0,31,0.457983,0.055459
20163,Rooks County,,KS,258,6072,6330,1,1,2,67,81,148,8,0.221337,0.227814,0,0.000006,0.000008,113,0.000096,0,31,0,0.000153
20165,Rush County,,KS,209,3659,3868,1,0,1,68,0,68,0,0,0,0,0.000006,0,113,0.000096,0,8,0,0.000153
20167,Russell County,,KS,482,7942,8424,1,1,2,121,87,208,8,0.221337,0.227814,0,0.000006,0.000008,113,0.000096,0,31,0,0.000153
20169,Saline County,,KS,4272,65370,69642,13,12,25,1509,1685,3194,7,0.288384,0.304434,17045.653938,0.001185,0.00117,113,0.000499,0,31,0.3,0.007367
20171,Scott County,,KS,253,6295,6548,0,0,0,0,0,0,0,0,0,0,0,0,81,0.000052,78,134,0,0
20173,Sedgwick County,,KS,30352,592502,622854,64,75,139,14100,16283,30383,6,0.372336,0.407025,128494.682101,0.023747,0.03494,113,0.001549,0,31,0.31397,0.178363
20175,Seward County,,KS,2791,29073,31864,5,5,10,574,718,1292,7,0.2719,0.28503,6533.969367,0.000096,0.000219,113,0.0003,0,31,0.233333,0.00111
20177,Shawnee County,,KS,10741,207521,218262,19,22,41,4399,5418,9817,7,0.332774,0.358283,15414.826311,0.003118,0.007326,113,0.00054,0,31,0.368333,0.022357
20179,Sheridan County,,KS,102,3228,3330,0,0,0,0,0,0,0,0,0,0,0,0,82,0.000052,79,135,0,0
20181,Sherman County,,KS,466,6672,7138,0,0,0,0,0,0,0,0,0,0,0,0,83,0.000052,80,136,0,0
20183,Smith County,,KS,164,4692,4856,0,0,0,0,0,0,0,0,0,0,0,0,84,0.000052,81,137,0,0
20185,Stafford County,,KS,236,4869,5105,0,1,1,0,53,53,8,0.221417,0.227972,0,0,0.000003,113,0.000052,0,138,0,0
20187,Stanton County,,KS,80,2724,2804,0,0,0,0,0,0,0,0,0,0,0,0,85,0.000052,82,139,0,0
20189,Stevens County,,KS,488,6550,7038,0,0,0,0,0,0,0,0,0,0,0,0,86,0.000052,83,140,0,0
20191,Sumner County,,KS,1830,26407,28237,3,3,6,995,1132,2127,7,0.271395,0.283992,0,0.000321,0.000219,113,0.000139,0,31,1,0.001983
20193,Thomas County,,KS,721,9169,9890,0,0,0,0,0,0,0,0,0,0,0,0,87,0.000052,84,141,0,0
20195,Trego County,,KS,189,3683,3872,0,0,0,0,0,0,0,0,0,0,0,0,88,0.000052,85,142,0,0
20197,Wabaunsee County,,KS,460,8089,8549,3,2,5,301,219,520,8,0.24973,0.260028,0,0.000188,0.000031,113,0.000116,0,31,1,0.001067
20199,Wallace County,,KS,66,1837,1903,0,0,0,0,0,0,0,0,0,0,0,0,89,0.000052,86,143,0,0
20201,Washington County,,KS,338,7236,7574,0,1,1,0,56,56,1,1,1,0,0,0,90,0.000052,68,144,0,0
20203,Wichita County,,KS,105,2851,2956,0,0,0,0,0,0,0,0,0,0,0,0,91,0.000052,87,145,0,0
20205,Wilson County,,KS,520,9957,10477,2,2,4,244,197,441,8,0.218826,0.226003,1.083333,0.000007,0.000007,113,0.000111,0,31,0.5,0.000267
20207,Woodson County,,KS,169,3515,3684,1,0,1,56,0,56,0,0,0,0,0,0,113,0.000077,0,11,0,0.000099
20209,Wyandotte County,,KS,14437,171464,185901,15,17,32,9682,11220,20902,7,0.333453,0.358289,1320.232203,0.00747,0.007355,113,0.000316,0,31,0.601307,0.053441
21001,Adair County,,KY,1049,17608,18657,2,2,4,318,365,683,8,0.221619,0.228769,26.176121,0.000007,0.000005,206,0.000158,0,31,0,0.000242
21003,Allen County,,KY,1177,19952,21129,4,3,7,659,553,1212,8,0.231249,0.239546,10.415986,0.000066,0.000026,241,0.000221,0,31,0.666667,0.001421
21005,Anderson County,,KY,1422,26281,27703,7,6,13,1152,849,2001,7,0.28402,0.298764,54.183068,0.000897,0.000739,206,0.000269,0,31,0.619048,0.006089
21007,Ballard County,,KY,643,8718,9361,1,1,2,227,311,538,8,0.230808,0.238358,0,0.000016,0.000014,206,0.000105,0,31,0,0.000217
21009,Barren County,,KY,2514,47040,49554,7,7,14,1458,1454,2912,7,0.283065,0.297654,12373.302754,0.000568,0.000509,241,0.000478,0,31,0.190476,0.004377
21011,Bath County,,KY,824,11786,12610,2,3,5,488,445,933,7,0.274723,0.287302,3.238095,0.000004,0.000236,206,0.000179,0,31,0.833333,0.000259
21013,Bell County,,KY,1256,22838,24094,3,4,7,559,589,1148,8,0.218499,0.225875,2866.399613,0.000006,0.000004,241,0.000171,0,31,0.166667,0.000338
21015,Boone County,,KY,13492,147122,160614,14,15,29,8645,8586,17231,7,0.312591,0.33356,5516.704185,0.002783,0.004349,206,0.000371,0,31,0.470833,0.018127
21017,Bourbon County,,KY,1659,22073,23732,5,6,11,903,1007,1910,7,0.274805,0.287884,5602.583333,0.000343,0.000253,206,0.000271,0,31,0.533333,0.002345
21019,Boyd County,,KY,3156,48877,52033,6,8,14,1732,1778,3510,7,0.276308,0.29014,2788.466653,0.000021,0.000258,206,0.000291,0,31,0.339286,0.00081
21021,Boyle County,,KY,2255,29326,31581,7,7,14,1437,1320,2757,7,0.284049,0.298944,5723.310719,0.000884,0.000725,206,0.00037,0,31,0.47619,0.005961
21023,Bracken County,,KY,504,9234,9738,3,2,5,272,228,500,8,0.22396,0.231627,300.625618,0.000075,0.000025,206,0.000156,0,31,0.333333,0.000785
21025,Breathitt County,,KY,405,12059,12464,1,1,2,80,88,168,8,0.21565,0.221747,0,0.000002,0,206,0.000095,0,31,0,0.000108
21027,Breckinridge County,,KY,1220,20443,21663,4,4,8,683,654,1337,7,0.28318,0.297264,0.833333,0.000636,0.000552,206,0.000155,0,31,0.833333,0.004345
21029,Bullitt County,,KY,6118,90152,96270,7,9,16,5063,4702,9765,7,0.283383,0.298254,14.73657,0.000662,0.000594,206,0.000243,0,31,0.444444,0.004898
21031,Butler County,,KY,712,13555,14267,2,2,4,312,330,642,8,0.231211,0.239306,37.516127,0.000022,0.00002,241,0.000138,0,31,0.5,0.000406
21033,Caldwell County,,KY,735,13702,14437,3,2,5,284,243,527,8,0.221885,0.229169,2962.690347,0.000105,0.000002,100,0.000298,0,31,0.333333,0.001071
21035,Calloway County,,KY,2502,35399,37901,4,7,11,751,1055,1806,7,0.296288,0.312433,3494.779959,0.000031,0.001432,206,0.000289,0,31,0.404762,0.00057
21037,Campbell County,,KY,8103,101042,109145,12,11,23,5792,5953,11745,7,0.288354,0.304818,4462.988058,0.002801,0.001546,206,0.000325,0,31,0.606061,0.017812
21039,Carlisle County,,KY,245,5660,5905,0,2,2,0,134,134,8,0.230871,0.238632,0,0,0.000014,206,0.000052,0,146,1,0
21041,Carroll County,,KY,1011,11663,12674,3,5,8,330,423,753,7,0.28295,0.297144,318.817681,0.000005,0.000493,206,0.000166,0,31,0.35,0.000368
21043,Carter County,,KY,1348,27573,28921,3,3,6,497,533,1030,8,0.216726,0.223662,43.552717,0.000007,0.000006,206,0.000183,0,31,0.333333,0.000374
21045,Casey County,,KY,754,15205,15959,4,3,7,346,312,658,8,0.22139,0.228667,27.746603,0.000013,0.000011,206,0.000288,0,31,0.5,0.000544
21047,Christian County,,KY,13637,70281,83918,23,25,48,4140,6497,10637,7,0.33965,0.365572,15000.351957,0.011217,0.011051,241,0.000457,0,31,0.491379,0.082744
21049,Clark County,,KY,2504,39146,41650,7,6,13,1521,1326,2847,7,0.274859,0.288004,28.219481,0.000359,0.000255,206,0.000323,0,31,0.547619,0.002686
21051,Clay County,,KY,791,17360,18151,1,1,2,261,352,613,8,0.221478,0.228415,0,0.000006,0.000003,206,0.000102,0,31,0,0.000141
21053,Clinton County,,KY,411,9748,10159,1,1,2,83,74,157,9,0.181355,0.18529,0,0,0,206,0.000147,0,31,0,0.000102
21055,Crittenden County,,KY,496,9397,9893,1,1,2,72,81,153,9,0.187614,0.19181,5.675,0,0,206,0.000085,0,31,0,0.000102
21057,Cumberland County,,KY,292,6585,6877,0,0,0,0,0,0,0,0,0,0,0,0,92,0.000052,88,147,0,0
21059,Daviess County,,KY,4725,114764,119489,12,12,24,2256,2306,4562,7,0.285216,0.301548,19601.463488,0.000949,0.000773,100,0.000468,0,31,0.25641,0.006885
21061,Edmonson County,,KY,779,12143,12922,3,2,5,564,462,1026,8,0.23123,0.239366,1,0.000032,0.000025,241,0.000183,0,31,0.666667,0.000591
21063,Elliott County,,KY,237,5807,6044,0,1,1,0,65,65,8,0.215711,0.221865,0,0,0.000003,206,0.000052,0,148,0,0
21065,Estill County,,KY,608,14000,14608,2,1,3,265,298,563,8,0.221708,0.228943,0,0.000339,0.000008,206,0.000112,0,31,1,0.001992
21067,Fayette County,,KY,25203,331430,356633,70,75,145,13889,16496,30385,6,0.378319,0.412869,239600.461789,0.025627,0.036952,206,0.00195,0,31,0.260972,0.185798
21069,Fleming County,,KY,979,15944,16923,3,2,5,361,338,699,8,0.215868,0.222394,814.5408,0.000002,0.000003,206,0.000223,0,31,0.333333,0.000337
21071,Floyd County,,KY,1846,34442,36288,4,5,9,671,963,1634,7,0.275158,0.288208,11487.833605,0.00034,0.000241,206,0.000203,0,31,0.3,0.002138
21073,Franklin County,,KY,3891,57712,61603,7,7,14,2047,2023,4070,7,0.284078,0.299004,1024.860909,0.000902,0.000739,206,0.00026,0,31,0.535714,0.006147
21075,Fulton County,,KY,576,5632,6208,1,1,2,128,232,360,9,0.187197,0.191413,0,0,0,241,0.000091,0,31,0,0.000114
21077,Gallatin County,,KY,856,8700,9556,4,5,9,485,546,1031,7,0.252293,0.262592,241.198028,0.00011,0.000076,206,0.000148,0,31,0.55,0.000946
21079,Garrard County,,KY,1368,16955,18323,5,5,10,1019,916,1935,7,0.274696,0.287554,365.952107,0.000352,0.000252,206,0.000255,0,31,0.75,0.002428
21081,Grant County,,KY,2294,25886,28180,8,8,16,1765,1598,3363,7,0.282633,0.297024,1414.921856,0.000686,0.000613,206,0.000273,0,31,0.446429,0.005061
21083,Graves County,,KY,2110,39967,42077,6,3,9,1011,934,1945,8,0.231,0.239006,2847.679397,0.000029,0.000015,206,0.000317,0,31,0.233333,0.000741
21085,Grayson County,,KY,1251,26868,28119,5,5,10,621,615,1236,7,0.283325,0.297684,354.905427,0.000658,0.000567,206,0.000188,0,31,0.533333,0.004648
21087,Green County,,KY,567,11386,11953,1,1,2,189,207,396,8,0.221478,0.228301,0,0.000007,0.000005,206,0.000088,0,31,0,0.000137
21089,Greenup County,,KY,2162,38849,41011,5,5,10,1349,1240,2589,7,0.27524,0.288388,3061.187023,0.00035,0.000246,206,0.000227,0,31,0.4,0.002369
21091,Hancock County,,KY,597,10008,10605,2,2,4,384,415,799,8,0.221974,0.229447,5.388834,0.000007,0.000009,100,0.000127,0,31,0.5,0.000295
21093,Hardin County,,KY,11407,115077,126484,23,24,47,5203,5020,10223,7,0.337956,0.364264,8084.850745,0.006525,0.009498,206,0.00057,0,31,0.34188,0.047565
21095,Harlan County,,KY,1063,24768,25831,1,4,5,63,322,385,7,0.274886,0.287752,907.662302,0,0.000241,206,0.000089,0,31,0.5,0.000105
21097,Harrison County,,KY,1154,19578,20732,3,3,6,517,549,1066,7,0.274669,0.287224,0,0.00034,0.000241,206,0.000145,0,31,1,0.002117
21099,Hart County,,KY,998,19480,20478,4,4,8,620,602,1222,7,0.283267,0.297444,158.874462,0.000636,0.000546,241,0.000179,0,31,0.583333,0.004316
21101,Henderson County,,KY,2447,50639,53086,6,7,13,1316,1308,2624,7,0.283788,0.298758,7499.953588,0.000061,0.00053,100,0.000246,0,31,0.428571,0.001038
21103,Henry County,,KY,1191,16758,17949,5,4,9,1095,753,1848,7,0.282834,0.296784,2.707937,0.000563,0.000503,206,0.000193,0,31,0.65,0.004093
21105,Hickman County,,KY,293,4764,5057,0,1,1,0,58,58,9,0.187707,0.192014,0,0,0,206,0.000052,0,149,0,0
21107,Hopkins County,,KY,2302,49470,51772,7,9,16,903,1110,2013,7,0.285069,0.30078,10493.011866,0.000154,0.000645,100,0.00035,0,31,0.333333,0.001832
21109,Jackson County,,KY,460,12022,12482,2,2,4,275,265,540,8,0.221832,0.229381,0,0.000014,0.000011,206,0.00014,0,31,1,0.000327
21111,Jefferson County,,KY,48887,875626,924513,125,119,244,27188,31978,59166,6,0.393987,0.434089,242268.981011,0.053723,0.0603,206,0.002639,0,31,0.304406,0.379293
21113,Jessamine County,,KY,4652,53670,58322,6,10,16,2990,2870,5860,7,0.284223,0.299664,40.165173,0.000356,0.000752,206,0.00026,0,31,0.488889,0.002592
21115,Johnson County,,KY,1159,21674,22833,3,3,6,499,363,862,7,0.274913,0.287548,3031.398763,0.000004,0.000233,206,0.000175,0,31,0.25,0.000327
21117,Kenton County,,KY,15869,184324,200193,17,19,36,12213,12044,24257,6,0.336116,0.359971,11459.793497,0.004964,0.006859,206,0.000393,0,31,0.459524,0.032153
21119,Knott County,,KY,745,13118,13863,3,2,5,332,311,643,8,0.215951,0.222478,4237.180952,0.000006,0.000003,206,0.000144,0,31,0.166667,0.00033
21121,Knox County,,KY,2042,29322,31364,3,3,6,1281,1424,2705,8,0.221655,0.229135,94.97578,0.000009,0.000003,206,0.000189,0,31,0.5,0.000355
21123,Larue County,,KY,1148,15328,16476,3,4,7,560,727,1287,7,0.283152,0.297204,0.666667,0.000097,0.000555,206,0.00014,0,31,0.833333,0.000851
21125,Laurel County,,KY,3551,60228,63779,9,8,17,2263,1997,4260,7,0.284456,0.299772,15691.155997,0.00035,0.000723,206,0.000468,0,31,0.2,0.002741
21127,Lawrence County,,KY,847,15181,16028,4,5,9,382,430,812,7,0.275404,0.288466,5727.789121,0.000005,0.000231,206,0.000255,0,31,0.2,0.00044
21129,Lee County,,KY,232,5641,5873,0,0,0,0,0,0,0,0,0,0,0,0,93,0.000052,89,150,0,0
21131,Leslie County,,KY,335,9706,10041,1,2,3,63,180,243,8,0.221726,0.229033,5,0.000002,0.000003,206,0.000095,0,31,0,0.000108
21133,Letcher County,,KY,868,20643,21511,1,4,5,86,265,351,7,0.274968,0.2878,4232.619048,0.000007,0.000233,206,0.00007,0,31,0.416667,0.000123
21135,Lewis County,,KY,619,13061,13680,1,2,3,86,208,294,9,0.181699,0.186047,0,0,0,206,0.000114,0,31,1,0.000109
21137,Lincoln County,,KY,1651,24447,26098,9,5,14,1215,994,2209,8,0.221637,0.229477,527.974962,0.000363,0.000017,206,0.000443,0,31,0.444444,0.002886
21139,Livingston County,,KY,836,9726,10562,3,2,5,407,444,851,8,0.230827,0.238538,2780.05,0.000016,0.000014,206,0.000249,0,31,0.333333,0.000426
21141,Logan County,,KY,1716,29111,30827,5,4,9,812,745,1557,8,0.231384,0.239996,77.013507,0.00005,0.000024,241,0.000226,0,31,0.25,0.000876
21143,Lyon County,,KY,539,7674,8213,2,1,3,176,101,277,9,0.181604,0.18559,13.757599,0.000016,0.000001,100,0.000232,0,31,0,0.000329
21145,McCracken County,,KY,4412,73411,77823,10,11,21,2331,2094,4425,7,0.300032,0.317466,40686.488835,0.001571,0.00179,206,0.000683,0,31,0.159091,0.011811
21147,McCreary County,,KY,625,13333,13958,1,1,2,115,231,346,8,0.221478,0.228457,0,0.000007,0.000003,206,0.000098,0,31,0,0.000135
21149,McLean County,,KY,578,10236,10814,2,3,5,333,367,700,8,0.222027,0.229717,0,0.000007,0.000009,100,0.00012,0,31,1,0.000296
21151,Madison County,,KY,6161,85821,91982,14,14,28,3261,3059,6320,7,0.284835,0.30117,12554.208521,0.00091,0.000795,206,0.000626,0,31,0.209559,0.006831
21153,Magoffin County,,KY,353,11118,11471,0,1,1,0,96,96,8,0.215694,0.221757,0,0,0,206,0.000052,0,151,0,0
21155,Marion County,,KY,1074,21017,22091,4,4,8,527,593,1120,7,0.282863,0.296844,5.416667,0.000559,0.0005,206,0.000175,0,31,0.666667,0.003956
21157,Marshall County,,KY,1908,34711,36619,4,4,8,1091,985,2076,8,0.231019,0.239186,9.02619,0.000029,0.000015,206,0.000336,0,31,0.666667,0.00055
21159,Martin County,,KY,494,8915,9409,1,1,2,65,83,148,8,0.215951,0.222091,0,0.000002,0,206,0.000096,0,31,0,0.000109
21161,Mason County,,KY,1046,18417,19463,4,4,8,583,397,980,8,0.220634,0.227912,4906.147392,0.000007,0.00001,206,0.000288,0,31,0.083333,0.000481
21163,Meade County,,KY,3155,30614,33769,4,4,8,1864,1372,3236,7,0.28318,0.297264,3.0039,0.000636,0.000551,206,0.000147,0,31,0.6,0.004352
21165,Menifee County,,KY,329,5805,6134,1,1,2,129,115,244,8,0.215499,0.221549,0,0.000002,0.000003,206,0.000118,0,31,0,0.00013
21167,Mercer County,,KY,1503,24040,25543,5,4,9,776,696,1472,7,0.274614,0.287254,364.416271,0.000351,0.000249,206,0.000255,0,31,0.6,0.002404
21169,Metcalfe County,,KY,537,10279,10816,1,1,2,277,263,540,8,0.220634,0.227309,0,0.000005,0.000005,241,0.00011,0,31,0,0.000149
21171,Monroe County,,KY,503,11283,11786,1,1,2,112,148,260,8,0.220634,0.227309,0,0.000005,0.000005,241,0.00011,0,31,0,0.000149
21173,Montgomery County,,KY,1994,28646,30640,6,5,11,1086,1033,2119,7,0.274669,0.287494,7017.24982,0.00034,0.000236,206,0.000385,0,31,0.366667,0.002391
21175,Morgan County,,KY,386,11400,11786,0,1,1,0,96,96,8,0.215711,0.221865,0,0,0.000003,206,0.000052,0,152,0,0
21177,Muhlenberg County,,KY,1317,32078,33395,5,6,11,454,616,1070,8,0.231945,0.241256,65.310765,0.000013,0.000031,100,0.000246,0,31,0.433333,0.000638
21179,Nelson County,,KY,2476,53807,56283,8,8,16,1890,1569,3459,7,0.284427,0.299574,350.631605,0.000981,0.000792,206,0.000275,0,31,0.410714,0.006536
21181,Nicholas County,,KY,362,7636,7998,1,1,2,126,131,257,8,0.215583,0.221717,0,0.000002,0.000003,206,0.000091,0,31,0,0.000127
21183,Ohio County,,KY,1335,25948,27283,4,4,8,826,750,1576,8,0.23179,0.240596,40.353188,0.000007,0.000029,100,0.000213,0,31,0.55,0.000503
21185,Oldham County,,KY,5115,70881,75996,7,7,14,4119,2940,7059,7,0.284078,0.298974,98.561594,0.000904,0.000748,206,0.000249,0,31,0.52381,0.006126
21187,Owen County,,KY,822,10867,11689,5,3,8,403,282,685,8,0.238332,0.247583,33.34451,0.000024,0.000031,206,0.000199,0,31,0.4,0.000725
21189,Owsley County,,KY,187,3353,3540,0,0,0,0,0,0,0,0,0,0,0,0,94,0.000052,90,153,0,0
21191,Pendleton County,,KY,1066,15390,16456,4,4,8,801,688,1489,7,0.252179,0.262202,0,0.00012,0.000101,206,0.000145,0,31,1,0.001112
21193,Perry County,,KY,1314,26717,28031,4,5,9,466,539,1005,7,0.274913,0.28786,10528.599827,0.000002,0.000238,206,0.000249,0,31,0.133333,0.000401
21195,Pike County,,KY,2823,54112,56935,4,7,11,699,1087,1786,7,0.285333,0.300576,10074.413727,0.000336,0.000727,206,0.000145,0,31,0.238095,0.002129
21197,Powell County,,KY,686,12503,13189,3,3,6,362,410,772,7,0.274614,0.287134,0,0.000336,0.000236,206,0.000186,0,31,1,0.00207
21199,Pulaski County,,KY,2915,65708,68623,7,9,16,1113,1213,2326,7,0.284456,0.299922,23894.572032,0.000345,0.000727,206,0.000486,0,31,0.236111,0.002581
21201,Robertson County,,KY,116,2067,2183,0,0,0,0,0,0,0,0,0,0,0,0,95,0.000052,91,154,0,0
21203,Rockcastle County,,KY,804,15737,16541,1,2,3,244,408,652,8,0.221779,0.229303,0,0.000007,0.000011,206,0.00009,0,31,0.5,0.000187
21205,Rowan County,,KY,1909,20664,22573,6,5,11,688,813,1501,7,0.274941,0.28789,15529.752063,0.000334,0.000233,206,0.000361,0,31,0.119048,0.002309
21207,Russell County,,KY,883,18167,19050,3,3,6,484,356,840,8,0.221584,0.229027,42.543734,0.000007,0.000003,206,0.000247,0,31,0.166667,0.000347
21209,Scott County,,KY,4431,58025,62456,13,12,25,3209,2537,5746,7,0.284369,0.300204,1360.432761,0.000923,0.000758,206,0.000457,0,31,0.291209,0.006878
21211,Shelby County,,KY,3737,51019,54756,8,8,16,2760,2294,5054,7,0.284049,0.299064,69.6511,0.000907,0.000752,206,0.00029,0,31,0.5,0.006245
21213,Simpson County,,KY,1486,19455,20941,5,5,10,997,978,1975,7,0.2931,0.307567,1284.402693,0.000069,0.000953,241,0.000251,0,31,0.566667,0.001603
21215,Spencer County,,KY,1380,20576,21956,4,4,8,1282,1003,2285,7,0.282777,0.296694,0.625,0.00056,0.000505,206,0.000154,0,31,0.833333,0.004006
21217,Taylor County,,KY,1594,25612,27206,4,6,10,617,679,1296,7,0.284456,0.299394,11193.150571,0.000545,0.000775,206,0.00025,0,31,0.266667,0.003855
21219,Todd County,,KY,762,12994,13756,3,3,6,466,386,852,7,0.26916,0.282147,435.904106,0.00035,0.000346,241,0.000131,0,31,0.333333,0.002816
21221,Trigg County,,KY,995,14842,15837,1,2,3,461,327,788,7,0.269004,0.281727,0,0.000099,0.000345,241,0.000068,0,31,1,0.00084
21223,Trimble County,,KY,853,9098,9951,5,5,10,454,586,1040,7,0.283094,0.297414,3006.859886,0.000567,0.000495,206,0.00019,0,31,0.45,0.004045
21225,Union County,,KY,824,15126,15950,2,3,5,236,383,619,8,0.248502,0.258773,2919.836609,0.000005,0.000033,100,0.000115,0,31,0.333333,0.000222
21227,Warren County,,KY,8324,127662,135986,20,16,36,3999,3821,7820,7,0.300617,0.319044,20914.053376,0.002252,0.002476,241,0.000762,0,31,0.235714,0.018357
21229,Washington County,,KY,676,13288,13964,3,3,6,367,369,736,7,0.282748,0.296514,0,0.000552,0.000496,206,0.000138,0,31,1,0.003823
21231,Wayne County,,KY,749,19855,20604,2,2,4,320,344,664,8,0.221513,0.228697,5601,0.000007,0.000003,206,0.000223,0,31,0,0.000233
21233,Webster County,,KY,918,14107,15025,2,3,5,517,504,1021,8,0.221974,0.229529,106.976034,0.000011,0.000002,100,0.000115,0,31,0.666667,0.000247
21235,Whitley County,,KY,2179,33967,36146,4,4,8,1402,1314,2716,7,0.274886,0.287752,1687.668233,0.00001,0.000237,206,0.000239,0,31,0.3,0.000486
21237,Wolfe County,,KY,303,6151,6454,0,0,0,0,0,0,0,0,0,0,0,0,96,0.000052,92,155,0,0
21239,Woodford County,,KY,2127,30297,32424,4,5,9,1343,1169,2512,7,0.274696,0.287524,0.733333,0.000352,0.000257,206,0.00016,0,31,0.8,0.002286
22001,Acadia Parish,,LA,3790,65122,68912,8,9,17,2622,2771,5393,7,0.31312,0.332681,829.771089,0.001328,0.001579,0,0.00022,0,31,0.694444,0.010699
22003,Allen Parish,,LA,1337,22498,23835,6,6,12,805,859,1664,8,0.256155,0.268452,31.115803,0.000227,0.00022,0,0.000201,0,31,0.533333,0.00238
22005,Ascension Parish,,LA,8063,130432,138495,17,16,33,6527,5155,11682,7,0.313792,0.334481,942.076376,0.002458,0.002438,0,0.000399,0,31,0.544118,0.019435
22007,Assumption Parish,,LA,1315,24709,26024,5,5,10,915,920,1835,7,0.267914,0.280658,0.453968,0.000358,0.000271,0,0.000139,0,31,0.85,0.002652
22009,Avoyelles Parish,,LA,1531,42081,43612,3,6,9,576,844,1420,7,0.268328,0.281647,3.842857,0.000413,0.000399,0,0.000107,0,31,0.733333,0.002684
22011,Beauregard Parish,,LA,2787,35972,38759,4,3,7,1830,1268,3098,8,0.255778,0.267384,146.624696,0.001278,0.000169,0,0.000135,0,31,0.833333,0.010155
22013,Bienville Parish,,LA,1056,14365,15421,5,5,10,551,555,1106,8,0.257652,0.269218,57.121374,0.000273,0.000155,0,0.000176,0,31,0.65,0.001753
22015,Bossier Parish,,LA,14300,131142,145442,24,25,49,8247,8011,16258,7,0.338987,0.366112,10316.717892,0.00725,0.011625,0,0.000534,0,31,0.394624,0.056093
22017,Caddo Parish,,LA,17756,271369,289125,26,33,59,9193,12093,21286,7,0.346168,0.374163,16231.841206,0.008484,0.014893,0,0.000568,0,31,0.405556,0.064514
22019,Calcasieu Parish,,LA,9856,217590,227446,35,27,62,6331,5685,12016,7,0.326977,0.351449,13925.246166,0.009053,0.007864,0,0.000764,0,31,0.342857,0.070142
22021,Caldwell Parish,,LA,469,9929,10398,2,1,3,200,179,379,8,0.241376,0.250727,8.673068,0.000054,0.000033,0,0.000128,0,31,0.5,0.000493
22023,Cameron Parish,,LA,508,7340,7848,1,1,2,345,326,671,8,0.24643,0.256135,0,0.000071,0.000081,0,0.000076,0,31,0,0.000767
22025,Catahoula Parish,,LA,534,9620,10154,1,3,4,83,238,321,8,0.240624,0.250271,4.05,0.000002,0.00004,0,0.000086,0,31,0.333333,0.000118
22027,Claiborne Parish,,LA,718,13847,14565,2,4,6,228,364,592,8,0.257604,0.268978,0.666667,0.000034,0.000155,0,0.000109,0,31,0.916667,0.00032
22029,Concordia Parish,,LA,1085,19100,20185,3,3,6,456,400,856,7,0.268173,0.280784,2936.088864,0.000291,0.000198,0,0.00012,0,31,0.333333,0.00183
22031,De Soto Parish,,LA,1819,29657,31476,3,4,7,1326,1128,2454,8,0.257652,0.269068,18.999397,0.000239,0.000153,0,0.000109,0,31,0.25,0.001432
22033,East Baton Rouge Parish,,LA,29598,461260,490858,66,73,139,18287,22386,40673,6,0.365719,0.399706,78032.572921,0.021672,0.030867,0,0.001429,0,31,0.290741,0.16297
22035,East Carroll Parish,,LA,403,6749,7152,1,1,2,89,100,189,8,0.241397,0.250787,0,0,0.000033,0,0.000085,0,31,1,0.000101
22037,East Feliciana Parish,,LA,1347,19843,21190,3,3,6,903,936,1839,7,0.267862,0.280298,1,0.000299,0.000218,0,0.00014,0,31,0.666667,0.001998
22039,Evangeline Parish,,LA,1569,34270,35839,6,7,13,890,1037,1927,7,0.312591,0.331601,148.263157,0.000237,0.001426,0,0.000188,0,31,0.761905,0.002417
22041,Franklin Parish,,LA,921,20687,21608,2,2,4,310,407,717,8,0.241397,0.250907,0,0.000054,0.000033,0,0.000111,0,31,1,0.000487
22043,Grant Parish,,LA,1861,20150,22011,2,3,5,1024,1117,2141,8,0.241839,0.251861,27.557187,0.000096,0.00007,0,0.000098,0,31,0.5,0.000799
22045,Iberia Parish,,LA,5202,81644,86846,6,9,15,2817,3565,6382,7,0.313261,0.332921,282.39355,0.001521,0.002012,0,0.000156,0,31,0.736111,0.011264
22047,Iberville Parish,,LA,2218,32816,35034,4,5,9,1311,1663,2974,7,0.267914,0.280658,0.666667,0.000322,0.000243,0,0.000149,0,31,0.8,0.002313
22049,Jackson Parish,,LA,953,15502,16455,4,4,8,487,547,1034,8,0.241586,0.251627,36.269959,0.000089,0.000046,0,0.000163,0,31,0.333333,0.000806
22051,Jefferson Parish,,LA,30953,476188,507141,53,57,110,22055,24185,46240,6,0.357621,0.389561,15402.889935,0.025072,0.030832,0,0.000966,0,31,0.427331,0.182038
22053,Jefferson Davis Parish,,LA,1941,33853,35794,5,5,10,1235,1264,2499,8,0.253259,0.264604,3.474421,0.000194,0.000166,0,0.00016,0,31,0.7,0.0019
22055,Lafayette Parish,,LA,17448,256005,273453,30,33,63,11844,12160,24004,7,0.338657,0.36577,7509.913154,0.007659,0.01042,0,0.00061,0,31,0.372269,0.058948
22057,Lafourche Parish,,LA,5856,107301,113157,11,13,24,3945,3939,7884,7,0.313615,0.333821,380.118367,0.002248,0.002348,0,0.000247,0,31,0.685897,0.016772
22059,La Salle Parish,,LA,659,14308,14967,3,2,5,244,167,411,8,0.240499,0.249851,4.957844,0.000097,0.000037,0,0.000123,0,31,0.416667,0.000898
22061,Lincoln Parish,,LA,3586,42776,46362,8,12,20,1390,1829,3219,7,0.315538,0.336425,6869.430218,0.001224,0.00369,0,0.000255,0,31,0.469697,0.009511
22063,Livingston Parish,,LA,8714,141638,150352,13,12,25,7452,5512,12964,7,0.31365,0.333761,1090.475905,0.002323,0.002318,0,0.000347,0,31,0.543956,0.017882
22065,Madison Parish,,LA,508,10506,11014,1,2,3,67,180,247,8,0.241586,0.251327,11.174603,0.000011,0.000045,0,0.000087,0,31,0,0.000189
22067,Morehouse Parish,,LA,1489,27857,29346,2,3,5,462,703,1165,7,0.300519,0.317113,379.283561,0.000054,0.001096,0,0.000111,0,31,0.5,0.000487
22069,Natchitoches Parish,,LA,2426,38263,40689,8,9,17,984,1113,2097,7,0.314147,0.334109,7394.850401,0.001489,0.002521,0,0.00022,0,31,0.444444,0.011312
22071,Orleans Parish,,LA,34586,348549,383135,82,73,155,22885,24896,47781,6,0.375405,0.409701,22520.025984,0.047153,0.045365,0,0.001306,0,31,0.478277,0.332901
22073,Ouachita Parish,,LA,9103,166008,175111,19,24,43,4164,5136,9300,7,0.31814,0.34123,44529.827183,0.003633,0.00603,0,0.000676,0,31,0.26,0.028452
22075,Plaquemines Parish,,LA,2834,24783,27617,3,4,7,1039,1174,2213,7,0.273479,0.28636,36.105984,0.001865,0.000774,0,0.000093,0,31,0.9,0.013237
22077,Pointe Coupee Parish,,LA,1201,24376,25577,4,2,6,684,574,1258,7,0.267836,0.280118,0.5,0.000285,0.000197,0,0.000144,0,31,0.666667,0.001984
22079,Rapides Parish,,LA,7063,144784,151847,21,20,41,3641,3835,7476,7,0.316545,0.338915,13171.806719,0.004122,0.004724,0,0.000514,0,31,0.353755,0.031941
22081,Red River Parish,,LA,527,8676,9203,1,3,4,88,276,364,8,0.25758,0.268798,0,0.000023,0.000154,0,0.000073,0,31,1,0.000212
22083,Richland Parish,,LA,1296,21072,22368,2,3,5,593,659,1252,8,0.241418,0.251087,0.5,0.000054,0.000034,0,0.000124,0,31,0.666667,0.000487
22085,Sabine Parish,,LA,1110,23658,24768,3,4,7,335,476,811,8,0.259602,0.271764,17.378819,0.000122,0.000178,0,0.000111,0,31,0.416667,0.001075
22087,St. Bernard Parish,,LA,3203,40593,43796,5,3,8,2415,1960,4375,7,0.273452,0.28618,0,0.000789,0.000767,0,0.000151,0,31,0.85,0.006162
22089,St. Charles Parish,,LA,3620,59661,63281,8,11,19,2716,2608,5324,7,0.313438,0.333281,1.440873,0.001135,0.002306,0,0.000203,0,31,0.863636,0.008545
22091,St. Helena Parish,,LA,1047,13198,14245,3,3,6,781,772,1553,7,0.268017,0.280484,0,0.000318,0.000247,0,0.000117,0,31,1,0.002238
22093,St. James Parish,,LA,1231,25041,26272,5,5,10,717,825,1542,7,0.268925,0.282091,0.267857,0.000616,0.000481,0,0.000139,0,31,0.9,0.004148
22095,St. John the Baptist Parish,,LA,3343,47358,50701,8,9,17,2173,2410,4583,7,0.313367,0.332921,156.071889,0.002135,0.002241,0,0.000198,0,31,0.847222,0.015853
22097,St. Landry Parish,,LA,5087,92782,97869,11,9,20,3610,3409,7019,7,0.313191,0.332801,522.398959,0.001667,0.001611,0,0.000257,0,31,0.645455,0.012903
22099,St. Martin Parish,,LA,3885,59062,62947,7,8,15,2845,2944,5789,7,0.313014,0.332381,18.217676,0.000447,0.00153,0,0.000181,0,31,0.785714,0.003263
22101,St. Mary Parish,,LA,3691,59362,63053,8,9,17,1537,2047,3584,7,0.313191,0.332801,290.560972,0.001555,0.00176,0,0.000189,0,31,0.680556,0.011782
22103,St. Tammany Parish,,LA,15399,271202,286601,35,24,59,12000,8385,20385,7,0.338492,0.36427,6191.336126,0.013303,0.010082,0,0.00071,0,31,0.397147,0.099517
22105,Tangipahoa Parish,,LA,7261,125458,132719,16,13,29,5802,4658,10460,7,0.313827,0.334121,2666.770025,0.00358,0.002323,0,0.000356,0,31,0.554167,0.026249
22107,Tensas Parish,,LA,285,4636,4921,0,0,0,0,0,0,0,0,0,0,0,0,97,0.000052,93,156,0,0
22109,Terrebonne Parish,,LA,7992,123994,131986,10,13,23,3601,4802,8403,7,0.313756,0.334061,229.55019,0.002311,0.00245,0,0.000228,0,31,0.703297,0.017342
22111,Union Parish,,LA,1395,22445,23840,4,3,7,941,796,1737,8,0.24262,0.252815,73.784068,0.000109,0.000047,0,0.000146,0,31,0.333333,0.000803
22113,Vermilion Parish,,LA,3635,64525,68160,7,9,16,2679,2484,5163,7,0.31312,0.332681,184.848582,0.000226,0.0016,0,0.000198,0,31,0.75,0.002341
22115,Vernon Parish,,LA,10420,49040,59460,23,25,48,3592,4114,7706,7,0.337628,0.364378,8903.287779,0.009616,0.010915,0,0.000438,0,31,0.511084,0.071444
22117,Washington Parish,,LA,2066,42415,44481,5,5,10,1029,1113,2142,7,0.269264,0.282547,1675.20916,0.000665,0.00058,0,0.000163,0,31,0.533333,0.004806
22119,Webster Parish,,LA,2580,40876,43456,6,4,10,1340,1382,2722,8,0.25758,0.268918,138.803468,0.000276,0.000144,0,0.00018,0,31,0.533333,0.001846
22121,West Baton Rouge Parish,,LA,1999,28293,30292,5,5,10,1737,1473,3210,7,0.267914,0.280658,2.166667,0.000323,0.000243,0,0.000201,0,31,0.75,0.002431
22123,West Carroll Parish,,LA,647,11240,11887,1,2,3,63,232,295,8,0.241418,0.250967,2824,0.000054,0.000033,0,0.000076,0,31,0.5,0.000383
22125,West Feliciana Parish,,LA,724,11177,11901,2,2,4,373,332,705,7,0.267836,0.280118,0,0.000279,0.000197,0,0.000109,0,31,1,0.001725
22127,Winn Parish,,LA,697,13072,13769,3,3,6,222,263,485,8,0.240644,0.250361,8.465546,0.000024,0.000051,0,0.000135,0,31,0.333333,0.000431
23001,Androscoggin County,,ME,6597,116540,123137,8,10,18,4369,4093,8462,7,0.286569,0.304217,93.899656,0.000489,0.001247,172,0.000206,0,31,0.7,0.003436
23003,Aroostook County,,ME,2579,75481,78060,3,6,9,476,962,1438,7,0.258804,0.271875,0.623611,0.000462,0.000376,172,0.000092,0,31,0.8,0.002613
23005,Cumberland County,,ME,20378,346419,366797,60,60,120,14712,14165,28877,6,0.348645,0.381323,48869.685767,0.027485,0.032626,172,0.000888,0,31,0.444444,0.182766
23007,Franklin County,,ME,1775,30771,32546,7,7,14,1053,1068,2121,7,0.258828,0.272055,0.782796,0.000493,0.000384,172,0.000178,0,31,0.928571,0.003303
23009,Hancock County,,ME,3134,62805,65939,7,5,12,1320,1299,2619,7,0.258683,0.271455,80.931669,0.00123,0.00029,172,0.000181,0,31,0.666667,0.008169
23011,Kennebec County,,ME,7320,137779,145099,15,14,29,4898,4251,9149,7,0.286746,0.305027,556.086618,0.001397,0.001533,172,0.000347,0,31,0.429167,0.009773
23013,Knox County,,ME,2313,46364,48677,5,6,11,959,1122,2081,7,0.258804,0.271875,1.793578,0.000334,0.000376,172,0.000157,0,31,0.766667,0.00253
23015,Lincoln County,,ME,2271,40316,42587,6,4,10,1403,1153,2556,7,0.258611,0.271155,71.988626,0.001217,0.000266,172,0.000158,0,31,0.7,0.007925
23017,Oxford County,,ME,3251,60574,63825,8,6,14,2315,1944,4259,7,0.258804,0.271845,67.611942,0.001409,0.000383,172,0.000177,0,31,0.803571,0.009009
23019,Penobscot County,,ME,8051,161571,169622,17,19,36,4049,4829,8878,7,0.288234,0.307535,3703.979019,0.002827,0.002397,172,0.000353,0,31,0.35,0.016731
23021,Piscataquis County,,ME,925,17442,18367,1,4,5,301,477,778,7,0.258659,0.271275,0,0.000021,0.000289,172,0.000068,0,31,1,0.000273
23023,Sagadahoc County,,ME,3209,41950,45159,6,6,12,2185,2180,4365,7,0.258804,0.271875,1.660244,0.000489,0.000378,172,0.000164,0,31,0.833333,0.003145
23025,Somerset County,,ME,3171,53138,56309,8,7,15,2090,2066,4156,7,0.258828,0.272055,2.388755,0.000496,0.000374,172,0.000188,0,31,0.732143,0.003344
23027,Waldo County,,ME,2455,42774,45229,6,7,13,1499,1534,3033,7,0.258828,0.272055,1.856884,0.000337,0.000381,172,0.000178,0,31,0.785714,0.002674
23029,Washington County,,ME,1416,33450,34866,4,3,7,513,433,946,7,0.258635,0.271095,0,0.00032,0.000283,172,0.000124,0,31,0.916667,0.002313
23031,York County,,ME,13049,241237,254286,30,35,65,10698,8700,19398,7,0.328913,0.355391,7976.25554,0.008692,0.016462,172,0.000458,0,31,0.477439,0.053539
24001,Allegany County,,MD,2683,71506,74189,9,5,14,1091,970,2061,7,0.286658,0.303241,12519.971779,0.002851,0.000879,287,0.000256,0,31,0.305556,0.017411
24003,Anne Arundel County,,MD,52087,663017,715104,115,127,242,41357,39297,80654,6,0.375405,0.418155,23195.289169,0.065535,0.070129,287,0.00144,0,31,0.401898,0.431325
24005,Baltimore County,,MD,66757,962682,1029439,101,128,229,55756,57643,113399,6,0.381698,0.424298,19057.413672,0.060742,0.074578,287,0.001156,0,31,0.482789,0.386732
24009,Calvert County,,MD,6760,108171,114931,11,13,24,3947,3172,7119,7,0.318432,0.340018,12.337553,0.006909,0.007915,287,0.000162,0,31,0.879121,0.044396
24011,Caroline County,,MD,2462,36763,39225,8,8,16,1836,1688,3524,7,0.278776,0.295338,3.992575,0.001619,0.001614,287,0.000175,0,31,0.839286,0.010796
24013,Carroll County,,MD,10898,207980,218878,11,18,29,8157,7050,15207,7,0.298903,0.319897,26.383604,0.004534,0.007138,287,0.000162,0,31,0.70915,0.026426
24015,Cecil County,,MD,6913,113854,120767,14,12,26,4534,4029,8563,7,0.281089,0.299237,39.330334,0.006293,0.003714,214,0.000183,0,31,0.814286,0.034829
24017,Charles County,,MD,13675,182502,196177,17,24,41,10808,8696,19504,7,0.328952,0.354203,203.474375,0.009957,0.014345,287,0.000237,0,31,0.74,0.064246
24019,Dorchester County,,MD,2181,36017,38198,8,5,13,1287,1147,2434,7,0.27321,0.28854,1.229004,0.002133,0.000891,287,0.00016,0,31,0.892857,0.013606
24021,Frederick County,,MD,18777,297039,315816,30,36,66,13748,11747,25495,7,0.346168,0.375003,1962.322115,0.01692,0.021784,287,0.000418,0,31,0.613462,0.111072
24023,Garrett County,,MD,1153,33717,34870,2,2,4,329,299,628,8,0.223762,0.231647,16.274792,0.000008,0.000026,287,0.00015,0,31,0,0.000367
24025,Harford County,,MD,17225,304075,321300,23,32,55,11572,10557,22129,7,0.335507,0.363052,356.293473,0.011591,0.020453,287,0.000286,0,31,0.7,0.070355
24027,Howard County,,MD,30781,371955,402736,57,66,123,25356,23349,48705,6,0.364185,0.398716,2273.926663,0.038171,0.046723,287,0.000669,0,31,0.64193,0.248093
24029,Kent County,,MD,1231,21666,22897,4,4,8,571,569,1140,7,0.269108,0.283374,0.74638,0.001253,0.000681,287,0.000096,0,31,0.8,0.00742
24031,Montgomery County,,MD,86029,1248145,1334174,167,188,355,61961,73641,135602,6,0.400173,0.448974,49257.063815,0.092178,0.098298,287,0.002082,0,31,0.353472,0.600695
24033,Prince George's County,,MD,80572,1055956,1136528,114,121,235,60366,69523,129889,6,0.386155,0.427034,13041.928173,0.068608,0.06736,287,0.001305,0,31,0.457026,0.438992
24035,Queen Anne's County,,MD,3791,57533,61324,10,11,21,2646,2260,4906,7,0.289164,0.307073,69.500901,0.003934,0.003604,287,0.000177,0,31,0.628788,0.024241
24037,St. Mary's County,,MD,9029,128361,137390,17,22,39,4585,4068,8653,7,0.330164,0.354575,53.545981,0.00987,0.013397,287,0.000248,0,31,0.681159,0.065352
24039,Somerset County,,MD,1368,21068,22436,4,2,6,874,804,1678,8,0.23243,0.241316,0,0.00086,0.000076,214,0.000115,0,31,1,0.005545
24041,Talbot County,,MD,2912,44598,47510,9,9,18,1513,1477,2990,7,0.289798,0.307806,39.108025,0.002994,0.003157,287,0.00018,0,31,0.766667,0.018943
24043,Washington County,,MD,9553,167545,177098,18,20,38,6634,5505,12139,7,0.298967,0.320329,6513.249847,0.005774,0.006797,287,0.000386,0,31,0.460526,0.035977
24045,Wicomico County,,MD,7003,106961,113964,14,17,31,3969,3894,7863,7,0.302713,0.323287,2288.854996,0.004079,0.00609,214,0.000307,0,31,0.492647,0.026315
24047,Worcester County,,MD,4094,61556,65650,13,9,22,2595,2087,4682,7,0.287667,0.30531,809.997064,0.004412,0.002935,214,0.000246,0,31,0.692308,0.026856
24510,Baltimore city,,MD,61755,574237,635992,108,111,219,41175,54286,95461,6,0.377087,0.417477,11048.950353,0.06629,0.066289,287,0.001188,0,31,0.518452,0.413821
25001,Barnstable County,,MA,13333,277393,290726,36,41,77,9883,8328,18211,6,0.338533,0.366661,3861.279473,0.021496,0.025562,172,0.000489,0,31,0.661425,0.138973
25003,Berkshire County,,MA,5236,150736,155972,19,19,38,2196,2146,4342,7,0.320267,0.342786,1972.99226,0.009709,0.008062,172,0.000219,0,31,0.652381,0.055318
25005,Bristol County,,MA,25035,643888,668923,36,49,85,20546,19532,40078,7,0.339111,0.369724,509.169805,0.022509,0.029843,172,0.0004,0,31,0.661654,0.141991
25007,Dukes County,,MA,1119,23173,24292,3,3,6,205,253,458,7,0.286126,0.302477,0,0.001673,0.001747,172,0.00008,0,31,1,0.009978
25009,Essex County,,MA,42774,929068,971842,73,84,157,33822,34756,68578,6,0.364758,0.400876,4447.406471,0.046261,0.055005,172,0.00085,0,31,0.573572,0.301804
25011,Franklin County,,MA,4674,82449,87123,10,11,21,2744,2809,5553,7,0.28651,0.304217,60.436952,0.003832,0.003513,172,0.000163,0,31,0.757576,0.022228
25013,Hampden County,,MA,20240,526719,546959,39,54,93,10957,13967,24924,7,0.341068,0.372754,1131.127822,0.024441,0.032549,172,0.000423,0,31,0.655075,0.154018
25015,Hampshire County,,MA,11168,164683,175851,22,26,48,7498,7551,15049,7,0.330832,0.357029,1181.754892,0.012301,0.014847,172,0.000275,0,31,0.683908,0.076082
25017,Middlesex County,,MA,120145,1855517,1975662,181,196,377,94014,108789,202803,6,0.400577,0.450684,66363.293995,0.094548,0.099514,172,0.002183,0,31,0.328429,0.618879
25019,Nantucket County,,MA,924,15414,16338,2,1,3,125,162,287,7,0.252936,0.263681,0,0.000891,0.000193,172,0.000073,0,31,1,0.005857
25021,Norfolk County,,MA,59536,828821,888357,84,97,181,48841,52307,101148,6,0.372886,0.411453,6310.970208,0.053142,0.061502,172,0.000944,0,31,0.547206,0.34235
25023,Plymouth County,,MA,27580,616104,643684,34,51,85,25023,22179,47202,6,0.341739,0.372126,515.365641,0.023353,0.032461,172,0.000414,0,31,0.675751,0.153861
25025,Suffolk County,,MA,86184,772664,858848,136,127,263,62557,78493,141050,6,0.385405,0.427364,19735.806363,0.078775,0.073818,172,0.001545,0,31,0.46341,0.50539
25027,Worcester County,,MA,39316,959025,998341,70,105,175,28906,30726,59632,6,0.369464,0.409473,5548.150707,0.044067,0.062353,172,0.000804,0,31,0.512427,0.287004
26001,Alcona County,,MI,607,11355,11962,4,2,6,425,224,649,8,0.22351,0.231329,13.620816,0.001431,0.000025,100,0.00017,0,31,0.583333,0.008949
26003,Alger County,,MI,514,9661,10175,1,1,2,133,136,269,8,0.241376,0.249948,0,0.000027,0.000012,295,0.000086,0,31,0,0.000193
26005,Allegan County,,MI,9346,136543,145889,12,11,23,7792,6982,14774,7,0.327247,0.349068,140.236225,0.00407,0.003771,100,0.000212,0,31,0.75,0.025483
26007,Alpena County,,MI,1365,33831,35196,4,3,7,365,261,626,8,0.221531,0.229217,2611.732209,0.000739,0.000013,100,0.000263,0,31,0.166667,0.004727
26009,Antrim County,,MI,1899,26578,28477,6,5,11,1079,988,2067,7,0.274019,0.28804,701.695113,0.001467,0.000373,100,0.000231,0,31,0.571429,0.009447
26011,Arenac County,,MI,1026,17171,18197,4,4,8,513,535,1048,8,0.24991,0.260372,0,0.000122,0.000092,100,0.000121,0,31,1,0.000999
26013,Baraga County,,MI,270,8621,8891,0,1,1,0,66,66,8,0.221523,0.228739,0,0,0.000007,295,0.000052,0,157,0,0
26015,Barry County,,MI,4345,69170,73515,9,8,17,3637,3119,6756,7,0.274262,0.288711,2.604694,0.001745,0.000708,100,0.000177,0,31,0.833333,0.010039
26017,Bay County,,MI,5651,128079,133730,13,16,29,3217,3611,6828,7,0.319017,0.34111,1691.009296,0.002583,0.003789,100,0.000243,0,31,0.583333,0.015104
26019,Benzie County,,MI,1488,20769,22257,5,3,8,855,726,1581,8,0.247043,0.256676,26.194969,0.001463,0.000067,100,0.000214,0,31,0.55,0.009343
26021,Berrien County,,MI,9649,178329,187978,20,19,39,4937,5044,9981,6,0.331108,0.354722,541.007997,0.00807,0.007687,100,0.000309,0,31,0.549407,0.051353
26023,Branch County,,MI,2827,47712,50539,8,7,15,1349,1444,2793,7,0.267321,0.281038,88.634623,0.001195,0.000372,100,0.000183,0,31,0.517857,0.007487
26025,Calhoun County,,MI,7971,148571,156542,18,17,35,4376,4719,9095,7,0.318468,0.340068,895.366872,0.005383,0.004062,100,0.0003,0,31,0.592857,0.034926
26027,Cass County,,MI,3929,56447,60376,7,8,15,3055,2928,5983,7,0.315574,0.334675,72.531889,0.001647,0.00182,100,0.00015,0,31,0.892857,0.010998
26029,Charlevoix County,,MI,1879,31796,33675,6,5,11,948,873,1821,7,0.284369,0.300193,130.052019,0.001227,0.000715,100,0.000219,0,31,0.733333,0.007586
26031,Cheboygan County,,MI,1652,29128,30780,7,5,12,828,653,1481,7,0.287488,0.303654,6533.962865,0.001785,0.00126,100,0.00026,0,31,0.309524,0.01088
26033,Chippewa County,,MI,1853,38177,40030,2,5,7,202,317,519,7,0.284835,0.301063,4100.092234,0.000733,0.000989,100,0.000092,0,31,0.55,0.004439
26035,Clare County,,MI,2262,31201,33463,8,6,14,951,966,1917,7,0.287488,0.303804,12.085496,0.001916,0.001522,100,0.000146,0,31,0.839286,0.011462
26037,Clinton County,,MI,6217,89529,95746,13,14,27,4951,4581,9532,7,0.288294,0.306263,60.380961,0.003004,0.002586,100,0.000207,0,31,0.738095,0.016983
26039,Crawford County,,MI,950,14105,15055,3,2,5,320,279,599,8,0.223528,0.231389,2.1,0.000698,0.000031,100,0.000129,0,31,0.5,0.004649
26041,Delta County,,MI,1673,43413,45086,4,4,8,495,502,997,7,0.25319,0.264719,2778,0.000028,0.000095,295,0.000203,0,31,0.55,0.000524
26043,Dickinson County,,MI,1433,31568,33001,6,7,13,551,585,1136,7,0.253259,0.265258,8475.595114,0.000038,0.000101,295,0.000303,0,31,0.380952,0.000771
26045,Eaton County,,MI,10568,125967,136535,18,18,36,8219,7904,16123,7,0.327594,0.350447,461.043555,0.003633,0.005173,100,0.000276,0,31,0.671053,0.020631
26047,Emmet County,,MI,2611,40579,43190,8,6,14,1336,1124,2460,7,0.284689,0.300973,196.720088,0.002118,0.001017,100,0.000246,0,31,0.642857,0.012596
26049,Genesee County,,MI,20471,463155,483626,32,49,81,12646,13791,26437,6,0.35375,0.385049,5985.369185,0.011796,0.023627,100,0.000496,0,31,0.426667,0.082046
26051,Gladwin County,,MI,1706,27400,29106,9,9,18,1118,990,2108,7,0.287607,0.304404,3.70352,0.002147,0.00168,100,0.000171,0,31,0.822222,0.01237
26053,Gogebic County,,MI,795,15809,16604,1,1,2,71,93,164,1,1,1,0,0,0,294,0.000349,94,158,0,0.000098
26055,Grand Traverse County,,MI,6738,111009,117747,23,19,42,4599,3769,8368,7,0.327942,0.351047,14470.783112,0.00466,0.004841,100,0.000631,0,31,0.358333,0.028519
26057,Gratiot County,,MI,2537,42509,45046,7,9,16,1240,1487,2727,7,0.2741,0.288801,5.44093,0.00079,0.000568,100,0.00014,0,31,0.611111,0.004301
26059,Hillsdale County,,MI,2775,49860,52635,8,8,16,1607,1604,3211,7,0.285656,0.30189,136.92227,0.001314,0.001184,100,0.000166,0,31,0.527778,0.008312
26061,Houghton County,,MI,1910,35795,37705,4,3,7,316,287,603,7,0.284456,0.300043,8378,0.00076,0.00064,295,0.000245,0,31,0.166667,0.004728
26063,Huron County,,MI,1700,40429,42129,6,6,12,741,815,1556,7,0.284311,0.300223,2.419774,0.001838,0.000937,100,0.000123,0,31,0.880952,0.010902
26065,Ingham County,,MI,23152,282793,305945,34,45,79,14612,16406,31018,6,0.356337,0.386735,7419.542687,0.010739,0.022691,100,0.000517,0,31,0.430851,0.073283
26067,Ionia County,,MI,4085,68634,72719,8,7,15,2980,2783,5763,7,0.273829,0.287962,10.856535,0.001532,0.000552,100,0.000164,0,31,0.767857,0.008882
26069,Iosco County,,MI,1797,28094,29891,9,9,18,928,900,1828,7,0.287578,0.304344,3570.179399,0.002094,0.001646,100,0.000235,0,31,0.652778,0.012204
26071,Iron County,,MI,565,13186,13751,1,2,3,54,128,182,8,0.24146,0.250308,0,0.000001,0.000012,295,0.000089,0,31,1,0.000117
26073,Isabella County,,MI,4907,61521,66428,13,15,28,2341,2703,5044,7,0.288324,0.306443,91.116414,0.002781,0.002528,100,0.00022,0,31,0.641667,0.015668
26075,Jackson County,,MI,7813,173547,181360,15,19,34,4561,4687,9248,7,0.328485,0.351887,413.513803,0.003735,0.006155,100,0.000238,0,31,0.663158,0.020389
26077,Kalamazoo County,,MI,17067,285410,302477,35,38,73,10535,10911,21446,6,0.354835,0.384593,4898.547298,0.011896,0.019191,100,0.000528,0,31,0.463531,0.076596
26079,Kalkaska County,,MI,1247,19057,20304,2,2,4,596,555,1151,8,0.247065,0.256544,0,0.000047,0.000055,100,0.00012,0,31,1,0.000575
26081,Kent County,,MI,37890,752125,790015,83,95,178,27368,28714,56082,6,0.376627,0.414561,68309.837787,0.034217,0.048689,100,0.001367,0,31,0.350035,0.237391
26083,Keweenaw County,,MI,112,2482,2594,1,1,2,88,86,174,8,0.221478,0.228641,0,0.000006,0.000007,295,0.000122,0,31,0,0.000143
26085,Lake County,,MI,651,10525,11176,2,2,4,220,190,410,7,0.273668,0.287032,0,0.00044,0.000318,100,0.000105,0,31,1,0.002429
26087,Lapeer County,,MI,5766,104997,110763,8,10,18,4447,4099,8546,7,0.288144,0.305484,5.229272,0.002124,0.002308,100,0.000139,0,31,0.811111,0.012059
26089,Leelanau County,,MI,1908,27181,29089,5,2,7,1039,1003,2042,8,0.246999,0.256436,29.76225,0.002352,0.000055,100,0.000176,0,31,0.75,0.015029
26091,Lenawee County,,MI,5121,112633,117754,11,10,21,3464,2910,6374,7,0.288414,0.305904,193.600809,0.002589,0.00195,100,0.000183,0,31,0.618182,0.01465
26093,Livingston County,,MI,14481,229108,243589,17,19,36,11728,8926,20654,7,0.328059,0.351287,471.535874,0.00576,0.00611,100,0.000254,0,31,0.684211,0.036481
26095,Luce County,,MI,263,6000,6263,0,0,0,0,0,0,0,0,0,0,0,0,98,0.000052,95,159,0,0
26097,Mackinac County,,MI,906,13168,14074,1,2,3,82,202,284,8,0.223798,0.231701,0.833333,0.000009,0.000023,100,0.000068,0,31,0,0.000136
26099,Macomb County,,MI,47917,1052464,1100381,51,72,123,40024,38921,78945,6,0.367412,0.40207,13237.416915,0.025098,0.040012,100,0.000732,0,31,0.410116,0.175747
26101,Manistee County,,MI,1537,26921,28458,5,5,10,541,599,1140,7,0.273829,0.287752,110.568502,0.000488,0.000377,100,0.000221,0,31,0.5,0.003136
26103,Marquette County,,MI,3635,73469,77104,11,11,22,892,979,1871,7,0.31814,0.33879,19601.623714,0.001314,0.002975,295,0.000437,0,31,0.274725,0.008554
26105,Mason County,,MI,1690,33899,35589,4,5,9,599,610,1209,7,0.273749,0.287572,2.774242,0.000483,0.000425,100,0.000142,0,31,0.7,0.002918
26107,Mecosta County,,MI,3305,40301,43606,8,10,18,1654,1785,3439,7,0.287876,0.305064,110.325068,0.001321,0.001885,100,0.0002,0,31,0.536364,0.008264
26109,Menominee County,,MI,1471,26835,28306,5,5,10,767,873,1640,7,0.253213,0.264899,579.064298,0.000122,0.000101,295,0.000212,0,31,0.7,0.001313
26111,Midland County,,MI,5891,99449,105340,12,15,27,3035,3148,6183,7,0.316834,0.337452,198.017374,0.002784,0.003628,100,0.000198,0,31,0.714286,0.015585
26113,Missaukee County,,MI,895,16743,17638,2,2,4,491,400,891,8,0.215032,0.221825,0,0.000006,0.000022,100,0.000137,0,31,1,0.000344
26115,Monroe County,,MI,8705,180371,189076,9,11,20,6018,5818,11836,7,0.31687,0.336972,33.131478,0.002876,0.003317,100,0.000147,0,31,0.712121,0.015785
26117,Montcalm County,,MI,4733,67404,72137,8,8,16,3476,3355,6831,7,0.273883,0.288202,6.453834,0.000772,0.000533,100,0.000175,0,31,0.625,0.004529
26119,Montmorency County,,MI,620,10058,10678,3,4,7,222,278,500,7,0.28434,0.300013,8475.207027,0.000001,0.000648,100,0.000259,0,31,0.166667,0.000435
26121,Muskegon County,,MI,8025,191313,199338,12,13,25,5373,4875,10248,7,0.327401,0.349547,1457.830056,0.004691,0.004334,100,0.000238,0,31,0.589744,0.031143
26123,Newaygo County,,MI,3279,52866,56145,6,6,12,2271,2117,4388,7,0.273749,0.287692,1.9,0.000579,0.000439,100,0.000155,0,31,0.766667,0.003678
26125,Oakland County,,MI,85206,1494848,1580054,141,168,309,67961,71963,139924,6,0.3968,0.443299,124377.47071,0.070057,0.081742,100,0.002128,0,31,0.30473,0.477142
26127,Oceana County,,MI,2017,30130,32147,5,5,10,1155,1201,2356,7,0.273722,0.287512,1.063083,0.000562,0.000425,100,0.000142,0,31,0.85,0.003475
26129,Ogemaw County,,MI,1271,22621,23892,8,6,14,666,455,1121,7,0.28434,0.300283,666.645437,0.002103,0.000721,100,0.000162,0,31,0.791667,0.012031
26131,Ontonagon County,,MI,225,6554,6779,0,0,0,0,0,0,0,0,0,0,0,0,99,0.000052,96,160,0,0
26133,Osceola County,,MI,1701,24830,26531,6,5,11,909,883,1792,7,0.273749,0.287572,2736.143652,0.001193,0.000334,100,0.000239,0,31,0.466667,0.007182
26135,Oscoda County,,MI,451,8640,9091,1,1,2,79,76,155,8,0.221408,0.228587,0,0.000006,0,100,0.000107,0,31,0,0.000106
26137,Otsego County,,MI,1751,29010,30761,8,7,15,714,567,1281,8,0.247373,0.257924,3952.194226,0.001452,0.000107,100,0.000339,0,31,0.430556,0.009613
26139,Ottawa County,,MI,19035,330216,349251,31,27,58,15102,14266,29368,6,0.333493,0.358687,3325.319573,0.007419,0.008738,100,0.000497,0,31,0.403743,0.046041
26141,Presque Isle County,,MI,662,15303,15965,2,2,4,219,229,448,8,0.223402,0.231029,5.94932,0.000011,0.000023,100,0.000171,0,31,0,0.000344
26143,Roscommon County,,MI,1714,25266,26980,7,6,13,760,553,1313,7,0.287429,0.303684,2706.890761,0.00206,0.001584,100,0.000179,0,31,0.678571,0.011802
26145,Saginaw County,,MI,10081,219014,229095,22,29,51,5551,6563,12114,7,0.332934,0.358241,4015.755142,0.003462,0.007394,100,0.000356,0,31,0.416129,0.020485
26147,St. Clair County,,MI,8046,189834,197880,7,11,18,5720,5071,10791,7,0.319274,0.34093,50.651964,0.002508,0.004591,100,0.000127,0,31,0.818182,0.014084
26149,St. Joseph County,,MI,3747,70828,74575,10,9,19,2073,2273,4346,7,0.264446,0.277912,236.723229,0.002069,0.000429,100,0.000208,0,31,0.609091,0.013397
26151,Sanilac County,,MI,2391,47747,50138,7,8,15,1782,1630,3412,7,0.287488,0.304044,5.276806,0.00186,0.00163,100,0.000135,0,31,0.821429,0.011087
26153,Schoolcraft County,,MI,355,9235,9590,0,1,1,0,72,72,8,0.202094,0.207851,0,0,0,295,0.000052,0,161,0,0
26155,Shiawassee County,,MI,4265,80974,85239,9,9,18,2995,2677,5672,7,0.287846,0.304884,0.24796,0.002459,0.001879,100,0.000151,0,31,0.972222,0.013843
26157,Tuscola County,,MI,3346,63467,66813,8,9,17,2110,2202,4312,7,0.287578,0.304344,4.552637,0.001448,0.001665,100,0.000147,0,31,0.819444,0.008066
26159,Van Buren County,,MI,5276,85825,91101,9,10,19,3859,3767,7626,7,0.315646,0.335035,77.554975,0.001984,0.001929,100,0.000184,0,31,0.755556,0.013274
26161,Washtenaw County,,MI,31192,376465,407657,71,84,155,20230,23396,43626,6,0.382118,0.41888,11374.351118,0.040021,0.054209,100,0.000977,0,31,0.530972,0.27643
26163,Wayne County,,MI,88865,1905383,1994248,127,152,279,61504,75470,136974,6,0.396857,0.441259,68238.953432,0.066855,0.076123,100,0.001838,0,31,0.338816,0.469493
26165,Wexford County,,MI,2479,36677,39156,7,5,12,1291,1164,2455,7,0.273829,0.287752,2898.321332,0.001237,0.000364,100,0.000257,0,31,0.5,0.007578
27001,Aitkin County,,MN,1051,17054,18105,6,4,10,567,435,1002,7,0.29004,0.305892,0.25,0.000928,0.000835,187,0.000196,0,31,0.866667,0.007099
27003,Anoka County,,MN,29387,419655,449042,38,37,75,25092,23691,48783,6,0.342371,0.370758,8332.109424,0.008027,0.011484,187,0.00088,0,31,0.290698,0.05982
27005,Becker County,,MN,2122,38887,41009,5,6,11,1124,1073,2197,7,0.290921,0.307572,2832.055719,0.000864,0.00085,187,0.000189,0,31,0.5,0.006581
27007,Beltrami County,,MN,2849,48476,51325,11,12,23,1288,1476,2764,7,0.291287,0.308982,4869.916106,0.00127,0.001297,187,0.000399,0,31,0.410256,0.009787
27009,Benton County,,MN,4901,45097,49998,9,9,18,3687,3686,7373,7,0.290221,0.306852,1.942857,0.001301,0.001176,187,0.000245,0,31,0.861111,0.009531
27011,Big Stone County,,MN,229,6101,6330,0,0,0,0,0,0,0,0,0,0,0,0,101,0.000052,97,162,0,0
27013,Blue Earth County,,MN,6030,68634,74664,20,16,36,3401,3855,7256,7,0.290677,0.308562,12081.661953,0.001897,0.001402,187,0.000553,0,31,0.364286,0.014069
27015,Brown County,,MN,1444,32413,33857,4,6,10,420,601,1021,7,0.290464,0.306852,1229.937301,0.00003,0.001203,187,0.000155,0,31,0.547619,0.000664
27017,Carlton County,,MN,2128,39599,41727,6,5,11,1465,1353,2818,7,0.290191,0.306282,4.246825,0.001228,0.001078,187,0.00018,0,31,0.833333,0.008904
27019,Carver County,,MN,8634,121549,130183,13,12,25,7552,5889,13441,7,0.3192,0.3406,156.918707,0.001739,0.002753,187,0.000322,0,31,0.685714,0.012463
27021,Cass County,,MN,2332,33230,35562,7,7,14,1574,1445,3019,7,0.290191,0.306552,5.190476,0.001223,0.000862,187,0.000224,0,31,0.607143,0.008876
27023,Chippewa County,,MN,1008,15018,16026,4,5,9,385,510,895,7,0.290404,0.306582,7746.882801,0.000012,0.000743,187,0.000266,0,31,0.2,0.000479
27025,Chisago County,,MN,4580,64251,68831,10,9,19,4089,3286,7375,7,0.290191,0.306792,3.493687,0.001624,0.001387,187,0.000241,0,31,0.754545,0.011171
27027,Clay County,,MN,5532,67555,73087,10,9,19,3939,3476,7415,7,0.291103,0.308292,765.631836,0.001265,0.001292,187,0.000322,0,31,0.463636,0.009466
27029,Clearwater County,,MN,453,9668,10121,2,1,3,213,139,352,8,0.225597,0.233359,0,0.000019,0.000011,187,0.000102,0,31,1,0.000369
27031,Cook County,,MN,332,6608,6940,1,1,2,68,46,114,8,0.247704,0.25724,0,0.000746,0.000049,187,0.00007,0,31,1,0.005222
27033,Cottonwood County,,MN,685,14265,14950,1,1,2,65,80,145,9,0.18373,0.187776,0,0,0,187,0.000143,0,31,0,0.000102
27035,Crow Wing County,,MN,4295,74194,78489,19,19,38,3127,2548,5675,7,0.319899,0.342579,2111.769192,0.00186,0.002929,187,0.000499,0,31,0.480952,0.014058
27037,Dakota County,,MN,36534,519154,555688,53,64,117,29185,29024,58209,6,0.361436,0.394606,24118.768382,0.018504,0.028936,187,0.001081,0,31,0.294366,0.138515
27039,Dodge County,,MN,1445,25192,26637,4,4,8,1039,807,1846,7,0.252683,0.26323,0.616667,0.000109,0.000099,187,0.000138,0,31,0.75,0.00119
27041,Douglas County,,MN,2332,45824,48156,12,9,21,1502,1221,2723,7,0.291012,0.308112,5913.098345,0.001613,0.001213,187,0.000439,0,31,0.484848,0.011577
27043,Faribault County,,MN,927,17219,18146,2,3,5,233,330,563,8,0.225304,0.233479,0.967857,0.000023,0.000027,187,0.000101,0,31,0.5,0.000441
27045,Fillmore County,,MN,1162,25162,26324,4,4,8,650,669,1319,7,0.252706,0.26329,32.111172,0.000096,0.000089,187,0.000159,0,31,0.5,0.001106
27047,Freeborn County,,MN,1848,37687,39535,6,8,14,675,788,1463,7,0.290404,0.307062,2499.851572,0.001099,0.00111,187,0.000184,0,31,0.607143,0.007931
27049,Goodhue County,,MN,3358,57266,60624,10,10,20,2176,2138,4314,7,0.290312,0.307152,383.89544,0.001565,0.001429,187,0.000257,0,31,0.609091,0.010933
27051,Grant County,,MN,382,7287,7669,2,1,3,182,103,285,8,0.225432,0.233011,0,0.000019,0.000014,187,0.000124,0,31,1,0.000412
27053,Hennepin County,,MN,103687,1474666,1578353,218,199,417,82510,88280,170790,6,0.408289,0.457121,381457.823911,0.081727,0.083147,187,0.004138,0,31,0.20222,0.561181
27055,Houston County,,MN,1124,23790,24914,3,3,6,652,502,1154,8,0.248479,0.258668,7.067836,0.000058,0.000049,295,0.000129,0,31,0.666667,0.000702
27057,Hubbard County,,MN,1601,22788,24389,6,5,11,895,773,1668,7,0.290161,0.306252,1202.607251,0.000865,0.000763,187,0.000201,0,31,0.466667,0.006689
27059,Isanti County,,MN,3250,44549,47799,11,12,23,3142,2510,5652,7,0.290343,0.307452,6.587771,0.001643,0.001469,187,0.000264,0,31,0.74359,0.011421
27061,Itasca County,,MN,2180,51659,53839,9,7,16,1199,958,2157,7,0.290191,0.306552,4.911111,0.00152,0.000901,187,0.000265,0,31,0.736111,0.010747
27063,Jackson County,,MN,678,12870,13548,2,2,4,150,122,272,8,0.225067,0.232477,5603,0.000008,0,187,0.000214,0,31,0,0.000208
27065,Kanabec County,,MN,1151,17377,18528,5,6,11,663,629,1292,7,0.2901,0.306252,0.7,0.000883,0.000861,187,0.000157,0,31,0.866667,0.006564
27067,Kandiyohi County,,MN,3074,53379,56453,7,10,17,898,1561,2459,7,0.290555,0.307542,13050.619705,0.001057,0.001296,187,0.000268,0,31,0.4,0.007458
27069,Kittson County,,MN,168,5440,5608,0,0,0,0,0,0,0,0,0,0,0,0,102,0.000052,98,163,0,0
27071,Koochiching County,,MN,727,14454,15181,1,2,3,62,136,198,8,0.247947,0.257828,0,0.000037,0.00006,187,0.000077,0,31,1,0.000499
27073,Lac qui Parle County,,MN,404,8583,8987,1,1,2,70,66,136,8,0.225067,0.232351,0,0.000007,0,187,0.000097,0,31,0,0.000109
27075,Lake County,,MN,692,12501,13193,2,1,3,311,313,624,8,0.247682,0.25718,0,0.000783,0.000049,187,0.000094,0,31,1,0.005721
27077,Lake of the Woods County,,MN,301,4650,4951,0,1,1,0,82,82,10,0.169151,0.172771,0,0,0,187,0.000052,0,165,0,0
27079,Le Sueur County,,MN,2345,34269,36614,9,8,17,1629,1585,3214,7,0.290343,0.306942,388.030321,0.001117,0.000979,187,0.000247,0,31,0.680556,0.008148
27081,Lincoln County,,MN,350,6834,7184,2,1,3,151,117,268,8,0.225946,0.233553,2.47619,0.000011,0.000001,187,0.00011,0,31,0,0.000215
27083,Lyon County,,MN,1990,30353,32343,5,7,12,453,693,1146,7,0.291868,0.30897,14088.617513,0.000122,0.001115,187,0.000292,0,31,0.125,0.001395
27085,McLeod County,,MN,2729,45117,47846,9,7,16,1460,1463,2923,7,0.290252,0.306642,2416.815214,0.00143,0.000808,187,0.000254,0,31,0.555556,0.009994
27087,Mahnomen County,,MN,303,5693,5996,1,0,1,95,0,95,0,0,0,0,0.000008,0,187,0.000079,0,12,0,0.000163
27089,Marshall County,,MN,524,11611,12135,3,2,5,260,203,463,8,0.246102,0.25603,14.083495,0.000052,0.000012,187,0.000156,0,31,0.833333,0.000491
27091,Martin County,,MN,1131,25527,26658,4,2,6,280,159,439,7,0.290161,0.305862,6763.053867,0.000013,0.00075,187,0.000225,0,31,0.3,0.000571
27093,Meeker County,,MN,1656,27790,29446,5,5,10,1084,1002,2086,7,0.290282,0.306402,2.896825,0.000829,0.000799,187,0.000161,0,31,0.8,0.006207
27095,Mille Lacs County,,MN,2223,28819,31042,11,9,20,1614,1439,3053,7,0.290221,0.306852,8.28249,0.001325,0.000909,187,0.000283,0,31,0.659091,0.009905
27097,Morrison County,,MN,1944,39702,41646,8,6,14,1217,1081,2298,7,0.290161,0.306372,249.15787,0.000861,0.000809,187,0.000238,0,31,0.597222,0.006765
27099,Mower County,,MN,2728,47096,49824,7,8,15,1113,1247,2360,7,0.290312,0.306912,745.476797,0.001163,0.00126,187,0.000211,0,31,0.571429,0.008534
27101,Murray County,,MN,429,10586,11015,2,1,3,142,55,197,8,0.225835,0.233283,7.766255,0.000018,0.000001,187,0.000128,0,31,0,0.000229
27103,Nicollet County,,MN,3419,37748,41167,7,9,16,2025,2298,4323,7,0.290404,0.307182,1820.100702,0.001394,0.001237,187,0.000198,0,31,0.638889,0.009629
27105,Nobles County,,MN,1497,27378,28875,2,4,6,168,347,515,7,0.291684,0.30825,9783.680931,0.000114,0.00084,187,0.000189,0,31,0.166667,0.001048
27107,Norman County,,MN,369,7970,8339,2,2,4,170,146,316,8,0.254186,0.265638,0,0.000103,0.0001,187,0.000107,0,31,1,0.001004
27109,Olmsted County,,MN,10849,189806,200655,29,25,54,5546,5854,11400,6,0.337833,0.363283,12470.079648,0.007195,0.008108,187,0.000654,0,31,0.372043,0.051457
27111,Otter Tail County,,MN,3458,70163,73621,11,10,21,2066,1747,3813,7,0.291073,0.308352,2799.548916,0.000941,0.000892,187,0.000359,0,31,0.378788,0.007745
27113,Pennington County,,MN,1004,17002,18006,4,5,9,349,394,743,8,0.255425,0.267804,11194.906727,0.000008,0.000109,187,0.000312,0,31,0.3,0.000467
27115,Pine County,,MN,1861,30227,32088,10,10,20,1327,1187,2514,7,0.290252,0.307032,7.62702,0.00163,0.001424,187,0.000255,0,31,0.744444,0.011415
27117,Pipestone County,,MN,611,11442,12053,0,2,2,0,125,125,8,0.255611,0.266983,0,0,0.000107,187,0.000052,0,166,0,0
27119,Polk County,,MN,2339,36330,38669,5,8,13,1023,1272,2295,7,0.291103,0.308142,8363.919748,0.000893,0.000857,187,0.000205,0,31,0.464286,0.006558
27121,Pope County,,MN,783,13692,14475,3,2,5,347,327,674,8,0.248014,0.257906,2778,0.000049,0.000042,187,0.00016,0,31,0.333333,0.000688
27123,Ramsey County,,MN,55466,610039,665505,83,80,163,42256,47004,89260,6,0.373638,0.409887,47248.492174,0.030585,0.035808,187,0.001573,0,31,0.266118,0.21844
27125,Red Lake County,,MN,204,4855,5059,1,1,2,84,85,169,9,0.203472,0.209519,0,0.000001,0,187,0.000105,0,31,0,0.000109
27127,Redwood County,,MN,1073,18766,19839,3,4,7,359,381,740,7,0.290373,0.306432,721.627899,0.000021,0.000735,187,0.000149,0,31,0.166667,0.000337
27129,Renville County,,MN,1148,18665,19813,3,3,6,305,409,714,8,0.225432,0.233611,187.309356,0.000025,0.000022,187,0.000138,0,31,0,0.000483
27131,Rice County,,MN,4301,72762,77063,10,11,21,2487,2697,5184,7,0.290495,0.307602,522.848379,0.001601,0.00139,187,0.000254,0,31,0.69697,0.011235
27133,Rock County,,MN,570,11494,12064,1,1,2,160,185,345,8,0.255519,0.266659,0,0.000114,0.000107,234,0.00008,0,31,0,0.000946
27135,Roseau County,,MN,902,19728,20630,1,1,2,82,65,147,9,0.203515,0.209624,2779,0,0,187,0.000097,0,164,0,0.000095
27137,St. Louis County,,MN,10417,222814,233231,24,23,47,5279,6060,11339,7,0.329186,0.353057,12812.257914,0.005458,0.00414,187,0.000661,0,31,0.383191,0.040323
27139,Scott County,,MN,13052,172278,185330,18,19,37,10268,8960,19228,7,0.3206,0.343689,697.871755,0.003119,0.003913,187,0.000423,0,31,0.578947,0.023679
27141,Sherburne County,,MN,8733,106752,115485,15,16,31,8125,6641,14766,7,0.319274,0.34123,123.607478,0.001848,0.00285,187,0.000355,0,31,0.669935,0.013491
27143,Sibley County,,MN,1066,18525,19591,6,6,12,626,524,1150,7,0.290312,0.306642,4.900866,0.000833,0.000816,187,0.000187,0,31,0.714286,0.006383
27145,Stearns County,,MN,12356,176966,189322,25,27,52,7680,9052,16732,7,0.329694,0.354257,9467.715934,0.003121,0.004208,187,0.000681,0,31,0.37931,0.024519
27147,Steele County,,MN,2479,46173,48652,9,11,20,1268,1460,2728,7,0.290495,0.307602,735.350377,0.001134,0.001305,187,0.000253,0,31,0.618182,0.008293
27149,Stevens County,,MN,844,11263,12107,0,1,1,0,74,74,9,0.198784,0.203879,0,0,0,187,0.000052,0,167,0,0
27151,Swift County,,MN,679,11449,12128,2,2,4,287,217,504,8,0.225268,0.233041,0,0.000018,0.00001,187,0.00012,0,31,1,0.000284
27153,Todd County,,MN,1690,27579,29269,7,7,14,970,1038,2008,7,0.290252,0.306672,1136.172898,0.000836,0.000809,187,0.000244,0,31,0.642857,0.006546
27155,Traverse County,,MN,221,4038,4259,0,0,0,0,0,0,0,0,0,0,0,0,103,0.000052,99,168,0,0
27157,Wabasha County,,MN,1380,26976,28356,4,4,8,824,755,1579,7,0.290191,0.306192,0.917201,0.000843,0.000825,187,0.000139,0,31,0.833333,0.006247
27159,Wadena County,,MN,1151,15319,16470,3,5,8,481,530,1011,8,0.242684,0.252895,3.311111,0.000022,0.000048,187,0.000147,0,31,0.45,0.000524
27161,Waseca County,,MN,1211,22315,23526,6,6,12,747,654,1401,7,0.290312,0.306642,2.744048,0.000067,0.000946,187,0.000185,0,31,0.732143,0.001225
27163,Washington County,,MN,22496,309442,331938,29,33,62,18605,17547,36152,6,0.343599,0.372198,3808.940879,0.009038,0.013425,187,0.00059,0,31,0.418208,0.064287
27165,Watonwan County,,MN,722,13400,14122,1,3,4,82,251,333,8,0.225377,0.233533,0,0.000013,0.000017,187,0.000082,0,31,0.666667,0.000265
27167,Wilkin County,,MN,433,7909,8342,4,4,8,338,355,693,8,0.254302,0.266178,1.833333,0.000112,0.00011,187,0.000169,0,31,0.75,0.001301
27169,Winona County,,MN,2766,54138,56904,10,10,20,1261,1472,2733,7,0.290677,0.307872,2726.807176,0.001455,0.001283,187,0.000296,0,31,0.366667,0.010324
27171,Wright County,,MN,10229,159219,169448,14,19,33,8660,7626,16286,7,0.319936,0.342609,165.36667,0.001761,0.002967,187,0.000347,0,31,0.614035,0.012653
27173,Yellow Medicine County,,MN,586,12052,12638,2,2,4,318,184,502,8,0.226074,0.234033,34.871546,0.000017,0.000001,187,0.000133,0,31,0,0.000228
28001,Adams County,,MS,1689,30765,32454,4,6,10,490,634,1124,7,0.314716,0.334067,5788.827261,0.000422,0.001511,0,0.000187,0,31,0.366667,0.002502
28003,Alcorn County,,MS,1891,35867,37758,5,5,10,960,841,1801,8,0.226961,0.235264,796.151576,0.000007,0.000015,241,0.000308,0,31,0.25,0.000673
28005,Amite County,,MS,765,12361,13126,1,3,4,217,377,594,7,0.26838,0.281084,9.683336,0.000003,0.000198,0,0.000072,0,31,0.333333,0.000119
28007,Attala County,,MS,916,19631,20547,1,3,4,139,255,394,7,0.260405,0.271782,0.708333,0.000001,0.000075,0,0.000078,0,31,0.5,0.000113
28009,Benton County,,MS,647,7978,8625,5,4,9,538,438,976,7,0.290738,0.304898,4610.268197,0.000707,0.000524,241,0.000253,0,31,0.45,0.004621
28011,Bolivar County,,MS,2263,34799,37062,6,6,12,792,1065,1857,7,0.291899,0.306818,37.865715,0.000891,0.000658,241,0.000165,0,31,0.633333,0.00536
28013,Calhoun County,,MS,716,15363,16079,1,2,3,112,235,347,9,0.187842,0.192481,0,0,0,241,0.000092,0,31,1,0.00011
28015,Carroll County,,MS,643,10675,11318,3,2,5,437,318,755,8,0.226074,0.233033,1405.586367,0.000011,0.000006,241,0.000161,0,31,0.5,0.000346
28017,Chickasaw County,,MS,1054,18985,20039,4,5,9,535,767,1302,8,0.226646,0.23461,3515.129008,0.000006,0.000009,241,0.000233,0,31,0.35,0.00052
28019,Choctaw County,,MS,591,8754,9345,2,2,4,183,191,374,8,0.241775,0.250499,0,0.000019,0.000004,241,0.000135,0,31,1,0.000257
28021,Claiborne County,,MS,463,8891,9354,1,1,2,134,122,256,8,0.231519,0.239217,0,0.000011,0.000013,0,0.000087,0,31,0,0.000189
28023,Clarke County,,MS,1075,17290,18365,3,3,6,546,524,1070,8,0.242007,0.251377,44.663432,0.000024,0.000007,0,0.000138,0,31,0.333333,0.000421
28025,Clay County,,MS,1008,21008,22016,3,4,7,382,540,922,8,0.242578,0.252239,57.187042,0.000026,0.00003,241,0.000146,0,31,0.7,0.000502
28027,Coahoma County,,MS,1763,25666,27429,3,6,9,286,817,1103,7,0.290768,0.305228,1338.761481,0.000643,0.00059,241,0.00012,0,31,0.466667,0.00403
28029,Copiah County,,MS,1562,29917,31479,4,3,7,809,853,1662,7,0.260429,0.271842,9.270737,0.000223,0.000105,0,0.000162,0,31,0.75,0.001611
28031,Covington County,,MS,1253,20521,21774,6,6,12,735,805,1540,8,0.2433,0.253397,16.550093,0.000047,0.000028,0,0.000252,0,31,0.533333,0.000925
28033,DeSoto County,,MS,14136,196563,210699,29,24,53,11396,8548,19944,6,0.342456,0.367915,15914.286289,0.005668,0.007721,241,0.000748,0,31,0.204762,0.040855
28035,Forrest County,,MS,8375,72823,81198,17,22,39,4792,5297,10089,7,0.321119,0.343674,25938.793027,0.001867,0.004289,0,0.00051,0,31,0.298462,0.013523
28037,Franklin County,,MS,459,8208,8667,1,1,2,78,95,173,8,0.206743,0.212533,0,0.000001,0.000001,0,0.00009,0,31,0,0.000117
28039,George County,,MS,1220,23850,25070,4,3,7,803,701,1504,7,0.264546,0.276413,2261.150972,0.000458,0.000244,0,0.000161,0,31,0.583333,0.003344
28041,Greene County,,MS,722,11742,12464,4,3,7,408,307,715,8,0.209597,0.216138,1288.939599,0.000208,0.000005,0,0.000204,0,31,0.166667,0.001806
28043,Grenada County,,MS,1549,23749,25298,4,7,11,438,653,1091,7,0.291776,0.306848,4834.380423,0.000011,0.0006,241,0.000205,0,31,0.285714,0.000453
28045,Hancock County,,MS,3605,43085,46690,7,6,13,2132,2131,4263,7,0.276308,0.290157,1.222148,0.001074,0.000985,0,0.000186,0,31,0.809524,0.007968
28047,Harrison County,,MS,23155,205309,228464,39,49,88,9811,10324,20135,6,0.35375,0.384593,32946.225831,0.01725,0.02286,0,0.000818,0,31,0.391026,0.12798
28049,Hinds County,,MS,17685,258431,276116,34,44,78,9317,12556,21873,6,0.351824,0.381126,71223.106711,0.007977,0.015982,0,0.000891,0,31,0.263741,0.05975
28051,Holmes County,,MS,1189,18983,20172,3,4,7,288,582,870,7,0.260381,0.271842,2824.833333,0.000191,0.000117,0,0.000119,0,31,0.583333,0.001212
28053,Humphreys County,,MS,538,8900,9438,1,1,2,69,67,136,8,0.20665,0.212281,1.166667,0.000005,0.000002,241,0.000072,0,31,0,0.000143
28055,Issaquena County,,MS,125,1051,1176,0,0,0,0,0,0,0,0,0,0,0,0,104,0.000052,100,169,0,0
28057,Itawamba County,,MS,1624,23906,25530,5,5,10,1036,1091,2127,8,0.226961,0.235228,471.8652,0.000007,0.000009,241,0.000279,0,31,0.4,0.000644
28059,Jackson County,,MS,10784,149687,160471,19,18,37,5557,5806,11363,7,0.32423,0.347358,3622.672041,0.006007,0.005313,0,0.000462,0,31,0.46,0.043814
28061,Jasper County,,MS,1293,17835,19128,4,2,6,847,660,1507,8,0.20795,0.214592,5.225,0.000003,0.000004,0,0.000212,0,31,0.25,0.000487
28063,Jefferson County,,MS,558,8035,8593,1,1,2,63,130,193,8,0.2394,0.247619,0,0.000014,0.000004,0,0.000079,0,31,0,0.000126
28065,Jefferson Davis County,,MS,822,12119,12941,4,5,9,326,426,752,8,0.243257,0.253127,752.455756,0.000042,0.000024,0,0.000187,0,31,0.45,0.000645
28067,Jones County,,MS,4096,73038,77134,9,11,20,2046,2382,4428,7,0.262472,0.276227,8044.939162,0.000423,0.000264,0,0.000374,0,31,0.363636,0.003197
28069,Kemper County,,MS,559,9316,9875,2,2,4,289,300,589,8,0.241902,0.250987,0,0.000022,0.000007,0,0.000105,0,31,1,0.000283
28071,Lafayette County,,MS,3961,45164,49125,12,12,24,1632,1502,3134,7,0.29987,0.316686,9640.380682,0.000945,0.001575,241,0.000432,0,31,0.324176,0.006697
28073,Lamar County,,MS,6765,59886,66651,14,13,27,4085,4010,8095,7,0.267013,0.281368,1943.347659,0.000593,0.00039,0,0.000426,0,31,0.316667,0.005156
28075,Lauderdale County,,MS,5254,80355,85609,10,17,27,1296,2024,3320,7,0.318944,0.340531,20689.193504,0.000782,0.002398,0,0.00037,0,31,0.255263,0.006149
28077,Lawrence County,,MS,773,12903,13676,2,2,4,223,247,470,8,0.207035,0.213337,5.477778,0.000001,0.000002,0,0.000121,0,31,0,0.000228
28079,Leake County,,MS,1189,22559,23748,6,5,11,777,686,1463,8,0.246561,0.257173,483.014559,0.000225,0.000078,0,0.000205,0,31,0.428571,0.001822
28081,Lee County,,MS,6342,93202,99544,16,14,30,3613,3728,7341,7,0.292853,0.309428,35620.761401,0.000917,0.00067,241,0.000638,0,31,0.238971,0.00688
28083,Leflore County,,MS,1929,31112,33041,3,6,9,472,866,1338,7,0.292021,0.307028,11192.585147,0.000637,0.000645,241,0.000154,0,31,0.366667,0.003985
28085,Lincoln County,,MS,1644,36781,38425,5,6,11,791,789,1580,7,0.2606,0.272622,10451.269968,0.000147,0.000107,0,0.000262,0,31,0.266667,0.00112
28087,Lowndes County,,MS,4567,62975,67542,11,13,24,1486,1428,2914,7,0.293626,0.310448,17245.174104,0.00193,0.000768,241,0.000432,0,31,0.271429,0.013907
28089,Madison County,,MS,9013,119927,128940,21,17,38,6783,5101,11884,7,0.325407,0.348216,10663.078012,0.004837,0.00525,0,0.00055,0,31,0.32,0.034067
28091,Marion County,,MS,1429,25494,26923,3,3,6,535,626,1161,8,0.243215,0.252767,347.453224,0.000042,0.000022,0,0.000131,0,31,0.333333,0.000527
28093,Marshall County,,MS,2893,36683,39576,5,5,10,1964,1973,3937,7,0.290738,0.305048,3.509524,0.000725,0.000588,241,0.000218,0,31,0.7,0.004721
28095,Monroe County,,MS,1794,37835,39629,5,4,9,1146,928,2074,8,0.227407,0.235774,161.588897,0.000013,0.000026,241,0.000237,0,31,0.5,0.000761
28097,Montgomery County,,MS,557,10898,11455,2,2,4,245,215,460,8,0.225927,0.232895,1.783333,0.000005,0,241,0.000146,0,31,0.5,0.000214
28099,Neshoba County,,MS,1370,30593,31963,5,6,11,756,723,1479,8,0.245493,0.256198,84.728826,0.000022,0.000042,0,0.000238,0,31,0.333333,0.000617
28101,Newton County,,MS,1349,23259,24608,5,4,9,836,690,1526,8,0.242028,0.251587,285.1087,0.000056,0.000009,0,0.000192,0,31,0.433333,0.000907
28103,Noxubee County,,MS,517,12273,12790,2,1,3,153,147,300,8,0.226998,0.234346,0,0.000026,0.000017,241,0.000106,0,31,1,0.000393
28105,Oktibbeha County,,MS,4218,42086,46304,11,14,25,1381,1697,3078,7,0.318797,0.339558,19605.23322,0.000462,0.002105,241,0.000418,0,31,0.328571,0.003768
28107,Panola County,,MS,1929,36969,38898,6,7,13,1058,1178,2236,7,0.29089,0.305558,7000.165189,0.000726,0.000583,241,0.000282,0,31,0.380952,0.004787
28109,Pearl River County,,MS,3081,53928,57009,8,8,16,1867,1618,3485,7,0.276556,0.290876,48.847465,0.001035,0.000961,0,0.000223,0,31,0.555556,0.00778
28111,Perry County,,MS,757,11808,12565,4,3,7,483,425,908,8,0.243194,0.252737,271.396875,0.000044,0.000024,0,0.000186,0,31,0.5,0.00069
28113,Pike County,,MS,2331,41666,43997,5,8,13,884,1035,1919,7,0.267064,0.280798,6512.30195,0.000167,0.000282,0,0.000181,0,31,0.25,0.001353
28115,Pontotoc County,,MS,1899,34129,36028,5,4,9,1508,1079,2587,8,0.231192,0.239533,2113.878877,0.00002,0.000017,241,0.000247,0,31,0.45,0.000694
28117,Prentiss County,,MS,1430,24959,26389,4,3,7,783,770,1553,8,0.226738,0.234478,1.95,0.000006,0.000008,241,0.000224,0,31,0.75,0.000526
28119,Quitman County,,MS,515,7191,7706,2,1,3,175,127,302,8,0.225359,0.231965,0.392857,0.000011,0.000007,241,0.000104,0,31,0,0.000285
28121,Rankin County,,MS,10815,163101,173916,26,24,50,7936,6551,14487,7,0.322274,0.345642,21505.181515,0.003588,0.003532,0,0.000791,0,31,0.22069,0.026106
28123,Scott County,,MS,1925,31997,33922,4,6,10,841,1123,1964,7,0.260527,0.272442,190.748631,0.000176,0.00015,0,0.000173,0,31,0.5,0.001303
28125,Sharkey County,,MS,316,4806,5122,0,1,1,0,79,79,8,0.241778,0.250334,0,0,0.000008,241,0.000052,0,170,0,0
28127,Simpson County,,MS,1707,26651,28358,6,5,11,961,978,1939,7,0.266603,0.279448,405.733547,0.000214,0.000259,0,0.000236,0,31,0.52381,0.00166
28129,Smith County,,MS,940,15797,16737,6,5,11,694,557,1251,8,0.244005,0.254273,446.056558,0.000038,0.000038,0,0.0003,0,31,0.4,0.000996
28131,Stone County,,MS,1228,17029,18257,4,3,7,651,616,1267,7,0.261557,0.273522,0,0.000295,0.000225,0,0.000136,0,31,1,0.002192
28133,Sunflower County,,MS,1652,24882,26534,5,7,12,592,894,1486,7,0.29089,0.305558,4169.323868,0.000685,0.000589,241,0.000159,0,31,0.404762,0.00429
28135,Tallahatchie County,,MS,837,13120,13957,4,5,9,288,395,683,7,0.29089,0.305318,611.126831,0.000016,0.00058,241,0.000171,0,31,0.466667,0.000508
28137,Tate County,,MS,2195,29799,31994,5,4,9,1446,1510,2956,7,0.290707,0.304868,1.116667,0.000726,0.00058,241,0.000194,0,31,0.9,0.004725
28139,Tippah County,,MS,1021,23501,24522,5,3,8,534,431,965,8,0.225689,0.232865,207.270289,0.00008,0.000006,241,0.00027,0,31,0.45,0.001073
28141,Tishomingo County,,MS,1053,19260,20313,3,5,8,459,535,994,8,0.226998,0.235318,54.357692,0,0.000009,241,0.000193,0,31,0.6,0.000348
28143,Tunica County,,MS,1297,11955,13252,3,3,6,505,715,1220,7,0.290616,0.304568,0.333333,0.000706,0.000573,241,0.00011,0,31,0.833333,0.004383
28145,Union County,,MS,1927,30314,32241,4,5,9,938,1100,2038,8,0.231173,0.239593,57.70734,0.000011,0.000024,241,0.000274,0,31,0.45,0.00057
28147,Walthall County,,MS,900,14241,15141,2,3,5,397,435,832,8,0.215082,0.222648,7.728544,0.000003,0.000008,0,0.000109,0,31,0,0.000227
28149,Warren County,,MS,2899,53185,56084,6,6,12,854,959,1813,7,0.301236,0.318761,8873.077895,0.001415,0.00119,0,0.000246,0,31,0.357143,0.009465
28151,Washington County,,MS,3079,51498,54577,6,9,15,714,1283,1997,7,0.318761,0.339142,2956.423682,0.000856,0.004011,241,0.000197,0,31,0.5,0.00532
28153,Wayne County,,MS,1074,22031,23105,3,4,7,494,538,1032,8,0.243364,0.253247,280.754434,0.000002,0.000023,0,0.000178,0,31,0.25,0.000372
28155,Webster County,,MS,706,10462,11168,2,2,4,247,280,527,8,0.241775,0.250499,0,0.000019,0.000004,241,0.000135,0,31,1,0.000257
28157,Wilkinson County,,MS,503,8954,9457,2,1,3,161,157,318,7,0.267811,0.279938,0,0.000279,0.000194,0,0.000089,0,31,0.5,0.001704
28159,Winston County,,MS,858,19479,20337,2,2,4,168,221,389,8,0.241986,0.250949,11.054283,0.000019,0.000004,0,0.000111,0,31,0,0.000268
28161,Yalobusha County,,MS,825,13135,13960,3,3,6,391,372,763,8,0.230903,0.238723,54.197391,0.000025,0.000009,241,0.000142,0,31,0.5,0.00044
28163,Yazoo County,,MS,1152,24713,25865,5,3,8,543,577,1120,7,0.260381,0.271722,2777.625,0.000223,0.000147,0,0.000211,0,31,0.5,0.001706
29001,Adair County,,MO,2030,22647,24677,3,6,9,329,561,890,7,0.290677,0.305532,11389.736455,0.000001,0.001041,113,0.000254,0,31,0.233333,0.000302
29003,Andrew County,,MO,1504,20681,22185,2,3,5,1032,970,2002,7,0.261656,0.273035,0.2,0.000025,0.000173,113,0.000096,0,31,0.75,0.000299
29005,Atchison County,,MO,224,6405,6629,0,0,0,0,0,0,0,0,0,0,0,0,105,0.000052,101,171,0,0
29007,Audrain County,,MO,1549,26873,28422,6,4,10,782,660,1442,7,0.260259,0.271561,285.840067,0.000155,0.000104,113,0.000251,0,31,0.3,0.001387
29009,Barry County,,MO,2832,35001,37833,10,7,17,1708,1727,3435,7,0.271104,0.284088,126.048444,0.000554,0.000373,113,0.000312,0,31,0.522222,0.005066
29011,Barton County,,MO,761,13156,13917,3,3,6,354,323,677,8,0.244456,0.254512,6.593751,0.000041,0.000022,113,0.000141,0,31,0.666667,0.000522
29013,Bates County,,MO,1126,17638,18764,3,3,6,494,552,1046,7,0.280521,0.293641,57.450088,0.000478,0.000419,113,0.000138,0,31,0.333333,0.003335
29015,Benton County,,MO,1254,18772,20026,4,3,7,592,441,1033,7,0.280493,0.293581,0,0.0005,0.000414,113,0.000135,0,31,1,0.003467
29017,Bollinger County,,MO,721,12110,12831,3,3,6,414,404,818,8,0.224594,0.231862,1.166667,0.000014,0.000013,113,0.000149,0,31,0.666667,0.000434
29019,Boone County,,MO,13978,177547,191525,37,34,71,5974,7031,13005,6,0.351112,0.37902,62167.522787,0.010303,0.015957,113,0.000941,0,31,0.279833,0.070345
29021,Buchanan County,,MO,6026,93528,99554,13,13,26,2706,3229,5935,7,0.295061,0.311699,21441.724635,0.001221,0.001911,113,0.000459,0,31,0.258333,0.00878
29023,Butler County,,MO,2684,43462,46146,8,7,15,1276,1018,2294,7,0.263243,0.27637,15991.561471,0.000015,0.000155,113,0.000522,0,31,0.166667,0.000953
29025,Caldwell County,,MO,613,9641,10254,3,3,6,277,232,509,7,0.261066,0.272225,0.392857,0.000125,0.000115,113,0.000143,0,31,0.833333,0.001176
29027,Callaway County,,MO,3409,47098,50507,6,7,13,2050,1948,3998,7,0.288743,0.303108,664.394576,0.0004,0.000824,113,0.000246,0,31,0.392857,0.002645
29029,Camden County,,MO,3763,46267,50030,12,11,23,1991,1810,3801,7,0.293131,0.309671,1968.102589,0.002405,0.001833,113,0.000331,0,31,0.515152,0.015213
29031,Cape Girardeau County,,MO,5148,85788,90936,16,11,27,2566,2237,4803,7,0.289074,0.304218,43302.108635,0.00136,0.001018,113,0.00053,0,31,0.204167,0.008784
29033,Carroll County,,MO,437,10395,10832,0,0,0,0,0,0,0,0,0,0,0,0,106,0.000052,102,172,0,0
29035,Carter County,,MO,433,6097,6530,1,1,2,120,114,234,8,0.208402,0.21464,0,0.000001,0,113,0.000116,0,31,0,0.000123
29037,Cass County,,MO,7753,117742,125495,11,10,21,6225,5072,11297,7,0.286776,0.301902,112.750964,0.001539,0.001196,113,0.000305,0,31,0.518182,0.010529
29039,Cedar County,,MO,973,13889,14862,3,3,6,388,323,711,7,0.262001,0.273917,1.816667,0.000158,0.00015,113,0.000167,0,31,0.666667,0.001493
29041,Chariton County,,MO,380,8934,9314,1,2,3,94,152,246,8,0.206763,0.212638,2779,0,0.000001,113,0.000091,0,174,0,0.000098
29043,Christian County,,MO,8315,90973,99288,11,12,23,5759,5312,11071,7,0.291868,0.308177,873.372528,0.000903,0.001322,113,0.000363,0,31,0.319048,0.006553
29045,Clark County,,MO,311,7531,7842,1,1,2,97,75,172,9,0.194225,0.198766,0,0,0,295,0.000105,0,31,0,0.000109
29047,Clay County,,MO,21037,275232,296269,34,32,66,17088,15040,32128,6,0.353121,0.381551,16771.155227,0.011496,0.012735,113,0.000763,0,31,0.346154,0.082092
29049,Clinton County,,MO,2111,23503,25614,7,7,14,1401,1399,2800,7,0.280719,0.29454,4339.229234,0.000647,0.000584,113,0.000279,0,31,0.428571,0.004913
29051,Cole County,,MO,5910,88023,93933,14,14,28,3081,3284,6365,7,0.319054,0.339678,16855.619993,0.003009,0.003189,113,0.000431,0,31,0.383333,0.019942
29053,Cooper County,,MO,1252,18177,19429,5,3,8,750,456,1206,7,0.260064,0.271135,58.548533,0.000155,0.0001,113,0.000197,0,31,0.35,0.001274
29055,Crawford County,,MO,1792,24957,26749,3,4,7,839,946,1785,7,0.288264,0.302028,0,0.000698,0.000723,113,0.000106,0,31,1,0.004297
29057,Dade County,,MO,514,7869,8383,2,2,4,262,216,478,7,0.261927,0.273617,0,0.000157,0.000145,113,0.000109,0,31,1,0.001348
29059,Dallas County,,MO,1239,16481,17720,4,4,8,710,603,1313,7,0.261977,0.273977,2.333333,0.00016,0.000157,113,0.000188,0,31,0.6,0.001621
29061,Daviess County,,MO,615,9219,9834,0,1,1,0,69,69,8,0.21925,0.225677,0,0,0.000006,113,0.000052,0,175,0,0
29063,DeKalb County,,MO,776,9992,10768,2,2,4,407,396,803,8,0.22791,0.235391,0,0.000022,0.000017,113,0.000116,0,31,1,0.000353
29065,Dent County,,MO,877,14959,15836,1,2,3,133,271,404,8,0.226461,0.233967,0,0.000013,0.000018,113,0.000074,0,31,1,0.000209
29067,Douglas County,,MO,802,12621,13423,2,4,6,234,406,640,7,0.261977,0.273977,0.333333,0.000157,0.000154,113,0.000109,0,31,0.833333,0.001339
29069,Dunklin County,,MO,1924,29127,31051,6,8,14,806,1179,1985,8,0.2377,0.248736,1110.66795,0.000009,0.000032,241,0.000253,0,31,0.321429,0.000727
29071,Franklin County,,MO,5957,121953,127910,11,14,25,4232,3841,8073,7,0.291654,0.308273,814.393405,0.001433,0.001708,113,0.000297,0,31,0.438095,0.008782
29073,Gasconade County,,MO,921,17275,18196,4,3,7,550,424,974,8,0.242493,0.25178,877.346489,0.000687,0.00004,113,0.000141,0,31,0.25,0.004344
29075,Gentry County,,MO,367,7250,7617,0,1,1,0,67,67,8,0.227899,0.235186,0,0,0.000011,113,0.000052,0,176,0,0
29077,Greene County,,MO,24157,303617,327774,55,53,108,13505,14880,28385,6,0.354789,0.386033,114335.303264,0.015946,0.017314,113,0.001489,0,31,0.237071,0.117577
29079,Grundy County,,MO,495,10800,11295,1,1,2,58,53,111,1,1,1,0,0,0,113,0.000467,0,173,0,0.000102
29081,Harrison County,,MO,428,9259,9687,0,0,0,0,0,0,0,0,0,0,0,0,107,0.000052,103,177,0,0
29083,Henry County,,MO,1586,23136,24722,6,7,13,752,809,1561,7,0.281487,0.29583,31.306599,0.000513,0.000585,113,0.000214,0,31,0.5,0.003795
29085,Hickory County,,MO,522,8534,9056,4,2,6,322,169,491,7,0.261927,0.273617,0,0.000624,0.000149,113,0.000181,0,31,0.75,0.004484
29087,Holt County,,MO,285,5431,5716,0,1,1,0,59,59,8,0.227899,0.235186,0,0,0.000011,113,0.000052,0,178,0,0
29089,Howard County,,MO,633,10772,11405,2,3,5,316,438,754,7,0.260112,0.271069,5.5,0.000144,0.000095,113,0.000132,0,31,0.666667,0.000894
29091,Howell County,,MO,2260,41174,43434,5,6,11,820,823,1643,7,0.262174,0.274625,9567.0368,0.00016,0.000154,113,0.000276,0,31,0.233333,0.001647
29093,Iron County,,MO,617,9618,10235,1,1,2,150,231,381,8,0.22405,0.23062,0,0.000009,0.000012,113,0.000091,0,31,0,0.000188
29095,Jackson County,,MO,49243,758653,807896,100,98,198,37029,37177,74206,6,0.389567,0.426842,104281.324419,0.044999,0.051953,113,0.001954,0,31,0.350411,0.322851
29097,Jasper County,,MO,8519,126437,134956,17,19,36,4688,5024,9712,7,0.322386,0.345405,9165.741462,0.00144,0.003072,113,0.000521,0,31,0.307895,0.01118
29099,Jefferson County,,MO,14304,260237,274541,14,18,32,11277,10278,21555,7,0.325636,0.348696,3122.430822,0.001884,0.004431,113,0.000394,0,31,0.409357,0.011794
29101,Johnson County,,MO,6190,53222,59412,7,11,18,1907,2283,4190,7,0.305074,0.323929,190.266692,0.001114,0.002544,113,0.000209,0,31,0.490909,0.007455
29103,Knox County,,MO,157,4439,4596,1,0,1,61,0,61,0,0,0,0,0,0,113,0.000084,0,9,0,0.000103
29105,Laclede County,,MO,2282,38324,40606,6,6,12,852,958,1810,7,0.266628,0.279655,52.908551,0.000265,0.000245,113,0.000222,0,31,0.5,0.002491
29107,Lafayette County,,MO,2230,36717,38947,5,5,10,1383,1410,2793,7,0.280549,0.29394,4.185714,0.000613,0.000527,113,0.000163,0,31,0.6,0.004325
29109,Lawrence County,,MO,3108,40411,43519,7,7,14,2265,2078,4343,7,0.262422,0.275069,16.480012,0.000208,0.000176,113,0.000269,0,31,0.595238,0.00217
29111,Lewis County,,MO,700,10594,11294,2,3,5,207,241,448,8,0.24077,0.249371,2825,0.000017,0.000011,113,0.000112,0,31,0.333333,0.0003
29113,Lincoln County,,MO,3971,61960,65931,6,6,12,3368,2653,6021,7,0.288444,0.302454,2609.870041,0.000959,0.001009,113,0.000176,0,31,0.666667,0.00577
29115,Linn County,,MO,778,13786,14564,1,2,3,72,188,260,9,0.17139,0.175024,2,0,0,113,0.000091,0,174,0,0.000098
29117,Livingston County,,MO,804,15724,16528,2,1,3,147,58,205,1,1,1,2,0,0,113,0.000488,0,173,0,0.000197
29119,McDonald County,,MO,2315,22909,25224,6,6,12,1320,1276,2596,7,0.268769,0.281228,531.598916,0.000388,0.000241,113,0.000212,0,31,0.547619,0.003518
29121,Macon County,,MO,997,17522,18519,3,3,6,321,329,650,7,0.260234,0.271309,11244.75,0.00001,0.000094,113,0.000182,0,31,0.25,0.000318
29123,Madison County,,MO,806,12380,13186,2,1,3,324,291,615,8,0.22405,0.23062,0,0.000049,0.000012,113,0.00011,0,31,1,0.000415
29125,Maries County,,MO,634,9233,9867,2,4,6,206,372,578,8,0.25009,0.261272,56.343657,0.000013,0.000098,113,0.000114,0,31,0.166667,0.000349
29127,Marion County,,MO,1973,31770,33743,5,6,11,910,1005,1915,7,0.26087,0.272743,6122.999299,0.000019,0.000104,113,0.000247,0,31,0.133333,0.000597
29129,Mercer County,,MO,165,3911,4076,0,0,0,0,0,0,0,0,0,0,0,0,108,0.000052,104,179,0,0
29131,Miller County,,MO,1777,25319,27096,4,3,7,1010,876,1886,8,0.242218,0.25115,54.558617,0.000204,0.000049,113,0.000158,0,31,0.833333,0.001878
29133,Mississippi County,,MO,815,12147,12962,2,3,5,314,386,700,8,0.224685,0.23197,0,0.000005,0.000012,113,0.000101,0,31,0.833333,0.000222
29135,Moniteau County,,MO,857,17137,17994,3,3,6,512,401,913,8,0.242007,0.250928,4.1,0.00004,0.000029,113,0.000138,0,31,0.333333,0.000544
29137,Monroe County,,MO,477,9679,10156,2,4,6,173,294,467,7,0.260454,0.271807,41.853141,0.000002,0.000095,113,0.000137,0,31,0.5,0.00023
29139,Montgomery County,,MO,751,12785,13536,5,5,10,406,473,879,7,0.263168,0.275137,161.547276,0.000911,0.000169,113,0.000187,0,31,0.4,0.005497
29141,Morgan County,,MO,1515,20780,22295,5,6,11,662,750,1412,7,0.280748,0.29448,359.80722,0.000052,0.00046,113,0.000212,0,31,0.5,0.000928
29143,New Madrid County,,MO,1385,17766,19151,5,6,11,736,898,1634,8,0.225432,0.233656,110.84972,0.000006,0.000013,113,0.000186,0,31,0.5,0.000552
29145,Newton County,,MO,5194,60772,65966,8,9,17,3419,3402,6821,7,0.283527,0.298536,735.235247,0.000389,0.000781,113,0.000279,0,31,0.5,0.003762
29147,Nodaway County,,MO,1382,21248,22630,1,5,6,56,431,487,7,0.28595,0.299892,0,0.000017,0.00091,113,0.000082,0,31,0.75,0.000199
29149,Oregon County,,MO,784,9903,10687,1,2,3,205,272,477,7,0.262001,0.273797,0,0.000001,0.000144,113,0.000091,0,31,1,0.000122
29151,Osage County,,MO,680,15688,16368,2,2,4,312,311,623,8,0.241986,0.250718,8.541347,0.000029,0.000031,113,0.000103,0,31,0.333333,0.000399
29153,Ozark County,,MO,526,9051,9577,1,3,4,66,257,323,7,0.262199,0.274265,10.028822,0.000001,0.000146,113,0.000091,0,31,0.333333,0.000122
29155,Pemiscot County,,MO,1094,16500,17594,3,5,8,373,554,927,8,0.234391,0.243426,799.71468,0.000007,0.000027,241,0.000133,0,31,0.2,0.000393
29157,Perry County,,MO,949,22719,23668,4,3,7,487,402,889,7,0.288414,0.302028,914.25359,0.000021,0.000564,113,0.000194,0,31,0.35,0.000572
29159,Pettis County,,MO,2912,46647,49559,8,10,18,1200,1459,2659,7,0.281402,0.29589,356.527854,0.00065,0.000651,113,0.00028,0,31,0.366667,0.004587
29161,Phelps County,,MO,3381,42844,46225,11,11,22,1285,1337,2622,7,0.292544,0.308891,7844.687,0.00171,0.001432,113,0.000284,0,31,0.409091,0.010483
29163,Pike County,,MO,897,18602,19499,3,4,7,360,408,768,7,0.263342,0.275215,83.123343,0.000011,0.00016,113,0.000166,0,31,0.166667,0.000392
29165,Platte County,,MO,12265,109512,121777,20,16,36,9552,8198,17750,7,0.328059,0.351135,2850.310449,0.006615,0.005393,113,0.000475,0,31,0.510823,0.045657
29167,Polk County,,MO,2558,30445,33003,6,5,11,1315,1276,2591,7,0.262001,0.274157,73.866215,0.000637,0.00016,113,0.000283,0,31,0.466667,0.004769
29169,Pulaski County,,MO,9589,44301,53890,24,25,49,3506,3811,7317,7,0.332257,0.358199,7708.123951,0.008461,0.009896,113,0.000456,0,31,0.47931,0.061419
29171,Putnam County,,MO,319,5186,5505,0,0,0,0,0,0,0,0,0,0,0,0,109,0.000052,105,180,0,0
29173,Ralls County,,MO,711,11581,12292,1,1,2,479,402,881,8,0.206912,0.212638,0,0.000001,0,113,0.000087,0,31,0,0.000112
29175,Randolph County,,MO,1552,25665,27217,5,4,9,657,570,1227,7,0.260356,0.271627,19357.058479,0.000146,0.000094,113,0.000233,0,31,0.233333,0.00119
29177,Ray County,,MO,1760,25706,27466,6,5,11,1244,1124,2368,7,0.280521,0.29388,80.618874,0.00064,0.000573,113,0.000217,0,31,0.666667,0.004811
29179,Reynolds County,,MO,297,6296,6593,0,0,0,0,0,0,0,0,0,0,0,0,110,0.000052,106,181,0,0
29181,Ripley County,,MO,720,12913,13633,1,1,2,271,258,529,8,0.208402,0.21464,0,0.000001,0,113,0.000116,0,31,0,0.000123
29183,St. Charles County,,MO,24508,468369,492877,37,44,81,21309,16362,37671,6,0.35652,0.386429,25774.409222,0.016694,0.025198,113,0.000795,0,31,0.431373,0.120533
29185,St. Clair County,,MO,496,8966,9462,2,2,4,178,175,353,7,0.280408,0.293281,0,0.000471,0.000408,113,0.000095,0,31,1,0.003139
29186,Ste. Genevieve County,,MO,1187,20592,21779,4,4,8,780,815,1595,7,0.288144,0.301818,947.136896,0.000724,0.000575,113,0.000179,0,31,0.583333,0.004419
29187,St. Francois County,,MO,3641,63547,67188,10,9,19,2468,2096,4564,7,0.288713,0.303348,9572.064657,0.001372,0.001031,113,0.00041,0,31,0.433333,0.008281
29189,St. Louis County,,MO,76571,1188918,1265489,122,132,254,54783,61490,116273,6,0.404367,0.444474,143076.067583,0.060791,0.074661,113,0.002186,0,31,0.359098,0.426267
29195,Saline County,,MO,1305,24799,26104,3,5,8,263,488,751,7,0.281146,0.29475,63.685138,0.000477,0.000509,113,0.000121,0,31,0.6,0.003295
29197,Schuyler County,,MO,203,4406,4609,1,1,2,103,106,209,8,0.225231,0.231927,0,0.000009,0,113,0.000088,0,31,0,0.000105
29199,Scotland County,,MO,186,5584,5770,0,0,0,0,0,0,0,0,0,0,0,0,111,0.000052,107,182,0,0
29201,Scott County,,MO,2990,42314,45304,4,7,11,1612,1779,3391,7,0.288803,0.303228,6117.925317,0.000009,0.000558,113,0.000181,0,31,0.428571,0.000538
29203,Shannon County,,MO,440,7775,8215,2,1,3,138,125,263,8,0.207732,0.21371,0,0.000004,0.000001,113,0.000122,0,31,1,0.000252
29205,Shelby County,,MO,367,7441,7808,0,1,1,0,96,96,8,0.206556,0.21207,0,0,0,113,0.000052,0,183,0,0
29207,Stoddard County,,MO,1818,31277,33095,6,7,13,891,1012,1903,8,0.22578,0.234412,2276.694922,0.000016,0.000013,113,0.000274,0,31,0.428571,0.000775
29209,Stone County,,MO,2819,32580,35399,5,5,10,1507,1450,2957,7,0.26215,0.274319,1.707576,0.000192,0.000164,113,0.000195,0,31,0.75,0.001839
29211,Sullivan County,,MO,529,7102,7631,1,1,2,80,79,159,8,0.225231,0.231927,0,0.000009,0,113,0.000088,0,31,0,0.000105
29213,Taney County,,MO,5078,55021,60099,6,8,14,1724,2072,3796,7,0.319825,0.340648,763.346211,0.000642,0.00223,113,0.000213,0,31,0.541667,0.004796
29215,Texas County,,MO,1553,23992,25545,6,6,12,773,697,1470,7,0.266782,0.280015,2071.732702,0.00026,0.000237,113,0.000217,0,31,0.333333,0.002428
29217,Vernon County,,MO,1420,20965,22385,6,5,11,529,568,1097,7,0.262397,0.274769,263.774421,0.000192,0.000162,113,0.000252,0,31,0.2,0.001926
29219,Warren County,,MO,2954,37408,40362,5,6,11,2478,2073,4551,7,0.288324,0.302346,33.833751,0.000922,0.000741,113,0.000157,0,31,0.733333,0.005593
29221,Washington County,,MO,1260,22547,23807,4,4,8,878,850,1728,7,0.288114,0.301758,0.6,0.000734,0.000587,113,0.000142,0,31,0.916667,0.004503
29223,Wayne County,,MO,807,11208,12015,2,1,3,201,235,436,8,0.208402,0.21464,0,0.000002,0,113,0.000149,0,31,1,0.00024
29225,Webster County,,MO,3026,39698,42724,5,5,10,2143,1879,4022,7,0.262001,0.274157,3.333333,0.000172,0.000156,113,0.00019,0,31,0.566667,0.001759
29227,Worth County,,MO,-2,2350,2348,0,0,0,0,0,0,0,0,0,0,0,0,112,0.000052,108,184,0,0
29229,Wright County,,MO,1343,17961,19304,5,5,10,631,777,1408,7,0.262026,0.274217,5.783333,0.000162,0.000151,113,0.000194,0,31,0.55,0.001713
29510,St. Louis city,,MO,40764,298046,338810,54,65,119,26461,34537,60998,6,0.387664,0.420044,32368.584542,0.032688,0.044824,113,0.000912,0,31,0.596631,0.22408
30001,Beaverhead County,,MT,592,10269,10861,0,3,3,0,174,174,8,0.250067,0.261179,0,0,0.000233,291,0.000052,0,185,1,0
30003,Big Horn County,,MT,575,12436,13011,1,1,2,196,278,474,8,0.248257,0.258699,0,0.000096,0.000101,291,0.000087,0,31,0,0.000957
30005,Blaine County,,MT,277,6867,7144,1,1,2,99,96,195,9,0.201348,0.207402,0,0.000003,0.000001,291,0.000084,0,31,0,0.000115
30007,Broadwater County,,MT,455,6083,6538,2,2,4,290,247,537,8,0.248036,0.258393,0,0.000136,0.000151,291,0.000108,0,31,1,0.001417
30009,Carbon County,,MT,928,11367,12295,1,2,3,416,390,806,8,0.248546,0.259419,0,0.000096,0.000236,291,0.000087,0,31,1,0.000957
30011,Carter County,,MT,-2,1389,1387,0,0,0,0,0,0,0,0,0,0,0,0,114,0.000052,109,186,0,0
30013,Cascade County,,MT,8289,94857,103146,17,19,36,2051,2492,4543,7,0.32598,0.349751,23356.258565,0.003238,0.00719,291,0.000667,0,31,0.316017,0.026934
30015,Chouteau County,,MT,250,5492,5742,1,1,2,81,92,173,8,0.245862,0.25546,0,0.000064,0.000029,291,0.000082,0,31,0,0.000365
30017,Custer County,,MT,1163,13269,14432,1,1,2,103,197,300,8,0.248257,0.258699,0,0.000096,0.000101,291,0.000087,0,31,0,0.000957
30019,Daniels County,,MT,53,2251,2304,0,0,0,0,0,0,0,0,0,0,0,0,115,0.000052,110,187,0,0
30021,Dawson County,,MT,1058,10845,11903,0,1,1,0,148,148,8,0.248302,0.258786,0,0,0.000101,291,0.000052,0,188,0,0
30023,Deer Lodge County,,MT,573,9452,10025,1,2,3,133,165,298,8,0.248502,0.258945,0,0.000016,0.000098,291,0.00008,0,31,1,0.000148
30025,Fallon County,,MT,289,3840,4129,0,0,0,0,0,0,0,0,0,0,0,0,116,0.000052,111,189,0,0
30027,Fergus County,,MT,721,13555,14276,2,2,4,170,195,365,8,0.24982,0.260955,0,0.000161,0.00013,291,0.000117,0,31,1,0.001322
30029,Flathead County,,MT,5397,113519,118916,22,16,38,3034,2115,5149,7,0.322423,0.344898,8690.89945,0.009028,0.006056,291,0.000623,0,31,0.456522,0.071
30031,Gallatin County,,MT,9462,116037,125499,36,25,61,4576,3545,8121,7,0.329694,0.355181,23673.096141,0.015145,0.011328,291,0.000977,0,31,0.438596,0.119838
30033,Garfield County,,MT,75,1415,1490,0,0,0,0,0,0,0,0,0,0,0,0,117,0.000052,112,190,0,0
30035,Glacier County,,MT,619,13030,13649,2,2,4,161,173,334,8,0.250609,0.261657,0,0.000149,0.000123,291,0.000117,0,31,1,0.001263
30037,Golden Valley County,,MT,76,1002,1078,0,0,0,0,0,0,0,0,0,0,0,0,118,0.000052,113,191,0,0
30039,Granite County,,MT,169,3120,3289,1,1,2,64,58,122,8,0.248435,0.258645,0,0.000085,0.000094,291,0.000088,0,31,0,0.000898
30041,Hill County,,MT,1296,18615,19911,3,5,8,282,484,766,8,0.252087,0.264404,5601,0.000161,0.000305,291,0.000188,0,31,0.6,0.001421
30043,Jefferson County,,MT,980,13083,14063,3,3,6,672,567,1239,8,0.24808,0.258633,0,0.000152,0.000154,291,0.000136,0,31,1,0.001565
30045,Judith Basin County,,MT,111,2206,2317,0,0,0,0,0,0,0,0,0,0,0,0,119,0.000052,114,192,0,0
30047,Lake County,,MT,1999,29969,31968,4,3,7,758,773,1531,8,0.248902,0.259533,2.069554,0.000175,0.000197,291,0.000194,0,31,0.6,0.001997
30049,Lewis and Clark County,,MT,4799,78624,83423,10,14,24,2061,2278,4339,7,0.319347,0.341386,4790.977433,0.001693,0.003883,291,0.000369,0,31,0.5,0.01483
30051,Liberty County,,MT,62,2268,2330,0,0,0,0,0,0,0,0,0,0,0,0,120,0.000052,115,193,0,0
30053,Lincoln County,,MT,1199,19055,20254,1,2,3,211,295,506,8,0.24888,0.259353,0,0.000054,0.000175,291,0.000085,0,31,1,0.000742
30055,McCone County,,MT,66,2202,2268,0,0,0,0,0,0,0,0,0,0,0,0,121,0.000052,116,194,0,0
30057,Madison County,,MT,667,8587,9254,1,1,2,158,184,342,8,0.247969,0.258093,0,0.000102,0.000136,291,0.000086,0,31,0,0.001173
30059,Meagher County,,MT,88,1939,2027,0,0,0,0,0,0,0,0,0,0,0,0,122,0.000052,117,195,0,0
30061,Mineral County,,MT,436,4245,4681,1,1,2,90,169,259,8,0.248435,0.258645,0,0.000085,0.000094,291,0.000088,0,31,0,0.000898
30063,Missoula County,,MT,9222,125355,134577,33,26,59,5158,4698,9856,7,0.330518,0.356291,35749.968117,0.010495,0.009454,291,0.001078,0,31,0.330952,0.086801
30065,Musselshell County,,MT,329,4716,5045,1,1,2,143,139,282,8,0.248257,0.258699,0,0.000096,0.000101,291,0.000087,0,31,0,0.000957
30067,Park County,,MT,1300,19197,20497,3,2,5,484,423,907,8,0.248546,0.259419,0,0.000283,0.000236,291,0.000155,0,31,1,0.003028
30069,Petroleum County,,MT,-2,495,493,0,0,0,0,0,0,0,0,0,0,0,0,123,0.000052,118,196,0,0
30071,Phillips County,,MT,150,4945,5095,0,0,0,0,0,0,0,0,0,0,0,0,124,0.000052,119,197,0,0
30073,Pondera County,,MT,415,7094,7509,0,1,1,0,95,95,8,0.245907,0.255548,0,0,0.000029,291,0.000052,0,198,0,0
30075,Powder River County,,MT,66,1947,2013,0,0,0,0,0,0,0,0,0,0,0,0,125,0.000052,120,199,0,0
30077,Powell County,,MT,422,6206,6628,1,1,2,57,68,125,8,0.248457,0.258705,0,0.000035,0.000094,291,0.000075,0,31,1,0.000244
30079,Prairie County,,MT,62,1362,1424,0,0,0,0,0,0,0,0,0,0,0,0,126,0.000052,121,200,0,0
30081,Ravalli County,,MT,2805,46530,49335,6,3,9,1294,946,2240,8,0.250023,0.261093,1.684348,0.002405,0.000311,291,0.000244,0,31,0.809524,0.020302
30083,Richland County,,MT,1798,14009,15807,2,2,4,127,212,339,8,0.254489,0.266528,17.346979,0.000166,0.000116,187,0.0001,0,31,0.5,0.001203
30085,Roosevelt County,,MT,919,10499,11418,1,2,3,65,157,222,8,0.254489,0.266528,0,0.000069,0.000116,291,0.000065,0,31,0.5,0.000246
30087,Rosebud County,,MT,770,10277,11047,1,1,2,123,204,327,8,0.248257,0.258699,0,0.000096,0.000101,291,0.000087,0,31,0,0.000957
30089,Sanders County,,MT,582,11639,12221,2,2,4,141,187,328,8,0.248457,0.258825,0,0.000139,0.000096,291,0.000121,0,31,1,0.001639
30091,Sheridan County,,MT,271,4723,4994,0,0,0,0,0,0,0,0,0,0,0,0,127,0.000052,122,201,0,0
30093,Silver Bow County,,MT,2293,37904,40197,8,9,17,773,965,1738,7,0.317232,0.337726,3906.319089,0.000387,0.001782,291,0.000295,0,31,0.533333,0.003947
30095,Stillwater County,,MT,822,10541,11363,1,1,2,287,333,620,8,0.248257,0.258699,0,0.000096,0.000101,291,0.000087,0,31,0,0.000957
30097,Sweet Grass County,,MT,216,4104,4320,0,0,0,0,0,0,0,0,0,0,0,0,128,0.000052,123,202,0,0
30099,Teton County,,MT,473,7289,7762,1,1,2,116,150,266,8,0.245862,0.25546,0,0.000064,0.000029,291,0.000082,0,31,0,0.000365
30101,Toole County,,MT,371,5305,5676,0,1,1,0,94,94,8,0.245907,0.255548,0,0,0.000029,291,0.000052,0,203,0,0
30103,Treasure County,,MT,-2,898,896,0,0,0,0,0,0,0,0,0,0,0,0,129,0.000052,124,204,0,0
30105,Valley County,,MT,587,8846,9433,0,1,1,0,74,74,8,0.248302,0.258786,0,0,0.000101,291,0.000052,0,205,0,0
30107,Wheatland County,,MT,124,1891,2015,0,0,0,0,0,0,0,0,0,0,0,0,130,0.000052,125,206,0,0
30109,Wibaux County,,MT,-2,1124,1122,0,0,0,0,0,0,0,0,0,0,0,0,131,0.000052,126,207,0,0
30111,Yellowstone County,,MT,10717,184559,195276,39,33,72,5266,4701,9967,7,0.330203,0.356861,66017.131083,0.011206,0.010755,291,0.001335,0,31,0.239958,0.091849
31001,Adams County,,NE,2155,36004,38159,6,6,12,847,991,1838,7,0.27805,0.292333,11200,0.000703,0.000455,234,0.000345,0,31,0.4,0.004047
31003,Antelope County,,NE,359,7732,8091,1,1,2,84,111,195,8,0.217609,0.224328,0,0.000004,0.000006,234,0.000101,0,31,0,0.000147
31005,Arthur County,,NE,-2,523,521,0,0,0,0,0,0,0,0,0,0,0,0,132,0.000052,127,208,0,0
31007,Banner County,,NE,83,719,802,0,0,0,0,0,0,0,0,0,0,0,0,133,0.000052,128,209,0,0
31009,Blaine County,,NE,-2,571,569,0,0,0,0,0,0,0,0,0,0,0,0,134,0.000052,129,210,0,0
31011,Boone County,,NE,248,6860,7108,0,0,0,0,0,0,0,0,0,0,0,0,135,0.000052,130,211,0,0
31013,Box Butte County,,NE,875,13616,14491,1,2,3,65,172,237,7,0.264899,0.276565,0,0.000016,0.000144,234,0.000095,0,31,1,0.000253
31015,Boyd County,,NE,-2,2314,2312,0,0,0,0,0,0,0,0,0,0,0,0,136,0.000052,131,212,0,0
31017,Brown County,,NE,150,3443,3593,0,0,0,0,0,0,0,0,0,0,0,0,137,0.000052,132,213,0,0
31019,Buffalo County,,NE,3597,54865,58462,10,9,19,1563,1621,3184,7,0.318177,0.338746,17071.3741,0.000699,0.001891,234,0.000496,0,31,0.272727,0.004501
31021,Burt County,,NE,369,7928,8297,2,2,4,148,133,281,7,0.277522,0.290744,0,0.000469,0.000316,234,0.000097,0,31,1,0.002515
31023,Butler County,,NE,422,10071,10493,2,2,4,196,172,368,7,0.264597,0.276151,0,0.000189,0.00014,234,0.000122,0,31,1,0.001304
31025,Cass County,,NE,2262,30590,32852,5,4,9,1794,1340,3134,7,0.277828,0.291614,1.947772,0.000766,0.000545,234,0.00017,0,31,0.8,0.004621
31027,Cedar County,,NE,412,10571,10983,1,1,2,84,60,144,9,0.203621,0.209422,0,0.000001,0.000001,234,0.000101,0,31,0,0.000116
31029,Chase County,,NE,255,4732,4987,0,0,0,0,0,0,0,0,0,0,0,0,138,0.000052,133,214,0,0
31031,Cherry County,,NE,308,6973,7281,0,0,0,0,0,0,0,0,0,0,0,0,139,0.000052,134,215,0,0
31033,Cheyenne County,,NE,1031,12216,13247,0,0,0,0,0,0,0,0,0,0,0,0,140,0.000052,135,216,0,0
31035,Clay County,,NE,422,7477,7899,1,1,2,112,164,276,8,0.217575,0.224208,0,0.000004,0.000006,234,0.000101,0,31,0,0.000144
31037,Colfax County,,NE,1158,13628,14786,2,4,6,262,586,848,7,0.277856,0.291674,0,0.000009,0.000456,234,0.000129,0,31,1,0.000362
31039,Cuming County,,NE,526,11481,12007,1,2,3,91,165,256,7,0.277522,0.290744,0,0.000005,0.000316,234,0.000087,0,31,1,0.00016
31041,Custer County,,NE,660,13142,13802,0,1,1,0,73,73,8,0.241442,0.250093,0,0,0.000006,234,0.000052,0,217,0,0
31043,Dakota County,,NE,2226,25630,27856,2,5,7,757,1204,1961,7,0.277995,0.291962,2996.731456,0.000492,0.000339,234,0.000092,0,31,0.3,0.002711
31045,Dawes County,,NE,749,8566,9315,0,1,1,0,64,64,8,0.241505,0.250087,0,0,0.000019,234,0.000052,0,218,0,0
31047,Dawson County,,NE,2287,29581,31868,5,6,11,456,825,1281,7,0.27805,0.292333,2832.365591,0.000707,0.000461,234,0.000207,0,31,0.566667,0.003985
31049,Deuel County,,NE,173,2106,2279,0,0,0,0,0,0,0,0,0,0,0,0,141,0.000052,136,219,0,0
31051,Dixon County,,NE,338,7178,7516,2,1,3,163,60,223,8,0.217337,0.223711,3.019048,0.000006,0,234,0.000127,0,31,0,0.000225
31053,Dodge County,,NE,2645,43418,46063,9,8,17,1397,1563,2960,7,0.277967,0.292393,3617.686738,0.00078,0.000566,234,0.000323,0,31,0.388889,0.005144
31055,Douglas County,,NE,41932,651954,693886,84,94,178,25177,27276,52453,6,0.383914,0.421568,146694.387381,0.034419,0.051863,234,0.001928,0,31,0.359216,0.252222
31057,Dundy County,,NE,68,2038,2106,0,0,0,0,0,0,0,0,0,0,0,0,142,0.000052,137,220,0,0
31059,Fillmore County,,NE,258,7034,7292,1,2,3,85,113,198,7,0.264597,0.276151,0,0.000004,0.000127,234,0.000087,0,31,1,0.000114
31061,Franklin County,,NE,145,3611,3756,0,0,0,0,0,0,0,0,0,0,0,0,143,0.000052,138,221,0,0
31063,Frontier County,,NE,161,2841,3002,0,0,0,0,0,0,0,0,0,0,0,0,144,0.000052,139,222,0,0
31065,Furnas County,,NE,373,5667,6040,0,0,0,0,0,0,0,0,0,0,0,0,145,0.000052,140,223,0,0
31067,Gage County,,NE,1330,25778,27108,3,3,6,573,543,1116,7,0.264597,0.276271,1,0.00019,0.000128,234,0.00017,0,31,0.666667,0.001323
31069,Garden County,,NE,92,2199,2291,0,0,0,0,0,0,0,0,0,0,0,0,146,0.000052,141,224,0,0
31071,Garfield County,,NE,112,2044,2156,0,0,0,0,0,0,0,0,0,0,0,0,147,0.000052,142,225,0,0
31073,Gosper County,,NE,165,2335,2500,1,0,1,99,0,99,0,0,0,0,0.000004,0,234,0.000082,0,19,0,0.000141
31075,Grant County,,NE,-2,862,860,0,0,0,0,0,0,0,0,0,0,0,0,148,0.000052,143,226,0,0
31077,Greeley County,,NE,154,2893,3047,0,0,0,0,0,0,0,0,0,0,0,0,149,0.000052,144,227,0,0
31079,Hall County,,NE,5034,73736,78770,10,13,23,1900,2428,4328,7,0.32903,0.352157,15559.545329,0.001642,0.004021,234,0.000448,0,31,0.301282,0.010517
31081,Hamilton County,,NE,731,11588,12319,1,2,3,223,261,484,7,0.264849,0.276529,0,0.000036,0.00014,234,0.000082,0,31,1,0.000206
31083,Harlan County,,NE,159,3960,4119,0,0,0,0,0,0,0,0,0,0,0,0,150,0.000052,145,228,0,0
31085,Hayes County,,NE,90,1082,1172,0,0,0,0,0,0,0,0,0,0,0,0,151,0.000052,146,229,0,0
31087,Hitchcock County,,NE,154,3221,3375,1,1,2,61,66,127,8,0.20929,0.214969,0,0.000001,0,234,0.000117,0,230,0,0.000098
31089,Holt County,,NE,531,12935,13466,0,0,0,0,0,0,0,0,0,0,0,0,152,0.000052,147,231,0,0
31091,Hooker County,,NE,-2,900,898,0,0,0,0,0,0,0,0,0,0,0,0,153,0.000052,148,232,0,0
31093,Howard County,,NE,339,7775,8114,1,1,2,153,156,309,8,0.247594,0.256996,0,0.000036,0.000015,234,0.000082,0,31,0,0.000206
31095,Jefferson County,,NE,406,8518,8924,2,2,4,185,169,354,7,0.264571,0.276091,0,0.000186,0.000127,234,0.000128,0,31,1,0.001216
31097,Johnson County,,NE,235,5241,5476,1,1,2,66,68,134,7,0.264546,0.275911,0,0.000185,0.000125,234,0.000079,0,31,0,0.001102
31099,Kearney County,,NE,494,7792,8286,1,1,2,278,249,527,8,0.241397,0.250003,0,0.000017,0.000006,234,0.000099,0,31,0,0.000157
31101,Keith County,,NE,635,9591,10226,1,1,2,69,96,165,8,0.217507,0.224059,0,0.000004,0.000006,234,0.000086,0,31,0,0.000136
31103,Keya Paha County,,NE,-2,960,958,0,0,0,0,0,0,0,0,0,0,0,0,154,0.000052,149,233,0,0
31105,Kimball County,,NE,315,4060,4375,0,0,0,0,0,0,0,0,0,0,0,0,155,0.000052,150,234,0,0
31107,Knox County,,NE,477,10098,10575,1,0,1,78,0,78,0,0,0,0,0.000004,0,234,0.000101,0,20,0,0.000147
31109,Lancaster County,,NE,17270,348808,366078,49,50,99,9064,10070,19134,6,0.359658,0.390497,99468.251514,0.013933,0.020647,234,0.001597,0,31,0.229583,0.106024
31111,Lincoln County,,NE,2306,41471,43777,4,5,9,428,583,1011,7,0.277939,0.291973,5601,0.000655,0.000446,234,0.0002,0,31,0.6,0.003726
31113,Logan County,,NE,54,945,999,0,0,0,0,0,0,0,0,0,0,0,0,156,0.000052,151,235,0,0
31115,Loup County,,NE,-2,666,664,0,0,0,0,0,0,0,0,0,0,0,0,157,0.000052,152,236,0,0
31117,McPherson County,,NE,-2,537,535,0,0,0,0,0,0,0,0,0,0,0,0,158,0.000052,153,237,0,0
31119,Madison County,,NE,2749,41822,44571,7,8,15,914,1199,2113,7,0.278106,0.292693,22455.001786,0.000657,0.000449,234,0.000456,0,31,0.125,0.004087
31121,Merrick County,,NE,533,9105,9638,1,1,2,217,148,365,8,0.247594,0.256996,0,0.000036,0.000015,234,0.000082,0,31,0,0.000206
31123,Morrill County,,NE,346,5381,5727,1,1,2,173,150,323,8,0.24146,0.249997,0,0.000016,0.000019,234,0.000095,0,31,0,0.000253
31125,Nance County,,NE,215,4119,4334,0,0,0,0,0,0,0,0,0,0,0,0,159,0.000052,154,238,0,0
31127,Nemaha County,,NE,372,7538,7910,2,1,3,137,63,200,7,0.264546,0.275911,0,0.000189,0.000125,234,0.000102,0,31,1,0.001235
31129,Nuckolls County,,NE,236,5186,5422,0,0,0,0,0,0,0,0,0,0,0,0,160,0.000052,155,239,0,0
31131,Otoe County,,NE,1180,18926,20106,3,5,8,563,615,1178,7,0.277883,0.291854,1469.157428,0.000655,0.000442,234,0.000133,0,31,0.4,0.003632
31133,Pawnee County,,NE,142,3176,3318,0,0,0,0,0,0,0,0,0,0,0,0,161,0.000052,156,240,0,0
31135,Perkins County,,NE,153,3540,3693,0,0,0,0,0,0,0,0,0,0,0,0,162,0.000052,157,241,0,0
31137,Phelps County,,NE,613,11301,11914,1,1,2,129,118,247,8,0.241397,0.250003,0,0.000017,0.000006,234,0.000099,0,31,0,0.000157
31139,Pierce County,,NE,439,8937,9376,1,1,2,131,157,288,8,0.217609,0.224328,0,0.000004,0.000006,234,0.000101,0,31,0,0.000147
31141,Platte County,,NE,2338,42258,44596,9,8,17,1126,1077,2203,7,0.278189,0.292873,5300.063011,0.001662,0.000465,234,0.000402,0,31,0.333333,0.010412
31143,Polk County,,NE,311,6381,6692,2,1,3,125,92,217,8,0.21766,0.224418,0,0.000189,0.000015,234,0.000122,0,31,1,0.001304
31145,Red Willow County,,NE,689,12530,13219,1,2,3,66,112,178,7,0.264661,0.276252,2779,0,0.000125,234,0.000152,0,230,0,0.000098
31147,Richardson County,,NE,369,9417,9786,0,1,1,0,63,63,7,0.264591,0.275992,0,0,0.000125,234,0.000052,0,242,0,0
31149,Rock County,,NE,-2,1625,1623,0,0,0,0,0,0,0,0,0,0,0,0,163,0.000052,158,243,0,0
31151,Saline County,,NE,1076,16550,17626,2,3,5,407,535,942,7,0.277772,0.291374,20.805544,0.000186,0.000435,234,0.000128,0,31,0.666667,0.001216
31153,Sarpy County,,NE,20749,208649,229398,25,20,45,14472,12877,27349,7,0.338615,0.364312,7324.910958,0.011721,0.011953,234,0.000571,0,31,0.435961,0.084349
31155,Saunders County,,NE,1535,25269,26804,4,5,9,1118,1012,2130,7,0.277883,0.291854,0.25,0.000763,0.000553,234,0.000156,0,31,0.9,0.004505
31157,Scotts Bluff County,,NE,2297,41046,43343,8,7,15,690,642,1332,7,0.318286,0.338596,12711.324843,0.002136,0.001835,234,0.000348,0,31,0.277778,0.016271
31159,Seward County,,NE,1229,19663,20892,2,2,4,594,549,1143,7,0.264597,0.276151,0,0.000189,0.000127,234,0.000115,0,31,1,0.001216
31161,Sheridan County,,NE,312,5923,6235,0,0,0,0,0,0,0,0,0,0,0,0,164,0.000052,159,244,0,0
31163,Sherman County,,NE,168,3614,3782,0,1,1,0,60,60,8,0.241442,0.250093,0,0,0.000006,234,0.000052,0,245,0,0
31165,Sioux County,,NE,63,1350,1413,0,0,0,0,0,0,0,0,0,0,0,0,165,0.000052,160,246,0,0
31167,Stanton County,,NE,435,7007,7442,1,1,2,227,211,438,8,0.217609,0.224328,0,0.000004,0.000006,234,0.000101,0,31,0,0.000147
31169,Thayer County,,NE,324,6281,6605,0,0,0,0,0,0,0,0,0,0,0,0,166,0.000052,161,247,0,0
31171,Thomas County,,NE,47,798,845,0,0,0,0,0,0,0,0,0,0,0,0,167,0.000052,162,248,0,0
31173,Thurston County,,NE,255,7407,7662,2,1,3,163,78,241,8,0.245406,0.254904,0,0.00003,0.000029,234,0.000091,0,31,1,0.000449
31175,Valley County,,NE,233,5009,5242,0,0,0,0,0,0,0,0,0,0,0,0,168,0.000052,163,249,0,0
31177,Washington County,,NE,1536,24373,25909,3,4,7,1196,884,2080,7,0.277856,0.291674,2.093477,0.000577,0.000445,234,0.000128,0,31,0.75,0.003403
31179,Wayne County,,NE,648,9478,10126,2,3,5,113,242,355,7,0.277661,0.291164,2787.6875,0.000004,0.000315,234,0.000209,0,31,0.333333,0.000249
31181,Webster County,,NE,203,3981,4184,1,1,2,86,81,167,8,0.217575,0.224208,0,0.000004,0.000006,234,0.000101,0,31,0,0.000144
31183,Wheeler County,,NE,61,953,1014,0,0,0,0,0,0,0,0,0,0,0,0,169,0.000052,164,250,0,0
31185,York County,,NE,1057,16557,17614,3,4,7,251,343,594,7,0.277828,0.291614,2866.111087,0.000187,0.000435,234,0.000165,0,31,0.416667,0.001311
32001,Churchill County,,NV,2460,25926,28386,6,5,11,1012,872,1884,7,0.317704,0.336858,21.652608,0.003348,0.003364,13,0.000155,0,31,0.7,0.024427
32003,Clark County,,NV,105346,2388838,2494184,361,294,655,117005,83450,200455,6,0.437136,0.493149,234444.780612,0.130601,0.113938,13,0.005542,0,31,0.153973,0.880632
32005,Douglas County,,NV,4713,58829,63542,16,8,24,3377,2450,5827,7,0.321528,0.341904,19.704956,0.009862,0.004923,13,0.000283,0,31,0.879167,0.071866
32007,Elko County,,NV,4414,59685,64099,10,10,20,1638,1690,3328,7,0.320267,0.341274,3161.209415,0.00328,0.004229,291,0.000308,0,31,0.410256,0.026861
32009,Esmeralda County,,NV,63,888,951,0,0,0,0,0,0,0,0,0,0,0,0,170,0.000052,165,251,0,0
32011,Eureka County,,NV,222,1854,2076,0,0,0,0,0,0,0,0,0,0,0,0,171,0.000052,166,252,0,0
32013,Humboldt County,,NV,1862,19849,21711,4,4,8,454,640,1094,7,0.260259,0.273464,94.371238,0.001413,0.00042,291,0.000151,0,31,0.6,0.011125
32015,Lander County,,NV,518,6565,7083,0,1,1,0,105,105,8,0.242644,0.251416,0,0,0.000029,291,0.000052,0,253,0,0
32017,Lincoln County,,NV,241,4557,4798,1,1,2,111,95,206,7,0.304205,0.320733,0,0.001022,0.001171,13,0.000068,0,31,0,0.008131
32019,Lyon County,,NV,5741,58672,64413,15,7,22,4184,3134,7318,7,0.305107,0.323073,209.515603,0.007514,0.002379,13,0.00032,0,31,0.583333,0.056159
32021,Mineral County,,NV,266,4248,4514,0,1,1,0,56,56,7,0.260133,0.272796,0,0,0.00032,13,0.000052,0,254,0,0
32023,Nye County,,NV,3225,41303,44528,8,5,13,1982,1301,3283,7,0.319164,0.33849,13.373976,0.006677,0.003534,13,0.000182,0,31,0.766667,0.049096
32027,Pershing County,,NV,444,5063,5507,2,2,4,162,164,326,7,0.260112,0.272894,0,0.000354,0.000333,291,0.000099,0,31,1,0.002724
32029,Storey County,,NV,393,4038,4431,1,2,3,271,218,489,7,0.260112,0.272894,0,0.00035,0.000388,13,0.000067,0,31,1,0.002526
32031,Washoe County,,NV,25002,514497,539499,81,82,163,22447,17413,39860,6,0.351468,0.386615,21963.070496,0.035704,0.039013,13,0.001406,0,31,0.452986,0.272675
32033,White Pine County,,NV,974,9551,10525,1,2,3,136,255,391,7,0.304238,0.320913,0,0.001022,0.001201,13,0.000068,0,31,1,0.008131
32510,Carson City,,NV,5491,60781,66272,13,8,21,3787,3406,7193,7,0.323399,0.344178,37.182198,0.009225,0.005019,13,0.000266,0,31,0.884615,0.069595
33001,Belknap County,,NH,4913,74894,79807,12,10,22,4081,3097,7178,7,0.286569,0.304187,1.239487,0.003805,0.002051,172,0.000175,0,31,0.865385,0.020964
33003,Carroll County,,NH,3597,58043,61640,15,13,28,2517,1960,4477,7,0.286806,0.305027,154.276877,0.004201,0.002991,172,0.000239,0,31,0.747619,0.024926
33005,Cheshire County,,NH,5066,87085,92151,14,11,25,2663,2330,4993,7,0.286776,0.304727,72.390706,0.00336,0.002278,172,0.000225,0,31,0.541667,0.018913
33007,Coos County,,NH,1972,34653,36625,6,6,12,794,812,1606,7,0.265609,0.27892,4249.165648,0.000838,0.000633,172,0.000164,0,31,0.666667,0.004651
33009,Grafton County,,NH,8126,99261,107387,25,25,50,4700,4715,9415,6,0.330046,0.354494,4217.364671,0.008132,0.00861,172,0.000374,0,31,0.510345,0.047481
33011,Hillsborough County,,NH,28692,495796,524488,52,68,120,21592,21279,42871,6,0.36092,0.394834,12377.262929,0.030864,0.043307,172,0.000669,0,31,0.578421,0.205617
33013,Merrimack County,,NH,11580,173467,185047,20,22,42,8846,8038,16884,7,0.326401,0.350537,1636.308108,0.006375,0.009637,172,0.000298,0,31,0.621667,0.039121
33015,Rockingham County,,NH,24404,383803,408207,40,49,89,21309,19009,40318,6,0.345953,0.375606,5118.235867,0.02097,0.028894,172,0.000506,0,31,0.606676,0.134585
33017,Strafford County,,NH,9767,141252,151019,16,13,29,7177,6348,13525,7,0.286776,0.304967,7.410043,0.005294,0.003467,172,0.000221,0,31,0.75,0.029925
33019,Sullivan County,,NH,3009,49921,52930,7,7,14,1839,1594,3433,7,0.265761,0.27934,2.606046,0.001736,0.000675,172,0.000138,0,31,0.714286,0.010281
34001,Atlantic County,,NJ,16036,325970,342006,31,52,83,7688,10627,18315,6,0.344281,0.375114,471.602554,0.018806,0.032736,214,0.000288,0,31,0.722061,0.105348
34003,Bergen County,,NJ,59596,1135984,1195580,82,126,208,49195,51897,101092,6,0.370944,0.413871,3060.142126,0.055445,0.074724,214,0.00083,0,31,0.530204,0.347093
34005,Burlington County,,NJ,31488,541425,572913,57,81,138,22990,22445,45435,6,0.356108,0.392369,1989.655957,0.037794,0.051166,214,0.000582,0,31,0.614943,0.231806
34007,Camden County,,NJ,32466,592378,624844,49,64,113,23913,26045,49958,6,0.353525,0.386273,1137.51852,0.033125,0.040618,214,0.000451,0,31,0.702213,0.19409
34009,Cape May County,,NJ,6185,113180,119365,12,19,31,3761,3255,7016,7,0.300714,0.320817,2.15384,0.00529,0.009528,214,0.000128,0,31,0.784211,0.025369
34011,Cumberland County,,NJ,7340,170809,178149,9,14,23,3149,4329,7478,7,0.300975,0.320446,46.165641,0.004109,0.007219,214,0.000117,0,31,0.825,0.022141
34013,Essex County,,NJ,55097,872137,927234,73,111,184,42808,47910,90718,6,0.368191,0.409107,1828.159969,0.048691,0.068075,214,0.000703,0,31,0.586953,0.296402
34015,Gloucester County,,NJ,17526,346504,364030,20,34,54,13491,13082,26573,7,0.329264,0.355691,144.666306,0.009019,0.020471,214,0.000181,0,31,0.751502,0.042401
34017,Hudson County,,NJ,70502,735259,805761,95,119,214,49100,62962,112062,6,0.379664,0.42116,2839.76814,0.06305,0.074017,214,0.000962,0,31,0.571419,0.39166
34019,Hunterdon County,,NJ,8867,157724,166591,19,23,42,6293,5236,11529,7,0.326018,0.349865,21.691225,0.00947,0.012947,214,0.000169,0,31,0.885,0.046185
34021,Mercer County,,NJ,25525,420047,445572,50,69,119,16608,19410,36018,6,0.359519,0.393749,592.475915,0.034751,0.047446,214,0.000452,0,31,0.743936,0.202823
34023,Middlesex County,,NJ,65269,999812,1065081,86,136,222,45918,57282,103200,6,0.37899,0.422582,3877.271398,0.058023,0.07791,214,0.000864,0,31,0.509314,0.359008
34025,Monmouth County,,NJ,34224,775378,809602,60,91,151,28155,27840,55995,6,0.361201,0.39811,814.473313,0.039191,0.058199,214,0.00055,0,31,0.610862,0.233138
34027,Morris County,,NJ,35835,621469,657304,63,94,157,27502,28530,56032,6,0.36366,0.40186,1501.884145,0.043579,0.060472,214,0.000617,0,31,0.637061,0.265768
34029,Ocean County,,NJ,26311,707536,733847,54,76,130,24248,19840,44088,6,0.352493,0.386585,805.91532,0.031743,0.043636,214,0.000542,0,31,0.57392,0.192947
34031,Passaic County,,NJ,33354,608454,641808,42,71,113,21883,27697,49580,6,0.354292,0.388241,471.337148,0.027539,0.044149,214,0.000366,0,31,0.670662,0.155619
34033,Salem County,,NJ,3946,75120,79066,8,7,15,2546,2314,4860,7,0.284544,0.301235,0.423146,0.003144,0.002177,214,0.000104,0,31,0.946429,0.015637
34035,Somerset County,,NJ,29321,409127,438448,44,72,116,22258,23430,45688,6,0.356108,0.391127,390.060331,0.029608,0.048533,214,0.00038,0,31,0.737018,0.166644
34037,Sussex County,,NJ,9203,176843,186046,18,24,42,6611,5624,12235,7,0.321305,0.34461,29.166571,0.009247,0.011482,214,0.000168,0,31,0.788333,0.045747
34039,Union County,,NJ,39731,656859,696590,51,81,132,32161,33563,65724,6,0.357667,0.393281,658.579013,0.034809,0.053337,214,0.000467,0,31,0.696929,0.205955
34041,Warren County,,NJ,7862,129470,137332,18,18,36,5632,4818,10450,7,0.293409,0.312626,1.206686,0.0087,0.006494,214,0.000159,0,31,0.909524,0.04162
35001,Bernalillo County,,NM,41938,732490,774428,98,107,205,26905,29504,56409,6,0.378011,0.417807,60060.853336,0.047805,0.052935,178,0.001711,0,31,0.373179,0.354243
35003,Catron County,,NM,146,3103,3249,0,0,0,0,0,0,0,0,0,0,0,0,173,0.000052,167,255,0,0
35005,Chaves County,,NM,3514,66858,70372,8,10,18,1167,1281,2448,7,0.324078,0.345537,206.217374,0.002476,0.003682,178,0.000177,0,31,0.627273,0.018077
35006,Cibola County,,NM,1353,23235,24588,3,4,7,786,776,1562,7,0.274425,0.288579,0.25,0.000514,0.000555,178,0.000107,0,31,0.916667,0.003738
35007,Colfax County,,NM,865,12402,13267,1,2,3,64,160,224,7,0.274397,0.288279,61.547672,0.000475,0.00043,178,0.000066,0,31,0,0.003236
35009,Curry County,,NM,5920,52595,58515,11,17,28,1460,2421,3881,7,0.332297,0.356471,10268.630235,0.003248,0.008078,178,0.000257,0,31,0.434641,0.02509
35011,De Baca County,,NM,72,2016,2088,0,0,0,0,0,0,0,0,0,0,0,0,174,0.000052,168,256,0,0
35013,Dona Ana County,,NM,14773,224390,239163,29,33,62,7915,8579,16494,7,0.340358,0.367888,4747.701584,0.01369,0.017851,178,0.000564,0,31,0.471429,0.102404
35015,Eddy County,,NM,4346,61811,66157,9,9,18,1441,1660,3101,7,0.319457,0.34024,6.994842,0.002848,0.002731,178,0.00018,0,31,0.8,0.020249
35017,Grant County,,NM,1762,30249,32011,5,5,10,421,622,1043,7,0.317196,0.336682,4.818608,0.002507,0.002635,178,0.000138,0,31,0.8,0.019165
35019,Guadalupe County,,NM,174,4207,4381,0,0,0,0,0,0,0,0,0,0,0,0,175,0.000052,169,257,0,0
35021,Harding County,,NM,-2,761,759,0,0,0,0,0,0,0,0,0,0,0,0,176,0.000052,170,258,0,0
35023,Hidalgo County,,NM,324,4465,4789,0,0,0,0,0,0,0,0,0,0,0,0,177,0.000052,171,259,0,0
35025,Lea County,,NM,5983,77817,83800,10,14,24,1440,2571,4011,7,0.331069,0.354971,1267.258403,0.002908,0.007013,178,0.00022,0,31,0.708791,0.021263
35027,Lincoln County,,NM,1580,20306,21886,5,5,10,550,544,1094,7,0.283759,0.30017,0.333333,0.00127,0.001078,178,0.000122,0,31,0.9,0.008334
35028,Los Alamos County,,NM,1537,22239,23776,3,2,5,541,343,884,7,0.27437,0.288219,0,0.000644,0.000606,178,0.000105,0,31,1,0.004805
35029,Luna County,,NM,1613,26939,28552,4,4,8,529,633,1162,7,0.317995,0.33742,3.16129,0.001922,0.001934,178,0.000119,0,31,0.833333,0.014219
35031,McKinley County,,NM,7357,85077,92434,8,10,18,4009,5957,9966,7,0.317051,0.337366,193.460281,0.002042,0.002262,178,0.000186,0,31,0.611111,0.015753
35033,Mora County,,NM,233,4597,4830,1,1,2,91,107,198,8,0.215366,0.222044,0,0.000006,0.000007,178,0.00009,0,31,0,0.000149
35035,Otero County,,NM,6395,63957,70352,10,12,22,2363,2413,4776,7,0.32802,0.350531,278.149603,0.004494,0.007233,178,0.000211,0,31,0.692308,0.033878
35037,Quay County,,NM,543,8488,9031,1,2,3,67,125,192,7,0.274642,0.288591,0,0.000072,0.000458,178,0.000065,0,31,1,0.00033
35039,Rio Arriba County,,NM,1920,39277,41197,5,6,11,1630,1326,2956,7,0.274533,0.289059,2.621561,0.000813,0.000731,178,0.000139,0,31,0.7,0.005885
35041,Roosevelt County,,NM,2040,18935,20975,2,4,6,501,642,1143,7,0.276116,0.291296,0.452381,0.000547,0.000629,178,0.000079,0,31,0.75,0.003565
35043,Sandoval County,,NM,12034,150899,162933,21,21,42,10451,7572,18023,7,0.332019,0.356723,2914.854961,0.009854,0.01086,178,0.000428,0,31,0.51,0.076196
35045,San Juan County,,NM,12501,129837,142338,11,20,31,3901,8886,12787,7,0.329694,0.354101,553.861872,0.002667,0.008046,178,0.000252,0,31,0.476316,0.021423
35047,San Miguel County,,NM,1449,26537,27986,4,4,8,602,791,1393,7,0.274452,0.288639,5601,0.000735,0.000694,178,0.000179,0,31,0.5,0.005532
35049,Santa Fe County,,NM,10116,173292,183408,33,28,61,5923,5910,11833,6,0.345522,0.372024,8207.105728,0.019739,0.018146,178,0.00063,0,31,0.57563,0.149904
35051,Sierra County,,NM,720,10645,11365,2,1,3,232,138,370,8,0.253954,0.264583,0,0.000635,0.000123,178,0.00008,0,31,1,0.004256
35053,Socorro County,,NM,1295,16533,17828,2,2,4,301,480,781,7,0.27437,0.288219,0,0.000494,0.000448,178,0.000092,0,31,1,0.00349
35055,Taos County,,NM,1739,34764,36503,4,4,8,548,605,1153,7,0.274425,0.288579,0,0.000741,0.000701,178,0.000122,0,31,1,0.005588
35057,Torrance County,,NM,1147,13774,14921,2,2,4,558,550,1108,7,0.27437,0.288219,0,0.000638,0.000606,178,0.000085,0,31,1,0.00465
35059,Union County,,NM,306,4034,4340,0,0,0,0,0,0,0,0,0,0,0,0,179,0.000052,172,260,0,0
35061,Valencia County,,NM,4214,76365,80579,8,7,15,2740,2644,5384,7,0.31687,0.336706,417.254272,0.002125,0.00215,178,0.000211,0,31,0.607143,0.016487
36001,Albany County,,NY,23522,350305,373827,47,64,111,15953,17374,33327,6,0.356154,0.389615,18623.013573,0.022763,0.039601,181,0.000528,0,31,0.551911,0.128447
36003,Allegany County,,NY,2378,47801,50179,6,7,13,1125,1156,2281,7,0.27844,0.294103,1122.691879,0.001312,0.000896,181,0.000148,0,31,0.571429,0.006347
36005,Bronx County,,NY,95051,1528088,1623139,85,140,225,66558,86848,153406,6,0.382856,0.427178,4732.708234,0.054109,0.076026,214,0.000885,0,31,0.466341,0.336555
36007,Broome County,,NY,9725,214559,224284,23,33,56,4061,4634,8695,6,0.326747,0.352862,12249.333781,0.008598,0.014145,181,0.000333,0,31,0.441176,0.043623
36009,Cattaraugus County,,NY,4018,84948,88966,7,7,14,2387,2285,4672,7,0.27844,0.294103,41.447294,0.001435,0.000916,181,0.000158,0,31,0.52381,0.006527
36011,Cayuga County,,NY,4005,86468,90473,8,8,16,2136,2220,4356,7,0.277135,0.292855,9.705739,0.001315,0.000862,181,0.000154,0,31,0.678571,0.006228
36013,Chautauqua County,,NY,5140,141543,146683,7,8,15,1761,2018,3779,7,0.3206,0.341997,194.957068,0.00241,0.00328,181,0.00014,0,31,0.597222,0.011617
36015,Chemung County,,NY,4973,96763,101736,10,10,20,2224,2194,4418,7,0.279449,0.296161,2519.293054,0.002038,0.001322,181,0.000216,0,31,0.488889,0.009423
36017,Chenango County,,NY,2920,55833,58753,7,7,14,1398,1562,2960,7,0.270155,0.284694,27.679052,0.000777,0.000477,181,0.000152,0,31,0.52381,0.003523
36019,Clinton County,,NY,3167,89262,92429,5,8,13,1015,1103,2118,7,0.268043,0.282859,729.503566,0.000241,0.000536,181,0.000154,0,31,0.375,0.001415
36021,Columbia County,,NY,3819,70843,74662,12,12,24,2262,2173,4435,7,0.296922,0.315665,5.212472,0.004824,0.004072,214,0.000162,0,31,0.810606,0.026285
36023,Cortland County,,NY,2963,49728,52691,6,6,12,1428,1393,2821,7,0.277301,0.292915,45.617495,0.00076,0.000892,181,0.000132,0,31,0.619048,0.003511
36025,Delaware County,,NY,2753,47935,50688,9,6,15,1401,1235,2636,7,0.253815,0.265954,214.68375,0.003085,0.000267,181,0.00016,0,31,0.466667,0.018385
36027,Dutchess County,,NY,16408,338525,354933,29,48,77,11202,10671,21873,6,0.34812,0.378222,789.642727,0.01761,0.031258,214,0.000282,0,31,0.696735,0.098759
36029,Erie County,,NY,32416,1073851,1106267,78,111,189,17524,22464,39988,6,0.381856,0.422408,32018.258673,0.047688,0.070996,181,0.001006,0,31,0.522314,0.31448
36031,Essex County,,NY,2406,41568,43974,5,6,11,1002,1164,2166,7,0.266016,0.279835,571.2833,0.000275,0.00032,181,0.000148,0,31,0.433333,0.001665
36033,Franklin County,,NY,2057,50630,52687,3,3,6,854,940,1794,8,0.220651,0.229332,1.842857,0.000023,0.00002,181,0.000104,0,31,0.666667,0.000417
36035,Fulton County,,NY,2921,60463,63384,6,5,11,1889,1512,3401,7,0.263617,0.27704,8.608275,0.000772,0.000454,181,0.000127,0,31,0.7,0.003521
36037,Genesee County,,NY,3380,68886,72266,7,6,13,2088,2088,4176,7,0.278273,0.293653,3.333333,0.001419,0.000906,181,0.000154,0,31,0.666667,0.006566
36039,Greene County,,NY,2903,51319,54222,12,8,20,1885,1433,3318,7,0.293193,0.310644,76.095861,0.005498,0.001767,214,0.000161,0,31,0.801282,0.029334
36041,Hamilton County,,NY,289,6010,6299,0,0,0,0,0,0,0,0,0,0,0,0,180,0.000052,173,261,0,0
36043,Herkimer County,,NY,3285,69459,72744,6,6,12,2029,1834,3863,7,0.269892,0.284094,27.787206,0.000648,0.000379,181,0.000139,0,31,0.4,0.002893
36045,Jefferson County,,NY,19593,122820,142413,35,51,86,5837,8367,14204,7,0.348557,0.380901,8073.563956,0.016034,0.025666,181,0.000507,0,31,0.466792,0.106948
36047,Kings County,,NY,191538,2868037,3059575,209,237,446,128584,176732,305316,6,0.412166,0.465959,57818.611168,0.106961,0.109387,214,0.002503,0,31,0.286747,0.694691
36049,Lewis County,,NY,1545,30783,32328,3,3,6,708,768,1476,8,0.260503,0.273781,0.608766,0.00038,0.000223,181,0.000083,0,31,0.666667,0.001672
36051,Livingston County,,NY,3661,68781,72442,7,7,14,2342,2372,4714,7,0.278385,0.294013,5.082123,0.001323,0.000913,181,0.000164,0,31,0.738095,0.006536
36053,Madison County,,NY,4635,76508,81143,5,7,12,2748,2763,5511,7,0.277218,0.292915,12.53916,0.000648,0.000809,181,0.000118,0,31,0.619048,0.002737
36055,Monroe County,,NY,31685,874437,906122,81,121,202,16746,23089,39835,6,0.381122,0.422864,49825.135767,0.04652,0.071435,181,0.00107,0,31,0.476825,0.307237
36057,Montgomery County,,NY,3547,55169,58716,6,8,14,1762,2272,4034,7,0.263768,0.27776,11.547652,0.000699,0.000542,181,0.000143,0,31,0.589286,0.003242
36059,Nassau County,,NY,72931,1755981,1828912,76,147,223,60142,64626,124768,6,0.377394,0.42287,2304.927547,0.052969,0.08419,214,0.000804,0,31,0.482201,0.335706
36061,New York County,,NY,200159,1801187,2001346,212,221,433,141669,184497,326166,6,0.412901,0.464129,57293.941498,0.10686,0.106423,214,0.002551,0,31,0.309674,0.692241
36063,Niagara County,,NY,9942,250844,260786,7,17,24,5959,6201,12160,7,0.327478,0.351287,519.099213,0.001819,0.01175,181,0.000152,0,31,0.639706,0.008236
36065,Oneida County,,NY,11476,258233,269709,18,27,45,4605,5337,9942,7,0.328952,0.354701,2893.821882,0.007111,0.015072,181,0.000254,0,31,0.543678,0.036818
36067,Onondaga County,,NY,23614,540649,564263,53,89,142,11320,15285,26605,6,0.369071,0.406629,30631.913542,0.030632,0.054441,181,0.00066,0,31,0.517678,0.195481
36069,Ontario County,,NY,7626,129603,137229,10,11,21,5319,4455,9774,7,0.279028,0.295561,35.021587,0.00194,0.001303,181,0.000197,0,31,0.5,0.008963
36071,Orange County,,NY,24362,451805,476167,42,82,124,16260,16743,33003,7,0.355379,0.39224,2374.662444,0.02898,0.048335,214,0.000437,0,31,0.54643,0.178276
36073,Orleans County,,NY,2405,45132,47537,5,4,9,1535,1537,3072,7,0.278217,0.293293,23.519243,0.002352,0.000874,181,0.000107,0,31,0.8,0.012097
36075,Oswego County,,NY,6532,131003,137535,9,10,19,3276,3579,6855,7,0.282719,0.300553,64.027845,0.002172,0.001919,181,0.00015,0,31,0.522222,0.009616
36077,Otsego County,,NY,3799,63717,67516,11,8,19,1818,1632,3450,7,0.277772,0.295571,170.300593,0.002355,0.000971,181,0.000199,0,31,0.409091,0.012029
36079,Putnam County,,NY,7111,119217,126328,12,16,28,5554,4874,10428,7,0.303507,0.323882,0.521691,0.007676,0.008921,214,0.000125,0,31,0.882353,0.038038
36081,Queens County,,NY,158733,2719256,2877989,152,202,354,108039,146960,254999,6,0.403603,0.453696,23037.422911,0.087418,0.102319,214,0.001721,0,31,0.361562,0.566986
36083,Rensselaer County,,NY,12311,181090,193401,19,20,39,8509,8248,16757,7,0.320415,0.344067,1744.061779,0.006645,0.008538,181,0.000235,0,31,0.498576,0.034472
36085,Richmond County,,NY,23031,557307,580338,28,58,86,18716,17880,36596,6,0.347033,0.37899,138.908466,0.021127,0.035739,214,0.000266,0,31,0.729379,0.119584
36087,Rockland County,,NY,16662,391123,407785,27,50,77,10343,11866,22209,6,0.347554,0.378558,124.083892,0.018359,0.031708,214,0.000242,0,31,0.753771,0.100049
36089,St. Lawrence County,,NY,4495,110611,115106,8,10,18,1158,1343,2501,7,0.282403,0.300109,4663.544396,0.001739,0.001671,181,0.000164,0,31,0.466667,0.007486
36091,Saratoga County,,NY,18416,276833,295249,45,53,98,13764,12098,25862,7,0.345093,0.376575,21043.785757,0.019877,0.029192,181,0.000561,0,31,0.431702,0.116538
36093,Schenectady County,,NY,11423,180955,192378,19,17,36,7216,6977,14193,7,0.322498,0.34557,1646.709687,0.006659,0.00786,181,0.000267,0,31,0.525692,0.034893
36095,Schoharie County,,NY,1622,33359,34981,6,6,12,923,832,1755,7,0.263667,0.27728,17.509415,0.000703,0.000497,181,0.000141,0,31,0.566667,0.003453
36097,Schuyler County,,NY,1368,20761,22129,5,4,9,821,787,1608,7,0.25009,0.260867,3.48486,0.000164,0.000143,181,0.000144,0,31,0.5,0.00143
36099,Seneca County,,NY,2104,37726,39830,6,7,13,1200,1191,2391,7,0.277107,0.292675,53.480108,0.00129,0.000838,181,0.000124,0,31,0.690476,0.005902
36101,Steuben County,,NY,5297,110254,115551,12,11,23,2389,2572,4961,7,0.278944,0.295513,1472.935779,0.001582,0.001094,181,0.000268,0,31,0.416667,0.00813
36103,Suffolk County,,NY,63715,1898524,1962239,101,173,274,42899,53269,96168,6,0.382803,0.431467,10147.336384,0.064604,0.088476,214,0.001214,0,31,0.390946,0.427297
36105,Sullivan County,,NY,4819,80743,85562,14,15,29,3540,2545,6085,7,0.30013,0.319812,198.096076,0.007915,0.006513,214,0.000149,0,31,0.735294,0.039087
36107,Tioga County,,NY,3470,58447,61917,4,5,9,1873,1836,3709,7,0.253606,0.26566,35.421684,0.000271,0.000208,181,0.000111,0,31,0.7,0.00158
36109,Tompkins County,,NY,8027,92738,100765,22,26,48,3062,3783,6845,6,0.332974,0.358519,11723.641434,0.011669,0.014556,181,0.000337,0,31,0.54064,0.073774
36111,Ulster County,,NY,10515,202042,212557,24,31,55,7054,6574,13628,7,0.329929,0.356237,1698.338368,0.011786,0.017028,214,0.000245,0,31,0.642017,0.060483
36113,Warren County,,NY,5018,77362,82380,7,5,12,3280,2929,6209,7,0.263843,0.277358,9.576606,0.000776,0.000451,181,0.000145,0,31,0.642857,0.003632
36115,Washington County,,NY,4384,68538,72922,7,8,15,2809,2984,5793,7,0.264018,0.278138,45.512399,0.000719,0.000517,181,0.000153,0,31,0.517857,0.003344
36117,Wayne County,,NY,5692,110087,115779,6,7,13,3663,3427,7090,7,0.27886,0.294721,2.373133,0.001173,0.00118,181,0.000126,0,31,0.809524,0.005348
36119,Westchester County,,NY,60226,1173834,1234060,76,129,205,47329,51327,98656,6,0.376321,0.41915,3407.241518,0.052192,0.076393,214,0.00077,0,31,0.524508,0.323382
36121,Wyoming County,,NY,2166,44922,47088,6,6,12,1558,1430,2988,7,0.278357,0.293803,2.608766,0.00131,0.000894,181,0.000146,0,31,0.8,0.006322
36123,Yates County,,NY,1445,28222,29667,4,4,8,762,788,1550,7,0.276116,0.290822,74.737004,0.000663,0.00045,181,0.000126,0,31,0.666667,0.003309
37001,Alamance County,,NC,9290,172190,181480,15,15,30,6792,5843,12635,7,0.29651,0.315456,219.487364,0.003888,0.004519,289,0.0003,0,31,0.54902,0.030301
37003,Alexander County,,NC,1755,38616,40371,5,6,11,1322,1274,2596,7,0.292144,0.308659,0.579798,0.000172,0.001193,289,0.000163,0,31,0.933333,0.001874
37005,Alleghany County,,NC,484,11236,11720,0,0,0,0,0,0,0,0,0,0,0,0,182,0.000052,174,262,0,0
37007,Anson County,,NC,1209,23558,24767,5,5,10,738,803,1541,7,0.292083,0.308449,99.653165,0.001032,0.001188,289,0.00014,0,31,0.65,0.00854
37009,Ashe County,,NC,1118,27427,28545,3,2,5,408,315,723,8,0.229151,0.237597,2.814043,0.00092,0.000043,289,0.00012,0,31,0.666667,0.007361
37011,Avery County,,NC,971,16719,17690,2,3,5,273,267,540,8,0.22972,0.238615,25.415996,0.00004,0.000047,289,0.000105,0,31,0,0.000427
37013,Beaufort County,,NC,2614,50651,53265,5,5,10,1236,1293,2529,7,0.289224,0.30581,3840.030804,0.00105,0.001189,289,0.000179,0,31,0.433333,0.008527
37015,Bertie County,,NC,1080,19465,20545,3,4,7,469,618,1087,7,0.288863,0.305198,327.935938,0.000065,0.001078,289,0.000143,0,31,0.583333,0.000849
37017,Bladen County,,NC,1792,31676,33468,5,6,11,831,1068,1899,7,0.292206,0.309488,1.303968,0.000837,0.001831,289,0.000137,0,31,0.833333,0.006181
37019,Brunswick County,,NC,8537,128731,137268,39,14,53,6737,4007,10744,7,0.299579,0.31908,219.840251,0.017404,0.005323,289,0.000554,0,31,0.454116,0.10737
37021,Buncombe County,,NC,19449,282464,301913,90,58,148,13516,12019,25535,6,0.355971,0.387899,57435.816781,0.044801,0.030107,289,0.001793,0,31,0.410745,0.334127
37023,Burke County,,NC,5037,92573,97610,13,12,25,3245,3140,6385,7,0.296858,0.315432,1802.503838,0.002293,0.003014,289,0.000325,0,31,0.480952,0.019743
37025,Cabarrus County,,NC,16677,220337,237014,32,24,56,14414,11271,25685,7,0.304105,0.325868,793.02106,0.016657,0.009027,289,0.000527,0,31,0.576923,0.117411
37027,Caldwell County,,NC,3895,84648,88543,9,9,18,2226,2329,4555,7,0.296415,0.314323,199.931276,0.001367,0.002616,289,0.000248,0,31,0.711111,0.012348
37029,Camden County,,NC,950,11057,12007,4,3,7,589,402,991,7,0.258154,0.270243,0,0.000922,0.000234,287,0.000138,0,31,1,0.005761
37031,Carteret County,,NC,5678,75121,80799,14,10,24,2446,2370,4816,7,0.318213,0.339364,72.42994,0.005216,0.005107,289,0.000265,0,31,0.774725,0.039011
37033,Caswell County,,NC,1486,22660,24146,6,6,12,948,1090,2038,7,0.273425,0.287706,8.3165,0.000528,0.000506,289,0.000176,0,31,0.633333,0.004168
37035,Catawba County,,NC,9961,176239,186200,17,21,38,6183,6411,12594,7,0.297558,0.317832,476.433529,0.003224,0.005642,289,0.000391,0,31,0.577922,0.02787
37037,Chatham County,,NC,5380,79738,85118,10,11,21,4441,3252,7693,7,0.297049,0.315354,5.37603,0.003122,0.003799,289,0.000213,0,31,0.790909,0.024352
37039,Cherokee County,,NC,1303,26769,28072,2,3,5,196,297,493,9,0.183609,0.188347,3671.277474,0.000022,0.000029,33,0.000174,0,31,0.166667,0.000235
37041,Chowan County,,NC,812,15389,16201,2,2,4,234,175,409,8,0.226295,0.234334,0,0.000017,0.000026,287,0.000163,0,31,1,0.000385
37043,Clay County,,NC,614,10468,11082,2,2,4,233,225,458,10,0.155152,0.158182,5.476812,0,0,33,0.000233,0,31,0,0.000204
37045,Cleveland County,,NC,5049,103101,108150,10,12,22,3194,3227,6421,7,0.296573,0.314983,93.43987,0.001531,0.003028,289,0.000268,0,31,0.666667,0.014389
37047,Columbus County,,NC,2396,53233,55629,7,7,14,1335,1393,2728,7,0.292513,0.310208,31.886208,0.002009,0.002507,289,0.000194,0,31,0.833333,0.017214
37049,Craven County,,NC,12545,109527,122072,24,27,51,4568,5261,9829,7,0.332734,0.359045,7932.911608,0.01244,0.012887,289,0.000456,0,31,0.525287,0.089274
37051,Cumberland County,,NC,45924,330884,376808,121,120,241,26431,30035,56466,6,0.372636,0.414285,23648.777523,0.059245,0.057697,289,0.001695,0,31,0.338362,0.405129
37053,Currituck County,,NC,2306,27224,29530,6,6,12,1671,1104,2775,7,0.278916,0.294331,38.130539,0.001383,0.001224,287,0.00018,0,31,0.7,0.008759
37055,Dare County,,NC,2785,43025,45810,5,6,11,641,793,1434,7,0.292236,0.30968,49.281161,0.002742,0.002039,287,0.000128,0,31,0.714286,0.018565
37057,Davidson County,,NC,9565,181676,191241,14,18,32,7296,6777,14073,7,0.296731,0.316176,482.846218,0.003975,0.004655,289,0.00029,0,31,0.518421,0.030261
37059,Davie County,,NC,2767,47280,50047,7,8,15,1999,1734,3733,7,0.296099,0.313837,101.556093,0.001755,0.002971,289,0.000179,0,31,0.821429,0.014155
37061,Duplin County,,NC,3503,57569,61072,8,9,17,2111,2154,4265,7,0.293347,0.311366,6.506689,0.002293,0.002821,289,0.00018,0,31,0.75,0.016279
37063,Durham County,,NC,32580,319167,351747,103,81,184,25146,24555,49701,6,0.374041,0.410199,14594.663287,0.059321,0.049286,289,0.001437,0,31,0.476712,0.397043
37065,Edgecombe County,,NC,4151,53968,58119,5,7,12,2579,3106,5685,7,0.289496,0.306584,295.422152,0.000995,0.001578,289,0.000147,0,31,0.690476,0.008184
37067,Forsyth County,,NC,24140,406148,430288,68,61,129,16884,16237,33121,6,0.361014,0.393695,18524.083905,0.037939,0.033618,289,0.001078,0,31,0.485394,0.265993
37069,Franklin County,,NC,4711,64045,68756,9,8,17,4105,2990,7095,7,0.290009,0.307082,18.515296,0.001922,0.002107,289,0.00022,0,31,0.666667,0.015562
37071,Gaston County,,NC,12256,229833,242089,24,24,48,10602,8272,18874,7,0.29871,0.31974,316.777128,0.005619,0.006592,289,0.000525,0,31,0.546154,0.049239
37073,Gates County,,NC,646,11397,12043,2,2,4,183,167,350,8,0.243984,0.253591,1.135321,0.000109,0.000067,287,0.00008,0,31,0.333333,0.000829
37075,Graham County,,NC,344,8590,8934,0,0,0,0,0,0,0,0,0,0,0,0,183,0.000052,175,263,0,0
37077,Granville County,,NC,3848,60792,64640,7,10,17,3113,2545,5658,7,0.290221,0.307742,19.37915,0.001577,0.002329,289,0.000196,0,31,0.622222,0.012627
37079,Greene County,,NC,1476,19274,20750,4,4,8,993,1052,2045,8,0.248368,0.259133,0.326923,0.000183,0.000158,289,0.000121,0,31,0.916667,0.00159
37081,Guilford County,,NC,35718,564301,600019,105,95,200,24286,26125,50411,6,0.375608,0.413835,62455.509611,0.049055,0.047186,289,0.001642,0,31,0.342493,0.335581
37083,Halifax County,,NC,2810,52975,55785,6,7,13,1196,1549,2745,7,0.289496,0.306584,2791.581312,0.000989,0.001572,289,0.000182,0,31,0.52381,0.008234
37085,Harnett County,,NC,16913,123769,140682,31,29,60,11984,9901,21885,7,0.325445,0.352109,1074.891093,0.01255,0.013467,289,0.000514,0,31,0.473016,0.091629
37087,Haywood County,,NC,3381,64459,67840,4,4,8,1412,1227,2639,7,0.292606,0.308953,132.289355,0.001222,0.001488,289,0.000146,0,31,0.833333,0.010706
37089,Henderson County,,NC,8056,124500,132556,15,12,27,5379,3818,9197,7,0.300324,0.319956,583.24289,0.006207,0.004774,289,0.000384,0,31,0.45098,0.04995
37091,Hertford County,,NC,1251,20704,21955,3,3,6,515,512,1027,8,0.231732,0.241278,49.193833,0.000074,0.000071,289,0.000135,0,31,0.333333,0.000834
37093,Hoke County,,NC,8244,48752,56996,14,12,26,4696,4099,8795,7,0.314467,0.335257,262.527805,0.00486,0.005686,289,0.000259,0,31,0.616667,0.035453
37095,Hyde County,,NC,218,5110,5328,1,0,1,70,0,70,0,0,0,0,0.000011,0,289,0.000083,0,7,0,0.000178
37097,Iredell County,,NC,12230,191593,203823,29,24,53,7684,7146,14830,7,0.302055,0.323924,2916.45661,0.009648,0.006319,289,0.000563,0,31,0.428699,0.070428
37099,Jackson County,,NC,2901,35168,38069,4,8,12,1055,1293,2348,7,0.29651,0.314323,9436.276625,0.000287,0.002505,289,0.000219,0,31,0.357143,0.003473
37101,Johnston County,,NC,12657,201610,214267,20,20,40,11943,8092,20035,7,0.303872,0.324872,103.196633,0.006238,0.006288,289,0.000381,0,31,0.525362,0.044953
37103,Jones County,,NC,925,10039,10964,3,3,6,608,619,1227,7,0.273479,0.287414,0,0.000663,0.000527,289,0.000089,0,31,1,0.003944
37105,Lee County,,NC,6097,63904,70001,9,9,18,2687,3986,6673,7,0.298645,0.31701,2.434587,0.002726,0.00408,289,0.00019,0,31,0.854545,0.020921
37107,Lenoir County,,NC,4488,61346,65834,8,13,21,2038,2959,4997,7,0.29916,0.31827,630.622874,0.001663,0.003313,289,0.000197,0,31,0.544872,0.01217
37109,Lincoln County,,NC,5833,87924,93757,8,9,17,4387,3627,8014,7,0.292267,0.309259,2.591246,0.001291,0.001591,289,0.00021,0,31,0.763889,0.011871
37111,McDowell County,,NC,2175,46594,48769,4,5,9,1032,1003,2035,7,0.262794,0.275323,1450.891954,0.00032,0.000437,289,0.000148,0,31,0.5,0.003691
37113,Macon County,,NC,2008,36486,38494,3,3,6,331,372,703,7,0.262869,0.275041,1319.744978,0.000293,0.000405,289,0.000159,0,31,0.333333,0.003288
37115,Madison County,,NC,1311,20717,22028,3,1,4,946,643,1589,7,0.262546,0.274243,0,0.000316,0.000402,289,0.000134,0,31,0.666667,0.003722
37117,Martin County,,NC,1260,25425,26685,5,5,10,691,694,1385,7,0.288894,0.305378,652.749471,0.00009,0.001087,289,0.000194,0,31,0.533333,0.001195
37119,Mecklenburg County,,NC,87576,1139513,1227089,289,214,503,81415,74960,156375,6,0.412044,0.462245,195019.03573,0.114594,0.098911,289,0.004205,0,31,0.204967,0.760113
37121,Mitchell County,,NC,747,15384,16131,2,3,5,277,348,625,7,0.26267,0.274783,3.458333,0.000008,0.000405,289,0.000106,0,31,0.5,0.000264
37123,Montgomery County,,NC,1894,28517,30411,5,7,12,863,1254,2117,7,0.293409,0.310375,30.745171,0.000564,0.001609,289,0.000136,0,31,0.5,0.004304
37125,Moore County,,NC,7525,104707,112232,21,18,39,4149,3050,7199,7,0.313827,0.335197,1480.173271,0.006844,0.006605,289,0.000383,0,31,0.442688,0.051824
37127,Nash County,,NC,7256,104853,112109,12,13,25,5143,4875,10018,7,0.296478,0.315127,151.217686,0.004233,0.003516,289,0.000249,0,31,0.625,0.030843
37129,New Hanover County,,NC,18151,225083,243234,60,48,108,11556,11051,22607,7,0.350536,0.381393,5243.036435,0.025517,0.025746,289,0.000944,0,31,0.403365,0.172075
37131,Northampton County,,NC,1422,19201,20623,2,3,5,502,709,1211,7,0.288743,0.304838,327.959747,0.000015,0.001016,289,0.000113,0,31,0.333333,0.000288
37133,Onslow County,,NC,39827,182877,222704,77,97,174,14979,17922,32901,6,0.375964,0.414687,11455.034342,0.044666,0.057762,289,0.001106,0,31,0.471698,0.312175
37135,Orange County,,NC,15385,140226,155611,33,34,67,9240,10612,19852,6,0.35357,0.382373,2204.392036,0.021646,0.022661,289,0.000517,0,31,0.641667,0.15271
37137,Pamlico County,,NC,676,13008,13684,1,1,2,314,358,672,8,0.249685,0.260049,0,0.000116,0.000112,289,0.000067,0,31,0,0.000892
37139,Pasquotank County,,NC,3482,41241,44723,10,8,18,1496,1385,2881,7,0.292421,0.31028,8682.275316,0.002247,0.001875,287,0.00036,0,31,0.327273,0.015823
37141,Pender County,,NC,5129,57289,62418,8,6,14,3642,2693,6335,7,0.296605,0.314089,16.776393,0.003419,0.00284,289,0.000186,0,31,0.777778,0.025003
37143,Perquimans County,,NC,996,13948,14944,3,2,5,455,445,900,8,0.226295,0.234334,427.38487,0.000667,0.00002,287,0.00017,0,31,0.666667,0.004195
37145,Person County,,NC,1893,42571,44464,7,7,14,1136,1024,2160,7,0.289979,0.306902,1143.543701,0.001581,0.002226,289,0.000192,0,31,0.571429,0.012647
37147,Pitt County,,NC,12537,169328,181865,30,27,57,6584,7158,13742,7,0.301498,0.323724,19457.360551,0.007828,0.006107,289,0.000635,0,31,0.315341,0.05544
37149,Polk County,,NC,1384,20931,22315,5,5,10,671,859,1530,7,0.26851,0.282099,0.531674,0.000752,0.00108,289,0.000168,0,31,0.95,0.008268
37151,Randolph County,,NC,7597,158848,166445,12,14,26,5249,5133,10382,7,0.29651,0.315336,122.784398,0.002786,0.004452,289,0.000262,0,31,0.642857,0.022705
37153,Richmond County,,NC,2350,45704,48054,6,9,15,903,1079,1982,7,0.298645,0.31701,90.608241,0.000196,0.003234,289,0.000162,0,31,0.488889,0.002257
37155,Robeson County,,NC,5970,126995,132965,11,14,25,2523,3671,6194,7,0.298967,0.31821,367.812741,0.003227,0.004199,289,0.000264,0,31,0.554945,0.026194
37157,Rockingham County,,NC,4605,99390,103995,10,12,22,2768,2873,5641,7,0.296446,0.314917,177.779881,0.000881,0.002935,289,0.000248,0,31,0.522727,0.007358
37159,Rowan County,,NC,8566,150690,159256,13,17,30,6146,5523,11669,7,0.296668,0.315996,30.754838,0.003335,0.004488,289,0.000275,0,31,0.679739,0.027553
37161,Rutherford County,,NC,2769,64231,67000,8,11,19,1317,1587,2904,7,0.292976,0.310543,175.431643,0.001393,0.002195,289,0.000236,0,31,0.581818,0.012667
37163,Sampson County,,NC,4012,69688,73700,9,10,19,2190,2519,4709,7,0.321156,0.341484,133.851412,0.00194,0.003177,289,0.000195,0,31,0.554545,0.014721
37165,Scotland County,,NC,2023,33737,35760,7,8,15,1011,1164,2175,7,0.298325,0.31638,1787.866011,0.001586,0.002701,289,0.000164,0,31,0.589286,0.012242
37167,Stanly County,,NC,2914,65279,68193,6,7,13,1761,1468,3229,7,0.292206,0.308929,38.103713,0.001117,0.001395,289,0.000161,0,31,0.547619,0.009842
37169,Stokes County,,NC,2717,49619,52336,5,6,11,1813,1954,3767,7,0.274019,0.2882,5.806256,0.000819,0.000843,289,0.000137,0,31,0.766667,0.006336
37171,Surry County,,NC,3391,77732,81123,9,11,20,1824,1990,3814,7,0.296478,0.314797,21421.139387,0.00168,0.002965,289,0.000305,0,31,0.463636,0.013684
37173,Swain County,,NC,1245,18160,19405,1,1,2,411,474,885,8,0.228717,0.236523,0,0.000022,0.000003,289,0.000076,0,31,0,0.000133
37175,Transylvania County,,NC,1932,33703,35635,3,2,5,641,649,1290,7,0.262571,0.274423,0,0.0012,0.000457,289,0.000123,0,31,1,0.010573
37177,Tyrrell County,,NC,224,4010,4234,0,1,1,0,60,60,9,0.18819,0.193223,0,0,0.000001,289,0.000052,0,264,0,0
37179,Union County,,NC,16563,249985,266548,31,24,55,11969,9582,21551,7,0.325942,0.350327,2920.196707,0.01543,0.009293,289,0.000536,0,31,0.534921,0.106696
37181,Vance County,,NC,2401,46321,48722,5,5,10,1537,1495,3032,7,0.289375,0.305696,0.853672,0.001361,0.001578,289,0.000151,0,31,0.9,0.011
37183,Wake County,,NC,76623,1168785,1245408,277,205,482,78048,63125,141173,6,0.405607,0.455454,201960.545435,0.112185,0.096938,289,0.004057,0,31,0.21392,0.739873
37185,Warren County,,NC,1317,18504,19821,5,5,10,671,742,1413,7,0.288743,0.305078,3.45,0.000937,0.001059,289,0.000157,0,31,0.7,0.007623
37187,Washington County,,NC,774,12580,13354,3,3,6,186,291,477,8,0.231732,0.241278,2778,0.000065,0.00008,289,0.00015,0,31,0.5,0.000835
37189,Watauga County,,NC,3891,42223,46114,12,13,25,1386,1703,3089,7,0.296954,0.315732,10607.570054,0.002897,0.004044,289,0.000346,0,31,0.505495,0.024318
37191,Wayne County,,NC,9123,129274,138397,20,19,39,3876,3992,7868,7,0.32802,0.351815,3360.757462,0.006608,0.008229,289,0.000363,0,31,0.495,0.0475
37193,Wilkes County,,NC,2664,70553,73217,12,10,22,1533,1376,2909,7,0.292575,0.309805,1042.451614,0.001848,0.001551,289,0.000334,0,31,0.522727,0.015141
37195,Wilson County,,NC,4757,89152,93909,9,9,18,2704,2698,5402,7,0.295941,0.313717,472.164434,0.001554,0.0028,289,0.000209,0,31,0.672727,0.012438
37197,Yadkin County,,NC,1960,41219,43179,7,5,12,1509,1267,2776,7,0.265685,0.278421,4.675359,0.000475,0.000474,289,0.000191,0,31,0.666667,0.00444
37199,Yancey County,,NC,884,18252,19136,3,4,7,511,500,1011,7,0.26267,0.274903,1377.588204,0.000278,0.000408,289,0.000134,0,31,0.5,0.003289
38001,Adams County,,ND,149,2670,2819,0,0,0,0,0,0,0,0,0,0,0,0,184,0.000052,176,265,0,0
38003,Barnes County,,ND,795,12987,13782,2,2,4,183,317,500,8,0.254186,0.265638,0,0.000092,0.00009,187,0.000122,0,31,1,0.000917
38005,Benson County,,ND,311,6712,7023,1,1,2,119,133,252,9,0.203397,0.209321,0,0.000001,0.000001,187,0.000108,0,31,0,0.000113
38007,Billings County,,ND,61,1124,1185,0,0,0,0,0,0,0,0,0,0,0,0,185,0.000052,177,266,0,0
38009,Bottineau County,,ND,473,8092,8565,1,1,2,119,103,222,8,0.251722,0.262065,0,0.000075,0.000065,187,0.000079,0,31,0,0.000618
38011,Bowman County,,ND,288,4048,4336,0,0,0,0,0,0,0,0,0,0,0,0,186,0.000052,178,267,0,0
38013,Burke County,,ND,441,2934,3375,1,1,2,79,69,148,8,0.251722,0.262065,0,0.000075,0.000065,187,0.000079,0,31,0,0.000618
38015,Burleigh County,,ND,7722,110748,118470,16,16,32,4143,4012,8155,7,0.321119,0.343869,24731.499239,0.003285,0.00234,187,0.000603,0,31,0.222222,0.025853
38017,Cass County,,ND,15601,197879,213480,45,46,91,9073,9305,18378,7,0.340733,0.370516,75147.95531,0.009929,0.010191,187,0.001305,0,31,0.185185,0.070825
38019,Cavalier County,,ND,157,4978,5135,0,0,0,0,0,0,0,0,0,0,0,0,188,0.000052,179,268,0,0
38021,Dickey County,,ND,295,6279,6574,0,0,0,0,0,0,0,0,0,0,0,0,189,0.000052,180,269,0,0
38023,Divide County,,ND,371,2798,3169,1,0,1,49,0,49,0,0,0,0,0.000069,0,187,0.000065,0,2,0,0.000246
38025,Dunn County,,ND,904,4736,5640,1,1,2,179,160,339,8,0.244112,0.25315,0,0.000031,0.000013,187,0.000082,0,31,0,0.000222
38027,Eddy County,,ND,138,2805,2943,0,0,0,0,0,0,0,0,0,0,0,0,190,0.000052,181,270,0,0
38029,Emmons County,,ND,85,3990,4075,1,1,2,62,53,115,8,0.243087,0.252403,0,0.000021,0.000029,187,0.000084,0,31,0,0.000356
38031,Foster County,,ND,194,4237,4431,0,0,0,0,0,0,0,0,0,0,0,0,191,0.000052,182,271,0,0
38033,Golden Valley County,,ND,130,2236,2366,0,0,0,0,0,0,0,0,0,0,0,0,192,0.000052,183,272,0,0
38035,Grand Forks County,,ND,7524,75698,83222,16,18,34,2388,3212,5600,7,0.326248,0.350195,20563.306204,0.001299,0.00484,187,0.000615,0,31,0.254762,0.009948
38037,Grant County,,ND,112,2803,2915,0,0,0,0,0,0,0,0,0,0,0,0,193,0.000052,184,273,0,0
38039,Griggs County,,ND,103,2890,2993,0,0,0,0,0,0,0,0,0,0,0,0,194,0.000052,185,274,0,0
38041,Hettinger County,,ND,243,3049,3292,0,1,1,0,70,70,8,0.244157,0.253239,0,0,0.000013,187,0.000052,0,275,0,0
38043,Kidder County,,ND,145,2925,3070,1,1,2,69,85,154,8,0.243087,0.252403,0,0.000021,0.000029,187,0.000084,0,31,0,0.000356
38045,LaMoure County,,ND,186,5179,5365,0,0,0,0,0,0,0,0,0,0,0,0,195,0.000052,186,276,0,0
38047,Logan County,,ND,99,2385,2484,0,0,0,0,0,0,0,0,0,0,0,0,196,0.000052,187,277,0,0
38049,McHenry County,,ND,378,7014,7392,1,1,2,209,153,362,8,0.251722,0.262065,0,0.000075,0.000065,187,0.000079,0,31,0,0.000618
38051,McIntosh County,,ND,113,3415,3528,0,0,0,0,0,0,0,0,0,0,0,0,197,0.000052,188,278,0,0
38053,McKenzie County,,ND,2998,9884,12882,2,3,5,185,320,505,8,0.252614,0.263738,0,0.000101,0.000058,187,0.000095,0,31,1,0.000468
38055,McLean County,,ND,772,11623,12395,2,2,4,312,272,584,8,0.252293,0.263049,0,0.000096,0.000095,187,0.000111,0,31,1,0.000973
38057,Mercer County,,ND,868,10654,11522,1,2,3,91,227,318,8,0.243108,0.252583,0,0.000021,0.000031,187,0.000084,0,31,1,0.000356
38059,Morton County,,ND,3538,36001,39539,5,4,9,2293,2036,4329,8,0.259335,0.272153,109.288099,0.000219,0.000197,187,0.000201,0,31,0.65,0.002099
38061,Mountrail County,,ND,1727,10423,12150,3,3,6,334,362,696,8,0.253791,0.26534,0,0.000166,0.00011,187,0.000125,0,31,1,0.00122
38063,Nelson County,,ND,126,3744,3870,0,0,0,0,0,0,0,0,0,0,0,0,198,0.000052,189,279,0,0
38065,Oliver County,,ND,128,2262,2390,0,0,0,0,0,0,0,0,0,0,0,0,199,0.000052,190,280,0,0
38067,Pembina County,,ND,378,8829,9207,2,1,3,123,75,198,8,0.246015,0.2557,0,0.000044,0.000012,187,0.000104,0,31,1,0.000319
38069,Pierce County,,ND,222,5208,5430,0,0,0,0,0,0,0,0,0,0,0,0,200,0.000052,191,281,0,0
38071,Ramsey County,,ND,915,13797,14712,3,3,6,250,318,568,8,0.255307,0.267294,5601,0.000135,0.000101,187,0.000198,0,31,0.333333,0.001121
38073,Ransom County,,ND,327,6997,7324,1,1,2,102,90,192,8,0.254163,0.265458,0,0.000091,0.000089,187,0.000076,0,31,0,0.000803
38075,Renville County,,ND,198,3096,3294,1,1,2,94,120,214,8,0.251722,0.262065,0,0.000075,0.000065,187,0.000079,0,31,0,0.000618
38077,Richland County,,ND,1179,19115,20294,2,3,5,517,485,1002,8,0.254279,0.265998,0,0.000092,0.000098,187,0.000112,0,31,1,0.00092
38079,Rolette County,,ND,594,14781,15375,1,3,4,72,228,300,8,0.258852,0.271319,0,0.000091,0.000166,187,0.000076,0,31,1,0.000803
38081,Sargent County,,ND,285,5029,5314,1,1,2,62,68,130,8,0.254163,0.265458,0,0.000091,0.000089,187,0.000076,0,31,0,0.000803
38083,Sheridan County,,ND,50,1561,1611,0,0,0,0,0,0,0,0,0,0,0,0,201,0.000052,192,282,0,0
38085,Sioux County,,ND,223,3301,3524,1,0,1,78,0,78,0,0,0,0,0.000021,0,187,0.000084,0,13,0,0.000356
38087,Slope County,,ND,-2,849,847,0,0,0,0,0,0,0,0,0,0,0,0,202,0.000052,193,283,0,0
38089,Stark County,,ND,5793,37155,42948,9,10,19,898,1291,2189,7,0.322911,0.344778,10956.790839,0.00146,0.003466,187,0.000349,0,31,0.378788,0.011972
38091,Steele County,,ND,102,2321,2423,0,0,0,0,0,0,0,0,0,0,0,0,203,0.000052,194,284,0,0
38093,Stutsman County,,ND,1411,24590,26001,3,3,6,311,378,689,8,0.254349,0.266178,6.29489,0.000113,0.000119,187,0.00016,0,31,0.666667,0.001267
38095,Towner County,,ND,118,2841,2959,0,0,0,0,0,0,0,0,0,0,0,0,204,0.000052,195,285,0,0
38097,Traill County,,ND,596,9211,9807,2,2,4,353,236,589,8,0.25526,0.267054,0,0.000135,0.000101,187,0.000105,0,31,1,0.001022
38099,Walsh County,,ND,722,13315,14037,1,3,4,121,307,428,8,0.255284,0.267234,0,0.000043,0.000101,187,0.000081,0,31,0.666667,0.000219
38101,Ward County,,ND,12119,80757,92876,21,22,43,2320,3176,5496,7,0.33636,0.362506,34340.7338,0.007279,0.008373,187,0.000701,0,31,0.269928,0.05569
38103,Wells County,,ND,281,5203,5484,0,0,0,0,0,0,0,0,0,0,0,0,205,0.000052,196,286,0,0
38105,Williams County,,ND,9451,38081,47532,10,22,32,1098,2398,3496,7,0.336768,0.363178,14108.076777,0.001705,0.007744,187,0.000339,0,31,0.332016,0.014628
39001,Adams County,,OH,1194,28361,29555,6,4,10,718,667,1385,8,0.247814,0.258323,17.878164,0.000671,0.000085,206,0.000189,0,31,0.533333,0.004742
39003,Allen County,,OH,6021,116598,122619,13,17,30,2823,3298,6121,7,0.296478,0.315882,1578.704812,0.002412,0.002786,206,0.000255,0,31,0.419118,0.015145
39005,Ashland County,,OH,3262,60117,63379,10,12,22,2095,2076,4171,7,0.293875,0.311467,290.095421,0.002329,0.002061,206,0.000187,0,31,0.628788,0.014333
39007,Ashtabula County,,OH,4400,109727,114127,11,11,22,2609,2541,5150,7,0.294342,0.312067,83.419118,0.003344,0.002041,206,0.000178,0,31,0.698718,0.019528
39009,Athens County,,OH,4160,50235,54395,12,13,25,1538,1883,3421,7,0.295406,0.313573,8549.60783,0.002615,0.00237,206,0.00037,0,31,0.288462,0.017183
39011,Auglaize County,,OH,2960,57365,60325,7,7,14,1863,1855,3718,7,0.292637,0.309469,3.359673,0.00095,0.001208,206,0.00017,0,31,0.75,0.007004
39013,Belmont County,,OH,3124,75582,78706,7,9,16,1499,1621,3120,7,0.295784,0.314629,13924.832451,0.0009,0.001648,206,0.00023,0,31,0.263889,0.006679
39015,Brown County,,OH,3291,47168,50459,8,8,16,2492,2532,5024,7,0.282518,0.296814,10255.671919,0.000999,0.000805,206,0.000246,0,31,0.607143,0.006351
39017,Butler County,,OH,26442,421237,447679,32,41,73,19700,19017,38717,6,0.355652,0.385109,15335.28695,0.014098,0.022243,206,0.000579,0,31,0.435266,0.096966
39019,Carroll County,,OH,1945,31634,33579,6,5,11,1314,1370,2684,7,0.265609,0.278818,331.159046,0.000565,0.000337,206,0.000148,0,31,0.6,0.003074
39021,Champaign County,,OH,2873,44769,47642,9,8,17,2125,2046,4171,7,0.292606,0.309529,8.324286,0.001442,0.001292,206,0.0002,0,31,0.652778,0.00986
39023,Clark County,,OH,7422,155734,163156,9,11,20,4122,4623,8745,7,0.293782,0.311305,24.101145,0.002106,0.001999,206,0.000192,0,31,0.572727,0.013666
39025,Clermont County,,OH,16545,235093,251638,17,19,36,12006,10644,22650,7,0.328602,0.352667,3346.88543,0.005298,0.007528,206,0.000355,0,31,0.567194,0.033805
39027,Clinton County,,OH,3222,46716,49938,10,10,20,2406,2384,4790,7,0.293844,0.311245,99.232141,0.002356,0.002023,206,0.000215,0,31,0.766667,0.014857
39029,Columbiana County,,OH,5166,117573,122739,11,13,24,2739,3295,6034,7,0.296858,0.316218,190.237612,0.002392,0.002721,206,0.000198,0,31,0.551282,0.013389
39031,Coshocton County,,OH,1720,41016,42736,8,7,15,1234,1044,2278,7,0.292544,0.309349,187.73639,0.001095,0.000916,206,0.000226,0,31,0.482143,0.007612
39033,Crawford County,,OH,2792,49122,51914,7,8,15,1710,1879,3589,7,0.292452,0.309289,904.372816,0.000921,0.000987,206,0.000189,0,31,0.571429,0.006952
39035,Cuyahoga County,,OH,62700,1450143,1512843,129,149,278,40026,51583,91609,6,0.398394,0.442297,36391.01258,0.073522,0.082865,206,0.001677,0,31,0.419222,0.488964
39037,Darke County,,OH,2763,63155,65918,7,9,16,1504,1717,3221,7,0.292945,0.310249,734.016524,0.000446,0.00129,206,0.000183,0,31,0.5,0.00317
39039,Defiance County,,OH,2554,46715,49269,7,9,16,1310,1527,2837,7,0.293782,0.311689,411.352316,0.00053,0.001162,100,0.000167,0,31,0.430556,0.002818
39041,Delaware County,,OH,16331,231348,247679,27,23,50,14595,10527,25122,6,0.340316,0.365995,3479.205822,0.007054,0.01083,206,0.000477,0,31,0.355615,0.046349
39043,Erie County,,OH,5077,91518,96595,11,10,21,3106,3195,6301,7,0.29403,0.311527,22.706264,0.003126,0.002044,206,0.000194,0,31,0.709091,0.018975
39045,Fairfield County,,OH,12012,171340,183352,13,13,26,10146,8351,18497,7,0.295218,0.313213,73.072085,0.002747,0.002453,206,0.000314,0,31,0.417582,0.017946
39047,Fayette County,,OH,1775,31951,33726,7,7,14,1211,1119,2330,7,0.292575,0.309307,9.351284,0.001037,0.001016,206,0.000185,0,31,0.571429,0.007587
39049,Franklin County,,OH,87348,1439700,1527048,231,225,456,66193,71768,137961,6,0.412779,0.463769,335761.647334,0.095431,0.09576,206,0.003581,0,31,0.223431,0.632801
39051,Fulton County,,OH,2763,52318,55081,6,6,12,1928,1837,3765,7,0.264975,0.27793,6.216985,0.000364,0.000214,100,0.00014,0,31,0.633333,0.002061
39053,Gallia County,,OH,1307,30811,32118,5,5,10,556,656,1212,7,0.292637,0.309187,2051.450696,0.000876,0.000873,206,0.000205,0,31,0.3,0.006386
39055,Geauga County,,OH,5945,117166,123111,7,9,16,4540,4031,8571,7,0.319972,0.34102,18.382864,0.002146,0.003294,206,0.000133,0,31,0.902778,0.013252
39057,Greene County,,OH,16089,178751,194840,23,23,46,9652,10362,20014,6,0.343472,0.369534,2726.059702,0.010308,0.012853,206,0.000398,0,31,0.466931,0.071888
39059,Guernsey County,,OH,2156,44415,46571,6,6,12,945,1047,1992,7,0.292668,0.309397,2334.869623,0.000907,0.000902,206,0.000226,0,31,0.433333,0.006675
39061,Hamilton County,,OH,51444,936472,987916,104,106,210,35163,41488,76651,6,0.392539,0.43067,56565.309073,0.056665,0.062794,206,0.001562,0,31,0.422796,0.39374
39063,Hancock County,,OH,5313,89857,95170,10,12,22,2757,2838,5595,7,0.294062,0.311995,2943.707778,0.002003,0.001788,100,0.000205,0,31,0.474359,0.01269
39065,Hardin County,,OH,1788,32409,34197,7,7,14,1168,1122,2290,7,0.292483,0.309229,871.036794,0.00093,0.000927,100,0.000183,0,31,0.547619,0.006975
39067,Harrison County,,OH,1020,16283,17303,4,4,8,492,594,1086,8,0.229265,0.238446,13.358239,0.000052,0.000048,206,0.000135,0,31,0.416667,0.000747
39069,Henry County,,OH,1744,34886,36630,5,6,11,1050,1133,2183,7,0.26495,0.27787,71.297906,0.000346,0.000192,100,0.000127,0,31,0.666667,0.001824
39071,Highland County,,OH,2708,45656,48364,12,12,24,2030,1976,4006,7,0.293875,0.311545,496.08228,0.002259,0.00192,206,0.00029,0,31,0.544872,0.014597
39073,Hocking County,,OH,1790,30393,32183,6,6,12,1195,1178,2373,7,0.292513,0.309109,4.446176,0.000928,0.00093,206,0.000189,0,31,0.733333,0.006885
39075,Holmes County,,OH,2065,48438,50503,5,6,11,1180,1545,2725,7,0.258828,0.270902,3.34359,0.000228,0.00017,206,0.00014,0,31,0.533333,0.001613
39077,Huron County,,OH,4086,70114,74200,10,10,20,2752,2721,5473,7,0.293813,0.311107,14.492602,0.001823,0.001719,206,0.000203,0,31,0.588889,0.012443
39079,Jackson County,,OH,1441,34451,35892,7,6,13,886,832,1718,7,0.292513,0.309139,12.834345,0.000921,0.000897,206,0.000245,0,31,0.52381,0.006923
39081,Jefferson County,,OH,3196,74087,77283,8,12,20,1504,1540,3044,7,0.295847,0.315139,2267.108225,0.001791,0.001981,206,0.000209,0,31,0.409091,0.011869
39083,Knox County,,OH,3550,67779,71329,8,6,14,2157,1729,3886,7,0.29239,0.308929,64.572476,0.001037,0.000972,206,0.000208,0,31,0.553571,0.007533
39085,Lake County,,OH,12336,289344,301680,16,17,33,9188,8271,17459,7,0.331227,0.354605,392.550082,0.006908,0.006929,206,0.000239,0,31,0.640351,0.045921
39087,Lawrence County,,OH,2808,64532,67340,7,7,14,1598,1599,3197,7,0.293224,0.310153,3417.099577,0.000888,0.000884,206,0.000277,0,31,0.404762,0.006698
39089,Licking County,,OH,11154,197585,208739,11,11,22,9157,7201,16358,7,0.320415,0.341788,429.368251,0.001395,0.00283,206,0.00028,0,31,0.39011,0.009557
39091,Logan County,,OH,3195,54082,57277,11,11,22,1896,2174,4070,7,0.292791,0.310249,24.797087,0.001449,0.001304,206,0.000247,0,31,0.515152,0.01003
39093,Lorain County,,OH,15228,358180,373408,23,22,45,11288,9509,20797,6,0.339029,0.364291,1334.089274,0.00948,0.012658,206,0.000349,0,31,0.5,0.064622
39095,Lucas County,,OH,22094,479620,501714,38,56,94,12464,14970,27434,6,0.359891,0.392441,20715.911107,0.015701,0.031291,100,0.000553,0,31,0.460169,0.104583
39097,Madison County,,OH,3542,45501,49043,7,9,16,2658,2585,5243,7,0.292513,0.309499,9.187152,0.001012,0.001095,206,0.000188,0,31,0.5,0.007324
39099,Mahoning County,,OH,12232,265267,277499,14,19,33,7039,7546,14585,6,0.336686,0.360811,851.726701,0.003293,0.009752,206,0.000236,0,31,0.555263,0.019983
39101,Marion County,,OH,3315,68451,71766,8,9,17,1812,1927,3739,7,0.292483,0.309469,935.308758,0.00101,0.000989,206,0.000218,0,31,0.541667,0.007429
39103,Medina County,,OH,12094,220571,232665,12,15,27,9472,8133,17605,7,0.329811,0.352475,180.578893,0.003542,0.006055,206,0.000193,0,31,0.713235,0.020936
39105,Meigs County,,OH,974,23445,24419,3,4,7,474,552,1026,8,0.228943,0.237734,14.932913,0.000029,0.00004,206,0.000151,0,31,0.333333,0.000544
39107,Mercer County,,OH,1895,52744,54639,8,7,15,951,959,1910,7,0.292729,0.309619,163.134623,0.001336,0.001183,206,0.000179,0,31,0.696429,0.009009
39109,Miami County,,OH,6812,125254,132066,12,13,25,4943,4343,9286,7,0.293937,0.311815,117.223129,0.001669,0.002017,206,0.000247,0,31,0.528571,0.011211
39111,Monroe County,,OH,669,16118,16787,1,3,4,92,317,409,8,0.228736,0.237714,1994.756841,0.000015,0.000016,206,0.000074,0,31,0,0.000168
39113,Montgomery County,,OH,33367,602977,636344,62,72,134,21178,23673,44851,6,0.373237,0.408057,22938.490316,0.031064,0.04299,206,0.001011,0,31,0.464784,0.222683
39115,Morgan County,,OH,694,15019,15713,3,4,7,373,448,821,8,0.228247,0.23685,4.236219,0.000037,0.000048,206,0.000146,0,31,0.5,0.000603
39117,Morrow County,,OH,2602,38124,40726,7,6,13,2140,1858,3998,7,0.29239,0.308929,3.227311,0.001027,0.000967,206,0.00019,0,31,0.761905,0.007347
39119,Muskingum County,,OH,4539,97265,101804,7,7,14,2231,2630,4861,7,0.292483,0.309229,1082.763006,0.000931,0.00092,206,0.000229,0,31,0.5,0.006921
39121,Noble County,,OH,608,13614,14222,3,2,5,379,296,675,8,0.226683,0.234552,5.035866,0.000031,0.000016,206,0.000147,0,31,0.333333,0.000501
39123,Ottawa County,,OH,2643,50318,52961,8,9,17,1765,1665,3430,7,0.293968,0.311287,3.493144,0.001993,0.001848,100,0.000162,0,31,0.833333,0.012532
39125,Paulding County,,OH,1132,22655,23787,4,5,9,592,724,1316,7,0.265355,0.278272,109.710706,0.000262,0.000161,100,0.000118,0,31,0.55,0.001525
39127,Perry County,,OH,2266,37986,40252,7,6,13,1857,1726,3583,7,0.292513,0.309109,466.384855,0.000945,0.000933,206,0.000218,0,31,0.619048,0.007008
39129,Pickaway County,,OH,4121,60078,64199,7,8,15,3594,3024,6618,7,0.292421,0.309229,6.616667,0.000942,0.000992,206,0.000201,0,31,0.589286,0.006997
39131,Pike County,,OH,1600,28377,29977,5,6,11,950,1030,1980,7,0.292544,0.309127,23.164047,0.000901,0.000907,206,0.000183,0,31,0.666667,0.006591
39133,Portage County,,OH,12518,174450,186968,15,18,33,8547,8793,17340,7,0.323249,0.346665,233.023027,0.00458,0.006747,206,0.000229,0,31,0.649123,0.028499
39135,Preble County,,OH,2441,48189,50630,7,6,13,1681,1556,3237,7,0.272487,0.286113,17.444164,0.001321,0.000511,206,0.000155,0,31,0.642857,0.007826
39137,Putnam County,,OH,1370,44201,45571,6,8,14,782,886,1668,7,0.292791,0.309949,120.599376,0.000064,0.001086,100,0.000153,0,31,0.5,0.000981
39139,Richland County,,OH,6221,138379,144600,13,15,28,3580,3575,7155,7,0.293999,0.312067,41.209117,0.002345,0.002098,206,0.000267,0,31,0.504762,0.014761
39141,Ross County,,OH,3794,80102,83896,10,10,20,2429,2349,4778,7,0.292668,0.309847,31.082292,0.000957,0.000959,206,0.000306,0,31,0.422222,0.007519
39143,Sandusky County,,OH,3691,72025,75716,8,9,17,2429,2546,4975,7,0.293999,0.311347,4.961858,0.001267,0.001787,100,0.000167,0,31,0.819444,0.008387
39145,Scioto County,,OH,2864,75019,77883,8,7,15,1187,1206,2393,7,0.292729,0.309535,420.987799,0.000897,0.000898,206,0.000296,0,31,0.375,0.006898
39147,Seneca County,,OH,3464,64124,67588,10,10,20,2295,2405,4700,7,0.29276,0.310129,1087.142391,0.001282,0.001137,100,0.00021,0,31,0.6,0.008666
39149,Shelby County,,OH,2956,59209,62165,8,11,19,1621,1975,3596,7,0.293875,0.311455,54.620578,0.001332,0.001822,206,0.000185,0,31,0.618182,0.009088
39151,Stark County,,OH,18158,446203,464361,25,37,62,10979,11785,22764,6,0.348557,0.377604,8584.647373,0.009994,0.018637,206,0.000389,0,31,0.450742,0.067714
39153,Summit County,,OH,32064,631895,663959,46,62,108,21910,23305,45215,6,0.360545,0.394126,10767.050094,0.022983,0.037714,206,0.00068,0,31,0.459294,0.163426
39155,Trumbull County,,OH,10149,239794,249943,14,17,31,6105,6086,12191,7,0.32476,0.347904,327.345706,0.003308,0.007252,206,0.000231,0,31,0.571895,0.020013
39157,Tuscarawas County,,OH,4878,113266,118144,10,10,20,2701,2858,5559,7,0.293875,0.311227,2362.149413,0.002146,0.001858,206,0.000244,0,31,0.433333,0.013468
39159,Union County,,OH,4677,61824,66501,8,7,15,3786,2768,6554,7,0.292421,0.309109,7.444444,0.001028,0.000972,206,0.000205,0,31,0.571429,0.007572
39161,Van Wert County,,OH,1729,34624,36353,6,7,13,1018,1023,2041,7,0.293564,0.311029,264.331052,0.00028,0.001051,206,0.000163,0,31,0.428571,0.001936
39163,Vinton County,,OH,767,12846,13613,4,4,8,435,442,877,7,0.292452,0.308749,2.562734,0.000897,0.000896,206,0.000151,0,31,0.75,0.006439
39165,Warren County,,OH,19703,264113,283816,24,29,53,15719,13858,29577,6,0.345867,0.372456,4236.844196,0.008359,0.014744,206,0.000449,0,31,0.477718,0.056447
39167,Washington County,,OH,3247,70802,74049,7,6,13,1704,1383,3087,7,0.292668,0.309409,8521.614043,0.000889,0.000881,206,0.000292,0,31,0.196429,0.006643
39169,Wayne County,,OH,6109,138004,144113,11,10,21,3816,3819,7635,7,0.293844,0.311167,284.062581,0.002391,0.001947,206,0.000198,0,31,0.736364,0.014703
39171,Williams County,,OH,2059,44796,46855,7,8,15,1062,1171,2233,7,0.26825,0.282592,63.013038,0.000308,0.000319,100,0.000179,0,31,0.375,0.001872
39173,Wood County,,OH,11295,142047,153342,16,21,37,7310,7347,14657,7,0.321156,0.343764,2267.745444,0.004412,0.005627,100,0.000276,0,31,0.411255,0.028929
39175,Wyandot County,,OH,1353,27168,28521,5,5,10,866,931,1797,8,0.2275,0.23631,3.666667,0.000052,0.000055,100,0.000147,0,31,0.5,0.000936
40001,Adair County,,OK,1206,20855,22061,4,4,8,675,692,1367,7,0.267888,0.279998,8.92797,0.000359,0.000365,11,0.000152,0,31,0.75,0.003151
40003,Alfalfa County,,OK,419,5206,5625,2,2,4,141,183,324,8,0.223186,0.230866,2824,0.000016,0.000029,11,0.000116,0,31,0.5,0.000422
40005,Atoka County,,OK,710,13050,13760,3,2,5,261,256,517,8,0.234055,0.242759,1027.419507,0.000035,0.000027,11,0.000182,0,31,0,0.000528
40007,Beaver County,,OK,356,5974,6330,2,1,3,217,95,312,8,0.213791,0.220001,0,0.000006,0.000001,113,0.000133,0,31,1,0.000219
40009,Beckham County,,OK,2646,22416,25062,4,5,9,516,883,1399,7,0.275924,0.290271,8295.180624,0.000481,0.000447,11,0.000183,0,31,0.5,0.003412
40011,Blaine County,,OK,637,10177,10814,2,3,5,155,211,366,7,0.275814,0.289791,0,0.000517,0.000447,11,0.000099,0,31,1,0.003505
40013,Bryan County,,OK,2797,41920,44717,11,13,24,1598,1480,3078,7,0.305409,0.325285,15458.247155,0.003057,0.003862,11,0.000369,0,31,0.365385,0.024644
40015,Caddo County,,OK,1757,27658,29415,6,6,12,1079,1033,2112,7,0.277467,0.292425,7.732159,0.000873,0.000757,11,0.000178,0,31,0.833333,0.00629
40017,Canadian County,,OK,12869,144967,157836,23,17,40,11096,8182,19278,7,0.31942,0.341569,3761.02433,0.004327,0.005398,11,0.000592,0,31,0.28442,0.03398
40019,Carter County,,OK,3527,51779,55306,12,14,26,1484,1786,3270,7,0.316762,0.338183,9732.709222,0.00161,0.004873,11,0.000383,0,31,0.354167,0.01309
40021,Cherokee County,,OK,2979,44140,47119,9,9,18,1751,1744,3495,7,0.282604,0.297836,105.955561,0.00094,0.000969,11,0.000286,0,31,0.511111,0.00673
40023,Choctaw County,,OK,896,13701,14597,4,4,8,431,439,870,8,0.234292,0.243599,4718.89419,0.000075,0.00006,11,0.000174,0,31,0.166667,0.000905
40025,Cimarron County,,OK,144,2861,3005,0,0,0,0,0,0,0,0,0,0,0,0,207,0.000052,197,287,0,0
40027,Cleveland County,,OK,24792,285146,309938,42,39,81,19065,17536,36601,7,0.344879,0.373966,20368.271476,0.016617,0.018598,11,0.000937,0,31,0.340869,0.126899
40029,Coal County,,OK,307,5152,5459,2,2,4,191,160,351,8,0.220231,0.227411,11.319444,0.000008,0.000006,11,0.00016,0,31,0,0.000272
40031,Comanche County,,OK,15469,115737,131206,36,39,75,5591,7377,12968,7,0.345179,0.375285,13469.695333,0.017025,0.019048,11,0.000687,0,31,0.483838,0.123559
40033,Cotton County,,OK,436,5809,6245,2,2,4,202,188,390,8,0.260821,0.273027,2.071695,0.000187,0.000253,11,0.000087,0,31,0.666667,0.001375
40035,Craig County,,OK,1117,13301,14418,5,5,10,515,647,1162,7,0.276198,0.289725,2.426923,0.000454,0.000344,11,0.000178,0,31,0.8,0.00315
40037,Creek County,,OK,5905,72175,78080,9,10,19,4781,4222,9003,7,0.282088,0.297224,27.650508,0.000986,0.00095,11,0.000267,0,31,0.566667,0.006902
40039,Custer County,,OK,2863,29101,31964,6,7,13,876,1235,2111,7,0.282088,0.296834,2982.946651,0.000536,0.000917,11,0.000202,0,31,0.517857,0.004032
40041,Delaware County,,OK,2906,37643,40549,12,11,23,1933,1738,3671,7,0.278664,0.293822,275.864558,0.001305,0.000709,11,0.000355,0,31,0.431818,0.009593
40043,Dewey County,,OK,411,5319,5730,1,1,2,72,70,142,8,0.220057,0.226781,0,0.000007,0.000004,11,0.00009,0,31,0,0.000133
40045,Ellis County,,OK,396,4304,4700,1,1,2,94,79,173,8,0.220057,0.226781,0,0.000007,0.000004,11,0.00009,0,31,0,0.000133
40047,Garfield County,,OK,6333,68733,75066,14,12,26,1531,2076,3607,7,0.287221,0.304087,19365.539439,0.003267,0.001306,11,0.00049,0,31,0.304167,0.02338
40049,Garvin County,,OK,1959,27801,29760,6,8,14,967,1076,2043,7,0.276088,0.291021,8.426389,0.000664,0.000601,11,0.000194,0,31,0.660714,0.004961
40051,Grady County,,OK,4449,53808,58257,8,10,18,3240,3062,6302,7,0.28373,0.299318,26.767492,0.000889,0.001096,11,0.000227,0,31,0.622222,0.006604
40053,Grant County,,OK,272,4787,5059,1,1,2,84,83,167,8,0.22315,0.230626,0,0.000012,0.000029,11,0.000087,0,31,0,0.000323
40055,Greer County,,OK,288,4778,5066,1,1,2,78,71,149,8,0.217167,0.224004,0,0.000006,0.000006,11,0.000101,0,31,0,0.000142
40057,Harmon County,,OK,176,2603,2779,0,0,0,0,0,0,0,0,0,0,0,0,208,0.000052,198,288,0,0
40059,Harper County,,OK,249,4140,4389,0,1,1,0,70,70,8,0.220101,0.226879,0,0,0.000004,11,0.000052,0,289,0,0
40061,Haskell County,,OK,703,11927,12630,2,2,4,161,188,349,8,0.220371,0.227645,1.217857,0.000015,0.000014,11,0.000111,0,31,0,0.000316
40063,Hughes County,,OK,940,11491,12431,3,3,6,322,345,667,8,0.220319,0.227842,3.3671,0.000021,0.00002,11,0.000138,0,31,0.5,0.000481
40065,Jackson County,,OK,2957,26742,29699,4,4,8,370,492,862,7,0.277384,0.292035,8377,0.000639,0.000705,11,0.000231,0,31,0.3,0.004475
40067,Jefferson County,,OK,427,5529,5956,2,2,4,227,192,419,8,0.241041,0.250261,0,0.00006,0.000022,11,0.000095,0,31,1,0.000398
40069,Johnston County,,OK,770,10326,11096,2,4,6,302,397,699,8,0.240978,0.250795,2.428333,0.000078,0.000049,11,0.0001,0,31,0.583333,0.000561
40071,Kay County,,OK,3238,47243,50481,8,9,17,1042,1463,2505,7,0.28592,0.30188,586.332504,0.001273,0.001044,11,0.000244,0,31,0.472222,0.008348
40073,Kingfisher County,,OK,975,17930,18905,3,4,7,387,560,947,7,0.275896,0.290091,1.97619,0.000529,0.000482,11,0.000134,0,31,0.75,0.003828
40075,Kiowa County,,OK,625,8766,9391,1,1,2,59,67,126,8,0.217218,0.224112,1,0.000004,0.000006,11,0.000071,0,31,0,0.000103
40077,Latimer County,,OK,760,10614,11374,2,2,4,264,353,617,8,0.220371,0.227645,1.217857,0.000015,0.000014,11,0.000111,0,31,0,0.000316
40079,Le Flore County,,OK,2653,46628,49281,6,7,13,1415,1395,2810,7,0.282374,0.297344,4288.727296,0.000484,0.000775,11,0.000245,0,31,0.357143,0.003442
40081,Lincoln County,,OK,2841,34439,37280,7,8,15,1899,1922,3821,7,0.282059,0.296924,20.566738,0.001124,0.000928,11,0.000209,0,31,0.607143,0.007659
40083,Logan County,,OK,4133,45059,49192,6,6,12,2937,2569,5506,7,0.281973,0.296504,6.538219,0.001154,0.000949,11,0.000186,0,31,0.785714,0.00773
40085,Love County,,OK,777,10124,10901,3,2,5,526,335,861,8,0.240686,0.249877,3.335792,0.000614,0.000042,11,0.00012,0,31,0.5,0.00509
40087,McClain County,,OK,3707,41492,45199,5,5,10,2973,2558,5531,7,0.275814,0.290061,0.592857,0.000699,0.000605,11,0.000159,0,31,0.9,0.005087
40089,McCurtain County,,OK,1634,32060,33694,4,5,9,303,446,749,7,0.282374,0.297002,6264.049768,0.000504,0.000745,11,0.000165,0,31,0.35,0.003608
40091,McIntosh County,,OK,1487,17893,19380,5,5,10,771,820,1591,7,0.282002,0.296444,1.907937,0.000912,0.000745,11,0.000183,0,31,0.9,0.006064
40093,Major County,,OK,583,8817,9400,1,1,2,143,99,242,8,0.22315,0.230626,0,0.000012,0.000029,11,0.000087,0,31,0,0.000323
40095,Marshall County,,OK,1136,15499,16635,4,3,7,365,429,794,7,0.275951,0.290091,88.349025,0.000143,0.000445,11,0.000141,0,31,0.65,0.001194
40097,Mayes County,,OK,2678,40597,43275,6,6,12,1547,1585,3132,7,0.276171,0.289785,2.268993,0.000466,0.000357,11,0.000203,0,31,0.766667,0.003351
40099,Murray County,,OK,1057,14109,15166,5,5,10,601,507,1108,7,0.275979,0.290421,2.36978,0.000692,0.000579,11,0.000164,0,31,0.9,0.004879
40101,Muskogee County,,OK,4330,67625,71955,9,8,17,2191,2512,4703,7,0.282145,0.297104,23.034156,0.001098,0.000769,11,0.000288,0,31,0.555556,0.007812
40103,Noble County,,OK,862,12059,12921,2,3,5,338,452,790,7,0.275842,0.289881,0,0.000054,0.000449,11,0.000096,0,31,1,0.000542
40105,Nowata County,,OK,677,10567,11244,3,4,7,390,465,855,7,0.276088,0.289491,0.791667,0.000444,0.000349,11,0.000118,0,31,0.833333,0.002863
40107,Okfuskee County,,OK,708,10349,11057,4,2,6,301,193,494,8,0.220144,0.227303,0.916667,0.000492,0.000019,11,0.00016,0,31,0.666667,0.003597
40109,Oklahoma County,,OK,59443,825706,885149,114,113,227,39267,42660,81927,6,0.3806,0.420584,169504.541906,0.04497,0.052231,11,0.00228,0,31,0.281592,0.327474
40111,Okmulgee County,,OK,2659,37593,40252,7,6,13,1589,1669,3258,7,0.281945,0.296444,1252.244345,0.000919,0.000748,11,0.000264,0,31,0.595238,0.00636
40113,Osage County,,OK,4111,42832,46943,7,8,15,3216,2898,6114,7,0.282059,0.296924,21.795659,0.000948,0.000779,11,0.000208,0,31,0.607143,0.006463
40115,Ottawa County,,OK,2308,31782,34090,6,6,12,1025,1204,2229,7,0.276473,0.290414,444.495264,0.000466,0.000346,11,0.000202,0,31,0.533333,0.003301
40117,Pawnee County,,OK,1276,15546,16822,4,4,8,902,772,1674,7,0.275951,0.289263,0.366667,0.000482,0.000365,11,0.000135,0,31,0.833333,0.003171
40119,Payne County,,OK,7251,68299,75550,15,16,31,2972,3653,6625,7,0.316798,0.338483,3878.392281,0.003781,0.004947,11,0.000395,0,31,0.438596,0.026711
40121,Pittsburg County,,OK,2891,44379,47270,8,9,17,1014,1116,2130,7,0.282145,0.297224,9435.659766,0.001071,0.00089,11,0.000302,0,31,0.333333,0.007453
40123,Pontotoc County,,OK,2657,39849,42506,10,10,20,1155,1309,2464,7,0.28226,0.297584,7623.385792,0.000668,0.000908,11,0.000353,0,31,0.356061,0.005446
40125,Pottawatomie County,,OK,5118,70991,76109,10,9,19,3623,3164,6787,7,0.282116,0.297164,1568.653428,0.001146,0.000964,11,0.00033,0,31,0.536364,0.008198
40127,Pushmataha County,,OK,745,10518,11263,1,2,3,111,197,308,9,0.18991,0.195029,1.580141,0.000001,0.000001,11,0.000089,0,31,0,0.000113
40129,Roger Mills County,,OK,258,3916,4174,1,1,2,95,86,181,8,0.216271,0.222966,0,0.000004,0.000004,11,0.000084,0,31,0,0.000133
40131,Rogers County,,OK,7772,98619,106391,12,12,24,6044,5306,11350,7,0.315109,0.335495,495.021779,0.001157,0.002148,11,0.000334,0,31,0.423077,0.00851
40133,Seminole County,,OK,1873,23240,25113,5,6,11,870,1113,1983,7,0.275896,0.290361,1177.308899,0.000494,0.000579,11,0.000192,0,31,0.666667,0.003704
40135,Sequoyah County,,OK,2340,39651,41991,7,6,13,1306,1217,2523,7,0.276418,0.29036,42.689135,0.000972,0.000385,11,0.000224,0,31,0.595238,0.00663
40137,Stephens County,,OK,3085,45790,48875,7,9,16,1083,1341,2424,7,0.30354,0.322009,1304.554144,0.000865,0.001831,11,0.000209,0,31,0.488889,0.006198
40139,Texas County,,OK,2426,25698,28124,2,4,6,275,451,726,7,0.276611,0.290973,189.280236,0.000003,0.000406,113,0.000141,0,31,0.166667,0.000234
40141,Tillman County,,OK,458,7406,7864,0,1,1,0,91,91,8,0.256673,0.268207,0,0,0.000153,11,0.000052,0,290,0,0
40143,Tulsa County,,OK,44172,705756,749928,92,97,189,31103,32874,63977,6,0.380861,0.418119,109099.347456,0.034969,0.047039,11,0.001922,0,31,0.316323,0.260346
40145,Wagoner County,,OK,7700,78971,86671,8,8,16,6328,5624,11952,7,0.28203,0.296864,21.395698,0.000944,0.000767,11,0.000241,0,31,0.625,0.006571
40147,Washington County,,OK,3833,57434,61267,7,7,14,1651,1678,3329,7,0.315073,0.334763,743.787859,0.002032,0.001957,11,0.000197,0,31,0.571429,0.014689
40149,Washita County,,OK,1433,11505,12938,2,5,7,572,658,1230,7,0.275924,0.290271,2824,0.000012,0.000451,11,0.000108,0,31,0.55,0.000277
40151,Woods County,,OK,934,9000,9934,1,3,4,101,190,291,7,0.275896,0.289971,573.489516,0,0.000433,11,0.000102,0,31,0.666667,0.000104
40153,Woodward County,,OK,2102,22547,24649,4,6,10,295,583,878,7,0.282116,0.296774,13976,0.000469,0.000785,11,0.000267,0,31,0.261905,0.00336
41001,Baker County,,OR,977,16606,17583,3,2,5,298,206,504,7,0.262496,0.275483,0,0.000829,0.000341,291,0.000148,0,31,0.833333,0.00824
41003,Benton County,,OR,8962,85019,93981,21,21,42,4787,6241,11028,7,0.326785,0.350543,162.175831,0.00992,0.011238,291,0.000463,0,31,0.796667,0.081037
41005,Clackamas County,,OR,35413,455259,490672,65,57,122,36186,29864,66050,7,0.340733,0.371662,6594.053297,0.028258,0.023613,291,0.001243,0,31,0.46853,0.220438
41007,Clatsop County,,OR,3264,40247,43511,12,11,23,1610,1297,2907,7,0.280295,0.296664,41.653068,0.003916,0.002662,291,0.000302,0,31,0.75,0.035319
41009,Columbia County,,OR,2999,54187,57186,7,8,15,3086,1803,4889,7,0.280182,0.296064,0.333913,0.001655,0.002419,291,0.000202,0,31,0.964286,0.017221
41011,Coos County,,OR,3795,63402,67197,16,14,30,1821,1870,3691,7,0.280408,0.297264,39.34498,0.006327,0.003202,291,0.000384,0,31,0.813725,0.054803
41013,Crook County,,OR,1459,22415,23874,7,3,10,1440,649,2089,8,0.254233,0.266137,0.854389,0.001594,0.000493,291,0.000233,0,31,0.880952,0.017285
41015,Curry County,,OR,1853,23084,24937,6,6,12,570,603,1173,7,0.256226,0.268329,4.665152,0.001715,0.00088,291,0.000173,0,31,0.75,0.014481
41017,Deschutes County,,OR,11821,195151,206972,64,34,98,13538,7556,21094,7,0.327904,0.353651,5833.55182,0.02547,0.013857,291,0.001192,0,31,0.500439,0.198185
41019,Douglas County,,OR,5632,109117,114749,24,15,39,3502,3022,6524,7,0.32012,0.341484,245.635931,0.011452,0.005598,291,0.000504,0,31,0.77,0.093336
41021,Gilliam County,,OR,138,1883,2021,0,0,0,0,0,0,0,0,0,0,0,0,209,0.000052,199,291,0,0
41023,Grant County,,OR,464,7276,7740,0,0,0,0,0,0,0,0,0,0,0,0,210,0.000052,200,292,0,0
41025,Harney County,,OR,458,7366,7824,1,0,1,55,0,55,0,0,0,0,0.000124,0,291,0.000082,0,0,0,0.00187
41027,Hood River County,,OR,1855,29754,31609,5,5,10,802,944,1746,7,0.279871,0.295044,1.190244,0.00115,0.001565,291,0.000168,0,31,0.85,0.011828
41029,Jackson County,,OR,11508,235095,246603,52,39,91,9681,7311,16992,7,0.328369,0.354971,1421.780821,0.022232,0.0176,291,0.000898,0,31,0.6,0.17259
41031,Jefferson County,,OR,1549,22589,24138,5,4,9,1112,805,1917,7,0.278162,0.293047,26.688908,0.001251,0.001186,291,0.000206,0,31,0.9,0.013477
41033,Josephine County,,OR,4920,85567,90487,24,16,40,3647,2765,6412,7,0.325521,0.348054,289.090904,0.012878,0.007733,291,0.000447,0,31,0.725071,0.10069
41035,Klamath County,,OR,4203,66678,70881,14,13,27,1729,1811,3540,7,0.318724,0.33997,2832.711769,0.003908,0.00478,291,0.00037,0,31,0.705882,0.035688
41037,Lake County,,OR,500,7562,8062,0,1,1,0,71,71,8,0.241757,0.250597,0,0,0.000035,291,0.000052,0,293,0,0
41039,Lane County,,OR,19373,379876,399249,75,50,125,16208,13196,29404,6,0.343769,0.373182,4690.553393,0.030586,0.02417,291,0.001336,0,31,0.483158,0.238581
41041,Lincoln County,,OR,3940,48321,52261,20,13,33,2587,2039,4626,7,0.297081,0.315324,80.004385,0.008482,0.003952,291,0.000466,0,31,0.839474,0.072354
41043,Linn County,,OR,8116,127341,135457,22,17,39,7477,5754,13231,7,0.319237,0.3412,66.156176,0.009133,0.006286,291,0.000502,0,31,0.812253,0.076952
41045,Malheur County,,OR,1938,27796,29734,4,4,8,1013,1020,2033,7,0.262472,0.275693,0,0.000395,0.000485,291,0.000185,0,31,1,0.004235
41047,Marion County,,OR,20161,360600,380761,54,34,88,19240,14838,34078,7,0.327904,0.353651,1325.102232,0.021661,0.013362,291,0.001032,0,31,0.542424,0.169292
41049,Morrow County,,OR,931,12979,13910,1,2,3,396,457,853,8,0.247263,0.257601,0,0.000037,0.000142,291,0.000073,0,31,1,0.000374
41051,Multnomah County,,OR,73451,868138,941589,180,131,311,65730,63326,129056,6,0.385085,0.427922,59730.107217,0.08346,0.060588,291,0.002895,0,31,0.307497,0.587004
41053,Polk County,,OR,7359,82784,90143,17,12,29,6727,5609,12336,7,0.297049,0.315145,5.13591,0.006789,0.003954,291,0.000408,0,31,0.926471,0.059255
41055,Sherman County,,OR,95,1955,2050,0,0,0,0,0,0,0,0,0,0,0,0,211,0.000052,201,294,0,0
41057,Tillamook County,,OR,1593,27859,29452,7,7,14,1110,668,1778,7,0.279984,0.295524,0.25,0.001534,0.002116,291,0.000212,0,31,0.964286,0.016621
41059,Umatilla County,,OR,4820,81129,85949,14,16,30,2129,2682,4811,7,0.289134,0.308699,3226.407866,0.003038,0.004082,291,0.000393,0,31,0.639706,0.029913
41061,Union County,,OR,1666,27610,29276,7,4,11,596,427,1023,7,0.262645,0.276053,2832.166375,0.001569,0.000362,291,0.000249,0,31,0.571429,0.016447
41063,Wallowa County,,OR,396,8052,8448,1,0,1,79,0,79,0,0,0,0,0.000003,0,291,0.000105,0,30,0,0.000246
41065,Wasco County,,OR,1800,27209,29009,5,6,11,904,819,1723,7,0.28004,0.295524,1.557451,0.001147,0.001869,291,0.000173,0,31,0.833333,0.011828
41067,Washington County,,OR,50531,658168,708699,126,86,212,45819,42323,88142,6,0.365526,0.402616,18503.584213,0.059539,0.040984,291,0.002127,0,31,0.384028,0.438021
41069,Wheeler County,,OR,114,1213,1327,0,0,0,0,0,0,0,0,0,0,0,0,212,0.000052,202,295,0,0
41071,Yamhill County,,OR,7021,108991,116012,17,15,32,6293,4766,11059,7,0.323399,0.345462,45.841638,0.007513,0.006743,291,0.000403,0,31,0.926471,0.064348
42001,Adams County,,PA,6278,125102,131380,11,9,20,4497,3901,8398,7,0.277301,0.29361,6.718218,0.003561,0.001524,214,0.000165,0,31,0.754545,0.019448
42003,Allegheny County,,PA,61999,1473905,1535904,169,204,373,39415,50726,90141,6,0.40191,0.452334,193064.937418,0.084539,0.096186,206,0.00237,0,31,0.29176,0.558633
42005,Armstrong County,,PA,3240,80836,84076,6,6,12,2293,2248,4541,7,0.286924,0.303717,4.041667,0.001041,0.000836,206,0.000159,0,31,0.7,0.006122
42007,Beaver County,,PA,8689,207738,216427,9,14,23,5082,4980,10062,7,0.325064,0.347397,282.889027,0.001322,0.004403,206,0.000181,0,31,0.461538,0.007063
42009,Bedford County,,PA,1739,58740,60479,6,7,13,872,920,1792,7,0.28734,0.304443,384.182001,0.000045,0.000826,206,0.000196,0,31,0.357143,0.001037
42011,Berks County,,PA,19443,502011,521454,36,48,84,12318,13068,25386,6,0.344965,0.375222,763.217941,0.018981,0.027645,214,0.000342,0,31,0.628571,0.103802
42013,Blair County,,PA,4629,147382,152011,6,10,16,1804,2178,3982,7,0.287697,0.305493,710.531654,0.00106,0.001189,206,0.000151,0,31,0.477778,0.006159
42015,Bradford County,,PA,3387,72757,76144,8,9,17,1315,1355,2670,7,0.24868,0.261421,3031.773035,0.000173,0.000139,181,0.00022,0,31,0.291667,0.001512
42017,Bucks County,,PA,35409,799906,835315,65,94,159,29851,27969,57820,6,0.36309,0.4012,2588.220566,0.038006,0.056793,214,0.000603,0,31,0.571744,0.222465
42019,Butler County,,PA,10766,231020,241786,13,14,27,7339,5975,13314,7,0.317304,0.338783,645.714996,0.001345,0.004168,206,0.000275,0,31,0.3625,0.007649
42021,Cambria County,,PA,5402,158847,164249,10,10,20,2362,2633,4995,7,0.291501,0.310011,933.30206,0.002352,0.001861,206,0.00019,0,31,0.5,0.013253
42023,Cameron County,,PA,205,5769,5974,0,0,0,0,0,0,0,0,0,0,0,0,213,0.000052,203,296,0,0
42025,Carbon County,,PA,3922,73720,77642,10,9,19,2848,2580,5428,7,0.284952,0.302285,2.798297,0.004179,0.002615,214,0.000126,0,31,0.966667,0.022503
42027,Centre County,,PA,8548,142318,150866,21,34,55,2920,3785,6705,6,0.34505,0.37395,11637.21783,0.007116,0.018236,206,0.000303,0,31,0.554367,0.039287
42029,Chester County,,PA,32785,629285,662070,64,84,148,24636,24781,49417,6,0.362758,0.399418,2414.541723,0.037148,0.053145,214,0.000637,0,31,0.586718,0.22466
42031,Clarion County,,PA,1933,42791,44724,6,6,12,847,967,1814,7,0.286924,0.303717,4099.39449,0.000922,0.000797,206,0.000186,0,31,0.5,0.005831
42033,Clearfield County,,PA,3410,91253,94663,7,8,15,1774,1823,3597,7,0.287221,0.304425,946.649112,0.001083,0.00091,206,0.000167,0,31,0.553571,0.006343
42035,Clinton County,,PA,1951,42501,44452,2,2,4,979,930,1909,7,0.256865,0.268389,0,0.000191,0.000084,214,0.000076,0,31,1,0.000699
42037,Columbia County,,PA,3465,71391,74856,7,8,15,1839,1735,3574,7,0.284719,0.301787,1241.647615,0.001107,0.001326,214,0.000163,0,31,0.611111,0.006936
42039,Crawford County,,PA,4164,97040,101204,6,7,13,2116,2152,4268,7,0.286924,0.303837,8.261707,0.001053,0.000876,206,0.000161,0,31,0.642857,0.006239
42041,Cumberland County,,PA,18100,297173,315273,35,37,72,12119,10979,23098,7,0.335588,0.36364,5771.835174,0.014165,0.017688,214,0.000429,0,31,0.472789,0.082039
42043,Dauphin County,,PA,20073,329119,349192,44,49,93,11972,13595,25567,6,0.352896,0.384359,14422.609437,0.017562,0.027198,214,0.000506,0,31,0.508726,0.098129
42045,Delaware County,,PA,34446,664526,698972,57,70,127,25875,27666,53541,6,0.362427,0.397258,1827.580776,0.035169,0.04548,214,0.000565,0,31,0.632587,0.212322
42047,Elk County,,PA,1108,40240,41348,3,4,7,306,430,736,7,0.286924,0.303447,4.966667,0.000022,0.000785,206,0.000124,0,31,0.666667,0.000477
42049,Erie County,,PA,11324,318543,329867,14,30,44,3034,5081,8115,6,0.343599,0.370776,3248.91261,0.004904,0.016578,206,0.000271,0,31,0.462366,0.03153
42051,Fayette County,,PA,5468,151423,156891,6,6,12,2894,2985,5879,7,0.288204,0.305073,22.010455,0.001066,0.000843,206,0.000171,0,31,0.7,0.006198
42053,Forest County,,PA,308,5167,5475,1,2,3,64,142,206,8,0.223043,0.230893,0,0.000007,0.000018,206,0.000079,0,31,1,0.000158
42055,Franklin County,,PA,8498,192236,200734,15,12,27,4299,3609,7908,7,0.291899,0.310899,2974.6063,0.004571,0.002542,214,0.000265,0,31,0.509524,0.026151
42057,Fulton County,,PA,687,17665,18352,4,4,8,405,410,815,8,0.232741,0.24329,11.605879,0.000092,0.000095,214,0.000135,0,31,0.5,0.001014
42059,Greene County,,PA,1731,40074,41805,4,4,8,712,976,1688,7,0.288025,0.304545,0,0.000947,0.000795,206,0.000135,0,31,1,0.005659
42061,Huntingdon County,,PA,1800,48874,50674,6,6,12,1000,1033,2033,7,0.257127,0.269475,60.275449,0.000208,0.000122,206,0.000164,0,31,0.333333,0.001342
42063,Indiana County,,PA,4223,91055,95278,7,8,15,1860,1970,3830,7,0.291073,0.309033,21.147406,0.001025,0.001662,206,0.000168,0,31,0.555556,0.006323
42065,Jefferson County,,PA,2291,53451,55742,6,6,12,1395,1396,2791,7,0.286924,0.303717,915.075135,0.000907,0.000795,206,0.000173,0,31,0.566667,0.005813
42067,Juniata County,,PA,869,29165,30034,5,4,9,664,492,1156,7,0.261017,0.273284,7.511855,0.000416,0.000176,214,0.000127,0,31,0.75,0.002261
42069,Lackawanna County,,PA,9838,245122,254960,22,24,46,4909,4941,9850,7,0.329655,0.355322,4560.643932,0.009834,0.010382,214,0.000266,0,31,0.551613,0.054196
42071,Lancaster County,,PA,23584,669096,692680,49,64,113,14222,14713,28935,6,0.359705,0.393461,10098.113515,0.024959,0.039326,214,0.000545,0,31,0.530632,0.149338
42073,Lawrence County,,PA,4236,102773,107009,7,6,13,2240,2344,4584,7,0.286895,0.303657,1.689264,0.001125,0.000854,206,0.000148,0,31,0.809524,0.00643
42075,Lebanon County,,PA,7292,170122,177414,14,9,23,4915,3991,8906,7,0.284923,0.302195,7.286985,0.006492,0.002571,214,0.000162,0,31,0.895604,0.033612
42077,Lehigh County,,PA,24320,431043,455363,51,60,111,18747,17890,36637,6,0.349039,0.381557,1319.178413,0.029458,0.03657,214,0.00048,0,31,0.642243,0.171905
42079,Luzerne County,,PA,13994,372875,386869,35,49,84,8137,8414,16551,7,0.336401,0.366196,11262.67388,0.014289,0.024788,214,0.00039,0,31,0.530049,0.0763
42081,Lycoming County,,PA,5784,134599,140383,16,17,33,2305,2659,4964,7,0.292021,0.311912,12091.42407,0.002204,0.00302,214,0.000326,0,31,0.356725,0.011834
42083,McKean County,,PA,1831,46909,48740,5,5,10,554,565,1119,7,0.287132,0.303915,5426.423591,0.001027,0.000781,181,0.000171,0,31,0.233333,0.005831
42085,Mercer County,,PA,5344,131703,137047,11,8,19,2807,2722,5529,7,0.286954,0.304017,11.338894,0.00141,0.000903,206,0.000214,0,31,0.563636,0.007467
42087,Mifflin County,,PA,1884,54606,56490,6,6,12,904,905,1809,7,0.262422,0.275612,55.971837,0.000766,0.000357,206,0.000144,0,31,0.52381,0.003275
42089,Monroe County,,PA,11436,181559,192995,31,42,73,8370,7197,15567,7,0.325636,0.352307,791.988635,0.014845,0.019754,214,0.000272,0,31,0.644292,0.072983
42091,Montgomery County,,PA,54088,1010841,1064929,97,116,213,45762,45252,91014,6,0.368826,0.409737,6724.533997,0.059264,0.070015,214,0.001,0,31,0.51562,0.369798
42093,Montour County,,PA,1928,21663,23591,5,4,9,975,906,1881,8,0.226148,0.235299,23.995591,0.000275,0.000052,214,0.000132,0,31,0.85,0.001542
42095,Northampton County,,PA,19430,359939,379369,43,49,92,16476,14096,30572,7,0.341278,0.372238,666.64614,0.022829,0.02701,214,0.000374,0,31,0.637571,0.122983
42097,Northumberland County,,PA,4982,106184,111166,13,11,24,3265,3222,6487,7,0.284835,0.302357,3021.074063,0.002395,0.001514,214,0.00022,0,31,0.589744,0.012516
42099,Perry County,,PA,2675,56569,59244,6,6,12,1797,1779,3576,7,0.26533,0.278986,12.665437,0.001043,0.000739,214,0.00013,0,31,0.666667,0.004746
42101,Philadelphia County,,PA,90838,1519975,1610813,165,171,336,65865,80960,146825,6,0.39663,0.44436,50572.306714,0.089603,0.090594,214,0.001871,0,31,0.380988,0.569614
42103,Pike County,,PA,4557,63103,67660,18,11,29,3076,2092,5168,7,0.294873,0.313494,91.435862,0.009192,0.003554,214,0.000178,0,31,0.742105,0.045681
42105,Potter County,,PA,886,19345,20231,3,2,5,327,265,592,8,0.223635,0.231823,15.782472,0.000016,0.00001,181,0.000131,0,31,0,0.000432
42107,Schuylkill County,,PA,5637,166306,171943,16,15,31,3760,3408,7168,7,0.285333,0.303755,17.210333,0.004278,0.003412,214,0.000201,0,31,0.735294,0.021543
42109,Snyder County,,PA,2246,46514,48760,6,8,14,1145,1307,2452,7,0.261483,0.274724,158.159943,0.00029,0.000346,214,0.000164,0,31,0.517857,0.001835
42111,Somerset County,,PA,2819,87546,90365,5,6,11,1304,1328,2632,7,0.28728,0.304203,448.250894,0.001006,0.000855,206,0.000138,0,31,0.5,0.00596
42113,Sullivan County,,PA,385,6986,7371,1,2,3,97,176,273,8,0.226554,0.235713,0,0.000001,0.000021,181,0.000073,0,31,1,0.000128
42115,Susquehanna County,,PA,2404,48594,50998,6,6,12,1172,1190,2362,7,0.258395,0.271725,52.152332,0.00045,0.000323,214,0.00014,0,31,0.533333,0.002379
42117,Tioga County,,PA,2093,47197,49290,5,5,10,785,697,1482,8,0.227369,0.237675,102.559844,0.00005,0.000054,181,0.000184,0,31,0.35,0.000854
42119,Union County,,PA,2543,43109,45652,4,5,9,1379,1259,2638,8,0.226221,0.235659,1.846689,0.000044,0.000056,214,0.000131,0,31,0.8,0.000709
42121,Venango County,,PA,2400,61923,64323,7,6,13,1249,1309,2558,7,0.286895,0.303657,1507.174557,0.001072,0.000845,206,0.000189,0,31,0.595238,0.006245
42123,Warren County,,PA,1696,47266,48962,5,4,9,666,660,1326,7,0.286865,0.303357,9.118755,0.001056,0.000833,206,0.000133,0,31,0.6,0.005975
42125,Washington County,,PA,10864,251838,262702,10,14,24,7051,5977,13028,7,0.326977,0.349185,714.889959,0.001149,0.00381,206,0.000249,0,31,0.333333,0.006923
42127,Wayne County,,PA,3617,58096,61713,9,6,15,1687,1641,3328,8,0.253675,0.266863,193.47086,0.002805,0.000507,214,0.000136,0,31,0.625,0.015666
42129,Westmoreland County,,PA,16366,443503,459869,16,23,39,11151,10433,21584,7,0.335143,0.360965,3153.737385,0.004433,0.012479,206,0.000314,0,31,0.367692,0.030589
42131,Wyoming County,,PA,1912,32809,34721,4,4,8,1127,1111,2238,8,0.253236,0.265627,29.018249,0.00032,0.000222,214,0.000109,0,31,0.666667,0.001644
42133,York County,,PA,21888,545595,567483,42,57,99,16625,14839,31464,7,0.338409,0.36979,3858.238532,0.020697,0.031593,214,0.000473,0,31,0.552353,0.123815
44001,Bristol County,,RI,3566,56800,60366,7,8,15,2359,2291,4650,7,0.286421,0.303677,0.071429,0.002485,0.002866,172,0.000113,0,31,0.982143,0.014276
44003,Kent County,,RI,12454,202158,214612,16,17,33,10073,8778,18851,7,0.319678,0.342021,85.584228,0.007573,0.008952,172,0.000195,0,31,0.752632,0.04527
44005,Newport County,,RI,8570,95157,103727,23,20,43,4316,4458,8774,7,0.324533,0.348084,198.210144,0.013101,0.011628,172,0.000259,0,31,0.662698,0.079806
44007,Providence County,,RI,34278,709855,744133,65,87,152,22191,27304,49495,6,0.364519,0.401968,3110.95426,0.042705,0.056888,172,0.000746,0,31,0.606241,0.279339
44009,Washington County,,RI,8430,148048,156478,15,18,33,6008,5367,11375,7,0.298517,0.318949,20.000105,0.007222,0.008744,172,0.000174,0,31,0.75,0.03904
45001,Abbeville County,,SC,1378,24701,26079,3,3,6,869,899,1768,7,0.26727,0.279867,0,0.000398,0.000566,289,0.000123,0,31,1,0.004267
45003,Aiken County,,SC,9649,178986,188635,19,19,38,5764,5104,10868,7,0.302746,0.32378,3971.283206,0.005351,0.006391,289,0.000404,0,31,0.556277,0.042558
45005,Allendale County,,SC,548,7686,8234,2,2,4,154,223,377,8,0.214435,0.221561,3.771429,0.000013,0.000003,289,0.000094,0,31,0,0.000234
45007,Anderson County,,SC,10664,209316,219980,20,17,37,7840,6794,14634,7,0.299031,0.319371,1062.36191,0.006068,0.004957,289,0.000509,0,31,0.547368,0.050979
45009,Bamberg County,,SC,839,12951,13790,2,3,5,318,419,737,7,0.272166,0.28586,2.05,0.000039,0.000463,289,0.000089,0,31,0.666667,0.000333
45011,Barnwell County,,SC,1208,22126,23334,3,6,9,404,755,1159,7,0.2723,0.28652,1530.079885,0.000062,0.000629,289,0.000136,0,31,0.5,0.000695
45013,Beaufort County,,SC,16423,191045,207468,71,46,117,9223,7454,16677,7,0.344281,0.375063,11790.568954,0.043112,0.029862,289,0.000991,0,31,0.552781,0.284444
45015,Berkeley County,,SC,21541,187017,208558,42,37,79,25525,14568,40093,7,0.33636,0.364888,2614.38111,0.023115,0.019308,289,0.000697,0,31,0.547619,0.168537
45017,Calhoun County,,SC,913,15125,16038,3,3,6,673,659,1332,7,0.272086,0.28571,0,0.000577,0.000581,289,0.000107,0,31,1,0.004533
45019,Charleston County,,SC,36910,404287,441197,131,92,223,28976,26330,55306,6,0.376066,0.414201,19940.129988,0.073158,0.055801,289,0.001817,0,31,0.434601,0.485551
45021,Cherokee County,,SC,2715,57544,60259,7,6,13,1827,1798,3625,7,0.267579,0.280947,6.33425,0.000633,0.000879,289,0.000214,0,31,0.690476,0.007162
45023,Chester County,,SC,1822,34070,35892,4,5,9,1211,1320,2531,7,0.293007,0.309817,42.820662,0.001017,0.001715,289,0.000149,0,31,0.75,0.009044
45025,Chesterfield County,,SC,1913,45153,47066,8,10,18,1152,1261,2413,7,0.293285,0.310957,1265.953854,0.00112,0.002253,289,0.000207,0,31,0.5,0.009421
45027,Clarendon County,,SC,1832,32601,34433,6,5,11,1102,1049,2151,7,0.272273,0.28631,5.297497,0.001135,0.00054,289,0.000153,0,31,0.733333,0.008838
45029,Colleton County,,SC,2138,40078,42216,6,5,11,1289,997,2286,7,0.277246,0.292537,6.319843,0.001536,0.001803,289,0.000155,0,31,0.766667,0.012817
45031,Darlington County,,SC,3796,69331,73127,6,7,13,2021,2259,4280,7,0.293162,0.310357,35.351474,0.000902,0.002186,289,0.000165,0,31,0.75,0.007929
45033,Dillon County,,SC,1479,31135,32614,4,4,8,651,695,1346,7,0.263068,0.275767,2.452427,0.000402,0.000611,289,0.000142,0,31,0.666667,0.004385
45035,Dorchester County,,SC,27875,160214,188089,23,29,52,12081,21384,33465,7,0.336442,0.363832,887.344731,0.011557,0.016767,289,0.000429,0,31,0.612605,0.087183
45037,Edgefield County,,SC,1719,25457,27176,4,5,9,1228,1203,2431,8,0.260723,0.274005,7.3194,0.000421,0.000514,289,0.000129,0,31,0.8,0.003305
45039,Fairfield County,,SC,1376,23168,24544,5,5,10,775,978,1753,7,0.272193,0.28616,6.041211,0.000689,0.000598,289,0.000157,0,31,0.6,0.006258
45041,Florence County,,SC,8450,146078,154528,18,22,40,4371,5157,9528,7,0.305543,0.32774,993.76602,0.003071,0.00726,289,0.000414,0,31,0.434783,0.027093
45043,Georgetown County,,SC,4667,69071,73738,7,9,16,2010,2816,4826,7,0.293782,0.311557,31.891745,0.002366,0.003539,289,0.000184,0,31,0.875,0.020266
45045,Greenville County,,SC,32464,543111,575575,105,64,169,24938,21914,46852,6,0.364423,0.398104,30384.78216,0.05554,0.036374,289,0.001676,0,31,0.447456,0.381179
45047,Greenwood County,,SC,3640,74157,77797,11,13,24,1932,2234,4166,7,0.293906,0.312277,3057.932585,0.001515,0.002991,289,0.000359,0,31,0.554945,0.014066
45049,Hampton County,,SC,978,19468,20446,3,5,8,366,580,946,7,0.272727,0.287042,4118.548236,0.000275,0.000856,289,0.000134,0,31,0.4,0.002839
45051,Horry County,,SC,19438,332293,351731,155,60,215,20245,9412,29657,6,0.356337,0.388973,20393.331422,0.061054,0.032307,289,0.001917,0,31,0.266509,0.374393
45053,Jasper County,,SC,2578,24653,27231,3,4,7,1330,1436,2766,7,0.271953,0.286023,49.637039,0.000678,0.000795,289,0.000109,0,31,0.666667,0.005672
45055,Kershaw County,,SC,3815,68902,72717,8,11,19,2631,2208,4839,7,0.293782,0.311797,119.629724,0.001569,0.003094,289,0.000213,0,31,0.590909,0.012575
45057,Lancaster County,,SC,5109,90345,95454,13,9,22,5418,3044,8462,7,0.293285,0.310837,27.323145,0.003403,0.002448,289,0.000297,0,31,0.596154,0.027884
45059,Laurens County,,SC,3895,66647,70542,7,7,14,2587,2689,5276,7,0.273964,0.288734,2.032648,0.000973,0.001159,289,0.000212,0,31,0.833333,0.009037
45061,Lee County,,SC,1217,16924,18141,5,5,10,744,868,1612,7,0.272246,0.28625,0.951784,0.000634,0.000541,289,0.000134,0,31,0.75,0.004468
45063,Lexington County,,SC,21073,306946,328019,39,32,71,16044,13763,29807,7,0.310079,0.334208,3462.592459,0.013154,0.011949,289,0.00077,0,31,0.413319,0.10245
45065,McCormick County,,SC,492,9269,9761,2,1,3,190,108,298,8,0.227165,0.235144,1.166985,0.00018,0.000014,289,0.000092,0,31,0,0.001318
45067,Marion County,,SC,1757,32957,34714,4,4,8,889,968,1857,7,0.273937,0.288308,21.85076,0.000797,0.001028,289,0.000142,0,31,0.833333,0.0073
45069,Marlboro County,,SC,1256,26077,27333,2,5,7,343,557,900,7,0.272406,0.28664,4.285359,0.000044,0.000503,289,0.000087,0,31,0.35,0.000407
45071,Newberry County,,SC,1882,40914,42796,7,6,13,1133,991,2124,7,0.273883,0.288464,9.667205,0.000918,0.001191,289,0.000214,0,31,0.660714,0.008513
45073,Oconee County,,SC,4219,79564,83783,9,5,14,2085,1866,3951,7,0.276418,0.29102,13.793735,0.003587,0.001344,289,0.000229,0,31,0.855556,0.029231
45075,Orangeburg County,,SC,5066,88799,93865,11,13,24,2411,3047,5458,7,0.294093,0.312577,2933.649025,0.00153,0.003714,289,0.000266,0,31,0.549451,0.012592
45077,Pickens County,,SC,8325,117540,125865,10,12,22,5525,5489,11014,7,0.298165,0.317475,87.874222,0.002707,0.003978,289,0.000284,0,31,0.762821,0.024737
45079,Richland County,,SC,37110,405150,442260,112,95,207,25657,27068,52725,6,0.373588,0.411699,64335.648565,0.050068,0.048653,289,0.001858,0,31,0.346452,0.355252
45081,Saluda County,,SC,1338,22111,23449,6,6,12,823,1022,1845,7,0.272273,0.28646,25.022098,0.000643,0.000641,289,0.000183,0,31,0.633333,0.005349
45083,Spartanburg County,,SC,14912,322470,337382,35,30,65,11783,9290,21073,7,0.307097,0.33044,2457.282412,0.012424,0.010372,289,0.000768,0,31,0.447368,0.098436
45085,Sumter County,,SC,9222,115720,124942,14,21,35,2770,3720,6490,7,0.327517,0.352079,1144.049151,0.004699,0.009544,289,0.0003,0,31,0.529644,0.037101
45087,Union County,,SC,1051,27698,28749,3,3,6,514,575,1089,7,0.267218,0.279777,0,0.000427,0.000615,289,0.000127,0,31,1,0.004627
45089,Williamsburg County,,SC,1961,31694,33655,5,6,11,1018,1299,2317,7,0.275595,0.290582,7.158263,0.000828,0.001554,289,0.000156,0,31,0.766667,0.007618
45091,York County,,SC,15832,279862,295694,48,28,76,14710,9096,23806,7,0.329811,0.355223,3479.080173,0.022447,0.011386,289,0.000842,0,31,0.445882,0.162876
46003,Aurora County,,SD,171,3536,3707,0,1,1,0,55,55,9,0.203963,0.209989,0,0,0.000001,234,0.000052,0,297,0,0
46005,Beadle County,,SD,1362,21873,23235,2,2,4,159,279,438,8,0.255613,0.267019,0,0.000123,0.000109,234,0.000119,0,31,1,0.001077
46007,Bennett County,,SD,142,3014,3156,0,0,0,0,0,0,0,0,0,0,0,0,215,0.000052,204,298,0,0
46009,Bon Homme County,,SD,237,7010,7247,1,1,2,91,70,161,9,0.203621,0.209422,0,0.000001,0.000001,234,0.000101,0,31,0,0.000116
46011,Brookings County,,SD,2718,33209,35927,7,8,15,692,994,1686,7,0.292175,0.30954,10212.490054,0.000136,0.000934,234,0.000459,0,31,0.291667,0.001697
46013,Brown County,,SD,2641,45553,48194,7,10,17,703,821,1524,7,0.293038,0.31116,17493.430612,0.000208,0.001023,234,0.000458,0,31,0.244444,0.002249
46015,Brule County,,SD,353,6086,6439,0,0,0,0,0,0,0,0,0,0,0,0,216,0.000052,205,299,0,0
46017,Buffalo County,,SD,136,1914,2050,0,0,0,0,0,0,0,0,0,0,0,0,217,0.000052,206,300,0,0
46019,Butte County,,SD,1015,11154,12169,3,3,6,388,464,852,8,0.248502,0.258862,0,0.000095,0.000086,234,0.000197,0,31,1,0.001018
46021,Campbell County,,SD,-2,1827,1825,0,0,0,0,0,0,0,0,0,0,0,0,218,0.000052,207,301,0,0
46023,Charles Mix County,,SD,395,9751,10146,1,0,1,65,0,65,0,0,0,0,0.000114,0,234,0.00008,0,24,0,0.000946
46025,Clark County,,SD,163,4131,4294,1,1,2,75,80,155,9,0.203755,0.209782,0,0.000001,0.000001,234,0.000113,0,31,0,0.000129
46027,Clay County,,SD,1491,11636,13127,4,5,9,412,563,975,8,0.256131,0.268357,42.120412,0.000143,0.000201,234,0.000202,0,31,0.533333,0.001511
46029,Codington County,,SD,1956,33681,35637,8,8,16,775,752,1527,8,0.255872,0.268399,21207.027973,0.000131,0.00012,234,0.000568,0,31,0.152778,0.001699
46031,Corson County,,SD,250,3340,3590,1,0,1,59,0,59,0,0,0,0,0,0,234,0.000089,0,26,0,0.000104
46033,Custer County,,SD,868,9529,10397,2,1,3,357,240,597,8,0.248457,0.258502,0,0.000093,0.000082,234,0.000123,0,31,1,0.000872
46035,Davison County,,SD,1583,23520,25103,3,5,8,337,473,810,8,0.256131,0.268357,11201,0.000114,0.000199,234,0.000198,0,31,0.166667,0.00114
46037,Day County,,SD,270,6645,6915,1,1,2,69,50,119,8,0.226646,0.234603,0,0.000009,0.000002,234,0.000091,0,31,0,0.000131
46039,Deuel County,,SD,339,5341,5680,0,1,1,0,77,77,9,0.203799,0.209887,0,0,0.000001,234,0.000052,0,302,0,0
46041,Dewey County,,SD,455,6447,6902,1,2,3,67,132,199,1,1,1,5652,0.000092,0,234,0.000087,0,28,0,0.000768
46043,Douglas County,,SD,168,3611,3779,0,0,0,0,0,0,0,0,0,0,0,0,219,0.000052,208,303,0,0
46045,Edmunds County,,SD,227,4450,4677,1,1,2,110,148,258,8,0.226646,0.234603,0,0.000009,0.000002,234,0.000091,0,31,0,0.000131
46047,Fall River County,,SD,593,7868,8461,1,2,3,124,163,287,8,0.248479,0.258682,0,0.000092,0.000083,234,0.000087,0,31,1,0.000768
46049,Faulk County,,SD,62,2492,2554,0,0,0,0,0,0,0,0,0,0,0,0,220,0.000052,209,304,0,0
46051,Grant County,,SD,446,9305,9751,1,1,2,71,55,126,9,0.203755,0.209782,0,0.000001,0.000001,234,0.000113,0,31,0,0.000129
46053,Gregory County,,SD,121,5026,5147,0,0,0,0,0,0,0,0,0,0,0,0,221,0.000052,210,305,0,0
46055,Haakon County,,SD,69,2479,2548,0,0,0,0,0,0,0,0,0,0,0,0,222,0.000052,211,306,0,0
46057,Hamlin County,,SD,467,6895,7362,2,2,4,218,241,459,8,0.226277,0.234333,0,0.000009,0.000002,234,0.000161,0,31,1,0.000256
46059,Hand County,,SD,152,4043,4195,0,0,0,0,0,0,0,0,0,0,0,0,223,0.000052,212,307,0,0
46061,Hanson County,,SD,380,5084,5464,1,1,2,96,100,196,9,0.20392,0.209884,0,0.000002,0.000001,234,0.000086,0,31,0,0.000112
46063,Harding County,,SD,-2,1517,1515,0,0,0,0,0,0,0,0,0,0,0,0,224,0.000052,213,308,0,0
46065,Hughes County,,SD,1537,21478,23015,3,4,7,378,566,944,8,0.256084,0.268117,5601,0.000206,0.000199,234,0.000194,0,31,0.416667,0.001812
46067,Hutchinson County,,SD,335,8555,8890,1,0,1,67,0,67,0,0,0,0,0.000114,0,234,0.00008,0,23,0,0.000946
46069,Hyde County,,SD,90,1658,1748,0,0,0,0,0,0,0,0,0,0,0,0,225,0.000052,214,309,0,0
46071,Jackson County,,SD,109,2798,2907,0,0,0,0,0,0,0,0,0,0,0,0,226,0.000052,215,310,0,0
46073,Jerauld County,,SD,83,2150,2233,0,0,0,0,0,0,0,0,0,0,0,0,227,0.000052,216,311,0,0
46075,Jones County,,SD,69,1202,1271,0,0,0,0,0,0,0,0,0,0,0,0,228,0.000052,217,312,0,0
46077,Kingsbury County,,SD,463,6604,7067,1,1,2,71,74,145,8,0.226129,0.233823,0,0.000008,0.000001,234,0.000101,0,31,0,0.000127
46079,Lake County,,SD,1400,15651,17051,1,3,4,237,359,596,8,0.255613,0.267139,0,0.000114,0.000118,234,0.00008,0,31,1,0.000946
46081,Lawrence County,,SD,2382,28134,30516,6,5,11,1122,999,2121,8,0.256842,0.269461,348.604548,0.000227,0.000194,234,0.000283,0,31,0.433333,0.002185
46083,Lincoln County,,SD,6504,64597,71101,14,6,20,5863,4132,9995,7,0.320378,0.341248,6362.608141,0.001071,0.002168,234,0.000606,0,31,0.27619,0.008929
46085,Lyman County,,SD,187,4170,4357,0,0,0,0,0,0,0,0,0,0,0,0,229,0.000052,218,313,0,0
46087,McCook County,,SD,436,6678,7114,1,1,2,218,128,346,8,0.255519,0.266659,0,0.000114,0.000107,234,0.00008,0,31,0,0.000946
46089,McPherson County,,SD,72,2399,2471,0,0,0,0,0,0,0,0,0,0,0,0,230,0.000052,219,314,0,0
46091,Marshall County,,SD,293,5001,5294,0,0,0,0,0,0,0,0,0,0,0,0,231,0.000052,220,315,0,0
46093,Meade County,,SD,3935,30707,34642,4,3,7,2111,1903,4014,8,0.248502,0.258862,21.692871,0.000208,0.000085,234,0.000218,0,31,0.833333,0.001954
46095,Mellette County,,SD,107,1801,1908,0,0,0,0,0,0,0,0,0,0,0,0,232,0.000052,221,316,0,0
46097,Miner County,,SD,101,2724,2825,0,0,0,0,0,0,0,0,0,0,0,0,233,0.000052,222,317,0,0
46099,Minnehaha County,,SD,18664,229146,247810,40,43,83,8941,10114,19055,7,0.343175,0.372508,161521.160056,0.011947,0.012663,234,0.00141,0,31,0.194728,0.089309
46101,Moody County,,SD,441,7432,7873,2,2,4,257,228,485,8,0.255589,0.266959,0,0.000122,0.000108,234,0.000129,0,31,1,0.001073
46103,Pennington County,,SD,11800,127014,138814,28,24,52,4533,4340,8873,7,0.330557,0.355829,56509.611962,0.00912,0.010266,234,0.000968,0,31,0.253788,0.072377
46105,Perkins County,,SD,-2,3436,3434,0,0,0,0,0,0,0,0,0,0,0,0,235,0.000052,223,318,0,0
46107,Potter County,,SD,122,3036,3158,0,0,0,0,0,0,0,0,0,0,0,0,236,0.000052,224,319,0,0
46109,Roberts County,,SD,547,10887,11434,1,1,2,52,54,106,9,0.203755,0.209782,0,0.000001,0.000001,234,0.000113,0,31,0,0.000129
46111,Sanborn County,,SD,99,2863,2962,1,0,1,63,0,63,0,0,0,0,0.000002,0,234,0.000086,0,25,0,0.000112
46115,Spink County,,SD,286,7377,7663,1,1,2,81,76,157,8,0.226646,0.234603,0,0.000009,0.000002,234,0.000091,0,31,0,0.000131
46117,Stanley County,,SD,328,3668,3996,1,1,2,233,200,433,9,0.20389,0.209794,0,0.000002,0.000002,234,0.000094,0,31,0,0.000118
46119,Sully County,,SD,87,1756,1843,0,0,0,0,0,0,0,0,0,0,0,0,237,0.000052,225,320,0,0
46121,Todd County,,SD,374,7695,8069,0,1,1,0,67,67,8,0.248502,0.258589,0,0,0.000082,234,0.000052,0,321,0,0
46123,Tripp County,,SD,170,6574,6744,0,0,0,0,0,0,0,0,0,0,0,0,238,0.000052,226,322,0,0
46125,Turner County,,SD,502,9984,10486,2,2,4,362,271,633,8,0.255542,0.266839,0,0.000133,0.000117,234,0.000166,0,31,1,0.001151
46127,Union County,,SD,1558,18634,20192,5,4,9,889,788,1677,8,0.256013,0.267997,28.658668,0.000165,0.000147,234,0.000239,0,31,0.5,0.001719
46129,Walworth County,,SD,309,6594,6903,0,0,0,0,0,0,0,0,0,0,0,0,239,0.000052,227,323,0,0
46135,Yankton County,,SD,1521,26121,27642,4,5,9,430,542,972,8,0.25566,0.267499,11200,0.000115,0.000118,234,0.000286,0,31,0.25,0.001261
46137,Ziebach County,,SD,109,1330,1439,1,0,1,73,0,73,0,0,0,0,0,0,234,0.000089,0,27,0,0.000104
47001,Anderson County,,TN,6249,81891,88140,10,11,21,3843,4072,7915,7,0.294124,0.310039,481.057514,0.001349,0.001556,241,0.000374,0,31,0.427273,0.012022
47003,Bedford County,,TN,3155,52192,55347,7,8,15,2086,1934,4020,7,0.292822,0.307567,658.46961,0.000939,0.001092,241,0.000236,0,31,0.625,0.008412
47005,Benton County,,TN,863,16380,17243,3,3,6,292,365,657,8,0.231983,0.239587,23.728561,0.000015,0.000009,241,0.000176,0,31,0.333333,0.000398
47007,Bledsoe County,,TN,654,11592,12246,3,4,7,366,377,743,7,0.263517,0.275972,4.090873,0.000254,0.000287,241,0.000145,0,31,0.666667,0.002405
47009,Blount County,,TN,7762,143695,151457,15,10,25,4773,4281,9054,7,0.29403,0.309769,616.261978,0.00319,0.001729,241,0.000432,0,31,0.425,0.025136
47011,Bradley County,,TN,6856,113101,119957,12,12,24,3302,3493,6795,7,0.294186,0.310309,1622.954114,0.00137,0.001709,241,0.000423,0,31,0.351648,0.012223
47013,Campbell County,,TN,1722,37521,39243,5,4,9,834,841,1675,7,0.273587,0.286433,1752.240696,0.000394,0.000381,241,0.00022,0,31,0.25,0.003307
47015,Cannon County,,TN,998,14585,15583,4,3,7,827,661,1488,7,0.263043,0.274525,0.527778,0.00021,0.000213,241,0.000188,0,31,0.833333,0.002133
47017,Carroll County,,TN,1820,28842,30662,6,6,12,1051,972,2023,8,0.232702,0.24144,110.446575,0.000062,0.000045,241,0.000255,0,31,0.466667,0.001005
47019,Carter County,,TN,3578,55616,59194,5,4,9,2272,2325,4597,8,0.233819,0.243,113.846179,0.000055,0.000025,241,0.000242,0,31,0.35,0.000775
47021,Cheatham County,,TN,3698,45273,48971,8,8,16,3101,2659,5760,7,0.296352,0.311887,2.230159,0.001395,0.001762,241,0.000248,0,31,0.910714,0.01332
47023,Chester County,,TN,1183,16891,18074,3,3,6,608,589,1197,8,0.23052,0.238369,7.7,0.000021,0.00003,241,0.000176,0,31,0.666667,0.000568
47025,Claiborne County,,TN,1582,30550,32132,5,4,9,622,677,1299,7,0.273533,0.286373,9107.80743,0.000378,0.000373,241,0.000218,0,31,0.2,0.00322
47027,Clay County,,TN,400,7643,8043,2,2,4,143,124,267,8,0.2275,0.234885,3.588889,0.000009,0.000012,241,0.000149,0,31,0.333333,0.000279
47029,Cocke County,,TN,1731,35852,37583,5,5,10,1035,911,1946,7,0.273398,0.286253,0.393694,0.000394,0.000406,241,0.000188,0,31,0.9,0.003534
47031,Coffee County,,TN,4158,59135,63293,9,8,17,2486,2387,4873,7,0.292822,0.307597,3755.370347,0.000915,0.001059,241,0.000369,0,31,0.472222,0.008422
47033,Crockett County,,TN,1048,15728,16776,3,4,7,584,660,1244,8,0.230559,0.238639,2.098485,0.000039,0.000049,241,0.00015,0,31,0.666667,0.000662
47035,Cumberland County,,TN,3431,63965,67396,10,10,20,1164,1204,2368,7,0.294155,0.309979,4510.863617,0.001347,0.001545,241,0.00037,0,31,0.363636,0.01173
47037,Davidson County,,TN,72812,750629,823441,212,156,368,50456,56885,107341,6,0.413208,0.455574,287257.800169,0.092824,0.076437,241,0.003717,0,31,0.260231,0.629828
47039,Decatur County,,TN,606,11624,12230,1,1,2,253,205,458,9,0.187399,0.191665,0,0,0,241,0.000101,0,31,0,0.000115
47041,DeKalb County,,TN,1354,19567,20921,7,8,15,987,849,1836,7,0.292853,0.307627,1202.038694,0.000931,0.001113,241,0.000273,0,31,0.589286,0.008568
47043,Dickson County,,TN,3558,56518,60076,8,8,16,2428,2083,4511,7,0.29632,0.311827,2777.019577,0.001365,0.001636,241,0.000293,0,31,0.638889,0.012902
47045,Dyer County,,TN,2146,41113,43259,9,7,16,1036,960,1996,7,0.298325,0.313836,10250.773739,0.000685,0.001392,241,0.000327,0,31,0.344444,0.004964
47047,Fayette County,,TN,3111,45516,48627,4,5,9,2752,1966,4718,7,0.290677,0.304928,3.194444,0.000719,0.000585,241,0.000152,0,31,0.6,0.004534
47049,Fentress County,,TN,776,17374,18150,2,2,4,216,268,484,8,0.227518,0.234945,0,0.000032,0.000024,241,0.000123,0,31,1,0.000451
47051,Franklin County,,TN,2650,44695,47345,8,9,17,1505,1474,2979,7,0.293968,0.309547,5052.97369,0.001202,0.001616,241,0.000301,0,31,0.5,0.010326
47053,Gibson County,,TN,3476,53593,57069,10,10,20,2262,2181,4443,7,0.298549,0.314616,12487.384543,0.001379,0.001583,241,0.000356,0,31,0.390909,0.010677
47055,Giles County,,TN,1755,31024,32779,8,8,16,1049,1019,2068,7,0.293564,0.308647,44.987169,0.001241,0.001378,241,0.000243,0,31,0.642857,0.010598
47057,Grainger County,,TN,1367,22971,24338,5,5,10,895,928,1823,7,0.27356,0.286409,5.774242,0.000386,0.00038,241,0.000198,0,31,0.65,0.003321
47059,Greene County,,TN,3100,72608,75708,7,7,14,1362,1405,2767,7,0.273829,0.287116,22.525623,0.00044,0.000404,241,0.000266,0,31,0.714286,0.003786
47061,Grundy County,,TN,610,14337,14947,3,4,7,347,323,670,8,0.227537,0.235351,14.400072,0.000026,0.000029,241,0.00016,0,31,0.333333,0.000513
47063,Hamblen County,,TN,4005,68425,72430,8,10,18,2440,2439,4879,7,0.27391,0.287656,19.811841,0.000429,0.000466,241,0.000299,0,31,0.577778,0.004095
47065,Hamilton County,,TN,21041,393483,414524,72,55,127,14065,12478,26543,6,0.357207,0.389291,73375.94823,0.03012,0.027385,241,0.001651,0,31,0.332667,0.227154
47067,Hancock County,,TN,214,5959,6173,0,0,0,0,0,0,0,0,0,0,0,0,240,0.000052,228,324,0,0
47069,Hardeman County,,TN,1334,24677,26011,4,5,9,604,757,1361,7,0.298165,0.313296,1168.493141,0.000658,0.001385,241,0.000167,0,31,0.55,0.004332
47071,Hardin County,,TN,1467,26477,27944,2,3,5,496,518,1014,8,0.231654,0.240163,27.108996,0.000632,0.000043,241,0.00011,0,31,0.416667,0.003884
47073,Hawkins County,,TN,3519,58268,61787,8,7,15,2303,2365,4668,7,0.273964,0.287284,6891.477074,0.00044,0.000401,241,0.000304,0,31,0.607143,0.003891
47075,Haywood County,,TN,1067,20313,21380,6,5,11,646,639,1285,7,0.290799,0.305108,593.637166,0.000668,0.000553,241,0.000216,0,31,0.5,0.004579
47077,Henderson County,,TN,1588,29855,31443,5,5,10,750,844,1594,8,0.230597,0.238849,5607.15,0.000035,0.000037,241,0.000285,0,31,0.4,0.000839
47079,Henry County,,TN,1715,34525,36240,5,8,13,725,715,1440,7,0.30176,0.318047,4703.049324,0.000276,0.001613,241,0.000209,0,31,0.392857,0.002339
47081,Hickman County,,TN,1578,23300,24878,4,4,8,1090,861,1951,7,0.292606,0.306667,0.342857,0.000915,0.001181,241,0.000157,0,31,0.916667,0.008594
47083,Houston County,,TN,480,8307,8787,2,2,4,201,196,397,7,0.267759,0.280496,0,0.000253,0.000247,241,0.000117,0,31,1,0.001977
47085,Humphreys County,,TN,948,20159,21107,3,2,5,460,275,735,8,0.228774,0.235969,2196.128468,0.0007,0.000012,241,0.000154,0,31,0.333333,0.006077
47087,Jackson County,,TN,768,10809,11577,1,1,2,364,404,768,8,0.227444,0.234585,0,0.000018,0.000012,241,0.000091,0,31,0,0.000234
47089,Jefferson County,,TN,4701,53540,58241,7,8,15,2787,3052,5839,7,0.273641,0.286948,55.478098,0.000404,0.000442,241,0.000246,0,31,0.486111,0.003785
47091,Johnson County,,TN,638,15943,16581,2,3,5,191,261,452,8,0.234154,0.2436,33.753149,0.000036,0.000047,241,0.000126,0,31,0.333333,0.000439
47093,Knox County,,TN,29234,493561,522795,83,78,161,19379,19216,38595,6,0.376015,0.410865,122582.097137,0.040752,0.041341,241,0.00177,0,31,0.409257,0.298557
47095,Lake County,,TN,250,5246,5496,2,2,4,157,187,344,8,0.229929,0.237085,0,0.000013,0.000006,241,0.000131,0,31,1,0.000272
47097,Lauderdale County,,TN,1405,24610,26015,4,5,9,697,737,1434,7,0.290921,0.305288,7.114322,0.000655,0.000559,241,0.000174,0,31,0.7,0.004189
47099,Lawrence County,,TN,1663,43783,45446,7,7,14,1045,894,1939,7,0.292976,0.307687,4621.677684,0.000916,0.001078,241,0.000257,0,31,0.428571,0.008268
47101,Lewis County,,TN,688,12121,12809,2,3,5,273,286,559,8,0.23075,0.238579,2825,0.000033,0.000033,241,0.000109,0,31,0.333333,0.000495
47103,Lincoln County,,TN,1912,37742,39654,7,10,17,1147,1227,2374,7,0.293564,0.308917,749.40317,0.001052,0.001375,241,0.000222,0,31,0.555556,0.008925
47105,Loudon County,,TN,4119,58656,62775,6,8,14,2580,2564,5144,7,0.274316,0.288154,5.128848,0.000424,0.000719,241,0.000228,0,31,0.678571,0.00376
47107,McMinn County,,TN,3444,54293,57737,8,9,17,2052,2036,4088,7,0.293999,0.309589,338.957762,0.000656,0.001522,241,0.000297,0,31,0.522222,0.005796
47109,McNairy County,,TN,1547,26161,27708,6,5,11,843,878,1721,8,0.230961,0.239461,1972.71582,0.000665,0.000036,241,0.000259,0,31,0.333333,0.004536
47111,Macon County,,TN,1243,24163,25406,5,5,10,962,698,1660,7,0.292698,0.306967,3112.433309,0.000754,0.000992,241,0.000196,0,31,0.533333,0.007471
47113,Madison County,,TN,7288,106508,113796,16,15,31,3958,4211,8169,7,0.299289,0.316506,21693.138086,0.0027,0.002264,241,0.00055,0,31,0.263158,0.020586
47115,Marion County,,TN,1605,30205,31810,4,4,8,774,851,1625,7,0.263467,0.275924,413.555644,0.000254,0.000278,241,0.00019,0,31,0.333333,0.002528
47117,Marshall County,,TN,2229,35042,37271,7,7,14,1763,1377,3140,7,0.292791,0.307387,3.46702,0.001116,0.001394,241,0.00022,0,31,0.738095,0.010519
47119,Maury County,,TN,7295,99154,106449,15,14,29,5624,4544,10168,7,0.299709,0.316896,6380.572259,0.002715,0.002617,241,0.000422,0,31,0.466912,0.022327
47121,Meigs County,,TN,966,11962,12928,4,4,8,798,634,1432,7,0.263392,0.275804,0.333333,0.000281,0.000291,241,0.000161,0,31,0.916667,0.00267
47123,Monroe County,,TN,2914,46914,49828,6,6,12,1579,1843,3422,7,0.274262,0.287794,5.355285,0.000426,0.000678,241,0.000222,0,31,0.738095,0.003767
47125,Montgomery County,,TN,26759,195900,222659,64,71,135,14633,14770,29403,6,0.365574,0.400576,39445.187986,0.027257,0.027932,241,0.001228,0,31,0.330899,0.194923
47127,Moore County,,TN,478,6890,7368,4,2,6,394,223,617,8,0.227295,0.234463,0,0.000046,0.000019,241,0.000164,0,31,0.916667,0.000755
47129,Morgan County,,TN,1133,19394,20527,4,3,7,648,722,1370,7,0.273371,0.285953,0.425,0.000402,0.000382,241,0.000163,0,31,0.916667,0.003333
47131,Obion County,,TN,1930,34576,36506,5,6,11,853,812,1665,8,0.230291,0.238495,5679.960068,0.000039,0.000025,241,0.000276,0,31,0.233333,0.000711
47133,Overton County,,TN,1372,22569,23941,4,4,8,731,762,1493,8,0.227556,0.235305,5613.219471,0.000019,0.000013,241,0.000298,0,31,0.25,0.000555
47135,Perry County,,TN,335,7771,8106,1,0,1,73,0,73,0,0,0,0,0,0,241,0.000083,0,3,0,0.000104
47137,Pickett County,,TN,268,5333,5601,1,1,2,75,91,166,9,0.185385,0.189469,0,0,0,241,0.000116,0,31,0,0.00011
47139,Polk County,,TN,1276,16987,18263,4,4,8,814,765,1579,7,0.263492,0.275972,2992.128978,0.000275,0.000311,241,0.000258,0,31,0.5,0.00281
47141,Putnam County,,TN,5376,76509,81885,14,13,27,2947,2796,5743,7,0.294373,0.310759,24337.258918,0.001338,0.00206,241,0.000598,0,31,0.341667,0.012754
47143,Rhea County,,TN,1993,33382,35375,6,8,14,969,1061,2030,7,0.274425,0.288364,53.245765,0.000284,0.000675,241,0.000236,0,31,0.517857,0.002988
47145,Roane County,,TN,3477,55822,59299,8,8,16,2401,2060,4461,7,0.273641,0.287122,25.154708,0.000436,0.000432,241,0.000296,0,31,0.517857,0.004074
47147,Robertson County,,TN,5957,81567,87524,7,10,17,4703,3922,8625,7,0.296763,0.312757,1315.611773,0.00138,0.001772,241,0.000224,0,31,0.666667,0.013104
47149,Rutherford County,,TN,25153,329835,354988,54,44,98,20307,15350,35657,6,0.356611,0.386267,31351.993489,0.021873,0.020146,241,0.00129,0,31,0.34392,0.162592
47151,Scott County,,TN,582,21132,21714,0,2,2,0,131,131,7,0.273416,0.28588,0,0,0.000369,241,0.000052,0,325,1,0
47153,Sequatchie County,,TN,972,15060,16032,3,3,6,588,590,1178,7,0.263293,0.275444,1.833333,0.000251,0.000275,241,0.000149,0,31,0.666667,0.002396
47155,Sevier County,,TN,7686,106326,114012,12,9,21,3262,3633,6895,7,0.293906,0.309133,923.86749,0.003224,0.001274,241,0.000349,0,31,0.384615,0.027241
47157,Shelby County,,TN,51867,1080648,1132515,126,150,276,28969,37039,66008,6,0.409372,0.451506,278559.636628,0.057568,0.07045,241,0.002423,0,31,0.293207,0.406019
47159,Smith County,,TN,1201,21085,22286,4,7,11,787,681,1468,7,0.292884,0.307567,2.049279,0.000902,0.001209,241,0.000157,0,31,0.785714,0.00804
47161,Stewart County,,TN,923,13688,14611,2,2,4,422,426,848,7,0.267759,0.280496,0,0.000253,0.000247,241,0.000117,0,31,1,0.001977
47163,Sullivan County,,TN,9224,170650,179874,14,13,27,6056,5568,11624,7,0.301465,0.32046,32131.307624,0.000423,0.002833,241,0.000627,0,31,0.238562,0.004713
47165,Sumner County,,TN,14161,198903,213064,25,19,44,11523,9089,20612,7,0.30588,0.325439,9633.769673,0.011046,0.003381,241,0.000626,0,31,0.410053,0.083223
47167,Tipton County,,TN,4428,67628,72056,5,5,10,2512,2370,4882,7,0.290677,0.304928,4.128268,0.000716,0.000585,241,0.000185,0,31,0.65,0.004677
47169,Trousdale County,,TN,692,8777,9469,4,3,7,649,486,1135,8,0.234351,0.24296,0,0.000751,0.00016,241,0.000164,0,31,1,0.007304
47171,Unicoi County,,TN,1124,18078,19202,3,3,6,574,699,1273,8,0.23376,0.24273,0,0.000054,0.000025,241,0.000178,0,31,1,0.000574
47173,Union County,,TN,1418,18353,19771,4,4,8,984,929,1913,7,0.273452,0.286193,6.166667,0.000391,0.000384,241,0.000181,0,31,0.5,0.003237
47175,Van Buren County,,TN,376,5862,6238,2,2,4,177,195,372,8,0.22672,0.233647,0,0.00001,0.000009,241,0.000139,0,31,1,0.000306
47177,Warren County,,TN,2129,42891,45020,9,8,17,1128,1125,2253,7,0.292914,0.307747,7552.998293,0.000907,0.00106,241,0.000396,0,31,0.402778,0.008383
47179,Washington County,,TN,9929,132438,142367,16,16,32,5910,5842,11752,7,0.302746,0.322308,24398.674823,0.002254,0.003169,241,0.00062,0,31,0.274854,0.019058
47181,Wayne County,,TN,595,14817,15412,2,2,4,174,195,369,8,0.227854,0.235219,0,0.000023,0.000021,241,0.000113,0,31,1,0.000398
47183,Weakley County,,TN,2220,31763,33983,5,8,13,766,1189,1955,7,0.298453,0.314196,3718.600657,0.000661,0.001395,241,0.000194,0,31,0.571429,0.004304
47185,White County,,TN,1594,26838,28432,6,6,12,1025,963,1988,8,0.227742,0.236085,66.778151,0.000052,0.000041,241,0.000316,0,31,0.4,0.001034
47187,Williamson County,,TN,19219,251623,270842,58,33,91,18103,12613,30716,6,0.352762,0.380358,10075.809931,0.034738,0.021352,241,0.001071,0,31,0.540395,0.250967
47189,Wilson County,,TN,10682,148796,159478,20,15,35,9637,6768,16405,7,0.303341,0.321359,2207.072706,0.006029,0.002903,241,0.000533,0,31,0.471053,0.046624
48001,Anderson County,,TX,3408,47950,51358,9,9,18,1614,1608,3222,7,0.314076,0.333827,36.320925,0.003491,0.003901,281,0.00023,0,31,0.638889,0.028271
48003,Andrews County,,TX,2060,19854,21914,2,4,6,327,661,988,7,0.3,0.317225,0,0.000314,0.001438,281,0.00008,0,31,1,0.002092
48005,Angelina County,,TX,5497,93420,98917,16,18,34,2646,2987,5633,7,0.325255,0.347802,2953.634187,0.00497,0.007417,281,0.000396,0,31,0.5,0.038747
48007,Aransas County,,TX,2613,25710,28323,6,5,11,1347,1233,2580,7,0.323136,0.343314,0.25,0.003498,0.003525,281,0.000143,0,31,0.966667,0.025588
48009,Archer County,,TX,609,9583,10192,1,1,2,447,364,811,8,0.254839,0.265396,0,0.000123,0.000101,281,0.000071,0,31,0,0.000887
48011,Armstrong County,,TX,170,2116,2286,0,0,0,0,0,0,0,0,0,0,0,0,242,0.000052,229,326,0,0
48013,Atascosa County,,TX,4300,50563,54863,6,6,12,2787,2545,5332,7,0.314859,0.33404,26.678712,0.002355,0.002548,281,0.000181,0,31,0.733333,0.018589
48015,Austin County,,TX,2393,34445,36838,6,7,13,1603,1501,3104,7,0.312275,0.331061,3.495385,0.002747,0.002299,281,0.000159,0,31,0.785714,0.020817
48017,Bailey County,,TX,737,8333,9070,3,3,6,368,321,689,8,0.256462,0.268371,10.033455,0.000075,0.000151,281,0.000135,0,31,0.5,0.000552
48019,Bandera County,,TX,1648,21800,23448,4,3,7,1205,712,1917,7,0.299547,0.315866,0,0.002061,0.00105,281,0.000137,0,31,1,0.01618
48021,Bastrop County,,TX,6503,83753,90256,10,11,21,6731,4231,10962,7,0.325064,0.3465,28.178253,0.00433,0.00563,281,0.000228,0,31,0.69697,0.033737
48023,Baylor County,,TX,195,3705,3900,0,0,0,0,0,0,0,0,0,0,0,0,243,0.000052,230,327,0,0
48025,Bee County,,TX,2070,27091,29161,8,10,18,902,1121,2023,7,0.323475,0.344454,194.613922,0.002511,0.003771,281,0.000211,0,31,0.644444,0.019404
48027,Bell County,,TX,47432,348436,395868,114,103,217,31232,29758,60990,6,0.375456,0.414723,21946.538593,0.051587,0.046803,281,0.001821,0,31,0.334866,0.369837
48029,Bexar County,,TX,108194,2084978,2193172,294,250,544,98646,87951,186597,6,0.42745,0.480238,194523.105945,0.10855,0.096931,281,0.004885,0,31,0.173609,0.745346
48031,Blanco County,,TX,777,12123,12900,5,5,10,649,429,1078,7,0.319567,0.338784,0.242857,0.00232,0.00245,281,0.000161,0,31,0.9,0.017703
48033,Borden County,,TX,-2,676,674,0,0,0,0,0,0,0,0,0,0,0,0,244,0.000052,231,328,0,0
48035,Bosque County,,TX,1527,18470,19997,6,4,10,998,782,1780,7,0.299192,0.315846,1.144791,0.002458,0.001259,281,0.000168,0,31,0.933333,0.020154
48037,Bowie County,,TX,6631,98811,105442,13,13,26,3631,3745,7376,7,0.316221,0.337121,12590.669851,0.005769,0.005174,281,0.000394,0,31,0.447619,0.044417
48039,Brazoria County,,TX,25626,374911,400537,39,33,72,23940,18769,42709,6,0.345007,0.372288,1475.548468,0.018388,0.016588,281,0.000697,0,31,0.547619,0.140366
48041,Brazos County,,TX,17033,185268,202301,41,38,79,9548,10611,20159,6,0.344879,0.372768,2252.599834,0.015053,0.016568,281,0.000829,0,31,0.461416,0.118209
48043,Brewster County,,TX,935,9698,10633,2,0,2,166,0,166,0,0,0,0,0.000538,0,281,0.000091,0,18,0,0.00351
48045,Briscoe County,,TX,117,1589,1706,0,0,0,0,0,0,0,0,0,0,0,0,245,0.000052,232,329,0,0
48047,Brooks County,,TX,441,7693,8134,1,2,3,105,205,310,7,0.260332,0.271916,0,0.000023,0.000197,281,0.000075,0,31,1,0.00028
48049,Brown County,,TX,2400,39086,41486,11,11,22,1046,853,1899,7,0.323362,0.344538,7875.598956,0.003816,0.005441,281,0.000377,0,31,0.561905,0.028348
48051,Burleson County,,TX,1272,19503,20775,3,4,7,844,687,1531,7,0.31217,0.330521,0.25,0.001295,0.001403,281,0.000107,0,31,0.833333,0.010018
48053,Burnet County,,TX,4081,49634,53715,13,9,22,3366,2285,5651,7,0.323701,0.344472,99.685181,0.006342,0.004521,281,0.000316,0,31,0.660256,0.050256
48055,Caldwell County,,TX,3648,41746,45394,8,9,17,3359,2649,6008,7,0.323211,0.343914,8.864734,0.003874,0.004325,281,0.000201,0,31,0.819444,0.030114
48057,Calhoun County,,TX,1827,23549,25376,5,4,9,705,791,1496,7,0.314752,0.33362,10.782456,0.002403,0.00225,281,0.000144,0,31,0.666667,0.017253
48059,Callahan County,,TX,1103,14229,15332,2,1,3,799,507,1306,8,0.253052,0.263497,0,0.000116,0.000111,281,0.000108,0,31,1,0.001075
48061,Cameron County,,TX,16978,451733,468711,25,29,54,7864,10720,18584,7,0.33878,0.36538,2590.28918,0.014368,0.016725,281,0.000457,0,31,0.703226,0.11009
48063,Camp County,,TX,1193,13391,14584,2,5,7,358,574,932,7,0.300195,0.316945,64.810652,0.000023,0.001146,281,0.000106,0,31,0.55,0.000444
48065,Carson County,,TX,464,6386,6850,4,3,7,403,249,652,8,0.255096,0.265951,0.433333,0.000196,0.000143,281,0.00015,0,31,0.833333,0.001545
48067,Cass County,,TX,2028,31506,33534,7,7,14,941,967,1908,7,0.300357,0.317425,850.465246,0.001964,0.001221,281,0.000259,0,31,0.535714,0.016237
48069,Castro County,,TX,488,8093,8581,1,2,3,90,172,262,8,0.253098,0.263573,0,0.000003,0.000079,281,0.000079,0,31,1,0.000118
48071,Chambers County,,TX,4322,46511,50833,6,7,13,3830,3227,7057,7,0.31231,0.331121,0.783333,0.001825,0.002023,281,0.000162,0,31,0.880952,0.014984
48073,Cherokee County,,TX,3195,53261,56456,10,9,19,1953,1889,3842,7,0.314147,0.333947,5.813826,0.003381,0.003637,281,0.000237,0,31,0.766667,0.026942
48075,Childress County,,TX,281,6216,6497,0,0,0,0,0,0,0,0,0,0,0,0,246,0.000052,233,330,0,0
48077,Clay County,,TX,830,11214,12044,1,1,2,452,409,861,8,0.254839,0.265396,0,0.000123,0.000101,281,0.000071,0,31,0,0.000887
48079,Cochran County,,TX,239,3193,3432,0,1,1,0,64,64,8,0.256365,0.267885,0,0,0.000149,281,0.000052,0,331,0,0
48081,Coke County,,TX,240,3389,3629,1,1,2,126,87,213,8,0.254419,0.265423,0,0.000146,0.000106,281,0.000072,0,31,0,0.000918
48083,Coleman County,,TX,505,8498,9003,2,1,3,174,121,295,8,0.24437,0.253089,0,0.000164,0.000034,281,0.000105,0,31,1,0.00133
48085,Collin County,,TX,89190,1037977,1127167,188,138,326,93354,75929,169283,6,0.398737,0.441037,46771.408915,0.090746,0.071386,281,0.002858,0,31,0.311157,0.612128
48087,Collingsworth County,,TX,192,3120,3312,0,0,0,0,0,0,0,0,0,0,0,0,247,0.000052,234,332,0,0
48089,Colorado County,,TX,1345,23909,25254,5,5,10,770,701,1471,7,0.312205,0.330701,2.033333,0.001545,0.001808,281,0.000145,0,31,0.65,0.013002
48091,Comal County,,TX,13597,145598,159195,33,17,50,14170,9143,23313,7,0.325712,0.34818,240.618199,0.014758,0.008602,281,0.000637,0,31,0.653409,0.115831
48093,Comanche County,,TX,860,13994,14854,3,2,5,377,249,626,8,0.246058,0.255525,0,0.000988,0.000069,281,0.000124,0,31,1,0.008072
48095,Concho County,,TX,124,2540,2664,1,0,1,97,0,97,0,0,0,0,0.000146,0,281,0.000072,0,22,0,0.000918
48097,Cooke County,,TX,3316,44254,47570,7,7,14,2261,1938,4199,7,0.302746,0.320569,1006.42255,0.003087,0.003645,281,0.000223,0,31,0.619048,0.025727
48099,Coryell County,,TX,14481,64789,79270,23,23,46,6914,7614,14528,7,0.332575,0.357941,2480.212687,0.01123,0.01202,281,0.000404,0,31,0.64,0.083358
48101,Cottle County,,TX,100,1514,1614,0,0,0,0,0,0,0,0,0,0,0,0,248,0.000052,235,333,0,0
48103,Crane County,,TX,530,5550,6080,1,2,3,77,188,265,8,0.256984,0.268869,0,0.000139,0.000247,281,0.000064,0,31,1,0.000801
48105,Crockett County,,TX,326,4214,4540,1,1,2,67,68,135,8,0.254419,0.265423,0,0.000146,0.000106,281,0.000072,0,31,0,0.000918
48107,Crosby County,,TX,473,6062,6535,1,1,2,249,220,469,8,0.25632,0.267801,0,0.00016,0.000149,281,0.000077,0,31,0,0.001313
48109,Culberson County,,TX,194,2362,2556,0,0,0,0,0,0,0,0,0,0,0,0,249,0.000052,236,334,0,0
48111,Dallam County,,TX,1133,8453,9586,2,3,5,362,393,755,8,0.25319,0.263873,5601,0.000001,0.000079,281,0.000177,0,31,0.333333,0.000216
48113,Dallas County,,TX,195681,2856135,3051816,313,256,569,167990,177419,345409,6,0.428373,0.481509,246426.668103,0.118451,0.103563,281,0.005046,0,31,0.174853,0.79823
48115,Dawson County,,TX,860,12993,13853,2,2,4,185,238,423,8,0.257461,0.269769,0,0.000204,0.000303,281,0.000089,0,31,1,0.001582
48117,Deaf Smith County,,TX,1372,22342,23714,4,5,9,478,648,1126,8,0.258683,0.271377,2930.5685,0.000185,0.000291,281,0.00016,0,31,0.4,0.001525
48119,Delta County,,TX,376,4959,5335,1,3,4,102,194,296,8,0.239503,0.248627,0,0.000046,0.000113,281,0.000076,0,31,1,0.000583
48121,Denton County,,TX,79790,860354,940144,152,120,272,85743,66322,152065,6,0.394714,0.434587,38999.873457,0.071683,0.059915,281,0.002484,0,31,0.323208,0.496954
48123,DeWitt County,,TX,1720,20739,22459,4,4,8,753,708,1461,7,0.314752,0.33362,4.890673,0.00206,0.002268,281,0.000138,0,31,0.916667,0.016267
48125,Dickens County,,TX,145,1912,2057,0,0,0,0,0,0,0,0,0,0,0,0,250,0.000052,237,335,0,0
48127,Dimmit County,,TX,1071,10967,12038,2,2,4,225,293,518,7,0.299515,0.315686,0,0.000878,0.000982,281,0.000114,0,31,1,0.007043
48129,Donley County,,TX,221,3436,3657,1,0,1,52,0,52,0,0,0,0,0.000097,0,281,0.000077,0,17,0,0.000722
48131,Duval County,,TX,791,11976,12767,2,3,5,453,467,920,7,0.299709,0.316136,0,0.000225,0.00117,281,0.000092,0,31,1,0.001728
48133,Eastland County,,TX,1221,17776,18997,3,3,6,281,253,534,7,0.299321,0.315966,1.841587,0.001054,0.001188,281,0.000118,0,31,0.666667,0.008681
48135,Ector County,,TX,17176,175182,192358,24,38,62,6493,10869,17362,7,0.341403,0.370072,19131.799506,0.010364,0.015492,281,0.0005,0,31,0.455466,0.077156
48137,Edwards County,,TX,154,1932,2086,0,0,0,0,0,0,0,0,0,0,0,0,251,0.000052,238,336,0,0
48139,Ellis County,,TX,12342,186383,198725,20,21,41,12346,8497,20843,7,0.325445,0.348462,236.496741,0.011137,0.00854,281,0.000396,0,31,0.618333,0.087098
48141,El Paso County,,TX,54497,946756,1001253,116,129,245,30751,37733,68484,6,0.382329,0.425936,35632.652933,0.051714,0.059926,178,0.001809,0,31,0.323994,0.370167
48143,Erath County,,TX,3321,37268,40589,12,13,25,1394,1695,3089,7,0.31436,0.334787,1980.42768,0.003834,0.00436,281,0.000373,0,31,0.483516,0.029954
48145,Falls County,,TX,997,15940,16937,2,2,4,619,548,1167,7,0.273156,0.287062,0,0.000536,0.000595,281,0.000088,0,31,1,0.004572
48147,Fannin County,,TX,2416,32715,35131,7,6,13,1901,1485,3386,7,0.300357,0.317335,0,0.003149,0.002663,281,0.000198,0,31,1,0.026227
48149,Fayette County,,TX,1596,28767,30363,6,8,14,807,767,1574,7,0.321416,0.341568,44.123622,0.00274,0.00309,281,0.000171,0,31,0.583333,0.02084
48151,Fisher County,,TX,285,3834,4119,0,1,1,0,95,95,8,0.230737,0.238297,0,0,0.000002,281,0.000052,0,337,0,0
48153,Floyd County,,TX,442,6382,6824,2,2,4,215,258,473,8,0.256368,0.268041,0,0.000172,0.000152,281,0.000112,0,31,1,0.001448
48155,Foard County,,TX,88,1211,1299,0,0,0,0,0,0,0,0,0,0,0,0,252,0.000052,239,338,0,0
48157,Fort Bend County,,TX,55689,807077,862766,103,71,174,64926,45025,109951,6,0.367023,0.401854,9011.722162,0.058256,0.040273,281,0.001526,0,31,0.46738,0.400452
48159,Franklin County,,TX,969,10251,11220,4,3,7,575,419,994,8,0.23938,0.248369,1.55,0.000098,0.000073,281,0.000153,0,31,0.416667,0.001032
48161,Freestone County,,TX,1484,19928,21412,5,6,11,699,653,1352,7,0.313509,0.332669,38.854237,0.001903,0.002479,281,0.000169,0,31,0.666667,0.015598
48163,Frio County,,TX,1164,16141,17305,2,2,4,388,377,765,7,0.299515,0.315686,0,0.000889,0.000994,281,0.000105,0,31,1,0.007127
48165,Gaines County,,TX,1278,21909,23187,3,4,7,478,443,921,8,0.257556,0.270249,2828.539999,0.000224,0.000329,281,0.000124,0,31,0.583333,0.001711
48167,Galveston County,,TX,24062,354545,378607,42,32,74,22445,16585,39030,7,0.339484,0.366568,1075.005714,0.017556,0.016068,281,0.000757,0,31,0.528541,0.134373
48169,Garza County,,TX,306,4620,4926,1,1,2,118,127,245,8,0.25632,0.267801,0,0.00016,0.000149,281,0.000077,0,31,0,0.001313
48171,Gillespie County,,TX,1683,31290,32973,7,4,11,928,631,1559,7,0.319531,0.338604,3.648121,0.004542,0.002175,281,0.000184,0,31,0.857143,0.035003
48173,Glasscock County,,TX,137,1576,1713,0,0,0,0,0,0,0,0,0,0,0,0,253,0.000052,240,339,0,0
48175,Goliad County,,TX,586,7947,8533,1,1,2,257,234,491,8,0.245623,0.254959,0,0.000072,0.000055,281,0.000073,0,31,0,0.00056
48177,Gonzales County,,TX,1185,22437,23622,6,5,11,592,451,1043,7,0.319567,0.338784,26.188278,0.002301,0.002311,281,0.000176,0,31,0.809524,0.018667
48179,Gray County,,TX,2095,23762,25857,3,5,8,337,595,932,7,0.300032,0.317219,101.222136,0.000185,0.001225,281,0.00014,0,31,0.6,0.001437
48181,Grayson County,,TX,8154,136174,144328,14,14,28,7046,4797,11843,7,0.325445,0.347532,2058.632079,0.006145,0.007113,281,0.000335,0,31,0.577206,0.047789
48183,Gregg County,,TX,12540,139076,151616,22,21,43,7212,8840,16052,7,0.325789,0.348942,7521.819365,0.006093,0.007374,281,0.000543,0,31,0.383333,0.048075
48185,Grimes County,,TX,2242,27556,29798,6,5,11,1764,1378,3142,7,0.312205,0.330701,0.5,0.001708,0.001774,281,0.000159,0,31,0.833333,0.01355
48187,Guadalupe County,,TX,16880,168060,184940,29,25,54,14721,11466,26187,7,0.340984,0.367132,674.562665,0.016603,0.014943,281,0.000559,0,31,0.616477,0.127659
48189,Hale County,,TX,2531,34975,37506,6,6,12,1039,1158,2197,7,0.300162,0.317591,347.707783,0.000348,0.001336,281,0.00025,0,31,0.47619,0.002975
48191,Hall County,,TX,191,3065,3256,0,0,0,0,0,0,0,0,0,0,0,0,254,0.000052,241,340,0,0
48193,Hamilton County,,TX,575,8447,9022,2,3,5,236,234,470,7,0.299515,0.316104,0.644597,0.000147,0.001177,281,0.000092,0,31,0.666667,0.001213
48195,Hansford County,,TX,450,6478,6928,0,0,0,0,0,0,0,0,0,0,0,0,255,0.000052,242,341,0,0
48197,Hardeman County,,TX,236,4026,4262,1,1,2,94,59,153,9,0.20313,0.208529,0,0.000001,0.000001,281,0.000129,0,31,0,0.000108
48199,Hardin County,,TX,4113,61164,65277,8,8,16,3059,2609,5668,7,0.312345,0.331301,4.974603,0.00174,0.001881,281,0.00021,0,31,0.696429,0.014297
48201,Harris County,,TX,263565,5047574,5311139,429,385,814,214290,235459,449749,6,0.453551,0.516925,583733.409683,0.134907,0.123444,281,0.00696,0,31,0.112296,0.904897
48203,Harrison County,,TX,5838,72569,78407,12,12,24,3752,3624,7376,7,0.314431,0.334787,2626.949624,0.003408,0.004328,281,0.000326,0,31,0.557692,0.027259
48205,Hartley County,,TX,602,4549,5151,1,1,2,242,247,489,9,0.202051,0.207411,0,0.000001,0,281,0.000103,0,31,0,0.000102
48207,Haskell County,,TX,454,5216,5670,1,1,2,78,112,190,8,0.253052,0.263497,0,0.000115,0.000111,281,0.000076,0,31,0,0.000969
48209,Hays County,,TX,19771,194615,214386,41,32,73,21291,14654,35945,7,0.339692,0.366868,654.790766,0.018174,0.015613,281,0.000775,0,31,0.571982,0.14063
48211,Hemphill County,,TX,476,4951,5427,0,0,0,0,0,0,0,0,0,0,0,0,256,0.000052,243,342,0,0
48213,Henderson County,,TX,6111,79076,85187,13,14,27,4630,3889,8519,7,0.323362,0.344976,54.530691,0.005722,0.00637,281,0.000282,0,31,0.725275,0.045112
48215,Hidalgo County,,TX,24319,868524,892843,35,40,75,12861,14761,27622,6,0.345823,0.374148,6169.603378,0.016767,0.020693,281,0.000642,0,31,0.530454,0.127534
48217,Hill County,,TX,2659,36327,38986,7,7,14,1636,1467,3103,7,0.302713,0.320509,4.684671,0.002151,0.002464,281,0.000197,0,31,0.833333,0.018057
48219,Hockley County,,TX,1879,24020,25899,1,2,3,616,831,1447,8,0.256368,0.268041,0,0.00016,0.00015,281,0.000077,0,31,1,0.001313
48221,Hood County,,TX,4818,59809,64627,17,11,28,4002,2563,6565,7,0.323211,0.344376,1387.726186,0.006373,0.006098,281,0.000429,0,31,0.650735,0.051508
48223,Hopkins County,,TX,2408,39114,41522,10,9,19,1271,1249,2520,7,0.302944,0.321139,2251.434848,0.002719,0.003066,281,0.000299,0,31,0.481818,0.023092
48225,Houston County,,TX,1236,20338,21574,6,5,11,688,557,1245,7,0.31224,0.330761,1.532814,0.001606,0.001686,281,0.000163,0,31,0.733333,0.012701
48227,Howard County,,TX,3245,32983,36228,6,11,17,622,1184,1806,7,0.317995,0.339295,3032.334494,0.002449,0.004903,281,0.000159,0,31,0.681818,0.019019
48229,Hudspeth County,,TX,269,3645,3914,1,1,2,1153,133,1286,7,0.276611,0.291398,0,0.000537,0.000464,178,0.000064,0,31,0,0.003406
48231,Hunt County,,TX,7141,91584,98725,18,15,33,6812,4710,11522,7,0.314538,0.335297,4439.385251,0.006701,0.005123,281,0.00042,0,31,0.564327,0.053303
48233,Hutchinson County,,TX,1784,23643,25427,2,3,5,310,521,831,8,0.255073,0.265891,0,0.000183,0.000144,281,0.000098,0,31,1,0.001319
48235,Irion County,,TX,172,1717,1889,1,1,2,75,67,142,8,0.254419,0.265423,0,0.000146,0.000106,281,0.000072,0,31,0,0.000918
48237,Jack County,,TX,721,8278,8999,3,3,6,223,224,447,7,0.299096,0.315546,0.2,0.001001,0.00109,281,0.000116,0,31,0.833333,0.008382
48239,Jackson County,,TX,1268,17210,18478,5,4,9,671,606,1277,7,0.312205,0.330581,0.533333,0.001247,0.001313,281,0.000154,0,31,0.8,0.009844
48241,Jasper County,,TX,2187,36107,38294,7,8,15,1536,1316,2852,7,0.312381,0.331361,3632.42096,0.001266,0.001414,281,0.000234,0,31,0.5,0.010365
48243,Jeff Davis County,,TX,164,2303,2467,0,0,0,0,0,0,0,0,0,0,0,0,257,0.000052,244,343,0,0
48245,Jefferson County,,TX,17641,269685,287326,28,27,55,8666,10680,19346,7,0.327016,0.351359,2667.257707,0.010917,0.010024,281,0.000544,0,31,0.525202,0.083881
48247,Jim Hogg County,,TX,291,5526,5817,0,0,0,0,0,0,0,0,0,0,0,0,258,0.000052,245,344,0,0
48249,Jim Wells County,,TX,3227,45108,48335,9,8,17,1757,2037,3794,7,0.315073,0.33464,3400.856166,0.002501,0.002579,281,0.000217,0,31,0.597222,0.01929
48251,Johnson County,,TX,13131,177243,190374,18,18,36,12358,9054,21412,7,0.326209,0.34905,1828.74885,0.007274,0.007961,281,0.000449,0,31,0.607895,0.057991
48253,Jones County,,TX,1565,15949,17514,1,2,3,713,794,1507,8,0.253075,0.263677,0,0.000115,0.000112,281,0.000076,0,31,1,0.000969
48255,Karnes County,,TX,1091,14226,15317,3,3,6,335,407,742,7,0.299547,0.315866,0.583333,0.000926,0.001018,281,0.000112,0,31,0.666667,0.007437
48257,Kaufman County,,TX,10455,128580,139035,14,14,28,11252,7801,19053,7,0.325102,0.347082,50.838119,0.006171,0.007828,281,0.000298,0,31,0.7875,0.049004
48259,Kendall County,,TX,4016,48029,52045,8,7,15,3844,2476,6320,7,0.323136,0.343554,76.57747,0.003462,0.003545,281,0.000246,0,31,0.678571,0.02663
48261,Kenedy County,,TX,-2,348,346,0,0,0,0,0,0,0,0,0,0,0,0,259,0.000052,246,345,0,0
48263,Kent County,,TX,-2,788,786,0,0,0,0,0,0,0,0,0,0,0,0,260,0.000052,247,346,0,0
48265,Kerr County,,TX,3896,56821,60717,10,10,20,1884,1695,3579,7,0.32495,0.346362,133.198826,0.005112,0.00584,281,0.000271,0,31,0.69697,0.040031
48267,Kimble County,,TX,283,4799,5082,0,0,0,0,0,0,0,0,0,0,0,0,261,0.000052,248,347,0,0
48269,King County,,TX,-2,308,306,0,0,0,0,0,0,0,0,0,0,0,0,262,0.000052,249,348,0,0
48271,Kinney County,,TX,214,3292,3506,0,0,0,0,0,0,0,0,0,0,0,0,263,0.000052,250,349,0,0
48273,Kleberg County,,TX,2912,31469,34381,7,9,16,1208,1408,2616,7,0.323512,0.344394,20.521476,0.002968,0.003937,281,0.000163,0,31,0.688889,0.022246
48275,Knox County,,TX,271,3834,4105,0,0,0,0,0,0,0,0,0,0,0,0,264,0.000052,251,350,0,0
48277,Lamar County,,TX,2632,53182,55814,11,10,21,1398,1180,2578,7,0.30311,0.321529,9184.118013,0.003169,0.003731,281,0.000375,0,31,0.472727,0.026846
48279,Lamb County,,TX,1035,13861,14896,3,3,6,474,483,957,8,0.256439,0.268341,75.504137,0.000163,0.000153,281,0.000148,0,31,0.416667,0.001529
48281,Lampasas County,,TX,2041,21969,24010,5,5,10,1184,977,2161,7,0.318067,0.336816,0.420635,0.002121,0.002258,281,0.000142,0,31,0.9,0.016258
48283,La Salle County,,TX,475,6338,6813,1,1,2,73,73,146,7,0.299483,0.315506,0,0.000869,0.000974,281,0.000069,0,31,0,0.00688
48285,Lavaca County,,TX,1438,23175,24613,7,5,12,831,642,1473,7,0.31224,0.330761,16.350573,0.00331,0.001328,281,0.000192,0,31,0.619048,0.024515
48287,Lee County,,TX,1192,19338,20530,5,5,10,633,511,1144,7,0.321305,0.341028,0.75,0.002738,0.002916,281,0.000133,0,31,0.766667,0.020657
48289,Leon County,,TX,1337,19005,20342,6,6,12,753,578,1331,7,0.312275,0.330941,15.962878,0.001642,0.001761,281,0.00018,0,31,0.533333,0.013189
48291,Liberty County,,TX,6087,78997,85084,9,9,18,6381,4451,10832,7,0.312381,0.331481,5.325433,0.0019,0.002084,281,0.000231,0,31,0.694444,0.015961
48293,Limestone County,,TX,1575,23244,24819,5,3,8,651,712,1363,7,0.300065,0.316465,10.130583,0.002221,0.001212,281,0.000145,0,31,0.9,0.017692
48295,Lipscomb County,,TX,277,3920,4197,0,0,0,0,0,0,0,0,0,0,0,0,265,0.000052,252,351,0,0
48297,Live Oak County,,TX,955,11636,12591,4,3,7,402,301,703,7,0.299676,0.316076,0,0.00116,0.00117,281,0.000115,0,31,1,0.009026
48299,Llano County,,TX,1636,19129,20765,6,3,9,1195,694,1889,7,0.316689,0.334891,0.59306,0.003745,0.001695,281,0.000161,0,31,0.933333,0.02869
48301,Loving County,,TX,-2,68,66,0,0,0,0,0,0,0,0,0,0,0,0,266,0.000052,253,352,0,0
48303,Lubbock County,,TX,18804,304541,323345,56,49,105,12061,11629,23690,7,0.344622,0.375153,67497.027238,0.016591,0.017855,281,0.001415,0,31,0.285028,0.129706
48305,Lynn County,,TX,477,6246,6723,1,1,2,248,271,519,8,0.25632,0.267801,0,0.00016,0.000149,281,0.000077,0,31,0,0.001313
48307,McCulloch County,,TX,613,8907,9520,1,1,2,63,76,139,8,0.254419,0.265423,0,0.000146,0.000106,281,0.000072,0,31,0,0.000918
48309,McLennan County,,TX,13911,261116,275027,35,30,65,8676,8336,17012,7,0.338162,0.36466,2161.294366,0.014782,0.012912,281,0.000734,0,31,0.541291,0.11794
48311,McMullen County,,TX,123,1075,1198,0,0,0,0,0,0,0,0,0,0,0,0,267,0.000052,254,353,0,0
48313,Madison County,,TX,879,12719,13598,5,4,9,558,434,992,7,0.312205,0.330581,0.5,0.001654,0.001407,281,0.000146,0,31,0.9,0.013075
48315,Marion County,,TX,863,9373,10236,4,3,7,524,447,971,8,0.245819,0.255475,0.861111,0.000118,0.000103,281,0.000155,0,31,0.75,0.001415
48317,Martin County,,TX,572,5778,6350,1,1,2,231,195,426,8,0.25677,0.268341,0,0.000175,0.000154,281,0.000069,0,31,0,0.001291
48319,Mason County,,TX,204,4526,4730,0,0,0,0,0,0,0,0,0,0,0,0,268,0.000052,255,354,0,0
48321,Matagorda County,,TX,2496,41430,43926,4,8,12,1038,1254,2292,7,0.312345,0.331301,1.366667,0.001645,0.002169,281,0.000126,0,31,0.696429,0.013795
48323,Maverick County,,TX,2943,73251,76194,4,6,10,745,1385,2130,7,0.324457,0.345162,0.711111,0.002107,0.004471,281,0.000121,0,31,0.933333,0.016464
48325,Medina County,,TX,3544,48840,52384,6,5,11,2875,2060,4935,7,0.319567,0.338784,130.544843,0.002237,0.002135,281,0.00021,0,31,0.466667,0.016472
48327,Menard County,,TX,135,2166,2301,0,0,0,0,0,0,0,0,0,0,0,0,269,0.000052,256,355,0,0
48329,Midland County,,TX,18499,181527,200026,48,50,98,11212,11559,22771,7,0.345436,0.376263,21217.155739,0.017145,0.019561,281,0.000974,0,31,0.363238,0.130032
48331,Milam County,,TX,1563,25958,27521,6,5,11,1173,782,1955,7,0.322349,0.342276,21.713216,0.003241,0.003446,281,0.000154,0,31,0.8,0.024749
48333,Mills County,,TX,259,5147,5406,0,1,1,0,62,62,8,0.244415,0.253178,0,0,0.000034,281,0.000052,0,356,0,0
48335,Mitchell County,,TX,610,7299,7909,2,2,4,130,136,266,8,0.231269,0.239325,1.333333,0.000048,0.000004,281,0.000089,0,31,0,0.000381
48337,Montague County,,TX,1384,20812,22196,6,5,11,825,604,1429,7,0.299418,0.316326,3.108572,0.002556,0.001843,281,0.000174,0,31,0.866667,0.020784
48339,Montgomery County,,TX,44193,587039,631232,88,74,162,49060,32769,81829,6,0.357391,0.392099,9516.012915,0.039357,0.035241,281,0.001502,0,31,0.358826,0.289307
48341,Moore County,,TX,2253,25683,27936,4,4,8,493,710,1203,8,0.255378,0.266557,7613.458871,0.000188,0.000142,281,0.000178,0,31,0.25,0.001523
48343,Morris County,,TX,946,13266,14212,4,3,7,598,437,1035,8,0.245862,0.255595,1.027778,0.001026,0.000082,281,0.00015,0,31,0.833333,0.008339
48345,Motley County,,TX,63,1188,1251,0,0,0,0,0,0,0,0,0,0,0,0,270,0.000052,257,357,0,0
48347,Nacogdoches County,,TX,4972,61902,66874,12,17,29,2254,2765,5019,7,0.323512,0.345576,2668.733744,0.004861,0.007736,281,0.000312,0,31,0.610294,0.037513
48349,Navarro County,,TX,3369,52497,55866,10,13,23,1894,2184,4078,7,0.314289,0.334667,41.566671,0.004407,0.00529,281,0.00024,0,31,0.679487,0.036322
48351,Newton County,,TX,961,12332,13293,3,2,5,544,473,1017,8,0.244306,0.253297,0,0.000141,0.000034,281,0.000111,0,31,1,0.001333
48353,Nolan County,,TX,1313,16080,17393,4,3,7,400,361,761,7,0.299838,0.316734,5103.759712,0.000261,0.001259,281,0.000177,0,31,0.3,0.002086
48355,Nueces County,,TX,24352,379831,404183,51,52,103,13688,16234,29922,6,0.351824,0.382559,12525.531699,0.019412,0.022557,281,0.000986,0,31,0.41792,0.148537
48357,Ochiltree County,,TX,1130,12448,13578,0,1,1,0,96,96,8,0.25305,0.263328,0,0,0.000078,281,0.000052,0,358,0,0
48359,Oldham County,,TX,194,2226,2420,1,1,2,91,62,153,8,0.253052,0.263042,0,0.000097,0.000064,281,0.000077,0,31,1,0.000722
48361,Orange County,,TX,5154,92920,98074,8,12,20,3416,3306,6722,7,0.323098,0.344376,2673.956414,0.002508,0.004271,281,0.000233,0,31,0.576923,0.018694
48363,Palo Pinto County,,TX,2322,28767,31089,7,5,12,1484,1069,2553,7,0.299192,0.315966,12.191005,0.00201,0.001219,281,0.000237,0,31,0.595238,0.01668
48365,Panola County,,TX,1538,26044,27582,5,5,10,603,796,1399,8,0.253282,0.264775,6.310725,0.000292,0.000248,281,0.000162,0,31,0.6,0.002131
48367,Parker County,,TX,11043,141233,152276,18,16,34,10511,7405,17916,7,0.326133,0.348912,419.131102,0.00843,0.007496,281,0.000421,0,31,0.631579,0.066748
48369,Parmer County,,TX,919,11572,12491,3,4,7,305,467,772,8,0.25519,0.266542,18.547342,0.000076,0.000109,281,0.00013,0,31,0.333333,0.000554
48371,Pecos County,,TX,1317,15585,16902,3,3,6,267,375,642,7,0.277522,0.293174,0,0.000852,0.000711,281,0.000092,0,31,1,0.005498
48373,Polk County,,TX,5260,52715,57975,15,12,27,2869,1947,4816,7,0.326593,0.348918,197.426391,0.006145,0.004908,281,0.000333,0,31,0.588235,0.049655
48375,Potter County,,TX,13785,123661,137446,17,19,36,7915,9427,17342,7,0.338698,0.36385,21646.025166,0.007164,0.00963,281,0.000477,0,31,0.432806,0.054268
48377,Presidio County,,TX,723,10116,10839,1,2,3,217,299,516,8,0.254582,0.265759,2.027778,0.000139,0.000098,281,0.000064,0,31,0,0.000801
48379,Rains County,,TX,893,10406,11299,5,5,10,648,536,1184,7,0.30013,0.316825,0.559524,0.001077,0.001227,281,0.000171,0,31,0.85,0.009123
48381,Randall County,,TX,13864,143457,157321,26,24,50,10330,9137,19467,7,0.338657,0.364732,39526.853211,0.008642,0.01082,281,0.000688,0,31,0.308602,0.067143
48383,Reagan County,,TX,470,4292,4762,0,1,1,0,113,113,8,0.254464,0.265508,0,0,0.000106,281,0.000052,0,359,0,0
48385,Real County,,TX,223,3562,3785,0,0,0,0,0,0,0,0,0,0,0,0,271,0.000052,258,360,0,0
48387,Red River County,,TX,831,12842,13673,2,1,3,294,320,614,8,0.232624,0.240573,1.12316,0.00008,0.000028,281,0.00011,0,31,0,0.000843
48389,Reeves County,,TX,1043,12484,13527,4,3,7,322,286,608,7,0.277522,0.293174,24.400414,0.000854,0.000711,281,0.000115,0,31,0.833333,0.005615
48391,Refugio County,,TX,493,8437,8930,2,2,4,141,148,289,7,0.260454,0.272216,0,0.000257,0.000229,281,0.00008,0,31,0.833333,0.001867
48393,Roberts County,,TX,-2,1027,1025,0,0,0,0,0,0,0,0,0,0,0,0,272,0.000052,259,361,0,0
48395,Robertson County,,TX,1265,18153,19418,2,2,4,777,707,1484,7,0.3121,0.330161,0,0.001256,0.001345,281,0.000086,0,31,1,0.009689
48397,Rockwall County,,TX,9514,100909,110423,14,11,25,9204,6730,15934,7,0.324988,0.346542,48.970515,0.007819,0.007125,281,0.000294,0,31,0.840659,0.060801
48399,Runnels County,,TX,754,11441,12195,2,2,4,313,369,682,8,0.255848,0.267534,0,0.000261,0.000217,281,0.000095,0,31,1,0.001888
48401,Rusk County,,TX,3979,53745,57724,10,10,20,2724,2662,5386,7,0.314253,0.334247,924.166186,0.003266,0.003618,281,0.000257,0,31,0.7,0.026372
48403,Sabine County,,TX,744,10320,11064,2,2,4,135,203,338,8,0.238107,0.246407,341.894376,0.00112,0.000013,281,0.000093,0,31,0.333333,0.008709
48405,San Augustine County,,TX,573,8157,8730,3,2,5,230,194,424,8,0.245667,0.255199,58.183028,0.000136,0.000088,281,0.000126,0,31,0.333333,0.001073
48407,San Jacinto County,,TX,2330,24410,26740,5,5,10,2290,1579,3869,7,0.312205,0.330701,0.366667,0.001552,0.001682,281,0.000147,0,31,0.9,0.012467
48409,San Patricio County,,TX,6931,77577,84508,11,17,28,3935,4579,8514,7,0.325064,0.347442,595.163454,0.004731,0.006111,281,0.000236,0,31,0.575163,0.035446
48411,San Saba County,,TX,323,6088,6411,0,0,0,0,0,0,0,0,0,0,0,0,273,0.000052,260,362,0,0
48413,Schleicher County,,TX,283,3173,3456,0,1,1,0,98,98,8,0.254464,0.265508,0,0,0.000106,281,0.000052,0,363,0,0
48415,Scurry County,,TX,1291,18384,19675,2,4,6,178,311,489,8,0.257723,0.270669,535.86748,0.00016,0.000414,281,0.000115,0,31,0.5,0.001416
48417,Shackelford County,,TX,265,3567,3832,0,1,1,0,78,78,8,0.253097,0.263582,0,0,0.000111,281,0.000052,0,364,0,0
48419,Shelby County,,TX,1446,27254,28700,4,4,8,618,496,1114,7,0.313473,0.332369,546.18652,0.00118,0.002319,281,0.000134,0,31,0.3,0.009187
48421,Sherman County,,TX,193,2998,3191,0,0,0,0,0,0,0,0,0,0,0,0,274,0.000052,261,365,0,0
48423,Smith County,,TX,15733,243716,259449,39,38,77,11118,10549,21667,7,0.338492,0.3661,3950.668714,0.013692,0.013239,281,0.000787,0,31,0.405314,0.1077
48425,Somervell County,,TX,768,9109,9877,3,2,5,408,268,676,8,0.246037,0.255453,0,0.001026,0.000122,281,0.000125,0,31,1,0.008525
48427,Starr County,,TX,2376,72146,74522,2,3,5,981,1523,2504,7,0.314752,0.3335,0,0.001293,0.002334,281,0.000081,0,31,1,0.009751
48429,Stephens County,,TX,588,9017,9605,0,1,1,0,57,57,8,0.253097,0.263582,0,0,0.000111,281,0.000052,0,366,0,0
48431,Sterling County,,TX,106,1457,1563,0,0,0,0,0,0,0,0,0,0,0,0,275,0.000052,262,367,0,0
48433,Stonewall County,,TX,84,1524,1608,0,0,0,0,0,0,0,0,0,0,0,0,276,0.000052,263,368,0,0
48435,Sutton County,,TX,351,4596,4947,1,1,2,61,74,135,8,0.254419,0.265423,0,0.000146,0.000106,281,0.000072,0,31,0,0.000918
48437,Swisher County,,TX,543,7367,7910,3,3,6,243,291,534,8,0.256676,0.268767,0,0.000195,0.000229,281,0.000133,0,31,1,0.001454
48439,Tarrant County,,TX,137732,2261411,2399143,321,252,573,133872,118141,252013,6,0.426532,0.479728,246559.660105,0.116204,0.100319,281,0.005353,0,31,0.16475,0.7936
48441,Taylor County,,TX,13005,146294,159299,33,32,65,5355,6457,11812,7,0.338739,0.36571,30603.791792,0.012399,0.012858,281,0.00089,0,31,0.393293,0.095443
48443,Terrell County,,TX,118,851,969,0,0,0,0,0,0,0,0,0,0,0,0,277,0.000052,264,369,0,0
48445,Terry County,,TX,805,12478,13283,1,1,2,275,294,569,8,0.25632,0.267801,0,0.00016,0.000149,281,0.000077,0,31,0,0.001313
48447,Throckmorton County,,TX,119,1614,1733,0,0,0,0,0,0,0,0,0,0,0,0,278,0.000052,265,370,0,0
48449,Titus County,,TX,2323,36464,38787,6,7,13,780,1046,1826,7,0.302812,0.320689,2284.412902,0.001034,0.002292,281,0.000223,0,31,0.446429,0.008612
48451,Tom Green County,,TX,11083,125511,136594,30,39,69,4204,5361,9565,7,0.341194,0.369952,41657.546637,0.011796,0.016281,281,0.000881,0,31,0.320558,0.090231
48453,Travis County,,TX,225092,1269648,1494740,316,419,735,120388,187809,308197,6,0.463232,0.52794,402985.943073,0.12537,0.132991,281,0.00486,0,31,0.128638,0.849904
48455,Trinity County,,TX,1237,13585,14822,5,6,11,815,817,1632,7,0.312275,0.330941,0.536111,0.0016,0.001724,281,0.000144,0,31,0.866667,0.012675
48457,Tyler County,,TX,1233,18871,20104,6,6,12,769,699,1468,7,0.31231,0.331001,2.770274,0.001309,0.001435,281,0.000172,0,31,0.690476,0.010621
48459,Upshur County,,TX,3589,40262,43851,8,7,15,2829,2253,5082,8,0.253375,0.265255,2322.210155,0.002134,0.000278,281,0.000217,0,31,0.611111,0.017572
48461,Upton County,,TX,319,3876,4195,0,0,0,0,0,0,0,0,0,0,0,0,279,0.000052,266,371,0,0
48463,Uvalde County,,TX,1969,30299,32268,3,3,6,465,649,1114,7,0.299547,0.315866,1,0.000897,0.001002,281,0.00015,0,31,0.666667,0.00729
48465,Val Verde County,,TX,4176,56394,60570,7,6,13,1001,1098,2099,7,0.32476,0.345642,15.80723,0.005054,0.004475,281,0.000165,0,31,0.857143,0.038115
48467,Van Zandt County,,TX,3712,54745,58457,12,11,23,3291,2488,5779,7,0.302911,0.321349,34.169552,0.00452,0.00397,281,0.000293,0,31,0.772727,0.037248
48469,Victoria County,,TX,6514,104790,111304,23,23,46,3669,3901,7570,7,0.32556,0.348882,6452.417706,0.006112,0.008025,281,0.000557,0,31,0.444444,0.049248
48471,Walker County,,TX,5591,53375,58966,14,17,31,3595,3809,7404,7,0.32514,0.347502,235.056273,0.005221,0.007387,281,0.000339,0,31,0.551471,0.041464
48473,Waller County,,TX,4106,45828,49934,7,8,15,4313,2980,7293,7,0.313544,0.332969,15.975034,0.003966,0.003352,281,0.00017,0,31,0.791667,0.030564
48475,Ward County,,TX,1286,12583,13869,2,3,5,210,333,543,8,0.257008,0.269049,0,0.000314,0.000254,281,0.00008,0,31,1,0.002092
48477,Washington County,,TX,2388,38828,41216,10,10,20,1465,1319,2784,7,0.323249,0.344094,87.919063,0.003231,0.004406,281,0.000241,0,31,0.563636,0.025119
48479,Webb County,,TX,9132,310513,319645,13,16,29,3310,5334,8644,7,0.335791,0.360179,3782.850812,0.008435,0.010107,281,0.000252,0,31,0.779412,0.061713
48481,Wharton County,,TX,2375,49408,51783,8,8,16,1621,1410,3031,7,0.321453,0.341628,64.474958,0.002929,0.003116,281,0.000205,0,31,0.625,0.022455
48483,Wheeler County,,TX,473,6356,6829,0,0,0,0,0,0,0,0,0,0,0,0,280,0.000052,267,372,0,0
48485,Wichita County,,TX,10402,130324,140726,24,30,54,3818,4887,8705,7,0.34195,0.369226,24681.873142,0.011215,0.013751,281,0.000661,0,31,0.438447,0.08773
48487,Wilbarger County,,TX,1123,13898,15021,2,2,4,190,332,522,8,0.254886,0.265636,5601,0.000123,0.000101,281,0.000181,0,31,0,0.000986
48489,Willacy County,,TX,1030,20125,21155,2,2,4,478,563,1041,7,0.257175,0.268161,0,0.000336,0.000279,281,0.000079,0,31,1,0.002317
48491,Williamson County,,TX,49272,569183,618455,111,77,188,55544,38749,94293,6,0.360639,0.39634,9956.744315,0.057274,0.040123,281,0.001805,0,31,0.411019,0.406315
48493,Wilson County,,TX,3661,51527,55188,7,7,14,2740,2177,4917,7,0.319715,0.339264,84.489544,0.002422,0.002583,281,0.000209,0,31,0.714286,0.019636
48495,Winkler County,,TX,858,8569,9427,1,2,3,102,187,289,8,0.256984,0.268869,0,0.000139,0.000247,281,0.000064,0,31,1,0.000801
48497,Wise County,,TX,5124,68179,73303,9,9,18,4740,3023,7763,7,0.30301,0.321229,29.2224,0.003294,0.003827,281,0.000247,0,31,0.666667,0.027436
48499,Wood County,,TX,3409,44123,47532,13,11,24,2545,1950,4495,7,0.314289,0.334427,3447.133284,0.004421,0.004401,281,0.000351,0,31,0.583333,0.036809
48501,Yoakum County,,TX,769,10172,10941,1,2,3,108,263,371,8,0.256368,0.268041,0,0.000003,0.000151,281,0.000079,0,31,1,0.000117
48503,Young County,,TX,1084,20143,21227,3,3,6,254,272,526,7,0.299321,0.315906,4.601111,0.001034,0.001161,281,0.000129,0,31,0.666667,0.008478
48505,Zapata County,,TX,552,14988,15540,1,2,3,94,206,300,7,0.257056,0.268011,0,0.000091,0.000226,281,0.000066,0,31,1,0.000644
48507,Zavala County,,TX,796,12231,13027,3,3,6,312,390,702,7,0.299547,0.315866,1,0.000887,0.000989,281,0.00016,0,31,0.666667,0.007203
49001,Beaver County,,UT,431,7453,7884,0,1,1,0,85,85,8,0.242052,0.250534,0,0,0.000069,13,0.000052,0,373,0,0
49003,Box Elder County,,UT,3543,60210,63753,5,5,10,2842,2326,5168,7,0.277522,0.292814,0,0.001255,0.001275,13,0.000155,0,31,1,0.009845
49005,Cache County,,UT,9873,129920,139793,17,14,31,4608,5776,10384,7,0.320452,0.342054,5797.598018,0.006421,0.004345,13,0.000459,0,31,0.628676,0.050368
49007,Carbon County,,UT,1342,21274,22616,3,4,7,444,589,1033,7,0.27755,0.292754,2824.916667,0.000954,0.001056,13,0.000107,0,31,0.666667,0.007192
49009,Daggett County,,UT,65,1037,1102,0,0,0,0,0,0,0,0,0,0,0,0,282,0.000052,268,374,0,0
49011,Davis County,,UT,30523,384155,414678,42,33,75,24248,22123,46371,7,0.343854,0.371962,5708.450135,0.01913,0.019304,13,0.000832,0,31,0.469082,0.146317
49013,Duchesne County,,UT,2222,22229,24451,3,4,7,781,1097,1878,7,0.277467,0.292574,0,0.000969,0.001136,13,0.000096,0,31,0.916667,0.007254
49015,Emery County,,UT,694,11206,11900,1,3,4,148,275,423,7,0.277467,0.292454,0,0.000009,0.000964,13,0.000075,0,31,1,0.000161
49017,Garfield County,,UT,389,5320,5709,1,1,2,61,65,126,8,0.242028,0.250504,0,0.000088,0.000069,13,0.000078,0,31,1,0.000863
49019,Grand County,,UT,952,11263,12215,1,3,4,108,256,364,7,0.277439,0.292604,0,0.000593,0.000773,13,0.000069,0,31,0.666667,0.0048
49021,Iron County,,UT,4328,47482,51810,15,7,22,2998,2090,5088,7,0.319237,0.339354,5620.259379,0.007681,0.003781,13,0.000382,0,31,0.609524,0.057041
49023,Juab County,,UT,649,11555,12204,2,2,4,663,374,1037,7,0.277412,0.292214,0,0.000945,0.000955,13,0.000086,0,31,1,0.007093
49025,Kane County,,UT,477,7363,7840,2,1,3,154,109,263,8,0.246495,0.256077,0,0.000206,0.0001,13,0.000093,0,31,1,0.001821
49027,Millard County,,UT,642,14461,15103,2,2,4,213,171,384,7,0.277412,0.292214,0,0.000945,0.000955,13,0.000086,0,31,1,0.007093
49029,Morgan County,,UT,892,12915,13807,3,2,5,768,486,1254,8,0.25599,0.267036,0,0.000863,0.000262,13,0.000111,0,31,1,0.006993
49031,Piute County,,UT,93,1449,1542,0,0,0,0,0,0,0,0,0,0,0,0,283,0.000052,269,375,0,0
49033,Rich County,,UT,193,2438,2631,0,0,0,0,0,0,0,0,0,0,0,0,284,0.000052,270,376,0,0
49035,Salt Lake County,,UT,68642,1289811,1358453,156,136,292,55486,53728,109214,6,0.383225,0.426704,90630.174684,0.074349,0.066106,13,0.002727,0,31,0.335149,0.53041
49037,San Juan County,,UT,885,11410,12295,4,1,5,1236,79,1315,7,0.27708,0.291674,1.417881,0.00071,0.000667,178,0.000116,0,31,0.5,0.005538
49039,Sanpete County,,UT,1586,26721,28307,3,4,7,1011,824,1835,7,0.277522,0.292694,0,0.000955,0.001065,13,0.000109,0,31,1,0.007264
49041,Sevier County,,UT,1257,22275,23532,4,5,9,557,672,1229,7,0.27755,0.292874,0.916667,0.001043,0.001133,13,0.000135,0,31,0.85,0.008118
49043,Summit County,,UT,4793,51519,56312,11,10,21,2605,2661,5266,7,0.326056,0.348054,159.065853,0.008778,0.007353,13,0.000239,0,31,0.863636,0.065758
49045,Tooele County,,UT,5040,69062,74102,9,8,17,4999,3109,8108,7,0.305174,0.323253,4.599544,0.003603,0.002576,13,0.00024,0,31,0.875,0.02871
49047,Uintah County,,UT,4210,38148,42358,3,9,12,834,2027,2861,7,0.305678,0.324183,27.213874,0.000955,0.002605,13,0.000106,0,31,0.611111,0.007254
49049,Utah County,,UT,40158,619418,659576,73,71,144,30156,29170,59326,6,0.364089,0.39934,20375.971073,0.032181,0.039293,13,0.001379,0,31,0.441816,0.246047
49051,Wasatch County,,UT,2558,32428,34986,6,4,10,2465,1450,3915,7,0.277522,0.292694,0.2,0.002473,0.001135,13,0.00017,0,31,0.966667,0.019559
49053,Washington County,,UT,10690,164365,175055,28,21,49,9127,6615,15742,7,0.327093,0.350963,7837.916266,0.011185,0.009815,13,0.000643,0,31,0.431034,0.084541
49055,Wayne County,,UT,135,2915,3050,0,0,0,0,0,0,0,0,0,0,0,0,285,0.000052,271,377,0,0
49057,Weber County,,UT,18266,275283,293549,21,19,40,14393,12898,27291,7,0.328913,0.352967,1975.793621,0.010083,0.010831,13,0.000448,0,31,0.57,0.077081
50001,Addison County,,VT,2463,43951,46414,4,5,9,1173,1315,2488,7,0.258274,0.270585,2.84052,0.000247,0.000161,172,0.000129,0,31,0.75,0.001332
50003,Bennington County,,VT,2059,43980,46039,5,7,12,680,793,1473,7,0.266194,0.280375,26.047884,0.000171,0.000495,181,0.000129,0,31,0.404762,0.00157
50005,Caledonia County,,VT,2134,35262,37396,7,7,14,822,1054,1876,7,0.258419,0.271185,1109.089422,0.000313,0.000217,172,0.000235,0,31,0.52381,0.002083
50007,Chittenden County,,VT,12747,193508,206255,38,46,84,6138,7267,13405,6,0.347772,0.378366,46780.539267,0.014089,0.024733,172,0.000607,0,31,0.446465,0.086167
50009,Essex County,,VT,407,6814,7221,3,2,5,343,183,526,8,0.212434,0.219424,2.988095,0.000009,0.00001,172,0.000129,0,31,0.333333,0.000398
50011,Franklin County,,VT,3055,59849,62904,7,7,14,1864,1730,3594,7,0.258419,0.271095,23.499212,0.000241,0.000148,172,0.000219,0,31,0.47619,0.001658
50013,Grand Isle County,,VT,691,8764,9455,2,2,4,527,421,948,7,0.258082,0.269745,0,0.000223,0.000129,172,0.00009,0,31,1,0.001011
50015,Lamoille County,,VT,2064,30667,32731,5,5,10,1071,1051,2122,7,0.258178,0.270345,0.75,0.000235,0.000144,172,0.000169,0,31,0.9,0.00145
50017,Orange County,,VT,2197,35092,37289,5,5,10,1445,1361,2806,7,0.258371,0.270825,1.091667,0.000322,0.00023,172,0.000148,0,31,0.85,0.001965
50019,Orleans County,,VT,1541,32699,34240,5,6,11,556,567,1123,7,0.258226,0.270585,247.478027,0.000235,0.000145,172,0.000173,0,31,0.666667,0.00145
50021,Rutland County,,VT,3362,73205,76567,6,9,15,1044,1228,2272,7,0.282317,0.299077,140.730664,0.000506,0.001608,172,0.000144,0,31,0.344444,0.00264
50023,Washington County,,VT,4274,72264,76538,11,9,20,2239,2041,4280,7,0.286628,0.304157,985.452727,0.001227,0.001006,172,0.000272,0,31,0.454545,0.008081
50025,Windham County,,VT,3401,51648,55049,11,6,17,1345,1172,2517,7,0.261804,0.275055,458.646417,0.003624,0.00032,172,0.000188,0,31,0.371212,0.020641
50027,Windsor County,,VT,4596,69003,73599,10,11,21,2254,2203,4457,7,0.279533,0.296267,332.625686,0.00189,0.001306,172,0.000226,0,31,0.455128,0.012572
51001,Accomack County,,VA,2155,39366,41521,5,4,9,580,645,1225,7,0.278468,0.293743,20.652168,0.000847,0.000653,214,0.000159,0,31,0.4,0.006024
51003,Albemarle County,,VA,11599,114358,125957,31,30,61,6895,6531,13426,6,0.336279,0.362665,46267.634909,0.012035,0.012487,287,0.000637,0,31,0.381629,0.081345
51005,Alleghany County,,VA,767,17296,18063,2,2,4,386,370,756,9,0.192868,0.198958,5559,0,0.000001,289,0.000221,0,378,0,0.000194
51007,Amelia County,,VA,897,14991,15888,5,3,8,660,427,1087,7,0.260919,0.273348,16.26735,0.000956,0.000252,287,0.000174,0,31,0.7,0.006062
51009,Amherst County,,VA,2234,34670,36904,4,5,9,1260,1306,2566,8,0.233799,0.244001,28.569189,0.000047,0.000028,289,0.000153,0,31,0.5,0.000631
51011,Appomattox County,,VA,930,17604,18534,3,2,5,448,341,789,8,0.233387,0.242741,0,0.000045,0.000016,289,0.000128,0,31,1,0.000442
51013,Arlington County,,VA,46443,249495,295938,112,89,201,30674,37822,68496,6,0.375558,0.412935,10066.961317,0.070526,0.059635,287,0.00138,0,31,0.52839,0.462156
51015,Augusta County,,VA,4967,85670,90637,6,6,12,3545,3006,6551,7,0.25195,0.263203,15139.65469,0.00014,0.000139,287,0.000335,0,31,0.6,0.0016
51017,Bath County,,VA,315,5255,5570,0,1,1,0,58,58,10,0.161733,0.165355,0,0,0,289,0.000052,0,379,0,0
51019,Bedford County,,VA,5919,88357,94276,10,9,19,4183,3287,7470,8,0.238927,0.250963,4123.861649,0.001185,0.000097,289,0.000283,0,31,0.477778,0.007944
51021,Bland County,,VA,272,6463,6735,1,1,2,63,50,113,9,0.190627,0.196065,0,0,0.000001,289,0.000109,0,31,0,0.000114
51023,Botetourt County,,VA,2737,39822,42559,6,7,13,1647,1555,3202,8,0.238783,0.250393,10042.896173,0.000101,0.00009,289,0.000265,0,31,0.5,0.001019
51025,Brunswick County,,VA,922,15631,16553,2,1,3,207,225,432,8,0.224358,0.231823,2212.357702,0.000009,0.000006,287,0.000156,0,31,0,0.000244
51027,Buchanan County,,VA,977,20191,21168,2,3,5,207,410,617,9,0.189586,0.194906,116.259684,0,0,241,0.000157,0,31,0.333333,0.000211
51029,Buckingham County,,VA,811,15487,16298,4,4,8,371,355,726,7,0.251927,0.262873,34.342303,0.000121,0.000114,287,0.000178,0,31,0.333333,0.001207
51031,Campbell County,,VA,4912,61095,66007,6,6,12,3375,3225,6600,8,0.233996,0.244571,109.798858,0.00005,0.000032,289,0.000235,0,31,0.433333,0.000876
51033,Caroline County,,VA,2746,33038,35784,9,8,17,2060,1601,3661,7,0.270998,0.285774,10.953118,0.002555,0.00113,287,0.000181,0,31,0.811111,0.016174
51035,Carroll County,,VA,1513,30419,31932,6,4,10,970,874,1844,8,0.229359,0.23813,11248.573032,0.000028,0.000016,289,0.000397,0,31,0.2,0.000763
51036,Charles City County,,VA,465,8131,8596,4,2,6,302,211,513,7,0.267038,0.280021,0,0.000671,0.000328,287,0.000132,0,31,1,0.004492
51037,Charlotte County,,VA,740,12941,13681,3,4,7,254,294,548,8,0.225268,0.233956,24.439403,0.000011,0.000008,287,0.000209,0,31,0.333333,0.000377
51041,Chesterfield County,,VA,27849,397430,425279,61,59,120,21734,19015,40749,6,0.352852,0.385643,45799.774669,0.026872,0.027505,287,0.001032,0,31,0.358488,0.177907
51043,Clarke County,,VA,1304,16477,17781,5,5,10,987,787,1774,7,0.269761,0.28386,0.457576,0.00152,0.000559,287,0.000138,0,31,0.880952,0.009989
51045,Craig County,,VA,261,5619,5880,0,1,1,0,66,66,8,0.233451,0.242684,0,0,0.000015,289,0.000052,0,380,0,0
51047,Culpeper County,,VA,3854,55548,59402,10,11,21,2900,1913,4813,7,0.294529,0.312842,3555.929608,0.002383,0.002265,287,0.000213,0,31,0.530303,0.015383
51049,Cumberland County,,VA,800,10221,11021,4,4,8,350,416,766,7,0.260992,0.273648,41.531503,0.000257,0.000253,287,0.000179,0,31,0.416667,0.002101
51051,Dickenson County,,VA,587,13442,14029,2,2,4,205,228,433,9,0.188928,0.194005,21.004629,0,0,241,0.000134,0,31,0,0.000214
51053,Dinwiddie County,,VA,2373,30825,33198,8,7,15,1809,1492,3301,7,0.26745,0.281455,857.371625,0.001009,0.000563,287,0.000208,0,31,0.857143,0.006753
51057,Essex County,,VA,848,12646,13494,2,3,5,194,220,414,7,0.26727,0.280591,2781.672051,0.000001,0.000316,287,0.000163,0,31,0.166667,0.000323
51059,Fairfax County,,VA,131831,1331120,1462951,228,243,471,91782,110601,202383,6,0.415682,0.46927,168538.535314,0.105287,0.107905,287,0.003071,0,31,0.247255,0.691144
51061,Fauquier County,,VA,6435,81399,87834,14,15,29,4678,3654,8332,7,0.296004,0.315103,3776.774785,0.004613,0.004141,287,0.000262,0,31,0.525735,0.030869
51063,Floyd County,,VA,741,17266,18007,3,2,5,437,305,742,8,0.23823,0.248563,0,0.00017,0.000062,289,0.000106,0,31,1,0.000871
51065,Fluvanna County,,VA,2118,29275,31393,5,5,10,1110,1071,2181,7,0.26763,0.281527,56.724243,0.000178,0.000507,287,0.000175,0,31,0.6,0.001827
51067,Franklin County,,VA,3057,60023,63080,7,6,13,1572,1560,3132,8,0.236849,0.247511,66.536982,0.00011,0.000055,289,0.00022,0,31,0.547619,0.001207
51069,Frederick County,,VA,7283,96805,104088,14,12,26,5615,4468,10083,7,0.294811,0.31316,4871.36346,0.003744,0.002025,287,0.000318,0,31,0.471429,0.025034
51071,Giles County,,VA,815,18616,19431,4,3,7,499,330,829,8,0.235583,0.245691,1821.14386,0.000072,0.00004,289,0.000176,0,31,0.416667,0.000717
51073,Gloucester County,,VA,2825,43605,46430,7,7,14,1507,1082,2589,7,0.263318,0.276504,10057.530686,0.001235,0.000474,287,0.000293,0,31,0.357143,0.007672
51075,Goochland County,,VA,1710,25938,27648,5,5,10,1578,1049,2627,7,0.270365,0.284364,0.733547,0.000976,0.000871,287,0.00014,0,31,0.95,0.006355
51077,Grayson County,,VA,809,15310,16119,2,2,4,481,374,855,9,0.186593,0.191345,0,0,0,289,0.000238,0,31,1,0.000218
51079,Greene County,,VA,1690,22247,23937,4,5,9,840,809,1649,7,0.251904,0.262993,67.451519,0.000186,0.000183,287,0.000133,0,31,0.55,0.001649
51081,Greensville County,,VA,787,8395,9182,2,2,4,402,322,724,8,0.207282,0.213836,3389.951822,0.000003,0,287,0.00012,0,31,0,0.00021
51083,Halifax County,,VA,1298,38134,39432,4,5,9,413,460,873,8,0.229284,0.238485,90.959746,0.000014,0.000029,289,0.000213,0,31,0.2,0.000519
51085,Hanover County,,VA,7693,125213,132906,12,12,24,6473,4852,11325,7,0.29632,0.315553,253.190623,0.003233,0.002493,287,0.000279,0,31,0.557692,0.020732
51087,Henrico County,,VA,33417,375543,408960,73,77,150,23580,25760,49340,6,0.364232,0.400102,51417.732447,0.035268,0.041954,287,0.00122,0,31,0.404619,0.237136
51089,Henry County,,VA,2736,54857,57593,7,8,15,1893,1755,3648,7,0.274073,0.288888,3846.006263,0.000472,0.000481,289,0.000227,0,31,0.321429,0.003897
51091,Highland County,,VA,54,2586,2640,0,0,0,0,0,0,0,0,0,0,0,0,286,0.000052,272,381,0,0
51093,Isle of Wight County,,VA,3572,42676,46248,11,12,23,2459,1970,4429,7,0.279758,0.296389,6279.326558,0.002006,0.001739,287,0.000274,0,31,0.55303,0.012492
51095,James City County,,VA,7529,86348,93877,18,15,33,4745,3463,8208,7,0.297717,0.317881,822.993158,0.004885,0.004444,287,0.000362,0,31,0.505263,0.030473
51097,King and Queen County,,VA,517,7450,7967,3,1,4,247,139,386,8,0.212402,0.21897,4.786667,0.000013,0.000009,287,0.000176,0,31,0,0.00044
51099,King George County,,VA,2612,28481,31093,10,8,18,1745,1236,2981,7,0.295469,0.313693,1336.937623,0.002884,0.001905,287,0.000204,0,31,0.560606,0.018605
51101,King William County,,VA,1441,19759,21200,6,6,12,933,819,1752,7,0.269656,0.283584,3918.816607,0.000976,0.000659,287,0.000295,0,31,0.666667,0.006368
51103,Lancaster County,,VA,727,13344,14071,1,1,2,141,150,291,10,0.159968,0.163346,0,0,0.000009,287,0.000134,0,31,0,0.00016
51105,Lee County,,VA,886,20388,21274,1,3,4,168,282,450,8,0.215549,0.222533,22.679762,0,0.000004,241,0.000089,0,31,0.333333,0.000112
51107,Loudoun County,,VA,35231,453948,489179,84,89,173,33273,23985,57258,6,0.368288,0.406072,20178.482829,0.047973,0.055988,287,0.001143,0,31,0.486343,0.321038
51109,Louisa County,,VA,2519,38203,40722,13,9,22,2057,1269,3326,7,0.270339,0.28518,250.647554,0.002949,0.00087,287,0.00027,0,31,0.602564,0.019175
51111,Lunenburg County,,VA,662,12026,12688,3,3,6,217,255,472,8,0.224939,0.233116,7.907605,0.000011,0.000008,287,0.000202,0,31,0.333333,0.000374
51113,Madison County,,VA,851,15008,15859,3,4,7,426,485,911,7,0.25195,0.262993,1.841667,0.000038,0.000149,287,0.000111,0,31,0.75,0.000596
51115,Mathews County,,VA,564,10166,10730,1,1,2,101,155,256,8,0.208449,0.214755,0,0.000004,0.000011,287,0.000088,0,31,0,0.000174
51117,Mecklenburg County,,VA,1587,32682,34269,6,5,11,592,520,1112,7,0.289224,0.305828,18263.994537,0.000623,0.001007,287,0.000351,0,31,0.214286,0.004339
51119,Middlesex County,,VA,747,11923,12670,3,1,4,310,94,404,8,0.208449,0.214755,8.557162,0.000627,0.000011,287,0.000116,0,31,0.333333,0.00409
51121,Montgomery County,,VA,8053,79315,87368,18,21,39,2772,3391,6163,7,0.306521,0.329747,43670.220352,0.004429,0.007918,289,0.000494,0,31,0.371667,0.029911
51125,Nelson County,,VA,1055,17630,18685,3,4,7,422,496,918,7,0.251927,0.262843,146.331949,0.000168,0.000166,287,0.000115,0,31,0.5,0.00142
51127,New Kent County,,VA,1637,24163,25800,9,7,16,1435,912,2347,7,0.270444,0.284784,16.644795,0.001357,0.000903,287,0.000257,0,31,0.611111,0.008876
51131,Northampton County,,VA,769,14137,14906,2,2,4,255,329,584,7,0.278162,0.292873,0,0.000656,0.000578,214,0.000096,0,31,1,0.003999
51133,Northumberland County,,VA,824,14421,15245,4,3,7,363,323,686,9,0.190417,0.196236,6715.903474,0.000969,0.000017,287,0.000287,0,31,0.25,0.006689
51135,Nottoway County,,VA,897,15115,16012,4,4,8,348,389,737,7,0.260992,0.273648,1259.994891,0.000251,0.000252,287,0.000213,0,31,0.25,0.002086
51137,Orange County,,VA,3377,39387,42764,11,10,21,2305,1842,4147,7,0.294529,0.312722,1780.994251,0.001996,0.001828,287,0.000233,0,31,0.518182,0.013497
51139,Page County,,VA,942,26398,27340,5,4,9,548,469,1017,8,0.228473,0.237404,4.042075,0.001022,0.000061,287,0.000166,0,31,0.75,0.007116
51141,Patrick County,,VA,772,18548,19320,2,3,5,313,369,682,8,0.229284,0.238083,19.823824,0.000031,0.00002,289,0.0001,0,31,0.333333,0.000375
51143,Pittsylvania County,,VA,3583,68142,71725,8,9,17,2337,2180,4517,7,0.274397,0.289488,2377.946772,0.000517,0.000478,289,0.000247,0,31,0.361111,0.004152
51145,Powhatan County,,VA,1886,32546,34432,6,5,11,1730,1060,2790,7,0.270312,0.284274,43.350542,0.000973,0.000826,287,0.000201,0,31,0.6,0.006351
51147,Prince Edward County,,VA,1439,18353,19792,5,5,10,569,519,1088,7,0.265685,0.278882,1459.367393,0.000252,0.000264,287,0.000233,0,31,0.266667,0.002164
51149,Prince George County,,VA,5755,36296,42051,13,13,26,2982,2772,5754,7,0.307131,0.327381,7319.871225,0.003558,0.004047,287,0.000273,0,31,0.472527,0.023943
51153,Prince William County,,VA,52558,524418,576976,89,112,201,39958,39872,79830,6,0.371241,0.412047,23135.754129,0.051893,0.059662,287,0.001183,0,31,0.399388,0.352312
51155,Pulaski County,,VA,2017,35180,37197,4,5,9,1132,1130,2262,8,0.235344,0.245928,123.026656,0.000072,0.000042,289,0.000201,0,31,0.4,0.000714
51157,Rappahannock County,,VA,606,8443,9049,2,2,4,235,240,475,8,0.228642,0.237165,0,0.000057,0.000063,287,0.000084,0,31,1,0.000623
51159,Richmond County,,VA,511,8337,8848,3,3,6,280,309,589,8,0.211191,0.218244,114.037106,0.000004,0.000026,287,0.000226,0,31,0.5,0.000479
51161,Roanoke County,,VA,9790,110266,120056,10,17,27,6459,6479,12938,7,0.304438,0.326292,12503.373585,0.001647,0.005206,289,0.000302,0,31,0.380117,0.01203
51163,Rockbridge County,,VA,1486,24398,25884,4,3,7,821,680,1501,8,0.201319,0.207265,11216.024667,0.000002,0.000001,287,0.000406,0,31,0.083333,0.000443
51165,Rockingham County,,VA,4906,92947,97853,8,7,15,3435,2779,6214,7,0.252316,0.263746,845.287423,0.001118,0.000153,287,0.000303,0,31,0.553571,0.008075
51167,Russell County,,VA,1187,25862,27049,4,4,8,608,607,1215,8,0.232722,0.241713,3333.60495,0,0.000004,241,0.000244,0,31,0.35,0.000444
51169,Scott County,,VA,1012,20992,22004,4,4,8,531,614,1145,8,0.234035,0.243408,11122.982513,0.000029,0.000028,241,0.000192,0,31,0.45,0.000527
51171,Shenandoah County,,VA,2976,50018,52994,9,8,17,1746,1576,3322,7,0.29456,0.312176,723.088828,0.001616,0.0011,287,0.000244,0,31,0.533333,0.011203
51173,Smyth County,,VA,1270,31988,33258,2,3,5,505,681,1186,8,0.232352,0.241186,197.406917,0.000001,0.000005,241,0.000171,0,31,0.333333,0.000236
51175,Southampton County,,VA,1279,18362,19641,5,4,9,768,619,1387,7,0.278245,0.293293,277.233364,0.000776,0.000636,287,0.000143,0,31,0.8,0.005004
51177,Spotsylvania County,,VA,12929,148736,161665,23,26,49,9142,7968,17110,7,0.306961,0.330741,7661.01499,0.008361,0.010479,287,0.000413,0,31,0.54416,0.056012
51179,Stafford County,,VA,17706,156064,173770,36,37,73,13090,10667,23757,7,0.342287,0.371482,3453.483253,0.018144,0.02086,287,0.00052,0,31,0.530655,0.12515
51181,Surry County,,VA,574,7254,7828,1,1,2,75,98,173,8,0.21862,0.22609,0,0.000016,0.000018,287,0.000072,0,31,0,0.000223
51183,Sussex County,,VA,872,10171,11043,4,6,10,290,432,722,7,0.26136,0.274446,8983.642298,0.000049,0.000305,287,0.00017,0,31,0.666667,0.000798
51185,Tazewell County,,VA,2091,41183,43274,4,4,8,808,832,1640,9,0.205686,0.213005,3311.771004,0.000001,0,241,0.000226,0,31,0.25,0.000426
51187,Warren County,,VA,3406,44134,47540,10,10,20,2274,1891,4165,7,0.294654,0.31265,952.188302,0.002146,0.002019,287,0.000231,0,31,0.55303,0.014296
51191,Washington County,,VA,3136,55968,59104,7,5,12,1729,1635,3364,8,0.234252,0.243786,5209.018132,0.000054,0.000025,241,0.000365,0,31,0.309524,0.001
51193,Westmoreland County,,VA,1474,19894,21368,8,5,13,815,612,1427,8,0.235125,0.245804,10262.395286,0.00193,0.00011,287,0.000273,0,31,0.416667,0.012473
51195,Wise County,,VA,1851,35583,37434,5,7,12,799,970,1769,8,0.232333,0.241828,14013.856435,0,0.000005,241,0.000303,0,31,0.190476,0.000518
51197,Wythe County,,VA,1368,31392,32760,5,5,10,580,563,1143,8,0.235504,0.246183,7412.679387,0.000072,0.000041,289,0.000332,0,31,0.15,0.000813
51199,York County,,VA,10456,76545,87001,17,19,36,5319,5430,10749,7,0.327478,0.351077,3093.810842,0.007188,0.008027,287,0.000312,0,31,0.552381,0.049603
51510,Alexandria city,,VA,34291,166875,201166,68,64,132,24611,26823,51434,6,0.366781,0.400564,3120.803924,0.046331,0.046745,287,0.000874,0,31,0.669002,0.314492
51515,Bedford city,,VA,0,0,0,0,0,0,0,0,0,0,0,0,0,0,0,288,0.000052,273,382,0,0
51520,Bristol city,,VA,1723,16192,17915,3,3,6,1133,1169,2302,8,0.233897,0.242916,0,0.000054,0.000024,241,0.000188,0,31,1,0.000581
51530,Buena Vista city,,VA,765,6507,7272,1,2,3,293,388,681,9,0.167602,0.171143,0,0,0,287,0.000167,0,31,1,0.000109
51540,Charlottesville city,,VA,7103,40645,47748,14,14,28,3355,4080,7435,7,0.321677,0.343494,6354.752783,0.006192,0.006219,287,0.000312,0,31,0.505495,0.042011
51550,Chesapeake city,,VA,30242,262750,292992,46,51,97,20908,19037,39945,6,0.347511,0.378636,8241.988989,0.022416,0.027208,287,0.000715,0,31,0.48183,0.155732
51570,Colonial Heights city,,VA,2480,19686,22166,7,7,14,1829,1706,3535,7,0.270628,0.284982,1.86421,0.001003,0.000879,287,0.000186,0,31,0.97619,0.006644
51580,Covington city,,VA,552,6459,7011,1,1,2,299,328,627,10,0.161694,0.165234,0,0,0,289,0.000146,0,378,0,0.000102
51590,Danville city,,VA,3474,43173,46647,6,6,12,1684,1936,3620,7,0.293193,0.310075,991.30372,0.000463,0.001489,289,0.000193,0,31,0.547619,0.003828
51595,Emporia city,,VA,853,5899,6752,1,2,3,258,397,655,9,0.183852,0.188535,3.309524,0,0,287,0.000104,0,31,0,0.000102
51600,Fairfax city,,VA,4179,26966,31145,7,7,14,2674,2675,5349,7,0.296194,0.314323,0,0.004445,0.004582,287,0.000126,0,31,1,0.028691
51610,Falls Church city,,VA,2439,14437,16876,6,5,11,1245,1371,2616,7,0.295249,0.312626,0,0.004093,0.00329,287,0.000121,0,31,1,0.027136
51620,Franklin city,,VA,1048,8769,9817,3,3,6,529,629,1158,8,0.242896,0.252211,0,0.000069,0.000072,287,0.000119,0,31,1,0.000784
51630,Fredericksburg city,,VA,5971,24595,30566,9,11,20,3650,3964,7614,7,0.296352,0.315115,33.524928,0.002527,0.003571,287,0.000185,0,31,0.745455,0.016113
51640,Galax city,,VA,795,7004,7799,2,2,4,402,513,915,9,0.186593,0.191345,0,0,0,289,0.000238,0,31,1,0.000218
51650,Hampton city,,VA,19475,141363,160838,33,37,70,11117,12699,23816,6,0.345007,0.374724,7009.02089,0.016353,0.022909,287,0.000516,0,31,0.604123,0.111725
51660,Harrisonburg city,,VA,5237,39344,44581,9,12,21,2129,3050,5179,7,0.295061,0.313711,6153.559287,0.001951,0.002727,287,0.000296,0,31,0.461538,0.012959
51670,Hopewell city,,VA,3052,23265,26317,8,7,15,2251,2080,4331,7,0.270628,0.284982,25.340842,0.001006,0.000879,287,0.000208,0,31,0.857143,0.006753
51678,Lexington city,,VA,746,4981,5727,2,1,3,293,263,556,9,0.167592,0.170963,0,0,0,287,0.000238,0,31,1,0.000208
51680,Lynchburg city,,VA,8679,70535,79214,10,15,25,3598,5028,8626,7,0.304338,0.326022,14572.834748,0.00172,0.004951,289,0.000287,0,31,0.455882,0.011453
51683,Manassas city,,VA,7195,46558,53753,9,12,21,4982,5178,10160,7,0.295752,0.314653,8.065486,0.004506,0.004607,287,0.000155,0,31,0.742424,0.029357
51685,Manassas Park city,,VA,3072,17077,20149,6,7,13,2308,2175,4483,7,0.294654,0.312536,0.327244,0.003532,0.0027,287,0.000113,0,31,0.928571,0.022073
51690,Martinsville city,,VA,1568,13692,15260,1,2,3,862,1019,1881,7,0.273183,0.286746,0,0.000004,0.000444,289,0.000076,0,31,1,0.000145
51700,Newport News city,,VA,25711,188981,214692,42,50,92,14658,16666,31324,6,0.356382,0.388487,16032.637685,0.023822,0.029834,287,0.000633,0,31,0.574074,0.165689
51710,Norfolk city,,VA,37114,217987,255101,73,80,153,21380,26122,47502,6,0.365911,0.40165,7903.070524,0.044551,0.050326,287,0.000982,0,31,0.545318,0.304875
51720,Norton city,,VA,500,3795,4295,1,1,2,261,259,520,9,0.188544,0.193355,0,0,0,241,0.000089,0,31,0,0.000112
51730,Petersburg city,,VA,5682,31682,37364,9,8,17,2760,3631,6391,7,0.270707,0.285252,1524.437677,0.001523,0.000875,287,0.000221,0,31,0.722222,0.01042
51735,Poquoson city,,VA,1075,14504,15579,3,4,7,613,507,1120,7,0.263143,0.275724,0,0.000545,0.000469,287,0.000089,0,31,1,0.003207
51740,Portsmouth city,,VA,13707,98991,112698,12,18,30,7788,9072,16860,7,0.321938,0.3447,1981.217321,0.004987,0.006868,287,0.000222,0,31,0.586842,0.035446
51750,Radford city,,VA,1662,10720,12382,2,4,6,783,952,1735,8,0.238455,0.249283,7.124567,0.000071,0.000078,289,0.000107,0,31,0.666667,0.000495
51760,Richmond city,,VA,29079,199503,228582,66,68,134,21758,23838,45596,6,0.360826,0.394696,31423.588706,0.028751,0.036012,287,0.001099,0,31,0.388927,0.196101
51770,Roanoke city,,VA,11597,103248,114845,14,17,31,6202,7341,13543,7,0.309285,0.331622,13759.18885,0.002535,0.005862,289,0.000362,0,31,0.403509,0.016799
51775,Salem city,,VA,3129,26593,29722,6,6,12,2087,2124,4211,8,0.23866,0.249973,22.677093,0.000172,0.00009,289,0.000196,0,31,0.9,0.001299
51790,Staunton city,,VA,2909,25680,28589,5,4,9,1676,1750,3426,8,0.227985,0.236676,0.25,0.000141,0.000031,287,0.000221,0,31,0.95,0.001494
51800,Suffolk city,,VA,9630,96659,106289,15,15,30,7007,5471,12478,7,0.3206,0.342252,8532.523861,0.00523,0.005338,287,0.0003,0,31,0.568627,0.034427
51810,Virginia Beach city,,VA,54798,509627,564425,121,141,262,34694,39072,73766,6,0.385138,0.42866,61428.432568,0.063642,0.072478,287,0.001693,0,31,0.365355,0.423385
51820,Waynesboro city,,VA,2573,23753,26326,7,5,12,1766,1630,3396,7,0.251881,0.262903,91.882359,0.000197,0.000176,287,0.000266,0,31,0.595238,0.002072
51830,Williamsburg city,,VA,2519,10219,12738,3,4,7,939,1391,2330,7,0.268276,0.281929,0,0.000379,0.00058,287,0.000098,0,31,1,0.0025
51840,Winchester city,,VA,4294,28937,33231,8,8,16,2581,2798,5379,7,0.294467,0.31208,1148.044747,0.002084,0.001504,287,0.000206,0,31,0.652778,0.013771
53001,Adams County,,WA,1570,24676,26246,4,4,8,732,1017,1749,7,0.260283,0.27311,0,0.000434,0.000447,291,0.000136,0,31,1,0.004067
53003,Asotin County,,WA,1885,23214,25099,4,4,8,1166,1110,2276,7,0.260381,0.27335,0,0.000315,0.000313,291,0.000157,0,31,1,0.003004
53005,Benton County,,WA,15257,216559,231816,31,30,61,11930,10235,22165,7,0.328175,0.353561,4503.905293,0.012833,0.013159,291,0.000647,0,31,0.60322,0.105551
53007,Chelan County,,WA,6367,92075,98442,16,14,30,4977,4529,9506,7,0.318615,0.34006,114.108681,0.006628,0.004905,291,0.00035,0,31,0.801471,0.054347
53009,Clallam County,,WA,4316,80382,84698,15,13,28,2512,1927,4439,7,0.322087,0.344181,56.420324,0.00794,0.006241,291,0.000321,0,31,0.841667,0.063304
53011,Clark County,,WA,29924,534395,564319,87,64,151,31001,22281,53282,6,0.345179,0.37662,7295.81601,0.033953,0.025842,291,0.001667,0,31,0.397628,0.266644
53013,Columbia County,,WA,292,4078,4370,1,1,2,84,87,171,8,0.231019,0.239152,0,0.000036,0.000026,291,0.000073,0,31,0,0.000337
53015,Cowlitz County,,WA,6376,112148,118524,20,18,38,5675,4016,9691,7,0.319494,0.34171,5815.533444,0.008283,0.006668,291,0.000498,0,31,0.655844,0.070108
53017,Douglas County,,WA,4028,45981,50009,8,7,15,3653,3049,6702,7,0.298645,0.316577,0.175,0.002337,0.002641,291,0.000206,0,31,0.982143,0.020696
53019,Ferry County,,WA,490,6501,6991,2,2,4,149,182,331,7,0.260234,0.27275,0,0.000266,0.000279,291,0.000109,0,31,1,0.002461
53021,Franklin County,,WA,8847,102469,111316,12,10,22,6634,6690,13324,7,0.296036,0.313991,244.36425,0.003926,0.002456,291,0.000286,0,31,0.757576,0.032982
53023,Garfield County,,WA,197,2315,2512,0,0,0,0,0,0,0,0,0,0,0,0,290,0.000052,274,383,0,0
53025,Grant County,,WA,5908,111140,117048,16,17,33,3434,3691,7125,7,0.318724,0.3406,757.956987,0.004194,0.004815,291,0.000375,0,31,0.604575,0.036175
53027,Grays Harbor County,,WA,4373,70416,74789,13,12,25,2953,2749,5702,7,0.318615,0.33982,41.194849,0.003576,0.00489,291,0.000326,0,31,0.785714,0.033471
53029,Island County,,WA,9751,91880,101631,23,18,41,6489,5192,11681,7,0.328602,0.351875,67.188477,0.013726,0.010375,291,0.000405,0,31,0.710769,0.10474
53031,Jefferson County,,WA,2275,35311,37586,8,6,14,1444,1097,2541,7,0.298903,0.316589,0.140856,0.004131,0.002793,291,0.000194,0,31,0.958333,0.035329
53033,King County,,WA,153106,2534586,2687692,311,241,552,138258,135768,274026,6,0.418626,0.471352,171193.391863,0.122865,0.102506,291,0.004917,0,31,0.191181,0.833383
53035,Kitsap County,,WA,22396,294399,316795,63,50,113,16843,13991,30834,6,0.341992,0.372792,1859.343107,0.032124,0.025886,291,0.00102,0,31,0.504749,0.240203
53037,Kittitas County,,WA,3383,41470,44853,11,11,22,2611,1970,4581,7,0.299515,0.318239,0.757433,0.002934,0.003594,291,0.000258,0,31,0.910256,0.026348
53039,Klickitat County,,WA,1577,23802,25379,8,6,14,996,742,1738,7,0.278468,0.293946,43.375662,0.00205,0.001178,291,0.000235,0,31,0.589286,0.018971
53041,Lewis County,,WA,4768,82152,86920,16,8,24,4084,2882,6966,7,0.298838,0.317057,15.786072,0.006505,0.003183,291,0.000364,0,31,0.829167,0.05682
53043,Lincoln County,,WA,813,11290,12103,2,1,3,366,366,732,7,0.26021,0.27257,0,0.000294,0.000259,291,0.000093,0,31,1,0.002622
53045,Mason County,,WA,4526,61461,65987,10,9,19,3707,3087,6794,7,0.318213,0.33883,11.574677,0.005208,0.00452,291,0.000238,0,31,0.936364,0.043621
53047,Okanogan County,,WA,2556,45968,48524,9,9,18,1440,1174,2614,7,0.29871,0.316937,4.352027,0.003309,0.002907,291,0.000227,0,31,0.8,0.027287
53049,Pacific County,,WA,1441,22276,23717,7,8,15,774,703,1477,7,0.297462,0.315073,7.814613,0.002406,0.002612,291,0.000197,0,31,0.833333,0.021946
53051,Pend Oreille County,,WA,1011,12642,13653,2,2,4,535,533,1068,7,0.260259,0.27281,0,0.000268,0.000284,291,0.000105,0,31,1,0.002488
53053,Pierce County,,WA,70575,953125,1023700,172,144,316,69387,53711,123098,6,0.376678,0.422168,35111.392804,0.074736,0.065079,291,0.002796,0,31,0.291074,0.545647
53055,San Juan County,,WA,1142,19117,20259,3,3,6,438,385,823,7,0.295186,0.311651,0,0.001403,0.001351,291,0.000113,0,31,1,0.012737
53057,Skagit County,,WA,8149,141048,149197,16,16,32,6204,4980,11184,7,0.325827,0.348666,125.459511,0.007932,0.008439,291,0.000341,0,31,0.748538,0.063138
53059,Skamania County,,WA,822,11362,12184,3,3,6,662,419,1081,7,0.278273,0.293167,0,0.000786,0.001071,291,0.000127,0,31,1,0.00808
53061,Snohomish County,,WA,50900,899403,950303,110,85,195,54951,40857,95808,6,0.360779,0.397162,11459.664404,0.053849,0.040821,291,0.0019,0,31,0.405838,0.402076
53063,Spokane County,,WA,25829,550819,576648,87,73,160,22220,17677,39897,6,0.35169,0.385775,40549.845472,0.028895,0.028007,291,0.001924,0,31,0.332179,0.229226
53065,Stevens County,,WA,3185,45278,48463,6,5,11,2051,1826,3877,7,0.295658,0.312701,219.386296,0.002228,0.001676,291,0.000202,0,31,0.714286,0.019717
53067,Thurston County,,WA,25106,307019,332125,66,49,115,21255,16476,37731,7,0.340525,0.37027,2320.836991,0.0287,0.021989,291,0.001158,0,31,0.457161,0.219832
53069,Wahkiakum County,,WA,282,4151,4433,1,1,2,127,105,232,8,0.242155,0.251239,0,0.00006,0.000074,291,0.000076,0,31,0,0.000726
53071,Walla Walla County,,WA,3930,63631,67561,10,12,22,1918,2205,4123,7,0.300389,0.31929,5608.959949,0.002944,0.004027,291,0.000289,0,31,0.724359,0.026569
53073,Whatcom County,,WA,12186,235136,247322,40,26,66,9087,7040,16127,7,0.333573,0.359735,953.816131,0.019867,0.013057,291,0.000742,0,31,0.598142,0.153351
53075,Whitman County,,WA,5425,36988,42413,12,16,28,1737,2430,4167,7,0.300942,0.321148,400.743905,0.00268,0.004286,291,0.000322,0,31,0.632353,0.024267
53077,Yakima County,,WA,10698,299609,310307,27,28,55,6100,6752,12852,7,0.327131,0.351731,741.832435,0.010795,0.011492,291,0.000559,0,31,0.548387,0.088984
54001,Barbour County,,WV,811,16452,17263,3,5,8,277,495,772,8,0.246124,0.256675,1147.504288,0.000001,0.000027,206,0.000191,0,31,0.65,0.000392
54003,Berkeley County,,WV,7195,128131,135326,21,13,34,5887,3513,9400,7,0.297685,0.316981,8515.016331,0.005326,0.003133,287,0.00048,0,31,0.37381,0.033542
54005,Boone County,,WV,1151,22444,23595,3,3,6,491,475,966,8,0.250858,0.261323,0,0.00007,0.00002,206,0.000139,0,31,1,0.000503
54007,Braxton County,,WV,539,13766,14305,2,1,3,150,78,228,1,1,1,71.499852,0,0,206,0.000123,0,5,0,0.000202
54009,Brooke County,,WV,1420,26365,27785,5,5,10,909,797,1706,7,0.287072,0.303765,2.183333,0.000937,0.000802,206,0.000139,0,31,0.8,0.005772
54011,Cabell County,,WV,6671,96005,102676,10,11,21,3091,3327,6418,7,0.294717,0.312793,7489.653336,0.000941,0.000916,206,0.000394,0,31,0.287879,0.007155
54013,Calhoun County,,WV,256,6831,7087,0,0,0,0,0,0,0,0,0,0,0,0,292,0.000052,275,384,0,0
54015,Clay County,,WV,499,8725,9224,1,2,3,125,228,353,8,0.250881,0.261233,2883.728186,0.00007,0.000019,206,0.00008,0,31,0,0.000281
54017,Doddridge County,,WV,422,7314,7736,1,1,2,222,184,406,9,0.204505,0.210556,0,0,0.000009,206,0.000092,0,31,0,0.000169
54019,Fayette County,,WV,2329,43111,45440,5,4,9,1012,1108,2120,8,0.251334,0.262198,6150.881255,0.000071,0.000031,206,0.000221,0,31,0.5,0.000796
54021,Gilmer County,,WV,435,6300,6735,2,0,2,157,0,157,0,0,0,0,0,0,206,0.000196,0,4,0,0.000204
54023,Grant County,,WV,566,13057,13623,2,2,4,269,253,522,9,0.19768,0.203231,42.444326,0,0,287,0.000166,0,31,0,0.000209
54025,Greenbrier County,,WV,1720,37409,39129,4,5,9,520,460,980,8,0.251334,0.262318,1897.219907,0.000001,0.000031,206,0.00021,0,31,0.55,0.000527
54027,Hampshire County,,WV,1282,24380,25662,5,5,10,635,618,1253,8,0.229796,0.239182,5690.586631,0.00006,0.000082,287,0.000242,0,31,0.3,0.001185
54029,Hancock County,,WV,2095,35145,37240,6,5,11,1097,1202,2299,7,0.286983,0.303657,3.624107,0.000986,0.000816,206,0.00014,0,31,0.7,0.006012
54031,Hardy County,,WV,732,16037,16769,2,2,4,252,250,502,9,0.186895,0.191961,38.720737,0.000001,0.000001,287,0.000164,0,31,0,0.000219
54033,Harrison County,,WV,4027,77883,81910,9,9,18,1996,1870,3866,8,0.257056,0.269704,21316.796477,0.000983,0.000039,206,0.000421,0,31,0.266667,0.006253
54035,Jackson County,,WV,1221,31860,33081,4,5,9,645,621,1266,8,0.251085,0.262103,16.570524,0.000079,0.000022,206,0.000224,0,31,0.5,0.000639
54037,Jefferson County,,WV,4479,62754,67233,9,7,16,2739,2293,5032,7,0.296036,0.313741,138.993987,0.003194,0.001677,287,0.000196,0,31,0.655556,0.020212
54039,Kanawha County,,WV,11340,211283,222623,21,25,46,4548,5372,9920,7,0.334699,0.360398,89530.543597,0.002115,0.00778,206,0.000801,0,31,0.164368,0.01607
54041,Lewis County,,WV,1053,19284,20337,2,3,5,372,581,953,9,0.204581,0.211066,2753.500148,0.000001,0.000009,206,0.000135,0,31,0.333333,0.000283
54043,Lincoln County,,WV,977,20476,21453,4,5,9,516,641,1157,8,0.250971,0.261833,5.641342,0.000078,0.000029,206,0.000178,0,31,0.65,0.000679
54045,Logan County,,WV,1450,32681,34131,4,5,9,428,647,1075,8,0.251107,0.261995,224.886921,0.00007,0.000029,206,0.00017,0,31,0.55,0.000602
54047,McDowell County,,WV,862,15716,16578,2,2,4,146,339,485,9,0.203472,0.209995,27.907957,0.000001,0,241,0.000117,0,31,0.333333,0.000212
54049,Marion County,,WV,3455,63719,67174,5,5,10,1578,1510,3088,7,0.288204,0.304995,6240.554271,0.000043,0.000785,206,0.000296,0,31,0.433333,0.00076
54051,Marshall County,,WV,1879,36354,38233,3,3,6,866,884,1750,8,0.228887,0.237698,3732.466741,0.00003,0.000017,206,0.000158,0,31,0.333333,0.000436
54053,Mason County,,WV,1092,26765,27857,6,6,12,687,634,1321,8,0.25113,0.262313,141.325817,0.000087,0.000037,206,0.000277,0,31,0.366667,0.000956
54055,Mercer County,,WV,2905,61937,64842,5,8,13,969,928,1897,8,0.254956,0.267654,14813.89076,0.000001,0.000071,241,0.000261,0,31,0.196429,0.000623
54057,Mineral County,,WV,1317,31713,33030,3,4,7,719,682,1401,8,0.24632,0.256933,5719.859378,0.000009,0.000043,287,0.000208,0,31,0,0.000476
54059,Mingo County,,WV,1388,22375,23763,2,4,6,304,562,866,8,0.252431,0.263482,81.906715,0.000007,0.000023,206,0.000099,0,31,0.333333,0.000233
54061,Monongalia County,,WV,10273,95978,106251,20,19,39,2775,3463,6238,7,0.326018,0.35011,46827.374074,0.001924,0.004762,206,0.000746,0,31,0.172101,0.013967
54063,Monroe County,,WV,802,13872,14674,4,4,8,433,513,946,9,0.203338,0.210109,134.134785,0.000001,0.000001,206,0.000199,0,31,0.416667,0.000444
54065,Morgan County,,WV,1047,18743,19790,4,2,6,621,397,1018,8,0.231192,0.240562,7.046924,0.000108,0.0001,287,0.000164,0,31,0.666667,0.001296
54067,Nicholas County,,WV,1071,26364,27435,2,4,6,187,360,547,8,0.251039,0.261833,5608.771667,0,0.00002,206,0.000175,0,31,0.166667,0.000213
54069,Ohio County,,WV,2913,48947,51860,7,8,15,1444,1588,3032,7,0.296478,0.31527,4419.488971,0.000979,0.001675,206,0.000215,0,31,0.5,0.00614
54071,Pendleton County,,WV,312,8237,8549,0,0,0,0,0,0,0,0,0,0,0,0,293,0.000052,276,385,0,0
54073,Pleasants County,,WV,379,8116,8495,2,2,4,187,213,400,8,0.227332,0.235227,216.521922,0.000016,0.000001,206,0.000149,0,31,0.666667,0.000303
54075,Pocahontas County,,WV,370,9172,9542,0,1,1,0,87,87,9,0.197541,0.202834,0,0,0,206,0.000052,0,386,0,0
54077,Preston County,,WV,1492,35506,36998,4,4,8,869,656,1525,8,0.246058,0.256333,265.156834,0.00005,0.000018,206,0.000256,0,31,0.5,0.000593
54079,Putnam County,,WV,4269,65762,70031,5,3,8,2825,2129,4954,8,0.250949,0.261533,1.72619,0.000079,0.000028,206,0.000218,0,31,0.7,0.000802
54081,Raleigh County,,WV,3823,78767,82590,9,8,17,1406,1234,2640,8,0.257652,0.270153,28122.294309,0.001315,0.000045,206,0.000334,0,31,0.236111,0.009041
54083,Randolph County,,WV,1299,30654,31953,4,4,8,479,367,846,8,0.24608,0.256435,8378,0,0.000018,206,0.000265,0,31,0.25,0.000414
54085,Ritchie County,,WV,510,10623,11133,2,1,3,156,118,274,8,0.227314,0.235047,0,0.000008,0.000001,206,0.000171,0,31,1,0.000238
54087,Roane County,,WV,821,14227,15048,2,2,4,323,310,633,8,0.250813,0.261083,0,0.00007,0.00002,206,0.000118,0,31,1,0.000392
54089,Summers County,,WV,644,10772,11416,4,5,9,309,413,722,9,0.206497,0.213791,548.067947,0.000001,0.000012,206,0.000193,0,31,0.6,0.000525
54091,Taylor County,,WV,995,18198,19193,5,4,9,733,665,1398,8,0.246058,0.256405,6,0.000051,0.000027,206,0.000263,0,31,0.65,0.000761
54093,Tucker County,,WV,340,7898,8238,1,1,2,86,121,207,9,0.197498,0.202727,0,0,0,206,0.000109,0,31,0,0.000108
54095,Tyler County,,WV,592,9750,10342,1,1,2,244,214,458,9,0.183088,0.18748,0,0,0,206,0.000113,0,31,0,0.000105
54097,Upshur County,,WV,1290,25797,27087,5,5,10,583,515,1098,8,0.246146,0.256735,5291.960314,0.000044,0.000026,206,0.000252,0,31,0.5,0.000747
54099,Wayne County,,WV,2261,39701,41962,6,5,11,1420,1337,2757,8,0.251175,0.262283,3977.316279,0.000091,0.000036,206,0.000239,0,31,0.366667,0.000958
54101,Webster County,,WV,265,8056,8321,1,1,2,102,100,202,9,0.200679,0.206065,0,0,0,206,0.00009,0,31,0,0.000102
54103,Wetzel County,,WV,928,17361,18289,3,3,6,350,414,764,8,0.224105,0.232287,5613.810919,0,0.000001,206,0.000214,0,31,0,0.000304
54105,Wirt County,,WV,192,6031,6223,1,1,2,134,128,262,8,0.227314,0.235047,0,0.000008,0.000001,206,0.000108,0,31,0,0.000135
54107,Wood County,,WV,4202,97368,101570,10,9,19,1739,1818,3557,7,0.294155,0.311815,14604.75698,0.00015,0.000925,206,0.000587,0,31,0.227273,0.00174
54109,Wyoming County,,WV,699,19970,20669,1,2,3,133,233,366,9,0.20514,0.211438,1397.533099,0,0.000012,206,0.000088,0,31,0,0.000193
55001,Adams County,,WI,1490,20632,22122,9,6,15,1089,784,1873,7,0.277967,0.292553,142.179273,0.002553,0.000512,295,0.000204,0,31,0.569444,0.016515
55003,Ashland County,,WI,1104,17849,18953,2,2,4,247,347,594,9,0.184389,0.18913,7.899206,0,0,187,0.000183,0,31,0,0.000206
55005,Barron County,,WI,3041,55427,58468,8,12,20,1343,1729,3072,7,0.291623,0.309942,5913.850888,0.000849,0.001702,187,0.000273,0,31,0.469697,0.006628
55007,Bayfield County,,WI,946,18369,19315,2,2,4,388,312,700,8,0.225085,0.232669,2607.840947,0.000008,0.000007,187,0.000157,0,31,0,0.000257
55009,Brown County,,WI,14581,322116,336697,39,35,74,9703,9324,19027,6,0.336401,0.363433,30719.431002,0.009079,0.009309,295,0.00088,0,31,0.274086,0.065055
55011,Buffalo County,,WI,951,16543,17494,4,5,9,429,580,1009,8,0.24362,0.254293,7.805217,0.000049,0.000064,187,0.000161,0,31,0.5,0.000868
55013,Burnett County,,WI,869,18344,19213,5,2,7,493,261,754,8,0.225213,0.233041,1195.019584,0.001338,0.000015,187,0.000188,0,31,0.55,0.009051
55015,Calumet County,,WI,4725,61143,65868,8,9,17,3607,3672,7279,7,0.284485,0.30004,6.281583,0.001399,0.001181,295,0.000181,0,31,0.875,0.00915
55017,Chippewa County,,WI,4383,75961,80344,7,9,16,2788,2851,5639,7,0.291531,0.309402,775.118122,0.000073,0.001255,187,0.00024,0,31,0.433333,0.001261
55019,Clark County,,WI,2005,40934,42939,6,5,11,1144,1226,2370,8,0.248724,0.25955,29.837316,0.000114,0.000082,295,0.000193,0,31,0.5,0.001322
55021,Columbia County,,WI,4834,71012,75846,9,11,20,3530,3331,6861,7,0.284427,0.30022,27.271187,0.001276,0.001226,295,0.000219,0,31,0.581818,0.008518
55023,Crawford County,,WI,1038,18875,19913,5,5,10,507,623,1130,7,0.278552,0.293231,314.884094,0.000585,0.000501,295,0.00018,0,31,0.5,0.004081
55025,Dane County,,WI,35663,634644,670307,124,117,241,24936,25016,49952,6,0.384551,0.425156,106177.785757,0.049988,0.058516,295,0.002115,0,31,0.288656,0.346097
55027,Dodge County,,WI,6669,103715,110384,11,12,23,4483,4614,9097,7,0.318067,0.33925,619.315279,0.001583,0.002699,295,0.000225,0,31,0.637363,0.01003
55029,Door County,,WI,1546,37023,38569,6,4,10,737,551,1288,7,0.284311,0.29908,600.894105,0.00241,0.001017,295,0.000183,0,31,0.733333,0.015841
55031,Douglas County,,WI,2658,49260,51918,4,6,10,1116,1222,2338,7,0.290282,0.306582,9016.528939,0.000793,0.000865,187,0.000192,0,31,0.366667,0.006009
55033,Dunn County,,WI,3352,46141,49493,10,11,21,1864,1959,3823,7,0.291592,0.309762,1808.248614,0.001184,0.001629,187,0.000275,0,31,0.545455,0.008936
55035,Eau Claire County,,WI,7866,114003,121869,28,27,55,5111,5251,10362,7,0.321714,0.346305,28568.789379,0.004323,0.004055,187,0.000694,0,31,0.3,0.03099
55037,Florence County,,WI,224,5258,5482,1,1,2,95,100,195,8,0.202095,0.207926,0,0.000001,0,295,0.000089,0,31,0,0.000117
55039,Fond du Lac County,,WI,5976,124672,130648,17,17,34,4110,3998,8108,7,0.326747,0.349098,2860.919203,0.002862,0.003832,295,0.000342,0,31,0.552288,0.019375
55041,Forest County,,WI,411,10468,10879,0,1,1,0,65,65,8,0.221593,0.228657,0,0,0.000014,295,0.000052,0,387,0,0
55043,Grant County,,WI,2977,56872,59849,8,9,17,1456,1632,3088,7,0.284865,0.30067,88.049597,0.000636,0.001028,295,0.000256,0,31,0.347222,0.004674
55045,Green County,,WI,2418,46955,49373,4,4,8,1554,1373,2927,7,0.278022,0.292403,13.676277,0.000579,0.000512,295,0.000138,0,31,0.416667,0.00399
55047,Green Lake County,,WI,1597,22722,24319,4,4,8,751,854,1605,8,0.248324,0.25862,1.065132,0.000083,0.000095,295,0.000139,0,31,0.7,0.001088
55049,Iowa County,,WI,1931,29337,31268,5,5,10,1202,1214,2416,7,0.277911,0.292313,2.116667,0.000564,0.000486,295,0.000169,0,31,0.7,0.003945
55051,Iron County,,WI,343,6966,7309,1,1,2,93,71,164,1,1,1,0,0,0,294,0.000349,94,158,0,0.000098
55053,Jackson County,,WI,1321,22695,24016,4,5,9,564,664,1228,8,0.248791,0.259688,8.547702,0.000088,0.000081,295,0.000139,0,31,0.55,0.001073
55055,Jefferson County,,WI,6478,100168,106646,10,10,20,5096,4438,9534,7,0.315754,0.335053,79.641367,0.002716,0.002412,295,0.000187,0,31,0.788889,0.017539
55057,Juneau County,,WI,1748,29161,30909,6,7,13,1050,984,2034,7,0.278078,0.292913,6.685543,0.000612,0.000563,295,0.000172,0,31,0.571429,0.004479
55059,Kenosha County,,WI,12380,195735,208115,14,14,28,7527,6887,14414,6,0.330557,0.353036,37.350715,0.006878,0.007214,295,0.000219,0,31,0.814286,0.043764
55061,Kewaunee County,,WI,1117,25598,26715,3,2,5,743,701,1444,7,0.251767,0.262367,0.2,0.000103,0.000103,295,0.000128,0,31,0.666667,0.001147
55063,La Crosse County,,WI,7571,134068,141639,23,25,48,3539,4369,7908,7,0.33036,0.354923,12201.108662,0.003896,0.005111,295,0.000537,0,31,0.340456,0.027065
55065,Lafayette County,,WI,1060,21495,22555,4,4,8,713,750,1463,7,0.277939,0.292223,2.266667,0.000543,0.000464,295,0.00015,0,31,0.666667,0.003683
55067,Langlade County,,WI,1011,23193,24204,4,3,7,396,332,728,7,0.250745,0.261179,3.876582,0.000056,0.000074,295,0.000153,0,31,0.65,0.000797
55069,Lincoln County,,WI,1762,34277,36039,3,4,7,736,857,1593,8,0.248346,0.25853,251.181142,0.000578,0.000062,295,0.000115,0,31,0.7,0.003745
55071,Manitowoc County,,WI,3883,99789,103672,7,9,16,1956,2059,4015,7,0.284485,0.30004,71.594682,0.000874,0.001179,295,0.000167,0,31,0.805556,0.00593
55073,Marathon County,,WI,7621,169703,177324,20,22,42,4396,4574,8970,7,0.330125,0.354233,15991.675152,0.002476,0.004859,295,0.000501,0,31,0.40942,0.017463
55075,Marinette County,,WI,2679,48637,51316,6,7,13,1393,1352,2745,7,0.284573,0.29992,3833.295173,0.000754,0.001069,295,0.000198,0,31,0.547619,0.005013
55077,Marquette County,,WI,1078,18039,19117,6,6,12,714,686,1400,7,0.277995,0.292613,127.36293,0.000597,0.000521,295,0.000179,0,31,0.547619,0.004447
55078,Menominee County,,WI,307,4499,4806,2,2,4,169,253,422,7,0.25179,0.262427,0,0.000085,0.000089,295,0.000103,0,31,1,0.000909
55079,Milwaukee County,,WI,58326,1078086,1136412,103,130,233,32149,47142,79291,6,0.395557,0.436735,61678.606902,0.054176,0.067606,295,0.001564,0,31,0.375483,0.372898
55081,Monroe County,,WI,3287,53791,57078,5,7,12,1264,1421,2685,7,0.278134,0.293033,245.65133,0.000581,0.000523,295,0.000163,0,31,0.547619,0.004068
55083,Oconto County,,WI,2537,45816,48353,6,6,12,1818,1784,3602,7,0.27844,0.293339,29.16747,0.0008,0.000633,295,0.000171,0,31,0.809524,0.005392
55085,Oneida County,,WI,2640,45603,48243,10,8,18,1374,1197,2571,7,0.284573,0.30007,3676.585481,0.00159,0.001082,295,0.00026,0,31,0.530303,0.010019
55087,Outagamie County,,WI,14719,227449,242168,26,27,53,11547,10919,22466,6,0.334256,0.359473,5970.659844,0.004985,0.006266,295,0.000554,0,31,0.390805,0.036132
55089,Ozaukee County,,WI,6339,112240,118579,8,12,20,4530,3893,8423,7,0.329225,0.351683,19.912208,0.00273,0.004513,295,0.00016,0,31,0.840909,0.017488
55091,Pepin County,,WI,457,8778,9235,3,3,6,235,238,473,8,0.243513,0.253753,0.5,0.000052,0.00005,187,0.000123,0,31,0.833333,0.000737
55093,Pierce County,,WI,3104,45686,48790,10,10,20,2295,2130,4425,7,0.290495,0.307512,7.850602,0.001654,0.001419,187,0.000243,0,31,0.8,0.011409
55095,Polk County,,WI,2714,52756,55470,11,11,22,2135,1721,3856,7,0.290555,0.307752,2745.782505,0.001634,0.001274,187,0.000318,0,31,0.674242,0.011336
55097,Portage County,,WI,4741,81524,86265,14,12,26,2432,2648,5080,7,0.293626,0.312234,823.404612,0.002791,0.001958,295,0.000322,0,31,0.591667,0.018845
55099,Price County,,WI,838,17002,17840,2,2,4,159,145,304,8,0.217951,0.225193,2997.058259,0.000044,0,295,0.000149,0,31,0.333333,0.000394
55101,Racine County,,WI,11823,235185,247008,16,18,34,8371,7493,15864,6,0.334135,0.358027,154.247952,0.006625,0.007827,295,0.000248,0,31,0.630952,0.042734
55103,Richland County,,WI,1029,19784,20813,5,6,11,607,724,1331,7,0.27805,0.292733,3.533333,0.000564,0.000526,295,0.000174,0,31,0.666667,0.003984
55105,Rock County,,WI,8518,195028,203546,18,15,33,5410,4685,10095,7,0.326401,0.348378,680.405327,0.00521,0.003879,295,0.000304,0,31,0.532164,0.032917
55107,Rusk County,,WI,740,16256,16996,3,3,6,365,391,756,8,0.243556,0.253873,0,0.000063,0.000047,187,0.000116,0,31,1,0.000724
55109,St. Croix County,,WI,6403,107457,113860,11,13,24,4453,4204,8657,7,0.320378,0.342669,154.839864,0.001651,0.0032,187,0.000267,0,31,0.653846,0.011488
55111,Sauk County,,WI,4944,79483,84427,12,12,24,2884,2713,5597,7,0.316005,0.335713,786.454971,0.002402,0.002339,295,0.000287,0,31,0.412088,0.016619
55113,Sawyer County,,WI,1051,19544,20595,2,1,3,238,120,358,9,0.195882,0.201174,0,0.000016,0,187,0.000134,0,31,1,0.000282
55115,Shawano County,,WI,2570,48488,51058,9,8,17,1852,1660,3512,7,0.252179,0.264107,467.908907,0.000845,0.000208,295,0.000273,0,31,0.569444,0.00591
55117,Sheboygan County,,WI,5605,145897,151502,13,14,27,3103,3080,6183,7,0.329303,0.352043,338.067041,0.004014,0.004536,295,0.000245,0,31,0.802198,0.027988
55119,Taylor County,,WI,1032,23757,24789,4,5,9,523,558,1081,7,0.27844,0.293363,3842.48556,0.000056,0.000511,295,0.000191,0,31,0.533333,0.000641
55121,Trempealeau County,,WI,2086,39237,41323,6,6,12,1219,1117,2336,8,0.248858,0.259988,28.844637,0.0001,0.000089,295,0.000188,0,31,0.428571,0.001386
55123,Vernon County,,WI,1819,34717,36536,7,5,12,1193,978,2171,7,0.278134,0.292643,16.540151,0.001196,0.000499,295,0.000192,0,31,0.547619,0.007615
55125,Vilas County,,WI,1466,25957,27423,5,4,9,734,536,1270,7,0.284282,0.29905,0,0.001449,0.000971,295,0.000137,0,31,0.966667,0.008604
55127,Walworth County,,WI,7689,118719,126408,14,14,28,5542,5000,10542,7,0.326631,0.348558,16.487239,0.004652,0.004545,295,0.000208,0,31,0.754167,0.026468
55129,Washburn County,,WI,1092,19503,20595,4,4,8,519,471,990,8,0.243577,0.254053,2835.052852,0.000023,0.000059,187,0.000292,0,31,0.15,0.000613
55131,Washington County,,WI,9032,170971,180003,14,17,31,7249,6260,13509,7,0.329616,0.352853,287.868064,0.004108,0.004677,295,0.000258,0,31,0.709559,0.028591
55133,Waukesha County,,WI,27062,506156,533218,35,48,83,23201,19560,42761,6,0.356657,0.387449,4662.353419,0.013967,0.025002,295,0.000558,0,31,0.41195,0.097026
55135,Waupaca County,,WI,3305,62181,65486,9,8,17,2202,2184,4386,7,0.278524,0.293789,72.147566,0.000863,0.000685,295,0.000234,0,31,0.766667,0.006201
55137,Waushara County,,WI,1686,27327,29013,9,7,16,1248,916,2164,7,0.250835,0.261929,197.969358,0.001293,0.000153,295,0.000232,0,31,0.625,0.008602
55139,Winnebago County,,WI,12711,197350,210061,23,25,48,9048,9214,18262,7,0.330046,0.354473,6000.113552,0.004883,0.004728,295,0.000483,0,31,0.451667,0.035079
55141,Wood County,,WI,4700,91770,96470,12,12,24,2567,2605,5172,7,0.293658,0.312294,865.263574,0.002167,0.001982,295,0.000297,0,31,0.621795,0.015079
56001,Albany County,,WY,4377,34190,38567,9,15,24,1016,1628,2644,7,0.292698,0.309582,1054.941165,0.000517,0.003805,178,0.00027,0,31,0.466667,0.004774
56003,Big Horn County,,WY,900,13138,14038,1,1,2,128,222,350,8,0.240811,0.249253,0,0.000014,0.000002,291,0.000091,0,31,0,0.000125
56005,Campbell County,,WY,4909,57735,62644,9,14,23,869,1629,2498,7,0.318359,0.339916,12207.498586,0.000304,0.002208,178,0.000336,0,31,0.296703,0.002593
56007,Carbon County,,WY,1528,17600,19128,4,5,9,271,425,696,8,0.252316,0.263768,0,0.000231,0.000122,178,0.000122,0,31,1,0.001439
56009,Converse County,,WY,1603,16213,17816,2,3,5,443,462,905,8,0.252247,0.263349,0,0.000113,0.00011,178,0.000086,0,31,1,0.000519
56011,Crook County,,WY,678,8339,9017,1,2,3,231,209,440,8,0.242387,0.251665,0,0.00002,0.000005,178,0.000073,0,31,1,0.000139
56013,Fremont County,,WY,2542,44734,47276,5,4,9,401,433,834,8,0.252293,0.263588,0,0.000232,0.00012,178,0.000142,0,31,1,0.001556
56015,Goshen County,,WY,1057,13900,14957,2,2,4,129,205,334,8,0.24667,0.256702,2.89881,0.000098,0.000095,234,0.000116,0,31,0.5,0.000979
56017,Hot Springs County,,WY,296,5270,5566,0,0,0,0,0,0,0,0,0,0,0,0,296,0.000052,277,388,0,0
56019,Johnson County,,WY,683,10097,10780,2,1,3,143,162,305,9,0.202036,0.208159,0,0.000094,0.000003,178,0.0001,0,31,1,0.000511
56021,Laramie County,,WY,9512,112967,122479,23,22,45,3578,3025,6603,7,0.326747,0.350771,21602.819261,0.008496,0.009039,178,0.000564,0,31,0.407407,0.069318
56023,Lincoln County,,WY,1391,21096,22487,3,4,7,315,339,654,7,0.277689,0.292988,1324.610107,0.000607,0.000686,13,0.000139,0,31,0.4,0.005129
56025,Natrona County,,WY,7404,94120,101524,14,25,39,1746,2889,4635,7,0.334296,0.360323,17750.17562,0.003509,0.010376,178,0.000383,0,31,0.438333,0.029711
56027,Niobrara County,,WY,166,2658,2824,0,0,0,0,0,0,0,0,0,0,0,0,297,0.000052,278,389,0,0
56029,Park County,,WY,2483,35407,37890,6,6,12,570,535,1105,7,0.317159,0.337156,8765.496674,0.000225,0.001597,291,0.000271,0,31,0.321429,0.001819
56031,Platte County,,WY,801,10330,11131,1,1,2,79,122,201,8,0.246298,0.255934,0,0.000081,0.000076,178,0.000074,0,31,0,0.000725
56033,Sheridan County,,WY,2243,35402,37645,6,6,12,655,499,1154,8,0.253167,0.265724,2889.479235,0.000325,0.000142,178,0.000242,0,31,0.52381,0.002463
56035,Sublette County,,WY,970,10681,11651,2,0,2,170,0,170,0,0,0,0,0.000029,0,13,0.000101,0,1,0.5,0.00032
56037,Sweetwater County,,WY,4152,53050,57202,10,11,21,910,1244,2154,7,0.305981,0.324933,2321.822297,0.000861,0.002564,13,0.000249,0,31,0.302198,0.006894
56039,Teton County,,WY,2758,32659,35417,3,3,6,277,502,779,7,0.277246,0.292244,5661.4811,0.001239,0.000672,13,0.000182,0,31,0.333333,0.009066
56041,Uinta County,,WY,1698,24894,26592,3,5,8,411,507,918,7,0.277689,0.293108,5.85817,0.000713,0.000942,13,0.000109,0,31,0.55,0.005763
56043,Washakie County,,WY,664,9813,10477,0,1,1,0,51,51,8,0.240856,0.249344,0,0,0.000002,291,0.000052,0,390,0,0
56045,Weston County,,WY,598,8222,8820,1,1,2,76,70,146,8,0.241502,0.250411,0,0.00002,0.000003,178,0.000073,0,31,0,0.000139
2270,Kusilvak Census Area,,AK,362,7796,8158,2,2,4,140,223,363,7,0.268069,0.281563,0,0.000374,0.000281,291,0.000088,0,31,1,0.002318
46113,Oglala Lakota County,,SD,3187,8876,12063,1,1,2,208,235,443,8,0.248457,0.258502,0,0.000092,0.000082,234,0.000087,0,31,0,0.000768
