id,label,timeset,state,totalMig,totalNonMig,population
1001,Autauga County,,AL,5605,59169,64774
1003,Baldwin County,,AL,12209,220948,233157
1005,Barbour County,,AL,1648,24180,25828
1007,Bibb County,,AL,1243,20749,21992
1009,Blount County,,AL,3321,58582,61903
1011,Bullock County,,AL,553,9484,10037
1013,Butler County,,AL,1094,20825,21919
1015,Calhoun County,,AL,6836,120381,127217
1017,Chambers County,,AL,2475,35214,37689
1019,Cherokee County,,AL,1227,23659,24886
1021,Chilton County,,AL,2393,45406,47799
1023,Choctaw County,,AL,648,13435,14083
1025,Clarke County,,AL,1327,26475,27802
1027,Clay County,,AL,701,14482,15183
1029,Cleburne County,,AL,950,14842,15792
1031,Coffee County,,AL,5771,51869,57640
1033,Colbert County,,AL,3531,58741,62272
1035,Conecuh County,,AL,713,12153,12866
1037,Coosa County,,AL,955,9289,10244
1039,Covington County,,AL,1795,38276,40071
1041,Crenshaw County,,AL,831,14480,15311
1043,Cullman County,,AL,3534,87338,90872
1045,Dale County,,AL,7247,47596,54843
1047,Dallas County,,AL,1980,41940,43920
1049,DeKalb County,,AL,3550,71728,75278
1051,Elmore County,,AL,6665,86545,93210
1053,Escambia County,,AL,1816,36622,38438
1055,Etowah County,,AL,4901,107018,111919
1057,Fayette County,,AL,1007,16331,17338
1059,Franklin County,,AL,1908,33105,35013
1061,Geneva County,,AL,1713,25732,27445
1063,Greene County,,AL,536,8557,9093
1065,Hale County,,AL,1097,15873,16970
1067,Henry County,,AL,1238,17532,18770
1069,Houston County,,AL,7724,110611,118335
1071,Jackson County,,AL,2368,54321,56689
1073,Jefferson County,,AL,39242,723963,763205
1075,Lamar County,,AL,652,14392,15044
1077,Lauderdale County,,AL,5035,95234,100269
1079,Lawrence County,,AL,1757,34905,36662
1081,Lee County,,AL,12940,149314,162254
1083,Limestone County,,AL,5794,98205,103999
1085,Lowndes County,,AL,795,12167,12962
1087,Macon County,,AL,1165,18209,19374
1089,Madison County,,AL,21553,408185,429738
1091,Marengo County,,AL,1199,21435,22634
1093,Marion County,,AL,1758,27721,29479
1095,Marshall County,,AL,5654,103447,109101
1097,Mobile County,,AL,17448,438276,455724
1099,Monroe County,,AL,889,21602,22491
1101,Montgomery County,,AL,16511,242292,258803
1103,Morgan County,,AL,7418,134481,141899
1105,Perry County,,AL,526,9627,10153
1107,Pickens County,,AL,973,19392,20365
1109,Pike County,,AL,2145,30326,32471
1111,Randolph County,,AL,1254,22762,24016
1113,Russell County,,AL,8801,55122,63923
1115,St. Clair County,,AL,5526,90856,96382
1117,Shelby County,,AL,18403,232626,251029
1119,Sumter County,,AL,678,12187,12865
1121,Talladega County,,AL,5035,81920,86955
1123,Tallapoosa County,,AL,2621,42727,45348
1125,Tuscaloosa County,,AL,11344,201544,212888
1127,Walker County,,AL,2821,65811,68632
1129,Washington County,,AL,933,17296,18229
1131,Wilcox County,,AL,520,11519,12039
1133,Winston County,,AL,1361,23053,24414
2013,Aleutians East Borough,,AK,294,1825,2119
2016,Aleutians West Census Area,,AK,759,4871,5630
2020,Anchorage Municipality,,AK,32472,344581,377053
2050,Bethel Census Area,,AK,1055,17317,18372
2060,Bristol Bay Borough,,AK,81,969,1050
2068,Denali Borough,,AK,251,2474,2725
2070,Dillingham Census Area,,AK,330,5356,5686
2090,Fairbanks North Star Borough,,AK,13931,107368,121299
2100,Haines Borough,,AK,180,2839,3019
2105,Hoonah-Angoon Census Area,,AK,189,2213,2402
2110,Juneau City and Borough,,AK,3078,37915,40993
2122,Kenai Peninsula Borough,,AK,4305,66459,70764
2130,Ketchikan Gateway Borough,,AK,1178,15929,17107
2150,Kodiak Island Borough,,AK,2061,16089,18150
2164,Lake and Peninsula Borough,,AK,138,1535,1673
2170,Matanuska-Susitna Borough,,AK,7216,107274,114490
2180,Nome Census Area,,AK,481,9191,9672
2185,North Slope Borough,,AK,563,7391,7954
2188,Northwest Arctic Borough,,AK,488,6295,6783
2195,Petersburg Census Area,,AK,269,4271,4540
2198,Prince of Wales-Hyder Census Area,,AK,295,5342,5637
2220,Sitka City and Borough,,AK,840,10230,11070
2230,Skagway Municipality,,AK,90,1500,1590
2240,Southeast Fairbanks Census Area,,AK,683,7974,8657
2261,Valdez-Cordova Census Area,,AK,1158,10872,12030
2275,Wrangell City and Borough,,AK,104,2502,2606
2282,Yakutat City and Borough,,AK,-2,588,586
2290,Yukon-Koyukuk Census Area,,AK,355,5766,6121
4001,Apache County,,AZ,5979,63652,69631
4003,Cochise County,,AZ,12343,130371,142714
4005,Coconino County,,AZ,12847,136114,148961
4007,Gila County,,AZ,3288,52532,55820
4009,Graham County,,AZ,2138,31775,33913
4011,Greenlee County,,AZ,760,9188,9948
4012,La Paz County,,AZ,1346,15533,16879
4013,Maricopa County,,AZ,184691,4516483,4701174
4015,Mohave County,,AZ,13230,186686,199916
4017,Navajo County,,AZ,7523,100754,108277
4019,Pima County,,AZ,50810,1073260,1124070
4021,Pinal County,,AZ,32548,342891,375439
4023,Santa Cruz County,,AZ,2861,55193,58054
4025,Yavapai County,,AZ,15432,237686,253118
4027,Yuma County,,AZ,13244,227131,240375
5001,Arkansas County,,AR,1099,19921,21020
5003,Ashley County,,AR,1129,21520,22649
5005,Baxter County,,AR,2569,42852,45421
5007,Benton County,,AR,20341,278602,298943
5009,Boone County,,AR,2266,38937,41203
5011,Bradley County,,AR,636,11140,11776
5013,Calhoun County,,AR,256,4858,5114
5015,Carroll County,,AR,2047,29797,31844
5017,Chicot County,,AR,647,10289,10936
5019,Clark County,,AR,1532,20317,21849
5021,Clay County,,AR,916,14960,15876
5023,Cleburne County,,AR,1870,25964,27834
5025,Cleveland County,,AR,444,8337,8781
5027,Columbia County,,AR,1398,23043,24441
5029,Conway County,,AR,1372,21479,22851
5031,Craighead County,,AR,7512,104064,111576
5033,Crawford County,,AR,4490,60904,65394
5035,Crittenden County,,AR,3326,53161,56487
5037,Cross County,,AR,1229,18499,19728
5039,Dallas County,,AR,428,7151,7579
5041,Desha County,,AR,820,12523,13343
5043,Drew County,,AR,1241,18036,19277
5045,Faulkner County,,AR,9455,120677,130132
5047,Franklin County,,AR,1111,17147,18258
5049,Fulton County,,AR,821,10846,11667
5051,Garland County,,AR,6642,103409,110051
5053,Grant County,,AR,1066,18815,19881
5055,Greene County,,AR,2908,44183,47091
5057,Hempstead County,,AR,1283,22294,23577
5059,Hot Spring County,,AR,2124,31103,33227
5061,Howard County,,AR,951,14095,15046
5063,Independence County,,AR,2365,37843,40208
5065,Izard County,,AR,815,11451,12266
5067,Jackson County,,AR,861,14375,15236
5069,Jefferson County,,AR,4712,73324,78036
5071,Johnson County,,AR,1486,25466,26952
5073,Lafayette County,,AR,415,6406,6821
5075,Lawrence County,,AR,1209,15502,16711
5077,Lee County,,AR,642,7249,7891
5079,Lincoln County,,AR,602,10432,11034
5081,Little River County,,AR,590,12372,12962
5083,Logan County,,AR,1217,21578,22795
5085,Lonoke County,,AR,6836,75424,82260
5087,Madison County,,AR,978,16071,17049
5089,Marion County,,AR,1183,15277,16460
5091,Miller County,,AR,3964,42928,46892
5093,Mississippi County,,AR,2884,43877,46761
5095,Monroe County,,AR,573,7372,7945
5097,Montgomery County,,AR,497,7825,8322
5099,Nevada County,,AR,587,8441,9028
5101,Newton County,,AR,395,7384,7779
5103,Ouachita County,,AR,1481,24096,25577
5105,Perry County,,AR,701,9926,10627
5107,Phillips County,,AR,1311,18376,19687
5109,Pike County,,AR,707,10449,11156
5111,Poinsett County,,AR,1536,22628,24164
5113,Polk County,,AR,988,19863,20851
5115,Pope County,,AR,4114,64511,68625
5117,Prairie County,,AR,470,8284,8754
5119,Pulaski County,,AR,30713,432906,463619
5121,Randolph County,,AR,1020,17263,18283
5123,St. Francis County,,AR,1743,22237,23980
5125,Saline County,,AR,8327,126662,134989
5127,Scott County,,AR,766,10147,10913
5129,Searcy County,,AR,397,7319,7716
5131,Sebastian County,,AR,9563,132840,142403
5133,Sevier County,,AR,949,16641,17590
5135,Sharp County,,AR,1405,15417,16822
5137,Stone County,,AR,506,11771,12277
5139,Union County,,AR,2212,44717,46929
5141,Van Buren County,,AR,1046,16211,17257
5143,Washington County,,AR,19290,229662,248952
5145,White County,,AR,4959,78303,83262
5147,Woodruff County,,AR,385,6499,6884
5149,Yell County,,AR,1430,21293,22723
6001,Alameda County,,CA,125649,1885039,2010688
6003,Alpine County,,CA,100,918,1018
6005,Amador County,,CA,2204,39049,41253
6007,Butte County,,CA,11729,221727,233456
6009,Calaveras County,,CA,3182,46868,50050
6011,Colusa County,,CA,1000,28439,29439
6013,Contra Costa County,,CA,74489,1339120,1413609
6015,Del Norte County,,CA,1461,23157,24618
6017,El Dorado County,,CA,13495,211647,225142
6019,Fresno County,,CA,36645,1058967,1095612
6021,Glenn County,,CA,1565,32589,34154
6023,Humboldt County,,CA,6635,131520,138155
6025,Imperial County,,CA,10109,221424,231533
6027,Inyo County,,CA,1511,19890,21401
6029,Kern County,,CA,37350,934573,971923
6031,Kings County,,CA,10811,149099,159910
6033,Lake County,,CA,3991,59316,63307
6035,Lassen County,,CA,1844,24106,25950
6037,Los Angeles County,,CA,399386,11500909,11900295
6039,Madera County,,CA,8231,164185,172416
6041,Marin County,,CA,18859,313536,332395
6043,Mariposa County,,CA,1499,17589,19088
6045,Mendocino County,,CA,4468,94469,98937
6047,Merced County,,CA,13471,282980,296451
6049,Modoc County,,CA,566,8362,8928
6051,Mono County,,CA,1367,15022,16389
6053,Monterey County,,CA,27608,538054,565662
6055,Napa County,,CA,9963,173605,183568
6057,Nevada County,,CA,7437,113421,120858
6059,Orange County,,CA,174182,3778703,3952885
6061,Placer County,,CA,29543,435063,464606
6063,Plumas County,,CA,1201,20163,21364
6065,Riverside County,,CA,132585,2502506,2635091
6067,Sacramento County,,CA,81179,1670695,1751874
6069,San Benito County,,CA,4242,71325,75567
6071,San Bernardino County,,CA,133079,2278793,2411872
6073,San Diego County,,CA,197623,3842491,4040114
6075,San Francisco County,,CA,88632,1005253,1093885
6077,San Joaquin County,,CA,36691,804907,841598
6079,San Luis Obispo County,,CA,16878,312257,329135
6081,San Mateo County,,CA,68186,933095,1001281
6083,Santa Barbara County,,CA,25712,512493,538205
6085,Santa Clara County,,CA,132978,2333734,2466712
6087,Santa Cruz County,,CA,17509,320042,337551
6089,Shasta County,,CA,10425,185632,196057
6091,Sierra County,,CA,167,2847,3014
6093,Siskiyou County,,CA,2398,45366,47764
6095,Solano County,,CA,31407,496467,527874
6097,Sonoma County,,CA,24391,602812,627203
6099,Stanislaus County,,CA,24986,591721,616707
6101,Sutter County,,CA,6822,105305,112127
6103,Tehama County,,CA,3899,63288,67187
6105,Trinity County,,CA,720,10770,11490
6107,Tulare County,,CA,17472,502846,520318
6109,Tuolumne County,,CA,3229,55887,59116
6111,Ventura County,,CA,49073,1038866,1087939
6113,Yolo County,,CA,16681,216084,232765
6115,Yuba County,,CA,7979,71688,79667
8001,Adams County,,CO,58531,538370,596901
8003,Alamosa County,,CO,1509,15485,16994
8005,Arapahoe County,,CO,83824,701882,785706
8007,Archuleta County,,CO,1065,13404,14469
8009,Baca County,,CO,113,3859,3972
8011,Bent County,,CO,265,3900,4165
8013,Boulder County,,CO,33094,353417,386511
8014,Broomfield County,,CO,12045,70235,82280
8015,Chaffee County,,CO,1440,20112,21552
8017,Cheyenne County,,CO,71,2064,2135
8019,Clear Creek County,,CO,1183,9702,10885
8021,Conejos County,,CO,370,7928,8298
8023,Costilla County,,CO,132,3092,3224
8025,Crowley County,,CO,210,2711,2921
8027,Custer County,,CO,348,4435,4783
8029,Delta County,,CO,2097,31218,33315
8031,Denver County,,CO,103715,719250,822965
8033,Dolores County,,CO,62,1956,2018
8035,Douglas County,,CO,35549,374530,410079
8037,Eagle County,,CO,6110,63999,70109
8039,Elbert County,,CO,2557,27246,29803
8041,El Paso County,,CO,70163,746241,816404
8043,Fremont County,,CO,2844,41430,44274
8045,Garfield County,,CO,4694,65458,70152
8047,Gilpin County,,CO,691,5522,6213
8049,Grand County,,CO,1598,15804,17402
8051,Gunnison County,,CO,1586,16791,18377
8053,Hinsdale County,,CO,-2,851,849
8055,Huerfano County,,CO,414,5938,6352
8057,Jackson County,,CO,98,1444,1542
8059,Jefferson County,,CO,63175,655421,718596
8061,Kiowa County,,CO,61,1453,1514
8063,Kit Carson County,,CO,547,8318,8865
8065,Lake County,,CO,879,7309,8188
8067,La Plata County,,CO,4681,60224,64905
8069,Larimer County,,CO,29773,371944,401717
8071,Las Animas County,,CO,1003,13745,14748
8073,Lincoln County,,CO,422,4923,5345
8075,Logan County,,CO,1381,20721,22102
8077,Mesa County,,CO,9656,164032,173688
8079,Mineral County,,CO,-2,938,936
8081,Moffat County,,CO,1135,14188,15323
8083,Montezuma County,,CO,1784,27381,29165
8085,Montrose County,,CO,2682,45398,48080
8087,Morgan County,,CO,2360,32488,34848
8089,Otero County,,CO,1123,18871,19994
8091,Ouray County,,CO,474,5373,5847
8093,Park County,,CO,1897,15567,17464
8095,Phillips County,,CO,292,5043,5335
8097,Pitkin County,,CO,2389,20427,22816
8099,Prowers County,,CO,702,12361,13063
8101,Pueblo County,,CO,9104,168746,177850
8103,Rio Blanco County,,CO,556,7158,7714
8105,Rio Grande County,,CO,1073,14217,15290
8107,Routt County,,CO,2582,28235,30817
8109,Saguache County,,CO,388,3998,4386
8111,San Juan County,,CO,-2,669,667
8113,San Miguel County,,CO,885,9076,9961
8115,Sedgwick County,,CO,138,2531,2669
8117,Summit County,,CO,4355,35557,39912
8119,Teller County,,CO,2708,26148,28856
8121,Washington County,,CO,229,5016,5245
8123,Weld County,,CO,25417,312411,337828
8125,Yuma County,,CO,674,11374,12048
9001,Fairfield County,,CT,53908,1112509,1166417
9003,Hartford County,,CT,49337,1070021,1119358
9005,Litchfield County,,CT,11220,224867,236087
9007,Middlesex County,,CT,12101,196469,208570
9009,New Haven County,,CT,46336,983482,1029818
9011,New London County,,CT,18453,317375,335828
9013,Tolland County,,CT,11186,163432,174618
9015,Windham County,,CT,6880,130695,137575
10001,Kent County,,DE,11871,189894,201765
10003,New Castle County,,DE,29993,637094,667087
10005,Sussex County,,DE,10397,242641,253038
11001,District of Columbia,,DC,75021,685120,760141
12001,Alachua County,,FL,21545,248102,269647
12003,Baker County,,FL,1460,26322,27782
12005,Bay County,,FL,16070,198771,214841
12007,Bradford County,,FL,1792,23870,25662
12009,Brevard County,,FL,30903,642291,673194
12011,Broward County,,FL,127312,2127384,2254696
12013,Calhoun County,,FL,819,11974,12793
12015,Charlotte County,,FL,13263,177832,191095
12017,Citrus County,,FL,8820,146542,155362
12019,Clay County,,FL,21406,226960,248366
12021,Collier County,,FL,24618,415266,439884
12023,Columbia County,,FL,4454,64604,69058
12027,DeSoto County,,FL,2000,29920,31920
12029,Dixie County,,FL,936,12200,13136
12031,Duval County,,FL,70763,1018015,1088778
12033,Escambia County,,FL,26805,325673,352478
12035,Flagler County,,FL,8561,114636,123197
12037,Franklin County,,FL,611,10248,10859
12039,Gadsden County,,FL,2992,48826,51818
12041,Gilchrist County,,FL,1377,15798,17175
12043,Glades County,,FL,1132,8851,9983
12045,Gulf County,,FL,937,13029,13966
12047,Hamilton County,,FL,813,11483,12296
12049,Hardee County,,FL,1689,26472,28161
12051,Hendry County,,FL,3060,39365,42425
12053,Hernando County,,FL,12261,180554,192815
12055,Highlands County,,FL,5869,98292,104161
12057,Hillsborough County,,FL,101139,1469015,1570154
12059,Holmes County,,FL,1120,16398,17518
12061,Indian River County,,FL,9539,166737,176276
12063,Jackson County,,FL,2802,44694,47496
12065,Jefferson County,,FL,951,13911,14862
12067,Lafayette County,,FL,420,6279,6699
12069,Lake County,,FL,28282,356321,384603
12071,Lee County,,FL,43330,758752,802082
12073,Leon County,,FL,23360,278073,301433
12075,Levy County,,FL,3187,39507,42694
12077,Liberty County,,FL,498,6613,7111
12079,Madison County,,FL,944,17622,18566
12081,Manatee County,,FL,25402,391838,417240
12083,Marion County,,FL,20929,363488,384417
12085,Martin County,,FL,12594,171842,184436
12086,Miami-Dade County,,FL,132819,2972655,3105474
12087,Monroe County,,FL,9927,92968,102895
12089,Nassau County,,FL,6240,89681,95921
12091,Okaloosa County,,FL,24852,228528,253380
12093,Okeechobee County,,FL,2087,36841,38928
12095,Orange County,,FL,122276,1401443,1523719
12097,Osceola County,,FL,37391,346582,383973
12099,Palm Beach County,,FL,82876,1609904,1692780
12101,Pasco County,,FL,40048,510040,550088
12103,Pinellas County,,FL,62706,1037489,1100195
12105,Polk County,,FL,40683,679280,719963
12107,Putnam County,,FL,4683,67650,72333
12109,St. Johns County,,FL,18597,254939,273536
12111,St. Lucie County,,FL,21362,319249,340611
12113,Santa Rosa County,,FL,16442,175654,192096
12115,Sarasota County,,FL,30904,453263,484167
12117,Seminole County,,FL,48533,496342,544875
12119,Sumter County,,FL,6995,125332,132327
12121,Suwannee County,,FL,2817,39445,42262
12123,Taylor County,,FL,970,19903,20873
12125,Union County,,FL,938,11316,12254
12127,Volusia County,,FL,32695,554388,587083
12129,Wakulla County,,FL,2039,31421,33460
12131,Walton County,,FL,6131,64562,70693
12133,Washington County,,FL,1799,21765,23564
13001,Appling County,,GA,871,18542,19413
13003,Atkinson County,,GA,663,8260,8923
13005,Bacon County,,GA,609,10913,11522
13007,Baker County,,GA,226,2909,3135
13009,Baldwin County,,GA,2821,40243,43064
13011,Banks County,,GA,1816,17776,19592
13013,Barrow County,,GA,6999,80047,87046
13015,Bartow County,,GA,7559,108580,116139
13017,Ben Hill County,,GA,1094,17015,18109
13019,Berrien County,,GA,1360,16717,18077
13021,Bibb County,,GA,11693,159629,171322
13023,Bleckley County,,GA,725,12269,12994
13025,Brantley County,,GA,1157,16303,17460
13027,Brooks County,,GA,1442,14992,16434
13029,Bryan County,,GA,5640,39820,45460
13031,Bulloch County,,GA,5361,61202,66563
13033,Burke County,,GA,1432,23699,25131
13035,Butts County,,GA,1761,22482,24243
13037,Calhoun County,,GA,366,4982,5348
13039,Camden County,,GA,6979,52641,59620
13043,Candler County,,GA,689,10464,11153
13045,Carroll County,,GA,8356,116866,125222
13047,Catoosa County,,GA,5538,65980,71518
13049,Charlton County,,GA,696,8662,9358
13051,Chatham County,,GA,27054,287497,314551
13053,Chattahoochee County,,GA,3831,4877,8708
13055,Chattooga County,,GA,1270,23752,25022
13057,Cherokee County,,GA,20184,265929,286113
13059,Clarke County,,GA,11893,101707,113600
13061,Clay County,,GA,248,2903,3151
13063,Clayton County,,GA,35194,280943,316137
13065,Clinch County,,GA,376,6573,6949
13067,Cobb County,,GA,81933,820630,902563
13069,Coffee County,,GA,2201,41166,43367
13071,Colquitt County,,GA,2413,45723,48136
13073,Columbia County,,GA,15446,155568,171014
13075,Cook County,,GA,1178,15981,17159
13077,Coweta County,,GA,11128,155079,166207
13079,Crawford County,,GA,984,12233,13217
13081,Crisp County,,GA,1332,21021,22353
13083,Dade County,,GA,909,15067,15976
13085,Dawson County,,GA,2545,23490,26035
13087,Decatur County,,GA,1493,28388,29881
13089,DeKalb County,,GA,94873,762465,857338
13091,Dodge County,,GA,1125,18685,19810
13093,Dooly County,,GA,725,9983,10708
13095,Dougherty County,,GA,7788,90616,98404
13097,Douglas County,,GA,16689,144359,161048
13099,Early County,,GA,621,10759,11380
13101,Echols County,,GA,266,3516,3782
13103,Effingham County,,GA,4727,61302,66029
13105,Elbert County,,GA,1036,21130,22166
13107,Emanuel County,,GA,1346,23092,24438
13109,Evans County,,GA,823,10654,11477
13111,Fannin County,,GA,1272,24274,25546
13113,Fayette County,,GA,10847,128667,139514
13115,Floyd County,,GA,5517,102164,107681
13117,Forsyth County,,GA,17157,241725,258882
13119,Franklin County,,GA,1834,22017,23851
13121,Fulton County,,GA,126102,1002096,1128198
13123,Gilmer County,,GA,1969,29715,31684
13125,Glascock County,,GA,132,2790,2922
13127,Glynn County,,GA,5934,87294,93228
13129,Gordon County,,GA,3484,59466,62950
13131,Grady County,,GA,1652,26123,27775
13133,Greene County,,GA,1135,18201,19336
13135,Gwinnett County,,GA,84035,995645,1079680
13137,Habersham County,,GA,2499,45061,47560
13139,Hall County,,GA,13333,218699,232032
13141,Hancock County,,GA,376,7575,7951
13143,Haralson County,,GA,2179,28255,30434
13145,Harris County,,GA,2760,35102,37862
13147,Hart County,,GA,1467,25849,27316
13149,Heard County,,GA,814,10442,11256
13151,Henry County,,GA,22888,234236,257124
13153,Houston County,,GA,13312,169962,183274
13155,Irwin County,,GA,712,8829,9541
13157,Jackson County,,GA,5578,68954,74532
13159,Jasper County,,GA,1170,14078,15248
13161,Jeff Davis County,,GA,803,14754,15557
13163,Jefferson County,,GA,831,17843,18674
13165,Jenkins County,,GA,476,7567,8043
13167,Johnson County,,GA,455,7597,8052
13169,Jones County,,GA,1905,30184,32089
13171,Lamar County,,GA,1374,17241,18615
13173,Lanier County,,GA,1180,8125,9305
13175,Laurens County,,GA,2520,51395,53915
13177,Lee County,,GA,3266,33870,37136
13179,Liberty County,,GA,14509,60240,74749
13181,Lincoln County,,GA,422,7963,8385
13183,Long County,,GA,2551,12778,15329
13185,Lowndes County,,GA,11040,107705,118745
13187,Lumpkin County,,GA,2635,27622,30257
13189,McDuffie County,,GA,1449,23379,24828
13191,McIntosh County,,GA,880,11323,12203
13193,Macon County,,GA,779,11405,12184
13195,Madison County,,GA,1899,29707,31606
13197,Marion County,,GA,487,7164,7651
13199,Meriwether County,,GA,1964,21373,23337
13201,Miller County,,GA,392,5721,6113
13205,Mitchell County,,GA,1360,21409,22769
13207,Monroe County,,GA,1917,27747,29664
13209,Montgomery County,,GA,683,7685,8368
13211,Morgan County,,GA,1331,20466,21797
13213,Murray County,,GA,2670,39556,42226
13215,Muscogee County,,GA,24447,205630,230077
13217,Newton County,,GA,9948,109582,119530
13219,Oconee County,,GA,3119,41957,45076
13221,Oglethorpe County,,GA,1064,14421,15485
13223,Paulding County,,GA,13943,160157,174100
13225,Peach County,,GA,2742,26839,29581
13227,Pickens County,,GA,2423,34090,36513
13229,Pierce County,,GA,1288,19369,20657
13231,Pike County,,GA,1338,19183,20521
13233,Polk County,,GA,2572,42635,45207
13235,Pulaski County,,GA,656,8922,9578
13237,Putnam County,,GA,1690,22180,23870
13239,Quitman County,,GA,153,2026,2179
13241,Rabun County,,GA,775,17504,18279
13243,Randolph County,,GA,338,6727,7065
13245,Richmond County,,GA,20907,197579,218486
13247,Rockdale County,,GA,10406,90088,100494
13249,Schley County,,GA,322,4654,4976
13251,Screven County,,GA,798,13891,14689
13253,Seminole County,,GA,619,8672,9291
13255,Spalding County,,GA,4900,64986,69886
13257,Stephens County,,GA,1449,25615,27064
13259,Stewart County,,GA,240,3973,4213
13261,Sumter County,,GA,1813,31064,32877
13263,Talbot County,,GA,480,6314,6794
13265,Taliaferro County,,GA,111,1529,1640
13267,Tattnall County,,GA,1468,20287,21755
13269,Taylor County,,GA,412,8207,8619
13271,Telfair County,,GA,622,9970,10592
13273,Terrell County,,GA,712,9973,10685
13275,Thomas County,,GA,2844,47328,50172
13277,Tift County,,GA,2967,43047,46014
13279,Toombs County,,GA,1906,28088,29994
13281,Towns County,,GA,799,11432,12231
13283,Treutlen County,,GA,364,6162,6526
13285,Troup County,,GA,4694,73776,78470
13287,Turner County,,GA,558,8813,9371
13289,Twiggs County,,GA,648,8626,9274
13291,Union County,,GA,1121,23211,24332
13293,Upson County,,GA,1244,26890,28134
13295,Walker County,,GA,4607,63263,67870
13297,Walton County,,GA,7197,94239,101436
13299,Ware County,,GA,2369,34139,36508
13301,Warren County,,GA,410,5609,6019
13303,Washington County,,GA,742,20829,21571
13305,Wayne County,,GA,1567,28071,29638
13307,Webster County,,GA,134,2372,2506
13309,Wheeler County,,GA,351,4611,4962
13311,White County,,GA,1957,26859,28816
13313,Whitfield County,,GA,5727,116686,122413
13315,Wilcox County,,GA,445,6985,7430
13317,Wilkes County,,GA,540,10359,10899
13319,Wilkinson County,,GA,598,9917,10515
13321,Worth County,,GA,1582,21266,22848
15001,Hawaii County,,HI,9221,207678,216899
15003,Honolulu County,,HI,77832,1166020,1243852
15005,Kalawao County,,HI,0,0,0
15007,Kauai County,,HI,3795,83281,87076
15009,Maui County,,HI,8289,187930,196219
16001,Ada County,,ID,29795,493073,522868
16003,Adams County,,ID,288,3948,4236
16005,Bannock County,,ID,6068,87637,93705
16007,Bear Lake County,,ID,374,6690,7064
16009,Benewah County,,ID,657,9527,10184
16011,Bingham County,,ID,3227,51333,54560
16013,Blaine County,,ID,1560,28488,30048
16015,Boise County,,ID,560,7244,7804
16017,Bonner County,,ID,3024,45505,48529
16019,Bonneville County,,ID,8377,126069,134446
16021,Boundary County,,ID,577,12626,13203
16023,Butte County,,ID,176,2665,2841
16025,Camas County,,ID,63,1128,1191
16027,Canyon County,,ID,15549,219076,234625
16029,Caribou County,,ID,392,7785,8177
16031,Cassia County,,ID,2127,26651,28778
16033,Clark County,,ID,-2,910,908
16035,Clearwater County,,ID,517,8338,8855
16037,Custer County,,ID,360,4397,4757
16039,Elmore County,,ID,3711,28254,31965
16041,Franklin County,,ID,712,15020,15732
16043,Fremont County,,ID,1188,14480,15668
16045,Gem County,,ID,1327,18151,19478
16047,Gooding County,,ID,1429,16843,18272
16049,Idaho County,,ID,907,16031,16938
16051,Jefferson County,,ID,2386,30499,32885
16053,Jerome County,,ID,2336,25861,28197
16055,Kootenai County,,ID,10113,172811,182924
16057,Latah County,,ID,3945,36507,40452
16059,Lemhi County,,ID,481,8383,8864
16061,Lewis County,,ID,394,4288,4682
16063,Lincoln County,,ID,560,5432,5992
16065,Madison County,,ID,6920,31664,38584
16067,Minidoka County,,ID,1752,23941,25693
16069,Nez Perce County,,ID,3162,43763,46925
16071,Oneida County,,ID,299,4772,5071
16073,Owyhee County,,ID,1092,11879,12971
16075,Payette County,,ID,2009,25073,27082
16077,Power County,,ID,565,9161,9726
16079,Shoshone County,,ID,737,12450,13187
16081,Teton County,,ID,871,11788,12659
16083,Twin Falls County,,ID,6400,92203,98603
16085,Valley County,,ID,911,11502,12413
16087,Washington County,,ID,709,10644,11353
17001,Adams County,,IL,3059,80646,83705
17003,Alexander County,,IL,564,6414,6978
17005,Bond County,,IL,1020,17338,18358
17007,Boone County,,IL,4333,66504,70837
17009,Brown County,,IL,256,5806,6062
17011,Bureau County,,IL,2121,41225,43346
17013,Calhoun County,,IL,147,5586,5733
17015,Carroll County,,IL,851,18643,19494
17017,Cass County,,IL,1123,16151,17274
17019,Champaign County,,IL,14774,203767,218541
17021,Christian County,,IL,1819,38596,40415
17023,Clark County,,IL,828,19075,19903
17025,Clay County,,IL,770,15897,16667
17027,Clinton County,,IL,2205,44232,46437
17029,Coles County,,IL,3409,50683,54092
17031,Cook County,,IL,277265,6252897,6530162
17033,Crawford County,,IL,842,22216,23058
17035,Cumberland County,,IL,637,12571,13208
17037,DeKalb County,,IL,9083,111775,120858
17039,De Witt County,,IL,1058,19138,20196
17041,Douglas County,,IL,1498,25423,26921
17043,DuPage County,,IL,82709,1176898,1259607
17045,Edgar County,,IL,906,20125,21031
17047,Edwards County,,IL,330,7595,7925
17049,Effingham County,,IL,2066,44095,46161
17051,Fayette County,,IL,1103,23297,24400
17053,Ford County,,IL,1120,16120,17240
17055,Franklin County,,IL,2176,41924,44100
17057,Fulton County,,IL,1715,39523,41238
17059,Gallatin County,,IL,244,5826,6070
17061,Greene County,,IL,770,14686,15456
17063,Grundy County,,IL,4467,62221,66688
17065,Hamilton County,,IL,575,9142,9717
17067,Hancock County,,IL,1156,21938,23094
17069,Hardin County,,IL,127,4046,4173
17071,Henderson County,,IL,432,8141,8573
17073,Henry County,,IL,3082,61100,64182
17075,Iroquois County,,IL,1931,34546,36477
17077,Jackson County,,IL,5392,52833,58225
17079,Jasper County,,IL,433,12065,12498
17081,Jefferson County,,IL,2035,42073,44108
17083,Jersey County,,IL,1519,25412,26931
17085,Jo Daviess County,,IL,1707,28599,30306
17087,Johnson County,,IL,618,12570,13188
17089,Kane County,,IL,40471,642383,682854
17091,Kankakee County,,IL,6048,128289,134337
17093,Kendall County,,IL,12224,147953,160177
17095,Knox County,,IL,2616,57073,59689
17097,Lake County,,IL,49019,882272,931291
17099,LaSalle County,,IL,6844,133659,140503
17101,Lawrence County,,IL,790,16029,16819
17103,Lee County,,IL,2305,39669,41974
17105,Livingston County,,IL,2110,42366,44476
17107,Logan County,,IL,1634,31143,32777
17109,McDonough County,,IL,2188,29310,31498
17111,McHenry County,,IL,21848,390361,412209
17113,McLean County,,IL,12165,193704,205869
17115,Macon County,,IL,5843,121816,127659
17117,Macoupin County,,IL,2802,52584,55386
17119,Madison County,,IL,14809,308989,323798
17121,Marion County,,IL,2271,44422,46693
17123,Marshall County,,IL,826,14704,15530
17125,Mason County,,IL,755,15828,16583
17127,Massac County,,IL,745,16431,17176
17129,Menard County,,IL,903,15264,16167
17131,Mercer County,,IL,1029,19773,20802
17133,Monroe County,,IL,1980,43093,45073
17135,Montgomery County,,IL,1502,31943,33445
17137,Morgan County,,IL,2181,38228,40409
17139,Moultrie County,,IL,1052,16974,18026
17141,Ogle County,,IL,3677,63839,67516
17143,Peoria County,,IL,14349,218959,233308
17145,Perry County,,IL,1010,22200,23210
17147,Piatt County,,IL,1227,20125,21352
17149,Pike County,,IL,713,17950,18663
17151,Pope County,,IL,181,4026,4207
17153,Pulaski County,,IL,392,5937,6329
17155,Putnam County,,IL,334,7141,7475
17157,Randolph County,,IL,1627,34610,36237
17159,Richland County,,IL,911,18861,19772
17161,Rock Island County,,IL,9676,174109,183785
17163,St. Clair County,,IL,18750,296526,315276
17165,Saline County,,IL,1289,26514,27803
17167,Sangamon County,,IL,11365,243126,254491
17169,Schuyler County,,IL,450,7894,8344
17171,Scott County,,IL,283,6172,6455
17173,Shelby County,,IL,1449,25687,27136
17175,Stark County,,IL,286,6760,7046
17177,Stephenson County,,IL,2371,55603,57974
17179,Tazewell County,,IL,8785,161784,170569
17181,Union County,,IL,872,19653,20525
17183,Vermilion County,,IL,3912,85887,89799
17185,Wabash County,,IL,645,13596,14241
17187,Warren County,,IL,1215,20147,21362
17189,Washington County,,IL,1101,17618,18719
17191,Wayne County,,IL,844,19373,20217
17193,White County,,IL,738,16480,17218
17195,Whiteside County,,IL,3078,70311,73389
17197,Will County,,IL,48579,845124,893703
17199,Williamson County,,IL,4480,74609,79089
17201,Winnebago County,,IL,15439,341180,356619
17203,Woodford County,,IL,2769,47326,50095
18001,Adams County,,IN,1531,43085,44616
18003,Allen County,,IN,19007,441942,460949
18005,Bartholomew County,,IN,6610,99245,105855
18007,Benton County,,IN,741,10134,10875
18009,Blackford County,,IN,907,14189,15096
18011,Boone County,,IN,5638,76255,81893
18013,Brown County,,IN,1429,17882,19311
18015,Carroll County,,IN,1550,23744,25294
18017,Cass County,,IN,2364,45499,47863
18019,Clark County,,IN,9508,134896,144404
18021,Clay County,,IN,1781,30130,31911
18023,Clinton County,,IN,2142,39695,41837
18025,Crawford County,,IN,659,11553,12212
18027,Daviess County,,IN,1606,39124,40730
18029,Dearborn County,,IN,3425,60763,64188
18031,Decatur County,,IN,1848,32114,33962
18033,DeKalb County,,IN,3136,50699,53835
18035,Delaware County,,IN,7057,115993,123050
18037,Dubois County,,IN,2110,55564,57674
18039,Elkhart County,,IN,11800,247830,259630
18041,Fayette County,,IN,1342,25192,26534
18043,Floyd County,,IN,7339,89497,96836
18045,Fountain County,,IN,1302,19586,20888
18047,Franklin County,,IN,1594,27662,29256
18049,Fulton County,,IN,1463,24222,25685
18051,Gibson County,,IN,2111,40122,42233
18053,Grant County,,IN,3764,73032,76796
18055,Greene County,,IN,2046,35877,37923
18057,Hamilton County,,IN,25327,376000,401327
18059,Hancock County,,IN,6186,86994,93180
18061,Harrison County,,IN,2438,45977,48415
18063,Hendricks County,,IN,13387,187507,200894
18065,Henry County,,IN,2937,53577,56514
18067,Howard County,,IN,4939,98362,103301
18069,Huntington County,,IN,2380,43803,46183
18071,Jackson County,,IN,3021,55250,58271
18073,Jasper County,,IN,2361,39422,41783
18075,Jay County,,IN,1145,25099,26244
18077,Jefferson County,,IN,1962,36414,38376
18079,Jennings County,,IN,1984,31828,33812
18081,Johnson County,,IN,14452,175096,189548
18083,Knox County,,IN,2244,40598,42842
18085,Kosciusko County,,IN,5519,97137,102656
18087,LaGrange County,,IN,2417,47092,49509
18089,Lake County,,IN,29200,562064,591264
18091,LaPorte County,,IN,6203,126363,132566
18093,Lawrence County,,IN,2260,52715,54975
18095,Madison County,,IN,7655,144536,152191
18097,Marion County,,IN,75544,1078607,1154151
18099,Marshall County,,IN,3066,56761,59827
18101,Martin County,,IN,581,11742,12323
18103,Miami County,,IN,2440,38490,40930
18105,Monroe County,,IN,11244,126889,138133
18107,Montgomery County,,IN,2414,45690,48104
18109,Morgan County,,IN,5798,82208,88006
18111,Newton County,,IN,1140,16315,17455
18113,Noble County,,IN,3512,56701,60213
18115,Ohio County,,IN,429,6759,7188
18117,Orange County,,IN,1055,21644,22699
18119,Owen County,,IN,1729,23254,24983
18121,Parke County,,IN,942,17744,18686
18123,Perry County,,IN,876,21558,22434
18125,Pike County,,IN,756,14244,15000
18127,Porter County,,IN,11630,199973,211603
18129,Posey County,,IN,1596,30977,32573
18131,Pulaski County,,IN,984,14726,15710
18133,Putnam County,,IN,2546,38517,41063
18135,Randolph County,,IN,1667,29847,31514
18137,Ripley County,,IN,2121,33205,35326
18139,Rush County,,IN,1387,19494,20881
18141,St. Joseph County,,IN,16133,306345,322478
18143,Scott County,,IN,1366,25743,27109
18145,Shelby County,,IN,3506,52763,56269
18147,Spencer County,,IN,1233,24491,25724
18149,Starke County,,IN,1549,25732,27281
18151,Steuben County,,IN,2602,38955,41557
18153,Sullivan County,,IN,1207,22019,23226
18155,Switzerland County,,IN,615,10317,10932
18157,Tippecanoe County,,IN,13616,177924,191540
18159,Tipton County,,IN,1162,18491,19653
18161,Union County,,IN,565,8175,8740
18163,Vanderburgh County,,IN,11710,203385,215095
18165,Vermillion County,,IN,1019,18187,19206
18167,Vigo County,,IN,6563,111389,117952
18169,Wabash County,,IN,1869,37379,39248
18171,Warren County,,IN,695,9885,10580
18173,Warrick County,,IN,4721,74142,78863
18175,Washington County,,IN,1661,30974,32635
18177,Wayne County,,IN,3482,75213,78695
18179,Wells County,,IN,1826,33625,35451
18181,White County,,IN,2162,29412,31574
18183,Whitley County,,IN,2537,41236,43773
19001,Adair County,,IA,569,8551,9120
19003,Adams County,,IA,236,4613,4849
19005,Allamakee County,,IA,830,17268,18098
19007,Appanoose County,,IA,544,13884,14428
19009,Audubon County,,IA,270,6992,7262
19011,Benton County,,IA,1775,31002,32777
19013,Black Hawk County,,IA,9251,146518,155769
19015,Boone County,,IA,2126,31144,33270
19017,Bremer County,,IA,1660,28730,30390
19019,Buchanan County,,IA,1324,24707,26031
19021,Buena Vista County,,IA,1735,24820,26555
19023,Butler County,,IA,859,18075,18934
19025,Calhoun County,,IA,614,11471,12085
19027,Carroll County,,IA,1067,26263,27330
19029,Cass County,,IA,844,16061,16905
19031,Cedar County,,IA,1254,22138,23392
19033,Cerro Gordo County,,IA,2635,50371,53006
19035,Cherokee County,,IA,590,14382,14972
19037,Chickasaw County,,IA,759,14909,15668
19039,Clarke County,,IA,675,10984,11659
19041,Clay County,,IA,1245,20233,21478
19043,Clayton County,,IA,1007,21402,22409
19045,Clinton County,,IA,2769,56622,59391
19047,Crawford County,,IA,1202,20989,22191
19049,Dallas County,,IA,8922,94808,103730
19051,Davis County,,IA,389,10064,10453
19053,Decatur County,,IA,491,7920,8411
19055,Delaware County,,IA,1047,21686,22733
19057,Des Moines County,,IA,2733,47239,49972
19059,Dickinson County,,IA,1406,21327,22733
19061,Dubuque County,,IA,5265,118451,123716
19063,Emmet County,,IA,718,11236,11954
19065,Fayette County,,IA,1335,22602,23937
19067,Floyd County,,IA,1087,18723,19810
19069,Franklin County,,IA,617,12169,12786
19071,Fremont County,,IA,488,7977,8465
19073,Greene County,,IA,373,10667,11040
19075,Grundy County,,IA,832,15045,15877
19077,Guthrie County,,IA,810,12654,13464
19079,Hamilton County,,IA,1117,17956,19073
19081,Hancock County,,IA,739,13429,14168
19083,Hardin County,,IA,1162,19739,20901
19085,Harrison County,,IA,879,16876,17755
19087,Henry County,,IA,1361,22336,23697
19089,Howard County,,IA,592,11714,12306
19091,Humboldt County,,IA,546,11613,12159
19093,Ida County,,IA,441,8521,8962
19095,Iowa County,,IA,1174,20405,21579
19097,Jackson County,,IA,1173,23885,25058
19099,Jasper County,,IA,2578,41836,44414
19101,Jefferson County,,IA,1252,17450,18702
19103,Johnson County,,IA,14365,148168,162533
19105,Jones County,,IA,1279,23041,24320
19107,Keokuk County,,IA,554,11779,12333
19109,Kossuth County,,IA,865,18968,19833
19111,Lee County,,IA,2007,39469,41476
19113,Linn County,,IA,12761,263234,275995
19115,Louisa County,,IA,852,13237,14089
19117,Lucas County,,IA,510,9924,10434
19119,Lyon County,,IA,554,14669,15223
19121,Madison County,,IA,1169,18422,19591
19123,Mahaska County,,IA,1493,24933,26426
19125,Marion County,,IA,2078,38803,40881
19127,Marshall County,,IA,2664,47154,49818
19129,Mills County,,IA,1013,17025,18038
19131,Mitchell County,,IA,533,12690,13223
19133,Monona County,,IA,510,10172,10682
19135,Monroe County,,IA,448,8646,9094
19137,Montgomery County,,IA,557,11878,12435
19139,Muscatine County,,IA,3058,52183,55241
19141,O'Brien County,,IA,839,17203,18042
19143,Osceola County,,IA,449,7904,8353
19145,Page County,,IA,1000,16297,17297
19147,Palo Alto County,,IA,620,10585,11205
19149,Plymouth County,,IA,1578,31460,33038
19151,Pocahontas County,,IA,446,8552,8998
19153,Polk County,,IA,33297,553916,587213
19155,Pottawattamie County,,IA,6178,105310,111488
19157,Poweshiek County,,IA,1386,20132,21518
19159,Ringgold County,,IA,188,5397,5585
19161,Sac County,,IA,573,12242,12815
19163,Scott County,,IA,11960,202347,214307
19165,Shelby County,,IA,817,14527,15344
19167,Sioux County,,IA,1648,41505,43153
19169,Story County,,IA,8054,84740,92794
19171,Tama County,,IA,1227,20811,22038
19173,Taylor County,,IA,342,7129,7471
19175,Union County,,IA,846,13858,14704
19177,Van Buren County,,IA,366,8231,8597
19179,Wapello County,,IA,2659,38980,41639
19181,Warren County,,IA,3698,57043,60741
19183,Washington County,,IA,1647,27020,28667
19185,Wayne County,,IA,340,7273,7613
19187,Webster County,,IA,2339,40564,42903
19189,Winnebago County,,IA,741,12624,13365
19191,Winneshiek County,,IA,1071,23928,24999
19193,Woodbury County,,IA,6479,117654,124133
19195,Worth County,,IA,506,8951,9457
19197,Wright County,,IA,855,15191,16046
20001,Allen County,,KS,926,14538,15464
20003,Anderson County,,KS,565,8998,9563
20005,Atchison County,,KS,1086,17249,18335
20007,Barber County,,KS,354,5645,5999
20009,Barton County,,KS,1655,31776,33431
20011,Bourbon County,,KS,934,15923,16857
20013,Brown County,,KS,647,11169,11816
20015,Butler County,,KS,5276,73368,78644
20017,Chase County,,KS,169,2995,3164
20019,Chautauqua County,,KS,250,3592,3842
20021,Cherokee County,,KS,1424,21571,22995
20023,Cheyenne County,,KS,146,3144,3290
20025,Clark County,,KS,123,2314,2437
20027,Clay County,,KS,715,10070,10785
20029,Cloud County,,KS,761,10350,11111
20031,Coffey County,,KS,590,10249,10839
20033,Comanche County,,KS,-2,2129,2127
20035,Cowley County,,KS,2140,39534,41674
20037,Crawford County,,KS,2663,39650,42313
20039,Decatur County,,KS,130,3444,3574
20041,Dickinson County,,KS,1954,22292,24246
20043,Doniphan County,,KS,461,8552,9013
20045,Douglas County,,KS,10145,113966,124111
20047,Edwards County,,KS,181,3691,3872
20049,Elk County,,KS,170,2833,3003
20051,Ellis County,,KS,2282,32280,34562
20053,Ellsworth County,,KS,332,6724,7056
20055,Finney County,,KS,3359,47045,50404
20057,Ford County,,KS,3004,43381,46385
20059,Franklin County,,KS,1885,29088,30973
20061,Geary County,,KS,15403,40380,55783
20063,Gove County,,KS,129,3355,3484
20065,Graham County,,KS,88,3179,3267
20067,Grant County,,KS,620,9263,9883
20069,Gray County,,KS,477,7225,7702
20071,Greeley County,,KS,70,1641,1711
20073,Greenwood County,,KS,390,6951,7341
20075,Hamilton County,,KS,172,2864,3036
20077,Harper County,,KS,313,6849,7162
20079,Harvey County,,KS,2579,40393,42972
20081,Haskell County,,KS,328,4777,5105
20083,Hodgeman County,,KS,91,2256,2347
20085,Jackson County,,KS,995,15652,16647
20087,Jefferson County,,KS,1491,21442,22933
20089,Jewell County,,KS,147,3605,3752
20091,Johnson County,,KS,45183,707863,753046
20093,Kearny County,,KS,321,4882,5203
20095,Kingman County,,KS,592,8791,9383
20097,Kiowa County,,KS,153,2804,2957
20099,Labette County,,KS,1469,23762,25231
20101,Lane County,,KS,98,2118,2216
20103,Leavenworth County,,KS,10211,79619,89830
20105,Lincoln County,,KS,181,3706,3887
20107,Linn County,,KS,659,10596,11255
20109,Logan County,,KS,148,3412,3560
20111,Lyon County,,KS,2223,35781,38004
20113,McPherson County,,KS,2194,34870,37064
20115,Marion County,,KS,749,13626,14375
20117,Marshall County,,KS,491,12867,13358
20119,Meade County,,KS,335,5102,5437
20121,Miami County,,KS,2616,37642,40258
20123,Mitchell County,,KS,368,7677,8045
20125,Montgomery County,,KS,2546,35035,37581
20127,Morris County,,KS,315,6585,6900
20129,Morton County,,KS,259,3587,3846
20131,Nemaha County,,KS,495,13073,13568
20133,Neosho County,,KS,1310,17867,19177
20135,Ness County,,KS,152,3721,3873
20137,Norton County,,KS,310,5878,6188
20139,Osage County,,KS,1164,18418,19582
20141,Osborne County,,KS,166,4585,4751
20143,Ottawa County,,KS,443,7036,7479
20145,Pawnee County,,KS,448,6958,7406
20147,Phillips County,,KS,259,6713,6972
20149,Pottawatomie County,,KS,2156,27456,29612
20151,Pratt County,,KS,869,11102,11971
20153,Rawlins County,,KS,78,3078,3156
20155,Reno County,,KS,3611,71351,74962
20157,Republic County,,KS,264,5861,6125
20159,Rice County,,KS,851,10914,11765
20161,Riley County,,KS,13688,56125,69813
20163,Rooks County,,KS,258,6072,6330
20165,Rush County,,KS,209,3659,3868
20167,Russell County,,KS,482,7942,8424
20169,Saline County,,KS,4272,65370,69642
20171,Scott County,,KS,253,6295,6548
20173,Sedgwick County,,KS,30352,592502,622854
20175,Seward County,,KS,2791,29073,31864
20177,Shawnee County,,KS,10741,207521,218262
20179,Sheridan County,,KS,102,3228,3330
20181,Sherman County,,KS,466,6672,7138
20183,Smith County,,KS,164,4692,4856
20185,Stafford County,,KS,236,4869,5105
20187,Stanton County,,KS,80,2724,2804
20189,Stevens County,,KS,488,6550,7038
20191,Sumner County,,KS,1830,26407,28237
20193,Thomas County,,KS,721,9169,9890
20195,Trego County,,KS,189,3683,3872
20197,Wabaunsee County,,KS,460,8089,8549
20199,Wallace County,,KS,66,1837,1903
20201,Washington County,,KS,338,7236,7574
20203,Wichita County,,KS,105,2851,2956
20205,Wilson County,,KS,520,9957,10477
20207,Woodson County,,KS,169,3515,3684
20209,Wyandotte County,,KS,14437,171464,185901
21001,Adair County,,KY,1049,17608,18657
21003,Allen County,,KY,1177,19952,21129
21005,Anderson County,,KY,1422,26281,27703
21007,Ballard County,,KY,643,8718,9361
21009,Barren County,,KY,2514,47040,49554
21011,Bath County,,KY,824,11786,12610
21013,Bell County,,KY,1256,22838,24094
21015,Boone County,,KY,13492,147122,160614
21017,Bourbon County,,KY,1659,22073,23732
21019,Boyd County,,KY,3156,48877,52033
21021,Boyle County,,KY,2255,29326,31581
21023,Bracken County,,KY,504,9234,9738
21025,Breathitt County,,KY,405,12059,12464
21027,Breckinridge County,,KY,1220,20443,21663
21029,Bullitt County,,KY,6118,90152,96270
21031,Butler County,,KY,712,13555,14267
21033,Caldwell County,,KY,735,13702,14437
21035,Calloway County,,KY,2502,35399,37901
21037,Campbell County,,KY,8103,101042,109145
21039,Carlisle County,,KY,245,5660,5905
21041,Carroll County,,KY,1011,11663,12674
21043,Carter County,,KY,1348,27573,28921
21045,Casey County,,KY,754,15205,15959
21047,Christian County,,KY,13637,70281,83918
21049,Clark County,,KY,2504,39146,41650
21051,Clay County,,KY,791,17360,18151
21053,Clinton County,,KY,411,9748,10159
21055,Crittenden County,,KY,496,9397,9893
21057,Cumberland County,,KY,292,6585,6877
21059,Daviess County,,KY,4725,114764,119489
21061,Edmonson County,,KY,779,12143,12922
21063,Elliott County,,KY,237,5807,6044
21065,Estill County,,KY,608,14000,14608
21067,Fayette County,,KY,25203,331430,356633
21069,Fleming County,,KY,979,15944,16923
21071,Floyd County,,KY,1846,34442,36288
21073,Franklin County,,KY,3891,57712,61603
21075,Fulton County,,KY,576,5632,6208
21077,Gallatin County,,KY,856,8700,9556
21079,Garrard County,,KY,1368,16955,18323
21081,Grant County,,KY,2294,25886,28180
21083,Graves County,,KY,2110,39967,42077
21085,Grayson County,,KY,1251,26868,28119
21087,Green County,,KY,567,11386,11953
21089,Greenup County,,KY,2162,38849,41011
21091,Hancock County,,KY,597,10008,10605
21093,Hardin County,,KY,11407,115077,126484
21095,Harlan County,,KY,1063,24768,25831
21097,Harrison County,,KY,1154,19578,20732
21099,Hart County,,KY,998,19480,20478
21101,Henderson County,,KY,2447,50639,53086
21103,Henry County,,KY,1191,16758,17949
21105,Hickman County,,KY,293,4764,5057
21107,Hopkins County,,KY,2302,49470,51772
21109,Jackson County,,KY,460,12022,12482
21111,Jefferson County,,KY,48887,875626,924513
21113,Jessamine County,,KY,4652,53670,58322
21115,Johnson County,,KY,1159,21674,22833
21117,Kenton County,,KY,15869,184324,200193
21119,Knott County,,KY,745,13118,13863
21121,Knox County,,KY,2042,29322,31364
21123,Larue County,,KY,1148,15328,16476
21125,Laurel County,,KY,3551,60228,63779
21127,Lawrence County,,KY,847,15181,16028
21129,Lee County,,KY,232,5641,5873
21131,Leslie County,,KY,335,9706,10041
21133,Letcher County,,KY,868,20643,21511
21135,Lewis County,,KY,619,13061,13680
21137,Lincoln County,,KY,1651,24447,26098
21139,Livingston County,,KY,836,9726,10562
21141,Logan County,,KY,1716,29111,30827
21143,Lyon County,,KY,539,7674,8213
21145,McCracken County,,KY,4412,73411,77823
21147,McCreary County,,KY,625,13333,13958
21149,McLean County,,KY,578,10236,10814
21151,Madison County,,KY,6161,85821,91982
21153,Magoffin County,,KY,353,11118,11471
21155,Marion County,,KY,1074,21017,22091
21157,Marshall County,,KY,1908,34711,36619
21159,Martin County,,KY,494,8915,9409
21161,Mason County,,KY,1046,18417,19463
21163,Meade County,,KY,3155,30614,33769
21165,Menifee County,,KY,329,5805,6134
21167,Mercer County,,KY,1503,24040,25543
21169,Metcalfe County,,KY,537,10279,10816
21171,Monroe County,,KY,503,11283,11786
21173,Montgomery County,,KY,1994,28646,30640
21175,Morgan County,,KY,386,11400,11786
21177,Muhlenberg County,,KY,1317,32078,33395
21179,Nelson County,,KY,2476,53807,56283
21181,Nicholas County,,KY,362,7636,7998
21183,Ohio County,,KY,1335,25948,27283
21185,Oldham County,,KY,5115,70881,75996
21187,Owen County,,KY,822,10867,11689
21189,Owsley County,,KY,187,3353,3540
21191,Pendleton County,,KY,1066,15390,16456
21193,Perry County,,KY,1314,26717,28031
21195,Pike County,,KY,2823,54112,56935
21197,Powell County,,KY,686,12503,13189
21199,Pulaski County,,KY,2915,65708,68623
21201,Robertson County,,KY,116,2067,2183
21203,Rockcastle County,,KY,804,15737,16541
21205,Rowan County,,KY,1909,20664,22573
21207,Russell County,,KY,883,18167,19050
21209,Scott County,,KY,4431,58025,62456
21211,Shelby County,,KY,3737,51019,54756
21213,Simpson County,,KY,1486,19455,20941
21215,Spencer County,,KY,1380,20576,21956
21217,Taylor County,,KY,1594,25612,27206
21219,Todd County,,KY,762,12994,13756
21221,Trigg County,,KY,995,14842,15837
21223,Trimble County,,KY,853,9098,9951
21225,Union County,,KY,824,15126,15950
21227,Warren County,,KY,8324,127662,135986
21229,Washington County,,KY,676,13288,13964
21231,Wayne County,,KY,749,19855,20604
21233,Webster County,,KY,918,14107,15025
21235,Whitley County,,KY,2179,33967,36146
21237,Wolfe County,,KY,303,6151,6454
21239,Woodford County,,KY,2127,30297,32424
22001,Acadia Parish,,LA,3790,65122,68912
22003,Allen Parish,,LA,1337,22498,23835
22005,Ascension Parish,,LA,8063,130432,138495
22007,Assumption Parish,,LA,1315,24709,26024
22009,Avoyelles Parish,,LA,1531,42081,43612
22011,Beauregard Parish,,LA,2787,35972,38759
22013,Bienville Parish,,LA,1056,14365,15421
22015,Bossier Parish,,LA,14300,131142,145442
22017,Caddo Parish,,LA,17756,271369,289125
22019,Calcasieu Parish,,LA,9856,217590,227446
22021,Caldwell Parish,,LA,469,9929,10398
22023,Cameron Parish,,LA,508,7340,7848
22025,Catahoula Parish,,LA,534,9620,10154
22027,Claiborne Parish,,LA,718,13847,14565
22029,Concordia Parish,,LA,1085,19100,20185
22031,De Soto Parish,,LA,1819,29657,31476
22033,East Baton Rouge Parish,,LA,29598,461260,490858
22035,East Carroll Parish,,LA,403,6749,7152
22037,East Feliciana Parish,,LA,1347,19843,21190
22039,Evangeline Parish,,LA,1569,34270,35839
22041,Franklin Parish,,LA,921,20687,21608
22043,Grant Parish,,LA,1861,20150,22011
22045,Iberia Parish,,LA,5202,81644,86846
22047,Iberville Parish,,LA,2218,32816,35034
22049,Jackson Parish,,LA,953,15502,16455
22051,Jefferson Parish,,LA,30953,476188,507141
22053,Jefferson Davis Parish,,LA,1941,33853,35794
22055,Lafayette Parish,,LA,17448,256005,273453
22057,Lafourche Parish,,LA,5856,107301,113157
22059,La Salle Parish,,LA,659,14308,14967
22061,Lincoln Parish,,LA,3586,42776,46362
22063,Livingston Parish,,LA,8714,141638,150352
22065,Madison Parish,,LA,508,10506,11014
22067,Morehouse Parish,,LA,1489,27857,29346
22069,Natchitoches Parish,,LA,2426,38263,40689
22071,Orleans Parish,,LA,34586,348549,383135
22073,Ouachita Parish,,LA,9103,166008,175111
22075,Plaquemines Parish,,LA,2834,24783,27617
22077,Pointe Coupee Parish,,LA,1201,24376,25577
22079,Rapides Parish,,LA,7063,144784,151847
22081,Red River Parish,,LA,527,8676,9203
22083,Richland Parish,,LA,1296,21072,22368
22085,Sabine Parish,,LA,1110,23658,24768
22087,St. Bernard Parish,,LA,3203,40593,43796
22089,St. Charles Parish,,LA,3620,59661,63281
22091,St. Helena Parish,,LA,1047,13198,14245
22093,St. James Parish,,LA,1231,25041,26272
22095,St. John the Baptist Parish,,LA,3343,47358,50701
22097,St. Landry Parish,,LA,5087,92782,97869
22099,St. Martin Parish,,LA,3885,59062,62947
22101,St. Mary Parish,,LA,3691,59362,63053
22103,St. Tammany Parish,,LA,15399,271202,286601
22105,Tangipahoa Parish,,LA,7261,125458,132719
22107,Tensas Parish,,LA,285,4636,4921
22109,Terrebonne Parish,,LA,7992,123994,131986
22111,Union Parish,,LA,1395,22445,23840
22113,Vermilion Parish,,LA,3635,64525,68160
22115,Vernon Parish,,LA,10420,49040,59460
22117,Washington Parish,,LA,2066,42415,44481
22119,Webster Parish,,LA,2580,40876,43456
22121,West Baton Rouge Parish,,LA,1999,28293,30292
22123,West Carroll Parish,,LA,647,11240,11887
22125,West Feliciana Parish,,LA,724,11177,11901
22127,Winn Parish,,LA,697,13072,13769
23001,Androscoggin County,,ME,6597,116540,123137
23003,Aroostook County,,ME,2579,75481,78060
23005,Cumberland County,,ME,20378,346419,366797
23007,Franklin County,,ME,1775,30771,32546
23009,Hancock County,,ME,3134,62805,65939
23011,Kennebec County,,ME,7320,137779,145099
23013,Knox County,,ME,2313,46364,48677
23015,Lincoln County,,ME,2271,40316,42587
23017,Oxford County,,ME,3251,60574,63825
23019,Penobscot County,,ME,8051,161571,169622
23021,Piscataquis County,,ME,925,17442,18367
23023,Sagadahoc County,,ME,3209,41950,45159
23025,Somerset County,,ME,3171,53138,56309
23027,Waldo County,,ME,2455,42774,45229
23029,Washington County,,ME,1416,33450,34866
23031,York County,,ME,13049,241237,254286
24001,Allegany County,,MD,2683,71506,74189
24003,Anne Arundel County,,MD,52087,663017,715104
24005,Baltimore County,,MD,66757,962682,1029439
24009,Calvert County,,MD,6760,108171,114931
24011,Caroline County,,MD,2462,36763,39225
24013,Carroll County,,MD,10898,207980,218878
24015,Cecil County,,MD,6913,113854,120767
24017,Charles County,,MD,13675,182502,196177
24019,Dorchester County,,MD,2181,36017,38198
24021,Frederick County,,MD,18777,297039,315816
24023,Garrett County,,MD,1153,33717,34870
24025,Harford County,,MD,17225,304075,321300
24027,Howard County,,MD,30781,371955,402736
24029,Kent County,,MD,1231,21666,22897
24031,Montgomery County,,MD,86029,1248145,1334174
24033,Prince George's County,,MD,80572,1055956,1136528
24035,Queen Anne's County,,MD,3791,57533,61324
24037,St. Mary's County,,MD,9029,128361,137390
24039,Somerset County,,MD,1368,21068,22436
24041,Talbot County,,MD,2912,44598,47510
24043,Washington County,,MD,9553,167545,177098
24045,Wicomico County,,MD,7003,106961,113964
24047,Worcester County,,MD,4094,61556,65650
24510,Baltimore city,,MD,61755,574237,635992
25001,Barnstable County,,MA,13333,277393,290726
25003,Berkshire County,,MA,5236,150736,155972
25005,Bristol County,,MA,25035,643888,668923
25007,Dukes County,,MA,1119,23173,24292
25009,Essex County,,MA,42774,929068,971842
25011,Franklin County,,MA,4674,82449,87123
25013,Hampden County,,MA,20240,526719,546959
25015,Hampshire County,,MA,11168,164683,175851
25017,Middlesex County,,MA,120145,1855517,1975662
25019,Nantucket County,,MA,924,15414,16338
25021,Norfolk County,,MA,59536,828821,888357
25023,Plymouth County,,MA,27580,616104,643684
25025,Suffolk County,,MA,86184,772664,858848
25027,Worcester County,,MA,39316,959025,998341
26001,Alcona County,,MI,607,11355,11962
26003,Alger County,,MI,514,9661,10175
26005,Allegan County,,MI,9346,136543,145889
26007,Alpena County,,MI,1365,33831,35196
26009,Antrim County,,MI,1899,26578,28477
26011,Arenac County,,MI,1026,17171,18197
26013,Baraga County,,MI,270,8621,8891
26015,Barry County,,MI,4345,69170,73515
26017,Bay County,,MI,5651,128079,133730
26019,Benzie County,,MI,1488,20769,22257
26021,Berrien County,,MI,9649,178329,187978
26023,Branch County,,MI,2827,47712,50539
26025,Calhoun County,,MI,7971,148571,156542
26027,Cass County,,MI,3929,56447,60376
26029,Charlevoix County,,MI,1879,31796,33675
26031,Cheboygan County,,MI,1652,29128,30780
26033,Chippewa County,,MI,1853,38177,40030
26035,Clare County,,MI,2262,31201,33463
26037,Clinton County,,MI,6217,89529,95746
26039,Crawford County,,MI,950,14105,15055
26041,Delta County,,MI,1673,43413,45086
26043,Dickinson County,,MI,1433,31568,33001
26045,Eaton County,,MI,10568,125967,136535
26047,Emmet County,,MI,2611,40579,43190
26049,Genesee County,,MI,20471,463155,483626
26051,Gladwin County,,MI,1706,27400,29106
26053,Gogebic County,,MI,795,15809,16604
26055,Grand Traverse County,,MI,6738,111009,117747
26057,Gratiot County,,MI,2537,42509,45046
26059,Hillsdale County,,MI,2775,49860,52635
26061,Houghton County,,MI,1910,35795,37705
26063,Huron County,,MI,1700,40429,42129
26065,Ingham County,,MI,23152,282793,305945
26067,Ionia County,,MI,4085,68634,72719
26069,Iosco County,,MI,1797,28094,29891
26071,Iron County,,MI,565,13186,13751
26073,Isabella County,,MI,4907,61521,66428
26075,Jackson County,,MI,7813,173547,181360
26077,Kalamazoo County,,MI,17067,285410,302477
26079,Kalkaska County,,MI,1247,19057,20304
26081,Kent County,,MI,37890,752125,790015
26083,Keweenaw County,,MI,112,2482,2594
26085,Lake County,,MI,651,10525,11176
26087,Lapeer County,,MI,5766,104997,110763
26089,Leelanau County,,MI,1908,27181,29089
26091,Lenawee County,,MI,5121,112633,117754
26093,Livingston County,,MI,14481,229108,243589
26095,Luce County,,MI,263,6000,6263
26097,Mackinac County,,MI,906,13168,14074
26099,Macomb County,,MI,47917,1052464,1100381
26101,Manistee County,,MI,1537,26921,28458
26103,Marquette County,,MI,3635,73469,77104
26105,Mason County,,MI,1690,33899,35589
26107,Mecosta County,,MI,3305,40301,43606
26109,Menominee County,,MI,1471,26835,28306
26111,Midland County,,MI,5891,99449,105340
26113,Missaukee County,,MI,895,16743,17638
26115,Monroe County,,MI,8705,180371,189076
26117,Montcalm County,,MI,4733,67404,72137
26119,Montmorency County,,MI,620,10058,10678
26121,Muskegon County,,MI,8025,191313,199338
26123,Newaygo County,,MI,3279,52866,56145
26125,Oakland County,,MI,85206,1494848,1580054
26127,Oceana County,,MI,2017,30130,32147
26129,Ogemaw County,,MI,1271,22621,23892
26131,Ontonagon County,,MI,225,6554,6779
26133,Osceola County,,MI,1701,24830,26531
26135,Oscoda County,,MI,451,8640,9091
26137,Otsego County,,MI,1751,29010,30761
26139,Ottawa County,,MI,19035,330216,349251
26141,Presque Isle County,,MI,662,15303,15965
26143,Roscommon County,,MI,1714,25266,26980
26145,Saginaw County,,MI,10081,219014,229095
26147,St. Clair County,,MI,8046,189834,197880
26149,St. Joseph County,,MI,3747,70828,74575
26151,Sanilac County,,MI,2391,47747,50138
26153,Schoolcraft County,,MI,355,9235,9590
26155,Shiawassee County,,MI,4265,80974,85239
26157,Tuscola County,,MI,3346,63467,66813
26159,Van Buren County,,MI,5276,85825,91101
26161,Washtenaw County,,MI,31192,376465,407657
26163,Wayne County,,MI,88865,1905383,1994248
26165,Wexford County,,MI,2479,36677,39156
27001,Aitkin County,,MN,1051,17054,18105
27003,Anoka County,,MN,29387,419655,449042
27005,Becker County,,MN,2122,38887,41009
27007,Beltrami County,,MN,2849,48476,51325
27009,Benton County,,MN,4901,45097,49998
27011,Big Stone County,,MN,229,6101,6330
27013,Blue Earth County,,MN,6030,68634,74664
27015,Brown County,,MN,1444,32413,33857
27017,Carlton County,,MN,2128,39599,41727
27019,Carver County,,MN,8634,121549,130183
27021,Cass County,,MN,2332,33230,35562
27023,Chippewa County,,MN,1008,15018,16026
27025,Chisago County,,MN,4580,64251,68831
27027,Clay County,,MN,5532,67555,73087
27029,Clearwater County,,MN,453,9668,10121
27031,Cook County,,MN,332,6608,6940
27033,Cottonwood County,,MN,685,14265,14950
27035,Crow Wing County,,MN,4295,74194,78489
27037,Dakota County,,MN,36534,519154,555688
27039,Dodge County,,MN,1445,25192,26637
27041,Douglas County,,MN,2332,45824,48156
27043,Faribault County,,MN,927,17219,18146
27045,Fillmore County,,MN,1162,25162,26324
27047,Freeborn County,,MN,1848,37687,39535
27049,Goodhue County,,MN,3358,57266,60624
27051,Grant County,,MN,382,7287,7669
27053,Hennepin County,,MN,103687,1474666,1578353
27055,Houston County,,MN,1124,23790,24914
27057,Hubbard County,,MN,1601,22788,24389
27059,Isanti County,,MN,3250,44549,47799
27061,Itasca County,,MN,2180,51659,53839
27063,Jackson County,,MN,678,12870,13548
27065,Kanabec County,,MN,1151,17377,18528
27067,Kandiyohi County,,MN,3074,53379,56453
27069,Kittson County,,MN,168,5440,5608
27071,Koochiching County,,MN,727,14454,15181
27073,Lac qui Parle County,,MN,404,8583,8987
27075,Lake County,,MN,692,12501,13193
27077,Lake of the Woods County,,MN,301,4650,4951
27079,Le Sueur County,,MN,2345,34269,36614
27081,Lincoln County,,MN,350,6834,7184
27083,Lyon County,,MN,1990,30353,32343
27085,McLeod County,,MN,2729,45117,47846
27087,Mahnomen County,,MN,303,5693,5996
27089,Marshall County,,MN,524,11611,12135
27091,Martin County,,MN,1131,25527,26658
27093,Meeker County,,MN,1656,27790,29446
27095,Mille Lacs County,,MN,2223,28819,31042
27097,Morrison County,,MN,1944,39702,41646
27099,Mower County,,MN,2728,47096,49824
27101,Murray County,,MN,429,10586,11015
27103,Nicollet County,,MN,3419,37748,41167
27105,Nobles County,,MN,1497,27378,28875
27107,Norman County,,MN,369,7970,8339
27109,Olmsted County,,MN,10849,189806,200655
27111,Otter Tail County,,MN,3458,70163,73621
27113,Pennington County,,MN,1004,17002,18006
27115,Pine County,,MN,1861,30227,32088
27117,Pipestone County,,MN,611,11442,12053
27119,Polk County,,MN,2339,36330,38669
27121,Pope County,,MN,783,13692,14475
27123,Ramsey County,,MN,55466,610039,665505
27125,Red Lake County,,MN,204,4855,5059
27127,Redwood County,,MN,1073,18766,19839
27129,Renville County,,MN,1148,18665,19813
27131,Rice County,,MN,4301,72762,77063
27133,Rock County,,MN,570,11494,12064
27135,Roseau County,,MN,902,19728,20630
27137,St. Louis County,,MN,10417,222814,233231
27139,Scott County,,MN,13052,172278,185330
27141,Sherburne County,,MN,8733,106752,115485
27143,Sibley County,,MN,1066,18525,19591
27145,Stearns County,,MN,12356,176966,189322
27147,Steele County,,MN,2479,46173,48652
27149,Stevens County,,MN,844,11263,12107
27151,Swift County,,MN,679,11449,12128
27153,Todd County,,MN,1690,27579,29269
27155,Traverse County,,MN,221,4038,4259
27157,Wabasha County,,MN,1380,26976,28356
27159,Wadena County,,MN,1151,15319,16470
27161,Waseca County,,MN,1211,22315,23526
27163,Washington County,,MN,22496,309442,331938
27165,Watonwan County,,MN,722,13400,14122
27167,Wilkin County,,MN,433,7909,8342
27169,Winona County,,MN,2766,54138,56904
27171,Wright County,,MN,10229,159219,169448
27173,Yellow Medicine County,,MN,586,12052,12638
28001,Adams County,,MS,1689,30765,32454
28003,Alcorn County,,MS,1891,35867,37758
28005,Amite County,,MS,765,12361,13126
28007,Attala County,,MS,916,19631,20547
28009,Benton County,,MS,647,7978,8625
28011,Bolivar County,,MS,2263,34799,37062
28013,Calhoun County,,MS,716,15363,16079
28015,Carroll County,,MS,643,10675,11318
28017,Chickasaw County,,MS,1054,18985,20039
28019,Choctaw County,,MS,591,8754,9345
28021,Claiborne County,,MS,463,8891,9354
28023,Clarke County,,MS,1075,17290,18365
28025,Clay County,,MS,1008,21008,22016
28027,Coahoma County,,MS,1763,25666,27429
28029,Copiah County,,MS,1562,29917,31479
28031,Covington County,,MS,1253,20521,21774
28033,DeSoto County,,MS,14136,196563,210699
28035,Forrest County,,MS,8375,72823,81198
28037,Franklin County,,MS,459,8208,8667
28039,George County,,MS,1220,23850,25070
28041,Greene County,,MS,722,11742,12464
28043,Grenada County,,MS,1549,23749,25298
28045,Hancock County,,MS,3605,43085,46690
28047,Harrison County,,MS,23155,205309,228464
28049,Hinds County,,MS,17685,258431,276116
28051,Holmes County,,MS,1189,18983,20172
28053,Humphreys County,,MS,538,8900,9438
28055,Issaquena County,,MS,125,1051,1176
28057,Itawamba County,,MS,1624,23906,25530
28059,Jackson County,,MS,10784,149687,160471
28061,Jasper County,,MS,1293,17835,19128
28063,Jefferson County,,MS,558,8035,8593
28065,Jefferson Davis County,,MS,822,12119,12941
28067,Jones County,,MS,4096,73038,77134
28069,Kemper County,,MS,559,9316,9875
28071,Lafayette County,,MS,3961,45164,49125
28073,Lamar County,,MS,6765,59886,66651
28075,Lauderdale County,,MS,5254,80355,85609
28077,Lawrence County,,MS,773,12903,13676
28079,Leake County,,MS,1189,22559,23748
28081,Lee County,,MS,6342,93202,99544
28083,Leflore County,,MS,1929,31112,33041
28085,Lincoln County,,MS,1644,36781,38425
28087,Lowndes County,,MS,4567,62975,67542
28089,Madison County,,MS,9013,119927,128940
28091,Marion County,,MS,1429,25494,26923
28093,Marshall County,,MS,2893,36683,39576
28095,Monroe County,,MS,1794,37835,39629
28097,Montgomery County,,MS,557,10898,11455
28099,Neshoba County,,MS,1370,30593,31963
28101,Newton County,,MS,1349,23259,24608
28103,Noxubee County,,MS,517,12273,12790
28105,Oktibbeha County,,MS,4218,42086,46304
28107,Panola County,,MS,1929,36969,38898
28109,Pearl River County,,MS,3081,53928,57009
28111,Perry County,,MS,757,11808,12565
28113,Pike County,,MS,2331,41666,43997
28115,Pontotoc County,,MS,1899,34129,36028
28117,Prentiss County,,MS,1430,24959,26389
28119,Quitman County,,MS,515,7191,7706
28121,Rankin County,,MS,10815,163101,173916
28123,Scott County,,MS,1925,31997,33922
28125,Sharkey County,,MS,316,4806,5122
28127,Simpson County,,MS,1707,26651,28358
28129,Smith County,,MS,940,15797,16737
28131,Stone County,,MS,1228,17029,18257
28133,Sunflower County,,MS,1652,24882,26534
28135,Tallahatchie County,,MS,837,13120,13957
28137,Tate County,,MS,2195,29799,31994
28139,Tippah County,,MS,1021,23501,24522
28141,Tishomingo County,,MS,1053,19260,20313
28143,Tunica County,,MS,1297,11955,13252
28145,Union County,,MS,1927,30314,32241
28147,Walthall County,,MS,900,14241,15141
28149,Warren County,,MS,2899,53185,56084
28151,Washington County,,MS,3079,51498,54577
28153,Wayne County,,MS,1074,22031,23105
28155,Webster County,,MS,706,10462,11168
28157,Wilkinson County,,MS,503,8954,9457
28159,Winston County,,MS,858,19479,20337
28161,Yalobusha County,,MS,825,13135,13960
28163,Yazoo County,,MS,1152,24713,25865
29001,Adair County,,MO,2030,22647,24677
29003,Andrew County,,MO,1504,20681,22185
29005,Atchison County,,MO,224,6405,6629
29007,Audrain County,,MO,1549,26873,28422
29009,Barry County,,MO,2832,35001,37833
29011,Barton County,,MO,761,13156,13917
29013,Bates County,,MO,1126,17638,18764
29015,Benton County,,MO,1254,18772,20026
29017,Bollinger County,,MO,721,12110,12831
29019,Boone County,,MO,13978,177547,191525
29021,Buchanan County,,MO,6026,93528,99554
29023,Butler County,,MO,2684,43462,46146
29025,Caldwell County,,MO,613,9641,10254
29027,Callaway County,,MO,3409,47098,50507
29029,Camden County,,MO,3763,46267,50030
29031,Cape Girardeau County,,MO,5148,85788,90936
29033,Carroll County,,MO,437,10395,10832
29035,Carter County,,MO,433,6097,6530
29037,Cass County,,MO,7753,117742,125495
29039,Cedar County,,MO,973,13889,14862
29041,Chariton County,,MO,380,8934,9314
29043,Christian County,,MO,8315,90973,99288
29045,Clark County,,MO,311,7531,7842
29047,Clay County,,MO,21037,275232,296269
29049,Clinton County,,MO,2111,23503,25614
29051,Cole County,,MO,5910,88023,93933
29053,Cooper County,,MO,1252,18177,19429
29055,Crawford County,,MO,1792,24957,26749
29057,Dade County,,MO,514,7869,8383
29059,Dallas County,,MO,1239,16481,17720
29061,Daviess County,,MO,615,9219,9834
29063,DeKalb County,,MO,776,9992,10768
29065,Dent County,,MO,877,14959,15836
29067,Douglas County,,MO,802,12621,13423
29069,Dunklin County,,MO,1924,29127,31051
29071,Franklin County,,MO,5957,121953,127910
29073,Gasconade County,,MO,921,17275,18196
29075,Gentry County,,MO,367,7250,7617
29077,Greene County,,MO,24157,303617,327774
29079,Grundy County,,MO,495,10800,11295
29081,Harrison County,,MO,428,9259,9687
29083,Henry County,,MO,1586,23136,24722
29085,Hickory County,,MO,522,8534,9056
29087,Holt County,,MO,285,5431,5716
29089,Howard County,,MO,633,10772,11405
29091,Howell County,,MO,2260,41174,43434
29093,Iron County,,MO,617,9618,10235
29095,Jackson County,,MO,49243,758653,807896
29097,Jasper County,,MO,8519,126437,134956
29099,Jefferson County,,MO,14304,260237,274541
29101,Johnson County,,MO,6190,53222,59412
29103,Knox County,,MO,157,4439,4596
29105,Laclede County,,MO,2282,38324,40606
29107,Lafayette County,,MO,2230,36717,38947
29109,Lawrence County,,MO,3108,40411,43519
29111,Lewis County,,MO,700,10594,11294
29113,Lincoln County,,MO,3971,61960,65931
29115,Linn County,,MO,778,13786,14564
29117,Livingston County,,MO,804,15724,16528
29119,McDonald County,,MO,2315,22909,25224
29121,Macon County,,MO,997,17522,18519
29123,Madison County,,MO,806,12380,13186
29125,Maries County,,MO,634,9233,9867
29127,Marion County,,MO,1973,31770,33743
29129,Mercer County,,MO,165,3911,4076
29131,Miller County,,MO,1777,25319,27096
29133,Mississippi County,,MO,815,12147,12962
29135,Moniteau County,,MO,857,17137,17994
29137,Monroe County,,MO,477,9679,10156
29139,Montgomery County,,MO,751,12785,13536
29141,Morgan County,,MO,1515,20780,22295
29143,New Madrid County,,MO,1385,17766,19151
29145,Newton County,,MO,5194,60772,65966
29147,Nodaway County,,MO,1382,21248,22630
29149,Oregon County,,MO,784,9903,10687
29151,Osage County,,MO,680,15688,16368
29153,Ozark County,,MO,526,9051,9577
29155,Pemiscot County,,MO,1094,16500,17594
29157,Perry County,,MO,949,22719,23668
29159,Pettis County,,MO,2912,46647,49559
29161,Phelps County,,MO,3381,42844,46225
29163,Pike County,,MO,897,18602,19499
29165,Platte County,,MO,12265,109512,121777
29167,Polk County,,MO,2558,30445,33003
29169,Pulaski County,,MO,9589,44301,53890
29171,Putnam County,,MO,319,5186,5505
29173,Ralls County,,MO,711,11581,12292
29175,Randolph County,,MO,1552,25665,27217
29177,Ray County,,MO,1760,25706,27466
29179,Reynolds County,,MO,297,6296,6593
29181,Ripley County,,MO,720,12913,13633
29183,St. Charles County,,MO,24508,468369,492877
29185,St. Clair County,,MO,496,8966,9462
29186,Ste. Genevieve County,,MO,1187,20592,21779
29187,St. Francois County,,MO,3641,63547,67188
29189,St. Louis County,,MO,76571,1188918,1265489
29195,Saline County,,MO,1305,24799,26104
29197,Schuyler County,,MO,203,4406,4609
29199,Scotland County,,MO,186,5584,5770
29201,Scott County,,MO,2990,42314,45304
29203,Shannon County,,MO,440,7775,8215
29205,Shelby County,,MO,367,7441,7808
29207,Stoddard County,,MO,1818,31277,33095
29209,Stone County,,MO,2819,32580,35399
29211,Sullivan County,,MO,529,7102,7631
29213,Taney County,,MO,5078,55021,60099
29215,Texas County,,MO,1553,23992,25545
29217,Vernon County,,MO,1420,20965,22385
29219,Warren County,,MO,2954,37408,40362
29221,Washington County,,MO,1260,22547,23807
29223,Wayne County,,MO,807,11208,12015
29225,Webster County,,MO,3026,39698,42724
29227,Worth County,,MO,-2,2350,2348
29229,Wright County,,MO,1343,17961,19304
29510,St. Louis city,,MO,40764,298046,338810
30001,Beaverhead County,,MT,592,10269,10861
30003,Big Horn County,,MT,575,12436,13011
30005,Blaine County,,MT,277,6867,7144
30007,Broadwater County,,MT,455,6083,6538
30009,Carbon County,,MT,928,11367,12295
30011,Carter County,,MT,-2,1389,1387
30013,Cascade County,,MT,8289,94857,103146
30015,Chouteau County,,MT,250,5492,5742
30017,Custer County,,MT,1163,13269,14432
30019,Daniels County,,MT,53,2251,2304
30021,Dawson County,,MT,1058,10845,11903
30023,Deer Lodge County,,MT,573,9452,10025
30025,Fallon County,,MT,289,3840,4129
30027,Fergus County,,MT,721,13555,14276
30029,Flathead County,,MT,5397,113519,118916
30031,Gallatin County,,MT,9462,116037,125499
30033,Garfield County,,MT,75,1415,1490
30035,Glacier County,,MT,619,13030,13649
30037,Golden Valley County,,MT,76,1002,1078
30039,Granite County,,MT,169,3120,3289
30041,Hill County,,MT,1296,18615,19911
30043,Jefferson County,,MT,980,13083,14063
30045,Judith Basin County,,MT,111,2206,2317
30047,Lake County,,MT,1999,29969,31968
30049,Lewis and Clark County,,MT,4799,78624,83423
30051,Liberty County,,MT,62,2268,2330
30053,Lincoln County,,MT,1199,19055,20254
30055,McCone County,,MT,66,2202,2268
30057,Madison County,,MT,667,8587,9254
30059,Meagher County,,MT,88,1939,2027
30061,Mineral County,,MT,436,4245,4681
30063,Missoula County,,MT,9222,125355,134577
30065,Musselshell County,,MT,329,4716,5045
30067,Park County,,MT,1300,19197,20497
30069,Petroleum County,,MT,-2,495,493
30071,Phillips County,,MT,150,4945,5095
30073,Pondera County,,MT,415,7094,7509
30075,Powder River County,,MT,66,1947,2013
30077,Powell County,,MT,422,6206,6628
30079,Prairie County,,MT,62,1362,1424
30081,Ravalli County,,MT,2805,46530,49335
30083,Richland County,,MT,1798,14009,15807
30085,Roosevelt County,,MT,919,10499,11418
30087,Rosebud County,,MT,770,10277,11047
30089,Sanders County,,MT,582,11639,12221
30091,Sheridan County,,MT,271,4723,4994
30093,Silver Bow County,,MT,2293,37904,40197
30095,Stillwater County,,MT,822,10541,11363
30097,Sweet Grass County,,MT,216,4104,4320
30099,Teton County,,MT,473,7289,7762
30101,Toole County,,MT,371,5305,5676
30103,Treasure County,,MT,-2,898,896
30105,Valley County,,MT,587,8846,9433
30107,Wheatland County,,MT,124,1891,2015
30109,Wibaux County,,MT,-2,1124,1122
30111,Yellowstone County,,MT,10717,184559,195276
31001,Adams County,,NE,2155,36004,38159
31003,Antelope County,,NE,359,7732,8091
31005,Arthur County,,NE,-2,523,521
31007,Banner County,,NE,83,719,802
31009,Blaine County,,NE,-2,571,569
31011,Boone County,,NE,248,6860,7108
31013,Box Butte County,,NE,875,13616,14491
31015,Boyd County,,NE,-2,2314,2312
31017,Brown County,,NE,150,3443,3593
31019,Buffalo County,,NE,3597,54865,58462
31021,Burt County,,NE,369,7928,8297
31023,Butler County,,NE,422,10071,10493
31025,Cass County,,NE,2262,30590,32852
31027,Cedar County,,NE,412,10571,10983
31029,Chase County,,NE,255,4732,4987
31031,Cherry County,,NE,308,6973,7281
31033,Cheyenne County,,NE,1031,12216,13247
31035,Clay County,,NE,422,7477,7899
31037,Colfax County,,NE,1158,13628,14786
31039,Cuming County,,NE,526,11481,12007
31041,Custer County,,NE,660,13142,13802
31043,Dakota County,,NE,2226,25630,27856
31045,Dawes County,,NE,749,8566,9315
31047,Dawson County,,NE,2287,29581,31868
31049,Deuel County,,NE,173,2106,2279
31051,Dixon County,,NE,338,7178,7516
31053,Dodge County,,NE,2645,43418,46063
31055,Douglas County,,NE,41932,651954,693886
31057,Dundy County,,NE,68,2038,2106
31059,Fillmore County,,NE,258,7034,7292
31061,Franklin County,,NE,145,3611,3756
31063,Frontier County,,NE,161,2841,3002
31065,Furnas County,,NE,373,5667,6040
31067,Gage County,,NE,1330,25778,27108
31069,Garden County,,NE,92,2199,2291
31071,Garfield County,,NE,112,2044,2156
31073,Gosper County,,NE,165,2335,2500
31075,Grant County,,NE,-2,862,860
31077,Greeley County,,NE,154,2893,3047
31079,Hall County,,NE,5034,73736,78770
31081,Hamilton County,,NE,731,11588,12319
31083,Harlan County,,NE,159,3960,4119
31085,Hayes County,,NE,90,1082,1172
31087,Hitchcock County,,NE,154,3221,3375
31089,Holt County,,NE,531,12935,13466
31091,Hooker County,,NE,-2,900,898
31093,Howard County,,NE,339,7775,8114
31095,Jefferson County,,NE,406,8518,8924
31097,Johnson County,,NE,235,5241,5476
31099,Kearney County,,NE,494,7792,8286
31101,Keith County,,NE,635,9591,10226
31103,Keya Paha County,,NE,-2,960,958
31105,Kimball County,,NE,315,4060,4375
31107,Knox County,,NE,477,10098,10575
31109,Lancaster County,,NE,17270,348808,366078
31111,Lincoln County,,NE,2306,41471,43777
31113,Logan County,,NE,54,945,999
31115,Loup County,,NE,-2,666,664
31117,McPherson County,,NE,-2,537,535
31119,Madison County,,NE,2749,41822,44571
31121,Merrick County,,NE,533,9105,9638
31123,Morrill County,,NE,346,5381,5727
31125,Nance County,,NE,215,4119,4334
31127,Nemaha County,,NE,372,7538,7910
31129,Nuckolls County,,NE,236,5186,5422
31131,Otoe County,,NE,1180,18926,20106
31133,Pawnee County,,NE,142,3176,3318
31135,Perkins County,,NE,153,3540,3693
31137,Phelps County,,NE,613,11301,11914
31139,Pierce County,,NE,439,8937,9376
31141,Platte County,,NE,2338,42258,44596
31143,Polk County,,NE,311,6381,6692
31145,Red Willow County,,NE,689,12530,13219
31147,Richardson County,,NE,369,9417,9786
31149,Rock County,,NE,-2,1625,1623
31151,Saline County,,NE,1076,16550,17626
31153,Sarpy County,,NE,20749,208649,229398
31155,Saunders County,,NE,1535,25269,26804
31157,Scotts Bluff County,,NE,2297,41046,43343
31159,Seward County,,NE,1229,19663,20892
31161,Sheridan County,,NE,312,5923,6235
31163,Sherman County,,NE,168,3614,3782
31165,Sioux County,,NE,63,1350,1413
31167,Stanton County,,NE,435,7007,7442
31169,Thayer County,,NE,324,6281,6605
31171,Thomas County,,NE,47,798,845
31173,Thurston County,,NE,255,7407,7662
31175,Valley County,,NE,233,5009,5242
31177,Washington County,,NE,1536,24373,25909
31179,Wayne County,,NE,648,9478,10126
31181,Webster County,,NE,203,3981,4184
31183,Wheeler County,,NE,61,953,1014
31185,York County,,NE,1057,16557,17614
32001,Churchill County,,NV,2460,25926,28386
32003,Clark County,,NV,105346,2388838,2494184
32005,Douglas County,,NV,4713,58829,63542
32007,Elko County,,NV,4414,59685,64099
32009,Esmeralda County,,NV,63,888,951
32011,Eureka County,,NV,222,1854,2076
32013,Humboldt County,,NV,1862,19849,21711
32015,Lander County,,NV,518,6565,7083
32017,Lincoln County,,NV,241,4557,4798
32019,Lyon County,,NV,5741,58672,64413
32021,Mineral County,,NV,266,4248,4514
32023,Nye County,,NV,3225,41303,44528
32027,Pershing County,,NV,444,5063,5507
32029,Storey County,,NV,393,4038,4431
32031,Washoe County,,NV,25002,514497,539499
32033,White Pine County,,NV,974,9551,10525
32510,Carson City,,NV,5491,60781,66272
33001,Belknap County,,NH,4913,74894,79807
33003,Carroll County,,NH,3597,58043,61640
33005,Cheshire County,,NH,5066,87085,92151
33007,Coos County,,NH,1972,34653,36625
33009,Grafton County,,NH,8126,99261,107387
33011,Hillsborough County,,NH,28692,495796,524488
33013,Merrimack County,,NH,11580,173467,185047
33015,Rockingham County,,NH,24404,383803,408207
33017,Strafford County,,NH,9767,141252,151019
33019,Sullivan County,,NH,3009,49921,52930
34001,Atlantic County,,NJ,16036,325970,342006
34003,Bergen County,,NJ,59596,1135984,1195580
34005,Burlington County,,NJ,31488,541425,572913
34007,Camden County,,NJ,32466,592378,624844
34009,Cape May County,,NJ,6185,113180,119365
34011,Cumberland County,,NJ,7340,170809,178149
34013,Essex County,,NJ,55097,872137,927234
34015,Gloucester County,,NJ,17526,346504,364030
34017,Hudson County,,NJ,70502,735259,805761
34019,Hunterdon County,,NJ,8867,157724,166591
34021,Mercer County,,NJ,25525,420047,445572
34023,Middlesex County,,NJ,65269,999812,1065081
34025,Monmouth County,,NJ,34224,775378,809602
34027,Morris County,,NJ,35835,621469,657304
34029,Ocean County,,NJ,26311,707536,733847
34031,Passaic County,,NJ,33354,608454,641808
34033,Salem County,,NJ,3946,75120,79066
34035,Somerset County,,NJ,29321,409127,438448
34037,Sussex County,,NJ,9203,176843,186046
34039,Union County,,NJ,39731,656859,696590
34041,Warren County,,NJ,7862,129470,137332
35001,Bernalillo County,,NM,41938,732490,774428
35003,Catron County,,NM,146,3103,3249
35005,Chaves County,,NM,3514,66858,70372
35006,Cibola County,,NM,1353,23235,24588
35007,Colfax County,,NM,865,12402,13267
35009,Curry County,,NM,5920,52595,58515
35011,De Baca County,,NM,72,2016,2088
35013,Dona Ana County,,NM,14773,224390,239163
35015,Eddy County,,NM,4346,61811,66157
35017,Grant County,,NM,1762,30249,32011
35019,Guadalupe County,,NM,174,4207,4381
35021,Harding County,,NM,-2,761,759
35023,Hidalgo County,,NM,324,4465,4789
35025,Lea County,,NM,5983,77817,83800
35027,Lincoln County,,NM,1580,20306,21886
35028,Los Alamos County,,NM,1537,22239,23776
35029,Luna County,,NM,1613,26939,28552
35031,McKinley County,,NM,7357,85077,92434
35033,Mora County,,NM,233,4597,4830
35035,Otero County,,NM,6395,63957,70352
35037,Quay County,,NM,543,8488,9031
35039,Rio Arriba County,,NM,1920,39277,41197
35041,Roosevelt County,,NM,2040,18935,20975
35043,Sandoval County,,NM,12034,150899,162933
35045,San Juan County,,NM,12501,129837,142338
35047,San Miguel County,,NM,1449,26537,27986
35049,Santa Fe County,,NM,10116,173292,183408
35051,Sierra County,,NM,720,10645,11365
35053,Socorro County,,NM,1295,16533,17828
35055,Taos County,,NM,1739,34764,36503
35057,Torrance County,,NM,1147,13774,14921
35059,Union County,,NM,306,4034,4340
35061,Valencia County,,NM,4214,76365,80579
36001,Albany County,,NY,23522,350305,373827
36003,Allegany County,,NY,2378,47801,50179
36005,Bronx County,,NY,95051,1528088,1623139
36007,Broome County,,NY,9725,214559,224284
36009,Cattaraugus County,,NY,4018,84948,88966
36011,Cayuga County,,NY,4005,86468,90473
36013,Chautauqua County,,NY,5140,141543,146683
36015,Chemung County,,NY,4973,96763,101736
36017,Chenango County,,NY,2920,55833,58753
36019,Clinton County,,NY,3167,89262,92429
36021,Columbia County,,NY,3819,70843,74662
36023,Cortland County,,NY,2963,49728,52691
36025,Delaware County,,NY,2753,47935,50688
36027,Dutchess County,,NY,16408,338525,354933
36029,Erie County,,NY,32416,1073851,1106267
36031,Essex County,,NY,2406,41568,43974
36033,Franklin County,,NY,2057,50630,52687
36035,Fulton County,,NY,2921,60463,63384
36037,Genesee County,,NY,3380,68886,72266
36039,Greene County,,NY,2903,51319,54222
36041,Hamilton County,,NY,289,6010,6299
36043,Herkimer County,,NY,3285,69459,72744
36045,Jefferson County,,NY,19593,122820,142413
36047,Kings County,,NY,191538,2868037,3059575
36049,Lewis County,,NY,1545,30783,32328
36051,Livingston County,,NY,3661,68781,72442
36053,Madison County,,NY,4635,76508,81143
36055,Monroe County,,NY,31685,874437,906122
36057,Montgomery County,,NY,3547,55169,58716
36059,Nassau County,,NY,72931,1755981,1828912
36061,New York County,,NY,200159,1801187,2001346
36063,Niagara County,,NY,9942,250844,260786
36065,Oneida County,,NY,11476,258233,269709
36067,Onondaga County,,NY,23614,540649,564263
36069,Ontario County,,NY,7626,129603,137229
36071,Orange County,,NY,24362,451805,476167
36073,Orleans County,,NY,2405,45132,47537
36075,Oswego County,,NY,6532,131003,137535
36077,Otsego County,,NY,3799,63717,67516
36079,Putnam County,,NY,7111,119217,126328
36081,Queens County,,NY,158733,2719256,2877989
36083,Rensselaer County,,NY,12311,181090,193401
36085,Richmond County,,NY,23031,557307,580338
36087,Rockland County,,NY,16662,391123,407785
36089,St. Lawrence County,,NY,4495,110611,115106
36091,Saratoga County,,NY,18416,276833,295249
36093,Schenectady County,,NY,11423,180955,192378
36095,Schoharie County,,NY,1622,33359,34981
36097,Schuyler County,,NY,1368,20761,22129
36099,Seneca County,,NY,2104,37726,39830
36101,Steuben County,,NY,5297,110254,115551
36103,Suffolk County,,NY,63715,1898524,1962239
36105,Sullivan County,,NY,4819,80743,85562
36107,Tioga County,,NY,3470,58447,61917
36109,Tompkins County,,NY,8027,92738,100765
36111,Ulster County,,NY,10515,202042,212557
36113,Warren County,,NY,5018,77362,82380
36115,Washington County,,NY,4384,68538,72922
36117,Wayne County,,NY,5692,110087,115779
36119,Westchester County,,NY,60226,1173834,1234060
36121,Wyoming County,,NY,2166,44922,47088
36123,Yates County,,NY,1445,28222,29667
37001,Alamance County,,NC,9290,172190,181480
37003,Alexander County,,NC,1755,38616,40371
37005,Alleghany County,,NC,484,11236,11720
37007,Anson County,,NC,1209,23558,24767
37009,Ashe County,,NC,1118,27427,28545
37011,Avery County,,NC,971,16719,17690
37013,Beaufort County,,NC,2614,50651,53265
37015,Bertie County,,NC,1080,19465,20545
37017,Bladen County,,NC,1792,31676,33468
37019,Brunswick County,,NC,8537,128731,137268
37021,Buncombe County,,NC,19449,282464,301913
37023,Burke County,,NC,5037,92573,97610
37025,Cabarrus County,,NC,16677,220337,237014
37027,Caldwell County,,NC,3895,84648,88543
37029,Camden County,,NC,950,11057,12007
37031,Carteret County,,NC,5678,75121,80799
37033,Caswell County,,NC,1486,22660,24146
37035,Catawba County,,NC,9961,176239,186200
37037,Chatham County,,NC,5380,79738,85118
37039,Cherokee County,,NC,1303,26769,28072
37041,Chowan County,,NC,812,15389,16201
37043,Clay County,,NC,614,10468,11082
37045,Cleveland County,,NC,5049,103101,108150
37047,Columbus County,,NC,2396,53233,55629
37049,Craven County,,NC,12545,109527,122072
37051,Cumberland County,,NC,45924,330884,376808
37053,Currituck County,,NC,2306,27224,29530
37055,Dare County,,NC,2785,43025,45810
37057,Davidson County,,NC,9565,181676,191241
37059,Davie County,,NC,2767,47280,50047
37061,Duplin County,,NC,3503,57569,61072
37063,Durham County,,NC,32580,319167,351747
37065,Edgecombe County,,NC,4151,53968,58119
37067,Forsyth County,,NC,24140,406148,430288
37069,Franklin County,,NC,4711,64045,68756
37071,Gaston County,,NC,12256,229833,242089
37073,Gates County,,NC,646,11397,12043
37075,Graham County,,NC,344,8590,8934
37077,Granville County,,NC,3848,60792,64640
37079,Greene County,,NC,1476,19274,20750
37081,Guilford County,,NC,35718,564301,600019
37083,Halifax County,,NC,2810,52975,55785
37085,Harnett County,,NC,16913,123769,140682
37087,Haywood County,,NC,3381,64459,67840
37089,Henderson County,,NC,8056,124500,132556
37091,Hertford County,,NC,1251,20704,21955
37093,Hoke County,,NC,8244,48752,56996
37095,Hyde County,,NC,218,5110,5328
37097,Iredell County,,NC,12230,191593,203823
37099,Jackson County,,NC,2901,35168,38069
37101,Johnston County,,NC,12657,201610,214267
37103,Jones County,,NC,925,10039,10964
37105,Lee County,,NC,6097,63904,70001
37107,Lenoir County,,NC,4488,61346,65834
37109,Lincoln County,,NC,5833,87924,93757
37111,McDowell County,,NC,2175,46594,48769
37113,Macon County,,NC,2008,36486,38494
37115,Madison County,,NC,1311,20717,22028
37117,Martin County,,NC,1260,25425,26685
37119,Mecklenburg County,,NC,87576,1139513,1227089
37121,Mitchell County,,NC,747,15384,16131
37123,Montgomery County,,NC,1894,28517,30411
37125,Moore County,,NC,7525,104707,112232
37127,Nash County,,NC,7256,104853,112109
37129,New Hanover County,,NC,18151,225083,243234
37131,Northampton County,,NC,1422,19201,20623
37133,Onslow County,,NC,39827,182877,222704
37135,Orange County,,NC,15385,140226,155611
37137,Pamlico County,,NC,676,13008,13684
37139,Pasquotank County,,NC,3482,41241,44723
37141,Pender County,,NC,5129,57289,62418
37143,Perquimans County,,NC,996,13948,14944
37145,Person County,,NC,1893,42571,44464
37147,Pitt County,,NC,12537,169328,181865
37149,Polk County,,NC,1384,20931,22315
37151,Randolph County,,NC,7597,158848,166445
37153,Richmond County,,NC,2350,45704,48054
37155,Robeson County,,NC,5970,126995,132965
37157,Rockingham County,,NC,4605,99390,103995
37159,Rowan County,,NC,8566,150690,159256
37161,Rutherford County,,NC,2769,64231,67000
37163,Sampson County,,NC,4012,69688,73700
37165,Scotland County,,NC,2023,33737,35760
37167,Stanly County,,NC,2914,65279,68193
37169,Stokes County,,NC,2717,49619,52336
37171,Surry County,,NC,3391,77732,81123
37173,Swain County,,NC,1245,18160,19405
37175,Transylvania County,,NC,1932,33703,35635
37177,Tyrrell County,,NC,224,4010,4234
37179,Union County,,NC,16563,249985,266548
37181,Vance County,,NC,2401,46321,48722
37183,Wake County,,NC,76623,1168785,1245408
37185,Warren County,,NC,1317,18504,19821
37187,Washington County,,NC,774,12580,13354
37189,Watauga County,,NC,3891,42223,46114
37191,Wayne County,,NC,9123,129274,138397
37193,Wilkes County,,NC,2664,70553,73217
37195,Wilson County,,NC,4757,89152,93909
37197,Yadkin County,,NC,1960,41219,43179
37199,Yancey County,,NC,884,18252,19136
38001,Adams County,,ND,149,2670,2819
38003,Barnes County,,ND,795,12987,13782
38005,Benson County,,ND,311,6712,7023
38007,Billings County,,ND,61,1124,1185
38009,Bottineau County,,ND,473,8092,8565
38011,Bowman County,,ND,288,4048,4336
38013,Burke County,,ND,441,2934,3375
38015,Burleigh County,,ND,7722,110748,118470
38017,Cass County,,ND,15601,197879,213480
38019,Cavalier County,,ND,157,4978,5135
38021,Dickey County,,ND,295,6279,6574
38023,Divide County,,ND,371,2798,3169
38025,Dunn County,,ND,904,4736,5640
38027,Eddy County,,ND,138,2805,2943
38029,Emmons County,,ND,85,3990,4075
38031,Foster County,,ND,194,4237,4431
38033,Golden Valley County,,ND,130,2236,2366
38035,Grand Forks County,,ND,7524,75698,83222
38037,Grant County,,ND,112,2803,2915
38039,Griggs County,,ND,103,2890,2993
38041,Hettinger County,,ND,243,3049,3292
38043,Kidder County,,ND,145,2925,3070
38045,LaMoure County,,ND,186,5179,5365
38047,Logan County,,ND,99,2385,2484
38049,McHenry County,,ND,378,7014,7392
38051,McIntosh County,,ND,113,3415,3528
38053,McKenzie County,,ND,2998,9884,12882
38055,McLean County,,ND,772,11623,12395
38057,Mercer County,,ND,868,10654,11522
38059,Morton County,,ND,3538,36001,39539
38061,Mountrail County,,ND,1727,10423,12150
38063,Nelson County,,ND,126,3744,3870
38065,Oliver County,,ND,128,2262,2390
38067,Pembina County,,ND,378,8829,9207
38069,Pierce County,,ND,222,5208,5430
38071,Ramsey County,,ND,915,13797,14712
38073,Ransom County,,ND,327,6997,7324
38075,Renville County,,ND,198,3096,3294
38077,Richland County,,ND,1179,19115,20294
38079,Rolette County,,ND,594,14781,15375
38081,Sargent County,,ND,285,5029,5314
38083,Sheridan County,,ND,50,1561,1611
38085,Sioux County,,ND,223,3301,3524
38087,Slope County,,ND,-2,849,847
38089,Stark County,,ND,5793,37155,42948
38091,Steele County,,ND,102,2321,2423
38093,Stutsman County,,ND,1411,24590,26001
38095,Towner County,,ND,118,2841,2959
38097,Traill County,,ND,596,9211,9807
38099,Walsh County,,ND,722,13315,14037
38101,Ward County,,ND,12119,80757,92876
38103,Wells County,,ND,281,5203,5484
38105,Williams County,,ND,9451,38081,47532
39001,Adams County,,OH,1194,28361,29555
39003,Allen County,,OH,6021,116598,122619
39005,Ashland County,,OH,3262,60117,63379
39007,Ashtabula County,,OH,4400,109727,114127
39009,Athens County,,OH,4160,50235,54395
39011,Auglaize County,,OH,2960,57365,60325
39013,Belmont County,,OH,3124,75582,78706
39015,Brown County,,OH,3291,47168,50459
39017,Butler County,,OH,26442,421237,447679
39019,Carroll County,,OH,1945,31634,33579
39021,Champaign County,,OH,2873,44769,47642
39023,Clark County,,OH,7422,155734,163156
39025,Clermont County,,OH,16545,235093,251638
39027,Clinton County,,OH,3222,46716,49938
39029,Columbiana County,,OH,5166,117573,122739
39031,Coshocton County,,OH,1720,41016,42736
39033,Crawford County,,OH,2792,49122,51914
39035,Cuyahoga County,,OH,62700,1450143,1512843
39037,Darke County,,OH,2763,63155,65918
39039,Defiance County,,OH,2554,46715,49269
39041,Delaware County,,OH,16331,231348,247679
39043,Erie County,,OH,5077,91518,96595
39045,Fairfield County,,OH,12012,171340,183352
39047,Fayette County,,OH,1775,31951,33726
39049,Franklin County,,OH,87348,1439700,1527048
39051,Fulton County,,OH,2763,52318,55081
39053,Gallia County,,OH,1307,30811,32118
39055,Geauga County,,OH,5945,117166,123111
39057,Greene County,,OH,16089,178751,194840
39059,Guernsey County,,OH,2156,44415,46571
39061,Hamilton County,,OH,51444,936472,987916
39063,Hancock County,,OH,5313,89857,95170
39065,Hardin County,,OH,1788,32409,34197
39067,Harrison County,,OH,1020,16283,17303
39069,Henry County,,OH,1744,34886,36630
39071,Highland County,,OH,2708,45656,48364
39073,Hocking County,,OH,1790,30393,32183
39075,Holmes County,,OH,2065,48438,50503
39077,Huron County,,OH,4086,70114,74200
39079,Jackson County,,OH,1441,34451,35892
39081,Jefferson County,,OH,3196,74087,77283
39083,Knox County,,OH,3550,67779,71329
39085,Lake County,,OH,12336,289344,301680
39087,Lawrence County,,OH,2808,64532,67340
39089,Licking County,,OH,11154,197585,208739
39091,Logan County,,OH,3195,54082,57277
39093,Lorain County,,OH,15228,358180,373408
39095,Lucas County,,OH,22094,479620,501714
39097,Madison County,,OH,3542,45501,49043
39099,Mahoning County,,OH,12232,265267,277499
39101,Marion County,,OH,3315,68451,71766
39103,Medina County,,OH,12094,220571,232665
39105,Meigs County,,OH,974,23445,24419
39107,Mercer County,,OH,1895,52744,54639
39109,Miami County,,OH,6812,125254,132066
39111,Monroe County,,OH,669,16118,16787
39113,Montgomery County,,OH,33367,602977,636344
39115,Morgan County,,OH,694,15019,15713
39117,Morrow County,,OH,2602,38124,40726
39119,Muskingum County,,OH,4539,97265,101804
39121,Noble County,,OH,608,13614,14222
39123,Ottawa County,,OH,2643,50318,52961
39125,Paulding County,,OH,1132,22655,23787
39127,Perry County,,OH,2266,37986,40252
39129,Pickaway County,,OH,4121,60078,64199
39131,Pike County,,OH,1600,28377,29977
39133,Portage County,,OH,12518,174450,186968
39135,Preble County,,OH,2441,48189,50630
39137,Putnam County,,OH,1370,44201,45571
39139,Richland County,,OH,6221,138379,144600
39141,Ross County,,OH,3794,80102,83896
39143,Sandusky County,,OH,3691,72025,75716
39145,Scioto County,,OH,2864,75019,77883
39147,Seneca County,,OH,3464,64124,67588
39149,Shelby County,,OH,2956,59209,62165
39151,Stark County,,OH,18158,446203,464361
39153,Summit County,,OH,32064,631895,663959
39155,Trumbull County,,OH,10149,239794,249943
39157,Tuscarawas County,,OH,4878,113266,118144
39159,Union County,,OH,4677,61824,66501
39161,Van Wert County,,OH,1729,34624,36353
39163,Vinton County,,OH,767,12846,13613
39165,Warren County,,OH,19703,264113,283816
39167,Washington County,,OH,3247,70802,74049
39169,Wayne County,,OH,6109,138004,144113
39171,Williams County,,OH,2059,44796,46855
39173,Wood County,,OH,11295,142047,153342
39175,Wyandot County,,OH,1353,27168,28521
40001,Adair County,,OK,1206,20855,22061
40003,Alfalfa County,,OK,419,5206,5625
40005,Atoka County,,OK,710,13050,13760
40007,Beaver County,,OK,356,5974,6330
40009,Beckham County,,OK,2646,22416,25062
40011,Blaine County,,OK,637,10177,10814
40013,Bryan County,,OK,2797,41920,44717
40015,Caddo County,,OK,1757,27658,29415
40017,Canadian County,,OK,12869,144967,157836
40019,Carter County,,OK,3527,51779,55306
40021,Cherokee County,,OK,2979,44140,47119
40023,Choctaw County,,OK,896,13701,14597
40025,Cimarron County,,OK,144,2861,3005
40027,Cleveland County,,OK,24792,285146,309938
40029,Coal County,,OK,307,5152,5459
40031,Comanche County,,OK,15469,115737,131206
40033,Cotton County,,OK,436,5809,6245
40035,Craig County,,OK,1117,13301,14418
40037,Creek County,,OK,5905,72175,78080
40039,Custer County,,OK,2863,29101,31964
40041,Delaware County,,OK,2906,37643,40549
40043,Dewey County,,OK,411,5319,5730
40045,Ellis County,,OK,396,4304,4700
40047,Garfield County,,OK,6333,68733,75066
40049,Garvin County,,OK,1959,27801,29760
40051,Grady County,,OK,4449,53808,58257
40053,Grant County,,OK,272,4787,5059
40055,Greer County,,OK,288,4778,5066
40057,Harmon County,,OK,176,2603,2779
40059,Harper County,,OK,249,4140,4389
40061,Haskell County,,OK,703,11927,12630
40063,Hughes County,,OK,940,11491,12431
40065,Jackson County,,OK,2957,26742,29699
40067,Jefferson County,,OK,427,5529,5956
40069,Johnston County,,OK,770,10326,11096
40071,Kay County,,OK,3238,47243,50481
40073,Kingfisher County,,OK,975,17930,18905
40075,Kiowa County,,OK,625,8766,9391
40077,Latimer County,,OK,760,10614,11374
40079,Le Flore County,,OK,2653,46628,49281
40081,Lincoln County,,OK,2841,34439,37280
40083,Logan County,,OK,4133,45059,49192
40085,Love County,,OK,777,10124,10901
40087,McClain County,,OK,3707,41492,45199
40089,McCurtain County,,OK,1634,32060,33694
40091,McIntosh County,,OK,1487,17893,19380
40093,Major County,,OK,583,8817,9400
40095,Marshall County,,OK,1136,15499,16635
40097,Mayes County,,OK,2678,40597,43275
40099,Murray County,,OK,1057,14109,15166
40101,Muskogee County,,OK,4330,67625,71955
40103,Noble County,,OK,862,12059,12921
40105,Nowata County,,OK,677,10567,11244
40107,Okfuskee County,,OK,708,10349,11057
40109,Oklahoma County,,OK,59443,825706,885149
40111,Okmulgee County,,OK,2659,37593,40252
40113,Osage County,,OK,4111,42832,46943
40115,Ottawa County,,OK,2308,31782,34090
40117,Pawnee County,,OK,1276,15546,16822
40119,Payne County,,OK,7251,68299,75550
40121,Pittsburg County,,OK,2891,44379,47270
40123,Pontotoc County,,OK,2657,39849,42506
40125,Pottawatomie County,,OK,5118,70991,76109
40127,Pushmataha County,,OK,745,10518,11263
40129,Roger Mills County,,OK,258,3916,4174
40131,Rogers County,,OK,7772,98619,106391
40133,Seminole County,,OK,1873,23240,25113
40135,Sequoyah County,,OK,2340,39651,41991
40137,Stephens County,,OK,3085,45790,48875
40139,Texas County,,OK,2426,25698,28124
40141,Tillman County,,OK,458,7406,7864
40143,Tulsa County,,OK,44172,705756,749928
40145,Wagoner County,,OK,7700,78971,86671
40147,Washington County,,OK,3833,57434,61267
40149,Washita County,,OK,1433,11505,12938
40151,Woods County,,OK,934,9000,9934
40153,Woodward County,,OK,2102,22547,24649
41001,Baker County,,OR,977,16606,17583
41003,Benton County,,OR,8962,85019,93981
41005,Clackamas County,,OR,35413,455259,490672
41007,Clatsop County,,OR,3264,40247,43511
41009,Columbia County,,OR,2999,54187,57186
41011,Coos County,,OR,3795,63402,67197
41013,Crook County,,OR,1459,22415,23874
41015,Curry County,,OR,1853,23084,24937
41017,Deschutes County,,OR,11821,195151,206972
41019,Douglas County,,OR,5632,109117,114749
41021,Gilliam County,,OR,138,1883,2021
41023,Grant County,,OR,464,7276,7740
41025,Harney County,,OR,458,7366,7824
41027,Hood River County,,OR,1855,29754,31609
41029,Jackson County,,OR,11508,235095,246603
41031,Jefferson County,,OR,1549,22589,24138
41033,Josephine County,,OR,4920,85567,90487
41035,Klamath County,,OR,4203,66678,70881
41037,Lake County,,OR,500,7562,8062
41039,Lane County,,OR,19373,379876,399249
41041,Lincoln County,,OR,3940,48321,52261
41043,Linn County,,OR,8116,127341,135457
41045,Malheur County,,OR,1938,27796,29734
41047,Marion County,,OR,20161,360600,380761
41049,Morrow County,,OR,931,12979,13910
41051,Multnomah County,,OR,73451,868138,941589
41053,Polk County,,OR,7359,82784,90143
41055,Sherman County,,OR,95,1955,2050
41057,Tillamook County,,OR,1593,27859,29452
41059,Umatilla County,,OR,4820,81129,85949
41061,Union County,,OR,1666,27610,29276
41063,Wallowa County,,OR,396,8052,8448
41065,Wasco County,,OR,1800,27209,29009
41067,Washington County,,OR,50531,658168,708699
41069,Wheeler County,,OR,114,1213,1327
41071,Yamhill County,,OR,7021,108991,116012
42001,Adams County,,PA,6278,125102,131380
42003,Allegheny County,,PA,61999,1473905,1535904
42005,Armstrong County,,PA,3240,80836,84076
42007,Beaver County,,PA,8689,207738,216427
42009,Bedford County,,PA,1739,58740,60479
42011,Berks County,,PA,19443,502011,521454
42013,Blair County,,PA,4629,147382,152011
42015,Bradford County,,PA,3387,72757,76144
42017,Bucks County,,PA,35409,799906,835315
42019,Butler County,,PA,10766,231020,241786
42021,Cambria County,,PA,5402,158847,164249
42023,Cameron County,,PA,205,5769,5974
42025,Carbon County,,PA,3922,73720,77642
42027,Centre County,,PA,8548,142318,150866
42029,Chester County,,PA,32785,629285,662070
42031,Clarion County,,PA,1933,42791,44724
42033,Clearfield County,,PA,3410,91253,94663
42035,Clinton County,,PA,1951,42501,44452
42037,Columbia County,,PA,3465,71391,74856
42039,Crawford County,,PA,4164,97040,101204
42041,Cumberland County,,PA,18100,297173,315273
42043,Dauphin County,,PA,20073,329119,349192
42045,Delaware County,,PA,34446,664526,698972
42047,Elk County,,PA,1108,40240,41348
42049,Erie County,,PA,11324,318543,329867
42051,Fayette County,,PA,5468,151423,156891
42053,Forest County,,PA,308,5167,5475
42055,Franklin County,,PA,8498,192236,200734
42057,Fulton County,,PA,687,17665,18352
42059,Greene County,,PA,1731,40074,41805
42061,Huntingdon County,,PA,1800,48874,50674
42063,Indiana County,,PA,4223,91055,95278
42065,Jefferson County,,PA,2291,53451,55742
42067,Juniata County,,PA,869,29165,30034
42069,Lackawanna County,,PA,9838,245122,254960
42071,Lancaster County,,PA,23584,669096,692680
42073,Lawrence County,,PA,4236,102773,107009
42075,Lebanon County,,PA,7292,170122,177414
42077,Lehigh County,,PA,24320,431043,455363
42079,Luzerne County,,PA,13994,372875,386869
42081,Lycoming County,,PA,5784,134599,140383
42083,McKean County,,PA,1831,46909,48740
42085,Mercer County,,PA,5344,131703,137047
42087,Mifflin County,,PA,1884,54606,56490
42089,Monroe County,,PA,11436,181559,192995
42091,Montgomery County,,PA,54088,1010841,1064929
42093,Montour County,,PA,1928,21663,23591
42095,Northampton County,,PA,19430,359939,379369
42097,Northumberland County,,PA,4982,106184,111166
42099,Perry County,,PA,2675,56569,59244
42101,Philadelphia County,,PA,90838,1519975,1610813
42103,Pike County,,PA,4557,63103,67660
42105,Potter County,,PA,886,19345,20231
42107,Schuylkill County,,PA,5637,166306,171943
42109,Snyder County,,PA,2246,46514,48760
42111,Somerset County,,PA,2819,87546,90365
42113,Sullivan County,,PA,385,6986,7371
42115,Susquehanna County,,PA,2404,48594,50998
42117,Tioga County,,PA,2093,47197,49290
42119,Union County,,PA,2543,43109,45652
42121,Venango County,,PA,2400,61923,64323
42123,Warren County,,PA,1696,47266,48962
42125,Washington County,,PA,10864,251838,262702
42127,Wayne County,,PA,3617,58096,61713
42129,Westmoreland County,,PA,16366,443503,459869
42131,Wyoming County,,PA,1912,32809,34721
42133,York County,,PA,21888,545595,567483
44001,Bristol County,,RI,3566,56800,60366
44003,Kent County,,RI,12454,202158,214612
44005,Newport County,,RI,8570,95157,103727
44007,Providence County,,RI,34278,709855,744133
44009,Washington County,,RI,8430,148048,156478
45001,Abbeville County,,SC,1378,24701,26079
45003,Aiken County,,SC,9649,178986,188635
45005,Allendale County,,SC,548,7686,8234
45007,Anderson County,,SC,10664,209316,219980
45009,Bamberg County,,SC,839,12951,13790
45011,Barnwell County,,SC,1208,22126,23334
45013,Beaufort County,,SC,16423,191045,207468
45015,Berkeley County,,SC,21541,187017,208558
45017,Calhoun County,,SC,913,15125,16038
45019,Charleston County,,SC,36910,404287,441197
45021,Cherokee County,,SC,2715,57544,60259
45023,Chester County,,SC,1822,34070,35892
45025,Chesterfield County,,SC,1913,45153,47066
45027,Clarendon County,,SC,1832,32601,34433
45029,Colleton County,,SC,2138,40078,42216
45031,Darlington County,,SC,3796,69331,73127
45033,Dillon County,,SC,1479,31135,32614
45035,Dorchester County,,SC,27875,160214,188089
45037,Edgefield County,,SC,1719,25457,27176
45039,Fairfield County,,SC,1376,23168,24544
45041,Florence County,,SC,8450,146078,154528
45043,Georgetown County,,SC,4667,69071,73738
45045,Greenville County,,SC,32464,543111,575575
45047,Greenwood County,,SC,3640,74157,77797
45049,Hampton County,,SC,978,19468,20446
45051,Horry County,,SC,19438,332293,351731
45053,Jasper County,,SC,2578,24653,27231
45055,Kershaw County,,SC,3815,68902,72717
45057,Lancaster County,,SC,5109,90345,95454
45059,Laurens County,,SC,3895,66647,70542
45061,Lee County,,SC,1217,16924,18141
45063,Lexington County,,SC,21073,306946,328019
45065,McCormick County,,SC,492,9269,9761
45067,Marion County,,SC,1757,32957,34714
45069,Marlboro County,,SC,1256,26077,27333
45071,Newberry County,,SC,1882,40914,42796
45073,Oconee County,,SC,4219,79564,83783
45075,Orangeburg County,,SC,5066,88799,93865
45077,Pickens County,,SC,8325,117540,125865
45079,Richland County,,SC,37110,405150,442260
45081,Saluda County,,SC,1338,22111,23449
45083,Spartanburg County,,SC,14912,322470,337382
45085,Sumter County,,SC,9222,115720,124942
45087,Union County,,SC,1051,27698,28749
45089,Williamsburg County,,SC,1961,31694,33655
45091,York County,,SC,15832,279862,295694
46003,Aurora County,,SD,171,3536,3707
46005,Beadle County,,SD,1362,21873,23235
46007,Bennett County,,SD,142,3014,3156
46009,Bon Homme County,,SD,237,7010,7247
46011,Brookings County,,SD,2718,33209,35927
46013,Brown County,,SD,2641,45553,48194
46015,Brule County,,SD,353,6086,6439
46017,Buffalo County,,SD,136,1914,2050
46019,Butte County,,SD,1015,11154,12169
46021,Campbell County,,SD,-2,1827,1825
46023,Charles Mix County,,SD,395,9751,10146
46025,Clark County,,SD,163,4131,4294
46027,Clay County,,SD,1491,11636,13127
46029,Codington County,,SD,1956,33681,35637
46031,Corson County,,SD,250,3340,3590
46033,Custer County,,SD,868,9529,10397
46035,Davison County,,SD,1583,23520,25103
46037,Day County,,SD,270,6645,6915
46039,Deuel County,,SD,339,5341,5680
46041,Dewey County,,SD,455,6447,6902
46043,Douglas County,,SD,168,3611,3779
46045,Edmunds County,,SD,227,4450,4677
46047,Fall River County,,SD,593,7868,8461
46049,Faulk County,,SD,62,2492,2554
46051,Grant County,,SD,446,9305,9751
46053,Gregory County,,SD,121,5026,5147
46055,Haakon County,,SD,69,2479,2548
46057,Hamlin County,,SD,467,6895,7362
46059,Hand County,,SD,152,4043,4195
46061,Hanson County,,SD,380,5084,5464
46063,Harding County,,SD,-2,1517,1515
46065,Hughes County,,SD,1537,21478,23015
46067,Hutchinson County,,SD,335,8555,8890
46069,Hyde County,,SD,90,1658,1748
46071,Jackson County,,SD,109,2798,2907
46073,Jerauld County,,SD,83,2150,2233
46075,Jones County,,SD,69,1202,1271
46077,Kingsbury County,,SD,463,6604,7067
46079,Lake County,,SD,1400,15651,17051
46081,Lawrence County,,SD,2382,28134,30516
46083,Lincoln County,,SD,6504,64597,71101
46085,Lyman County,,SD,187,4170,4357
46087,McCook County,,SD,436,6678,7114
46089,McPherson County,,SD,72,2399,2471
46091,Marshall County,,SD,293,5001,5294
46093,Meade County,,SD,3935,30707,34642
46095,Mellette County,,SD,107,1801,1908
46097,Miner County,,SD,101,2724,2825
46099,Minnehaha County,,SD,18664,229146,247810
46101,Moody County,,SD,441,7432,7873
46103,Pennington County,,SD,11800,127014,138814
46105,Perkins County,,SD,-2,3436,3434
46107,Potter County,,SD,122,3036,3158
46109,Roberts County,,SD,547,10887,11434
46111,Sanborn County,,SD,99,2863,2962
46115,Spink County,,SD,286,7377,7663
46117,Stanley County,,SD,328,3668,3996
46119,Sully County,,SD,87,1756,1843
46121,Todd County,,SD,374,7695,8069
46123,Tripp County,,SD,170,6574,6744
46125,Turner County,,SD,502,9984,10486
46127,Union County,,SD,1558,18634,20192
46129,Walworth County,,SD,309,6594,6903
46135,Yankton County,,SD,1521,26121,27642
46137,Ziebach County,,SD,109,1330,1439
47001,Anderson County,,TN,6249,81891,88140
47003,Bedford County,,TN,3155,52192,55347
47005,Benton County,,TN,863,16380,17243
47007,Bledsoe County,,TN,654,11592,12246
47009,Blount County,,TN,7762,143695,151457
47011,Bradley County,,TN,6856,113101,119957
47013,Campbell County,,TN,1722,37521,39243
47015,Cannon County,,TN,998,14585,15583
47017,Carroll County,,TN,1820,28842,30662
47019,Carter County,,TN,3578,55616,59194
47021,Cheatham County,,TN,3698,45273,48971
47023,Chester County,,TN,1183,16891,18074
47025,Claiborne County,,TN,1582,30550,32132
47027,Clay County,,TN,400,7643,8043
47029,Cocke County,,TN,1731,35852,37583
47031,Coffee County,,TN,4158,59135,63293
47033,Crockett County,,TN,1048,15728,16776
47035,Cumberland County,,TN,3431,63965,67396
47037,Davidson County,,TN,72812,750629,823441
47039,Decatur County,,TN,606,11624,12230
47041,DeKalb County,,TN,1354,19567,20921
47043,Dickson County,,TN,3558,56518,60076
47045,Dyer County,,TN,2146,41113,43259
47047,Fayette County,,TN,3111,45516,48627
47049,Fentress County,,TN,776,17374,18150
47051,Franklin County,,TN,2650,44695,47345
47053,Gibson County,,TN,3476,53593,57069
47055,Giles County,,TN,1755,31024,32779
47057,Grainger County,,TN,1367,22971,24338
47059,Greene County,,TN,3100,72608,75708
47061,Grundy County,,TN,610,14337,14947
47063,Hamblen County,,TN,4005,68425,72430
47065,Hamilton County,,TN,21041,393483,414524
47067,Hancock County,,TN,214,5959,6173
47069,Hardeman County,,TN,1334,24677,26011
47071,Hardin County,,TN,1467,26477,27944
47073,Hawkins County,,TN,3519,58268,61787
47075,Haywood County,,TN,1067,20313,21380
47077,Henderson County,,TN,1588,29855,31443
47079,Henry County,,TN,1715,34525,36240
47081,Hickman County,,TN,1578,23300,24878
47083,Houston County,,TN,480,8307,8787
47085,Humphreys County,,TN,948,20159,21107
47087,Jackson County,,TN,768,10809,11577
47089,Jefferson County,,TN,4701,53540,58241
47091,Johnson County,,TN,638,15943,16581
47093,Knox County,,TN,29234,493561,522795
47095,Lake County,,TN,250,5246,5496
47097,Lauderdale County,,TN,1405,24610,26015
47099,Lawrence County,,TN,1663,43783,45446
47101,Lewis County,,TN,688,12121,12809
47103,Lincoln County,,TN,1912,37742,39654
47105,Loudon County,,TN,4119,58656,62775
47107,McMinn County,,TN,3444,54293,57737
47109,McNairy County,,TN,1547,26161,27708
47111,Macon County,,TN,1243,24163,25406
47113,Madison County,,TN,7288,106508,113796
47115,Marion County,,TN,1605,30205,31810
47117,Marshall County,,TN,2229,35042,37271
47119,Maury County,,TN,7295,99154,106449
47121,Meigs County,,TN,966,11962,12928
47123,Monroe County,,TN,2914,46914,49828
47125,Montgomery County,,TN,26759,195900,222659
47127,Moore County,,TN,478,6890,7368
47129,Morgan County,,TN,1133,19394,20527
47131,Obion County,,TN,1930,34576,36506
47133,Overton County,,TN,1372,22569,23941
47135,Perry County,,TN,335,7771,8106
47137,Pickett County,,TN,268,5333,5601
47139,Polk County,,TN,1276,16987,18263
47141,Putnam County,,TN,5376,76509,81885
47143,Rhea County,,TN,1993,33382,35375
47145,Roane County,,TN,3477,55822,59299
47147,Robertson County,,TN,5957,81567,87524
47149,Rutherford County,,TN,25153,329835,354988
47151,Scott County,,TN,582,21132,21714
47153,Sequatchie County,,TN,972,15060,16032
47155,Sevier County,,TN,7686,106326,114012
47157,Shelby County,,TN,51867,1080648,1132515
47159,Smith County,,TN,1201,21085,22286
47161,Stewart County,,TN,923,13688,14611
47163,Sullivan County,,TN,9224,170650,179874
47165,Sumner County,,TN,14161,198903,213064
47167,Tipton County,,TN,4428,67628,72056
47169,Trousdale County,,TN,692,8777,9469
47171,Unicoi County,,TN,1124,18078,19202
47173,Union County,,TN,1418,18353,19771
47175,Van Buren County,,TN,376,5862,6238
47177,Warren County,,TN,2129,42891,45020
47179,Washington County,,TN,9929,132438,142367
47181,Wayne County,,TN,595,14817,15412
47183,Weakley County,,TN,2220,31763,33983
47185,White County,,TN,1594,26838,28432
47187,Williamson County,,TN,19219,251623,270842
47189,Wilson County,,TN,10682,148796,159478
48001,Anderson County,,TX,3408,47950,51358
48003,Andrews County,,TX,2060,19854,21914
48005,Angelina County,,TX,5497,93420,98917
48007,Aransas County,,TX,2613,25710,28323
48009,Archer County,,TX,609,9583,10192
48011,Armstrong County,,TX,170,2116,2286
48013,Atascosa County,,TX,4300,50563,54863
48015,Austin County,,TX,2393,34445,36838
48017,Bailey County,,TX,737,8333,9070
48019,Bandera County,,TX,1648,21800,23448
48021,Bastrop County,,TX,6503,83753,90256
48023,Baylor County,,TX,195,3705,3900
48025,Bee County,,TX,2070,27091,29161
48027,Bell County,,TX,47432,348436,395868
48029,Bexar County,,TX,108194,2084978,2193172
48031,Blanco County,,TX,777,12123,12900
48033,Borden County,,TX,-2,676,674
48035,Bosque County,,TX,1527,18470,19997
48037,Bowie County,,TX,6631,98811,105442
48039,Brazoria County,,TX,25626,374911,400537
48041,Brazos County,,TX,17033,185268,202301
48043,Brewster County,,TX,935,9698,10633
48045,Briscoe County,,TX,117,1589,1706
48047,Brooks County,,TX,441,7693,8134
48049,Brown County,,TX,2400,39086,41486
48051,Burleson County,,TX,1272,19503,20775
48053,Burnet County,,TX,4081,49634,53715
48055,Caldwell County,,TX,3648,41746,45394
48057,Calhoun County,,TX,1827,23549,25376
48059,Callahan County,,TX,1103,14229,15332
48061,Cameron County,,TX,16978,451733,468711
48063,Camp County,,TX,1193,13391,14584
48065,Carson County,,TX,464,6386,6850
48067,Cass County,,TX,2028,31506,33534
48069,Castro County,,TX,488,8093,8581
48071,Chambers County,,TX,4322,46511,50833
48073,Cherokee County,,TX,3195,53261,56456
48075,Childress County,,TX,281,6216,6497
48077,Clay County,,TX,830,11214,12044
48079,Cochran County,,TX,239,3193,3432
48081,Coke County,,TX,240,3389,3629
48083,Coleman County,,TX,505,8498,9003
48085,Collin County,,TX,89190,1037977,1127167
48087,Collingsworth County,,TX,192,3120,3312
48089,Colorado County,,TX,1345,23909,25254
48091,Comal County,,TX,13597,145598,159195
48093,Comanche County,,TX,860,13994,14854
48095,Concho County,,TX,124,2540,2664
48097,Cooke County,,TX,3316,44254,47570
48099,Coryell County,,TX,14481,64789,79270
48101,Cottle County,,TX,100,1514,1614
48103,Crane County,,TX,530,5550,6080
48105,Crockett County,,TX,326,4214,4540
48107,Crosby County,,TX,473,6062,6535
48109,Culberson County,,TX,194,2362,2556
48111,Dallam County,,TX,1133,8453,9586
48113,Dallas County,,TX,195681,2856135,3051816
48115,Dawson County,,TX,860,12993,13853
48117,Deaf Smith County,,TX,1372,22342,23714
48119,Delta County,,TX,376,4959,5335
48121,Denton County,,TX,79790,860354,940144
48123,DeWitt County,,TX,1720,20739,22459
48125,Dickens County,,TX,145,1912,2057
48127,Dimmit County,,TX,1071,10967,12038
48129,Donley County,,TX,221,3436,3657
48131,Duval County,,TX,791,11976,12767
48133,Eastland County,,TX,1221,17776,18997
48135,Ector County,,TX,17176,175182,192358
48137,Edwards County,,TX,154,1932,2086
48139,Ellis County,,TX,12342,186383,198725
48141,El Paso County,,TX,54497,946756,1001253
48143,Erath County,,TX,3321,37268,40589
48145,Falls County,,TX,997,15940,16937
48147,Fannin County,,TX,2416,32715,35131
48149,Fayette County,,TX,1596,28767,30363
48151,Fisher County,,TX,285,3834,4119
48153,Floyd County,,TX,442,6382,6824
48155,Foard County,,TX,88,1211,1299
48157,Fort Bend County,,TX,55689,807077,862766
48159,Franklin County,,TX,969,10251,11220
48161,Freestone County,,TX,1484,19928,21412
48163,Frio County,,TX,1164,16141,17305
48165,Gaines County,,TX,1278,21909,23187
48167,Galveston County,,TX,24062,354545,378607
48169,Garza County,,TX,306,4620,4926
48171,Gillespie County,,TX,1683,31290,32973
48173,Glasscock County,,TX,137,1576,1713
48175,Goliad County,,TX,586,7947,8533
48177,Gonzales County,,TX,1185,22437,23622
48179,Gray County,,TX,2095,23762,25857
48181,Grayson County,,TX,8154,136174,144328
48183,Gregg County,,TX,12540,139076,151616
48185,Grimes County,,TX,2242,27556,29798
48187,Guadalupe County,,TX,16880,168060,184940
48189,Hale County,,TX,2531,34975,37506
48191,Hall County,,TX,191,3065,3256
48193,Hamilton County,,TX,575,8447,9022
48195,Hansford County,,TX,450,6478,6928
48197,Hardeman County,,TX,236,4026,4262
48199,Hardin County,,TX,4113,61164,65277
48201,Harris County,,TX,263565,5047574,5311139
48203,Harrison County,,TX,5838,72569,78407
48205,Hartley County,,TX,602,4549,5151
48207,Haskell County,,TX,454,5216,5670
48209,Hays County,,TX,19771,194615,214386
48211,Hemphill County,,TX,476,4951,5427
48213,Henderson County,,TX,6111,79076,85187
48215,Hidalgo County,,TX,24319,868524,892843
48217,Hill County,,TX,2659,36327,38986
48219,Hockley County,,TX,1879,24020,25899
48221,Hood County,,TX,4818,59809,64627
48223,Hopkins County,,TX,2408,39114,41522
48225,Houston County,,TX,1236,20338,21574
48227,Howard County,,TX,3245,32983,36228
48229,Hudspeth County,,TX,269,3645,3914
48231,Hunt County,,TX,7141,91584,98725
48233,Hutchinson County,,TX,1784,23643,25427
48235,Irion County,,TX,172,1717,1889
48237,Jack County,,TX,721,8278,8999
48239,Jackson County,,TX,1268,17210,18478
48241,Jasper County,,TX,2187,36107,38294
48243,Jeff Davis County,,TX,164,2303,2467
48245,Jefferson County,,TX,17641,269685,287326
48247,Jim Hogg County,,TX,291,5526,5817
48249,Jim Wells County,,TX,3227,45108,48335
48251,Johnson County,,TX,13131,177243,190374
48253,Jones County,,TX,1565,15949,17514
48255,Karnes County,,TX,1091,14226,15317
48257,Kaufman County,,TX,10455,128580,139035
48259,Kendall County,,TX,4016,48029,52045
48261,Kenedy County,,TX,-2,348,346
48263,Kent County,,TX,-2,788,786
48265,Kerr County,,TX,3896,56821,60717
48267,Kimble County,,TX,283,4799,5082
48269,King County,,TX,-2,308,306
48271,Kinney County,,TX,214,3292,3506
48273,Kleberg County,,TX,2912,31469,34381
48275,Knox County,,TX,271,3834,4105
48277,Lamar County,,TX,2632,53182,55814
48279,Lamb County,,TX,1035,13861,14896
48281,Lampasas County,,TX,2041,21969,24010
48283,La Salle County,,TX,475,6338,6813
48285,Lavaca County,,TX,1438,23175,24613
48287,Lee County,,TX,1192,19338,20530
48289,Leon County,,TX,1337,19005,20342
48291,Liberty County,,TX,6087,78997,85084
48293,Limestone County,,TX,1575,23244,24819
48295,Lipscomb County,,TX,277,3920,4197
48297,Live Oak County,,TX,955,11636,12591
48299,Llano County,,TX,1636,19129,20765
48301,Loving County,,TX,-2,68,66
48303,Lubbock County,,TX,18804,304541,323345
48305,Lynn County,,TX,477,6246,6723
48307,McCulloch County,,TX,613,8907,9520
48309,McLennan County,,TX,13911,261116,275027
48311,McMullen County,,TX,123,1075,1198
48313,Madison County,,TX,879,12719,13598
48315,Marion County,,TX,863,9373,10236
48317,Martin County,,TX,572,5778,6350
48319,Mason County,,TX,204,4526,4730
48321,Matagorda County,,TX,2496,41430,43926
48323,Maverick County,,TX,2943,73251,76194
48325,Medina County,,TX,3544,48840,52384
48327,Menard County,,TX,135,2166,2301
48329,Midland County,,TX,18499,181527,200026
48331,Milam County,,TX,1563,25958,27521
48333,Mills County,,TX,259,5147,5406
48335,Mitchell County,,TX,610,7299,7909
48337,Montague County,,TX,1384,20812,22196
48339,Montgomery County,,TX,44193,587039,631232
48341,Moore County,,TX,2253,25683,27936
48343,Morris County,,TX,946,13266,14212
48345,Motley County,,TX,63,1188,1251
48347,Nacogdoches County,,TX,4972,61902,66874
48349,Navarro County,,TX,3369,52497,55866
48351,Newton County,,TX,961,12332,13293
48353,Nolan County,,TX,1313,16080,17393
48355,Nueces County,,TX,24352,379831,404183
48357,Ochiltree County,,TX,1130,12448,13578
48359,Oldham County,,TX,194,2226,2420
48361,Orange County,,TX,5154,92920,98074
48363,Palo Pinto County,,TX,2322,28767,31089
48365,Panola County,,TX,1538,26044,27582
48367,Parker County,,TX,11043,141233,152276
48369,Parmer County,,TX,919,11572,12491
48371,Pecos County,,TX,1317,15585,16902
48373,Polk County,,TX,5260,52715,57975
48375,Potter County,,TX,13785,123661,137446
48377,Presidio County,,TX,723,10116,10839
48379,Rains County,,TX,893,10406,11299
48381,Randall County,,TX,13864,143457,157321
48383,Reagan County,,TX,470,4292,4762
48385,Real County,,TX,223,3562,3785
48387,Red River County,,TX,831,12842,13673
48389,Reeves County,,TX,1043,12484,13527
48391,Refugio County,,TX,493,8437,8930
48393,Roberts County,,TX,-2,1027,1025
48395,Robertson County,,TX,1265,18153,19418
48397,Rockwall County,,TX,9514,100909,110423
48399,Runnels County,,TX,754,11441,12195
48401,Rusk County,,TX,3979,53745,57724
48403,Sabine County,,TX,744,10320,11064
48405,San Augustine County,,TX,573,8157,8730
48407,San Jacinto County,,TX,2330,24410,26740
48409,San Patricio County,,TX,6931,77577,84508
48411,San Saba County,,TX,323,6088,6411
48413,Schleicher County,,TX,283,3173,3456
48415,Scurry County,,TX,1291,18384,19675
48417,Shackelford County,,TX,265,3567,3832
48419,Shelby County,,TX,1446,27254,28700
48421,Sherman County,,TX,193,2998,3191
48423,Smith County,,TX,15733,243716,259449
48425,Somervell County,,TX,768,9109,9877
48427,Starr County,,TX,2376,72146,74522
48429,Stephens County,,TX,588,9017,9605
48431,Sterling County,,TX,106,1457,1563
48433,Stonewall County,,TX,84,1524,1608
48435,Sutton County,,TX,351,4596,4947
48437,Swisher County,,TX,543,7367,7910
48439,Tarrant County,,TX,137732,2261411,2399143
48441,Taylor County,,TX,13005,146294,159299
48443,Terrell County,,TX,118,851,969
48445,Terry County,,TX,805,12478,13283
48447,Throckmorton County,,TX,119,1614,1733
48449,Titus County,,TX,2323,36464,38787
48451,Tom Green County,,TX,11083,125511,136594
48453,Travis County,,TX,225092,1269648,1494740
48455,Trinity County,,TX,1237,13585,14822
48457,Tyler County,,TX,1233,18871,20104
48459,Upshur County,,TX,3589,40262,43851
48461,Upton County,,TX,319,3876,4195
48463,Uvalde County,,TX,1969,30299,32268
48465,Val Verde County,,TX,4176,56394,60570
48467,Van Zandt County,,TX,3712,54745,58457
48469,Victoria County,,TX,6514,104790,111304
48471,Walker County,,TX,5591,53375,58966
48473,Waller County,,TX,4106,45828,49934
48475,Ward County,,TX,1286,12583,13869
48477,Washington County,,TX,2388,38828,41216
48479,Webb County,,TX,9132,310513,319645
48481,Wharton County,,TX,2375,49408,51783
48483,Wheeler County,,TX,473,6356,6829
48485,Wichita County,,TX,10402,130324,140726
48487,Wilbarger County,,TX,1123,13898,15021
48489,Willacy County,,TX,1030,20125,21155
48491,Williamson County,,TX,49272,569183,618455
48493,Wilson County,,TX,3661,51527,55188
48495,Winkler County,,TX,858,8569,9427
48497,Wise County,,TX,5124,68179,73303
48499,Wood County,,TX,3409,44123,47532
48501,Yoakum County,,TX,769,10172,10941
48503,Young County,,TX,1084,20143,21227
48505,Zapata County,,TX,552,14988,15540
48507,Zavala County,,TX,796,12231,13027
49001,Beaver County,,UT,431,7453,7884
49003,Box Elder County,,UT,3543,60210,63753
49005,Cache County,,UT,9873,129920,139793
49007,Carbon County,,UT,1342,21274,22616
49009,Daggett County,,UT,65,1037,1102
49011,Davis County,,UT,30523,384155,414678
49013,Duchesne County,,UT,2222,22229,24451
49015,Emery County,,UT,694,11206,11900
49017,Garfield County,,UT,389,5320,5709
49019,Grand County,,UT,952,11263,12215
49021,Iron County,,UT,4328,47482,51810
49023,Juab County,,UT,649,11555,12204
49025,Kane County,,UT,477,7363,7840
49027,Millard County,,UT,642,14461,15103
49029,Morgan County,,UT,892,12915,13807
49031,Piute County,,UT,93,1449,1542
49033,Rich County,,UT,193,2438,2631
49035,Salt Lake County,,UT,68642,1289811,1358453
49037,San Juan County,,UT,885,11410,12295
49039,Sanpete County,,UT,1586,26721,28307
49041,Sevier County,,UT,1257,22275,23532
49043,Summit County,,UT,4793,51519,56312
49045,Tooele County,,UT,5040,69062,74102
49047,Uintah County,,UT,4210,38148,42358
49049,Utah County,,UT,40158,619418,659576
49051,Wasatch County,,UT,2558,32428,34986
49053,Washington County,,UT,10690,164365,175055
49055,Wayne County,,UT,135,2915,3050
49057,Weber County,,UT,18266,275283,293549
50001,Addison County,,VT,2463,43951,46414
50003,Bennington County,,VT,2059,43980,46039
50005,Caledonia County,,VT,2134,35262,37396
50007,Chittenden County,,VT,12747,193508,206255
50009,Essex County,,VT,407,6814,7221
50011,Franklin County,,VT,3055,59849,62904
50013,Grand Isle County,,VT,691,8764,9455
50015,Lamoille County,,VT,2064,30667,32731
50017,Orange County,,VT,2197,35092,37289
50019,Orleans County,,VT,1541,32699,34240
50021,Rutland County,,VT,3362,73205,76567
50023,Washington County,,VT,4274,72264,76538
50025,Windham County,,VT,3401,51648,55049
50027,Windsor County,,VT,4596,69003,73599
51001,Accomack County,,VA,2155,39366,41521
51003,Albemarle County,,VA,11599,114358,125957
51005,Alleghany County,,VA,767,17296,18063
51007,Amelia County,,VA,897,14991,15888
51009,Amherst County,,VA,2234,34670,36904
51011,Appomattox County,,VA,930,17604,18534
51013,Arlington County,,VA,46443,249495,295938
51015,Augusta County,,VA,4967,85670,90637
51017,Bath County,,VA,315,5255,5570
51019,Bedford County,,VA,5919,88357,94276
51021,Bland County,,VA,272,6463,6735
51023,Botetourt County,,VA,2737,39822,42559
51025,Brunswick County,,VA,922,15631,16553
51027,Buchanan County,,VA,977,20191,21168
51029,Buckingham County,,VA,811,15487,16298
51031,Campbell County,,VA,4912,61095,66007
51033,Caroline County,,VA,2746,33038,35784
51035,Carroll County,,VA,1513,30419,31932
51036,Charles City County,,VA,465,8131,8596
51037,Charlotte County,,VA,740,12941,13681
51041,Chesterfield County,,VA,27849,397430,425279
51043,Clarke County,,VA,1304,16477,17781
51045,Craig County,,VA,261,5619,5880
51047,Culpeper County,,VA,3854,55548,59402
51049,Cumberland County,,VA,800,10221,11021
51051,Dickenson County,,VA,587,13442,14029
51053,Dinwiddie County,,VA,2373,30825,33198
51057,Essex County,,VA,848,12646,13494
51059,Fairfax County,,VA,131831,1331120,1462951
51061,Fauquier County,,VA,6435,81399,87834
51063,Floyd County,,VA,741,17266,18007
51065,Fluvanna County,,VA,2118,29275,31393
51067,Franklin County,,VA,3057,60023,63080
51069,Frederick County,,VA,7283,96805,104088
51071,Giles County,,VA,815,18616,19431
51073,Gloucester County,,VA,2825,43605,46430
51075,Goochland County,,VA,1710,25938,27648
51077,Grayson County,,VA,809,15310,16119
51079,Greene County,,VA,1690,22247,23937
51081,Greensville County,,VA,787,8395,9182
51083,Halifax County,,VA,1298,38134,39432
51085,Hanover County,,VA,7693,125213,132906
51087,Henrico County,,VA,33417,375543,408960
51089,Henry County,,VA,2736,54857,57593
51091,Highland County,,VA,54,2586,2640
51093,Isle of Wight County,,VA,3572,42676,46248
51095,James City County,,VA,7529,86348,93877
51097,King and Queen County,,VA,517,7450,7967
51099,King George County,,VA,2612,28481,31093
51101,King William County,,VA,1441,19759,21200
51103,Lancaster County,,VA,727,13344,14071
51105,Lee County,,VA,886,20388,21274
51107,Loudoun County,,VA,35231,453948,489179
51109,Louisa County,,VA,2519,38203,40722
51111,Lunenburg County,,VA,662,12026,12688
51113,Madison County,,VA,851,15008,15859
51115,Mathews County,,VA,564,10166,10730
51117,Mecklenburg County,,VA,1587,32682,34269
51119,Middlesex County,,VA,747,11923,12670
51121,Montgomery County,,VA,8053,79315,87368
51125,Nelson County,,VA,1055,17630,18685
51127,New Kent County,,VA,1637,24163,25800
51131,Northampton County,,VA,769,14137,14906
51133,Northumberland County,,VA,824,14421,15245
51135,Nottoway County,,VA,897,15115,16012
51137,Orange County,,VA,3377,39387,42764
51139,Page County,,VA,942,26398,27340
51141,Patrick County,,VA,772,18548,19320
51143,Pittsylvania County,,VA,3583,68142,71725
51145,Powhatan County,,VA,1886,32546,34432
51147,Prince Edward County,,VA,1439,18353,19792
51149,Prince George County,,VA,5755,36296,42051
51153,Prince William County,,VA,52558,524418,576976
51155,Pulaski County,,VA,2017,35180,37197
51157,Rappahannock County,,VA,606,8443,9049
51159,Richmond County,,VA,511,8337,8848
51161,Roanoke County,,VA,9790,110266,120056
51163,Rockbridge County,,VA,1486,24398,25884
51165,Rockingham County,,VA,4906,92947,97853
51167,Russell County,,VA,1187,25862,27049
51169,Scott County,,VA,1012,20992,22004
51171,Shenandoah County,,VA,2976,50018,52994
51173,Smyth County,,VA,1270,31988,33258
51175,Southampton County,,VA,1279,18362,19641
51177,Spotsylvania County,,VA,12929,148736,161665
51179,Stafford County,,VA,17706,156064,173770
51181,Surry County,,VA,574,7254,7828
51183,Sussex County,,VA,872,10171,11043
51185,Tazewell County,,VA,2091,41183,43274
51187,Warren County,,VA,3406,44134,47540
51191,Washington County,,VA,3136,55968,59104
51193,Westmoreland County,,VA,1474,19894,21368
51195,Wise County,,VA,1851,35583,37434
51197,Wythe County,,VA,1368,31392,32760
51199,York County,,VA,10456,76545,87001
51510,Alexandria city,,VA,34291,166875,201166
51515,Bedford city,,VA,0,0,0
51520,Bristol city,,VA,1723,16192,17915
51530,Buena Vista city,,VA,765,6507,7272
51540,Charlottesville city,,VA,7103,40645,47748
51550,Chesapeake city,,VA,30242,262750,292992
51570,Colonial Heights city,,VA,2480,19686,22166
51580,Covington city,,VA,552,6459,7011
51590,Danville city,,VA,3474,43173,46647
51595,Emporia city,,VA,853,5899,6752
51600,Fairfax city,,VA,4179,26966,31145
51610,Falls Church city,,VA,2439,14437,16876
51620,Franklin city,,VA,1048,8769,9817
51630,Fredericksburg city,,VA,5971,24595,30566
51640,Galax city,,VA,795,7004,7799
51650,Hampton city,,VA,19475,141363,160838
51660,Harrisonburg city,,VA,5237,39344,44581
51670,Hopewell city,,VA,3052,23265,26317
51678,Lexington city,,VA,746,4981,5727
51680,Lynchburg city,,VA,8679,70535,79214
51683,Manassas city,,VA,7195,46558,53753
51685,Manassas Park city,,VA,3072,17077,20149
51690,Martinsville city,,VA,1568,13692,15260
51700,Newport News city,,VA,25711,188981,214692
51710,Norfolk city,,VA,37114,217987,255101
51720,Norton city,,VA,500,3795,4295
51730,Petersburg city,,VA,5682,31682,37364
51735,Poquoson city,,VA,1075,14504,15579
51740,Portsmouth city,,VA,13707,98991,112698
51750,Radford city,,VA,1662,10720,12382
51760,Richmond city,,VA,29079,199503,228582
51770,Roanoke city,,VA,11597,103248,114845
51775,Salem city,,VA,3129,26593,29722
51790,Staunton city,,VA,2909,25680,28589
51800,Suffolk city,,VA,9630,96659,106289
51810,Virginia Beach city,,VA,54798,509627,564425
51820,Waynesboro city,,VA,2573,23753,26326
51830,Williamsburg city,,VA,2519,10219,12738
51840,Winchester city,,VA,4294,28937,33231
53001,Adams County,,WA,1570,24676,26246
53003,Asotin County,,WA,1885,23214,25099
53005,Benton County,,WA,15257,216559,231816
53007,Chelan County,,WA,6367,92075,98442
53009,Clallam County,,WA,4316,80382,84698
53011,Clark County,,WA,29924,534395,564319
53013,Columbia County,,WA,292,4078,4370
53015,Cowlitz County,,WA,6376,112148,118524
53017,Douglas County,,WA,4028,45981,50009
53019,Ferry County,,WA,490,6501,6991
53021,Franklin County,,WA,8847,102469,111316
53023,Garfield County,,WA,197,2315,2512
53025,Grant County,,WA,5908,111140,117048
53027,Grays Harbor County,,WA,4373,70416,74789
53029,Island County,,WA,9751,91880,101631
53031,Jefferson County,,WA,2275,35311,37586
53033,King County,,WA,153106,2534586,2687692
53035,Kitsap County,,WA,22396,294399,316795
53037,Kittitas County,,WA,3383,41470,44853
53039,Klickitat County,,WA,1577,23802,25379
53041,Lewis County,,WA,4768,82152,86920
53043,Lincoln County,,WA,813,11290,12103
53045,Mason County,,WA,4526,61461,65987
53047,Okanogan County,,WA,2556,45968,48524
53049,Pacific County,,WA,1441,22276,23717
53051,Pend Oreille County,,WA,1011,12642,13653
53053,Pierce County,,WA,70575,953125,1023700
53055,San Juan County,,WA,1142,19117,20259
53057,Skagit County,,WA,8149,141048,149197
53059,Skamania County,,WA,822,11362,12184
53061,Snohomish County,,WA,50900,899403,950303
53063,Spokane County,,WA,25829,550819,576648
53065,Stevens County,,WA,3185,45278,48463
53067,Thurston County,,WA,25106,307019,332125
53069,Wahkiakum County,,WA,282,4151,4433
53071,Walla Walla County,,WA,3930,63631,67561
53073,Whatcom County,,WA,12186,235136,247322
53075,Whitman County,,WA,5425,36988,42413
53077,Yakima County,,WA,10698,299609,310307
54001,Barbour County,,WV,811,16452,17263
54003,Berkeley County,,WV,7195,128131,135326
54005,Boone County,,WV,1151,22444,23595
54007,Braxton County,,WV,539,13766,14305
54009,Brooke County,,WV,1420,26365,27785
54011,Cabell County,,WV,6671,96005,102676
54013,Calhoun County,,WV,256,6831,7087
54015,Clay County,,WV,499,8725,9224
54017,Doddridge County,,WV,422,7314,7736
54019,Fayette County,,WV,2329,43111,45440
54021,Gilmer County,,WV,435,6300,6735
54023,Grant County,,WV,566,13057,13623
54025,Greenbrier County,,WV,1720,37409,39129
54027,Hampshire County,,WV,1282,24380,25662
54029,Hancock County,,WV,2095,35145,37240
54031,Hardy County,,WV,732,16037,16769
54033,Harrison County,,WV,4027,77883,81910
54035,Jackson County,,WV,1221,31860,33081
54037,Jefferson County,,WV,4479,62754,67233
54039,Kanawha County,,WV,11340,211283,222623
54041,Lewis County,,WV,1053,19284,20337
54043,Lincoln County,,WV,977,20476,21453
54045,Logan County,,WV,1450,32681,34131
54047,McDowell County,,WV,862,15716,16578
54049,Marion County,,WV,3455,63719,67174
54051,Marshall County,,WV,1879,36354,38233
54053,Mason County,,WV,1092,26765,27857
54055,Mercer County,,WV,2905,61937,64842
54057,Mineral County,,WV,1317,31713,33030
54059,Mingo County,,WV,1388,22375,23763
54061,Monongalia County,,WV,10273,95978,106251
54063,Monroe County,,WV,802,13872,14674
54065,Morgan County,,WV,1047,18743,19790
54067,Nicholas County,,WV,1071,26364,27435
54069,Ohio County,,WV,2913,48947,51860
54071,Pendleton County,,WV,312,8237,8549
54073,Pleasants County,,WV,379,8116,8495
54075,Pocahontas County,,WV,370,9172,9542
54077,Preston County,,WV,1492,35506,36998
54079,Putnam County,,WV,4269,65762,70031
54081,Raleigh County,,WV,3823,78767,82590
54083,Randolph County,,WV,1299,30654,31953
54085,Ritchie County,,WV,510,10623,11133
54087,Roane County,,WV,821,14227,15048
54089,Summers County,,WV,644,10772,11416
54091,Taylor County,,WV,995,18198,19193
54093,Tucker County,,WV,340,7898,8238
54095,Tyler County,,WV,592,9750,10342
54097,Upshur County,,WV,1290,25797,27087
54099,Wayne County,,WV,2261,39701,41962
54101,Webster County,,WV,265,8056,8321
54103,Wetzel County,,WV,928,17361,18289
54105,Wirt County,,WV,192,6031,6223
54107,Wood County,,WV,4202,97368,101570
54109,Wyoming County,,WV,699,19970,20669
55001,Adams County,,WI,1490,20632,22122
55003,Ashland County,,WI,1104,17849,18953
55005,Barron County,,WI,3041,55427,58468
55007,Bayfield County,,WI,946,18369,19315
55009,Brown County,,WI,14581,322116,336697
55011,Buffalo County,,WI,951,16543,17494
55013,Burnett County,,WI,869,18344,19213
55015,Calumet County,,WI,4725,61143,65868
55017,Chippewa County,,WI,4383,75961,80344
55019,Clark County,,WI,2005,40934,42939
55021,Columbia County,,WI,4834,71012,75846
55023,Crawford County,,WI,1038,18875,19913
55025,Dane County,,WI,35663,634644,670307
55027,Dodge County,,WI,6669,103715,110384
55029,Door County,,WI,1546,37023,38569
55031,Douglas County,,WI,2658,49260,51918
55033,Dunn County,,WI,3352,46141,49493
55035,Eau Claire County,,WI,7866,114003,121869
55037,Florence County,,WI,224,5258,5482
55039,Fond du Lac County,,WI,5976,124672,130648
55041,Forest County,,WI,411,10468,10879
55043,Grant County,,WI,2977,56872,59849
55045,Green County,,WI,2418,46955,49373
55047,Green Lake County,,WI,1597,22722,24319
55049,Iowa County,,WI,1931,29337,31268
55051,Iron County,,WI,343,6966,7309
55053,Jackson County,,WI,1321,22695,24016
55055,Jefferson County,,WI,6478,100168,106646
55057,Juneau County,,WI,1748,29161,30909
55059,Kenosha County,,WI,12380,195735,208115
55061,Kewaunee County,,WI,1117,25598,26715
55063,La Crosse County,,WI,7571,134068,141639
55065,Lafayette County,,WI,1060,21495,22555
55067,Langlade County,,WI,1011,23193,24204
55069,Lincoln County,,WI,1762,34277,36039
55071,Manitowoc County,,WI,3883,99789,103672
55073,Marathon County,,WI,7621,169703,177324
55075,Marinette County,,WI,2679,48637,51316
55077,Marquette County,,WI,1078,18039,19117
55078,Menominee County,,WI,307,4499,4806
55079,Milwaukee County,,WI,58326,1078086,1136412
55081,Monroe County,,WI,3287,53791,57078
55083,Oconto County,,WI,2537,45816,48353
55085,Oneida County,,WI,2640,45603,48243
55087,Outagamie County,,WI,14719,227449,242168
55089,Ozaukee County,,WI,6339,112240,118579
55091,Pepin County,,WI,457,8778,9235
55093,Pierce County,,WI,3104,45686,48790
55095,Polk County,,WI,2714,52756,55470
55097,Portage County,,WI,4741,81524,86265
55099,Price County,,WI,838,17002,17840
55101,Racine County,,WI,11823,235185,247008
55103,Richland County,,WI,1029,19784,20813
55105,Rock County,,WI,8518,195028,203546
55107,Rusk County,,WI,740,16256,16996
55109,St. Croix County,,WI,6403,107457,113860
55111,Sauk County,,WI,4944,79483,84427
55113,Sawyer County,,WI,1051,19544,20595
55115,Shawano County,,WI,2570,48488,51058
55117,Sheboygan County,,WI,5605,145897,151502
55119,Taylor County,,WI,1032,23757,24789
55121,Trempealeau County,,WI,2086,39237,41323
55123,Vernon County,,WI,1819,34717,36536
55125,Vilas County,,WI,1466,25957,27423
55127,Walworth County,,WI,7689,118719,126408
55129,Washburn County,,WI,1092,19503,20595
55131,Washington County,,WI,9032,170971,180003
55133,Waukesha County,,WI,27062,506156,533218
55135,Waupaca County,,WI,3305,62181,65486
55137,Waushara County,,WI,1686,27327,29013
55139,Winnebago County,,WI,12711,197350,210061
55141,Wood County,,WI,4700,91770,96470
56001,Albany County,,WY,4377,34190,38567
56003,Big Horn County,,WY,900,13138,14038
56005,Campbell County,,WY,4909,57735,62644
56007,Carbon County,,WY,1528,17600,19128
56009,Converse County,,WY,1603,16213,17816
56011,Crook County,,WY,678,8339,9017
56013,Fremont County,,WY,2542,44734,47276
56015,Goshen County,,WY,1057,13900,14957
56017,Hot Springs County,,WY,296,5270,5566
56019,Johnson County,,WY,683,10097,10780
56021,Laramie County,,WY,9512,112967,122479
56023,Lincoln County,,WY,1391,21096,22487
56025,Natrona County,,WY,7404,94120,101524
56027,Niobrara County,,WY,166,2658,2824
56029,Park County,,WY,2483,35407,37890
56031,Platte County,,WY,801,10330,11131
56033,Sheridan County,,WY,2243,35402,37645
56035,Sublette County,,WY,970,10681,11651
56037,Sweetwater County,,WY,4152,53050,57202
56039,Teton County,,WY,2758,32659,35417
56041,Uinta County,,WY,1698,24894,26592
56043,Washakie County,,WY,664,9813,10477
56045,Weston County,,WY,598,8222,8820
2270,Kusilvak Census Area,,AK,362,7796,8158
46113,Oglala Lakota County,,SD,3187,8876,12063
