Id,Label,timeset,state,totalmig,totalnonmig,population,indegree,outdegree,Degree,weighted indegree,weighted outdegree,Weighted Degree,Eccentricity,closnesscentrality,harmonicclosnesscentrality,betweenesscentrality,Authority,Hub,modularity_class,pageranks,componentnumber,strongcompnum,clustering,eigencentrality
1001,Autauga County,,AL,6150,57921,64071,17,19,36,3587,3534,7121,6,0.328054,0.348385,1172.212545,0.004138,0.005713,0,0.000277,0,29,0.487692,0.032424
1003,Baldwin County,,AL,11254,190475,201729,54,40,94,7994,5777,13771,6,0.357187,0.38392,9528.800634,0.015731,0.016127,0,0.000816,0,29,0.369432,0.123078
1005,Barbour County,,AL,1632,25045,26677,9,9,18,966,834,1800,7,0.283258,0.297242,5988.771477,0.000701,0.000823,0,0.000247,0,29,0.4,0.006312
1007,Bibb County,,AL,1413,20893,22306,4,4,8,862,931,1793,7,0.287413,0.300365,0.515152,0.000615,0.00048,0,0.000103,0,29,0.916667,0.004123
1009,Blount County,,AL,3318,59374,62692,7,11,18,2554,2445,4999,7,0.291662,0.306216,6.624528,0.00057,0.000945,0,0.000155,0,29,0.7,0.004163
1011,Bullock County,,AL,654,9648,10302,1,4,5,166,398,564,7,0.276955,0.288599,0,0.000251,0.000214,0,0.000061,0,29,0.666667,0.001631
1013,Butler County,,AL,1097,21777,22874,5,6,11,418,464,882,7,0.277273,0.289288,26.371439,0.000526,0.000247,0,0.000136,0,29,0.380952,0.003782
1015,Calhoun County,,AL,6714,125006,131720,20,21,41,3235,3565,6800,6,0.31746,0.337523,8454.817316,0.003564,0.004509,0,0.000358,0,29,0.448333,0.026771
1017,Chambers County,,AL,2256,35618,37874,7,4,11,1753,1383,3136,7,0.278873,0.291087,34.74629,0.000801,0.000471,0,0.000161,0,29,0.714286,0.006504
1019,Cherokee County,,AL,1266,24464,25730,5,6,11,714,676,1390,7,0.242779,0.25267,38.699281,0.00009,0.000085,0,0.000127,0,29,0.5,0.001064
1021,Chilton County,,AL,2414,45139,47553,9,10,19,1484,1409,2893,7,0.289971,0.304647,15.614423,0.000949,0.000908,0,0.00017,0,29,0.681818,0.006663
1023,Choctaw County,,AL,816,14138,14954,2,4,6,119,218,337,7,0.278525,0.291087,22.521898,0.000035,0.000308,0,0.000089,0,29,0.45,0.000393
1025,Clarke County,,AL,1364,28222,29586,7,8,15,602,692,1294,7,0.281389,0.295087,43.665008,0.000825,0.000623,0,0.000183,0,29,0.5,0.005899
1027,Clay County,,AL,846,14801,15647,4,5,9,428,432,860,7,0.24203,0.251305,5.239108,0.00006,0.000057,0,0.000121,0,29,0.6,0.000835
1029,Cleburne County,,AL,1038,14704,15742,5,5,10,565,672,1237,7,0.251431,0.261948,18.710792,0.000117,0.000093,0,0.00013,0,29,0.5,0.001169
1031,Coffee County,,AL,6353,49445,55798,19,23,42,2761,3305,6066,6,0.332454,0.354333,1993.053931,0.005889,0.007992,0,0.00029,0,29,0.552308,0.043952
1033,Colbert County,,AL,3453,60341,63794,10,10,20,2033,2266,4299,7,0.291575,0.306084,1292.017066,0.000907,0.000782,0,0.000225,0,29,0.6,0.007003
1035,Conecuh County,,AL,707,12905,13612,4,3,7,312,297,609,8,0.230342,0.237917,3.691906,0.00027,0.000024,0,0.000123,0,29,0.5,0.002036
1037,Coosa County,,AL,1047,9970,11017,4,4,8,496,682,1178,7,0.263015,0.273828,0.166667,0.000453,0.000123,0,0.000099,0,29,0.95,0.003199
1039,Covington County,,AL,1857,38055,39912,11,10,21,970,807,1777,7,0.288989,0.3038,1109.918172,0.001225,0.001013,0,0.000242,0,29,0.393939,0.009703
1041,Crenshaw County,,AL,896,14095,14991,4,4,8,469,439,908,7,0.276955,0.288599,1.838694,0.000269,0.000219,0,0.000119,0,29,0.75,0.002079
1043,Cullman County,,AL,3926,85588,89514,13,11,24,2210,2182,4392,7,0.291575,0.306072,50.950064,0.001043,0.000935,0,0.000248,0,29,0.604396,0.008148
1045,Dale County,,AL,7840,48286,56126,23,24,47,3767,4398,8165,6,0.328166,0.34946,5607.397058,0.006894,0.006988,0,0.000377,0,29,0.477513,0.054297
1047,Dallas County,,AL,2267,45207,47474,8,13,21,763,1366,2129,7,0.29382,0.309406,169.749011,0.000747,0.001421,0,0.00016,0,29,0.602564,0.005272
1049,DeKalb County,,AL,3578,72712,76290,11,9,20,2180,2086,4266,7,0.292811,0.307704,870.282765,0.001053,0.000983,0,0.000233,0,29,0.436364,0.008613
1051,Elmore County,,AL,7410,84683,92093,16,18,34,5109,4626,9735,7,0.296675,0.313716,333.992485,0.001916,0.001929,0,0.000273,0,29,0.518421,0.014389
1053,Escambia County,,AL,2047,37287,39334,6,7,13,1031,1106,2137,7,0.285855,0.300219,1001.162654,0.001055,0.001185,0,0.000159,0,29,0.666667,0.007998
1055,Etowah County,,AL,4976,108138,113114,12,16,28,2851,3155,6006,7,0.295526,0.311906,589.625666,0.001232,0.001476,0,0.000224,0,29,0.591912,0.009188
1057,Fayette County,,AL,891,17085,17976,5,4,9,481,450,931,7,0.261568,0.271921,36.537751,0.000093,0.00007,0,0.000142,0,29,0.55,0.001066
1059,Franklin County,,AL,2634,35200,37834,11,11,22,1246,1544,2790,7,0.284844,0.298509,2046.808099,0.000559,0.000456,0,0.000268,0,29,0.477273,0.0045
1061,Geneva County,,AL,1931,25811,27742,5,6,11,1018,1023,2041,7,0.254676,0.265548,5.393704,0.00019,0.000241,0,0.000134,0,29,0.566667,0.001913
1063,Greene County,,AL,493,8913,9406,2,2,4,208,272,480,7,0.26145,0.271461,0,0.000086,0.000068,0,0.000088,0,29,1,0.000758
1065,Hale County,,AL,1135,16653,17788,3,2,5,493,696,1189,7,0.26145,0.271461,0,0.00009,0.000068,0,0.000101,0,29,0.833333,0.000852
1067,Henry County,,AL,1280,17530,18810,3,3,6,844,806,1650,7,0.250952,0.261038,0,0.000122,0.00013,0,0.000103,0,29,1,0.001306
1069,Houston County,,AL,7746,107646,115392,34,31,65,5029,4681,9710,6,0.326466,0.349241,16970.051748,0.008627,0.007342,0,0.000565,0,29,0.370732,0.066696
1071,Jackson County,,AL,2353,55691,58044,7,7,14,1272,1302,2574,7,0.286137,0.299388,74.382911,0.00061,0.000642,0,0.00019,0,29,0.446429,0.005627
1073,Jefferson County,,AL,35062,715060,750122,119,128,247,24494,27827,52321,6,0.402219,0.439833,98988.998409,0.040563,0.051837,0,0.001658,0,29,0.307317,0.312381
1075,Lamar County,,AL,816,14720,15536,3,5,8,251,438,689,7,0.268842,0.279941,29.184805,0.000032,0.000088,0,0.000116,0,29,0.5,0.000484
1077,Lauderdale County,,AL,4665,96237,100902,11,15,26,2436,2733,5169,6,0.304974,0.321431,3227.574188,0.001077,0.001925,0,0.000235,0,29,0.371324,0.00813
1079,Lawrence County,,AL,1881,36685,38566,7,8,15,1199,1423,2622,7,0.28398,0.296612,15.401417,0.000418,0.000408,0,0.000168,0,29,0.696429,0.003766
1081,Lee County,,AL,11104,133042,144146,45,35,80,8650,6464,15114,6,0.342628,0.36808,8618.575135,0.014382,0.012017,0,0.000684,0,29,0.406486,0.112836
1083,Limestone County,,AL,5146,89986,95132,14,13,27,4616,3028,7644,6,0.316801,0.334948,396.46433,0.001679,0.001906,0,0.000274,0,29,0.419118,0.012461
1085,Lowndes County,,AL,1127,13424,14551,4,5,9,596,854,1450,7,0.27722,0.289058,2.007206,0.00028,0.000256,0,0.000104,0,29,0.75,0.00211
1087,Macon County,,AL,1841,20544,22385,5,6,11,682,1136,1818,7,0.291986,0.306515,28.211144,0.000374,0.000978,0,0.000115,0,29,0.690476,0.003112
1089,Madison County,,AL,20799,379217,400016,111,91,202,14482,13446,27928,6,0.395311,0.428914,45505.095551,0.042774,0.042917,0,0.001484,0,29,0.365976,0.328548
1091,Marengo County,,AL,1281,22297,23578,7,8,15,425,567,992,7,0.288758,0.302917,696.918575,0.000509,0.000722,0,0.000209,0,29,0.344444,0.003762
1093,Marion County,,AL,1449,28823,30272,7,8,15,759,701,1460,7,0.287442,0.301049,139.169012,0.0001,0.000412,0,0.000196,0,29,0.553571,0.00139
1095,Marshall County,,AL,5579,101791,107370,13,14,27,3620,3557,7177,7,0.293018,0.308572,305.913436,0.00107,0.001283,0,0.000254,0,29,0.558824,0.008308
1097,Mobile County,,AL,18238,440165,458403,68,74,142,9473,11231,20704,6,0.381981,0.413575,26392.662945,0.027065,0.032804,0,0.000983,0,29,0.397753,0.211427
1099,Monroe County,,AL,1183,23439,24622,6,6,12,456,517,973,7,0.289277,0.303233,1075.143717,0.000658,0.000877,0,0.000164,0,29,0.619048,0.004886
1101,Montgomery County,,AL,19206,246728,265934,69,80,149,11105,13677,24782,6,0.382737,0.415057,52519.337574,0.024633,0.031296,0,0.001,0,29,0.342369,0.193046
1103,Morgan County,,AL,7204,134450,141654,16,19,35,4155,4584,8739,6,0.324312,0.344454,1163.964271,0.002306,0.003157,0,0.000293,0,29,0.448052,0.017744
1105,Perry County,,AL,638,10660,11298,2,5,7,154,316,470,7,0.287214,0.300302,2.725962,0.000092,0.0004,0,0.000076,0,29,0.65,0.000771
1107,Pickens County,,AL,1076,20569,21645,2,4,6,370,653,1023,7,0.287385,0.300446,5.724665,0.000108,0.000413,0,0.00008,0,29,0.583333,0.000907
1109,Pike County,,AL,2262,29512,31774,10,10,20,969,1186,2155,7,0.289652,0.304383,116.177851,0.00091,0.000954,0,0.000206,0,29,0.469697,0.006699
1111,Randolph County,,AL,1092,22922,24014,10,6,16,746,516,1262,7,0.257047,0.268525,106.456481,0.000378,0.000224,0,0.000226,0,29,0.4,0.003368
1113,Russell County,,AL,6986,52443,59429,23,16,39,5795,4612,10407,6,0.324059,0.344523,953.831871,0.007604,0.006496,0,0.000354,0,29,0.547692,0.060437
1115,St. Clair County,,AL,5707,86000,91707,11,10,21,4104,3716,7820,7,0.291809,0.306388,15.248316,0.001168,0.001009,0,0.000201,0,29,0.712121,0.00892
1117,Shelby County,,AL,15174,210442,225616,40,45,85,11831,10402,22233,6,0.355436,0.382638,8832.078711,0.01029,0.01394,0,0.00062,0,29,0.367226,0.08084
1119,Sumter County,,AL,747,12811,13558,3,4,7,170,348,518,7,0.287841,0.301078,41.71701,0.000525,0.000414,0,0.000093,0,29,0.583333,0.003491
1121,Talladega County,,AL,4503,82114,86617,14,16,30,2912,2913,5825,7,0.29619,0.312825,2499.17887,0.00202,0.001639,0,0.000255,0,29,0.526144,0.015504
1123,Tallapoosa County,,AL,4039,44752,48791,11,17,28,1464,3027,4491,7,0.291662,0.307957,972.374093,0.001052,0.001122,0,0.000216,0,29,0.404412,0.008012
1125,Tuscaloosa County,,AL,9837,189110,198947,43,43,86,6420,5792,12212,6,0.353831,0.380316,36851.261976,0.007993,0.010039,0,0.000759,0,29,0.236548,0.063348
1127,Walker County,,AL,3034,67649,70683,9,10,19,1677,1694,3371,7,0.28787,0.301917,219.043579,0.000634,0.000622,0,0.000214,0,29,0.522222,0.00475
1129,Washington County,,AL,1114,18180,19294,4,3,7,445,617,1062,7,0.276955,0.288426,12.029515,0.0004,0.00035,0,0.00012,0,29,0.5,0.003093
1131,Wilcox County,,AL,715,12087,12802,4,5,9,259,277,536,7,0.289277,0.303118,6.171476,0.000683,0.000753,0,0.000102,0,29,0.75,0.004499
1133,Winston County,,AL,1301,24201,25502,8,7,15,823,790,1613,7,0.287556,0.300969,68.999879,0.000544,0.000445,0,0.000187,0,29,0.638889,0.004149
2013,Aleutians East Borough,,AK,346,1846,2192,0,2,2,0,102,102,6,0.312238,0.327381,0,0,0.001292,185,0.000051,0,30,1,0
2016,Aleutians West Census Area,,AK,641,4553,5194,1,2,3,52,144,196,6,0.312197,0.327322,0,0.000801,0.001292,185,0.000063,0,29,1,0.006514
2020,Anchorage Municipality,,AK,30072,321742,351814,142,143,285,17250,19875,37125,6,0.401996,0.44158,77687.470498,0.050415,0.051683,185,0.002111,0,29,0.28117,0.391026
2050,Bethel Census Area,,AK,994,17249,18243,4,3,7,485,525,1010,7,0.286816,0.29992,1.5,0.000495,0.000423,185,0.000146,0,29,0.666667,0.003925
2060,Bristol Bay Borough,,AK,143,1027,1170,0,0,0,0,0,0,0,0,0,0,0,0,1,0.000051,1,31,0,0
2068,Denali Borough,,AK,287,2314,2601,1,1,2,60,54,114,7,0.268643,0.279539,0,0.000187,0.000157,185,0.000062,0,29,0,0.001308
2070,Dillingham Census Area,,AK,319,5179,5498,1,1,2,76,100,176,7,0.28676,0.299576,0,0.000415,0.000404,185,0.000063,0,29,0,0.003195
2090,Fairbanks North Star Borough,,AK,14353,103164,117517,53,61,114,5862,7315,13177,6,0.367275,0.397707,14008.209352,0.019529,0.023284,185,0.000809,0,29,0.427968,0.153476
2100,Haines Borough,,AK,144,2669,2813,0,0,0,0,0,0,0,0,0,0,0,0,2,0.000051,2,32,0,0
2105,Hoonah-Angoon Census Area,,AK,182,1997,2179,0,1,1,0,63,63,7,0.250432,0.258218,0,0,0.000022,185,0.000051,0,33,0,0
2110,Juneau City and Borough,,AK,2543,35242,37785,9,7,16,738,645,1383,6,0.333986,0.353092,6047.333165,0.002725,0.002597,185,0.000231,0,29,0.477778,0.021811
2122,Kenai Peninsula Borough,,AK,3909,59978,63887,7,7,14,1445,1355,2800,6,0.333947,0.353034,265.83733,0.001926,0.002614,185,0.000177,0,29,0.569444,0.015854
2130,Ketchikan Gateway Borough,,AK,1292,14863,16155,3,5,8,163,315,478,6,0.312433,0.32804,2934.584339,0.000822,0.0017,185,0.000169,0,29,0.55,0.006885
2150,Kodiak Island Borough,,AK,1785,15415,17200,6,3,9,346,334,680,7,0.287442,0.300748,43.331684,0.002469,0.0006,185,0.000131,0,29,0.392857,0.018955
2164,Lake and Peninsula Borough,,AK,160,1588,1748,1,0,1,61,0,61,0,0,0,0,0.000415,0,185,0.000063,0,8,0,0.003195
2170,Matanuska-Susitna Borough,,AK,6889,93330,100219,16,16,32,4685,3228,7913,6,0.338785,0.360351,1225.761281,0.004879,0.007011,185,0.000314,0,29,0.508658,0.039379
2180,Nome Census Area,,AK,538,9230,9768,2,1,3,237,144,381,7,0.28676,0.299576,0,0.000419,0.000404,185,0.000081,0,29,1,0.003304
2185,North Slope Borough,,AK,588,7371,7959,1,3,4,112,309,421,7,0.287442,0.300748,0,0.000415,0.0006,185,0.000063,0,29,1,0.003195
2188,Northwest Arctic Borough,,AK,529,6190,6719,1,3,4,132,265,397,7,0.287413,0.30069,0,0.000415,0.000564,185,0.000063,0,29,0.666667,0.003195
2195,Petersburg Census Area,,AK,356,4072,4428,0,0,0,0,0,0,0,0,0,0,0,0,3,0.000051,3,34,0,0
2198,Prince of Wales-Hyder Census Area,,AK,323,4954,5277,2,1,3,95,61,156,7,0.238076,0.244738,5.709994,0.000428,0.000007,185,0.000092,0,29,0.5,0.003335
2220,Sitka City and Borough,,AK,994,9801,10795,1,2,3,41,153,194,7,0.286845,0.299863,0,0.000021,0.000426,185,0.000079,0,29,1,0.000259
2230,Skagway Municipality,,AK,145,1192,1337,0,0,0,0,0,0,0,0,0,0,0,0,4,0.000051,4,35,0,0
2240,Southeast Fairbanks Census Area,,AK,914,8114,9028,2,3,5,249,342,591,7,0.287442,0.300748,0,0.000601,0.0006,185,0.000075,0,29,1,0.004503
2261,Valdez-Cordova Census Area,,AK,1167,10483,11650,3,4,7,325,412,737,7,0.28747,0.30092,0,0.000658,0.000616,185,0.000091,0,29,1,0.004909
2270,Wade Hampton Census Area,,AK,363,7531,7894,2,2,4,216,197,413,7,0.286788,0.299748,0,0.000418,0.000408,185,0.000105,0,29,1,0.003315
2275,Wrangell City and Borough,,AK,185,2407,2592,0,0,0,0,0,0,0,0,0,0,0,0,5,0.000051,5,36,0,0
2282,Yakutat City and Borough,,AK,81,566,647,0,0,0,0,0,0,0,0,0,0,0,0,6,0.000051,6,37,0,0
2290,Yukon-Koyukuk Census Area,,AK,496,5728,6224,2,2,4,272,275,547,7,0.287385,0.300518,0,0.000601,0.000561,185,0.000075,0,29,1,0.004503
4001,Apache County,,AZ,6150,64784,70934,12,12,24,5426,4753,10179,6,0.332989,0.352259,130.226965,0.00439,0.002958,7,0.000185,0,29,0.619048,0.032785
4003,Cochise County,,AZ,12881,133754,146635,40,44,84,6500,7213,13713,6,0.357363,0.384753,766.073512,0.019399,0.019778,7,0.000514,0,29,0.584087,0.150572
4005,Coconino County,,AZ,12836,130671,143507,26,37,63,6905,8502,15407,6,0.352327,0.377862,484.809235,0.011414,0.016138,7,0.000357,0,29,0.5722,0.085872
4007,Gila County,,AZ,3553,52077,55630,8,7,15,2271,2309,4580,6,0.332264,0.350621,4.481738,0.00339,0.002332,7,0.000143,0,29,0.910714,0.025707
4009,Graham County,,AZ,2006,29890,31896,9,7,16,1138,1193,2331,6,0.332264,0.350621,2941.955183,0.002386,0.002253,7,0.000165,0,29,0.722222,0.018374
4011,Greenlee County,,AZ,654,7952,8606,1,3,4,163,316,479,6,0.332074,0.349874,0,0.000018,0.001768,7,0.000071,0,29,1,0.000237
4012,La Paz County,,AZ,1273,15391,16664,4,5,9,543,572,1115,6,0.332454,0.350649,0,0.002523,0.002632,8,0.000093,0,29,1,0.018807
4013,Maricopa County,,AZ,184472,3999798,4184270,563,564,1127,167693,163474,331167,5,0.496745,0.564609,857089.084367,0.137505,0.133343,7,0.007461,0,29,0.086733,1
4015,Mohave County,,AZ,13235,184139,197374,39,34,73,8581,7483,16064,6,0.348474,0.373713,1861.471094,0.016821,0.016544,8,0.000522,0,29,0.579556,0.125196
4017,Navajo County,,AZ,8356,99482,107838,20,19,39,5473,5891,11364,6,0.33938,0.360678,219.442156,0.007593,0.007652,7,0.000291,0,29,0.6,0.057234
4019,Pima County,,AZ,47628,1016858,1064486,189,194,383,32113,34837,66950,5,0.432771,0.474115,39753.611841,0.080536,0.081924,7,0.00225,0,29,0.321111,0.592501
4021,Pinal County,,AZ,37770,306634,344404,72,64,136,26299,30271,56570,6,0.369051,0.400213,2473.287376,0.032464,0.031494,7,0.000894,0,29,0.52232,0.241893
4023,Santa Cruz County,,AZ,2665,53774,56439,4,4,8,1463,1885,3348,6,0.334178,0.35269,0,0.002922,0.002976,7,0.000091,0,29,1,0.022255
4025,Yavapai County,,AZ,15516,215436,230952,35,40,75,9682,9198,18880,6,0.351302,0.378103,211.733795,0.018865,0.020514,7,0.000421,0,29,0.66549,0.141162
4027,Yuma County,,AZ,12290,224302,236592,36,38,74,7054,7103,14157,6,0.359,0.38546,197.803137,0.018012,0.021598,8,0.000429,0,29,0.670656,0.135976
5001,Arkansas County,,AR,1147,20782,21929,4,6,10,338,491,829,7,0.288156,0.300854,6.65086,0.000422,0.000388,56,0.000125,0,29,0.547619,0.002776
5003,Ashley County,,AR,1212,23169,24381,6,7,13,391,535,926,7,0.288931,0.302164,200.155986,0.000386,0.000344,56,0.000173,0,29,0.321429,0.0026
5005,Baxter County,,AR,2429,42449,44878,10,7,17,872,706,1578,6,0.291194,0.304259,11334.269751,0.001186,0.000422,56,0.000348,0,29,0.295455,0.009954
5007,Benton County,,AR,17115,237524,254639,71,59,130,13505,10297,23802,6,0.382687,0.411649,42342.672401,0.02858,0.024422,56,0.001172,0,29,0.395886,0.219133
5009,Boone County,,AR,2344,38279,40623,9,11,20,1185,1132,2317,6,0.29619,0.310569,13406.316686,0.000525,0.000797,56,0.000353,0,29,0.272727,0.005126
5011,Bradley County,,AR,696,11475,12171,2,3,5,163,220,383,7,0.287984,0.300078,114.180783,0.000003,0.000246,56,0.000097,0,29,0.5,0.000209
5013,Calhoun County,,AR,346,4851,5197,1,3,4,61,155,216,7,0.244313,0.252406,0,0.000003,0.000016,56,0.000082,0,29,0.666667,0.000115
5015,Carroll County,,AR,2061,28405,30466,7,6,13,737,978,1715,6,0.27968,0.290799,45.459219,0.000338,0.000371,56,0.00022,0,29,0.452381,0.003756
5017,Chicot County,,AR,730,10920,11650,4,5,9,230,350,580,7,0.288931,0.301521,21.954437,0.000364,0.000265,56,0.000127,0,29,0.5,0.002361
5019,Clark County,,AR,1683,21104,22787,6,7,13,528,779,1307,6,0.31304,0.329368,2689.723398,0.000423,0.001272,56,0.000252,0,29,0.428571,0.003322
5021,Clay County,,AR,970,16019,16989,4,5,9,401,546,947,7,0.239888,0.24874,59.716758,0.000016,0.00006,150,0.000187,0,29,0.6,0.000499
5023,Cleburne County,,AR,1937,25906,27843,8,7,15,908,961,1869,7,0.288041,0.300796,2485.101154,0.001197,0.00033,56,0.000233,0,29,0.416667,0.00876
5025,Cleveland County,,AR,549,8765,9314,2,3,5,206,267,473,7,0.257366,0.266629,192.863259,0.000048,0.000029,56,0.00009,0,29,0.25,0.000403
5027,Columbia County,,AR,1412,23492,24904,7,9,16,520,594,1114,6,0.314057,0.33092,1099.302617,0.000459,0.001366,56,0.000197,0,29,0.402778,0.003249
5029,Conway County,,AR,1522,21488,23010,6,5,11,785,968,1753,7,0.287813,0.300193,3.400744,0.000432,0.000292,56,0.000207,0,29,0.7,0.002979
5031,Craighead County,,AR,6362,95372,101734,31,21,52,4485,3744,8229,6,0.307888,0.32531,29684.759968,0.006108,0.001379,150,0.000795,0,29,0.232008,0.049748
5033,Crawford County,,AR,4541,62076,66617,10,10,20,2759,2956,5715,6,0.299031,0.31373,430.226174,0.000463,0.001021,56,0.000258,0,29,0.55303,0.004774
5035,Crittenden County,,AR,3743,54665,58408,8,10,18,1723,2018,3741,6,0.30491,0.320443,478.488546,0.001097,0.000997,150,0.000206,0,29,0.533333,0.008039
5037,Cross County,,AR,1319,18993,20312,4,7,11,492,708,1200,6,0.30475,0.31981,6.926267,0.000032,0.000935,150,0.000144,0,29,0.761905,0.000928
5039,Dallas County,,AR,504,7802,8306,5,2,7,261,136,397,7,0.238585,0.245851,10.281188,0.000407,0.000007,56,0.000162,0,29,0.366667,0.002616
5041,Desha County,,AR,1010,13354,14364,5,6,11,369,532,901,7,0.287898,0.300452,227.813838,0.000408,0.000311,56,0.000146,0,29,0.633333,0.002645
5043,Drew County,,AR,1306,18239,19545,7,8,15,578,572,1150,7,0.288242,0.301141,2988.421303,0.000413,0.000314,56,0.000195,0,29,0.464286,0.002844
5045,Faulkner County,,AR,8410,112352,120762,32,25,57,5798,5010,10808,6,0.345033,0.369023,7102.645175,0.004809,0.006799,56,0.000726,0,29,0.268137,0.040528
5047,Franklin County,,AR,1240,17717,18957,5,5,10,675,680,1355,7,0.25632,0.266145,0.142857,0.000085,0.000071,56,0.000149,0,29,0.95,0.001081
5049,Fulton County,,AR,719,10989,11708,4,5,9,291,324,615,7,0.23583,0.243987,468.843201,0.000004,0.000059,56,0.000205,0,29,0.35,0.000458
5051,Garland County,,AR,5682,100270,105952,30,21,51,3404,2659,6063,6,0.34965,0.373276,16607.592239,0.008237,0.006167,56,0.000676,0,29,0.355114,0.067505
5053,Grant County,,AR,1340,18910,20250,5,6,11,737,855,1592,7,0.28787,0.300423,1.12619,0.00047,0.000401,56,0.000156,0,29,0.9,0.003416
5055,Greene County,,AR,2369,42932,45301,9,11,20,1728,1338,3066,6,0.307138,0.322925,5703.433155,0.000392,0.001121,150,0.000348,0,29,0.310606,0.003367
5057,Hempstead County,,AR,1536,21937,23473,5,8,13,534,750,1284,7,0.288385,0.301572,6074.054874,0.000082,0.000365,160,0.00019,0,29,0.375,0.00095
5059,Hot Spring County,,AR,2140,31646,33786,5,6,11,1111,1415,2526,7,0.287813,0.300308,1.149562,0.000433,0.000378,56,0.000169,0,29,0.833333,0.003229
5061,Howard County,,AR,921,14636,15557,5,7,12,420,438,858,7,0.288471,0.301572,287.435225,0.000023,0.0003,160,0.000193,0,29,0.52381,0.000641
5063,Independence County,,AR,2087,38618,40705,9,11,20,1035,1048,2083,6,0.291165,0.30469,8338.709298,0.000442,0.000454,56,0.000369,0,29,0.340909,0.00377
5065,Izard County,,AR,875,11749,12624,3,4,7,176,336,512,7,0.225786,0.232488,10.515941,0.000005,0.000013,56,0.000144,0,29,0.583333,0.000323
5067,Jackson County,,AR,923,15347,16270,5,4,9,318,426,744,7,0.288099,0.300509,4.556303,0.000394,0.000306,56,0.00018,0,29,0.8,0.003016
5069,Jefferson County,,AR,5199,79262,84461,16,19,35,1987,3151,5138,6,0.346186,0.368891,13671.315623,0.003219,0.005891,56,0.000364,0,29,0.402632,0.026172
5071,Johnson County,,AR,1367,25200,26567,7,8,15,671,715,1386,6,0.279815,0.291287,83.821421,0.000203,0.000431,56,0.000196,0,29,0.678571,0.002315
5073,Lafayette County,,AR,492,6781,7273,2,4,6,104,243,347,7,0.241486,0.249874,3.201766,0.00003,0.000032,160,0.00009,0,29,0.5,0.00036
5075,Lawrence County,,AR,1177,16110,17287,5,3,8,465,668,1133,7,0.235485,0.243021,4.681746,0.000025,0.000052,150,0.000211,0,29,0.6,0.00097
5077,Lee County,,AR,639,7989,8628,3,4,7,196,266,462,7,0.288099,0.30048,0.583333,0.000371,0.000305,150,0.000102,0,29,0.75,0.002309
5079,Lincoln County,,AR,714,11053,11767,3,4,7,356,395,751,7,0.257343,0.266715,1.983333,0.000052,0.000033,56,0.000108,0,29,0.666667,0.000541
5081,Little River County,,AR,907,13050,13957,5,4,9,373,425,798,7,0.249828,0.259077,12.496467,0.000085,0.000058,160,0.000155,0,29,0.8,0.000974
5083,Logan County,,AR,1453,22354,23807,6,8,14,648,848,1496,7,0.277432,0.288998,50.001353,0.000085,0.000303,56,0.000178,0,29,0.571429,0.001191
5085,Lonoke County,,AR,6651,72498,79149,14,14,28,4365,3732,8097,6,0.31556,0.332741,979.109123,0.003894,0.001981,56,0.000329,0,29,0.503676,0.031893
5087,Madison County,,AR,1027,15799,16826,3,3,6,573,710,1283,6,0.279383,0.289879,0,0.000318,0.000361,56,0.000119,0,29,1,0.003087
5089,Marion County,,AR,1141,15510,16651,2,2,4,463,482,945,7,0.228743,0.235366,0,0.00001,0.000014,56,0.00012,0,29,1,0.000317
5091,Miller County,,AR,3848,41905,45753,12,12,24,2731,2568,5299,6,0.317426,0.335701,10765.49815,0.002126,0.002312,160,0.000296,0,29,0.391026,0.017637
5093,Mississippi County,,AR,3220,47767,50987,8,11,19,1057,1567,2624,6,0.327351,0.346839,3794.461924,0.001005,0.001995,150,0.000233,0,29,0.472727,0.00762
5095,Monroe County,,AR,597,7974,8571,2,3,5,130,195,325,7,0.28767,0.299676,1,0.000363,0.000257,56,0.000085,0,29,0.5,0.002165
5097,Montgomery County,,AR,550,8322,8872,2,2,4,185,179,364,7,0.25916,0.268451,0,0.00005,0.000067,56,0.000121,0,29,1,0.000748
5099,Nevada County,,AR,611,9108,9719,1,1,2,177,205,382,8,0.223852,0.229781,0,0.000003,0.000001,160,0.000071,0,29,0,0.000101
5101,Newton County,,AR,539,7883,8422,1,1,2,180,245,425,7,0.228526,0.234791,0,0.000006,0.000004,56,0.000078,0,29,0,0.000139
5103,Ouachita County,,AR,1519,26362,27881,6,6,12,534,613,1147,7,0.287898,0.30048,4034.376277,0.000389,0.000323,56,0.000224,0,29,0.404762,0.002624
5105,Perry County,,AR,893,10524,11417,5,4,9,481,487,968,7,0.287756,0.299963,1.25,0.000441,0.000285,56,0.000168,0,29,0.8,0.00308
5107,Phillips County,,AR,1347,20719,22066,5,7,12,351,543,894,6,0.304782,0.319868,137.714508,0.000984,0.000976,150,0.000137,0,29,0.482143,0.00688
5109,Pike County,,AR,733,11081,11814,5,4,9,312,317,629,7,0.259438,0.269227,73.395922,0.000066,0.00007,56,0.000204,0,29,0.35,0.001059
5111,Poinsett County,,AR,1472,23807,25279,5,6,11,949,894,1843,6,0.301487,0.315851,4.577255,0.000052,0.00066,150,0.000163,0,29,0.733333,0.001058
5113,Polk County,,AR,1184,19695,20879,2,5,7,124,363,487,7,0.270775,0.281677,101.39447,0.000001,0.000254,56,0.000112,0,29,0.4,0.000198
5115,Pope County,,AR,4202,61444,65646,14,16,30,2182,2393,4575,6,0.314773,0.332908,944.053567,0.000878,0.00172,56,0.000373,0,29,0.444853,0.007873
5117,Prairie County,,AR,604,8327,8931,4,3,7,244,342,586,7,0.28767,0.299676,0.4,0.000389,0.000284,56,0.00013,0,29,0.833333,0.002701
5119,Pulaski County,,AR,27553,417064,444617,98,111,209,19181,20003,39184,6,0.403619,0.439057,162459.79984,0.029916,0.044419,56,0.001821,0,29,0.291214,0.237516
5121,Randolph County,,AR,984,17606,18590,4,4,8,488,481,969,7,0.235638,0.243412,112.355743,0.000021,0.000052,150,0.000202,0,29,0.75,0.000841
5123,St. Francis County,,AR,1730,23911,25641,6,7,13,761,937,1698,6,0.304718,0.319753,333.928676,0.001,0.000895,150,0.000167,0,29,0.547619,0.007384
5125,Saline County,,AR,7326,115325,122651,18,15,33,6303,4582,10885,6,0.314978,0.333109,987.713009,0.003325,0.001747,56,0.000421,0,29,0.488304,0.027955
5127,Scott County,,AR,777,11187,11964,4,3,7,352,322,674,7,0.256388,0.265973,1907.585304,0.00007,0.000065,56,0.000129,0,29,0.416667,0.000905
5129,Searcy County,,AR,460,7881,8341,1,2,3,43,120,163,7,0.228635,0.235222,1.75,0.000006,0.000008,56,0.000078,0,29,0,0.000139
5131,Sebastian County,,AR,8742,129730,138472,22,23,45,5752,5635,11387,6,0.344255,0.367741,18704.013289,0.007175,0.007097,56,0.00046,0,29,0.443077,0.057113
5133,Sevier County,,AR,1018,16420,17438,5,6,11,376,455,831,7,0.251169,0.261209,1098.649242,0.000069,0.000066,160,0.000172,0,29,0.4,0.000885
5135,Sharp County,,AR,1298,16316,17614,4,5,9,533,540,1073,7,0.235657,0.243671,462.377938,0.000015,0.000053,56,0.000177,0,29,0.5,0.000835
5137,Stone County,,AR,574,11633,12207,2,1,3,113,53,166,7,0.225523,0.231493,0,0.000006,0.000004,56,0.000108,0,29,1,0.000294
5139,Union County,,AR,2428,46207,48635,7,9,16,762,911,1673,6,0.323084,0.34169,3341.925578,0.001196,0.001432,56,0.00019,0,29,0.354545,0.009462
5141,Van Buren County,,AR,1339,16500,17839,5,4,9,415,543,958,7,0.287727,0.299906,886.325907,0.000416,0.000292,56,0.000186,0,29,0.5,0.002834
5143,Washington County,,AR,15199,202147,217346,49,41,90,9744,9297,19041,6,0.369804,0.396575,25804.499131,0.016065,0.014854,56,0.000949,0,29,0.336688,0.129058
5145,White County,,AR,5147,76975,82122,17,15,32,2799,2554,5353,6,0.314978,0.333109,6476.094555,0.001641,0.00174,56,0.000494,0,29,0.371345,0.014731
5147,Woodruff County,,AR,414,7217,7631,1,1,2,106,133,239,7,0.239551,0.247047,0,0.000014,0.000013,56,0.000079,0,29,0,0.000226
5149,Yell County,,AR,1878,20996,22874,5,6,11,836,1190,2026,7,0.287898,0.300452,88.230656,0.000378,0.000291,56,0.00016,0,29,0.595238,0.002521
6001,Alameda County,,CA,102082,1639324,1741406,175,182,357,92259,93005,185264,6,0.415771,0.458201,16790.156595,0.079337,0.08092,8,0.001904,0,29,0.374506,0.583902
6003,Alpine County,,CA,120,917,1037,0,1,1,0,50,50,7,0.253141,0.26121,0,0,0.000073,8,0.000051,0,38,0,0
6005,Amador County,,CA,2084,37008,39092,7,7,14,1218,1006,2224,6,0.299587,0.313931,0.083333,0.002706,0.002209,8,0.000119,0,29,0.964286,0.020362
6007,Butte County,,CA,10828,209718,220546,45,53,98,7633,8090,15723,6,0.348014,0.375799,1186.98643,0.014764,0.018781,8,0.000527,0,29,0.626599,0.111015
6009,Calaveras County,,CA,3077,45223,48300,12,12,24,1989,1979,3968,6,0.327462,0.345379,31.091236,0.005374,0.004502,8,0.000169,0,29,0.879121,0.040832
6011,Colusa County,,CA,1376,27976,29352,6,6,12,613,786,1399,6,0.295225,0.308632,2.246124,0.001958,0.001075,8,0.000121,0,29,0.833333,0.014603
6013,Contra Costa County,,CA,60417,1161812,1222229,131,119,250,60391,52995,113386,6,0.388532,0.426224,5715.959797,0.062112,0.056112,8,0.001453,0,29,0.460395,0.467001
6015,Del Norte County,,CA,1573,23305,24878,5,5,10,411,487,898,6,0.294088,0.307437,118.80472,0.001851,0.000976,8,0.000102,0,29,0.761905,0.013855
6017,El Dorado County,,CA,12557,191144,203701,41,42,83,9395,9377,18772,6,0.341297,0.365839,218.989426,0.015008,0.015673,8,0.000462,0,29,0.715151,0.111236
6019,Fresno County,,CA,32307,971871,1004178,67,81,148,23607,25905,49512,6,0.373952,0.406086,2641.513717,0.028143,0.036553,8,0.000768,0,29,0.573242,0.216442
6021,Glenn County,,CA,1714,31477,33191,6,4,10,879,884,1763,6,0.293849,0.306862,0.967857,0.001928,0.000687,8,0.00012,0,29,0.833333,0.014439
6023,Humboldt County,,CA,6809,126127,132936,35,39,74,3397,3916,7313,6,0.340695,0.36469,2969.392331,0.013403,0.014541,8,0.000418,0,29,0.687632,0.100886
6025,Imperial County,,CA,8659,210051,218710,19,20,39,6167,6618,12785,6,0.338548,0.359517,1.056109,0.010844,0.01032,8,0.000228,0,29,0.924242,0.079068
6027,Inyo County,,CA,1308,19555,20863,7,8,15,562,503,1065,6,0.333563,0.351977,1.956369,0.004573,0.005157,8,0.000116,0,29,0.930556,0.033497
6029,Kern County,,CA,32982,846842,879824,83,97,180,25197,24917,50114,6,0.377113,0.412328,2647.352514,0.034599,0.041537,8,0.000954,0,29,0.456797,0.264398
6031,Kings County,,CA,10858,142743,153601,33,39,72,6436,7257,13693,6,0.352798,0.37892,376.895496,0.014714,0.019447,8,0.000379,0,29,0.650609,0.108188
6033,Lake County,,CA,3496,57872,61368,19,19,38,2121,2110,4231,6,0.331391,0.350822,6.796578,0.008452,0.00752,8,0.000234,0,29,0.904762,0.064261
6035,Lassen County,,CA,2152,25252,27404,7,9,16,600,865,1465,6,0.327536,0.345046,51.36088,0.00325,0.002828,8,0.000128,0,29,0.888889,0.024121
6037,Los Angeles County,,CA,351259,10489660,10840919,448,478,926,272106,330549,602655,5,0.484707,0.546397,380689.005393,0.133779,0.129276,8,0.005343,0,29,0.123036,0.966068
6039,Madera County,,CA,7798,150079,157877,26,24,50,6269,5827,12096,6,0.338271,0.359517,278.072938,0.012143,0.010365,8,0.000296,0,29,0.919312,0.088817
6041,Marin County,,CA,14394,249437,263831,41,41,82,11862,10939,22801,6,0.358157,0.384816,147.443439,0.020816,0.022287,8,0.000466,0,29,0.769565,0.160078
6043,Mariposa County,,CA,1332,17922,19254,6,5,11,467,555,1022,7,0.272454,0.284378,0.311422,0.001799,0.00065,8,0.000106,0,29,0.866667,0.013127
6045,Mendocino County,,CA,4118,89307,93425,17,20,37,1778,2226,4004,6,0.33158,0.351126,1.541948,0.009051,0.008412,8,0.000214,0,29,0.951087,0.068692
6047,Merced County,,CA,13417,262192,275609,34,35,69,11393,10632,22025,6,0.340575,0.364029,403.325225,0.013656,0.014197,8,0.000378,0,29,0.809309,0.100511
6049,Modoc County,,CA,690,8471,9161,1,2,3,59,118,177,7,0.255214,0.265226,0,0.000131,0.000185,8,0.000061,0,29,1,0.00106
6051,Mono County,,CA,1448,13705,15153,7,9,16,516,707,1223,6,0.331012,0.349155,1.655787,0.004393,0.004956,8,0.000117,0,29,0.847222,0.031621
6053,Monterey County,,CA,26636,491205,517841,83,91,174,18276,19783,38059,6,0.372751,0.406759,1765.293565,0.038194,0.04165,8,0.000931,0,29,0.515628,0.293635
6055,Napa County,,CA,8295,154626,162921,27,25,52,6451,6204,12655,6,0.339142,0.360839,6.941564,0.013123,0.011767,8,0.000307,0,29,0.952381,0.09754
6057,Nevada County,,CA,6525,103658,110183,31,24,55,4585,4512,9097,6,0.338785,0.360264,432.540008,0.012838,0.010154,8,0.000354,0,29,0.857955,0.095441
6059,Orange County,,CA,146777,3381471,3528248,248,265,513,138682,133702,272384,5,0.441065,0.489615,40094.391858,0.101679,0.102838,8,0.002714,0,29,0.265329,0.736352
6061,Placer County,,CA,25280,377745,403025,66,61,127,26245,20540,46785,6,0.361101,0.39092,1168.083525,0.025235,0.027129,8,0.00075,0,29,0.583302,0.192916
6063,Plumas County,,CA,1395,20726,22121,6,5,11,426,545,971,6,0.294297,0.307782,0.285714,0.001945,0.001059,8,0.00011,0,29,0.928571,0.013599
6065,Riverside County,,CA,127325,2229331,2356656,188,200,388,134719,113984,248703,6,0.417747,0.462632,25447.465826,0.078008,0.079483,8,0.002204,0,29,0.296192,0.587229
6067,Sacramento County,,CA,74512,1521060,1595572,154,163,317,65166,65803,130969,5,0.41589,0.455943,27281.381493,0.063544,0.069472,8,0.001837,0,29,0.377534,0.486023
6069,San Benito County,,CA,3821,62619,66440,11,10,21,3044,2691,5735,6,0.330748,0.348868,0,0.005467,0.004964,8,0.000151,0,29,1,0.040869
6071,San Bernardino County,,CA,135043,2120079,2255122,192,228,420,124662,120421,245083,5,0.433094,0.478638,34268.199903,0.077773,0.085094,8,0.002238,0,29,0.273606,0.583381
6073,San Diego County,,CA,170114,3429195,3599309,453,445,898,147267,146363,293630,5,0.477366,0.537667,315547.717581,0.133579,0.126924,8,0.00534,0,29,0.129302,0.964403
6075,San Francisco County,,CA,73305,843773,917078,146,124,270,65739,66688,132427,6,0.397751,0.435655,4865.886248,0.071864,0.063125,8,0.001549,0,29,0.495705,0.523142
6077,San Joaquin County,,CA,34780,732477,767257,63,74,137,31521,29358,60879,6,0.363363,0.395052,4219.949142,0.024823,0.030231,8,0.00069,0,29,0.53924,0.188939
6079,San Luis Obispo County,,CA,14211,273483,287694,43,47,90,11205,10488,21693,6,0.354263,0.381408,129.920248,0.01871,0.021909,8,0.000468,0,29,0.798895,0.140167
6081,San Mateo County,,CA,50681,803354,854035,97,90,187,46725,45092,91817,6,0.377506,0.411914,2147.212918,0.051635,0.044779,8,0.001053,0,29,0.555283,0.385107
6083,Santa Barbara County,,CA,22542,442956,465498,61,72,133,14531,16783,31314,6,0.366486,0.398466,1271.547776,0.030153,0.033777,8,0.000718,0,29,0.611551,0.232842
6085,Santa Clara County,,CA,94462,2055439,2149901,206,185,391,81846,84086,165932,6,0.417928,0.460328,19577.01245,0.089536,0.080434,8,0.002247,0,29,0.34179,0.652165
6087,Santa Cruz County,,CA,15495,288313,303808,42,48,90,10542,12428,22970,6,0.348139,0.374414,202.398565,0.017822,0.019689,8,0.00047,0,29,0.744898,0.134434
6089,Shasta County,,CA,8677,178690,187367,47,47,94,6108,5842,11950,6,0.341458,0.366615,8234.728166,0.016262,0.016308,8,0.000567,0,29,0.576923,0.122073
6091,Sierra County,,CA,282,2892,3174,0,2,2,0,118,118,7,0.275263,0.287712,0,0,0.000378,8,0.000051,0,39,1,0
6093,Siskiyou County,,CA,2538,44603,47141,13,9,22,1002,1036,2038,6,0.330786,0.348868,0.843354,0.005882,0.003703,8,0.000177,0,29,0.903846,0.044149
6095,Solano County,,CA,29536,450071,479607,71,70,141,23876,22779,46655,6,0.368675,0.400023,2265.435076,0.029101,0.03203,8,0.000823,0,29,0.539747,0.222557
6097,Sonoma County,,CA,19993,530091,550084,64,67,131,15971,15196,31167,6,0.360472,0.391184,1124.998357,0.026876,0.029824,8,0.000722,0,29,0.601979,0.205903
6099,Stanislaus County,,CA,25585,547996,573581,50,63,113,19905,20976,40881,6,0.35776,0.387822,1341.74496,0.021199,0.027602,8,0.000558,0,29,0.656731,0.161471
6101,Sutter County,,CA,7726,99274,107000,17,21,38,4640,5610,10250,6,0.33196,0.351644,86.424995,0.007414,0.008139,8,0.000223,0,29,0.883399,0.055949
6103,Tehama County,,CA,3781,61211,64992,14,12,26,2109,2068,4177,6,0.331201,0.34969,95.121547,0.005431,0.005448,8,0.000199,0,29,0.875817,0.040538
6105,Trinity County,,CA,769,11009,11778,2,2,4,262,283,545,7,0.254676,0.264335,0,0.000247,0.000238,8,0.00007,0,29,1,0.001942
6107,Tulare County,,CA,16145,466506,482651,43,41,84,12519,11868,24387,6,0.347139,0.37281,82.608585,0.020315,0.018967,8,0.000478,0,29,0.792245,0.15338
6109,Tuolumne County,,CA,2794,54426,57220,14,16,30,1634,1505,3139,6,0.331277,0.350264,146.753228,0.005827,0.006281,8,0.000191,0,29,0.849673,0.044177
6111,Ventura County,,CA,40788,967255,1008043,93,120,213,32025,32898,64923,6,0.391099,0.428408,3391.728657,0.045105,0.055063,8,0.001049,0,29,0.475715,0.344012
6113,Yolo County,,CA,16000,198412,214412,40,43,83,11626,12696,24322,6,0.342506,0.367649,328.957423,0.017241,0.017673,8,0.000442,0,29,0.786309,0.129582
6115,Yuba County,,CA,7963,68561,76524,18,22,40,4977,5412,10389,6,0.336779,0.358086,45.261507,0.008214,0.009947,8,0.000234,0,29,0.815,0.063036
8001,Adams County,,CO,46877,483037,529914,75,70,145,41753,38942,80695,6,0.376428,0.407672,13376.924266,0.033094,0.033512,7,0.001103,0,29,0.446154,0.259868
8003,Alamosa County,,CO,1384,15217,16601,5,8,13,542,628,1170,6,0.310992,0.326213,10421.201239,0.001069,0.002174,7,0.000218,0,29,0.428571,0.009218
8005,Arapahoe County,,CO,63703,623585,687288,148,121,269,58979,53616,112595,6,0.406846,0.442741,26776.797688,0.068276,0.059824,7,0.001906,0,29,0.413011,0.518277
8007,Archuleta County,,CO,1021,11715,12736,1,2,3,69,161,230,6,0.331998,0.349644,0,0.000079,0.001178,7,0.000065,0,29,1,0.000679
8009,Baca County,,CO,197,3970,4167,0,0,0,0,0,0,0,0,0,0,0,0,9,0.000051,7,40,0,0
8011,Bent County,,CO,353,4281,4634,1,2,3,56,134,190,7,0.254878,0.263767,0.666667,0.000008,0.000084,7,0.000068,0,29,0.666667,0.000136
8013,Boulder County,,CO,25887,307399,333286,116,72,188,19017,19015,38032,6,0.377358,0.409437,6764.896659,0.057645,0.039929,7,0.001399,0,29,0.522558,0.429303
8014,Broomfield County,,CO,13426,102575,116001,26,18,44,10885,10389,21274,6,0.347222,0.370293,15.912681,0.015237,0.012449,7,0.000376,0,29,0.897436,0.122022
8015,Chaffee County,,CO,1342,17776,19118,6,7,13,420,486,906,6,0.311092,0.326126,0.782017,0.002124,0.002771,7,0.000143,0,29,0.875,0.018325
8017,Cheyenne County,,CO,157,2009,2166,0,0,0,0,0,0,0,0,0,0,0,0,10,0.000051,8,41,0,0
8019,Clear Creek County,,CO,988,8987,9975,4,3,7,387,398,785,6,0.294985,0.307402,0,0.001598,0.001303,7,0.000107,0,29,1,0.013999
8021,Conejos County,,CO,454,8115,8569,1,2,3,134,200,334,7,0.237491,0.244213,0,0.000017,0.000015,7,0.000074,0,29,1,0.00016
8023,Costilla County,,CO,203,3049,3252,0,0,0,0,0,0,0,0,0,0,0,0,11,0.000051,9,42,0,0
8025,Crowley County,,CO,279,2813,3092,1,2,3,65,133,198,7,0.254855,0.263709,0,0.000011,0.000084,7,0.000082,0,29,1,0.000141
8027,Custer County,,CO,400,3962,4362,0,1,1,0,62,62,7,0.250561,0.258333,0,0,0.00002,7,0.000051,0,43,0,0
8029,Delta County,,CO,2214,31016,33230,7,6,13,748,888,1636,6,0.311393,0.326816,10.686126,0.002884,0.001727,7,0.000146,0,29,0.857143,0.02382
8031,Denver County,,CO,77509,616098,693607,195,135,330,77478,68481,145959,5,0.415413,0.452034,56877.722866,0.081129,0.065168,7,0.002495,0,29,0.346049,0.599308
8033,Dolores County,,CO,174,1924,2098,0,0,0,0,0,0,0,0,0,0,0,0,12,0.000051,10,44,0,0
8035,Douglas County,,CO,27067,315600,342667,89,70,159,22805,20479,43284,6,0.381981,0.413236,4806.988811,0.045701,0.038723,7,0.001159,0,29,0.567434,0.353804
8037,Eagle County,,CO,5656,53801,59457,18,22,40,1975,2728,4703,6,0.346227,0.368506,2590.327081,0.008548,0.010112,7,0.000299,0,29,0.720779,0.069451
8039,Elbert County,,CO,2153,23744,25897,6,7,13,1434,1282,2716,6,0.33414,0.353034,0,0.002649,0.004107,7,0.000134,0,29,1,0.022761
8041,El Paso County,,CO,58519,679757,738276,291,260,551,44705,41499,86204,5,0.444376,0.491713,162711.85435,0.098145,0.09234,7,0.003805,0,29,0.204517,0.733525
8043,Fremont County,,CO,2640,41121,43761,9,9,18,1194,1112,2306,6,0.334217,0.353379,2936.119128,0.002453,0.004006,7,0.000221,0,29,0.583333,0.021099
8045,Garfield County,,CO,5203,56985,62188,19,20,39,2176,2567,4743,6,0.345526,0.368626,1618.47672,0.006774,0.009599,7,0.000341,0,29,0.662055,0.056063
8047,Gilpin County,,CO,675,5020,5695,4,2,6,280,280,560,7,0.28128,0.293409,0,0.001438,0.000849,7,0.000111,0,29,1,0.013288
8049,Grand County,,CO,1563,14046,15609,5,6,11,292,470,762,6,0.297162,0.310333,0,0.001482,0.002614,7,0.000124,0,29,1,0.013965
8051,Gunnison County,,CO,1467,14440,15907,3,8,11,173,415,588,6,0.312029,0.327379,3.989087,0.001294,0.003268,7,0.000092,0,29,0.892857,0.011001
8053,Hinsdale County,,CO,97,788,885,0,0,0,0,0,0,0,0,0,0,0,0,13,0.000051,11,45,0,0
8055,Huerfano County,,CO,628,6047,6675,1,2,3,57,223,280,6,0.307758,0.321776,0,0.000076,0.000865,7,0.00007,0,29,1,0.000712
8057,Jackson County,,CO,157,1466,1623,0,0,0,0,0,0,0,0,0,0,0,0,14,0.000051,12,46,0,0
8059,Jefferson County,,CO,47067,558932,605999,105,87,192,40195,38761,78956,6,0.382082,0.415368,18312.116719,0.048182,0.040661,7,0.001451,0,29,0.447849,0.370072
8061,Kiowa County,,CO,95,1523,1618,0,0,0,0,0,0,0,0,0,0,0,0,15,0.000051,13,47,0,0
8063,Kit Carson County,,CO,560,8254,8814,1,1,2,55,46,101,6,0.307692,0.321546,0,0.000741,0.000787,7,0.000063,0,29,0,0.005936
8065,Lake County,,CO,741,6969,7710,2,4,6,134,246,380,6,0.294685,0.307086,0,0.000141,0.001149,7,0.000073,0,29,1,0.001069
8067,La Plata County,,CO,4116,51417,55533,21,19,40,1793,1790,3583,6,0.345691,0.369075,3163.113811,0.00938,0.009827,7,0.000329,0,29,0.639493,0.075387
8069,Larimer County,,CO,22560,326056,348616,89,67,156,15729,14758,30487,6,0.375113,0.406822,13431.837587,0.037492,0.031563,7,0.001266,0,29,0.455434,0.289617
8071,Las Animas County,,CO,1144,14879,16023,2,6,8,117,442,559,6,0.311226,0.326598,34.120717,0.000817,0.001903,7,0.000083,0,29,0.433333,0.006648
8073,Lincoln County,,CO,422,4792,5214,1,0,1,44,0,44,0,0,0,0,0.000741,0,7,0.000063,0,25,0,0.005936
8075,Logan County,,CO,1327,20408,21735,7,8,15,442,567,1009,6,0.309829,0.324845,385.467596,0.000719,0.002082,7,0.000199,0,29,0.477778,0.006214
8077,Mesa County,,CO,9478,157241,166719,43,39,82,5012,4884,9896,6,0.351899,0.378931,13786.325836,0.013555,0.014598,7,0.000669,0,29,0.362368,0.106191
8079,Mineral County,,CO,52,809,861,0,0,0,0,0,0,0,0,0,0,0,0,16,0.000051,14,48,0,0
8081,Moffat County,,CO,1515,14696,16211,2,6,8,189,418,607,6,0.310925,0.32581,2.379668,0.000149,0.001947,7,0.000077,0,29,0.633333,0.001139
8083,Montezuma County,,CO,1822,25367,27189,5,6,11,520,572,1092,6,0.332951,0.351368,34.180477,0.001381,0.001855,7,0.000103,0,29,0.678571,0.010527
8085,Montrose County,,CO,3023,43600,46623,9,13,22,996,1285,2281,6,0.334757,0.354529,8641.626391,0.003006,0.003766,7,0.000197,0,29,0.609524,0.024269
8087,Morgan County,,CO,1981,30960,32941,7,10,17,757,1009,1766,6,0.312197,0.327741,237.082048,0.001711,0.003101,7,0.000159,0,29,0.527273,0.014842
8089,Otero County,,CO,1202,19626,20828,4,4,8,399,505,904,6,0.308543,0.32304,3511.331881,0.000818,0.001413,7,0.000147,0,29,0.4,0.006822
8091,Ouray County,,CO,501,4409,4910,1,2,3,86,181,267,7,0.250843,0.258893,0,0.00003,0.000024,7,0.000064,0,29,1,0.000281
8093,Park County,,CO,1699,14732,16431,7,8,15,861,906,1767,6,0.310992,0.326098,6.728931,0.002708,0.002808,7,0.000145,0,29,0.763889,0.023201
8095,Phillips County,,CO,356,4801,5157,1,2,3,45,93,138,7,0.265301,0.275588,0,0.000168,0.00015,7,0.000065,0,29,1,0.001226
8097,Pitkin County,,CO,1851,15510,17361,3,3,6,434,694,1128,6,0.293611,0.305615,0,0.000681,0.000774,7,0.000092,0,29,1,0.005944
8099,Prowers County,,CO,847,12840,13687,2,4,6,135,239,374,6,0.308052,0.322494,2940,0.000817,0.001009,7,0.000083,0,29,0.583333,0.006648
8101,Pueblo County,,CO,7455,167113,174568,27,22,49,4546,3925,8471,6,0.3419,0.364224,10608.05094,0.009711,0.009456,7,0.000512,0,29,0.462069,0.078693
8103,Rio Blanco County,,CO,668,6766,7434,2,2,4,147,107,254,7,0.260393,0.270732,0.2,0.000133,0.000163,7,0.000076,0,29,0.666667,0.001038
8105,Rio Grande County,,CO,1160,14924,16084,3,4,7,240,368,608,7,0.261898,0.272795,1397.981511,0.000758,0.000195,7,0.000118,0,29,0.433333,0.006183
8107,Routt County,,CO,2339,23425,25764,6,10,16,451,803,1254,6,0.333448,0.352489,232.555752,0.001519,0.00397,7,0.000136,0,29,0.845455,0.014251
8109,Saguache County,,CO,372,3584,3956,2,1,3,88,45,133,7,0.237238,0.243724,0,0.000019,0.000009,7,0.000099,0,29,1,0.000295
8111,San Juan County,,CO,74,657,731,0,0,0,0,0,0,0,0,0,0,0,0,17,0.000051,15,49,0,0
8113,San Miguel County,,CO,765,6705,7470,2,3,5,140,141,281,6,0.294327,0.306621,286.032819,0.00003,0.000784,7,0.000091,0,29,0.583333,0.000368
8115,Sedgwick County,,CO,202,2479,2681,0,0,0,0,0,0,0,0,0,0,0,0,18,0.000051,16,50,0,0
8117,Summit County,,CO,4597,30329,34926,13,18,31,1310,2397,3707,6,0.339857,0.360793,1317.107777,0.00537,0.007404,7,0.000231,0,29,0.74269,0.045271
8119,Teller County,,CO,2597,24795,27392,3,6,9,979,1160,2139,6,0.333986,0.35269,14.622517,0.001074,0.003588,7,0.000093,0,29,0.892857,0.009026
8121,Washington County,,CO,376,4642,5018,0,3,3,0,140,140,7,0.265538,0.276033,0,0,0.000163,7,0.000051,0,51,1,0
8123,Weld County,,CO,20181,270940,291121,44,41,85,15959,13986,29945,6,0.360966,0.388345,14283.906025,0.017923,0.020993,7,0.000711,0,29,0.5,0.144447
8125,Yuma County,,CO,804,10700,11504,4,2,6,199,153,352,7,0.265301,0.275588,0,0.000479,0.00015,7,0.000114,0,29,1,0.003696
9001,Fairfield County,,CT,40801,995661,1036462,127,153,280,34418,33616,68034,6,0.397969,0.439356,4430.019595,0.066966,0.076385,130,0.001208,0,29,0.478391,0.473228
9003,Hartford County,,CT,41371,1050438,1091809,118,146,264,29256,33145,62401,6,0.396013,0.436546,7311.085846,0.061826,0.072488,130,0.001174,0,29,0.482087,0.445876
9005,Litchfield County,,CT,9642,223743,233385,14,25,39,6079,6132,12211,6,0.339023,0.360925,38.681551,0.006627,0.014032,130,0.000154,0,29,0.792308,0.042701
9007,Middlesex County,,CT,10206,193983,204189,16,19,35,7731,6862,14593,6,0.330748,0.351345,9.205945,0.008011,0.011218,130,0.000169,0,29,0.867965,0.051959
9009,New Haven County,,CT,40205,972289,1012494,109,135,244,27682,32400,60082,6,0.395526,0.434736,3276.317704,0.058507,0.069173,130,0.001041,0,29,0.524089,0.41404
9011,New London County,,CT,18208,317100,335308,65,73,138,10262,11845,22107,6,0.36802,0.399402,1788.306942,0.030794,0.037401,130,0.000635,0,29,0.525531,0.215878
9013,Tolland County,,CT,10126,164041,174167,16,16,32,7184,6940,14124,6,0.342425,0.363661,33.74606,0.006865,0.009135,130,0.00017,0,29,0.844737,0.04442
9015,Windham County,,CT,6762,133062,139824,8,16,24,3327,4429,7756,6,0.314295,0.33281,1.659084,0.002655,0.006751,130,0.00011,0,29,0.867647,0.016601
10001,Kent County,,DE,10176,180208,190384,37,27,64,6499,3360,9859,6,0.345403,0.369023,1093.932688,0.016893,0.014374,130,0.000421,0,29,0.578627,0.120519
10003,New Castle County,,DE,25770,615911,641681,93,97,190,18530,18094,36624,6,0.380228,0.41527,4761.812956,0.049869,0.051652,130,0.000917,0,29,0.602934,0.353277
10005,Sussex County,,DE,9168,216160,225328,46,31,77,5543,4653,10196,6,0.338666,0.361741,2646.751287,0.017568,0.012949,130,0.000473,0,29,0.499216,0.11753
11001,District of Columbia,,DC,61692,588626,650318,196,148,344,57474,52579,110053,5,0.412459,0.451494,14859.940094,0.091854,0.075803,50,0.00206,0,29,0.410298,0.653654
12001,Alachua County,,FL,22935,228838,251773,77,88,165,14461,16468,30929,6,0.386821,0.420218,13498.943207,0.036938,0.046925,19,0.000989,0,29,0.525529,0.286048
12003,Baker County,,FL,1740,26183,27923,7,5,12,1074,945,2019,6,0.301958,0.316557,21.033209,0.001124,0.001162,19,0.000164,0,29,0.595238,0.009142
12005,Bay County,,FL,15531,178653,194184,66,71,137,7045,7889,14934,6,0.374001,0.405247,19172.787443,0.028797,0.031905,19,0.000934,0,29,0.442991,0.219937
12007,Bradford County,,FL,1974,24009,25983,5,7,12,1001,1193,2194,6,0.303379,0.318098,17.249641,0.001433,0.001725,19,0.000113,0,29,0.738095,0.010515
12009,Brevard County,,FL,31924,599337,631261,160,142,302,21270,20658,41928,6,0.404576,0.444006,21255.367237,0.074557,0.071267,19,0.001728,0,29,0.396616,0.536044
12011,Broward County,,FL,129667,1914238,2043905,321,278,599,132988,117274,250262,6,0.437868,0.488684,85112.177315,0.115928,0.107238,19,0.003552,0,29,0.216122,0.832146
12013,Calhoun County,,FL,907,12011,12918,4,4,8,427,453,880,7,0.28128,0.294093,11.655122,0.000631,0.000467,19,0.000113,0,29,0.666667,0.003895
12015,Charlotte County,,FL,12247,160033,172280,44,27,71,7317,7108,14425,6,0.323697,0.34523,83.036981,0.023325,0.014883,19,0.000462,0,29,0.718537,0.163199
12017,Citrus County,,FL,9295,144488,153783,24,25,49,4187,4780,8967,6,0.319207,0.338701,20.487662,0.012661,0.013077,19,0.000344,0,29,0.890212,0.100775
12019,Clay County,,FL,20630,211248,231878,54,54,108,14084,13749,27833,6,0.368722,0.397425,5475.446841,0.025873,0.027967,19,0.000685,0,29,0.570862,0.19778
12021,Collier County,,FL,21921,345187,367108,109,74,183,16263,14363,30626,6,0.388844,0.420213,1664.280839,0.055921,0.045525,19,0.001082,0,29,0.557186,0.390872
12023,Columbia County,,FL,4983,63119,68102,19,18,37,2747,2812,5559,6,0.318297,0.336603,1035.92272,0.00802,0.008253,19,0.000321,0,29,0.65,0.063135
12027,DeSoto County,,FL,2197,27973,30170,10,9,19,1035,1179,2214,6,0.313751,0.329897,8.745302,0.004555,0.004515,19,0.000187,0,29,0.888889,0.039231
12029,Dixie County,,FL,931,12681,13612,3,3,6,257,322,579,7,0.279007,0.290693,0,0.000436,0.000352,19,0.000096,0,29,1,0.002893
12031,Duval County,,FL,66968,959922,1026890,257,230,487,53236,53519,106755,5,0.431419,0.477764,88464.241904,0.101477,0.093925,19,0.003053,0,29,0.268395,0.741734
12033,Escambia County,,FL,27476,307897,335373,106,109,215,15591,18400,33991,6,0.391786,0.427678,15723.785947,0.051402,0.052906,19,0.001333,0,29,0.453524,0.394897
12035,Flagler County,,FL,7636,102702,110338,31,22,53,5033,4093,9126,6,0.325989,0.34696,20.022834,0.016945,0.012708,19,0.00035,0,29,0.766488,0.120815
12037,Franklin County,,FL,629,9335,9964,3,3,6,174,195,369,7,0.281253,0.29392,6.196869,0.000614,0.000454,19,0.000097,0,29,0.666667,0.003715
12039,Gadsden County,,FL,3391,49111,52502,9,11,20,2025,2390,4415,6,0.316663,0.33404,2018.743662,0.003687,0.004228,19,0.000199,0,29,0.462121,0.029131
12041,Gilchrist County,,FL,1358,15251,16609,5,5,10,731,708,1439,7,0.281827,0.294262,29.914692,0.001238,0.00074,19,0.000128,0,29,0.666667,0.009145
12043,Glades County,,FL,883,8400,9283,4,4,8,403,423,826,6,0.300487,0.3155,0.391667,0.001584,0.001638,19,0.000098,0,29,0.85,0.012495
12045,Gulf County,,FL,1062,12490,13552,1,1,2,321,393,714,7,0.272224,0.283185,0,0.000256,0.000231,19,0.000062,0,29,0,0.001811
12047,Hamilton County,,FL,1026,11467,12493,3,4,7,353,480,833,6,0.302588,0.317333,5.582638,0.000266,0.001073,19,0.000099,0,29,0.666667,0.002226
12049,Hardee County,,FL,1932,25439,27371,5,6,11,865,994,1859,6,0.309995,0.325632,0.262424,0.001745,0.003019,19,0.000125,0,29,0.933333,0.016035
12051,Hendry County,,FL,3445,36449,39894,7,11,18,1948,2078,4026,6,0.316283,0.333236,39.56456,0.004358,0.006805,19,0.000145,0,29,0.836364,0.03568
12053,Hernando County,,FL,12615,173985,186600,32,27,59,8287,7621,15908,6,0.346641,0.369305,43.18122,0.017855,0.016287,19,0.000393,0,29,0.85126,0.133139
12055,Highlands County,,FL,6618,95809,102427,20,21,41,3209,3351,6560,6,0.317843,0.33623,29.27256,0.008347,0.010881,19,0.000307,0,29,0.76,0.069564
12057,Hillsborough County,,FL,100537,1332064,1432601,484,287,771,122955,85049,208004,5,0.446085,0.495977,231923.13789,0.133903,0.109208,19,0.005764,0,29,0.13032,0.960075
12059,Holmes County,,FL,1368,17155,18523,7,6,13,772,761,1533,7,0.273044,0.285225,58.413837,0.000762,0.000376,19,0.000161,0,29,0.571429,0.006141
12061,Indian River County,,FL,9227,148628,157855,29,23,52,5208,4724,9932,6,0.33557,0.356684,20.13898,0.017069,0.013911,19,0.000334,0,29,0.852941,0.124622
12063,Jackson County,,FL,2903,45621,48524,8,12,20,1045,1428,2473,6,0.315115,0.332253,338.693815,0.001569,0.003217,19,0.000184,0,29,0.5,0.01164
12065,Jefferson County,,FL,1044,13898,14942,1,3,4,357,507,864,7,0.27722,0.289104,0,0.000348,0.000236,19,0.000061,0,29,0.666667,0.001794
12067,Lafayette County,,FL,388,6000,6388,1,1,2,117,91,208,7,0.240784,0.248181,0,0.00006,0.000054,19,0.000068,0,29,0,0.000492
12069,Lake County,,FL,24729,317307,342036,76,56,132,19596,16885,36481,6,0.374483,0.404218,565.476581,0.042157,0.033445,19,0.000837,0,29,0.666947,0.309452
12071,Lee County,,FL,41149,641583,682732,219,167,386,36117,29597,65714,6,0.411581,0.452994,20318.9015,0.090664,0.076894,19,0.002285,0,29,0.317941,0.635936
12073,Leon County,,FL,24116,260495,284611,71,89,160,14846,17804,32650,6,0.383192,0.416799,46713.274163,0.027446,0.043339,19,0.001047,0,29,0.451645,0.217314
12075,Levy County,,FL,3261,38947,42208,11,12,23,1868,1933,3801,6,0.31694,0.334385,562.842642,0.005681,0.006659,19,0.000205,0,29,0.742424,0.04508
12077,Liberty County,,FL,505,6608,7113,3,3,6,257,243,500,7,0.277114,0.288903,0.583333,0.000385,0.000255,19,0.0001,0,29,0.666667,0.002228
12079,Madison County,,FL,1104,17717,18821,4,4,8,288,378,666,7,0.279141,0.291817,16.009531,0.000499,0.000431,19,0.000126,0,29,0.4,0.003259
12081,Manatee County,,FL,23136,335133,358269,94,61,155,17512,15099,32611,6,0.381128,0.411661,1729.305601,0.052526,0.036111,19,0.000998,0,29,0.620462,0.37519
12083,Marion County,,FL,21676,346723,368399,83,65,148,14841,13585,28426,6,0.374145,0.405276,2787.920784,0.041173,0.036606,19,0.000957,0,29,0.583848,0.302203
12085,Martin County,,FL,10663,148391,159054,30,26,56,7416,6797,14213,6,0.33934,0.361247,39.532235,0.016458,0.015225,19,0.000349,0,29,0.796825,0.119576
12086,Miami-Dade County,,FL,130991,2733951,2864942,321,273,594,130131,118539,248670,5,0.439927,0.489609,134340.465732,0.116337,0.105442,19,0.003689,0,29,0.215344,0.84167
12087,Monroe County,,FL,8547,78276,86823,28,30,58,3704,4071,7775,6,0.345691,0.369282,40.944841,0.016765,0.017772,19,0.000363,0,29,0.817212,0.130345
12089,Nassau County,,FL,5718,81762,87480,18,12,30,3489,2880,6369,6,0.317217,0.334649,264.743522,0.008771,0.005965,19,0.000285,0,29,0.644737,0.066979
12091,Okaloosa County,,FL,21859,201469,223328,106,107,213,13136,13337,26473,6,0.391522,0.427471,15688.902263,0.044914,0.046052,19,0.001371,0,29,0.370304,0.343984
12093,Okeechobee County,,FL,2560,35639,38199,10,11,21,1188,1190,2378,6,0.317079,0.333816,44.690781,0.004769,0.006505,19,0.00018,0,29,0.833333,0.038618
12095,Orange County,,FL,108251,1214913,1323164,276,247,523,97751,93523,191274,5,0.431869,0.480236,41954.700519,0.109902,0.102588,19,0.003017,0,29,0.26537,0.785018
12097,Osceola County,,FL,32580,286604,319184,94,75,169,28654,25675,54329,6,0.373423,0.405511,623.25027,0.05119,0.043048,19,0.00096,0,29,0.649351,0.368845
12099,Palm Beach County,,FL,76083,1383662,1459745,255,228,483,69199,64641,133840,5,0.425095,0.472345,32046.330233,0.104448,0.097328,19,0.002736,0,29,0.282577,0.75192
12101,Pasco County,,FL,37478,471500,508978,117,91,208,30226,27251,57477,6,0.38968,0.423839,2201.988249,0.058179,0.05095,19,0.001204,0,29,0.503238,0.413363
12103,Pinellas County,,FL,58207,967024,1025231,242,208,450,48924,45687,94611,6,0.421941,0.467425,33554.089377,0.101922,0.092146,19,0.002566,0,29,0.296427,0.720154
12105,Polk County,,FL,42229,631782,674011,158,110,268,33885,30138,64023,6,0.394719,0.431184,7922.068087,0.072579,0.056858,19,0.001717,0,29,0.409009,0.520562
12107,Putnam County,,FL,4786,69931,74717,15,15,30,2500,2812,5312,6,0.316905,0.334759,58.374137,0.007925,0.008373,19,0.000228,0,29,0.9,0.06235
12109,St. Johns County,,FL,15339,201725,217064,74,45,119,13279,9725,23004,6,0.368863,0.396626,890.178243,0.041067,0.028686,19,0.000846,0,29,0.650791,0.30662
12111,St. Lucie County,,FL,20944,294536,315480,72,51,123,15950,14396,30346,6,0.367368,0.396006,495.440376,0.038751,0.031002,19,0.000733,0,29,0.66962,0.276126
12113,Santa Rosa County,,FL,15786,156387,172173,55,54,109,9922,9475,19397,6,0.363864,0.39292,3210.052902,0.028011,0.028734,19,0.000702,0,29,0.51769,0.215084
12115,Sarasota County,,FL,26675,401514,428189,127,80,207,21732,18006,39738,6,0.382687,0.415557,2050.685075,0.063458,0.047353,19,0.00128,0,29,0.525642,0.446027
12117,Seminole County,,FL,45991,449317,495308,116,117,233,37189,37328,74517,6,0.396067,0.433282,2443.417564,0.061863,0.06485,19,0.001243,0,29,0.544355,0.44893
12119,Sumter County,,FL,5825,92839,98664,46,15,61,5403,3382,8785,6,0.316732,0.334443,19.074767,0.024826,0.009098,19,0.000496,0,29,0.72988,0.177033
12121,Suwannee County,,FL,2851,38386,41237,14,14,28,1735,1559,3294,6,0.317113,0.335075,6499.309197,0.006775,0.00748,19,0.000285,0,29,0.658333,0.052606
12123,Taylor County,,FL,1189,20387,21576,4,3,7,267,266,533,6,0.309201,0.324184,139.935169,0.001981,0.001298,19,0.000116,0,29,0.666667,0.01574
12125,Union County,,FL,1190,11145,12335,5,6,11,576,688,1264,6,0.303379,0.317983,2.192028,0.00069,0.001403,19,0.000128,0,29,0.833333,0.004824
12127,Volusia County,,FL,33777,519473,553250,129,117,246,23479,23350,46829,6,0.396175,0.433408,3962.173463,0.06399,0.060595,19,0.001399,0,29,0.483875,0.462077
12129,Wakulla County,,FL,2363,29603,31966,4,4,8,1403,1260,2663,6,0.309234,0.324356,20.215859,0.000411,0.001329,19,0.000116,0,29,0.65,0.002408
12131,Walton County,,FL,5382,51404,56786,16,13,29,2741,2638,5379,6,0.326026,0.344489,1258.123673,0.006635,0.005474,19,0.000269,0,29,0.646199,0.049362
12133,Washington County,,FL,1933,21790,23723,6,5,11,1103,1027,2130,7,0.283813,0.29707,10.713305,0.001046,0.000715,19,0.000136,0,29,0.761905,0.007187
13001,Appling County,,GA,950,18016,18966,5,3,8,381,249,630,7,0.235065,0.242525,124.803304,0.000017,0.000006,0,0.000234,0,29,0.15,0.000547
13003,Atkinson County,,GA,810,8451,9261,1,2,3,179,397,576,7,0.232763,0.239798,1.765152,0.000008,0.000003,0,0.000087,0,29,0,0.000117
13005,Bacon County,,GA,613,10610,11223,4,3,7,318,233,551,7,0.232876,0.2402,26.614139,0.000017,0.000013,0,0.000201,0,29,0.416667,0.000492
13007,Baker County,,GA,306,3257,3563,1,1,2,50,90,140,7,0.252856,0.261993,0,0.000001,0.00006,0,0.000071,0,29,1,0.000105
13009,Baldwin County,,GA,3103,41935,45038,11,12,23,1298,1671,2969,6,0.311292,0.328144,8381.160612,0.002523,0.002859,0,0.000326,0,29,0.431818,0.019967
13011,Banks County,,GA,1813,17528,19341,7,9,16,1138,1381,2519,7,0.30202,0.317124,7.627709,0.000873,0.000969,0,0.000176,0,29,0.708333,0.007102
13013,Barrow County,,GA,6425,74315,80740,14,14,28,4591,4209,8800,6,0.327055,0.346966,143.643834,0.003888,0.004693,0,0.000231,0,29,0.7,0.029191
13015,Bartow County,,GA,7730,106187,113917,19,17,36,4951,4622,9573,6,0.312197,0.329879,1009.910041,0.004503,0.004363,0,0.000316,0,29,0.504762,0.03521
13017,Ben Hill County,,GA,1330,17645,18975,6,6,12,624,604,1228,7,0.257024,0.267984,491.13851,0.000193,0.000174,0,0.000242,0,29,0.433333,0.001917
13019,Berrien County,,GA,1539,17072,18611,5,5,10,779,717,1496,7,0.256842,0.267507,263.697679,0.000176,0.000168,0,0.000192,0,29,0.333333,0.00175
13021,Bibb County,,GA,11689,162663,174352,35,37,72,6541,7655,14196,6,0.357143,0.382925,18064.501355,0.01156,0.014209,0,0.000637,0,29,0.404762,0.092218
13023,Bleckley County,,GA,626,12597,13223,5,3,8,385,211,596,7,0.261804,0.272512,673.161539,0.000293,0.000192,0,0.000195,0,29,0.65,0.002795
13025,Brantley County,,GA,1229,16557,17786,6,6,12,789,711,1500,7,0.255057,0.264943,996.071791,0.000931,0.000119,19,0.000164,0,29,0.52381,0.007226
13027,Brooks County,,GA,1579,15816,17395,4,4,8,828,926,1754,7,0.256796,0.267249,1.329167,0.000197,0.000156,0,0.000129,0,29,0.833333,0.001566
13029,Bryan County,,GA,4353,35159,39512,13,4,17,2474,1862,4336,7,0.284091,0.296745,101.24168,0.004246,0.000712,0,0.000239,0,29,0.576923,0.035392
13031,Bulloch County,,GA,6076,57904,63980,25,26,51,3356,3484,6840,6,0.319665,0.340109,11310.243317,0.006266,0.007096,0,0.000479,0,29,0.386243,0.048077
13033,Burke County,,GA,1927,25628,27555,7,9,16,974,1272,2246,6,0.309631,0.325678,1172.659524,0.000881,0.002048,0,0.000169,0,29,0.522222,0.007485
13035,Butts County,,GA,2102,22664,24766,9,9,18,1176,1368,2544,6,0.307823,0.323374,71.097021,0.002179,0.002249,0,0.000176,0,29,0.652778,0.017116
13037,Calhoun County,,GA,328,5236,5564,2,1,3,97,75,172,7,0.252856,0.261993,0,0.000002,0.00006,0,0.000106,0,29,0.5,0.000186
13039,Camden County,,GA,6932,51533,58465,16,27,43,2327,3271,5598,6,0.339062,0.361264,2337.531824,0.005924,0.011785,19,0.000278,0,29,0.549261,0.045405
13043,Candler County,,GA,936,10492,11428,4,5,9,488,534,1022,7,0.283896,0.296699,3.037621,0.000071,0.000506,0,0.000128,0,29,0.766667,0.000848
13045,Carroll County,,GA,8995,114346,123341,22,24,46,5976,5730,11706,6,0.333525,0.356701,5304.353458,0.004622,0.007433,0,0.000356,0,29,0.472222,0.035221
13047,Catoosa County,,GA,4982,64733,69715,9,8,17,3860,3462,7322,7,0.27648,0.288354,766.196507,0.001009,0.000347,150,0.000232,0,29,0.433333,0.008719
13049,Charlton County,,GA,701,9219,9920,4,4,8,347,347,694,6,0.301549,0.315937,78.717615,0.000897,0.000941,19,0.000114,0,29,0.65,0.007102
13051,Chatham County,,GA,23855,270174,294029,136,113,249,17757,15594,33351,6,0.395473,0.43173,69881.468107,0.055615,0.051406,0,0.001815,0,29,0.35752,0.417273
13053,Chattahoochee County,,GA,3036,6236,9272,15,11,26,1430,1326,2756,6,0.323336,0.342144,15.933312,0.00497,0.005112,0,0.000242,0,29,0.833333,0.039579
13055,Chattooga County,,GA,1526,24476,26002,4,6,10,517,810,1327,7,0.241244,0.250316,13.290152,0.000046,0.000099,150,0.000122,0,29,0.380952,0.000694
13057,Cherokee County,,GA,16612,233100,249712,39,48,87,12355,11393,23748,6,0.364367,0.391989,2513.77806,0.015828,0.024055,0,0.000572,0,29,0.50559,0.123724
13059,Clarke County,,GA,11945,97315,109260,33,42,75,5979,7247,13226,6,0.35435,0.381011,18672.711441,0.008406,0.015838,0,0.000564,0,29,0.354592,0.067819
13061,Clay County,,GA,198,3001,3199,0,0,0,0,0,0,0,0,0,0,0,0,20,0.000051,17,52,0,0
13063,Clayton County,,GA,41196,276541,317737,93,87,180,33687,34777,68464,6,0.393487,0.426546,19392.647963,0.041248,0.038231,0,0.001183,0,29,0.440487,0.31043
13065,Clinch County,,GA,482,6520,7002,1,2,3,111,170,281,7,0.256796,0.267019,0,0.000139,0.000151,0,0.000066,0,29,1,0.001158
13067,Cobb County,,GA,70466,794535,865001,222,205,427,59139,60336,119475,5,0.431998,0.474954,65490.391343,0.090168,0.089135,0,0.002677,0,29,0.315353,0.657871
13069,Coffee County,,GA,2220,39930,42150,9,9,18,878,780,1658,6,0.30322,0.318902,15379.834294,0.000184,0.000992,0,0.000385,0,29,0.233333,0.002218
13071,Colquitt County,,GA,2629,45082,47711,9,14,23,1229,1331,2560,6,0.316456,0.334408,1789.926612,0.0003,0.003794,0,0.000246,0,29,0.472527,0.002736
13073,Columbia County,,GA,12463,134524,146987,48,39,87,9375,7309,16684,6,0.34965,0.375454,10948.749896,0.021202,0.017824,0,0.000667,0,29,0.508754,0.168774
13075,Cook County,,GA,1436,16287,17723,5,5,10,775,818,1593,7,0.25691,0.267651,4.817208,0.000206,0.00017,0,0.00016,0,29,0.7,0.00179
13077,Coweta County,,GA,13526,148805,162331,30,39,69,6970,8808,15778,6,0.354653,0.381259,8132.441369,0.010047,0.016717,0,0.000423,0,29,0.455674,0.076736
13079,Crawford County,,GA,941,12527,13468,3,3,6,631,522,1153,7,0.269417,0.280512,0,0.000273,0.000286,0,0.000128,0,29,1,0.002499
13081,Crisp County,,GA,1732,21739,23471,9,9,18,936,856,1792,6,0.306651,0.322759,5931.718349,0.001129,0.001169,0,0.000252,0,29,0.416667,0.009422
13083,Dade County,,GA,1081,15489,16570,5,5,10,551,695,1246,7,0.27648,0.287923,7.192038,0.000243,0.000283,150,0.000157,0,29,0.6,0.002687
13085,Dawson County,,GA,2071,21926,23997,8,6,14,1389,1303,2692,6,0.309399,0.324701,11.596748,0.001999,0.002594,0,0.000168,0,29,0.722222,0.015455
13087,Decatur County,,GA,1660,28596,30256,5,7,12,586,676,1262,7,0.278364,0.291576,7626.348589,0.000384,0.000334,19,0.000182,0,29,0.333333,0.002407
13089,DeKalb County,,GA,92004,708191,800195,217,197,414,78146,82526,160672,6,0.432449,0.474632,73817.406514,0.08904,0.085821,0,0.002614,0,29,0.315084,0.654772
13091,Dodge County,,GA,1096,18996,20092,4,5,9,349,461,810,7,0.262135,0.273432,5778.430596,0.000022,0.000209,0,0.000217,0,29,0.5,0.000523
13093,Dooly County,,GA,773,10540,11313,2,3,5,272,404,676,7,0.26178,0.272553,0.576923,0.000166,0.000208,0,0.000093,0,29,0.666667,0.001728
13095,Dougherty County,,GA,8103,95827,103930,30,33,63,4610,5175,9785,6,0.33835,0.362121,31044.414671,0.007524,0.011841,0,0.000659,0,29,0.37619,0.057848
13097,Douglas County,,GA,15785,136035,151820,33,36,69,11423,10972,22395,6,0.354263,0.381057,1308.45797,0.016365,0.01719,0,0.000432,0,29,0.607317,0.12444
13099,Early County,,GA,672,11048,11720,2,5,7,108,309,417,7,0.256501,0.267459,2886.550455,0.000059,0.00013,19,0.000096,0,29,0.25,0.000727
13101,Echols County,,GA,294,3479,3773,1,1,2,135,146,281,7,0.256637,0.26653,0,0.000139,0.00014,0,0.000066,0,29,0,0.001158
13103,Effingham County,,GA,4842,56056,60898,7,9,16,2630,2675,5305,6,0.308872,0.32546,80.185791,0.000982,0.002571,0,0.000201,0,29,0.555556,0.00822
13105,Elbert County,,GA,1171,21693,22864,4,6,10,423,579,1002,7,0.262753,0.274064,22.638671,0.000144,0.000138,0,0.000131,0,29,0.566667,0.00111
13107,Emanuel County,,GA,1377,23262,24639,8,9,17,524,607,1131,7,0.284397,0.298038,633.70459,0.000104,0.000526,0,0.000237,0,29,0.266667,0.00137
13109,Evans County,,GA,905,10798,11703,4,4,8,439,436,875,7,0.283646,0.29621,0.25,0.000479,0.000536,0,0.000119,0,29,0.8,0.00408
13111,Fannin County,,GA,1402,22754,24156,7,5,12,529,494,1023,6,0.302272,0.316017,706.00982,0.001544,0.000878,0,0.00023,0,29,0.267857,0.012253
13113,Fayette County,,GA,9897,118761,128658,25,21,46,5991,5981,11972,6,0.3393,0.360805,968.784861,0.012351,0.009792,0,0.000354,0,29,0.634409,0.094422
13115,Floyd County,,GA,5417,99723,105140,13,18,31,2331,3122,5453,6,0.313412,0.331661,5416.011909,0.003626,0.00413,0,0.000229,0,29,0.520468,0.027408
13117,Forsyth County,,GA,11684,191026,202710,42,30,72,10554,6885,17439,6,0.355566,0.380632,1794.430124,0.021492,0.017708,0,0.000566,0,29,0.561517,0.165852
13119,Franklin County,,GA,1914,23014,24928,9,9,18,1048,1096,2144,6,0.305681,0.321494,511.836014,0.000904,0.001011,0,0.000219,0,29,0.566667,0.007101
13121,Fulton County,,GA,120846,910482,1031328,300,266,566,115857,109769,225626,5,0.438928,0.487971,171246.713477,0.107995,0.100541,0,0.003681,0,29,0.219642,0.788192
13123,Gilmer County,,GA,1844,28362,30206,8,8,16,738,806,1544,6,0.30581,0.320868,439.723172,0.002476,0.001669,0,0.000188,0,29,0.611111,0.018774
13125,Glascock County,,GA,172,2826,2998,2,0,2,83,0,83,0,0,0,0,0.000007,0,0,0.000088,0,0,1,0.000239
13127,Glynn County,,GA,5652,81967,87619,18,18,36,2289,2203,4492,6,0.320159,0.339247,1874.981664,0.005973,0.007684,19,0.000349,0,29,0.538961,0.046673
13129,Gordon County,,GA,3429,59816,63245,13,11,24,2307,1972,4279,6,0.309564,0.326305,1215.228231,0.002765,0.002833,0,0.000255,0,29,0.532967,0.021735
13131,Grady County,,GA,1819,25334,27153,6,5,11,890,1026,1916,7,0.277485,0.28988,140.58843,0.000441,0.000238,0,0.000154,0,29,0.533333,0.002625
13133,Greene County,,GA,1053,16535,17588,5,4,9,378,406,784,7,0.301863,0.316262,18.779073,0.001675,0.000811,0,0.000119,0,29,0.6,0.01252
13135,Gwinnett County,,GA,68132,880664,948796,223,227,450,63765,59010,122775,6,0.431805,0.477782,119696.030862,0.090151,0.089327,0,0.002639,0,29,0.271719,0.652459
13137,Habersham County,,GA,2790,44131,46921,10,9,19,1849,1517,3366,7,0.302052,0.317181,2552.89366,0.002407,0.000955,0,0.000243,0,29,0.522727,0.018911
13139,Hall County,,GA,11559,200362,211921,35,28,63,8054,7094,15148,6,0.346351,0.370851,8703.518745,0.012883,0.011962,0,0.000569,0,29,0.460897,0.101327
13141,Hancock County,,GA,516,8401,8917,1,1,2,157,196,353,7,0.237413,0.24448,0,0.000023,0.00002,0,0.000074,0,29,0,0.000249
13143,Haralson County,,GA,2340,28359,30699,6,6,12,1434,1371,2805,6,0.301989,0.31581,342.288953,0.001035,0.000948,0,0.000129,0,29,0.733333,0.007379
13145,Harris County,,GA,2540,33512,36052,5,6,11,1586,1392,2978,7,0.2789,0.291403,3.995367,0.000474,0.000544,0,0.000132,0,29,0.633333,0.004654
13147,Hart County,,GA,1404,25549,26953,7,5,12,850,630,1480,7,0.243248,0.252655,137.270358,0.00093,0.00007,0,0.000168,0,29,0.571429,0.006883
13149,Heard County,,GA,1046,10465,11511,3,4,7,499,672,1171,7,0.262467,0.273167,0,0.00023,0.000157,0,0.000088,0,29,0.916667,0.001441
13151,Henry County,,GA,21207,219655,240862,63,64,127,16663,15604,32267,6,0.377113,0.407764,9809.972551,0.026659,0.03078,0,0.000821,0,29,0.478695,0.201995
13153,Houston County,,GA,12798,158943,171741,64,53,117,8679,6800,15479,6,0.354263,0.382546,48938.684117,0.023777,0.019531,0,0.001134,0,29,0.357786,0.184954
13155,Irwin County,,GA,799,9156,9955,5,3,8,570,384,954,7,0.239195,0.247308,4.392857,0.000056,0.000028,0,0.000192,0,29,0.6,0.000785
13157,Jackson County,,GA,5308,64362,69670,15,14,29,3886,3431,7317,6,0.310194,0.326718,413.291621,0.003291,0.003478,0,0.000293,0,29,0.545833,0.025353
13159,Jasper County,,GA,1311,14595,15906,6,7,13,649,782,1431,7,0.302052,0.316952,8.454207,0.001099,0.001127,0,0.000128,0,29,0.736111,0.00834
13161,Jeff Davis County,,GA,896,14521,15417,3,3,6,332,347,679,7,0.233119,0.240539,302.96273,0.000008,0.000002,0,0.00019,0,29,0.166667,0.000307
13163,Jefferson County,,GA,1088,19325,20413,5,7,12,461,599,1060,7,0.272147,0.284851,1574.302589,0.000428,0.000422,0,0.000136,0,29,0.333333,0.003699
13165,Jenkins County,,GA,554,8034,8588,2,3,5,143,262,405,7,0.242455,0.25106,0,0.000073,0.000058,0,0.000082,0,29,1,0.000628
13167,Johnson County,,GA,380,7930,8310,3,3,6,274,207,481,7,0.236735,0.244351,4.04457,0.000023,0.000018,0,0.000151,0,29,0.666667,0.000437
13169,Jones County,,GA,2292,30220,32512,6,8,14,1436,1476,2912,7,0.269767,0.281892,35.832292,0.000311,0.000332,0,0.000181,0,29,0.482143,0.003017
13171,Lamar County,,GA,1416,16933,18349,7,7,14,933,853,1786,7,0.284537,0.296957,3.596412,0.000633,0.000619,0,0.000164,0,29,0.738095,0.005227
13173,Lanier County,,GA,1060,8077,9137,2,2,4,674,478,1152,7,0.256683,0.26676,0,0.000141,0.000142,0,0.000099,0,29,1,0.001264
13175,Laurens County,,GA,2828,52542,55370,12,13,25,834,1078,1912,6,0.309697,0.326552,25048.64265,0.001824,0.002338,0,0.000436,0,29,0.285714,0.01487
13177,Lee County,,GA,3344,32379,35723,7,8,15,1931,1677,3608,6,0.307725,0.324057,1078.22402,0.000851,0.001454,0,0.000181,0,29,0.466667,0.006146
13179,Liberty County,,GA,12280,61192,73472,56,47,103,6737,6006,12743,6,0.365285,0.393443,11047.572166,0.025843,0.023537,0,0.000824,0,29,0.576037,0.20181
13181,Lincoln County,,GA,516,8166,8682,3,4,7,207,255,462,7,0.271688,0.283702,92.744872,0.000404,0.000412,0,0.000114,0,29,0.5,0.003412
13183,Long County,,GA,1938,10603,12541,4,3,7,1048,850,1898,7,0.284091,0.296572,0.674242,0.00062,0.000659,0,0.000125,0,29,0.833333,0.005311
13185,Lowndes County,,GA,11146,105672,116818,48,47,95,5361,5695,11056,6,0.345197,0.371793,54188.641973,0.017473,0.017376,0,0.00087,0,29,0.365479,0.135018
13187,Lumpkin County,,GA,2503,26798,29301,6,7,13,1053,1191,2244,6,0.307921,0.323603,15.729138,0.00179,0.002611,0,0.000146,0,29,0.809524,0.014164
13189,McDuffie County,,GA,1467,23641,25108,5,6,11,757,863,1620,7,0.272173,0.284765,4409.363217,0.000412,0.000483,0,0.000148,0,29,0.380952,0.003639
13191,McIntosh County,,GA,923,11374,12297,3,2,5,340,441,781,7,0.267849,0.278443,0,0.000663,0.000255,19,0.000096,0,29,1,0.005485
13193,Macon County,,GA,884,12119,13003,5,3,8,346,368,714,7,0.261733,0.272466,47.767421,0.00099,0.000209,0,0.000172,0,29,0.5,0.008328
13195,Madison County,,GA,2799,29240,32039,12,11,23,1956,1889,3845,7,0.302052,0.317411,668.444332,0.001087,0.000989,0,0.000258,0,29,0.530303,0.008542
13197,Marion County,,GA,632,7215,7847,2,1,3,184,236,420,7,0.276612,0.288196,0,0.000296,0.000316,0,0.000088,0,29,1,0.002743
13199,Meriwether County,,GA,2073,22765,24838,10,13,23,1371,1517,2888,6,0.307725,0.324603,233.438925,0.001683,0.002033,0,0.000225,0,29,0.551282,0.013991
13201,Miller County,,GA,416,5531,5947,3,2,5,204,216,420,8,0.217816,0.224074,0.733766,0.000004,0.000003,19,0.000119,0,29,0.666667,0.000296
13205,Mitchell County,,GA,1454,22641,24095,6,7,13,758,790,1548,7,0.25312,0.263315,2954.989267,0.000165,0.000086,0,0.00017,0,29,0.452381,0.001225
13207,Monroe County,,GA,1897,26950,28847,8,8,16,1200,877,2077,6,0.306295,0.322126,128.273649,0.001263,0.00172,0,0.000177,0,29,0.688889,0.010117
13209,Montgomery County,,GA,627,7846,8473,1,1,2,234,227,461,8,0.22129,0.227283,0,0.000004,0.000004,0,0.000073,0,29,0,0.000124
13211,Morgan County,,GA,1296,19429,20725,7,7,14,658,634,1292,7,0.302398,0.316325,12.144822,0.000944,0.000914,0,0.000151,0,29,0.644444,0.007193
13213,Murray County,,GA,2896,40658,43554,5,8,13,2030,2113,4143,7,0.276612,0.288503,14.196171,0.000074,0.000384,150,0.000157,0,29,0.571429,0.00133
13215,Muscogee County,,GA,23373,205987,229360,107,87,194,17280,16113,33393,6,0.382334,0.416029,44002.517516,0.03941,0.03397,0,0.001573,0,29,0.349985,0.306333
13217,Newton County,,GA,9457,102687,112144,21,24,45,7323,6766,14089,6,0.325185,0.346649,547.638771,0.007974,0.008887,0,0.000294,0,29,0.558201,0.058536
13219,Oconee County,,GA,2717,35687,38404,8,9,17,1602,1393,2995,6,0.307758,0.323828,426.703593,0.001656,0.001766,0,0.000171,0,29,0.677778,0.012299
13221,Oglethorpe County,,GA,1265,14413,15678,4,4,8,667,757,1424,7,0.261804,0.272219,0.683333,0.00015,0.000116,0,0.000117,0,29,0.8,0.001097
13223,Paulding County,,GA,12740,149951,162691,17,29,46,8777,8733,17510,6,0.33772,0.361351,304.787471,0.004972,0.012604,0,0.000263,0,29,0.602299,0.038451
13225,Peach County,,GA,2805,26898,29703,6,4,10,1644,1641,3285,7,0.269442,0.280685,7.914881,0.00028,0.000294,0,0.000207,0,29,0.5,0.002859
13227,Pickens County,,GA,2267,32202,34469,8,7,15,1290,1309,2599,6,0.306295,0.321586,4.609904,0.002723,0.001961,0,0.000153,0,29,0.763889,0.02023
13229,Pierce County,,GA,1479,19029,20508,3,5,8,726,782,1508,7,0.237122,0.245318,17.037239,0.000022,0.000024,0,0.000128,0,29,0.55,0.000474
13231,Pike County,,GA,1491,18714,20205,7,7,14,871,914,1785,7,0.285068,0.29771,4.170061,0.000695,0.00077,0,0.000158,0,29,0.785714,0.005853
13233,Polk County,,GA,2736,43470,46206,8,9,17,1467,1672,3139,6,0.308773,0.324299,16.052884,0.001896,0.002586,0,0.000149,0,29,0.861111,0.014234
13235,Pulaski County,,GA,680,9680,10360,3,3,6,235,305,540,7,0.261804,0.272512,503.897152,0.00016,0.000193,0,0.000161,0,29,0.833333,0.001768
13237,Putnam County,,GA,1757,22021,23778,9,10,19,792,792,1584,6,0.308543,0.324466,130.563729,0.001574,0.002246,0,0.000195,0,29,0.538462,0.012175
13239,Quitman County,,GA,266,2186,2452,1,1,2,63,119,182,8,0.220751,0.227043,0,0.000007,0.000006,0,0.000074,0,29,0,0.000147
13241,Rabun County,,GA,920,17133,18053,3,2,5,194,224,418,8,0.232838,0.23983,19.120339,0.000817,0.000027,0,0.000133,0,29,0.166667,0.006721
13243,Randolph County,,GA,440,7328,7768,2,2,4,103,137,240,7,0.252878,0.262166,1115.323904,0.000096,0.00006,0,0.000092,0,29,0.5,0.000652
13245,Richmond County,,GA,21831,204519,226350,75,74,149,12622,14541,27163,6,0.372416,0.404759,31366.855656,0.029655,0.03251,0,0.001027,0,29,0.40528,0.233001
13247,Rockdale County,,GA,10815,86946,97761,18,21,39,7385,7764,15149,6,0.32312,0.34331,198.006944,0.00781,0.008412,0,0.000246,0,29,0.567692,0.057159
13249,Schley County,,GA,269,4432,4701,1,1,2,164,97,261,7,0.23718,0.244135,0,0.000023,0.000016,0,0.000072,0,29,0,0.000222
13251,Screven County,,GA,997,14346,15343,4,4,8,557,563,1120,7,0.285321,0.298383,2.349822,0.000506,0.000742,0,0.000115,0,29,0.75,0.004152
13253,Seminole County,,GA,673,8800,9473,3,4,7,363,345,708,7,0.246599,0.256337,206.844984,0.000004,0.000073,19,0.00014,0,29,0.5,0.000296
13255,Spalding County,,GA,5587,66274,71861,16,15,31,3724,3936,7660,6,0.310692,0.327638,316.588122,0.004501,0.003901,0,0.000275,0,29,0.569853,0.035219
13257,Stephens County,,GA,1655,25760,27415,7,7,14,634,791,1425,7,0.301863,0.316607,235.775268,0.000865,0.000908,0,0.000184,0,29,0.553571,0.007088
13259,Stewart County,,GA,392,4426,4818,1,1,2,79,106,185,7,0.276612,0.288196,0,0.000272,0.000316,0,0.000066,0,29,0,0.00252
13261,Sumter County,,GA,2321,32303,34624,9,11,20,690,1076,1766,6,0.310892,0.327408,6228.265096,0.002042,0.002897,0,0.000278,0,29,0.418182,0.016738
13263,Talbot County,,GA,537,6617,7154,3,2,5,296,303,599,7,0.276718,0.288541,0,0.000293,0.00033,0,0.000099,0,29,1,0.002852
13265,Taliaferro County,,GA,102,1611,1713,0,0,0,0,0,0,0,0,0,0,0,0,21,0.000051,18,53,0,0
13267,Tattnall County,,GA,1532,19926,21458,6,8,14,643,741,1384,7,0.284342,0.297607,214.931555,0.00067,0.000751,0,0.000164,0,29,0.535714,0.00585
13269,Taylor County,,GA,565,8663,9228,1,3,4,58,192,250,7,0.269417,0.280512,0,0.000157,0.000286,0,0.000069,0,29,1,0.001558
13271,Telfair County,,GA,873,10462,11335,3,5,8,239,394,633,7,0.238801,0.247461,5893.938411,0.000002,0.000016,0,0.000216,0,29,0.2,0.000274
13273,Terrell County,,GA,751,10657,11408,2,3,5,271,403,674,7,0.2529,0.262338,1,0.000107,0.000068,0,0.000087,0,29,0.666667,0.000701
13275,Thomas County,,GA,3017,46926,49943,10,10,20,1446,1475,2921,6,0.314875,0.33258,2064.068959,0.001427,0.003184,0,0.000234,0,29,0.424242,0.010496
13277,Tift County,,GA,3788,42203,45991,15,18,33,2335,2197,4532,6,0.313989,0.332489,10460.160449,0.003082,0.00424,0,0.000402,0,29,0.353801,0.025644
13279,Toombs County,,GA,1920,27463,29383,5,7,12,651,692,1343,7,0.284147,0.297348,7336.375452,0.00048,0.000503,0,0.000182,0,29,0.380952,0.004178
13281,Towns County,,GA,717,10671,11388,2,2,4,208,233,441,8,0.205164,0.210333,1475.609916,0.000001,0.000006,0,0.000164,0,29,0,0.000221
13283,Treutlen County,,GA,401,6117,6518,2,1,3,116,69,185,7,0.236484,0.243558,0,0.000023,0.000015,0,0.000102,0,29,1,0.000324
13285,Troup County,,GA,4403,71003,75406,17,17,34,2860,2595,5455,6,0.312298,0.330144,1746.889496,0.004499,0.004545,0,0.000311,0,29,0.5,0.034212
13287,Turner County,,GA,2465,10683,13148,6,8,14,684,1591,2275,6,0.306748,0.32296,1046.56681,0.000947,0.00141,0,0.000179,0,29,0.535714,0.00758
13289,Twiggs County,,GA,817,9627,10444,3,4,7,370,478,848,7,0.269467,0.280742,13.269499,0.000273,0.000287,0,0.000103,0,29,0.833333,0.0025
13291,Union County,,GA,1369,21275,22644,4,4,8,358,334,692,7,0.258053,0.268208,14645.78503,0.000726,0.000116,0,0.000211,0,29,0.15,0.005578
13293,Upson County,,GA,1510,28011,29521,6,6,12,598,574,1172,6,0.305488,0.320776,24.865809,0.000612,0.001257,0,0.000142,0,29,0.809524,0.005038
13295,Walker County,,GA,4751,65465,70216,7,9,16,3098,3198,6296,6,0.304175,0.318603,702.536332,0.000278,0.001175,150,0.000185,0,29,0.409091,0.003268
13297,Walton County,,GA,6579,88008,94587,16,19,35,4729,4479,9208,6,0.316042,0.33508,136.87324,0.004199,0.006183,0,0.00026,0,29,0.561905,0.031837
13299,Ware County,,GA,2609,34583,37192,9,9,18,1255,1254,2509,6,0.30303,0.318615,7292.019664,0.001377,0.001064,0,0.000275,0,29,0.372727,0.011437
13301,Warren County,,GA,417,6119,6536,1,2,3,124,222,346,7,0.271459,0.283041,0,0.000004,0.000241,0,0.000072,0,29,1,0.000119
13303,Washington County,,GA,924,21543,22467,5,3,8,322,211,533,7,0.238037,0.245791,266.867049,0.000306,0.000035,0,0.000173,0,29,0.35,0.002596
13305,Wayne County,,GA,1856,28182,30038,8,8,16,754,648,1402,6,0.306748,0.322833,7163.262405,0.000678,0.00158,19,0.000269,0,29,0.388889,0.006136
13307,Webster County,,GA,173,2418,2591,0,0,0,0,0,0,0,0,0,0,0,0,22,0.000051,19,54,0,0
13309,Wheeler County,,GA,352,4685,5037,1,1,2,45,67,112,8,0.192781,0.197151,0,0,0,0,0.000087,0,29,0,0.000092
13311,White County,,GA,2034,25588,27622,5,7,12,1029,1036,2065,7,0.301832,0.316549,3.183333,0.000849,0.001056,0,0.000135,0,29,0.714286,0.006689
13313,Whitfield County,,GA,6245,117308,123553,15,12,27,3565,3498,7063,6,0.308806,0.325713,2189.307137,0.004768,0.002323,150,0.000282,0,29,0.520833,0.037608
13315,Wilcox County,,GA,496,7140,7636,2,2,4,127,107,234,7,0.235065,0.242346,1.452381,0.000011,0.000011,0,0.000109,0,29,0,0.000279
13317,Wilkes County,,GA,585,10642,11227,2,2,4,97,108,205,7,0.261804,0.271932,8.97054,0.00013,0.000071,0,0.000086,0,29,0,0.000754
13319,Wilkinson County,,GA,694,10828,11522,5,4,9,368,417,785,7,0.263469,0.273708,5.053571,0.000161,0.00013,0,0.000158,0,29,0.7,0.001514
13321,Worth County,,GA,1785,22451,24236,7,7,14,1183,1025,2208,7,0.253386,0.263833,22.509921,0.000192,0.000112,0,0.000184,0,29,0.571429,0.001549
15001,Hawaii County,,HI,7931,188474,196405,28,23,51,4536,4090,8626,6,0.34283,0.365644,7.591366,0.015692,0.014894,8,0.000345,0,29,0.895161,0.118849
15003,Honolulu County,,HI,65910,1082307,1148217,259,260,519,48736,48743,97479,5,0.43701,0.486017,52980.115922,0.099789,0.098512,8,0.002983,0,29,0.254519,0.737981
15005,Kalawao County,,HI,-2,-2,-4,0,0,0,0,0,0,0,0,0,0,0,0,23,0.000051,20,55,0,0
15007,Kauai County,,HI,3156,75086,78242,7,10,17,545,1373,1918,6,0.339062,0.359098,0.041667,0.005989,0.007998,8,0.000121,0,29,0.981818,0.045672
15009,Maui County,,HI,6942,166404,173346,32,25,57,3947,3676,7623,6,0.347513,0.371902,23.591416,0.017213,0.01631,8,0.00038,0,29,0.869048,0.129776
16001,Ada County,,ID,24609,431458,456067,116,101,217,21848,18078,39926,6,0.367974,0.403983,77321.640257,0.035074,0.033652,185,0.001847,0,29,0.296014,0.279503
16003,Adams County,,ID,325,3978,4303,1,1,2,50,47,97,7,0.269017,0.281456,0,0.00027,0.000281,185,0.000066,0,29,0,0.002341
16005,Bannock County,,ID,6100,87213,93313,23,23,46,3206,3289,6495,6,0.337366,0.359345,14649.208876,0.006508,0.005148,185,0.000447,0,29,0.417989,0.05013
16007,Bear Lake County,,ID,367,6676,7043,2,1,3,82,48,130,7,0.252306,0.260916,0,0.000601,0.000052,185,0.000076,0,29,0.666667,0.004426
16009,Benewah County,,ID,734,9482,10216,2,3,5,167,370,537,7,0.272556,0.285263,0,0.000383,0.000365,185,0.00008,0,29,1,0.002867
16011,Bingham County,,ID,3225,51621,54846,11,11,22,1881,2034,3915,6,0.299804,0.315425,1228.182179,0.002609,0.001597,185,0.000225,0,29,0.697802,0.020202
16013,Blaine County,,ID,1692,24902,26594,4,5,9,378,497,875,6,0.328389,0.34608,1177.048401,0.001118,0.002295,185,0.000123,0,29,0.55,0.009444
16015,Boise County,,ID,645,6922,7567,2,2,4,371,350,721,7,0.269142,0.281829,0,0.00037,0.000405,185,0.000081,0,29,1,0.003382
16017,Bonner County,,ID,3042,42214,45256,8,8,16,1116,1370,2486,6,0.333986,0.353264,1236.26149,0.002535,0.00264,185,0.000194,0,29,0.6,0.019579
16019,Bonneville County,,ID,7827,117420,125247,24,24,48,4849,4548,9397,6,0.33938,0.362034,7634.842097,0.008056,0.006172,185,0.000424,0,29,0.456897,0.062172
16021,Boundary County,,ID,784,11516,12300,2,2,4,202,243,445,7,0.255417,0.264749,0,0.000114,0.000125,185,0.000088,0,29,1,0.001139
16023,Butte County,,ID,260,2987,3247,0,1,1,0,55,55,7,0.253451,0.262291,0,0,0.000065,185,0.000051,0,56,0,0
16025,Camas County,,ID,97,989,1086,0,0,0,0,0,0,0,0,0,0,0,0,24,0.000051,21,57,0,0
16027,Canyon County,,ID,14416,198314,212730,48,45,93,10581,10370,20951,6,0.34279,0.368437,14838.155581,0.015366,0.012528,185,0.000779,0,29,0.398052,0.118155
16029,Caribou County,,ID,622,7982,8604,1,4,5,96,298,394,7,0.255327,0.265088,2.558333,0.000041,0.000124,185,0.000067,0,29,0.416667,0.000499
16031,Cassia County,,ID,2033,25251,27284,6,5,11,1185,1150,2335,7,0.284007,0.298144,13.335752,0.000484,0.00061,185,0.000149,0,29,0.732143,0.004621
16033,Clark County,,ID,111,1007,1118,0,0,0,0,0,0,0,0,0,0,0,0,25,0.000051,22,58,0,0
16035,Clearwater County,,ID,631,8417,9048,2,2,4,148,236,384,7,0.237491,0.244975,0,0.000031,0.000036,185,0.000105,0,29,1,0.000492
16037,Custer County,,ID,370,4734,5104,1,0,1,40,0,40,0,0,0,0,0.00027,0,185,0.000066,0,26,0,0.002341
16039,Elmore County,,ID,4903,28343,33246,9,16,25,799,1657,2456,6,0.340495,0.362609,701.874994,0.003027,0.006828,185,0.000186,0,29,0.610294,0.025154
16041,Franklin County,,ID,893,14628,15521,3,1,4,350,341,691,7,0.254855,0.263795,0,0.000673,0.000061,7,0.000089,0,29,0.5,0.004997
16043,Fremont County,,ID,1225,14323,15548,3,7,10,367,715,1082,6,0.297955,0.312793,0,0.000105,0.001047,185,0.0001,0,29,1,0.001215
16045,Gem County,,ID,1281,17331,18612,3,3,6,691,725,1416,7,0.269167,0.282002,0,0.000374,0.000408,185,0.000108,0,29,1,0.003503
16047,Gooding County,,ID,1481,17349,18830,5,5,10,865,863,1728,7,0.269241,0.282404,88.446602,0.00042,0.00046,185,0.000157,0,29,0.7,0.004091
16049,Idaho County,,ID,799,15082,15881,3,4,7,234,304,538,7,0.269191,0.282203,551.38865,0.000283,0.000317,185,0.000138,0,29,0.666667,0.002638
16051,Jefferson County,,ID,2547,29059,31606,8,7,15,1480,1506,2986,6,0.297955,0.312793,106.796624,0.001076,0.001039,185,0.000166,0,29,0.857143,0.009071
16053,Jerome County,,ID,2290,25620,27910,6,5,11,1324,1385,2709,7,0.269142,0.282203,77.632145,0.00033,0.000342,185,0.000187,0,29,0.666667,0.003312
16055,Kootenai County,,ID,8134,155062,163196,36,31,67,6129,4665,10794,6,0.342911,0.366874,8767.393166,0.013082,0.011569,185,0.000623,0,29,0.510121,0.101655
16057,Latah County,,ID,3678,34854,38532,14,10,24,1624,1527,3151,6,0.311326,0.328552,4148.13894,0.002809,0.002327,185,0.000321,0,29,0.445833,0.023283
16059,Lemhi County,,ID,518,8318,8836,0,1,1,0,42,42,7,0.26906,0.281531,0,0,0.000281,185,0.000051,0,59,0,0
16061,Lewis County,,ID,335,4815,5150,2,2,4,157,152,309,7,0.235351,0.242526,0,0.000015,0.000015,185,0.000107,0,29,1,0.000316
16063,Lincoln County,,ID,600,5593,6193,4,4,8,296,354,650,7,0.254386,0.263634,1.333333,0.000071,0.000067,185,0.000144,0,29,0.666667,0.000895
16065,Madison County,,ID,5545,29380,34925,17,17,34,2052,2972,5024,6,0.338943,0.36081,1531.363654,0.005911,0.005871,185,0.000276,0,29,0.689474,0.046217
16067,Minidoka County,,ID,1829,23465,25294,6,6,12,976,1213,2189,7,0.269642,0.283076,5.106409,0.000466,0.000516,185,0.000169,0,29,0.733333,0.004621
16069,Nez Perce County,,ID,2883,42894,45777,11,10,21,1764,1837,3601,6,0.307725,0.32427,7367.008159,0.001629,0.001572,185,0.000314,0,29,0.481818,0.013825
16071,Oneida County,,ID,356,4673,5029,1,2,3,54,97,151,7,0.252328,0.261089,0.375392,0.000019,0.000081,7,0.000069,0,29,0.5,0.000299
16073,Owyhee County,,ID,1232,11674,12906,3,3,6,706,817,1523,7,0.269442,0.282404,0,0.000425,0.000429,185,0.000091,0,29,1,0.003671
16075,Payette County,,ID,2016,24364,26380,5,5,10,1107,1198,2305,7,0.269216,0.282346,1.333333,0.000381,0.000414,185,0.000157,0,29,0.8,0.003734
16077,Power County,,ID,759,9250,10009,2,2,4,304,384,688,7,0.252306,0.261031,0,0.000054,0.000073,185,0.000085,0,29,1,0.000755
16079,Shoshone County,,ID,831,12824,13655,2,2,4,277,367,644,7,0.272505,0.285033,0,0.000383,0.000343,185,0.00008,0,29,1,0.002867
16081,Teton County,,ID,1081,10249,11330,3,2,5,315,279,594,7,0.253896,0.263089,0.566667,0.000672,0.000075,7,0.000096,0,29,0.833333,0.0051
16083,Twin Falls County,,ID,6003,84946,90949,22,25,47,3659,3582,7241,6,0.338153,0.360523,7185.61402,0.006545,0.005802,185,0.000413,0,29,0.419951,0.049367
16085,Valley County,,ID,1077,10038,11115,2,2,4,312,430,742,7,0.269142,0.281829,0,0.00037,0.000405,185,0.000081,0,29,1,0.003382
16087,Washington County,,ID,724,10408,11132,4,4,8,340,349,689,7,0.269191,0.282174,0,0.000377,0.000411,185,0.000127,0,29,1,0.003621
17001,Adams County,,IL,2751,80793,83544,12,10,22,1044,939,1983,6,0.325953,0.344305,18871.225623,0.002964,0.001742,56,0.000361,0,29,0.314103,0.022564
17003,Alexander County,,IL,629,7430,8059,2,3,5,135,240,375,7,0.258952,0.268241,1422.075894,0.00001,0.000045,56,0.000115,0,29,0.333333,0.000338
17005,Bond County,,IL,1105,18421,19526,5,5,10,600,556,1156,7,0.277088,0.288681,75.444085,0.000311,0.000265,56,0.000155,0,29,0.6,0.002475
17007,Boone County,,IL,4191,67461,71652,10,10,20,3101,2970,6071,6,0.323372,0.340966,28.296983,0.003933,0.002465,186,0.000138,0,29,0.809091,0.026544
17009,Brown County,,IL,285,5910,6195,1,1,2,51,54,105,7,0.245846,0.253351,0,0.000014,0.000024,56,0.000081,0,29,0,0.000277
17011,Bureau County,,IL,2214,42923,45137,8,7,15,1029,1071,2100,6,0.32312,0.340247,1721.46065,0.00161,0.001103,186,0.000175,0,29,0.472222,0.012246
17013,Calhoun County,,IL,238,5932,6170,2,2,4,86,108,194,7,0.265349,0.275447,0,0.0001,0.000084,56,0.000096,0,29,1,0.00083
17015,Carroll County,,IL,995,19432,20427,5,5,10,408,401,809,7,0.27027,0.281613,4.575983,0.000059,0.000156,186,0.000136,0,29,0.5,0.001034
17017,Cass County,,IL,1180,16441,17621,4,3,7,388,509,897,7,0.26112,0.270898,1693.535509,0.001042,0.000069,186,0.000154,0,29,0.416667,0.008169
17019,Champaign County,,IL,14165,202283,216448,41,60,101,6519,8100,14619,6,0.380977,0.411828,25300.741665,0.013394,0.027667,186,0.000602,0,29,0.42691,0.094363
17021,Christian County,,IL,1774,40431,42205,4,6,10,941,945,1886,7,0.26145,0.271823,40.624682,0.000115,0.0001,186,0.000142,0,29,0.466667,0.001085
17023,Clark County,,IL,964,19376,20340,5,5,10,432,493,925,7,0.256978,0.266853,5209.113787,0.000048,0.000031,186,0.000182,0,29,0.3,0.000718
17025,Clay County,,IL,722,16754,17476,4,4,8,254,327,581,8,0.223835,0.230833,1835.185365,0.000004,0.000011,56,0.000193,0,29,0.166667,0.000468
17027,Clinton County,,IL,1847,44513,46360,5,7,12,1111,1100,2211,6,0.300487,0.314552,79.515887,0.000309,0.000825,56,0.000152,0,29,0.666667,0.002491
17029,Coles County,,IL,3446,51832,55278,10,12,22,1530,1648,3178,6,0.323986,0.342046,11584.094551,0.001229,0.001284,186,0.000286,0,29,0.325758,0.009269
17031,Cook County,,IL,219773,6066689,6286462,430,442,872,168354,201162,369516,5,0.476347,0.536575,586972.167263,0.124507,0.120292,186,0.005385,0,29,0.126066,0.896656
17033,Crawford County,,IL,770,22936,23706,2,3,5,119,190,309,8,0.205005,0.210567,20.841299,0,0,186,0.000116,0,29,0,0.000191
17035,Cumberland County,,IL,705,13084,13789,3,4,7,387,418,805,7,0.245534,0.253787,15.905997,0.000013,0.000018,186,0.000132,0,29,0.5,0.000433
17037,DeKalb County,,IL,8568,111545,120113,13,16,29,4774,5588,10362,6,0.340136,0.361023,84.910112,0.003218,0.004361,186,0.000178,0,29,0.680147,0.020447
17039,De Witt County,,IL,1031,19420,20451,5,4,9,573,561,1134,7,0.280464,0.291886,10.796739,0.000419,0.000208,186,0.00013,0,29,0.7,0.00196
17041,Douglas County,,IL,1438,25438,26876,3,6,9,550,870,1420,7,0.276401,0.288341,111.260352,0.000233,0.000147,186,0.000113,0,29,0.566667,0.001128
17043,DuPage County,,IL,66973,1126886,1193859,138,161,299,55966,56900,112866,5,0.420961,0.459914,26035.751194,0.064443,0.071915,186,0.001623,0,29,0.385325,0.471508
17045,Edgar County,,IL,906,21462,22368,5,4,9,434,372,806,7,0.25691,0.266663,26.557252,0.000063,0.000047,186,0.000152,0,29,0.3,0.000832
17047,Edwards County,,IL,425,7942,8367,2,4,6,94,207,301,8,0.209417,0.215023,187.848185,0,0.000001,186,0.000138,0,29,0.25,0.000189
17049,Effingham County,,IL,1864,43627,45491,8,9,17,748,776,1524,7,0.279707,0.292878,15044.675491,0.000979,0.000264,186,0.000319,0,29,0.290909,0.00816
17051,Fayette County,,IL,1126,24235,25361,7,6,13,529,486,1015,7,0.265811,0.276774,99.420553,0.000104,0.000093,186,0.000221,0,29,0.380952,0.001401
17053,Ford County,,IL,1038,16617,17655,4,5,9,526,602,1128,7,0.280518,0.292087,1.828212,0.0004,0.000238,186,0.000102,0,29,0.75,0.001814
17055,Franklin County,,IL,2073,43304,45377,6,7,13,1132,1118,2250,7,0.278284,0.290015,450.196969,0.000073,0.000232,56,0.000238,0,29,0.547619,0.000948
17057,Fulton County,,IL,1763,41887,43650,6,7,13,974,998,1972,7,0.270775,0.282297,112.314343,0.000188,0.000218,186,0.000178,0,29,0.571429,0.001665
17059,Gallatin County,,IL,357,6198,6555,2,2,4,143,199,342,8,0.209522,0.214696,0,0.000001,0.000001,56,0.000171,0,29,1,0.000202
17061,Greene County,,IL,741,15514,16255,4,4,8,398,365,763,7,0.265495,0.275993,23.089852,0.000108,0.000093,56,0.000167,0,29,0.75,0.001093
17063,Grundy County,,IL,4143,61652,65795,8,9,17,2776,2803,5579,6,0.323156,0.340534,2.686078,0.002278,0.002093,186,0.000135,0,29,0.805556,0.01527
17065,Hamilton County,,IL,421,9386,9807,3,2,5,165,143,308,7,0.245409,0.252943,5.104229,0.000013,0.000011,56,0.000142,0,29,0.666667,0.000381
17067,Hancock County,,IL,1148,22931,24079,4,3,7,444,480,924,7,0.247715,0.256397,84.345502,0.000032,0.000035,97,0.000143,0,29,0.166667,0.00064
17069,Hardin County,,IL,201,4324,4525,0,1,1,0,49,49,8,0.205366,0.209969,0,0,0,56,0.000051,0,60,0,0
17071,Henderson County,,IL,482,8561,9043,1,3,4,99,217,316,7,0.246117,0.25419,3.386791,0.000012,0.000011,97,0.000069,0,29,0,0.000168
17073,Henry County,,IL,3130,62153,65283,9,10,19,1689,1812,3501,6,0.323408,0.341052,691.805384,0.001335,0.001361,97,0.000218,0,29,0.477778,0.010524
17075,Iroquois County,,IL,1661,36201,37862,7,6,13,999,866,1865,6,0.323156,0.34019,277.540236,0.001569,0.001371,186,0.000137,0,29,0.452381,0.010563
17077,Jackson County,,IL,5451,53059,58510,18,20,38,2459,2864,5323,6,0.346558,0.367954,16702.638256,0.00337,0.005633,56,0.000414,0,29,0.35,0.022133
17079,Jasper County,,IL,463,12357,12820,4,2,6,253,123,376,8,0.218818,0.225185,1286.772885,0.000002,0.000008,186,0.0002,0,29,0.166667,0.00044
17081,Jefferson County,,IL,2005,42496,44501,10,10,20,965,865,1830,6,0.325039,0.342856,13667.055592,0.001295,0.001302,56,0.000298,0,29,0.409091,0.01034
17083,Jersey County,,IL,1460,26890,28350,5,5,10,864,858,1722,6,0.298877,0.312236,365.276305,0.000705,0.000635,56,0.00018,0,29,0.6,0.005094
17085,Jo Daviess County,,IL,1309,28352,29661,5,6,11,639,686,1325,6,0.323336,0.340448,504.315127,0.001019,0.001075,97,0.000138,0,29,0.366667,0.008312
17087,Johnson County,,IL,687,12528,13215,4,4,8,305,349,654,7,0.257984,0.266953,427.560754,0.000016,0.000038,56,0.000199,0,29,0.45,0.000476
17089,Kane County,,IL,33379,615456,648835,45,78,123,25719,26410,52129,5,0.391099,0.422799,4151.598992,0.021999,0.037459,186,0.000547,0,29,0.511392,0.161826
17091,Kankakee County,,IL,5574,131786,137360,12,11,23,3097,2851,5948,6,0.338864,0.358667,309.842597,0.004232,0.003256,186,0.000187,0,29,0.602564,0.028301
17093,Kendall County,,IL,9613,139639,149252,12,12,24,8166,6724,14890,6,0.338983,0.358925,42.33094,0.004385,0.003866,186,0.00016,0,29,0.801282,0.028866
17095,Knox County,,IL,2702,58417,61119,10,10,20,1274,1242,2516,6,0.323444,0.341109,1090.533441,0.001352,0.001339,186,0.00024,0,29,0.509091,0.010185
17097,Lake County,,IL,43333,839243,882576,111,143,254,28841,34072,62913,6,0.410358,0.449023,11457.465792,0.057815,0.068927,186,0.001232,0,29,0.429403,0.421713
17099,LaSalle County,,IL,5863,137561,143424,19,20,39,3617,3363,6980,6,0.339578,0.360707,5521.294335,0.004413,0.003596,186,0.00029,0,29,0.444664,0.02985
17101,Lawrence County,,IL,754,16486,17240,3,4,7,265,324,589,7,0.23102,0.23839,2507.45956,0.000005,0.000007,186,0.000163,0,29,0,0.000334
17103,Lee County,,IL,2506,41054,43560,8,9,17,1304,1485,2789,6,0.323084,0.34042,5.70451,0.001536,0.001885,186,0.000144,0,29,0.75,0.010632
17105,Livingston County,,IL,2069,44469,46538,7,8,15,1073,974,2047,6,0.323192,0.340477,199.442032,0.001531,0.001481,186,0.000134,0,29,0.732143,0.010572
17107,Logan County,,IL,1644,31981,33625,6,7,13,765,835,1600,7,0.278418,0.29025,40.734184,0.000296,0.000299,186,0.000159,0,29,0.589286,0.002007
17109,McDonough County,,IL,2242,29674,31916,9,10,19,819,785,1604,6,0.323661,0.341339,4700.576013,0.001206,0.001693,186,0.000267,0,29,0.390909,0.009611
17111,McHenry County,,IL,18719,391183,409902,25,44,69,12079,13440,25519,6,0.363409,0.390948,531.536746,0.01142,0.023998,186,0.000293,0,29,0.631822,0.081668
17113,McLean County,,IL,10578,191019,201597,32,45,77,5245,5845,11090,6,0.37677,0.404293,10387.887882,0.008919,0.019383,186,0.000486,0,29,0.418929,0.062519
17115,Macon County,,IL,5329,127523,132852,18,18,36,2385,2465,4850,6,0.343317,0.364816,11917.849933,0.003384,0.004712,186,0.000353,0,29,0.426407,0.022608
17117,Macoupin County,,IL,2993,55665,58658,8,8,16,1928,1927,3855,6,0.300518,0.314822,818.294484,0.000987,0.000884,56,0.000246,0,29,0.517857,0.007234
17119,Madison County,,IL,14835,316191,331026,36,40,76,8546,9312,17858,6,0.361101,0.388069,37027.904668,0.009737,0.01187,56,0.000707,0,29,0.293939,0.073149
17121,Marion County,,IL,1942,46047,47989,7,8,15,731,807,1538,7,0.277565,0.289808,2505.700822,0.000322,0.000284,56,0.000219,0,29,0.464286,0.002757
17123,Marshall County,,IL,926,15301,16227,5,5,10,444,546,990,7,0.269442,0.280383,41.517753,0.000185,0.000186,186,0.000138,0,29,0.533333,0.001582
17125,Mason County,,IL,997,17162,18159,5,5,10,503,602,1105,7,0.270598,0.281774,7.465038,0.000241,0.000199,186,0.000141,0,29,0.8,0.001918
17127,Massac County,,IL,969,17259,18228,3,4,7,329,427,756,7,0.235887,0.243735,7565.417845,0.000011,0.00002,150,0.000218,0,29,0,0.00043
17129,Menard County,,IL,901,15413,16314,1,1,2,436,488,924,7,0.260956,0.270266,0,0.000076,0.000067,186,0.000069,0,29,0,0.000588
17131,Mercer County,,IL,1074,20860,21934,5,5,10,591,688,1279,7,0.27325,0.284154,39.993236,0.000223,0.00021,97,0.000154,0,29,0.7,0.002035
17133,Monroe County,,IL,1784,41928,43712,6,7,13,1391,1114,2505,6,0.300643,0.314707,37.955995,0.00125,0.001249,56,0.000131,0,29,0.833333,0.008554
17135,Montgomery County,,IL,1566,33113,34679,6,6,12,769,866,1635,7,0.266888,0.278159,35.961994,0.000181,0.000158,56,0.000188,0,29,0.5,0.001759
17137,Morgan County,,IL,1960,39175,41135,7,6,13,969,854,1823,7,0.261261,0.27153,5949.536018,0.000179,0.000085,186,0.000313,0,29,0.285714,0.001873
17139,Moultrie County,,IL,1002,17455,18457,5,4,9,664,536,1200,7,0.255935,0.264974,5.84246,0.000051,0.000039,186,0.000158,0,29,0.6,0.00076
17141,Ogle County,,IL,3528,65945,69473,10,12,22,2085,2049,4134,6,0.323228,0.340994,611.369002,0.00211,0.001711,186,0.000176,0,29,0.621795,0.014506
17143,Peoria County,,IL,12450,219131,231581,35,45,80,7014,8028,15042,6,0.368254,0.396103,22663.533438,0.01195,0.017051,186,0.000568,0,29,0.379252,0.086379
17145,Perry County,,IL,1098,23197,24295,6,6,12,559,650,1209,7,0.278151,0.289681,99.941508,0.000278,0.000225,56,0.000171,0,29,0.6,0.002244
17147,Piatt County,,IL,1206,20292,21498,4,4,8,735,661,1396,7,0.276085,0.287576,31.508175,0.000263,0.000138,186,0.00012,0,29,0.65,0.001347
17149,Pike County,,IL,724,18573,19297,3,3,6,186,208,394,7,0.246138,0.254299,29.392038,0.00002,0.000032,56,0.00015,0,29,0.333333,0.000525
17151,Pope County,,IL,248,4076,4324,1,1,2,55,44,99,8,0.190877,0.19492,0,0,0,150,0.000097,0,29,0,0.000093
17153,Pulaski County,,IL,395,6426,6821,2,3,5,86,174,260,7,0.23239,0.239763,144.808411,0.000001,0.000019,56,0.00013,0,29,0.333333,0.000183
17155,Putnam County,,IL,485,7521,8006,2,3,5,221,275,496,7,0.253674,0.262319,0,0.000038,0.00005,186,0.000084,0,29,1,0.000531
17157,Randolph County,,IL,1655,35620,37275,5,8,13,691,856,1547,6,0.300487,0.314695,42.635457,0.000359,0.000862,56,0.000136,0,29,0.571429,0.002696
17159,Richland County,,IL,929,19067,19996,5,4,9,297,219,516,8,0.18953,0.194621,198.781436,0,0,56,0.000272,0,29,0.15,0.000463
17161,Rock Island County,,IL,8839,177171,186010,23,20,43,4531,5228,9759,6,0.345773,0.368172,4177.69739,0.005509,0.005108,97,0.000402,0,29,0.355385,0.039046
17163,St. Clair County,,IL,17950,304668,322618,62,63,125,9878,11385,21263,6,0.382132,0.412466,39869.851899,0.022642,0.025819,56,0.000931,0,29,0.354261,0.16921
17165,Saline County,,IL,1250,27191,28441,5,7,12,494,579,1073,7,0.258352,0.267804,5113.673338,0.000017,0.000039,56,0.000302,0,29,0.232143,0.000565
17167,Sangamon County,,IL,9803,240671,250474,35,32,67,6014,5307,11321,6,0.353056,0.377822,32128.104101,0.0084,0.009413,186,0.000701,0,29,0.315385,0.059046
17169,Schuyler County,,IL,522,8288,8810,3,4,7,228,250,478,7,0.261285,0.271249,6.083116,0.000016,0.000087,186,0.000138,0,29,0.5,0.000434
17171,Scott County,,IL,348,6094,6442,1,1,2,86,141,227,8,0.207158,0.212096,0,0.000001,0.000001,186,0.000095,0,29,0,0.000111
17173,Shelby County,,IL,1382,25843,27225,6,6,12,701,851,1552,7,0.256161,0.265681,32.621518,0.000052,0.000047,186,0.000203,0,29,0.433333,0.000926
17175,Stark County,,IL,407,7117,7524,2,2,4,182,199,381,7,0.269291,0.279665,0,0.000148,0.000107,186,0.00008,0,29,1,0.000972
17177,Stephenson County,,IL,2391,56864,59255,10,7,17,1154,1089,2243,6,0.323733,0.341195,1567.064115,0.003128,0.001517,186,0.000177,0,29,0.5,0.02236
17179,Tazewell County,,IL,7849,165163,173012,17,13,30,5427,4792,10219,6,0.340016,0.36042,2590.315543,0.003958,0.003066,186,0.000301,0,29,0.511696,0.027022
17181,Union County,,IL,901,19995,20896,5,4,9,340,335,675,7,0.259229,0.268775,202.520711,0.000071,0.000056,56,0.000198,0,29,0.4,0.000898
17183,Vermilion County,,IL,3633,89908,93541,8,10,18,1590,1585,3175,6,0.325623,0.344201,4013.064062,0.00195,0.001791,186,0.000193,0,29,0.311111,0.013317
17185,Wabash County,,IL,710,14149,14859,3,4,7,180,245,425,7,0.26378,0.273194,4535.028212,0.000001,0.000043,186,0.000139,0,29,0.25,0.000315
17187,Warren County,,IL,1228,20213,21441,5,4,9,567,480,1047,7,0.269417,0.280102,164.549512,0.000067,0.000118,186,0.000156,0,29,0.5,0.00097
17189,Washington County,,IL,964,17957,18921,6,6,12,463,579,1042,7,0.277247,0.289044,9.815957,0.000323,0.000277,56,0.00017,0,29,0.7,0.002669
17191,Wayne County,,IL,812,19004,19816,3,4,7,255,316,571,7,0.24618,0.25442,1248.464289,0.000011,0.000011,56,0.000147,0,29,0.25,0.000365
17193,White County,,IL,732,17006,17738,7,3,10,378,149,527,7,0.263804,0.273085,5456.634172,0.000062,0.000037,186,0.000294,0,29,0.190476,0.000933
17195,Whiteside County,,IL,3153,72760,75913,10,12,22,1609,1693,3302,6,0.323444,0.341339,611.469783,0.00197,0.001389,186,0.000194,0,29,0.474359,0.014263
17197,Will County,,IL,41129,829420,870549,57,83,140,31313,32757,64070,6,0.398078,0.430086,6338.83524,0.026428,0.042055,186,0.000682,0,29,0.500935,0.193662
17199,Williamson County,,IL,4027,72532,76559,11,12,23,2297,2061,4358,6,0.326577,0.345201,11327.787834,0.001335,0.001866,56,0.00032,0,29,0.391026,0.010605
17201,Winnebago County,,IL,14807,351857,366664,30,44,74,7543,8822,16365,6,0.367042,0.39542,4249.420476,0.010731,0.021583,186,0.000385,0,29,0.492653,0.074318
17203,Woodford County,,IL,2431,47143,49574,6,6,12,1715,1442,3157,6,0.323192,0.340247,277.036963,0.001312,0.001307,186,0.000137,0,29,0.785714,0.009541
18001,Adams County,,IN,1621,41891,43512,4,5,9,620,813,1433,7,0.27968,0.291486,192.850189,0.000257,0.000214,186,0.000143,0,29,0.45,0.001836
18003,Allen County,,IN,16785,426724,443509,72,77,149,10463,10043,20506,6,0.387649,0.419626,58784.71826,0.024816,0.030754,186,0.000979,0,29,0.330016,0.176198
18005,Bartholomew County,,IN,5142,95487,100629,15,15,30,2825,2785,5610,6,0.328129,0.348563,926.188205,0.003973,0.002602,186,0.000276,0,29,0.400585,0.027613
18007,Benton County,,IN,757,10385,11142,3,2,5,474,384,858,7,0.271358,0.281823,0.5,0.000142,0.000087,186,0.00012,0,29,0.5,0.000924
18009,Blackford County,,IN,900,15261,16161,4,4,8,425,456,881,7,0.248394,0.257236,4.543662,0.000039,0.000037,186,0.000146,0,29,0.5,0.000656
18011,Boone County,,IN,4238,67275,71513,13,8,21,3127,2432,5559,6,0.325003,0.343052,200.98127,0.003153,0.001968,186,0.000238,0,29,0.628205,0.022146
18013,Brown County,,IN,1285,17666,18951,5,5,10,733,815,1548,6,0.298354,0.312259,0.429167,0.000807,0.000682,186,0.000125,0,29,0.9,0.005514
18015,Carroll County,,IN,1542,24443,25985,5,5,10,847,934,1781,7,0.271612,0.282742,1.875522,0.000188,0.000133,186,0.000144,0,29,0.75,0.001441
18017,Cass County,,IN,2340,47460,49800,8,10,18,1131,1292,2423,6,0.301863,0.316787,373.362681,0.000778,0.001137,186,0.000193,0,29,0.481818,0.005561
18019,Clark County,,IN,8344,130738,139082,14,13,27,6380,5674,12054,6,0.327684,0.346954,4300.324365,0.00233,0.002054,124,0.000342,0,29,0.37619,0.017777
18021,Clay County,,IN,1880,31184,33064,8,8,16,1054,1185,2239,6,0.298569,0.312948,311.566563,0.000708,0.000604,186,0.000201,0,29,0.625,0.005235
18023,Clinton County,,IN,2153,41192,43345,8,6,14,1046,1296,2342,6,0.299339,0.313511,143.11835,0.001087,0.00094,186,0.000187,0,29,0.696429,0.007727
18025,Crawford County,,IN,677,11635,12312,5,4,9,357,372,729,7,0.247546,0.256261,11.060565,0.000044,0.000039,124,0.000172,0,29,0.5,0.000802
18027,Daviess County,,IN,1450,37251,38701,7,7,14,593,657,1250,7,0.275928,0.28719,1941.21379,0.000759,0.000138,186,0.000183,0,29,0.553571,0.005298
18029,Dearborn County,,IN,3083,61471,64554,9,10,19,2043,2010,4053,6,0.301738,0.317282,3088.884285,0.001111,0.001251,124,0.000214,0,29,0.490909,0.006229
18031,Decatur County,,IN,1797,32092,33889,8,9,17,931,1078,2009,6,0.298569,0.313121,35.995826,0.000684,0.000632,186,0.000194,0,29,0.486111,0.005375
18033,DeKalb County,,IN,2771,50305,53076,7,7,14,1913,1808,3721,7,0.279734,0.291831,273.866882,0.000867,0.000217,186,0.000165,0,29,0.482143,0.006072
18035,Delaware County,,IN,6714,118040,124754,19,19,38,3207,3585,6792,6,0.330071,0.350603,9138.007322,0.003022,0.003506,186,0.000337,0,29,0.424242,0.020214
18037,Dubois County,,IN,1917,54555,56472,11,9,20,1067,850,1917,6,0.299154,0.313902,3757.02659,0.000673,0.000572,186,0.000303,0,29,0.3,0.005348
18039,Elkhart County,,IN,9801,239584,249385,17,24,41,5455,5762,11217,6,0.348642,0.372402,3257.361757,0.003891,0.006899,186,0.000268,0,29,0.451667,0.027132
18041,Fayette County,,IN,1321,26840,28161,7,5,12,675,622,1297,6,0.298446,0.312431,121.056104,0.000633,0.000548,186,0.000183,0,29,0.5,0.004787
18043,Floyd County,,IN,6258,86067,92325,12,9,21,4765,4454,9219,6,0.304654,0.320471,1287.720771,0.001308,0.001175,124,0.000304,0,29,0.431818,0.010013
18045,Fountain County,,IN,1348,20753,22101,6,7,13,738,909,1647,7,0.272122,0.283754,397.058203,0.000758,0.000136,186,0.000183,0,29,0.5,0.005238
18047,Franklin County,,IN,1430,29120,30550,6,9,15,749,924,1673,6,0.301299,0.316506,71.941004,0.000812,0.001139,124,0.000151,0,29,0.486111,0.004862
18049,Fulton County,,IN,1376,24514,25890,8,6,14,789,697,1486,7,0.275796,0.287411,32.355287,0.000122,0.00016,186,0.000167,0,29,0.375,0.001406
18051,Gibson County,,IN,2040,39901,41941,7,7,14,1024,1141,2165,7,0.263828,0.273768,6135.368202,0.000671,0.000056,186,0.0002,0,29,0.482143,0.00492
18053,Grant County,,IN,3533,75793,79326,12,11,23,1503,1593,3096,6,0.301863,0.316902,1312.629697,0.00127,0.001153,186,0.000237,0,29,0.423077,0.009212
18055,Greene County,,IN,2027,37149,39176,10,10,20,1177,1393,2570,6,0.298784,0.313552,1082.085922,0.000808,0.000669,186,0.000231,0,29,0.463636,0.005822
18057,Hamilton County,,IN,20701,325786,346487,84,75,159,19133,14649,33782,6,0.387442,0.4195,21223.150811,0.034665,0.036473,186,0.001088,0,29,0.422929,0.252829
18059,Hancock County,,IN,5470,83980,89450,9,11,20,3963,3606,7569,6,0.299525,0.314431,12.319228,0.001038,0.001034,186,0.000192,0,29,0.663636,0.007642
18061,Harrison County,,IN,2446,46058,48504,6,8,14,1520,1591,3111,6,0.303665,0.319034,834.541885,0.000563,0.001055,124,0.000191,0,29,0.517857,0.004507
18063,Hendricks County,,IN,11904,173225,185129,22,22,44,9803,8057,17860,6,0.344009,0.366523,1206.845139,0.003841,0.006201,186,0.000376,0,29,0.453846,0.026504
18065,Henry County,,IN,3061,56175,59236,7,11,18,1578,1989,3567,6,0.299525,0.314431,13.030898,0.000958,0.000912,186,0.000158,0,29,0.590909,0.006964
18067,Howard County,,IN,4815,99654,104469,16,17,33,2617,2742,5359,6,0.341538,0.362966,2032.525398,0.003023,0.003323,186,0.000301,0,29,0.409357,0.021526
18069,Huntington County,,IN,1989,45235,47224,6,7,13,1021,1017,2038,6,0.30083,0.315247,68.387515,0.000281,0.000759,186,0.000159,0,29,0.619048,0.002246
18071,Jackson County,,IN,2796,57251,60047,11,10,21,1756,1596,3352,6,0.303633,0.319293,142.529726,0.001345,0.001106,186,0.000261,0,29,0.518182,0.009857
18073,Jasper County,,IN,2234,39873,42107,7,8,15,1348,1381,2729,6,0.298723,0.313293,1044.721853,0.001445,0.000845,186,0.000142,0,29,0.555556,0.010049
18075,Jay County,,IN,1070,25354,26424,6,5,11,654,537,1191,7,0.2485,0.257523,27.878999,0.000045,0.000034,186,0.000194,0,29,0.3,0.000878
18077,Jefferson County,,IN,1760,36709,38469,11,11,22,929,872,1801,6,0.30376,0.319638,324.031959,0.001173,0.001067,124,0.000299,0,29,0.378788,0.00907
18079,Jennings County,,IN,2100,32172,34272,8,7,15,1155,1394,2549,6,0.298538,0.312833,32.466093,0.000685,0.000621,186,0.000203,0,29,0.607143,0.005442
18081,Johnson County,,IN,12674,165404,178078,27,22,49,10076,8904,18980,6,0.344705,0.367506,2738.616249,0.004224,0.004344,186,0.000471,0,29,0.327586,0.030949
18083,Knox County,,IN,1928,41220,43148,10,10,20,844,921,1765,6,0.299494,0.314477,8780.327927,0.000853,0.000684,186,0.000253,0,29,0.433333,0.006017
18085,Kosciusko County,,IN,4677,95319,99996,12,12,24,2274,2401,4675,6,0.325623,0.344489,1565.975187,0.002186,0.001906,186,0.000221,0,29,0.467949,0.015394
18087,LaGrange County,,IN,2185,44599,46784,6,6,12,1380,1416,2796,7,0.279923,0.291975,12.990345,0.00033,0.000251,186,0.000141,0,29,0.6,0.002358
18089,Lake County,,IN,25934,568424,594358,41,68,109,17738,19632,37370,6,0.389628,0.42008,9856.969551,0.017129,0.033537,186,0.000516,0,29,0.512475,0.122535
18091,LaPorte County,,IN,5126,127670,132796,11,12,23,2958,2719,5677,6,0.341377,0.362161,123.998498,0.002538,0.003625,186,0.000172,0,29,0.708791,0.016953
18093,Lawrence County,,IN,2286,53067,55353,6,7,13,1212,1180,2392,6,0.298507,0.312776,785.457844,0.000762,0.000666,186,0.000153,0,29,0.482143,0.005188
18095,Madison County,,IN,7526,147431,154957,13,15,28,4079,4345,8424,6,0.3367,0.357241,434.287676,0.001278,0.002372,186,0.000256,0,29,0.496324,0.009555
18097,Marion County,,IN,63165,1060671,1123836,184,198,382,48449,53145,101594,5,0.424784,0.468126,227200.218738,0.065472,0.074153,186,0.002556,0,29,0.245653,0.486676
18099,Marshall County,,IN,2960,56583,59543,9,10,19,1581,1749,3330,6,0.325514,0.344086,1814.425244,0.001897,0.001922,186,0.000171,0,29,0.6,0.013411
18101,Martin County,,IN,660,12138,12798,2,5,7,154,316,470,7,0.230781,0.238401,3.018425,0.000006,0.000025,186,0.000102,0,29,0.5,0.000281
18103,Miami County,,IN,2319,38725,41044,6,8,14,1103,1255,2358,6,0.301738,0.316328,192.67674,0.000648,0.001047,186,0.000149,0,29,0.642857,0.004788
18105,Monroe County,,IN,10633,122111,132744,36,44,80,5203,5823,11026,6,0.373615,0.401282,14956.059339,0.010147,0.018457,186,0.000565,0,29,0.377976,0.073248
18107,Montgomery County,,IN,2124,46099,48223,8,9,17,1282,1031,2313,6,0.299432,0.314029,55.508457,0.000848,0.000974,186,0.000202,0,29,0.588889,0.005979
18109,Morgan County,,IN,5035,82725,87760,9,9,18,3819,3482,7301,6,0.299494,0.314086,8.08658,0.001142,0.000992,186,0.000196,0,29,0.7,0.008033
18111,Newton County,,IN,1016,16263,17279,2,5,7,458,593,1051,7,0.282568,0.294187,17.642285,0.000276,0.000249,186,0.000072,0,29,0.4,0.001241
18113,Noble County,,IN,3175,56264,59439,7,8,15,1941,2273,4214,6,0.300924,0.315534,87.824791,0.000329,0.000787,186,0.000166,0,29,0.607143,0.002538
18115,Ohio County,,IN,539,7168,7707,3,2,5,311,321,632,7,0.231889,0.238806,0.35,0.000022,0.000013,124,0.000117,0,29,0.666667,0.000425
18117,Orange County,,IN,1120,21901,23021,6,7,13,561,626,1187,6,0.298692,0.313092,735.755301,0.000171,0.000633,186,0.000172,0,29,0.361111,0.001324
18119,Owen County,,IN,1703,24529,26232,9,8,17,1226,1228,2454,6,0.2986,0.313006,5.687098,0.000857,0.000688,186,0.000199,0,29,0.7,0.006092
18121,Parke County,,IN,1049,17746,18795,7,5,12,611,604,1215,6,0.298477,0.312431,422.688386,0.000652,0.000559,186,0.000187,0,29,0.595238,0.004901
18123,Perry County,,IN,926,20925,21851,4,5,9,392,441,833,7,0.265325,0.275136,154.437521,0.000066,0.000051,186,0.000166,0,29,0.6,0.000717
18125,Pike County,,IN,778,14611,15389,5,6,11,413,558,971,7,0.263756,0.27351,9.44016,0.000072,0.000066,186,0.000167,0,29,0.633333,0.000942
18127,Porter County,,IN,10257,192579,202836,20,21,41,7803,6463,14266,6,0.35058,0.374994,581.505516,0.008146,0.007837,186,0.000263,0,29,0.594203,0.056092
18129,Posey County,,IN,1715,31164,32879,3,4,7,834,1077,1911,7,0.263612,0.272906,3.52381,0.00007,0.000049,186,0.000114,0,29,0.666667,0.000646
18131,Pulaski County,,IN,919,15468,16387,5,7,12,441,528,969,7,0.271688,0.283144,15.13915,0.000039,0.000141,186,0.00014,0,29,0.404762,0.000802
18133,Putnam County,,IN,2326,38844,41170,8,10,18,1510,1416,2926,6,0.298661,0.313351,8.890156,0.001,0.000726,186,0.000186,0,29,0.663636,0.00724
18135,Randolph County,,IN,1860,30689,32549,6,6,12,937,1163,2100,6,0.298661,0.312948,625.589468,0.000651,0.000579,186,0.000154,0,29,0.571429,0.004817
18137,Ripley County,,IN,1937,33128,35065,7,8,15,965,1148,2113,6,0.301299,0.316391,1669.669777,0.001412,0.000999,124,0.000152,0,29,0.444444,0.008842
18139,Rush County,,IN,1186,20399,21585,7,6,13,798,711,1509,6,0.298385,0.312431,5.869444,0.000636,0.00056,186,0.000171,0,29,0.571429,0.004833
18141,St. Joseph County,,IN,14749,304450,319199,35,54,89,7517,9173,16690,6,0.37983,0.409224,6564.920276,0.014432,0.02791,186,0.000451,0,29,0.56015,0.102358
18143,Scott County,,IN,1782,25971,27753,8,7,15,959,1137,2096,6,0.294596,0.308167,29.867989,0.000576,0.000526,124,0.000226,0,29,0.642857,0.004909
18145,Shelby County,,IN,3323,52957,56280,8,8,16,2012,2134,4146,6,0.299308,0.313684,6.473194,0.000968,0.000898,186,0.000178,0,29,0.680556,0.007328
18147,Spencer County,,IN,1297,25314,26611,5,5,10,697,805,1502,7,0.265325,0.275136,14.690213,0.000094,0.000056,186,0.000171,0,29,0.65,0.000922
18149,Starke County,,IN,1569,26090,27659,7,8,15,871,939,1810,6,0.323192,0.340477,1314.330611,0.001566,0.001354,186,0.000129,0,29,0.589286,0.010419
18151,Steuben County,,IN,2259,38239,40498,7,8,15,1125,1314,2439,6,0.301017,0.315707,122.382659,0.000287,0.000768,186,0.00017,0,29,0.410714,0.002364
18153,Sullivan County,,IN,1279,22510,23789,4,6,10,594,778,1372,6,0.29863,0.312805,2.078968,0.000053,0.000646,186,0.000131,0,29,0.866667,0.000696
18155,Switzerland County,,IN,749,9943,10692,4,4,8,396,295,691,7,0.291604,0.304544,1185.706804,0.000571,0.000456,124,0.000151,0,29,0.333333,0.003635
18157,Tippecanoe County,,IN,12671,171051,183722,42,45,87,6933,6916,13849,6,0.37232,0.400782,26988.423667,0.010731,0.0174,186,0.000693,0,29,0.352189,0.075721
18159,Tipton County,,IN,1085,19286,20371,4,4,8,744,640,1384,6,0.299185,0.312994,0,0.000933,0.000838,186,0.000104,0,29,1,0.006518
18161,Union County,,IN,587,8318,8905,5,3,8,383,332,715,7,0.278097,0.288923,4.369206,0.000268,0.000152,186,0.00013,0,29,0.55,0.001609
18163,Vanderburgh County,,IN,10525,202255,212780,28,27,55,6302,6221,12523,6,0.357495,0.380764,45711.716637,0.004656,0.007572,186,0.00063,0,29,0.276292,0.032645
18165,Vermillion County,,IN,1101,18830,19931,4,4,8,705,648,1353,7,0.256614,0.26606,2.996679,0.000057,0.000048,186,0.000139,0,29,0.5,0.000729
18167,Vigo County,,IN,6317,112367,118684,21,22,43,3373,3319,6692,6,0.344255,0.366724,18104.014853,0.002601,0.004626,186,0.000451,0,29,0.343333,0.018557
18169,Wabash County,,IN,1907,38784,40691,7,10,17,816,1154,1970,6,0.300986,0.315879,79.923214,0.000314,0.000811,186,0.000167,0,29,0.533333,0.002539
18171,Warren County,,IN,698,10156,10854,4,3,7,418,445,863,7,0.271459,0.282167,4.399883,0.000156,0.000093,186,0.000153,0,29,0.5,0.001156
18173,Warrick County,,IN,4528,71502,76030,7,9,16,3112,2823,5935,6,0.304238,0.320069,1249.325812,0.000663,0.001053,186,0.000203,0,29,0.444444,0.004911
18175,Washington County,,IN,1670,31639,33309,7,7,14,948,1007,1955,6,0.294536,0.308052,108.436361,0.000555,0.000517,124,0.000206,0,29,0.619048,0.00452
18177,Wayne County,,IN,3710,78695,82405,10,13,23,1417,1652,3069,6,0.301989,0.317874,299.08106,0.001108,0.001349,186,0.00023,0,29,0.391026,0.00756
18179,Wells County,,IN,1683,33156,34839,5,5,10,901,954,1855,7,0.279599,0.291314,360.296405,0.000255,0.000204,186,0.000169,0,29,0.4,0.00193
18181,White County,,IN,1903,30021,31924,7,6,13,945,1058,2003,6,0.298569,0.312776,519.02081,0.001022,0.000631,186,0.000154,0,29,0.547619,0.006284
18183,Whitley County,,IN,2297,41024,43321,6,6,12,1406,1548,2954,7,0.279653,0.291515,4.607716,0.000283,0.000231,186,0.000148,0,29,0.666667,0.002222
19001,Adair County,,IA,488,8940,9428,3,3,6,160,207,367,7,0.283841,0.295469,2.333333,0.000293,0.000232,97,0.000154,0,29,0.666667,0.002075
19003,Adams County,,IA,270,4818,5088,2,0,2,92,0,92,0,0,0,0,0.000002,0,97,0.00011,0,3,0.5,0.000194
19005,Allamakee County,,IA,941,17354,18295,3,4,7,198,291,489,7,0.255417,0.264548,34.085894,0.000004,0.000038,97,0.000137,0,29,0.3,0.000297
19007,Appanoose County,,IA,713,14174,14887,3,4,7,191,248,439,7,0.284007,0.2959,478.690879,0.000006,0.000239,97,0.00016,0,29,0.5,0.000373
19009,Audubon County,,IA,406,7260,7666,2,3,5,89,169,258,7,0.283952,0.29567,13.147671,0.000008,0.000229,97,0.000091,0,29,0.333333,0.000184
19011,Benton County,,IA,1728,31131,32859,6,5,11,1154,1129,2283,7,0.275116,0.28686,18.612189,0.00031,0.000207,97,0.00018,0,29,0.6,0.002239
19013,Black Hawk County,,IA,7467,143434,150901,24,25,49,3542,4037,7579,6,0.347722,0.370707,30348.666854,0.003549,0.004278,97,0.000614,0,29,0.279202,0.028099
19015,Boone County,,IA,1792,30679,32471,5,4,9,930,911,1841,7,0.283952,0.295785,0.85,0.000375,0.000294,97,0.000161,0,29,0.85,0.002797
19017,Bremer County,,IA,1619,27748,29367,5,6,11,834,923,1757,7,0.285686,0.298486,737.967478,0.000325,0.000341,97,0.000187,0,29,0.4,0.002501
19019,Buchanan County,,IA,1242,24841,26083,4,5,9,604,681,1285,7,0.26625,0.276513,4.046001,0.000138,0.000124,97,0.000144,0,29,0.65,0.001374
19021,Buena Vista County,,IA,1823,24592,26415,6,8,14,350,603,953,6,0.327721,0.345776,9728.386425,0.000538,0.001511,97,0.000315,0,29,0.194444,0.00382
19023,Butler County,,IA,865,18076,18941,4,4,8,536,433,969,7,0.258145,0.267462,236.315244,0.000037,0.000031,97,0.00017,0,29,0.25,0.000645
19025,Calhoun County,,IA,649,11919,12568,1,4,5,149,267,416,8,0.228023,0.234726,11.658126,0.000002,0.000007,97,0.000078,0,29,0.166667,0.00013
19027,Carroll County,,IA,1222,26114,27336,5,6,11,412,418,830,7,0.294626,0.307561,1858.993372,0.000298,0.000643,97,0.000174,0,29,0.321429,0.002332
19029,Cass County,,IA,947,16194,17141,2,5,7,198,332,530,7,0.294596,0.307388,1059.76007,0.00001,0.000602,97,0.000096,0,29,0.55,0.000325
19031,Cedar County,,IA,1276,22395,23671,5,5,10,734,718,1452,7,0.279545,0.291271,9.108184,0.000456,0.000326,97,0.000135,0,29,0.733333,0.003063
19033,Cerro Gordo County,,IA,2822,51351,54173,11,13,24,1101,1283,2384,6,0.305681,0.321782,27049.389786,0.00038,0.001148,97,0.000576,0,29,0.228571,0.00323
19035,Cherokee County,,IA,802,14710,15512,5,4,9,330,245,575,7,0.284397,0.296549,248.950464,0.000063,0.000265,97,0.000202,0,29,0.366667,0.000791
19037,Chickasaw County,,IA,645,15329,15974,3,4,7,243,252,495,7,0.258214,0.267606,3073.949167,0.000037,0.000031,97,0.000131,0,29,0.25,0.000547
19039,Clarke County,,IA,692,11128,11820,4,4,8,277,283,560,7,0.283868,0.295641,5.666667,0.000296,0.000234,97,0.000186,0,29,0.5,0.00219
19041,Clay County,,IA,1176,20327,21503,5,5,10,439,416,855,7,0.284314,0.296492,5758.667168,0.000013,0.000234,97,0.000283,0,29,0.233333,0.000517
19043,Clayton County,,IA,1006,21679,22685,6,7,13,407,516,923,7,0.275116,0.287245,2485.088307,0.000138,0.000217,97,0.000193,0,29,0.333333,0.00162
19045,Clinton County,,IA,2737,58229,60966,10,11,21,1296,1561,2857,6,0.32566,0.344034,916.756715,0.001493,0.001647,97,0.000233,0,29,0.560606,0.011468
19047,Crawford County,,IA,1187,21094,22281,9,7,16,511,460,971,7,0.294745,0.307906,5458.919592,0.00181,0.000605,97,0.00024,0,29,0.318182,0.013715
19049,Dallas County,,IA,6275,77525,83800,21,16,37,6389,4053,10442,6,0.346062,0.367431,4603.812484,0.005106,0.003576,97,0.000515,0,29,0.385714,0.038874
19051,Davis County,,IA,433,9905,10338,1,1,2,142,138,280,8,0.222905,0.22905,0,0.000005,0.00001,97,0.000078,0,29,0,0.000176
19053,Decatur County,,IA,717,8034,8751,2,2,4,136,176,312,7,0.283785,0.295239,0,0.000291,0.000229,97,0.000109,0,29,1,0.001966
19055,Delaware County,,IA,1000,21629,22629,4,6,10,439,610,1049,7,0.266593,0.277232,6.557913,0.000134,0.000159,97,0.000138,0,29,0.6,0.001404
19057,Des Moines County,,IA,2144,47603,49747,7,9,16,781,932,1713,6,0.325696,0.343862,7084.358641,0.001242,0.001554,97,0.000189,0,29,0.458333,0.009383
19059,Dickinson County,,IA,1211,20366,21577,7,3,10,555,280,835,7,0.268593,0.279479,8716.820656,0.00034,0.000078,97,0.000267,0,29,0.232143,0.002686
19061,Dubuque County,,IA,4417,112948,117365,20,18,38,2084,2237,4321,6,0.342466,0.364017,7682.209422,0.004514,0.003762,97,0.000417,0,29,0.365801,0.033714
19063,Emmet County,,IA,809,11595,12404,2,4,6,116,288,404,8,0.223352,0.230245,932.407245,0.000001,0.000003,97,0.000154,0,29,0.333333,0.000213
19065,Fayette County,,IA,1194,23338,24532,7,6,13,617,564,1181,7,0.266397,0.276915,1883.913372,0.000143,0.000124,97,0.000234,0,29,0.333333,0.00167
19067,Floyd County,,IA,1098,18701,19799,3,4,7,294,349,643,7,0.258352,0.267893,16.315584,0.00001,0.000032,97,0.000152,0,29,0.4,0.00032
19069,Franklin County,,IA,745,12545,13290,3,4,7,215,299,514,7,0.234381,0.241966,11.97381,0.000013,0.000009,97,0.000131,0,29,0.083333,0.000352
19071,Fremont County,,IA,586,8648,9234,4,4,8,239,270,509,8,0.229485,0.236608,7.117735,0.000023,0.000031,97,0.000162,0,29,0.25,0.000614
19073,Greene County,,IA,556,11162,11718,3,3,6,167,187,354,7,0.283868,0.295498,0.333333,0.000323,0.00029,97,0.000121,0,29,0.75,0.002385
19075,Grundy County,,IA,792,15378,16170,4,3,7,501,341,842,7,0.25826,0.267508,3.730433,0.000042,0.000042,97,0.000153,0,29,0.666667,0.000751
19077,Guthrie County,,IA,790,13091,13881,3,3,6,370,364,734,7,0.283813,0.295411,1,0.00032,0.00027,97,0.00014,0,29,0.666667,0.00238
19079,Hamilton County,,IA,1081,18642,19723,5,6,11,423,515,938,7,0.284091,0.296273,4.090834,0.000348,0.000261,97,0.000155,0,29,0.666667,0.00249
19081,Hancock County,,IA,670,13654,14324,3,3,6,219,243,462,7,0.234192,0.241333,2916.146221,0.000011,0.000003,97,0.000165,0,29,0.333333,0.00033
19083,Hardin County,,IA,1141,19641,20782,5,6,11,340,461,801,7,0.28423,0.296532,1470.000371,0.000378,0.000293,97,0.000156,0,29,0.533333,0.002685
19085,Harrison County,,IA,901,17302,18203,2,3,5,301,389,690,7,0.291662,0.303239,0,0.000411,0.00038,97,0.000086,0,29,0.833333,0.003063
19087,Henry County,,IA,1209,22472,23681,6,7,13,504,583,1087,7,0.275116,0.287245,1388.589475,0.000188,0.000199,97,0.000206,0,29,0.428571,0.001367
19089,Howard County,,IA,544,11978,12522,2,2,4,111,113,224,8,0.221425,0.227243,5.991667,0.000002,0,97,0.000118,0,29,0,0.000188
19091,Humboldt County,,IA,563,11805,12368,1,2,3,105,131,236,8,0.221459,0.227398,6.095238,0.000002,0.000004,97,0.000078,0,29,0,0.00013
19093,Ida County,,IA,427,8612,9039,2,2,4,105,119,224,7,0.26242,0.271548,6.571913,0.00005,0.000035,97,0.000101,0,29,0.333333,0.000461
19095,Iowa County,,IA,1032,20349,21381,5,5,10,491,525,1016,7,0.274934,0.286613,14.702335,0.000276,0.000181,97,0.000169,0,29,0.5,0.001913
19097,Jackson County,,IA,1155,24189,25344,5,4,9,522,567,1089,7,0.27543,0.286504,3.164814,0.000306,0.000283,97,0.00015,0,29,0.8,0.002639
19099,Jasper County,,IA,2326,42202,44528,8,8,16,1229,1251,2480,7,0.285714,0.298802,17.534061,0.000385,0.000482,97,0.000245,0,29,0.588889,0.003226
19101,Jefferson County,,IA,936,16957,17893,4,4,8,301,289,590,8,0.223111,0.229998,3166.257268,0.000007,0.000013,97,0.000237,0,29,0.25,0.000477
19103,Johnson County,,IA,11917,136127,148044,43,50,93,6421,6619,13040,6,0.376086,0.405103,48681.945085,0.010422,0.021076,97,0.000892,0,29,0.323903,0.07992
19105,Jones County,,IA,1198,23333,24531,4,4,8,627,600,1227,7,0.274777,0.28624,8.580617,0.000135,0.000213,97,0.000133,0,29,0.6,0.001413
19107,Keokuk County,,IA,757,12111,12868,6,6,12,344,443,787,7,0.273817,0.28532,859.020024,0.000179,0.000101,97,0.000225,0,29,0.3,0.001362
19109,Kossuth County,,IA,841,19286,20127,2,2,4,102,121,223,7,0.284007,0.29567,1884.729041,0,0.00023,97,0.000154,0,29,0.333333,0.000181
19111,Lee County,,IA,1920,40230,42150,5,9,14,630,851,1481,7,0.286901,0.30048,9038.037611,0.000183,0.000557,97,0.000209,0,29,0.319444,0.001218
19113,Linn County,,IA,11221,253132,264353,44,39,83,7016,6303,13319,6,0.361236,0.386598,45322.787613,0.011364,0.012614,97,0.000902,0,29,0.276772,0.087337
19115,Louisa County,,IA,775,13293,14068,5,4,9,435,392,827,7,0.273559,0.284516,225.929077,0.000791,0.000101,97,0.000135,0,29,0.5,0.005149
19117,Lucas County,,IA,589,10031,10620,2,4,6,135,291,426,7,0.283896,0.295699,0.75,0.000292,0.000235,97,0.000095,0,29,0.666667,0.001977
19119,Lyon County,,IA,610,14050,14660,2,3,5,236,293,529,7,0.268494,0.279335,204.511147,0.000125,0.000088,97,0.000108,0,29,0.666667,0.000921
19121,Madison County,,IA,1076,18280,19356,3,3,6,516,586,1102,7,0.283813,0.295411,0,0.000321,0.000271,97,0.000122,0,29,1,0.002394
19123,Mahaska County,,IA,1397,25076,26473,6,6,12,646,603,1249,7,0.284147,0.296417,543.945398,0.000301,0.000247,97,0.00021,0,29,0.428571,0.002464
19125,Marion County,,IA,1938,38487,40425,7,6,13,898,870,1768,7,0.285377,0.29794,1142.672758,0.000352,0.000319,97,0.000217,0,29,0.428571,0.00269
19127,Marshall County,,IA,2427,47013,49440,12,11,23,1155,1133,2288,7,0.285968,0.299607,1670.888998,0.001593,0.000514,97,0.000324,0,29,0.423077,0.012823
19129,Mills County,,IA,1108,16960,18068,4,5,9,603,600,1203,7,0.292781,0.304808,750.467448,0.000568,0.000531,97,0.00014,0,29,0.6,0.00441
19131,Mitchell County,,IA,551,12836,13387,4,1,5,169,49,218,7,0.234135,0.240931,77.018871,0.000019,0.000003,97,0.000188,0,29,0.166667,0.000472
19133,Monona County,,IA,562,10716,11278,2,1,3,213,201,414,7,0.262301,0.271203,1.66677,0.000053,0.000034,97,0.000097,0,29,0.5,0.000569
19135,Monroe County,,IA,492,8833,9325,3,4,7,164,249,413,8,0.223043,0.229854,4.777778,0.000009,0.000015,97,0.000142,0,29,0.5,0.000386
19137,Montgomery County,,IA,664,12270,12934,4,3,7,237,206,443,7,0.291662,0.303239,1.795513,0.00042,0.000378,97,0.000148,0,29,0.75,0.003304
19139,Muscatine County,,IA,2701,51826,54527,8,10,18,1203,1440,2643,6,0.325587,0.343805,422.180216,0.000765,0.001613,97,0.00021,0,29,0.611111,0.005368
19141,O'Brien County,,IA,1031,17331,18362,5,6,11,326,442,768,7,0.262729,0.272628,4014.713744,0.000006,0.000048,97,0.00024,0,29,0.238095,0.000553
19143,Osceola County,,IA,451,8000,8451,1,2,3,50,131,181,8,0.212907,0.218703,0,0,0.000003,97,0.000085,0,29,0.5,0.000098
19145,Page County,,IA,960,16836,17796,5,4,9,300,252,552,7,0.294446,0.307015,2933.871458,0.000415,0.000588,97,0.000177,0,29,0.4,0.003358
19147,Palo Alto County,,IA,584,10905,11489,2,2,4,136,133,269,8,0.221543,0.227444,27.590882,0.000002,0,97,0.000132,0,29,0.166667,0.000187
19149,Plymouth County,,IA,1577,30907,32484,5,6,11,740,702,1442,7,0.286703,0.299814,207.245733,0.000351,0.000352,97,0.000162,0,29,0.5,0.002603
19151,Pocahontas County,,IA,559,8646,9205,3,1,4,174,68,242,7,0.246851,0.254241,116.30582,0.000012,0.000004,97,0.000134,0,29,0,0.000297
19153,Polk County,,IA,24972,510923,535895,100,97,197,18046,17834,35880,6,0.396121,0.429879,220173.949585,0.028259,0.036083,97,0.002126,0,29,0.251653,0.215033
19155,Pottawattamie County,,IA,6004,105440,111444,13,16,29,3443,3807,7250,7,0.29765,0.313084,10826.974116,0.002172,0.001038,97,0.000355,0,29,0.286765,0.016777
19157,Poweshiek County,,IA,1284,20889,22173,6,8,14,467,582,1049,7,0.285686,0.298745,73.762788,0.000304,0.000423,97,0.0002,0,29,0.517857,0.002515
19159,Ringgold County,,IA,310,5372,5682,0,1,1,0,46,46,8,0.221163,0.226664,0,0,0.000002,97,0.000051,0,61,0,0
19161,Sac County,,IA,669,12243,12912,4,4,8,230,241,471,7,0.284063,0.295946,575.346297,0.000022,0.000234,97,0.000154,0,29,0.333333,0.000525
19163,Scott County,,IA,11631,195086,206717,45,43,88,7340,6362,13702,6,0.375016,0.402695,17619.180808,0.017962,0.019879,97,0.000695,0,29,0.433152,0.133457
19165,Shelby County,,IA,851,14941,15792,3,4,7,233,332,565,7,0.291809,0.303641,1899.145714,0.000018,0.00039,97,0.000115,0,29,0.55,0.000529
19167,Sioux County,,IA,1622,39608,41230,7,6,13,628,569,1197,7,0.270245,0.281944,6192.051532,0.001266,0.000131,97,0.000225,0,29,0.428571,0.010012
19169,Story County,,IA,8263,84443,92706,19,26,45,3056,4365,7421,6,0.350411,0.374184,5600.845812,0.002741,0.006505,97,0.000478,0,29,0.371795,0.021225
19171,Tama County,,IA,1176,21342,22518,5,7,12,538,698,1236,7,0.284537,0.297222,36.285156,0.000145,0.000364,97,0.000168,0,29,0.595238,0.001594
19173,Taylor County,,IA,398,7242,7640,0,3,3,0,167,167,8,0.227654,0.233847,0,0,0.000006,97,0.000051,0,62,0.166667,0
19175,Union County,,IA,846,13962,14808,5,4,9,314,261,575,7,0.283868,0.295641,6637.594799,0.000293,0.000231,97,0.00021,0,29,0.166667,0.002238
19177,Van Buren County,,IA,416,8439,8855,2,1,3,128,80,208,9,0.182424,0.186069,1.5,0.000005,0,97,0.000121,0,29,0,0.000198
19179,Wapello County,,IA,2333,40086,42419,9,11,20,695,997,1692,7,0.286816,0.300653,19399.792306,0.001261,0.000562,97,0.000347,0,29,0.269231,0.009926
19181,Warren County,,IA,3241,53945,57186,7,8,15,2223,2137,4360,7,0.284035,0.296417,13.75036,0.000379,0.000303,97,0.000237,0,29,0.464286,0.00299
19183,Washington County,,IA,1344,26248,27592,5,6,11,765,657,1422,7,0.274908,0.286671,15.790206,0.000286,0.00019,97,0.00016,0,29,0.533333,0.001931
19185,Wayne County,,IA,518,7080,7598,3,2,5,174,110,284,7,0.283841,0.295354,367.603461,0.000293,0.000227,97,0.000124,0,29,0.5,0.002052
19187,Webster County,,IA,2139,41319,43458,9,8,17,710,795,1505,7,0.284202,0.296733,9408.999907,0.000484,0.000298,97,0.000252,0,29,0.388889,0.003808
19189,Winnebago County,,IA,720,12930,13650,3,3,6,194,204,398,7,0.234192,0.241333,1.5,0.000009,0.000003,97,0.000197,0,29,0.666667,0.000311
19191,Winneshiek County,,IA,1037,24068,25105,4,4,8,298,272,570,7,0.284119,0.296072,3122.523986,0.000002,0.000228,97,0.000185,0,29,0.05,0.000391
19193,Woodbury County,,IA,6375,117941,124316,19,26,45,3109,3502,6611,6,0.355523,0.379086,33689.95331,0.004293,0.005965,97,0.000537,0,29,0.269231,0.032569
19195,Worth County,,IA,518,9108,9626,2,2,4,210,234,444,7,0.234154,0.241103,0,0.000009,0.000003,97,0.000144,0,29,1,0.000222
19197,Wright County,,IA,882,15193,16075,4,6,10,202,348,550,7,0.284202,0.296532,3919.724555,0.000294,0.000237,97,0.000146,0,29,0.4,0.002192
20001,Allen County,,KS,838,14915,15753,2,4,6,232,261,493,6,0.294476,0.306713,2950.814987,0.000007,0.000412,56,0.000094,0,29,0.166667,0.000201
20003,Anderson County,,KS,604,9375,9979,2,3,5,136,224,360,6,0.294327,0.306339,76.589414,0.000008,0.000418,56,0.000092,0,29,0.5,0.000241
20005,Atchison County,,KS,1099,17991,19090,2,9,11,153,570,723,6,0.297466,0.310759,207.009906,0.000136,0.000713,56,0.00008,0,29,0.513889,0.001152
20007,Barber County,,KS,326,5578,5904,0,1,1,0,53,53,8,0.222418,0.228075,0,0,0.000003,56,0.000051,0,63,0,0
20009,Barton County,,KS,1636,32063,33699,8,9,17,508,634,1142,6,0.298784,0.312603,17296.880166,0.00141,0.0007,56,0.000338,0,29,0.272727,0.010644
20011,Bourbon County,,KS,1092,16573,17665,3,4,7,236,319,555,6,0.294506,0.306799,11.122057,0.000513,0.000433,56,0.000109,0,29,0.333333,0.003479
20013,Brown County,,KS,693,11551,12244,4,4,8,217,226,443,7,0.26261,0.27247,136.718198,0.00009,0.000059,56,0.000142,0,29,0.35,0.000843
20015,Butler County,,KS,5179,70792,75971,10,12,22,3099,3121,6220,6,0.305006,0.320667,343.566769,0.000985,0.001657,56,0.000286,0,29,0.378205,0.006673
20017,Chase County,,KS,189,2989,3178,1,1,2,53,68,121,7,0.23174,0.238067,0,0.00001,0.000009,56,0.000072,0,29,0,0.000157
20019,Chautauqua County,,KS,237,3826,4063,1,1,2,52,59,111,8,0.228257,0.23458,0,0.000005,0.000007,56,0.000082,0,29,0,0.00015
20021,Cherokee County,,KS,1472,22586,24058,4,5,9,685,911,1596,7,0.259717,0.270051,6.413371,0.000077,0.000061,56,0.000126,0,29,0.6,0.000794
20023,Cheyenne County,,KS,208,3194,3402,0,0,0,0,0,0,0,0,0,0,0,0,26,0.000051,23,64,0,0
20025,Clark County,,KS,206,2389,2595,0,0,0,0,0,0,0,0,0,0,0,0,27,0.000051,24,65,0,0
20027,Clay County,,KS,687,10227,10914,2,3,5,191,169,360,7,0.271459,0.282053,0,0.000231,0.00023,56,0.000082,0,29,1,0.001958
20029,Cloud County,,KS,706,10845,11551,2,3,5,86,176,262,7,0.265082,0.27543,5839,0.000008,0.000123,56,0.000171,0,29,0.333333,0.000337
20031,Coffey County,,KS,633,10227,10860,1,3,4,82,203,285,7,0.262705,0.272613,0.974242,0.00001,0.000076,56,0.000072,0,29,0.5,0.000157
20033,Comanche County,,KS,116,2138,2254,0,0,0,0,0,0,0,0,0,0,0,0,28,0.000051,25,66,0,0
20035,Cowley County,,KS,2401,39437,41838,4,5,9,798,1018,1816,7,0.286222,0.298929,10.80583,0.000392,0.000275,56,0.000132,0,29,0.5,0.002415
20037,Crawford County,,KS,2750,39502,42252,11,14,25,1191,1397,2588,6,0.302967,0.319098,1423.103081,0.001334,0.001331,56,0.000273,0,29,0.333333,0.009119
20039,Decatur County,,KS,208,3492,3700,0,0,0,0,0,0,0,0,0,0,0,0,29,0.000051,26,67,0,0
20041,Dickinson County,,KS,1936,22831,24767,5,6,11,794,823,1617,6,0.301205,0.314764,59.389306,0.000599,0.000954,56,0.000153,0,29,0.785714,0.004291
20043,Doniphan County,,KS,574,8696,9270,3,2,5,314,269,583,7,0.254029,0.262626,19.016299,0.000033,0.000016,56,0.000106,0,29,0.5,0.000398
20045,Douglas County,,KS,9452,106482,115934,28,29,57,5066,5107,10173,6,0.358911,0.384316,7824.260531,0.007656,0.012092,56,0.000546,0,29,0.399206,0.057778
20047,Edwards County,,KS,275,3635,3910,0,1,1,0,41,41,8,0.187089,0.190444,0,0,0,56,0.000051,0,68,0,0
20049,Elk County,,KS,243,3056,3299,0,1,1,0,45,45,8,0.228299,0.234672,0,0,0.000007,56,0.000051,0,69,0,0
20051,Ellis County,,KS,2178,31733,33911,12,12,24,778,887,1665,6,0.300487,0.315172,22963.313375,0.000998,0.000935,56,0.000516,0,29,0.290476,0.006925
20053,Ellsworth County,,KS,434,6838,7272,1,1,2,57,58,115,7,0.231722,0.23803,0,0.000008,0.000019,56,0.000086,0,29,0,0.000251
20055,Finney County,,KS,3066,46127,49193,9,17,26,785,1154,1939,6,0.337838,0.359086,26148.925557,0.001463,0.0031,56,0.000423,0,29,0.209559,0.011208
20057,Ford County,,KS,2675,42523,45198,6,11,17,614,984,1598,6,0.333602,0.35258,7469.522819,0.001236,0.002812,56,0.000244,0,29,0.318182,0.009293
20059,Franklin County,,KS,2102,29562,31664,8,8,16,955,1075,2030,6,0.294596,0.307431,3126.907878,0.001135,0.000603,56,0.000195,0,29,0.433333,0.007266
20061,Geary County,,KS,11594,38576,50170,34,38,72,3979,5328,9307,6,0.360025,0.386994,9642.972868,0.015134,0.015149,56,0.000537,0,29,0.630122,0.120432
20063,Gove County,,KS,143,3342,3485,0,0,0,0,0,0,0,0,0,0,0,0,30,0.000051,27,70,0,0
20065,Graham County,,KS,139,3165,3304,0,0,0,0,0,0,0,0,0,0,0,0,31,0.000051,28,71,0,0
20067,Grant County,,KS,601,9081,9682,1,1,2,41,54,95,7,0.252547,0.260928,0,0.000025,0.000012,56,0.000072,0,29,0,0.000186
20069,Gray County,,KS,490,7357,7847,2,1,3,222,104,326,7,0.250173,0.257795,0,0.000047,0.00001,56,0.000091,0,29,1,0.00035
20071,Greeley County,,KS,145,1518,1663,0,0,0,0,0,0,0,0,0,0,0,0,32,0.000051,29,72,0,0
20073,Greenwood County,,KS,483,7100,7583,3,3,6,230,205,435,7,0.286052,0.298354,0.6,0.00038,0.00026,56,0.000104,0,29,0.833333,0.00229
20075,Hamilton County,,KS,288,2941,3229,0,0,0,0,0,0,0,0,0,0,0,0,33,0.000051,30,73,0,0
20077,Harper County,,KS,387,6801,7188,1,1,2,40,80,120,7,0.285911,0.297837,0,0.000357,0.000243,56,0.000063,0,29,0,0.001981
20079,Harvey County,,KS,2565,40293,42858,7,7,14,1285,1373,2658,6,0.298569,0.312,36.832666,0.000501,0.000745,56,0.000231,0,29,0.694444,0.003795
20081,Haskell County,,KS,425,4694,5119,1,1,2,53,81,134,7,0.252547,0.260928,0,0.000025,0.000012,56,0.000072,0,29,0,0.000186
20083,Hodgeman County,,KS,145,2240,2385,1,0,1,82,0,82,0,0,0,0,0.000023,0,56,0.00007,0,15,0,0.000163
20085,Jackson County,,KS,988,15951,16939,5,1,6,541,455,996,7,0.262396,0.271734,0,0.000096,0.000057,56,0.000163,0,29,0.5,0.001026
20087,Jefferson County,,KS,1445,21761,23206,6,5,11,822,894,1716,6,0.296979,0.309563,114.579267,0.000873,0.000641,56,0.000131,0,29,0.642857,0.005845
20089,Jewell County,,KS,212,3833,4045,0,0,0,0,0,0,0,0,0,0,0,0,34,0.000051,31,74,0,0
20091,Johnson County,,KS,37074,640290,677364,132,136,268,30201,28663,58864,5,0.416487,0.453006,125628.637522,0.050948,0.062205,56,0.00203,0,29,0.332552,0.389167
20093,Kearny County,,KS,406,4791,5197,1,1,2,101,136,237,7,0.252547,0.260928,0,0.000025,0.000012,56,0.000072,0,29,0,0.000186
20095,Kingman County,,KS,506,9147,9653,2,2,4,208,229,437,7,0.28594,0.298009,0,0.000365,0.000261,56,0.000096,0,29,1,0.002221
20097,Kiowa County,,KS,241,2688,2929,0,0,0,0,0,0,0,0,0,0,0,0,35,0.000051,32,75,0,0
20099,Labette County,,KS,1299,25045,26344,5,6,11,462,473,935,7,0.286816,0.299923,139.423757,0.000378,0.0003,56,0.00015,0,29,0.666667,0.002512
20101,Lane County,,KS,167,2095,2262,0,0,0,0,0,0,0,0,0,0,0,0,36,0.000051,33,76,0,0
20103,Leavenworth County,,KS,9988,77093,87081,38,37,75,5463,5585,11048,6,0.34965,0.375282,4511.436331,0.014122,0.013636,56,0.000521,0,29,0.531008,0.108128
20105,Lincoln County,,KS,266,3826,4092,0,1,1,0,55,55,7,0.231765,0.23812,0,0,0.000019,56,0.000051,0,77,0,0
20107,Linn County,,KS,757,10255,11012,5,4,9,418,366,784,6,0.294207,0.306322,17.065573,0.000959,0.000425,56,0.000136,0,29,0.533333,0.006158
20109,Logan County,,KS,215,3330,3545,1,0,1,40,0,40,0,0,0,0,0,0,56,0.000091,0,78,0,0.000086
20111,Lyon County,,KS,2406,36278,38684,9,11,20,721,996,1717,6,0.301612,0.316322,9124.352852,0.001146,0.001223,56,0.000274,0,29,0.427273,0.00761
20113,McPherson County,,KS,1888,34602,36490,7,7,14,823,784,1607,7,0.287641,0.300842,564.885384,0.00088,0.000394,56,0.000247,0,29,0.607143,0.005986
20115,Marion County,,KS,953,13881,14834,4,4,8,376,363,739,7,0.285996,0.298354,0.45,0.00038,0.000262,56,0.000141,0,29,0.833333,0.0024
20117,Marshall County,,KS,672,12688,13360,3,3,6,156,152,308,7,0.264961,0.275229,5893.777987,0.000609,0.000105,56,0.000166,0,29,0.166667,0.004176
20119,Meade County,,KS,373,5233,5606,1,1,2,75,53,128,8,0.229358,0.235718,0,0.000006,0.000012,56,0.0001,0,29,0,0.000182
20121,Miami County,,KS,2394,37010,39404,6,7,13,1320,1486,2806,6,0.297101,0.310126,14.215165,0.001077,0.000894,56,0.000146,0,29,0.690476,0.006781
20123,Mitchell County,,KS,548,7384,7932,1,2,3,40,99,139,7,0.265077,0.275278,2901,0,0.000123,56,0.000094,0,79,0.333333,0.000084
20125,Montgomery County,,KS,2491,37759,40250,11,9,20,850,1041,1891,7,0.295737,0.310112,8883.611187,0.000858,0.000661,56,0.000336,0,29,0.3,0.006169
20127,Morris County,,KS,481,6610,7091,2,2,4,111,93,204,7,0.271434,0.28188,0,0.000231,0.000225,56,0.000082,0,29,1,0.001958
20129,Morton County,,KS,367,3743,4110,0,0,0,0,0,0,0,0,0,0,0,0,37,0.000051,34,80,0,0
20131,Nemaha County,,KS,640,12747,13387,2,5,7,143,262,405,6,0.295918,0.308517,85.71623,0.00008,0.000571,56,0.000102,0,29,0.55,0.00066
20133,Neosho County,,KS,1040,18302,19342,5,7,12,387,511,898,6,0.295045,0.308121,5842.380126,0.000376,0.000468,56,0.000145,0,29,0.535714,0.00246
20135,Ness County,,KS,175,3748,3923,0,0,0,0,0,0,0,0,0,0,0,0,38,0.000051,35,81,0,0
20137,Norton County,,KS,330,6015,6345,0,0,0,0,0,0,0,0,0,0,0,0,39,0.000051,36,82,0,0
20139,Osage County,,KS,1115,18881,19996,5,4,9,663,665,1328,7,0.267528,0.278406,3.157576,0.00069,0.000137,56,0.000143,0,29,0.85,0.00461
20141,Osborne County,,KS,271,4752,5023,0,1,1,0,40,40,8,0.209591,0.214629,0,0,0,56,0.000051,0,83,0,0
20143,Ottawa County,,KS,511,7256,7767,1,1,2,217,205,422,7,0.231722,0.23803,0,0.000008,0.000019,56,0.000086,0,29,0,0.000251
20145,Pawnee County,,KS,531,7296,7827,2,1,3,124,84,208,7,0.230067,0.236104,2900,0.000006,0.000011,56,0.000126,0,29,0,0.000262
20147,Phillips County,,KS,399,6845,7244,0,0,0,0,0,0,0,0,0,0,0,0,40,0.000051,37,84,0,0
20149,Pottawatomie County,,KS,1855,25190,27045,5,6,11,777,854,1631,6,0.299742,0.31319,214.961486,0.000811,0.000816,56,0.000148,0,29,0.595238,0.00579
20151,Pratt County,,KS,796,10697,11493,4,2,6,215,125,340,7,0.28594,0.298009,3301.117653,0.000365,0.000261,56,0.000162,0,29,0.25,0.002391
20153,Rawlins County,,KS,181,2958,3139,0,0,0,0,0,0,0,0,0,0,0,0,41,0.000051,38,85,0,0
20155,Reno County,,KS,3670,72468,76138,16,13,29,1702,1774,3476,6,0.300176,0.31477,3798.117515,0.002204,0.000933,56,0.000501,0,29,0.356618,0.016596
20157,Republic County,,KS,329,6133,6462,1,1,2,76,41,117,8,0.209553,0.214576,0,0.000001,0,56,0.000099,0,29,0,0.00009
20159,Rice County,,KS,751,11005,11756,4,3,7,346,239,585,7,0.231057,0.237846,1.911111,0.000374,0.000036,56,0.000158,0,29,0.833333,0.00254
20161,Riley County,,KS,11578,56314,67892,47,41,88,5839,5671,11510,6,0.360114,0.386787,35241.439095,0.012949,0.013673,56,0.000924,0,29,0.337338,0.101842
20163,Rooks County,,KS,342,6039,6381,1,1,2,71,63,134,7,0.231076,0.237392,0,0.000007,0.000008,56,0.000087,0,29,0,0.000158
20165,Rush County,,KS,351,3846,4197,0,2,2,0,144,144,7,0.231192,0.237827,0,0,0.000019,56,0.000051,0,86,1,0
20167,Russell County,,KS,453,7859,8312,2,1,3,143,79,222,7,0.231076,0.237392,0,0.000013,0.000008,56,0.000119,0,29,1,0.000336
20169,Saline County,,KS,3996,66164,70160,17,14,31,1743,1857,3600,6,0.301581,0.316374,21433.348037,0.002367,0.001038,56,0.000587,0,29,0.294118,0.017892
20171,Scott County,,KS,432,5783,6215,1,1,2,51,52,103,7,0.252547,0.260928,0,0.000025,0.000012,56,0.000072,0,29,0,0.000186
20173,Sedgwick County,,KS,26178,572756,598934,88,115,203,14097,17427,31524,6,0.400331,0.436471,126486.707813,0.030339,0.044543,56,0.001656,0,29,0.327937,0.236376
20175,Seward County,,KS,2307,28391,30698,9,7,16,755,753,1508,7,0.297589,0.311998,12857.280593,0.001462,0.00074,56,0.000405,0,29,0.2,0.010944
20177,Shawnee County,,KS,9304,208554,217858,32,31,63,5033,5136,10169,6,0.355697,0.380575,27209.233355,0.007139,0.009903,56,0.000777,0,29,0.310391,0.055674
20179,Sheridan County,,KS,179,3246,3425,0,0,0,0,0,0,0,0,0,0,0,0,42,0.000051,39,87,0,0
20181,Sherman County,,KS,537,6533,7070,0,1,1,0,65,65,8,0.187823,0.19139,0,0,0,56,0.000051,0,89,0,0
20183,Smith County,,KS,226,4890,5116,0,0,0,0,0,0,0,0,0,0,0,0,43,0.000051,40,90,0,0
20185,Stafford County,,KS,331,5056,5387,1,3,4,52,133,185,7,0.231039,0.237788,1.2,0.000006,0.000032,56,0.000083,0,29,0.666667,0.000178
20187,Stanton County,,KS,213,2761,2974,0,0,0,0,0,0,0,0,0,0,0,0,44,0.000051,41,91,0,0
20189,Stevens County,,KS,525,6565,7090,0,1,1,0,57,57,8,0.229401,0.235809,0,0,0.000012,56,0.000051,0,92,0,0
20191,Sumner County,,KS,1848,27284,29132,3,3,6,878,1032,1910,7,0.285968,0.298181,0,0.000373,0.000254,56,0.000106,0,29,1,0.002242
20193,Thomas County,,KS,773,8829,9602,1,2,3,65,95,160,7,0.23118,0.237745,2902,0,0.000008,56,0.000094,0,88,0,0.000084
20195,Trego County,,KS,260,3644,3904,1,1,2,57,45,102,7,0.231076,0.237392,0,0.000007,0.000008,56,0.000087,0,29,0,0.000158
20197,Wabaunsee County,,KS,603,8072,8675,3,3,6,287,285,572,7,0.268618,0.27924,0,0.000196,0.000168,56,0.000112,0,29,1,0.001619
20199,Wallace County,,KS,93,1760,1853,0,0,0,0,0,0,0,0,0,0,0,0,45,0.000051,42,93,0,0
20201,Washington County,,KS,301,7274,7575,1,1,2,48,52,100,8,0.209477,0.214467,0,0.000001,0.000005,56,0.000098,0,29,0,0.00012
20203,Wichita County,,KS,152,2792,2944,0,0,0,0,0,0,0,0,0,0,0,0,46,0.000051,43,94,0,0
20205,Wilson County,,KS,716,10592,11308,3,4,7,259,266,525,7,0.286278,0.298871,9.392926,0.000366,0.000264,56,0.000112,0,29,0.833333,0.002243
20207,Woodson County,,KS,223,3582,3805,1,0,1,55,0,55,0,0,0,0,0.000003,0,56,0.000071,0,11,0,0.000089
20209,Wyandotte County,,KS,13262,164466,177728,18,24,42,8811,9986,18797,6,0.359712,0.384454,1925.933316,0.006738,0.010234,56,0.000309,0,29,0.555385,0.051472
21001,Adair County,,KY,890,17036,17926,3,3,6,363,314,677,7,0.229231,0.236031,1494.696263,0.00051,0.000006,124,0.000147,0,29,0.333333,0.003777
21003,Allen County,,KY,1050,19361,20411,4,5,9,576,542,1118,7,0.261355,0.271076,14.464301,0.00009,0.000113,124,0.000155,0,29,0.5,0.001234
21005,Anderson County,,KY,1731,25594,27325,6,6,12,1180,980,2160,6,0.295466,0.309333,14.284159,0.000796,0.000722,124,0.000193,0,29,0.833333,0.006029
21007,Ballard County,,KY,523,8916,9439,2,1,3,223,253,476,7,0.234079,0.240988,0,0.000011,0.00002,150,0.000122,0,29,0.5,0.000335
21009,Barren County,,KY,2282,45060,47342,8,9,17,1435,1257,2692,6,0.297375,0.31227,8653.706084,0.000685,0.000871,124,0.000278,0,29,0.333333,0.005544
21011,Bath County,,KY,674,11444,12118,2,2,4,362,289,651,7,0.228436,0.235089,0,0.000008,0.000005,124,0.000128,0,29,1,0.000235
21013,Bell County,,KY,1250,25250,26500,5,6,11,542,683,1225,7,0.284816,0.29721,1640.416756,0.000012,0.000345,150,0.000236,0,29,0.2,0.000561
21015,Boone County,,KY,11080,136218,147298,20,25,45,8596,7439,16035,6,0.361416,0.385598,10169.605843,0.005003,0.009155,124,0.000381,0,29,0.444444,0.033191
21017,Bourbon County,,KY,1468,21619,23087,6,6,12,864,957,1821,7,0.282403,0.294653,13.000983,0.000288,0.000245,124,0.000243,0,29,0.566667,0.0025
21019,Boyd County,,KY,3083,50204,53287,8,8,16,1736,1738,3474,7,0.28398,0.296837,4502.792371,0.000317,0.000257,124,0.000302,0,29,0.375,0.002783
21021,Boyle County,,KY,2053,29176,31229,10,8,18,1328,1247,2575,6,0.295587,0.309793,3175.443971,0.000806,0.000725,124,0.000352,0,29,0.522222,0.006574
21023,Bracken County,,KY,587,9587,10174,4,4,8,289,330,619,7,0.252944,0.261981,134.820107,0.00008,0.000066,124,0.000126,0,29,0.5,0.000813
21025,Breathitt County,,KY,508,13083,13591,1,2,3,53,135,188,8,0.220516,0.226381,1476.481284,0.000002,0.000002,124,0.000093,0,29,0,0.000113
21027,Breckinridge County,,KY,1243,20893,22136,7,6,13,773,648,1421,6,0.29619,0.310011,1833.409954,0.000715,0.000652,124,0.000205,0,29,0.47619,0.005582
21029,Bullitt County,,KY,5184,86659,91843,9,11,20,4358,3863,8221,6,0.297253,0.31227,61.402625,0.000731,0.000906,124,0.000237,0,29,0.439394,0.006037
21031,Butler County,,KY,687,13523,14210,4,3,7,351,346,697,7,0.243085,0.251676,3.522904,0.000029,0.000028,124,0.000177,0,29,0.5,0.000623
21033,Caldwell County,,KY,742,13684,14426,5,5,10,334,275,609,7,0.275901,0.286897,8414.951226,0.000195,0.000138,150,0.000252,0,29,0.2,0.001644
21035,Calloway County,,KY,2290,35011,37301,5,6,11,781,822,1603,6,0.296979,0.310937,2784.173594,0.000527,0.000629,150,0.000216,0,29,0.366667,0.004206
21037,Campbell County,,KY,6846,99049,105895,12,13,25,5237,5192,10429,6,0.331542,0.351345,2734.593315,0.00267,0.00322,124,0.000231,0,29,0.660256,0.017238
21039,Carlisle County,,KY,319,5616,5935,1,3,4,45,167,212,7,0.234249,0.241637,2.033333,0,0.000025,150,0.000101,0,29,0.666667,0.00014
21041,Carroll County,,KY,992,12339,13331,8,6,14,626,480,1106,6,0.294685,0.308138,232.068151,0.000599,0.000526,124,0.000241,0,29,0.446429,0.004721
21043,Carter County,,KY,1258,28386,29644,4,5,9,445,615,1060,7,0.282761,0.295044,2904.98527,0.000016,0.000237,124,0.000167,0,29,0.366667,0.000434
21045,Casey County,,KY,720,15504,16224,3,4,7,180,332,512,7,0.228544,0.235617,4.520971,0.000008,0.000022,124,0.000174,0,29,0.583333,0.000381
21047,Christian County,,KY,13869,70832,84701,38,47,85,5875,7207,13082,6,0.37973,0.408057,24185.308459,0.01596,0.021986,150,0.000635,0,29,0.535445,0.125102
21049,Clark County,,KY,2560,38650,41210,8,8,16,1449,1444,2893,7,0.282486,0.295055,385.086938,0.000299,0.000261,124,0.00032,0,29,0.535714,0.002838
21051,Clay County,,KY,764,17912,18676,3,3,6,304,405,709,7,0.22858,0.235399,1762.225639,0.000279,0.000006,124,0.000159,0,29,0.416667,0.002138
21053,Clinton County,,KY,545,10161,10706,2,3,5,135,258,393,7,0.228472,0.235273,5839,0,0.000011,124,0.000211,0,29,0.333333,0.000176
21055,Crittenden County,,KY,456,9336,9792,3,2,5,151,94,245,8,0.216547,0.222075,11.560917,0.000002,0.000002,150,0.000172,0,29,0,0.000288
21057,Cumberland County,,KY,312,6750,7062,1,1,2,54,43,97,8,0.185993,0.18961,0,0,0,124,0.000111,0,29,0,0.000089
21059,Daviess County,,KY,4103,110813,114916,15,15,30,2124,2013,4137,6,0.319243,0.338092,13979.398951,0.000895,0.002495,124,0.000429,0,29,0.235294,0.007343
21061,Edmonson County,,KY,748,12574,13322,3,4,7,405,382,787,7,0.242759,0.251515,4.60825,0.000038,0.000035,124,0.000139,0,29,0.416667,0.000574
21063,Elliott County,,KY,285,6127,6412,0,2,2,0,100,100,8,0.220558,0.226521,0,0,0,124,0.000051,0,95,0,0
21065,Estill County,,KY,738,14840,15578,3,3,6,362,434,796,7,0.282266,0.294021,0.559524,0.00001,0.000244,124,0.000163,0,29,0.833333,0.000435
21067,Fayette County,,KY,20981,311190,332171,92,92,184,14410,14014,28424,6,0.392954,0.426603,239828.961375,0.028582,0.034081,124,0.002015,0,29,0.242868,0.222046
21069,Fleming County,,KY,800,15741,16541,3,3,6,322,347,669,7,0.238506,0.246334,23.634374,0.000015,0.000002,124,0.000148,0,29,0.5,0.000308
21071,Floyd County,,KY,1675,37057,38732,6,4,10,806,819,1625,7,0.282651,0.294635,5672.597728,0.000277,0.000238,124,0.000257,0,29,0.3,0.002408
21073,Franklin County,,KY,3257,56380,59637,8,10,18,1607,1836,3443,6,0.295677,0.310195,266.783981,0.000803,0.000745,124,0.000254,0,29,0.477778,0.006287
21075,Fulton County,,KY,550,6229,6779,3,3,6,268,273,541,7,0.232484,0.239292,1.977778,0.000016,0.00001,150,0.000143,0,29,0.583333,0.000443
21077,Gallatin County,,KY,807,8611,9418,6,5,11,535,504,1039,7,0.26586,0.275748,88.739716,0.000629,0.000097,124,0.00018,0,29,0.733333,0.004684
21079,Garrard County,,KY,1341,16864,18205,5,6,11,801,873,1674,7,0.282376,0.294595,0.620635,0.000293,0.000263,124,0.000213,0,29,0.9,0.002524
21081,Grant County,,KY,2382,26885,29267,10,9,19,1620,1611,3231,7,0.292103,0.305952,408.885113,0.000979,0.00056,124,0.000252,0,29,0.472727,0.006695
21083,Graves County,,KY,1972,39879,41851,8,7,15,954,870,1824,7,0.238998,0.24774,8911.297013,0.000588,0.00003,150,0.000412,0,29,0.232143,0.005573
21085,Grayson County,,KY,1035,26727,27762,6,5,11,605,459,1064,6,0.296069,0.309753,930.229335,0.000666,0.000641,124,0.000192,0,29,0.452381,0.005222
21087,Green County,,KY,624,11393,12017,2,1,3,172,223,395,7,0.229032,0.23537,0,0.000007,0.000004,124,0.00012,0,29,1,0.000237
21089,Greenup County,,KY,2369,39871,42240,6,8,14,1331,1470,2801,6,0.306748,0.322931,5182.722153,0.00029,0.000985,124,0.000226,0,29,0.446429,0.002524
21091,Hancock County,,KY,572,9908,10480,3,3,6,359,362,721,7,0.242658,0.25094,6.510276,0.000026,0.000013,124,0.000132,0,29,0.5,0.000403
21093,Hardin County,,KY,14757,112617,127374,54,52,106,8292,8696,16988,6,0.372799,0.40131,16182.341372,0.018016,0.018664,124,0.000825,0,29,0.394844,0.138043
21095,Harlan County,,KY,779,28192,28971,2,4,6,91,221,312,7,0.282761,0.294848,1114.425702,0.000276,0.000241,124,0.000103,0,29,0.166667,0.001989
21097,Harrison County,,KY,1163,19816,20979,4,6,10,435,684,1119,7,0.282431,0.294681,81.952317,0.000283,0.000249,124,0.000153,0,29,0.5,0.002265
21099,Hart County,,KY,1151,18576,19727,4,5,9,489,636,1125,6,0.2961,0.30981,4.072161,0.000665,0.000646,124,0.00013,0,29,0.8,0.005006
21101,Henderson County,,KY,2252,51252,53504,7,8,15,1288,1221,2509,6,0.296706,0.31131,4947.980625,0.0006,0.000752,186,0.000188,0,29,0.5,0.004551
21103,Henry County,,KY,1291,16771,18062,5,5,10,852,824,1676,6,0.294327,0.307448,3.229762,0.000525,0.000489,124,0.000159,0,29,0.6,0.004114
21105,Hickman County,,KY,305,4889,5194,3,1,4,138,58,196,8,0.192909,0.197265,0,0.000005,0.000005,150,0.000166,0,29,1,0.000369
21107,Hopkins County,,KY,2122,50706,52828,8,11,19,907,1033,1940,6,0.298846,0.314339,5012.307316,0.000771,0.000899,186,0.000229,0,29,0.390909,0.005597
21109,Jackson County,,KY,568,12450,13018,3,3,6,259,333,592,7,0.228725,0.235801,3.076923,0.000012,0.00002,124,0.000182,0,29,0.666667,0.000467
21111,Jefferson County,,KY,36928,835248,872176,154,157,311,25849,27470,53319,5,0.416667,0.456241,251676.327028,0.058155,0.062697,124,0.002487,0,29,0.302228,0.436374
21113,Jessamine County,,KY,4340,49536,53876,10,11,21,2698,2518,5216,6,0.295767,0.310483,169.117842,0.000809,0.000743,124,0.000354,0,29,0.518182,0.0066
21115,Johnson County,,KY,1037,22404,23441,6,5,11,625,459,1084,7,0.282458,0.294595,11204.338402,0.000277,0.000232,124,0.000267,0,29,0.3,0.00241
21117,Kenton County,,KY,14195,178912,193107,18,19,37,10436,10594,21030,6,0.336154,0.357414,8692.253806,0.005338,0.005407,124,0.000318,0,29,0.502381,0.035298
21119,Knott County,,KY,661,14346,15007,3,3,6,310,337,647,8,0.220902,0.227185,12.674639,0.000004,0.000005,124,0.000189,0,29,0.333333,0.000321
21121,Knox County,,KY,1515,30156,31671,3,4,7,955,948,1903,7,0.282513,0.294515,23.597763,0.000011,0.000238,124,0.000167,0,29,0.666667,0.000362
21123,Larue County,,KY,1115,15032,16147,4,4,8,669,668,1337,6,0.295798,0.309121,0.666667,0.000665,0.000624,124,0.000122,0,29,0.833333,0.005021
21125,Laurel County,,KY,3244,59988,63232,11,11,22,1889,1757,3646,6,0.29619,0.311052,13234.219524,0.000795,0.000726,124,0.000491,0,29,0.257576,0.006517
21127,Lawrence County,,KY,729,15339,16068,4,3,7,404,276,680,8,0.221408,0.227817,23.284044,0.000004,0.000005,124,0.000193,0,29,0.333333,0.000425
21129,Lee County,,KY,374,6196,6570,0,1,1,0,57,57,1,1,1,0,0,0,47,0.000051,44,97,0,0
21131,Leslie County,,KY,405,10927,11332,2,2,4,142,184,326,7,0.228761,0.235554,6.25619,0.000002,0.000009,124,0.000138,0,29,0.5,0.000219
21133,Letcher County,,KY,765,23447,24212,4,4,8,275,301,576,8,0.222478,0.2294,188.834057,0.000006,0.000009,124,0.000193,0,29,0.1,0.000443
21135,Lewis County,,KY,601,13226,13827,4,4,8,311,265,576,7,0.241989,0.250557,52.638624,0.000019,0.000005,124,0.000168,0,29,0.4,0.000399
21137,Lincoln County,,KY,1624,25618,27242,8,9,17,988,1119,2107,7,0.282568,0.295273,1415.722854,0.000296,0.000274,124,0.000324,0,29,0.541667,0.002825
21139,Livingston County,,KY,749,10074,10823,3,3,6,422,460,882,7,0.234154,0.241447,376.166721,0.000011,0.00002,150,0.000206,0,29,0.333333,0.000436
21141,Logan County,,KY,1517,28859,30376,7,7,14,733,833,1566,7,0.286958,0.299446,1147.073943,0.000396,0.000354,124,0.000247,0,29,0.309524,0.003385
21143,Lyon County,,KY,555,7544,8099,2,2,4,167,170,337,7,0.235141,0.24247,6.097761,0.000001,0.000021,150,0.000133,0,29,0.5,0.000201
21145,McCracken County,,KY,4175,72911,77086,14,11,25,2135,1985,4120,6,0.305585,0.321799,38405.832609,0.002484,0.001363,150,0.000547,0,29,0.220833,0.018884
21147,McCreary County,,KY,658,14141,14799,2,3,5,173,295,468,7,0.229739,0.237025,25.893791,0.000009,0.000016,124,0.000119,0,29,0,0.000292
21149,McLean County,,KY,526,10429,10955,3,3,6,314,339,653,7,0.242131,0.250262,0.616667,0.000031,0.000009,124,0.000116,0,29,0.833333,0.000406
21151,Madison County,,KY,5635,82189,87824,21,12,33,3089,2640,5729,6,0.295949,0.310845,7754.597535,0.001479,0.000738,124,0.000679,0,29,0.228571,0.011366
21153,Magoffin County,,KY,381,11612,11993,1,2,3,40,141,181,8,0.220482,0.226329,0,0.000002,0.000004,124,0.000096,0,29,1,0.000113
21155,Marion County,,KY,817,20092,20909,4,6,10,395,446,841,6,0.295466,0.309333,4.933333,0.000522,0.000718,124,0.000137,0,29,0.633333,0.003941
21157,Marshall County,,KY,1937,34899,36836,4,5,9,956,1021,1977,7,0.235275,0.243177,336.910211,0.000016,0.000029,150,0.000232,0,29,0.45,0.000605
21159,Martin County,,KY,557,9471,10028,2,4,6,129,296,425,8,0.221865,0.228489,15.766332,0.000002,0.000005,124,0.000113,0,29,0.333333,0.000206
21161,Mason County,,KY,1311,18581,19892,5,7,12,646,661,1307,6,0.310493,0.326776,3444.870847,0.000013,0.001173,124,0.000189,0,29,0.119048,0.000532
21163,Meade County,,KY,3451,30894,34345,9,11,20,1997,1738,3735,6,0.323408,0.341414,503.011539,0.00354,0.003689,124,0.000185,0,29,0.608974,0.027949
21165,Menifee County,,KY,377,6051,6428,1,1,2,107,128,235,8,0.220348,0.226099,0,0.000002,0.000002,124,0.000089,0,29,0,0.000119
21167,Mercer County,,KY,1427,24202,25629,8,7,15,769,765,1534,7,0.282403,0.294768,22.328537,0.000804,0.000264,124,0.000258,0,29,0.638889,0.006263
21169,Metcalfe County,,KY,687,10659,11346,2,2,4,265,340,605,7,0.229249,0.235916,0,0.000007,0.000006,124,0.000119,0,29,1,0.000232
21171,Monroe County,,KY,470,11531,12001,3,3,6,175,214,389,7,0.242698,0.251227,65.75576,0.000013,0.000029,124,0.000149,0,29,0.333333,0.000369
21173,Montgomery County,,KY,2011,27864,29875,8,8,16,1129,1192,2321,7,0.282596,0.295227,8012.775726,0.000291,0.00025,124,0.000364,0,29,0.333333,0.002676
21175,Morgan County,,KY,482,11927,12409,2,2,4,114,147,261,7,0.228311,0.234773,1481.989292,0.000006,0.000002,124,0.000111,0,29,0,0.000199
21177,Muhlenberg County,,KY,1269,33030,34299,5,7,12,400,610,1010,6,0.294925,0.308684,637.807111,0.00003,0.000509,124,0.000193,0,29,0.5,0.000629
21179,Nelson County,,KY,2393,51859,54252,9,9,18,1755,1462,3217,6,0.297101,0.311753,90.357092,0.000961,0.000871,124,0.000237,0,29,0.455556,0.007381
21181,Nicholas County,,KY,457,7728,8185,3,2,5,193,181,374,7,0.282156,0.293676,0,0.000277,0.000232,124,0.000125,0,29,1,0.002114
21183,Ohio County,,KY,1360,26043,27403,6,5,11,747,769,1516,7,0.243657,0.252819,245.592267,0.000184,0.000037,124,0.00022,0,29,0.285714,0.001453
21185,Oldham County,,KY,4416,63898,68314,7,8,15,2607,2439,5046,6,0.295526,0.309678,75.451006,0.000814,0.000746,124,0.000203,0,29,0.535714,0.006228
21187,Owen County,,KY,742,10569,11311,7,6,13,402,452,854,7,0.265957,0.276208,11.559102,0.000139,0.000071,124,0.000214,0,29,0.52381,0.001457
21189,Owsley County,,KY,161,3871,4032,1,0,1,57,0,57,0,0,0,0,0,0,47,0.000094,44,96,0,0.000084
21191,Pendleton County,,KY,1187,16006,17193,6,6,12,705,777,1482,7,0.265957,0.276035,24.128559,0.00015,0.000115,124,0.000165,0,29,0.566667,0.001331
21193,Perry County,,KY,1144,29854,30998,6,6,12,561,518,1079,7,0.282816,0.295164,14279.112234,0.000279,0.000241,124,0.000301,0,29,0.214286,0.002407
21195,Pike County,,KY,2272,58352,60624,5,7,12,830,1018,1848,7,0.283952,0.296612,7434.658416,0.000779,0.000246,124,0.000195,0,29,0.214286,0.005741
21197,Powell County,,KY,859,13215,14074,3,4,7,419,472,891,7,0.282293,0.294193,366.593855,0.000277,0.000234,124,0.000142,0,29,0.75,0.002131
21199,Pulaski County,,KY,2928,64222,67150,13,10,23,1383,1092,2475,6,0.295949,0.310586,27661.993151,0.001369,0.000725,124,0.000535,0,29,0.252747,0.010014
21201,Robertson County,,KY,134,2136,2270,0,0,0,0,0,0,0,0,0,0,0,0,48,0.000051,45,98,0,0
21203,Rockcastle County,,KY,825,16346,17171,4,4,8,481,432,913,7,0.228887,0.236336,2.811447,0.00002,0.000032,124,0.000213,0,29,0.75,0.000664
21205,Rowan County,,KY,1605,20293,21898,7,7,14,617,634,1251,6,0.295767,0.309937,16695.851163,0.000277,0.000698,124,0.000316,0,29,0.178571,0.00247
21207,Russell County,,KY,735,17783,18518,4,3,7,342,348,690,7,0.228508,0.235388,576.079403,0.000279,0.000015,124,0.000193,0,29,0.25,0.002283
21209,Scott County,,KY,3920,51878,55798,11,12,23,2278,2123,4401,6,0.295949,0.310828,404.851273,0.000811,0.000783,124,0.000358,0,29,0.409091,0.006696
21211,Shelby County,,KY,3331,46789,50120,10,10,20,2072,2068,4140,6,0.29613,0.310799,123.562863,0.000833,0.000767,124,0.000271,0,29,0.393939,0.006657
21213,Simpson County,,KY,1233,18919,20152,5,5,10,665,666,1331,7,0.261332,0.271019,132.980939,0.000652,0.000123,124,0.000171,0,29,0.666667,0.005877
21215,Spencer County,,KY,1255,19364,20619,4,4,8,976,815,1791,6,0.294267,0.307218,0.25,0.000523,0.000487,124,0.000128,0,29,0.916667,0.004002
21217,Taylor County,,KY,1345,25318,26663,4,7,11,496,623,1119,6,0.29704,0.311408,7254.797225,0.000509,0.000856,124,0.000227,0,29,0.452381,0.003876
21219,Todd County,,KY,760,12839,13599,3,3,6,338,362,700,7,0.28625,0.298009,1.833786,0.000524,0.000429,150,0.000104,0,29,0.666667,0.003572
21221,Trigg County,,KY,982,14602,15584,3,2,5,383,300,683,7,0.286137,0.297664,28.568272,0.000522,0.000426,150,0.000117,0,29,0.666667,0.003555
21223,Trimble County,,KY,786,9421,10207,5,5,10,519,403,922,6,0.294416,0.307592,6.030805,0.000526,0.000491,124,0.00017,0,29,0.65,0.004121
21225,Union County,,KY,860,15829,16689,2,4,6,233,426,659,7,0.264478,0.273872,102.826386,0.000006,0.000042,186,0.000094,0,29,0.333333,0.000223
21227,Warren County,,KY,7309,117619,124928,25,19,44,3596,3260,6856,6,0.320265,0.340328,17306.11559,0.002972,0.00318,124,0.000648,0,29,0.218254,0.023072
21229,Washington County,,KY,712,12807,13519,3,4,7,308,317,625,6,0.295346,0.308874,0,0.000516,0.000708,124,0.000106,0,29,0.916667,0.003824
21231,Wayne County,,KY,925,20552,21477,2,2,4,313,347,660,7,0.228454,0.2351,5878,0.000006,0.000011,124,0.000156,0,29,0.5,0.000271
21233,Webster County,,KY,1020,14716,15736,3,4,7,451,572,1023,7,0.242475,0.250923,8.46793,0.000014,0.000018,186,0.000108,0,29,0.666667,0.000361
21235,Whitley County,,KY,1895,34710,36605,5,4,9,999,898,1897,7,0.282458,0.294509,1267.112618,0.000284,0.000239,124,0.00021,0,29,0.25,0.002342
21237,Wolfe County,,KY,350,6531,6881,2,0,2,118,0,118,0,0,0,0,0,0,124,0.000137,0,5,0,0.000176
21239,Woodford County,,KY,2125,28766,30891,8,6,14,1228,1378,2606,6,0.295436,0.309276,14.922254,0.000809,0.000722,124,0.000239,0,29,0.732143,0.00633
22001,Acadia Parish,,LA,3448,64075,67523,10,10,20,2412,2473,4885,6,0.322258,0.340598,89.600359,0.001527,0.001786,49,0.00021,0,29,0.736364,0.012755
22003,Allen Parish,,LA,1390,22906,24296,7,8,15,759,870,1629,6,0.321757,0.339678,88.547713,0.001238,0.001302,49,0.000161,0,29,0.660714,0.010455
22005,Ascension Parish,,LA,7164,118283,125447,17,16,33,6161,4547,10708,6,0.322473,0.341632,538.223037,0.002298,0.00259,49,0.000319,0,29,0.473684,0.020297
22007,Assumption Parish,,LA,1393,24498,25891,6,5,11,819,939,1758,7,0.281171,0.293095,1.624423,0.000384,0.00034,49,0.000136,0,29,0.666667,0.003334
22009,Avoyelles Parish,,LA,1844,43410,45254,7,8,15,803,1073,1876,6,0.321972,0.340052,532.384219,0.000756,0.001855,49,0.000159,0,29,0.6,0.006045
22011,Beauregard Parish,,LA,2867,35385,38252,4,6,10,1401,1428,2829,6,0.322151,0.340052,1.133634,0.001172,0.00155,49,0.000104,0,29,0.933333,0.009732
22013,Bienville Parish,,LA,1073,14771,15844,7,6,13,655,664,1319,7,0.27202,0.283579,43.301841,0.000368,0.000268,49,0.00019,0,29,0.642857,0.002962
22015,Bossier Parish,,LA,13663,123054,136717,48,40,88,9358,8621,17979,6,0.358556,0.386069,10342.920246,0.014052,0.015911,49,0.000797,0,29,0.385522,0.114089
22017,Caddo Parish,,LA,16717,272319,289036,44,51,95,11413,11742,23155,6,0.370181,0.398776,20041.596856,0.014192,0.021044,49,0.000777,0,29,0.395779,0.118257
22019,Calcasieu Parish,,LA,9148,207794,216942,33,36,69,5050,5628,10678,6,0.343724,0.368506,7772.215426,0.008056,0.010231,49,0.000575,0,29,0.378205,0.067658
22021,Caldwell Parish,,LA,609,10084,10693,2,2,4,221,287,508,7,0.260066,0.269881,18.181645,0.000083,0.00005,49,0.000121,0,29,0.5,0.000631
22023,Cameron Parish,,LA,489,7132,7621,1,1,2,243,328,571,7,0.255822,0.265203,0,0.000082,0.000065,49,0.000064,0,29,0,0.000648
22025,Catahoula Parish,,LA,547,10096,10643,3,4,7,221,279,500,7,0.249141,0.258313,11.036353,0.000004,0.000042,49,0.000166,0,29,0.25,0.000308
22027,Claiborne Parish,,LA,891,14450,15341,6,5,11,397,498,895,7,0.271968,0.283349,18.09813,0.000345,0.000267,49,0.00017,0,29,0.733333,0.002775
22029,Concordia Parish,,LA,1180,19709,20889,4,5,9,598,578,1176,7,0.281882,0.29436,2474.631727,0.000297,0.000372,49,0.000143,0,29,0.333333,0.002622
22031,De Soto Parish,,LA,1984,29182,31166,6,4,10,1293,1268,2561,7,0.271917,0.283148,90.444823,0.001277,0.000242,49,0.000156,0,29,0.633333,0.010478
22033,East Baton Rouge Parish,,LA,30348,455135,485483,98,91,189,19703,23940,43643,6,0.390783,0.424115,81259.919703,0.034225,0.036334,49,0.001542,0,29,0.306824,0.272246
22035,East Carroll Parish,,LA,466,7229,7695,2,2,4,135,183,318,7,0.260043,0.269823,0,0.000083,0.00005,49,0.000102,0,29,1,0.000626
22037,East Feliciana Parish,,LA,1607,20565,22172,3,3,6,1073,1108,2181,7,0.281062,0.292635,1,0.000322,0.000293,49,0.000127,0,29,0.666667,0.002625
22039,Evangeline Parish,,LA,1712,34505,36217,8,7,15,1048,1096,2144,7,0.281471,0.293929,6.301097,0.000604,0.000495,49,0.000177,0,29,0.732143,0.004869
22041,Franklin Parish,,LA,1059,21374,22433,3,3,6,407,469,876,7,0.260113,0.270111,250.566946,0.000084,0.00005,49,0.000132,0,29,0.333333,0.000718
22043,Grant Parish,,LA,2058,20746,22804,2,5,7,1093,1313,2406,7,0.249184,0.2586,17.854851,0.000049,0.000056,49,0.000092,0,29,0.45,0.000517
22045,Iberia Parish,,LA,4338,82929,87267,10,15,25,2645,3292,5937,6,0.32453,0.344046,27.46009,0.00184,0.003378,49,0.000197,0,29,0.666667,0.015328
22047,Iberville Parish,,LA,2357,33182,35539,5,8,13,1487,1810,3297,7,0.285602,0.298704,9.672528,0.000346,0.000971,49,0.000138,0,29,0.607143,0.003021
22049,Jackson Parish,,LA,954,16074,17028,4,5,9,478,562,1040,7,0.270901,0.282234,114.074909,0.000121,0.000193,49,0.000134,0,29,0.5,0.001057
22051,Jefferson Parish,,LA,31673,455438,487111,82,76,158,23660,25832,49492,6,0.380677,0.412626,23757.167657,0.03289,0.033635,49,0.001185,0,29,0.381319,0.258337
22053,Jefferson Davis Parish,,LA,1856,33079,34935,7,7,14,1260,1244,2504,6,0.321793,0.339649,3.570361,0.001205,0.001508,49,0.000156,0,29,0.803571,0.010138
22055,Lafayette Parish,,LA,14783,232546,247329,40,44,84,11252,10885,22137,6,0.349313,0.376161,4187.459774,0.010389,0.015321,49,0.00064,0,29,0.401152,0.08652
22057,Lafourche Parish,,LA,5031,104523,109554,12,13,25,3209,3335,6544,6,0.32233,0.341057,219.496153,0.00216,0.002333,49,0.000234,0,29,0.692308,0.018851
22059,La Salle Parish,,LA,698,14206,14904,5,3,8,310,265,575,7,0.249034,0.257968,420.508696,0.000133,0.000038,49,0.000189,0,29,0.35,0.001228
22061,Lincoln Parish,,LA,3656,41230,44886,14,15,29,1713,1858,3571,6,0.326136,0.346374,3712.733493,0.003318,0.004497,49,0.000315,0,29,0.504167,0.027647
22063,Livingston Parish,,LA,8759,133259,142018,19,17,36,7070,5780,12850,6,0.32555,0.34577,1066.212745,0.002055,0.003498,49,0.00038,0,29,0.454545,0.017974
22065,Madison Parish,,LA,636,11310,11946,3,3,6,199,270,469,7,0.262088,0.272237,19.158124,0.000097,0.00006,49,0.000119,0,29,0.333333,0.000801
22067,Morehouse Parish,,LA,1823,30143,31966,5,7,12,740,997,1737,6,0.313175,0.329971,693.774607,0.000087,0.0014,49,0.00017,0,29,0.430556,0.000935
22069,Natchitoches Parish,,LA,2624,38549,41173,9,13,22,823,1366,2189,6,0.325076,0.344678,5148.056505,0.00142,0.002707,49,0.000203,0,29,0.417582,0.011597
22071,Orleans Parish,,LA,25928,292398,318326,110,69,179,27863,20372,48235,6,0.385587,0.417195,21071.322251,0.048369,0.036204,49,0.001497,0,29,0.425095,0.374232
22073,Ouachita Parish,,LA,8807,162883,171690,30,34,64,5086,5305,10391,6,0.351345,0.376925,49095.653871,0.006128,0.010319,49,0.00067,0,29,0.301923,0.052471
22075,Plaquemines Parish,,LA,2595,23526,26121,7,5,12,1221,1112,2333,6,0.312399,0.32831,24.567798,0.002607,0.001756,49,0.000163,0,29,0.785714,0.020977
22077,Pointe Coupee Parish,,LA,1322,24406,25728,5,6,11,673,840,1513,7,0.281253,0.293354,3.635494,0.00044,0.000386,49,0.000128,0,29,0.666667,0.003439
22079,Rapides Parish,,LA,6713,142877,149590,27,24,51,4188,4015,8203,6,0.331353,0.352937,14655.869748,0.004665,0.006087,49,0.000537,0,29,0.370115,0.038892
22081,Red River Parish,,LA,537,8924,9461,2,3,5,212,308,520,7,0.271841,0.28286,0,0.000191,0.000238,49,0.000077,0,29,1,0.001228
22083,Richland Parish,,LA,1353,21344,22697,4,5,9,788,864,1652,7,0.260253,0.270599,7.954616,0.000084,0.000052,49,0.000173,0,29,0.5,0.000816
22085,Sabine Parish,,LA,1054,23833,24887,5,6,11,525,517,1042,7,0.275012,0.287608,13.319436,0.000408,0.000351,49,0.000137,0,29,0.642857,0.002916
22087,St. Bernard Parish,,LA,2224,32295,34519,10,6,16,3114,1481,4595,7,0.285602,0.298475,35.161457,0.002033,0.001141,49,0.000219,0,29,0.755556,0.018061
22089,St. Charles Parish,,LA,4037,59085,63122,9,12,21,2389,2915,5304,6,0.322294,0.340885,1.66768,0.002025,0.002351,49,0.000187,0,29,0.810606,0.017897
22091,St. Helena Parish,,LA,1278,13988,15266,3,3,6,691,840,1531,7,0.281089,0.292693,0,0.000346,0.000309,49,0.000101,0,29,1,0.002777
22093,St. James Parish,,LA,1335,25726,27061,5,7,12,638,967,1605,7,0.285574,0.298532,0.469877,0.000619,0.001001,49,0.000126,0,29,0.880952,0.005182
22095,St. John the Baptist Parish,,LA,3765,50507,54272,9,10,19,2127,2777,4904,6,0.322222,0.34054,116.406653,0.002656,0.002235,49,0.000186,0,29,0.781818,0.023093
22097,St. Landry Parish,,LA,4770,93875,98645,14,16,30,3100,3477,6577,6,0.322545,0.341747,228.811736,0.001599,0.002382,49,0.000285,0,29,0.503268,0.0136
22099,St. Martin Parish,,LA,3264,57420,60684,10,7,17,2772,2369,5141,6,0.321757,0.339592,35.314579,0.001566,0.001458,49,0.000192,0,29,0.688889,0.012931
22101,St. Mary Parish,,LA,3471,61176,64647,8,12,20,1367,2123,3490,6,0.322294,0.340885,142.947592,0.001446,0.002267,49,0.000168,0,29,0.651515,0.012
22103,St. Tammany Parish,,LA,13734,243846,257580,56,42,98,10215,8762,18977,6,0.356528,0.383603,5866.901974,0.023024,0.017054,49,0.000836,0,29,0.4447,0.183692
22105,Tangipahoa Parish,,LA,6959,118249,125208,15,15,30,5178,4699,9877,6,0.32424,0.343816,433.685117,0.002202,0.003283,49,0.000295,0,29,0.547794,0.019514
22107,Tensas Parish,,LA,362,5020,5382,0,2,2,0,109,109,7,0.260203,0.270133,0,0,0.000052,49,0.000051,0,99,0.5,0
22109,Terrebonne Parish,,LA,6136,122326,128462,12,16,28,3024,3664,6688,6,0.324748,0.344649,213.133266,0.002225,0.003328,49,0.000227,0,29,0.670833,0.019327
22111,Union Parish,,LA,1482,22818,24300,3,5,8,701,928,1629,7,0.26044,0.271002,20.401729,0.00013,0.000089,49,0.000103,0,29,0.35,0.001013
22113,Vermilion Parish,,LA,3328,61742,65070,8,9,17,2006,2283,4289,6,0.321436,0.339362,3.343555,0.001242,0.001272,49,0.000169,0,29,0.777778,0.010391
22115,Vernon Parish,,LA,11024,50036,61060,36,44,80,4369,5103,9472,6,0.357848,0.385839,4000.579934,0.014101,0.016534,49,0.00051,0,29,0.526596,0.113336
22117,Washington Parish,,LA,2096,43307,45403,8,8,16,1239,1238,2477,7,0.285686,0.298877,334.351434,0.000783,0.001156,49,0.00019,0,29,0.638889,0.00691
22119,Webster Parish,,LA,2638,42650,45288,9,7,16,1504,1590,3094,6,0.312096,0.327989,995.990594,0.001377,0.001195,49,0.000222,0,29,0.533333,0.011269
22121,West Baton Rouge Parish,,LA,2328,26348,28676,5,6,11,1815,1652,3467,7,0.281226,0.293325,2.029278,0.000351,0.000329,49,0.000134,0,29,0.666667,0.003021
22123,West Carroll Parish,,LA,714,11650,12364,4,4,8,308,341,649,7,0.260113,0.270226,2.833333,0.000095,0.000051,49,0.000161,0,29,0.583333,0.000819
22125,West Feliciana Parish,,LA,900,10867,11767,2,2,4,385,462,847,7,0.281035,0.292463,0,0.000294,0.000277,49,0.000101,0,29,1,0.002374
22127,Winn Parish,,LA,880,13786,14666,3,4,7,232,340,572,7,0.249098,0.258255,4.970671,0.000024,0.00005,49,0.000102,0,29,0.416667,0.00038
23001,Androscoggin County,,ME,6387,116788,123175,12,15,27,3718,4086,7804,6,0.311794,0.329483,421.373047,0.001556,0.003246,103,0.000231,0,29,0.557143,0.011025
23003,Aroostook County,,ME,2602,79160,81762,7,7,14,768,1051,1819,7,0.272352,0.28461,23.447932,0.001073,0.000396,103,0.000139,0,29,0.696429,0.006902
23005,Cumberland County,,ME,18068,319698,337766,61,72,133,13048,12690,25738,6,0.373711,0.405621,37395.114397,0.026442,0.035151,103,0.000762,0,29,0.50538,0.197744
23007,Franklin County,,ME,1571,31125,32696,7,6,13,914,906,1820,7,0.272224,0.284208,0.333333,0.000505,0.000291,103,0.000147,0,29,0.952381,0.003549
23009,Hancock County,,ME,2769,59638,62407,7,9,16,1261,1286,2547,6,0.310028,0.326063,133.146293,0.000471,0.001471,103,0.000156,0,29,0.611111,0.003461
23011,Kennebec County,,ME,6860,136413,143273,17,18,35,4243,4372,8615,6,0.311861,0.329943,705.447003,0.002336,0.003393,103,0.000303,0,29,0.476608,0.016348
23013,Knox County,,ME,2013,43946,45959,8,6,14,840,799,1639,7,0.272224,0.284208,55.065722,0.001211,0.000283,103,0.000161,0,29,0.763889,0.00877
23015,Lincoln County,,ME,2220,39695,41915,9,8,17,1228,1276,2504,7,0.272377,0.284782,56.875234,0.001227,0.000406,103,0.000186,0,29,0.763889,0.00895
23017,Oxford County,,ME,2974,60419,63393,8,8,16,1807,1882,3689,6,0.309995,0.325891,49.741385,0.000929,0.001496,103,0.000153,0,29,0.708333,0.00644
23019,Penobscot County,,ME,8024,161623,169647,22,24,46,4388,4833,9221,6,0.337641,0.359414,7399.447006,0.004448,0.006485,103,0.000357,0,29,0.458995,0.030542
23021,Piscataquis County,,ME,1027,17720,18747,2,3,5,411,484,895,7,0.254923,0.264566,0,0.000055,0.00015,103,0.000083,0,29,1,0.000475
23023,Sagadahoc County,,ME,3086,40838,43924,6,5,11,1919,1804,3723,7,0.272275,0.284208,0.50119,0.000443,0.000364,103,0.00014,0,29,0.9,0.003257
23025,Somerset County,,ME,3014,53344,56358,9,8,17,1832,1949,3781,7,0.272377,0.284782,107.282554,0.000507,0.000397,103,0.000189,0,29,0.666667,0.00373
23027,Waldo County,,ME,2329,41728,44057,7,7,14,1219,1370,2589,7,0.272249,0.28438,1.6,0.000382,0.000294,103,0.000164,0,29,0.809524,0.002796
23029,Washington County,,ME,1353,34370,35723,4,4,8,452,551,1003,7,0.272173,0.283863,0.2,0.000349,0.00026,103,0.000104,0,29,0.916667,0.002252
23031,York County,,ME,11150,230490,241640,36,38,74,8529,7577,16106,6,0.334063,0.357305,7931.053113,0.013768,0.012783,103,0.000471,0,29,0.44899,0.099227
24001,Allegany County,,MD,2681,74063,76744,8,11,19,941,1196,2137,7,0.29968,0.316216,8640.279984,0.001006,0.002441,50,0.000192,0,29,0.325758,0.007882
24003,Anne Arundel County,,MD,43565,615586,659151,150,152,302,35086,33843,68929,6,0.403114,0.443701,23975.418195,0.06982,0.068933,50,0.001675,0,29,0.387318,0.51514
24005,Baltimore County,,MD,55431,921858,977289,130,138,268,49436,48145,97581,6,0.394343,0.433902,16393.459193,0.065614,0.069316,50,0.001388,0,29,0.484117,0.473966
24009,Calvert County,,MD,5648,104814,110462,11,14,25,3330,3127,6457,6,0.31146,0.329678,0.428118,0.005771,0.00731,50,0.000165,0,29,0.904762,0.044063
24011,Caroline County,,MD,2424,36142,38566,9,8,17,1575,1641,3216,7,0.294118,0.308871,4.083922,0.001966,0.001518,50,0.000173,0,29,0.847222,0.015167
24013,Carroll County,,MD,8471,203045,211516,12,20,32,5464,5574,11038,6,0.321436,0.341626,18.434498,0.004758,0.008324,50,0.00017,0,29,0.7,0.034842
24015,Cecil County,,MD,6069,112174,118243,18,14,32,4278,3772,8050,6,0.301863,0.319057,28.572845,0.006021,0.004908,130,0.00021,0,29,0.689474,0.038897
24017,Charles County,,MD,11356,170344,181700,23,29,52,8662,7385,16047,6,0.339499,0.36242,502.784824,0.011759,0.01496,50,0.000326,0,29,0.71371,0.093176
24019,Dorchester County,,MD,2066,36375,38441,9,7,16,1236,1116,2352,7,0.290931,0.305888,4.271695,0.002563,0.001338,50,0.000165,0,29,0.844444,0.019605
24021,Frederick County,,MD,15613,278117,293730,42,45,87,11351,10341,21692,6,0.359534,0.387109,2804.53471,0.020308,0.025234,50,0.000525,0,29,0.606676,0.156086
24023,Garrett County,,MD,1212,33900,35112,5,4,9,436,386,822,7,0.241586,0.250957,180.674678,0.000583,0.000046,50,0.000175,0,29,0.3,0.004242
24025,Harford County,,MD,15748,295833,311581,38,49,87,11609,10404,22013,6,0.35776,0.385759,766.970707,0.017642,0.027217,50,0.000409,0,29,0.625704,0.125858
24027,Howard County,,MD,25366,329682,355048,80,62,142,21311,18998,40309,6,0.375696,0.405943,1785.358448,0.047496,0.037834,50,0.000849,0,29,0.670327,0.349378
24029,Kent County,,MD,1031,21355,22386,4,5,9,391,451,842,6,0.290873,0.305029,0.698295,0.001033,0.001171,50,0.000098,0,29,0.8,0.007586
24031,Montgomery County,,MD,68636,1110995,1179631,219,200,419,59213,59194,118407,6,0.416487,0.461523,51721.480226,0.094866,0.089553,50,0.002426,0,29,0.326361,0.685802
24033,Prince George's County,,MD,66425,974962,1041387,143,137,280,54691,57914,112605,6,0.401273,0.440109,15915.525002,0.070583,0.067174,50,0.001576,0,29,0.429839,0.516454
24035,Queen Anne's County,,MD,2784,53986,56770,13,11,24,2091,1623,3714,7,0.299154,0.31536,36.520216,0.003426,0.003265,50,0.000223,0,29,0.673077,0.026832
24037,St. Mary's County,,MD,7537,121491,129028,28,24,52,4620,3887,8507,6,0.343358,0.36573,95.226274,0.013133,0.012513,50,0.000337,0,29,0.596639,0.098614
24039,Somerset County,,MD,1551,21395,22946,4,5,9,686,882,1568,7,0.286788,0.300248,1.693859,0.000195,0.000812,130,0.000112,0,29,0.8,0.002052
24041,Talbot County,,MD,2441,41740,44181,7,7,14,1327,1286,2613,7,0.290756,0.305693,3.707903,0.001925,0.001685,50,0.000148,0,29,0.857143,0.014496
24043,Washington County,,MD,8423,166319,174742,22,23,45,5905,5394,11299,6,0.32101,0.341868,7354.797928,0.007424,0.008675,50,0.000333,0,29,0.58,0.056104
24045,Wicomico County,,MD,6249,102862,109111,21,21,42,3671,3735,7406,6,0.318611,0.338161,904.253345,0.006522,0.006027,130,0.000323,0,29,0.528986,0.050125
24047,Worcester County,,MD,3965,59476,63441,13,11,24,2354,2118,4472,6,0.310559,0.327626,448.100398,0.004421,0.003997,130,0.000201,0,29,0.71978,0.033399
24510,Baltimore city,,MD,48040,572200,620240,117,99,216,36723,41781,78504,6,0.388428,0.423511,6662.264755,0.060191,0.055174,50,0.001214,0,29,0.551111,0.431298
25001,Barnstable County,,MA,11091,262778,273869,41,43,84,7683,7229,14912,6,0.353874,0.379408,4195.13958,0.020018,0.021927,103,0.000439,0,29,0.640731,0.140725
25003,Berkshire County,,MA,4847,148831,153678,20,21,41,1856,2151,4007,6,0.315183,0.335006,361.650507,0.008246,0.008452,103,0.000214,0,29,0.676667,0.053983
25005,Bristol County,,MA,21998,623860,645858,42,58,100,16656,17471,34127,6,0.361011,0.389828,855.16196,0.023211,0.029335,103,0.00043,0,29,0.650794,0.167817
25007,Dukes County,,MA,898,19457,20355,4,3,7,208,243,451,7,0.294626,0.30925,0,0.001707,0.001513,103,0.000085,0,29,1,0.011989
25009,Essex County,,MA,35280,860524,895804,90,98,188,29050,29319,58369,6,0.377064,0.412511,6119.642277,0.047719,0.05137,103,0.000934,0,29,0.584994,0.34777
25011,Franklin County,,MA,4291,80769,85060,12,10,22,2920,2658,5578,7,0.295045,0.31086,5.540428,0.003691,0.00275,103,0.000151,0,29,0.788462,0.024305
25013,Hampden County,,MA,17220,519221,536441,45,59,104,9947,12005,21952,6,0.365285,0.395017,937.163505,0.023882,0.033372,103,0.000463,0,29,0.710445,0.172209
25015,Hampshire County,,MA,10702,162068,172770,26,29,55,7060,7684,14744,6,0.346145,0.3695,352.571065,0.013862,0.015988,103,0.000276,0,29,0.770053,0.097773
25017,Middlesex County,,MA,98454,1707047,1805501,220,211,431,85982,88374,174356,6,0.417386,0.463747,63524.501479,0.092711,0.090955,103,0.002305,0,29,0.315287,0.663524
25019,Nantucket County,,MA,921,11948,12869,1,2,3,47,130,177,7,0.294596,0.309078,0,0.000176,0.000904,103,0.000059,0,29,1,0.001178
25021,Norfolk County,,MA,49850,767534,817384,103,111,214,43483,44055,87538,6,0.390941,0.427466,6577.364185,0.05425,0.057543,103,0.001018,0,29,0.543786,0.386593
25023,Plymouth County,,MA,24189,580653,604842,34,58,92,19504,19563,39067,6,0.36391,0.393017,580.249262,0.021032,0.032861,103,0.000362,0,29,0.672599,0.152353
25025,Suffolk County,,MA,71806,699551,771357,164,128,292,60555,64819,125374,6,0.400663,0.438718,15081.676456,0.07586,0.06701,103,0.00167,0,29,0.433136,0.539842
25027,Worcester County,,MA,32939,922286,955225,92,112,204,24010,26046,50056,6,0.386461,0.423724,6073.413451,0.049274,0.058439,103,0.000919,0,29,0.549862,0.356162
26001,Alcona County,,MI,627,12088,12715,4,2,6,286,183,469,7,0.234154,0.24124,0.864799,0.001405,0.00003,125,0.000112,0,29,0.916667,0.009207
26003,Alger County,,MI,486,10077,10563,1,1,2,104,150,254,7,0.254431,0.262727,0,0.000028,0.000031,125,0.000085,0,29,0,0.000307
26005,Allegan County,,MI,8099,133507,141606,11,12,23,4798,5614,10412,6,0.343317,0.364011,165.968328,0.003647,0.004471,125,0.000164,0,29,0.78022,0.023837
26007,Alpena County,,MI,1485,34223,35708,7,7,14,451,458,909,6,0.305456,0.320971,5974.885069,0.001642,0.001864,125,0.000228,0,29,0.430556,0.010698
26009,Antrim County,,MI,1694,27326,29020,7,5,12,753,748,1501,7,0.254632,0.263778,5.452428,0.001847,0.000094,125,0.000174,0,29,0.660714,0.011837
26011,Arenac County,,MI,1094,18230,19324,5,5,10,461,575,1036,7,0.280573,0.292365,0.242857,0.000377,0.000265,125,0.000108,0,29,0.95,0.002343
26013,Baraga County,,MI,323,8959,9282,2,2,4,106,150,256,7,0.254475,0.262956,0,0.000036,0.000037,125,0.000122,0,29,1,0.000435
26015,Barry County,,MI,3657,69439,73096,8,9,17,2230,2393,4623,7,0.288242,0.301635,5.046268,0.00113,0.000782,125,0.000135,0,29,0.694444,0.006313
26017,Bay County,,MI,5230,132181,137411,14,18,32,2775,3237,6012,6,0.32555,0.345149,321.232416,0.0029,0.003727,125,0.000201,0,29,0.620915,0.017681
26019,Benzie County,,MI,1328,20376,21704,6,5,11,701,710,1411,7,0.286845,0.299365,1.964866,0.00116,0.000399,125,0.000185,0,29,0.733333,0.007584
26021,Berrien County,,MI,9072,179589,188661,30,27,57,4821,5004,9825,6,0.358025,0.382247,1347.975692,0.01101,0.010878,186,0.00037,0,29,0.51426,0.077337
26023,Branch County,,MI,2440,48777,51217,8,7,15,1318,1140,2458,6,0.302493,0.317316,71.853525,0.001265,0.00084,125,0.000143,0,29,0.553571,0.008133
26025,Calhoun County,,MI,7772,151041,158813,20,22,42,3679,4438,8117,6,0.347056,0.370006,835.794843,0.005552,0.0061,125,0.000267,0,29,0.582251,0.037028
26027,Cass County,,MI,3047,56998,60045,7,6,13,2190,1950,4140,7,0.281335,0.293417,33.611387,0.001576,0.000378,186,0.000126,0,29,0.857143,0.010605
26029,Charlevoix County,,MI,1653,30828,32481,8,6,14,977,732,1709,6,0.299247,0.314184,191.842975,0.002084,0.00099,125,0.000187,0,29,0.708333,0.013323
26031,Cheboygan County,,MI,1655,29941,31596,8,7,15,698,659,1357,6,0.305392,0.320856,4061.656317,0.002061,0.001577,125,0.000189,0,29,0.488889,0.012791
26033,Chippewa County,,MI,1780,39298,41078,5,6,11,346,394,740,6,0.299649,0.314787,9484.373775,0.001628,0.000995,125,0.000144,0,29,0.472222,0.010301
26035,Clare County,,MI,2030,32456,34486,10,11,21,1052,1018,2070,6,0.305456,0.321431,41.977292,0.00245,0.001788,125,0.00015,0,29,0.69697,0.014661
26037,Clinton County,,MI,5937,87446,93383,15,16,31,4119,4090,8209,6,0.325477,0.344805,126.715793,0.003218,0.003476,125,0.000192,0,29,0.718954,0.018975
26039,Crawford County,,MI,903,14439,15342,4,3,7,294,238,532,7,0.254676,0.263635,3.735668,0.000968,0.000066,125,0.000105,0,29,0.65,0.006234
26041,Delta County,,MI,1429,44214,45643,5,3,8,451,353,804,7,0.261379,0.27172,2903.729024,0.000113,0.000102,186,0.000229,0,29,0.5,0.001271
26043,Dickinson County,,MI,1160,31785,32945,5,7,12,387,442,829,7,0.261497,0.272467,5885.023915,0.000034,0.000108,186,0.000282,0,29,0.404762,0.000723
26045,Eaton County,,MI,9358,126328,135686,20,21,41,6823,6465,13288,6,0.344705,0.367155,844.491715,0.005603,0.006822,125,0.000251,0,29,0.592308,0.036464
26047,Emmet County,,MI,2360,38740,41100,11,8,19,1286,1019,2305,6,0.302714,0.317862,1353.410673,0.002129,0.001277,125,0.00025,0,29,0.507576,0.013737
26049,Genesee County,,MI,21154,482483,503637,49,81,130,10732,14730,25462,6,0.389157,0.421546,18786.8522,0.020148,0.031334,125,0.00061,0,29,0.344402,0.151396
26051,Gladwin County,,MI,1455,28755,30210,10,9,19,1121,812,1933,6,0.305231,0.320799,3.952553,0.002229,0.001538,125,0.000145,0,29,0.888889,0.013888
26053,Gogebic County,,MI,803,16370,17173,2,2,4,90,173,263,7,0.254539,0.263062,2902,0,0.000031,125,0.000181,0,100,0.166667,0.00017
26055,Grand Traverse County,,MI,5167,94838,100005,27,17,44,4233,2656,6889,6,0.341176,0.362506,5854.117791,0.004708,0.004644,125,0.000508,0,29,0.383598,0.030806
26057,Gratiot County,,MI,2486,43609,46095,8,10,18,1128,1479,2607,6,0.299556,0.315075,4.729234,0.001102,0.001214,125,0.000132,0,29,0.745455,0.00624
26059,Hillsdale County,,MI,2597,50584,53181,10,10,20,1352,1420,2772,6,0.305553,0.321489,214.109263,0.002239,0.00176,125,0.000165,0,29,0.590909,0.013696
26061,Houghton County,,MI,2153,36337,38490,4,5,9,298,418,716,6,0.298415,0.313207,6574.567238,0.000717,0.000933,125,0.00022,0,29,0.4,0.005066
26063,Huron County,,MI,1615,41852,43467,6,7,13,669,730,1399,6,0.305103,0.320339,0.309524,0.001844,0.001588,125,0.000108,0,29,0.928571,0.011582
26065,Ingham County,,MI,22077,282739,304816,51,67,118,13878,15863,29741,6,0.385228,0.416483,11299.485551,0.017013,0.031659,125,0.00065,0,29,0.439099,0.124402
26067,Ionia County,,MI,3778,69298,73076,8,9,17,2325,2411,4736,7,0.288242,0.301635,3.269627,0.000886,0.000765,125,0.000143,0,29,0.733333,0.005298
26069,Iosco County,,MI,1688,29004,30692,9,9,18,804,694,1498,6,0.305199,0.320741,1519.207133,0.00215,0.001737,125,0.00018,0,29,0.644444,0.013365
26071,Iron County,,MI,498,13146,13644,2,2,4,106,86,192,7,0.254498,0.263014,0,0.000029,0.000031,125,0.000119,0,29,1,0.000406
26073,Isabella County,,MI,4760,61862,66622,19,20,39,2546,2660,5206,6,0.32566,0.345552,229.608191,0.003249,0.003862,125,0.000255,0,29,0.572464,0.019793
26075,Jackson County,,MI,7339,175250,182589,17,20,37,4068,4243,8311,6,0.32977,0.350316,95.913474,0.003933,0.005029,125,0.000212,0,29,0.67381,0.022555
26077,Kalamazoo County,,MI,15757,274064,289821,44,56,100,10536,10075,20611,6,0.379085,0.409069,6572.725647,0.013992,0.025727,125,0.00055,0,29,0.463942,0.098503
26079,Kalkaska County,,MI,1237,18572,19809,5,5,10,557,603,1160,7,0.286987,0.299624,67.742938,0.001424,0.000404,125,0.000143,0,29,0.714286,0.009581
26081,Kent County,,MI,31157,709449,740606,107,116,223,23925,23360,47285,6,0.401718,0.437684,68185.375298,0.040282,0.052294,125,0.001466,0,29,0.363626,0.296575
26083,Keweenaw County,,MI,153,2480,2633,1,1,2,99,50,149,7,0.229849,0.236369,0,0.000007,0.000006,125,0.000088,0,29,0,0.000128
26085,Lake County,,MI,788,10713,11501,5,6,11,352,384,736,7,0.286845,0.29948,4.066015,0.000452,0.000376,125,0.00014,0,29,0.5,0.003089
26087,Lapeer County,,MI,5513,104511,110024,7,11,18,3983,3626,7609,6,0.305585,0.321661,2.094095,0.002112,0.002551,125,0.000113,0,29,0.854545,0.013049
26089,Leelanau County,,MI,2038,26098,28136,4,3,7,696,1145,1841,7,0.28676,0.298963,0,0.001148,0.00037,125,0.000126,0,29,0.916667,0.007217
26091,Lenawee County,,MI,5365,114769,120134,13,18,31,2738,3077,5815,6,0.345567,0.368103,922.097374,0.004031,0.006681,125,0.000176,0,29,0.630719,0.02559
26093,Livingston County,,MI,11441,218037,229478,20,22,42,8892,7213,16105,6,0.348683,0.371661,296.266722,0.006614,0.008523,125,0.000233,0,29,0.676667,0.043411
26095,Luce County,,MI,321,6266,6587,1,1,2,45,42,87,7,0.230598,0.237266,0,0,0.000013,125,0.000066,0,29,1,0.000087
26097,Mackinac County,,MI,934,13313,14247,1,4,5,114,300,414,7,0.234419,0.241912,2941.166667,0.000008,0.000047,125,0.000071,0,29,0.333333,0.000167
26099,Macomb County,,MI,46856,1016287,1063143,78,109,187,40977,38876,79853,6,0.393808,0.429776,15078.593102,0.034389,0.051018,125,0.000919,0,29,0.410644,0.257816
26101,Manistee County,,MI,1285,27388,28673,8,5,13,520,440,960,7,0.286845,0.299365,9.873102,0.001487,0.000397,125,0.000197,0,29,0.583333,0.010119
26103,Marquette County,,MI,3080,72977,76057,17,14,31,1301,987,2288,6,0.341217,0.362247,35522.840971,0.00389,0.003541,125,0.00056,0,29,0.260526,0.026096
26105,Mason County,,MI,1585,33443,35028,7,6,13,623,582,1205,7,0.286816,0.299423,27.64274,0.001276,0.000457,125,0.000168,0,29,0.571429,0.008417
26107,Mecosta County,,MI,2854,40239,43093,13,12,25,1809,1535,3344,6,0.305553,0.321718,170.020585,0.002684,0.002108,125,0.000211,0,29,0.57619,0.016644
26109,Menominee County,,MI,1135,27367,28502,5,4,9,620,682,1302,7,0.260206,0.270295,80.727502,0.000118,0.000076,186,0.000228,0,29,0.7,0.001322
26111,Midland County,,MI,5354,99128,104482,15,19,34,3072,2966,6038,6,0.339221,0.36073,288.426652,0.004412,0.004461,125,0.000195,0,29,0.571053,0.028151
26113,Missaukee County,,MI,953,16417,17370,3,3,6,426,477,903,7,0.286788,0.299021,0.5,0.000122,0.000344,125,0.000102,0,29,0.666667,0.000985
26115,Monroe County,,MI,8472,182587,191059,11,13,24,5299,5448,10747,6,0.343114,0.364368,12.391376,0.003225,0.005502,125,0.000141,0,29,0.804762,0.018372
26117,Montcalm County,,MI,4327,68503,72830,11,9,20,2966,2883,5849,6,0.302178,0.317431,28.558522,0.001001,0.001231,125,0.000182,0,29,0.651515,0.006177
26119,Montmorency County,,MI,640,10769,11409,3,2,5,213,169,382,7,0.234154,0.241268,4.151602,0.000716,0.000024,125,0.00011,0,29,0.5,0.004922
26121,Muskegon County,,MI,7869,189667,197536,13,20,33,3784,4745,8529,6,0.346931,0.369701,938.023728,0.004033,0.006733,125,0.00021,0,29,0.556277,0.025432
26123,Newaygo County,,MI,3134,54471,57605,8,7,15,1888,1944,3832,7,0.286845,0.299595,5.819669,0.000618,0.000474,125,0.000171,0,29,0.553571,0.00419
26125,Oakland County,,MI,79311,1398553,1477864,174,218,392,71352,68676,140028,5,0.423791,0.469638,85105.351823,0.073019,0.085729,125,0.002051,0,29,0.287489,0.530926
26127,Oceana County,,MI,1794,30685,32479,6,5,11,853,935,1788,7,0.286788,0.29925,13.272103,0.000773,0.00045,125,0.000142,0,29,0.733333,0.00572
26129,Ogemaw County,,MI,1409,23486,24895,10,9,19,788,701,1489,6,0.299525,0.314569,72.844117,0.002182,0.001147,125,0.000163,0,29,0.766667,0.013601
26131,Ontonagon County,,MI,395,7298,7693,0,2,2,0,93,93,7,0.254582,0.263144,0,0,0.000031,125,0.000051,0,101,0.5,0
26133,Osceola County,,MI,1683,25424,27107,6,7,13,783,864,1647,6,0.299247,0.314299,68.424025,0.000466,0.000972,125,0.000158,0,29,0.452381,0.003304
26135,Oscoda County,,MI,475,9179,9654,1,0,1,49,0,49,0,0,0,0,0.000688,0,125,0.000059,0,27,0,0.004582
26137,Otsego County,,MI,1806,28586,30392,10,10,20,706,620,1326,6,0.305488,0.321374,2099.093023,0.001384,0.001648,125,0.000278,0,29,0.474359,0.008858
26139,Ottawa County,,MI,15926,309815,325741,35,35,70,11909,10843,22752,6,0.355349,0.381494,6962.888588,0.0099,0.013036,125,0.000472,0,29,0.423345,0.069515
26141,Presque Isle County,,MI,721,15670,16391,2,2,4,157,207,364,7,0.234098,0.241096,1.009524,0.000028,0.00003,125,0.000101,0,29,0,0.000365
26143,Roscommon County,,MI,1647,26468,28115,8,8,16,772,624,1396,6,0.305199,0.320626,456.994551,0.002133,0.001846,125,0.000146,0,29,0.7,0.013203
26145,Saginaw County,,MI,9558,228303,237861,27,33,60,5092,5855,10947,6,0.352027,0.376293,2515.725274,0.005677,0.009031,125,0.000342,0,29,0.409159,0.037853
26147,St. Clair County,,MI,8697,192555,201252,12,16,28,4869,5262,10131,6,0.34279,0.364253,251.695218,0.006157,0.005894,125,0.00016,0,29,0.797794,0.041526
26149,St. Joseph County,,MI,3575,71157,74732,10,11,21,1632,2015,3647,6,0.324095,0.342259,238.646116,0.001077,0.001761,125,0.000178,0,29,0.572727,0.006374
26151,Sanilac County,,MI,2468,50054,52522,8,9,17,1389,1573,2962,6,0.305167,0.320684,1.65468,0.002131,0.00179,125,0.000123,0,29,0.847222,0.013224
26153,Schoolcraft County,,MI,356,9520,9876,0,1,1,0,57,57,8,0.207274,0.212363,0,0,0.000001,186,0.000051,0,102,0,0
26155,Shiawassee County,,MI,4352,83289,87641,10,10,20,2384,2753,5137,6,0.305553,0.321489,3.313521,0.002534,0.002315,125,0.000142,0,29,0.881818,0.01532
26157,Tuscola County,,MI,3096,66469,69565,9,9,18,1731,1812,3543,6,0.305167,0.320684,2.07968,0.002186,0.001764,125,0.000132,0,29,0.847222,0.013459
26159,Van Buren County,,MI,5218,88035,93253,12,11,23,3374,3399,6773,6,0.329246,0.348132,140.612197,0.002703,0.003024,125,0.00019,0,29,0.634615,0.019179
26161,Washtenaw County,,MI,27803,361653,389456,83,94,177,19924,20686,40610,6,0.397696,0.431621,10216.544562,0.039303,0.051189,125,0.001,0,29,0.512873,0.290417
26163,Wayne County,,MI,98114,1964565,2062679,185,226,411,60744,87271,148015,5,0.431483,0.477149,109871.005123,0.077669,0.085789,125,0.002187,0,29,0.276604,0.573229
26165,Wexford County,,MI,2475,36413,38888,10,10,20,1252,1198,2450,6,0.302272,0.317718,381.945989,0.002104,0.001209,125,0.000247,0,29,0.454545,0.013642
27001,Aitkin County,,MN,803,17063,17866,4,6,10,361,385,746,6,0.302525,0.316374,0.142857,0.000753,0.001056,144,0.000118,0,29,0.966667,0.005869
27003,Anoka County,,MN,25137,399303,424440,36,47,83,19870,20439,40309,6,0.361011,0.388856,7389.394654,0.009413,0.013599,144,0.00063,0,29,0.323554,0.073416
27005,Becker County,,MN,1885,37954,39839,8,6,14,913,864,1777,6,0.302746,0.317006,3952.948416,0.000715,0.000702,144,0.000268,0,29,0.535714,0.006168
27007,Beltrami County,,MN,2386,46885,49271,15,12,27,1253,1097,2350,6,0.304494,0.319724,3956.12143,0.001242,0.001058,144,0.000399,0,29,0.3875,0.010167
27009,Benton County,,MN,4299,44162,48461,10,10,20,3213,3154,6367,6,0.302872,0.317351,3.354229,0.001125,0.001223,144,0.000214,0,29,0.881818,0.008697
27011,Big Stone County,,MN,336,6160,6496,0,0,0,0,0,0,0,0,0,0,0,0,51,0.000051,46,103,0,0
27013,Blue Earth County,,MN,5530,65802,71332,19,21,40,3185,3531,6716,6,0.336583,0.357569,16953.35248,0.001612,0.002511,144,0.00046,0,29,0.38587,0.01259
27015,Brown County,,MN,1397,32308,33705,4,5,9,402,491,893,6,0.301958,0.315672,29.354501,0.000037,0.000662,144,0.000145,0,29,0.433333,0.000647
27017,Carlton County,,MN,1891,39719,41610,5,5,10,1062,968,2030,6,0.302525,0.316259,2.058333,0.000784,0.000977,144,0.000141,0,29,0.833333,0.006352
27019,Carver County,,MN,7076,109059,116135,17,14,31,5345,4665,10010,6,0.3419,0.362592,813.560769,0.003623,0.003418,144,0.000344,0,29,0.614379,0.028185
27021,Cass County,,MN,2183,33063,35246,9,9,18,1084,1181,2265,6,0.302714,0.317063,675.149527,0.000847,0.001004,144,0.00023,0,29,0.575758,0.007318
27023,Chippewa County,,MN,974,15163,16137,4,4,8,321,311,632,7,0.234419,0.242046,5847.323852,0.00001,0.000014,144,0.000202,0,29,0.3,0.000425
27025,Chisago County,,MN,4129,62980,67109,9,13,22,2644,3021,5665,6,0.335843,0.355724,118.107394,0.001398,0.002427,144,0.000191,0,29,0.730769,0.010241
27027,Clay County,,MN,4529,63537,68066,13,11,24,3076,2778,5854,6,0.306586,0.322443,2977.982488,0.001119,0.001315,144,0.000392,0,29,0.316667,0.009157
27029,Clearwater County,,MN,488,9467,9955,3,2,5,230,180,410,7,0.233607,0.240414,0.658333,0.00002,0.000011,144,0.000133,0,29,0.666667,0.000446
27031,Cook County,,MN,383,6287,6670,1,1,2,51,62,113,7,0.256956,0.266014,0,0.000616,0.000054,144,0.000066,0,29,1,0.00479
27033,Cottonwood County,,MN,806,14241,15047,2,3,5,140,188,328,6,0.301989,0.315443,999.250562,0.000008,0.000639,144,0.000106,0,29,0.5,0.000212
27035,Crow Wing County,,MN,3894,71840,75734,17,19,36,2222,2304,4526,6,0.337131,0.358052,362.443497,0.001527,0.002467,144,0.00037,0,29,0.531579,0.012294
27037,Dakota County,,MN,31703,490343,522046,63,77,140,24379,24838,49217,6,0.384157,0.416253,29460.867272,0.017699,0.03137,144,0.001051,0,29,0.308767,0.137121
27039,Dodge County,,MN,1418,24456,25874,6,5,11,818,790,1608,6,0.301863,0.315569,1.72619,0.000367,0.000732,144,0.000145,0,29,0.833333,0.002553
27041,Douglas County,,MN,2186,44040,46226,12,12,24,1182,1052,2234,6,0.3367,0.356644,3631.691222,0.00132,0.002278,144,0.000337,0,29,0.461538,0.010233
27043,Faribault County,,MN,865,17862,18727,3,3,6,317,330,647,7,0.252042,0.260658,3.49116,0.00003,0.000021,144,0.000114,0,29,0.666667,0.000472
27045,Fillmore County,,MN,1146,25033,26179,4,5,9,538,621,1159,7,0.26378,0.273938,1223.90641,0.000097,0.000087,144,0.000128,0,29,0.3,0.001063
27047,Freeborn County,,MN,1813,38165,39978,8,10,18,732,881,1613,6,0.303157,0.31777,1927.795461,0.001035,0.001154,144,0.000204,0,29,0.688889,0.008305
27049,Goodhue County,,MN,2962,56364,59326,11,11,22,1654,1811,3465,6,0.303094,0.31781,272.28093,0.002257,0.001301,144,0.000227,0,29,0.545455,0.017594
27051,Grant County,,MN,483,7248,7731,2,2,4,176,194,370,7,0.252021,0.260244,0,0.000035,0.000022,144,0.000105,0,29,1,0.00038
27053,Hennepin County,,MN,82556,1343896,1426452,248,213,461,73965,71692,145657,5,0.431676,0.474994,357017.686487,0.079197,0.076806,144,0.003788,0,29,0.207162,0.583788
27055,Houston County,,MN,1033,23832,24865,3,4,7,431,546,977,7,0.256478,0.266037,598.618333,0.00005,0.00005,186,0.000112,0,29,0.333333,0.000691
27057,Hubbard County,,MN,1577,22919,24496,7,7,14,673,693,1366,6,0.302619,0.316948,1787.581127,0.000729,0.000698,144,0.00022,0,29,0.464286,0.006291
27059,Isanti County,,MN,3007,43898,46905,10,12,22,2333,2214,4547,6,0.302935,0.317695,5.247893,0.001194,0.001304,144,0.000209,0,29,0.772727,0.009497
27061,Itasca County,,MN,1987,51071,53058,8,7,15,832,839,1671,6,0.302651,0.316718,4.167167,0.00111,0.001058,144,0.000196,0,29,0.839286,0.008906
27063,Jackson County,,MN,680,12757,13437,3,4,7,165,253,418,7,0.233758,0.240874,32.932546,0.000013,0.000006,144,0.000135,0,29,0.166667,0.000305
27065,Kanabec County,,MN,1091,18069,19160,7,7,14,686,609,1295,6,0.3018,0.315713,1.203968,0.001073,0.000791,144,0.000157,0,29,0.839286,0.008391
27067,Kandiyohi County,,MN,2767,51006,53773,9,13,22,1024,1365,2389,6,0.30552,0.32154,13327.563204,0.000981,0.001234,144,0.000247,0,29,0.423077,0.008121
27069,Kittson County,,MN,261,5550,5811,0,0,0,0,0,0,0,0,0,0,0,0,52,0.000051,47,104,0,0
27071,Koochiching County,,MN,642,15296,15938,1,2,3,73,105,178,7,0.257092,0.266416,0,0.000041,0.000064,144,0.000071,0,29,1,0.000537
27073,Lac qui Parle County,,MN,359,8980,9339,1,1,2,95,51,146,8,0.189915,0.193837,0,0,0,144,0.000094,0,29,0,0.000095
27075,Lake County,,MN,621,12699,13320,2,2,4,190,291,481,6,0.301675,0.314879,0,0.000657,0.00069,144,0.000086,0,29,1,0.005327
27077,Lake of the Woods County,,MN,290,4746,5036,0,0,0,0,0,0,0,0,0,0,0,0,53,0.000051,48,105,0,0
27079,Le Sueur County,,MN,2030,33797,35827,10,9,19,1225,1353,2578,6,0.302304,0.316621,59.293856,0.001275,0.000876,144,0.000233,0,29,0.711111,0.009679
27081,Lincoln County,,MN,377,6944,7321,2,1,3,112,76,188,7,0.233739,0.240402,0,0.00001,0.000006,144,0.000103,0,29,0.5,0.000242
27083,Lyon County,,MN,2089,30276,32365,9,13,22,661,820,1481,6,0.305006,0.320753,18215.924905,0.000753,0.001195,144,0.000369,0,29,0.257143,0.006283
27085,McLeod County,,MN,2626,45700,48326,9,11,20,1177,1425,2602,6,0.303157,0.317897,1043.04503,0.000977,0.001184,144,0.000213,0,29,0.6,0.007577
27087,Mahnomen County,,MN,361,5722,6083,1,2,3,95,117,212,7,0.234723,0.241684,0,0.000006,0.000015,144,0.000089,0,29,1,0.000146
27089,Marshall County,,MN,545,11556,12101,4,3,7,284,224,508,7,0.258628,0.268451,0.2,0.000082,0.000024,144,0.000133,0,29,0.75,0.000606
27091,Martin County,,MN,1182,25924,27106,4,5,9,264,330,594,7,0.252371,0.261485,373.674614,0.00002,0.000013,144,0.000163,0,29,0.2,0.00049
27093,Meeker County,,MN,1473,28157,29630,5,5,10,731,720,1451,6,0.301832,0.315511,1.096703,0.000689,0.00071,144,0.000132,0,29,0.9,0.005814
27095,Mille Lacs County,,MN,1984,29109,31093,11,11,22,1301,1307,2608,6,0.302619,0.317149,7.151799,0.00115,0.001099,144,0.000232,0,29,0.772727,0.009451
27097,Morrison County,,MN,1779,40161,41940,8,8,16,971,1036,2007,6,0.301832,0.315885,2.500688,0.000822,0.00073,144,0.000192,0,29,0.777778,0.006833
27099,Mower County,,MN,2827,49093,51920,8,10,18,948,1350,2298,6,0.303506,0.31823,2962.032916,0.001036,0.001131,144,0.000197,0,29,0.445455,0.008311
27101,Murray County,,MN,507,10378,10885,2,2,4,146,137,283,7,0.233852,0.240793,1.391667,0.000017,0.00001,144,0.000101,0,29,0.5,0.000269
27103,Nicollet County,,MN,3128,36833,39961,9,9,18,1888,2035,3923,6,0.302999,0.317397,1414.512384,0.000994,0.001108,144,0.000252,0,29,0.563636,0.00819
27105,Nobles County,,MN,1443,25784,27227,6,7,13,422,547,969,6,0.304238,0.318828,9715.292893,0.000438,0.000985,144,0.000217,0,29,0.321429,0.00335
27107,Norman County,,MN,404,8093,8497,2,2,4,115,160,275,7,0.262017,0.272244,0,0.000063,0.000049,144,0.00011,0,29,1,0.000664
27109,Olmsted County,,MN,9674,180929,190603,30,30,60,4984,5150,10134,6,0.357451,0.382167,11408.24455,0.007499,0.009416,144,0.000565,0,29,0.40084,0.057008
27111,Otter Tail County,,MN,3010,67826,70836,15,11,26,1756,1510,3266,6,0.336505,0.356299,8131.243948,0.001428,0.002081,144,0.000394,0,29,0.429167,0.011053
27113,Pennington County,,MN,933,16316,17249,7,8,15,464,512,976,6,0.303888,0.318402,8004.632736,0.000745,0.000705,144,0.000234,0,29,0.535714,0.005926
27115,Pine County,,MN,1912,30529,32441,11,11,22,1203,1192,2395,6,0.302967,0.317609,68.685405,0.001448,0.001284,144,0.000254,0,29,0.627273,0.010841
27117,Pipestone County,,MN,655,11544,12199,2,4,6,116,250,366,7,0.268543,0.279576,255.917924,0.000125,0.000085,144,0.000131,0,29,0.5,0.000844
27119,Polk County,,MN,2237,36026,38263,8,10,18,1051,1213,2264,6,0.304143,0.319006,3155.399318,0.000142,0.000773,144,0.000321,0,29,0.466667,0.00154
27121,Pope County,,MN,756,13411,14167,4,3,7,322,309,631,6,0.301675,0.315023,196.663591,0.000057,0.000684,144,0.000137,0,29,0.4,0.000784
27123,Ramsey County,,MN,46755,564118,610873,104,98,202,38869,39611,78480,6,0.396121,0.429931,75645.009583,0.033665,0.037303,144,0.001744,0,29,0.277689,0.259152
27125,Red Lake County,,MN,341,4838,5179,2,2,4,147,150,297,7,0.233269,0.239833,0,0.000012,0.000007,144,0.000103,0,29,1,0.000254
27127,Redwood County,,MN,906,19440,20346,4,4,8,276,318,594,7,0.28423,0.296273,1316.176044,0.000638,0.000277,144,0.000134,0,29,0.35,0.005127
27129,Renville County,,MN,1183,19502,20685,3,5,8,285,478,763,6,0.304047,0.318362,53.201648,0.000022,0.000909,144,0.000112,0,29,0.35,0.000449
27131,Rice County,,MN,3840,69912,73752,12,14,26,1991,2368,4359,6,0.30322,0.318345,106.486092,0.001443,0.001345,144,0.000251,0,29,0.609524,0.01088
27133,Rock County,,MN,605,11778,12383,3,2,5,225,204,429,7,0.268196,0.278726,1.915909,0.000133,0.000079,144,0.00013,0,29,0.666667,0.000962
27135,Roseau County,,MN,874,19447,20321,1,6,7,56,303,359,6,0.303824,0.318057,0,0.000006,0.000709,144,0.000076,0,29,0.766667,0.000142
27137,St. Louis County,,MN,9247,219882,229129,33,30,63,5294,5359,10653,6,0.345732,0.36942,16276.763817,0.006783,0.00505,144,0.000698,0,29,0.300142,0.051863
27139,Scott County,,MN,9967,157763,167730,20,20,40,8351,7144,15495,6,0.344009,0.366667,999.533051,0.00359,0.003672,144,0.000393,0,29,0.481667,0.027905
27141,Sherburne County,,MN,7580,102302,109882,15,15,30,5754,5676,11430,6,0.335881,0.356011,139.485619,0.001556,0.002484,144,0.000293,0,29,0.702206,0.012166
27143,Sibley County,,MN,930,18780,19710,6,6,12,423,463,886,6,0.301832,0.315655,560.120109,0.000698,0.000712,144,0.000166,0,29,0.619048,0.005949
27145,Stearns County,,MN,10601,169649,180250,29,30,59,6758,7835,14593,6,0.345938,0.369448,8299.673308,0.004746,0.004129,144,0.000622,0,29,0.326984,0.037843
27147,Steele County,,MN,2382,45742,48124,10,11,21,1104,1284,2388,6,0.303189,0.317943,103.123227,0.001303,0.001183,144,0.000223,0,29,0.690909,0.009722
27149,Stevens County,,MN,659,10699,11358,0,2,2,0,90,90,6,0.301653,0.314857,0,0,0.000636,144,0.000051,0,106,0.5,0
27151,Swift County,,MN,684,11678,12362,2,4,6,150,258,408,7,0.25732,0.266916,59.068585,0.00001,0.000046,144,0.00011,0,29,0.5,0.000256
27153,Todd County,,MN,1497,28008,29505,9,7,16,834,757,1591,6,0.301863,0.315828,639.878423,0.000833,0.000715,144,0.000227,0,29,0.569444,0.006914
27155,Traverse County,,MN,210,4272,4482,0,0,0,0,0,0,0,0,0,0,0,0,54,0.000051,49,107,0,0
27157,Wabasha County,,MN,1427,27029,28456,4,5,9,607,820,1427,6,0.302146,0.315914,0.453409,0.000715,0.000874,144,0.00012,0,29,0.95,0.005832
27159,Wadena County,,MN,1134,15333,16467,4,7,11,406,560,966,6,0.302777,0.317178,10.919609,0.000036,0.000714,144,0.000157,0,29,0.625,0.000651
27161,Waseca County,,MN,1237,22546,23783,7,7,14,746,641,1387,6,0.30202,0.316017,2.278571,0.000317,0.000697,144,0.000177,0,29,0.785714,0.0023
27163,Washington County,,MN,19213,287367,306580,30,30,60,15024,14466,29490,6,0.355785,0.380833,2405.395677,0.008544,0.010548,144,0.000523,0,29,0.436186,0.066158
27165,Watonwan County,,MN,655,13409,14064,3,2,5,226,164,390,7,0.251889,0.260296,1.477778,0.000026,0.000021,144,0.000122,0,29,0.666667,0.000407
27167,Wilkin County,,MN,477,8130,8607,2,4,6,186,284,470,7,0.262159,0.272819,1.527077,0.000017,0.000061,144,0.000103,0,29,0.75,0.000289
27169,Winona County,,MN,2753,54256,57009,12,11,23,1118,1434,2552,6,0.305585,0.321333,5532.27386,0.002264,0.001549,144,0.000272,0,29,0.429487,0.017266
27171,Wright County,,MN,8525,149819,158344,18,19,37,6646,6143,12789,6,0.337053,0.357937,466.223422,0.002663,0.002561,144,0.000352,0,29,0.614035,0.020951
27173,Yellow Medicine County,,MN,740,12768,13508,1,2,3,109,221,330,7,0.233833,0.240776,17.49984,0.00001,0.000006,144,0.000075,0,29,0.5,0.000148
28001,Adams County,,MS,1741,31189,32930,6,8,14,637,802,1439,7,0.286873,0.301377,5554.75657,0.001378,0.000657,49,0.000195,0,29,0.361111,0.011482
28003,Alcorn County,,MS,2022,36886,38908,7,7,14,927,992,1919,6,0.301205,0.31569,2502.24222,0.000642,0.000616,150,0.000222,0,29,0.47619,0.005286
28005,Amite County,,MS,948,13050,13998,2,5,7,275,476,751,7,0.281581,0.293756,11.528904,0.000014,0.000287,49,0.000101,0,29,0.35,0.000279
28007,Attala County,,MS,929,19440,20369,5,5,10,434,342,776,7,0.268992,0.280521,276.493721,0.000209,0.00016,49,0.000149,0,29,0.566667,0.001678
28009,Benton County,,MS,657,8162,8819,5,5,10,428,428,856,6,0.300861,0.314856,465.966749,0.00071,0.000651,150,0.000155,0,29,0.75,0.005387
28011,Bolivar County,,MS,2236,35252,37488,7,8,15,874,1067,1941,6,0.302525,0.317374,18.394415,0.00089,0.000789,49,0.000164,0,29,0.696429,0.006632
28013,Calhoun County,,MS,678,15356,16034,5,5,10,378,307,685,7,0.263828,0.274344,292.839114,0.000011,0.000069,150,0.000186,0,29,0.375,0.000528
28015,Carroll County,,MS,787,10843,11630,3,3,6,281,376,657,7,0.233288,0.240623,2.325506,0.000013,0.000012,49,0.000116,0,29,0.833333,0.000377
28017,Chickasaw County,,MS,1343,19547,20890,5,5,10,560,871,1431,7,0.236176,0.24395,10.634198,0.000013,0.000009,150,0.000203,0,29,0.65,0.0006
28019,Choctaw County,,MS,623,8588,9211,3,4,7,191,296,487,7,0.234628,0.242447,5.785238,0.00001,0.000015,49,0.000127,0,29,0.333333,0.000387
28021,Claiborne County,,MS,988,10147,11135,4,3,7,570,553,1123,7,0.268792,0.279832,1.092857,0.000152,0.000121,49,0.000141,0,29,0.666667,0.001378
28023,Clarke County,,MS,973,18161,19134,4,4,8,553,574,1127,7,0.251605,0.260747,30.54039,0.000037,0.000024,49,0.000133,0,29,0.416667,0.000599
28025,Clay County,,MS,1081,21165,22246,5,5,10,505,555,1060,7,0.258352,0.267723,115.378557,0.00005,0.000045,150,0.000176,0,29,0.7,0.000869
28027,Coahoma County,,MS,1508,27676,29184,6,8,14,505,784,1289,6,0.300924,0.315316,978.565261,0.000715,0.000671,150,0.000169,0,29,0.535714,0.005511
28029,Copiah County,,MS,1635,30651,32286,6,6,12,920,1035,1955,7,0.269042,0.280751,11.559903,0.000263,0.000162,49,0.000155,0,29,0.47619,0.001937
28031,Covington County,,MS,1331,20383,21714,6,6,12,760,811,1571,7,0.248991,0.258877,6.49286,0.000056,0.000034,49,0.000172,0,29,0.766667,0.000932
28033,DeSoto County,,MS,12766,182711,195477,34,33,67,10365,8033,18398,6,0.357231,0.382517,13289.616994,0.006072,0.009911,150,0.000684,0,29,0.2426,0.048593
28035,Forrest County,,MS,7484,72430,79914,31,26,57,4971,4865,9836,6,0.322079,0.343011,21496.890358,0.002179,0.003219,49,0.000625,0,29,0.229412,0.018392
28037,Franklin County,,MS,553,8538,9091,3,2,5,156,195,351,8,0.223128,0.230062,3.040966,0.000009,0.000013,49,0.00011,0,29,0.166667,0.000384
28039,George County,,MS,1152,22924,24076,5,4,9,733,545,1278,7,0.282129,0.294587,42.780781,0.000605,0.000543,49,0.000132,0,29,0.65,0.004667
28041,Greene County,,MS,664,12065,12729,5,5,10,278,328,606,7,0.277539,0.289719,157.153764,0.000114,0.000323,49,0.000156,0,29,0.466667,0.001339
28043,Grenada County,,MS,1507,23559,25066,7,9,16,531,616,1147,6,0.301236,0.31592,7397.833468,0.000642,0.000664,150,0.000208,0,29,0.333333,0.005255
28045,Hancock County,,MS,3068,39787,42855,9,7,16,1967,1597,3564,7,0.286052,0.299846,3.663409,0.001362,0.001188,49,0.00019,0,29,0.833333,0.01178
28047,Harrison County,,MS,18617,189366,207983,71,73,144,10778,10644,21422,6,0.381128,0.413023,32875.668293,0.030156,0.031796,49,0.001031,0,29,0.400137,0.235009
28049,Hinds County,,MS,17282,264536,281818,52,57,109,11664,13183,24847,6,0.367368,0.397103,67183.753691,0.013674,0.01693,49,0.000954,0,29,0.26776,0.109054
28051,Holmes County,,MS,1379,20119,21498,5,6,11,464,755,1219,7,0.269167,0.280924,7.061882,0.000203,0.000172,49,0.00014,0,29,0.7,0.001636
28053,Humphreys County,,MS,656,9604,10260,3,3,6,193,256,449,7,0.268767,0.279774,0.666667,0.000148,0.000123,49,0.000107,0,29,0.666667,0.001275
28055,Issaquena County,,MS,92,1075,1167,0,0,0,0,0,0,0,0,0,0,0,0,55,0.000051,50,108,0,0
28057,Itawamba County,,MS,1597,24108,25705,7,6,13,888,1085,1973,7,0.237296,0.245915,57.084075,0.000022,0.000014,150,0.000246,0,29,0.452381,0.000851
28059,Jackson County,,MS,10842,146487,157329,28,32,60,5579,5965,11544,6,0.345279,0.370425,7414.658082,0.010356,0.010113,49,0.000484,0,29,0.444231,0.081864
28061,Jasper County,,MS,1207,18047,19254,5,6,11,700,764,1464,7,0.254386,0.264667,38.252448,0.000033,0.000042,49,0.000165,0,29,0.433333,0.000712
28063,Jefferson County,,MS,558,8209,8767,4,4,8,227,285,512,7,0.268892,0.280148,3.709256,0.000156,0.000132,49,0.000148,0,29,0.75,0.001449
28065,Jefferson Davis County,,MS,901,12998,13899,6,7,13,391,514,905,7,0.249055,0.259135,186.667747,0.000053,0.000035,49,0.000172,0,29,0.571429,0.000894
28067,Jones County,,MS,3873,69617,73490,12,12,24,2094,2109,4203,7,0.285545,0.300524,2227.592377,0.000379,0.000728,49,0.0003,0,29,0.395238,0.003604
28069,Kemper County,,MS,607,9473,10080,2,2,4,170,315,485,7,0.250995,0.259448,0,0.000029,0.000021,49,0.000096,0,29,1,0.00037
28071,Lafayette County,,MS,3312,38550,41862,18,11,29,1728,1224,2952,6,0.302272,0.317759,4538.754048,0.001472,0.000816,150,0.000424,0,29,0.330065,0.010989
28073,Lamar County,,MS,5703,53497,59200,19,20,39,4018,3536,7554,6,0.328314,0.349155,6960.711171,0.001183,0.002746,49,0.000388,0,29,0.35,0.009474
28075,Lauderdale County,,MS,4368,81992,86360,19,21,40,1905,1900,3805,6,0.334912,0.355845,24908.248012,0.002526,0.003607,49,0.000407,0,29,0.238462,0.020076
28077,Lawrence County,,MS,894,13413,14307,2,5,7,201,377,578,7,0.269092,0.280751,31.915871,0.000002,0.000131,49,0.000093,0,29,0.55,0.000215
28079,Leake County,,MS,1404,22417,23821,7,8,15,660,961,1621,7,0.269142,0.281211,436.318242,0.000263,0.000161,49,0.000192,0,29,0.482143,0.002036
28081,Lee County,,MS,5129,89780,94909,20,19,39,3800,3046,6846,6,0.309004,0.326224,20012.15823,0.001043,0.001489,150,0.000546,0,29,0.297619,0.008765
28083,Leflore County,,MS,2180,31605,33785,8,14,22,717,1123,1840,6,0.303983,0.320195,5191.569768,0.000849,0.000905,49,0.000205,0,29,0.379121,0.006613
28085,Lincoln County,,MS,1770,36465,38235,7,8,15,848,909,1757,7,0.269342,0.281671,3584.016927,0.000223,0.000177,49,0.000199,0,29,0.388889,0.001922
28087,Lowndes County,,MS,4688,62001,66689,13,17,30,1622,1598,3220,6,0.343806,0.365017,19154.224081,0.002798,0.003454,150,0.000292,0,29,0.360526,0.022376
28089,Madison County,,MS,8385,102068,110453,24,29,53,6503,5555,12058,6,0.33938,0.363402,7644.713565,0.002135,0.006593,49,0.000509,0,29,0.300357,0.01584
28091,Marion County,,MS,1488,27514,29002,6,6,12,535,718,1253,7,0.276533,0.288823,250.331401,0.000196,0.00028,49,0.000164,0,29,0.619048,0.001847
28093,Marshall County,,MS,3018,37932,40950,6,8,14,1713,2085,3798,6,0.300986,0.315431,474.265523,0.000716,0.000674,150,0.000185,0,29,0.571429,0.005604
28095,Monroe County,,MS,1895,38995,40890,7,6,13,897,1028,1925,7,0.257915,0.267218,247.423309,0.000041,0.000032,150,0.000241,0,29,0.47619,0.000967
28097,Montgomery County,,MS,784,11468,12252,3,3,6,238,255,493,7,0.253674,0.263508,53.227695,0.000013,0.000022,49,0.000116,0,29,0.583333,0.000377
28099,Neshoba County,,MS,1499,30705,32204,6,6,12,742,658,1400,7,0.2628,0.273441,73.55273,0.000033,0.000053,49,0.0002,0,29,0.5,0.000781
28101,Newton County,,MS,1405,23435,24840,5,6,11,647,748,1395,7,0.262776,0.273383,29.176786,0.000032,0.000055,49,0.000158,0,29,0.566667,0.000697
28103,Noxubee County,,MS,710,12722,13432,1,3,4,98,292,390,7,0.258744,0.268342,2.69335,0.000028,0.000056,150,0.000065,0,29,0.333333,0.000274
28105,Oktibbeha County,,MS,3757,39704,43461,14,15,29,1345,1514,2859,6,0.306198,0.323201,15661.396161,0.001667,0.001234,150,0.000318,0,29,0.343137,0.012303
28107,Panola County,,MS,2273,37150,39423,9,7,16,1293,1447,2740,6,0.300955,0.315259,1609.068145,0.000732,0.000662,150,0.000247,0,29,0.513889,0.005932
28109,Pearl River County,,MS,3290,54706,57996,11,12,23,1612,1765,3377,6,0.322976,0.341718,215.850784,0.001112,0.002275,49,0.000254,0,29,0.590909,0.010528
28111,Perry County,,MS,855,12432,13287,3,4,7,365,485,850,7,0.248906,0.258417,0.583333,0.000054,0.000031,49,0.000109,0,29,0.666667,0.000604
28113,Pike County,,MS,2417,42972,45389,11,14,25,1234,1269,2503,7,0.290989,0.306699,3120.27465,0.00108,0.001519,49,0.000251,0,29,0.433333,0.009412
28115,Pontotoc County,,MS,2154,33492,35646,8,8,16,1302,1344,2646,7,0.236503,0.245042,68.974365,0.00003,0.000027,150,0.000297,0,29,0.446429,0.001046
28117,Prentiss County,,MS,1215,24750,25965,5,6,11,815,735,1550,7,0.236445,0.24464,7.745075,0.000022,0.00002,150,0.000196,0,29,0.633333,0.00068
28119,Quitman County,,MS,654,7565,8219,3,4,7,261,361,622,6,0.300767,0.314569,0.5,0.000016,0.000608,150,0.000118,0,29,0.833333,0.000417
28121,Rankin County,,MS,10489,149731,160220,34,34,68,7983,6870,14853,6,0.352412,0.377511,24653.509538,0.003693,0.008787,49,0.000689,0,29,0.253171,0.030314
28123,Scott County,,MS,1722,29850,31572,7,8,15,975,1076,2051,7,0.270497,0.282745,285.577896,0.00029,0.00018,49,0.000178,0,29,0.571429,0.002198
28125,Sharkey County,,MS,246,5130,5376,2,1,3,128,61,189,7,0.25508,0.263649,0.366667,0.000055,0.000016,49,0.000092,0,29,0,0.000391
28127,Simpson County,,MS,1839,26384,28223,9,9,18,1055,1162,2217,7,0.269266,0.281613,358.908429,0.000309,0.000173,49,0.000223,0,29,0.577778,0.002504
28129,Smith County,,MS,909,16068,16977,6,7,13,495,564,1059,7,0.26152,0.272475,77.759361,0.00008,0.000056,49,0.000177,0,29,0.52381,0.000949
28131,Stone County,,MS,1416,16702,18118,5,6,11,717,828,1545,7,0.276638,0.288909,3.14653,0.000402,0.000366,49,0.000131,0,29,0.8,0.003334
28133,Sunflower County,,MS,1637,27163,28800,7,8,15,824,872,1696,6,0.302493,0.317316,176.457566,0.000811,0.000785,49,0.000183,0,29,0.625,0.006222
28135,Tallahatchie County,,MS,708,13506,14214,7,6,13,394,331,725,6,0.300955,0.315144,573.412565,0.00065,0.000614,150,0.000181,0,29,0.5,0.005342
28137,Tate County,,MS,2338,30189,32527,5,6,11,1418,1454,2872,6,0.300892,0.315029,2.167735,0.00071,0.000669,150,0.000151,0,29,0.766667,0.005418
28139,Tippah County,,MS,1256,23512,24768,9,8,17,803,823,1626,6,0.301142,0.315718,3001.949052,0.000727,0.000616,150,0.000264,0,29,0.422222,0.005908
28141,Tishomingo County,,MS,1002,19708,20710,7,6,13,609,557,1166,7,0.237588,0.246421,75.444684,0.000043,0.000026,150,0.000218,0,29,0.428571,0.000988
28143,Tunica County,,MS,1504,12660,14164,6,7,13,744,1055,1799,6,0.300892,0.315144,981.436939,0.000717,0.000665,150,0.000163,0,29,0.619048,0.005506
28145,Union County,,MS,1979,30459,32438,7,8,15,1094,1262,2356,6,0.301174,0.315776,1026.028127,0.000034,0.000671,150,0.000242,0,29,0.533333,0.001013
28147,Walthall County,,MS,951,15038,15989,4,4,8,419,381,800,7,0.243861,0.25292,16.004983,0.000294,0.000034,49,0.000123,0,29,0.65,0.002565
28149,Warren County,,MS,3365,55469,58834,8,9,17,1042,1480,2522,6,0.318892,0.336155,3136.72437,0.001213,0.001683,49,0.000236,0,29,0.345455,0.010018
28151,Washington County,,MS,3201,55500,58701,11,13,24,1107,1368,2475,6,0.342385,0.36408,5533.324325,0.00194,0.005131,49,0.000287,0,29,0.442857,0.014628
28153,Wayne County,,MS,1033,21990,23023,4,6,10,325,556,881,7,0.276454,0.288679,106.906721,0.000034,0.000267,49,0.000147,0,29,0.333333,0.000613
28155,Webster County,,MS,645,10860,11505,2,3,5,207,254,461,7,0.234552,0.24216,16.151973,0.00001,0.000014,150,0.000096,0,29,0.333333,0.000294
28157,Wilkinson County,,MS,495,9638,10133,2,2,4,129,203,332,7,0.281171,0.292722,619.750972,0.000294,0.000275,49,0.000082,0,29,0.5,0.002355
28159,Winston County,,MS,971,19917,20888,4,4,8,351,313,664,7,0.261167,0.271424,93.633478,0.000012,0.000043,49,0.000145,0,29,0.45,0.000509
28161,Yalobusha County,,MS,898,13824,14722,4,6,10,395,502,897,6,0.301017,0.315259,25.651934,0.000022,0.000662,150,0.000159,0,29,0.595238,0.000619
28163,Yazoo County,,MS,1443,25081,26524,6,6,12,658,769,1427,6,0.301769,0.316264,258.997786,0.000876,0.00075,49,0.00016,0,29,0.633333,0.006306
29001,Adair County,,MO,1918,23134,25052,7,7,14,512,482,994,6,0.334796,0.353632,21417.183322,0.001157,0.001763,56,0.000411,0,29,0.25,0.007956
29003,Andrew County,,MO,1821,20142,21963,2,3,5,961,1209,2170,7,0.262586,0.272327,0.666667,0.000034,0.000065,56,0.000094,0,29,0.583333,0.000328
29005,Atchison County,,MO,339,6617,6956,0,1,1,0,40,40,7,0.229256,0.235141,0,0,0.000005,56,0.000051,0,109,0,0
29007,Audrain County,,MO,1611,27041,28652,6,5,11,776,701,1477,7,0.267503,0.278389,213.167822,0.000128,0.000156,56,0.000193,0,29,0.261905,0.001571
29009,Barry County,,MO,2618,35165,37783,9,10,19,1362,1553,2915,6,0.284119,0.297161,74.900863,0.000489,0.000587,56,0.000236,0,29,0.6,0.004439
29011,Barton County,,MO,885,13644,14529,4,4,8,417,385,802,7,0.275038,0.286832,8.258509,0.000072,0.000204,56,0.000131,0,29,0.55,0.00078
29013,Bates County,,MO,1115,17961,19076,5,5,10,527,527,1054,6,0.297009,0.309793,19.356042,0.000501,0.000777,56,0.000149,0,29,0.533333,0.003253
29015,Benton County,,MO,1315,18839,20154,7,5,12,717,492,1209,7,0.291809,0.304802,4.877814,0.000889,0.000603,56,0.000153,0,29,0.857143,0.005696
29017,Bollinger County,,MO,718,12369,13087,4,5,9,387,487,874,7,0.232167,0.239722,5.772161,0.000024,0.000034,56,0.000173,0,29,0.4,0.000621
29019,Boone County,,MO,12074,164146,176220,55,41,96,7073,6248,13321,6,0.36423,0.391282,63563.080976,0.013869,0.013675,56,0.001119,0,29,0.270492,0.103666
29021,Buchanan County,,MO,6001,93939,99940,15,18,33,3186,3149,6335,6,0.340176,0.361328,17589.356884,0.001897,0.003329,56,0.000376,0,29,0.313158,0.012512
29023,Butler County,,MO,2655,43285,45940,13,11,24,1337,1325,2662,6,0.300799,0.315724,16705.98133,0.000893,0.000756,56,0.00047,0,29,0.269231,0.006916
29025,Caldwell County,,MO,722,9932,10654,5,6,11,286,405,691,7,0.290348,0.302975,3406.878073,0.000174,0.000443,56,0.000158,0,29,0.547619,0.001358
29027,Callaway County,,MO,3387,46594,49981,9,8,17,1862,1842,3704,6,0.299062,0.312891,439.960986,0.000997,0.001094,56,0.000234,0,29,0.472727,0.007203
29029,Camden County,,MO,3632,43631,47263,14,11,25,1570,1567,3137,6,0.304878,0.320172,426.157242,0.002499,0.001744,56,0.000286,0,29,0.495238,0.016739
29031,Cape Girardeau County,,MO,4632,82346,86978,22,19,41,2942,2355,5297,6,0.302146,0.318517,25824.270066,0.00229,0.001285,56,0.000615,0,29,0.223333,0.016703
29033,Carroll County,,MO,566,10705,11271,2,2,4,93,110,203,7,0.23658,0.24388,34.299886,0.000014,0.000005,56,0.000113,0,29,0,0.000222
29035,Carter County,,MO,402,6215,6617,2,1,3,169,114,283,7,0.23126,0.237694,0,0.000006,0.000007,56,0.000124,0,29,1,0.000247
29037,Cass County,,MO,7873,113362,121235,12,18,30,5347,5114,10461,6,0.344336,0.366316,796.326939,0.002593,0.005399,56,0.000236,0,29,0.444444,0.018208
29039,Cedar County,,MO,989,13714,14703,3,4,7,286,382,668,7,0.274777,0.286441,1.959463,0.000205,0.000199,56,0.000117,0,29,0.666667,0.001565
29041,Chariton County,,MO,427,9172,9599,2,2,4,130,122,252,8,0.211139,0.216525,4.831385,0.000001,0.000002,56,0.000161,0,29,0,0.000204
29043,Christian County,,MO,7895,83967,91862,20,19,39,5580,5253,10833,6,0.309234,0.327017,3740.497661,0.002977,0.00225,56,0.000464,0,29,0.341897,0.022803
29045,Clark County,,MO,401,7946,8347,1,1,2,64,96,160,8,0.222957,0.229032,0,0.000004,0.000001,97,0.000071,0,29,0,0.000103
29047,Clay County,,MO,19063,258376,277439,42,47,89,14980,13808,28788,6,0.371843,0.400172,35239.518427,0.012876,0.020084,56,0.000729,0,29,0.382206,0.096127
29049,Clinton County,,MO,1850,23372,25222,8,9,17,1180,1206,2386,6,0.29765,0.311247,9800.548745,0.00073,0.000921,56,0.000204,0,29,0.555556,0.004552
29051,Cole County,,MO,5334,86782,92116,19,20,39,3132,3200,6332,6,0.329508,0.349592,7112.130949,0.002922,0.003188,56,0.000427,0,29,0.357143,0.021299
29053,Cooper County,,MO,1179,18149,19328,6,4,10,665,537,1202,7,0.267552,0.278148,8.074028,0.000157,0.000122,56,0.000202,0,29,0.6,0.00171
29055,Crawford County,,MO,1524,25527,27051,9,7,16,1036,843,1879,6,0.300456,0.314546,3070.100283,0.000945,0.000915,56,0.000249,0,29,0.477778,0.006473
29057,Dade County,,MO,534,8220,8754,1,3,4,147,248,395,7,0.274569,0.285895,39.031175,0.000196,0.000155,56,0.000067,0,29,0.5,0.001302
29059,Dallas County,,MO,1213,17157,18370,6,6,12,685,717,1402,7,0.274595,0.286297,3.283333,0.000224,0.000203,56,0.000212,0,29,0.7,0.002176
29061,Daviess County,,MO,756,9275,10031,4,6,10,211,356,567,7,0.271586,0.282791,10710.71241,0.000014,0.000111,56,0.000159,0,29,0.333333,0.00042
29063,DeKalb County,,MO,798,10363,11161,5,4,9,403,395,798,7,0.271841,0.28282,18.173754,0.000199,0.000126,56,0.00015,0,29,0.6,0.001409
29065,Dent County,,MO,849,15276,16125,3,2,5,194,225,419,7,0.23372,0.240742,1.257576,0.000618,0.000024,56,0.000107,0,29,0.666667,0.004384
29067,Douglas County,,MO,791,12496,13287,4,7,11,248,521,769,7,0.274725,0.2867,215.391571,0.000217,0.000221,56,0.000144,0,29,0.571429,0.001798
29069,Dunklin County,,MO,1948,30462,32410,9,9,18,1111,1101,2212,7,0.250453,0.261417,561.001072,0.000058,0.000087,150,0.000314,0,29,0.388889,0.001616
29071,Franklin County,,MO,5489,121343,126832,14,15,29,3537,3341,6878,6,0.303094,0.319339,1706.468927,0.001837,0.001732,56,0.000304,0,29,0.520833,0.012838
29073,Gasconade County,,MO,1010,17375,18385,5,4,9,462,482,944,6,0.29817,0.311138,266.274876,0.000025,0.00057,56,0.00017,0,29,0.266667,0.000686
29075,Gentry County,,MO,370,7276,7646,1,2,3,90,92,182,7,0.25394,0.262413,420.940583,0,0.00002,56,0.000082,0,29,0.333333,0.000086
29077,Greene County,,MO,21212,288738,309950,73,75,148,14347,14503,28850,6,0.378244,0.409793,102040.726797,0.018952,0.02443,56,0.00141,0,29,0.263917,0.145859
29079,Grundy County,,MO,655,10901,11556,2,2,4,123,111,234,8,0.225243,0.231277,13.080087,0.000004,0,56,0.000109,0,29,0.333333,0.000192
29081,Harrison County,,MO,651,9582,10233,1,2,3,46,145,191,8,0.213991,0.219659,2940,0.000001,0,56,0.000073,0,29,0,0.000095
29083,Henry County,,MO,1693,23692,25385,9,9,18,954,880,1834,7,0.292368,0.30598,92.414001,0.001234,0.00067,56,0.000207,0,29,0.588889,0.00819
29085,Hickory County,,MO,602,8708,9310,4,3,7,244,227,471,7,0.274517,0.28578,16.595683,0.000647,0.000159,56,0.00013,0,29,0.833333,0.004123
29087,Holt County,,MO,351,5787,6138,2,2,4,116,138,254,7,0.253874,0.26231,0,0.000034,0.00002,56,0.000094,0,29,1,0.000328
29089,Howard County,,MO,645,10710,11355,3,3,6,369,346,715,7,0.267084,0.277337,2,0.000112,0.000113,56,0.000164,0,29,0.666667,0.001172
29091,Howell County,,MO,2254,41520,43774,9,8,17,746,868,1614,7,0.274986,0.287217,11567.872235,0.000235,0.00019,56,0.000331,0,29,0.277778,0.002414
29093,Iron County,,MO,751,10068,10819,3,3,6,362,358,720,7,0.2315,0.238429,0.833333,0.000079,0.000022,56,0.000101,0,29,0.6,0.000621
29095,Jackson County,,MO,43523,729906,773429,102,125,227,29736,34329,64065,6,0.407991,0.444109,101022.89015,0.04141,0.055435,56,0.001572,0,29,0.36629,0.314486
29097,Jasper County,,MO,8147,123320,131467,26,27,53,4539,4808,9347,6,0.349103,0.373713,12369.643226,0.004425,0.006917,56,0.000545,0,29,0.337634,0.033268
29099,Jefferson County,,MO,13165,259005,272170,21,29,50,9673,9795,19468,6,0.354567,0.379851,13286.912228,0.003813,0.008177,56,0.000489,0,29,0.3125,0.027973
29101,Johnson County,,MO,5762,51691,57453,15,16,31,2314,2304,4618,6,0.334525,0.354195,902.100553,0.005186,0.003644,56,0.00026,0,29,0.469048,0.037872
29103,Knox County,,MO,280,4475,4755,2,1,3,122,64,186,7,0.250843,0.258468,15.888188,0.000014,0.000009,56,0.000131,0,29,0,0.000246
29105,Laclede County,,MO,2545,37709,40254,8,8,16,1057,1194,2251,7,0.281144,0.293759,47.630836,0.000355,0.000363,56,0.000243,0,29,0.458333,0.003761
29107,Lafayette County,,MO,2348,37027,39375,7,7,14,1285,1454,2739,7,0.290639,0.303417,31.709232,0.001158,0.000517,56,0.000165,0,29,0.625,0.007432
29109,Lawrence County,,MO,2848,40711,43559,7,8,15,1553,1822,3375,7,0.28301,0.295676,24.346015,0.000285,0.000481,56,0.000191,0,29,0.611111,0.002476
29111,Lewis County,,MO,661,10670,11331,2,3,5,201,265,466,7,0.246096,0.254144,78.92041,0.000021,0.000031,56,0.000108,0,29,0.333333,0.00042
29113,Lincoln County,,MO,3578,59735,63313,7,8,15,2708,2347,5055,6,0.299123,0.313006,23.425918,0.001198,0.001121,56,0.000157,0,29,0.660714,0.007948
29115,Linn County,,MO,828,14203,15031,4,3,7,214,161,375,8,0.225628,0.232059,3236.512318,0.000166,0.000001,56,0.000224,0,29,0.083333,0.001168
29117,Livingston County,,MO,890,15685,16575,5,6,11,275,349,624,7,0.290494,0.303204,6748.587778,0.000004,0.000437,56,0.000253,0,29,0.238095,0.000477
29119,McDonald County,,MO,2189,22305,24494,6,9,15,1132,1459,2591,6,0.295045,0.309552,37.848633,0.000393,0.001007,56,0.000166,0,29,0.527778,0.003842
29121,Macon County,,MO,933,17923,18856,5,5,10,308,405,713,7,0.267454,0.278188,6382.997804,0.000125,0.000123,56,0.000325,0,29,0.2,0.001405
29123,Madison County,,MO,812,12505,13317,4,2,6,409,304,713,7,0.261851,0.271626,125.806619,0.00061,0.00004,56,0.00014,0,29,0.45,0.004404
29125,Maries County,,MO,574,9228,9802,3,4,7,238,257,495,7,0.248118,0.256784,13.109572,0.000044,0.000042,56,0.000124,0,29,0.5,0.000594
29127,Marion County,,MO,1831,31984,33815,8,8,16,766,908,1674,6,0.299339,0.313241,6515.945951,0.000863,0.000844,56,0.000254,0,29,0.291667,0.006064
29129,Mercer County,,MO,248,3934,4182,0,0,0,0,0,0,0,0,0,0,0,0,57,0.000051,51,110,0,0
29131,Miller County,,MO,1750,24976,26726,6,5,11,978,887,1865,6,0.29863,0.312029,59.470562,0.000167,0.000706,56,0.000172,0,29,0.642857,0.002107
29133,Mississippi County,,MO,699,12698,13397,3,3,6,310,355,665,7,0.232093,0.239263,0,0.000015,0.000024,56,0.000144,0,29,1,0.000483
29135,Moniteau County,,MO,993,17053,18046,5,7,12,503,618,1121,7,0.26733,0.278372,15.540169,0.000157,0.000154,56,0.000159,0,29,0.595238,0.001655
29137,Monroe County,,MO,682,9746,10428,3,4,7,213,303,516,7,0.26738,0.277998,21.932805,0.000117,0.00012,56,0.000148,0,29,0.416667,0.001206
29139,Montgomery County,,MO,881,13496,14377,5,7,12,413,525,938,6,0.283286,0.295,735.069885,0.000861,0.000292,56,0.000138,0,29,0.517857,0.005693
29141,Morgan County,,MO,1439,20888,22327,6,6,12,745,670,1415,7,0.290203,0.302842,87.277146,0.000501,0.000383,56,0.000168,0,29,0.633333,0.00345
29143,New Madrid County,,MO,1277,18507,19784,6,6,12,575,766,1341,7,0.232763,0.240809,27.342216,0.000021,0.000025,56,0.000237,0,29,0.566667,0.000798
29145,Newton County,,MO,4585,59907,64492,11,10,21,3049,2810,5859,6,0.295165,0.309523,253.009062,0.000939,0.000919,56,0.000246,0,29,0.512821,0.007069
29147,Nodaway County,,MO,1428,21551,22979,6,7,13,360,448,808,6,0.297344,0.310569,4958.274416,0.000633,0.000909,56,0.00021,0,29,0.361111,0.00392
29149,Oregon County,,MO,657,9691,10348,2,2,4,247,228,475,8,0.216806,0.222954,17.306193,0.000002,0.000002,56,0.000121,0,29,0,0.000215
29151,Osage County,,MO,697,16131,16828,4,4,8,319,352,671,7,0.267232,0.277797,140.568768,0.00015,0.000143,56,0.000137,0,29,0.533333,0.001549
29153,Ozark County,,MO,600,9203,9803,3,4,7,147,214,361,7,0.274855,0.28647,29.785127,0.000007,0.000165,56,0.000146,0,29,0.583333,0.000403
29155,Pemiscot County,,MO,1186,17548,18734,5,6,11,509,641,1150,7,0.251518,0.261833,190.760814,0.000037,0.00007,150,0.000182,0,29,0.380952,0.00076
29157,Perry County,,MO,916,21958,22874,6,5,11,472,419,891,6,0.298477,0.31177,1000.936034,0.000632,0.000602,56,0.000187,0,29,0.52381,0.004801
29159,Pettis County,,MO,3237,46831,50068,11,14,25,1311,1634,2945,6,0.299649,0.314552,394.97999,0.000639,0.00121,56,0.000294,0,29,0.450549,0.005119
29161,Phelps County,,MO,3643,43745,47388,14,15,29,1359,1562,2921,6,0.304782,0.32081,4159.891729,0.002096,0.001755,56,0.000326,0,29,0.420833,0.014545
29163,Pike County,,MO,898,18506,19404,6,6,12,446,469,915,6,0.298723,0.312086,1803.814688,0.000859,0.000718,56,0.000171,0,29,0.333333,0.005772
29165,Platte County,,MO,11129,99562,110691,25,25,50,7808,7576,15384,6,0.354827,0.378718,4686.302672,0.006068,0.011034,56,0.000426,0,29,0.473485,0.041917
29167,Polk County,,MO,2293,29954,32247,7,8,15,1145,1249,2394,7,0.291721,0.305032,112.650933,0.000665,0.000558,56,0.000213,0,29,0.444444,0.004615
29169,Pulaski County,,MO,10113,45098,55211,44,41,85,4933,5041,9974,6,0.355349,0.382161,8755.449258,0.018273,0.014272,56,0.000624,0,29,0.521961,0.142738
29171,Putnam County,,MO,318,5176,5494,1,0,1,41,0,41,0,0,0,0,0,0,56,0.000113,0,2,0,0.000089
29173,Ralls County,,MO,673,11787,12460,1,3,4,296,332,628,7,0.230653,0.237332,0.714516,0.000007,0.000015,56,0.000078,0,29,0.666667,0.000143
29175,Randolph County,,MO,1671,25737,27408,5,5,10,639,676,1315,7,0.267306,0.277958,4367.345895,0.000113,0.000114,56,0.000276,0,29,0.3,0.00135
29177,Ray County,,MO,1840,26318,28158,6,6,12,1027,1234,2261,7,0.290232,0.302773,163.072547,0.001205,0.000501,56,0.000141,0,29,0.690476,0.00735
29179,Reynolds County,,MO,393,6569,6962,0,0,0,0,0,0,0,0,0,0,0,0,58,0.000051,52,111,0,0
29181,Ripley County,,MO,799,13458,14257,1,2,3,302,280,582,7,0.231278,0.237866,0,0.000006,0.000007,56,0.000087,0,29,1,0.00016
29183,St. Charles County,,MO,22337,437178,459515,49,67,116,17448,15852,33300,5,0.39306,0.423092,22995.841032,0.01907,0.030001,56,0.000782,0,29,0.42614,0.142623
29185,St. Clair County,,MO,689,9112,9801,2,3,5,151,260,411,7,0.274621,0.28601,0.333333,0.00045,0.000167,56,0.000081,0,29,0.833333,0.002739
29186,Ste. Genevieve County,,MO,1083,21237,22320,5,4,9,660,608,1268,6,0.298201,0.311195,0.5,0.00069,0.000593,56,0.000156,0,29,0.9,0.004923
29187,St. Francois County,,MO,3948,63477,67425,10,12,22,2503,2356,4859,6,0.299216,0.313638,2073.255531,0.001215,0.001048,56,0.000282,0,29,0.431818,0.008453
29189,St. Louis County,,MO,66748,1166205,1232953,162,175,337,52712,56951,109663,5,0.424411,0.464713,168469.823377,0.068277,0.074923,56,0.002359,0,29,0.323166,0.503836
29195,Saline County,,MO,1504,24406,25910,6,7,13,485,643,1128,6,0.309267,0.325374,5244.602908,0.000569,0.00126,56,0.000213,0,29,0.380952,0.00403
29197,Schuyler County,,MO,233,4346,4579,1,1,2,56,64,120,7,0.250843,0.258468,0,0.000014,0.000009,56,0.000101,0,29,0,0.000155
29199,Scotland County,,MO,294,5538,5832,0,0,0,0,0,0,0,0,0,0,0,0,59,0.000051,53,112,0,0
29201,Scott County,,MO,2696,43409,46105,7,7,14,1415,1585,3000,6,0.29863,0.312259,3632.323283,0.000623,0.000574,56,0.000261,0,29,0.547619,0.004859
29203,Shannon County,,MO,444,7944,8388,1,1,2,89,85,174,8,0.215694,0.221334,0,0.000002,0.000002,56,0.000086,0,29,0,0.00012
29205,Shelby County,,MO,479,7494,7973,1,1,2,51,46,97,8,0.211032,0.216163,0,0.000001,0.000001,56,0.000106,0,29,0,0.000104
29207,Stoddard County,,MO,1764,31517,33281,8,8,16,1008,976,1984,6,0.298877,0.312718,1849.224449,0.000088,0.00058,56,0.000291,0,29,0.5,0.001279
29209,Stone County,,MO,2755,31826,34581,6,6,12,1280,1417,2697,7,0.274673,0.28647,20.41316,0.000233,0.000212,56,0.000185,0,29,0.666667,0.002265
29211,Sullivan County,,MO,640,7420,8060,2,2,4,106,129,235,7,0.250887,0.258698,3027.045147,0.000014,0.000009,56,0.000147,0,29,0,0.000244
29213,Taney County,,MO,4977,51107,56084,13,9,22,1949,1944,3893,6,0.298938,0.313029,1247.526438,0.003413,0.000964,56,0.000274,0,29,0.3875,0.024805
29215,Texas County,,MO,1570,24467,26037,6,6,12,540,603,1143,7,0.281198,0.293644,76.258728,0.000331,0.000324,56,0.000185,0,29,0.5,0.003091
29217,Vernon County,,MO,1304,21421,22725,7,6,13,518,521,1039,7,0.291868,0.305061,242.832672,0.000709,0.000526,56,0.000196,0,29,0.333333,0.004692
29219,Warren County,,MO,2676,36231,38907,6,7,13,1854,1859,3713,6,0.298969,0.312603,14.471464,0.001141,0.001098,56,0.000136,0,29,0.785714,0.00769
29221,Washington County,,MO,1459,23368,24827,4,6,10,853,954,1807,6,0.298262,0.31154,239.643093,0.000689,0.000611,56,0.000114,0,29,0.733333,0.004749
29223,Wayne County,,MO,841,11587,12428,3,3,6,282,285,567,7,0.232186,0.239521,0,0.000076,0.000026,56,0.000132,0,29,0.916667,0.0006
29225,Webster County,,MO,2856,38664,41520,9,5,14,1700,1749,3449,7,0.274569,0.286125,560.154814,0.001741,0.000182,56,0.000231,0,29,0.555556,0.013134
29227,Worth County,,MO,121,2411,2532,0,0,0,0,0,0,0,0,0,0,0,0,60,0.000051,54,113,0,0
29229,Wright County,,MO,1311,18223,19534,6,7,13,525,767,1292,7,0.274725,0.2867,8.612526,0.000206,0.000199,56,0.000211,0,29,0.642857,0.001974
29510,St. Louis city,,MO,35669,300559,336228,65,59,124,26515,30062,56577,5,0.393861,0.42269,17177.408584,0.031796,0.034131,56,0.000892,0,29,0.579195,0.233602
30001,Beaverhead County,,MT,794,9608,10402,3,5,8,134,247,381,7,0.263039,0.274887,19.970094,0.000105,0.000301,185,0.000129,0,29,0.733333,0.001002
30003,Big Horn County,,MT,734,12908,13642,2,1,3,318,280,598,7,0.25995,0.270191,0,0.000096,0.000101,185,0.000133,0,29,1,0.001041
30005,Blaine County,,MT,391,7065,7456,1,2,3,74,136,210,7,0.259996,0.270421,0,0.000003,0.000104,185,0.00008,0,29,1,0.000116
30007,Broadwater County,,MT,398,5663,6061,2,2,4,193,149,342,7,0.259485,0.269392,0,0.000123,0.000107,185,0.000091,0,29,1,0.001054
30009,Carbon County,,MT,871,10327,11198,1,2,3,225,352,577,7,0.26009,0.270565,0,0.000095,0.000104,185,0.000083,0,29,1,0.000946
30011,Carter County,,MT,59,1349,1408,0,0,0,0,0,0,0,0,0,0,0,0,61,0.000051,55,114,0,0
30013,Cascade County,,MT,6976,93178,100154,24,29,53,2471,2792,5263,6,0.346517,0.370695,28983.204326,0.007872,0.009922,185,0.000573,0,29,0.375,0.062317
30015,Chouteau County,,MT,348,5257,5605,1,1,2,66,100,166,7,0.257366,0.266588,0,0.00008,0.000063,185,0.000068,0,29,0,0.000591
30017,Custer County,,MT,776,12746,13522,1,2,3,100,163,263,7,0.259973,0.270364,0,0.000095,0.000102,185,0.000083,0,29,1,0.000946
30019,Daniels County,,MT,89,2198,2287,0,0,0,0,0,0,0,0,0,0,0,0,62,0.000051,56,115,0,0
30021,Dawson County,,MT,631,9825,10456,1,1,2,63,44,107,7,0.25995,0.270191,0,0.000095,0.000101,185,0.000083,0,29,0,0.000946
30023,Deer Lodge County,,MT,617,9385,10002,2,2,4,152,147,299,8,0.208934,0.215082,2940,0.000004,0.000003,185,0.00011,0,29,0.5,0.000215
30025,Fallon County,,MT,251,3355,3606,0,0,0,0,0,0,0,0,0,0,0,0,63,0.000051,57,116,0,0
30027,Fergus County,,MT,796,12994,13790,3,2,5,207,164,371,7,0.262705,0.273795,0,0.000276,0.000188,185,0.000117,0,29,1,0.002318
30029,Flathead County,,MT,5594,100905,106499,23,22,45,2157,2387,4544,6,0.338825,0.361299,5163.150945,0.009559,0.006314,185,0.000446,0,29,0.51455,0.075735
30031,Gallatin County,,MT,7848,95734,103582,31,34,65,3485,3446,6931,6,0.350284,0.376057,31250.002763,0.010771,0.012594,185,0.000711,0,29,0.384615,0.086389
30033,Garfield County,,MT,59,1314,1373,0,0,0,0,0,0,0,0,0,0,0,0,64,0.000051,58,117,0,0
30035,Glacier County,,MT,754,13929,14683,4,5,9,271,284,555,7,0.261898,0.27372,2922.948806,0.000167,0.000335,185,0.000189,0,29,0.52381,0.001564
30037,Golden Valley County,,MT,82,1093,1175,0,0,0,0,0,0,0,0,0,0,0,0,65,0.000051,59,118,0,0
30039,Granite County,,MT,222,2917,3139,1,1,2,56,42,98,7,0.259091,0.26891,0,0.000087,0.000089,185,0.00007,0,29,0,0.000791
30041,Hill County,,MT,1063,18876,19939,5,5,10,334,391,725,7,0.263924,0.276117,2954.204847,0.000313,0.00034,185,0.00017,0,29,0.7,0.0031
30043,Jefferson County,,MT,1033,12440,13473,4,3,7,460,502,962,7,0.259554,0.269651,0,0.000212,0.00011,185,0.000142,0,29,1,0.001973
30045,Judith Basin County,,MT,181,2204,2385,0,0,0,0,0,0,0,0,0,0,0,0,66,0.000051,60,119,0,0
30047,Lake County,,MT,1687,28622,30309,7,4,11,716,510,1226,7,0.263158,0.274536,16.672253,0.000605,0.000316,185,0.000211,0,29,0.678571,0.005178
30049,Lewis and Clark County,,MT,4256,73946,78202,13,13,26,2021,1963,3984,6,0.335028,0.355207,3550.762724,0.002569,0.002685,185,0.000346,0,29,0.480952,0.021796
30051,Liberty County,,MT,101,2287,2388,0,0,0,0,0,0,0,0,0,0,0,0,67,0.000051,61,120,0,0
30053,Lincoln County,,MT,1289,19398,20687,2,3,5,228,297,525,7,0.272993,0.286085,0,0.000137,0.000404,185,0.000087,0,29,1,0.001477
30055,McCone County,,MT,123,1955,2078,0,0,0,0,0,0,0,0,0,0,0,0,68,0.000051,62,121,0,0
30057,Madison County,,MT,563,7840,8403,1,2,3,103,128,231,7,0.259461,0.269335,0,0.000101,0.000087,185,0.000069,0,29,1,0.000782
30059,Meagher County,,MT,130,2142,2272,0,0,0,0,0,0,0,0,0,0,0,0,69,0.000051,63,122,0,0
30061,Mineral County,,MT,367,4274,4641,1,1,2,125,120,245,7,0.259091,0.26891,0,0.000087,0.000089,185,0.00007,0,29,0,0.000791
30063,Missoula County,,MT,9074,115135,124209,33,33,66,4582,4810,9392,6,0.34965,0.375598,37726.183708,0.011154,0.010804,185,0.000753,0,29,0.363462,0.087407
30065,Musselshell County,,MT,329,4573,4902,1,1,2,144,119,263,7,0.25995,0.270191,0,0.000095,0.000101,185,0.000083,0,29,0,0.000946
30067,Park County,,MT,1352,17398,18750,3,3,6,330,471,801,7,0.262919,0.274398,2.640278,0.000198,0.000277,185,0.000131,0,29,0.75,0.001852
30069,Petroleum County,,MT,25,422,447,0,0,0,0,0,0,0,0,0,0,0,0,70,0.000051,64,123,0,0
30071,Phillips County,,MT,273,4858,5131,0,0,0,0,0,0,0,0,0,0,0,0,71,0.000051,65,124,0,0
30073,Pondera County,,MT,401,7185,7586,2,2,4,87,121,208,7,0.257389,0.26676,0.5,0.00008,0.000064,185,0.000106,0,29,0.666667,0.000685
30075,Powder River County,,MT,87,1695,1782,0,0,0,0,0,0,0,0,0,0,0,0,72,0.000051,66,125,0,0
30077,Powell County,,MT,503,6079,6582,1,3,4,46,155,201,7,0.259229,0.269456,510.268287,0,0.000093,185,0.000097,0,29,0.666667,0.000089
30079,Prairie County,,MT,126,1297,1423,0,0,0,0,0,0,0,0,0,0,0,0,73,0.000051,67,126,0,0
30081,Ravalli County,,MT,2902,43315,46217,8,7,15,1165,1144,2309,6,0.299216,0.31404,14.117462,0.004135,0.000959,185,0.000171,0,29,0.754545,0.032558
30083,Richland County,,MT,620,11821,12441,3,1,4,197,70,267,7,0.25995,0.270191,0,0.000247,0.000101,185,0.000118,0,29,1,0.002414
30085,Roosevelt County,,MT,638,10650,11288,1,2,3,50,115,165,7,0.259996,0.270421,2940,0.000095,0.000101,185,0.000083,0,29,0.5,0.000946
30087,Rosebud County,,MT,663,10666,11329,2,2,4,180,180,360,7,0.259973,0.270364,0.5,0.000096,0.000102,185,0.000118,0,29,0.666667,0.001039
30089,Sanders County,,MT,745,11129,11874,1,2,3,69,157,226,7,0.259114,0.269082,0,0.000087,0.000094,185,0.00007,0,29,1,0.000791
30091,Sheridan County,,MT,196,4242,4438,0,0,0,0,0,0,0,0,0,0,0,0,74,0.000051,68,127,0,0
30093,Silver Bow County,,MT,1926,37006,38932,9,8,17,848,721,1569,7,0.264044,0.27672,8343.327909,0.000388,0.000363,185,0.000296,0,29,0.458333,0.003759
30095,Stillwater County,,MT,696,9957,10653,1,1,2,285,239,524,7,0.25995,0.270191,0,0.000095,0.000101,185,0.000083,0,29,0,0.000946
30097,Sweet Grass County,,MT,328,3767,4095,1,1,2,42,60,102,7,0.25995,0.270191,0,0.000095,0.000101,185,0.000083,0,29,0,0.000946
30099,Teton County,,MT,433,7375,7808,2,2,4,144,178,322,7,0.257389,0.26676,2.28285,0.000101,0.000064,185,0.00009,0,29,0.666667,0.000863
30101,Toole County,,MT,555,5262,5817,1,1,2,44,102,146,8,0.207573,0.213275,0,0.00008,0.000001,185,0.000068,0,29,1,0.000591
30103,Treasure County,,MT,82,883,965,0,0,0,0,0,0,0,0,0,0,0,0,75,0.000051,69,128,0,0
30105,Valley County,,MT,432,8246,8678,1,1,2,51,44,95,7,0.259973,0.270249,0,0.000001,0.000101,185,0.000086,0,29,1,0.000093
30107,Wheatland County,,MT,183,2243,2426,0,1,1,0,44,44,7,0.259993,0.270271,0,0,0.000101,185,0.000051,0,129,0,0
30109,Wibaux County,,MT,99,1017,1116,0,0,0,0,0,0,0,0,0,0,0,0,76,0.000051,70,130,0,0
30111,Yellowstone County,,MT,8784,170170,178954,55,45,100,5313,4765,10078,6,0.351217,0.378787,93488.126756,0.01262,0.011868,185,0.001705,0,29,0.212022,0.102624
31001,Adams County,,NE,2280,34965,37245,7,10,17,843,978,1821,7,0.292811,0.306112,10268.781108,0.000637,0.000539,97,0.000297,0,29,0.366667,0.004782
31003,Antelope County,,NE,400,7854,8254,1,1,2,66,94,160,8,0.227433,0.233596,0,0.000006,0.000013,97,0.00008,0,29,0,0.000204
31005,Arthur County,,NE,-2,-2,-4,0,0,0,0,0,0,0,0,0,0,0,0,77,0.000051,71,131,0,0
31007,Banner County,,NE,77,830,907,0,0,0,0,0,0,0,0,0,0,0,0,78,0.000051,72,132,0,0
31009,Blaine County,,NE,45,518,563,0,0,0,0,0,0,0,0,0,0,0,0,79,0.000051,73,133,0,0
31011,Boone County,,NE,375,6833,7208,0,2,2,0,93,93,8,0.227565,0.23409,0,0,0.000025,97,0.000051,0,134,1,0
31013,Box Butte County,,NE,810,13553,14363,3,2,5,167,124,291,7,0.276059,0.286897,2106.794965,0.000192,0.000155,97,0.000141,0,29,0.333333,0.001542
31015,Boyd County,,NE,112,2416,2528,0,0,0,0,0,0,0,0,0,0,0,0,80,0.000051,74,135,0,0
31017,Brown County,,NE,188,3496,3684,0,0,0,0,0,0,0,0,0,0,0,0,81,0.000051,75,136,0,0
31019,Buffalo County,,NE,3351,51299,54650,15,13,28,1796,1782,3578,6,0.335454,0.355138,21159.200782,0.000652,0.001791,97,0.000721,0,29,0.272059,0.00589
31021,Burt County,,NE,546,8141,8687,3,4,7,211,287,498,7,0.292663,0.304492,0,0.000414,0.000521,97,0.000127,0,29,1,0.003107
31023,Butler County,,NE,653,10198,10851,2,4,6,211,298,509,7,0.29225,0.304388,1.711432,0.000188,0.000515,97,0.000115,0,29,0.666667,0.001466
31025,Cass County,,NE,2101,30179,32280,6,4,10,1427,1276,2703,7,0.293285,0.305555,0.55,0.000761,0.000659,97,0.000188,0,29,0.8,0.005851
31027,Cedar County,,NE,544,10893,11437,2,2,4,85,113,198,8,0.229648,0.236409,4.936111,0.00001,0.000015,97,0.000114,0,29,0.5,0.000316
31029,Chase County,,NE,235,4531,4766,0,0,0,0,0,0,0,0,0,0,0,0,82,0.000051,76,137,0,0
31031,Cherry County,,NE,432,6429,6861,0,0,0,0,0,0,0,0,0,0,0,0,83,0.000051,77,138,0,0
31033,Cheyenne County,,NE,785,11922,12707,1,2,3,42,94,136,7,0.276102,0.286971,68.178625,0.000001,0.000155,97,0.000072,0,139,0.333333,0.000084
31035,Clay County,,NE,523,7556,8079,1,2,3,101,192,293,7,0.275901,0.286736,0,0.000004,0.000149,97,0.000076,0,29,1,0.000133
31037,Colfax County,,NE,1028,12584,13612,5,5,10,405,503,908,7,0.292339,0.304676,53.342878,0.001291,0.000533,97,0.000179,0,29,0.738095,0.010189
31039,Cuming County,,NE,571,11217,11788,2,4,6,106,210,316,7,0.292457,0.304762,131.104866,0.000006,0.000521,97,0.000103,0,29,0.55,0.000241
31041,Custer County,,NE,596,13096,13692,3,2,5,144,97,241,7,0.275928,0.286794,0,0.000201,0.000149,97,0.00015,0,29,1,0.001558
31043,Dakota County,,NE,2453,25165,27618,4,7,11,865,1473,2338,6,0.306263,0.320931,5163.136741,0.000052,0.001032,97,0.000147,0,29,0.333333,0.000652
31045,Dawes County,,NE,785,8742,9527,1,1,2,63,53,116,7,0.260276,0.269755,792.781592,0,0.000066,144,0.000087,0,29,0,0.000086
31047,Dawson County,,NE,2069,28973,31042,9,7,16,717,821,1538,7,0.280356,0.292357,9097.213363,0.001141,0.000182,97,0.000373,0,29,0.3,0.009103
31049,Deuel County,,NE,120,2049,2169,0,0,0,0,0,0,0,0,0,0,0,0,84,0.000051,78,140,0,0
31051,Dixon County,,NE,399,7168,7567,1,2,3,56,92,148,7,0.235065,0.241845,3.688492,0.000008,0,97,0.000069,0,29,0,0.000096
31053,Dodge County,,NE,2405,42742,45147,10,9,19,1303,1381,2684,7,0.293522,0.306589,2862.710328,0.000797,0.000692,97,0.000295,0,29,0.431818,0.006385
31055,Douglas County,,NE,32310,602632,634942,119,114,233,24245,23974,48219,6,0.411348,0.445799,170799.783277,0.044588,0.050238,97,0.002218,0,29,0.325899,0.344332
31057,Dundy County,,NE,148,2123,2271,0,0,0,0,0,0,0,0,0,0,0,0,85,0.000051,79,141,0,0
31059,Fillmore County,,NE,325,7191,7516,2,2,4,93,122,215,7,0.275849,0.286622,0,0.000187,0.000146,97,0.000113,0,29,1,0.001375
31061,Franklin County,,NE,262,3753,4015,1,1,2,42,54,96,7,0.251213,0.259066,0,0.000014,0.000005,97,0.000098,0,29,0,0.000157
31063,Frontier County,,NE,232,2851,3083,1,1,2,42,45,87,8,0.219,0.224547,0,0.000006,0.000009,97,0.000076,0,29,1,0.000139
31065,Furnas County,,NE,388,5628,6016,1,1,2,52,56,108,8,0.21645,0.221833,0,0.000001,0,97,0.00009,0,29,0,0.000092
31067,Gage County,,NE,1533,25919,27452,4,4,8,506,767,1273,7,0.292221,0.304331,227.033911,0.000189,0.000508,97,0.000209,0,29,0.4,0.001609
31069,Garden County,,NE,159,2244,2403,0,0,0,0,0,0,0,0,0,0,0,0,86,0.000051,80,142,0,0
31071,Garfield County,,NE,92,2082,2174,0,0,0,0,0,0,0,0,0,0,0,0,87,0.000051,81,143,0,0
31073,Gosper County,,NE,270,2330,2600,1,1,2,72,62,134,8,0.218984,0.224489,0,0.000001,0.000009,97,0.000096,0,29,0,0.000167
31075,Grant County,,NE,45,834,879,0,0,0,0,0,0,0,0,0,0,0,0,88,0.000051,82,144,0,0
31077,Greeley County,,NE,193,2836,3029,0,0,0,0,0,0,0,0,0,0,0,0,89,0.000051,83,145,0,0
31079,Hall County,,NE,4462,68390,72852,16,15,31,2255,2169,4424,6,0.341096,0.361598,10295.620731,0.001647,0.003803,97,0.000588,0,29,0.312865,0.013887
31081,Hamilton County,,NE,784,11370,12154,3,3,6,278,295,573,7,0.276296,0.287236,1.166667,0.000217,0.000159,97,0.000146,0,29,0.75,0.001592
31083,Harlan County,,NE,246,3649,3895,0,1,1,0,45,45,8,0.216315,0.22155,0,0,0,97,0.000051,0,146,0,0
31085,Hayes County,,NE,87,1125,1212,0,0,0,0,0,0,0,0,0,0,0,0,90,0.000051,84,147,0,0
31087,Hitchcock County,,NE,285,3276,3561,1,1,2,72,98,170,8,0.21645,0.221833,0,0.000001,0,97,0.00009,0,29,0,0.000092
31089,Holt County,,NE,659,12217,12876,1,2,3,58,117,175,7,0.292162,0.303986,0,0.000006,0.000501,97,0.00008,0,29,1,0.000204
31091,Hooker County,,NE,49,913,962,0,0,0,0,0,0,0,0,0,0,0,0,91,0.000051,85,148,0,0
31093,Howard County,,NE,530,7492,8022,1,1,2,234,187,421,7,0.254364,0.262421,0,0.000031,0.000013,97,0.000084,0,29,0,0.000217
31095,Jefferson County,,NE,430,8760,9190,2,3,5,140,224,364,7,0.275875,0.286794,2940,0.000187,0.000145,97,0.000121,0,29,0.5,0.001372
31097,Johnson County,,NE,389,5143,5532,1,2,3,47,131,178,7,0.275849,0.286622,0,0.000183,0.00015,97,0.000077,0,29,1,0.001268
31099,Kearney County,,NE,553,7402,7955,2,2,4,256,242,498,7,0.251235,0.259238,1.333333,0.000019,0.000005,97,0.000123,0,29,0.666667,0.00029
31101,Keith County,,NE,726,9286,10012,2,2,4,105,140,245,7,0.27598,0.286851,2900,0.000006,0.000149,97,0.000119,0,29,0.333333,0.000223
31103,Keya Paha County,,NE,68,979,1047,0,0,0,0,0,0,0,0,0,0,0,0,92,0.000051,86,149,0,0
31105,Kimball County,,NE,339,4049,4388,0,2,2,0,84,84,7,0.261654,0.271447,0,0,0.000113,97,0.000051,0,150,0,0
31107,Knox County,,NE,443,10138,10581,0,2,2,0,113,113,8,0.229691,0.2365,0,0,0.000015,97,0.000051,0,151,0.5,0
31109,Lancaster County,,NE,16128,322936,339064,71,64,135,9808,9632,19440,6,0.380777,0.410989,145454.807107,0.017924,0.022761,97,0.001984,0,29,0.227031,0.14209
31111,Lincoln County,,NE,2284,42127,44411,9,12,21,669,948,1617,7,0.294237,0.308084,17847.285957,0.000648,0.000698,97,0.000362,0,29,0.333333,0.005137
31113,Logan County,,NE,89,868,957,1,0,1,43,0,43,0,0,0,0,0.000006,0,97,0.000076,0,7,0,0.000139
31115,Loup County,,NE,59,671,730,0,0,0,0,0,0,0,0,0,0,0,0,93,0.000051,87,152,0,0
31117,McPherson County,,NE,34,574,608,0,0,0,0,0,0,0,0,0,0,0,0,94,0.000051,88,153,0,0
31119,Madison County,,NE,2804,41210,44014,13,15,28,1174,1545,2719,7,0.294356,0.30863,31282.952987,0.001602,0.000702,97,0.00051,0,29,0.178363,0.012986
31121,Merrick County,,NE,669,8883,9552,4,3,7,291,277,568,7,0.276348,0.287351,1.821429,0.00022,0.000169,97,0.00019,0,29,0.75,0.001785
31123,Morrill County,,NE,431,5355,5786,1,1,2,104,162,266,8,0.229122,0.235384,0,0.00001,0.000011,97,0.000078,0,29,0,0.000187
31125,Nance County,,NE,258,4099,4357,1,1,2,54,48,102,8,0.227166,0.233146,0,0.000006,0.000012,97,0.000089,0,29,0,0.000198
31127,Nemaha County,,NE,464,7605,8069,3,0,3,189,0,189,0,0,0,0,0.000189,0,97,0.000141,0,4,0.666667,0.001501
31129,Nuckolls County,,NE,322,5386,5708,0,1,1,0,50,50,7,0.275839,0.286465,0,0,0.000144,97,0.000051,0,154,0,0
31131,Otoe County,,NE,1226,18573,19799,6,6,12,570,663,1233,7,0.293344,0.3059,1040.683721,0.000748,0.000661,97,0.000221,0,29,0.357143,0.005676
31133,Pawnee County,,NE,148,3176,3324,0,0,0,0,0,0,0,0,0,0,0,0,95,0.000051,89,155,0,0
31135,Perkins County,,NE,245,3429,3674,0,1,1,0,41,41,8,0.216347,0.221585,0,0,0,97,0.000051,0,156,0,0
31137,Phelps County,,NE,702,10932,11634,3,2,5,194,183,377,7,0.275928,0.286794,3049.067655,0.000014,0.000149,97,0.000193,0,29,0.333333,0.00033
31139,Pierce County,,NE,466,8507,8973,1,1,2,154,170,324,8,0.227433,0.233596,0,0.000006,0.000013,97,0.00008,0,29,0,0.000204
31141,Platte County,,NE,2409,40469,42878,13,11,24,1337,1191,2528,7,0.293909,0.307538,12193.935796,0.001459,0.000698,97,0.000491,0,29,0.295833,0.012126
31143,Polk County,,NE,418,6539,6957,2,2,4,93,150,243,8,0.227255,0.233548,1.533333,0.00001,0.000013,97,0.000124,0,29,0,0.000305
31145,Red Willow County,,NE,835,12544,13379,3,5,8,199,283,482,7,0.276217,0.287713,11676,0.000006,0.000154,97,0.000229,0,29,0.3,0.000312
31147,Richardson County,,NE,490,9743,10233,1,2,3,64,112,176,7,0.275823,0.286564,0,0.000183,0.000145,97,0.000077,0,29,0.5,0.001268
31149,Rock County,,NE,121,1596,1717,0,0,0,0,0,0,0,0,0,0,0,0,96,0.000051,90,157,0,0
31151,Saline County,,NE,964,16427,17391,4,3,7,494,436,930,7,0.292162,0.304101,45.49905,0.000591,0.000503,97,0.000177,0,29,0.583333,0.0043
31153,Sarpy County,,NE,18571,190923,209494,52,42,94,13388,12266,25654,6,0.371081,0.397954,21223.649145,0.018935,0.01947,97,0.000976,0,29,0.389145,0.14509
31155,Saunders County,,NE,1621,24160,25781,4,5,9,933,964,1897,7,0.293314,0.305727,0.25,0.000747,0.000666,97,0.000141,0,29,0.9,0.005496
31157,Scotts Bluff County,,NE,2285,41181,43466,11,11,22,757,785,1542,7,0.297192,0.311595,6651.851932,0.001411,0.001207,97,0.000354,0,29,0.288462,0.011314
31159,Seward County,,NE,1272,18964,20236,3,3,6,493,632,1125,7,0.275875,0.286794,1.366667,0.000191,0.00015,97,0.000137,0,29,0.5,0.001474
31161,Sheridan County,,NE,515,6003,6518,1,2,3,58,108,166,8,0.217816,0.223562,2943.120035,0.000001,0.000002,144,0.000086,0,29,0,0.000091
31163,Sherman County,,NE,252,3571,3823,1,1,2,65,74,139,7,0.251213,0.259066,0,0.000014,0.000005,97,0.000098,0,29,0,0.000157
31165,Sioux County,,NE,107,1332,1439,0,0,0,0,0,0,0,0,0,0,0,0,98,0.000051,91,158,0,0
31167,Stanton County,,NE,451,7356,7807,1,1,2,127,115,242,8,0.227433,0.233596,0,0.000006,0.000013,97,0.00008,0,29,0,0.000204
31169,Thayer County,,NE,307,6198,6505,1,1,2,46,60,106,7,0.275823,0.286449,0,0.000001,0.000144,97,0.000085,0,29,1,0.000098
31171,Thomas County,,NE,71,733,804,0,0,0,0,0,0,0,0,0,0,0,0,99,0.000051,92,159,0,0
31173,Thurston County,,NE,468,7349,7817,2,3,5,112,194,306,7,0.262586,0.27195,144.077269,0.000056,0.000035,97,0.000086,0,29,0.333333,0.000462
31175,Valley County,,NE,302,4860,5162,0,0,0,0,0,0,0,0,0,0,0,0,100,0.000051,93,160,0,0
31177,Washington County,,NE,1553,23749,25302,6,5,11,954,967,1921,7,0.293314,0.305727,16.161885,0.00058,0.000663,97,0.000185,0,29,0.642857,0.004686
31179,Wayne County,,NE,775,9375,10150,2,3,5,147,203,350,7,0.292398,0.304532,945.345241,0.000006,0.000514,97,0.000109,0,29,0.5,0.00029
31181,Webster County,,NE,324,4127,4451,1,1,2,84,64,148,8,0.226509,0.232381,0,0.000004,0.000005,97,0.000076,0,29,0,0.000133
31183,Wheeler County,,NE,73,973,1046,0,0,0,0,0,0,0,0,0,0,0,0,101,0.000051,94,161,0,0
31185,York County,,NE,1036,15800,16836,5,6,11,440,458,898,7,0.29228,0.304676,1553.904127,0.000216,0.000506,97,0.00025,0,29,0.333333,0.001774
32001,Churchill County,,NV,2782,26077,28859,9,8,17,970,1143,2113,6,0.328947,0.346816,16.470081,0.003773,0.002702,8,0.000147,0,29,0.588889,0.027435
32003,Clark County,,NV,110127,2149309,2259436,391,412,803,89011,92826,181837,5,0.47502,0.532138,276808.376965,0.122836,0.120544,8,0.004772,0,29,0.141129,0.890361
32005,Douglas County,,NV,4442,53466,57908,19,12,31,3023,2655,5678,6,0.338825,0.35904,2913.767134,0.009121,0.006813,8,0.000277,0,29,0.752632,0.068156
32007,Elko County,,NV,3997,55166,59163,18,13,31,1602,1624,3226,6,0.33557,0.355753,8570.975643,0.005811,0.0038,8,0.000382,0,29,0.421053,0.043937
32009,Esmeralda County,,NV,81,759,840,0,0,0,0,0,0,0,0,0,0,0,0,102,0.000051,95,162,0,0
32011,Eureka County,,NV,198,1842,2040,0,1,1,0,47,47,7,0.251321,0.259413,0,0,0.000047,8,0.000051,0,163,0,0
32013,Humboldt County,,NV,1436,19240,20676,5,3,8,399,378,777,7,0.275247,0.287811,565.416072,0.001388,0.000322,8,0.00016,0,29,0.7,0.010423
32015,Lander County,,NV,487,6486,6973,2,2,4,111,129,240,7,0.2513,0.259502,0,0.000033,0.000058,8,0.000121,0,29,1,0.000613
32017,Lincoln County,,NV,336,4550,4886,1,1,2,159,110,269,6,0.322079,0.337511,0,0.000967,0.000985,8,0.000061,0,29,0,0.007242
32019,Lyon County,,NV,6171,54409,60580,15,13,28,3536,3787,7323,6,0.335998,0.356069,3322.802889,0.005996,0.00566,8,0.000255,0,29,0.658088,0.04607
32021,Mineral County,,NV,506,4725,5231,1,2,3,46,136,182,7,0.275195,0.287581,0,0.000045,0.000323,8,0.000067,0,29,1,0.000454
32023,Nye County,,NV,4208,42119,46327,9,10,19,2138,2039,4177,6,0.338114,0.357833,54.787861,0.006123,0.005372,8,0.000153,0,29,0.727273,0.045576
32027,Pershing County,,NV,376,5110,5486,1,1,2,64,45,109,7,0.275142,0.287351,0,0.000347,0.000275,8,0.000061,0,29,0,0.002206
32029,Storey County,,NV,449,3842,4291,1,1,2,181,186,367,7,0.275142,0.287351,0,0.000347,0.000275,8,0.000061,0,29,0,0.002206
32031,Washoe County,,NV,24848,461437,486285,94,107,201,17742,17554,35296,6,0.379531,0.415586,25402.456042,0.03425,0.04332,8,0.001275,0,29,0.41395,0.266639
32033,White Pine County,,NV,798,9798,10596,2,3,5,169,204,373,6,0.322365,0.338201,0,0.001314,0.001307,8,0.000071,0,29,1,0.009449
32510,Carson City,,NV,5330,58417,63747,10,12,22,3455,3469,6924,6,0.338114,0.358063,24.360205,0.004908,0.006731,8,0.000171,0,29,0.846154,0.036635
33001,Belknap County,,NH,4520,72399,76919,11,12,23,3232,2865,6097,6,0.312534,0.329971,118.255772,0.002932,0.004128,103,0.000158,0,29,0.804762,0.019458
33003,Carroll County,,NH,3276,55845,59121,15,12,27,1869,1696,3565,6,0.311727,0.329023,78.961406,0.003584,0.003114,103,0.000197,0,29,0.694853,0.022884
33005,Cheshire County,,NH,4728,86393,91121,12,19,31,2054,2504,4558,6,0.312332,0.330862,37.739177,0.002886,0.005229,103,0.000168,0,29,0.657895,0.019121
33007,Coos County,,NH,1933,36940,38873,5,7,12,567,757,1324,7,0.27343,0.286093,3547.17863,0.000384,0.000589,103,0.000117,0,29,0.732143,0.00247
33009,Grafton County,,NH,7424,95591,103015,26,25,51,4032,4291,8323,6,0.33215,0.354086,3454.348022,0.006708,0.00884,103,0.000336,0,29,0.534274,0.045966
33011,Hillsborough County,,NH,25241,479360,504601,60,76,136,17233,19020,36253,6,0.375259,0.407678,6219.948984,0.030677,0.041812,103,0.000651,0,29,0.603221,0.22531
33013,Merrimack County,,NH,10581,168711,179292,21,21,42,7372,7409,14781,6,0.337995,0.359586,1572.128966,0.006928,0.007533,103,0.000255,0,29,0.651667,0.047786
33015,Rockingham County,,NH,20707,362670,383377,45,53,98,16421,16193,32614,6,0.362954,0.391195,5947.021517,0.019802,0.027406,103,0.000492,0,29,0.595198,0.142604
33017,Strafford County,,NH,8628,136008,144636,20,15,35,6003,5604,11607,6,0.336505,0.356983,388.734509,0.005665,0.005692,103,0.000239,0,29,0.690476,0.038504
33019,Sullivan County,,NH,3101,49315,52416,7,9,16,1533,1681,3214,7,0.295075,0.310773,3.241729,0.001276,0.001355,103,0.000123,0,29,0.736111,0.008679
34001,Atlantic County,,NJ,13616,337557,351173,38,52,90,8118,9478,17596,6,0.350707,0.378121,592.874145,0.020755,0.025775,130,0.000349,0,29,0.696742,0.13995
34003,Bergen County,,NJ,49529,1051966,1101495,97,132,229,43838,43378,87216,6,0.392528,0.43127,2697.819296,0.052413,0.068889,130,0.000912,0,29,0.548535,0.370067
34005,Burlington County,,NJ,27115,535986,563101,76,102,178,19728,20032,39760,6,0.379979,0.415914,2400.832848,0.04153,0.05421,130,0.000766,0,29,0.576416,0.301387
34007,Camden County,,NJ,28770,598600,627370,55,79,134,19835,23540,43375,6,0.372368,0.404695,1126.044659,0.029995,0.044758,130,0.000518,0,29,0.710328,0.20856
34009,Cape May County,,NJ,6088,113037,119125,18,23,41,3360,3422,6782,6,0.318611,0.337856,30.673776,0.007387,0.011043,130,0.000181,0,29,0.781746,0.046861
34011,Cumberland County,,NJ,6767,179241,186008,14,16,30,3774,4027,7801,6,0.315355,0.33358,23.335851,0.005588,0.007673,130,0.000151,0,29,0.864286,0.035394
34013,Essex County,,NJ,48264,841173,889437,90,111,201,35631,42199,77830,6,0.381679,0.418891,1689.803185,0.049144,0.058101,130,0.000848,0,29,0.613118,0.34807
34015,Gloucester County,,NJ,14924,344614,359538,22,34,56,11560,11060,22620,6,0.34283,0.366828,145.193081,0.009057,0.016572,130,0.000208,0,29,0.753175,0.056513
34017,Hudson County,,NJ,57448,690515,747963,118,127,245,47901,51354,99255,6,0.395688,0.434057,3047.754407,0.062466,0.067211,130,0.001123,0,29,0.561307,0.443352
34019,Hunterdon County,,NJ,7491,151325,158816,21,25,46,4758,4542,9300,6,0.313107,0.333546,2.698695,0.009515,0.011116,130,0.00019,0,29,0.890313,0.057737
34021,Mercer County,,NJ,22101,405653,427754,64,72,136,14442,16987,31429,6,0.376574,0.408362,529.371875,0.037125,0.041902,130,0.000593,0,29,0.717901,0.259357
34023,Middlesex County,,NJ,57212,956597,1013809,120,147,267,44678,50571,95249,6,0.397642,0.438184,4379.291983,0.064225,0.072861,130,0.001136,0,29,0.505418,0.452933
34025,Monmouth County,,NJ,30792,737428,768220,67,105,172,22946,25674,48620,6,0.373952,0.409695,938.929747,0.037859,0.053619,130,0.000614,0,29,0.595662,0.266259
34027,Morris County,,NJ,28651,583138,611789,79,105,184,23347,23333,46680,6,0.383294,0.41973,1695.860227,0.044737,0.056039,130,0.000734,0,29,0.620576,0.313054
34029,Ocean County,,NJ,23407,674374,697781,57,92,149,19418,18373,37791,6,0.367275,0.400868,850.188595,0.029292,0.044114,130,0.000526,0,29,0.566181,0.204069
34031,Passaic County,,NJ,29979,598933,628912,56,76,132,20696,25268,45964,6,0.372942,0.405167,863.777455,0.031635,0.039736,130,0.000511,0,29,0.677161,0.217229
34033,Salem County,,NJ,3663,79029,82692,8,9,17,2466,2257,4723,6,0.293969,0.308845,0.139423,0.002645,0.002273,130,0.000105,0,29,0.958333,0.01575
34035,Somerset County,,NJ,24575,383150,407725,58,77,135,19565,20054,39619,6,0.373182,0.405529,525.349703,0.033647,0.045708,130,0.000533,0,29,0.770529,0.235104
34037,Sussex County,,NJ,8167,178960,187127,17,24,41,5037,5208,10245,6,0.334912,0.356172,20.542743,0.0072,0.012321,130,0.000162,0,29,0.883333,0.042547
34039,Union County,,NJ,35302,619493,654795,67,87,154,28426,30354,58780,6,0.371414,0.404971,640.361629,0.038487,0.049039,130,0.00062,0,29,0.700611,0.269714
34041,Warren County,,NJ,6928,129699,136627,17,24,41,4720,4604,9324,6,0.315629,0.335345,2.238078,0.006932,0.009419,130,0.000159,0,29,0.884058,0.041092
35001,Bernalillo County,,NM,38161,709737,747898,144,150,294,30735,29263,59998,6,0.409142,0.448764,73704.325189,0.058773,0.063547,7,0.002082,0,29,0.350639,0.452489
35003,Catron County,,NM,292,3181,3473,0,0,0,0,0,0,0,0,0,0,0,0,104,0.000051,96,164,0,0
35005,Chaves County,,NM,3666,65640,69306,16,16,32,1637,1825,3462,6,0.340416,0.361799,184.044503,0.006035,0.005031,7,0.000294,0,29,0.616959,0.047753
35006,Cibola County,,NM,1456,23578,25034,4,5,9,800,787,1587,7,0.290494,0.303733,0,0.000659,0.000787,7,0.000106,0,29,1,0.004955
35007,Colfax County,,NM,999,13491,14490,2,3,5,119,185,304,7,0.290436,0.303388,4.118159,0.000525,0.000581,7,0.000074,0,29,0.5,0.003778
35009,Curry County,,NM,5431,52127,57558,23,21,44,2362,2274,4636,6,0.346558,0.370109,11039.283479,0.007266,0.007988,7,0.000464,0,29,0.450142,0.058066
35011,De Baca County,,NM,169,2001,2170,1,1,2,41,42,83,7,0.257389,0.266496,0,0.000064,0.000058,7,0.00007,0,29,0,0.000554
35013,Dona Ana County,,NM,12859,219451,232310,42,40,82,8791,8055,16846,6,0.353185,0.380057,5949.151167,0.017363,0.018315,7,0.00069,0,29,0.450355,0.138293
35015,Eddy County,,NM,3225,57192,60417,11,11,22,1376,1357,2733,6,0.3367,0.35723,15.692583,0.003768,0.003781,7,0.000215,0,29,0.801282,0.030155
35017,Grant County,,NM,1787,31143,32930,7,7,14,487,771,1258,6,0.33318,0.351943,2940.629576,0.003077,0.003009,7,0.00014,0,29,0.678571,0.024172
35019,Guadalupe County,,NM,290,4461,4751,1,1,2,53,73,126,7,0.290377,0.303044,0,0.00051,0.000471,7,0.000063,0,29,0,0.003642
35021,Harding County,,NM,50,709,759,0,0,0,0,0,0,0,0,0,0,0,0,105,0.000051,97,165,0,0
35023,Hidalgo County,,NM,350,4948,5298,1,1,2,40,55,95,7,0.26105,0.271105,0,0.000024,0.000139,7,0.000068,0,29,1,0.000275
35025,Lea County,,NM,3951,68000,71951,18,18,36,1815,1874,3689,6,0.345238,0.368529,6757.011617,0.006793,0.007037,7,0.00034,0,29,0.502164,0.055977
35027,Lincoln County,,NM,1558,20307,21865,6,6,12,537,557,1094,6,0.333104,0.351713,0,0.002353,0.002456,7,0.000133,0,29,1,0.019009
35028,Los Alamos County,,NM,1590,22534,24124,4,4,8,435,567,1002,7,0.290465,0.303561,0,0.000777,0.000724,7,0.000116,0,29,1,0.005856
35029,Luna County,,NM,1590,27677,29267,6,6,12,642,677,1319,6,0.333142,0.35177,2.759052,0.003298,0.003007,7,0.000128,0,29,0.952381,0.026069
35031,McKinley County,,NM,6407,85987,92394,11,11,22,6394,5090,11484,6,0.33414,0.353454,174.808497,0.003209,0.003103,7,0.000194,0,29,0.704545,0.024768
35033,Mora County,,NM,335,4931,5266,1,2,3,81,161,242,7,0.290436,0.303273,0,0.000006,0.000478,7,0.000077,0,29,1,0.000132
35035,Otero County,,NM,5852,64403,70255,20,17,37,2593,2288,4881,6,0.34348,0.36608,137.220248,0.008904,0.009413,7,0.00031,0,29,0.64,0.070512
35037,Quay County,,NM,690,8808,9498,2,3,5,122,163,285,7,0.290843,0.304164,0,0.000574,0.000621,7,0.000081,0,29,1,0.004195
35039,Rio Arriba County,,NM,2141,41537,43678,7,6,13,1318,1478,2796,7,0.290785,0.304268,94.254005,0.001947,0.000783,7,0.000168,0,29,0.738095,0.014868
35041,Roosevelt County,,NM,1776,19471,21247,5,5,10,818,772,1590,7,0.291839,0.306118,2.526116,0.002053,0.000782,7,0.000119,0,29,0.809524,0.015824
35043,Sandoval County,,NM,11296,142467,153763,29,28,57,9143,7486,16629,6,0.348683,0.373368,3249.534768,0.012687,0.014769,7,0.000478,0,29,0.545045,0.099939
35045,San Juan County,,NM,11588,145445,157033,21,34,55,5502,8151,13653,6,0.348767,0.374316,1305.915261,0.007596,0.011797,7,0.00033,0,29,0.455437,0.059648
35047,San Miguel County,,NM,1575,27043,28618,4,4,8,663,780,1443,7,0.290494,0.303618,2941,0.000775,0.000708,7,0.000125,0,29,0.583333,0.005735
35049,Santa Fe County,,NM,9209,153665,162874,33,30,63,5263,5440,10703,6,0.356791,0.382569,4652.668005,0.016849,0.017782,7,0.000519,0,29,0.60873,0.134229
35051,Sierra County,,NM,799,11282,12081,2,2,4,227,231,458,7,0.290407,0.303216,0,0.000657,0.000611,7,0.000077,0,29,1,0.00482
35053,Socorro County,,NM,1362,17456,18818,4,3,7,428,575,1003,7,0.290436,0.303388,0,0.001756,0.000659,7,0.000109,0,29,1,0.013655
35055,Taos County,,NM,1896,32904,34800,6,4,10,567,601,1168,7,0.290465,0.303561,1.0625,0.000929,0.000724,7,0.000151,0,29,0.7,0.00715
35057,Torrance County,,NM,1262,14539,15801,2,3,5,609,632,1241,7,0.290436,0.303388,0,0.000652,0.000655,7,0.000077,0,29,1,0.004774
35059,Union County,,NM,412,4115,4527,0,1,1,0,50,50,8,0.206742,0.21186,0,0,0.000001,160,0.000051,0,166,0,0
35061,Valencia County,,NM,4858,76619,81477,15,11,26,3317,3150,6467,6,0.336974,0.356598,488.746466,0.006036,0.003752,7,0.000267,0,29,0.638095,0.047002
36001,Albany County,,NY,21119,338176,359295,65,75,140,14964,16270,31234,6,0.369804,0.402178,20009.465162,0.027902,0.038177,107,0.000675,0,29,0.492437,0.195902
36003,Allegany County,,NY,2477,49369,51846,7,8,15,1060,1258,2318,7,0.28642,0.301147,2067.009939,0.001145,0.000937,107,0.000163,0,29,0.517857,0.007136
36005,Bronx County,,NY,91666,1419409,1511075,127,155,282,66521,83671,150192,6,0.405538,0.446345,6477.640172,0.062496,0.072844,130,0.00121,0,29,0.464478,0.440555
36007,Broome County,,NY,9334,221196,230530,26,38,64,3754,4729,8483,6,0.344091,0.369799,4074.510239,0.008604,0.016667,107,0.000337,0,29,0.509292,0.056261
36009,Cattaraugus County,,NY,4089,87991,92080,6,8,14,2013,2231,4244,7,0.28642,0.301147,23.609286,0.001156,0.000992,107,0.000135,0,29,0.517857,0.00694
36011,Cayuga County,,NY,3738,87540,91278,8,9,17,1956,2079,4035,7,0.28827,0.303067,16.994884,0.001176,0.001333,107,0.000154,0,29,0.680556,0.00688
36013,Chautauqua County,,NY,4827,145245,150072,6,10,16,1654,2069,3723,6,0.315526,0.333425,98.313646,0.00137,0.004059,107,0.000122,0,29,0.622222,0.007846
36015,Chemung County,,NY,4325,98891,103216,12,10,22,2114,2001,4115,7,0.288758,0.304015,934.59458,0.002705,0.001394,107,0.000223,0,29,0.515152,0.016956
36017,Chenango County,,NY,2718,57156,59874,8,7,15,1321,1356,2677,7,0.278124,0.291472,15.187477,0.00132,0.000488,107,0.000146,0,29,0.625,0.00765
36019,Clinton County,,NY,3330,90405,93735,9,11,20,1089,1116,2205,6,0.304047,0.321241,431.214951,0.000965,0.001885,107,0.000193,0,29,0.325758,0.006661
36021,Columbia County,,NY,3204,69315,72519,12,11,23,1779,1762,3541,6,0.304686,0.321454,2.06114,0.003976,0.003167,107,0.000145,0,29,0.871212,0.025811
36023,Cortland County,,NY,2545,51126,53671,8,6,14,1463,1200,2663,7,0.278151,0.291386,21.164338,0.000751,0.000488,107,0.00015,0,29,0.410714,0.004192
36025,Delaware County,,NY,2456,48916,51372,11,9,20,1229,1184,2413,6,0.304334,0.320718,149.163474,0.003418,0.002101,107,0.000153,0,29,0.647436,0.021512
36027,Dutchess County,,NY,14398,332891,347289,33,52,85,9616,9593,19209,6,0.35829,0.385989,662.734737,0.015859,0.027939,130,0.000312,0,29,0.693033,0.10532
36029,Erie County,,NY,29152,1056254,1085406,111,133,244,18144,21528,39672,6,0.396717,0.435707,31456.064144,0.055538,0.069159,107,0.001207,0,29,0.489162,0.405018
36031,Essex County,,NY,2108,42126,44234,8,5,13,959,912,1871,7,0.259717,0.270544,41.394848,0.000705,0.000179,107,0.000187,0,29,0.464286,0.004525
36033,Franklin County,,NY,1983,51113,53096,4,4,8,734,845,1579,7,0.277991,0.290713,28.976312,0.000435,0.000311,107,0.000118,0,29,0.5,0.002559
36035,Fulton County,,NY,2824,62441,65265,7,7,14,1590,1539,3129,7,0.271841,0.284685,2.737555,0.000706,0.000582,107,0.000121,0,29,0.767857,0.004093
36037,Genesee County,,NY,3143,70331,73474,6,7,13,1986,1954,3940,7,0.286081,0.3004,3.083333,0.001221,0.000977,107,0.000125,0,29,0.690476,0.007274
36039,Greene County,,NY,2612,52236,54848,12,11,23,1596,1471,3067,6,0.303284,0.320103,1.200094,0.004816,0.003039,107,0.000141,0,29,0.923077,0.030496
36041,Hamilton County,,NY,342,5874,6216,0,0,0,0,0,0,0,0,0,0,0,0,106,0.000051,98,167,0,0
36043,Herkimer County,,NY,2958,72364,75322,6,8,14,1619,1631,3250,7,0.282486,0.29788,27.716477,0.00082,0.001057,107,0.000118,0,29,0.589286,0.004805
36045,Jefferson County,,NY,18005,124613,142618,75,75,150,8126,9334,17460,6,0.376917,0.409322,10761.42377,0.035127,0.032503,107,0.000921,0,29,0.480082,0.26862
36047,Kings County,,NY,148075,2581610,2729685,240,240,480,125804,137079,262883,5,0.429058,0.476718,50695.620034,0.100683,0.097195,130,0.002476,0,29,0.30002,0.71936
36049,Lewis County,,NY,1581,30364,31945,4,3,7,655,732,1387,7,0.275273,0.287291,0.551762,0.000774,0.000363,107,0.000091,0,29,0.833333,0.005056
36051,Livingston County,,NY,3657,69885,73542,8,9,17,2166,2340,4506,7,0.288414,0.303296,14.998712,0.001172,0.001244,107,0.00016,0,29,0.652778,0.00736
36053,Madison County,,NY,4292,76654,80946,7,9,16,2494,2625,5119,6,0.302556,0.318695,56.180928,0.000542,0.002125,107,0.000147,0,29,0.544444,0.003527
36055,Monroe County,,NY,28635,865748,894383,113,137,250,18381,21401,39782,6,0.387131,0.427874,40542.934674,0.05444,0.068151,107,0.00125,0,29,0.45657,0.393485
36057,Montgomery County,,NY,3238,57380,60618,7,8,15,1748,1972,3720,7,0.271663,0.284512,3.428052,0.000707,0.000527,107,0.000122,0,29,0.714286,0.004093
36059,Nassau County,,NY,58040,1609650,1667690,103,147,250,50168,51475,101643,6,0.391046,0.43227,3466.499753,0.056991,0.071671,130,0.001002,0,29,0.494066,0.409612
36061,New York County,,NY,172105,1565963,1738068,253,236,489,149175,157093,306268,5,0.429821,0.476805,46710.078094,0.103455,0.097817,130,0.002643,0,29,0.289342,0.737512
36063,Niagara County,,NY,9292,254366,263658,13,19,32,5594,5817,11411,6,0.346766,0.369684,1337.743731,0.006728,0.011745,107,0.000204,0,29,0.655263,0.050281
36065,Oneida County,,NY,8955,260847,269802,25,29,54,4367,4749,9116,6,0.343114,0.366649,2984.35903,0.009383,0.011896,107,0.000313,0,29,0.515966,0.06405
36067,Onondaga County,,NY,21037,533004,554041,77,96,173,11803,14552,26355,6,0.384055,0.419385,34698.406081,0.036403,0.049515,107,0.000879,0,29,0.496121,0.26414
36069,Ontario County,,NY,6575,126133,132708,11,11,22,4164,3905,8069,6,0.310859,0.327557,129.223417,0.001574,0.002417,107,0.000204,0,29,0.525641,0.009778
36071,Orange County,,NY,21132,434190,455322,57,93,150,13519,15136,28655,6,0.37677,0.411155,2464.174558,0.031806,0.045192,130,0.000562,0,29,0.530347,0.227766
36073,Orleans County,,NY,2411,46687,49098,4,4,8,1417,1488,2905,7,0.285996,0.299883,0,0.001204,0.000946,107,0.00009,0,29,1,0.006984
36075,Oswego County,,NY,5898,136342,142240,9,10,19,3498,3380,6878,6,0.311694,0.328511,67.152513,0.001914,0.002633,107,0.000148,0,29,0.588889,0.01183
36077,Otsego County,,NY,3227,65060,68287,13,11,24,1559,1483,3042,7,0.28693,0.304104,89.225814,0.001747,0.001534,107,0.000197,0,29,0.452381,0.010414
36079,Putnam County,,NY,5775,115177,120952,11,13,24,4386,3878,8264,6,0.305456,0.322718,5.396124,0.006464,0.005168,130,0.000126,0,29,0.928571,0.041703
36081,Queens County,,NY,133875,2498355,2632230,189,215,404,109200,124585,233785,5,0.41589,0.462718,20083.673533,0.088496,0.09296,130,0.001889,0,29,0.36417,0.63514
36083,Rensselaer County,,NY,11203,180238,191441,24,31,55,7685,8070,15755,6,0.34565,0.369839,3035.698865,0.008058,0.012249,107,0.000263,0,29,0.556818,0.051644
36085,Richmond County,,NY,19937,532258,552195,31,57,88,15075,15882,30957,6,0.364459,0.393713,131.594664,0.019073,0.03202,130,0.000299,0,29,0.774749,0.130534
36087,Rockland County,,NY,12957,355042,367999,30,45,75,8860,9370,18230,6,0.354827,0.381011,179.041348,0.016213,0.024401,130,0.000276,0,29,0.79372,0.106913
36089,St. Lawrence County,,NY,4114,114048,118162,6,10,16,1084,1401,2485,6,0.309697,0.32723,192.790627,0.0007,0.002626,107,0.000147,0,29,0.533333,0.0049
36091,Saratoga County,,NY,15058,263582,278640,46,50,96,11498,10137,21635,6,0.350326,0.3775,14669.784067,0.019252,0.021614,107,0.000536,0,29,0.478689,0.137095
36093,Schenectady County,,NY,9825,179813,189638,22,31,53,6229,6596,12825,6,0.342466,0.366414,2251.846358,0.006477,0.013849,107,0.00026,0,29,0.608902,0.040749
36095,Schoharie County,,NY,1541,34606,36147,7,8,15,880,809,1689,7,0.271688,0.28457,5.462703,0.000722,0.000548,107,0.000124,0,29,0.660714,0.004276
36097,Schuyler County,,NY,1168,21181,22349,5,5,10,714,703,1417,7,0.26586,0.276843,3.424604,0.000211,0.000163,107,0.000134,0,29,0.55,0.001556
36099,Seneca County,,NY,2111,37904,40015,8,8,16,1278,1197,2475,7,0.281964,0.296903,93.077435,0.001711,0.000868,107,0.000149,0,29,0.652778,0.009869
36101,Steuben County,,NY,5163,112151,117314,15,16,31,2577,2611,5188,7,0.303729,0.321463,3321.698833,0.00255,0.002291,107,0.000295,0,29,0.333333,0.017639
36103,Suffolk County,,NY,51530,1812820,1864350,133,185,318,40203,44031,84234,6,0.397369,0.442764,13941.349966,0.064794,0.080225,130,0.001326,0,29,0.394039,0.464519
36105,Sullivan County,,NY,4498,82243,86741,15,19,34,2567,2598,5165,6,0.311092,0.330615,206.99149,0.005879,0.007499,130,0.000176,0,29,0.763158,0.036635
36107,Tioga County,,NY,3152,60766,63918,5,6,11,1819,1755,3574,7,0.278418,0.291817,25.393976,0.000336,0.000502,107,0.000128,0,29,0.714286,0.001984
36109,Tompkins County,,NY,8148,91274,99422,28,38,66,3222,4366,7588,6,0.361416,0.388724,10029.199683,0.01278,0.021312,107,0.000373,0,29,0.612179,0.090731
36111,Ulster County,,NY,8922,199547,208469,27,30,57,5966,5341,11307,6,0.321187,0.342839,311.122187,0.011542,0.01215,130,0.000263,0,29,0.659664,0.074657
36113,Warren County,,NY,4707,77493,82200,9,6,15,3021,2783,5804,7,0.284956,0.300564,63.195272,0.001361,0.000961,107,0.000162,0,29,0.555556,0.007906
36115,Washington County,,NY,4100,68646,72746,7,9,16,2772,2848,5620,7,0.271867,0.285087,28.186056,0.000716,0.000524,107,0.00013,0,29,0.541667,0.004095
36117,Wayne County,,NY,5664,112266,117930,8,10,18,3449,3612,7061,7,0.288385,0.303354,15.554156,0.001016,0.00126,107,0.000164,0,29,0.655556,0.006239
36119,Westchester County,,NY,48530,1052393,1100923,99,141,240,40179,42097,82276,6,0.390678,0.431431,3325.757066,0.055164,0.070186,130,0.000956,0,29,0.523456,0.393489
36121,Wyoming County,,NY,2384,46410,48794,6,7,13,1487,1639,3126,7,0.286137,0.300515,3.186111,0.001135,0.000932,107,0.000128,0,29,0.738095,0.00695
36123,Yates County,,NY,1356,28456,29812,6,5,11,726,812,1538,7,0.27941,0.293644,38.295724,0.000603,0.00048,107,0.000142,0,29,0.7,0.003975
37001,Alamance County,,NC,7351,165092,172443,16,18,34,4851,4461,9312,6,0.318857,0.33777,270.809559,0.00329,0.005909,183,0.000282,0,29,0.552632,0.027004
37003,Alexander County,,NC,2025,39878,41903,6,6,12,1156,1334,2490,7,0.300052,0.315302,0.366667,0.000962,0.001015,183,0.000127,0,29,0.904762,0.007905
37005,Alleghany County,,NC,562,11552,12114,2,1,3,132,64,196,8,0.234381,0.241657,474.00158,0.00002,0.000019,183,0.000101,0,29,0,0.000342
37007,Anson County,,NC,1128,24710,25838,5,5,10,540,658,1198,7,0.29999,0.315072,2.108009,0.000894,0.001044,183,0.000122,0,29,0.65,0.007944
37009,Ashe County,,NC,1296,27094,28390,3,4,7,318,447,765,7,0.284816,0.297719,0,0.00078,0.000769,183,0.000104,0,29,0.95,0.006743
37011,Avery County,,NC,963,16239,17202,4,4,8,293,340,633,8,0.236022,0.244692,2148.731817,0.000771,0.000049,183,0.000142,0,29,0.3,0.006774
37013,Beaufort County,,NC,2564,50323,52887,7,5,12,1157,1305,2462,7,0.301174,0.316273,1792.33824,0.001039,0.001078,183,0.000186,0,29,0.428571,0.008429
37015,Bertie County,,NC,1159,20617,21776,4,6,10,343,647,990,7,0.300955,0.316101,20.892123,0.000111,0.00095,183,0.000133,0,29,0.380952,0.001192
37017,Bladen County,,NC,1823,31977,33800,7,7,14,1081,1019,2100,7,0.306586,0.322406,5.685408,0.001657,0.001827,183,0.000151,0,29,0.857143,0.013894
37019,Brunswick County,,NC,7096,110460,117556,28,19,47,4775,3586,8361,6,0.318751,0.3385,177.647949,0.009656,0.006726,183,0.000382,0,29,0.485795,0.069816
37021,Buncombe County,,NC,14841,255357,270198,84,61,145,10358,8728,19086,6,0.36423,0.39369,45178.964317,0.035298,0.027153,183,0.001302,0,29,0.416144,0.280145
37023,Burke County,,NC,4589,94919,99508,13,14,27,3479,2629,6108,7,0.30766,0.325693,1406.4916,0.002046,0.002571,183,0.000264,0,29,0.471429,0.017515
37025,Cabarrus County,,NC,12659,198249,210908,32,28,60,9303,7973,17276,6,0.354393,0.379178,1048.52572,0.012943,0.012144,183,0.00043,0,29,0.568151,0.099819
37027,Caldwell County,,NC,3892,86847,90739,8,10,18,1910,2231,4141,7,0.306166,0.323101,18.054844,0.001185,0.002607,183,0.000177,0,29,0.8,0.010515
37029,Camden County,,NC,1039,10748,11787,4,4,8,501,478,979,7,0.29382,0.307716,0,0.000939,0.000883,50,0.000109,0,29,1,0.006719
37031,Carteret County,,NC,5010,71316,76326,16,12,28,2568,2068,4636,6,0.332264,0.351914,68.452324,0.00614,0.005264,8,0.000255,0,29,0.666667,0.049533
37033,Caswell County,,NC,1394,23663,25057,7,6,13,875,963,1838,7,0.283065,0.296007,9.818986,0.000687,0.000492,183,0.000161,0,29,0.595238,0.0057
37035,Catawba County,,NC,10695,175895,186590,18,26,44,5344,7013,12357,6,0.336193,0.358098,556.346682,0.003892,0.008878,183,0.0003,0,29,0.586895,0.032277
37037,Chatham County,,NC,4755,69829,74584,11,12,23,3111,3018,6129,7,0.309928,0.327544,6.583964,0.003063,0.003914,183,0.000191,0,29,0.807692,0.025455
37039,Cherokee County,,NC,1378,26484,27862,3,5,8,222,395,617,7,0.267528,0.27898,10299.679567,0.000001,0.000301,0,0.000243,0,29,0.1,0.000307
37041,Chowan County,,NC,768,15668,16436,4,2,6,260,180,440,8,0.233814,0.241266,60.221405,0.000116,0.000019,50,0.000136,0,29,0.5,0.001156
37043,Clay County,,NC,608,10106,10714,2,2,4,268,184,452,8,0.211109,0.216726,32.144355,0.000002,0,0,0.000162,0,29,0,0.000181
37045,Cleveland County,,NC,5211,102675,107886,9,13,22,2721,3231,5952,7,0.306295,0.323796,46.652807,0.001323,0.003347,183,0.000172,0,29,0.681319,0.010675
37047,Columbus County,,NC,2379,54237,56616,7,8,15,1177,1391,2568,7,0.309664,0.326653,4.933562,0.001559,0.003068,183,0.000155,0,29,0.916667,0.013594
37049,Craven County,,NC,12494,109834,122328,35,42,77,5156,6027,11183,6,0.364964,0.392121,8641.421955,0.017582,0.022773,8,0.000511,0,29,0.602415,0.136405
37051,Cumberland County,,NC,45308,328239,373547,202,165,367,30524,31604,62128,6,0.407189,0.449632,37435.344192,0.079722,0.069247,183,0.002394,0,29,0.305214,0.590157
37053,Currituck County,,NC,1910,25140,27050,7,6,13,1189,862,2051,7,0.294237,0.30844,2.804725,0.001479,0.001273,50,0.000151,0,29,0.738095,0.010316
37055,Dare County,,NC,2665,38353,41018,8,6,14,683,623,1306,7,0.304366,0.320555,31.35491,0.002158,0.001988,50,0.000159,0,29,0.583333,0.016298
37057,Davidson County,,NC,8965,179784,188749,17,20,37,5930,6042,11972,6,0.319207,0.339672,315.239525,0.003084,0.006304,183,0.000306,0,29,0.528139,0.025973
37059,Davie County,,NC,2442,45444,47886,6,8,14,1412,1412,2824,7,0.30552,0.322015,18.943615,0.001209,0.002588,183,0.000131,0,29,0.892857,0.010057
37061,Duplin County,,NC,3386,56097,59483,9,12,21,2714,2174,4888,6,0.309598,0.326672,39.218205,0.002501,0.002965,183,0.000176,0,29,0.717949,0.019683
37063,Durham County,,NC,26758,289064,315822,115,98,213,20693,20641,41334,6,0.391574,0.426368,16710.388618,0.055051,0.050694,183,0.001377,0,29,0.468064,0.407508
37065,Edgecombe County,,NC,4690,57734,62424,7,8,15,2969,3595,6564,7,0.30202,0.317687,5.039445,0.001317,0.001953,183,0.00016,0,29,0.763889,0.01099
37067,Forsyth County,,NC,20554,384447,405001,81,75,156,14208,14060,28268,6,0.379432,0.411345,15200.933028,0.036701,0.034499,183,0.001051,0,29,0.436211,0.279283
37069,Franklin County,,NC,4226,59577,63803,7,7,14,2660,2578,5238,7,0.30083,0.315986,3.816667,0.001268,0.001394,183,0.000159,0,29,0.690476,0.01067
37071,Gaston County,,NC,10765,221457,232222,25,30,55,7275,7222,14497,6,0.325953,0.347736,428.489854,0.006291,0.009894,183,0.000384,0,29,0.535282,0.052471
37073,Gates County,,NC,784,11998,12782,6,5,11,364,296,660,7,0.293969,0.308089,189.62453,0.001426,0.000919,50,0.000131,0,29,0.47619,0.009992
37075,Graham County,,NC,395,8483,8878,1,1,2,78,43,121,8,0.211078,0.216496,0,0.000002,0,0,0.000092,0,29,0,0.000092
37077,Granville County,,NC,3625,58384,62009,8,9,17,2174,2372,4546,7,0.301111,0.316676,28.645391,0.001798,0.001557,183,0.000179,0,29,0.533333,0.014786
37079,Greene County,,NC,1196,18966,20162,5,4,9,962,845,1807,7,0.263277,0.273794,0.545455,0.000977,0.000216,183,0.000127,0,29,0.9,0.008171
37081,Guilford County,,NC,29151,523503,552654,135,110,245,22798,21447,44245,6,0.39338,0.429402,57986.505459,0.054228,0.04813,183,0.00169,0,29,0.345591,0.399928
37083,Halifax County,,NC,2898,55029,57927,8,10,18,1430,1679,3109,7,0.305746,0.322647,2515.924857,0.001287,0.002739,183,0.00021,0,29,0.518182,0.010923
37085,Harnett County,,NC,12330,112670,125000,52,39,91,9646,7654,17300,6,0.34491,0.370655,1298.13706,0.019651,0.014434,183,0.000679,0,29,0.472881,0.154649
37087,Haywood County,,NC,3085,61803,64888,6,7,13,1085,1180,2265,7,0.305714,0.322009,211.472762,0.0019,0.002062,183,0.000165,0,29,0.5,0.016115
37089,Henderson County,,NC,6566,117380,123946,18,16,34,3569,3214,6783,6,0.321686,0.340822,733.302456,0.007456,0.006661,183,0.000314,0,29,0.559783,0.061184
37091,Hertford County,,NC,1310,21457,22767,4,5,9,459,490,949,7,0.300924,0.3159,185.702667,0.000773,0.000949,183,0.00014,0,29,0.45,0.006526
37093,Hoke County,,NC,6618,45881,52499,20,16,36,4555,3600,8155,6,0.32962,0.350437,207.425348,0.007581,0.007191,183,0.00031,0,29,0.645022,0.062114
37095,Hyde County,,NC,304,4912,5216,1,2,3,50,108,158,7,0.259857,0.26932,0,0.000088,0.000092,183,0.000065,0,29,1,0.000739
37097,Iredell County,,NC,10289,177064,187353,30,32,62,5716,5686,11402,6,0.32294,0.345454,1577.580661,0.010728,0.010799,183,0.000433,0,29,0.498578,0.08321
37099,Jackson County,,NC,2771,32919,35690,6,7,13,923,1204,2127,7,0.305746,0.322067,3085.523134,0.001032,0.00203,183,0.00027,0,29,0.517857,0.009532
37101,Johnston County,,NC,10627,181600,192227,24,21,45,8176,6854,15030,6,0.313141,0.332667,181.182414,0.006657,0.005635,183,0.000371,0,29,0.535,0.052581
37103,Jones County,,NC,939,10345,11284,4,3,7,515,469,984,6,0.292693,0.306247,0.25,0.000817,0.000698,8,0.000099,0,29,0.833333,0.005521
37105,Lee County,,NC,3920,61979,65899,7,11,18,2189,2332,4521,7,0.309895,0.327371,1.401179,0.002306,0.003922,183,0.000145,0,29,0.881818,0.019629
37107,Lenoir County,,NC,3303,61968,65271,11,11,22,1893,1923,3816,6,0.309564,0.3265,317.770951,0.002346,0.002474,183,0.000219,0,29,0.576923,0.017247
37109,Lincoln County,,NC,5065,83265,88330,8,12,20,3138,3140,6278,7,0.305939,0.322986,4.350371,0.001211,0.002582,183,0.00015,0,29,0.734848,0.010164
37111,McDowell County,,NC,1966,46793,48759,5,6,11,825,844,1669,7,0.300549,0.315929,532.494122,0.000258,0.001232,183,0.000161,0,29,0.52381,0.002897
37113,Macon County,,NC,1879,36288,38167,4,3,7,409,332,741,7,0.267109,0.277998,430.044562,0.000973,0.000298,183,0.000169,0,29,0.333333,0.008308
37115,Madison County,,NC,1270,19995,21265,3,2,5,739,712,1451,7,0.26706,0.277768,0.75,0.000237,0.000285,183,0.00012,0,29,0.666667,0.002599
37117,Martin County,,NC,1371,26076,27447,5,6,11,599,743,1342,7,0.300892,0.315986,1528.044184,0.000863,0.00095,183,0.000151,0,29,0.566667,0.007208
37119,Mecklenburg County,,NC,65223,998197,1063420,313,245,558,65060,54894,119954,6,0.428171,0.476546,192776.408899,0.10741,0.092484,183,0.003764,0,29,0.211373,0.768983
37121,Mitchell County,,NC,743,15600,16343,3,4,7,281,302,583,7,0.267158,0.278227,70.964802,0.000013,0.000293,183,0.000135,0,29,0.416667,0.000363
37123,Montgomery County,,NC,1409,28357,29766,5,6,11,648,730,1378,7,0.300799,0.316452,2.171695,0.000891,0.001435,183,0.000119,0,29,0.733333,0.0077
37125,Moore County,,NC,5723,95415,101138,25,21,46,2954,2619,5573,6,0.325514,0.346782,813.527447,0.009673,0.007448,183,0.000378,0,29,0.521839,0.078791
37127,Nash County,,NC,7353,105782,113135,11,13,24,5054,4964,10018,7,0.31026,0.328147,43.025188,0.002854,0.003554,183,0.000211,0,29,0.664835,0.023489
37129,New Hanover County,,NC,16845,198100,214945,61,62,123,10443,11019,21462,6,0.366347,0.396264,4674.423445,0.024037,0.027012,183,0.000818,0,29,0.43,0.183302
37131,Northampton County,,NC,1355,20906,22261,4,3,7,681,696,1377,7,0.300736,0.315354,2.165368,0.000788,0.000862,183,0.000124,0,29,0.583333,0.006539
37133,Onslow County,,NC,37290,175283,212573,150,168,318,17583,22194,39777,5,0.4134,0.455144,23541.558479,0.06705,0.073655,8,0.001675,0,29,0.359648,0.489351
37135,Orange County,,NC,13420,128225,141645,43,42,85,8260,9429,17689,6,0.370087,0.397494,3086.143433,0.024036,0.025759,183,0.000558,0,29,0.678039,0.185808
37137,Pamlico County,,NC,705,12996,13701,1,2,3,201,269,470,7,0.267478,0.277631,0,0.000183,0.000149,8,0.000061,0,29,1,0.001148
37139,Pasquotank County,,NC,3600,41222,44822,10,13,23,1430,1545,2975,7,0.305103,0.322337,6074.575151,0.002295,0.002302,50,0.000254,0,29,0.358974,0.017092
37141,Pender County,,NC,4421,50707,55128,11,8,19,3130,2534,5664,6,0.311359,0.328534,32.044998,0.00399,0.0032,183,0.000191,0,29,0.628788,0.031678
37143,Perquimans County,,NC,975,13956,14931,2,3,5,401,406,807,7,0.273611,0.284656,242.458272,0.000019,0.000237,50,0.000125,0,29,0.666667,0.000326
37145,Person County,,NC,1819,41918,43737,8,7,15,1176,1018,2194,7,0.301142,0.316446,1651.842877,0.001432,0.001527,183,0.000179,0,29,0.464286,0.011774
37147,Pitt County,,NC,10597,160988,171585,40,38,78,6609,6217,12826,6,0.350962,0.375868,15345.192864,0.010489,0.010982,183,0.000651,0,29,0.326939,0.080172
37149,Polk County,,NC,1253,19818,21071,4,5,9,551,650,1201,7,0.283258,0.296135,0,0.000437,0.000889,183,0.000111,0,29,0.95,0.003804
37151,Randolph County,,NC,7322,157551,164873,13,17,30,4623,4849,9472,6,0.317356,0.336385,51.90311,0.003054,0.005033,183,0.00023,0,29,0.604575,0.025224
37153,Richmond County,,NC,2301,47256,49557,12,13,25,1124,1217,2341,7,0.310127,0.328003,1204.385958,0.002781,0.003397,183,0.000222,0,29,0.447619,0.022992
37155,Robeson County,,NC,5610,130181,135791,16,16,32,3303,3318,6621,7,0.31026,0.328578,606.297166,0.004239,0.004257,183,0.000293,0,29,0.545752,0.036429
37157,Rockingham County,,NC,4068,101714,105782,11,12,23,2149,2538,4687,7,0.305972,0.323193,320.381526,0.001534,0.002535,183,0.000233,0,29,0.467949,0.012984
37159,Rowan County,,NC,8178,148861,157039,15,18,33,4258,5045,9303,6,0.316698,0.335908,43.033182,0.00422,0.005328,183,0.000242,0,29,0.686842,0.034928
37161,Rutherford County,,NC,2572,65074,67646,9,10,19,1172,1292,2464,7,0.301299,0.317567,106.220425,0.001308,0.001823,183,0.000188,0,29,0.581818,0.010999
37163,Sampson County,,NC,4265,70194,74459,12,13,25,2150,3051,5201,7,0.307138,0.323986,20.253181,0.003068,0.002627,183,0.000224,0,29,0.675824,0.025962
37165,Scotland County,,NC,2172,36204,38376,7,8,15,989,1211,2200,7,0.309564,0.32648,609.096099,0.001489,0.002542,183,0.000151,0,29,0.767857,0.012979
37167,Stanly County,,NC,2566,64817,67383,8,10,18,1274,1429,2703,7,0.309631,0.326825,34.874539,0.00178,0.002707,183,0.000165,0,29,0.572727,0.015213
37169,Stokes County,,NC,2708,50266,52974,7,6,13,1782,1916,3698,7,0.284956,0.298099,489.42099,0.000764,0.000792,183,0.000177,0,29,0.619048,0.006505
37171,Surry County,,NC,3707,78738,82445,13,12,25,1901,2156,4057,7,0.306101,0.323273,26233.444265,0.002325,0.002486,183,0.000366,0,29,0.384615,0.019748
37173,Swain County,,NC,980,18455,19435,3,1,4,419,314,733,8,0.234173,0.241197,0,0.000251,0.000008,183,0.000122,0,29,1,0.002656
37175,Transylvania County,,NC,2009,32007,34016,6,6,12,701,826,1527,7,0.290087,0.304383,21.255436,0.001826,0.001283,183,0.000159,0,29,0.583333,0.016364
37177,Tyrrell County,,NC,248,4057,4305,0,0,0,0,0,0,0,0,0,0,0,0,108,0.000051,99,168,0,0
37179,Union County,,NC,12082,222229,234311,37,29,66,8440,7438,15878,6,0.344091,0.367948,1622.068647,0.016533,0.010879,183,0.000477,0,29,0.523737,0.122536
37181,Vance County,,NC,2385,47163,49548,5,6,11,1293,1423,2716,7,0.30133,0.316538,3.81496,0.001192,0.001753,183,0.000131,0,29,0.8,0.009894
37183,Wake County,,NC,59564,1018350,1077914,310,241,551,62219,49502,111721,6,0.429757,0.477437,195043.766104,0.105428,0.093585,183,0.003722,0,29,0.211354,0.756983
37185,Warren County,,NC,1265,18967,20232,5,6,11,616,792,1408,7,0.300799,0.315814,3.253968,0.00081,0.001332,183,0.000137,0,29,0.766667,0.006845
37187,Washington County,,NC,722,13661,14383,2,4,6,138,334,472,7,0.30083,0.315641,0,0.000016,0.000945,183,0.000104,0,29,1,0.000305
37189,Watauga County,,NC,3777,38326,42103,17,13,30,1637,1626,3263,7,0.306327,0.323733,3808.121652,0.0037,0.002993,183,0.000338,0,29,0.444853,0.031084
37191,Wayne County,,NC,8605,125808,134413,34,26,60,4139,3895,8034,6,0.341981,0.365339,2561.314411,0.01102,0.010439,183,0.000493,0,29,0.444512,0.087226
37193,Wilkes County,,NC,2754,71023,73777,11,11,22,1291,1255,2546,7,0.300955,0.317429,63.013361,0.001287,0.001796,183,0.000236,0,29,0.583333,0.011039
37195,Wilson County,,NC,4603,88143,92746,14,14,28,2441,2768,5209,6,0.315904,0.334569,362.073656,0.003085,0.004288,183,0.000261,0,29,0.566176,0.025738
37197,Yadkin County,,NC,2224,41757,43981,8,8,16,1546,1515,3061,7,0.3003,0.315963,16.631491,0.000861,0.001312,183,0.000183,0,29,0.763889,0.007308
37199,Yancey County,,NC,806,18327,19133,3,4,7,258,341,599,7,0.267133,0.27817,418.186029,0.000222,0.000287,183,0.000149,0,29,0.583333,0.00248
38001,Adams County,,ND,168,2778,2946,0,0,0,0,0,0,0,0,0,0,0,0,109,0.000051,100,169,0,0
38003,Barnes County,,ND,683,12893,13576,2,2,4,210,271,481,7,0.261946,0.272129,0,0.000053,0.000041,144,0.000141,0,29,1,0.000587
38005,Benson County,,ND,407,7013,7420,1,2,3,89,185,274,7,0.262017,0.272301,0,0.000001,0.000041,144,0.000069,0,29,1,0.000097
38007,Billings County,,ND,74,927,1001,0,0,0,0,0,0,0,0,0,0,0,0,110,0.000051,101,170,0,0
38009,Bottineau County,,ND,431,7689,8120,1,1,2,105,106,211,7,0.257115,0.266267,0,0.000058,0.000063,144,0.000081,0,29,0,0.000597
38011,Bowman County,,ND,203,3751,3954,0,0,0,0,0,0,0,0,0,0,0,0,111,0.000051,102,171,0,0
38013,Burke County,,ND,128,2446,2574,1,0,1,40,0,40,0,0,0,0,0.000058,0,144,0.000081,0,23,0,0.000597
38015,Burleigh County,,ND,5640,96904,102544,25,17,42,4026,3200,7226,6,0.33768,0.358489,37814.156601,0.003224,0.001984,144,0.00114,0,29,0.156695,0.025547
38017,Cass County,,ND,11643,171047,182690,48,42,90,7591,6931,14522,6,0.354827,0.381851,81540.228777,0.005014,0.006483,144,0.001433,0,29,0.150974,0.040949
38019,Cavalier County,,ND,250,4990,5240,0,2,2,0,88,88,7,0.265319,0.276137,0,0,0.000058,144,0.000051,0,172,1,0
38021,Dickey County,,ND,343,5932,6275,1,1,2,40,40,80,7,0.234211,0.240937,0,0.000052,0.000002,144,0.00008,0,29,1,0.000486
38023,Divide County,,ND,122,2472,2594,0,0,0,0,0,0,0,0,0,0,0,0,112,0.000051,103,173,0,0
38025,Dunn County,,ND,188,4016,4204,0,1,1,0,54,54,8,0.209883,0.215526,0,0,0.000002,144,0.000051,0,174,0,0
38027,Eddy County,,ND,150,2743,2893,0,0,0,0,0,0,0,0,0,0,0,0,113,0.000051,104,175,0,0
38029,Emmons County,,ND,171,4203,4374,1,1,2,43,67,110,7,0.252459,0.260663,0,0.000016,0.000026,144,0.000108,0,29,0,0.000325
38031,Foster County,,ND,230,4091,4321,0,0,0,0,0,0,0,0,0,0,0,0,114,0.000051,105,176,0,0
38033,Golden Valley County,,ND,129,1977,2106,0,0,0,0,0,0,0,0,0,0,0,0,115,0.000051,106,177,0,0
38035,Grand Forks County,,ND,7283,70344,77627,22,30,52,2520,3464,5984,6,0.3486,0.373374,28597.200406,0.002159,0.008065,144,0.000689,0,29,0.237968,0.01857
38037,Grant County,,ND,159,2784,2943,0,1,1,0,46,46,7,0.252502,0.260746,0,0,0.000026,144,0.000051,0,178,0,0
38039,Griggs County,,ND,158,2890,3048,0,0,0,0,0,0,0,0,0,0,0,0,116,0.000051,107,179,0,0
38041,Hettinger County,,ND,161,2882,3043,1,0,1,44,0,44,0,0,0,0,0.000001,0,144,0.000096,0,24,0,0.000125
38043,Kidder County,,ND,210,2856,3066,0,1,1,0,77,77,7,0.252502,0.260746,0,0,0.000026,144,0.000051,0,180,0,0
38045,LaMoure County,,ND,212,4899,5111,0,0,0,0,0,0,0,0,0,0,0,0,117,0.000051,108,181,0,0
38047,Logan County,,ND,135,2313,2448,0,0,0,0,0,0,0,0,0,0,0,0,118,0.000051,109,182,0,0
38049,McHenry County,,ND,363,6476,6839,1,1,2,140,139,279,7,0.257115,0.266267,0,0.000058,0.000063,144,0.000081,0,29,0,0.000597
38051,McIntosh County,,ND,134,3375,3509,0,0,0,0,0,0,0,0,0,0,0,0,119,0.000051,110,183,0,0
38053,McKenzie County,,ND,398,6286,6684,1,1,2,41,54,95,7,0.252503,0.26075,1.635137,0.000028,0.000026,144,0.000063,0,29,0,0.000346
38055,McLean County,,ND,620,10564,11184,2,2,4,255,278,533,7,0.257778,0.267342,0,0.000074,0.000089,144,0.000138,0,29,1,0.000922
38057,Mercer County,,ND,580,10333,10913,2,1,3,164,169,333,7,0.252459,0.260663,0,0.000017,0.000026,144,0.000134,0,29,1,0.000429
38059,Morton County,,ND,2691,32380,35071,4,7,11,1650,1773,3423,7,0.266838,0.279002,48.986939,0.000127,0.000162,144,0.000213,0,29,0.666667,0.001533
38061,Mountrail County,,ND,604,8444,9048,3,2,5,224,182,406,7,0.257778,0.267342,0,0.000126,0.000089,144,0.000167,0,29,1,0.001408
38063,Nelson County,,ND,223,3788,4011,1,1,2,41,59,100,7,0.258536,0.267991,0,0.000001,0.000017,144,0.000069,0,29,1,0.000097
38065,Oliver County,,ND,125,2171,2296,0,0,0,0,0,0,0,0,0,0,0,0,120,0.000051,111,184,0,0
38067,Pembina County,,ND,577,9307,9884,2,3,5,84,190,274,7,0.265301,0.276232,0,0.000065,0.000058,144,0.000107,0,29,1,0.000362
38069,Pierce County,,ND,254,5072,5326,1,0,1,57,0,57,0,0,0,0,0.000058,0,144,0.000081,0,22,0,0.000597
38071,Ramsey County,,ND,855,13315,14170,3,6,9,289,396,685,7,0.265738,0.277382,8833.001176,0.000117,0.000083,144,0.000129,0,29,0.266667,0.000838
38073,Ransom County,,ND,353,6479,6832,1,2,3,79,161,240,7,0.261969,0.272186,2940,0.000052,0.00004,144,0.00008,0,29,0.5,0.000486
38075,Renville County,,ND,253,2939,3192,1,1,2,118,105,223,7,0.257115,0.266267,0,0.000058,0.000063,144,0.000081,0,29,0,0.000597
38077,Richland County,,ND,1226,18836,20062,2,4,6,397,642,1039,7,0.262372,0.273163,76.644353,0.000052,0.000078,144,0.000102,0,29,0.583333,0.000576
38079,Rolette County,,ND,586,14496,15082,4,3,7,279,218,497,7,0.2603,0.270715,0,0.000191,0.000106,144,0.000187,0,29,1,0.001674
38081,Sargent County,,ND,268,4794,5062,1,1,2,47,84,131,7,0.261946,0.272014,0,0,0.00004,144,0.000085,0,29,1,0.00009
38083,Sheridan County,,ND,95,1610,1705,0,0,0,0,0,0,0,0,0,0,0,0,121,0.000051,112,185,0,0
38085,Sioux County,,ND,258,3586,3844,1,1,2,68,86,154,7,0.252459,0.260663,0,0.000016,0.000026,144,0.000108,0,29,0,0.000325
38087,Slope County,,ND,34,831,865,0,0,0,0,0,0,0,0,0,0,0,0,122,0.000051,113,186,0,0
38089,Stark County,,ND,1742,29028,30770,8,6,14,592,524,1116,7,0.265543,0.277307,5964.194675,0.000302,0.000143,144,0.000323,0,29,0.266667,0.003296
38091,Steele County,,ND,142,2328,2470,0,1,1,0,43,43,7,0.261965,0.272035,0,0,0.00004,144,0.000051,0,187,0,0
38093,Stutsman County,,ND,1422,24149,25571,4,3,7,359,387,746,7,0.262254,0.272761,12.683587,0.000133,0.000066,144,0.000216,0,29,0.666667,0.001169
38095,Towner County,,ND,150,2822,2972,1,0,1,40,0,40,0,0,0,0,0.000001,0,144,0.000069,0,21,0,0.000097
38097,Traill County,,ND,565,9272,9837,2,2,4,215,229,444,7,0.265276,0.27606,0,0.000117,0.000058,144,0.000099,0,29,1,0.000752
38099,Walsh County,,ND,715,13335,14050,3,3,6,218,322,540,7,0.265301,0.276232,35.017636,0.000117,0.000058,144,0.00013,0,29,0.833333,0.000842
38101,Ward County,,ND,6740,71687,78427,30,26,56,2701,2491,5192,6,0.346062,0.369902,40877.849093,0.007878,0.007222,144,0.000931,0,29,0.262185,0.06172
38103,Wells County,,ND,242,5250,5492,0,0,0,0,0,0,0,0,0,0,0,0,123,0.000051,114,188,0,0
38105,Williams County,,ND,1705,26073,27778,14,5,19,1038,426,1464,7,0.269742,0.282651,739.777147,0.001595,0.000233,144,0.000417,0,29,0.351648,0.014116
39001,Adams County,,OH,1366,29411,30777,6,7,13,684,778,1462,7,0.291897,0.305348,199.331968,0.000112,0.000536,124,0.000154,0,29,0.571429,0.001232
39003,Allen County,,OH,5476,119328,124804,18,17,35,2538,2984,5522,6,0.329209,0.34908,762.096138,0.004388,0.003177,124,0.000283,0,29,0.452381,0.028297
39005,Ashland County,,OH,3246,59941,63187,11,11,22,1803,1914,3717,6,0.305424,0.321592,139.748788,0.002044,0.001819,124,0.000184,0,29,0.613636,0.013242
39007,Ashtabula County,,OH,4341,113974,118315,8,10,18,2159,2388,4547,6,0.305746,0.321937,39.845743,0.002112,0.001855,124,0.000134,0,29,0.727273,0.012906
39009,Athens County,,OH,4073,50479,54552,13,16,29,1491,1869,3360,6,0.329134,0.348557,794.180607,0.00293,0.003366,124,0.000291,0,29,0.382353,0.018469
39011,Auglaize County,,OH,2909,57183,60092,7,10,17,1589,1799,3388,6,0.304558,0.320351,7.196457,0.001238,0.001152,124,0.000146,0,29,0.655556,0.00868
39013,Belmont County,,OH,2915,76334,79249,10,9,19,1642,1575,3217,6,0.306619,0.323322,8922.998529,0.002174,0.001489,124,0.000301,0,29,0.311111,0.015635
39015,Brown County,,OH,3137,49014,52151,8,9,17,2114,2370,4484,7,0.294775,0.308998,2759.697104,0.001075,0.001042,124,0.000157,0,29,0.680556,0.006007
39017,Butler County,,OH,24446,412766,437212,42,59,101,17386,17637,35023,6,0.384513,0.413753,13512.547281,0.01727,0.028923,124,0.000554,0,29,0.497115,0.121813
39019,Carroll County,,OH,1688,32444,34132,5,6,11,1106,1145,2251,7,0.278258,0.290791,20.430116,0.000562,0.000369,124,0.000121,0,29,0.666667,0.00299
39021,Champaign County,,OH,2645,45586,48231,9,9,18,1607,1845,3452,6,0.304366,0.31992,12.354517,0.001378,0.001212,124,0.000169,0,29,0.666667,0.009572
39023,Clark County,,OH,6918,157407,164325,11,11,22,3721,4142,7863,6,0.305424,0.32146,26.276153,0.002335,0.001932,124,0.00018,0,29,0.621212,0.014358
39025,Clermont County,,OH,13532,228824,242356,18,21,39,10258,9306,19564,6,0.356003,0.379787,3845.284275,0.005555,0.007357,124,0.000286,0,29,0.543478,0.039091
39027,Clinton County,,OH,3029,47086,50115,11,11,22,2251,2025,4276,6,0.305553,0.321632,400.004703,0.002378,0.001876,124,0.000181,0,29,0.718182,0.014501
39029,Columbiana County,,OH,4593,119995,124588,13,12,25,2569,2771,5340,6,0.307954,0.325236,202.395196,0.002964,0.002571,124,0.00021,0,29,0.570513,0.01947
39031,Coshocton County,,OH,1419,41216,42635,8,6,14,862,747,1609,6,0.303347,0.318339,83.512004,0.000818,0.000785,124,0.000198,0,29,0.535714,0.00656
39033,Crawford County,,OH,2797,51134,53931,7,9,16,1433,1767,3200,6,0.303443,0.318828,6.526681,0.000813,0.000894,124,0.000154,0,29,0.583333,0.006339
39035,Cuyahoga County,,OH,56830,1437097,1493927,157,186,343,35269,47643,82912,6,0.418773,0.461983,38233.514723,0.072848,0.084228,124,0.001735,0,29,0.367432,0.526687
39037,Darke County,,OH,2594,64538,67132,9,9,18,1311,1541,2852,6,0.304686,0.320466,147.620298,0.00124,0.001199,124,0.000178,0,29,0.522222,0.008758
39039,Defiance County,,OH,2321,47239,49560,9,10,19,1248,1311,2559,6,0.304718,0.32104,168.154722,0.000644,0.001164,125,0.000185,0,29,0.488889,0.003911
39041,Delaware County,,OH,13384,201430,214814,33,31,64,11259,8938,20197,6,0.364459,0.390448,4550.320744,0.010531,0.014781,124,0.000435,0,29,0.445732,0.072188
39043,Erie County,,OH,4508,91223,95731,12,13,25,2608,2649,5257,6,0.306651,0.32346,31.395578,0.003034,0.002234,124,0.000173,0,29,0.67033,0.018909
39045,Fairfield County,,OH,10234,165935,176169,14,15,29,7436,7071,14507,6,0.313717,0.331213,403.875821,0.003602,0.002681,124,0.000259,0,29,0.437909,0.023652
39047,Fayette County,,OH,2027,32204,34231,7,9,16,1231,1321,2552,6,0.304462,0.320063,11.56485,0.00094,0.001213,124,0.000154,0,29,0.583333,0.007042
39049,Franklin County,,OH,71319,1335746,1407065,263,258,521,60147,60440,120587,5,0.434848,0.48308,323711.559299,0.090809,0.092071,124,0.003427,0,29,0.219296,0.653842
39051,Fulton County,,OH,2625,52297,54922,6,7,13,1582,1583,3165,6,0.303697,0.319086,7.02953,0.000441,0.000983,125,0.000126,0,29,0.666667,0.002315
39053,Gallia County,,OH,1449,31795,33244,6,5,11,617,634,1251,6,0.303506,0.318425,625.586666,0.000778,0.000748,124,0.000201,0,29,0.5,0.005995
39055,Geauga County,,OH,5192,109887,115079,8,9,17,3407,3340,6747,6,0.327092,0.345489,28.267285,0.002146,0.002724,124,0.000122,0,29,0.866667,0.01311
39057,Greene County,,OH,14922,174641,189563,35,33,68,9450,9770,19220,6,0.365469,0.391609,4397.010318,0.013545,0.017894,124,0.000467,0,29,0.440275,0.098965
39059,Guernsey County,,OH,1814,44990,46804,7,7,14,845,888,1733,6,0.30357,0.318787,1089.247903,0.001298,0.000886,124,0.000185,0,29,0.428571,0.008439
39061,Hamilton County,,OH,47129,906136,953265,117,138,255,30256,38529,68785,6,0.410823,0.448925,51573.905386,0.054526,0.068823,124,0.001432,0,29,0.431569,0.401919
39063,Hancock County,,OH,4586,87916,92502,14,13,27,2412,2291,4703,6,0.329321,0.348925,595.442542,0.002563,0.003076,125,0.000237,0,29,0.4375,0.017266
39065,Hardin County,,OH,1879,33549,35428,8,7,15,843,1032,1875,6,0.303347,0.318454,6.652381,0.000828,0.000817,124,0.000173,0,29,0.607143,0.006655
39067,Harrison County,,OH,938,16645,17583,5,5,10,517,579,1096,7,0.269067,0.280053,13.275942,0.000221,0.000156,124,0.000141,0,29,0.55,0.00157
39069,Henry County,,OH,1669,35253,36922,6,8,14,962,1008,1970,6,0.303729,0.319259,5.619056,0.000412,0.000979,125,0.000134,0,29,0.714286,0.002254
39071,Highland County,,OH,2644,46016,48660,12,12,24,1800,1837,3637,6,0.305553,0.321747,363.474833,0.001971,0.001754,124,0.000213,0,29,0.589744,0.012482
39073,Hocking County,,OH,1745,31191,32936,8,7,15,1350,1256,2606,6,0.303284,0.318339,5.209524,0.000844,0.000807,124,0.000196,0,29,0.660714,0.006687
39075,Holmes County,,OH,1662,45377,47039,7,7,14,878,1049,1927,6,0.303379,0.318511,4.897894,0.000257,0.000898,124,0.000161,0,29,0.660714,0.001988
39077,Huron County,,OH,3762,72561,76323,10,12,22,2001,2445,4446,6,0.305714,0.322224,15.024024,0.001657,0.001898,124,0.000168,0,29,0.685897,0.01148
39079,Jackson County,,OH,1786,35257,37043,6,7,13,927,967,1894,6,0.30357,0.318741,10.519242,0.000777,0.000772,124,0.000193,0,29,0.571429,0.006052
39081,Jefferson County,,OH,3073,76592,79665,11,11,22,1428,1581,3009,6,0.308052,0.325224,478.812022,0.00172,0.002233,124,0.000249,0,29,0.469697,0.012812
39083,Knox County,,OH,3134,66589,69723,10,10,20,1750,1759,3509,6,0.303474,0.319,94.223454,0.00097,0.000904,124,0.000213,0,29,0.5,0.007542
39085,Lake County,,OH,11286,284163,295449,18,23,41,7972,7496,15468,6,0.359623,0.383977,416.493542,0.007332,0.012941,124,0.000228,0,29,0.709231,0.051118
39087,Lawrence County,,OH,2738,66270,69008,9,7,16,1824,1676,3500,6,0.304047,0.319351,1392.554354,0.000837,0.000758,124,0.00029,0,29,0.444444,0.00651
39089,Licking County,,OH,9940,193103,203043,13,14,27,6738,6125,12863,6,0.337013,0.357098,1036.381419,0.003044,0.002899,124,0.000265,0,29,0.433824,0.021564
39091,Logan County,,OH,2729,54258,56987,11,12,23,1553,1699,3252,6,0.304526,0.320552,30.179399,0.001404,0.001176,124,0.000207,0,29,0.512821,0.009997
39093,Lorain County,,OH,13868,350539,364407,24,37,61,8958,8798,17756,6,0.365423,0.391374,1762.001096,0.009821,0.017178,124,0.000307,0,29,0.548077,0.070958
39095,Lucas County,,OH,21214,480890,502104,49,73,122,10884,14993,25877,6,0.386358,0.41842,15095.785551,0.018532,0.035911,125,0.000581,0,29,0.464198,0.130448
39097,Madison County,,OH,3076,44636,47712,7,8,15,2102,2068,4170,6,0.303411,0.318626,7.21625,0.000906,0.000973,124,0.000153,0,29,0.553571,0.00681
39099,Mahoning County,,OH,10460,265822,276282,26,27,53,6392,6693,13085,6,0.358645,0.383448,1342.1537,0.01065,0.013811,124,0.000331,0,29,0.527778,0.074781
39101,Marion County,,OH,3394,70416,73810,11,11,22,1846,1944,3790,6,0.303729,0.31946,34.659445,0.000957,0.000897,124,0.000225,0,29,0.439394,0.007555
39103,Medina County,,OH,10358,212049,222407,20,19,39,8196,6659,14855,6,0.344255,0.366678,342.41579,0.006536,0.007823,124,0.000253,0,29,0.633846,0.045414
39105,Meigs County,,OH,1028,24252,25280,4,5,9,464,561,1025,6,0.303379,0.318282,627.280652,0.000772,0.000765,124,0.000143,0,29,0.5,0.005791
39107,Mercer County,,OH,1765,52572,54337,9,7,16,948,870,1818,6,0.30459,0.320063,835.274973,0.001249,0.001088,124,0.000182,0,29,0.5,0.00888
39109,Miami County,,OH,6069,122686,128755,13,14,27,4312,3599,7911,6,0.305649,0.322178,63.134182,0.002361,0.001911,124,0.000203,0,29,0.566667,0.014675
39111,Monroe County,,OH,663,16127,16790,3,2,5,306,252,558,7,0.235008,0.242544,1380.114109,0.000018,0.000024,124,0.000162,0,29,0,0.000448
39113,Montgomery County,,OH,31617,605007,636624,88,109,197,20479,23113,43592,6,0.401885,0.437167,28673.576071,0.037588,0.053285,124,0.001117,0,29,0.407037,0.284039
39115,Morgan County,,OH,718,15414,16132,5,5,10,362,433,795,6,0.303284,0.318109,4.016667,0.000785,0.000771,124,0.000163,0,29,0.7,0.005988
39117,Morrow County,,OH,2365,38151,40516,7,7,14,1616,1525,3141,6,0.303379,0.318483,2.904062,0.000911,0.000879,124,0.000152,0,29,0.732143,0.006831
39119,Muskingum County,,OH,3699,97966,101665,9,7,16,1999,1931,3930,6,0.303316,0.318397,917.933536,0.000817,0.000812,124,0.000246,0,29,0.458333,0.006739
39121,Noble County,,OH,585,14078,14663,3,3,6,270,259,529,7,0.2334,0.24067,2.116667,0.000752,0.000023,124,0.000117,0,29,0.666667,0.005608
39123,Ottawa County,,OH,2593,49875,52468,8,8,16,1620,1493,3113,6,0.305456,0.321333,1.870403,0.001957,0.001649,125,0.000132,0,29,0.875,0.012369
39125,Paulding County,,OH,1196,23131,24327,4,5,9,500,660,1160,7,0.279707,0.291544,18.006342,0.000272,0.000217,125,0.000115,0,29,0.55,0.001907
39127,Perry County,,OH,1869,38949,40818,7,7,14,1567,1410,2977,6,0.303284,0.318339,3.269048,0.00083,0.000825,124,0.00019,0,29,0.714286,0.006539
39129,Pickaway County,,OH,3605,59102,62707,7,8,15,2675,2607,5282,6,0.303316,0.318511,6.683333,0.000821,0.000895,124,0.000165,0,29,0.589286,0.006462
39131,Pike County,,OH,1585,29384,30969,5,5,10,828,965,1793,6,0.303474,0.318339,1.683045,0.000779,0.000768,124,0.000143,0,29,0.8,0.005975
39133,Portage County,,OH,11129,173051,184180,15,18,33,7522,7602,15124,6,0.345773,0.367782,279.139727,0.004184,0.005707,124,0.000207,0,29,0.589474,0.027998
39135,Preble County,,OH,2458,48821,51279,6,9,15,1534,1591,3125,6,0.304814,0.320638,38.700764,0.000884,0.001401,124,0.000118,0,29,0.638889,0.004628
39137,Putnam County,,OH,1655,44142,45797,8,8,16,729,879,1608,6,0.303729,0.319259,217.277527,0.000889,0.001005,124,0.000171,0,29,0.569444,0.006845
39139,Richland County,,OH,6100,139879,145979,17,20,37,3207,3334,6541,6,0.337641,0.358793,628.600152,0.002484,0.003217,124,0.000261,0,29,0.419913,0.015764
39141,Ross County,,OH,3529,80703,84232,11,13,24,2075,2187,4262,6,0.305649,0.322006,67.475006,0.000849,0.001671,124,0.000266,0,29,0.417582,0.007062
39143,Sandusky County,,OH,3260,74013,77273,8,9,17,1794,2113,3907,6,0.305424,0.32142,2.180069,0.001184,0.001607,125,0.000145,0,29,0.833333,0.007982
39145,Scioto County,,OH,2872,77690,80562,10,9,19,1475,1350,2825,6,0.303792,0.319345,623.788752,0.001344,0.000805,124,0.000264,0,29,0.309091,0.009616
39147,Seneca County,,OH,3026,66150,69176,10,12,22,1706,1930,3636,6,0.305617,0.32208,18.685448,0.00121,0.00164,125,0.000178,0,29,0.628788,0.008304
39149,Shelby County,,OH,2982,59632,62614,8,11,19,1537,1825,3362,6,0.30552,0.321603,11.774858,0.001245,0.001682,124,0.000157,0,29,0.672727,0.008848
39151,Stark County,,OH,15374,441599,456973,34,45,79,9513,9931,19444,6,0.367228,0.395132,11739.595146,0.013049,0.021785,124,0.000461,0,29,0.51148,0.094663
39153,Summit County,,OH,27815,623432,651247,59,85,144,18402,20947,39349,6,0.384411,0.41777,10570.90674,0.026081,0.043875,124,0.000694,0,29,0.494156,0.191054
39155,Trumbull County,,OH,9074,244980,254054,17,22,39,5298,5549,10847,6,0.347805,0.370672,585.544642,0.005154,0.009615,124,0.000227,0,29,0.583333,0.034182
39157,Tuscarawas County,,OH,4126,112645,116771,10,11,21,2314,2441,4755,6,0.305295,0.32142,466.085947,0.00198,0.001704,124,0.00021,0,29,0.481818,0.012777
39159,Union County,,OH,3592,58035,61627,7,8,15,2336,2149,4485,6,0.303316,0.318511,6.4,0.000898,0.000864,124,0.000159,0,29,0.571429,0.006794
39161,Van Wert County,,OH,1483,35237,36720,6,7,13,703,661,1364,6,0.30443,0.320178,111.424258,0.000292,0.000984,124,0.00016,0,29,0.5,0.002364
39163,Vinton County,,OH,823,13461,14284,5,4,9,499,489,988,6,0.303189,0.317822,1,0.000792,0.000748,124,0.000142,0,29,0.75,0.005995
39165,Warren County,,OH,17217,246478,263695,27,46,73,12611,12241,24852,6,0.374194,0.401753,4042.730427,0.010519,0.023548,124,0.000369,0,29,0.570922,0.076688
39167,Washington County,,OH,2867,70713,73580,7,7,14,1356,1356,2712,6,0.303824,0.319023,4721.271187,0.000791,0.000772,124,0.000269,0,29,0.303571,0.006204
39169,Wayne County,,OH,5803,135196,140999,11,11,22,3367,3323,6690,6,0.305424,0.321592,135.357278,0.002249,0.001819,124,0.000175,0,29,0.674242,0.014103
39171,Williams County,,OH,1875,45616,47491,9,8,17,1029,973,2002,6,0.304686,0.320753,157.82179,0.00039,0.001108,125,0.000183,0,29,0.4,0.002356
39173,Wood County,,OH,9840,137767,147607,24,26,50,6852,6464,13316,6,0.353874,0.378402,3504.043954,0.007732,0.009131,125,0.000322,0,29,0.456897,0.052534
39175,Wyandot County,,OH,1241,27424,28665,6,6,12,822,814,1636,6,0.303284,0.318224,3.32619,0.000797,0.00078,125,0.000143,0,29,0.666667,0.006161
40001,Adair County,,OK,1468,22152,23620,5,6,11,755,844,1599,6,0.293166,0.306086,5.422303,0.000344,0.000736,56,0.000148,0,29,0.8,0.003514
40003,Alfalfa County,,OK,351,4854,5205,2,1,3,118,82,200,7,0.258905,0.268359,0,0.000073,0.00006,56,0.000085,0,29,1,0.000654
40005,Atoka County,,OK,986,13539,14525,4,5,9,356,459,815,7,0.29,0.302681,1290.337127,0.000045,0.000385,160,0.000161,0,29,0.35,0.000706
40007,Beaver County,,OK,495,5629,6124,2,1,3,155,89,244,8,0.229358,0.235718,0,0.000011,0.000012,56,0.000127,0,29,1,0.000402
40009,Beckham County,,OK,1730,20609,22339,6,7,13,708,720,1428,7,0.291077,0.304463,6777.991975,0.000509,0.000673,56,0.000247,0,29,0.375,0.004754
40011,Blaine County,,OK,916,10132,11048,5,6,11,264,415,679,7,0.291135,0.304463,118.570937,0.000564,0.000586,56,0.000156,0,29,0.566667,0.005038
40013,Bryan County,,OK,2698,37975,40673,15,14,29,1727,1428,3155,6,0.318087,0.336736,8321.411908,0.003822,0.003618,160,0.000359,0,29,0.42381,0.032994
40015,Caddo County,,OK,1842,27542,29384,6,7,13,923,1005,1928,7,0.293998,0.307848,709.839754,0.00085,0.000858,56,0.000168,0,29,0.714286,0.007297
40017,Canadian County,,OK,9278,124322,133600,25,18,43,8500,6328,14828,6,0.33557,0.357632,3370.046922,0.006552,0.004826,56,0.000541,0,29,0.362434,0.054906
40019,Carter County,,OK,2846,49578,52424,15,16,31,1572,1476,3048,6,0.316283,0.334718,9377.198719,0.002826,0.003445,56,0.000381,0,29,0.408497,0.025128
40021,Cherokee County,,OK,2969,42588,45557,11,12,23,1742,1709,3451,6,0.29707,0.311874,76.323376,0.001271,0.001274,56,0.000263,0,29,0.532051,0.010911
40023,Choctaw County,,OK,948,14188,15136,4,4,8,455,480,935,7,0.246809,0.256049,96.055626,0.00007,0.000066,160,0.000144,0,29,0.333333,0.000932
40025,Cimarron County,,OK,242,2946,3188,0,0,0,0,0,0,0,0,0,0,0,0,126,0.000051,115,189,0,0
40027,Cleveland County,,OK,22712,257271,279983,59,51,110,18369,16403,34772,6,0.364551,0.393333,19762.904429,0.018897,0.020353,56,0.001059,0,29,0.301656,0.15017
40029,Coal County,,OK,404,5176,5580,2,2,4,171,179,350,8,0.227487,0.234198,1.745671,0.000011,0.000009,160,0.000101,0,29,0,0.000271
40031,Comanche County,,OK,16864,115432,132296,55,62,117,7658,9463,17121,6,0.366764,0.397132,18133.958254,0.021764,0.023756,56,0.000849,0,29,0.458616,0.174686
40033,Cotton County,,OK,569,5970,6539,3,3,6,310,294,604,7,0.273301,0.285883,3.404132,0.000374,0.000305,56,0.000092,0,29,0.666667,0.002691
40035,Craig County,,OK,1006,13587,14593,5,5,10,560,558,1118,7,0.289768,0.302279,0.646429,0.000434,0.00039,56,0.000153,0,29,0.9,0.003549
40037,Creek County,,OK,5902,72543,78445,12,12,24,4626,4349,8975,7,0.294088,0.30863,53.391181,0.001121,0.001065,56,0.000299,0,29,0.538462,0.009534
40039,Custer County,,OK,2387,26312,28699,11,11,22,1075,1311,2386,7,0.29704,0.311957,3410.195073,0.001259,0.001233,56,0.000322,0,29,0.409091,0.01046
40041,Delaware County,,OK,2699,36305,39004,14,13,27,1751,1616,3367,6,0.297192,0.312218,247.160935,0.001627,0.001256,56,0.000317,0,29,0.494505,0.012995
40043,Dewey County,,OK,315,4924,5239,1,2,3,46,88,134,8,0.229213,0.236066,2.1,0.000004,0.000014,56,0.000106,0,29,0,0.000122
40045,Ellis County,,OK,350,3918,4268,1,1,2,65,103,168,8,0.225488,0.231423,0,0.000004,0.000004,56,0.000106,0,29,0,0.000122
40047,Garfield County,,OK,5285,65904,71189,22,25,47,1988,2339,4327,6,0.349313,0.373971,26132.690941,0.007486,0.008575,56,0.000577,0,29,0.364368,0.05913
40049,Garvin County,,OK,1998,27147,29145,8,9,17,935,1208,2143,7,0.291223,0.30498,11.197924,0.00068,0.000684,56,0.000212,0,29,0.652778,0.006052
40051,Grady County,,OK,3543,50969,54512,10,10,20,2366,2251,4617,7,0.294237,0.308653,26.656821,0.001285,0.000906,56,0.000244,0,29,0.645455,0.010562
40053,Grant County,,OK,357,4495,4852,2,2,4,176,158,334,7,0.258998,0.268704,0,0.000088,0.000071,56,0.000089,0,29,1,0.000741
40055,Greer County,,OK,398,4780,5178,2,1,3,100,118,218,7,0.240924,0.247893,1.4,0.000022,0.000016,56,0.000107,0,29,0.5,0.000356
40057,Harmon County,,OK,199,2699,2898,0,1,1,0,43,43,7,0.240967,0.24798,0,0,0.000016,56,0.000051,0,190,0,0
40059,Harper County,,OK,324,4015,4339,0,1,1,0,57,57,8,0.225531,0.231516,0,0,0.000004,56,0.000051,0,191,0,0
40061,Haskell County,,OK,725,12164,12889,3,5,8,268,351,619,7,0.246935,0.256371,2.004037,0.000031,0.000055,56,0.000121,0,29,0.6,0.000487
40063,Hughes County,,OK,1046,11796,12842,5,7,12,366,589,955,7,0.291165,0.304635,4.582738,0.000045,0.000648,56,0.000165,0,29,0.761905,0.000818
40065,Jackson County,,OK,3022,27370,30392,8,10,18,621,724,1345,6,0.317356,0.334098,8958.860967,0.001974,0.002009,56,0.000312,0,29,0.318182,0.017267
40067,Jefferson County,,OK,417,5539,5956,2,2,4,203,155,358,7,0.246159,0.254773,0,0.00005,0.00003,56,0.00009,0,29,1,0.000456
40069,Johnston County,,OK,794,9977,10771,5,4,9,334,339,673,7,0.242212,0.250857,2.633766,0.000075,0.000066,56,0.00016,0,29,0.6,0.001078
40071,Kay County,,OK,3264,47772,51036,10,12,22,1329,1742,3071,6,0.325989,0.345546,1562.11656,0.001346,0.002363,56,0.000267,0,29,0.477273,0.009976
40073,Kingfisher County,,OK,962,16475,17437,4,6,10,479,528,1007,7,0.291106,0.304406,0.915909,0.000553,0.000743,56,0.000134,0,29,0.8,0.00486
40075,Kiowa County,,OK,738,8833,9571,5,4,9,286,278,564,7,0.268593,0.280033,568.796395,0.000661,0.000201,56,0.000164,0,29,0.65,0.005593
40077,Latimer County,,OK,857,11447,12304,3,2,5,286,293,579,7,0.239551,0.247294,2.784921,0.000024,0.000015,56,0.000119,0,29,0.5,0.00042
40079,Le Flore County,,OK,2697,47426,50123,9,10,19,1372,1460,2832,7,0.294476,0.309061,4136.50066,0.000934,0.001034,56,0.00027,0,29,0.377778,0.007727
40081,Lincoln County,,OK,2527,33203,35730,8,9,17,1466,1783,3249,7,0.293998,0.308112,9.169117,0.001082,0.001068,56,0.000211,0,29,0.736111,0.008738
40083,Logan County,,OK,3368,40094,43462,8,5,13,2394,1982,4376,7,0.293849,0.307365,2.604145,0.001968,0.001038,56,0.000199,0,29,0.857143,0.016142
40085,Love County,,OK,807,9159,9966,2,2,4,313,332,645,7,0.241989,0.250122,1.649213,0.000054,0.000047,56,0.000094,0,29,0,0.000589
40087,McClain County,,OK,3202,35880,39082,7,6,13,2397,2235,4632,7,0.290989,0.304176,54.583108,0.001466,0.000688,56,0.000188,0,29,0.785714,0.012801
40089,McCurtain County,,OK,1603,31134,32737,8,6,14,529,423,952,7,0.292162,0.305946,4402.01846,0.001001,0.000531,160,0.000218,0,29,0.25,0.008298
40091,McIntosh County,,OK,1434,18325,19759,7,6,13,762,692,1454,7,0.293969,0.30771,1274.262509,0.001054,0.000846,56,0.000184,0,29,0.690476,0.008445
40093,Major County,,OK,532,8199,8731,2,1,3,204,146,350,7,0.258905,0.268359,0,0.000073,0.00006,56,0.000092,0,29,1,0.000695
40095,Marshall County,,OK,1092,13988,15080,5,5,10,486,490,976,7,0.291077,0.304233,287.205868,0.000554,0.000664,56,0.000156,0,29,0.7,0.004877
40097,Mayes County,,OK,2631,40794,43425,9,8,17,1578,1572,3150,7,0.289884,0.302854,27.069658,0.000916,0.000414,56,0.000227,0,29,0.666667,0.007776
40099,Murray County,,OK,935,12988,13923,4,6,10,443,473,916,7,0.291106,0.304406,117.698253,0.000482,0.000648,56,0.00013,0,29,0.8,0.004239
40101,Muskogee County,,OK,4402,70350,74752,13,14,27,2255,2767,5022,6,0.325477,0.345397,2301.821022,0.002964,0.003025,56,0.000296,0,29,0.45,0.02429
40103,Noble County,,OK,805,11760,12565,3,3,6,371,409,780,7,0.259345,0.269508,0,0.000133,0.000099,56,0.000111,0,29,1,0.001101
40105,Nowata County,,OK,625,10934,11559,4,4,8,434,384,818,7,0.28971,0.302049,1.747024,0.000437,0.000387,56,0.00014,0,29,0.833333,0.003425
40107,Okfuskee County,,OK,715,10258,10973,7,6,13,503,439,942,7,0.293879,0.307538,315.256117,0.000484,0.000832,56,0.000195,0,29,0.642857,0.004575
40109,Oklahoma County,,OK,47085,740991,788076,169,141,310,38718,36585,75303,6,0.41001,0.44869,168518.714324,0.057165,0.054923,56,0.002728,0,29,0.261917,0.442457
40111,Okmulgee County,,OK,2828,38840,41668,9,8,17,1484,1635,3119,7,0.293969,0.30794,8.951206,0.001069,0.000878,56,0.000234,0,29,0.708333,0.008907
40113,Osage County,,OK,3536,43120,46656,7,8,15,2555,2472,5027,7,0.293998,0.307998,9.527131,0.000508,0.000891,56,0.000197,0,29,0.75,0.004106
40115,Ottawa County,,OK,2114,32451,34565,8,9,17,1006,1172,2178,7,0.296493,0.310998,325.847739,0.000491,0.001102,56,0.00021,0,29,0.544444,0.004043
40117,Pawnee County,,OK,1260,15914,17174,4,4,8,868,738,1606,7,0.289681,0.301992,0,0.000464,0.000388,56,0.000128,0,29,1,0.003464
40119,Payne County,,OK,6884,64068,70952,24,21,45,3274,3633,6907,6,0.328724,0.350287,2846.562992,0.003544,0.005643,56,0.00054,0,29,0.360399,0.031246
40121,Pittsburg County,,OK,2731,44950,47681,13,14,27,1128,1209,2337,6,0.314602,0.332408,8377.677238,0.000938,0.00195,56,0.000357,0,29,0.338095,0.008218
40123,Pontotoc County,,OK,2486,37698,40184,12,12,24,1278,1346,2624,7,0.294267,0.308975,6208.281303,0.001081,0.001015,56,0.000318,0,29,0.424242,0.009094
40125,Pottawatomie County,,OK,4855,69435,74290,14,13,27,3364,3109,6473,7,0.294267,0.309089,751.918565,0.001159,0.001097,56,0.000344,0,29,0.516484,0.010041
40127,Pushmataha County,,OK,782,10725,11507,3,5,8,214,307,521,7,0.239768,0.248116,20.252482,0.000008,0.000017,160,0.000139,0,29,0.3,0.000355
40129,Roger Mills County,,OK,224,3736,3960,1,1,2,97,77,174,8,0.22547,0.231481,0,0.000005,0.000004,56,0.000081,0,29,0,0.00013
40131,Rogers County,,OK,6662,93297,99959,17,14,31,4668,4573,9241,7,0.294207,0.309089,393.622545,0.002316,0.001068,56,0.00039,0,29,0.444853,0.018827
40133,Seminole County,,OK,1820,22954,24774,7,8,15,1010,1136,2146,7,0.291106,0.304635,658.351164,0.001037,0.000694,56,0.000183,0,29,0.722222,0.008347
40135,Sequoyah County,,OK,2513,40775,43288,9,9,18,1307,1334,2641,6,0.295316,0.309822,358.156442,0.000958,0.00104,56,0.000221,0,29,0.488889,0.00796
40137,Stephens County,,OK,2865,45008,47873,9,11,20,1165,1251,2416,6,0.325733,0.345454,2312.178107,0.000876,0.002808,56,0.000247,0,29,0.507576,0.007758
40139,Texas County,,OK,2217,24207,26424,6,6,12,625,545,1170,7,0.291868,0.305526,1978.866628,0.002059,0.000633,56,0.000193,0,29,0.347222,0.016577
40141,Tillman County,,OK,524,7683,8207,2,2,4,138,156,294,7,0.268469,0.279544,0,0.000207,0.00019,56,0.000089,0,29,1,0.001692
40143,Tulsa County,,OK,39467,656164,695631,120,125,245,28464,29643,58107,6,0.407475,0.443897,107264.244442,0.043238,0.050223,56,0.001993,0,29,0.30614,0.34005
40145,Wagoner County,,OK,7026,74343,81369,9,10,19,5563,5202,10765,7,0.294028,0.308285,8.62158,0.001069,0.000926,56,0.000229,0,29,0.709091,0.00896
40147,Washington County,,OK,3573,56363,59936,10,11,21,1813,1781,3594,6,0.324059,0.343126,621.046141,0.001886,0.002526,56,0.00026,0,29,0.5,0.015699
40149,Washita County,,OK,1117,11379,12496,4,4,8,509,621,1130,7,0.290989,0.303946,31.65463,0.000024,0.000478,56,0.000161,0,29,0.65,0.000595
40151,Woods County,,OK,740,8201,8941,1,4,5,44,234,278,7,0.291106,0.304176,6.34375,0.000069,0.000523,56,0.00007,0,29,0.583333,0.000564
40153,Woodward County,,OK,1393,20574,21967,5,4,9,351,363,714,7,0.291106,0.304176,12487.356469,0.000445,0.000519,56,0.00026,0,29,0.166667,0.00397
41001,Baker County,,OR,1128,16664,17792,4,3,7,225,234,459,7,0.269667,0.283151,2.503443,0.000164,0.000446,185,0.000119,0,29,0.666667,0.00185
41003,Benton County,,OR,8024,81431,89455,26,23,49,4303,5284,9587,6,0.346021,0.368678,161.220131,0.008553,0.009641,185,0.000367,0,29,0.709677,0.068548
41005,Clackamas County,,OR,28950,407554,436504,58,68,126,26141,24308,50449,6,0.363272,0.394626,4548.057617,0.021708,0.027143,185,0.000746,0,29,0.505673,0.168052
41007,Clatsop County,,OR,3014,37402,40416,11,14,25,1150,1425,2575,6,0.308019,0.324638,50.926857,0.00356,0.003021,185,0.000183,0,29,0.757143,0.028676
41009,Columbia County,,OR,3085,53073,56158,7,12,19,1779,1962,3741,6,0.333717,0.353322,15.609132,0.001503,0.004037,185,0.000138,0,29,0.909091,0.012776
41011,Coos County,,OR,3778,62308,66086,17,17,34,1645,1882,3527,6,0.334448,0.354902,465.513621,0.005863,0.00498,185,0.000256,0,29,0.830952,0.047139
41013,Crook County,,OR,1701,20663,22364,4,5,9,634,836,1470,7,0.287328,0.300938,0.142857,0.000826,0.001053,185,0.000103,0,29,0.95,0.007059
41015,Curry County,,OR,1687,22175,23862,4,7,11,474,558,1032,7,0.287527,0.301512,6.255827,0.000411,0.001146,185,0.000104,0,29,0.714286,0.003523
41017,Deschutes County,,OR,11219,167405,178624,59,53,112,9221,7607,16828,6,0.343724,0.370621,19331.951998,0.019336,0.017047,185,0.000907,0,29,0.465174,0.149438
41019,Douglas County,,OR,5158,108571,113729,25,24,49,2818,3075,5893,6,0.340416,0.362632,174.230475,0.010455,0.009369,185,0.000339,0,29,0.776455,0.081597
41021,Gilliam County,,OR,145,1943,2088,0,0,0,0,0,0,0,0,0,0,0,0,127,0.000051,116,192,0,0
41023,Grant County,,OR,489,7305,7794,1,1,2,48,57,105,7,0.255822,0.265755,0,0.000137,0.000155,185,0.000065,0,29,0,0.001283
41025,Harney County,,OR,522,7475,7997,1,1,2,57,87,144,7,0.255822,0.265755,0,0.000137,0.000155,185,0.000065,0,29,0,0.001283
41027,Hood River County,,OR,1679,26659,28338,6,8,14,588,942,1530,6,0.30766,0.323316,7.814963,0.001316,0.002279,185,0.000131,0,29,0.767857,0.011001
41029,Jackson County,,OR,10591,218495,229086,49,45,94,7424,6535,13959,6,0.346766,0.373195,1545.401067,0.017448,0.017343,185,0.0006,0,29,0.593358,0.133117
41031,Jefferson County,,OR,1560,21260,22820,6,7,13,778,875,1653,7,0.287784,0.301972,1.376586,0.001192,0.001531,185,0.000129,0,29,0.875,0.010042
41033,Josephine County,,OR,4447,82259,86706,23,15,38,2625,2398,5023,6,0.338706,0.359241,131.706613,0.011099,0.006257,185,0.000297,0,29,0.788333,0.084582
41035,Klamath County,,OR,4001,66790,70791,19,24,43,1678,2145,3823,6,0.340655,0.362977,2073.066179,0.00674,0.008279,185,0.000292,0,29,0.67,0.053421
41037,Lake County,,OR,519,7432,7951,2,1,3,153,54,207,7,0.255822,0.265755,0,0.000203,0.000155,185,0.000076,0,29,1,0.001799
41039,Lane County,,OR,18400,357395,375795,75,64,139,12437,12710,25147,6,0.363045,0.393937,5051.471775,0.026544,0.027948,185,0.00092,0,29,0.509937,0.205213
41041,Lincoln County,,OR,3582,45719,49301,16,17,33,1734,2111,3845,6,0.335299,0.355839,93.39407,0.005014,0.005314,185,0.000256,0,29,0.882353,0.040755
41043,Linn County,,OR,7427,122834,130261,23,23,46,5694,5110,10804,6,0.340056,0.362,138.612466,0.008459,0.008874,185,0.000331,0,29,0.786232,0.067567
41045,Malheur County,,OR,2133,28496,30629,4,6,10,767,1123,1890,7,0.269291,0.282634,17.424305,0.000377,0.000464,185,0.000135,0,29,0.6,0.003621
41047,Marion County,,OR,18263,338083,356346,54,49,103,14162,14182,28344,6,0.350199,0.378069,1656.998106,0.019525,0.018242,185,0.00069,0,29,0.553107,0.150889
41049,Morrow County,,OR,1045,13124,14169,1,4,5,345,573,918,7,0.270699,0.283973,0,0.000046,0.000539,185,0.000065,0,29,0.833333,0.000519
41051,Multnomah County,,OR,56374,778453,834827,175,142,317,52783,48527,101310,6,0.402498,0.442167,48627.328239,0.069554,0.057197,185,0.002154,0,29,0.335705,0.520699
41053,Polk County,,OR,6870,77248,84118,17,15,32,4949,5152,10101,6,0.334294,0.354443,33.274399,0.005555,0.004781,185,0.000262,0,29,0.883041,0.045624
41055,Sherman County,,OR,200,1989,2189,0,0,0,0,0,0,0,0,0,0,0,0,128,0.000051,117,193,0,0
41057,Tillamook County,,OR,1476,26469,27945,10,9,19,797,637,1434,7,0.287841,0.302317,0.45202,0.001805,0.001771,185,0.000178,0,29,0.945455,0.015446
41059,Umatilla County,,OR,4323,80685,85008,23,22,45,2815,2591,5406,6,0.33557,0.357144,4524.245665,0.006515,0.00568,185,0.000372,0,29,0.563492,0.052888
41061,Union County,,OR,1740,27400,29140,7,8,15,528,666,1194,7,0.290319,0.305903,3000.544599,0.001196,0.001762,185,0.000191,0,29,0.636364,0.010278
41063,Wallowa County,,OR,468,7914,8382,0,1,1,0,60,60,8,0.225058,0.232013,0,0,0.00001,185,0.000051,0,194,0,0
41065,Wasco County,,OR,1719,25905,27624,7,7,14,814,711,1525,7,0.288099,0.302547,3.566152,0.001458,0.001539,185,0.000142,0,29,0.833333,0.012273
41067,Washington County,,OR,39959,589501,629460,120,103,223,35769,32904,68673,6,0.385024,0.421264,15140.60327,0.04657,0.046107,185,0.001514,0,29,0.406142,0.358495
41069,Wheeler County,,OR,105,1343,1448,0,0,0,0,0,0,0,0,0,0,0,0,129,0.000051,118,195,0,0
41071,Yamhill County,,OR,5991,102373,108364,24,16,40,4251,3913,8164,6,0.337798,0.358293,159.140579,0.008973,0.005826,185,0.000335,0,29,0.78442,0.071277
42001,Adams County,,PA,5853,123120,128973,13,13,26,3690,3600,7290,6,0.313819,0.33192,84.835274,0.003827,0.004589,130,0.000185,0,29,0.729167,0.025964
42003,Allegheny County,,PA,49642,1434713,1484355,229,215,444,41191,41088,82279,6,0.423419,0.468891,172332.455859,0.089936,0.089053,130,0.002811,0,29,0.290667,0.650294
42005,Armstrong County,,PA,3126,81909,85035,6,6,12,1858,2049,3907,7,0.29768,0.312262,3.3,0.000917,0.000856,130,0.000148,0,29,0.7,0.006656
42007,Beaver County,,PA,7071,208227,215298,14,13,27,4342,4000,8342,6,0.337641,0.357799,596.505707,0.004698,0.003848,130,0.000226,0,29,0.561905,0.033757
42009,Bedford County,,PA,1761,60235,61996,9,8,17,961,912,1873,7,0.298231,0.313302,468.234353,0.001105,0.000822,130,0.000188,0,29,0.430556,0.008117
42011,Berks County,,PA,17791,498596,516387,45,60,105,11211,12400,23611,6,0.361461,0.391092,2124.573056,0.021372,0.02961,130,0.000442,0,29,0.616317,0.146998
42013,Blair County,,PA,3974,148771,152745,16,12,28,2122,1804,3926,7,0.30133,0.317567,182.050534,0.002305,0.001939,130,0.000245,0,29,0.522876,0.014752
42015,Bradford County,,PA,2790,73062,75852,12,9,21,1197,1274,2471,7,0.263828,0.276171,2705.057968,0.001297,0.000244,107,0.00028,0,29,0.272727,0.010411
42017,Bucks County,,PA,31837,780001,811838,84,107,191,25488,25301,50789,6,0.382233,0.418701,3276.874873,0.044183,0.054841,130,0.000782,0,29,0.562527,0.309781
42019,Butler County,,PA,9099,224635,233734,19,17,36,6216,5377,11593,6,0.333372,0.353868,1033.899731,0.005025,0.005038,130,0.000307,0,29,0.403986,0.035682
42021,Cambria County,,PA,5237,165146,170383,12,14,26,2301,2655,4956,6,0.328091,0.347201,225.499326,0.002364,0.003114,130,0.000197,0,29,0.5,0.015528
42023,Cameron County,,PA,256,6151,6407,0,1,1,0,50,50,8,0.229509,0.235975,0,0,0.000006,130,0.000051,0,196,0,0
42025,Carbon County,,PA,3670,75783,79453,10,11,21,2672,2382,5054,6,0.294028,0.309615,0.169774,0.003578,0.002737,130,0.000124,0,29,0.94697,0.022115
42027,Centre County,,PA,8720,139585,148305,33,42,75,3136,4127,7263,6,0.359668,0.387224,10063.436104,0.012236,0.019534,130,0.000411,0,29,0.544928,0.08438
42029,Chester County,,PA,27517,597398,624915,91,102,193,21762,21227,42989,6,0.383142,0.419236,3599.183563,0.047315,0.052954,130,0.000894,0,29,0.540634,0.335684
42031,Clarion County,,PA,1778,43348,45126,7,7,14,905,905,1810,7,0.297772,0.312521,1462.954139,0.000789,0.000878,130,0.000195,0,29,0.535714,0.006311
42033,Clearfield County,,PA,3333,92382,95715,9,9,18,1682,1777,3459,7,0.297955,0.313095,19.882082,0.001383,0.00104,130,0.000182,0,29,0.566667,0.009141
42035,Clinton County,,PA,1631,42692,44323,2,2,4,811,783,1594,7,0.264792,0.275378,0,0.00018,0.000131,130,0.000077,0,29,1,0.001077
42037,Columbia County,,PA,3193,71441,74634,11,10,21,1640,1693,3333,6,0.293939,0.309397,2061.763172,0.002229,0.001638,130,0.000192,0,29,0.636364,0.014369
42039,Crawford County,,PA,3713,98663,102376,7,7,14,1722,1928,3650,7,0.297802,0.312578,7.301031,0.000957,0.000893,130,0.000157,0,29,0.666667,0.006955
42041,Cumberland County,,PA,15662,283848,299510,47,50,97,10874,10009,20883,6,0.356791,0.384569,10796.02278,0.018476,0.020677,130,0.000549,0,29,0.50929,0.13282
42043,Dauphin County,,PA,17323,323425,340748,49,58,107,11128,12261,23389,6,0.367927,0.397782,14953.274061,0.019275,0.029254,130,0.000574,0,29,0.546875,0.135659
42045,Delaware County,,PA,29788,648318,678106,67,83,150,22436,24588,47024,6,0.380278,0.413172,2077.509068,0.0374,0.045536,130,0.000668,0,29,0.67163,0.268616
42047,Elk County,,PA,1040,40894,41934,5,5,10,414,388,802,7,0.297772,0.312291,2905.286637,0.000736,0.000834,130,0.000173,0,29,0.433333,0.005735
42049,Erie County,,PA,9985,319666,329651,31,41,72,3865,4793,8658,6,0.368863,0.396937,7450.838053,0.01111,0.01991,130,0.000465,0,29,0.437959,0.079099
42051,Fayette County,,PA,4435,154131,158566,7,8,15,2367,2637,5004,6,0.31304,0.329552,577.226883,0.001601,0.001941,130,0.000185,0,29,0.458333,0.010977
42053,Forest County,,PA,453,5458,5911,2,2,4,115,111,226,8,0.229612,0.23643,0.333333,0.000721,0.000014,130,0.000086,0,29,0.666667,0.005347
42055,Franklin County,,PA,6480,189049,195529,19,19,38,3879,3346,7225,7,0.304654,0.322842,1990.01685,0.005463,0.004299,130,0.000282,0,29,0.521739,0.03858
42057,Fulton County,,PA,751,18226,18977,4,4,8,391,384,775,7,0.243472,0.252813,2.672546,0.000113,0.000115,130,0.000115,0,29,0.666667,0.001205
42059,Greene County,,PA,1636,40462,42098,5,4,9,683,907,1590,7,0.298969,0.313325,0,0.000927,0.000796,130,0.000147,0,29,1,0.006681
42061,Huntingdon County,,PA,1772,50032,51804,7,7,14,760,914,1674,7,0.267552,0.279527,58.978028,0.000387,0.000325,130,0.000159,0,29,0.571429,0.00291
42063,Indiana County,,PA,4113,93899,98012,8,12,20,1682,2097,3779,7,0.30108,0.317273,106.306078,0.001661,0.001684,130,0.000164,0,29,0.378205,0.011671
42065,Jefferson County,,PA,2393,53839,56232,7,6,13,1249,1294,2543,7,0.29768,0.312262,9.0625,0.00077,0.000765,130,0.000177,0,29,0.5,0.006143
42067,Juniata County,,PA,940,29036,29976,5,5,10,558,499,1057,7,0.270649,0.282495,3.530014,0.000415,0.000322,130,0.000129,0,29,0.75,0.002693
42069,Lackawanna County,,PA,8578,245932,254510,29,31,60,4888,4861,9749,6,0.345814,0.369557,3719.581663,0.010419,0.014897,130,0.000314,0,29,0.618084,0.065712
42071,Lancaster County,,PA,18985,647792,666777,60,76,136,11983,12448,24431,6,0.372129,0.404293,10654.065321,0.026747,0.035557,130,0.000623,0,29,0.496845,0.187662
42073,Lawrence County,,PA,3403,104836,108239,7,8,15,1673,1784,3457,6,0.311526,0.328115,6.04767,0.001147,0.002035,130,0.000133,0,29,0.666667,0.00788
42075,Lebanon County,,PA,6464,168279,174743,19,15,34,4367,3679,8046,6,0.313785,0.332149,98.787277,0.007664,0.00509,130,0.000211,0,29,0.712121,0.050565
42077,Lehigh County,,PA,21947,418558,440505,67,78,145,18041,16614,34655,6,0.367275,0.399374,1586.711766,0.033182,0.038418,130,0.0006,0,29,0.63119,0.223866
42079,Luzerne County,,PA,12204,373392,385596,49,50,99,8462,7295,15757,6,0.355959,0.384075,12223.059842,0.018383,0.02233,130,0.00053,0,29,0.5564,0.122825
42081,Lycoming County,,PA,4673,135765,140438,21,18,39,2206,2351,4557,6,0.302398,0.319718,11739.039498,0.004058,0.002928,130,0.000384,0,29,0.363636,0.027003
42083,McKean County,,PA,1750,48079,49829,6,6,12,555,633,1188,7,0.297955,0.31275,2826.650934,0.000743,0.000833,130,0.000182,0,29,0.309524,0.005867
42085,Mercer County,,PA,4732,133107,137839,10,13,23,2471,2626,5097,7,0.301549,0.317952,24.69882,0.001299,0.001705,130,0.000187,0,29,0.49359,0.008766
42087,Mifflin County,,PA,1429,55076,56505,8,9,17,798,695,1493,7,0.275823,0.28942,35.174094,0.000865,0.000846,130,0.000174,0,29,0.597222,0.005192
42089,Monroe County,,PA,10202,185115,195317,37,43,80,7366,6860,14226,6,0.344336,0.3695,923.881631,0.013834,0.019407,130,0.00032,0,29,0.678824,0.083179
42091,Montgomery County,,PA,46471,962724,1009195,124,135,259,40095,39326,79421,6,0.394988,0.434149,13856.445795,0.065178,0.067937,130,0.001211,0,29,0.515867,0.46302
42093,Montour County,,PA,1376,22132,23508,4,3,7,666,638,1304,7,0.232316,0.239998,0,0.000055,0.000067,130,0.000119,0,29,1,0.000828
42095,Northampton County,,PA,17895,356746,374641,46,62,108,13323,13428,26751,6,0.364872,0.395052,761.681715,0.020706,0.032609,130,0.000398,0,29,0.704829,0.133028
42097,Northumberland County,,PA,4181,108226,112407,14,14,28,2810,2674,5484,7,0.293433,0.309549,1735.481513,0.002029,0.002059,130,0.000245,0,29,0.6375,0.012985
42099,Perry County,,PA,2692,56904,59596,5,7,12,1640,1784,3424,7,0.275534,0.288644,7.624304,0.000953,0.000788,130,0.000105,0,29,0.690476,0.005457
42101,Philadelphia County,,PA,78237,1501860,1580097,182,180,362,63193,69451,132644,6,0.412283,0.455333,30567.629443,0.081714,0.083521,130,0.001845,0,29,0.398266,0.583238
42103,Pike County,,PA,4176,64400,68576,26,17,43,3018,2253,5271,6,0.305263,0.322885,117.558795,0.01047,0.005726,130,0.000236,0,29,0.76455,0.062873
42105,Potter County,,PA,973,19621,20594,3,3,6,308,303,611,8,0.230984,0.238579,7.301427,0.000015,0.000028,130,0.000127,0,29,0.166667,0.000458
42107,Schuylkill County,,PA,5445,171806,177251,18,19,37,3383,3356,6739,6,0.30243,0.319822,40.554923,0.005473,0.004423,130,0.000207,0,29,0.755411,0.034043
42109,Snyder County,,PA,1927,45041,46968,9,5,14,1223,1003,2226,7,0.269191,0.280616,92.8155,0.000522,0.000182,130,0.000186,0,29,0.6,0.003901
42111,Somerset County,,PA,2818,89937,92755,7,8,15,1248,1367,2615,7,0.298201,0.313245,431.328686,0.000917,0.000862,130,0.000176,0,29,0.464286,0.006641
42113,Sullivan County,,PA,406,6902,7308,2,2,4,129,166,295,7,0.232484,0.240158,0,0.000025,0.000043,130,0.000095,0,29,1,0.000502
42115,Susquehanna County,,PA,2078,49713,51791,6,6,12,1059,1151,2210,7,0.265325,0.277625,16.09451,0.00044,0.000346,130,0.000149,0,29,0.566667,0.002782
42117,Tioga County,,PA,1874,47186,49060,9,5,14,864,630,1494,7,0.237452,0.246805,1034.136957,0.001563,0.000085,107,0.000193,0,29,0.347222,0.009988
42119,Union County,,PA,2362,42396,44758,4,6,10,1143,1236,2379,7,0.269342,0.281018,2.502427,0.000055,0.000226,130,0.000132,0,29,0.733333,0.000859
42121,Venango County,,PA,2272,63937,66209,7,6,13,1076,1113,2189,7,0.297741,0.312348,2.355263,0.000949,0.000875,130,0.000165,0,29,0.761905,0.006907
42123,Warren County,,PA,1678,48438,50116,6,6,12,637,686,1323,7,0.297833,0.312521,1459.889249,0.000921,0.000843,130,0.000163,0,29,0.452381,0.006489
42125,Washington County,,PA,9003,246997,256000,16,15,31,5965,5379,11344,6,0.320124,0.339977,1535.476813,0.003947,0.003689,130,0.00033,0,29,0.392157,0.030358
42127,Wayne County,,PA,3075,57629,60704,12,6,18,1695,1375,3070,7,0.2639,0.275797,119.84645,0.004119,0.000477,130,0.000155,0,29,0.704545,0.025434
42129,Westmoreland County,,PA,14325,444877,459202,27,35,62,9912,9737,19649,6,0.363181,0.389707,4580.935539,0.008555,0.016857,130,0.000412,0,29,0.454123,0.063762
42131,Wyoming County,,PA,1922,33358,35280,4,4,8,1050,1259,2309,7,0.263373,0.274475,0.775906,0.000303,0.000245,130,0.000116,0,29,0.916667,0.001968
42133,York County,,PA,19773,539592,559365,56,70,126,13556,13699,27255,6,0.361867,0.391805,5092.1906,0.02512,0.032983,130,0.000601,0,29,0.518149,0.180054
44001,Bristol County,,RI,2959,55013,57972,5,7,12,1771,1753,3524,7,0.295225,0.310618,0.140909,0.00173,0.002476,103,0.000086,0,29,0.946429,0.010483
44003,Kent County,,RI,11418,199133,210551,16,21,37,7957,8297,16254,6,0.342183,0.364144,111.079942,0.007225,0.011896,103,0.000174,0,29,0.801538,0.048099
44005,Newport County,,RI,7638,90907,98545,26,30,56,3399,4253,7652,6,0.338825,0.36173,356.280348,0.012679,0.016113,103,0.000279,0,29,0.64039,0.089023
44007,Providence County,,RI,30354,688572,718926,76,101,177,19994,24046,44040,6,0.381228,0.416983,2950.208891,0.042768,0.054246,103,0.000737,0,29,0.585071,0.305773
44009,Washington County,,RI,7406,143005,150411,13,23,36,4376,4872,9248,6,0.330522,0.351546,8.220388,0.005196,0.011418,103,0.000147,0,29,0.814229,0.032999
45001,Abbeville County,,SC,1467,25768,27235,4,5,9,709,933,1642,7,0.28747,0.301118,0,0.000477,0.00095,183,0.000107,0,29,1,0.004155
45003,Aiken County,,SC,8807,173304,182111,28,22,50,5282,4935,10217,6,0.321615,0.342644,2421.022121,0.008942,0.007112,0,0.000427,0,29,0.469892,0.069943
45005,Allendale County,,SC,587,8711,9298,2,4,6,139,279,418,7,0.285968,0.298888,0.917356,0.000012,0.000513,0,0.000087,0,29,0.666667,0.00025
45007,Anderson County,,SC,9136,203337,212473,22,21,43,6069,5611,11680,6,0.320726,0.341408,3160.514774,0.005678,0.007673,183,0.000367,0,29,0.549231,0.046517
45009,Bamberg County,,SC,862,14209,15071,3,4,7,305,425,730,7,0.286024,0.298946,0.596879,0.000068,0.000634,183,0.000096,0,29,0.75,0.000651
45011,Barnwell County,,SC,1287,23147,24434,6,6,12,552,737,1289,7,0.286137,0.299377,755.14674,0.000272,0.000704,0,0.000146,0,29,0.547619,0.002695
45013,Beaufort County,,SC,14779,169017,183796,69,66,135,7331,7831,15162,6,0.378392,0.409092,6875.067353,0.035672,0.037736,8,0.000796,0,29,0.574157,0.260105
45015,Berkeley County,,SC,19783,185920,205703,65,51,116,15105,13842,28947,6,0.358822,0.387684,4366.802731,0.031723,0.025015,183,0.000793,0,29,0.557758,0.241111
45017,Calhoun County,,SC,765,15422,16187,3,3,6,583,523,1106,7,0.285968,0.298716,0,0.000631,0.000632,183,0.000088,0,29,1,0.005066
45019,Charleston County,,SC,31389,354465,385854,144,100,244,25206,22774,47980,6,0.391363,0.426207,12515.005547,0.065421,0.053614,183,0.001657,0,29,0.421471,0.479247
45021,Cherokee County,,SC,2572,58394,60966,9,6,15,1533,1480,3013,7,0.282184,0.294992,308.71291,0.001968,0.000751,183,0.000169,0,29,0.708333,0.015818
45023,Chester County,,SC,1929,35060,36989,5,5,10,1060,1270,2330,7,0.302209,0.317848,36.518129,0.001079,0.001474,183,0.000124,0,29,0.833333,0.009195
45025,Chesterfield County,,SC,1986,46117,48103,10,10,20,1107,1138,2245,7,0.302525,0.318998,557.408278,0.001589,0.001935,183,0.000191,0,29,0.55303,0.013239
45027,Clarendon County,,SC,1920,34064,35984,7,7,14,883,1115,1998,7,0.287413,0.301164,1.630334,0.00117,0.001024,183,0.000149,0,29,0.892857,0.009926
45029,Colleton County,,SC,2357,41069,43426,7,10,17,1112,1367,2479,7,0.288586,0.303607,625.02186,0.001567,0.002087,183,0.00014,0,29,0.6,0.012868
45031,Darlington County,,SC,3786,71509,75295,8,14,22,2002,2452,4454,7,0.303983,0.32136,737.79645,0.001829,0.003018,183,0.000169,0,29,0.582418,0.015383
45033,Dillon County,,SC,1777,33866,35643,6,6,12,690,845,1535,7,0.290203,0.305012,91.816043,0.000454,0.001125,183,0.000147,0,29,0.547619,0.004159
45035,Dorchester County,,SC,15058,146002,161060,36,33,69,11034,9830,20864,6,0.357627,0.383707,823.226248,0.017773,0.018678,183,0.000479,0,29,0.670531,0.140506
45037,Edgefield County,,SC,1744,25346,27090,5,7,12,935,1258,2193,7,0.288127,0.302021,7.592244,0.00062,0.001099,0,0.000126,0,29,0.833333,0.005485
45039,Fairfield County,,SC,1315,24135,25450,5,6,11,640,869,1509,7,0.286081,0.299291,4.679462,0.00063,0.000791,183,0.000135,0,29,0.633333,0.0053
45041,Florence County,,SC,7421,145830,153251,26,28,54,4605,4722,9327,6,0.335183,0.359213,1356.153803,0.005036,0.009823,183,0.000437,0,29,0.471774,0.042412
45043,Georgetown County,,SC,3649,66910,70559,9,9,18,1726,1892,3618,7,0.303284,0.319975,35.677839,0.003095,0.003144,183,0.000177,0,29,0.888889,0.026317
45045,Greenville County,,SC,26728,493776,520504,128,94,222,20851,18414,39265,6,0.391363,0.42558,26787.882379,0.055974,0.045657,183,0.001555,0,29,0.40309,0.413558
45047,Greenwood County,,SC,3553,75460,79013,13,15,28,2046,2083,4129,6,0.311761,0.330218,3197.303211,0.001536,0.003556,183,0.000247,0,29,0.536765,0.012655
45049,Hampton County,,SC,1230,20764,21994,5,7,12,388,581,969,7,0.286533,0.30021,2287.176282,0.000765,0.00077,8,0.000124,0,29,0.5,0.00584
45051,Horry County,,SC,17090,293967,311057,140,77,217,13341,8954,22295,6,0.376086,0.40858,16324.721828,0.050275,0.037099,183,0.00154,0,29,0.332936,0.351955
45053,Jasper County,,SC,2310,21938,24248,5,5,10,1303,1296,2599,7,0.290145,0.304268,27.525552,0.000759,0.001179,8,0.000121,0,29,0.666667,0.005938
45055,Kershaw County,,SC,3877,67046,70923,13,11,24,2376,2068,4444,7,0.303856,0.320785,105.348038,0.002467,0.003002,183,0.000241,0,29,0.675824,0.021009
45057,Lancaster County,,SC,4271,80588,84859,12,12,24,2973,2487,5460,7,0.303189,0.320291,15.434624,0.002735,0.003271,183,0.000219,0,29,0.631868,0.021741
45059,Laurens County,,SC,3745,67918,71663,9,11,20,2279,2629,4908,7,0.303125,0.320061,31.308128,0.001259,0.002614,183,0.000176,0,29,0.754545,0.010009
45061,Lee County,,SC,1310,18049,19359,5,5,10,597,852,1449,7,0.286646,0.299727,0.209524,0.000664,0.000596,183,0.000118,0,29,0.95,0.005047
45063,Lexington County,,SC,18182,287619,305801,54,51,105,13648,12597,26245,6,0.346931,0.374351,11293.150857,0.02106,0.019124,183,0.000771,0,29,0.438492,0.164066
45065,McCormick County,,SC,596,9892,10488,1,3,4,99,273,372,7,0.271841,0.283874,1.187041,0.000029,0.00042,183,0.000065,0,29,0.5,0.0002
45067,Marion County,,SC,1952,34226,36178,5,4,9,962,1050,2012,7,0.286675,0.299854,10.856885,0.000841,0.00088,183,0.000124,0,29,0.85,0.006993
45069,Marlboro County,,SC,1435,28177,29612,5,8,13,538,733,1271,7,0.293463,0.308796,13.386145,0.000096,0.001567,183,0.000129,0,29,0.541667,0.001003
45071,Newberry County,,SC,2033,41350,43383,7,7,14,957,1034,1991,7,0.287556,0.301549,11.13195,0.001013,0.001084,183,0.000156,0,29,0.714286,0.008682
45073,Oconee County,,SC,3914,78104,82018,8,7,15,1539,1879,3418,7,0.301299,0.317457,25.095149,0.002589,0.002091,183,0.000158,0,29,0.7,0.020319
45075,Orangeburg County,,SC,5148,92462,97610,17,21,38,2593,3355,5948,6,0.314944,0.334339,2889.275697,0.003761,0.005725,183,0.000309,0,29,0.511858,0.032078
45077,Pickens County,,SC,7670,116681,124351,11,16,27,4434,4996,9430,6,0.319137,0.338931,42.800912,0.002528,0.006269,183,0.000198,0,29,0.771242,0.020128
45079,Richland County,,SC,32253,383519,415772,137,123,260,24494,24175,48669,6,0.39989,0.437333,66142.577093,0.053955,0.053809,183,0.001781,0,29,0.356385,0.412927
45081,Saluda County,,SC,1243,23426,24669,6,6,12,791,803,1594,7,0.286137,0.299377,5.991389,0.000688,0.000699,183,0.000141,0,29,0.8,0.005857
45083,Spartanburg County,,SC,13481,309928,323409,33,44,77,8492,8522,17014,6,0.349271,0.375443,5738.51264,0.010827,0.01879,183,0.000502,0,29,0.533245,0.086684
45085,Sumter County,,SC,8887,114642,123529,32,30,62,3342,3767,7109,6,0.348181,0.372678,2682.369011,0.011046,0.013168,183,0.000472,0,29,0.462213,0.089548
45087,Union County,,SC,1091,29521,30612,2,4,6,331,532,863,7,0.281964,0.294302,0,0.000157,0.000705,183,0.000084,0,29,1,0.000994
45089,Williamsburg County,,SC,1789,34319,36108,6,7,13,874,1014,1888,7,0.287927,0.301871,1.18267,0.001042,0.001254,183,0.000141,0,29,0.880952,0.00908
45091,York County,,SC,12904,252630,265534,50,43,93,9504,8044,17548,6,0.357716,0.384856,3872.315894,0.01906,0.018857,183,0.000653,0,29,0.482391,0.1411
46003,Aurora County,,SD,187,3297,3484,1,0,1,56,0,56,0,0,0,0,0.000001,0,144,0.000103,0,10,0,0.000104
46005,Beadle County,,SD,1272,20006,21278,2,6,8,131,386,517,7,0.270952,0.282864,5839,0.000124,0.000149,144,0.000135,0,29,0.466667,0.000833
46007,Bennett County,,SD,254,3149,3403,0,1,1,0,53,53,7,0.260273,0.269748,0,0,0.000066,144,0.000051,0,197,0,0
46009,Bon Homme County,,SD,447,6990,7437,1,2,3,96,170,266,7,0.26822,0.278783,0,0.000004,0.00008,144,0.000085,0,29,1,0.000112
46011,Brookings County,,SD,2710,31030,33740,10,10,20,796,1079,1875,6,0.337288,0.357052,7955.936544,0.000156,0.001904,144,0.000432,0,29,0.301282,0.001764
46013,Brown County,,SD,2363,43069,45432,12,12,24,788,938,1726,6,0.305778,0.321569,24966.894284,0.000279,0.000839,144,0.000664,0,29,0.21978,0.002768
46015,Brule County,,SD,383,6105,6488,1,1,2,47,52,99,7,0.268189,0.278572,2901,0,0.000078,144,0.000094,0,198,0,0.000084
46017,Buffalo County,,SD,115,1928,2043,0,0,0,0,0,0,0,0,0,0,0,0,131,0.000051,119,199,0,0
46019,Butte County,,SD,885,11045,11930,4,4,8,510,395,905,7,0.261261,0.271691,50.8709,0.000095,0.000125,144,0.000204,0,29,0.6,0.001176
46021,Campbell County,,SD,113,1751,1864,0,0,0,0,0,0,0,0,0,0,0,0,132,0.000051,120,200,0,0
46023,Charles Mix County,,SD,414,9458,9872,1,1,2,81,83,164,7,0.268146,0.278496,0,0.000124,0.000078,144,0.000076,0,29,0,0.000747
46025,Clark County,,SD,280,3788,4068,0,1,1,0,71,71,8,0.212996,0.218984,0,0,0.000002,144,0.000051,0,201,0,0
46027,Clay County,,SD,1543,11853,13396,6,5,11,520,571,1091,7,0.270851,0.28249,34.377935,0.000284,0.000162,144,0.000217,0,29,0.666667,0.002208
46029,Codington County,,SD,1773,31992,33765,11,9,20,844,728,1572,7,0.270548,0.283438,16694.55876,0.000252,0.000136,144,0.000453,0,29,0.227273,0.002387
46031,Corson County,,SD,273,3473,3746,0,1,1,0,62,62,7,0.252502,0.260746,0,0,0.000026,144,0.000051,0,202,0,0
46033,Custer County,,SD,690,8765,9455,2,1,3,209,191,400,7,0.26023,0.269668,0,0.000208,0.000066,144,0.000107,0,29,1,0.001403
46035,Davison County,,SD,1571,22502,24073,6,6,12,426,479,905,7,0.2708,0.282519,14585.028354,0.000126,0.00016,144,0.000367,0,29,0.166667,0.001197
46037,Day County,,SD,407,6659,7066,2,2,4,135,134,269,7,0.234287,0.241253,0,0.000008,0.000004,144,0.000141,0,29,1,0.000252
46039,Deuel County,,SD,356,5456,5812,1,2,3,56,110,166,7,0.252811,0.261129,0,0.000001,0.000003,144,0.000094,0,29,1,0.000123
46041,Dewey County,,SD,335,6598,6933,0,1,1,0,46,46,7,0.260273,0.269748,0,0,0.000066,144,0.000051,0,203,0,0
46043,Douglas County,,SD,128,3570,3698,0,0,0,0,0,0,0,0,0,0,0,0,133,0.000051,121,204,0,0
46045,Edmunds County,,SD,311,4420,4731,1,1,2,138,126,264,7,0.234192,0.240879,0,0.000007,0.000002,144,0.000098,0,29,0,0.000129
46047,Fall River County,,SD,658,7638,8296,1,1,2,74,128,202,7,0.26023,0.269668,0,0.000084,0.000066,144,0.000082,0,29,0,0.000656
46049,Faulk County,,SD,137,2382,2519,0,0,0,0,0,0,0,0,0,0,0,0,134,0.000051,122,205,0,0
46051,Grant County,,SD,577,9263,9840,1,2,3,45,150,195,7,0.26832,0.278984,0,0.000001,0.00008,144,0.000077,0,29,0.833333,0.000087
46053,Gregory County,,SD,249,5075,5324,0,0,0,0,0,0,0,0,0,0,0,0,135,0.000051,123,206,0,0
46055,Haakon County,,SD,102,2456,2558,0,0,0,0,0,0,0,0,0,0,0,0,136,0.000051,124,207,0,0
46057,Hamlin County,,SD,420,6631,7051,1,3,4,95,208,303,7,0.268345,0.279157,0,0.000001,0.000082,144,0.000094,0,29,1,0.000123
46059,Hand County,,SD,184,4086,4270,0,0,0,0,0,0,0,0,0,0,0,0,137,0.000051,125,208,0,0
46061,Hanson County,,SD,415,5343,5758,1,1,2,44,44,88,8,0.21311,0.218619,0,0.000001,0.000001,144,0.000103,0,29,0,0.000104
46063,Harding County,,SD,52,1519,1571,0,0,0,0,0,0,0,0,0,0,0,0,138,0.000051,126,209,0,0
46065,Hughes County,,SD,1595,20438,22033,4,4,8,509,487,996,7,0.270826,0.282346,5839,0.000215,0.000147,144,0.000241,0,29,0.5,0.001618
46067,Hutchinson County,,SD,424,8445,8869,2,1,3,83,70,153,8,0.21311,0.218619,0,0.000125,0.000001,144,0.000128,0,29,1,0.000851
46069,Hyde County,,SD,117,1633,1750,0,0,0,0,0,0,0,0,0,0,0,0,139,0.000051,127,210,0,0
46071,Jackson County,,SD,156,2745,2901,1,0,1,42,0,42,0,0,0,0,0.000084,0,144,0.000082,0,9,0,0.000656
46073,Jerauld County,,SD,190,2158,2348,1,1,2,42,40,82,8,0.213204,0.218791,0,0.000001,0.000001,144,0.00007,0,29,0,0.000094
46075,Jones County,,SD,76,1252,1328,0,0,0,0,0,0,0,0,0,0,0,0,140,0.000051,128,211,0,0
46077,Kingsbury County,,SD,331,6203,6534,1,2,3,67,102,169,7,0.268196,0.278726,0,0.000015,0.00008,144,0.000087,0,29,1,0.000117
46079,Lake County,,SD,951,13661,14612,3,2,5,270,285,555,7,0.268196,0.278726,0,0.00016,0.00008,144,0.000146,0,29,1,0.001082
46081,Lawrence County,,SD,2226,26519,28745,5,5,10,803,883,1686,7,0.271714,0.283691,103.515131,0.000243,0.000202,144,0.000226,0,29,0.6,0.002144
46083,Lincoln County,,SD,5002,53563,58565,14,13,27,4235,3331,7566,6,0.339539,0.359747,6472.603451,0.001764,0.00253,144,0.000505,0,29,0.3125,0.014048
46085,Lyman County,,SD,236,4125,4361,0,1,1,0,47,47,8,0.211531,0.216645,0,0,0,144,0.000051,0,212,0,0
46087,McCook County,,SD,541,6475,7016,1,2,3,138,248,386,7,0.26822,0.278783,0,0.000124,0.000079,144,0.000076,0,29,1,0.000747
46089,McPherson County,,SD,175,2547,2722,1,1,2,45,49,94,7,0.234192,0.240879,0,0.000007,0.000002,144,0.000098,0,29,0,0.000129
46091,Marshall County,,SD,310,4834,5144,0,0,0,0,0,0,0,0,0,0,0,0,141,0.000051,129,213,0,0
46093,Meade County,,SD,3881,28797,32678,9,4,13,3326,1738,5064,6,0.332989,0.350971,1743.240464,0.003841,0.001172,144,0.000244,0,29,0.555556,0.029384
46095,Mellette County,,SD,77,1915,1992,0,0,0,0,0,0,0,0,0,0,0,0,142,0.000051,130,214,0,0
46097,Miner County,,SD,169,2697,2866,0,0,0,0,0,0,0,0,0,0,0,0,143,0.000051,131,215,0,0
46099,Minnehaha County,,SD,14409,209967,224376,52,54,106,8380,8697,17077,6,0.366347,0.39508,151999.414733,0.009757,0.015482,144,0.001602,0,29,0.16825,0.075473
46101,Moody County,,SD,487,7667,8154,2,2,4,185,205,390,7,0.268196,0.278726,0,0.000139,0.00008,144,0.000113,0,29,1,0.000864
46103,Pennington County,,SD,10861,115442,126303,36,34,70,4430,5717,10147,6,0.351728,0.376845,77862.524986,0.008264,0.01046,144,0.001258,0,29,0.221256,0.068289
46105,Perkins County,,SD,125,3411,3536,0,0,0,0,0,0,0,0,0,0,0,0,145,0.000051,132,216,0,0
46107,Potter County,,SD,124,3030,3154,0,0,0,0,0,0,0,0,0,0,0,0,146,0.000051,133,217,0,0
46109,Roberts County,,SD,519,11711,12230,1,3,4,61,144,205,7,0.268345,0.279157,2940,0.000001,0.00008,144,0.000094,0,29,0.666667,0.000123
46111,Sanborn County,,SD,223,2763,2986,0,1,1,0,78,78,8,0.213152,0.218716,0,0,0.000001,144,0.000051,0,218,0,0
46113,Shannon County,,SD,563,11856,12419,1,2,3,178,245,423,7,0.26037,0.270071,5879.543478,0.000084,0.000066,144,0.000082,0,29,0,0.000656
46115,Spink County,,SD,324,7222,7546,1,1,2,70,73,143,7,0.234192,0.240879,0,0.000007,0.000002,144,0.000098,0,29,0,0.000129
46117,Stanley County,,SD,357,3612,3969,1,1,2,201,190,391,8,0.213126,0.21859,0,0.000001,0.000002,144,0.000102,0,29,0,0.000104
46119,Sully County,,SD,126,1686,1812,0,0,0,0,0,0,0,0,0,0,0,0,147,0.000051,134,219,0,0
46121,Todd County,,SD,395,8737,9132,1,1,2,100,61,161,7,0.26023,0.269668,0,0.000084,0.000066,144,0.000082,0,29,0,0.000656
46123,Tripp County,,SD,309,6673,6982,0,1,1,0,40,40,7,0.260273,0.269748,0,0,0.000066,144,0.000051,0,220,0,0
46125,Turner County,,SD,616,9620,10236,2,2,4,327,325,652,7,0.268171,0.278668,0,0.000144,0.000092,144,0.000109,0,29,1,0.000965
46127,Union County,,SD,1512,17796,19308,6,7,13,858,763,1621,7,0.294566,0.307544,179.489961,0.000205,0.00049,97,0.000204,0,29,0.547619,0.001653
46129,Walworth County,,SD,357,6547,6904,0,0,0,0,0,0,0,0,0,0,0,0,148,0.000051,135,221,0,0
46135,Yankton County,,SD,1526,25060,26586,7,7,14,667,608,1275,7,0.295647,0.308561,6046.563663,0.000216,0.000519,144,0.000279,0,29,0.319444,0.00198
46137,Ziebach County,,SD,92,1345,1437,0,0,0,0,0,0,0,0,0,0,0,0,149,0.000051,136,222,0,0
47001,Anderson County,,TN,5367,80881,86248,10,11,21,3090,3286,6376,6,0.301612,0.316351,352.190234,0.000979,0.001371,150,0.00031,0,29,0.409091,0.008906
47003,Bedford County,,TN,3089,49588,52677,11,9,20,1793,1742,3535,6,0.300114,0.313621,1443.6456,0.001018,0.001106,150,0.000289,0,29,0.536364,0.009615
47005,Benton County,,TN,877,16994,17871,3,3,6,274,316,590,7,0.236599,0.243697,3.366667,0.000028,0.000025,150,0.000144,0,29,0.333333,0.000479
47007,Bledsoe County,,TN,590,11018,11608,4,4,8,272,327,599,7,0.276085,0.287233,5.111111,0.000237,0.000277,150,0.00016,0,29,0.666667,0.002532
47009,Blount County,,TN,7152,136575,143727,17,16,33,3913,3899,7812,6,0.317808,0.336994,2291.470816,0.00447,0.003195,150,0.000413,0,29,0.416667,0.036175
47011,Bradley County,,TN,6067,105686,111753,16,14,30,3107,3119,6226,6,0.30907,0.325793,1854.186943,0.002649,0.002074,150,0.000365,0,29,0.330882,0.022132
47013,Campbell County,,TN,1715,38007,39722,5,5,10,762,782,1544,7,0.284258,0.296302,61.146172,0.000354,0.000349,150,0.000194,0,29,0.35,0.003118
47015,Cannon County,,TN,1027,14407,15434,5,5,10,672,692,1364,7,0.275849,0.286929,1.711544,0.00081,0.00021,150,0.00015,0,29,0.8,0.006642
47017,Carroll County,,TN,1812,30228,32040,8,8,16,1001,1060,2061,6,0.307236,0.32223,2243.767278,0.00125,0.001282,150,0.000228,0,29,0.642857,0.010232
47019,Carter County,,TN,3319,56676,59995,7,8,15,2074,2095,4169,7,0.284593,0.29721,668.375362,0.000412,0.000406,150,0.000253,0,29,0.482143,0.003774
47021,Cheatham County,,TN,3340,44182,47522,8,8,16,2116,2256,4372,6,0.303601,0.317586,0.619805,0.00138,0.001489,150,0.000202,0,29,0.928571,0.011897
47023,Chester County,,TN,1286,16655,17941,5,4,9,642,579,1221,6,0.300799,0.314626,1.833333,0.000062,0.000625,150,0.000176,0,29,0.733333,0.000885
47025,Claiborne County,,TN,1502,31918,33420,6,6,12,635,715,1350,7,0.284397,0.296618,4792.529642,0.000347,0.000343,150,0.000254,0,29,0.366667,0.003158
47027,Clay County,,TN,411,7609,8020,1,2,3,42,125,167,7,0.247927,0.256356,0,0.000025,0.000012,150,0.000073,0,29,1,0.000215
47029,Cocke County,,TN,1916,36099,38015,6,7,13,811,994,1805,7,0.284202,0.296475,675.523107,0.000379,0.0004,150,0.000223,0,29,0.642857,0.003609
47031,Coffee County,,TN,3584,57152,60736,11,12,23,2154,2018,4172,6,0.302461,0.317408,3575.807919,0.001658,0.001489,150,0.0003,0,29,0.455128,0.013717
47033,Crockett County,,TN,1071,15637,16708,5,6,11,617,704,1321,6,0.300892,0.315029,2.683333,0.000067,0.00064,150,0.000154,0,29,0.766667,0.000883
47035,Cumberland County,,TN,2722,62303,65025,12,11,23,1010,996,2006,6,0.301832,0.316609,4235.303596,0.001375,0.001432,150,0.000382,0,29,0.333333,0.011882
47037,Davidson County,,TN,53003,667195,720198,205,172,377,41048,41811,82859,5,0.427855,0.467477,233893.399421,0.078873,0.070611,150,0.002942,0,29,0.278097,0.583204
47039,Decatur County,,TN,687,11984,12671,1,3,4,219,271,490,6,0.300767,0.314454,0,0.000005,0.000619,150,0.00008,0,29,1,0.000137
47041,DeKalb County,,TN,1386,19386,20772,8,8,16,841,942,1783,6,0.300394,0.313822,338.916923,0.000853,0.000882,150,0.000235,0,29,0.642857,0.007331
47043,Dickson County,,TN,3177,54314,57491,10,9,19,1978,1775,3753,6,0.30376,0.31796,30.203833,0.001402,0.00146,150,0.000262,0,29,0.722222,0.012172
47045,Dyer County,,TN,2481,41781,44262,8,9,17,1152,1137,2289,6,0.307464,0.322632,4847.583226,0.000672,0.001268,150,0.000239,0,29,0.402778,0.005521
47047,Fayette County,,TN,2857,43643,46500,6,6,12,2333,1988,4321,6,0.300861,0.314971,5.350433,0.00073,0.000666,150,0.000164,0,29,0.566667,0.005575
47049,Fentress County,,TN,743,17404,18147,2,2,4,167,249,416,7,0.24799,0.256529,0,0.000037,0.000023,150,0.000102,0,29,1,0.000408
47051,Franklin County,,TN,2276,43929,46205,7,9,16,1020,1127,2147,6,0.302335,0.316833,1422.672505,0.001159,0.001442,150,0.000196,0,29,0.611111,0.009473
47053,Gibson County,,TN,2827,54067,56894,10,11,21,1919,1788,3707,6,0.307366,0.322805,1129.361397,0.001269,0.001459,150,0.00026,0,29,0.477273,0.01051
47055,Giles County,,TN,1648,31176,32824,7,8,15,853,839,1692,6,0.301832,0.315828,39.153495,0.000976,0.001206,150,0.000182,0,29,0.607143,0.008316
47057,Grainger County,,TN,1422,22685,24107,6,7,13,924,974,1898,7,0.284202,0.296475,12.812387,0.000351,0.000402,150,0.00024,0,29,0.571429,0.003258
47059,Greene County,,TN,2889,72939,75828,10,8,18,1454,1311,2765,7,0.284537,0.297095,95.777226,0.000459,0.000409,150,0.000329,0,29,0.622222,0.004552
47061,Grundy County,,TN,661,14600,15261,4,4,8,253,338,591,7,0.276138,0.287377,5.810714,0.000035,0.000289,150,0.000144,0,29,0.5,0.000667
47063,Hamblen County,,TN,4046,69155,73201,10,10,20,2387,2334,4721,7,0.284677,0.297555,34.693718,0.000483,0.000496,150,0.000332,0,29,0.644444,0.004831
47065,Hamilton County,,TN,18358,362634,380992,87,67,154,12720,11409,24129,6,0.380927,0.411247,66260.916811,0.032387,0.027139,150,0.00147,0,29,0.337402,0.252411
47067,Hancock County,,TN,262,5869,6131,0,1,1,0,44,44,8,0.221535,0.227279,0,0,0.000003,150,0.000051,0,223,0,0
47069,Hardeman County,,TN,1436,26422,27858,6,6,12,625,862,1487,6,0.307008,0.321598,273.60647,0.00067,0.001258,150,0.000182,0,29,0.464286,0.005336
47071,Hardin County,,TN,1563,26807,28370,4,6,10,529,630,1159,6,0.301267,0.315661,360.683881,0.000625,0.000639,150,0.000137,0,29,0.380952,0.004847
47073,Hawkins County,,TN,3536,59439,62975,11,8,19,2034,2402,4436,7,0.284481,0.297009,3324.194134,0.000428,0.000406,150,0.000373,0,29,0.472727,0.004258
47075,Haywood County,,TN,1243,21192,22435,6,8,14,624,862,1486,6,0.307073,0.321943,262.825484,0.00067,0.001274,150,0.00017,0,29,0.571429,0.005321
47077,Henderson County,,TN,1448,29785,31233,7,6,13,841,746,1587,6,0.300892,0.315029,3172.824936,0.000681,0.000635,150,0.000209,0,29,0.5,0.005453
47079,Henry County,,TN,1819,34894,36713,8,10,18,805,822,1627,6,0.309697,0.32542,2805.156658,0.001245,0.001583,150,0.000233,0,29,0.433333,0.010158
47081,Hickman County,,TN,1729,23149,24878,5,6,11,754,1047,1801,6,0.299959,0.312989,2.817499,0.000959,0.001081,150,0.000145,0,29,0.8,0.00846
47083,Houston County,,TN,600,8259,8859,2,3,5,192,293,485,7,0.285096,0.296871,5.385699,0.000353,0.000307,150,0.000082,0,29,0.333333,0.002493
47085,Humphreys County,,TN,1189,20237,21426,5,3,8,418,401,819,6,0.299773,0.312328,1084.476794,0.000589,0.000644,150,0.000175,0,29,0.3,0.00524
47087,Jackson County,,TN,925,11244,12169,3,3,6,389,390,779,7,0.248097,0.256902,19.446891,0.000029,0.000015,150,0.000137,0,29,0.333333,0.000431
47089,Jefferson County,,TN,4091,52410,56501,9,8,17,2629,2661,5290,7,0.284286,0.296704,10.162024,0.000453,0.000438,150,0.000301,0,29,0.694444,0.004588
47091,Johnson County,,TN,694,16315,17009,3,3,6,244,215,459,7,0.253807,0.26337,11.491014,0.000058,0.000075,150,0.000127,0,29,0.5,0.000713
47093,Knox County,,TN,26033,459966,485999,100,92,192,18438,17360,35798,6,0.396391,0.429879,116112.826302,0.041604,0.041779,150,0.001705,0,29,0.38505,0.320969
47095,Lake County,,TN,380,5405,5785,2,2,4,195,193,388,7,0.235351,0.242174,0,0.000015,0.000011,150,0.000098,0,29,1,0.000276
47097,Lauderdale County,,TN,1434,25198,26632,5,6,11,788,844,1632,6,0.300892,0.315029,231.794514,0.00065,0.000635,150,0.000145,0,29,0.733333,0.00503
47099,Lawrence County,,TN,1763,43479,45242,6,7,13,738,837,1575,6,0.300736,0.314195,4182.854206,0.000616,0.000844,150,0.000183,0,29,0.428571,0.005459
47101,Lewis County,,TN,680,12089,12769,3,3,6,184,256,440,7,0.238722,0.246823,5839,0.000031,0.000024,150,0.000176,0,29,0.333333,0.000479
47103,Lincoln County,,TN,1792,37109,38901,10,10,20,1030,1113,2143,6,0.3018,0.316029,1629.549727,0.001193,0.001211,150,0.000261,0,29,0.544444,0.009985
47105,Loudon County,,TN,3682,55461,59143,6,7,13,2163,2270,4433,7,0.284258,0.296532,1.719947,0.000391,0.000448,150,0.000193,0,29,0.785714,0.003625
47107,McMinn County,,TN,3069,53541,56610,11,10,21,1915,1709,3624,6,0.301424,0.315977,418.867945,0.001463,0.001297,150,0.000296,0,29,0.492424,0.012855
47109,McNairy County,,TN,1520,26112,27632,6,6,12,784,851,1635,6,0.300955,0.315115,239.243709,0.000669,0.00063,150,0.000195,0,29,0.566667,0.005283
47111,Macon County,,TN,1254,23053,24307,6,7,13,646,615,1261,6,0.300456,0.313793,1900.120294,0.000665,0.000763,150,0.000177,0,29,0.482143,0.006105
47113,Madison County,,TN,6879,105868,112747,22,20,42,3761,3906,7667,6,0.333602,0.35404,5701.93106,0.002903,0.003708,150,0.000508,0,29,0.270769,0.023346
47115,Marion County,,TN,1384,29769,31153,5,5,10,653,720,1373,7,0.276138,0.287492,611.623981,0.000794,0.000275,150,0.000175,0,29,0.3,0.007132
47117,Marshall County,,TN,1951,34124,36075,7,7,14,1288,1077,2365,6,0.300021,0.313218,3.042683,0.000975,0.001091,150,0.000189,0,29,0.785714,0.008778
47119,Maury County,,TN,6059,90947,97006,16,19,35,3507,3412,6919,6,0.31331,0.332006,11122.564748,0.002356,0.00304,150,0.000387,0,29,0.35,0.019699
47121,Meigs County,,TN,1095,11696,12791,4,6,10,611,732,1343,7,0.276164,0.287664,6.45731,0.00025,0.000304,150,0.00014,0,29,0.733333,0.002706
47123,Monroe County,,TN,2504,45846,48350,7,7,14,1495,1416,2911,7,0.28504,0.297854,16.428421,0.000397,0.000669,150,0.000209,0,29,0.696429,0.003841
47125,Montgomery County,,TN,24392,183190,207582,95,99,194,15098,13944,29042,6,0.398406,0.432506,40207.47251,0.037153,0.042973,150,0.001373,0,29,0.38491,0.289524
47127,Moore County,,TN,362,6898,7260,4,3,7,298,191,489,7,0.232428,0.239359,0,0.000042,0.000031,150,0.00014,0,29,1,0.000722
47129,Morgan County,,TN,1132,20060,21192,5,4,9,596,652,1248,7,0.284091,0.2959,4.608333,0.000364,0.000356,150,0.000173,0,29,0.65,0.003222
47131,Obion County,,TN,2013,35817,37830,7,9,16,1088,1176,2264,6,0.301236,0.315948,9014.347405,0.000647,0.000644,150,0.000256,0,29,0.347222,0.005296
47133,Overton County,,TN,1134,22902,24036,4,5,9,636,628,1264,7,0.248118,0.257218,5845.4,0.000026,0.000028,150,0.000217,0,29,0.333333,0.000481
47135,Perry County,,TN,518,7807,8325,1,1,2,55,42,97,8,0.192729,0.196899,0,0,0,150,0.000101,0,29,0,0.000093
47137,Pickett County,,TN,244,5187,5431,1,1,2,58,47,105,8,0.198807,0.203329,0,0,0,150,0.000088,0,29,0,0.000095
47139,Polk County,,TN,1229,17167,18396,4,4,8,705,786,1491,7,0.276243,0.287469,28.800567,0.000252,0.000305,150,0.000156,0,29,0.5,0.002754
47141,Putnam County,,TN,5470,74089,79559,17,19,36,2565,2831,5396,6,0.329545,0.350247,27613.454361,0.001478,0.003154,150,0.000489,0,29,0.304762,0.013466
47143,Rhea County,,TN,1821,32715,34536,7,8,15,909,914,1823,7,0.28504,0.298026,49.664485,0.000589,0.000645,150,0.000221,0,29,0.589286,0.005535
47145,Roane County,,TN,3137,57484,60621,11,9,20,1770,1885,3655,7,0.284397,0.297021,33.277839,0.000447,0.000414,150,0.000319,0,29,0.463636,0.004661
47147,Robertson County,,TN,5337,76385,81722,12,10,22,3580,3544,7124,6,0.310028,0.325764,675.650578,0.002797,0.002084,150,0.00028,0,29,0.621795,0.021379
47149,Rutherford County,,TN,21365,290379,311744,60,59,119,16473,14668,31141,6,0.380478,0.409983,24409.169318,0.021829,0.026899,150,0.001041,0,29,0.379376,0.16848
47151,Scott County,,TN,682,21675,22357,3,5,8,193,290,483,7,0.28423,0.296158,1336.887955,0.000338,0.000347,150,0.000133,0,29,0.5,0.002818
47153,Sequatchie County,,TN,861,14596,15457,3,3,6,449,444,893,7,0.275954,0.28686,1.333333,0.000222,0.000268,150,0.000133,0,29,0.666667,0.002349
47155,Sevier County,,TN,7013,99093,106106,18,14,32,3468,3175,6643,6,0.317148,0.335155,1625.488761,0.006446,0.004169,150,0.000379,0,29,0.436759,0.051875
47157,Shelby County,,TN,47553,1061137,1108690,211,208,419,32818,36328,69146,5,0.429757,0.473626,325040.956955,0.073628,0.076581,150,0.003177,0,29,0.23643,0.551508
47159,Smith County,,TN,1169,20736,21905,7,7,14,764,654,1418,6,0.300394,0.313678,6.315374,0.000905,0.000942,150,0.000187,0,29,0.833333,0.007696
47161,Stewart County,,TN,1102,14121,15223,4,5,9,466,569,1035,6,0.303697,0.317299,47.062353,0.000536,0.001072,150,0.000117,0,29,0.55,0.003729
47163,Sullivan County,,TN,8636,171149,179785,17,19,36,5734,5224,10958,6,0.322904,0.343138,41438.52516,0.002009,0.003848,150,0.000598,0,29,0.278571,0.017847
47165,Sumner County,,TN,11758,179633,191391,29,24,53,8754,7496,16250,6,0.350072,0.372402,10816.027196,0.009133,0.007072,150,0.000561,0,29,0.44697,0.070895
47167,Tipton County,,TN,4326,67678,72004,6,7,13,2479,2404,4883,6,0.307041,0.32177,58.028927,0.001281,0.001312,150,0.000158,0,29,0.666667,0.010097
47169,Trousdale County,,TN,621,8362,8983,3,4,7,382,430,812,6,0.299897,0.312644,0,0.00009,0.000749,150,0.000111,0,29,1,0.001196
47171,Unicoi County,,TN,1130,18511,19641,3,4,7,628,678,1306,7,0.252922,0.262273,0,0.000075,0.000065,150,0.000135,0,29,1,0.000818
47173,Union County,,TN,1269,18865,20134,5,4,9,955,819,1774,7,0.284063,0.295842,4.229167,0.000378,0.000347,150,0.000178,0,29,0.6,0.003399
47175,Van Buren County,,TN,344,5678,6022,1,2,3,83,144,227,7,0.231518,0.237882,0,0,0.000012,150,0.000092,0,29,1,0.000138
47177,Warren County,,TN,1913,42862,44775,8,9,17,922,1043,1965,6,0.30108,0.315115,3749.772539,0.000829,0.001111,150,0.000254,0,29,0.455556,0.007072
47179,Washington County,,TN,8749,127611,136360,23,18,41,5469,5081,10550,6,0.337917,0.359879,23488.356867,0.005225,0.005157,150,0.000646,0,29,0.34,0.043734
47181,Wayne County,,TN,619,15115,15734,2,4,6,186,261,447,7,0.240007,0.249157,5.405451,0.000022,0.000037,150,0.000086,0,29,0.416667,0.0003
47183,Weakley County,,TN,2025,32815,34840,6,8,14,839,1027,1866,6,0.307268,0.322287,1483.414214,0.001221,0.001282,150,0.000167,0,29,0.642857,0.009846
47185,White County,,TN,1509,26948,28457,7,5,12,939,787,1726,7,0.24816,0.257305,2999.44062,0.00062,0.000036,150,0.000241,0,29,0.47619,0.00559
47187,Williamson County,,TN,13657,202115,215772,59,33,92,10753,8533,19286,6,0.372224,0.398374,6757.226998,0.029756,0.017505,150,0.000873,0,29,0.573242,0.229987
47189,Wilson County,,TN,8353,129299,137652,19,18,37,6540,5330,11870,6,0.33414,0.353109,2769.862568,0.004643,0.003431,150,0.000402,0,29,0.461039,0.037657
48001,Anderson County,,TX,3171,46180,49351,11,13,24,1405,1678,3083,6,0.328314,0.347575,51.444805,0.003171,0.005743,160,0.000216,0,29,0.637363,0.027758
48003,Andrews County,,TX,1015,16410,17425,4,3,7,414,389,803,7,0.266348,0.278076,0,0.000419,0.000354,160,0.000132,0,29,1,0.003823
48005,Angelina County,,TX,4849,90189,95038,21,27,48,2644,2953,5597,6,0.325769,0.347236,1649.406072,0.005531,0.006839,160,0.000408,0,29,0.481609,0.047351
48007,Aransas County,,TX,2143,22267,24410,7,5,12,1125,939,2064,6,0.326393,0.343954,0,0.003544,0.003077,160,0.000151,0,29,1,0.030735
48009,Archer County,,TX,1120,9191,10311,3,2,5,463,622,1085,7,0.265082,0.276422,0.753968,0.000171,0.000125,160,0.000124,0,29,0.666667,0.001372
48011,Armstrong County,,TX,193,1902,2095,2,1,3,116,63,179,7,0.258929,0.26849,0,0.000185,0.000091,160,0.0001,0,29,1,0.001724
48013,Atascosa County,,TX,3329,45983,49312,6,8,14,2227,2229,4456,6,0.326503,0.344471,50.664577,0.002798,0.00321,160,0.000155,0,29,0.680556,0.023969
48015,Austin County,,TX,2125,30096,32221,8,8,16,1471,1283,2754,6,0.322868,0.341057,12.809572,0.0018,0.002615,160,0.000189,0,29,0.677778,0.016235
48017,Bailey County,,TX,674,7647,8321,4,4,8,239,293,532,7,0.266373,0.278191,11.782742,0.000236,0.00021,7,0.00014,0,29,0.583333,0.002114
48019,Bandera County,,TX,1647,19704,21351,6,4,10,853,811,1664,6,0.311593,0.326132,0.95,0.002489,0.001011,160,0.000165,0,29,0.866667,0.021975
48021,Bastrop County,,TX,5978,72555,78533,14,15,29,4478,3941,8419,6,0.32977,0.349402,62.353667,0.006005,0.005632,160,0.00027,0,29,0.774854,0.053535
48023,Baylor County,,TX,216,3602,3818,1,0,1,42,0,42,0,0,0,0,0.000161,0,160,0.000061,0,12,0,0.001066
48025,Bee County,,TX,1857,25230,27087,10,9,19,1005,897,1902,6,0.326577,0.344701,104.960603,0.002968,0.003181,160,0.000237,0,29,0.688889,0.026607
48027,Bell County,,TX,51365,317389,368754,177,175,352,31285,34503,65788,6,0.419925,0.461667,51418.344476,0.068118,0.068186,160,0.00231,0,29,0.283336,0.514979
48029,Bexar County,,TX,88842,1848693,1937535,364,298,662,88065,73955,162020,5,0.452348,0.501879,210282.894008,0.114297,0.097703,160,0.004854,0,29,0.170556,0.845394
48031,Blanco County,,TX,746,10144,10890,5,5,10,366,319,685,6,0.314909,0.330207,0.111111,0.002631,0.002029,160,0.000126,0,29,0.933333,0.023092
48033,Borden County,,TX,61,556,617,0,0,0,0,0,0,0,0,0,0,0,0,151,0.000051,137,224,0,0
48035,Bosque County,,TX,1587,17625,19212,6,6,12,780,878,1658,6,0.31146,0.327046,6.515303,0.001937,0.001159,160,0.000145,0,29,0.75,0.016631
48037,Bowie County,,TX,6636,95249,101885,21,24,45,3743,3920,7663,6,0.332531,0.354431,18453.948354,0.005005,0.007519,160,0.000438,0,29,0.35755,0.042273
48039,Brazoria County,,TX,21353,329547,350900,42,50,92,17615,15902,33517,6,0.359801,0.387713,1683.09397,0.016062,0.019531,160,0.000631,0,29,0.469024,0.134298
48041,Brazos County,,TX,16280,159561,175841,44,48,92,8294,10651,18945,6,0.358822,0.386517,2363.877695,0.014386,0.018263,160,0.000746,0,29,0.432331,0.12353
48043,Brewster County,,TX,1032,9186,10218,3,6,9,164,308,472,6,0.316801,0.332879,131.732669,0.001464,0.002578,160,0.0001,0,29,0.714286,0.012762
48045,Briscoe County,,TX,94,1595,1689,0,0,0,0,0,0,0,0,0,0,0,0,152,0.000051,138,225,0,0
48047,Brooks County,,TX,537,7860,8397,4,4,8,254,319,573,7,0.272224,0.284395,0,0.000482,0.000524,160,0.000117,0,29,1,0.004475
48049,Brown County,,TX,2559,37607,40166,13,15,28,952,1129,2081,6,0.321829,0.340874,8556.155042,0.002724,0.005625,160,0.000365,0,29,0.405263,0.024089
48051,Burleson County,,TX,1293,17606,18899,3,3,6,693,610,1303,6,0.321045,0.33804,0,0.001116,0.001192,160,0.0001,0,29,1,0.009321
48053,Burnet County,,TX,3409,43465,46874,11,9,20,2084,1846,3930,6,0.328947,0.347563,63.870368,0.004708,0.00492,160,0.000227,0,29,0.712121,0.042033
48055,Caldwell County,,TX,3099,36107,39206,9,9,18,2323,2149,4472,6,0.317009,0.33304,1.956154,0.003134,0.003237,160,0.0002,0,29,0.9,0.028825
48057,Calhoun County,,TX,1480,22511,23991,6,3,9,630,558,1188,6,0.321116,0.338155,8.710275,0.00249,0.001115,160,0.000153,0,29,0.766667,0.021933
48059,Callahan County,,TX,1260,13532,14792,4,2,6,673,664,1337,7,0.266275,0.277044,1.509524,0.00022,0.000154,160,0.000173,0,29,0.583333,0.001885
48061,Cameron County,,TX,15165,424498,439663,41,41,82,8606,9637,18243,6,0.363363,0.390052,769.968944,0.020036,0.022375,160,0.000605,0,29,0.623227,0.166243
48063,Camp County,,TX,1148,12916,14064,6,7,13,612,562,1174,6,0.311326,0.326954,319.58435,0.001687,0.001185,160,0.00016,0,29,0.642857,0.014572
48065,Carson County,,TX,443,6321,6764,4,3,7,268,216,484,7,0.260463,0.270766,0,0.000198,0.000195,160,0.000166,0,29,1,0.002068
48067,Cass County,,TX,2210,31559,33769,11,10,21,1122,1235,2357,6,0.316076,0.333402,643.151064,0.001361,0.002157,160,0.000257,0,29,0.598485,0.011783
48069,Castro County,,TX,774,7885,8659,3,4,7,295,300,595,7,0.260534,0.271053,8.954243,0.000173,0.000201,160,0.000119,0,29,0.7,0.001568
48071,Chambers County,,TX,4008,39846,43854,7,9,16,2962,2927,5889,6,0.321365,0.339247,9.945611,0.002276,0.001962,160,0.000142,0,29,0.855556,0.019042
48073,Cherokee County,,TX,3248,50365,53613,11,12,23,1861,2042,3903,6,0.324385,0.343586,3.992288,0.003284,0.003915,160,0.000209,0,29,0.782051,0.028362
48075,Childress County,,TX,431,5972,6403,1,0,1,40,0,40,0,0,0,0,0,0,159,0.000094,139,226,0,0.000084
48077,Clay County,,TX,1012,10916,11928,3,3,6,519,544,1063,7,0.265131,0.276652,1.2625,0.000176,0.000143,160,0.00014,0,29,0.666667,0.001411
48079,Cochran County,,TX,318,3382,3700,1,2,3,74,155,229,7,0.266079,0.277358,0,0.000003,0.000151,160,0.000081,0,29,1,0.000114
48081,Coke County,,TX,269,3299,3568,1,1,2,89,108,197,7,0.259508,0.269953,0,0.000137,0.000134,160,0.000064,0,29,0,0.001175
48083,Coleman County,,TX,669,8359,9028,2,2,4,163,191,354,7,0.266275,0.277044,0,0.000209,0.000168,160,0.000088,0,29,1,0.001574
48085,Collin County,,TX,68080,844268,912348,233,177,410,72390,58128,130518,5,0.425657,0.466264,50910.778489,0.091209,0.076417,160,0.003007,0,29,0.289668,0.672111
48087,Collingsworth County,,TX,193,3149,3342,0,0,0,0,0,0,0,0,0,0,0,0,153,0.000051,140,227,0,0
48089,Colorado County,,TX,1332,22292,23624,5,5,10,676,644,1320,6,0.321116,0.338385,1.366667,0.001333,0.001542,160,0.000137,0,29,0.75,0.011973
48091,Comal County,,TX,10261,117992,128253,38,31,69,8536,7183,15719,6,0.349271,0.374161,567.253827,0.01476,0.014125,160,0.000627,0,29,0.590244,0.124215
48093,Comanche County,,TX,960,13491,14451,2,4,6,257,395,652,6,0.311426,0.326759,0.742857,0.000071,0.000961,160,0.000093,0,29,0.916667,0.000623
48095,Concho County,,TX,236,2489,2725,1,0,1,55,0,55,0,0,0,0,0.000137,0,160,0.000064,0,18,0,0.001175
48097,Cooke County,,TX,3097,41413,44510,9,8,17,1563,1783,3346,6,0.315492,0.332282,2923.847322,0.002974,0.003284,160,0.000215,0,29,0.652778,0.02599
48099,Coryell County,,TX,14268,62828,77096,44,50,94,8213,8894,17107,6,0.362002,0.390557,1555.927855,0.019238,0.021899,160,0.000615,0,29,0.58246,0.155182
48101,Cottle County,,TX,102,1520,1622,0,0,0,0,0,0,0,0,0,0,0,0,154,0.000051,141,228,0,0
48103,Crane County,,TX,506,4808,5314,1,2,3,116,245,361,7,0.260744,0.271111,0,0.000086,0.000205,160,0.000075,0,29,1,0.000844
48105,Crockett County,,TX,342,4056,4398,1,2,3,69,126,195,7,0.264357,0.275772,0,0.000137,0.000252,160,0.000064,0,29,1,0.001175
48107,Crosby County,,TX,554,6099,6653,1,1,2,253,269,522,7,0.266031,0.277128,0,0.000169,0.000149,160,0.000069,0,29,0,0.001351
48109,Culberson County,,TX,296,2497,2793,1,0,1,68,0,68,0,0,0,0,0.000511,0,7,0.000064,0,28,0,0.004703
48111,Dallam County,,TX,795,7594,8389,3,3,6,139,155,294,7,0.260534,0.270841,2901.744965,0.000098,0.000201,160,0.000128,0,29,0.4,0.001019
48113,Dallas County,,TX,163555,2539744,2703299,369,307,676,146981,147993,294974,5,0.451221,0.502603,223775.84992,0.116225,0.102564,160,0.004827,0,29,0.164516,0.849473
48115,Dawson County,,TX,911,12864,13775,3,3,6,229,374,603,7,0.26625,0.277875,0,0.000303,0.000278,160,0.000106,0,29,1,0.002637
48117,Deaf Smith County,,TX,1728,22705,24433,5,6,11,570,874,1444,7,0.266667,0.279082,22.949325,0.000253,0.000393,160,0.00017,0,29,0.633333,0.002483
48119,Delta County,,TX,520,4760,5280,4,4,8,251,279,530,6,0.311159,0.326322,0,0.000944,0.001044,160,0.000114,0,29,1,0.008137
48121,Denton County,,TX,61198,701941,763139,190,147,337,63001,50956,113957,6,0.411231,0.450408,37890.465808,0.076886,0.057852,160,0.00253,0,29,0.298542,0.574087
48123,DeWitt County,,TX,1238,19241,20479,6,5,11,711,616,1327,6,0.326136,0.343695,898.955872,0.002032,0.002869,160,0.000159,0,29,0.666667,0.017497
48125,Dickens County,,TX,207,1941,2148,0,0,0,0,0,0,0,0,0,0,0,0,155,0.000051,142,229,0,0
48127,Dimmit County,,TX,616,9987,10603,2,4,6,158,314,472,6,0.311627,0.32619,0.458333,0.000792,0.001029,160,0.000088,0,29,0.666667,0.007013
48129,Donley County,,TX,288,3390,3678,0,2,2,0,101,101,7,0.26046,0.270615,0,0,0.000183,160,0.000051,0,230,1,0
48131,Duval County,,TX,831,11771,12602,2,2,4,365,415,780,7,0.269042,0.280205,0,0.000245,0.000246,160,0.000087,0,29,1,0.002161
48133,Eastland County,,TX,1261,17292,18553,6,6,12,370,430,800,6,0.312567,0.328075,205.740111,0.001009,0.001119,160,0.000223,0,29,0.446429,0.008781
48135,Ector County,,TX,8104,149808,157912,40,30,70,6282,5189,11471,6,0.346351,0.371132,18809.80021,0.010925,0.010751,160,0.000867,0,29,0.356566,0.092767
48137,Edwards County,,TX,173,2035,2208,0,0,0,0,0,0,0,0,0,0,0,0,156,0.000051,143,231,0,0
48139,Ellis County,,TX,11421,162826,174247,23,24,47,9078,8207,17285,6,0.333142,0.355034,217.792517,0.010081,0.008836,160,0.000376,0,29,0.598851,0.085821
48141,El Paso County,,TX,42528,894231,936759,198,162,360,35065,30488,65553,5,0.419499,0.459075,46992.839804,0.077557,0.063656,7,0.00252,0,29,0.299957,0.586777
48143,Erath County,,TX,2943,33270,36213,14,13,27,1405,1401,2806,6,0.32276,0.340776,1861.962214,0.00344,0.003271,160,0.000326,0,29,0.5,0.03044
48145,Falls County,,TX,951,15459,16410,2,2,4,481,509,990,7,0.296009,0.309365,0,0.000687,0.000665,160,0.000079,0,29,1,0.005251
48147,Fannin County,,TX,2316,31927,34243,7,7,14,1363,1442,2805,6,0.315492,0.332138,0,0.002848,0.003313,160,0.000153,0,29,1,0.025075
48149,Fayette County,,TX,1318,25023,26341,9,8,17,709,573,1282,6,0.3219,0.339764,11.079641,0.00233,0.002054,160,0.000203,0,29,0.563636,0.020777
48151,Fisher County,,TX,301,3828,4129,2,0,2,81,0,81,0,0,0,0,0.000174,0,160,0.000091,0,1,1,0.001411
48153,Floyd County,,TX,486,6886,7372,2,2,4,218,225,443,7,0.266079,0.277358,0,0.000196,0.000165,160,0.00009,0,29,1,0.00158
48155,Foard County,,TX,104,1236,1340,0,0,0,0,0,0,0,0,0,0,0,0,157,0.000051,144,232,0,0
48157,Fort Bend County,,TX,43288,620492,663780,117,84,201,46317,35942,82259,6,0.380577,0.413713,8694.299183,0.055676,0.040055,160,0.001519,0,29,0.447819,0.423155
48159,Franklin County,,TX,953,9846,10799,5,5,10,371,389,760,6,0.311526,0.327046,5.31871,0.000928,0.000997,160,0.000136,0,29,0.833333,0.008098
48161,Freestone County,,TX,1672,18535,20207,9,9,18,800,1005,1805,6,0.324276,0.343069,9.276762,0.002913,0.003224,160,0.000187,0,29,0.744444,0.024761
48163,Frio County,,TX,821,14403,15224,4,3,7,341,361,702,6,0.31156,0.32596,1.5,0.000842,0.000943,160,0.000132,0,29,0.666667,0.007542
48165,Gaines County,,TX,968,17834,18802,4,4,8,360,290,650,7,0.266348,0.27822,29.502249,0.000228,0.000321,160,0.000131,0,29,0.6,0.002076
48167,Galveston County,,TX,21766,304253,326019,51,49,100,16502,15631,32133,6,0.356704,0.38404,1526.548469,0.021854,0.022827,160,0.000733,0,29,0.53596,0.17694
48169,Garza County,,TX,315,4506,4821,1,1,2,135,125,260,7,0.266031,0.277128,0,0.000169,0.000149,160,0.000069,0,29,0,0.001351
48171,Gillespie County,,TX,1472,26046,27518,5,6,11,560,562,1122,6,0.326099,0.343753,0.111111,0.002751,0.003356,160,0.00013,0,29,0.933333,0.025011
48173,Glasscock County,,TX,103,1393,1496,0,0,0,0,0,0,0,0,0,0,0,0,158,0.000051,145,233,0,0
48175,Goliad County,,TX,568,6820,7388,1,2,3,183,233,416,7,0.248863,0.257456,0,0.000063,0.000073,160,0.000067,0,29,1,0.000598
48177,Gonzales County,,TX,1196,20294,21490,8,8,16,562,618,1180,6,0.326173,0.344098,17.229944,0.002744,0.003226,160,0.000187,0,29,0.777778,0.024411
48179,Gray County,,TX,1418,22236,23654,7,6,13,596,542,1138,7,0.266471,0.278709,6102.258849,0.001435,0.000342,160,0.000281,0,29,0.5,0.011801
48181,Grayson County,,TX,7550,125976,133526,14,18,32,4393,4445,8838,6,0.330183,0.351621,386.946104,0.006113,0.00701,160,0.000274,0,29,0.597368,0.052824
48183,Gregg County,,TX,10703,133059,143762,34,31,65,7321,7662,14983,6,0.341941,0.365713,5771.645464,0.010475,0.009763,160,0.000594,0,29,0.450213,0.089193
48185,Grimes County,,TX,1944,24534,26478,7,7,14,1388,1193,2581,6,0.321187,0.33873,2.385714,0.001499,0.001618,160,0.000168,0,29,0.761905,0.012985
48187,Guadalupe County,,TX,12501,142266,154767,42,27,69,10483,8190,18673,6,0.353185,0.377902,607.766978,0.018234,0.015262,160,0.000643,0,29,0.583719,0.150478
48189,Hale County,,TX,2710,37316,40026,9,11,20,1134,1459,2593,6,0.328947,0.348437,1867.271806,0.001967,0.003413,160,0.000261,0,29,0.519231,0.017266
48191,Hall County,,TX,281,3174,3455,0,1,1,0,40,40,1,1,1,0,0,0,159,0.000051,139,234,0,0
48193,Hamilton County,,TX,789,8349,9138,3,3,6,165,249,414,6,0.312534,0.327851,0.694728,0.001004,0.001085,160,0.000097,0,29,0.666667,0.008464
48195,Hansford County,,TX,457,6035,6492,0,1,1,0,46,46,7,0.258972,0.26857,0,0,0.000091,160,0.000051,0,235,0,0
48197,Hardeman County,,TX,327,3948,4275,1,1,2,74,97,171,7,0.238134,0.244727,0,0.000008,0.000008,160,0.000095,0,29,0,0.000149
48199,Hardin County,,TX,4289,58284,62573,13,14,27,3107,2953,6060,6,0.324312,0.343701,356.379551,0.002458,0.003705,160,0.00025,0,29,0.614286,0.021876
48201,Harris County,,TX,198772,4375107,4573879,497,443,940,183082,180064,363146,5,0.472621,0.534374,555842.869455,0.130906,0.117977,160,0.006761,0,29,0.109181,0.955769
48203,Harrison County,,TX,5049,69901,74950,18,15,33,3455,3297,6752,6,0.325587,0.345339,910.751663,0.005073,0.005577,160,0.000354,0,29,0.623684,0.044279
48205,Hartley County,,TX,479,4419,4898,0,3,3,0,174,174,7,0.259319,0.269392,0,0,0.00011,160,0.000051,0,236,0.666667,0
48207,Haskell County,,TX,370,5351,5721,2,2,4,127,100,227,7,0.266226,0.276929,2900,0.000164,0.000154,160,0.00011,0,29,0.333333,0.001371
48209,Hays County,,TX,14053,148559,162612,40,33,73,13610,10590,24200,6,0.351728,0.377437,584.896559,0.01552,0.015166,160,0.000634,0,29,0.659756,0.13095
48211,Hemphill County,,TX,255,4122,4377,1,0,1,46,0,46,0,0,0,0,0.000097,0,160,0.000071,0,16,0,0.000851
48213,Henderson County,,TX,5897,74912,80809,14,17,31,3880,3852,7732,6,0.325185,0.345195,13.876238,0.004177,0.005709,160,0.000254,0,29,0.731618,0.036641
48215,Hidalgo County,,TX,21473,779921,801394,75,56,131,14171,13175,27346,6,0.363135,0.392609,11069.929724,0.031527,0.023343,160,0.001059,0,29,0.398451,0.245755
48217,Hill County,,TX,2842,34849,37691,10,10,20,1723,1687,3410,6,0.329134,0.349178,47.21462,0.003391,0.004829,160,0.000205,0,29,0.742424,0.029684
48219,Hockley County,,TX,1948,23524,25472,5,5,10,884,1048,1932,7,0.266422,0.278479,2956.469019,0.00028,0.000356,160,0.000177,0,29,0.366667,0.002736
48221,Hood County,,TX,4396,52040,56436,16,12,28,2694,2354,5048,6,0.323444,0.341408,93.054483,0.005463,0.00517,160,0.000335,0,29,0.691176,0.047836
48223,Hopkins County,,TX,2341,36673,39014,13,13,26,1340,1240,2580,6,0.32453,0.343902,170.04353,0.003939,0.003949,160,0.000273,0,29,0.598901,0.034693
48225,Houston County,,TX,1353,19760,21113,5,6,11,503,603,1106,6,0.321152,0.338557,1.309993,0.001394,0.001527,160,0.000117,0,29,0.733333,0.011939
48227,Howard County,,TX,2216,30288,32504,7,11,18,627,959,1586,6,0.323805,0.342155,530.487608,0.001468,0.003394,160,0.00019,0,29,0.618182,0.012684
48229,Hudspeth County,,TX,301,3568,3869,1,1,2,64,75,139,6,0.295556,0.30796,0,0.000511,0.000622,7,0.000064,0,29,0,0.004703
48231,Hunt County,,TX,6909,85914,92823,21,21,42,4735,4620,9355,6,0.329396,0.349902,437.232217,0.006498,0.006652,160,0.000387,0,29,0.552536,0.055099
48233,Hutchinson County,,TX,1589,24289,25878,4,5,9,441,554,995,6,0.321722,0.339276,262.046076,0.00099,0.001247,160,0.000154,0,29,0.733333,0.008734
48235,Irion County,,TX,197,1672,1869,1,0,1,76,0,76,0,0,0,0,0.000137,0,160,0.000064,0,17,0,0.001175
48237,Jack County,,TX,695,7423,8118,5,5,10,308,308,616,6,0.311393,0.326816,1.42619,0.000932,0.001046,160,0.000146,0,29,0.7,0.008395
48239,Jackson County,,TX,1037,15410,16447,4,5,9,397,592,989,6,0.321187,0.3385,0.833333,0.001046,0.001161,160,0.00014,0,29,0.85,0.00898
48241,Jasper County,,TX,2390,35653,38043,8,9,17,1705,1390,3095,6,0.323516,0.342092,250.260082,0.00121,0.002198,160,0.000188,0,29,0.694444,0.010633
48243,Jeff Davis County,,TX,224,2223,2447,0,0,0,0,0,0,0,0,0,0,0,0,161,0.000051,146,237,0,0
48245,Jefferson County,,TX,14938,258526,273464,47,41,88,9325,10682,20007,6,0.350157,0.376379,3749.855922,0.016385,0.015449,160,0.000701,0,29,0.455686,0.13629
48247,Jim Hogg County,,TX,311,5348,5659,0,0,0,0,0,0,0,0,0,0,0,0,162,0.000051,147,238,0,0
48249,Jim Wells County,,TX,2600,44021,46621,12,10,22,1804,1738,3542,6,0.326173,0.344385,818.671061,0.00376,0.002714,160,0.000273,0,29,0.608974,0.03314
48251,Johnson County,,TX,12456,160855,173311,26,21,47,8940,8454,17394,6,0.331088,0.351874,316.422646,0.00934,0.007861,160,0.000477,0,29,0.57672,0.079206
48253,Jones County,,TX,1493,15493,16986,3,2,5,618,748,1366,7,0.266226,0.276929,89.238793,0.000968,0.000148,160,0.000128,0,29,0.5,0.008208
48255,Karnes County,,TX,812,12502,13314,4,3,7,312,320,632,6,0.31156,0.32596,0.533333,0.00105,0.000964,160,0.000128,0,29,0.75,0.009265
48257,Kaufman County,,TX,9206,113028,122234,13,16,29,7712,6822,14534,6,0.333755,0.35496,29.493274,0.005461,0.007436,160,0.000245,0,29,0.816176,0.048311
48259,Kendall County,,TX,2601,35654,38255,10,6,16,2050,1425,3475,6,0.326099,0.343753,32.148013,0.004437,0.002976,160,0.000223,0,29,0.766667,0.038475
48261,Kenedy County,,TX,-2,-2,-4,0,0,0,0,0,0,0,0,0,0,0,0,163,0.000051,148,239,0,0
48263,Kent County,,TX,71,757,828,0,0,0,0,0,0,0,0,0,0,0,0,164,0.000051,149,240,0,0
48265,Kerr County,,TX,3370,51010,54380,12,12,24,1480,1601,3081,6,0.329658,0.349126,96.777431,0.004872,0.005663,160,0.000271,0,29,0.724359,0.043492
48267,Kimble County,,TX,316,4631,4947,0,0,0,0,0,0,0,0,0,0,0,0,165,0.000051,150,241,0,0
48269,King County,,TX,-2,-2,-4,0,0,0,0,0,0,0,0,0,0,0,0,166,0.000051,151,242,0,0
48271,Kinney County,,TX,239,3289,3528,1,0,1,45,0,45,0,0,0,0,0.000071,0,160,0.000059,0,20,0,0.000423
48273,Kleberg County,,TX,3241,30894,34135,10,13,23,1359,1804,3163,6,0.336896,0.357833,362.042625,0.003061,0.006282,160,0.000204,0,29,0.652381,0.025989
48275,Knox County,,TX,311,3757,4068,0,1,1,0,54,54,8,0.210309,0.215572,0,0,0.000001,160,0.000051,0,243,0,0
48277,Lamar County,,TX,3034,51782,54816,12,13,25,1392,1469,2861,6,0.324639,0.344046,3889.783828,0.003434,0.004513,160,0.000255,0,29,0.543956,0.029897
48279,Lamb County,,TX,1106,14768,15874,4,5,9,413,564,977,7,0.266226,0.278048,6.237302,0.0002,0.00017,160,0.000149,0,29,0.4,0.001801
48281,Lampasas County,,TX,2033,20894,22927,5,7,12,958,914,1872,6,0.316283,0.333103,1.589979,0.001738,0.003075,160,0.000127,0,29,0.880952,0.015664
48283,La Salle County,,TX,342,5364,5706,2,3,5,104,162,266,6,0.311593,0.326017,0.666667,0.000791,0.00101,160,0.000102,0,29,0.666667,0.007016
48285,Lavaca County,,TX,1081,21012,22093,6,6,12,525,470,995,6,0.321829,0.33942,3.52322,0.00174,0.001995,160,0.000163,0,29,0.7,0.015388
48287,Lee County,,TX,1106,17150,18256,7,6,13,614,472,1086,6,0.321757,0.339305,1.003114,0.002156,0.002546,160,0.000164,0,29,0.809524,0.019815
48289,Leon County,,TX,1444,17695,19139,9,7,16,749,633,1382,6,0.321187,0.33873,15.097799,0.003117,0.001604,160,0.000184,0,29,0.680556,0.026586
48291,Liberty County,,TX,5954,72440,78394,9,13,22,4164,4237,8401,6,0.324421,0.343759,17.010306,0.00181,0.004249,160,0.000173,0,29,0.737179,0.015632
48293,Limestone County,,TX,1618,22300,23918,7,9,16,955,885,1840,6,0.324276,0.343069,21.719762,0.002797,0.003121,160,0.000162,0,29,0.680556,0.0237
48295,Lipscomb County,,TX,358,3401,3759,0,1,1,0,54,54,8,0.205757,0.210616,0,0,0,160,0.000051,0,245,0,0
48297,Live Oak County,,TX,705,9207,9912,4,4,8,260,323,583,6,0.311929,0.326534,0,0.001092,0.001187,160,0.000115,0,29,1,0.009583
48299,Llano County,,TX,1756,16731,18487,5,5,10,796,880,1676,6,0.326063,0.34358,0,0.002745,0.003319,160,0.000132,0,29,1,0.024997
48301,Loving County,,TX,-2,-2,-4,0,0,0,0,0,0,0,0,0,0,0,0,167,0.000051,152,246,0,0
48303,Lubbock County,,TX,17437,274913,292350,70,66,136,11924,11672,23596,6,0.362409,0.393385,73501.813205,0.018568,0.021014,160,0.001455,0,29,0.284703,0.154592
48305,Lynn County,,TX,531,6207,6738,1,1,2,240,282,522,7,0.266031,0.277128,0,0.000169,0.000149,160,0.000069,0,29,0,0.001351
48307,McCulloch County,,TX,652,8304,8956,0,2,2,0,99,99,7,0.259667,0.270435,0,0,0.000156,160,0.000051,0,247,1,0
48309,McLennan County,,TX,13525,240352,253877,51,41,92,8535,8653,17188,6,0.357099,0.384569,2753.814033,0.014813,0.017409,160,0.000823,0,29,0.436002,0.124713
48311,McMullen County,,TX,79,802,881,0,0,0,0,0,0,0,0,0,0,0,0,168,0.000051,153,248,0,0
48313,Madison County,,TX,913,11596,12509,5,6,11,418,537,955,6,0.321152,0.338557,0.916667,0.001177,0.001598,160,0.000133,0,29,0.866667,0.00991
48315,Marion County,,TX,789,9458,10247,4,3,7,378,337,715,7,0.254945,0.264381,0,0.000963,0.000136,160,0.000122,0,29,1,0.00836
48317,Martin County,,TX,437,4904,5341,2,0,2,225,0,225,0,0,0,0,0.000135,0,160,0.000088,0,13,1,0.001286
48319,Mason County,,TX,245,3906,4151,0,0,0,0,0,0,0,0,0,0,0,0,169,0.000051,154,249,0,0
48321,Matagorda County,,TX,2458,38983,41441,9,8,17,1160,1422,2582,6,0.32566,0.343523,11.552368,0.002662,0.002807,160,0.000188,0,29,0.709091,0.023809
48323,Maverick County,,TX,2470,66838,69308,12,9,21,1307,1209,2516,6,0.328873,0.347747,82.667027,0.005472,0.004926,160,0.000229,0,29,0.660256,0.04634
48325,Medina County,,TX,3305,44570,47875,7,8,15,2080,2207,4287,6,0.326173,0.344098,92.343957,0.00246,0.003013,160,0.000206,0,29,0.553571,0.021839
48327,Menard County,,TX,189,2045,2234,0,0,0,0,0,0,0,0,0,0,0,0,170,0.000051,155,250,0,0
48329,Midland County,,TX,9892,144397,154289,52,40,92,7592,6365,13957,6,0.351643,0.378241,29620.796819,0.014633,0.013378,160,0.001047,0,29,0.316667,0.124004
48331,Milam County,,TX,1688,24994,26682,6,7,13,710,893,1603,6,0.323444,0.341534,4.226876,0.002626,0.003162,160,0.000141,0,29,0.767857,0.023105
48333,Mills County,,TX,388,4712,5100,0,1,1,0,75,75,7,0.243536,0.251339,0,0,0.000022,160,0.000051,0,251,0,0
48335,Mitchell County,,TX,579,7234,7813,2,2,4,113,95,208,7,0.239195,0.246368,0,0.000014,0.000008,160,0.000102,0,29,1,0.000249
48337,Montague County,,TX,1300,20300,21600,7,6,13,707,697,1404,6,0.312702,0.328471,467.765052,0.002318,0.001701,160,0.000184,0,29,0.714286,0.020162
48339,Montgomery County,,TX,34297,465993,500290,105,89,194,34009,26595,60604,6,0.381529,0.414868,11930.720126,0.04467,0.036014,160,0.001445,0,29,0.383959,0.347031
48341,Moore County,,TX,2326,24921,27247,7,6,13,673,890,1563,6,0.323192,0.341431,956.697267,0.002209,0.001884,160,0.000203,0,29,0.402778,0.018422
48343,Morris County,,TX,1169,13802,14971,5,5,10,503,603,1106,7,0.256683,0.267128,3.004584,0.000192,0.000165,160,0.00014,0,29,0.75,0.001879
48345,Motley County,,TX,95,1011,1106,0,0,0,0,0,0,0,0,0,0,0,0,171,0.000051,156,252,0,0
48347,Nacogdoches County,,TX,4361,58558,62919,20,18,38,2434,2591,5025,6,0.329171,0.349241,1521.056157,0.006208,0.006943,160,0.000371,0,29,0.604743,0.054659
48349,Navarro County,,TX,3211,50299,53510,11,13,24,1917,2044,3961,6,0.326393,0.346103,7.719952,0.003994,0.005918,160,0.000214,0,29,0.75641,0.034761
48351,Newton County,,TX,950,11716,12666,6,4,10,697,540,1237,7,0.259438,0.269668,1.328954,0.001284,0.00018,160,0.000135,0,29,0.733333,0.010797
48353,Nolan County,,TX,1167,15889,17056,5,6,11,380,446,826,6,0.313412,0.329201,3903.382819,0.000474,0.001189,160,0.000169,0,29,0.452381,0.004029
48355,Nueces County,,TX,21418,348520,369938,72,72,144,14853,15441,30294,6,0.367974,0.399195,17182.513336,0.026948,0.027781,160,0.001138,0,29,0.374229,0.217265
48357,Ochiltree County,,TX,657,11073,11730,1,1,2,54,87,141,7,0.258972,0.26857,2901,0,0.000091,160,0.000094,0,244,0,0.000084
48359,Oldham County,,TX,264,2077,2341,2,2,4,99,100,199,7,0.260417,0.270536,0,0.000185,0.000183,160,0.0001,0,29,1,0.001724
48361,Orange County,,TX,5089,89321,94410,12,14,26,3463,3121,6584,6,0.323769,0.342954,380.121044,0.002445,0.004178,160,0.000235,0,29,0.5875,0.020813
48363,Palo Pinto County,,TX,2164,27661,29825,8,9,17,1076,1144,2220,6,0.315389,0.332224,19.454113,0.002233,0.002699,160,0.000215,0,29,0.611111,0.020201
48365,Panola County,,TX,1551,25887,27438,7,10,17,823,962,1785,6,0.324457,0.343471,14.602046,0.001391,0.003328,160,0.000174,0,29,0.8,0.011807
48367,Parker County,,TX,9806,120394,130200,24,19,43,7169,6327,13496,6,0.331732,0.352678,453.093804,0.009719,0.007309,160,0.000455,0,29,0.606154,0.083413
48369,Parmer County,,TX,1039,11770,12809,4,5,9,517,546,1063,7,0.266544,0.278709,6.473839,0.000157,0.000302,7,0.000153,0,29,0.75,0.001646
48371,Pecos County,,TX,1052,14743,15795,4,3,7,291,400,691,7,0.264454,0.276117,1.371955,0.000351,0.000339,160,0.000125,0,29,0.666667,0.003298
48373,Polk County,,TX,4711,52712,57423,14,17,31,2276,2012,4288,6,0.3419,0.364132,310.912867,0.004558,0.006527,160,0.000248,0,29,0.614035,0.038356
48375,Potter County,,TX,12705,120911,133616,32,30,62,8658,9176,17834,6,0.351175,0.376644,26312.290644,0.011497,0.012152,160,0.00071,0,29,0.346032,0.095557
48377,Presidio County,,TX,1115,10845,11960,3,4,7,254,547,801,6,0.29619,0.309425,4.420028,0.000704,0.000839,160,0.000111,0,29,0.833333,0.006641
48379,Rains County,,TX,884,9738,10622,6,5,11,472,418,890,6,0.311092,0.326351,0.25,0.001776,0.001082,160,0.000148,0,29,0.933333,0.015394
48381,Randall County,,TX,12210,127722,139932,41,30,71,10003,8648,18651,6,0.349355,0.374517,36944.22144,0.011377,0.010935,160,0.001041,0,29,0.328788,0.096571
48383,Reagan County,,TX,261,3790,4051,2,0,2,106,0,106,0,0,0,0,0.000207,0,160,0.000073,0,19,1,0.001597
48385,Real County,,TX,231,3293,3524,0,0,0,0,0,0,0,0,0,0,0,0,172,0.000051,157,253,0,0
48387,Red River County,,TX,1006,12842,13848,3,5,8,397,521,918,6,0.311694,0.327184,9.693494,0.000124,0.001024,160,0.000099,0,29,0.45,0.000999
48389,Reeves County,,TX,830,11333,12163,3,3,6,258,382,640,7,0.260768,0.271283,40.407309,0.000704,0.000207,160,0.000111,0,29,0.833333,0.006641
48391,Refugio County,,TX,560,8064,8624,3,3,6,187,213,400,7,0.269241,0.28078,0,0.000346,0.000336,160,0.000095,0,29,1,0.003012
48393,Roberts County,,TX,301,958,1259,1,1,2,42,57,99,8,0.210419,0.216195,0,0.000003,0.000012,160,0.00009,0,29,0,0.000187
48395,Robertson County,,TX,1375,16601,17976,3,4,7,759,696,1455,6,0.321152,0.338328,0.666667,0.001118,0.001305,160,0.000092,0,29,0.75,0.009275
48397,Rockwall County,,TX,6786,82173,88959,15,10,25,6281,4685,10966,6,0.328798,0.347747,17.884077,0.007414,0.006561,160,0.000265,0,29,0.7875,0.062531
48399,Runnels County,,TX,859,11045,11904,2,2,4,243,339,582,7,0.269067,0.280567,0,0.000301,0.000281,160,0.00008,0,29,1,0.002462
48401,Rusk County,,TX,3743,51221,54964,11,11,22,2582,2465,5047,6,0.324349,0.343414,9.302748,0.00341,0.003859,160,0.000222,0,29,0.827273,0.029941
48403,Sabine County,,TX,823,10593,11416,5,5,10,267,289,556,6,0.321116,0.338385,1.566667,0.001176,0.001244,160,0.000123,0,29,0.733333,0.010019
48405,San Augustine County,,TX,495,8356,8851,5,3,8,299,217,516,7,0.248224,0.257169,0.666667,0.001076,0.000107,160,0.000145,0,29,0.8,0.009289
48407,San Jacinto County,,TX,2083,23185,25268,5,6,11,1835,1430,3265,6,0.321152,0.338557,0.142857,0.00138,0.001672,160,0.000114,0,29,0.966667,0.011764
48409,San Patricio County,,TX,6905,71744,78649,20,21,41,3878,4475,8353,6,0.336739,0.358845,1049.494933,0.007853,0.007515,160,0.000361,0,29,0.626812,0.065466
48411,San Saba County,,TX,445,5586,6031,0,1,1,0,41,41,7,0.243536,0.251339,0,0,0.000022,160,0.000051,0,254,0,0
48413,Schleicher County,,TX,389,3138,3527,1,2,3,48,170,218,7,0.265738,0.277553,0.869064,0.000137,0.000269,8,0.000064,0,29,0,0.001175
48415,Scurry County,,TX,1134,16779,17913,6,6,12,326,356,682,7,0.271459,0.284251,1991.4787,0.000477,0.000504,160,0.00019,0,29,0.595238,0.004137
48417,Shackelford County,,TX,301,3361,3662,1,0,1,60,0,60,0,0,0,0,0.000164,0,160,0.000067,0,14,0,0.001288
48419,Shelby County,,TX,1370,25692,27062,8,6,14,723,685,1408,6,0.321187,0.338615,385.084775,0.001544,0.001174,160,0.00021,0,29,0.517857,0.013297
48421,Sherman County,,TX,244,2749,2993,0,0,0,0,0,0,0,0,0,0,0,0,173,0.000051,158,255,0,0
48423,Smith County,,TX,14123,219861,233984,48,48,96,10075,9707,19782,6,0.351217,0.378557,1715.981571,0.014264,0.013959,160,0.000772,0,29,0.408418,0.120658
48425,Somervell County,,TX,799,8370,9169,4,3,7,285,328,613,6,0.311292,0.326414,0.2,0.000916,0.001022,160,0.000128,0,29,0.833333,0.008223
48427,Starr County,,TX,2760,68673,71433,6,7,13,1108,1836,2944,6,0.326026,0.34381,170.614399,0.002945,0.002693,160,0.000154,0,29,0.839286,0.025618
48429,Stephens County,,TX,636,8670,9306,1,2,3,52,99,151,6,0.311292,0.326299,0,0.000802,0.000911,160,0.000065,0,29,1,0.006823
48431,Sterling County,,TX,122,1085,1207,0,0,0,0,0,0,0,0,0,0,0,0,174,0.000051,159,256,0,0
48433,Stonewall County,,TX,108,1598,1706,0,0,0,0,0,0,0,0,0,0,0,0,175,0.000051,160,257,0,0
48435,Sutton County,,TX,412,4638,5050,2,2,4,111,129,240,7,0.264357,0.275772,0,0.000207,0.000252,160,0.000073,0,29,0.833333,0.001597
48437,Swisher County,,TX,715,7660,8375,3,4,7,215,354,569,7,0.266397,0.278306,0,0.000213,0.000348,160,0.00012,0,29,1,0.001953
48439,Tarrant County,,TX,112912,1986035,2098947,381,314,695,109124,97958,207082,5,0.451784,0.50381,274622.490015,0.112618,0.100019,160,0.005226,0,29,0.14771,0.833124
48441,Taylor County,,TX,11948,138239,150187,48,52,100,6079,6628,12707,6,0.362727,0.391782,40116.489311,0.018211,0.020481,160,0.000987,0,29,0.410871,0.150664
48443,Terrell County,,TX,144,940,1084,0,0,0,0,0,0,0,0,0,0,0,0,176,0.000051,161,258,0,0
48445,Terry County,,TX,1005,11941,12946,2,3,5,283,472,755,7,0.266128,0.277588,1,0.00017,0.000153,160,0.00009,0,29,0.583333,0.001444
48447,Throckmorton County,,TX,120,1604,1724,0,0,0,0,0,0,0,0,0,0,0,0,177,0.000051,162,259,0,0
48449,Titus County,,TX,2421,34745,37166,12,14,26,1108,1261,2369,6,0.325149,0.344851,1217.809844,0.001989,0.003367,160,0.000265,0,29,0.472527,0.017544
48451,Tom Green County,,TX,10269,115322,125591,44,51,95,4686,5542,10228,6,0.350411,0.378701,36078.304446,0.016759,0.017066,160,0.000817,0,29,0.353955,0.137122
48453,Travis County,,TX,81290,1028740,1110030,290,214,504,82763,70223,152986,5,0.434717,0.478178,86912.459378,0.103615,0.082964,160,0.003733,0,29,0.226843,0.759195
48455,Trinity County,,TX,1234,13214,14448,6,5,11,725,661,1386,6,0.321116,0.338385,0.437374,0.001413,0.001527,160,0.000132,0,29,0.866667,0.012207
48457,Tyler County,,TX,1357,18650,20007,7,7,14,735,814,1549,6,0.321187,0.33873,1.192857,0.001258,0.001311,160,0.000151,0,29,0.833333,0.010686
48459,Upshur County,,TX,3320,38097,41417,11,10,21,2463,2180,4643,6,0.324312,0.343241,75.581281,0.003704,0.003209,160,0.000225,0,29,0.666667,0.031503
48461,Upton County,,TX,291,3400,3691,1,1,2,58,41,99,7,0.257297,0.26679,0,0.000107,0.000088,160,0.000073,0,29,1,0.001095
48463,Uvalde County,,TX,1919,28880,30799,7,6,13,622,734,1356,6,0.326099,0.343753,87.801568,0.002475,0.002868,160,0.000178,0,29,0.595238,0.02189
48465,Val Verde County,,TX,4285,54180,58465,9,19,28,1187,1751,2938,6,0.345732,0.369276,4291.811798,0.004936,0.008789,160,0.000186,0,29,0.597368,0.043667
48467,Van Zandt County,,TX,3712,51123,54835,14,12,26,2635,2443,5078,6,0.315595,0.332914,20.850269,0.004146,0.003618,160,0.000263,0,29,0.752381,0.036558
48469,Victoria County,,TX,5618,96022,101640,27,28,55,3640,3749,7389,6,0.331239,0.352879,5967.654895,0.007066,0.007818,160,0.000543,0,29,0.450538,0.063129
48471,Walker County,,TX,5214,49183,54397,17,20,37,3088,3599,6687,6,0.330371,0.35081,165.601537,0.004675,0.007229,160,0.000305,0,29,0.57619,0.040917
48473,Waller County,,TX,3723,38260,41983,8,7,15,2806,2625,5431,6,0.322832,0.340885,11.56139,0.002583,0.00284,160,0.000183,0,29,0.803571,0.022833
48475,Ward County,,TX,843,11120,11963,3,2,5,300,260,560,7,0.260744,0.271111,0,0.000195,0.000205,160,0.000129,0,29,1,0.002076
48477,Washington County,,TX,2178,34910,37088,11,9,20,1236,1244,2480,6,0.321865,0.339822,25.44693,0.003274,0.002894,160,0.000247,0,29,0.590909,0.029302
48479,Webb County,,TX,7226,280038,287264,22,21,43,3519,4475,7994,6,0.351217,0.374489,1473.941851,0.010739,0.012362,160,0.000399,0,29,0.666667,0.091544
48481,Wharton County,,TX,2518,46499,49017,8,10,18,1328,1692,3020,6,0.326356,0.344615,28.460135,0.001552,0.003485,160,0.000193,0,29,0.622222,0.013884
48483,Wheeler County,,TX,419,5751,6170,0,1,1,0,53,53,7,0.258972,0.26857,0,0,0.000091,160,0.000051,0,260,0,0
48485,Wichita County,,TX,12438,126198,138636,40,57,97,4769,7197,11966,6,0.360607,0.391345,19764.684451,0.015357,0.020062,160,0.00072,0,29,0.367788,0.123268
48487,Wilbarger County,,TX,984,14048,15032,3,3,6,247,319,566,6,0.312534,0.327839,5839,0.000963,0.001027,160,0.000156,0,29,0.333333,0.007976
48489,Willacy County,,TX,1188,20386,21574,3,4,7,586,719,1305,6,0.325623,0.342977,0,0.001313,0.002381,160,0.000092,0,29,1,0.011325
48491,Williamson County,,TX,38196,456504,494700,141,86,227,40977,29990,70967,6,0.377555,0.410408,10559.331382,0.0602,0.03868,160,0.001878,0,29,0.39334,0.459139
48493,Wilson County,,TX,2951,44566,47517,8,6,14,2257,1871,4128,6,0.325477,0.343006,49.5184,0.002888,0.002262,160,0.000196,0,29,0.732143,0.025476
48495,Winkler County,,TX,552,7331,7883,2,2,4,148,230,378,7,0.260744,0.271111,0,0.000143,0.000205,160,0.000091,0,29,1,0.001377
48497,Wise County,,TX,4712,60494,65206,12,13,25,3426,3008,6434,6,0.327055,0.347063,146.712004,0.004029,0.005063,160,0.000276,0,29,0.648352,0.035611
48499,Wood County,,TX,2844,41337,44181,15,14,29,1926,1752,3678,6,0.324494,0.343989,112.770929,0.004068,0.004617,160,0.000298,0,29,0.652381,0.036112
48501,Yoakum County,,TX,573,9325,9898,2,4,6,100,230,330,7,0.266177,0.277818,1.113487,0.000059,0.000207,160,0.000095,0,29,0.75,0.000641
48503,Young County,,TX,1270,19053,20323,5,5,10,347,348,695,6,0.312567,0.328126,281.14266,0.001816,0.001113,160,0.000134,0,29,0.619048,0.015204
48505,Zapata County,,TX,621,13653,14274,4,3,7,267,279,546,7,0.266471,0.277421,0.166667,0.001254,0.000363,160,0.000115,0,29,0.916667,0.011033
48507,Zavala County,,TX,670,11576,12246,3,4,7,241,378,619,6,0.311593,0.326132,0.75,0.000815,0.000987,160,0.000108,0,29,0.75,0.007269
49001,Beaver County,,UT,545,7475,8020,2,3,5,122,246,368,6,0.32233,0.338144,0,0.001012,0.00112,7,0.000079,0,29,1,0.007752
49003,Box Elder County,,UT,4124,58394,62518,10,9,19,2322,2471,4793,6,0.323805,0.340902,3746.014435,0.00355,0.002316,7,0.00019,0,29,0.809091,0.02636
49005,Cache County,,UT,9238,121117,130355,26,29,55,4719,5669,10388,6,0.341981,0.365305,6321.590673,0.007658,0.009015,7,0.000459,0,29,0.417647,0.059139
49007,Carbon County,,UT,1570,22315,23885,4,5,9,674,710,1384,6,0.297864,0.311747,3.046906,0.001048,0.000949,7,0.000107,0,29,0.666667,0.007021
49009,Daggett County,,UT,64,1008,1072,0,0,0,0,0,0,0,0,0,0,0,0,178,0.000051,163,261,0,0
49011,Davis County,,UT,26147,348156,374303,56,58,114,19354,19398,38752,6,0.366069,0.396236,5651.623078,0.023273,0.024506,7,0.000778,0,29,0.446009,0.183068
49013,Duchesne County,,UT,1491,20166,21657,7,4,11,853,714,1567,6,0.297833,0.311575,0.258824,0.001371,0.000941,7,0.000159,0,29,0.857143,0.009808
49015,Emery County,,UT,858,11922,12780,3,3,6,338,380,718,6,0.297741,0.311287,0,0.001021,0.00085,7,0.000088,0,29,1,0.00668
49017,Garfield County,,UT,421,5443,5864,1,2,3,60,112,172,6,0.322222,0.337856,0,0.00007,0.001043,7,0.000068,0,29,1,0.000688
49019,Grand County,,UT,819,10470,11289,3,2,5,204,128,332,6,0.297436,0.311011,1.559966,0.001022,0.00068,7,0.00008,0,29,0.75,0.006683
49021,Iron County,,UT,4288,44161,48449,18,14,32,2346,2527,4873,6,0.338825,0.35927,620.59217,0.00715,0.00558,7,0.000302,0,29,0.538012,0.052967
49023,Juab County,,UT,711,10869,11580,3,3,6,442,430,872,6,0.297741,0.311287,0,0.001032,0.000853,7,0.000085,0,29,1,0.006711
49025,Kane County,,UT,579,6966,7545,4,4,8,253,231,484,6,0.322545,0.338575,0,0.001766,0.001212,7,0.000097,0,29,0.95,0.01303
49027,Millard County,,UT,783,14159,14942,3,4,7,206,360,566,6,0.297833,0.311575,0,0.001058,0.000976,7,0.000088,0,29,1,0.007048
49029,Morgan County,,UT,766,10901,11667,3,3,6,462,456,918,6,0.297527,0.311098,0,0.000915,0.000857,7,0.000084,0,29,1,0.006697
49031,Piute County,,UT,99,1421,1520,0,0,0,0,0,0,0,0,0,0,0,0,179,0.000051,164,262,0,0
49033,Rich County,,UT,193,2351,2544,0,0,0,0,0,0,0,0,0,0,0,0,180,0.000051,165,263,0,0
49035,Salt Lake County,,UT,57375,1196984,1254359,185,191,376,47008,47436,94444,5,0.421818,0.46454,99267.247842,0.071225,0.074789,7,0.002385,0,29,0.288611,0.538998
49037,San Juan County,,UT,1239,10465,11704,4,8,12,522,707,1229,6,0.298723,0.313414,9.530807,0.001132,0.001095,7,0.000091,0,29,0.410714,0.007451
49039,Sanpete County,,UT,2020,25697,27717,8,10,18,1147,1304,2451,6,0.323733,0.340931,30.671114,0.00142,0.002257,7,0.000173,0,29,0.711111,0.010181
49041,Sevier County,,UT,1344,22282,23626,6,6,12,657,652,1309,6,0.323516,0.340126,10.786991,0.002113,0.001973,7,0.00013,0,29,0.966667,0.015151
49043,Summit County,,UT,3958,43400,47358,11,9,20,2107,2112,4219,6,0.338074,0.357632,95.569013,0.007056,0.004472,7,0.000173,0,29,0.893939,0.052899
49045,Tooele County,,UT,4533,65408,69941,10,9,19,2762,2752,5514,6,0.334448,0.353655,5.031151,0.003697,0.003401,7,0.000179,0,29,0.766667,0.027475
49047,Uintah County,,UT,2426,32573,34999,12,7,19,1577,1011,2588,6,0.299618,0.313954,59.960553,0.002719,0.001151,7,0.000228,0,29,0.551282,0.020303
49049,Utah County,,UT,35477,542070,577547,93,125,218,24461,27880,52341,6,0.393434,0.43131,22943.562458,0.033667,0.05156,7,0.001282,0,29,0.372522,0.266525
49051,Wasatch County,,UT,2058,25122,27180,7,6,13,1564,1306,2870,6,0.29863,0.312753,11.902456,0.002402,0.001173,7,0.000136,0,29,0.839286,0.017324
49053,Washington County,,UT,9654,141901,151555,35,27,62,7625,6177,13802,6,0.340096,0.362575,4270.725635,0.009673,0.008743,7,0.000554,0,29,0.37988,0.073057
49055,Wayne County,,UT,224,2858,3082,0,0,0,0,0,0,0,0,0,0,0,0,181,0.000051,166,264,0,0
49057,Weber County,,UT,16806,263489,280295,31,35,66,11955,12072,24027,6,0.346351,0.371626,1200.691102,0.012368,0.014781,7,0.000449,0,29,0.541026,0.093721
50001,Addison County,,VT,2250,42728,44978,6,4,10,1076,961,2037,7,0.264961,0.275849,14.809621,0.000248,0.000159,103,0.000163,0,29,0.566667,0.001796
50003,Bennington County,,VT,2057,42859,44916,6,10,16,665,882,1547,7,0.295918,0.312227,33.937746,0.000367,0.001432,107,0.000116,0,29,0.522222,0.002611
50005,Caledonia County,,VT,1798,35668,37466,7,7,14,759,863,1622,7,0.265106,0.276539,1813.694333,0.000291,0.000217,103,0.000194,0,29,0.547619,0.00216
50007,Chittenden County,,VT,10565,181965,192530,46,52,98,6007,6446,12453,6,0.360114,0.388483,42005.010839,0.017795,0.024247,103,0.000627,0,29,0.482335,0.126044
50009,Essex County,,VT,510,6960,7470,2,3,5,263,251,514,8,0.21571,0.222402,2.792857,0.000006,0.000007,103,0.000088,0,29,0.333333,0.000225
50011,Franklin County,,VT,2253,58331,60584,6,7,13,1562,1251,2813,7,0.265301,0.27674,18.621387,0.000235,0.000172,103,0.000187,0,29,0.47619,0.001741
50013,Grand Isle County,,VT,701,8517,9218,2,2,4,407,425,832,7,0.264816,0.275274,0,0.000196,0.000145,103,0.000084,0,29,1,0.001189
50015,Lamoille County,,VT,1855,29187,31042,6,5,11,930,938,1868,7,0.264913,0.275849,206.727482,0.00095,0.000157,103,0.000164,0,29,0.733333,0.006847
50017,Orange County,,VT,2064,34087,36151,6,6,12,1246,1221,2467,7,0.265179,0.276596,4.560247,0.000318,0.000223,103,0.000143,0,29,0.8,0.002133
50019,Orleans County,,VT,1367,32156,33523,6,5,11,527,541,1068,7,0.264913,0.275849,481.049137,0.00022,0.000163,103,0.000178,0,29,0.666667,0.001698
50021,Rutland County,,VT,3297,73363,76660,8,10,18,1115,1383,2498,7,0.295225,0.311176,114.153393,0.000272,0.000947,103,0.000182,0,29,0.422222,0.002098
50023,Washington County,,VT,3825,71430,75255,11,13,24,1855,2016,3871,6,0.311828,0.32931,1329.568878,0.001033,0.002657,103,0.00027,0,29,0.442308,0.007827
50025,Windham County,,VT,3011,51714,54725,9,10,19,1071,1240,2311,6,0.302999,0.319471,273.563824,0.001819,0.00199,103,0.00015,0,29,0.445455,0.013176
50027,Windsor County,,VT,4200,68416,72616,12,12,24,2241,2200,4441,6,0.311761,0.32908,462.253757,0.001704,0.002686,103,0.000198,0,29,0.472527,0.012674
51001,Accomack County,,VA,2001,37750,39751,8,7,15,614,679,1293,7,0.294506,0.309072,311.811095,0.002085,0.001325,130,0.000165,0,29,0.416667,0.016226
51003,Albemarle County,,VA,9932,99989,109921,39,35,74,6160,5779,11939,6,0.351175,0.376741,27124.657993,0.016114,0.013707,50,0.000643,0,29,0.459831,0.126652
51005,Alleghany County,,VA,691,18040,18731,3,2,5,282,170,452,7,0.239888,0.248346,8738,0,0.000017,183,0.000253,0,29,0.166667,0.000271
51007,Amelia County,,VA,933,14623,15556,5,5,10,608,528,1136,7,0.282679,0.2954,11.937422,0.000895,0.000819,50,0.000137,0,29,0.75,0.006537
51009,Amherst County,,VA,2098,35156,37254,5,5,10,1182,1307,2489,7,0.240026,0.249277,31.040096,0.000036,0.000021,183,0.000159,0,29,0.55,0.000659
51011,Appomattox County,,VA,871,16995,17866,4,5,9,497,450,947,7,0.240066,0.249392,12.711836,0.000038,0.000021,183,0.000133,0,29,0.65,0.000534
51013,Arlington County,,VA,39665,225223,264888,145,96,241,33490,32166,65656,6,0.399614,0.433684,11920.784964,0.072357,0.054692,50,0.001594,0,29,0.497572,0.52519
51015,Augusta County,,VA,4132,84664,88796,7,8,15,2485,2351,4836,7,0.266104,0.277553,8873.9942,0.000153,0.000219,50,0.000292,0,29,0.458333,0.001878
51017,Bath County,,VA,383,5365,5748,0,1,1,0,67,67,8,0.193529,0.197977,0,0,0,183,0.000051,0,265,0,0
51019,Bedford County,,VA,4643,78364,83007,13,10,23,3374,2623,5997,7,0.274725,0.288007,1556.671965,0.000531,0.000353,183,0.000323,0,29,0.403846,0.004301
51021,Bland County,,VA,320,6617,6937,1,2,3,70,125,195,8,0.211139,0.217182,0,0,0.000001,183,0.000083,0,29,0.5,0.000102
51023,Botetourt County,,VA,2557,38920,41477,5,6,11,1239,1486,2725,7,0.245742,0.255356,5876,0.000085,0.000055,183,0.000174,0,29,0.7,0.000945
51025,Brunswick County,,VA,966,16361,17327,3,5,8,263,440,703,7,0.273688,0.28592,1587.283028,0.000013,0.000309,50,0.000146,0,29,0.3,0.000382
51027,Buchanan County,,VA,975,22182,23157,4,3,7,302,451,753,8,0.203395,0.208933,318.701471,0.000002,0.000001,150,0.00019,0,29,0.3,0.000418
51029,Buckingham County,,VA,658,15634,16292,4,3,7,337,195,532,7,0.265738,0.2763,17.140867,0.000223,0.000184,50,0.000112,0,29,0.5,0.001844
51031,Campbell County,,VA,3805,61240,65045,8,9,17,2443,2560,5003,7,0.274751,0.287978,661.638175,0.000083,0.000341,183,0.00022,0,29,0.366667,0.001214
51033,Caroline County,,VA,2760,31732,34492,10,10,20,1785,1733,3518,6,0.308052,0.324718,10.403511,0.00262,0.002657,50,0.000182,0,29,0.833333,0.020266
51035,Carroll County,,VA,1296,30887,32183,5,6,11,569,618,1187,8,0.236156,0.24472,2151.794159,0.000021,0.000021,183,0.000196,0,29,0.266667,0.00063
51036,Charles City County,,VA,535,8124,8659,3,5,8,264,331,595,7,0.282954,0.295802,0,0.000669,0.000874,50,0.000092,0,29,1,0.004951
51037,Charlotte County,,VA,741,13567,14308,2,4,6,147,239,386,8,0.233363,0.241502,7.678377,0.00002,0.000017,50,0.000093,0,29,0.333333,0.000313
51041,Chesterfield County,,VA,25378,369790,395168,89,87,176,19312,18332,37644,6,0.376232,0.409385,62278.328297,0.03583,0.037618,50,0.001252,0,29,0.401251,0.271665
51043,Clarke County,,VA,1107,15380,16487,5,5,10,734,664,1398,6,0.306586,0.322046,0,0.001318,0.001426,50,0.000128,0,29,1,0.010732
51045,Craig County,,VA,306,5590,5896,2,2,4,106,111,217,7,0.245513,0.254321,0,0.00008,0.000048,183,0.000096,0,29,1,0.000589
51047,Culpeper County,,VA,3576,51637,55213,13,13,26,2310,2043,4353,6,0.306846,0.323592,2208.39518,0.002229,0.002443,50,0.000277,0,29,0.510989,0.018839
51049,Cumberland County,,VA,749,10081,10830,4,5,9,342,341,683,7,0.282761,0.295572,4.346834,0.000539,0.000819,50,0.000117,0,29,0.8,0.003979
51051,Dickenson County,,VA,571,14737,15308,1,2,3,141,189,330,8,0.196917,0.201835,2.133333,0,0,150,0.000094,0,29,0,0.000103
51053,Dinwiddie County,,VA,2103,30433,32536,9,8,17,1368,1397,2765,7,0.283148,0.296434,41.873345,0.000992,0.000907,50,0.000207,0,29,0.577778,0.007566
51057,Essex County,,VA,742,12749,13491,4,5,9,220,272,492,7,0.2806,0.292865,2234.937054,0.000369,0.000356,50,0.000173,0,29,0.333333,0.002972
51059,Fairfax County,,VA,107394,1226735,1334129,318,290,608,92760,94472,187232,5,0.441266,0.49246,209885.827983,0.113885,0.106453,50,0.003785,0,29,0.213902,0.829013
51061,Fauquier County,,VA,5388,73596,78984,14,13,27,3598,3192,6790,6,0.307366,0.324299,2507.79228,0.003298,0.003072,50,0.000283,0,29,0.57619,0.027466
51063,Floyd County,,VA,813,16513,17326,3,2,5,335,243,578,7,0.259694,0.269234,0,0.00019,0.00006,183,0.00011,0,29,1,0.001022
51065,Fluvanna County,,VA,1987,28129,30116,5,7,12,1013,1064,2077,7,0.28128,0.294072,98.730218,0.001085,0.000571,50,0.000127,0,29,0.696429,0.008662
51067,Franklin County,,VA,2854,59647,62501,8,8,16,1592,1535,3127,7,0.261403,0.272504,78.921929,0.000096,0.000105,183,0.000227,0,29,0.513889,0.001291
51069,Frederick County,,VA,6630,89664,96294,15,14,29,4865,4214,9079,6,0.307236,0.324201,5028.524473,0.002796,0.002237,50,0.000323,0,29,0.4375,0.022814
51071,Giles County,,VA,983,18814,19797,4,4,8,441,442,883,7,0.261403,0.271349,3328.623623,0.000111,0.000045,183,0.000201,0,29,0.333333,0.000741
51073,Gloucester County,,VA,2842,43371,46213,8,9,17,1374,1327,2701,7,0.29707,0.312503,5304.255077,0.001721,0.001571,50,0.000172,0,29,0.555556,0.012084
51075,Goochland County,,VA,1426,23265,24691,5,6,11,956,866,1822,7,0.282734,0.29563,0.704167,0.000938,0.000865,50,0.00012,0,29,0.866667,0.006841
51077,Grayson County,,VA,725,15959,16684,2,4,6,253,316,569,8,0.198196,0.20386,28.140461,0,0,183,0.000115,0,29,0.166667,0.000191
51079,Greene County,,VA,1537,20872,22409,7,6,13,922,874,1796,7,0.265762,0.276788,124.348466,0.001574,0.000225,50,0.000161,0,29,0.678571,0.012799
51081,Greensville County,,VA,548,9119,9667,3,3,6,195,164,359,8,0.215453,0.221791,1.822855,0.000006,0.000003,50,0.000136,0,29,0.666667,0.000309
51083,Halifax County,,VA,1361,38380,39741,6,6,12,443,438,881,7,0.240704,0.250558,53.910334,0.000043,0.000046,183,0.000171,0,29,0.285714,0.000836
51085,Hanover County,,VA,6846,116497,123343,15,15,30,4836,4364,9200,6,0.312433,0.33146,297.832829,0.003472,0.004393,50,0.00029,0,29,0.542484,0.027339
51087,Henrico County,,VA,27758,347585,375343,97,97,194,21808,21887,43695,6,0.389419,0.423529,57167.185568,0.042223,0.04467,50,0.001309,0,29,0.424104,0.316903
51089,Henry County,,VA,2651,58816,61467,8,9,17,1334,1492,2826,7,0.283813,0.297512,2334.200533,0.000472,0.000503,183,0.0002,0,29,0.361111,0.004327
51091,Highland County,,VA,128,2636,2764,0,0,0,0,0,0,0,0,0,0,0,0,182,0.000051,167,266,0,0
51093,Isle of Wight County,,VA,3112,41734,44846,12,13,25,1917,1747,3664,7,0.296857,0.312929,702.77184,0.002256,0.002254,50,0.000196,0,29,0.608974,0.015314
51095,James City County,,VA,6680,76492,83172,20,17,37,3705,3007,6712,6,0.321472,0.340351,3691.499103,0.006708,0.004821,50,0.000284,0,29,0.490942,0.049032
51097,King and Queen County,,VA,553,7191,7744,3,1,4,241,163,404,8,0.220398,0.226225,0,0.000048,0.000006,50,0.000137,0,29,0.333333,0.000728
51099,King George County,,VA,2499,26391,28890,12,11,23,1614,1381,2995,6,0.328649,0.347103,193.0475,0.003806,0.0039,50,0.0002,0,29,0.576923,0.028713
51101,King William County,,VA,1273,19570,20843,6,5,11,741,695,1436,7,0.282679,0.2954,3038.710305,0.000737,0.000838,50,0.000251,0,29,0.52381,0.005782
51103,Lancaster County,,VA,641,13404,14045,1,1,2,73,90,163,8,0.190626,0.194549,0,0,0.000007,50,0.000095,0,29,0,0.000142
51105,Lee County,,VA,799,21953,22752,4,3,7,305,227,532,8,0.222256,0.228751,83.616319,0.000006,0.000003,150,0.000191,0,29,0.333333,0.000413
51107,Loudoun County,,VA,28034,368380,396414,106,88,194,26051,19503,45554,6,0.385433,0.419511,14677.234189,0.054008,0.047918,50,0.001263,0,29,0.522197,0.400211
51109,Louisa County,,VA,2410,36059,38469,12,12,24,1547,1302,2849,6,0.308248,0.325293,88.471551,0.002571,0.002253,50,0.000216,0,29,0.647436,0.020277
51111,Lunenburg County,,VA,599,12143,12742,3,3,6,250,197,447,8,0.232932,0.240548,3.913621,0.000024,0.000018,50,0.00012,0,29,0.333333,0.000427
51113,Madison County,,VA,957,14688,15645,4,4,8,359,475,834,7,0.26016,0.270443,0.311111,0.000148,0.000175,50,0.000126,0,29,0.916667,0.001737
51115,Mathews County,,VA,548,9987,10535,1,2,3,152,173,325,8,0.229158,0.236144,0,0.000013,0.000017,50,0.000067,0,29,1,0.000185
51117,Mecklenburg County,,VA,1667,33555,35222,9,8,17,672,667,1339,7,0.30322,0.31944,13612.137944,0.001651,0.001656,50,0.000221,0,29,0.222222,0.012983
51119,Middlesex County,,VA,831,11716,12547,3,3,6,245,193,438,7,0.27941,0.292076,604.308617,0.000371,0.000468,50,0.000107,0,29,0.6,0.002835
51121,Montgomery County,,VA,8009,77512,85521,20,29,49,2775,3532,6307,6,0.350453,0.374954,39091.274359,0.00534,0.013677,183,0.00046,0,29,0.465726,0.043021
51125,Nelson County,,VA,1005,16939,17944,4,5,9,459,464,923,7,0.265933,0.276817,233.84678,0.00022,0.000185,50,0.000129,0,29,0.5,0.001782
51127,New Kent County,,VA,1529,21571,23100,7,7,14,961,857,1818,7,0.286646,0.300452,6.746049,0.001303,0.001167,50,0.000143,0,29,0.785714,0.009277
51131,Northampton County,,VA,754,13638,14392,2,3,5,300,313,613,7,0.294147,0.307923,0,0.00064,0.001029,130,0.000081,0,29,1,0.004824
51133,Northumberland County,,VA,584,14712,15296,4,4,8,275,249,524,7,0.235504,0.243076,7059.126191,0.000865,0.000014,50,0.000209,0,29,0.4,0.007004
51135,Nottoway County,,VA,978,15868,16846,5,5,10,419,408,827,7,0.276164,0.28871,615.03647,0.000322,0.000481,50,0.000161,0,29,0.5,0.002731
51137,Orange County,,VA,2934,37563,40497,12,11,23,2083,1622,3705,6,0.306813,0.323305,433.432417,0.001926,0.002023,50,0.000238,0,29,0.545455,0.01588
51139,Page County,,VA,1026,26911,27937,6,4,10,541,425,966,7,0.235945,0.243874,2.871339,0.001396,0.000042,50,0.000164,0,29,0.766667,0.011489
51141,Patrick County,,VA,836,18824,19660,3,4,7,332,361,693,8,0.235218,0.243502,25.988611,0.000024,0.000029,183,0.000123,0,29,0.333333,0.000482
51143,Pittsylvania County,,VA,3442,69545,72987,9,13,22,1782,2159,3941,7,0.284147,0.298489,2265.333654,0.000458,0.000522,183,0.000226,0,29,0.346154,0.004355
51145,Powhatan County,,VA,1815,30333,32148,6,6,12,1175,1041,2216,7,0.282679,0.295515,4.848734,0.000904,0.000849,50,0.000149,0,29,0.738095,0.006684
51147,Prince Edward County,,VA,1479,18615,20094,7,10,17,511,682,1193,7,0.283065,0.29675,2684.327568,0.000314,0.000832,50,0.000218,0,29,0.244444,0.002841
51149,Prince George County,,VA,4950,34489,39439,21,21,42,3390,2875,6265,6,0.330146,0.350684,2435.30822,0.007173,0.007297,50,0.000336,0,29,0.51087,0.056473
51153,Prince William County,,VA,42913,467734,510647,154,131,285,42082,33938,76020,6,0.398461,0.437132,29479.89625,0.070226,0.06068,50,0.001798,0,29,0.381201,0.515657
51155,Pulaski County,,VA,1982,35568,37550,6,6,12,1186,1004,2190,7,0.261851,0.272355,260.833499,0.000157,0.000094,183,0.000211,0,29,0.404762,0.00117
51157,Rappahannock County,,VA,685,7983,8668,3,3,6,259,308,567,7,0.235447,0.243231,0,0.000062,0.00006,50,0.000106,0,29,1,0.000774
51159,Richmond County,,VA,602,8400,9002,3,3,6,237,299,536,7,0.235485,0.242903,1,0.000014,0.00002,50,0.000149,0,29,0.833333,0.00043
51161,Roanoke County,,VA,7901,108221,116122,17,16,33,5635,5145,10780,6,0.315423,0.335431,21114.75852,0.002159,0.004296,183,0.00053,0,29,0.3,0.017481
51163,Rockbridge County,,VA,1185,24182,25367,5,3,8,607,492,1099,8,0.210252,0.216037,11687.770178,0.000056,0.000001,50,0.000382,0,29,0.15,0.000787
51165,Rockingham County,,VA,4357,90926,95283,8,8,16,2520,2451,4971,6,0.306684,0.322672,2366.691082,0.000902,0.001085,50,0.00025,0,29,0.513889,0.007664
51167,Russell County,,VA,1210,26936,28146,5,6,11,631,648,1279,7,0.244932,0.254195,1463.486349,0.000032,0.000018,150,0.000268,0,29,0.5,0.000651
51169,Scott County,,VA,949,22608,23557,3,5,8,423,661,1084,7,0.253165,0.262801,131.193778,0.000034,0.000062,150,0.000161,0,29,0.5,0.000486
51171,Shenandoah County,,VA,2679,48313,50992,11,10,21,1524,1361,2885,6,0.306911,0.323195,1288.306191,0.001466,0.001624,50,0.000276,0,29,0.484848,0.012591
51173,Smyth County,,VA,1293,33912,35205,3,4,7,469,516,985,7,0.245036,0.254011,1490.215062,0.000001,0.000018,150,0.000164,0,29,0.3,0.0003
51175,Southampton County,,VA,1259,18939,20198,6,7,13,680,557,1237,7,0.294177,0.308693,2815.882779,0.001475,0.000789,50,0.000127,0,29,0.5,0.010309
51177,Spotsylvania County,,VA,12171,139034,151205,34,30,64,8785,8262,17047,6,0.344992,0.369161,1690.399864,0.013458,0.013239,50,0.00049,0,29,0.571835,0.104503
51179,Stafford County,,VA,15683,140828,156511,48,50,98,11114,10700,21814,6,0.353142,0.380454,3059.865944,0.022605,0.023585,50,0.000637,0,29,0.54918,0.174153
51181,Surry County,,VA,592,7386,7978,2,4,6,129,232,361,7,0.278071,0.290311,6.460905,0.000356,0.000346,50,0.000072,0,29,0.5,0.0023
51183,Sussex County,,VA,786,11047,11833,7,6,13,409,367,776,7,0.274128,0.286558,5207.475472,0.000393,0.00037,50,0.000194,0,29,0.267857,0.003429
51185,Tazewell County,,VA,2118,43711,45829,5,7,12,956,963,1919,8,0.215549,0.222902,633.600277,0.000001,0.000003,150,0.000309,0,29,0.261905,0.000503
51187,Warren County,,VA,2900,42057,44957,12,13,25,1729,1704,3433,6,0.306976,0.323655,2470.892077,0.001899,0.002197,50,0.000281,0,29,0.544872,0.016196
51191,Washington County,,VA,3207,56719,59926,8,6,14,1560,1629,3189,7,0.253541,0.263304,6548.457868,0.000073,0.000059,150,0.000394,0,29,0.392857,0.001283
51193,Westmoreland County,,VA,1408,19656,21064,8,8,16,744,737,1481,6,0.306619,0.322615,8381.037623,0.001304,0.001338,50,0.000227,0,29,0.392857,0.010455
51195,Wise County,,VA,1790,38436,40226,7,7,14,837,938,1775,7,0.244684,0.254072,12049.238815,0.000032,0.000017,150,0.000358,0,29,0.160714,0.000801
51197,Wythe County,,VA,1418,31519,32937,6,6,12,563,552,1115,7,0.262111,0.272711,7484.703154,0.000111,0.000045,183,0.00023,0,29,0.142857,0.000911
51199,York County,,VA,8863,73149,82012,22,27,49,5026,4705,9731,6,0.341739,0.364805,1847.998684,0.009614,0.011305,50,0.000301,0,29,0.571573,0.073133
51510,Alexandria city,,VA,29289,150327,179616,95,66,161,23351,23196,46547,6,0.384666,0.415764,2381.205584,0.053772,0.041884,50,0.001062,0,29,0.655354,0.398894
51515,Bedford city,,VA,591,6674,7265,3,4,7,237,317,554,7,0.245742,0.255068,0.536111,0.000034,0.000066,183,0.000115,0,29,0.85,0.000459
51520,Bristol city,,VA,1798,16645,18443,6,3,9,1319,1250,2569,7,0.252988,0.262181,565.272477,0.000073,0.000059,150,0.000274,0,29,0.566667,0.00109
51530,Buena Vista city,,VA,608,6651,7259,2,1,3,312,235,547,9,0.173736,0.176942,0,0,0,50,0.000227,0,29,1,0.000186
51540,Charlottesville city,,VA,6593,37435,44028,18,25,43,2953,4049,7002,6,0.349398,0.373575,12423.927584,0.006526,0.012644,50,0.000333,0,29,0.51567,0.051072
51550,Chesapeake city,,VA,25153,248089,273242,62,68,130,18570,18320,36890,6,0.376281,0.406615,10651.953627,0.027132,0.035059,50,0.000818,0,29,0.490981,0.208136
51570,Colonial Heights city,,VA,2482,19548,22030,7,7,14,1648,1606,3254,7,0.283093,0.296204,0,0.000986,0.000904,50,0.000157,0,29,1,0.007357
51580,Covington city,,VA,415,6892,7307,1,1,2,121,139,260,8,0.193488,0.197873,0,0,0,183,0.000159,0,29,0,0.000091
51590,Danville city,,VA,2828,43831,46659,6,7,13,1502,1482,2984,7,0.301643,0.317141,683.945237,0.000419,0.001306,183,0.000161,0,29,0.571429,0.003937
51595,Emporia city,,VA,568,6508,7076,4,4,8,217,257,474,8,0.235237,0.243542,104.808428,0.000012,0.000014,50,0.000157,0,29,0.25,0.000475
51600,Fairfax city,,VA,4209,25088,29297,7,8,15,2310,2951,5261,6,0.307725,0.323914,0,0.003757,0.004452,50,0.000134,0,29,0.972222,0.030728
51610,Falls Church city,,VA,2094,12695,14789,6,7,13,1215,1194,2409,6,0.307692,0.323741,0,0.003108,0.00442,50,0.000125,0,29,1,0.026373
51620,Franklin city,,VA,976,9139,10115,3,3,6,410,407,817,7,0.251955,0.261007,0,0.000103,0.000089,50,0.000089,0,29,1,0.00088
51630,Fredericksburg city,,VA,4753,21287,26040,11,12,23,4072,3447,7519,6,0.309399,0.326603,18.440893,0.002915,0.00409,50,0.000203,0,29,0.711538,0.023334
51640,Galax city,,VA,679,7701,8380,3,3,6,328,360,688,8,0.234894,0.242674,1927.201847,0.00002,0.000019,183,0.000129,0,29,0.666667,0.00044
51650,Hampton city,,VA,19909,141398,161307,49,59,108,11585,13479,25064,6,0.374435,0.404701,4521.178898,0.023411,0.032792,50,0.000615,0,29,0.581087,0.180474
51660,Harrisonburg city,,VA,4245,34644,38889,9,10,19,1980,2120,4100,6,0.308052,0.324718,1439.445211,0.001023,0.001986,50,0.00026,0,29,0.5,0.00892
51670,Hopewell city,,VA,3123,23472,26595,9,8,17,1931,2027,3958,7,0.297283,0.312319,17.237748,0.001537,0.001539,50,0.000174,0,29,0.688889,0.010474
51678,Lexington city,,VA,691,5232,5923,1,2,3,96,165,261,9,0.173746,0.177114,0,0,0,50,0.000159,0,29,1,0.000099
51680,Lynchburg city,,VA,6745,68450,75195,13,16,29,3156,3830,6986,6,0.31508,0.335086,15943.246382,0.001688,0.003597,183,0.000298,0,29,0.380117,0.013755
51683,Manassas city,,VA,6327,43492,49819,13,12,25,5221,4723,9944,6,0.307627,0.324557,15.683036,0.00406,0.00451,50,0.000236,0,29,0.698718,0.033495
51685,Manassas Park city,,VA,2433,15087,17520,6,5,11,2429,1715,4144,6,0.306424,0.321925,0,0.002504,0.001969,50,0.000131,0,29,0.966667,0.020012
51690,Martinsville city,,VA,1121,14220,15341,2,4,6,501,628,1129,7,0.283231,0.295874,0,0.000008,0.000452,183,0.000084,0,29,0.8,0.000264
51700,Newport News city,,VA,27732,186741,214473,73,88,161,15999,19347,35346,6,0.384513,0.41831,21330.670086,0.033786,0.042065,50,0.000905,0,29,0.468182,0.255973
51710,Norfolk city,,VA,34912,217146,252058,95,101,196,22394,25452,47846,6,0.387545,0.422994,12780.642185,0.047011,0.051274,50,0.001106,0,29,0.488863,0.351641
51720,Norton city,,VA,392,4065,4457,1,1,2,241,196,437,8,0.196597,0.201223,0,0,0,150,0.000094,0,29,0,0.000103
51730,Petersburg city,,VA,4966,32936,37902,10,12,22,2370,2921,5291,6,0.311326,0.328201,346.940464,0.00209,0.002977,50,0.000206,0,29,0.608974,0.015214
51735,Poquoson city,,VA,1141,14228,15369,3,4,7,418,435,853,7,0.295376,0.309618,0,0.000691,0.001171,50,0.000078,0,29,1,0.004239
51740,Portsmouth city,,VA,12567,100594,113161,21,28,49,8417,8625,17042,6,0.347222,0.371805,751.522565,0.009042,0.014425,50,0.000277,0,29,0.638105,0.066134
51750,Radford city,,VA,1810,10400,12210,3,4,7,688,1002,1690,7,0.261003,0.271125,1.333333,0.000145,0.000092,183,0.000122,0,29,0.916667,0.000782
51760,Richmond city,,VA,23713,180764,204477,68,62,130,18061,19013,37074,6,0.367787,0.398259,19395.975208,0.022849,0.027937,50,0.001026,0,29,0.363843,0.176635
51770,Roanoke city,,VA,9957,101546,111503,21,23,44,6135,6760,12895,6,0.32165,0.342316,28736.594326,0.003833,0.00572,183,0.000471,0,29,0.290598,0.030177
51775,Salem city,,VA,2568,26918,29486,6,6,12,1738,1681,3419,7,0.261191,0.271757,24.900978,0.000194,0.000097,183,0.000186,0,29,0.866667,0.001373
51790,Staunton city,,VA,2374,25392,27766,6,7,13,1286,1436,2722,6,0.306716,0.322615,2343.300683,0.000999,0.001062,50,0.000182,0,29,0.666667,0.00828
51800,Suffolk city,,VA,8799,92423,101222,21,25,46,5635,5380,11015,6,0.336193,0.358121,5343.476046,0.007303,0.009844,50,0.000288,0,29,0.56754,0.051648
51810,Virginia Beach city,,VA,50815,489698,540513,187,179,366,37538,37973,75511,6,0.415651,0.458374,59960.558348,0.079213,0.078399,50,0.002144,0,29,0.336219,0.578473
51820,Waynesboro city,,VA,2074,24148,26222,7,7,14,1353,1196,2549,6,0.306684,0.322557,302.537874,0.000248,0.001069,50,0.000201,0,29,0.660714,0.002263
51830,Williamsburg city,,VA,1844,9612,11456,4,7,11,804,932,1736,6,0.309004,0.32569,9.638969,0.000479,0.002322,50,0.000099,0,29,0.910714,0.00341
51840,Winchester city,,VA,3866,26777,30643,9,10,19,2681,2649,5330,6,0.306976,0.323282,1387.347027,0.001831,0.002046,50,0.000202,0,29,0.688889,0.015312
53001,Adams County,,WA,1627,22931,24558,5,6,11,681,1015,1696,7,0.274232,0.28751,0.25,0.000604,0.000681,185,0.000132,0,29,0.966667,0.005384
53003,Asotin County,,WA,1825,22530,24355,7,5,12,1329,1015,2344,7,0.273947,0.286975,1.951443,0.001357,0.000508,185,0.000178,0,29,0.880952,0.011275
53005,Benton County,,WA,13065,196085,209150,52,36,88,11660,9409,21069,6,0.344459,0.368943,3426.404076,0.015894,0.011582,185,0.000749,0,29,0.449158,0.12447
53007,Chelan County,,WA,5575,85165,90740,15,15,30,3930,3748,7678,6,0.33441,0.354586,121.658713,0.005876,0.004905,185,0.000244,0,29,0.827206,0.047243
53009,Clallam County,,WA,3925,76947,80872,17,17,34,1983,1818,3801,6,0.339221,0.360132,66.207057,0.007405,0.007408,185,0.000255,0,29,0.769048,0.058487
53011,Clark County,,WA,24507,478102,502609,93,85,178,22319,18370,40689,6,0.360204,0.39377,7260.898057,0.031531,0.029406,185,0.001232,0,29,0.378245,0.24874
53013,Columbia County,,WA,364,4197,4561,1,1,2,68,141,209,7,0.250692,0.258727,0,0.000039,0.000049,185,0.000071,0,29,0,0.00049
53015,Cowlitz County,,WA,5874,109639,115513,20,19,39,3444,3551,6995,6,0.337759,0.359201,5982.494007,0.007866,0.00746,185,0.000319,0,29,0.673846,0.061974
53017,Douglas County,,WA,3840,40996,44836,8,10,18,2757,2911,5668,6,0.311159,0.327764,0.825755,0.001821,0.002556,185,0.000161,0,29,0.933333,0.014893
53019,Ferry County,,WA,428,6641,7069,2,2,4,164,117,281,7,0.27248,0.284975,0,0.000308,0.000256,185,0.000084,0,29,1,0.002203
53021,Franklin County,,WA,6899,90055,96954,23,14,37,7054,5196,12250,6,0.337917,0.358236,750.989252,0.009763,0.005025,185,0.000345,0,29,0.722826,0.076513
53023,Garfield County,,WA,162,2321,2483,0,0,0,0,0,0,0,0,0,0,0,0,184,0.000051,168,267,0,0
53025,Grant County,,WA,5212,103562,108774,25,19,44,3596,3237,6833,6,0.339857,0.361253,1761.732743,0.007838,0.007129,185,0.000406,0,29,0.612308,0.063607
53027,Grays Harbor County,,WA,4198,71883,76081,13,15,28,2242,2578,4820,6,0.33441,0.354615,40.583408,0.004914,0.00451,185,0.000207,0,29,0.797794,0.039496
53029,Island County,,WA,9751,84998,94749,28,27,55,5233,5381,10614,6,0.34965,0.373379,154.262675,0.014784,0.014285,185,0.000356,0,29,0.725379,0.113965
53031,Jefferson County,,WA,1976,32245,34221,8,7,15,951,981,1932,6,0.310459,0.326569,0.217018,0.003817,0.002627,185,0.000142,0,29,0.986111,0.031139
53033,King County,,WA,114859,2205029,2319888,325,278,603,112269,101263,213532,5,0.441467,0.491155,153241.660388,0.110627,0.099869,185,0.003994,0,29,0.204895,0.806348
53035,Kitsap County,,WA,20875,274217,295092,72,71,143,14350,13639,27989,6,0.370087,0.401356,2105.059669,0.031391,0.032591,185,0.000849,0,29,0.480812,0.238247
53037,Kittitas County,,WA,3224,37694,40918,12,11,23,2044,1892,3936,6,0.311526,0.328339,0.85848,0.003121,0.003165,185,0.000207,0,29,0.903846,0.025947
53039,Klickitat County,,WA,1527,21987,23514,8,9,17,834,788,1622,6,0.311929,0.328391,64.420908,0.001874,0.002621,185,0.000171,0,29,0.677778,0.015721
53041,Lewis County,,WA,4529,80623,85152,13,15,28,2898,2763,5661,6,0.334525,0.354787,20.207913,0.005072,0.005352,185,0.000204,0,29,0.827206,0.04103
53043,Lincoln County,,WA,834,11315,12149,2,2,4,334,373,707,7,0.27248,0.284975,0,0.000347,0.0003,185,0.000081,0,29,1,0.002572
53045,Mason County,,WA,4340,61680,66020,11,10,21,3141,2788,5929,6,0.33414,0.353638,0.869281,0.004778,0.004128,185,0.000177,0,29,0.939394,0.038106
53047,Okanogan County,,WA,2255,44594,46849,9,10,19,1186,1062,2248,6,0.310459,0.327086,2.599493,0.002356,0.002749,185,0.000167,0,29,0.855556,0.019356
53049,Pacific County,,WA,1351,22052,23403,7,9,16,623,641,1264,6,0.311226,0.327713,3.143278,0.002508,0.002784,185,0.000133,0,29,0.844444,0.02137
53051,Pend Oreille County,,WA,975,13117,14092,3,3,6,452,552,1004,7,0.272531,0.285205,0.658333,0.000329,0.000276,185,0.000105,0,29,0.666667,0.002445
53053,Pierce County,,WA,65010,878855,943865,217,185,402,52656,51552,104208,6,0.41835,0.460994,48508.501025,0.080257,0.069331,185,0.002697,0,29,0.273468,0.608613
53055,San Juan County,,WA,909,16229,17138,3,3,6,282,260,542,6,0.30636,0.321109,0,0.000998,0.00109,185,0.000087,0,29,1,0.008232
53057,Skagit County,,WA,7250,131877,139127,19,21,40,4525,4553,9078,6,0.340136,0.361885,329.044542,0.008929,0.00973,185,0.000285,0,29,0.745,0.069771
53059,Skamania County,,WA,773,10895,11668,4,3,7,418,401,819,7,0.28767,0.301282,0,0.000734,0.000826,185,0.000106,0,29,1,0.006647
53061,Snohomish County,,WA,47023,797848,844871,113,121,234,39790,38304,78094,6,0.384055,0.42219,10696.029917,0.047761,0.049275,185,0.001444,0,29,0.398723,0.369311
53063,Spokane County,,WA,26097,516957,543054,98,103,201,17409,19072,36481,6,0.374435,0.410511,42776.963473,0.029615,0.036131,185,0.001494,0,29,0.319571,0.232656
53065,Stevens County,,WA,2856,44605,47461,7,7,14,1527,1579,3106,6,0.310393,0.326626,359.741102,0.002283,0.002262,185,0.000176,0,29,0.607143,0.01865
53067,Thurston County,,WA,22041,284650,306691,84,77,161,16983,15986,32969,6,0.369286,0.401764,3935.31959,0.033619,0.030937,185,0.001049,0,29,0.42489,0.263474
53069,Wahkiakum County,,WA,259,4141,4400,1,1,2,82,87,169,7,0.252503,0.260928,0,0.00006,0.000063,185,0.000065,0,29,0,0.000576
53071,Walla Walla County,,WA,3664,60668,64332,18,14,32,2252,2001,4253,6,0.334525,0.354672,5860.219052,0.006154,0.004845,185,0.00034,0,29,0.781046,0.050434
53073,Whatcom County,,WA,11352,215117,226469,38,35,73,6842,6922,13764,6,0.347638,0.372299,776.748416,0.016375,0.0148,185,0.000503,0,29,0.631313,0.126907
53075,Whitman County,,WA,4589,35320,39909,15,18,33,2103,2502,4605,6,0.33364,0.35404,316.971505,0.003069,0.006144,185,0.000307,0,29,0.702381,0.026558
53077,Yakima County,,WA,10102,280658,290760,44,41,85,6702,6799,13501,6,0.348139,0.373552,1518.252289,0.015314,0.015389,185,0.000589,0,29,0.554676,0.117532
54001,Barbour County,,WV,781,16634,17415,3,5,8,276,410,686,7,0.240624,0.249926,25.092739,0.000006,0.000032,124,0.000177,0,29,0.6,0.000312
54003,Berkeley County,,WV,6591,118224,124815,23,21,44,4681,3736,8417,6,0.318541,0.338115,11039.733639,0.005227,0.005648,50,0.000424,0,29,0.344615,0.040393
54005,Boone County,,WV,1053,24752,25805,4,4,8,458,583,1041,7,0.249613,0.25926,4.06335,0.000065,0.000031,124,0.000163,0,29,0.75,0.000662
54007,Braxton County,,WV,620,14075,14695,2,2,4,135,92,227,8,0.20065,0.20614,1679.415507,0,0,124,0.000164,0,29,0.25,0.000185
54009,Brooke County,,WV,1123,26908,28031,6,6,12,673,631,1304,7,0.298507,0.313061,3.458586,0.000793,0.000797,124,0.000169,0,29,0.8,0.006249
54011,Cabell County,,WV,6036,96495,102531,13,15,28,3213,3251,6464,6,0.320088,0.339954,8997.663887,0.000871,0.00257,124,0.000434,0,29,0.264706,0.007172
54013,Calhoun County,,WV,358,6981,7339,2,3,5,109,162,271,8,0.199422,0.204778,1488.763141,0,0,124,0.000146,0,29,0,0.000182
54015,Clay County,,WV,566,9358,9924,4,2,6,253,241,494,7,0.248714,0.257961,2820.376182,0.000049,0.000016,124,0.000231,0,29,0.416667,0.000529
54017,Doddridge County,,WV,356,5698,6054,1,2,3,152,187,339,8,0.23102,0.238085,2.5,0.000006,0.000001,124,0.000087,0,29,0.5,0.000114
54019,Fayette County,,WV,2249,44691,46940,4,4,8,953,1127,2080,7,0.24882,0.258479,11.833333,0.00005,0.000017,124,0.000214,0,29,0.666667,0.000559
54021,Gilmer County,,WV,464,6293,6757,2,2,4,102,134,236,9,0.167282,0.170908,19.536886,0,0,124,0.000143,0,29,0.166667,0.000184
54023,Grant County,,WV,602,13423,14025,3,2,5,265,188,453,8,0.19748,0.202931,2900.833333,0.000001,0,50,0.000142,0,29,0.166667,0.000268
54025,Greenbrier County,,WV,1509,37155,38664,6,5,11,513,390,903,7,0.248842,0.258622,4357.776041,0.000049,0.000017,124,0.000306,0,29,0.266667,0.000729
54027,Hampshire County,,WV,1264,25177,26441,6,9,15,536,740,1276,7,0.245825,0.256675,3017.488259,0.0001,0.00013,50,0.000167,0,29,0.347222,0.001244
54029,Hancock County,,WV,1792,36838,38630,6,7,13,986,1011,1997,7,0.299123,0.313957,19.647351,0.00082,0.000864,124,0.000153,0,29,0.619048,0.006496
54031,Hardy County,,WV,966,15845,16811,3,4,7,263,341,604,7,0.23631,0.24442,1235.268633,0.000002,0.00003,50,0.000144,0,29,0.3,0.000288
54033,Harrison County,,WV,3259,78884,82143,10,10,20,1562,1537,3099,7,0.3003,0.316141,13232.066277,0.000101,0.000776,124,0.00043,0,29,0.3,0.001437
54035,Jackson County,,WV,1314,32022,33336,5,4,9,666,529,1195,7,0.248927,0.258709,16.668824,0.000068,0.000024,124,0.0002,0,29,0.55,0.000706
54037,Jefferson County,,WV,3678,59487,63165,14,8,22,2523,2089,4612,6,0.307106,0.323253,757.016524,0.004165,0.002396,50,0.000233,0,29,0.620879,0.031537
54039,Kanawha County,,WV,9429,215403,224832,23,30,53,4617,5354,9971,6,0.330899,0.354115,99954.857446,0.001991,0.006094,124,0.000855,0,29,0.166667,0.016794
54041,Lewis County,,WV,919,19235,20154,4,4,8,465,468,933,7,0.240664,0.249869,4460.44418,0.000012,0.000031,124,0.000241,0,29,0.333333,0.000414
54043,Lincoln County,,WV,1026,21145,22171,6,5,11,645,735,1380,7,0.25041,0.260456,53.173188,0.000091,0.000038,124,0.000214,0,29,0.533333,0.00091
54045,Logan County,,WV,1728,36433,38161,6,9,15,624,1009,1633,6,0.312567,0.329098,11605.346309,0.001756,0.001888,19,0.000185,0,29,0.319444,0.013964
54047,McDowell County,,WV,855,17836,18691,2,2,4,237,391,628,8,0.201431,0.20738,0,0,0,150,0.000139,0,29,1,0.000209
54049,Marion County,,WV,2818,62462,65280,8,7,15,1336,1407,2743,7,0.300083,0.315394,5319.680019,0.000146,0.000769,124,0.000351,0,29,0.388889,0.001593
54051,Marshall County,,WV,1498,35818,37316,4,4,8,742,743,1485,7,0.243759,0.253345,10315.14207,0.000057,0.000054,124,0.000188,0,29,0.333333,0.000806
54053,Mason County,,WV,1067,27531,28598,6,6,12,642,561,1203,7,0.249677,0.259904,61.181545,0.000088,0.000037,124,0.000222,0,29,0.4,0.000886
54055,Mercer County,,WV,2706,63851,66557,10,8,18,1315,1011,2326,7,0.251627,0.262973,12747.143199,0.00005,0.000047,150,0.000477,0,29,0.145455,0.001111
54057,Mineral County,,WV,1421,32174,33595,3,7,10,632,700,1332,7,0.245721,0.256158,7726.087847,0.000021,0.000085,50,0.000142,0,29,0.357143,0.000352
54059,Mingo County,,WV,1175,24730,25905,3,6,9,387,628,1015,7,0.250237,0.260507,517.704702,0.000017,0.000037,124,0.000116,0,29,0.133333,0.000422
54061,Monongalia County,,WV,6654,87100,93754,29,20,49,3394,2584,5978,6,0.316456,0.337264,63195.619034,0.0037,0.004041,124,0.000865,0,29,0.145161,0.02933
54063,Monroe County,,WV,609,13553,14162,3,3,6,304,292,596,8,0.210802,0.216786,23.522977,0.000001,0.000002,124,0.000196,0,29,0.333333,0.00031
54065,Morgan County,,WV,1072,18885,19957,5,4,9,535,466,1001,7,0.244623,0.254002,2.293822,0.000153,0.000157,50,0.00014,0,29,0.7,0.001662
54067,Nicholas County,,WV,1115,27312,28427,4,5,9,378,399,777,7,0.24882,0.258565,8770.881557,0.000049,0.000017,124,0.000306,0,29,0.25,0.000529
54069,Ohio County,,WV,2521,51145,53666,7,9,16,1105,1488,2593,6,0.307921,0.325023,2423.746674,0.000813,0.001565,124,0.000229,0,29,0.541667,0.006555
54071,Pendleton County,,WV,519,8538,9057,0,1,1,0,45,45,9,0.164961,0.168159,0,0,0,50,0.000051,0,268,0,0
54073,Pleasants County,,WV,352,8103,8455,3,1,4,216,123,339,7,0.235638,0.243089,0,0.000019,0.000007,124,0.000157,0,29,0.666667,0.000392
54075,Pocahontas County,,WV,388,9096,9484,1,2,3,54,88,142,8,0.20072,0.206358,9.90119,0,0.000001,124,0.000099,0,29,0,0.000099
54077,Preston County,,WV,1367,34211,35578,5,3,8,645,687,1332,7,0.240584,0.249512,33.905413,0.000055,0.000036,124,0.000229,0,29,0.45,0.000864
54079,Putnam County,,WV,3889,63896,67785,5,8,13,2671,2253,4924,6,0.305199,0.32104,706.13768,0.000071,0.00079,124,0.000202,0,29,0.513889,0.00073
54081,Raleigh County,,WV,3393,80356,83749,9,10,19,1533,1365,2898,7,0.252021,0.263651,4877.688345,0.000086,0.000055,124,0.000405,0,29,0.3,0.001202
54083,Randolph County,,WV,1242,30676,31918,5,5,10,396,404,800,7,0.240664,0.249984,10722.57056,0.000033,0.00003,124,0.000286,0,29,0.15,0.000719
54085,Ritchie County,,WV,600,11859,12459,2,3,5,157,295,452,7,0.235792,0.24375,19.246251,0.000012,0.000008,124,0.000126,0,29,0.5,0.000246
54087,Roane County,,WV,805,14876,15681,3,4,7,310,423,733,7,0.248799,0.258392,6561.139815,0.000049,0.000017,124,0.000159,0,29,0.333333,0.000439
54089,Summers County,,WV,581,11233,11814,3,3,6,198,322,520,8,0.201683,0.207817,6.821207,0.000001,0.000001,124,0.000188,0,29,0.666667,0.000323
54091,Taylor County,,WV,879,17730,18609,4,4,8,526,464,990,7,0.240584,0.249696,2.616667,0.000045,0.000032,124,0.000197,0,29,0.65,0.000674
54093,Tucker County,,WV,374,7857,8231,1,1,2,62,135,197,8,0.193993,0.198685,0,0,0,124,0.000099,0,29,0,0.000099
54095,Tyler County,,WV,458,9729,10187,1,1,2,162,149,311,9,0.163981,0.167037,0,0,0,124,0.000101,0,29,0,0.000089
54097,Upshur County,,WV,1111,25077,26188,5,5,10,449,456,905,8,0.231223,0.238918,1101.13646,0.000056,0.000002,124,0.000242,0,29,0.433333,0.000652
54099,Wayne County,,WV,2048,40796,42844,6,5,11,1179,1255,2434,7,0.24284,0.251851,264.699682,0.000078,0.000017,124,0.000238,0,29,0.380952,0.000871
54101,Webster County,,WV,365,8739,9104,1,1,2,94,121,215,8,0.199258,0.204071,0,0,0,124,0.000103,0,29,0,0.000096
54103,Wetzel County,,WV,888,18308,19196,2,3,5,256,307,563,8,0.196131,0.201482,5842.806662,0,0.000001,124,0.000176,0,29,0,0.000184
54105,Wirt County,,WV,294,5452,5746,2,1,3,185,150,335,7,0.235638,0.243089,748.438217,0.000012,0.000007,124,0.00013,0,29,0,0.000249
54107,Wood County,,WV,3762,97054,100816,12,13,25,1707,1834,3541,6,0.308248,0.326029,18856.16352,0.000887,0.001535,124,0.000576,0,29,0.247253,0.007046
54109,Wyoming County,,WV,804,22148,22952,3,2,5,218,288,506,8,0.201669,0.207644,25.832829,0.000016,0.000001,124,0.000119,0,29,0.416667,0.000401
55001,Adams County,,WI,1321,21135,22456,8,6,14,681,586,1267,7,0.288931,0.302093,3.983979,0.001294,0.000472,186,0.000175,0,29,0.660714,0.008861
55003,Ashland County,,WI,993,18303,19296,3,2,5,247,229,476,8,0.204153,0.209192,1491.37737,0.000041,0,144,0.000163,0,29,0,0.000716
55005,Barron County,,WI,2710,55094,57804,12,11,23,1421,1356,2777,6,0.304494,0.320098,2179.450241,0.001973,0.001134,144,0.000309,0,29,0.474359,0.014985
55007,Bayfield County,,WI,785,18047,18832,2,2,4,253,198,451,7,0.232558,0.238989,201.751274,0.000008,0.000006,144,0.000145,0,29,0,0.000231
55009,Brown County,,WI,12590,310832,323422,43,42,85,8830,8297,17127,6,0.351387,0.37708,33800.811414,0.0087,0.010311,186,0.0009,0,29,0.265731,0.068257
55011,Buffalo County,,WI,788,16698,17486,4,4,8,369,309,678,7,0.25632,0.265865,30.645483,0.00005,0.000052,144,0.000141,0,29,0.416667,0.000822
55013,Burnett County,,WI,829,18580,19409,5,3,8,347,258,605,7,0.283841,0.295469,76.169087,0.00033,0.000293,144,0.000158,0,29,0.45,0.002909
55015,Calumet County,,WI,3303,61113,64416,10,9,19,2779,2480,5259,6,0.296069,0.310333,1.069718,0.00145,0.001088,186,0.000207,0,29,0.9,0.010335
55017,Chippewa County,,WI,3852,74168,78020,11,12,23,2494,2458,4952,6,0.305456,0.321391,1177.22231,0.000594,0.00147,144,0.000293,0,29,0.519231,0.005344
55019,Clark County,,WI,2016,40322,42338,9,7,16,1081,1152,2233,7,0.25666,0.267083,228.919532,0.001067,0.000125,186,0.000228,0,29,0.666667,0.007968
55021,Columbia County,,WI,4389,70764,75153,9,15,24,2800,3026,5826,6,0.340056,0.360793,551.449782,0.001286,0.003235,186,0.000197,0,29,0.558333,0.009043
55023,Crawford County,,WI,945,19353,20298,5,6,11,463,497,960,7,0.28919,0.302512,102.69787,0.00049,0.000453,186,0.000146,0,29,0.533333,0.003801
55025,Dane County,,WI,29599,593827,623426,138,138,276,23844,21993,45837,6,0.405821,0.444184,97081.401155,0.050164,0.054754,186,0.001961,0,29,0.306067,0.370239
55027,Dodge County,,WI,5457,104492,109949,10,13,23,3760,3735,7495,6,0.324349,0.342833,84.440124,0.001416,0.002295,186,0.000189,0,29,0.725275,0.009788
55029,Door County,,WI,1331,35907,37238,7,4,11,604,456,1060,6,0.293939,0.306833,395.180054,0.001883,0.000568,186,0.00017,0,29,0.761905,0.01359
55031,Douglas County,,WI,2388,49934,52322,5,7,12,951,1149,2100,6,0.302872,0.317121,6153.520451,0.000665,0.001004,144,0.000202,0,29,0.452381,0.005692
55033,Dunn County,,WI,3070,45201,48271,13,11,24,1645,1793,3438,6,0.305263,0.320931,2042.286398,0.00183,0.001438,144,0.000283,0,29,0.626374,0.013745
55035,Eau Claire County,,WI,7006,110334,117340,36,28,64,5070,4527,9597,6,0.344009,0.367103,26039.514067,0.004039,0.004578,144,0.000771,0,29,0.295796,0.031167
55037,Florence County,,WI,311,5273,5584,1,1,2,59,81,140,8,0.207306,0.212522,0,0.000001,0,186,0.000085,0,29,0,0.000099
55039,Fond du Lac County,,WI,5215,125260,130475,18,16,34,3241,3405,6646,6,0.324457,0.343351,611.149358,0.002589,0.002337,186,0.000337,0,29,0.588235,0.019314
55041,Forest County,,WI,468,10735,11203,2,1,3,103,42,145,7,0.235485,0.24231,0,0.000606,0.000019,186,0.000078,0,29,1,0.004103
55043,Grant County,,WI,2713,56958,59671,9,12,21,1248,1526,2774,6,0.296857,0.311793,116.417317,0.001281,0.001024,186,0.000213,0,29,0.416667,0.008872
55045,Green County,,WI,2509,46770,49279,4,7,11,1212,1583,2795,6,0.296918,0.311161,15.907472,0.000509,0.001049,186,0.000113,0,29,0.571429,0.003863
55047,Green Lake County,,WI,1254,23196,24450,7,6,13,831,723,1554,7,0.288931,0.302122,32.882565,0.000634,0.000492,186,0.000171,0,29,0.767857,0.004784
55049,Iowa County,,WI,1731,29166,30897,5,5,10,895,1035,1930,7,0.288873,0.301863,1.533333,0.000472,0.000437,186,0.000142,0,29,0.75,0.003683
55051,Iron County,,WI,319,7086,7405,1,1,2,132,50,182,8,0.202909,0.207216,0,0,0,125,0.000128,0,100,0,0.000089
55053,Jackson County,,WI,1283,22725,24008,7,6,13,655,664,1319,7,0.28919,0.302581,164.121021,0.000536,0.000483,144,0.000201,0,29,0.690476,0.004452
55055,Jefferson County,,WI,5753,98512,104265,14,12,26,4216,4016,8232,6,0.296706,0.311351,76.280489,0.002737,0.001312,186,0.000213,0,29,0.541667,0.02008
55057,Juneau County,,WI,1815,29492,31307,9,8,17,920,1012,1932,7,0.289104,0.302639,126.28718,0.002023,0.000501,186,0.000208,0,29,0.655556,0.015043
55059,Kenosha County,,WI,9838,193633,203471,15,18,33,6441,5913,12354,6,0.347972,0.370603,66.239366,0.00657,0.007915,186,0.000197,0,29,0.715789,0.045066
55061,Kewaunee County,,WI,1020,25759,26779,3,3,6,599,603,1202,7,0.26009,0.269921,0.25,0.000096,0.000104,186,0.000126,0,29,0.833333,0.001114
55063,La Crosse County,,WI,6448,131024,137472,28,25,53,3702,3608,7310,6,0.343969,0.366672,9274.663238,0.003863,0.004557,186,0.000553,0,29,0.356322,0.029078
55065,Lafayette County,,WI,1084,21271,22355,6,6,12,702,711,1413,7,0.289335,0.302713,15.010686,0.000522,0.000465,186,0.000144,0,29,0.5,0.00403
55067,Langlade County,,WI,1059,24054,25113,4,4,8,317,340,657,7,0.2603,0.270496,0.5,0.000568,0.000129,186,0.000115,0,29,0.766667,0.00404
55069,Lincoln County,,WI,1565,35590,37155,2,5,7,512,737,1249,7,0.28945,0.302788,0.666667,0.000051,0.00053,186,0.00009,0,29,0.8,0.000616
55071,Manitowoc County,,WI,3485,102594,106079,12,10,22,1733,1910,3643,6,0.2961,0.310506,531.599191,0.002412,0.001087,186,0.00025,0,29,0.685897,0.017713
55073,Marathon County,,WI,6537,167120,173657,24,25,49,3823,3934,7757,6,0.343683,0.366356,11263.934484,0.004239,0.004399,186,0.000508,0,29,0.396825,0.032992
55075,Marinette County,,WI,2465,48784,51249,7,7,14,1212,1334,2546,6,0.294147,0.307552,908.856692,0.000673,0.000615,186,0.000211,0,29,0.589286,0.00514
55077,Marquette County,,WI,1156,18371,19527,8,6,14,781,595,1376,7,0.288873,0.302007,39.221697,0.001034,0.000458,186,0.00019,0,29,0.625,0.007585
55078,Menominee County,,WI,242,4386,4628,2,2,4,173,150,323,7,0.26009,0.269806,0,0.000088,0.000076,186,0.000091,0,29,1,0.000822
55079,Milwaukee County,,WI,46451,1076143,1122594,135,156,291,32856,38012,70868,5,0.41583,0.455011,77135.384619,0.057662,0.06526,186,0.001732,0,29,0.331331,0.424338
55081,Monroe County,,WI,3106,53183,56289,8,6,14,1276,1255,2531,6,0.295979,0.309787,149.632767,0.001026,0.000921,186,0.000206,0,29,0.589286,0.007651
55083,Oconto County,,WI,2319,46167,48486,6,7,13,1479,1566,3045,6,0.294088,0.307437,1.673903,0.000695,0.000638,186,0.00016,0,29,0.833333,0.005207
55085,Oneida County,,WI,2265,45800,48065,12,12,24,1136,1124,2260,6,0.307954,0.324034,4003.279014,0.002399,0.001923,186,0.000308,0,29,0.6,0.017637
55087,Outagamie County,,WI,12678,221606,234284,26,27,53,8920,9150,18070,6,0.343683,0.366586,2437.42311,0.004351,0.004528,186,0.000513,0,29,0.460317,0.033974
55089,Ozaukee County,,WI,5482,107527,113009,15,11,26,4074,3291,7365,6,0.342506,0.363195,82.868287,0.004762,0.003958,186,0.000238,0,29,0.785714,0.034667
55091,Pepin County,,WI,504,8778,9282,3,4,7,174,263,437,7,0.256184,0.265617,2.244755,0.000025,0.000058,144,0.00012,0,29,0.666667,0.000489
55093,Pierce County,,WI,2667,44775,47442,10,11,21,1477,1722,3199,6,0.305488,0.321218,1648.902043,0.001344,0.001619,144,0.000231,0,29,0.7,0.01023
55095,Polk County,,WI,2691,52521,55212,11,12,23,1556,1681,3237,6,0.303252,0.318241,66.909394,0.001439,0.001303,144,0.000257,0,29,0.666667,0.010723
55097,Portage County,,WI,4115,80402,84517,13,14,27,1908,2259,4167,6,0.342911,0.364086,864.556514,0.002447,0.004026,186,0.000262,0,29,0.7125,0.018157
55099,Price County,,WI,805,17432,18237,2,4,6,123,230,353,7,0.256342,0.266031,2703.87223,0.000001,0.000068,186,0.000147,0,29,0.5,0.000202
55101,Racine County,,WI,10629,235666,246295,16,23,39,6321,6814,13135,6,0.351814,0.374971,236.587312,0.006024,0.009386,186,0.000226,0,29,0.623333,0.043079
55103,Richland County,,WI,1154,20064,21218,6,5,11,641,654,1295,7,0.288873,0.301863,2.077778,0.000476,0.000437,186,0.000164,0,29,0.733333,0.003809
55105,Rock County,,WI,8202,193262,201464,20,26,46,4609,4891,9500,6,0.350665,0.374632,1158.995966,0.005825,0.006677,186,0.000268,0,29,0.423656,0.040922
55107,Rusk County,,WI,806,16777,17583,3,3,6,254,293,547,7,0.256071,0.265284,0,0.000058,0.000053,144,0.000119,0,29,1,0.000749
55109,St. Croix County,,WI,5310,102480,107790,15,15,30,3620,3446,7066,6,0.33717,0.357908,1621.178597,0.003011,0.002842,144,0.000297,0,29,0.580882,0.022789
55111,Sauk County,,WI,4292,77464,81756,13,15,28,2570,2700,5270,6,0.324457,0.343178,685.757738,0.002081,0.002212,186,0.000276,0,29,0.426471,0.015967
55113,Sawyer County,,WI,882,19922,20804,4,3,7,183,183,366,7,0.256116,0.26537,0.25,0.000069,0.000054,144,0.000145,0,29,0.833333,0.001025
55115,Shawano County,,WI,2345,49146,51491,9,9,18,1381,1534,2915,6,0.294267,0.307983,235.730646,0.000736,0.000662,186,0.000233,0,29,0.597222,0.005825
55117,Sheboygan County,,WI,5546,146447,151993,14,15,29,2701,3183,5884,6,0.328426,0.347718,281.634951,0.003544,0.00297,186,0.000257,0,29,0.713235,0.026586
55119,Taylor County,,WI,1010,23578,24588,6,6,12,475,513,988,7,0.256433,0.266491,1605.149725,0.0001,0.000098,186,0.00019,0,29,0.666667,0.001407
55121,Trempealeau County,,WI,1940,38166,40106,6,8,14,1000,1133,2133,7,0.256524,0.266813,24.46548,0.000099,0.000108,144,0.000189,0,29,0.375,0.001368
55123,Vernon County,,WI,1658,34148,35806,8,7,15,966,915,1881,7,0.289017,0.30238,7.565079,0.00052,0.000482,186,0.000212,0,29,0.625,0.004402
55125,Vilas County,,WI,1330,25623,26953,7,3,10,635,430,1065,7,0.288931,0.301748,0.372228,0.00192,0.000456,186,0.00015,0,29,0.928571,0.013736
55127,Walworth County,,WI,6279,116892,123171,15,14,29,4370,3900,8270,6,0.340056,0.360649,80.911456,0.005281,0.004443,186,0.00019,0,29,0.720588,0.035366
55129,Washburn County,,WI,1040,19707,20747,5,5,10,380,431,811,7,0.256297,0.266002,209.896527,0.00067,0.000057,144,0.000179,0,29,0.466667,0.005629
55131,Washington County,,WI,7677,168251,175928,15,16,31,6049,5349,11398,6,0.342709,0.364057,121.860352,0.002604,0.004107,186,0.000258,0,29,0.686275,0.019292
55133,Waukesha County,,WI,24859,488765,513624,50,71,121,18703,18912,37615,6,0.375842,0.407718,7417.238094,0.021858,0.033103,186,0.000674,0,29,0.450175,0.164039
55135,Waupaca County,,WI,2706,62664,65370,10,9,19,1930,1668,3598,6,0.296069,0.310333,85.203815,0.001207,0.001056,186,0.000223,0,29,0.777778,0.00908
55137,Waushara County,,WI,1521,27696,29217,10,8,18,928,944,1872,7,0.259578,0.270405,11.503699,0.001123,0.000157,186,0.000231,0,29,0.677778,0.008503
55139,Winnebago County,,WI,11288,193314,204602,32,28,60,8575,8006,16581,6,0.34944,0.374017,3562.677526,0.005059,0.005294,186,0.000573,0,29,0.40625,0.038621
55141,Wood County,,WI,4033,93470,97503,16,16,32,2091,2281,4372,6,0.308183,0.324868,1682.475389,0.002259,0.001804,186,0.000351,0,29,0.491228,0.017744
56001,Albany County,,WY,4512,32750,37262,18,19,37,1569,1912,3481,6,0.33772,0.359086,5480.8333,0.002427,0.005046,7,0.0004,0,29,0.337945,0.021315
56003,Big Horn County,,WY,866,12419,13285,4,3,7,245,290,535,7,0.26058,0.271496,21.619662,0.000138,0.000124,7,0.000145,0,29,0.416667,0.00143
56005,Campbell County,,WY,4367,52639,57006,19,19,38,1598,1479,3077,6,0.336427,0.357483,16114.595265,0.003241,0.003104,7,0.00052,0,29,0.296667,0.026595
56007,Carbon County,,WY,1791,17271,19062,5,7,12,340,657,997,7,0.265155,0.276737,8.918833,0.000258,0.000256,7,0.000132,0,29,0.833333,0.002307
56009,Converse County,,WY,1405,15853,17258,2,4,6,295,509,804,7,0.275692,0.288082,21.2874,0.000065,0.000501,7,0.000098,0,29,0.65,0.000696
56011,Crook County,,WY,631,8029,8660,1,2,3,159,232,391,7,0.251824,0.26033,3.969058,0.000025,0.000027,7,0.000074,0,29,0.5,0.000318
56013,Fremont County,,WY,2599,44465,47064,7,9,16,566,726,1292,6,0.299773,0.314931,3029.817097,0.000286,0.000927,7,0.000184,0,29,0.527273,0.002758
56015,Goshen County,,WY,1064,13415,14479,4,6,10,274,395,669,7,0.265738,0.276961,25.496509,0.000177,0.000208,7,0.000127,0,29,0.6,0.00156
56017,Hot Springs County,,WY,400,5191,5591,1,0,1,41,0,41,0,0,0,0,0.000007,0,7,0.000068,0,6,0,0.000118
56019,Johnson County,,WY,775,9390,10165,3,3,6,193,210,403,7,0.256819,0.266514,0,0.000091,0.00009,7,0.000122,0,29,1,0.001037
56021,Laramie County,,WY,8719,105676,114395,37,36,73,3468,3509,6977,6,0.353142,0.378489,22929.434017,0.014098,0.015591,7,0.000639,0,29,0.420719,0.11334
56023,Lincoln County,,WY,1554,19769,21323,4,7,11,309,482,791,6,0.297955,0.312362,272.525409,0.000722,0.000705,7,0.000107,0,29,0.452381,0.005426
56025,Natrona County,,WY,5483,85313,90796,28,25,53,2660,2292,4952,6,0.345238,0.369184,18053.714104,0.0076,0.007917,7,0.000538,0,29,0.378495,0.062017
56027,Niobrara County,,WY,247,2530,2777,0,0,0,0,0,0,0,0,0,0,0,0,187,0.000051,169,269,0,0
56029,Park County,,WY,2289,33319,35608,8,7,15,647,547,1194,7,0.26402,0.2763,123.076695,0.000351,0.000273,7,0.000248,0,29,0.363636,0.003402
56031,Platte County,,WY,648,9827,10475,3,3,6,224,150,374,7,0.261568,0.271525,13.368856,0.000167,0.000133,7,0.000102,0,29,0.583333,0.001365
56033,Sheridan County,,WY,2418,33069,35487,7,6,13,724,628,1352,7,0.266397,0.278576,57.310122,0.000357,0.000321,7,0.000209,0,29,0.690476,0.003338
56035,Sublette County,,WY,1298,9966,11264,2,3,5,150,208,358,7,0.262159,0.273307,8.022791,0.000033,0.000156,7,0.000076,0,29,0.416667,0.000476
56037,Sweetwater County,,WY,4428,51436,55864,18,22,40,1591,1833,3424,6,0.3367,0.358253,8639.379282,0.004028,0.003436,7,0.000314,0,29,0.28,0.030607
56039,Teton County,,WY,2614,25384,27998,6,7,13,564,705,1269,6,0.33364,0.352661,982.556843,0.001279,0.002818,7,0.000164,0,29,0.430556,0.010751
56041,Uinta County,,WY,1935,24561,26496,6,9,15,460,753,1213,6,0.300986,0.315966,12.746235,0.001238,0.00141,7,0.000119,0,29,0.555556,0.008415
56043,Washakie County,,WY,709,9775,10484,0,3,3,0,168,168,7,0.256908,0.266594,0,0,0.000065,7,0.000051,0,270,0.666667,0
56045,Weston County,,WY,550,8056,8606,1,1,2,66,95,161,7,0.251758,0.260043,0,0.000025,0.000026,7,0.000074,0,29,0,0.000318
