id,label,timeset,state,totalMig,totalNonMig,population
1001,Autauga County,,AL,6150,57921,64071
1003,Baldwin County,,AL,11254,190475,201729
1005,Barbour County,,AL,1632,25045,26677
1007,Bibb County,,AL,1413,20893,22306
1009,Blount County,,AL,3318,59374,62692
1011,Bullock County,,AL,654,9648,10302
1013,Butler County,,AL,1097,21777,22874
1015,Calhoun County,,AL,6714,125006,131720
1017,Chambers County,,AL,2256,35618,37874
1019,Cherokee County,,AL,1266,24464,25730
1021,Chilton County,,AL,2414,45139,47553
1023,Choctaw County,,AL,816,14138,14954
1025,Clarke County,,AL,1364,28222,29586
1027,Clay County,,AL,846,14801,15647
1029,Cleburne County,,AL,1038,14704,15742
1031,Coffee County,,AL,6353,49445,55798
1033,Colbert County,,AL,3453,60341,63794
1035,Conecuh County,,AL,707,12905,13612
1037,Coosa County,,AL,1047,9970,11017
1039,Covington County,,AL,1857,38055,39912
1041,Crenshaw County,,AL,896,14095,14991
1043,Cullman County,,AL,3926,85588,89514
1045,Dale County,,AL,7840,48286,56126
1047,Dallas County,,AL,2267,45207,47474
1049,DeKalb County,,AL,3578,72712,76290
1051,Elmore County,,AL,7410,84683,92093
1053,Escambia County,,AL,2047,37287,39334
1055,Etowah County,,AL,4976,108138,113114
1057,Fayette County,,AL,891,17085,17976
1059,Franklin County,,AL,2634,35200,37834
1061,Geneva County,,AL,1931,25811,27742
1063,Greene County,,AL,493,8913,9406
1065,Hale County,,AL,1135,16653,17788
1067,Henry County,,AL,1280,17530,18810
1069,Houston County,,AL,7746,107646,115392
1071,Jackson County,,AL,2353,55691,58044
1073,Jefferson County,,AL,35062,715060,750122
1075,Lamar County,,AL,816,14720,15536
1077,Lauderdale County,,AL,4665,96237,100902
1079,Lawrence County,,AL,1881,36685,38566
1081,Lee County,,AL,11104,133042,144146
1083,Limestone County,,AL,5146,89986,95132
1085,Lowndes County,,AL,1127,13424,14551
1087,Macon County,,AL,1841,20544,22385
1089,Madison County,,AL,20799,379217,400016
1091,Marengo County,,AL,1281,22297,23578
1093,Marion County,,AL,1449,28823,30272
1095,Marshall County,,AL,5579,101791,107370
1097,Mobile County,,AL,18238,440165,458403
1099,Monroe County,,AL,1183,23439,24622
1101,Montgomery County,,AL,19206,246728,265934
1103,Morgan County,,AL,7204,134450,141654
1105,Perry County,,AL,638,10660,11298
1107,Pickens County,,AL,1076,20569,21645
1109,Pike County,,AL,2262,29512,31774
1111,Randolph County,,AL,1092,22922,24014
1113,Russell County,,AL,6986,52443,59429
1115,St. Clair County,,AL,5707,86000,91707
1117,Shelby County,,AL,15174,210442,225616
1119,Sumter County,,AL,747,12811,13558
1121,Talladega County,,AL,4503,82114,86617
1123,Tallapoosa County,,AL,4039,44752,48791
1125,Tuscaloosa County,,AL,9837,189110,198947
1127,Walker County,,AL,3034,67649,70683
1129,Washington County,,AL,1114,18180,19294
1131,Wilcox County,,AL,715,12087,12802
1133,Winston County,,AL,1301,24201,25502
2013,Aleutians East Borough,,AK,346,1846,2192
2016,Aleutians West Census Area,,AK,641,4553,5194
2020,Anchorage Municipality,,AK,30072,321742,351814
2050,Bethel Census Area,,AK,994,17249,18243
2060,Bristol Bay Borough,,AK,143,1027,1170
2068,Denali Borough,,AK,287,2314,2601
2070,Dillingham Census Area,,AK,319,5179,5498
2090,Fairbanks North Star Borough,,AK,14353,103164,117517
2100,Haines Borough,,AK,144,2669,2813
2105,Hoonah-Angoon Census Area,,AK,182,1997,2179
2110,Juneau City and Borough,,AK,2543,35242,37785
2122,Kenai Peninsula Borough,,AK,3909,59978,63887
2130,Ketchikan Gateway Borough,,AK,1292,14863,16155
2150,Kodiak Island Borough,,AK,1785,15415,17200
2164,Lake and Peninsula Borough,,AK,160,1588,1748
2170,Matanuska-Susitna Borough,,AK,6889,93330,100219
2180,Nome Census Area,,AK,538,9230,9768
2185,North Slope Borough,,AK,588,7371,7959
2188,Northwest Arctic Borough,,AK,529,6190,6719
2195,Petersburg Census Area,,AK,356,4072,4428
2198,Prince of Wales-Hyder Census Area,,AK,323,4954,5277
2220,Sitka City and Borough,,AK,994,9801,10795
2230,Skagway Municipality,,AK,145,1192,1337
2240,Southeast Fairbanks Census Area,,AK,914,8114,9028
2261,Valdez-Cordova Census Area,,AK,1167,10483,11650
2270,Wade Hampton Census Area,,AK,363,7531,7894
2275,Wrangell City and Borough,,AK,185,2407,2592
2282,Yakutat City and Borough,,AK,81,566,647
2290,Yukon-Koyukuk Census Area,,AK,496,5728,6224
4001,Apache County,,AZ,6150,64784,70934
4003,Cochise County,,AZ,12881,133754,146635
4005,Coconino County,,AZ,12836,130671,143507
4007,Gila County,,AZ,3553,52077,55630
4009,Graham County,,AZ,2006,29890,31896
4011,Greenlee County,,AZ,654,7952,8606
4012,La Paz County,,AZ,1273,15391,16664
4013,Maricopa County,,AZ,184472,3999798,4184270
4015,Mohave County,,AZ,13235,184139,197374
4017,Navajo County,,AZ,8356,99482,107838
4019,Pima County,,AZ,47628,1016858,1064486
4021,Pinal County,,AZ,37770,306634,344404
4023,Santa Cruz County,,AZ,2665,53774,56439
4025,Yavapai County,,AZ,15516,215436,230952
4027,Yuma County,,AZ,12290,224302,236592
5001,Arkansas County,,AR,1147,20782,21929
5003,Ashley County,,AR,1212,23169,24381
5005,Baxter County,,AR,2429,42449,44878
5007,Benton County,,AR,17115,237524,254639
5009,Boone County,,AR,2344,38279,40623
5011,Bradley County,,AR,696,11475,12171
5013,Calhoun County,,AR,346,4851,5197
5015,Carroll County,,AR,2061,28405,30466
5017,Chicot County,,AR,730,10920,11650
5019,Clark County,,AR,1683,21104,22787
5021,Clay County,,AR,970,16019,16989
5023,Cleburne County,,AR,1937,25906,27843
5025,Cleveland County,,AR,549,8765,9314
5027,Columbia County,,AR,1412,23492,24904
5029,Conway County,,AR,1522,21488,23010
5031,Craighead County,,AR,6362,95372,101734
5033,Crawford County,,AR,4541,62076,66617
5035,Crittenden County,,AR,3743,54665,58408
5037,Cross County,,AR,1319,18993,20312
5039,Dallas County,,AR,504,7802,8306
5041,Desha County,,AR,1010,13354,14364
5043,Drew County,,AR,1306,18239,19545
5045,Faulkner County,,AR,8410,112352,120762
5047,Franklin County,,AR,1240,17717,18957
5049,Fulton County,,AR,719,10989,11708
5051,Garland County,,AR,5682,100270,105952
5053,Grant County,,AR,1340,18910,20250
5055,Greene County,,AR,2369,42932,45301
5057,Hempstead County,,AR,1536,21937,23473
5059,Hot Spring County,,AR,2140,31646,33786
5061,Howard County,,AR,921,14636,15557
5063,Independence County,,AR,2087,38618,40705
5065,Izard County,,AR,875,11749,12624
5067,Jackson County,,AR,923,15347,16270
5069,Jefferson County,,AR,5199,79262,84461
5071,Johnson County,,AR,1367,25200,26567
5073,Lafayette County,,AR,492,6781,7273
5075,Lawrence County,,AR,1177,16110,17287
5077,Lee County,,AR,639,7989,8628
5079,Lincoln County,,AR,714,11053,11767
5081,Little River County,,AR,907,13050,13957
5083,Logan County,,AR,1453,22354,23807
5085,Lonoke County,,AR,6651,72498,79149
5087,Madison County,,AR,1027,15799,16826
5089,Marion County,,AR,1141,15510,16651
5091,Miller County,,AR,3848,41905,45753
5093,Mississippi County,,AR,3220,47767,50987
5095,Monroe County,,AR,597,7974,8571
5097,Montgomery County,,AR,550,8322,8872
5099,Nevada County,,AR,611,9108,9719
5101,Newton County,,AR,539,7883,8422
5103,Ouachita County,,AR,1519,26362,27881
5105,Perry County,,AR,893,10524,11417
5107,Phillips County,,AR,1347,20719,22066
5109,Pike County,,AR,733,11081,11814
5111,Poinsett County,,AR,1472,23807,25279
5113,Polk County,,AR,1184,19695,20879
5115,Pope County,,AR,4202,61444,65646
5117,Prairie County,,AR,604,8327,8931
5119,Pulaski County,,AR,27553,417064,444617
5121,Randolph County,,AR,984,17606,18590
5123,St. Francis County,,AR,1730,23911,25641
5125,Saline County,,AR,7326,115325,122651
5127,Scott County,,AR,777,11187,11964
5129,Searcy County,,AR,460,7881,8341
5131,Sebastian County,,AR,8742,129730,138472
5133,Sevier County,,AR,1018,16420,17438
5135,Sharp County,,AR,1298,16316,17614
5137,Stone County,,AR,574,11633,12207
5139,Union County,,AR,2428,46207,48635
5141,Van Buren County,,AR,1339,16500,17839
5143,Washington County,,AR,15199,202147,217346
5145,White County,,AR,5147,76975,82122
5147,Woodruff County,,AR,414,7217,7631
5149,Yell County,,AR,1878,20996,22874
6001,Alameda County,,CA,102082,1639324,1741406
6003,Alpine County,,CA,120,917,1037
6005,Amador County,,CA,2084,37008,39092
6007,Butte County,,CA,10828,209718,220546
6009,Calaveras County,,CA,3077,45223,48300
6011,Colusa County,,CA,1376,27976,29352
6013,Contra Costa County,,CA,60417,1161812,1222229
6015,Del Norte County,,CA,1573,23305,24878
6017,El Dorado County,,CA,12557,191144,203701
6019,Fresno County,,CA,32307,971871,1004178
6021,Glenn County,,CA,1714,31477,33191
6023,Humboldt County,,CA,6809,126127,132936
6025,Imperial County,,CA,8659,210051,218710
6027,Inyo County,,CA,1308,19555,20863
6029,Kern County,,CA,32982,846842,879824
6031,Kings County,,CA,10858,142743,153601
6033,Lake County,,CA,3496,57872,61368
6035,Lassen County,,CA,2152,25252,27404
6037,Los Angeles County,,CA,351259,10489660,10840919
6039,Madera County,,CA,7798,150079,157877
6041,Marin County,,CA,14394,249437,263831
6043,Mariposa County,,CA,1332,17922,19254
6045,Mendocino County,,CA,4118,89307,93425
6047,Merced County,,CA,13417,262192,275609
6049,Modoc County,,CA,690,8471,9161
6051,Mono County,,CA,1448,13705,15153
6053,Monterey County,,CA,26636,491205,517841
6055,Napa County,,CA,8295,154626,162921
6057,Nevada County,,CA,6525,103658,110183
6059,Orange County,,CA,146777,3381471,3528248
6061,Placer County,,CA,25280,377745,403025
6063,Plumas County,,CA,1395,20726,22121
6065,Riverside County,,CA,127325,2229331,2356656
6067,Sacramento County,,CA,74512,1521060,1595572
6069,San Benito County,,CA,3821,62619,66440
6071,San Bernardino County,,CA,135043,2120079,2255122
6073,San Diego County,,CA,170114,3429195,3599309
6075,San Francisco County,,CA,73305,843773,917078
6077,San Joaquin County,,CA,34780,732477,767257
6079,San Luis Obispo County,,CA,14211,273483,287694
6081,San Mateo County,,CA,50681,803354,854035
6083,Santa Barbara County,,CA,22542,442956,465498
6085,Santa Clara County,,CA,94462,2055439,2149901
6087,Santa Cruz County,,CA,15495,288313,303808
6089,Shasta County,,CA,8677,178690,187367
6091,Sierra County,,CA,282,2892,3174
6093,Siskiyou County,,CA,2538,44603,47141
6095,Solano County,,CA,29536,450071,479607
6097,Sonoma County,,CA,19993,530091,550084
6099,Stanislaus County,,CA,25585,547996,573581
6101,Sutter County,,CA,7726,99274,107000
6103,Tehama County,,CA,3781,61211,64992
6105,Trinity County,,CA,769,11009,11778
6107,Tulare County,,CA,16145,466506,482651
6109,Tuolumne County,,CA,2794,54426,57220
6111,Ventura County,,CA,40788,967255,1008043
6113,Yolo County,,CA,16000,198412,214412
6115,Yuba County,,CA,7963,68561,76524
8001,Adams County,,CO,46877,483037,529914
8003,Alamosa County,,CO,1384,15217,16601
8005,Arapahoe County,,CO,63703,623585,687288
8007,Archuleta County,,CO,1021,11715,12736
8009,Baca County,,CO,197,3970,4167
8011,Bent County,,CO,353,4281,4634
8013,Boulder County,,CO,25887,307399,333286
8014,Broomfield County,,CO,13426,102575,116001
8015,Chaffee County,,CO,1342,17776,19118
8017,Cheyenne County,,CO,157,2009,2166
8019,Clear Creek County,,CO,988,8987,9975
8021,Conejos County,,CO,454,8115,8569
8023,Costilla County,,CO,203,3049,3252
8025,Crowley County,,CO,279,2813,3092
8027,Custer County,,CO,400,3962,4362
8029,Delta County,,CO,2214,31016,33230
8031,Denver County,,CO,77509,616098,693607
8033,Dolores County,,CO,174,1924,2098
8035,Douglas County,,CO,27067,315600,342667
8037,Eagle County,,CO,5656,53801,59457
8039,Elbert County,,CO,2153,23744,25897
8041,El Paso County,,CO,58519,679757,738276
8043,Fremont County,,CO,2640,41121,43761
8045,Garfield County,,CO,5203,56985,62188
8047,Gilpin County,,CO,675,5020,5695
8049,Grand County,,CO,1563,14046,15609
8051,Gunnison County,,CO,1467,14440,15907
8053,Hinsdale County,,CO,97,788,885
8055,Huerfano County,,CO,628,6047,6675
8057,Jackson County,,CO,157,1466,1623
8059,Jefferson County,,CO,47067,558932,605999
8061,Kiowa County,,CO,95,1523,1618
8063,Kit Carson County,,CO,560,8254,8814
8065,Lake County,,CO,741,6969,7710
8067,La Plata County,,CO,4116,51417,55533
8069,Larimer County,,CO,22560,326056,348616
8071,Las Animas County,,CO,1144,14879,16023
8073,Lincoln County,,CO,422,4792,5214
8075,Logan County,,CO,1327,20408,21735
8077,Mesa County,,CO,9478,157241,166719
8079,Mineral County,,CO,52,809,861
8081,Moffat County,,CO,1515,14696,16211
8083,Montezuma County,,CO,1822,25367,27189
8085,Montrose County,,CO,3023,43600,46623
8087,Morgan County,,CO,1981,30960,32941
8089,Otero County,,CO,1202,19626,20828
8091,Ouray County,,CO,501,4409,4910
8093,Park County,,CO,1699,14732,16431
8095,Phillips County,,CO,356,4801,5157
8097,Pitkin County,,CO,1851,15510,17361
8099,Prowers County,,CO,847,12840,13687
8101,Pueblo County,,CO,7455,167113,174568
8103,Rio Blanco County,,CO,668,6766,7434
8105,Rio Grande County,,CO,1160,14924,16084
8107,Routt County,,CO,2339,23425,25764
8109,Saguache County,,CO,372,3584,3956
8111,San Juan County,,CO,74,657,731
8113,San Miguel County,,CO,765,6705,7470
8115,Sedgwick County,,CO,202,2479,2681
8117,Summit County,,CO,4597,30329,34926
8119,Teller County,,CO,2597,24795,27392
8121,Washington County,,CO,376,4642,5018
8123,Weld County,,CO,20181,270940,291121
8125,Yuma County,,CO,804,10700,11504
9001,Fairfield County,,CT,40801,995661,1036462
9003,Hartford County,,CT,41371,1050438,1091809
9005,Litchfield County,,CT,9642,223743,233385
9007,Middlesex County,,CT,10206,193983,204189
9009,New Haven County,,CT,40205,972289,1012494
9011,New London County,,CT,18208,317100,335308
9013,Tolland County,,CT,10126,164041,174167
9015,Windham County,,CT,6762,133062,139824
10001,Kent County,,DE,10176,180208,190384
10003,New Castle County,,DE,25770,615911,641681
10005,Sussex County,,DE,9168,216160,225328
11001,District of Columbia,,DC,61692,588626,650318
12001,Alachua County,,FL,22935,228838,251773
12003,Baker County,,FL,1740,26183,27923
12005,Bay County,,FL,15531,178653,194184
12007,Bradford County,,FL,1974,24009,25983
12009,Brevard County,,FL,31924,599337,631261
12011,Broward County,,FL,129667,1914238,2043905
12013,Calhoun County,,FL,907,12011,12918
12015,Charlotte County,,FL,12247,160033,172280
12017,Citrus County,,FL,9295,144488,153783
12019,Clay County,,FL,20630,211248,231878
12021,Collier County,,FL,21921,345187,367108
12023,Columbia County,,FL,4983,63119,68102
12027,DeSoto County,,FL,2197,27973,30170
12029,Dixie County,,FL,931,12681,13612
12031,Duval County,,FL,66968,959922,1026890
12033,Escambia County,,FL,27476,307897,335373
12035,Flagler County,,FL,7636,102702,110338
12037,Franklin County,,FL,629,9335,9964
12039,Gadsden County,,FL,3391,49111,52502
12041,Gilchrist County,,FL,1358,15251,16609
12043,Glades County,,FL,883,8400,9283
12045,Gulf County,,FL,1062,12490,13552
12047,Hamilton County,,FL,1026,11467,12493
12049,Hardee County,,FL,1932,25439,27371
12051,Hendry County,,FL,3445,36449,39894
12053,Hernando County,,FL,12615,173985,186600
12055,Highlands County,,FL,6618,95809,102427
12057,Hillsborough County,,FL,100537,1332064,1432601
12059,Holmes County,,FL,1368,17155,18523
12061,Indian River County,,FL,9227,148628,157855
12063,Jackson County,,FL,2903,45621,48524
12065,Jefferson County,,FL,1044,13898,14942
12067,Lafayette County,,FL,388,6000,6388
12069,Lake County,,FL,24729,317307,342036
12071,Lee County,,FL,41149,641583,682732
12073,Leon County,,FL,24116,260495,284611
12075,Levy County,,FL,3261,38947,42208
12077,Liberty County,,FL,505,6608,7113
12079,Madison County,,FL,1104,17717,18821
12081,Manatee County,,FL,23136,335133,358269
12083,Marion County,,FL,21676,346723,368399
12085,Martin County,,FL,10663,148391,159054
12086,Miami-Dade County,,FL,130991,2733951,2864942
12087,Monroe County,,FL,8547,78276,86823
12089,Nassau County,,FL,5718,81762,87480
12091,Okaloosa County,,FL,21859,201469,223328
12093,Okeechobee County,,FL,2560,35639,38199
12095,Orange County,,FL,108251,1214913,1323164
12097,Osceola County,,FL,32580,286604,319184
12099,Palm Beach County,,FL,76083,1383662,1459745
12101,Pasco County,,FL,37478,471500,508978
12103,Pinellas County,,FL,58207,967024,1025231
12105,Polk County,,FL,42229,631782,674011
12107,Putnam County,,FL,4786,69931,74717
12109,St. Johns County,,FL,15339,201725,217064
12111,St. Lucie County,,FL,20944,294536,315480
12113,Santa Rosa County,,FL,15786,156387,172173
12115,Sarasota County,,FL,26675,401514,428189
12117,Seminole County,,FL,45991,449317,495308
12119,Sumter County,,FL,5825,92839,98664
12121,Suwannee County,,FL,2851,38386,41237
12123,Taylor County,,FL,1189,20387,21576
12125,Union County,,FL,1190,11145,12335
12127,Volusia County,,FL,33777,519473,553250
12129,Wakulla County,,FL,2363,29603,31966
12131,Walton County,,FL,5382,51404,56786
12133,Washington County,,FL,1933,21790,23723
13001,Appling County,,GA,950,18016,18966
13003,Atkinson County,,GA,810,8451,9261
13005,Bacon County,,GA,613,10610,11223
13007,Baker County,,GA,306,3257,3563
13009,Baldwin County,,GA,3103,41935,45038
13011,Banks County,,GA,1813,17528,19341
13013,Barrow County,,GA,6425,74315,80740
13015,Bartow County,,GA,7730,106187,113917
13017,Ben Hill County,,GA,1330,17645,18975
13019,Berrien County,,GA,1539,17072,18611
13021,Bibb County,,GA,11689,162663,174352
13023,Bleckley County,,GA,626,12597,13223
13025,Brantley County,,GA,1229,16557,17786
13027,Brooks County,,GA,1579,15816,17395
13029,Bryan County,,GA,4353,35159,39512
13031,Bulloch County,,GA,6076,57904,63980
13033,Burke County,,GA,1927,25628,27555
13035,Butts County,,GA,2102,22664,24766
13037,Calhoun County,,GA,328,5236,5564
13039,Camden County,,GA,6932,51533,58465
13043,Candler County,,GA,936,10492,11428
13045,Carroll County,,GA,8995,114346,123341
13047,Catoosa County,,GA,4982,64733,69715
13049,Charlton County,,GA,701,9219,9920
13051,Chatham County,,GA,23855,270174,294029
13053,Chattahoochee County,,GA,3036,6236,9272
13055,Chattooga County,,GA,1526,24476,26002
13057,Cherokee County,,GA,16612,233100,249712
13059,Clarke County,,GA,11945,97315,109260
13061,Clay County,,GA,198,3001,3199
13063,Clayton County,,GA,41196,276541,317737
13065,Clinch County,,GA,482,6520,7002
13067,Cobb County,,GA,70466,794535,865001
13069,Coffee County,,GA,2220,39930,42150
13071,Colquitt County,,GA,2629,45082,47711
13073,Columbia County,,GA,12463,134524,146987
13075,Cook County,,GA,1436,16287,17723
13077,Coweta County,,GA,13526,148805,162331
13079,Crawford County,,GA,941,12527,13468
13081,Crisp County,,GA,1732,21739,23471
13083,Dade County,,GA,1081,15489,16570
13085,Dawson County,,GA,2071,21926,23997
13087,Decatur County,,GA,1660,28596,30256
13089,DeKalb County,,GA,92004,708191,800195
13091,Dodge County,,GA,1096,18996,20092
13093,Dooly County,,GA,773,10540,11313
13095,Dougherty County,,GA,8103,95827,103930
13097,Douglas County,,GA,15785,136035,151820
13099,Early County,,GA,672,11048,11720
13101,Echols County,,GA,294,3479,3773
13103,Effingham County,,GA,4842,56056,60898
13105,Elbert County,,GA,1171,21693,22864
13107,Emanuel County,,GA,1377,23262,24639
13109,Evans County,,GA,905,10798,11703
13111,Fannin County,,GA,1402,22754,24156
13113,Fayette County,,GA,9897,118761,128658
13115,Floyd County,,GA,5417,99723,105140
13117,Forsyth County,,GA,11684,191026,202710
13119,Franklin County,,GA,1914,23014,24928
13121,Fulton County,,GA,120846,910482,1031328
13123,Gilmer County,,GA,1844,28362,30206
13125,Glascock County,,GA,172,2826,2998
13127,Glynn County,,GA,5652,81967,87619
13129,Gordon County,,GA,3429,59816,63245
13131,Grady County,,GA,1819,25334,27153
13133,Greene County,,GA,1053,16535,17588
13135,Gwinnett County,,GA,68132,880664,948796
13137,Habersham County,,GA,2790,44131,46921
13139,Hall County,,GA,11559,200362,211921
13141,Hancock County,,GA,516,8401,8917
13143,Haralson County,,GA,2340,28359,30699
13145,Harris County,,GA,2540,33512,36052
13147,Hart County,,GA,1404,25549,26953
13149,Heard County,,GA,1046,10465,11511
13151,Henry County,,GA,21207,219655,240862
13153,Houston County,,GA,12798,158943,171741
13155,Irwin County,,GA,799,9156,9955
13157,Jackson County,,GA,5308,64362,69670
13159,Jasper County,,GA,1311,14595,15906
13161,Jeff Davis County,,GA,896,14521,15417
13163,Jefferson County,,GA,1088,19325,20413
13165,Jenkins County,,GA,554,8034,8588
13167,Johnson County,,GA,380,7930,8310
13169,Jones County,,GA,2292,30220,32512
13171,Lamar County,,GA,1416,16933,18349
13173,Lanier County,,GA,1060,8077,9137
13175,Laurens County,,GA,2828,52542,55370
13177,Lee County,,GA,3344,32379,35723
13179,Liberty County,,GA,12280,61192,73472
13181,Lincoln County,,GA,516,8166,8682
13183,Long County,,GA,1938,10603,12541
13185,Lowndes County,,GA,11146,105672,116818
13187,Lumpkin County,,GA,2503,26798,29301
13189,McDuffie County,,GA,1467,23641,25108
13191,McIntosh County,,GA,923,11374,12297
13193,Macon County,,GA,884,12119,13003
13195,Madison County,,GA,2799,29240,32039
13197,Marion County,,GA,632,7215,7847
13199,Meriwether County,,GA,2073,22765,24838
13201,Miller County,,GA,416,5531,5947
13205,Mitchell County,,GA,1454,22641,24095
13207,Monroe County,,GA,1897,26950,28847
13209,Montgomery County,,GA,627,7846,8473
13211,Morgan County,,GA,1296,19429,20725
13213,Murray County,,GA,2896,40658,43554
13215,Muscogee County,,GA,23373,205987,229360
13217,Newton County,,GA,9457,102687,112144
13219,Oconee County,,GA,2717,35687,38404
13221,Oglethorpe County,,GA,1265,14413,15678
13223,Paulding County,,GA,12740,149951,162691
13225,Peach County,,GA,2805,26898,29703
13227,Pickens County,,GA,2267,32202,34469
13229,Pierce County,,GA,1479,19029,20508
13231,Pike County,,GA,1491,18714,20205
13233,Polk County,,GA,2736,43470,46206
13235,Pulaski County,,GA,680,9680,10360
13237,Putnam County,,GA,1757,22021,23778
13239,Quitman County,,GA,266,2186,2452
13241,Rabun County,,GA,920,17133,18053
13243,Randolph County,,GA,440,7328,7768
13245,Richmond County,,GA,21831,204519,226350
13247,Rockdale County,,GA,10815,86946,97761
13249,Schley County,,GA,269,4432,4701
13251,Screven County,,GA,997,14346,15343
13253,Seminole County,,GA,673,8800,9473
13255,Spalding County,,GA,5587,66274,71861
13257,Stephens County,,GA,1655,25760,27415
13259,Stewart County,,GA,392,4426,4818
13261,Sumter County,,GA,2321,32303,34624
13263,Talbot County,,GA,537,6617,7154
13265,Taliaferro County,,GA,102,1611,1713
13267,Tattnall County,,GA,1532,19926,21458
13269,Taylor County,,GA,565,8663,9228
13271,Telfair County,,GA,873,10462,11335
13273,Terrell County,,GA,751,10657,11408
13275,Thomas County,,GA,3017,46926,49943
13277,Tift County,,GA,3788,42203,45991
13279,Toombs County,,GA,1920,27463,29383
13281,Towns County,,GA,717,10671,11388
13283,Treutlen County,,GA,401,6117,6518
13285,Troup County,,GA,4403,71003,75406
13287,Turner County,,GA,2465,10683,13148
13289,Twiggs County,,GA,817,9627,10444
13291,Union County,,GA,1369,21275,22644
13293,Upson County,,GA,1510,28011,29521
13295,Walker County,,GA,4751,65465,70216
13297,Walton County,,GA,6579,88008,94587
13299,Ware County,,GA,2609,34583,37192
13301,Warren County,,GA,417,6119,6536
13303,Washington County,,GA,924,21543,22467
13305,Wayne County,,GA,1856,28182,30038
13307,Webster County,,GA,173,2418,2591
13309,Wheeler County,,GA,352,4685,5037
13311,White County,,GA,2034,25588,27622
13313,Whitfield County,,GA,6245,117308,123553
13315,Wilcox County,,GA,496,7140,7636
13317,Wilkes County,,GA,585,10642,11227
13319,Wilkinson County,,GA,694,10828,11522
13321,Worth County,,GA,1785,22451,24236
15001,Hawaii County,,HI,7931,188474,196405
15003,Honolulu County,,HI,65910,1082307,1148217
15005,Kalawao County,,HI,-2,-2,-4
15007,Kauai County,,HI,3156,75086,78242
15009,Maui County,,HI,6942,166404,173346
16001,Ada County,,ID,24609,431458,456067
16003,Adams County,,ID,325,3978,4303
16005,Bannock County,,ID,6100,87213,93313
16007,Bear Lake County,,ID,367,6676,7043
16009,Benewah County,,ID,734,9482,10216
16011,Bingham County,,ID,3225,51621,54846
16013,Blaine County,,ID,1692,24902,26594
16015,Boise County,,ID,645,6922,7567
16017,Bonner County,,ID,3042,42214,45256
16019,Bonneville County,,ID,7827,117420,125247
16021,Boundary County,,ID,784,11516,12300
16023,Butte County,,ID,260,2987,3247
16025,Camas County,,ID,97,989,1086
16027,Canyon County,,ID,14416,198314,212730
16029,Caribou County,,ID,622,7982,8604
16031,Cassia County,,ID,2033,25251,27284
16033,Clark County,,ID,111,1007,1118
16035,Clearwater County,,ID,631,8417,9048
16037,Custer County,,ID,370,4734,5104
16039,Elmore County,,ID,4903,28343,33246
16041,Franklin County,,ID,893,14628,15521
16043,Fremont County,,ID,1225,14323,15548
16045,Gem County,,ID,1281,17331,18612
16047,Gooding County,,ID,1481,17349,18830
16049,Idaho County,,ID,799,15082,15881
16051,Jefferson County,,ID,2547,29059,31606
16053,Jerome County,,ID,2290,25620,27910
16055,Kootenai County,,ID,8134,155062,163196
16057,Latah County,,ID,3678,34854,38532
16059,Lemhi County,,ID,518,8318,8836
16061,Lewis County,,ID,335,4815,5150
16063,Lincoln County,,ID,600,5593,6193
16065,Madison County,,ID,5545,29380,34925
16067,Minidoka County,,ID,1829,23465,25294
16069,Nez Perce County,,ID,2883,42894,45777
16071,Oneida County,,ID,356,4673,5029
16073,Owyhee County,,ID,1232,11674,12906
16075,Payette County,,ID,2016,24364,26380
16077,Power County,,ID,759,9250,10009
16079,Shoshone County,,ID,831,12824,13655
16081,Teton County,,ID,1081,10249,11330
16083,Twin Falls County,,ID,6003,84946,90949
16085,Valley County,,ID,1077,10038,11115
16087,Washington County,,ID,724,10408,11132
17001,Adams County,,IL,2751,80793,83544
17003,Alexander County,,IL,629,7430,8059
17005,Bond County,,IL,1105,18421,19526
17007,Boone County,,IL,4191,67461,71652
17009,Brown County,,IL,285,5910,6195
17011,Bureau County,,IL,2214,42923,45137
17013,Calhoun County,,IL,238,5932,6170
17015,Carroll County,,IL,995,19432,20427
17017,Cass County,,IL,1180,16441,17621
17019,Champaign County,,IL,14165,202283,216448
17021,Christian County,,IL,1774,40431,42205
17023,Clark County,,IL,964,19376,20340
17025,Clay County,,IL,722,16754,17476
17027,Clinton County,,IL,1847,44513,46360
17029,Coles County,,IL,3446,51832,55278
17031,Cook County,,IL,219773,6066689,6286462
17033,Crawford County,,IL,770,22936,23706
17035,Cumberland County,,IL,705,13084,13789
17037,DeKalb County,,IL,8568,111545,120113
17039,De Witt County,,IL,1031,19420,20451
17041,Douglas County,,IL,1438,25438,26876
17043,DuPage County,,IL,66973,1126886,1193859
17045,Edgar County,,IL,906,21462,22368
17047,Edwards County,,IL,425,7942,8367
17049,Effingham County,,IL,1864,43627,45491
17051,Fayette County,,IL,1126,24235,25361
17053,Ford County,,IL,1038,16617,17655
17055,Franklin County,,IL,2073,43304,45377
17057,Fulton County,,IL,1763,41887,43650
17059,Gallatin County,,IL,357,6198,6555
17061,Greene County,,IL,741,15514,16255
17063,Grundy County,,IL,4143,61652,65795
17065,Hamilton County,,IL,421,9386,9807
17067,Hancock County,,IL,1148,22931,24079
17069,Hardin County,,IL,201,4324,4525
17071,Henderson County,,IL,482,8561,9043
17073,Henry County,,IL,3130,62153,65283
17075,Iroquois County,,IL,1661,36201,37862
17077,Jackson County,,IL,5451,53059,58510
17079,Jasper County,,IL,463,12357,12820
17081,Jefferson County,,IL,2005,42496,44501
17083,Jersey County,,IL,1460,26890,28350
17085,Jo Daviess County,,IL,1309,28352,29661
17087,Johnson County,,IL,687,12528,13215
17089,Kane County,,IL,33379,615456,648835
17091,Kankakee County,,IL,5574,131786,137360
17093,Kendall County,,IL,9613,139639,149252
17095,Knox County,,IL,2702,58417,61119
17097,Lake County,,IL,43333,839243,882576
17099,LaSalle County,,IL,5863,137561,143424
17101,Lawrence County,,IL,754,16486,17240
17103,Lee County,,IL,2506,41054,43560
17105,Livingston County,,IL,2069,44469,46538
17107,Logan County,,IL,1644,31981,33625
17109,McDonough County,,IL,2242,29674,31916
17111,McHenry County,,IL,18719,391183,409902
17113,McLean County,,IL,10578,191019,201597
17115,Macon County,,IL,5329,127523,132852
17117,Macoupin County,,IL,2993,55665,58658
17119,Madison County,,IL,14835,316191,331026
17121,Marion County,,IL,1942,46047,47989
17123,Marshall County,,IL,926,15301,16227
17125,Mason County,,IL,997,17162,18159
17127,Massac County,,IL,969,17259,18228
17129,Menard County,,IL,901,15413,16314
17131,Mercer County,,IL,1074,20860,21934
17133,Monroe County,,IL,1784,41928,43712
17135,Montgomery County,,IL,1566,33113,34679
17137,Morgan County,,IL,1960,39175,41135
17139,Moultrie County,,IL,1002,17455,18457
17141,Ogle County,,IL,3528,65945,69473
17143,Peoria County,,IL,12450,219131,231581
17145,Perry County,,IL,1098,23197,24295
17147,Piatt County,,IL,1206,20292,21498
17149,Pike County,,IL,724,18573,19297
17151,Pope County,,IL,248,4076,4324
17153,Pulaski County,,IL,395,6426,6821
17155,Putnam County,,IL,485,7521,8006
17157,Randolph County,,IL,1655,35620,37275
17159,Richland County,,IL,929,19067,19996
17161,Rock Island County,,IL,8839,177171,186010
17163,St. Clair County,,IL,17950,304668,322618
17165,Saline County,,IL,1250,27191,28441
17167,Sangamon County,,IL,9803,240671,250474
17169,Schuyler County,,IL,522,8288,8810
17171,Scott County,,IL,348,6094,6442
17173,Shelby County,,IL,1382,25843,27225
17175,Stark County,,IL,407,7117,7524
17177,Stephenson County,,IL,2391,56864,59255
17179,Tazewell County,,IL,7849,165163,173012
17181,Union County,,IL,901,19995,20896
17183,Vermilion County,,IL,3633,89908,93541
17185,Wabash County,,IL,710,14149,14859
17187,Warren County,,IL,1228,20213,21441
17189,Washington County,,IL,964,17957,18921
17191,Wayne County,,IL,812,19004,19816
17193,White County,,IL,732,17006,17738
17195,Whiteside County,,IL,3153,72760,75913
17197,Will County,,IL,41129,829420,870549
17199,Williamson County,,IL,4027,72532,76559
17201,Winnebago County,,IL,14807,351857,366664
17203,Woodford County,,IL,2431,47143,49574
18001,Adams County,,IN,1621,41891,43512
18003,Allen County,,IN,16785,426724,443509
18005,Bartholomew County,,IN,5142,95487,100629
18007,Benton County,,IN,757,10385,11142
18009,Blackford County,,IN,900,15261,16161
18011,Boone County,,IN,4238,67275,71513
18013,Brown County,,IN,1285,17666,18951
18015,Carroll County,,IN,1542,24443,25985
18017,Cass County,,IN,2340,47460,49800
18019,Clark County,,IN,8344,130738,139082
18021,Clay County,,IN,1880,31184,33064
18023,Clinton County,,IN,2153,41192,43345
18025,Crawford County,,IN,677,11635,12312
18027,Daviess County,,IN,1450,37251,38701
18029,Dearborn County,,IN,3083,61471,64554
18031,Decatur County,,IN,1797,32092,33889
18033,DeKalb County,,IN,2771,50305,53076
18035,Delaware County,,IN,6714,118040,124754
18037,Dubois County,,IN,1917,54555,56472
18039,Elkhart County,,IN,9801,239584,249385
18041,Fayette County,,IN,1321,26840,28161
18043,Floyd County,,IN,6258,86067,92325
18045,Fountain County,,IN,1348,20753,22101
18047,Franklin County,,IN,1430,29120,30550
18049,Fulton County,,IN,1376,24514,25890
18051,Gibson County,,IN,2040,39901,41941
18053,Grant County,,IN,3533,75793,79326
18055,Greene County,,IN,2027,37149,39176
18057,Hamilton County,,IN,20701,325786,346487
18059,Hancock County,,IN,5470,83980,89450
18061,Harrison County,,IN,2446,46058,48504
18063,Hendricks County,,IN,11904,173225,185129
18065,Henry County,,IN,3061,56175,59236
18067,Howard County,,IN,4815,99654,104469
18069,Huntington County,,IN,1989,45235,47224
18071,Jackson County,,IN,2796,57251,60047
18073,Jasper County,,IN,2234,39873,42107
18075,Jay County,,IN,1070,25354,26424
18077,Jefferson County,,IN,1760,36709,38469
18079,Jennings County,,IN,2100,32172,34272
18081,Johnson County,,IN,12674,165404,178078
18083,Knox County,,IN,1928,41220,43148
18085,Kosciusko County,,IN,4677,95319,99996
18087,LaGrange County,,IN,2185,44599,46784
18089,Lake County,,IN,25934,568424,594358
18091,LaPorte County,,IN,5126,127670,132796
18093,Lawrence County,,IN,2286,53067,55353
18095,Madison County,,IN,7526,147431,154957
18097,Marion County,,IN,63165,1060671,1123836
18099,Marshall County,,IN,2960,56583,59543
18101,Martin County,,IN,660,12138,12798
18103,Miami County,,IN,2319,38725,41044
18105,Monroe County,,IN,10633,122111,132744
18107,Montgomery County,,IN,2124,46099,48223
18109,Morgan County,,IN,5035,82725,87760
18111,Newton County,,IN,1016,16263,17279
18113,Noble County,,IN,3175,56264,59439
18115,Ohio County,,IN,539,7168,7707
18117,Orange County,,IN,1120,21901,23021
18119,Owen County,,IN,1703,24529,26232
18121,Parke County,,IN,1049,17746,18795
18123,Perry County,,IN,926,20925,21851
18125,Pike County,,IN,778,14611,15389
18127,Porter County,,IN,10257,192579,202836
18129,Posey County,,IN,1715,31164,32879
18131,Pulaski County,,IN,919,15468,16387
18133,Putnam County,,IN,2326,38844,41170
18135,Randolph County,,IN,1860,30689,32549
18137,Ripley County,,IN,1937,33128,35065
18139,Rush County,,IN,1186,20399,21585
18141,St. Joseph County,,IN,14749,304450,319199
18143,Scott County,,IN,1782,25971,27753
18145,Shelby County,,IN,3323,52957,56280
18147,Spencer County,,IN,1297,25314,26611
18149,Starke County,,IN,1569,26090,27659
18151,Steuben County,,IN,2259,38239,40498
18153,Sullivan County,,IN,1279,22510,23789
18155,Switzerland County,,IN,749,9943,10692
18157,Tippecanoe County,,IN,12671,171051,183722
18159,Tipton County,,IN,1085,19286,20371
18161,Union County,,IN,587,8318,8905
18163,Vanderburgh County,,IN,10525,202255,212780
18165,Vermillion County,,IN,1101,18830,19931
18167,Vigo County,,IN,6317,112367,118684
18169,Wabash County,,IN,1907,38784,40691
18171,Warren County,,IN,698,10156,10854
18173,Warrick County,,IN,4528,71502,76030
18175,Washington County,,IN,1670,31639,33309
18177,Wayne County,,IN,3710,78695,82405
18179,Wells County,,IN,1683,33156,34839
18181,White County,,IN,1903,30021,31924
18183,Whitley County,,IN,2297,41024,43321
19001,Adair County,,IA,488,8940,9428
19003,Adams County,,IA,270,4818,5088
19005,Allamakee County,,IA,941,17354,18295
19007,Appanoose County,,IA,713,14174,14887
19009,Audubon County,,IA,406,7260,7666
19011,Benton County,,IA,1728,31131,32859
19013,Black Hawk County,,IA,7467,143434,150901
19015,Boone County,,IA,1792,30679,32471
19017,Bremer County,,IA,1619,27748,29367
19019,Buchanan County,,IA,1242,24841,26083
19021,Buena Vista County,,IA,1823,24592,26415
19023,Butler County,,IA,865,18076,18941
19025,Calhoun County,,IA,649,11919,12568
19027,Carroll County,,IA,1222,26114,27336
19029,Cass County,,IA,947,16194,17141
19031,Cedar County,,IA,1276,22395,23671
19033,Cerro Gordo County,,IA,2822,51351,54173
19035,Cherokee County,,IA,802,14710,15512
19037,Chickasaw County,,IA,645,15329,15974
19039,Clarke County,,IA,692,11128,11820
19041,Clay County,,IA,1176,20327,21503
19043,Clayton County,,IA,1006,21679,22685
19045,Clinton County,,IA,2737,58229,60966
19047,Crawford County,,IA,1187,21094,22281
19049,Dallas County,,IA,6275,77525,83800
19051,Davis County,,IA,433,9905,10338
19053,Decatur County,,IA,717,8034,8751
19055,Delaware County,,IA,1000,21629,22629
19057,Des Moines County,,IA,2144,47603,49747
19059,Dickinson County,,IA,1211,20366,21577
19061,Dubuque County,,IA,4417,112948,117365
19063,Emmet County,,IA,809,11595,12404
19065,Fayette County,,IA,1194,23338,24532
19067,Floyd County,,IA,1098,18701,19799
19069,Franklin County,,IA,745,12545,13290
19071,Fremont County,,IA,586,8648,9234
19073,Greene County,,IA,556,11162,11718
19075,Grundy County,,IA,792,15378,16170
19077,Guthrie County,,IA,790,13091,13881
19079,Hamilton County,,IA,1081,18642,19723
19081,Hancock County,,IA,670,13654,14324
19083,Hardin County,,IA,1141,19641,20782
19085,Harrison County,,IA,901,17302,18203
19087,Henry County,,IA,1209,22472,23681
19089,Howard County,,IA,544,11978,12522
19091,Humboldt County,,IA,563,11805,12368
19093,Ida County,,IA,427,8612,9039
19095,Iowa County,,IA,1032,20349,21381
19097,Jackson County,,IA,1155,24189,25344
19099,Jasper County,,IA,2326,42202,44528
19101,Jefferson County,,IA,936,16957,17893
19103,Johnson County,,IA,11917,136127,148044
19105,Jones County,,IA,1198,23333,24531
19107,Keokuk County,,IA,757,12111,12868
19109,Kossuth County,,IA,841,19286,20127
19111,Lee County,,IA,1920,40230,42150
19113,Linn County,,IA,11221,253132,264353
19115,Louisa County,,IA,775,13293,14068
19117,Lucas County,,IA,589,10031,10620
19119,Lyon County,,IA,610,14050,14660
19121,Madison County,,IA,1076,18280,19356
19123,Mahaska County,,IA,1397,25076,26473
19125,Marion County,,IA,1938,38487,40425
19127,Marshall County,,IA,2427,47013,49440
19129,Mills County,,IA,1108,16960,18068
19131,Mitchell County,,IA,551,12836,13387
19133,Monona County,,IA,562,10716,11278
19135,Monroe County,,IA,492,8833,9325
19137,Montgomery County,,IA,664,12270,12934
19139,Muscatine County,,IA,2701,51826,54527
19141,O'Brien County,,IA,1031,17331,18362
19143,Osceola County,,IA,451,8000,8451
19145,Page County,,IA,960,16836,17796
19147,Palo Alto County,,IA,584,10905,11489
19149,Plymouth County,,IA,1577,30907,32484
19151,Pocahontas County,,IA,559,8646,9205
19153,Polk County,,IA,24972,510923,535895
19155,Pottawattamie County,,IA,6004,105440,111444
19157,Poweshiek County,,IA,1284,20889,22173
19159,Ringgold County,,IA,310,5372,5682
19161,Sac County,,IA,669,12243,12912
19163,Scott County,,IA,11631,195086,206717
19165,Shelby County,,IA,851,14941,15792
19167,Sioux County,,IA,1622,39608,41230
19169,Story County,,IA,8263,84443,92706
19171,Tama County,,IA,1176,21342,22518
19173,Taylor County,,IA,398,7242,7640
19175,Union County,,IA,846,13962,14808
19177,Van Buren County,,IA,416,8439,8855
19179,Wapello County,,IA,2333,40086,42419
19181,Warren County,,IA,3241,53945,57186
19183,Washington County,,IA,1344,26248,27592
19185,Wayne County,,IA,518,7080,7598
19187,Webster County,,IA,2139,41319,43458
19189,Winnebago County,,IA,720,12930,13650
19191,Winneshiek County,,IA,1037,24068,25105
19193,Woodbury County,,IA,6375,117941,124316
19195,Worth County,,IA,518,9108,9626
19197,Wright County,,IA,882,15193,16075
20001,Allen County,,KS,838,14915,15753
20003,Anderson County,,KS,604,9375,9979
20005,Atchison County,,KS,1099,17991,19090
20007,Barber County,,KS,326,5578,5904
20009,Barton County,,KS,1636,32063,33699
20011,Bourbon County,,KS,1092,16573,17665
20013,Brown County,,KS,693,11551,12244
20015,Butler County,,KS,5179,70792,75971
20017,Chase County,,KS,189,2989,3178
20019,Chautauqua County,,KS,237,3826,4063
20021,Cherokee County,,KS,1472,22586,24058
20023,Cheyenne County,,KS,208,3194,3402
20025,Clark County,,KS,206,2389,2595
20027,Clay County,,KS,687,10227,10914
20029,Cloud County,,KS,706,10845,11551
20031,Coffey County,,KS,633,10227,10860
20033,Comanche County,,KS,116,2138,2254
20035,Cowley County,,KS,2401,39437,41838
20037,Crawford County,,KS,2750,39502,42252
20039,Decatur County,,KS,208,3492,3700
20041,Dickinson County,,KS,1936,22831,24767
20043,Doniphan County,,KS,574,8696,9270
20045,Douglas County,,KS,9452,106482,115934
20047,Edwards County,,KS,275,3635,3910
20049,Elk County,,KS,243,3056,3299
20051,Ellis County,,KS,2178,31733,33911
20053,Ellsworth County,,KS,434,6838,7272
20055,Finney County,,KS,3066,46127,49193
20057,Ford County,,KS,2675,42523,45198
20059,Franklin County,,KS,2102,29562,31664
20061,Geary County,,KS,11594,38576,50170
20063,Gove County,,KS,143,3342,3485
20065,Graham County,,KS,139,3165,3304
20067,Grant County,,KS,601,9081,9682
20069,Gray County,,KS,490,7357,7847
20071,Greeley County,,KS,145,1518,1663
20073,Greenwood County,,KS,483,7100,7583
20075,Hamilton County,,KS,288,2941,3229
20077,Harper County,,KS,387,6801,7188
20079,Harvey County,,KS,2565,40293,42858
20081,Haskell County,,KS,425,4694,5119
20083,Hodgeman County,,KS,145,2240,2385
20085,Jackson County,,KS,988,15951,16939
20087,Jefferson County,,KS,1445,21761,23206
20089,Jewell County,,KS,212,3833,4045
20091,Johnson County,,KS,37074,640290,677364
20093,Kearny County,,KS,406,4791,5197
20095,Kingman County,,KS,506,9147,9653
20097,Kiowa County,,KS,241,2688,2929
20099,Labette County,,KS,1299,25045,26344
20101,Lane County,,KS,167,2095,2262
20103,Leavenworth County,,KS,9988,77093,87081
20105,Lincoln County,,KS,266,3826,4092
20107,Linn County,,KS,757,10255,11012
20109,Logan County,,KS,215,3330,3545
20111,Lyon County,,KS,2406,36278,38684
20113,McPherson County,,KS,1888,34602,36490
20115,Marion County,,KS,953,13881,14834
20117,Marshall County,,KS,672,12688,13360
20119,Meade County,,KS,373,5233,5606
20121,Miami County,,KS,2394,37010,39404
20123,Mitchell County,,KS,548,7384,7932
20125,Montgomery County,,KS,2491,37759,40250
20127,Morris County,,KS,481,6610,7091
20129,Morton County,,KS,367,3743,4110
20131,Nemaha County,,KS,640,12747,13387
20133,Neosho County,,KS,1040,18302,19342
20135,Ness County,,KS,175,3748,3923
20137,Norton County,,KS,330,6015,6345
20139,Osage County,,KS,1115,18881,19996
20141,Osborne County,,KS,271,4752,5023
20143,Ottawa County,,KS,511,7256,7767
20145,Pawnee County,,KS,531,7296,7827
20147,Phillips County,,KS,399,6845,7244
20149,Pottawatomie County,,KS,1855,25190,27045
20151,Pratt County,,KS,796,10697,11493
20153,Rawlins County,,KS,181,2958,3139
20155,Reno County,,KS,3670,72468,76138
20157,Republic County,,KS,329,6133,6462
20159,Rice County,,KS,751,11005,11756
20161,Riley County,,KS,11578,56314,67892
20163,Rooks County,,KS,342,6039,6381
20165,Rush County,,KS,351,3846,4197
20167,Russell County,,KS,453,7859,8312
20169,Saline County,,KS,3996,66164,70160
20171,Scott County,,KS,432,5783,6215
20173,Sedgwick County,,KS,26178,572756,598934
20175,Seward County,,KS,2307,28391,30698
20177,Shawnee County,,KS,9304,208554,217858
20179,Sheridan County,,KS,179,3246,3425
20181,Sherman County,,KS,537,6533,7070
20183,Smith County,,KS,226,4890,5116
20185,Stafford County,,KS,331,5056,5387
20187,Stanton County,,KS,213,2761,2974
20189,Stevens County,,KS,525,6565,7090
20191,Sumner County,,KS,1848,27284,29132
20193,Thomas County,,KS,773,8829,9602
20195,Trego County,,KS,260,3644,3904
20197,Wabaunsee County,,KS,603,8072,8675
20199,Wallace County,,KS,93,1760,1853
20201,Washington County,,KS,301,7274,7575
20203,Wichita County,,KS,152,2792,2944
20205,Wilson County,,KS,716,10592,11308
20207,Woodson County,,KS,223,3582,3805
20209,Wyandotte County,,KS,13262,164466,177728
21001,Adair County,,KY,890,17036,17926
21003,Allen County,,KY,1050,19361,20411
21005,Anderson County,,KY,1731,25594,27325
21007,Ballard County,,KY,523,8916,9439
21009,Barren County,,KY,2282,45060,47342
21011,Bath County,,KY,674,11444,12118
21013,Bell County,,KY,1250,25250,26500
21015,Boone County,,KY,11080,136218,147298
21017,Bourbon County,,KY,1468,21619,23087
21019,Boyd County,,KY,3083,50204,53287
21021,Boyle County,,KY,2053,29176,31229
21023,Bracken County,,KY,587,9587,10174
21025,Breathitt County,,KY,508,13083,13591
21027,Breckinridge County,,KY,1243,20893,22136
21029,Bullitt County,,KY,5184,86659,91843
21031,Butler County,,KY,687,13523,14210
21033,Caldwell County,,KY,742,13684,14426
21035,Calloway County,,KY,2290,35011,37301
21037,Campbell County,,KY,6846,99049,105895
21039,Carlisle County,,KY,319,5616,5935
21041,Carroll County,,KY,992,12339,13331
21043,Carter County,,KY,1258,28386,29644
21045,Casey County,,KY,720,15504,16224
21047,Christian County,,KY,13869,70832,84701
21049,Clark County,,KY,2560,38650,41210
21051,Clay County,,KY,764,17912,18676
21053,Clinton County,,KY,545,10161,10706
21055,Crittenden County,,KY,456,9336,9792
21057,Cumberland County,,KY,312,6750,7062
21059,Daviess County,,KY,4103,110813,114916
21061,Edmonson County,,KY,748,12574,13322
21063,Elliott County,,KY,285,6127,6412
21065,Estill County,,KY,738,14840,15578
21067,Fayette County,,KY,20981,311190,332171
21069,Fleming County,,KY,800,15741,16541
21071,Floyd County,,KY,1675,37057,38732
21073,Franklin County,,KY,3257,56380,59637
21075,Fulton County,,KY,550,6229,6779
21077,Gallatin County,,KY,807,8611,9418
21079,Garrard County,,KY,1341,16864,18205
21081,Grant County,,KY,2382,26885,29267
21083,Graves County,,KY,1972,39879,41851
21085,Grayson County,,KY,1035,26727,27762
21087,Green County,,KY,624,11393,12017
21089,Greenup County,,KY,2369,39871,42240
21091,Hancock County,,KY,572,9908,10480
21093,Hardin County,,KY,14757,112617,127374
21095,Harlan County,,KY,779,28192,28971
21097,Harrison County,,KY,1163,19816,20979
21099,Hart County,,KY,1151,18576,19727
21101,Henderson County,,KY,2252,51252,53504
21103,Henry County,,KY,1291,16771,18062
21105,Hickman County,,KY,305,4889,5194
21107,Hopkins County,,KY,2122,50706,52828
21109,Jackson County,,KY,568,12450,13018
21111,Jefferson County,,KY,36928,835248,872176
21113,Jessamine County,,KY,4340,49536,53876
21115,Johnson County,,KY,1037,22404,23441
21117,Kenton County,,KY,14195,178912,193107
21119,Knott County,,KY,661,14346,15007
21121,Knox County,,KY,1515,30156,31671
21123,Larue County,,KY,1115,15032,16147
21125,Laurel County,,KY,3244,59988,63232
21127,Lawrence County,,KY,729,15339,16068
21129,Lee County,,KY,374,6196,6570
21131,Leslie County,,KY,405,10927,11332
21133,Letcher County,,KY,765,23447,24212
21135,Lewis County,,KY,601,13226,13827
21137,Lincoln County,,KY,1624,25618,27242
21139,Livingston County,,KY,749,10074,10823
21141,Logan County,,KY,1517,28859,30376
21143,Lyon County,,KY,555,7544,8099
21145,McCracken County,,KY,4175,72911,77086
21147,McCreary County,,KY,658,14141,14799
21149,McLean County,,KY,526,10429,10955
21151,Madison County,,KY,5635,82189,87824
21153,Magoffin County,,KY,381,11612,11993
21155,Marion County,,KY,817,20092,20909
21157,Marshall County,,KY,1937,34899,36836
21159,Martin County,,KY,557,9471,10028
21161,Mason County,,KY,1311,18581,19892
21163,Meade County,,KY,3451,30894,34345
21165,Menifee County,,KY,377,6051,6428
21167,Mercer County,,KY,1427,24202,25629
21169,Metcalfe County,,KY,687,10659,11346
21171,Monroe County,,KY,470,11531,12001
21173,Montgomery County,,KY,2011,27864,29875
21175,Morgan County,,KY,482,11927,12409
21177,Muhlenberg County,,KY,1269,33030,34299
21179,Nelson County,,KY,2393,51859,54252
21181,Nicholas County,,KY,457,7728,8185
21183,Ohio County,,KY,1360,26043,27403
21185,Oldham County,,KY,4416,63898,68314
21187,Owen County,,KY,742,10569,11311
21189,Owsley County,,KY,161,3871,4032
21191,Pendleton County,,KY,1187,16006,17193
21193,Perry County,,KY,1144,29854,30998
21195,Pike County,,KY,2272,58352,60624
21197,Powell County,,KY,859,13215,14074
21199,Pulaski County,,KY,2928,64222,67150
21201,Robertson County,,KY,134,2136,2270
21203,Rockcastle County,,KY,825,16346,17171
21205,Rowan County,,KY,1605,20293,21898
21207,Russell County,,KY,735,17783,18518
21209,Scott County,,KY,3920,51878,55798
21211,Shelby County,,KY,3331,46789,50120
21213,Simpson County,,KY,1233,18919,20152
21215,Spencer County,,KY,1255,19364,20619
21217,Taylor County,,KY,1345,25318,26663
21219,Todd County,,KY,760,12839,13599
21221,Trigg County,,KY,982,14602,15584
21223,Trimble County,,KY,786,9421,10207
21225,Union County,,KY,860,15829,16689
21227,Warren County,,KY,7309,117619,124928
21229,Washington County,,KY,712,12807,13519
21231,Wayne County,,KY,925,20552,21477
21233,Webster County,,KY,1020,14716,15736
21235,Whitley County,,KY,1895,34710,36605
21237,Wolfe County,,KY,350,6531,6881
21239,Woodford County,,KY,2125,28766,30891
22001,Acadia Parish,,LA,3448,64075,67523
22003,Allen Parish,,LA,1390,22906,24296
22005,Ascension Parish,,LA,7164,118283,125447
22007,Assumption Parish,,LA,1393,24498,25891
22009,Avoyelles Parish,,LA,1844,43410,45254
22011,Beauregard Parish,,LA,2867,35385,38252
22013,Bienville Parish,,LA,1073,14771,15844
22015,Bossier Parish,,LA,13663,123054,136717
22017,Caddo Parish,,LA,16717,272319,289036
22019,Calcasieu Parish,,LA,9148,207794,216942
22021,Caldwell Parish,,LA,609,10084,10693
22023,Cameron Parish,,LA,489,7132,7621
22025,Catahoula Parish,,LA,547,10096,10643
22027,Claiborne Parish,,LA,891,14450,15341
22029,Concordia Parish,,LA,1180,19709,20889
22031,De Soto Parish,,LA,1984,29182,31166
22033,East Baton Rouge Parish,,LA,30348,455135,485483
22035,East Carroll Parish,,LA,466,7229,7695
22037,East Feliciana Parish,,LA,1607,20565,22172
22039,Evangeline Parish,,LA,1712,34505,36217
22041,Franklin Parish,,LA,1059,21374,22433
22043,Grant Parish,,LA,2058,20746,22804
22045,Iberia Parish,,LA,4338,82929,87267
22047,Iberville Parish,,LA,2357,33182,35539
22049,Jackson Parish,,LA,954,16074,17028
22051,Jefferson Parish,,LA,31673,455438,487111
22053,Jefferson Davis Parish,,LA,1856,33079,34935
22055,Lafayette Parish,,LA,14783,232546,247329
22057,Lafourche Parish,,LA,5031,104523,109554
22059,La Salle Parish,,LA,698,14206,14904
22061,Lincoln Parish,,LA,3656,41230,44886
22063,Livingston Parish,,LA,8759,133259,142018
22065,Madison Parish,,LA,636,11310,11946
22067,Morehouse Parish,,LA,1823,30143,31966
22069,Natchitoches Parish,,LA,2624,38549,41173
22071,Orleans Parish,,LA,25928,292398,318326
22073,Ouachita Parish,,LA,8807,162883,171690
22075,Plaquemines Parish,,LA,2595,23526,26121
22077,Pointe Coupee Parish,,LA,1322,24406,25728
22079,Rapides Parish,,LA,6713,142877,149590
22081,Red River Parish,,LA,537,8924,9461
22083,Richland Parish,,LA,1353,21344,22697
22085,Sabine Parish,,LA,1054,23833,24887
22087,St. Bernard Parish,,LA,2224,32295,34519
22089,St. Charles Parish,,LA,4037,59085,63122
22091,St. Helena Parish,,LA,1278,13988,15266
22093,St. James Parish,,LA,1335,25726,27061
22095,St. John the Baptist Parish,,LA,3765,50507,54272
22097,St. Landry Parish,,LA,4770,93875,98645
22099,St. Martin Parish,,LA,3264,57420,60684
22101,St. Mary Parish,,LA,3471,61176,64647
22103,St. Tammany Parish,,LA,13734,243846,257580
22105,Tangipahoa Parish,,LA,6959,118249,125208
22107,Tensas Parish,,LA,362,5020,5382
22109,Terrebonne Parish,,LA,6136,122326,128462
22111,Union Parish,,LA,1482,22818,24300
22113,Vermilion Parish,,LA,3328,61742,65070
22115,Vernon Parish,,LA,11024,50036,61060
22117,Washington Parish,,LA,2096,43307,45403
22119,Webster Parish,,LA,2638,42650,45288
22121,West Baton Rouge Parish,,LA,2328,26348,28676
22123,West Carroll Parish,,LA,714,11650,12364
22125,West Feliciana Parish,,LA,900,10867,11767
22127,Winn Parish,,LA,880,13786,14666
23001,Androscoggin County,,ME,6387,116788,123175
23003,Aroostook County,,ME,2602,79160,81762
23005,Cumberland County,,ME,18068,319698,337766
23007,Franklin County,,ME,1571,31125,32696
23009,Hancock County,,ME,2769,59638,62407
23011,Kennebec County,,ME,6860,136413,143273
23013,Knox County,,ME,2013,43946,45959
23015,Lincoln County,,ME,2220,39695,41915
23017,Oxford County,,ME,2974,60419,63393
23019,Penobscot County,,ME,8024,161623,169647
23021,Piscataquis County,,ME,1027,17720,18747
23023,Sagadahoc County,,ME,3086,40838,43924
23025,Somerset County,,ME,3014,53344,56358
23027,Waldo County,,ME,2329,41728,44057
23029,Washington County,,ME,1353,34370,35723
23031,York County,,ME,11150,230490,241640
24001,Allegany County,,MD,2681,74063,76744
24003,Anne Arundel County,,MD,43565,615586,659151
24005,Baltimore County,,MD,55431,921858,977289
24009,Calvert County,,MD,5648,104814,110462
24011,Caroline County,,MD,2424,36142,38566
24013,Carroll County,,MD,8471,203045,211516
24015,Cecil County,,MD,6069,112174,118243
24017,Charles County,,MD,11356,170344,181700
24019,Dorchester County,,MD,2066,36375,38441
24021,Frederick County,,MD,15613,278117,293730
24023,Garrett County,,MD,1212,33900,35112
24025,Harford County,,MD,15748,295833,311581
24027,Howard County,,MD,25366,329682,355048
24029,Kent County,,MD,1031,21355,22386
24031,Montgomery County,,MD,68636,1110995,1179631
24033,Prince George's County,,MD,66425,974962,1041387
24035,Queen Anne's County,,MD,2784,53986,56770
24037,St. Mary's County,,MD,7537,121491,129028
24039,Somerset County,,MD,1551,21395,22946
24041,Talbot County,,MD,2441,41740,44181
24043,Washington County,,MD,8423,166319,174742
24045,Wicomico County,,MD,6249,102862,109111
24047,Worcester County,,MD,3965,59476,63441
24510,Baltimore city,,MD,48040,572200,620240
25001,Barnstable County,,MA,11091,262778,273869
25003,Berkshire County,,MA,4847,148831,153678
25005,Bristol County,,MA,21998,623860,645858
25007,Dukes County,,MA,898,19457,20355
25009,Essex County,,MA,35280,860524,895804
25011,Franklin County,,MA,4291,80769,85060
25013,Hampden County,,MA,17220,519221,536441
25015,Hampshire County,,MA,10702,162068,172770
25017,Middlesex County,,MA,98454,1707047,1805501
25019,Nantucket County,,MA,921,11948,12869
25021,Norfolk County,,MA,49850,767534,817384
25023,Plymouth County,,MA,24189,580653,604842
25025,Suffolk County,,MA,71806,699551,771357
25027,Worcester County,,MA,32939,922286,955225
26001,Alcona County,,MI,627,12088,12715
26003,Alger County,,MI,486,10077,10563
26005,Allegan County,,MI,8099,133507,141606
26007,Alpena County,,MI,1485,34223,35708
26009,Antrim County,,MI,1694,27326,29020
26011,Arenac County,,MI,1094,18230,19324
26013,Baraga County,,MI,323,8959,9282
26015,Barry County,,MI,3657,69439,73096
26017,Bay County,,MI,5230,132181,137411
26019,Benzie County,,MI,1328,20376,21704
26021,Berrien County,,MI,9072,179589,188661
26023,Branch County,,MI,2440,48777,51217
26025,Calhoun County,,MI,7772,151041,158813
26027,Cass County,,MI,3047,56998,60045
26029,Charlevoix County,,MI,1653,30828,32481
26031,Cheboygan County,,MI,1655,29941,31596
26033,Chippewa County,,MI,1780,39298,41078
26035,Clare County,,MI,2030,32456,34486
26037,Clinton County,,MI,5937,87446,93383
26039,Crawford County,,MI,903,14439,15342
26041,Delta County,,MI,1429,44214,45643
26043,Dickinson County,,MI,1160,31785,32945
26045,Eaton County,,MI,9358,126328,135686
26047,Emmet County,,MI,2360,38740,41100
26049,Genesee County,,MI,21154,482483,503637
26051,Gladwin County,,MI,1455,28755,30210
26053,Gogebic County,,MI,803,16370,17173
26055,Grand Traverse County,,MI,5167,94838,100005
26057,Gratiot County,,MI,2486,43609,46095
26059,Hillsdale County,,MI,2597,50584,53181
26061,Houghton County,,MI,2153,36337,38490
26063,Huron County,,MI,1615,41852,43467
26065,Ingham County,,MI,22077,282739,304816
26067,Ionia County,,MI,3778,69298,73076
26069,Iosco County,,MI,1688,29004,30692
26071,Iron County,,MI,498,13146,13644
26073,Isabella County,,MI,4760,61862,66622
26075,Jackson County,,MI,7339,175250,182589
26077,Kalamazoo County,,MI,15757,274064,289821
26079,Kalkaska County,,MI,1237,18572,19809
26081,Kent County,,MI,31157,709449,740606
26083,Keweenaw County,,MI,153,2480,2633
26085,Lake County,,MI,788,10713,11501
26087,Lapeer County,,MI,5513,104511,110024
26089,Leelanau County,,MI,2038,26098,28136
26091,Lenawee County,,MI,5365,114769,120134
26093,Livingston County,,MI,11441,218037,229478
26095,Luce County,,MI,321,6266,6587
26097,Mackinac County,,MI,934,13313,14247
26099,Macomb County,,MI,46856,1016287,1063143
26101,Manistee County,,MI,1285,27388,28673
26103,Marquette County,,MI,3080,72977,76057
26105,Mason County,,MI,1585,33443,35028
26107,Mecosta County,,MI,2854,40239,43093
26109,Menominee County,,MI,1135,27367,28502
26111,Midland County,,MI,5354,99128,104482
26113,Missaukee County,,MI,953,16417,17370
26115,Monroe County,,MI,8472,182587,191059
26117,Montcalm County,,MI,4327,68503,72830
26119,Montmorency County,,MI,640,10769,11409
26121,Muskegon County,,MI,7869,189667,197536
26123,Newaygo County,,MI,3134,54471,57605
26125,Oakland County,,MI,79311,1398553,1477864
26127,Oceana County,,MI,1794,30685,32479
26129,Ogemaw County,,MI,1409,23486,24895
26131,Ontonagon County,,MI,395,7298,7693
26133,Osceola County,,MI,1683,25424,27107
26135,Oscoda County,,MI,475,9179,9654
26137,Otsego County,,MI,1806,28586,30392
26139,Ottawa County,,MI,15926,309815,325741
26141,Presque Isle County,,MI,721,15670,16391
26143,Roscommon County,,MI,1647,26468,28115
26145,Saginaw County,,MI,9558,228303,237861
26147,St. Clair County,,MI,8697,192555,201252
26149,St. Joseph County,,MI,3575,71157,74732
26151,Sanilac County,,MI,2468,50054,52522
26153,Schoolcraft County,,MI,356,9520,9876
26155,Shiawassee County,,MI,4352,83289,87641
26157,Tuscola County,,MI,3096,66469,69565
26159,Van Buren County,,MI,5218,88035,93253
26161,Washtenaw County,,MI,27803,361653,389456
26163,Wayne County,,MI,98114,1964565,2062679
26165,Wexford County,,MI,2475,36413,38888
27001,Aitkin County,,MN,803,17063,17866
27003,Anoka County,,MN,25137,399303,424440
27005,Becker County,,MN,1885,37954,39839
27007,Beltrami County,,MN,2386,46885,49271
27009,Benton County,,MN,4299,44162,48461
27011,Big Stone County,,MN,336,6160,6496
27013,Blue Earth County,,MN,5530,65802,71332
27015,Brown County,,MN,1397,32308,33705
27017,Carlton County,,MN,1891,39719,41610
27019,Carver County,,MN,7076,109059,116135
27021,Cass County,,MN,2183,33063,35246
27023,Chippewa County,,MN,974,15163,16137
27025,Chisago County,,MN,4129,62980,67109
27027,Clay County,,MN,4529,63537,68066
27029,Clearwater County,,MN,488,9467,9955
27031,Cook County,,MN,383,6287,6670
27033,Cottonwood County,,MN,806,14241,15047
27035,Crow Wing County,,MN,3894,71840,75734
27037,Dakota County,,MN,31703,490343,522046
27039,Dodge County,,MN,1418,24456,25874
27041,Douglas County,,MN,2186,44040,46226
27043,Faribault County,,MN,865,17862,18727
27045,Fillmore County,,MN,1146,25033,26179
27047,Freeborn County,,MN,1813,38165,39978
27049,Goodhue County,,MN,2962,56364,59326
27051,Grant County,,MN,483,7248,7731
27053,Hennepin County,,MN,82556,1343896,1426452
27055,Houston County,,MN,1033,23832,24865
27057,Hubbard County,,MN,1577,22919,24496
27059,Isanti County,,MN,3007,43898,46905
27061,Itasca County,,MN,1987,51071,53058
27063,Jackson County,,MN,680,12757,13437
27065,Kanabec County,,MN,1091,18069,19160
27067,Kandiyohi County,,MN,2767,51006,53773
27069,Kittson County,,MN,261,5550,5811
27071,Koochiching County,,MN,642,15296,15938
27073,Lac qui Parle County,,MN,359,8980,9339
27075,Lake County,,MN,621,12699,13320
27077,Lake of the Woods County,,MN,290,4746,5036
27079,Le Sueur County,,MN,2030,33797,35827
27081,Lincoln County,,MN,377,6944,7321
27083,Lyon County,,MN,2089,30276,32365
27085,McLeod County,,MN,2626,45700,48326
27087,Mahnomen County,,MN,361,5722,6083
27089,Marshall County,,MN,545,11556,12101
27091,Martin County,,MN,1182,25924,27106
27093,Meeker County,,MN,1473,28157,29630
27095,Mille Lacs County,,MN,1984,29109,31093
27097,Morrison County,,MN,1779,40161,41940
27099,Mower County,,MN,2827,49093,51920
27101,Murray County,,MN,507,10378,10885
27103,Nicollet County,,MN,3128,36833,39961
27105,Nobles County,,MN,1443,25784,27227
27107,Norman County,,MN,404,8093,8497
27109,Olmsted County,,MN,9674,180929,190603
27111,Otter Tail County,,MN,3010,67826,70836
27113,Pennington County,,MN,933,16316,17249
27115,Pine County,,MN,1912,30529,32441
27117,Pipestone County,,MN,655,11544,12199
27119,Polk County,,MN,2237,36026,38263
27121,Pope County,,MN,756,13411,14167
27123,Ramsey County,,MN,46755,564118,610873
27125,Red Lake County,,MN,341,4838,5179
27127,Redwood County,,MN,906,19440,20346
27129,Renville County,,MN,1183,19502,20685
27131,Rice County,,MN,3840,69912,73752
27133,Rock County,,MN,605,11778,12383
27135,Roseau County,,MN,874,19447,20321
27137,St. Louis County,,MN,9247,219882,229129
27139,Scott County,,MN,9967,157763,167730
27141,Sherburne County,,MN,7580,102302,109882
27143,Sibley County,,MN,930,18780,19710
27145,Stearns County,,MN,10601,169649,180250
27147,Steele County,,MN,2382,45742,48124
27149,Stevens County,,MN,659,10699,11358
27151,Swift County,,MN,684,11678,12362
27153,Todd County,,MN,1497,28008,29505
27155,Traverse County,,MN,210,4272,4482
27157,Wabasha County,,MN,1427,27029,28456
27159,Wadena County,,MN,1134,15333,16467
27161,Waseca County,,MN,1237,22546,23783
27163,Washington County,,MN,19213,287367,306580
27165,Watonwan County,,MN,655,13409,14064
27167,Wilkin County,,MN,477,8130,8607
27169,Winona County,,MN,2753,54256,57009
27171,Wright County,,MN,8525,149819,158344
27173,Yellow Medicine County,,MN,740,12768,13508
28001,Adams County,,MS,1741,31189,32930
28003,Alcorn County,,MS,2022,36886,38908
28005,Amite County,,MS,948,13050,13998
28007,Attala County,,MS,929,19440,20369
28009,Benton County,,MS,657,8162,8819
28011,Bolivar County,,MS,2236,35252,37488
28013,Calhoun County,,MS,678,15356,16034
28015,Carroll County,,MS,787,10843,11630
28017,Chickasaw County,,MS,1343,19547,20890
28019,Choctaw County,,MS,623,8588,9211
28021,Claiborne County,,MS,988,10147,11135
28023,Clarke County,,MS,973,18161,19134
28025,Clay County,,MS,1081,21165,22246
28027,Coahoma County,,MS,1508,27676,29184
28029,Copiah County,,MS,1635,30651,32286
28031,Covington County,,MS,1331,20383,21714
28033,DeSoto County,,MS,12766,182711,195477
28035,Forrest County,,MS,7484,72430,79914
28037,Franklin County,,MS,553,8538,9091
28039,George County,,MS,1152,22924,24076
28041,Greene County,,MS,664,12065,12729
28043,Grenada County,,MS,1507,23559,25066
28045,Hancock County,,MS,3068,39787,42855
28047,Harrison County,,MS,18617,189366,207983
28049,Hinds County,,MS,17282,264536,281818
28051,Holmes County,,MS,1379,20119,21498
28053,Humphreys County,,MS,656,9604,10260
28055,Issaquena County,,MS,92,1075,1167
28057,Itawamba County,,MS,1597,24108,25705
28059,Jackson County,,MS,10842,146487,157329
28061,Jasper County,,MS,1207,18047,19254
28063,Jefferson County,,MS,558,8209,8767
28065,Jefferson Davis County,,MS,901,12998,13899
28067,Jones County,,MS,3873,69617,73490
28069,Kemper County,,MS,607,9473,10080
28071,Lafayette County,,MS,3312,38550,41862
28073,Lamar County,,MS,5703,53497,59200
28075,Lauderdale County,,MS,4368,81992,86360
28077,Lawrence County,,MS,894,13413,14307
28079,Leake County,,MS,1404,22417,23821
28081,Lee County,,MS,5129,89780,94909
28083,Leflore County,,MS,2180,31605,33785
28085,Lincoln County,,MS,1770,36465,38235
28087,Lowndes County,,MS,4688,62001,66689
28089,Madison County,,MS,8385,102068,110453
28091,Marion County,,MS,1488,27514,29002
28093,Marshall County,,MS,3018,37932,40950
28095,Monroe County,,MS,1895,38995,40890
28097,Montgomery County,,MS,784,11468,12252
28099,Neshoba County,,MS,1499,30705,32204
28101,Newton County,,MS,1405,23435,24840
28103,Noxubee County,,MS,710,12722,13432
28105,Oktibbeha County,,MS,3757,39704,43461
28107,Panola County,,MS,2273,37150,39423
28109,Pearl River County,,MS,3290,54706,57996
28111,Perry County,,MS,855,12432,13287
28113,Pike County,,MS,2417,42972,45389
28115,Pontotoc County,,MS,2154,33492,35646
28117,Prentiss County,,MS,1215,24750,25965
28119,Quitman County,,MS,654,7565,8219
28121,Rankin County,,MS,10489,149731,160220
28123,Scott County,,MS,1722,29850,31572
28125,Sharkey County,,MS,246,5130,5376
28127,Simpson County,,MS,1839,26384,28223
28129,Smith County,,MS,909,16068,16977
28131,Stone County,,MS,1416,16702,18118
28133,Sunflower County,,MS,1637,27163,28800
28135,Tallahatchie County,,MS,708,13506,14214
28137,Tate County,,MS,2338,30189,32527
28139,Tippah County,,MS,1256,23512,24768
28141,Tishomingo County,,MS,1002,19708,20710
28143,Tunica County,,MS,1504,12660,14164
28145,Union County,,MS,1979,30459,32438
28147,Walthall County,,MS,951,15038,15989
28149,Warren County,,MS,3365,55469,58834
28151,Washington County,,MS,3201,55500,58701
28153,Wayne County,,MS,1033,21990,23023
28155,Webster County,,MS,645,10860,11505
28157,Wilkinson County,,MS,495,9638,10133
28159,Winston County,,MS,971,19917,20888
28161,Yalobusha County,,MS,898,13824,14722
28163,Yazoo County,,MS,1443,25081,26524
29001,Adair County,,MO,1918,23134,25052
29003,Andrew County,,MO,1821,20142,21963
29005,Atchison County,,MO,339,6617,6956
29007,Audrain County,,MO,1611,27041,28652
29009,Barry County,,MO,2618,35165,37783
29011,Barton County,,MO,885,13644,14529
29013,Bates County,,MO,1115,17961,19076
29015,Benton County,,MO,1315,18839,20154
29017,Bollinger County,,MO,718,12369,13087
29019,Boone County,,MO,12074,164146,176220
29021,Buchanan County,,MO,6001,93939,99940
29023,Butler County,,MO,2655,43285,45940
29025,Caldwell County,,MO,722,9932,10654
29027,Callaway County,,MO,3387,46594,49981
29029,Camden County,,MO,3632,43631,47263
29031,Cape Girardeau County,,MO,4632,82346,86978
29033,Carroll County,,MO,566,10705,11271
29035,Carter County,,MO,402,6215,6617
29037,Cass County,,MO,7873,113362,121235
29039,Cedar County,,MO,989,13714,14703
29041,Chariton County,,MO,427,9172,9599
29043,Christian County,,MO,7895,83967,91862
29045,Clark County,,MO,401,7946,8347
29047,Clay County,,MO,19063,258376,277439
29049,Clinton County,,MO,1850,23372,25222
29051,Cole County,,MO,5334,86782,92116
29053,Cooper County,,MO,1179,18149,19328
29055,Crawford County,,MO,1524,25527,27051
29057,Dade County,,MO,534,8220,8754
29059,Dallas County,,MO,1213,17157,18370
29061,Daviess County,,MO,756,9275,10031
29063,DeKalb County,,MO,798,10363,11161
29065,Dent County,,MO,849,15276,16125
29067,Douglas County,,MO,791,12496,13287
29069,Dunklin County,,MO,1948,30462,32410
29071,Franklin County,,MO,5489,121343,126832
29073,Gasconade County,,MO,1010,17375,18385
29075,Gentry County,,MO,370,7276,7646
29077,Greene County,,MO,21212,288738,309950
29079,Grundy County,,MO,655,10901,11556
29081,Harrison County,,MO,651,9582,10233
29083,Henry County,,MO,1693,23692,25385
29085,Hickory County,,MO,602,8708,9310
29087,Holt County,,MO,351,5787,6138
29089,Howard County,,MO,645,10710,11355
29091,Howell County,,MO,2254,41520,43774
29093,Iron County,,MO,751,10068,10819
29095,Jackson County,,MO,43523,729906,773429
29097,Jasper County,,MO,8147,123320,131467
29099,Jefferson County,,MO,13165,259005,272170
29101,Johnson County,,MO,5762,51691,57453
29103,Knox County,,MO,280,4475,4755
29105,Laclede County,,MO,2545,37709,40254
29107,Lafayette County,,MO,2348,37027,39375
29109,Lawrence County,,MO,2848,40711,43559
29111,Lewis County,,MO,661,10670,11331
29113,Lincoln County,,MO,3578,59735,63313
29115,Linn County,,MO,828,14203,15031
29117,Livingston County,,MO,890,15685,16575
29119,McDonald County,,MO,2189,22305,24494
29121,Macon County,,MO,933,17923,18856
29123,Madison County,,MO,812,12505,13317
29125,Maries County,,MO,574,9228,9802
29127,Marion County,,MO,1831,31984,33815
29129,Mercer County,,MO,248,3934,4182
29131,Miller County,,MO,1750,24976,26726
29133,Mississippi County,,MO,699,12698,13397
29135,Moniteau County,,MO,993,17053,18046
29137,Monroe County,,MO,682,9746,10428
29139,Montgomery County,,MO,881,13496,14377
29141,Morgan County,,MO,1439,20888,22327
29143,New Madrid County,,MO,1277,18507,19784
29145,Newton County,,MO,4585,59907,64492
29147,Nodaway County,,MO,1428,21551,22979
29149,Oregon County,,MO,657,9691,10348
29151,Osage County,,MO,697,16131,16828
29153,Ozark County,,MO,600,9203,9803
29155,Pemiscot County,,MO,1186,17548,18734
29157,Perry County,,MO,916,21958,22874
29159,Pettis County,,MO,3237,46831,50068
29161,Phelps County,,MO,3643,43745,47388
29163,Pike County,,MO,898,18506,19404
29165,Platte County,,MO,11129,99562,110691
29167,Polk County,,MO,2293,29954,32247
29169,Pulaski County,,MO,10113,45098,55211
29171,Putnam County,,MO,318,5176,5494
29173,Ralls County,,MO,673,11787,12460
29175,Randolph County,,MO,1671,25737,27408
29177,Ray County,,MO,1840,26318,28158
29179,Reynolds County,,MO,393,6569,6962
29181,Ripley County,,MO,799,13458,14257
29183,St. Charles County,,MO,22337,437178,459515
29185,St. Clair County,,MO,689,9112,9801
29186,Ste. Genevieve County,,MO,1083,21237,22320
29187,St. Francois County,,MO,3948,63477,67425
29189,St. Louis County,,MO,66748,1166205,1232953
29195,Saline County,,MO,1504,24406,25910
29197,Schuyler County,,MO,233,4346,4579
29199,Scotland County,,MO,294,5538,5832
29201,Scott County,,MO,2696,43409,46105
29203,Shannon County,,MO,444,7944,8388
29205,Shelby County,,MO,479,7494,7973
29207,Stoddard County,,MO,1764,31517,33281
29209,Stone County,,MO,2755,31826,34581
29211,Sullivan County,,MO,640,7420,8060
29213,Taney County,,MO,4977,51107,56084
29215,Texas County,,MO,1570,24467,26037
29217,Vernon County,,MO,1304,21421,22725
29219,Warren County,,MO,2676,36231,38907
29221,Washington County,,MO,1459,23368,24827
29223,Wayne County,,MO,841,11587,12428
29225,Webster County,,MO,2856,38664,41520
29227,Worth County,,MO,121,2411,2532
29229,Wright County,,MO,1311,18223,19534
29510,St. Louis city,,MO,35669,300559,336228
30001,Beaverhead County,,MT,794,9608,10402
30003,Big Horn County,,MT,734,12908,13642
30005,Blaine County,,MT,391,7065,7456
30007,Broadwater County,,MT,398,5663,6061
30009,Carbon County,,MT,871,10327,11198
30011,Carter County,,MT,59,1349,1408
30013,Cascade County,,MT,6976,93178,100154
30015,Chouteau County,,MT,348,5257,5605
30017,Custer County,,MT,776,12746,13522
30019,Daniels County,,MT,89,2198,2287
30021,Dawson County,,MT,631,9825,10456
30023,Deer Lodge County,,MT,617,9385,10002
30025,Fallon County,,MT,251,3355,3606
30027,Fergus County,,MT,796,12994,13790
30029,Flathead County,,MT,5594,100905,106499
30031,Gallatin County,,MT,7848,95734,103582
30033,Garfield County,,MT,59,1314,1373
30035,Glacier County,,MT,754,13929,14683
30037,Golden Valley County,,MT,82,1093,1175
30039,Granite County,,MT,222,2917,3139
30041,Hill County,,MT,1063,18876,19939
30043,Jefferson County,,MT,1033,12440,13473
30045,Judith Basin County,,MT,181,2204,2385
30047,Lake County,,MT,1687,28622,30309
30049,Lewis and Clark County,,MT,4256,73946,78202
30051,Liberty County,,MT,101,2287,2388
30053,Lincoln County,,MT,1289,19398,20687
30055,McCone County,,MT,123,1955,2078
30057,Madison County,,MT,563,7840,8403
30059,Meagher County,,MT,130,2142,2272
30061,Mineral County,,MT,367,4274,4641
30063,Missoula County,,MT,9074,115135,124209
30065,Musselshell County,,MT,329,4573,4902
30067,Park County,,MT,1352,17398,18750
30069,Petroleum County,,MT,25,422,447
30071,Phillips County,,MT,273,4858,5131
30073,Pondera County,,MT,401,7185,7586
30075,Powder River County,,MT,87,1695,1782
30077,Powell County,,MT,503,6079,6582
30079,Prairie County,,MT,126,1297,1423
30081,Ravalli County,,MT,2902,43315,46217
30083,Richland County,,MT,620,11821,12441
30085,Roosevelt County,,MT,638,10650,11288
30087,Rosebud County,,MT,663,10666,11329
30089,Sanders County,,MT,745,11129,11874
30091,Sheridan County,,MT,196,4242,4438
30093,Silver Bow County,,MT,1926,37006,38932
30095,Stillwater County,,MT,696,9957,10653
30097,Sweet Grass County,,MT,328,3767,4095
30099,Teton County,,MT,433,7375,7808
30101,Toole County,,MT,555,5262,5817
30103,Treasure County,,MT,82,883,965
30105,Valley County,,MT,432,8246,8678
30107,Wheatland County,,MT,183,2243,2426
30109,Wibaux County,,MT,99,1017,1116
30111,Yellowstone County,,MT,8784,170170,178954
31001,Adams County,,NE,2280,34965,37245
31003,Antelope County,,NE,400,7854,8254
31005,Arthur County,,NE,-2,-2,-4
31007,Banner County,,NE,77,830,907
31009,Blaine County,,NE,45,518,563
31011,Boone County,,NE,375,6833,7208
31013,Box Butte County,,NE,810,13553,14363
31015,Boyd County,,NE,112,2416,2528
31017,Brown County,,NE,188,3496,3684
31019,Buffalo County,,NE,3351,51299,54650
31021,Burt County,,NE,546,8141,8687
31023,Butler County,,NE,653,10198,10851
31025,Cass County,,NE,2101,30179,32280
31027,Cedar County,,NE,544,10893,11437
31029,Chase County,,NE,235,4531,4766
31031,Cherry County,,NE,432,6429,6861
31033,Cheyenne County,,NE,785,11922,12707
31035,Clay County,,NE,523,7556,8079
31037,Colfax County,,NE,1028,12584,13612
31039,Cuming County,,NE,571,11217,11788
31041,Custer County,,NE,596,13096,13692
31043,Dakota County,,NE,2453,25165,27618
31045,Dawes County,,NE,785,8742,9527
31047,Dawson County,,NE,2069,28973,31042
31049,Deuel County,,NE,120,2049,2169
31051,Dixon County,,NE,399,7168,7567
31053,Dodge County,,NE,2405,42742,45147
31055,Douglas County,,NE,32310,602632,634942
31057,Dundy County,,NE,148,2123,2271
31059,Fillmore County,,NE,325,7191,7516
31061,Franklin County,,NE,262,3753,4015
31063,Frontier County,,NE,232,2851,3083
31065,Furnas County,,NE,388,5628,6016
31067,Gage County,,NE,1533,25919,27452
31069,Garden County,,NE,159,2244,2403
31071,Garfield County,,NE,92,2082,2174
31073,Gosper County,,NE,270,2330,2600
31075,Grant County,,NE,45,834,879
31077,Greeley County,,NE,193,2836,3029
31079,Hall County,,NE,4462,68390,72852
31081,Hamilton County,,NE,784,11370,12154
31083,Harlan County,,NE,246,3649,3895
31085,Hayes County,,NE,87,1125,1212
31087,Hitchcock County,,NE,285,3276,3561
31089,Holt County,,NE,659,12217,12876
31091,Hooker County,,NE,49,913,962
31093,Howard County,,NE,530,7492,8022
31095,Jefferson County,,NE,430,8760,9190
31097,Johnson County,,NE,389,5143,5532
31099,Kearney County,,NE,553,7402,7955
31101,Keith County,,NE,726,9286,10012
31103,Keya Paha County,,NE,68,979,1047
31105,Kimball County,,NE,339,4049,4388
31107,Knox County,,NE,443,10138,10581
31109,Lancaster County,,NE,16128,322936,339064
31111,Lincoln County,,NE,2284,42127,44411
31113,Logan County,,NE,89,868,957
31115,Loup County,,NE,59,671,730
31117,McPherson County,,NE,34,574,608
31119,Madison County,,NE,2804,41210,44014
31121,Merrick County,,NE,669,8883,9552
31123,Morrill County,,NE,431,5355,5786
31125,Nance County,,NE,258,4099,4357
31127,Nemaha County,,NE,464,7605,8069
31129,Nuckolls County,,NE,322,5386,5708
31131,Otoe County,,NE,1226,18573,19799
31133,Pawnee County,,NE,148,3176,3324
31135,Perkins County,,NE,245,3429,3674
31137,Phelps County,,NE,702,10932,11634
31139,Pierce County,,NE,466,8507,8973
31141,Platte County,,NE,2409,40469,42878
31143,Polk County,,NE,418,6539,6957
31145,Red Willow County,,NE,835,12544,13379
31147,Richardson County,,NE,490,9743,10233
31149,Rock County,,NE,121,1596,1717
31151,Saline County,,NE,964,16427,17391
31153,Sarpy County,,NE,18571,190923,209494
31155,Saunders County,,NE,1621,24160,25781
31157,Scotts Bluff County,,NE,2285,41181,43466
31159,Seward County,,NE,1272,18964,20236
31161,Sheridan County,,NE,515,6003,6518
31163,Sherman County,,NE,252,3571,3823
31165,Sioux County,,NE,107,1332,1439
31167,Stanton County,,NE,451,7356,7807
31169,Thayer County,,NE,307,6198,6505
31171,Thomas County,,NE,71,733,804
31173,Thurston County,,NE,468,7349,7817
31175,Valley County,,NE,302,4860,5162
31177,Washington County,,NE,1553,23749,25302
31179,Wayne County,,NE,775,9375,10150
31181,Webster County,,NE,324,4127,4451
31183,Wheeler County,,NE,73,973,1046
31185,York County,,NE,1036,15800,16836
32001,Churchill County,,NV,2782,26077,28859
32003,Clark County,,NV,110127,2149309,2259436
32005,Douglas County,,NV,4442,53466,57908
32007,Elko County,,NV,3997,55166,59163
32009,Esmeralda County,,NV,81,759,840
32011,Eureka County,,NV,198,1842,2040
32013,Humboldt County,,NV,1436,19240,20676
32015,Lander County,,NV,487,6486,6973
32017,Lincoln County,,NV,336,4550,4886
32019,Lyon County,,NV,6171,54409,60580
32021,Mineral County,,NV,506,4725,5231
32023,Nye County,,NV,4208,42119,46327
32027,Pershing County,,NV,376,5110,5486
32029,Storey County,,NV,449,3842,4291
32031,Washoe County,,NV,24848,461437,486285
32033,White Pine County,,NV,798,9798,10596
32510,Carson City,,NV,5330,58417,63747
33001,Belknap County,,NH,4520,72399,76919
33003,Carroll County,,NH,3276,55845,59121
33005,Cheshire County,,NH,4728,86393,91121
33007,Coos County,,NH,1933,36940,38873
33009,Grafton County,,NH,7424,95591,103015
33011,Hillsborough County,,NH,25241,479360,504601
33013,Merrimack County,,NH,10581,168711,179292
33015,Rockingham County,,NH,20707,362670,383377
33017,Strafford County,,NH,8628,136008,144636
33019,Sullivan County,,NH,3101,49315,52416
34001,Atlantic County,,NJ,13616,337557,351173
34003,Bergen County,,NJ,49529,1051966,1101495
34005,Burlington County,,NJ,27115,535986,563101
34007,Camden County,,NJ,28770,598600,627370
34009,Cape May County,,NJ,6088,113037,119125
34011,Cumberland County,,NJ,6767,179241,186008
34013,Essex County,,NJ,48264,841173,889437
34015,Gloucester County,,NJ,14924,344614,359538
34017,Hudson County,,NJ,57448,690515,747963
34019,Hunterdon County,,NJ,7491,151325,158816
34021,Mercer County,,NJ,22101,405653,427754
34023,Middlesex County,,NJ,57212,956597,1013809
34025,Monmouth County,,NJ,30792,737428,768220
34027,Morris County,,NJ,28651,583138,611789
34029,Ocean County,,NJ,23407,674374,697781
34031,Passaic County,,NJ,29979,598933,628912
34033,Salem County,,NJ,3663,79029,82692
34035,Somerset County,,NJ,24575,383150,407725
34037,Sussex County,,NJ,8167,178960,187127
34039,Union County,,NJ,35302,619493,654795
34041,Warren County,,NJ,6928,129699,136627
35001,Bernalillo County,,NM,38161,709737,747898
35003,Catron County,,NM,292,3181,3473
35005,Chaves County,,NM,3666,65640,69306
35006,Cibola County,,NM,1456,23578,25034
35007,Colfax County,,NM,999,13491,14490
35009,Curry County,,NM,5431,52127,57558
35011,De Baca County,,NM,169,2001,2170
35013,Dona Ana County,,NM,12859,219451,232310
35015,Eddy County,,NM,3225,57192,60417
35017,Grant County,,NM,1787,31143,32930
35019,Guadalupe County,,NM,290,4461,4751
35021,Harding County,,NM,50,709,759
35023,Hidalgo County,,NM,350,4948,5298
35025,Lea County,,NM,3951,68000,71951
35027,Lincoln County,,NM,1558,20307,21865
35028,Los Alamos County,,NM,1590,22534,24124
35029,Luna County,,NM,1590,27677,29267
35031,McKinley County,,NM,6407,85987,92394
35033,Mora County,,NM,335,4931,5266
35035,Otero County,,NM,5852,64403,70255
35037,Quay County,,NM,690,8808,9498
35039,Rio Arriba County,,NM,2141,41537,43678
35041,Roosevelt County,,NM,1776,19471,21247
35043,Sandoval County,,NM,11296,142467,153763
35045,San Juan County,,NM,11588,145445,157033
35047,San Miguel County,,NM,1575,27043,28618
35049,Santa Fe County,,NM,9209,153665,162874
35051,Sierra County,,NM,799,11282,12081
35053,Socorro County,,NM,1362,17456,18818
35055,Taos County,,NM,1896,32904,34800
35057,Torrance County,,NM,1262,14539,15801
35059,Union County,,NM,412,4115,4527
35061,Valencia County,,NM,4858,76619,81477
36001,Albany County,,NY,21119,338176,359295
36003,Allegany County,,NY,2477,49369,51846
36005,Bronx County,,NY,91666,1419409,1511075
36007,Broome County,,NY,9334,221196,230530
36009,Cattaraugus County,,NY,4089,87991,92080
36011,Cayuga County,,NY,3738,87540,91278
36013,Chautauqua County,,NY,4827,145245,150072
36015,Chemung County,,NY,4325,98891,103216
36017,Chenango County,,NY,2718,57156,59874
36019,Clinton County,,NY,3330,90405,93735
36021,Columbia County,,NY,3204,69315,72519
36023,Cortland County,,NY,2545,51126,53671
36025,Delaware County,,NY,2456,48916,51372
36027,Dutchess County,,NY,14398,332891,347289
36029,Erie County,,NY,29152,1056254,1085406
36031,Essex County,,NY,2108,42126,44234
36033,Franklin County,,NY,1983,51113,53096
36035,Fulton County,,NY,2824,62441,65265
36037,Genesee County,,NY,3143,70331,73474
36039,Greene County,,NY,2612,52236,54848
36041,Hamilton County,,NY,342,5874,6216
36043,Herkimer County,,NY,2958,72364,75322
36045,Jefferson County,,NY,18005,124613,142618
36047,Kings County,,NY,148075,2581610,2729685
36049,Lewis County,,NY,1581,30364,31945
36051,Livingston County,,NY,3657,69885,73542
36053,Madison County,,NY,4292,76654,80946
36055,Monroe County,,NY,28635,865748,894383
36057,Montgomery County,,NY,3238,57380,60618
36059,Nassau County,,NY,58040,1609650,1667690
36061,New York County,,NY,172105,1565963,1738068
36063,Niagara County,,NY,9292,254366,263658
36065,Oneida County,,NY,8955,260847,269802
36067,Onondaga County,,NY,21037,533004,554041
36069,Ontario County,,NY,6575,126133,132708
36071,Orange County,,NY,21132,434190,455322
36073,Orleans County,,NY,2411,46687,49098
36075,Oswego County,,NY,5898,136342,142240
36077,Otsego County,,NY,3227,65060,68287
36079,Putnam County,,NY,5775,115177,120952
36081,Queens County,,NY,133875,2498355,2632230
36083,Rensselaer County,,NY,11203,180238,191441
36085,Richmond County,,NY,19937,532258,552195
36087,Rockland County,,NY,12957,355042,367999
36089,St. Lawrence County,,NY,4114,114048,118162
36091,Saratoga County,,NY,15058,263582,278640
36093,Schenectady County,,NY,9825,179813,189638
36095,Schoharie County,,NY,1541,34606,36147
36097,Schuyler County,,NY,1168,21181,22349
36099,Seneca County,,NY,2111,37904,40015
36101,Steuben County,,NY,5163,112151,117314
36103,Suffolk County,,NY,51530,1812820,1864350
36105,Sullivan County,,NY,4498,82243,86741
36107,Tioga County,,NY,3152,60766,63918
36109,Tompkins County,,NY,8148,91274,99422
36111,Ulster County,,NY,8922,199547,208469
36113,Warren County,,NY,4707,77493,82200
36115,Washington County,,NY,4100,68646,72746
36117,Wayne County,,NY,5664,112266,117930
36119,Westchester County,,NY,48530,1052393,1100923
36121,Wyoming County,,NY,2384,46410,48794
36123,Yates County,,NY,1356,28456,29812
37001,Alamance County,,NC,7351,165092,172443
37003,Alexander County,,NC,2025,39878,41903
37005,Alleghany County,,NC,562,11552,12114
37007,Anson County,,NC,1128,24710,25838
37009,Ashe County,,NC,1296,27094,28390
37011,Avery County,,NC,963,16239,17202
37013,Beaufort County,,NC,2564,50323,52887
37015,Bertie County,,NC,1159,20617,21776
37017,Bladen County,,NC,1823,31977,33800
37019,Brunswick County,,NC,7096,110460,117556
37021,Buncombe County,,NC,14841,255357,270198
37023,Burke County,,NC,4589,94919,99508
37025,Cabarrus County,,NC,12659,198249,210908
37027,Caldwell County,,NC,3892,86847,90739
37029,Camden County,,NC,1039,10748,11787
37031,Carteret County,,NC,5010,71316,76326
37033,Caswell County,,NC,1394,23663,25057
37035,Catawba County,,NC,10695,175895,186590
37037,Chatham County,,NC,4755,69829,74584
37039,Cherokee County,,NC,1378,26484,27862
37041,Chowan County,,NC,768,15668,16436
37043,Clay County,,NC,608,10106,10714
37045,Cleveland County,,NC,5211,102675,107886
37047,Columbus County,,NC,2379,54237,56616
37049,Craven County,,NC,12494,109834,122328
37051,Cumberland County,,NC,45308,328239,373547
37053,Currituck County,,NC,1910,25140,27050
37055,Dare County,,NC,2665,38353,41018
37057,Davidson County,,NC,8965,179784,188749
37059,Davie County,,NC,2442,45444,47886
37061,Duplin County,,NC,3386,56097,59483
37063,Durham County,,NC,26758,289064,315822
37065,Edgecombe County,,NC,4690,57734,62424
37067,Forsyth County,,NC,20554,384447,405001
37069,Franklin County,,NC,4226,59577,63803
37071,Gaston County,,NC,10765,221457,232222
37073,Gates County,,NC,784,11998,12782
37075,Graham County,,NC,395,8483,8878
37077,Granville County,,NC,3625,58384,62009
37079,Greene County,,NC,1196,18966,20162
37081,Guilford County,,NC,29151,523503,552654
37083,Halifax County,,NC,2898,55029,57927
37085,Harnett County,,NC,12330,112670,125000
37087,Haywood County,,NC,3085,61803,64888
37089,Henderson County,,NC,6566,117380,123946
37091,Hertford County,,NC,1310,21457,22767
37093,Hoke County,,NC,6618,45881,52499
37095,Hyde County,,NC,304,4912,5216
37097,Iredell County,,NC,10289,177064,187353
37099,Jackson County,,NC,2771,32919,35690
37101,Johnston County,,NC,10627,181600,192227
37103,Jones County,,NC,939,10345,11284
37105,Lee County,,NC,3920,61979,65899
37107,Lenoir County,,NC,3303,61968,65271
37109,Lincoln County,,NC,5065,83265,88330
37111,McDowell County,,NC,1966,46793,48759
37113,Macon County,,NC,1879,36288,38167
37115,Madison County,,NC,1270,19995,21265
37117,Martin County,,NC,1371,26076,27447
37119,Mecklenburg County,,NC,65223,998197,1063420
37121,Mitchell County,,NC,743,15600,16343
37123,Montgomery County,,NC,1409,28357,29766
37125,Moore County,,NC,5723,95415,101138
37127,Nash County,,NC,7353,105782,113135
37129,New Hanover County,,NC,16845,198100,214945
37131,Northampton County,,NC,1355,20906,22261
37133,Onslow County,,NC,37290,175283,212573
37135,Orange County,,NC,13420,128225,141645
37137,Pamlico County,,NC,705,12996,13701
37139,Pasquotank County,,NC,3600,41222,44822
37141,Pender County,,NC,4421,50707,55128
37143,Perquimans County,,NC,975,13956,14931
37145,Person County,,NC,1819,41918,43737
37147,Pitt County,,NC,10597,160988,171585
37149,Polk County,,NC,1253,19818,21071
37151,Randolph County,,NC,7322,157551,164873
37153,Richmond County,,NC,2301,47256,49557
37155,Robeson County,,NC,5610,130181,135791
37157,Rockingham County,,NC,4068,101714,105782
37159,Rowan County,,NC,8178,148861,157039
37161,Rutherford County,,NC,2572,65074,67646
37163,Sampson County,,NC,4265,70194,74459
37165,Scotland County,,NC,2172,36204,38376
37167,Stanly County,,NC,2566,64817,67383
37169,Stokes County,,NC,2708,50266,52974
37171,Surry County,,NC,3707,78738,82445
37173,Swain County,,NC,980,18455,19435
37175,Transylvania County,,NC,2009,32007,34016
37177,Tyrrell County,,NC,248,4057,4305
37179,Union County,,NC,12082,222229,234311
37181,Vance County,,NC,2385,47163,49548
37183,Wake County,,NC,59564,1018350,1077914
37185,Warren County,,NC,1265,18967,20232
37187,Washington County,,NC,722,13661,14383
37189,Watauga County,,NC,3777,38326,42103
37191,Wayne County,,NC,8605,125808,134413
37193,Wilkes County,,NC,2754,71023,73777
37195,Wilson County,,NC,4603,88143,92746
37197,Yadkin County,,NC,2224,41757,43981
37199,Yancey County,,NC,806,18327,19133
38001,Adams County,,ND,168,2778,2946
38003,Barnes County,,ND,683,12893,13576
38005,Benson County,,ND,407,7013,7420
38007,Billings County,,ND,74,927,1001
38009,Bottineau County,,ND,431,7689,8120
38011,Bowman County,,ND,203,3751,3954
38013,Burke County,,ND,128,2446,2574
38015,Burleigh County,,ND,5640,96904,102544
38017,Cass County,,ND,11643,171047,182690
38019,Cavalier County,,ND,250,4990,5240
38021,Dickey County,,ND,343,5932,6275
38023,Divide County,,ND,122,2472,2594
38025,Dunn County,,ND,188,4016,4204
38027,Eddy County,,ND,150,2743,2893
38029,Emmons County,,ND,171,4203,4374
38031,Foster County,,ND,230,4091,4321
38033,Golden Valley County,,ND,129,1977,2106
38035,Grand Forks County,,ND,7283,70344,77627
38037,Grant County,,ND,159,2784,2943
38039,Griggs County,,ND,158,2890,3048
38041,Hettinger County,,ND,161,2882,3043
38043,Kidder County,,ND,210,2856,3066
38045,LaMoure County,,ND,212,4899,5111
38047,Logan County,,ND,135,2313,2448
38049,McHenry County,,ND,363,6476,6839
38051,McIntosh County,,ND,134,3375,3509
38053,McKenzie County,,ND,398,6286,6684
38055,McLean County,,ND,620,10564,11184
38057,Mercer County,,ND,580,10333,10913
38059,Morton County,,ND,2691,32380,35071
38061,Mountrail County,,ND,604,8444,9048
38063,Nelson County,,ND,223,3788,4011
38065,Oliver County,,ND,125,2171,2296
38067,Pembina County,,ND,577,9307,9884
38069,Pierce County,,ND,254,5072,5326
38071,Ramsey County,,ND,855,13315,14170
38073,Ransom County,,ND,353,6479,6832
38075,Renville County,,ND,253,2939,3192
38077,Richland County,,ND,1226,18836,20062
38079,Rolette County,,ND,586,14496,15082
38081,Sargent County,,ND,268,4794,5062
38083,Sheridan County,,ND,95,1610,1705
38085,Sioux County,,ND,258,3586,3844
38087,Slope County,,ND,34,831,865
38089,Stark County,,ND,1742,29028,30770
38091,Steele County,,ND,142,2328,2470
38093,Stutsman County,,ND,1422,24149,25571
38095,Towner County,,ND,150,2822,2972
38097,Traill County,,ND,565,9272,9837
38099,Walsh County,,ND,715,13335,14050
38101,Ward County,,ND,6740,71687,78427
38103,Wells County,,ND,242,5250,5492
38105,Williams County,,ND,1705,26073,27778
39001,Adams County,,OH,1366,29411,30777
39003,Allen County,,OH,5476,119328,124804
39005,Ashland County,,OH,3246,59941,63187
39007,Ashtabula County,,OH,4341,113974,118315
39009,Athens County,,OH,4073,50479,54552
39011,Auglaize County,,OH,2909,57183,60092
39013,Belmont County,,OH,2915,76334,79249
39015,Brown County,,OH,3137,49014,52151
39017,Butler County,,OH,24446,412766,437212
39019,Carroll County,,OH,1688,32444,34132
39021,Champaign County,,OH,2645,45586,48231
39023,Clark County,,OH,6918,157407,164325
39025,Clermont County,,OH,13532,228824,242356
39027,Clinton County,,OH,3029,47086,50115
39029,Columbiana County,,OH,4593,119995,124588
39031,Coshocton County,,OH,1419,41216,42635
39033,Crawford County,,OH,2797,51134,53931
39035,Cuyahoga County,,OH,56830,1437097,1493927
39037,Darke County,,OH,2594,64538,67132
39039,Defiance County,,OH,2321,47239,49560
39041,Delaware County,,OH,13384,201430,214814
39043,Erie County,,OH,4508,91223,95731
39045,Fairfield County,,OH,10234,165935,176169
39047,Fayette County,,OH,2027,32204,34231
39049,Franklin County,,OH,71319,1335746,1407065
39051,Fulton County,,OH,2625,52297,54922
39053,Gallia County,,OH,1449,31795,33244
39055,Geauga County,,OH,5192,109887,115079
39057,Greene County,,OH,14922,174641,189563
39059,Guernsey County,,OH,1814,44990,46804
39061,Hamilton County,,OH,47129,906136,953265
39063,Hancock County,,OH,4586,87916,92502
39065,Hardin County,,OH,1879,33549,35428
39067,Harrison County,,OH,938,16645,17583
39069,Henry County,,OH,1669,35253,36922
39071,Highland County,,OH,2644,46016,48660
39073,Hocking County,,OH,1745,31191,32936
39075,Holmes County,,OH,1662,45377,47039
39077,Huron County,,OH,3762,72561,76323
39079,Jackson County,,OH,1786,35257,37043
39081,Jefferson County,,OH,3073,76592,79665
39083,Knox County,,OH,3134,66589,69723
39085,Lake County,,OH,11286,284163,295449
39087,Lawrence County,,OH,2738,66270,69008
39089,Licking County,,OH,9940,193103,203043
39091,Logan County,,OH,2729,54258,56987
39093,Lorain County,,OH,13868,350539,364407
39095,Lucas County,,OH,21214,480890,502104
39097,Madison County,,OH,3076,44636,47712
39099,Mahoning County,,OH,10460,265822,276282
39101,Marion County,,OH,3394,70416,73810
39103,Medina County,,OH,10358,212049,222407
39105,Meigs County,,OH,1028,24252,25280
39107,Mercer County,,OH,1765,52572,54337
39109,Miami County,,OH,6069,122686,128755
39111,Monroe County,,OH,663,16127,16790
39113,Montgomery County,,OH,31617,605007,636624
39115,Morgan County,,OH,718,15414,16132
39117,Morrow County,,OH,2365,38151,40516
39119,Muskingum County,,OH,3699,97966,101665
39121,Noble County,,OH,585,14078,14663
39123,Ottawa County,,OH,2593,49875,52468
39125,Paulding County,,OH,1196,23131,24327
39127,Perry County,,OH,1869,38949,40818
39129,Pickaway County,,OH,3605,59102,62707
39131,Pike County,,OH,1585,29384,30969
39133,Portage County,,OH,11129,173051,184180
39135,Preble County,,OH,2458,48821,51279
39137,Putnam County,,OH,1655,44142,45797
39139,Richland County,,OH,6100,139879,145979
39141,Ross County,,OH,3529,80703,84232
39143,Sandusky County,,OH,3260,74013,77273
39145,Scioto County,,OH,2872,77690,80562
39147,Seneca County,,OH,3026,66150,69176
39149,Shelby County,,OH,2982,59632,62614
39151,Stark County,,OH,15374,441599,456973
39153,Summit County,,OH,27815,623432,651247
39155,Trumbull County,,OH,9074,244980,254054
39157,Tuscarawas County,,OH,4126,112645,116771
39159,Union County,,OH,3592,58035,61627
39161,Van Wert County,,OH,1483,35237,36720
39163,Vinton County,,OH,823,13461,14284
39165,Warren County,,OH,17217,246478,263695
39167,Washington County,,OH,2867,70713,73580
39169,Wayne County,,OH,5803,135196,140999
39171,Williams County,,OH,1875,45616,47491
39173,Wood County,,OH,9840,137767,147607
39175,Wyandot County,,OH,1241,27424,28665
40001,Adair County,,OK,1468,22152,23620
40003,Alfalfa County,,OK,351,4854,5205
40005,Atoka County,,OK,986,13539,14525
40007,Beaver County,,OK,495,5629,6124
40009,Beckham County,,OK,1730,20609,22339
40011,Blaine County,,OK,916,10132,11048
40013,Bryan County,,OK,2698,37975,40673
40015,Caddo County,,OK,1842,27542,29384
40017,Canadian County,,OK,9278,124322,133600
40019,Carter County,,OK,2846,49578,52424
40021,Cherokee County,,OK,2969,42588,45557
40023,Choctaw County,,OK,948,14188,15136
40025,Cimarron County,,OK,242,2946,3188
40027,Cleveland County,,OK,22712,257271,279983
40029,Coal County,,OK,404,5176,5580
40031,Comanche County,,OK,16864,115432,132296
40033,Cotton County,,OK,569,5970,6539
40035,Craig County,,OK,1006,13587,14593
40037,Creek County,,OK,5902,72543,78445
40039,Custer County,,OK,2387,26312,28699
40041,Delaware County,,OK,2699,36305,39004
40043,Dewey County,,OK,315,4924,5239
40045,Ellis County,,OK,350,3918,4268
40047,Garfield County,,OK,5285,65904,71189
40049,Garvin County,,OK,1998,27147,29145
40051,Grady County,,OK,3543,50969,54512
40053,Grant County,,OK,357,4495,4852
40055,Greer County,,OK,398,4780,5178
40057,Harmon County,,OK,199,2699,2898
40059,Harper County,,OK,324,4015,4339
40061,Haskell County,,OK,725,12164,12889
40063,Hughes County,,OK,1046,11796,12842
40065,Jackson County,,OK,3022,27370,30392
40067,Jefferson County,,OK,417,5539,5956
40069,Johnston County,,OK,794,9977,10771
40071,Kay County,,OK,3264,47772,51036
40073,Kingfisher County,,OK,962,16475,17437
40075,Kiowa County,,OK,738,8833,9571
40077,Latimer County,,OK,857,11447,12304
40079,Le Flore County,,OK,2697,47426,50123
40081,Lincoln County,,OK,2527,33203,35730
40083,Logan County,,OK,3368,40094,43462
40085,Love County,,OK,807,9159,9966
40087,McClain County,,OK,3202,35880,39082
40089,McCurtain County,,OK,1603,31134,32737
40091,McIntosh County,,OK,1434,18325,19759
40093,Major County,,OK,532,8199,8731
40095,Marshall County,,OK,1092,13988,15080
40097,Mayes County,,OK,2631,40794,43425
40099,Murray County,,OK,935,12988,13923
40101,Muskogee County,,OK,4402,70350,74752
40103,Noble County,,OK,805,11760,12565
40105,Nowata County,,OK,625,10934,11559
40107,Okfuskee County,,OK,715,10258,10973
40109,Oklahoma County,,OK,47085,740991,788076
40111,Okmulgee County,,OK,2828,38840,41668
40113,Osage County,,OK,3536,43120,46656
40115,Ottawa County,,OK,2114,32451,34565
40117,Pawnee County,,OK,1260,15914,17174
40119,Payne County,,OK,6884,64068,70952
40121,Pittsburg County,,OK,2731,44950,47681
40123,Pontotoc County,,OK,2486,37698,40184
40125,Pottawatomie County,,OK,4855,69435,74290
40127,Pushmataha County,,OK,782,10725,11507
40129,Roger Mills County,,OK,224,3736,3960
40131,Rogers County,,OK,6662,93297,99959
40133,Seminole County,,OK,1820,22954,24774
40135,Sequoyah County,,OK,2513,40775,43288
40137,Stephens County,,OK,2865,45008,47873
40139,Texas County,,OK,2217,24207,26424
40141,Tillman County,,OK,524,7683,8207
40143,Tulsa County,,OK,39467,656164,695631
40145,Wagoner County,,OK,7026,74343,81369
40147,Washington County,,OK,3573,56363,59936
40149,Washita County,,OK,1117,11379,12496
40151,Woods County,,OK,740,8201,8941
40153,Woodward County,,OK,1393,20574,21967
41001,Baker County,,OR,1128,16664,17792
41003,Benton County,,OR,8024,81431,89455
41005,Clackamas County,,OR,28950,407554,436504
41007,Clatsop County,,OR,3014,37402,40416
41009,Columbia County,,OR,3085,53073,56158
41011,Coos County,,OR,3778,62308,66086
41013,Crook County,,OR,1701,20663,22364
41015,Curry County,,OR,1687,22175,23862
41017,Deschutes County,,OR,11219,167405,178624
41019,Douglas County,,OR,5158,108571,113729
41021,Gilliam County,,OR,145,1943,2088
41023,Grant County,,OR,489,7305,7794
41025,Harney County,,OR,522,7475,7997
41027,Hood River County,,OR,1679,26659,28338
41029,Jackson County,,OR,10591,218495,229086
41031,Jefferson County,,OR,1560,21260,22820
41033,Josephine County,,OR,4447,82259,86706
41035,Klamath County,,OR,4001,66790,70791
41037,Lake County,,OR,519,7432,7951
41039,Lane County,,OR,18400,357395,375795
41041,Lincoln County,,OR,3582,45719,49301
41043,Linn County,,OR,7427,122834,130261
41045,Malheur County,,OR,2133,28496,30629
41047,Marion County,,OR,18263,338083,356346
41049,Morrow County,,OR,1045,13124,14169
41051,Multnomah County,,OR,56374,778453,834827
41053,Polk County,,OR,6870,77248,84118
41055,Sherman County,,OR,200,1989,2189
41057,Tillamook County,,OR,1476,26469,27945
41059,Umatilla County,,OR,4323,80685,85008
41061,Union County,,OR,1740,27400,29140
41063,Wallowa County,,OR,468,7914,8382
41065,Wasco County,,OR,1719,25905,27624
41067,Washington County,,OR,39959,589501,629460
41069,Wheeler County,,OR,105,1343,1448
41071,Yamhill County,,OR,5991,102373,108364
42001,Adams County,,PA,5853,123120,128973
42003,Allegheny County,,PA,49642,1434713,1484355
42005,Armstrong County,,PA,3126,81909,85035
42007,Beaver County,,PA,7071,208227,215298
42009,Bedford County,,PA,1761,60235,61996
42011,Berks County,,PA,17791,498596,516387
42013,Blair County,,PA,3974,148771,152745
42015,Bradford County,,PA,2790,73062,75852
42017,Bucks County,,PA,31837,780001,811838
42019,Butler County,,PA,9099,224635,233734
42021,Cambria County,,PA,5237,165146,170383
42023,Cameron County,,PA,256,6151,6407
42025,Carbon County,,PA,3670,75783,79453
42027,Centre County,,PA,8720,139585,148305
42029,Chester County,,PA,27517,597398,624915
42031,Clarion County,,PA,1778,43348,45126
42033,Clearfield County,,PA,3333,92382,95715
42035,Clinton County,,PA,1631,42692,44323
42037,Columbia County,,PA,3193,71441,74634
42039,Crawford County,,PA,3713,98663,102376
42041,Cumberland County,,PA,15662,283848,299510
42043,Dauphin County,,PA,17323,323425,340748
42045,Delaware County,,PA,29788,648318,678106
42047,Elk County,,PA,1040,40894,41934
42049,Erie County,,PA,9985,319666,329651
42051,Fayette County,,PA,4435,154131,158566
42053,Forest County,,PA,453,5458,5911
42055,Franklin County,,PA,6480,189049,195529
42057,Fulton County,,PA,751,18226,18977
42059,Greene County,,PA,1636,40462,42098
42061,Huntingdon County,,PA,1772,50032,51804
42063,Indiana County,,PA,4113,93899,98012
42065,Jefferson County,,PA,2393,53839,56232
42067,Juniata County,,PA,940,29036,29976
42069,Lackawanna County,,PA,8578,245932,254510
42071,Lancaster County,,PA,18985,647792,666777
42073,Lawrence County,,PA,3403,104836,108239
42075,Lebanon County,,PA,6464,168279,174743
42077,Lehigh County,,PA,21947,418558,440505
42079,Luzerne County,,PA,12204,373392,385596
42081,Lycoming County,,PA,4673,135765,140438
42083,McKean County,,PA,1750,48079,49829
42085,Mercer County,,PA,4732,133107,137839
42087,Mifflin County,,PA,1429,55076,56505
42089,Monroe County,,PA,10202,185115,195317
42091,Montgomery County,,PA,46471,962724,1009195
42093,Montour County,,PA,1376,22132,23508
42095,Northampton County,,PA,17895,356746,374641
42097,Northumberland County,,PA,4181,108226,112407
42099,Perry County,,PA,2692,56904,59596
42101,Philadelphia County,,PA,78237,1501860,1580097
42103,Pike County,,PA,4176,64400,68576
42105,Potter County,,PA,973,19621,20594
42107,Schuylkill County,,PA,5445,171806,177251
42109,Snyder County,,PA,1927,45041,46968
42111,Somerset County,,PA,2818,89937,92755
42113,Sullivan County,,PA,406,6902,7308
42115,Susquehanna County,,PA,2078,49713,51791
42117,Tioga County,,PA,1874,47186,49060
42119,Union County,,PA,2362,42396,44758
42121,Venango County,,PA,2272,63937,66209
42123,Warren County,,PA,1678,48438,50116
42125,Washington County,,PA,9003,246997,256000
42127,Wayne County,,PA,3075,57629,60704
42129,Westmoreland County,,PA,14325,444877,459202
42131,Wyoming County,,PA,1922,33358,35280
42133,York County,,PA,19773,539592,559365
44001,Bristol County,,RI,2959,55013,57972
44003,Kent County,,RI,11418,199133,210551
44005,Newport County,,RI,7638,90907,98545
44007,Providence County,,RI,30354,688572,718926
44009,Washington County,,RI,7406,143005,150411
45001,Abbeville County,,SC,1467,25768,27235
45003,Aiken County,,SC,8807,173304,182111
45005,Allendale County,,SC,587,8711,9298
45007,Anderson County,,SC,9136,203337,212473
45009,Bamberg County,,SC,862,14209,15071
45011,Barnwell County,,SC,1287,23147,24434
45013,Beaufort County,,SC,14779,169017,183796
45015,Berkeley County,,SC,19783,185920,205703
45017,Calhoun County,,SC,765,15422,16187
45019,Charleston County,,SC,31389,354465,385854
45021,Cherokee County,,SC,2572,58394,60966
45023,Chester County,,SC,1929,35060,36989
45025,Chesterfield County,,SC,1986,46117,48103
45027,Clarendon County,,SC,1920,34064,35984
45029,Colleton County,,SC,2357,41069,43426
45031,Darlington County,,SC,3786,71509,75295
45033,Dillon County,,SC,1777,33866,35643
45035,Dorchester County,,SC,15058,146002,161060
45037,Edgefield County,,SC,1744,25346,27090
45039,Fairfield County,,SC,1315,24135,25450
45041,Florence County,,SC,7421,145830,153251
45043,Georgetown County,,SC,3649,66910,70559
45045,Greenville County,,SC,26728,493776,520504
45047,Greenwood County,,SC,3553,75460,79013
45049,Hampton County,,SC,1230,20764,21994
45051,Horry County,,SC,17090,293967,311057
45053,Jasper County,,SC,2310,21938,24248
45055,Kershaw County,,SC,3877,67046,70923
45057,Lancaster County,,SC,4271,80588,84859
45059,Laurens County,,SC,3745,67918,71663
45061,Lee County,,SC,1310,18049,19359
45063,Lexington County,,SC,18182,287619,305801
45065,McCormick County,,SC,596,9892,10488
45067,Marion County,,SC,1952,34226,36178
45069,Marlboro County,,SC,1435,28177,29612
45071,Newberry County,,SC,2033,41350,43383
45073,Oconee County,,SC,3914,78104,82018
45075,Orangeburg County,,SC,5148,92462,97610
45077,Pickens County,,SC,7670,116681,124351
45079,Richland County,,SC,32253,383519,415772
45081,Saluda County,,SC,1243,23426,24669
45083,Spartanburg County,,SC,13481,309928,323409
45085,Sumter County,,SC,8887,114642,123529
45087,Union County,,SC,1091,29521,30612
45089,Williamsburg County,,SC,1789,34319,36108
45091,York County,,SC,12904,252630,265534
46003,Aurora County,,SD,187,3297,3484
46005,Beadle County,,SD,1272,20006,21278
46007,Bennett County,,SD,254,3149,3403
46009,Bon Homme County,,SD,447,6990,7437
46011,Brookings County,,SD,2710,31030,33740
46013,Brown County,,SD,2363,43069,45432
46015,Brule County,,SD,383,6105,6488
46017,Buffalo County,,SD,115,1928,2043
46019,Butte County,,SD,885,11045,11930
46021,Campbell County,,SD,113,1751,1864
46023,Charles Mix County,,SD,414,9458,9872
46025,Clark County,,SD,280,3788,4068
46027,Clay County,,SD,1543,11853,13396
46029,Codington County,,SD,1773,31992,33765
46031,Corson County,,SD,273,3473,3746
46033,Custer County,,SD,690,8765,9455
46035,Davison County,,SD,1571,22502,24073
46037,Day County,,SD,407,6659,7066
46039,Deuel County,,SD,356,5456,5812
46041,Dewey County,,SD,335,6598,6933
46043,Douglas County,,SD,128,3570,3698
46045,Edmunds County,,SD,311,4420,4731
46047,Fall River County,,SD,658,7638,8296
46049,Faulk County,,SD,137,2382,2519
46051,Grant County,,SD,577,9263,9840
46053,Gregory County,,SD,249,5075,5324
46055,Haakon County,,SD,102,2456,2558
46057,Hamlin County,,SD,420,6631,7051
46059,Hand County,,SD,184,4086,4270
46061,Hanson County,,SD,415,5343,5758
46063,Harding County,,SD,52,1519,1571
46065,Hughes County,,SD,1595,20438,22033
46067,Hutchinson County,,SD,424,8445,8869
46069,Hyde County,,SD,117,1633,1750
46071,Jackson County,,SD,156,2745,2901
46073,Jerauld County,,SD,190,2158,2348
46075,Jones County,,SD,76,1252,1328
46077,Kingsbury County,,SD,331,6203,6534
46079,Lake County,,SD,951,13661,14612
46081,Lawrence County,,SD,2226,26519,28745
46083,Lincoln County,,SD,5002,53563,58565
46085,Lyman County,,SD,236,4125,4361
46087,McCook County,,SD,541,6475,7016
46089,McPherson County,,SD,175,2547,2722
46091,Marshall County,,SD,310,4834,5144
46093,Meade County,,SD,3881,28797,32678
46095,Mellette County,,SD,77,1915,1992
46097,Miner County,,SD,169,2697,2866
46099,Minnehaha County,,SD,14409,209967,224376
46101,Moody County,,SD,487,7667,8154
46103,Pennington County,,SD,10861,115442,126303
46105,Perkins County,,SD,125,3411,3536
46107,Potter County,,SD,124,3030,3154
46109,Roberts County,,SD,519,11711,12230
46111,Sanborn County,,SD,223,2763,2986
46113,Shannon County,,SD,563,11856,12419
46115,Spink County,,SD,324,7222,7546
46117,Stanley County,,SD,357,3612,3969
46119,Sully County,,SD,126,1686,1812
46121,Todd County,,SD,395,8737,9132
46123,Tripp County,,SD,309,6673,6982
46125,Turner County,,SD,616,9620,10236
46127,Union County,,SD,1512,17796,19308
46129,Walworth County,,SD,357,6547,6904
46135,Yankton County,,SD,1526,25060,26586
46137,Ziebach County,,SD,92,1345,1437
47001,Anderson County,,TN,5367,80881,86248
47003,Bedford County,,TN,3089,49588,52677
47005,Benton County,,TN,877,16994,17871
47007,Bledsoe County,,TN,590,11018,11608
47009,Blount County,,TN,7152,136575,143727
47011,Bradley County,,TN,6067,105686,111753
47013,Campbell County,,TN,1715,38007,39722
47015,Cannon County,,TN,1027,14407,15434
47017,Carroll County,,TN,1812,30228,32040
47019,Carter County,,TN,3319,56676,59995
47021,Cheatham County,,TN,3340,44182,47522
47023,Chester County,,TN,1286,16655,17941
47025,Claiborne County,,TN,1502,31918,33420
47027,Clay County,,TN,411,7609,8020
47029,Cocke County,,TN,1916,36099,38015
47031,Coffee County,,TN,3584,57152,60736
47033,Crockett County,,TN,1071,15637,16708
47035,Cumberland County,,TN,2722,62303,65025
47037,Davidson County,,TN,53003,667195,720198
47039,Decatur County,,TN,687,11984,12671
47041,DeKalb County,,TN,1386,19386,20772
47043,Dickson County,,TN,3177,54314,57491
47045,Dyer County,,TN,2481,41781,44262
47047,Fayette County,,TN,2857,43643,46500
47049,Fentress County,,TN,743,17404,18147
47051,Franklin County,,TN,2276,43929,46205
47053,Gibson County,,TN,2827,54067,56894
47055,Giles County,,TN,1648,31176,32824
47057,Grainger County,,TN,1422,22685,24107
47059,Greene County,,TN,2889,72939,75828
47061,Grundy County,,TN,661,14600,15261
47063,Hamblen County,,TN,4046,69155,73201
47065,Hamilton County,,TN,18358,362634,380992
47067,Hancock County,,TN,262,5869,6131
47069,Hardeman County,,TN,1436,26422,27858
47071,Hardin County,,TN,1563,26807,28370
47073,Hawkins County,,TN,3536,59439,62975
47075,Haywood County,,TN,1243,21192,22435
47077,Henderson County,,TN,1448,29785,31233
47079,Henry County,,TN,1819,34894,36713
47081,Hickman County,,TN,1729,23149,24878
47083,Houston County,,TN,600,8259,8859
47085,Humphreys County,,TN,1189,20237,21426
47087,Jackson County,,TN,925,11244,12169
47089,Jefferson County,,TN,4091,52410,56501
47091,Johnson County,,TN,694,16315,17009
47093,Knox County,,TN,26033,459966,485999
47095,Lake County,,TN,380,5405,5785
47097,Lauderdale County,,TN,1434,25198,26632
47099,Lawrence County,,TN,1763,43479,45242
47101,Lewis County,,TN,680,12089,12769
47103,Lincoln County,,TN,1792,37109,38901
47105,Loudon County,,TN,3682,55461,59143
47107,McMinn County,,TN,3069,53541,56610
47109,McNairy County,,TN,1520,26112,27632
47111,Macon County,,TN,1254,23053,24307
47113,Madison County,,TN,6879,105868,112747
47115,Marion County,,TN,1384,29769,31153
47117,Marshall County,,TN,1951,34124,36075
47119,Maury County,,TN,6059,90947,97006
47121,Meigs County,,TN,1095,11696,12791
47123,Monroe County,,TN,2504,45846,48350
47125,Montgomery County,,TN,24392,183190,207582
47127,Moore County,,TN,362,6898,7260
47129,Morgan County,,TN,1132,20060,21192
47131,Obion County,,TN,2013,35817,37830
47133,Overton County,,TN,1134,22902,24036
47135,Perry County,,TN,518,7807,8325
47137,Pickett County,,TN,244,5187,5431
47139,Polk County,,TN,1229,17167,18396
47141,Putnam County,,TN,5470,74089,79559
47143,Rhea County,,TN,1821,32715,34536
47145,Roane County,,TN,3137,57484,60621
47147,Robertson County,,TN,5337,76385,81722
47149,Rutherford County,,TN,21365,290379,311744
47151,Scott County,,TN,682,21675,22357
47153,Sequatchie County,,TN,861,14596,15457
47155,Sevier County,,TN,7013,99093,106106
47157,Shelby County,,TN,47553,1061137,1108690
47159,Smith County,,TN,1169,20736,21905
47161,Stewart County,,TN,1102,14121,15223
47163,Sullivan County,,TN,8636,171149,179785
47165,Sumner County,,TN,11758,179633,191391
47167,Tipton County,,TN,4326,67678,72004
47169,Trousdale County,,TN,621,8362,8983
47171,Unicoi County,,TN,1130,18511,19641
47173,Union County,,TN,1269,18865,20134
47175,Van Buren County,,TN,344,5678,6022
47177,Warren County,,TN,1913,42862,44775
47179,Washington County,,TN,8749,127611,136360
47181,Wayne County,,TN,619,15115,15734
47183,Weakley County,,TN,2025,32815,34840
47185,White County,,TN,1509,26948,28457
47187,Williamson County,,TN,13657,202115,215772
47189,Wilson County,,TN,8353,129299,137652
48001,Anderson County,,TX,3171,46180,49351
48003,Andrews County,,TX,1015,16410,17425
48005,Angelina County,,TX,4849,90189,95038
48007,Aransas County,,TX,2143,22267,24410
48009,Archer County,,TX,1120,9191,10311
48011,Armstrong County,,TX,193,1902,2095
48013,Atascosa County,,TX,3329,45983,49312
48015,Austin County,,TX,2125,30096,32221
48017,Bailey County,,TX,674,7647,8321
48019,Bandera County,,TX,1647,19704,21351
48021,Bastrop County,,TX,5978,72555,78533
48023,Baylor County,,TX,216,3602,3818
48025,Bee County,,TX,1857,25230,27087
48027,Bell County,,TX,51365,317389,368754
48029,Bexar County,,TX,88842,1848693,1937535
48031,Blanco County,,TX,746,10144,10890
48033,Borden County,,TX,61,556,617
48035,Bosque County,,TX,1587,17625,19212
48037,Bowie County,,TX,6636,95249,101885
48039,Brazoria County,,TX,21353,329547,350900
48041,Brazos County,,TX,16280,159561,175841
48043,Brewster County,,TX,1032,9186,10218
48045,Briscoe County,,TX,94,1595,1689
48047,Brooks County,,TX,537,7860,8397
48049,Brown County,,TX,2559,37607,40166
48051,Burleson County,,TX,1293,17606,18899
48053,Burnet County,,TX,3409,43465,46874
48055,Caldwell County,,TX,3099,36107,39206
48057,Calhoun County,,TX,1480,22511,23991
48059,Callahan County,,TX,1260,13532,14792
48061,Cameron County,,TX,15165,424498,439663
48063,Camp County,,TX,1148,12916,14064
48065,Carson County,,TX,443,6321,6764
48067,Cass County,,TX,2210,31559,33769
48069,Castro County,,TX,774,7885,8659
48071,Chambers County,,TX,4008,39846,43854
48073,Cherokee County,,TX,3248,50365,53613
48075,Childress County,,TX,431,5972,6403
48077,Clay County,,TX,1012,10916,11928
48079,Cochran County,,TX,318,3382,3700
48081,Coke County,,TX,269,3299,3568
48083,Coleman County,,TX,669,8359,9028
48085,Collin County,,TX,68080,844268,912348
48087,Collingsworth County,,TX,193,3149,3342
48089,Colorado County,,TX,1332,22292,23624
48091,Comal County,,TX,10261,117992,128253
48093,Comanche County,,TX,960,13491,14451
48095,Concho County,,TX,236,2489,2725
48097,Cooke County,,TX,3097,41413,44510
48099,Coryell County,,TX,14268,62828,77096
48101,Cottle County,,TX,102,1520,1622
48103,Crane County,,TX,506,4808,5314
48105,Crockett County,,TX,342,4056,4398
48107,Crosby County,,TX,554,6099,6653
48109,Culberson County,,TX,296,2497,2793
48111,Dallam County,,TX,795,7594,8389
48113,Dallas County,,TX,163555,2539744,2703299
48115,Dawson County,,TX,911,12864,13775
48117,Deaf Smith County,,TX,1728,22705,24433
48119,Delta County,,TX,520,4760,5280
48121,Denton County,,TX,61198,701941,763139
48123,DeWitt County,,TX,1238,19241,20479
48125,Dickens County,,TX,207,1941,2148
48127,Dimmit County,,TX,616,9987,10603
48129,Donley County,,TX,288,3390,3678
48131,Duval County,,TX,831,11771,12602
48133,Eastland County,,TX,1261,17292,18553
48135,Ector County,,TX,8104,149808,157912
48137,Edwards County,,TX,173,2035,2208
48139,Ellis County,,TX,11421,162826,174247
48141,El Paso County,,TX,42528,894231,936759
48143,Erath County,,TX,2943,33270,36213
48145,Falls County,,TX,951,15459,16410
48147,Fannin County,,TX,2316,31927,34243
48149,Fayette County,,TX,1318,25023,26341
48151,Fisher County,,TX,301,3828,4129
48153,Floyd County,,TX,486,6886,7372
48155,Foard County,,TX,104,1236,1340
48157,Fort Bend County,,TX,43288,620492,663780
48159,Franklin County,,TX,953,9846,10799
48161,Freestone County,,TX,1672,18535,20207
48163,Frio County,,TX,821,14403,15224
48165,Gaines County,,TX,968,17834,18802
48167,Galveston County,,TX,21766,304253,326019
48169,Garza County,,TX,315,4506,4821
48171,Gillespie County,,TX,1472,26046,27518
48173,Glasscock County,,TX,103,1393,1496
48175,Goliad County,,TX,568,6820,7388
48177,Gonzales County,,TX,1196,20294,21490
48179,Gray County,,TX,1418,22236,23654
48181,Grayson County,,TX,7550,125976,133526
48183,Gregg County,,TX,10703,133059,143762
48185,Grimes County,,TX,1944,24534,26478
48187,Guadalupe County,,TX,12501,142266,154767
48189,Hale County,,TX,2710,37316,40026
48191,Hall County,,TX,281,3174,3455
48193,Hamilton County,,TX,789,8349,9138
48195,Hansford County,,TX,457,6035,6492
48197,Hardeman County,,TX,327,3948,4275
48199,Hardin County,,TX,4289,58284,62573
48201,Harris County,,TX,198772,4375107,4573879
48203,Harrison County,,TX,5049,69901,74950
48205,Hartley County,,TX,479,4419,4898
48207,Haskell County,,TX,370,5351,5721
48209,Hays County,,TX,14053,148559,162612
48211,Hemphill County,,TX,255,4122,4377
48213,Henderson County,,TX,5897,74912,80809
48215,Hidalgo County,,TX,21473,779921,801394
48217,Hill County,,TX,2842,34849,37691
48219,Hockley County,,TX,1948,23524,25472
48221,Hood County,,TX,4396,52040,56436
48223,Hopkins County,,TX,2341,36673,39014
48225,Houston County,,TX,1353,19760,21113
48227,Howard County,,TX,2216,30288,32504
48229,Hudspeth County,,TX,301,3568,3869
48231,Hunt County,,TX,6909,85914,92823
48233,Hutchinson County,,TX,1589,24289,25878
48235,Irion County,,TX,197,1672,1869
48237,Jack County,,TX,695,7423,8118
48239,Jackson County,,TX,1037,15410,16447
48241,Jasper County,,TX,2390,35653,38043
48243,Jeff Davis County,,TX,224,2223,2447
48245,Jefferson County,,TX,14938,258526,273464
48247,Jim Hogg County,,TX,311,5348,5659
48249,Jim Wells County,,TX,2600,44021,46621
48251,Johnson County,,TX,12456,160855,173311
48253,Jones County,,TX,1493,15493,16986
48255,Karnes County,,TX,812,12502,13314
48257,Kaufman County,,TX,9206,113028,122234
48259,Kendall County,,TX,2601,35654,38255
48261,Kenedy County,,TX,-2,-2,-4
48263,Kent County,,TX,71,757,828
48265,Kerr County,,TX,3370,51010,54380
48267,Kimble County,,TX,316,4631,4947
48269,King County,,TX,-2,-2,-4
48271,Kinney County,,TX,239,3289,3528
48273,Kleberg County,,TX,3241,30894,34135
48275,Knox County,,TX,311,3757,4068
48277,Lamar County,,TX,3034,51782,54816
48279,Lamb County,,TX,1106,14768,15874
48281,Lampasas County,,TX,2033,20894,22927
48283,La Salle County,,TX,342,5364,5706
48285,Lavaca County,,TX,1081,21012,22093
48287,Lee County,,TX,1106,17150,18256
48289,Leon County,,TX,1444,17695,19139
48291,Liberty County,,TX,5954,72440,78394
48293,Limestone County,,TX,1618,22300,23918
48295,Lipscomb County,,TX,358,3401,3759
48297,Live Oak County,,TX,705,9207,9912
48299,Llano County,,TX,1756,16731,18487
48301,Loving County,,TX,-2,-2,-4
48303,Lubbock County,,TX,17437,274913,292350
48305,Lynn County,,TX,531,6207,6738
48307,McCulloch County,,TX,652,8304,8956
48309,McLennan County,,TX,13525,240352,253877
48311,McMullen County,,TX,79,802,881
48313,Madison County,,TX,913,11596,12509
48315,Marion County,,TX,789,9458,10247
48317,Martin County,,TX,437,4904,5341
48319,Mason County,,TX,245,3906,4151
48321,Matagorda County,,TX,2458,38983,41441
48323,Maverick County,,TX,2470,66838,69308
48325,Medina County,,TX,3305,44570,47875
48327,Menard County,,TX,189,2045,2234
48329,Midland County,,TX,9892,144397,154289
48331,Milam County,,TX,1688,24994,26682
48333,Mills County,,TX,388,4712,5100
48335,Mitchell County,,TX,579,7234,7813
48337,Montague County,,TX,1300,20300,21600
48339,Montgomery County,,TX,34297,465993,500290
48341,Moore County,,TX,2326,24921,27247
48343,Morris County,,TX,1169,13802,14971
48345,Motley County,,TX,95,1011,1106
48347,Nacogdoches County,,TX,4361,58558,62919
48349,Navarro County,,TX,3211,50299,53510
48351,Newton County,,TX,950,11716,12666
48353,Nolan County,,TX,1167,15889,17056
48355,Nueces County,,TX,21418,348520,369938
48357,Ochiltree County,,TX,657,11073,11730
48359,Oldham County,,TX,264,2077,2341
48361,Orange County,,TX,5089,89321,94410
48363,Palo Pinto County,,TX,2164,27661,29825
48365,Panola County,,TX,1551,25887,27438
48367,Parker County,,TX,9806,120394,130200
48369,Parmer County,,TX,1039,11770,12809
48371,Pecos County,,TX,1052,14743,15795
48373,Polk County,,TX,4711,52712,57423
48375,Potter County,,TX,12705,120911,133616
48377,Presidio County,,TX,1115,10845,11960
48379,Rains County,,TX,884,9738,10622
48381,Randall County,,TX,12210,127722,139932
48383,Reagan County,,TX,261,3790,4051
48385,Real County,,TX,231,3293,3524
48387,Red River County,,TX,1006,12842,13848
48389,Reeves County,,TX,830,11333,12163
48391,Refugio County,,TX,560,8064,8624
48393,Roberts County,,TX,301,958,1259
48395,Robertson County,,TX,1375,16601,17976
48397,Rockwall County,,TX,6786,82173,88959
48399,Runnels County,,TX,859,11045,11904
48401,Rusk County,,TX,3743,51221,54964
48403,Sabine County,,TX,823,10593,11416
48405,San Augustine County,,TX,495,8356,8851
48407,San Jacinto County,,TX,2083,23185,25268
48409,San Patricio County,,TX,6905,71744,78649
48411,San Saba County,,TX,445,5586,6031
48413,Schleicher County,,TX,389,3138,3527
48415,Scurry County,,TX,1134,16779,17913
48417,Shackelford County,,TX,301,3361,3662
48419,Shelby County,,TX,1370,25692,27062
48421,Sherman County,,TX,244,2749,2993
48423,Smith County,,TX,14123,219861,233984
48425,Somervell County,,TX,799,8370,9169
48427,Starr County,,TX,2760,68673,71433
48429,Stephens County,,TX,636,8670,9306
48431,Sterling County,,TX,122,1085,1207
48433,Stonewall County,,TX,108,1598,1706
48435,Sutton County,,TX,412,4638,5050
48437,Swisher County,,TX,715,7660,8375
48439,Tarrant County,,TX,112912,1986035,2098947
48441,Taylor County,,TX,11948,138239,150187
48443,Terrell County,,TX,144,940,1084
48445,Terry County,,TX,1005,11941,12946
48447,Throckmorton County,,TX,120,1604,1724
48449,Titus County,,TX,2421,34745,37166
48451,Tom Green County,,TX,10269,115322,125591
48453,Travis County,,TX,81290,1028740,1110030
48455,Trinity County,,TX,1234,13214,14448
48457,Tyler County,,TX,1357,18650,20007
48459,Upshur County,,TX,3320,38097,41417
48461,Upton County,,TX,291,3400,3691
48463,Uvalde County,,TX,1919,28880,30799
48465,Val Verde County,,TX,4285,54180,58465
48467,Van Zandt County,,TX,3712,51123,54835
48469,Victoria County,,TX,5618,96022,101640
48471,Walker County,,TX,5214,49183,54397
48473,Waller County,,TX,3723,38260,41983
48475,Ward County,,TX,843,11120,11963
48477,Washington County,,TX,2178,34910,37088
48479,Webb County,,TX,7226,280038,287264
48481,Wharton County,,TX,2518,46499,49017
48483,Wheeler County,,TX,419,5751,6170
48485,Wichita County,,TX,12438,126198,138636
48487,Wilbarger County,,TX,984,14048,15032
48489,Willacy County,,TX,1188,20386,21574
48491,Williamson County,,TX,38196,456504,494700
48493,Wilson County,,TX,2951,44566,47517
48495,Winkler County,,TX,552,7331,7883
48497,Wise County,,TX,4712,60494,65206
48499,Wood County,,TX,2844,41337,44181
48501,Yoakum County,,TX,573,9325,9898
48503,Young County,,TX,1270,19053,20323
48505,Zapata County,,TX,621,13653,14274
48507,Zavala County,,TX,670,11576,12246
49001,Beaver County,,UT,545,7475,8020
49003,Box Elder County,,UT,4124,58394,62518
49005,Cache County,,UT,9238,121117,130355
49007,Carbon County,,UT,1570,22315,23885
49009,Daggett County,,UT,64,1008,1072
49011,Davis County,,UT,26147,348156,374303
49013,Duchesne County,,UT,1491,20166,21657
49015,Emery County,,UT,858,11922,12780
49017,Garfield County,,UT,421,5443,5864
49019,Grand County,,UT,819,10470,11289
49021,Iron County,,UT,4288,44161,48449
49023,Juab County,,UT,711,10869,11580
49025,Kane County,,UT,579,6966,7545
49027,Millard County,,UT,783,14159,14942
49029,Morgan County,,UT,766,10901,11667
49031,Piute County,,UT,99,1421,1520
49033,Rich County,,UT,193,2351,2544
49035,Salt Lake County,,UT,57375,1196984,1254359
49037,San Juan County,,UT,1239,10465,11704
49039,Sanpete County,,UT,2020,25697,27717
49041,Sevier County,,UT,1344,22282,23626
49043,Summit County,,UT,3958,43400,47358
49045,Tooele County,,UT,4533,65408,69941
49047,Uintah County,,UT,2426,32573,34999
49049,Utah County,,UT,35477,542070,577547
49051,Wasatch County,,UT,2058,25122,27180
49053,Washington County,,UT,9654,141901,151555
49055,Wayne County,,UT,224,2858,3082
49057,Weber County,,UT,16806,263489,280295
50001,Addison County,,VT,2250,42728,44978
50003,Bennington County,,VT,2057,42859,44916
50005,Caledonia County,,VT,1798,35668,37466
50007,Chittenden County,,VT,10565,181965,192530
50009,Essex County,,VT,510,6960,7470
50011,Franklin County,,VT,2253,58331,60584
50013,Grand Isle County,,VT,701,8517,9218
50015,Lamoille County,,VT,1855,29187,31042
50017,Orange County,,VT,2064,34087,36151
50019,Orleans County,,VT,1367,32156,33523
50021,Rutland County,,VT,3297,73363,76660
50023,Washington County,,VT,3825,71430,75255
50025,Windham County,,VT,3011,51714,54725
50027,Windsor County,,VT,4200,68416,72616
51001,Accomack County,,VA,2001,37750,39751
51003,Albemarle County,,VA,9932,99989,109921
51005,Alleghany County,,VA,691,18040,18731
51007,Amelia County,,VA,933,14623,15556
51009,Amherst County,,VA,2098,35156,37254
51011,Appomattox County,,VA,871,16995,17866
51013,Arlington County,,VA,39665,225223,264888
51015,Augusta County,,VA,4132,84664,88796
51017,Bath County,,VA,383,5365,5748
51019,Bedford County,,VA,4643,78364,83007
51021,Bland County,,VA,320,6617,6937
51023,Botetourt County,,VA,2557,38920,41477
51025,Brunswick County,,VA,966,16361,17327
51027,Buchanan County,,VA,975,22182,23157
51029,Buckingham County,,VA,658,15634,16292
51031,Campbell County,,VA,3805,61240,65045
51033,Caroline County,,VA,2760,31732,34492
51035,Carroll County,,VA,1296,30887,32183
51036,Charles City County,,VA,535,8124,8659
51037,Charlotte County,,VA,741,13567,14308
51041,Chesterfield County,,VA,25378,369790,395168
51043,Clarke County,,VA,1107,15380,16487
51045,Craig County,,VA,306,5590,5896
51047,Culpeper County,,VA,3576,51637,55213
51049,Cumberland County,,VA,749,10081,10830
51051,Dickenson County,,VA,571,14737,15308
51053,Dinwiddie County,,VA,2103,30433,32536
51057,Essex County,,VA,742,12749,13491
51059,Fairfax County,,VA,107394,1226735,1334129
51061,Fauquier County,,VA,5388,73596,78984
51063,Floyd County,,VA,813,16513,17326
51065,Fluvanna County,,VA,1987,28129,30116
51067,Franklin County,,VA,2854,59647,62501
51069,Frederick County,,VA,6630,89664,96294
51071,Giles County,,VA,983,18814,19797
51073,Gloucester County,,VA,2842,43371,46213
51075,Goochland County,,VA,1426,23265,24691
51077,Grayson County,,VA,725,15959,16684
51079,Greene County,,VA,1537,20872,22409
51081,Greensville County,,VA,548,9119,9667
51083,Halifax County,,VA,1361,38380,39741
51085,Hanover County,,VA,6846,116497,123343
51087,Henrico County,,VA,27758,347585,375343
51089,Henry County,,VA,2651,58816,61467
51091,Highland County,,VA,128,2636,2764
51093,Isle of Wight County,,VA,3112,41734,44846
51095,James City County,,VA,6680,76492,83172
51097,King and Queen County,,VA,553,7191,7744
51099,King George County,,VA,2499,26391,28890
51101,King William County,,VA,1273,19570,20843
51103,Lancaster County,,VA,641,13404,14045
51105,Lee County,,VA,799,21953,22752
51107,Loudoun County,,VA,28034,368380,396414
51109,Louisa County,,VA,2410,36059,38469
51111,Lunenburg County,,VA,599,12143,12742
51113,Madison County,,VA,957,14688,15645
51115,Mathews County,,VA,548,9987,10535
51117,Mecklenburg County,,VA,1667,33555,35222
51119,Middlesex County,,VA,831,11716,12547
51121,Montgomery County,,VA,8009,77512,85521
51125,Nelson County,,VA,1005,16939,17944
51127,New Kent County,,VA,1529,21571,23100
51131,Northampton County,,VA,754,13638,14392
51133,Northumberland County,,VA,584,14712,15296
51135,Nottoway County,,VA,978,15868,16846
51137,Orange County,,VA,2934,37563,40497
51139,Page County,,VA,1026,26911,27937
51141,Patrick County,,VA,836,18824,19660
51143,Pittsylvania County,,VA,3442,69545,72987
51145,Powhatan County,,VA,1815,30333,32148
51147,Prince Edward County,,VA,1479,18615,20094
51149,Prince George County,,VA,4950,34489,39439
51153,Prince William County,,VA,42913,467734,510647
51155,Pulaski County,,VA,1982,35568,37550
51157,Rappahannock County,,VA,685,7983,8668
51159,Richmond County,,VA,602,8400,9002
51161,Roanoke County,,VA,7901,108221,116122
51163,Rockbridge County,,VA,1185,24182,25367
51165,Rockingham County,,VA,4357,90926,95283
51167,Russell County,,VA,1210,26936,28146
51169,Scott County,,VA,949,22608,23557
51171,Shenandoah County,,VA,2679,48313,50992
51173,Smyth County,,VA,1293,33912,35205
51175,Southampton County,,VA,1259,18939,20198
51177,Spotsylvania County,,VA,12171,139034,151205
51179,Stafford County,,VA,15683,140828,156511
51181,Surry County,,VA,592,7386,7978
51183,Sussex County,,VA,786,11047,11833
51185,Tazewell County,,VA,2118,43711,45829
51187,Warren County,,VA,2900,42057,44957
51191,Washington County,,VA,3207,56719,59926
51193,Westmoreland County,,VA,1408,19656,21064
51195,Wise County,,VA,1790,38436,40226
51197,Wythe County,,VA,1418,31519,32937
51199,York County,,VA,8863,73149,82012
51510,Alexandria city,,VA,29289,150327,179616
51515,Bedford city,,VA,591,6674,7265
51520,Bristol city,,VA,1798,16645,18443
51530,Buena Vista city,,VA,608,6651,7259
51540,Charlottesville city,,VA,6593,37435,44028
51550,Chesapeake city,,VA,25153,248089,273242
51570,Colonial Heights city,,VA,2482,19548,22030
51580,Covington city,,VA,415,6892,7307
51590,Danville city,,VA,2828,43831,46659
51595,Emporia city,,VA,568,6508,7076
51600,Fairfax city,,VA,4209,25088,29297
51610,Falls Church city,,VA,2094,12695,14789
51620,Franklin city,,VA,976,9139,10115
51630,Fredericksburg city,,VA,4753,21287,26040
51640,Galax city,,VA,679,7701,8380
51650,Hampton city,,VA,19909,141398,161307
51660,Harrisonburg city,,VA,4245,34644,38889
51670,Hopewell city,,VA,3123,23472,26595
51678,Lexington city,,VA,691,5232,5923
51680,Lynchburg city,,VA,6745,68450,75195
51683,Manassas city,,VA,6327,43492,49819
51685,Manassas Park city,,VA,2433,15087,17520
51690,Martinsville city,,VA,1121,14220,15341
51700,Newport News city,,VA,27732,186741,214473
51710,Norfolk city,,VA,34912,217146,252058
51720,Norton city,,VA,392,4065,4457
51730,Petersburg city,,VA,4966,32936,37902
51735,Poquoson city,,VA,1141,14228,15369
51740,Portsmouth city,,VA,12567,100594,113161
51750,Radford city,,VA,1810,10400,12210
51760,Richmond city,,VA,23713,180764,204477
51770,Roanoke city,,VA,9957,101546,111503
51775,Salem city,,VA,2568,26918,29486
51790,Staunton city,,VA,2374,25392,27766
51800,Suffolk city,,VA,8799,92423,101222
51810,Virginia Beach city,,VA,50815,489698,540513
51820,Waynesboro city,,VA,2074,24148,26222
51830,Williamsburg city,,VA,1844,9612,11456
51840,Winchester city,,VA,3866,26777,30643
53001,Adams County,,WA,1627,22931,24558
53003,Asotin County,,WA,1825,22530,24355
53005,Benton County,,WA,13065,196085,209150
53007,Chelan County,,WA,5575,85165,90740
53009,Clallam County,,WA,3925,76947,80872
53011,Clark County,,WA,24507,478102,502609
53013,Columbia County,,WA,364,4197,4561
53015,Cowlitz County,,WA,5874,109639,115513
53017,Douglas County,,WA,3840,40996,44836
53019,Ferry County,,WA,428,6641,7069
53021,Franklin County,,WA,6899,90055,96954
53023,Garfield County,,WA,162,2321,2483
53025,Grant County,,WA,5212,103562,108774
53027,Grays Harbor County,,WA,4198,71883,76081
53029,Island County,,WA,9751,84998,94749
53031,Jefferson County,,WA,1976,32245,34221
53033,King County,,WA,114859,2205029,2319888
53035,Kitsap County,,WA,20875,274217,295092
53037,Kittitas County,,WA,3224,37694,40918
53039,Klickitat County,,WA,1527,21987,23514
53041,Lewis County,,WA,4529,80623,85152
53043,Lincoln County,,WA,834,11315,12149
53045,Mason County,,WA,4340,61680,66020
53047,Okanogan County,,WA,2255,44594,46849
53049,Pacific County,,WA,1351,22052,23403
53051,Pend Oreille County,,WA,975,13117,14092
53053,Pierce County,,WA,65010,878855,943865
53055,San Juan County,,WA,909,16229,17138
53057,Skagit County,,WA,7250,131877,139127
53059,Skamania County,,WA,773,10895,11668
53061,Snohomish County,,WA,47023,797848,844871
53063,Spokane County,,WA,26097,516957,543054
53065,Stevens County,,WA,2856,44605,47461
53067,Thurston County,,WA,22041,284650,306691
53069,Wahkiakum County,,WA,259,4141,4400
53071,Walla Walla County,,WA,3664,60668,64332
53073,Whatcom County,,WA,11352,215117,226469
53075,Whitman County,,WA,4589,35320,39909
53077,Yakima County,,WA,10102,280658,290760
54001,Barbour County,,WV,781,16634,17415
54003,Berkeley County,,WV,6591,118224,124815
54005,Boone County,,WV,1053,24752,25805
54007,Braxton County,,WV,620,14075,14695
54009,Brooke County,,WV,1123,26908,28031
54011,Cabell County,,WV,6036,96495,102531
54013,Calhoun County,,WV,358,6981,7339
54015,Clay County,,WV,566,9358,9924
54017,Doddridge County,,WV,356,5698,6054
54019,Fayette County,,WV,2249,44691,46940
54021,Gilmer County,,WV,464,6293,6757
54023,Grant County,,WV,602,13423,14025
54025,Greenbrier County,,WV,1509,37155,38664
54027,Hampshire County,,WV,1264,25177,26441
54029,Hancock County,,WV,1792,36838,38630
54031,Hardy County,,WV,966,15845,16811
54033,Harrison County,,WV,3259,78884,82143
54035,Jackson County,,WV,1314,32022,33336
54037,Jefferson County,,WV,3678,59487,63165
54039,Kanawha County,,WV,9429,215403,224832
54041,Lewis County,,WV,919,19235,20154
54043,Lincoln County,,WV,1026,21145,22171
54045,Logan County,,WV,1728,36433,38161
54047,McDowell County,,WV,855,17836,18691
54049,Marion County,,WV,2818,62462,65280
54051,Marshall County,,WV,1498,35818,37316
54053,Mason County,,WV,1067,27531,28598
54055,Mercer County,,WV,2706,63851,66557
54057,Mineral County,,WV,1421,32174,33595
54059,Mingo County,,WV,1175,24730,25905
54061,Monongalia County,,WV,6654,87100,93754
54063,Monroe County,,WV,609,13553,14162
54065,Morgan County,,WV,1072,18885,19957
54067,Nicholas County,,WV,1115,27312,28427
54069,Ohio County,,WV,2521,51145,53666
54071,Pendleton County,,WV,519,8538,9057
54073,Pleasants County,,WV,352,8103,8455
54075,Pocahontas County,,WV,388,9096,9484
54077,Preston County,,WV,1367,34211,35578
54079,Putnam County,,WV,3889,63896,67785
54081,Raleigh County,,WV,3393,80356,83749
54083,Randolph County,,WV,1242,30676,31918
54085,Ritchie County,,WV,600,11859,12459
54087,Roane County,,WV,805,14876,15681
54089,Summers County,,WV,581,11233,11814
54091,Taylor County,,WV,879,17730,18609
54093,Tucker County,,WV,374,7857,8231
54095,Tyler County,,WV,458,9729,10187
54097,Upshur County,,WV,1111,25077,26188
54099,Wayne County,,WV,2048,40796,42844
54101,Webster County,,WV,365,8739,9104
54103,Wetzel County,,WV,888,18308,19196
54105,Wirt County,,WV,294,5452,5746
54107,Wood County,,WV,3762,97054,100816
54109,Wyoming County,,WV,804,22148,22952
55001,Adams County,,WI,1321,21135,22456
55003,Ashland County,,WI,993,18303,19296
55005,Barron County,,WI,2710,55094,57804
55007,Bayfield County,,WI,785,18047,18832
55009,Brown County,,WI,12590,310832,323422
55011,Buffalo County,,WI,788,16698,17486
55013,Burnett County,,WI,829,18580,19409
55015,Calumet County,,WI,3303,61113,64416
55017,Chippewa County,,WI,3852,74168,78020
55019,Clark County,,WI,2016,40322,42338
55021,Columbia County,,WI,4389,70764,75153
55023,Crawford County,,WI,945,19353,20298
55025,Dane County,,WI,29599,593827,623426
55027,Dodge County,,WI,5457,104492,109949
55029,Door County,,WI,1331,35907,37238
55031,Douglas County,,WI,2388,49934,52322
55033,Dunn County,,WI,3070,45201,48271
55035,Eau Claire County,,WI,7006,110334,117340
55037,Florence County,,WI,311,5273,5584
55039,Fond du Lac County,,WI,5215,125260,130475
55041,Forest County,,WI,468,10735,11203
55043,Grant County,,WI,2713,56958,59671
55045,Green County,,WI,2509,46770,49279
55047,Green Lake County,,WI,1254,23196,24450
55049,Iowa County,,WI,1731,29166,30897
55051,Iron County,,WI,319,7086,7405
55053,Jackson County,,WI,1283,22725,24008
55055,Jefferson County,,WI,5753,98512,104265
55057,Juneau County,,WI,1815,29492,31307
55059,Kenosha County,,WI,9838,193633,203471
55061,Kewaunee County,,WI,1020,25759,26779
55063,La Crosse County,,WI,6448,131024,137472
55065,Lafayette County,,WI,1084,21271,22355
55067,Langlade County,,WI,1059,24054,25113
55069,Lincoln County,,WI,1565,35590,37155
55071,Manitowoc County,,WI,3485,102594,106079
55073,Marathon County,,WI,6537,167120,173657
55075,Marinette County,,WI,2465,48784,51249
55077,Marquette County,,WI,1156,18371,19527
55078,Menominee County,,WI,242,4386,4628
55079,Milwaukee County,,WI,46451,1076143,1122594
55081,Monroe County,,WI,3106,53183,56289
55083,Oconto County,,WI,2319,46167,48486
55085,Oneida County,,WI,2265,45800,48065
55087,Outagamie County,,WI,12678,221606,234284
55089,Ozaukee County,,WI,5482,107527,113009
55091,Pepin County,,WI,504,8778,9282
55093,Pierce County,,WI,2667,44775,47442
55095,Polk County,,WI,2691,52521,55212
55097,Portage County,,WI,4115,80402,84517
55099,Price County,,WI,805,17432,18237
55101,Racine County,,WI,10629,235666,246295
55103,Richland County,,WI,1154,20064,21218
55105,Rock County,,WI,8202,193262,201464
55107,Rusk County,,WI,806,16777,17583
55109,St. Croix County,,WI,5310,102480,107790
55111,Sauk County,,WI,4292,77464,81756
55113,Sawyer County,,WI,882,19922,20804
55115,Shawano County,,WI,2345,49146,51491
55117,Sheboygan County,,WI,5546,146447,151993
55119,Taylor County,,WI,1010,23578,24588
55121,Trempealeau County,,WI,1940,38166,40106
55123,Vernon County,,WI,1658,34148,35806
55125,Vilas County,,WI,1330,25623,26953
55127,Walworth County,,WI,6279,116892,123171
55129,Washburn County,,WI,1040,19707,20747
55131,Washington County,,WI,7677,168251,175928
55133,Waukesha County,,WI,24859,488765,513624
55135,Waupaca County,,WI,2706,62664,65370
55137,Waushara County,,WI,1521,27696,29217
55139,Winnebago County,,WI,11288,193314,204602
55141,Wood County,,WI,4033,93470,97503
56001,Albany County,,WY,4512,32750,37262
56003,Big Horn County,,WY,866,12419,13285
56005,Campbell County,,WY,4367,52639,57006
56007,Carbon County,,WY,1791,17271,19062
56009,Converse County,,WY,1405,15853,17258
56011,Crook County,,WY,631,8029,8660
56013,Fremont County,,WY,2599,44465,47064
56015,Goshen County,,WY,1064,13415,14479
56017,Hot Springs County,,WY,400,5191,5591
56019,Johnson County,,WY,775,9390,10165
56021,Laramie County,,WY,8719,105676,114395
56023,Lincoln County,,WY,1554,19769,21323
56025,Natrona County,,WY,5483,85313,90796
56027,Niobrara County,,WY,247,2530,2777
56029,Park County,,WY,2289,33319,35608
56031,Platte County,,WY,648,9827,10475
56033,Sheridan County,,WY,2418,33069,35487
56035,Sublette County,,WY,1298,9966,11264
56037,Sweetwater County,,WY,4428,51436,55864
56039,Teton County,,WY,2614,25384,27998
56041,Uinta County,,WY,1935,24561,26496
56043,Washakie County,,WY,709,9775,10484
56045,Weston County,,WY,550,8056,8606
