Id,Label,timeset,state,totalmig,totalnonmig,population,indegree,outdegree,Degree,weighted indegree,weighted outdegree,Weighted Degree,Eccentricity,closnesscentrality,harmonicclosnesscentrality,betweenesscentrality,Authority,Hub,modularity_class,pageranks,componentnumber,strongcompnum,clustering,eigencentrality
1001,Autauga County,,AL,6085,59242,65327,13,15,28,3767,3401,7168,6,0.334628,0.353942,308.595353,0.002926,0.003939,1,0.000194,0,23,0.606618,0.022694
1003,Baldwin County,,AL,12939,212065,225004,67,49,116,10423,6993,17416,6,0.366938,0.394477,12376.273076,0.019773,0.016141,0,0.000854,0,23,0.369819,0.156554
1005,Barbour County,,AL,1995,25278,27273,10,11,21,1047,1196,2243,6,0.302155,0.316536,6064.088537,0.000778,0.001028,1,0.000235,0,23,0.472727,0.006268
1007,Bibb County,,AL,1494,20856,22350,5,5,10,1077,1010,2087,6,0.297583,0.309778,1.116667,0.000599,0.000501,0,0.000116,0,23,0.666667,0.004267
1009,Blount County,,AL,3918,59947,63865,10,10,20,3100,2966,6066,6,0.298858,0.312224,5.89924,0.000955,0.000925,0,0.000185,0,23,0.809091,0.007547
1011,Bullock County,,AL,718,9399,10117,4,5,9,338,520,858,6,0.279287,0.290762,1.125,0.000316,0.000272,1,0.000105,0,23,0.8,0.002465
1013,Butler County,,AL,1282,21499,22781,5,5,10,458,482,940,6,0.279314,0.290819,24.336284,0.000417,0.000268,1,0.000129,0,23,0.428571,0.003316
1015,Calhoun County,,AL,7654,123772,131426,20,26,46,4018,4462,8480,6,0.322652,0.341866,5423.470304,0.003606,0.004307,0,0.000318,0,23,0.384615,0.02864
1017,Chambers County,,AL,3142,36326,39468,12,10,22,2089,2185,4274,6,0.31834,0.334767,166.483713,0.002147,0.001622,1,0.000187,0,23,0.557692,0.017326
1019,Cherokee County,,AL,1544,24458,26002,6,5,11,864,875,1739,7,0.246945,0.256108,17.173906,0.000107,0.000076,0,0.00013,0,23,0.4,0.001177
1021,Chilton County,,AL,3103,45460,48563,9,10,19,2121,1818,3939,6,0.298858,0.312594,28.404428,0.000938,0.000877,0,0.000161,0,23,0.545455,0.006984
1023,Choctaw County,,AL,710,14223,14933,3,5,8,137,298,435,7,0.280786,0.292546,19.189598,0.000257,0.000223,0,0.000088,0,23,0.433333,0.001939
1025,Clarke County,,AL,1420,27768,29188,8,9,17,808,877,1685,6,0.299041,0.312486,60.268339,0.000432,0.000918,0,0.000189,0,23,0.533333,0.004093
1027,Clay County,,AL,777,14464,15241,6,5,11,578,465,1043,7,0.244901,0.253531,17.709054,0.000457,0.000051,0,0.000135,0,23,0.633333,0.003421
1029,Cleburne County,,AL,1005,15199,16204,5,4,9,828,636,1464,7,0.256837,0.266551,5.13151,0.000218,0.000081,1,0.000114,0,23,0.6,0.00214
1031,Coffee County,,AL,6833,50755,57588,22,25,47,3353,3496,6849,6,0.337791,0.359693,2771.29398,0.005958,0.00707,1,0.000289,0,23,0.48046,0.044408
1033,Colbert County,,AL,3945,59878,63823,9,8,17,2550,2545,5095,6,0.298827,0.311854,110.588596,0.001333,0.000754,0,0.000172,0,23,0.633333,0.009678
1035,Conecuh County,,AL,870,12938,13808,5,6,11,434,473,907,6,0.281082,0.292969,6.072797,0.000334,0.00033,0,0.000121,0,23,0.633333,0.003013
1037,Coosa County,,AL,1007,9575,10582,5,6,11,736,804,1540,6,0.297462,0.309721,153.846561,0.00043,0.000445,0,0.000128,0,23,0.766667,0.00319
1039,Covington County,,AL,2111,38969,41080,9,13,22,942,1110,2052,6,0.298128,0.313367,160.667018,0.000535,0.001432,1,0.000189,0,23,0.461538,0.004918
1041,Crenshaw County,,AL,1064,14420,15484,5,5,10,593,618,1211,6,0.279714,0.291126,3.688764,0.000258,0.00022,1,0.000121,0,23,0.65,0.002129
1043,Cullman County,,AL,3921,87043,90964,11,9,20,2755,2185,4940,6,0.298614,0.311684,12.068066,0.001058,0.000768,0,0.000202,0,23,0.666667,0.008309
1045,Dale County,,AL,8041,47721,55762,26,27,53,4059,4497,8556,6,0.351108,0.374573,4528.643894,0.007669,0.008349,1,0.000329,0,23,0.586207,0.056805
1047,Dallas County,,AL,2964,45140,48104,10,13,23,960,1880,2840,6,0.317168,0.333982,1544.788694,0.000837,0.001825,1,0.000191,0,23,0.472527,0.006286
1049,DeKalb County,,AL,4279,72617,76896,11,12,23,2520,2628,5148,6,0.300451,0.314801,845.541338,0.001148,0.00109,0,0.000211,0,23,0.390476,0.009189
1051,Elmore County,,AL,7422,87400,94822,16,16,32,5034,4802,9836,6,0.304605,0.320421,161.578862,0.001401,0.002026,1,0.000264,0,23,0.535088,0.010938
1053,Escambia County,,AL,2235,37444,39679,8,10,18,1161,1351,2512,6,0.302031,0.316382,48.270161,0.001122,0.001551,0,0.000155,0,23,0.688889,0.009445
1055,Etowah County,,AL,5718,109298,115016,14,16,30,3377,3421,6798,6,0.311106,0.328242,975.591975,0.001687,0.002015,0,0.000249,0,23,0.562092,0.013655
1057,Fayette County,,AL,916,16976,17892,5,4,9,610,617,1227,7,0.265808,0.276036,77.649135,0.000485,0.000074,0,0.000122,0,23,0.75,0.003527
1059,Franklin County,,AL,2950,35334,38284,10,13,23,1342,1750,3092,6,0.299806,0.314016,2249.37366,0.000355,0.000747,0,0.000219,0,23,0.423077,0.003617
1061,Geneva County,,AL,2078,26326,28404,6,6,12,1243,1181,2424,7,0.279981,0.291903,7.647519,0.000249,0.000419,1,0.000127,0,23,0.642857,0.002392
1063,Greene County,,AL,611,8779,9390,3,3,6,322,398,720,6,0.297553,0.309494,0,0.000476,0.000393,0,0.000094,0,23,1,0.00335
1065,Hale County,,AL,1220,16564,17784,3,3,6,732,803,1535,7,0.265543,0.275467,107.038487,0.000083,0.000075,0,0.000104,0,23,0.666667,0.000858
1067,Henry County,,AL,1453,17896,19349,4,3,7,1003,886,1889,7,0.265856,0.276343,0.458824,0.000191,0.00012,1,0.000102,0,23,0.833333,0.001574
1069,Houston County,,AL,9106,112132,121238,35,35,70,5521,5732,11253,6,0.344422,0.368203,15768.046997,0.008224,0.010004,1,0.00053,0,23,0.468902,0.065
1071,Jackson County,,AL,2901,56039,58940,8,7,15,1574,1745,3319,6,0.28904,0.302344,58.634692,0.000611,0.000593,0,0.00018,0,23,0.482143,0.005527
1073,Jefferson County,,AL,40965,738398,779363,134,147,281,29470,33240,62710,5,0.42286,0.459443,99713.982862,0.044046,0.054935,0,0.001654,0,23,0.354736,0.348494
1075,Lamar County,,AL,736,14765,15501,5,5,10,379,433,812,7,0.268168,0.279142,25.86647,0.000107,0.000094,0,0.00013,0,23,0.466667,0.001203
1077,Lauderdale County,,AL,5318,96957,102275,13,14,27,3044,3151,6195,6,0.310546,0.326172,3301.090185,0.001609,0.001748,0,0.000261,0,23,0.458333,0.013037
1079,Lawrence County,,AL,2022,35985,38007,6,7,13,1413,1560,2973,6,0.285993,0.298362,2.303131,0.000353,0.000355,0,0.000142,0,23,0.785714,0.003244
1081,Lee County,,AL,14146,144364,158510,48,52,100,10019,9060,19079,6,0.359157,0.386496,10288.580364,0.013136,0.015814,1,0.000607,0,23,0.388393,0.102972
1083,Limestone County,,AL,5876,96238,102114,12,12,24,4859,3490,8349,6,0.309594,0.324579,136.417017,0.000894,0.001415,0,0.00023,0,23,0.480952,0.007268
1085,Lowndes County,,AL,1040,13134,14174,3,4,7,660,808,1468,6,0.278041,0.289067,1.793968,0.000205,0.000185,1,0.000095,0,23,0.666667,0.001624
1087,Macon County,,AL,1835,19613,21448,5,5,10,789,973,1762,6,0.298037,0.310575,12.942804,0.00033,0.000597,1,0.000118,0,23,0.8,0.002644
1089,Madison County,,AL,22983,403059,426042,112,102,214,15765,15681,31446,5,0.399564,0.433578,41319.050356,0.042229,0.041358,0,0.001281,0,23,0.409034,0.332441
1091,Marengo County,,AL,1354,22043,23397,9,9,18,694,715,1409,6,0.298492,0.311576,1805.735119,0.000898,0.000602,0,0.000218,0,23,0.411111,0.006758
1093,Marion County,,AL,2051,28246,30297,6,11,17,1129,1249,2378,6,0.299714,0.313618,195.883888,0.000092,0.000737,0,0.000163,0,23,0.445455,0.001207
1095,Marshall County,,AL,7021,104524,111545,13,16,29,4225,4661,8886,6,0.301007,0.315916,180.873714,0.001844,0.001272,0,0.00023,0,23,0.518382,0.014171
1097,Mobile County,,AL,19994,449591,469585,80,79,159,10981,12113,23094,6,0.38844,0.419886,31775.569639,0.027915,0.030707,0,0.000954,0,23,0.422151,0.218313
1099,Monroe County,,AL,1206,22847,24053,8,7,15,606,618,1224,6,0.294147,0.307776,30.605091,0.000926,0.000897,0,0.000162,0,23,0.642857,0.007664
1101,Montgomery County,,AL,19334,249414,268748,71,74,145,10924,13487,24411,5,0.384767,0.41529,42246.853388,0.022979,0.026297,1,0.000902,0,23,0.377306,0.181202
1103,Morgan County,,AL,8045,137017,145062,20,19,39,5215,5063,10278,6,0.338181,0.358225,3568.019036,0.001943,0.002875,0,0.000359,0,23,0.366667,0.016256
1105,Perry County,,AL,796,10127,10923,3,5,8,222,531,753,6,0.297673,0.309949,57.706631,0.000018,0.000397,0,0.000113,0,23,0.6,0.000354
1107,Pickens County,,AL,1161,20439,21600,4,3,7,484,594,1078,6,0.298037,0.310091,39.160249,0.000494,0.000405,0,0.000108,0,23,0.75,0.003539
1109,Pike County,,AL,2510,30364,32874,9,9,18,1158,1074,2232,6,0.285408,0.298555,31.809757,0.000509,0.00063,1,0.000173,0,23,0.566667,0.004107
1111,Randolph County,,AL,1599,23201,24800,9,10,19,1016,988,2004,6,0.313973,0.329346,639.124232,0.000373,0.001085,1,0.00018,0,23,0.454545,0.003441
1113,Russell County,,AL,10345,55628,65973,27,23,50,6687,6711,13398,6,0.340856,0.36306,1025.720572,0.00913,0.007702,1,0.000314,0,23,0.578629,0.069046
1115,St. Clair County,,AL,6623,89291,95914,14,12,26,5272,4182,9454,6,0.301192,0.315643,53.583046,0.001869,0.001342,0,0.000233,0,23,0.575163,0.015161
1117,Shelby County,,AL,18287,227573,245860,46,52,98,14376,13281,27657,6,0.367444,0.395427,8590.708696,0.013011,0.016255,0,0.000619,0,23,0.407721,0.102993
1119,Sumter County,,AL,780,12684,13464,4,3,7,271,267,538,7,0.268241,0.27886,12.555383,0.000115,0.000089,0,0.00011,0,23,0.416667,0.001078
1121,Talladega County,,AL,5287,82996,88283,14,13,27,3414,3559,6973,6,0.300205,0.314545,414.258303,0.001546,0.001255,0,0.000236,0,23,0.561905,0.011916
1123,Tallapoosa County,,AL,3842,45350,49192,14,13,27,2269,2539,4808,6,0.301627,0.316348,470.340182,0.001108,0.001294,1,0.000245,0,23,0.495238,0.008847
1125,Tuscaloosa County,,AL,11884,198270,210154,45,44,89,7248,7079,14327,6,0.361327,0.387548,28650.716928,0.009453,0.010435,0,0.000702,0,23,0.291582,0.074395
1127,Walker County,,AL,3448,68032,71480,10,13,23,1863,2202,4065,6,0.299316,0.313276,177.962326,0.000636,0.000975,0,0.00021,0,23,0.549451,0.004995
1129,Washington County,,AL,1202,17874,19076,5,4,9,699,763,1462,7,0.280195,0.291715,174.617747,0.000348,0.000348,0,0.000125,0,23,0.5,0.003157
1131,Wilcox County,,AL,721,11794,12515,6,6,12,358,355,713,6,0.298128,0.31083,14.8263,0.000833,0.000506,0,0.000131,0,23,0.666667,0.005982
1133,Winston County,,AL,1575,23829,25404,8,6,14,1066,1050,2116,6,0.297764,0.310119,95.15616,0.000742,0.000348,0,0.000164,0,23,0.660714,0.005815
2013,Aleutians East Borough,,AK,347,1935,2282,1,2,3,44,112,156,6,0.319137,0.333584,0,0.000713,0.001147,165,0.000061,0,23,1,0.006034
2016,Aleutians West Census Area,,AK,799,4840,5639,1,2,3,83,173,256,6,0.319137,0.333584,0,0.000713,0.001147,165,0.000061,0,23,1,0.006034
2020,Anchorage Municipality,,AK,36800,338834,375634,150,176,326,20117,24957,45074,5,0.421765,0.462258,76105.124104,0.050706,0.060602,165,0.001891,0,23,0.325386,0.407331
2050,Bethel Census Area,,AK,999,17519,18518,2,5,7,296,523,819,6,0.297492,0.310768,3.195,0.00044,0.000604,165,0.000091,0,23,0.7,0.003072
2060,Bristol Bay Borough,,AK,164,1071,1235,0,0,0,0,0,0,0,0,0,0,0,0,2,0.00005,1,24,0,0
2068,Denali Borough,,AK,417,2483,2900,1,2,3,58,113,171,6,0.297402,0.310256,0,0.000183,0.000515,165,0.000059,0,23,1,0.00122
2070,Dillingham Census Area,,AK,319,5221,5540,1,1,2,89,92,181,6,0.296679,0.309226,0,0.000438,0.000366,165,0.000059,0,23,0,0.002973
2090,Fairbanks North Star Borough,,AK,16116,104795,120911,55,67,122,5484,7602,13086,6,0.37145,0.40149,12436.143908,0.020543,0.02539,165,0.000669,0,23,0.472659,0.159973
2100,Haines Borough,,AK,173,2941,3114,0,0,0,0,0,0,0,0,0,0,0,0,3,0.00005,2,25,0,0
2105,Hoonah-Angoon Census Area,,AK,195,2265,2460,1,1,2,55,70,125,7,0.254186,0.261897,0,0.000027,0.000034,165,0.000074,0,23,0,0.00034
2110,Juneau City and Borough,,AK,3647,37645,41292,12,11,23,898,1006,1904,6,0.340777,0.360296,9340.293791,0.004712,0.003691,165,0.000304,0,23,0.480952,0.036729
2122,Kenai Peninsula Borough,,AK,5029,65578,70607,10,9,19,1862,1688,3550,6,0.345112,0.363845,331.888812,0.00317,0.003404,165,0.000182,0,23,0.544872,0.025345
2130,Ketchikan Gateway Borough,,AK,1402,15957,17359,5,4,9,261,284,545,6,0.319276,0.334039,5893.367161,0.001717,0.001181,165,0.000178,0,23,0.5,0.013788
2150,Kodiak Island Borough,,AK,2176,16580,18756,4,7,11,269,656,925,6,0.33501,0.352861,1.993338,0.002684,0.003536,165,0.000086,0,23,0.809524,0.020519
2164,Lake and Peninsula Borough,,AK,129,1723,1852,1,1,2,60,55,115,6,0.296679,0.309226,0,0.000438,0.000366,165,0.000059,0,23,0,0.002973
2170,Matanuska-Susitna Borough,,AK,8821,101826,110647,23,22,45,5705,3995,9700,6,0.346377,0.368885,2091.672981,0.008838,0.008498,165,0.000342,0,23,0.524731,0.06991
2180,Nome Census Area,,AK,727,9396,10123,1,3,4,127,304,431,6,0.297432,0.310427,0,0.000438,0.000578,165,0.000059,0,23,1,0.002973
2185,North Slope Borough,,AK,541,7538,8079,1,2,3,168,239,407,6,0.297402,0.310256,0,0.000438,0.000515,165,0.000059,0,23,1,0.002973
2188,Northwest Arctic Borough,,AK,620,6589,7209,1,2,3,106,291,397,6,0.296739,0.309454,0,0.000438,0.00043,165,0.000059,0,23,1,0.002973
2195,Petersburg Census Area,,AK,358,4415,4773,0,1,1,0,44,44,7,0.254228,0.261979,0,0,0.000034,165,0.00005,0,26,0,0
2198,Prince of Wales-Hyder Census Area,,AK,394,5365,5759,1,1,2,92,56,148,7,0.242029,0.248243,0,0.000009,0.000012,165,0.000088,0,23,0,0.000174
2220,Sitka City and Borough,,AK,1086,10161,11247,2,2,4,109,165,274,6,0.296739,0.309454,0,0.000464,0.0004,165,0.000083,0,23,1,0.003313
2230,Skagway Municipality,,AK,149,1307,1456,0,0,0,0,0,0,0,0,0,0,0,0,4,0.00005,3,27,0,0
2240,Southeast Fairbanks Census Area,,AK,993,8272,9265,2,3,5,218,350,568,6,0.297432,0.310427,0,0.000245,0.000578,165,0.000072,0,23,1,0.001796
2261,Valdez-Cordova Census Area,,AK,1389,11181,12570,4,4,8,393,540,933,6,0.297462,0.310597,0,0.000707,0.000601,165,0.000098,0,23,1,0.00503
2270,Wade Hampton Census Area,,AK,331,7736,8067,2,2,4,161,170,331,6,0.296709,0.309397,0,0.000442,0.000369,165,0.000075,0,23,1,0.003072
2275,Wrangell City and Borough,,AK,156,2413,2569,0,0,0,0,0,0,0,0,0,0,0,0,5,0.00005,4,28,0,0
2282,Yakutat City and Borough,,AK,45,601,646,0,0,0,0,0,0,0,0,0,0,0,0,6,0.00005,5,29,0,0
2290,Yukon-Koyukuk Census Area,,AK,585,5893,6478,2,2,4,222,362,584,6,0.297402,0.310256,0,0.000621,0.000515,165,0.000068,0,23,1,0.004193
4001,Apache County,,AZ,7520,64540,72060,14,16,30,5238,6211,11449,6,0.340817,0.360893,111.097387,0.003153,0.004461,9,0.000212,0,23,0.584795,0.025233
4003,Cochise County,,AZ,14266,134496,148762,38,44,82,6221,8096,14317,6,0.368507,0.395068,481.190366,0.015982,0.017858,9,0.000409,0,23,0.588627,0.122792
4005,Coconino County,,AZ,14080,132766,146846,28,31,59,7631,9508,17139,6,0.353694,0.378208,633.216471,0.011941,0.013008,9,0.000339,0,23,0.67479,0.09577
4007,Gila County,,AZ,3850,53195,57045,11,9,20,2818,2271,5089,6,0.338572,0.35711,8.807473,0.00464,0.003031,9,0.000163,0,23,0.826923,0.037019
4009,Graham County,,AZ,2354,30962,33316,8,8,16,1315,1458,2773,6,0.335855,0.353606,4.267722,0.001963,0.002023,9,0.000156,0,23,0.652778,0.016321
4011,Greenlee County,,AZ,738,8271,9009,4,3,7,466,379,845,6,0.335586,0.352639,0,0.00173,0.001528,9,0.000099,0,23,1,0.014303
4012,La Paz County,,AZ,1689,15663,17352,6,7,13,777,892,1669,6,0.336511,0.354232,0,0.00261,0.002772,9,0.000106,0,23,1,0.020626
4013,Maricopa County,,AZ,205518,4365582,4571100,635,589,1224,205347,182174,387521,5,0.504737,0.571183,764192.512266,0.1297,0.125445,9,0.007466,0,23,0.090875,1
4015,Mohave County,,AZ,15835,186922,202757,41,44,85,10341,9316,19657,6,0.35455,0.38054,243.646976,0.014572,0.016396,9,0.000475,0,23,0.611216,0.116311
4017,Navajo County,,AZ,8904,100748,109652,20,20,40,7048,6560,13608,6,0.345968,0.367031,85.673271,0.007237,0.007464,9,0.000255,0,23,0.673913,0.057364
4019,Pima County,,AZ,56873,1058637,1115510,227,227,454,39653,42652,82305,5,0.44726,0.488316,42406.243288,0.079931,0.080541,9,0.002353,0,23,0.293989,0.608094
4021,Pinal County,,AZ,38773,320621,359394,104,78,182,33224,29142,62366,6,0.375978,0.407218,4091.404739,0.037303,0.031532,9,0.001146,0,23,0.453673,0.289598
4023,Santa Cruz County,,AZ,3543,56416,59959,7,6,13,1986,2543,4529,6,0.341532,0.359636,0,0.004449,0.00368,9,0.000116,0,23,1,0.035569
4025,Yavapai County,,AZ,17179,229863,247042,55,45,100,14483,10284,24767,6,0.361773,0.38847,361.325812,0.022738,0.020601,9,0.000594,0,23,0.674355,0.181433
4027,Yuma County,,AZ,15305,227457,242762,46,45,91,7867,9208,17075,6,0.3652,0.391923,321.096951,0.01855,0.020386,9,0.000483,0,23,0.646753,0.14679
5001,Arkansas County,,AR,1290,21035,22325,5,5,10,456,489,945,6,0.296349,0.308146,5.233333,0.000374,0.000309,7,0.000133,0,23,0.6,0.002867
5003,Ashley County,,AR,1323,22797,24120,5,6,11,349,471,820,6,0.29707,0.309482,53.239104,0.000349,0.000327,7,0.000149,0,23,0.4,0.002663
5005,Baxter County,,AR,2729,43493,46222,11,11,22,1098,961,2059,6,0.302,0.316081,10385.842159,0.001459,0.000771,7,0.000289,0,23,0.307692,0.011851
5007,Benton County,,AR,21170,261993,283163,82,72,154,15419,12746,28165,6,0.393976,0.423714,45592.157388,0.028924,0.028702,7,0.001161,0,23,0.409854,0.233918
5009,Boone County,,AR,2655,39811,42466,10,9,19,1153,1161,2314,7,0.287537,0.300345,13409.457619,0.000689,0.00052,7,0.00037,0,23,0.345455,0.006071
5011,Bradley County,,AR,761,11426,12187,2,2,4,193,199,392,6,0.296199,0.30752,0,0.000324,0.000266,7,0.000087,0,23,1,0.002271
5013,Calhoun County,,AR,312,4875,5187,1,2,3,111,113,224,7,0.228888,0.234635,0,0.000003,0.000003,7,0.000066,0,23,1,0.000101
5015,Carroll County,,AR,2027,30338,32365,8,6,14,898,842,1740,7,0.284025,0.295197,44.59545,0.000497,0.000344,7,0.000228,0,23,0.625,0.004927
5017,Chicot County,,AR,884,10727,11611,5,5,10,352,383,735,6,0.29719,0.30917,36.443911,0.000352,0.000284,7,0.000144,0,23,0.5,0.002655
5019,Clark County,,AR,1723,20844,22567,6,6,12,582,771,1353,6,0.297643,0.309869,228.213905,0.000413,0.000459,7,0.000178,0,23,0.5,0.003227
5021,Clay County,,AR,1115,15476,16591,5,4,9,590,592,1182,7,0.256164,0.26555,18.933554,0.000031,0.00003,7,0.000188,0,23,0.65,0.000734
5023,Cleburne County,,AR,2224,26746,28970,8,8,16,1177,1055,2232,6,0.29707,0.309539,1193.050981,0.000432,0.000352,7,0.000246,0,23,0.597222,0.0034
5025,Cleveland County,,AR,588,8708,9296,3,3,6,216,245,461,7,0.259246,0.267913,106.605986,0.000035,0.000015,7,0.000118,0,23,0.333333,0.000383
5027,Columbia County,,AR,1585,23663,25248,6,10,16,458,692,1150,6,0.3239,0.340717,1846.788138,0.000356,0.001169,7,0.000148,0,23,0.377778,0.002729
5029,Conway County,,AR,1636,21951,23587,5,6,11,835,925,1760,6,0.296349,0.308259,1.979762,0.000392,0.000307,7,0.000136,0,23,0.733333,0.002866
5031,Craighead County,,AR,7518,101260,108778,32,31,63,5491,4496,9987,6,0.34269,0.365011,39205.59643,0.003045,0.003611,7,0.000733,0,23,0.203968,0.026618
5033,Crawford County,,AR,4904,62010,66914,13,14,27,3248,3219,6467,6,0.31025,0.325779,835.013889,0.000783,0.0016,7,0.000252,0,23,0.481618,0.006812
5035,Crittenden County,,AR,4152,54919,59071,9,10,19,1950,2338,4288,6,0.335547,0.353754,1285.422905,0.001062,0.001762,137,0.000209,0,23,0.518182,0.007547
5037,Cross County,,AR,1412,19278,20690,4,5,9,545,657,1202,6,0.296949,0.30897,99.152934,0.000045,0.000304,7,0.000133,0,23,0.8,0.000692
5039,Dallas County,,AR,558,7662,8220,3,4,7,222,218,440,6,0.296379,0.308089,1393.562655,0.000003,0.000269,7,0.000127,0,23,0.3,0.000262
5041,Desha County,,AR,972,13365,14337,5,6,11,430,581,1011,6,0.296439,0.308402,391.361894,0.000359,0.000312,7,0.000152,0,23,0.6,0.002673
5043,Drew County,,AR,1465,18371,19836,7,7,14,680,662,1342,6,0.296499,0.308629,146.821796,0.000363,0.000317,7,0.000207,0,23,0.446429,0.002864
5045,Faulkner County,,AR,9789,118978,128767,32,29,61,6278,5749,12027,6,0.356231,0.380228,6047.349474,0.003986,0.007108,7,0.000575,0,23,0.295547,0.0338
5047,Franklin County,,AR,1278,17805,19083,4,5,9,690,807,1497,7,0.271699,0.282444,0.847449,0.000063,0.000165,7,0.000107,0,23,0.85,0.000745
5049,Fulton County,,AR,942,11086,12028,5,6,11,394,531,925,7,0.256905,0.266784,751.809619,0.000035,0.000034,7,0.000174,0,23,0.366667,0.000753
5051,Garland County,,AR,6965,105478,112443,30,23,53,4181,3284,7465,6,0.340262,0.361615,16525.228294,0.007187,0.00564,7,0.000548,0,23,0.359664,0.057949
5053,Grant County,,AR,1426,19102,20528,6,5,11,860,870,1730,6,0.296439,0.308316,1.342857,0.000458,0.000354,7,0.000156,0,23,0.833333,0.003564
5055,Greene County,,AR,2828,44223,47051,8,8,16,1714,1566,3280,6,0.29713,0.309653,1289.234537,0.000355,0.000297,7,0.000264,0,23,0.428571,0.003079
5057,Hempstead County,,AR,1692,22358,24050,8,5,13,811,770,1581,6,0.296769,0.308885,2804.071333,0.001163,0.000316,147,0.000187,0,23,0.5,0.009356
5059,Hot Spring County,,AR,2315,31887,34202,6,5,11,1622,1386,3008,6,0.296379,0.308203,3.683333,0.000416,0.000343,7,0.000176,0,23,0.633333,0.00325
5061,Howard County,,AR,1180,14502,15682,5,6,11,528,595,1123,6,0.296859,0.30917,546.221714,0.000326,0.000323,147,0.000171,0,23,0.5,0.002577
5063,Independence County,,AR,2591,38898,41489,10,11,21,1210,1433,2643,6,0.299469,0.312639,3961.488519,0.000433,0.000536,7,0.000327,0,23,0.393939,0.00362
5065,Izard County,,AR,957,11915,12872,4,5,9,391,461,852,7,0.232245,0.239245,13.007715,0.00001,0.000017,7,0.000154,0,23,0.5,0.000467
5067,Jackson County,,AR,1045,15440,16485,4,4,8,343,537,880,6,0.296949,0.308857,0,0.000375,0.000292,7,0.000125,0,23,1,0.00272
5069,Jefferson County,,AR,6029,77516,83545,14,18,32,2059,3239,5298,6,0.349684,0.371183,12568.60817,0.00206,0.004553,7,0.000321,0,23,0.454248,0.017729
5071,Johnson County,,AR,1610,25565,27175,5,8,13,553,787,1340,7,0.284521,0.296334,34.204338,0.00017,0.000408,7,0.000124,0,23,0.803571,0.001803
5073,Lafayette County,,AR,478,6819,7297,2,3,5,139,206,345,7,0.247153,0.254828,1.265152,0.000023,0.000024,147,0.000085,0,23,0.5,0.000304
5075,Lawrence County,,AR,1127,16245,17372,5,4,9,666,655,1321,7,0.25536,0.26435,4.668149,0.000032,0.000025,7,0.000184,0,23,0.6,0.000705
5077,Lee County,,AR,675,8051,8726,3,4,7,209,362,571,6,0.296949,0.308828,0.5,0.000334,0.000299,7,0.000094,0,23,0.833333,0.002418
5079,Lincoln County,,AR,827,10783,11610,3,4,7,334,494,828,7,0.259269,0.268112,2.916667,0.000035,0.00002,7,0.00012,0,23,0.666667,0.000402
5081,Little River County,,AR,1033,12937,13970,3,4,7,414,506,920,7,0.260005,0.269324,11.41202,0.000068,0.000053,147,0.000107,0,23,0.75,0.000719
5083,Logan County,,AR,1522,22356,23878,7,9,16,817,930,1747,7,0.283667,0.295561,207.241596,0.000401,0.00029,7,0.000156,0,23,0.588889,0.003139
5085,Lonoke County,,AR,7471,74907,82378,16,18,34,4736,4347,9083,6,0.32925,0.347867,2027.84381,0.003585,0.002062,7,0.000299,0,23,0.45,0.027747
5087,Madison County,,AR,1199,16179,17378,3,3,6,767,804,1571,7,0.283832,0.294457,0,0.000316,0.000332,7,0.000112,0,23,1,0.002942
5089,Marion County,,AR,1230,15824,17054,2,2,4,470,570,1040,7,0.232061,0.23842,0,0.000009,0.000016,7,0.000107,0,23,1,0.000305
5091,Miller County,,AR,4351,42709,47060,11,10,21,2900,2919,5819,6,0.32774,0.345182,8274.017484,0.001873,0.002014,147,0.000255,0,23,0.378788,0.015961
5093,Mississippi County,,AR,3347,47191,50538,8,9,17,1123,1647,2770,6,0.313335,0.328163,1884.601032,0.000945,0.000818,7,0.000215,0,23,0.5,0.006832
5095,Monroe County,,AR,652,8066,8718,3,5,8,176,298,474,6,0.296949,0.30897,5.512049,0.00033,0.000321,7,0.000101,0,23,0.633333,0.002397
5097,Montgomery County,,AR,708,8218,8926,2,2,4,178,279,457,7,0.253943,0.262387,0,0.000041,0.000052,7,0.000106,0,23,1,0.000601
5099,Nevada County,,AR,749,9035,9784,2,5,7,269,413,682,6,0.296499,0.30843,2.115152,0.000011,0.000291,147,0.000095,0,23,0.55,0.000254
5101,Newton County,,AR,527,8032,8559,1,1,2,217,219,436,8,0.22334,0.229059,0,0.000004,0.000005,7,0.000085,0,23,0,0.000132
5103,Ouachita County,,AR,1766,25668,27434,5,8,13,449,851,1300,6,0.296679,0.309113,7508.377225,0.000348,0.000377,7,0.000144,0,23,0.464286,0.002587
5105,Perry County,,AR,838,10530,11368,6,5,11,674,533,1207,6,0.296289,0.308032,1.4,0.000438,0.000319,7,0.000147,0,23,0.8,0.003145
5107,Phillips County,,AR,1350,20194,21544,4,6,10,369,547,916,6,0.313235,0.327651,83.50867,0.000931,0.000823,7,0.000111,0,23,0.633333,0.00638
5109,Pike County,,AR,889,10962,11851,4,4,8,457,428,885,7,0.254098,0.262956,7.30873,0.000047,0.000058,7,0.000165,0,23,0.333333,0.000804
5111,Poinsett County,,AR,1827,23580,25407,6,5,11,1028,1128,2156,7,0.255382,0.264521,234.618686,0.00063,0.000039,7,0.000169,0,23,0.666667,0.00459
5113,Polk County,,AR,1081,20475,21556,4,4,8,214,244,458,7,0.283448,0.294594,117.615231,0.000088,0.000248,7,0.000126,0,23,0.433333,0.001085
5115,Pope County,,AR,4799,64155,68954,12,18,30,2015,2579,4594,6,0.34185,0.361968,511.144713,0.000815,0.002058,7,0.000236,0,23,0.486928,0.006859
5117,Prairie County,,AR,585,8484,9069,4,4,8,247,410,657,6,0.296289,0.307918,1.166667,0.000362,0.000296,7,0.000116,0,23,0.833333,0.002688
5119,Pulaski County,,AR,33192,439096,472288,120,131,251,21606,24926,46532,5,0.420735,0.455887,186486.656975,0.036428,0.044564,7,0.001778,0,23,0.311868,0.288204
5121,Randolph County,,AR,1131,17687,18818,3,4,7,497,586,1083,7,0.255338,0.264293,0.333333,0.000028,0.000025,7,0.000138,0,23,0.833333,0.000505
5123,St. Francis County,,AR,1911,24012,25923,6,8,14,799,1059,1858,6,0.313168,0.327765,425.104189,0.000946,0.000816,7,0.000152,0,23,0.553571,0.006608
5125,Saline County,,AR,9351,122043,131394,21,23,44,7945,6297,14242,6,0.355108,0.378094,2244.630122,0.002977,0.006308,7,0.000405,0,23,0.458462,0.02446
5127,Scott County,,AR,898,10900,11798,3,4,7,304,455,759,7,0.258583,0.268093,4.127504,0.000055,0.000045,7,0.000102,0,23,0.65,0.000628
5129,Searcy County,,AR,534,8272,8806,1,1,2,48,82,130,8,0.22334,0.229059,0,0.000004,0.000005,7,0.000085,0,23,0,0.000132
5131,Sebastian County,,AR,10177,133141,143318,25,27,52,5900,6666,12566,6,0.348353,0.371792,13274.572474,0.00497,0.006404,7,0.000438,0,23,0.381773,0.042002
5133,Sevier County,,AR,1106,16728,17834,5,7,12,430,497,927,7,0.262286,0.272856,44.544649,0.000032,0.000111,147,0.000162,0,23,0.333333,0.000602
5135,Sharp County,,AR,1541,16006,17547,5,5,10,726,734,1460,7,0.25556,0.264822,82.010127,0.00003,0.000026,7,0.000186,0,23,0.55,0.000686
5137,Stone County,,AR,806,12070,12876,6,2,8,296,106,402,7,0.230527,0.236469,3.574034,0.000336,0.000006,7,0.000183,0,23,0.566667,0.002752
5139,Union County,,AR,2534,46088,48622,9,11,20,828,990,1818,6,0.334246,0.35285,1302.397535,0.001254,0.002194,7,0.000195,0,23,0.462121,0.0101
5141,Van Buren County,,AR,1281,16535,17816,4,5,9,599,513,1112,6,0.296289,0.308032,1.740371,0.000378,0.0003,7,0.000124,0,23,0.65,0.002733
5143,Washington County,,AR,16987,217332,234319,55,47,102,11373,11000,22373,6,0.372205,0.399573,24412.849498,0.016493,0.014687,7,0.000865,0,23,0.34774,0.13569
5145,White County,,AR,6131,79171,85302,13,16,29,2989,3174,6163,6,0.337519,0.357264,6558.550495,0.000594,0.003229,7,0.000332,0,23,0.454248,0.0052
5147,Woodruff County,,AR,472,7005,7477,1,1,2,126,149,275,7,0.252369,0.260141,0,0.000023,0.000004,7,0.000068,0,23,0,0.000132
5149,Yell County,,AR,1747,21691,23438,7,6,13,1056,1083,2139,6,0.296739,0.308914,18.30849,0.000441,0.000363,7,0.000163,0,23,0.678571,0.003376
6001,Alameda County,,CA,117415,1795626,1913041,210,201,411,113871,107311,221182,5,0.426803,0.468987,14442.725072,0.081155,0.077329,9,0.001956,0,23,0.378731,0.613676
6003,Alpine County,,CA,78,933,1011,0,0,0,0,0,0,0,0,0,0,0,0,8,0.00005,6,30,0,0
6005,Amador County,,CA,2421,38446,40867,12,9,21,1978,1319,3297,6,0.333941,0.350887,0.291049,0.004653,0.003173,9,0.000147,0,23,0.961538,0.036217
6007,Butte County,,CA,11541,218411,229952,48,54,102,8764,8654,17418,6,0.3496,0.375705,1410.930209,0.014888,0.017316,9,0.000497,0,23,0.65974,0.119309
6009,Calaveras County,,CA,3426,47630,51056,12,16,28,2489,2137,4626,6,0.34217,0.361655,10.24657,0.004779,0.006154,9,0.000155,0,23,0.930147,0.038082
6011,Colusa County,,CA,1439,28399,29838,7,6,13,701,799,1500,6,0.297946,0.310973,2.482064,0.001068,0.000826,9,0.000118,0,23,0.857143,0.008741
6013,Contra Costa County,,CA,71918,1290987,1362905,162,152,314,74122,63999,138121,5,0.407624,0.446342,7711.802024,0.065878,0.061547,9,0.00155,0,23,0.44736,0.508783
6015,Del Norte County,,CA,1712,23448,25160,4,8,12,370,684,1054,6,0.333903,0.350717,35.770526,0.000788,0.002002,165,0.000092,0,23,0.777778,0.006292
6017,El Dorado County,,CA,14243,207514,221757,45,46,91,12834,10755,23589,6,0.350646,0.376075,115.569599,0.014516,0.017705,9,0.000454,0,23,0.712439,0.116317
6019,Fresno County,,CA,40043,1031887,1071930,113,103,216,33161,32830,65991,6,0.392131,0.426069,3278.841324,0.047811,0.041112,9,0.001114,0,23,0.514641,0.379939
6021,Glenn County,,CA,1887,32356,34243,5,7,12,1009,1160,2169,6,0.297673,0.310922,1.566391,0.000736,0.000917,9,0.000106,0,23,0.809524,0.006125
6023,Humboldt County,,CA,7553,130275,137828,39,51,90,3829,4792,8621,6,0.347527,0.372634,3164.434515,0.013528,0.016448,9,0.000431,0,23,0.718728,0.108921
6025,Imperial County,,CA,9643,217627,227270,24,22,46,6566,7513,14079,6,0.34499,0.365865,3.452648,0.01054,0.010178,9,0.00025,0,23,0.876923,0.081981
6027,Inyo County,,CA,1329,20446,21775,8,8,16,738,544,1282,6,0.337053,0.354636,1.47045,0.004384,0.004219,9,0.000115,0,23,0.946429,0.032823
6029,Kern County,,CA,40674,907247,947921,94,121,215,30328,31940,62268,5,0.390823,0.42802,2973.112241,0.036167,0.04456,9,0.000954,0,23,0.46189,0.289015
6031,Kings County,,CA,11782,146915,158697,30,39,69,6866,8099,14965,6,0.367122,0.392708,131.055497,0.013348,0.018392,9,0.000299,0,23,0.745122,0.103557
6033,Lake County,,CA,3961,59878,63839,21,20,41,2706,2387,5093,6,0.34281,0.362907,2.079029,0.007755,0.00818,9,0.000226,0,23,0.969203,0.061639
6035,Lassen County,,CA,2308,24857,27165,5,7,12,466,988,1454,6,0.298523,0.312088,2964.31978,0.001038,0.001169,9,0.000099,0,23,0.690476,0.008122
6037,Los Angeles County,,CA,407109,11290702,11697811,493,531,1024,319886,383945,703831,5,0.499659,0.561325,344888.15743,0.125033,0.12451,9,0.005189,0,23,0.125959,0.954496
6039,Madera County,,CA,9429,162861,172290,26,33,59,7398,7472,14870,6,0.34499,0.367315,35.459605,0.010374,0.012219,9,0.000268,0,23,0.849432,0.081037
6041,Marin County,,CA,18474,308312,326786,54,52,106,16230,14628,30858,6,0.370792,0.398413,282.927227,0.025726,0.024409,9,0.000524,0,23,0.763784,0.203114
6043,Mariposa County,,CA,1468,18253,19721,9,7,16,714,664,1378,6,0.333827,0.350489,0.135747,0.003516,0.00209,9,0.000124,0,23,0.977778,0.027914
6045,Mendocino County,,CA,4461,94234,98695,27,24,51,2607,2477,5084,6,0.33783,0.357594,5.68295,0.010764,0.007737,9,0.000283,0,23,0.936492,0.085858
6047,Merced County,,CA,15351,275351,290702,37,39,76,11908,12101,24009,6,0.35246,0.377412,97.077843,0.013917,0.015498,9,0.000369,0,23,0.799154,0.109789
6049,Modoc County,,CA,667,8513,9180,1,2,3,56,145,201,7,0.258332,0.268092,0.325125,0.000008,0.00016,9,0.000062,0,23,0.666667,0.000136
6051,Mono County,,CA,1632,14974,16606,6,9,15,561,747,1308,6,0.338181,0.356342,1.490009,0.003737,0.004538,9,0.000101,0,23,0.902778,0.028415
6053,Monterey County,,CA,31773,540956,572729,86,96,182,21312,24178,45490,6,0.382357,0.416126,1134.6597,0.034364,0.038445,9,0.000822,0,23,0.525481,0.27141
6055,Napa County,,CA,9595,171360,180955,36,32,68,8011,7302,15313,6,0.345968,0.368481,16.122709,0.01503,0.013435,9,0.000356,0,23,0.910256,0.119366
6057,Nevada County,,CA,7842,112599,120441,35,31,66,6359,5421,11780,6,0.344706,0.366661,554.273882,0.013883,0.011473,9,0.000355,0,23,0.857041,0.110899
6059,Orange County,,CA,179948,3690897,3870845,278,300,578,157219,165296,322515,5,0.451255,0.50033,39640.286953,0.098476,0.099104,9,0.002686,0,23,0.264228,0.747688
6061,Placer County,,CA,30754,421762,452516,73,74,147,30542,25669,56211,6,0.359774,0.390666,1375.778352,0.026185,0.027168,9,0.000765,0,23,0.563338,0.213332
6063,Plumas County,,CA,1732,20617,22349,7,8,15,600,818,1418,6,0.30172,0.315415,117.89525,0.002797,0.001635,9,0.000114,0,23,0.744444,0.021838
6065,Riverside County,,CA,148850,2405583,2554433,242,256,498,153525,133199,286724,5,0.445695,0.490859,36607.55634,0.086448,0.083663,9,0.002383,0,23,0.271086,0.659952
6067,Sacramento County,,CA,84308,1607442,1691750,170,178,348,76798,74542,151340,5,0.423288,0.463379,32926.367119,0.063369,0.063281,9,0.00175,0,23,0.362736,0.500377
6069,San Benito County,,CA,4289,68730,73019,18,16,34,4214,3094,7308,6,0.34217,0.361655,0.567937,0.007157,0.006516,9,0.000194,0,23,0.950292,0.055819
6071,San Bernardino County,,CA,150453,2211548,2362001,195,256,451,131358,135041,266399,5,0.450423,0.494499,28241.330764,0.074504,0.084063,9,0.00192,0,23,0.29359,0.578702
6073,San Diego County,,CA,194706,3710716,3905422,459,502,961,167706,169495,337201,5,0.490787,0.552014,254736.37825,0.121649,0.121942,9,0.004757,0,23,0.134574,0.927919
6075,San Francisco County,,CA,85226,951297,1036523,158,130,288,71558,77698,149256,5,0.408989,0.444926,4180.972107,0.068932,0.058011,9,0.00144,0,23,0.522008,0.520298
6077,San Joaquin County,,CA,40648,780301,820949,72,87,159,35718,34592,70310,6,0.379534,0.411644,1636.208864,0.026709,0.030581,9,0.000715,0,23,0.529102,0.213329
6079,San Luis Obispo County,,CA,16627,302312,318939,57,56,113,14600,12346,26946,6,0.353566,0.380768,180.434339,0.02304,0.021172,9,0.000568,0,23,0.741587,0.185701
6081,San Mateo County,,CA,60918,905499,966417,121,107,228,54346,54738,109084,5,0.395732,0.430677,2558.505841,0.056378,0.047116,9,0.001105,0,23,0.56241,0.428707
6083,Santa Barbara County,,CA,24706,495522,520228,78,81,159,18680,18699,37379,6,0.382507,0.414573,1181.121171,0.034277,0.036184,9,0.000802,0,23,0.637602,0.275959
6085,Santa Clara County,,CA,116380,2254199,2370579,225,206,431,94959,104654,199613,5,0.4278,0.470267,17276.634528,0.085275,0.078919,9,0.002097,0,23,0.343387,0.640363
6087,Santa Cruz County,,CA,17558,316359,333917,54,56,110,14307,14093,28400,6,0.358673,0.385842,279.216407,0.0206,0.020529,9,0.000526,0,23,0.683052,0.164527
6089,Shasta County,,CA,10506,186270,196776,56,54,110,7583,7223,14806,6,0.34794,0.373686,6230.568253,0.016424,0.016763,9,0.000614,0,23,0.577163,0.133224
6091,Sierra County,,CA,222,3028,3250,3,1,4,144,61,205,7,0.279767,0.291715,0,0.000417,0.000276,9,0.000083,0,23,0.666667,0.003408
6093,Siskiyou County,,CA,2919,45835,48754,15,11,26,1227,1274,2501,6,0.334055,0.351286,9.019148,0.006036,0.002876,9,0.000186,0,23,0.882353,0.047899
6095,Solano County,,CA,31605,476973,508578,81,78,159,28033,24651,52684,6,0.375689,0.407423,1812.944603,0.031696,0.031278,9,0.000804,0,23,0.555543,0.253113
6097,Sonoma County,,CA,22408,585415,607823,70,73,143,21269,17311,38580,6,0.371875,0.402213,1321.891272,0.026851,0.028367,9,0.000706,0,23,0.607111,0.21831
6099,Stanislaus County,,CA,27436,572114,599550,57,72,129,23066,22445,45511,6,0.365976,0.396462,736.091749,0.021776,0.025944,9,0.000579,0,23,0.620702,0.174485
6101,Sutter County,,CA,7461,103612,111073,21,24,45,5346,5403,10749,6,0.344018,0.364954,339.312893,0.00814,0.00961,9,0.000245,0,23,0.845,0.063921
6103,Tehama County,,CA,4338,62526,66864,18,14,32,2938,2507,5445,6,0.330327,0.34822,88.543854,0.005874,0.003697,9,0.00021,0,23,0.854762,0.047207
6105,Trinity County,,CA,855,11253,12108,2,2,4,218,301,519,7,0.25856,0.26832,0,0.00024,0.000216,9,0.000067,0,23,1,0.001885
6107,Tulare County,,CA,19504,492665,512169,41,50,91,14674,15157,29831,6,0.357622,0.384977,94.924314,0.016912,0.019205,9,0.000399,0,23,0.73367,0.131671
6109,Tuolumne County,,CA,3251,56124,59375,18,18,36,2261,1851,4112,6,0.337053,0.355887,18.350672,0.007118,0.006836,9,0.000206,0,23,0.892857,0.056688
6111,Ventura County,,CA,48766,1048800,1097566,117,123,240,40415,39667,80082,5,0.398585,0.43434,2564.100167,0.050116,0.051044,9,0.001138,0,23,0.511338,0.393429
6113,Yolo County,,CA,17521,209174,226695,47,46,93,13056,13963,27019,6,0.357186,0.383123,935.939215,0.017191,0.017185,9,0.000474,0,23,0.749388,0.137024
6115,Yuba County,,CA,8597,70496,79093,25,20,45,5360,5712,11072,6,0.347445,0.368879,525.103428,0.010088,0.008311,9,0.000289,0,23,0.750712,0.079824
8001,Adams County,,CO,56145,507577,563722,101,90,191,52527,47315,99842,6,0.393289,0.425375,16895.007945,0.038227,0.034764,9,0.001296,0,23,0.433435,0.306591
8003,Alamosa County,,CO,1600,15558,17158,7,7,14,695,674,1369,6,0.319904,0.334551,17709.391937,0.002161,0.001601,9,0.000263,0,23,0.392857,0.018183
8005,Arapahoe County,,CO,80410,672444,752854,181,152,333,74443,69570,144013,5,0.427612,0.463726,28553.281329,0.071082,0.064541,9,0.002019,0,23,0.393158,0.552809
8007,Archuleta County,,CO,1257,12966,14223,2,3,5,146,258,404,6,0.335701,0.35281,0,0.000971,0.001054,9,0.000073,0,23,1,0.008124
8009,Baca County,,CO,275,3968,4243,0,0,0,0,0,0,0,0,0,0,0,0,10,0.00005,7,31,0,0
8011,Bent County,,CO,374,4006,4380,1,2,3,66,163,229,7,0.241411,0.247507,0.333333,0.000007,0.000013,9,0.000078,0,23,0,0.000139
8013,Boulder County,,CO,30700,341520,372220,122,84,206,23288,23001,46289,5,0.391868,0.423629,7569.871773,0.054967,0.038326,9,0.001331,0,23,0.567382,0.423028
8014,Broomfield County,,CO,16529,108904,125433,30,24,54,13741,12884,26625,6,0.359333,0.383009,149.373004,0.017024,0.013407,9,0.000369,0,23,0.842857,0.138194
8015,Chaffee County,,CO,1653,19698,21351,7,7,14,544,519,1063,6,0.319451,0.334215,2125.182894,0.001763,0.00255,9,0.000162,0,23,0.611111,0.015612
8017,Cheyenne County,,CO,151,2080,2231,0,0,0,0,0,0,0,0,0,0,0,0,11,0.00005,8,32,0,0
8019,Clear Creek County,,CO,1187,9848,11035,4,3,7,538,533,1071,6,0.302311,0.314329,0,0.001558,0.001233,9,0.000098,0,23,1,0.014203
8021,Conejos County,,CO,497,8270,8767,1,1,2,99,144,243,7,0.242389,0.248497,0,0.000012,0.000016,9,0.000082,0,23,0,0.000209
8023,Costilla County,,CO,236,3145,3381,1,1,2,41,68,109,7,0.242389,0.248497,0,0.000012,0.000016,9,0.000082,0,23,0,0.000209
8025,Crowley County,,CO,294,2797,3091,2,2,4,144,153,297,7,0.261467,0.270618,0,0.000091,0.000085,9,0.000095,0,23,1,0.000865
8027,Custer County,,CO,416,4344,4760,3,1,4,150,52,202,7,0.24253,0.248798,0,0.000795,0.000017,9,0.000095,0,23,1,0.006305
8029,Delta County,,CO,2368,32085,34453,7,4,11,1083,960,2043,6,0.318305,0.332253,113.871774,0.001246,0.000867,9,0.000156,0,23,0.803571,0.011493
8031,Denver County,,CO,96633,676469,773102,209,167,376,87672,86583,174255,5,0.428739,0.466485,54099.847281,0.077817,0.065917,9,0.002333,0,23,0.35527,0.596874
8033,Dolores County,,CO,133,2005,2138,1,1,2,42,58,100,7,0.251589,0.258704,0,0.000008,0.000012,9,0.000075,0,23,0,0.000174
8035,Douglas County,,CO,34466,353593,388059,117,88,205,33975,26915,60890,6,0.394241,0.426251,5667.429129,0.050221,0.041819,9,0.001293,0,23,0.516412,0.393653
8037,Eagle County,,CO,5965,61802,67767,19,21,40,2631,2885,5516,6,0.351445,0.372884,474.135254,0.007247,0.008733,9,0.000276,0,23,0.744589,0.060536
8039,Elbert County,,CO,2671,26026,28697,6,9,15,2316,1759,4075,6,0.338454,0.357076,0,0.002498,0.004176,9,0.00012,0,23,1,0.021812
8041,El Paso County,,CO,70879,712450,783329,316,324,640,52826,52235,105061,5,0.465301,0.513487,166640.26281,0.094922,0.095414,9,0.003561,0,23,0.205977,0.735925
8043,Fremont County,,CO,3356,41791,45147,9,11,20,1275,1502,2777,6,0.320149,0.335375,2943.607195,0.002321,0.002986,9,0.000238,0,23,0.681818,0.020198
8045,Garfield County,,CO,6024,62387,68411,22,19,41,2742,2827,5569,6,0.343977,0.364454,1918.195112,0.007346,0.006594,9,0.000342,0,23,0.648221,0.061831
8047,Gilpin County,,CO,815,5284,6099,4,2,6,420,352,772,6,0.293323,0.304829,0,0.001318,0.000792,9,0.0001,0,23,1,0.01268
8049,Grand County,,CO,1606,14698,16304,8,6,14,563,476,1039,6,0.305782,0.318544,0,0.002375,0.002443,9,0.000149,0,23,1,0.022257
8051,Gunnison County,,CO,1635,15924,17559,6,8,14,344,520,864,6,0.319625,0.334528,0.583333,0.001912,0.00294,9,0.000125,0,23,0.944444,0.017003
8053,Hinsdale County,,CO,45,933,978,0,0,0,0,0,0,0,0,0,0,0,0,12,0.00005,9,33,0,0
8055,Huerfano County,,CO,694,6141,6835,3,2,5,173,201,374,6,0.317787,0.331286,0,0.000786,0.000763,9,0.000086,0,23,0.833333,0.006167
8057,Jackson County,,CO,119,1499,1618,0,0,0,0,0,0,0,0,0,0,0,0,13,0.00005,10,34,0,0
8059,Jefferson County,,CO,57372,598773,656145,137,110,247,53113,47892,101005,5,0.406549,0.440176,23547.388448,0.054698,0.043452,9,0.00162,0,23,0.449799,0.431959
8061,Kiowa County,,CO,134,1548,1682,0,0,0,0,0,0,0,0,0,0,0,0,14,0.00005,11,35,0,0
8063,Kit Carson County,,CO,650,8451,9101,0,0,0,0,0,0,0,0,0,0,0,0,15,0.00005,12,36,0,0
8065,Lake County,,CO,894,6893,7787,3,5,8,215,305,520,6,0.301254,0.313481,0.4,0.000573,0.001052,9,0.000085,0,23,0.8,0.005129
8067,La Plata County,,CO,5072,58267,63339,21,21,42,2172,2244,4416,6,0.351151,0.373743,313.202868,0.007938,0.009052,9,0.000305,0,23,0.684783,0.066701
8069,Larimer County,,CO,27698,350380,378078,113,88,201,20831,19237,40068,5,0.395518,0.42748,15149.079771,0.041516,0.035368,9,0.001403,0,23,0.43327,0.332878
8071,Las Animas County,,CO,1373,14462,15835,1,6,7,66,443,509,6,0.320639,0.335575,1.244994,0.000084,0.001735,9,0.000067,0,23,0.633333,0.000726
8073,Lincoln County,,CO,460,4788,5248,1,0,1,69,0,69,0,0,0,0,0.000689,0,9,0.00006,0,21,0,0.005358
8075,Logan County,,CO,1508,20625,22133,8,10,18,501,739,1240,6,0.319172,0.33401,7628.320396,0.001364,0.00233,9,0.000225,0,23,0.409091,0.011744
8077,Mesa County,,CO,11033,163358,174391,41,49,90,5555,6394,11949,6,0.357797,0.385319,8965.43044,0.012968,0.016441,9,0.000606,0,23,0.455892,0.107626
8079,Mineral County,,CO,-2,903,901,0,0,0,0,0,0,0,0,0,0,0,0,16,0.00005,13,37,0,0
8081,Moffat County,,CO,1280,14460,15740,3,3,6,240,309,549,7,0.263608,0.273979,0.513238,0.000452,0.000129,9,0.000091,0,23,0.666667,0.004269
8083,Montezuma County,,CO,2071,26849,28920,7,6,13,827,666,1493,6,0.336125,0.353777,5893.71081,0.001634,0.001171,9,0.000176,0,23,0.666667,0.012901
8085,Montrose County,,CO,3514,44990,48504,15,15,30,1523,1748,3271,6,0.343816,0.363771,9155.899115,0.004785,0.005231,9,0.000307,0,23,0.630719,0.040008
8087,Morgan County,,CO,2413,31908,34321,7,9,16,972,1262,2234,6,0.306069,0.319425,1613.629545,0.001928,0.00234,9,0.000146,0,23,0.722222,0.017466
8089,Otero County,,CO,1333,19401,20734,5,5,10,514,544,1058,6,0.318132,0.332139,4772.971094,0.001025,0.000909,9,0.000162,0,23,0.466667,0.008497
8091,Ouray County,,CO,538,5222,5760,1,1,2,136,107,243,7,0.255873,0.263653,0,0.000038,0.000035,9,0.000068,0,23,0,0.000364
8093,Park County,,CO,1817,15477,17294,9,8,17,1206,945,2151,6,0.319834,0.334579,2.090201,0.002651,0.002837,9,0.000158,0,23,0.875,0.023373
8095,Phillips County,,CO,362,5030,5392,1,0,1,63,0,63,0,0,0,0,0.000017,0,9,0.000069,0,11,0,0.000165
8097,Pitkin County,,CO,2225,19657,21882,5,6,11,801,887,1688,6,0.340777,0.357952,5.586256,0.001763,0.002716,9,0.00011,0,23,0.866667,0.015379
8099,Prowers County,,CO,931,13066,13997,3,3,6,166,223,389,6,0.318029,0.331741,1463.5,0.000774,0.000908,9,0.000109,0,23,0.5,0.006163
8101,Pueblo County,,CO,8818,168608,177426,36,30,66,5382,4845,10227,6,0.353907,0.37781,11560.385681,0.010763,0.011699,9,0.000592,0,23,0.375641,0.089849
8103,Rio Blanco County,,CO,835,7228,8063,2,3,5,147,229,376,7,0.26375,0.274264,0.30303,0.000166,0.00017,9,0.000076,0,23,0.666667,0.001369
8105,Rio Grande County,,CO,1354,14848,16202,2,4,6,354,515,869,6,0.318029,0.331883,3781.415244,0.000012,0.000779,9,0.000114,0,23,0.5,0.000287
8107,Routt County,,CO,2407,27187,29594,11,9,20,862,775,1637,6,0.305622,0.319033,247.956003,0.003707,0.002679,9,0.000191,0,23,0.846154,0.032204
8109,Saguache County,,CO,464,3904,4368,1,2,3,133,173,306,7,0.242309,0.248764,0.5,0.000006,0.000013,9,0.000074,0,23,0,0.000081
8111,San Juan County,,CO,65,669,734,0,0,0,0,0,0,0,0,0,0,0,0,17,0.00005,14,38,0,0
8113,San Miguel County,,CO,895,8444,9339,1,2,3,71,160,231,6,0.300205,0.311997,0,0.000038,0.000597,9,0.000068,0,23,1,0.000364
8115,Sedgwick County,,CO,275,2559,2834,0,0,0,0,0,0,0,0,0,0,0,0,18,0.00005,15,39,0,0
8117,Summit County,,CO,4117,33681,37798,13,16,29,1640,1922,3562,6,0.338767,0.358328,160.514305,0.004124,0.004694,9,0.000213,0,23,0.724265,0.036746
8119,Teller County,,CO,3130,26244,29374,6,8,14,1474,1490,2964,6,0.338454,0.356934,26.16739,0.001813,0.003055,9,0.000131,0,23,0.861111,0.015736
8121,Washington County,,CO,306,4820,5126,3,2,5,151,116,267,7,0.241989,0.248281,0.333333,0.000035,0.000011,9,0.000122,0,23,0.666667,0.000455
8123,Weld County,,CO,24129,290969,315098,59,45,104,21242,17099,38341,6,0.367721,0.394681,9241.52139,0.020061,0.020626,9,0.000825,0,23,0.484416,0.163133
8125,Yuma County,,CO,784,11199,11983,3,3,6,202,176,378,7,0.26898,0.279093,178.434439,0.000166,0.000155,9,0.000137,0,23,0.666667,0.001494
9001,Fairfield County,,CT,52206,1104292,1156498,148,184,332,42188,44412,86600,5,0.412212,0.455011,6129.823072,0.066783,0.076046,99,0.001255,0,23,0.459847,0.493158
9003,Hartford County,,CT,48534,1074564,1123098,129,177,306,33512,40617,74129,5,0.410709,0.452765,7650.664595,0.058907,0.073562,99,0.001079,0,23,0.477181,0.433172
9005,Litchfield County,,CT,11371,229344,240715,21,34,55,7767,7608,15375,6,0.354507,0.379044,28.080092,0.010652,0.016447,99,0.000182,0,23,0.786036,0.071896
9007,Middlesex County,,CT,12305,199667,211972,21,29,50,9263,8781,18044,6,0.357361,0.380916,111.231938,0.010361,0.01435,99,0.000194,0,23,0.801411,0.073377
9009,New Haven County,,CT,47263,992244,1039507,122,166,288,33197,39614,72811,5,0.407794,0.448953,3610.08919,0.056187,0.071573,99,0.001028,0,23,0.507541,0.415566
9011,New London County,,CT,19852,321583,341435,60,81,141,10943,13215,24158,6,0.376752,0.408038,749.318577,0.02846,0.037395,99,0.000522,0,23,0.629685,0.208931
9013,Tolland County,,CT,11223,165750,176973,14,26,40,7910,7808,15718,6,0.34691,0.368914,35.061407,0.005498,0.011355,99,0.000138,0,23,0.813492,0.036975
9015,Windham County,,CT,7266,133107,140373,12,17,29,4375,4726,9101,6,0.323328,0.341143,2.172009,0.003838,0.005681,99,0.000123,0,23,0.860294,0.024189
10001,Kent County,,DE,12070,184935,197005,49,37,86,7776,6598,14374,6,0.360305,0.385984,1796.708528,0.021127,0.016261,118,0.000422,0,23,0.602238,0.146821
10003,New Castle County,,DE,29250,632236,661486,103,118,221,23388,22477,45865,5,0.396696,0.432429,4889.865429,0.048362,0.055274,118,0.000851,0,23,0.619261,0.347927
10005,Sussex County,,DE,11671,232713,244384,69,43,112,12897,7396,20293,6,0.359201,0.384886,4487.172694,0.023459,0.017826,118,0.000609,0,23,0.52418,0.160176
11001,District of Columbia,,DC,74934,643220,718154,194,184,378,61255,64754,126009,5,0.429682,0.469699,19889.205022,0.080571,0.076006,118,0.0018,0,23,0.420934,0.602966
12001,Alachua County,,FL,24494,239193,263687,87,93,180,15270,17734,33004,5,0.396858,0.429699,13263.520269,0.037688,0.045305,20,0.001029,0,23,0.566209,0.304521
12003,Baker County,,FL,1792,26204,27996,8,7,15,1091,1097,2188,6,0.306325,0.321058,7.184868,0.001382,0.001072,20,0.000163,0,23,0.696429,0.010819
12005,Bay County,,FL,16101,189555,205656,94,75,169,9872,8297,18169,6,0.384464,0.415119,24000.920205,0.035353,0.032598,20,0.001121,0,23,0.4677,0.277084
12007,Bradford County,,FL,2182,23832,26014,6,7,13,1235,1262,2497,6,0.306421,0.3212,1.515849,0.001321,0.001339,20,0.000128,0,23,0.833333,0.010152
12009,Brevard County,,FL,37333,623814,661147,222,155,377,30778,24488,55266,5,0.411113,0.4507,10703.509541,0.08566,0.068688,20,0.00211,0,23,0.378146,0.641069
12011,Broward County,,FL,170105,2064793,2234898,328,367,695,156150,153728,309878,5,0.469175,0.521365,103411.989695,0.107713,0.109957,20,0.003195,0,23,0.209407,0.814362
12013,Calhoun County,,FL,1005,12215,13220,4,4,8,445,495,940,6,0.287989,0.300654,7.447799,0.000615,0.000544,20,0.000106,0,23,0.75,0.004544
12015,Charlotte County,,FL,15247,167775,183022,77,40,117,11377,8633,20010,6,0.364836,0.390381,347.800048,0.033899,0.020197,20,0.000673,0,23,0.616179,0.247174
12017,Citrus County,,FL,11197,144061,155258,34,35,69,6200,5627,11827,6,0.349017,0.372634,76.749405,0.017063,0.017885,20,0.000411,0,23,0.814507,0.139243
12019,Clay County,,FL,22069,218888,240957,75,65,140,17425,15360,32785,6,0.380421,0.409687,3234.740662,0.032825,0.031846,20,0.00081,0,23,0.621091,0.25967
12021,Collier County,,FL,29096,386035,415131,157,119,276,27283,20372,47655,5,0.405649,0.440757,3741.678406,0.067403,0.055219,20,0.00139,0,23,0.489817,0.491709
12023,Columbia County,,FL,5525,64125,69650,23,22,45,3323,3206,6529,6,0.336048,0.355848,3651.960991,0.008578,0.009201,20,0.000345,0,23,0.588333,0.068137
12027,DeSoto County,,FL,2542,28731,31273,8,8,16,1135,1233,2368,6,0.321801,0.337526,1.474152,0.003215,0.003452,20,0.000141,0,23,0.916667,0.027478
12029,Dixie County,,FL,1095,12339,13434,4,3,7,434,356,790,6,0.28419,0.295484,0.714286,0.000391,0.000332,20,0.00011,0,23,0.583333,0.002975
12031,Duval County,,FL,78695,990793,1069488,280,264,544,62246,64375,126621,5,0.440999,0.488441,85587.822335,0.095914,0.09405,20,0.002921,0,23,0.274268,0.731085
12033,Escambia County,,FL,30480,319366,349846,127,123,250,18701,20447,39148,6,0.405705,0.441718,15474.506096,0.05164,0.051713,20,0.001339,0,23,0.434646,0.405935
12035,Flagler County,,FL,9830,108656,118486,41,24,65,6598,5440,12038,6,0.337791,0.358203,20.283102,0.021105,0.013604,20,0.000389,0,23,0.851515,0.155327
12037,Franklin County,,FL,783,10078,10861,4,3,7,226,219,445,6,0.287961,0.300484,10.363825,0.000599,0.000517,20,0.00013,0,23,0.75,0.00437
12039,Gadsden County,,FL,4034,49536,53570,9,11,20,2321,2547,4868,6,0.327814,0.345597,532.668225,0.00281,0.003702,20,0.000197,0,23,0.538462,0.020716
12041,Gilchrist County,,FL,1769,15571,17340,7,6,13,1152,1064,2216,6,0.32078,0.335995,113.641396,0.002096,0.00125,20,0.000148,0,23,0.690476,0.015646
12043,Glades County,,FL,1524,8507,10031,8,6,14,1036,986,2022,6,0.322368,0.33818,1.325631,0.004197,0.002838,20,0.000129,0,23,0.910714,0.032945
12045,Gulf County,,FL,1188,12955,14143,3,2,5,411,452,863,7,0.277751,0.288439,0.333333,0.000611,0.00026,20,0.000086,0,23,0.833333,0.004448
12047,Hamilton County,,FL,1056,11644,12700,4,4,8,475,470,945,6,0.287086,0.299323,0.670309,0.000922,0.000506,20,0.000102,0,23,0.9,0.007292
12049,Hardee County,,FL,2403,26282,28685,7,7,14,1076,1290,2366,6,0.321766,0.337617,0.900408,0.003151,0.002763,20,0.000125,0,23,0.888889,0.025887
12051,Hendry County,,FL,4088,37975,42063,12,11,23,2956,2601,5557,6,0.334666,0.352469,29.590875,0.005735,0.006564,20,0.00018,0,23,0.796703,0.046501
12053,Hernando County,,FL,14907,176356,191263,46,31,77,10477,8845,19322,6,0.360482,0.384192,53.897549,0.023213,0.01849,20,0.000463,0,23,0.828901,0.176266
12055,Highlands County,,FL,8493,96443,104936,24,28,52,3937,3909,7846,6,0.348146,0.370222,122.085515,0.010446,0.014969,20,0.000311,0,23,0.801149,0.087854
12057,Hillsborough County,,FL,127515,1399251,1526766,380,378,758,107900,110196,218096,5,0.471288,0.524295,147223.816569,0.112865,0.111853,20,0.003881,0,23,0.183832,0.852694
12059,Holmes County,,FL,1459,17064,18523,5,7,12,778,911,1689,7,0.286329,0.299582,19.644471,0.000317,0.000783,20,0.00013,0,23,0.595238,0.003304
12061,Indian River County,,FL,11350,160201,171551,53,32,85,7655,6031,13686,6,0.361594,0.38591,40.371035,0.025949,0.019161,20,0.000488,0,23,0.79104,0.192109
12063,Jackson County,,FL,3087,45560,48647,13,12,25,1562,1427,2989,6,0.329658,0.346735,718.534654,0.004899,0.003291,20,0.000207,0,23,0.510989,0.036806
12065,Jefferson County,,FL,1225,14248,15473,2,3,5,576,637,1213,6,0.283667,0.295813,0.333333,0.00036,0.000283,20,0.000078,0,23,0.666667,0.002215
12067,Lafayette County,,FL,547,6234,6781,3,3,6,269,281,550,7,0.251653,0.259762,1.360852,0.00011,0.00013,20,0.000097,0,23,0.333333,0.001213
12069,Lake County,,FL,29758,335376,365134,122,67,189,27543,20760,48303,5,0.384313,0.414261,722.624759,0.054933,0.035954,20,0.001128,0,23,0.586643,0.408958
12071,Lee County,,FL,50632,701148,751780,311,219,530,53225,36935,90160,5,0.427612,0.472116,51949.061467,0.0982,0.080473,20,0.003026,0,23,0.243303,0.728578
12073,Leon County,,FL,29953,272807,302760,87,115,202,16399,22442,38841,5,0.395732,0.431473,36354.789616,0.034762,0.048757,20,0.001124,0,23,0.473829,0.283861
12075,Levy County,,FL,4349,39244,43593,13,14,27,2451,2791,5242,6,0.326827,0.344261,366.468746,0.006161,0.00622,20,0.000205,0,23,0.795833,0.048233
12077,Liberty County,,FL,523,6749,7272,3,4,7,208,298,506,6,0.287989,0.300654,0.583333,0.000383,0.000531,20,0.000096,0,23,0.75,0.002407
12079,Madison County,,FL,1388,17832,19220,6,6,12,452,501,953,6,0.307257,0.322338,73.269229,0.001219,0.001133,20,0.000136,0,23,0.5,0.009078
12081,Manatee County,,FL,29774,366174,395948,161,98,259,29717,20406,50123,5,0.40181,0.435063,3495.271202,0.070365,0.047731,20,0.001496,0,23,0.511283,0.523491
12083,Marion County,,FL,26036,358570,384606,112,80,192,19338,16471,35809,5,0.386952,0.418185,1773.160235,0.050725,0.039807,20,0.001067,0,23,0.586157,0.381786
12085,Martin County,,FL,13664,163444,177108,48,38,86,11555,8690,20245,6,0.365382,0.390552,133.191297,0.023512,0.02091,20,0.000461,0,23,0.787356,0.177118
12086,Miami-Dade County,,FL,205784,2891062,3096846,318,409,727,123974,186724,310698,5,0.478445,0.532901,251555.510483,0.103688,0.112679,20,0.003389,0,23,0.181339,0.791419
12087,Monroe County,,FL,10489,89057,99546,42,37,79,5551,5184,10735,6,0.363885,0.388572,49.963452,0.022564,0.02151,20,0.000455,0,23,0.82568,0.182194
12089,Nassau County,,FL,6745,86846,93591,18,16,34,3934,3517,7451,6,0.340856,0.360176,432.802983,0.007707,0.007565,20,0.000264,0,23,0.666667,0.061086
12091,Okaloosa County,,FL,25857,218543,244400,122,116,238,15965,16249,32214,6,0.397828,0.433487,12326.566932,0.047363,0.047346,20,0.00129,0,23,0.424133,0.368688
12093,Okeechobee County,,FL,3107,37258,40365,12,14,26,1412,1621,3033,6,0.330999,0.348379,12.9374,0.005003,0.006403,20,0.000178,0,23,0.849265,0.041647
12095,Orange County,,FL,128022,1312774,1440796,305,283,588,115755,112345,228100,5,0.453701,0.500176,42628.003325,0.104502,0.101102,20,0.002963,0,23,0.268946,0.786244
12097,Osceola County,,FL,37583,309818,347401,126,85,211,35494,29652,65146,5,0.384464,0.416832,861.043876,0.058778,0.04364,20,0.001105,0,23,0.611166,0.433046
12099,Palm Beach County,,FL,97808,1533670,1631478,302,280,582,102376,84090,186466,5,0.441997,0.490904,48654.092677,0.103829,0.098013,20,0.002917,0,23,0.265257,0.782571
12101,Pasco County,,FL,45157,487670,532827,168,130,298,42617,33643,76260,5,0.407964,0.444124,4318.626157,0.071229,0.059199,20,0.001507,0,23,0.442801,0.522707
12103,Pinellas County,,FL,71583,1019601,1091184,307,251,558,66696,56806,123502,5,0.444343,0.48938,51868.398286,0.102884,0.094257,20,0.003023,0,23,0.26352,0.770584
12105,Polk County,,FL,49889,652218,702107,196,158,354,41710,36295,78005,5,0.417201,0.45624,13631.446599,0.07613,0.065166,20,0.001821,0,23,0.367899,0.560691
12107,Putnam County,,FL,5815,68500,74315,16,18,34,3358,3666,7024,6,0.335164,0.354141,80.212498,0.007771,0.009383,20,0.000216,0,23,0.903509,0.062279
12109,St. Johns County,,FL,19312,231160,250472,104,60,164,19896,13014,32910,5,0.379141,0.408072,571.524077,0.050785,0.033022,20,0.001019,0,23,0.676249,0.388472
12111,St. Lucie County,,FL,25473,304483,329956,98,67,165,20913,17544,38457,6,0.377043,0.406854,489.370124,0.046471,0.035601,20,0.000873,0,23,0.681485,0.344774
12113,Santa Rosa County,,FL,17949,167674,185623,75,62,137,12580,10993,23573,6,0.375593,0.405353,3834.654124,0.03364,0.027836,20,0.000798,0,23,0.558124,0.261677
12115,Sarasota County,,FL,35758,434745,470503,183,119,302,32000,25419,57419,5,0.404808,0.440364,4945.352342,0.072991,0.054531,20,0.001639,0,23,0.430513,0.533966
12117,Seminole County,,FL,50420,477974,528394,142,118,260,45151,41359,86510,5,0.406831,0.441974,1969.167848,0.065348,0.058636,20,0.001363,0,23,0.564724,0.496461
12119,Sumter County,,FL,7846,104273,112119,82,20,102,9456,4287,13743,6,0.335894,0.355256,34.3676,0.039931,0.01139,20,0.000734,0,23,0.702615,0.293462
12121,Suwannee County,,FL,3332,39419,42751,17,14,31,2067,1842,3909,6,0.331598,0.349261,2447.228787,0.00746,0.004678,20,0.000263,0,23,0.663158,0.058254
12123,Taylor County,,FL,1235,20428,21663,5,6,11,344,369,713,6,0.321096,0.336479,717.186727,0.001983,0.001351,20,0.000121,0,23,0.380952,0.014203
12125,Union County,,FL,1110,11350,12460,6,6,12,717,713,1430,6,0.306389,0.32103,0.628728,0.00132,0.001283,20,0.000128,0,23,0.933333,0.010202
12127,Volusia County,,FL,39450,538074,577524,188,144,332,33246,27827,61073,5,0.414134,0.451968,7814.597985,0.075192,0.065417,20,0.001782,0,23,0.411707,0.562547
12129,Wakulla County,,FL,2664,30740,33404,5,5,10,1422,1352,2774,6,0.32099,0.336195,48.63172,0.001432,0.001346,20,0.00013,0,23,0.733333,0.010149
12131,Walton County,,FL,6437,59272,65709,27,18,45,4732,3267,7999,6,0.334513,0.353498,2989.955758,0.012019,0.006902,20,0.000329,0,23,0.641935,0.092676
12133,Washington County,,FL,2172,22032,24204,4,5,9,1111,1296,2407,6,0.288074,0.300939,2.612413,0.000315,0.000631,20,0.000109,0,23,0.8,0.003206
13001,Appling County,,GA,1110,18503,19613,5,5,10,438,446,884,7,0.250985,0.259682,74.816038,0.000064,0.000051,20,0.000184,0,23,0.233333,0.000841
13003,Atkinson County,,GA,765,8445,9210,1,2,3,256,329,585,7,0.240479,0.247484,0,0.000009,0.000029,20,0.000079,0,23,1,0.000236
13005,Bacon County,,GA,687,11088,11775,4,4,8,358,368,726,7,0.240558,0.247939,11.743248,0.000024,0.00003,20,0.000198,0,23,0.5,0.000577
13007,Baker County,,GA,288,3316,3604,0,2,2,0,98,98,7,0.261696,0.27116,0,0,0.00006,1,0.00005,0,40,1,0
13009,Baldwin County,,GA,3111,41093,44204,10,16,26,1441,1809,3250,6,0.318894,0.335666,9431.559376,0.00221,0.003632,1,0.000227,0,23,0.516667,0.017662
13011,Banks County,,GA,1886,17589,19475,6,9,15,1440,1509,2949,6,0.304986,0.319761,2.841342,0.000781,0.000886,1,0.000151,0,23,0.694444,0.007
13013,Barrow County,,GA,7477,76240,83717,16,15,31,5964,4985,10949,6,0.317409,0.333402,72.017736,0.004362,0.003684,1,0.000249,0,23,0.694853,0.035846
13015,Bartow County,,GA,8651,108577,117228,21,17,38,5852,5345,11197,6,0.336627,0.355973,318.903177,0.004966,0.004854,1,0.0003,0,23,0.608225,0.040741
13017,Ben Hill County,,GA,1421,17356,18777,4,5,9,585,630,1215,7,0.270195,0.28109,236.646327,0.000027,0.000153,20,0.000145,0,23,0.5,0.000602
13019,Berrien County,,GA,1769,17059,18828,6,4,10,976,902,1878,7,0.269971,0.280521,5.768969,0.000172,0.000135,20,0.000191,0,23,0.6,0.001634
13021,Bibb County,,GA,13931,164529,178460,36,43,79,7246,9155,16401,6,0.353438,0.379118,13768.181917,0.008725,0.013112,1,0.000584,0,23,0.379184,0.067354
13023,Bleckley County,,GA,861,12472,13333,5,5,10,412,524,936,7,0.273066,0.284946,11.315418,0.000305,0.000219,1,0.000162,0,23,0.75,0.002131
13025,Brantley County,,GA,1409,16700,18109,6,7,13,878,875,1753,6,0.306614,0.321513,1132.096906,0.000799,0.000863,20,0.00019,0,23,0.52381,0.006551
13027,Brooks County,,GA,1768,15497,17265,4,4,8,1038,1038,2076,7,0.269947,0.280436,2.67619,0.00016,0.000153,20,0.000136,0,23,0.65,0.001503
13029,Bryan County,,GA,5579,38162,43741,15,16,31,2790,2720,5510,6,0.337791,0.358094,175.619976,0.005043,0.00648,1,0.000202,0,23,0.660173,0.038983
13031,Bulloch County,,GA,6454,59648,66102,21,25,46,2886,3453,6339,6,0.328623,0.348726,6731.398305,0.004034,0.006039,1,0.000365,0,23,0.420228,0.031548
13033,Burke County,,GA,2181,24494,26675,6,7,13,1162,1383,2545,7,0.2795,0.292011,239.224406,0.000504,0.000491,100,0.000138,0,23,0.428571,0.004418
13035,Butts County,,GA,2256,22528,24784,9,10,19,1451,1492,2943,6,0.316757,0.331752,192.536264,0.001897,0.002669,1,0.000173,0,23,0.644444,0.015752
13037,Calhoun County,,GA,385,5197,5582,2,3,5,120,182,302,7,0.261864,0.271537,2981.650643,0.000086,0.00006,1,0.000103,0,23,0.166667,0.000621
13039,Camden County,,GA,7224,51578,58802,22,22,44,2881,3062,5943,6,0.338454,0.358595,445.294157,0.007653,0.006873,20,0.000287,0,23,0.52849,0.059085
13043,Candler County,,GA,917,10740,11657,3,4,7,430,474,904,6,0.292269,0.30467,1.243966,0.000051,0.000411,1,0.000107,0,23,0.833333,0.000553
13045,Carroll County,,GA,10964,119170,130134,25,29,54,7021,7579,14600,6,0.34193,0.364192,3877.848847,0.006357,0.007368,1,0.000335,0,23,0.457386,0.049414
13047,Catoosa County,,GA,5960,65792,71752,10,9,19,4572,4186,8758,6,0.31025,0.325296,826.42774,0.002212,0.001287,137,0.000215,0,23,0.568182,0.018119
13049,Charlton County,,GA,881,8960,9841,4,4,8,420,473,893,6,0.306165,0.320432,0.595398,0.000791,0.000814,20,0.000105,0,23,0.833333,0.006406
13051,Chatham County,,GA,29412,284957,314369,140,132,272,17641,18887,36528,5,0.41227,0.448914,67192.781805,0.051772,0.050973,1,0.001618,0,23,0.398814,0.404778
13053,Chattahoochee County,,GA,4340,6450,10790,11,13,24,1318,2058,3376,6,0.336241,0.356138,3.868457,0.004778,0.005145,1,0.000143,0,23,0.885714,0.035019
13055,Chattooga County,,GA,1420,24370,25790,7,7,14,742,863,1605,6,0.28353,0.295711,72.913449,0.00012,0.000359,137,0.000173,0,23,0.569444,0.001382
13057,Cherokee County,,GA,20774,253114,273888,68,61,129,17992,15055,33047,6,0.377918,0.406502,11674.781263,0.02886,0.025747,1,0.000812,0,23,0.519271,0.23239
13059,Clarke County,,GA,12638,99306,111944,39,45,84,6598,8421,15019,6,0.364791,0.391524,15040.56164,0.011848,0.015693,1,0.000577,0,23,0.43106,0.095753
13061,Clay County,,GA,224,2973,3197,1,0,1,40,0,40,0,0,0,0,0,0,1,0.000079,0,5,0,0.000083
13063,Clayton County,,GA,46776,275675,322451,115,96,211,36884,39355,76239,5,0.399509,0.432861,18405.545223,0.047721,0.039643,1,0.001199,0,23,0.462413,0.363221
13065,Clinch County,,GA,434,6683,7117,2,3,5,128,173,301,7,0.269947,0.28035,2.166667,0.000157,0.000128,20,0.000089,0,23,0.666667,0.001163
13067,Cobb County,,GA,83149,796377,879526,255,250,505,74023,72479,146502,5,0.442064,0.487617,71271.117943,0.090386,0.088447,1,0.00264,0,23,0.292757,0.686605
13069,Coffee County,,GA,2672,41618,44290,13,10,23,1208,1002,2210,6,0.308097,0.324158,19119.326288,0.002739,0.001195,20,0.000334,0,23,0.263736,0.021349
13071,Colquitt County,,GA,3004,47231,50235,10,12,22,1184,1480,2664,6,0.314715,0.330597,1465.923569,0.001417,0.001215,20,0.00026,0,23,0.429487,0.010635
13073,Columbia County,,GA,14898,145021,159919,63,49,112,11382,8655,20037,6,0.371309,0.399238,15461.323787,0.02456,0.021514,100,0.000732,0,23,0.507243,0.190259
13075,Cook County,,GA,1466,16243,17709,6,4,10,944,786,1730,7,0.269996,0.280578,4.413095,0.000172,0.000145,20,0.000198,0,23,0.666667,0.001642
13077,Coweta County,,GA,15614,156845,172459,47,52,99,10821,10475,21296,6,0.36561,0.393777,9759.329031,0.016758,0.01814,1,0.000584,0,23,0.441725,0.135045
13079,Crawford County,,GA,1203,12595,13798,3,4,7,651,795,1446,7,0.272888,0.28452,0.455711,0.000272,0.000214,1,0.000113,0,23,0.916667,0.001875
13081,Crisp County,,GA,1889,21831,23720,9,12,21,777,986,1763,6,0.314243,0.330028,7925.343879,0.000994,0.001363,1,0.000242,0,23,0.348485,0.007952
13083,Dade County,,GA,1238,15314,16552,6,6,12,671,745,1416,6,0.283338,0.295267,7.755271,0.000271,0.000288,137,0.000177,0,23,0.566667,0.002778
13085,Dawson County,,GA,2539,23051,25590,8,7,15,1668,1638,3306,6,0.314411,0.329033,0.819048,0.002443,0.001998,1,0.000157,0,23,0.910714,0.020655
13087,Decatur County,,GA,2043,29407,31450,8,7,15,841,746,1587,6,0.283942,0.296809,5781.593954,0.001205,0.000305,20,0.000245,0,23,0.357143,0.008673
13089,DeKalb County,,GA,110160,749146,859306,238,234,472,92532,98067,190599,5,0.44767,0.489568,66914.864601,0.087467,0.085141,1,0.002413,0,23,0.316448,0.663583
13091,Dodge County,,GA,1304,19012,20316,5,6,11,594,654,1248,7,0.273244,0.285373,3135.433962,0.000211,0.00022,1,0.000185,0,23,0.533333,0.001645
13093,Dooly County,,GA,801,10575,11376,3,2,5,422,360,782,7,0.271901,0.282864,1.059524,0.000187,0.000143,1,0.000099,0,23,0.666667,0.001366
13095,Dougherty County,,GA,9521,94376,103897,30,36,66,4794,5991,10785,6,0.354207,0.378982,34432.548188,0.008145,0.01189,1,0.000532,0,23,0.399004,0.06217
13097,Douglas County,,GA,17703,140446,158149,43,36,79,14245,12886,27131,6,0.368137,0.39401,3614.248618,0.020215,0.01655,1,0.000465,0,23,0.669218,0.154932
13099,Early County,,GA,623,11052,11675,5,4,9,351,300,651,7,0.2565,0.266119,455.239667,0.000159,0.000061,20,0.000187,0,23,0.3,0.001336
13101,Echols County,,GA,372,3537,3909,1,1,2,262,239,501,7,0.269748,0.279696,0,0.000143,0.000118,20,0.000064,0,23,0,0.001002
13103,Effingham County,,GA,4996,58931,63927,8,9,17,3233,2779,6012,6,0.314479,0.33087,49.169801,0.001145,0.002311,1,0.000157,0,23,0.566667,0.009568
13105,Elbert County,,GA,1256,21413,22669,5,6,11,525,702,1227,6,0.305018,0.319477,1.703495,0.000163,0.000842,1,0.000136,0,23,0.809524,0.001508
13107,Emanuel County,,GA,1543,23592,25135,10,9,19,861,759,1620,6,0.292766,0.306149,1443.25962,0.000464,0.000429,1,0.000261,0,23,0.277778,0.004164
13109,Evans County,,GA,923,11008,11931,3,4,7,398,476,874,6,0.292328,0.304784,0,0.000416,0.000411,1,0.000093,0,23,1,0.003375
13111,Fannin County,,GA,1659,23668,25327,8,5,13,638,561,1199,7,0.274782,0.285731,5847.483053,0.002772,0.000264,1,0.000238,0,23,0.472222,0.022609
13113,Fayette County,,GA,12743,127355,140098,38,29,67,8713,8119,16832,6,0.359553,0.383641,1349.795613,0.016704,0.013472,1,0.000438,0,23,0.655051,0.130515
13115,Floyd County,,GA,6129,102540,108669,18,20,38,3256,3429,6685,6,0.322332,0.340319,3404.417261,0.003973,0.004454,1,0.000266,0,23,0.458498,0.032431
13117,Forsyth County,,GA,15820,219279,235099,77,48,125,18808,10798,29606,6,0.371545,0.398709,2836.988235,0.033908,0.022535,1,0.000879,0,23,0.576697,0.267805
13119,Franklin County,,GA,2174,22559,24733,11,9,20,1430,1445,2875,6,0.305018,0.319818,83.875839,0.000956,0.000817,1,0.000228,0,23,0.590909,0.008635
13121,Fulton County,,GA,150205,987546,1137751,315,296,611,130073,135817,265890,5,0.454475,0.502253,156368.788135,0.101603,0.096923,1,0.00333,0,23,0.237737,0.773127
13123,Gilmer County,,GA,2108,29194,31302,8,11,19,1000,1010,2010,6,0.316176,0.332162,490.357095,0.002204,0.002922,1,0.000178,0,23,0.618182,0.018068
13125,Glascock County,,GA,225,2867,3092,0,0,0,0,0,0,0,0,0,0,0,0,19,0.00005,16,41,0,0
13127,Glynn County,,GA,6166,86040,92206,22,24,46,3003,2828,5831,6,0.334322,0.35438,6407.980613,0.006316,0.007035,20,0.000358,0,23,0.469577,0.049025
13129,Gordon County,,GA,4344,60289,64633,14,14,28,2775,2717,5492,6,0.339238,0.357873,1021.137914,0.002625,0.003538,1,0.000244,0,23,0.541667,0.021592
13131,Grady County,,GA,1965,26838,28803,8,6,14,1081,1064,2145,6,0.284909,0.297952,319.971102,0.001349,0.000363,20,0.000197,0,23,0.625,0.010153
13133,Greene County,,GA,1181,17586,18767,8,7,15,660,522,1182,6,0.31458,0.329317,5.02259,0.00278,0.001584,1,0.000143,0,23,0.811111,0.022127
13135,Gwinnett County,,GA,80951,952645,1033596,273,243,516,81347,70683,152030,5,0.438098,0.484067,106964.659,0.091274,0.08429,1,0.002923,0,23,0.275618,0.694002
13137,Habersham County,,GA,3060,44781,47841,12,9,21,1952,1661,3613,6,0.304986,0.319761,2410.162008,0.002842,0.000856,1,0.000275,0,23,0.576923,0.023103
13139,Hall County,,GA,13388,214447,227835,43,37,80,10527,8798,19325,6,0.368461,0.393385,4364.772047,0.015457,0.015241,1,0.000568,0,23,0.471698,0.126429
13141,Hancock County,,GA,663,7913,8576,1,2,3,128,304,432,7,0.241829,0.248804,0,0.000026,0.000016,1,0.000062,0,23,1,0.000207
13143,Haralson County,,GA,2477,28391,30868,6,6,12,1669,1699,3368,6,0.306903,0.321058,165.590447,0.000918,0.000928,1,0.000122,0,23,0.733333,0.007418
13145,Harris County,,GA,3273,34964,38237,7,9,16,2199,2117,4316,6,0.315359,0.330791,49.572328,0.000503,0.001338,1,0.000141,0,23,0.722222,0.004272
13147,Hart County,,GA,1790,25766,27556,7,9,16,1059,1090,2149,6,0.312934,0.327531,94.32411,0.000801,0.001924,1,0.000165,0,23,0.583333,0.007015
13149,Heard County,,GA,1175,10497,11672,3,4,7,643,756,1399,7,0.268955,0.279972,0,0.000214,0.000202,1,0.00008,0,23,1,0.00181
13151,Henry County,,GA,23863,227124,250987,72,65,137,19716,18029,37745,6,0.383659,0.413379,12109.691285,0.027794,0.026578,1,0.000815,0,23,0.517314,0.213102
13153,Houston County,,GA,15575,168462,184037,57,68,125,8851,8768,17619,6,0.373201,0.403709,53882.453493,0.018741,0.02433,1,0.000878,0,23,0.401802,0.147439
13155,Irwin County,,GA,1058,8949,10007,3,5,8,544,690,1234,7,0.270171,0.281033,5.409937,0.000027,0.000154,20,0.000122,0,23,0.7,0.000524
13157,Jackson County,,GA,6082,66441,72523,17,16,33,4681,4115,8796,6,0.317374,0.333458,430.917066,0.00326,0.003262,1,0.000298,0,23,0.52924,0.027646
13159,Jasper County,,GA,1192,14206,15398,6,5,11,741,618,1359,7,0.279874,0.290993,1.652381,0.000389,0.000384,1,0.000128,0,23,0.633333,0.003532
13161,Jeff Davis County,,GA,994,15055,16049,4,4,8,404,446,850,7,0.241331,0.249265,286.87975,0.000018,0.000024,20,0.000167,0,23,0.166667,0.000526
13163,Jefferson County,,GA,1258,18726,19984,4,6,10,346,666,1012,7,0.27857,0.290686,388.961267,0.000389,0.000413,100,0.000115,0,23,0.4,0.003428
13165,Jenkins County,,GA,530,7700,8230,3,4,7,260,309,569,7,0.277383,0.28894,2.041545,0.00005,0.000262,1,0.000104,0,23,0.666667,0.000547
13167,Johnson County,,GA,548,7773,8321,2,3,5,266,289,555,7,0.248263,0.256269,7.322271,0.000035,0.000022,1,0.000093,0,23,0.5,0.000355
13169,Jones County,,GA,2656,30201,32857,7,7,14,1825,1746,3571,7,0.273193,0.285458,37.656793,0.000319,0.00024,1,0.000174,0,23,0.553571,0.00246
13171,Lamar County,,GA,1640,17164,18804,8,8,16,1134,1139,2273,6,0.286497,0.299113,10.229528,0.000644,0.000673,1,0.000162,0,23,0.732143,0.005727
13173,Lanier County,,GA,1435,8223,9658,3,4,7,638,699,1337,7,0.269822,0.280208,2,0.000144,0.000122,20,0.000129,0,23,0.55,0.001184
13175,Laurens County,,GA,3046,52568,55614,16,18,34,1253,1403,2656,6,0.329881,0.348743,12994.741326,0.002526,0.004439,1,0.000377,0,23,0.361472,0.020772
13177,Lee County,,GA,3674,33993,37667,5,9,14,2131,1813,3944,6,0.316005,0.331735,642.151053,0.000101,0.001717,1,0.000178,0,23,0.472222,0.000962
13179,Liberty County,,GA,17020,60003,77023,58,70,128,7434,9078,16512,6,0.380223,0.410592,7340.331171,0.024323,0.028989,1,0.000637,0,23,0.535127,0.188151
13181,Lincoln County,,GA,480,8078,8558,3,3,6,271,246,517,7,0.278068,0.289434,39.796405,0.000391,0.000404,100,0.000095,0,23,0.583333,0.003299
13183,Long County,,GA,2889,11261,14150,8,7,15,1696,1260,2956,6,0.30787,0.322747,217.624801,0.002397,0.001079,1,0.000145,0,23,0.555556,0.018344
13185,Lowndes County,,GA,12645,106922,119567,51,54,105,5638,6679,12317,6,0.369343,0.397218,44486.813483,0.016384,0.019735,20,0.000845,0,23,0.386039,0.128962
13187,Lumpkin County,,GA,3042,27223,30265,9,8,17,1618,1563,3181,6,0.31502,0.330171,20.273919,0.00244,0.00246,1,0.000192,0,23,0.788889,0.020855
13189,McDuffie County,,GA,1496,23808,25304,4,6,10,822,852,1674,6,0.305782,0.320631,5914.216258,0.000385,0.001143,100,0.000151,0,23,0.47619,0.003378
13191,McIntosh County,,GA,1004,11604,12608,4,3,7,500,418,918,6,0.292124,0.3043,0,0.000636,0.000424,20,0.000099,0,23,0.95,0.00498
13193,Macon County,,GA,1010,11890,12900,3,5,8,303,572,875,7,0.272001,0.283433,5.083333,0.000191,0.000161,1,0.000119,0,23,0.45,0.001458
13195,Madison County,,GA,2259,29660,31919,12,9,21,1840,1488,3328,6,0.305018,0.319818,339.158276,0.00147,0.000826,1,0.000229,0,23,0.568182,0.012308
13197,Marion County,,GA,681,7371,8052,3,2,5,247,272,519,7,0.283667,0.295635,2.352381,0.000294,0.00027,1,0.000095,0,23,0.666667,0.002305
13199,Meriwether County,,GA,2270,22733,25003,10,9,19,1704,1554,3258,6,0.315088,0.330336,136.287309,0.001598,0.001628,1,0.000168,0,23,0.6,0.013449
13201,Miller County,,GA,636,5655,6291,3,3,6,266,262,528,7,0.221701,0.228141,2.588528,0.000003,0.00001,20,0.000157,0,23,0.666667,0.000325
13205,Mitchell County,,GA,1749,22776,24525,8,7,15,989,1010,1999,7,0.261935,0.272333,39.440909,0.000121,0.000112,1,0.000226,0,23,0.410714,0.001503
13207,Monroe County,,GA,2389,28541,30930,8,9,17,1534,1312,2846,6,0.313503,0.328521,111.408352,0.000516,0.001197,1,0.000176,0,23,0.511111,0.004143
13209,Montgomery County,,GA,767,7870,8637,1,2,3,252,378,630,7,0.239457,0.246159,0,0.000008,0.000004,1,0.000074,0,23,1,0.000119
13211,Morgan County,,GA,1506,20360,21866,10,9,19,900,843,1743,6,0.316723,0.331581,7.065057,0.002248,0.002258,1,0.000175,0,23,0.788889,0.018282
13213,Murray County,,GA,3116,39882,42998,7,9,16,2151,2225,4376,6,0.308,0.322935,67.640241,0.000361,0.00104,137,0.000191,0,23,0.597222,0.003362
13215,Muscogee County,,GA,28164,213858,242022,98,112,210,18911,19902,38813,6,0.395518,0.430808,41015.281325,0.036127,0.038509,1,0.001134,0,23,0.404137,0.27834
13217,Newton County,,GA,11183,106352,117535,28,25,53,8773,8060,16833,6,0.349475,0.371263,1205.896765,0.007819,0.008564,1,0.000369,0,23,0.524621,0.059484
13219,Oconee County,,GA,2994,39702,42696,11,12,23,2324,1759,4083,6,0.317237,0.332776,445.594069,0.001526,0.002996,1,0.000209,0,23,0.659341,0.012858
13221,Oglethorpe County,,GA,1292,14506,15798,3,4,7,642,716,1358,7,0.267385,0.277529,1.180556,0.000141,0.000108,1,0.000098,0,23,0.666667,0.00112
13223,Paulding County,,GA,14426,154709,169135,25,30,55,10999,10301,21300,6,0.358585,0.382503,978.848054,0.01048,0.012083,1,0.000307,0,23,0.655462,0.082549
13225,Peach County,,GA,3236,26926,30162,8,4,12,2202,1969,4171,7,0.272837,0.284406,210.88241,0.001598,0.000202,1,0.00019,0,23,0.482143,0.012449
13227,Pickens County,,GA,2641,33618,36259,11,9,20,1856,1613,3469,6,0.315088,0.330398,4.477077,0.003094,0.002587,1,0.000186,0,23,0.772727,0.025649
13229,Pierce County,,GA,1503,19711,21214,6,3,9,1071,773,1844,7,0.24046,0.247598,4.745093,0.000035,0.000015,20,0.00022,0,23,0.5,0.000821
13231,Pike County,,GA,1516,18990,20506,7,7,14,1058,968,2026,6,0.286497,0.299027,2.832303,0.000748,0.000833,1,0.000141,0,23,0.833333,0.006876
13233,Polk County,,GA,3045,43194,46239,6,12,18,1492,2129,3621,6,0.316757,0.33215,207.136499,0.000853,0.002585,1,0.000121,0,23,0.704545,0.00685
13235,Pulaski County,,GA,789,9624,10413,5,3,8,442,349,791,7,0.271926,0.282978,209.641952,0.000189,0.000139,1,0.000158,0,23,0.5,0.001549
13237,Putnam County,,GA,1840,22436,24276,11,9,20,1037,911,1948,6,0.314817,0.329943,249.600656,0.002977,0.00157,1,0.000182,0,23,0.576923,0.023531
13239,Quitman County,,GA,239,2113,2352,1,1,2,98,114,212,7,0.232061,0.238242,0,0.000007,0.000006,1,0.000068,0,23,0,0.000133
13241,Rabun County,,GA,1141,17861,19002,5,2,7,327,242,569,7,0.234606,0.241507,21.681854,0.001428,0.000034,1,0.000162,0,23,0.55,0.012012
13243,Randolph County,,GA,463,6953,7416,2,2,4,110,134,244,7,0.261607,0.270968,64.870429,0.000364,0.00006,1,0.000071,0,23,0.666667,0.002583
13245,Richmond County,,GA,23811,201097,224908,80,76,156,13203,16275,29478,6,0.382806,0.413965,29605.384141,0.031314,0.031451,100,0.000966,0,23,0.460214,0.239897
13247,Rockdale County,,GA,11999,89214,101213,24,24,48,9071,8818,17889,6,0.356318,0.37868,1277.487913,0.010216,0.010612,1,0.000287,0,23,0.643939,0.076982
13249,Schley County,,GA,353,4498,4851,1,1,2,200,123,323,7,0.24149,0.248042,0,0.000014,0.000009,1,0.000068,0,23,0,0.000154
13251,Screven County,,GA,947,14289,15236,4,3,7,471,490,961,6,0.292095,0.304243,8.009723,0.000432,0.000411,1,0.000105,0,23,0.583333,0.003518
13253,Seminole County,,GA,867,9197,10064,4,4,8,388,471,859,7,0.256545,0.266233,343.01338,0.000075,0.000069,20,0.000177,0,23,0.5,0.000875
13255,Spalding County,,GA,6030,65731,71761,18,15,33,4493,4170,8663,6,0.317615,0.333743,360.549708,0.004407,0.003621,1,0.000267,0,23,0.557895,0.035579
13257,Stephens County,,GA,1915,25572,27487,6,9,15,803,941,1744,6,0.305049,0.319875,6.724331,0.000751,0.00096,1,0.000151,0,23,0.588889,0.006647
13259,Stewart County,,GA,404,4351,4755,2,2,4,135,193,328,7,0.283503,0.29535,3318.154396,0.000278,0.000261,1,0.000182,0,23,0,0.002135
13261,Sumter County,,GA,2287,32575,34862,9,12,21,747,1017,1764,6,0.31834,0.334249,9168.413081,0.001265,0.001895,1,0.000244,0,23,0.340909,0.009798
13263,Talbot County,,GA,656,6462,7118,3,4,7,358,445,803,7,0.283558,0.295692,1.204659,0.0003,0.000278,1,0.000088,0,23,0.666667,0.002349
13265,Taliaferro County,,GA,129,1618,1747,0,0,0,0,0,0,0,0,0,0,0,0,21,0.00005,17,42,0,0
13267,Tattnall County,,GA,1701,20311,22012,7,7,14,796,751,1547,6,0.293352,0.306485,288.475559,0.000643,0.000603,1,0.000165,0,23,0.52381,0.00517
13269,Taylor County,,GA,501,8387,8888,3,2,5,165,132,297,7,0.271825,0.282694,1.427305,0.000455,0.000147,1,0.00009,0,23,0.666667,0.003279
13271,Telfair County,,GA,902,10575,11477,3,4,7,281,406,687,7,0.2365,0.24441,38.300319,0.000002,0.000021,1,0.000158,0,23,0.166667,0.00026
13273,Terrell County,,GA,851,10391,11242,3,2,5,417,504,921,7,0.261607,0.270968,0.5,0.000099,0.00006,1,0.00011,0,23,0.666667,0.000714
13275,Thomas County,,GA,3665,47917,51582,13,9,22,1947,1598,3545,6,0.307741,0.323419,1211.260877,0.003159,0.001152,20,0.000275,0,23,0.467949,0.023826
13277,Tift County,,GA,3745,42649,46394,14,15,29,1802,1691,3493,6,0.316825,0.333783,8622.646002,0.002037,0.002399,20,0.000336,0,23,0.334559,0.015894
13279,Toombs County,,GA,2128,28308,30436,10,11,21,1013,936,1949,6,0.314783,0.330512,14590.632068,0.000455,0.001164,1,0.00031,0,23,0.242424,0.004163
13281,Towns County,,GA,865,11348,12213,3,2,5,238,191,429,9,0.177511,0.180814,945.627329,0.000609,0.000025,1,0.000228,0,23,0.166667,0.005358
13283,Treutlen County,,GA,373,6098,6471,4,3,7,230,168,398,7,0.248347,0.256468,29.859184,0.000044,0.000025,1,0.000148,0,23,0.666667,0.000552
13285,Troup County,,GA,5725,74719,80444,16,20,36,3301,3583,6884,6,0.320324,0.33806,1069.687637,0.004422,0.00408,1,0.000234,0,23,0.502164,0.035598
13287,Turner County,,GA,873,9060,9933,3,3,6,292,323,615,7,0.240954,0.248565,0,0.000028,0.000023,20,0.00011,0,23,1,0.00044
13289,Twiggs County,,GA,815,9152,9967,4,3,7,489,524,1013,7,0.272812,0.284235,1.196654,0.000304,0.000201,1,0.000112,0,23,0.916667,0.002046
13291,Union County,,GA,1462,22436,23898,8,3,11,594,280,874,8,0.215774,0.221431,2987.704831,0.003452,0.000034,1,0.000288,0,23,0.446429,0.02752
13293,Upson County,,GA,1695,27460,29155,8,9,17,865,755,1620,6,0.313268,0.328237,48.505766,0.001322,0.001517,1,0.000158,0,23,0.722222,0.011147
13295,Walker County,,GA,5169,65463,70632,10,7,17,3796,3584,7380,6,0.283229,0.295239,219.968873,0.001015,0.000332,137,0.000228,0,23,0.555556,0.008569
13297,Walton County,,GA,7225,91593,98818,19,18,37,5914,4966,10880,6,0.317581,0.334027,313.551165,0.005418,0.003912,1,0.000274,0,23,0.619048,0.0428
13299,Ware County,,GA,2955,34689,37644,11,11,22,1469,1666,3135,6,0.316346,0.332474,7765.473825,0.001261,0.002065,20,0.00033,0,23,0.365385,0.010453
13301,Warren County,,GA,409,5860,6269,1,1,2,104,168,272,7,0.234194,0.240626,0,0.000008,0.000003,100,0.000072,0,23,0,0.000104
13303,Washington County,,GA,854,21303,22157,4,3,7,260,210,470,7,0.277462,0.28894,237.976307,0.000029,0.00026,1,0.000131,0,23,0.3,0.000471
13305,Wayne County,,GA,2364,28341,30705,7,8,15,865,727,1592,6,0.293323,0.306542,589.860492,0.000646,0.000628,20,0.000181,0,23,0.458333,0.005311
13307,Webster County,,GA,241,2412,2653,2,1,3,87,51,138,8,0.220899,0.226405,1.801587,0.000016,0.000002,1,0.000145,0,23,0,0.000247
13309,Wheeler County,,GA,367,4677,5044,2,2,4,142,121,263,7,0.239594,0.246443,28.739181,0.000009,0.000003,1,0.000108,0,23,0,0.000201
13311,White County,,GA,2250,26787,29037,10,6,16,1374,1164,2538,6,0.314378,0.328862,24.995123,0.002257,0.001787,1,0.000198,0,23,0.711111,0.019296
13313,Whitfield County,,GA,7299,117052,124351,13,19,32,3807,4490,8297,6,0.35052,0.371581,1595.427083,0.002344,0.00584,137,0.000258,0,23,0.520468,0.019569
13315,Wilcox County,,GA,502,7130,7632,2,3,5,133,214,347,7,0.23981,0.247001,4.741881,0.000011,0.000009,1,0.000092,0,23,0.166667,0.000228
13317,Wilkes County,,GA,579,10626,11205,3,2,5,189,99,288,7,0.278491,0.290066,15.823596,0.000117,0.000312,100,0.000109,0,23,0.5,0.000958
13319,Wilkinson County,,GA,796,10706,11502,4,4,8,401,481,882,7,0.26149,0.271656,1.926813,0.000155,0.0001,1,0.000113,0,23,0.833333,0.001118
13321,Worth County,,GA,2214,22191,24405,7,7,14,1252,1323,2575,7,0.262099,0.272617,75.961793,0.000135,0.000093,1,0.000193,0,23,0.52381,0.001306
15001,Hawaii County,,HI,8746,201399,210145,39,34,73,6002,4975,10977,6,0.35314,0.377895,78.187164,0.017174,0.015959,9,0.000435,0,23,0.789372,0.138834
15003,Honolulu County,,HI,76046,1140349,1216395,281,297,578,52683,58934,111617,5,0.44918,0.498823,55117.147017,0.094223,0.094932,9,0.002746,0,23,0.253723,0.718621
15005,Kalawao County,,HI,0,0,0,0,0,0,0,0,0,0,0,0,0,0,0,22,0.00005,18,43,0,0
15007,Kauai County,,HI,3496,80962,84458,11,10,21,1721,1669,3390,6,0.344422,0.363732,0,0.006917,0.006617,9,0.000151,0,23,1,0.055083
15009,Maui County,,HI,7905,180043,187948,35,31,66,5276,4370,9646,6,0.357972,0.382412,45.077788,0.016599,0.016023,9,0.000388,0,23,0.901138,0.134901
16001,Ada County,,ID,28912,467515,496427,137,112,249,26574,21057,47631,5,0.389887,0.426086,79659.913001,0.037266,0.035505,165,0.001907,0,23,0.323699,0.306118
16003,Adams County,,ID,375,3928,4303,2,3,5,88,168,256,6,0.280813,0.293311,0,0.000259,0.000395,165,0.000096,0,23,1,0.002401
16005,Bannock County,,ID,6882,87155,94037,21,27,48,3178,3913,7091,6,0.34269,0.364733,14434.724182,0.003416,0.004753,165,0.000482,0,23,0.359606,0.029431
16007,Bear Lake County,,ID,423,6671,7094,2,0,2,88,0,88,0,0,0,0,0.000089,0,165,0.000075,0,3,1,0.00079
16009,Benewah County,,ID,596,9743,10339,3,2,5,229,279,508,7,0.274216,0.28626,0,0.000341,0.000333,165,0.000097,0,23,1,0.003188
16011,Bingham County,,ID,3834,52354,56188,10,10,20,1951,2298,4249,6,0.305909,0.320586,982.007665,0.001314,0.001314,165,0.000195,0,23,0.659091,0.011131
16013,Blaine County,,ID,1778,27734,29512,5,5,10,525,544,1069,6,0.315122,0.330023,868.883895,0.001912,0.001113,165,0.000128,0,23,0.633333,0.015953
16015,Boise County,,ID,737,7006,7743,2,2,4,421,468,889,6,0.280786,0.29314,0,0.000348,0.000393,165,0.000083,0,23,1,0.00341
16017,Bonner County,,ID,3255,44101,47356,11,8,19,1595,1369,2964,6,0.337752,0.356308,1932.797607,0.004384,0.002372,165,0.000223,0,23,0.606061,0.036353
16019,Bonneville County,,ID,9219,121431,130650,29,29,58,5656,5156,10812,6,0.346254,0.368663,6427.064462,0.007623,0.006472,165,0.000493,0,23,0.482008,0.063033
16021,Boundary County,,ID,766,11896,12662,2,2,4,176,210,386,7,0.258903,0.26812,0,0.000098,0.000134,165,0.000092,0,23,1,0.001259
16023,Butte County,,ID,237,2754,2991,0,1,1,0,43,43,7,0.219306,0.225181,0,0,0,165,0.00005,0,45,0,0
16025,Camas County,,ID,89,1055,1144,0,0,0,0,0,0,0,0,0,0,0,0,23,0.00005,19,46,0,0
16027,Canyon County,,ID,15170,207375,222545,68,50,118,14240,11068,25308,6,0.349767,0.375506,14100.968744,0.017106,0.012738,165,0.001045,0,23,0.364916,0.141015
16029,Caribou County,,ID,532,7856,8388,2,1,3,152,134,286,7,0.255249,0.263672,0,0.000089,0.000025,165,0.000075,0,23,1,0.00079
16031,Cassia County,,ID,2211,26251,28462,8,6,14,1224,1461,2685,6,0.305495,0.319505,17.007422,0.001825,0.000983,165,0.000174,0,23,0.819444,0.015497
16033,Clark County,,ID,62,906,968,0,0,0,0,0,0,0,0,0,0,0,0,24,0.00005,20,47,0,0
16035,Clearwater County,,ID,602,8455,9057,2,1,3,171,173,344,7,0.222155,0.228602,0,0.000032,0.00001,165,0.000097,0,23,1,0.000455
16037,Custer County,,ID,495,4787,5282,2,3,5,87,151,238,6,0.280816,0.293366,5863,0,0.000324,165,0.000179,0,44,0.166667,0.000154
16039,Elmore County,,ID,4033,27471,31504,8,10,18,824,1297,2121,6,0.34221,0.362366,416.986594,0.002665,0.003484,165,0.000162,0,23,0.507576,0.021665
16041,Franklin County,,ID,935,14753,15688,4,3,7,412,426,838,6,0.303344,0.316547,0,0.000908,0.00058,9,0.000095,0,23,1,0.007272
16043,Fremont County,,ID,1330,14481,15811,4,4,8,587,640,1227,7,0.258195,0.267487,0.642857,0.000116,0.000093,165,0.000102,0,23,0.75,0.001153
16045,Gem County,,ID,1665,17750,19415,3,3,6,717,952,1669,6,0.280813,0.293311,0,0.000351,0.000395,165,0.000113,0,23,1,0.003518
16047,Gooding County,,ID,1719,17609,19328,4,5,9,757,1001,1758,6,0.280893,0.293709,97.333619,0.000303,0.000456,165,0.000137,0,23,0.8,0.00307
16049,Idaho County,,ID,1107,15442,16549,3,4,7,280,441,721,6,0.280759,0.293424,1151.416769,0.000262,0.000301,165,0.000142,0,23,0.666667,0.00256
16051,Jefferson County,,ID,2953,29943,32896,7,10,17,1780,1935,3715,6,0.305782,0.320387,262.149562,0.00096,0.001316,165,0.000147,0,23,0.677778,0.007893
16053,Jerome County,,ID,2405,26197,28602,10,7,17,1673,1572,3245,6,0.280947,0.29405,540.350831,0.001781,0.000468,165,0.000226,0,23,0.527273,0.015332
16055,Kootenai County,,ID,10110,164890,175000,52,38,90,8128,6010,14138,6,0.349225,0.373487,9051.786342,0.014197,0.011267,165,0.000796,0,23,0.429522,0.115893
16057,Latah County,,ID,4071,35538,39609,14,15,29,1570,2066,3636,6,0.338924,0.358697,3510.757208,0.002991,0.003605,165,0.000295,0,23,0.441176,0.026149
16059,Lemhi County,,ID,673,8461,9134,1,1,2,55,44,99,7,0.219264,0.225088,0,0.000002,0,165,0.000101,0,44,0,0.00008
16061,Lewis County,,ID,465,4945,5410,2,2,4,235,216,451,7,0.222172,0.228773,0,0.000008,0.000012,165,0.00011,0,23,1,0.000279
16063,Lincoln County,,ID,719,5803,6522,4,4,8,371,419,790,7,0.255627,0.264469,0.916667,0.000058,0.000079,165,0.000138,0,23,0.75,0.000977
16065,Madison County,,ID,5933,28783,34716,13,23,36,1695,3552,5247,6,0.34556,0.367184,2559.131419,0.00377,0.00691,165,0.000223,0,23,0.625,0.031638
16067,Minidoka County,,ID,1891,23524,25415,7,7,14,1237,1236,2473,6,0.305527,0.319676,28.547381,0.001342,0.000999,165,0.000176,0,23,0.857143,0.012167
16069,Nez Perce County,,ID,3198,43748,46946,11,10,21,2052,1902,3954,6,0.285575,0.300102,8543.581496,0.001435,0.000779,165,0.000353,0,23,0.454545,0.013312
16071,Oneida County,,ID,339,4796,5135,1,1,2,45,50,95,7,0.255271,0.263729,0.215909,0.000022,0.000025,165,0.000063,0,23,0.5,0.000207
16073,Owyhee County,,ID,1214,12064,13278,3,3,6,770,824,1594,6,0.280893,0.293424,0,0.000374,0.000412,165,0.000096,0,23,1,0.003642
16075,Payette County,,ID,2168,24734,26902,5,5,10,1368,1268,2636,6,0.280867,0.293652,1.333333,0.000357,0.0004,165,0.000181,0,23,0.8,0.003729
16077,Power County,,ID,817,9237,10054,2,2,4,300,414,714,7,0.255293,0.2639,0,0.000044,0.000034,165,0.000082,0,23,1,0.000471
16079,Shoshone County,,ID,1036,12923,13959,2,2,4,320,386,706,7,0.274216,0.28626,0,0.000315,0.000333,165,0.000081,0,23,1,0.002914
16081,Teton County,,ID,1023,10994,12017,5,3,8,421,287,708,7,0.260746,0.26998,7.494767,0.000592,0.000131,9,0.000131,0,23,0.6,0.00521
16083,Twin Falls County,,ID,6581,88290,94871,24,23,47,4244,3879,8123,6,0.343252,0.365074,5785.328683,0.006889,0.005967,165,0.000409,0,23,0.488095,0.056601
16085,Valley County,,ID,993,10801,11794,3,3,6,475,474,949,6,0.280813,0.293311,0.596869,0.000351,0.000395,165,0.00011,0,23,0.833333,0.003505
16087,Washington County,,ID,887,10514,11401,4,4,8,342,437,779,6,0.28084,0.293481,0,0.000354,0.000398,165,0.000148,0,23,1,0.003627
17001,Adams County,,IL,3122,80923,84045,11,12,23,1135,1047,2182,6,0.332501,0.350569,17346.656352,0.001577,0.001509,56,0.000338,0,23,0.211538,0.012307
17003,Alexander County,,IL,623,7008,7631,3,3,6,174,273,447,7,0.258127,0.26652,22.384136,0.000022,0.00002,56,0.00013,0,23,0.666667,0.000428
17005,Bond County,,IL,1153,18188,19341,5,6,11,608,662,1270,6,0.309333,0.321621,129.11125,0.000264,0.000727,56,0.000141,0,23,0.633333,0.00216
17007,Boone County,,IL,4911,67210,72121,11,11,22,3541,3465,7006,6,0.343574,0.362395,32.564562,0.003482,0.003143,167,0.000146,0,23,0.795455,0.024638
17009,Brown County,,IL,363,5879,6242,2,2,4,127,154,281,7,0.249702,0.257259,11.80866,0.000011,0.000018,56,0.000108,0,23,0,0.000258
17011,Bureau County,,IL,2226,42352,44578,7,7,14,1172,1114,2286,6,0.330364,0.34711,1201.746646,0.000939,0.000992,167,0.00015,0,23,0.482143,0.007532
17013,Calhoun County,,IL,199,5971,6170,2,2,4,93,88,181,7,0.2678,0.277404,0,0.000085,0.000076,56,0.000094,0,23,1,0.000788
17015,Carroll County,,IL,1021,19118,20139,6,5,11,494,467,961,6,0.330104,0.346485,3.876627,0.001071,0.000868,167,0.000113,0,23,0.642857,0.007843
17017,Cass County,,IL,1269,16440,17709,5,4,9,437,561,998,7,0.270595,0.280908,1659.827961,0.000942,0.000065,167,0.00017,0,23,0.366667,0.007263
17019,Champaign County,,IL,15262,203210,218472,43,75,118,6962,9167,16129,5,0.396589,0.427435,27503.180223,0.014434,0.029573,167,0.000577,0,23,0.451049,0.109449
17021,Christian County,,IL,2069,39822,41891,4,6,10,1032,1010,2042,7,0.275739,0.287,32.83868,0.000149,0.000163,167,0.000118,0,23,0.6,0.000992
17023,Clark County,,IL,1075,19110,20185,5,5,10,561,538,1099,7,0.259913,0.269065,2146.142821,0.000038,0.000025,167,0.000174,0,23,0.3,0.000624
17025,Clay County,,IL,906,16046,16952,4,4,8,331,382,713,7,0.237786,0.24435,3227.583501,0.000008,0.000016,56,0.000184,0,23,0.166667,0.000467
17027,Clinton County,,IL,2451,44270,46721,6,7,13,1430,1499,2929,6,0.309496,0.321934,111.67481,0.000781,0.000739,56,0.000161,0,23,0.666667,0.006046
17029,Coles County,,IL,3640,51681,55321,10,12,22,1583,1799,3382,6,0.33156,0.349414,9032.772192,0.001115,0.00106,167,0.00028,0,23,0.333333,0.0083
17031,Cook County,,IL,274448,6274291,6548739,445,506,951,197590,253631,451221,5,0.492106,0.553237,585807.727596,0.115102,0.117038,167,0.004856,0,23,0.127694,0.873184
17033,Crawford County,,IL,1031,22599,23630,3,4,7,212,292,504,7,0.23487,0.241771,61.636663,0,0.000005,167,0.000151,0,23,0.166667,0.000253
17035,Cumberland County,,IL,802,12772,13574,5,4,9,573,467,1040,7,0.249766,0.25768,64.732763,0.000011,0.000017,167,0.000186,0,23,0.5,0.000561
17037,DeKalb County,,IL,9181,111902,121083,16,15,31,5803,6130,11933,6,0.35094,0.371661,168.044763,0.004135,0.004281,167,0.000188,0,23,0.647059,0.027764
17039,De Witt County,,IL,1209,19208,20417,5,5,10,715,675,1390,6,0.286413,0.297827,6.18592,0.000407,0.000242,167,0.000116,0,23,0.75,0.002237
17041,Douglas County,,IL,1491,25284,26775,5,4,9,818,780,1598,6,0.284245,0.295341,59.878702,0.000224,0.000116,167,0.00015,0,23,0.5,0.001293
17043,DuPage County,,IL,82018,1175502,1257520,152,175,327,69179,71999,141178,5,0.429619,0.467952,20140.818947,0.062318,0.0691,167,0.001495,0,23,0.409314,0.47002
17045,Edgar County,,IL,1064,20885,21949,4,7,11,395,569,964,6,0.285075,0.296997,82.828067,0.000048,0.000144,167,0.000134,0,23,0.428571,0.000641
17047,Edwards County,,IL,458,7707,8165,3,3,6,256,202,458,8,0.211797,0.217338,135.019574,0.000001,0,56,0.000164,0,23,0.25,0.000259
17049,Effingham County,,IL,2137,43937,46074,10,10,20,1007,997,2004,6,0.293882,0.306701,14327.255688,0.001169,0.000335,167,0.000288,0,23,0.333333,0.008567
17051,Fayette County,,IL,1331,23017,24348,6,6,12,553,648,1201,7,0.268364,0.278849,64.457597,0.000096,0.000091,56,0.000183,0,23,0.4,0.00126
17053,Ford County,,IL,1127,16472,17599,6,4,10,693,630,1323,6,0.286217,0.297344,3.22094,0.000414,0.000232,167,0.000127,0,23,0.633333,0.002506
17055,Franklin County,,IL,2383,43192,45575,8,8,16,1282,1326,2608,7,0.280732,0.292404,7343.329875,0.000969,0.000213,56,0.000241,0,23,0.544444,0.008118
17057,Fulton County,,IL,1998,41134,43132,5,6,11,994,1064,2058,6,0.275428,0.286667,159.548125,0.000187,0.000127,167,0.000122,0,23,0.5,0.001377
17059,Gallatin County,,IL,405,6025,6430,1,2,3,81,193,274,8,0.212735,0.21833,0,0,0,56,0.000081,0,23,1,0.000092
17061,Greene County,,IL,731,15363,16094,4,4,8,420,381,801,7,0.267996,0.278029,6.615251,0.000093,0.000089,56,0.000155,0,23,0.75,0.001062
17063,Grundy County,,IL,4550,61796,66346,9,11,20,3798,2961,6759,6,0.331711,0.349152,6.712098,0.002589,0.002796,167,0.000125,0,23,0.765152,0.017311
17065,Hamilton County,,IL,418,9507,9925,5,3,8,274,204,478,7,0.249808,0.25743,1036.323484,0.00001,0.000015,56,0.000188,0,23,0.5,0.000564
17067,Hancock County,,IL,1330,22580,23910,4,4,8,492,576,1068,7,0.251545,0.259984,40.028472,0.00002,0.000027,25,0.000148,0,23,0.35,0.000488
17069,Hardin County,,IL,183,4316,4499,1,1,2,68,81,149,8,0.20096,0.205319,0,0,0,56,0.000081,0,23,0,0.000092
17071,Henderson County,,IL,482,8339,8821,2,3,5,183,236,419,7,0.250299,0.258027,7.397678,0.00001,0.000009,25,0.000091,0,23,0.166667,0.000242
17073,Henry County,,IL,3440,62090,65530,10,10,20,1936,2037,3973,6,0.330625,0.34785,652.348509,0.001183,0.001059,25,0.000191,0,23,0.5,0.00895
17075,Iroquois County,,IL,1886,35569,37455,6,6,12,1146,1099,2245,6,0.330401,0.347053,127.917499,0.001448,0.001208,167,0.000124,0,23,0.666667,0.009663
17077,Jackson County,,IL,5874,53151,59025,20,17,37,2304,2963,5267,6,0.333333,0.35198,9793.11545,0.005433,0.003159,56,0.00034,0,23,0.466667,0.039542
17079,Jasper County,,IL,534,12307,12841,3,4,7,266,258,524,7,0.227661,0.234066,2009.929129,0.000002,0.000009,167,0.000165,0,23,0.166667,0.000316
17081,Jefferson County,,IL,2224,42934,45158,12,10,22,1427,930,2357,6,0.331673,0.348976,11846.608807,0.001149,0.001115,56,0.000319,0,23,0.439394,0.00964
17083,Jersey County,,IL,1550,26227,27777,5,5,10,905,1068,1973,6,0.307482,0.319494,311.343199,0.000602,0.000584,56,0.00017,0,23,0.6,0.004833
17085,Jo Daviess County,,IL,1452,28602,30054,6,6,12,826,728,1554,6,0.330327,0.34694,105.872638,0.001071,0.000881,25,0.00013,0,23,0.482143,0.007873
17087,Johnson County,,IL,766,12976,13742,4,4,8,390,345,735,7,0.250406,0.258391,696.892428,0.000011,0.000014,56,0.000194,0,23,0.35,0.000442
17089,Kane County,,IL,43084,635150,678234,65,91,156,35309,34944,70253,5,0.397828,0.429841,6762.860146,0.029043,0.03971,167,0.000657,0,23,0.524428,0.220488
17091,Kankakee County,,IL,6530,131155,137685,10,15,25,3274,3455,6729,6,0.347033,0.36711,308.039632,0.003504,0.00435,167,0.000139,0,23,0.647619,0.024201
17093,Kendall County,,IL,13053,142495,155548,14,21,35,11428,9671,21099,6,0.359289,0.382514,102.589776,0.005088,0.00986,167,0.000162,0,23,0.747036,0.035225
17095,Knox County,,IL,3015,58189,61204,9,13,22,1375,1470,2845,6,0.331186,0.349016,1037.524452,0.00109,0.00122,167,0.000175,0,23,0.461538,0.008351
17097,Lake County,,IL,51825,882582,934407,125,154,279,40482,41373,81855,5,0.41726,0.455148,10519.431605,0.055241,0.065101,167,0.00122,0,23,0.440147,0.417153
17099,LaSalle County,,IL,7958,135524,143482,19,21,40,4288,4323,8611,6,0.34609,0.366803,5670.976094,0.003609,0.004408,167,0.000276,0,23,0.480519,0.025536
17101,Lawrence County,,IL,888,16289,17177,3,4,7,351,396,747,7,0.234832,0.241606,1740.256791,0.000004,0.000006,167,0.000168,0,23,0.083333,0.000299
17103,Lee County,,IL,2515,40141,42656,9,9,18,1490,1525,3015,6,0.330252,0.347167,4.603292,0.001907,0.001668,167,0.000139,0,23,0.777778,0.013243
17105,Livingston County,,IL,2415,43654,46069,9,8,17,1284,1329,2613,6,0.330401,0.347281,147.230021,0.001942,0.001242,167,0.000148,0,23,0.633333,0.013578
17107,Logan County,,IL,1695,31859,33554,7,8,15,846,829,1675,6,0.281839,0.293749,62.643007,0.000458,0.000303,167,0.000146,0,23,0.607143,0.002863
17109,McDonough County,,IL,2193,29910,32103,7,10,17,683,868,1551,6,0.331111,0.348532,6747.139485,0.000867,0.001102,167,0.000196,0,23,0.355556,0.00712
17111,McHenry County,,IL,22931,394688,417619,30,58,88,17079,16875,33954,6,0.377383,0.406348,370.929999,0.01295,0.029974,167,0.000311,0,23,0.688251,0.096404
17113,McLean County,,IL,12141,195059,207200,47,48,95,6624,6989,13613,5,0.378211,0.406206,11828.840996,0.014344,0.019291,167,0.000587,0,23,0.449405,0.107723
17115,Macon County,,IL,6617,125753,132370,18,23,41,2647,3250,5897,6,0.360084,0.383123,13269.956642,0.00384,0.007089,167,0.000312,0,23,0.472826,0.028293
17117,Macoupin County,,IL,3190,54428,57618,9,9,18,2134,2047,4181,6,0.310348,0.323328,456.294829,0.000873,0.00095,56,0.000233,0,23,0.466667,0.006733
17119,Madison County,,IL,15893,314314,330207,43,44,87,9876,10269,20145,6,0.365656,0.391775,33173.667174,0.009918,0.011187,56,0.000776,0,23,0.270091,0.078727
17121,Marion County,,IL,2605,45156,47761,10,9,19,1289,1306,2595,6,0.309856,0.322673,5849.276826,0.00105,0.000744,56,0.000279,0,23,0.424242,0.008667
17123,Marshall County,,IL,1047,14893,15940,5,5,10,647,627,1274,6,0.275687,0.286661,84.689146,0.000209,0.000146,167,0.000128,0,23,0.65,0.001503
17125,Mason County,,IL,947,16610,17557,7,6,13,746,612,1358,6,0.278385,0.289824,52.879461,0.000268,0.000172,167,0.000177,0,23,0.52381,0.001921
17127,Massac County,,IL,874,16936,17810,4,2,6,540,300,840,7,0.242349,0.250044,972.182076,0.000014,0.000009,137,0.000166,0,23,0.083333,0.00041
17129,Menard County,,IL,990,15462,16452,3,3,6,606,569,1175,7,0.270445,0.280453,1.375,0.000099,0.000065,167,0.000101,0,23,0.75,0.000713
17131,Mercer County,,IL,1059,20778,21837,6,6,12,778,705,1483,7,0.276181,0.286596,19.029196,0.000166,0.000112,25,0.000133,0,23,0.633333,0.001385
17133,Monroe County,,IL,2016,43008,45024,6,7,13,1720,1375,3095,6,0.309529,0.321974,2.224191,0.001065,0.001165,56,0.000133,0,23,0.857143,0.008074
17135,Montgomery County,,IL,1817,32903,34720,6,7,13,951,1076,2027,7,0.285742,0.297603,53.72313,0.00019,0.00028,56,0.00016,0,23,0.571429,0.001595
17137,Morgan County,,IL,2293,38770,41063,8,7,15,1092,1030,2122,7,0.275143,0.286511,7421.395509,0.000949,0.000141,167,0.00032,0,23,0.236111,0.007554
17139,Moultrie County,,IL,1200,17637,18837,5,4,9,804,650,1454,7,0.265158,0.274497,4.604439,0.000061,0.000038,167,0.000163,0,23,0.6,0.000726
17141,Ogle County,,IL,4005,65488,69493,9,12,21,2442,2396,4838,6,0.343614,0.362565,36.600646,0.001893,0.002642,167,0.000137,0,23,0.681818,0.013251
17143,Peoria County,,IL,14508,223068,237576,39,54,93,8195,9481,17676,5,0.378847,0.407446,24693.081803,0.012501,0.019362,167,0.000514,0,23,0.452825,0.092542
17145,Perry County,,IL,1253,22703,23956,6,7,13,606,673,1279,7,0.280356,0.291704,11.381155,0.000216,0.000218,56,0.000169,0,23,0.666667,0.002104
17147,Piatt County,,IL,1275,20285,21560,5,5,10,901,764,1665,6,0.284577,0.295853,68.848332,0.000407,0.000137,167,0.00013,0,23,0.6,0.002223
17149,Pike County,,IL,860,18224,19084,3,3,6,183,257,440,7,0.250213,0.258129,22.304992,0.000013,0.000022,56,0.000136,0,23,0.25,0.000441
17151,Pope County,,IL,537,3570,4107,1,3,4,45,392,437,8,0.204495,0.209788,29.22817,0,0,137,0.000081,0,23,0.5,0.000092
17153,Pulaski County,,IL,461,6325,6786,2,4,6,122,246,368,7,0.258377,0.26698,131.60004,0.000022,0.00002,56,0.000111,0,23,0.416667,0.000341
17155,Putnam County,,IL,494,7422,7916,3,3,6,303,324,627,7,0.257243,0.265555,0.952632,0.00004,0.000034,167,0.000101,0,23,0.666667,0.000509
17157,Randolph County,,IL,1727,35185,36912,7,8,15,893,976,1869,6,0.309496,0.322088,98.521541,0.000806,0.000785,56,0.000167,0,23,0.571429,0.006418
17159,Richland County,,IL,914,18974,19888,4,3,7,266,228,494,8,0.1944,0.198852,53.997281,0,0,56,0.000207,0,23,0,0.000333
17161,Rock Island County,,IL,10113,176573,186686,21,26,47,5044,6182,11226,6,0.362534,0.386126,6655.040045,0.004642,0.008057,25,0.000309,0,23,0.448276,0.034636
17163,St. Clair County,,IL,20098,302396,322494,60,63,123,10603,12514,23117,6,0.387977,0.417247,31721.953045,0.01974,0.024235,56,0.000812,0,23,0.400351,0.151143
17165,Saline County,,IL,1469,27308,28777,7,8,15,668,675,1343,7,0.251481,0.260558,15684.838635,0.000012,0.00006,56,0.000292,0,23,0.194444,0.000739
17167,Sangamon County,,IL,11667,244307,255974,35,45,80,6215,6586,12801,6,0.370464,0.397247,23222.261648,0.007742,0.013214,167,0.000538,0,23,0.365691,0.056484
17169,Schuyler County,,IL,551,8254,8805,3,3,6,250,246,496,7,0.248938,0.256412,10.202922,0.000009,0.000013,167,0.00012,0,23,0.166667,0.000361
17171,Scott County,,IL,369,6090,6459,1,1,2,187,150,337,8,0.21579,0.221054,0,0.000001,0.000007,167,0.000089,0,23,0,0.000139
17173,Shelby County,,IL,1588,25787,27375,7,7,14,951,991,1942,7,0.265519,0.275527,105.630611,0.000064,0.000047,167,0.000223,0,23,0.380952,0.000951
17175,Stark County,,IL,368,6873,7241,2,2,4,200,212,412,6,0.274885,0.285256,0,0.000147,0.000099,167,0.000075,0,23,1,0.000906
17177,Stephenson County,,IL,2878,56028,58906,8,10,18,1400,1471,2871,6,0.330737,0.34802,38.895242,0.001587,0.001399,167,0.000147,0,23,0.554545,0.011478
17179,Tazewell County,,IL,9670,166021,175691,17,22,39,6107,6252,12359,6,0.347857,0.368805,2866.972065,0.002805,0.004009,167,0.000275,0,23,0.398551,0.020413
17181,Union County,,IL,878,20024,20902,5,5,10,423,413,836,7,0.261958,0.271454,174.355658,0.000033,0.000073,56,0.000188,0,23,0.366667,0.000809
17183,Vermilion County,,IL,4341,89036,93377,12,11,23,1807,1954,3761,6,0.332388,0.350495,3953.986528,0.001838,0.001641,167,0.000241,0,23,0.335165,0.01349
17185,Wabash County,,IL,698,13814,14512,5,3,8,267,281,548,7,0.267653,0.277159,4449.293446,0.000065,0.000049,56,0.00021,0,23,0.25,0.000827
17187,Warren County,,IL,1383,20365,21748,5,6,11,525,622,1147,6,0.279287,0.290557,313.800019,0.000076,0.000139,167,0.000133,0,23,0.433333,0.0008
17189,Washington County,,IL,1107,18161,19268,6,5,11,600,647,1247,7,0.280008,0.290925,7.641842,0.000276,0.000166,56,0.00017,0,23,0.7,0.002378
17191,Wayne County,,IL,1362,17412,18774,3,5,8,216,845,1061,7,0.25,0.258016,1020.509503,0.000009,0.000008,56,0.000146,0,23,0.3,0.000332
17193,White County,,IL,912,17034,17946,5,7,12,353,428,781,7,0.268241,0.278723,3995.804353,0.000001,0.00005,56,0.00024,0,23,0.196429,0.000422
17195,Whiteside County,,IL,3342,71815,75157,10,13,23,1676,1903,3579,6,0.330588,0.348134,30.445927,0.00122,0.001764,167,0.000178,0,23,0.525641,0.009022
17197,Will County,,IL,51476,840122,891598,72,114,186,41794,42686,84480,5,0.403915,0.438896,6900.681843,0.031956,0.047729,167,0.000741,0,23,0.490196,0.245065
17199,Williamson County,,IL,4649,74471,79120,13,14,27,2859,2395,5254,6,0.332765,0.350939,18953.493896,0.001883,0.001416,56,0.000308,0,23,0.386029,0.014017
17201,Winnebago County,,IL,16806,347321,364127,37,58,95,9214,10946,20160,6,0.378896,0.408254,2867.770157,0.012735,0.024096,167,0.000395,0,23,0.484929,0.092444
17203,Woodford County,,IL,3018,47522,50540,7,6,13,2375,1849,4224,6,0.330401,0.347053,221.45491,0.001195,0.001073,167,0.000136,0,23,0.785714,0.008861
18001,Adams County,,IN,1754,42449,44203,4,6,10,758,967,1725,6,0.305782,0.319539,321.117505,0.000215,0.000701,167,0.000127,0,23,0.466667,0.001709
18003,Allen County,,IN,19600,436248,455848,75,87,162,11313,12468,23781,5,0.387669,0.420102,53869.345067,0.024296,0.028139,167,0.000906,0,23,0.362364,0.185065
18005,Bartholomew County,,IN,6546,98448,104994,17,13,30,3835,3675,7510,6,0.33417,0.352844,617.298546,0.002684,0.002247,167,0.000295,0,23,0.485294,0.020435
18007,Benton County,,IN,806,10355,11161,3,3,6,410,467,877,6,0.275739,0.286081,1,0.000123,0.000091,167,0.000109,0,23,0.666667,0.000868
18009,Blackford County,,IN,978,14591,15569,5,4,9,557,570,1127,7,0.250427,0.258863,51.82426,0.000234,0.000027,167,0.000133,0,23,0.7,0.001979
18011,Boone County,,IN,5607,72422,78029,14,9,23,4273,3287,7560,6,0.338572,0.357338,234.136907,0.002689,0.001956,167,0.000221,0,23,0.62381,0.020367
18013,Brown County,,IN,1469,18121,19590,5,5,10,1058,984,2042,6,0.305018,0.318089,0.247619,0.000687,0.000632,167,0.000117,0,23,0.95,0.00526
18015,Carroll County,,IN,1841,23973,25814,6,5,11,1354,1218,2572,6,0.276103,0.286906,1.233333,0.000668,0.000112,167,0.000138,0,23,0.833333,0.00529
18017,Cass County,,IN,3056,47824,50880,11,12,23,1626,1874,3500,6,0.306806,0.321758,391.760594,0.001095,0.001105,167,0.00021,0,23,0.368132,0.007956
18019,Clark County,,IN,9422,132816,142238,21,18,39,7748,6554,14302,6,0.341492,0.361837,5371.354367,0.00351,0.002388,137,0.000431,0,23,0.324111,0.027561
18021,Clay County,,IN,2180,30855,33035,7,8,15,1327,1488,2815,6,0.305272,0.318857,335.369972,0.000572,0.000605,167,0.000165,0,23,0.642857,0.004801
18023,Clinton County,,IN,2399,40842,43241,7,10,17,1237,1513,2750,6,0.305558,0.319511,58.24068,0.000965,0.000976,167,0.000154,0,23,0.633333,0.00748
18025,Crawford County,,IN,720,11733,12453,5,5,10,545,470,1015,7,0.254938,0.263806,7.503001,0.000032,0.000056,137,0.000176,0,23,0.6,0.000823
18027,Daviess County,,IN,1488,38690,40178,8,10,18,844,852,1696,6,0.305877,0.319954,994.557247,0.000597,0.000633,167,0.000223,0,23,0.533333,0.005149
18029,Dearborn County,,IN,3722,61368,65090,12,12,24,2686,2661,5347,6,0.307224,0.322241,5544.659808,0.001495,0.001383,114,0.000239,0,23,0.5,0.011266
18031,Decatur County,,IN,1859,32074,33933,9,10,19,1238,1176,2414,6,0.305304,0.319198,32.972494,0.000625,0.000623,167,0.000216,0,23,0.511111,0.005447
18033,DeKalb County,,IN,2988,50240,53228,7,7,14,2125,1893,4018,6,0.27974,0.291837,11.318616,0.000225,0.000245,167,0.000159,0,23,0.555556,0.002085
18035,Delaware County,,IN,7080,117153,124233,16,21,37,3441,4144,7585,6,0.333599,0.353339,5742.775227,0.002296,0.002552,167,0.000283,0,23,0.443723,0.01746
18037,Dubois County,,IN,2232,55044,57276,12,11,23,1102,1165,2267,6,0.305782,0.319983,2865.516175,0.00106,0.00058,167,0.000341,0,23,0.358974,0.008837
18039,Elkhart County,,IN,11264,245006,256270,23,25,48,7533,7089,14622,6,0.357099,0.380358,2847.341046,0.00563,0.007537,167,0.000316,0,23,0.470968,0.043671
18041,Fayette County,,IN,1478,26348,27826,7,7,14,760,744,1504,6,0.305145,0.318572,98.484712,0.000758,0.000548,167,0.000165,0,23,0.535714,0.005833
18043,Floyd County,,IN,7480,88275,95755,10,7,17,5663,5300,10963,6,0.309235,0.323521,574.387895,0.001595,0.000996,137,0.000237,0,23,0.488889,0.013172
18045,Fountain County,,IN,1617,20431,22048,7,6,13,937,997,1934,6,0.276259,0.287406,419.461844,0.000663,0.000106,167,0.000175,0,23,0.535714,0.005225
18047,Franklin County,,IN,1691,28981,30672,8,9,17,1218,1175,2393,6,0.306935,0.321388,107.566081,0.00068,0.001096,114,0.000192,0,23,0.555556,0.00505
18049,Fulton County,,IN,1482,24546,26028,8,9,17,951,912,1863,6,0.278068,0.289977,109.96521,0.000771,0.000199,167,0.000169,0,23,0.518182,0.006284
18051,Gibson County,,IN,2130,39885,42015,8,9,17,1393,1359,2752,6,0.305814,0.319727,354.702752,0.000084,0.000581,167,0.000301,0,23,0.5,0.001299
18053,Grant County,,IN,3837,75184,79021,11,13,24,1583,2050,3633,6,0.305941,0.32062,1077.952886,0.001197,0.001046,167,0.000209,0,23,0.5,0.009282
18055,Greene County,,IN,2158,36990,39148,11,11,22,1376,1437,2813,6,0.305558,0.319653,1055.368295,0.000672,0.000608,167,0.000238,0,23,0.472727,0.005602
18057,Hamilton County,,IN,26167,355317,381484,104,99,203,24799,19532,44331,5,0.407114,0.43942,27661.830698,0.038512,0.04089,167,0.001199,0,23,0.435813,0.293084
18059,Hancock County,,IN,6488,85661,92149,11,12,23,5470,4439,9909,6,0.305558,0.319852,16.919889,0.000998,0.00103,167,0.000211,0,23,0.608974,0.008191
18061,Harrison County,,IN,2899,46067,48966,7,7,14,1757,1961,3718,6,0.300266,0.313009,546.206716,0.001013,0.000497,137,0.000189,0,23,0.553571,0.008244
18063,Hendricks County,,IN,13634,181788,195422,33,29,62,12033,9688,21721,5,0.363073,0.387514,2921.770905,0.007525,0.008588,167,0.000442,0,23,0.4278,0.054507
18065,Henry County,,IN,3089,55219,58308,9,9,18,1976,1981,3957,6,0.305336,0.319141,9.11164,0.000926,0.00089,167,0.000184,0,23,0.680556,0.007533
18067,Howard County,,IN,5356,99866,105222,15,15,30,2936,2970,5906,6,0.306261,0.321303,302.977179,0.002207,0.001182,167,0.000259,0,23,0.480392,0.016949
18069,Huntington County,,IN,2505,44713,47218,6,7,13,1197,1413,2610,6,0.305654,0.319425,113.208857,0.000741,0.000722,167,0.000143,0,23,0.666667,0.00588
18071,Jackson County,,IN,3692,57122,60814,12,12,24,2299,2448,4747,6,0.309725,0.324801,150.961607,0.000868,0.001111,167,0.000243,0,23,0.429487,0.006927
18073,Jasper County,,IN,2682,40206,42888,8,9,17,1681,1701,3382,6,0.331974,0.34967,398.629271,0.001301,0.001655,167,0.000167,0,23,0.666667,0.009452
18075,Jay County,,IN,1287,25148,26435,7,6,13,800,751,1551,7,0.252717,0.261801,26.515499,0.000049,0.000033,167,0.000184,0,23,0.333333,0.000927
18077,Jefferson County,,IN,2105,37050,39155,11,10,21,1059,1016,2075,6,0.309431,0.324204,1124.226054,0.001034,0.001015,167,0.000258,0,23,0.4,0.008698
18079,Jennings County,,IN,2547,32108,34655,8,8,16,1650,1763,3413,6,0.305399,0.319141,18.535275,0.000621,0.00063,167,0.000192,0,23,0.611111,0.005339
18081,Johnson County,,IN,16009,170920,186929,30,30,60,11951,11243,23194,5,0.357186,0.380745,3638.34462,0.006125,0.007613,167,0.000459,0,23,0.361111,0.046502
18083,Knox County,,IN,2175,41350,43525,11,9,20,1023,993,2016,6,0.306005,0.320011,10734.380282,0.000715,0.000589,167,0.000286,0,23,0.381818,0.005827
18085,Kosciusko County,,IN,5413,96526,101939,17,13,30,3262,3078,6340,6,0.332501,0.350922,1304.621192,0.002149,0.002003,167,0.000287,0,23,0.418301,0.01693
18087,LaGrange County,,IN,2440,45897,48337,7,8,15,1680,1825,3505,6,0.283393,0.295791,14.046789,0.000293,0.000384,167,0.00016,0,23,0.607143,0.002574
18089,Lake County,,IN,29925,571065,600990,53,76,129,22419,23111,45530,5,0.392551,0.423407,7416.394184,0.022012,0.033331,167,0.000604,0,23,0.524228,0.167931
18091,LaPorte County,,IN,6091,127297,133388,12,13,25,4160,3589,7749,6,0.3456,0.365353,53.774849,0.002664,0.003279,167,0.000171,0,23,0.714286,0.018414
18093,Lawrence County,,IN,2505,53398,55903,8,10,18,1347,1351,2698,6,0.305846,0.319954,697.099343,0.000633,0.000682,167,0.0002,0,23,0.431818,0.005153
18095,Madison County,,IN,8078,146806,154884,15,15,30,4904,4747,9651,6,0.332614,0.35132,238.511124,0.001338,0.001989,167,0.000262,0,23,0.479532,0.01064
18097,Marion County,,IN,73324,1079025,1152349,226,220,446,57292,61989,119281,5,0.438426,0.48062,232888.965897,0.071126,0.071811,167,0.002737,0,23,0.264215,0.543976
18099,Marshall County,,IN,3264,56856,60120,10,11,21,1891,2132,4023,6,0.332426,0.35058,470.582351,0.001419,0.001789,167,0.00018,0,23,0.643939,0.010452
18101,Martin County,,IN,729,11905,12634,4,6,10,348,486,834,6,0.269773,0.280569,4.5164,0.000018,0.000072,167,0.000131,0,23,0.533333,0.00053
18103,Miami County,,IN,2552,37961,40513,8,9,17,1469,1531,3000,6,0.306005,0.320165,43.132402,0.000873,0.001026,167,0.000156,0,23,0.711111,0.006805
18105,Monroe County,,IN,11214,123988,135202,29,37,66,4759,5864,10623,5,0.368461,0.394824,7082.784661,0.006516,0.012412,167,0.000429,0,23,0.39482,0.049817
18107,Montgomery County,,IN,2847,46475,49322,9,11,20,1633,1559,3192,6,0.305558,0.319738,76.355808,0.000947,0.000983,167,0.000181,0,23,0.454545,0.006722
18109,Morgan County,,IN,6183,83655,89838,12,13,25,4904,4557,9461,6,0.305399,0.319681,18.722422,0.001068,0.001012,167,0.000222,0,23,0.52381,0.008479
18111,Newton County,,IN,1265,16190,17455,7,5,12,891,766,1657,6,0.286105,0.29785,271.556203,0.001287,0.000251,167,0.000155,0,23,0.714286,0.009227
18113,Noble County,,IN,3411,56651,60062,7,7,14,2410,2495,4905,6,0.27974,0.291837,5.143626,0.000283,0.000244,167,0.000162,0,23,0.714286,0.002478
18115,Ohio County,,IN,650,6946,7596,2,3,5,369,425,794,7,0.235171,0.241947,0,0.000013,0.00002,114,0.000091,0,23,1,0.000254
18117,Orange County,,IN,1209,21941,23150,8,5,13,692,578,1270,6,0.30524,0.318487,512.079011,0.000553,0.00053,167,0.000215,0,23,0.446429,0.004981
18119,Owen County,,IN,2021,23977,25998,8,9,17,1414,1416,2830,6,0.305367,0.319113,5.659218,0.000698,0.000699,167,0.000165,0,23,0.677778,0.005588
18121,Parke County,,IN,1077,17900,18977,6,7,13,771,726,1497,6,0.30524,0.318686,419.291452,0.000566,0.000553,167,0.000153,0,23,0.571429,0.004684
18123,Perry County,,IN,970,21633,22603,6,5,11,444,412,856,7,0.267482,0.277307,210.105204,0.000087,0.000064,167,0.000234,0,23,0.7,0.001143
18125,Pike County,,IN,911,14647,15558,5,6,11,476,709,1185,7,0.267678,0.277791,4.135287,0.000077,0.000073,167,0.000171,0,23,0.766667,0.000984
18127,Porter County,,IN,12106,198795,210901,21,25,46,9505,8071,17576,6,0.357797,0.381155,1257.145785,0.006919,0.008703,167,0.000275,0,23,0.574074,0.05203
18129,Posey County,,IN,1791,31083,32874,5,3,8,1203,1131,2334,7,0.267336,0.276738,6.936147,0.000078,0.000056,167,0.000174,0,23,0.55,0.000898
18131,Pulaski County,,IN,970,15224,16194,7,7,14,494,589,1083,6,0.276467,0.287679,15.01506,0.000169,0.000166,167,0.000165,0,23,0.464286,0.00156
18133,Putnam County,,IN,2957,38674,41631,9,11,20,1832,2051,3883,6,0.305463,0.319511,12.453782,0.000932,0.000982,167,0.00018,0,23,0.618182,0.007502
18135,Randolph County,,IN,2002,30353,32355,7,6,13,1127,1266,2393,6,0.305336,0.3188,494.188879,0.000576,0.000558,167,0.000159,0,23,0.547619,0.004926
18137,Ripley County,,IN,2461,32666,35127,11,9,20,1501,1673,3174,6,0.306999,0.321502,2130.806257,0.001211,0.001092,114,0.000243,0,23,0.409091,0.009244
18139,Rush County,,IN,1404,20035,21439,8,7,15,957,988,1945,6,0.305081,0.318458,21.155388,0.000611,0.000549,167,0.000182,0,23,0.607143,0.005221
18141,St. Joseph County,,IN,16345,304993,321338,47,51,98,9735,10413,20148,5,0.383407,0.412053,6261.835085,0.017549,0.022998,167,0.000548,0,23,0.537017,0.136305
18143,Scott County,,IN,1618,25528,27146,6,8,14,1054,1134,2188,6,0.300636,0.313692,18.125892,0.000491,0.000508,137,0.000169,0,23,0.642857,0.004224
18145,Shelby County,,IN,3864,53179,57043,10,9,19,2568,2479,5047,6,0.305208,0.318914,11.045665,0.000974,0.000935,167,0.000206,0,23,0.554545,0.007982
18147,Spencer County,,IN,1367,25000,26367,6,5,11,814,827,1641,7,0.268832,0.278877,7.454328,0.000091,0.000076,167,0.00021,0,23,0.766667,0.001157
18149,Starke County,,IN,1547,25834,27381,9,7,16,1203,976,2179,6,0.330141,0.346769,375.036234,0.001366,0.001198,167,0.00016,0,23,0.638889,0.009987
18151,Steuben County,,IN,2589,38573,41162,9,8,17,1402,1418,2820,6,0.305909,0.319994,279.313275,0.000983,0.000723,167,0.000172,0,23,0.416667,0.007592
18153,Sullivan County,,IN,1321,22548,23869,4,5,9,729,766,1495,6,0.305304,0.318544,2.106818,0.000042,0.000544,167,0.000129,0,23,0.9,0.000602
18155,Switzerland County,,IN,777,10037,10814,4,5,9,391,407,798,6,0.296409,0.308578,389.656327,0.000025,0.000426,114,0.000138,0,23,0.55,0.000553
18157,Tippecanoe County,,IN,14221,173616,187837,43,55,98,7470,8264,15734,5,0.380569,0.409061,26550.54921,0.009496,0.016659,167,0.000641,0,23,0.322316,0.07303
18159,Tipton County,,IN,1273,19260,20533,5,4,9,827,840,1667,6,0.304986,0.317947,0.166667,0.000844,0.000817,167,0.000114,0,23,0.9,0.006665
18161,Union County,,IN,623,8101,8724,4,4,8,342,430,772,6,0.279687,0.290859,2.727741,0.000234,0.00017,167,0.000111,0,23,0.666667,0.001634
18163,Vanderburgh County,,IN,11911,203861,215772,34,32,66,6892,7261,14153,6,0.364745,0.389448,57152.613706,0.006738,0.008306,167,0.000743,0,23,0.266551,0.052052
18165,Vermillion County,,IN,1263,18558,19821,5,4,9,700,674,1374,7,0.259338,0.268069,3.925794,0.000046,0.000039,167,0.000144,0,23,0.5,0.00073
18167,Vigo County,,IN,6954,112795,119749,19,20,39,3021,3475,6496,6,0.349642,0.370694,14294.173249,0.002267,0.003971,167,0.000373,0,23,0.34632,0.017153
18169,Wabash County,,IN,1896,38707,40603,9,9,18,1115,1057,2172,6,0.305782,0.319881,66.042548,0.000768,0.000756,167,0.000184,0,23,0.611111,0.006464
18171,Warren County,,IN,708,10211,10919,3,4,7,477,502,979,6,0.275895,0.286536,3.454352,0.000133,0.000088,167,0.000104,0,23,0.583333,0.000939
18173,Warrick County,,IN,4905,73487,78392,11,11,22,3632,2938,6570,6,0.309955,0.325102,1734.930813,0.000901,0.001293,167,0.000334,0,23,0.424242,0.007527
18175,Washington County,,IN,1780,31149,32929,7,9,16,1250,1208,2458,6,0.300544,0.313692,182.329635,0.000492,0.000493,137,0.000205,0,23,0.5,0.004333
18177,Wayne County,,IN,3722,77345,81067,11,13,24,1521,1662,3183,6,0.307902,0.322969,283.202191,0.001654,0.001304,167,0.000211,0,23,0.412088,0.012486
18179,Wells County,,IN,1884,33158,35042,6,6,12,1349,1081,2430,6,0.305622,0.319255,658.943669,0.000221,0.000698,167,0.000163,0,23,0.547619,0.001978
18181,White County,,IN,2284,29754,32038,11,8,19,1575,1414,2989,6,0.305973,0.31971,447.048382,0.001756,0.000774,167,0.000231,0,23,0.436364,0.013218
18183,Whitley County,,IN,2453,41000,43453,5,6,11,1720,1731,3451,6,0.279553,0.291325,3.1,0.000226,0.000206,167,0.000134,0,23,0.666667,0.001959
19001,Adair County,,IA,607,8756,9363,4,4,8,281,277,558,6,0.28765,0.298805,8.545238,0.000249,0.000289,25,0.000191,0,23,0.5,0.002389
19003,Adams County,,IA,250,4670,4920,2,1,3,85,57,142,8,0.182839,0.185962,733.853792,0.000004,0,25,0.00012,0,23,0.166667,0.0002
19005,Allamakee County,,IA,919,17685,18604,4,3,7,300,296,596,7,0.259775,0.268456,563.290727,0.000289,0.000035,25,0.000167,0,23,0.45,0.001908
19007,Appanoose County,,IA,822,14014,14836,6,3,9,312,166,478,6,0.287706,0.298805,3916.388902,0.000252,0.000261,25,0.000278,0,23,0.233333,0.002564
19009,Audubon County,,IA,362,7204,7566,1,2,3,46,131,177,7,0.230364,0.236065,0,0.000004,0.000005,25,0.000071,0,23,0.5,0.000098
19011,Benton County,,IA,1951,31136,33087,5,6,11,1219,1200,2419,6,0.277883,0.289494,26.408157,0.000275,0.000202,25,0.000144,0,23,0.6,0.002041
19013,Black Hawk County,,IA,8666,144822,153488,28,24,52,3773,4472,8245,6,0.350604,0.372355,34969.864165,0.004683,0.00329,25,0.000641,0,23,0.248276,0.037463
19015,Boone County,,IA,1929,31151,33080,5,5,10,1151,1133,2284,6,0.287593,0.298834,2.333333,0.000293,0.000316,25,0.000182,0,23,0.733333,0.002959
19017,Bremer County,,IA,1653,28114,29767,6,6,12,1144,913,2057,6,0.288329,0.300341,783.775705,0.000373,0.000355,25,0.000202,0,23,0.466667,0.003367
19019,Buchanan County,,IA,1334,25046,26380,5,4,9,869,789,1658,7,0.271497,0.281852,15.325718,0.000133,0.000103,25,0.000156,0,23,0.633333,0.001289
19021,Buena Vista County,,IA,1783,25032,26815,8,8,16,486,641,1127,6,0.288755,0.301126,9774.275234,0.000276,0.000271,25,0.000367,0,23,0.166667,0.002843
19023,Butler County,,IA,955,18293,19248,4,5,9,573,521,1094,7,0.259798,0.268769,120.351674,0.000031,0.000043,25,0.000153,0,23,0.2,0.0007
19025,Calhoun County,,IA,710,11718,12428,2,4,6,199,270,469,7,0.230654,0.23697,8.017785,0.000002,0.000004,25,0.000126,0,23,0.25,0.000188
19027,Carroll County,,IA,1252,26060,27312,6,7,13,434,475,909,6,0.299163,0.311689,5683.804487,0.000273,0.000597,25,0.000228,0,23,0.375,0.002832
19029,Cass County,,IA,960,16394,17354,4,6,10,289,398,687,6,0.299193,0.311604,4451.89159,0.000256,0.000567,25,0.000146,0,23,0.428571,0.002419
19031,Cedar County,,IA,1488,22228,23716,4,6,10,877,994,1871,6,0.280034,0.291462,1.843903,0.000337,0.000236,25,0.000101,0,23,0.7,0.002117
19033,Cerro Gordo County,,IA,3099,51013,54112,8,14,22,1080,1566,2646,6,0.34229,0.362162,19306.756678,0.000267,0.00198,25,0.000364,0,23,0.296703,0.003017
19035,Cherokee County,,IA,830,14834,15664,4,5,9,240,372,612,7,0.264464,0.273752,162.289655,0.000032,0.000015,25,0.000171,0,23,0.4,0.000486
19037,Chickasaw County,,IA,742,15220,15962,5,4,9,378,315,693,7,0.259752,0.268541,3270.859987,0.000029,0.000043,25,0.00021,0,23,0.3,0.000782
19039,Clarke County,,IA,896,11141,12037,5,4,9,355,439,794,6,0.28765,0.298805,9.392857,0.000273,0.000259,25,0.000225,0,23,0.5,0.002754
19041,Clay County,,IA,1141,20486,21627,4,4,8,422,353,775,7,0.224349,0.230684,101.051005,0.000004,0.000005,25,0.000251,0,23,0.083333,0.000383
19043,Clayton County,,IA,1172,21702,22874,8,7,15,607,640,1247,7,0.271825,0.282791,137.839143,0.000164,0.000129,25,0.000257,0,23,0.392857,0.001741
19045,Clinton County,,IA,3026,57623,60649,9,10,19,1448,1567,3015,6,0.332879,0.35054,364.549203,0.001253,0.001378,25,0.000179,0,23,0.554545,0.009284
19047,Crawford County,,IA,1209,21256,22465,7,6,13,449,417,866,6,0.29956,0.312201,145.49337,0.000603,0.000575,25,0.000228,0,23,0.392857,0.005092
19049,Dallas County,,IA,8713,85487,94200,20,19,39,7495,5834,13329,6,0.353225,0.374232,4557.100434,0.004593,0.003574,25,0.000498,0,23,0.37013,0.036572
19051,Davis County,,IA,469,9997,10466,1,2,3,161,149,310,7,0.249957,0.25727,0,0.000009,0.000011,25,0.000081,0,23,1,0.000158
19053,Decatur County,,IA,565,8072,8637,2,2,4,186,131,317,6,0.287509,0.298322,0,0.000243,0.000254,25,0.000119,0,23,1,0.002191
19055,Delaware County,,IA,1100,21488,22588,4,5,9,561,631,1192,7,0.271296,0.281653,3.709524,0.000137,0.000093,25,0.000141,0,23,0.65,0.001094
19057,Des Moines County,,IA,2502,47593,50095,10,9,19,1158,1064,2222,6,0.332992,0.350569,7334.229464,0.001191,0.001315,25,0.000231,0,23,0.363636,0.009097
19059,Dickinson County,,IA,1401,21223,22624,6,4,10,463,388,851,6,0.287989,0.299317,10587.687262,0.000355,0.000252,25,0.000377,0,23,0.133333,0.003485
19061,Dubuque County,,IA,4950,116264,121214,17,17,34,2565,2285,4850,6,0.350269,0.371104,4586.743579,0.002933,0.00398,25,0.000352,0,23,0.394737,0.022744
19063,Emmet County,,IA,723,11411,12134,2,1,3,167,99,266,7,0.223613,0.22879,1.919444,0.000002,0.000003,25,0.000173,0,23,0,0.000189
19065,Fayette County,,IA,1360,23143,24503,5,8,13,570,739,1309,7,0.271648,0.282648,2503.208088,0.000028,0.000109,25,0.000222,0,23,0.446429,0.00076
19067,Floyd County,,IA,1069,18776,19845,5,5,10,471,486,957,6,0.287904,0.299431,3341.582367,0.00086,0.000255,25,0.000187,0,23,0.2,0.006818
19069,Franklin County,,IA,733,12547,13280,4,3,7,338,296,634,7,0.255249,0.263522,83.049474,0.000017,0.000006,25,0.000179,0,23,0.083333,0.000408
19071,Fremont County,,IA,508,8324,8832,3,4,7,215,248,463,6,0.2971,0.308385,34.656042,0.000018,0.000315,25,0.000128,0,23,0.5,0.000343
19073,Greene County,,IA,614,11075,11689,5,5,10,276,274,550,6,0.287621,0.298891,2.683333,0.000296,0.000311,25,0.00017,0,23,0.7,0.002923
19075,Grundy County,,IA,985,15137,16122,5,7,12,590,617,1207,6,0.288301,0.300398,141.744786,0.000031,0.000359,25,0.000161,0,23,0.595238,0.000769
19077,Guthrie County,,IA,911,12904,13815,5,3,8,527,435,962,6,0.287537,0.298493,2.166667,0.000276,0.000287,25,0.00019,0,23,0.75,0.002749
19079,Hamilton County,,IA,1309,18173,19482,7,5,12,640,592,1232,6,0.287734,0.299118,1518.722937,0.000986,0.00028,25,0.000238,0,23,0.452381,0.00814
19081,Hancock County,,IA,853,13652,14505,3,4,7,414,415,829,7,0.255338,0.263738,90.207016,0.000014,0.000006,25,0.000174,0,23,0.333333,0.000302
19083,Hardin County,,IA,1172,20092,21264,6,7,13,512,515,1027,6,0.287989,0.299801,1298.866631,0.000293,0.000317,25,0.0002,0,23,0.5,0.003018
19085,Harrison County,,IA,991,17226,18217,5,5,10,511,544,1055,6,0.29719,0.308584,5.629136,0.000495,0.000321,25,0.000156,0,23,0.666667,0.003846
19087,Henry County,,IA,1414,22526,23940,7,8,15,658,724,1382,6,0.291108,0.303549,3058.100666,0.001006,0.000428,25,0.000184,0,23,0.5,0.007795
19089,Howard County,,IA,659,11945,12604,3,3,6,182,221,403,8,0.206411,0.211353,11.792196,0,0.000001,25,0.000186,0,23,0,0.000261
19091,Humboldt County,,IA,726,11831,12557,2,5,7,169,318,487,7,0.255806,0.264616,200.456188,0.000002,0.000027,25,0.000172,0,23,0.2,0.00019
19093,Ida County,,IA,561,8735,9296,2,4,6,103,228,331,7,0.264417,0.273553,79.845788,0.00003,0.000015,25,0.0001,0,23,0.666667,0.000296
19095,Iowa County,,IA,1086,20269,21355,6,6,12,808,585,1393,6,0.290848,0.302867,829.737758,0.000492,0.00042,25,0.000186,0,23,0.433333,0.003847
19097,Jackson County,,IA,1229,24218,25447,5,4,9,653,677,1330,7,0.274911,0.285418,4.522375,0.000226,0.000157,25,0.000138,0,23,0.75,0.001693
19099,Jasper County,,IA,2518,42181,44699,9,6,15,1538,1423,2961,6,0.287678,0.299118,10.479145,0.000408,0.000284,25,0.000287,0,23,0.555556,0.003906
19101,Jefferson County,,IA,1183,17920,19103,4,5,9,285,410,695,6,0.287989,0.299516,4554.492107,0.000015,0.000268,25,0.000153,0,23,0.333333,0.000473
19103,Johnson County,,IA,12763,141048,153811,42,56,98,6353,7632,13985,5,0.381014,0.409693,31681.469556,0.013177,0.019471,25,0.000647,0,23,0.40425,0.10218
19105,Jones County,,IA,1230,23401,24631,5,4,9,682,691,1373,7,0.271196,0.281312,13.858652,0.000278,0.000092,25,0.000131,0,23,0.6,0.001907
19107,Keokuk County,,IA,674,12173,12847,5,4,9,311,303,614,7,0.250256,0.258169,11.309879,0.000019,0.000016,25,0.000184,0,23,0.25,0.000553
19109,Kossuth County,,IA,855,19244,20099,5,2,7,314,119,433,6,0.28765,0.298578,6348.862676,0.000241,0.000252,25,0.000224,0,23,0.1,0.002419
19111,Lee County,,IA,1923,39954,41877,7,6,13,789,755,1544,6,0.27783,0.28938,7321.756944,0.000164,0.000179,25,0.000224,0,23,0.25,0.001533
19113,Linn County,,IA,12575,257632,270207,44,48,92,7547,7408,14955,6,0.371309,0.398003,43350.826179,0.009418,0.01477,25,0.000824,0,23,0.285213,0.074182
19115,Louisa County,,IA,844,13416,14260,4,6,10,479,549,1028,6,0.307741,0.321303,51.920578,0.000163,0.000629,25,0.000116,0,23,0.5,0.001223
19117,Lucas County,,IA,672,9860,10532,3,4,7,220,283,503,6,0.287593,0.29872,2887.868096,0.000244,0.000258,25,0.000178,0,23,0.5,0.002287
19119,Lyon County,,IA,684,14541,15225,3,4,7,262,325,587,7,0.272583,0.283012,1427.50001,0.000131,0.000144,132,0.000141,0,23,0.583333,0.001436
19121,Madison County,,IA,1212,18314,19526,4,3,7,769,719,1488,6,0.287537,0.298493,2.333333,0.000271,0.000289,25,0.000175,0,23,0.666667,0.002661
19123,Mahaska County,,IA,1381,25054,26435,5,6,11,619,631,1250,6,0.287791,0.299317,490.347146,0.000254,0.00027,25,0.000217,0,23,0.5,0.002556
19125,Marion County,,IA,2128,38736,40864,8,5,13,948,1042,1990,6,0.287734,0.29909,18.323663,0.000414,0.000269,25,0.000262,0,23,0.430556,0.003693
19127,Marshall County,,IA,2792,47718,50510,8,12,20,966,1466,2432,6,0.291224,0.304261,204.787408,0.000297,0.000517,25,0.000249,0,23,0.477273,0.003246
19129,Mills County,,IA,1188,16915,18103,3,5,8,584,688,1272,6,0.299377,0.310893,942.088023,0.000487,0.000432,25,0.0001,0,23,0.65,0.003629
19131,Mitchell County,,IA,685,12675,13360,4,4,8,273,256,529,7,0.255204,0.263579,1482.539383,0.000024,0.000008,25,0.000168,0,23,0.2,0.000472
19133,Monona County,,IA,571,10485,11056,1,1,2,169,204,373,7,0.263988,0.272387,0,0.00003,0.000013,25,0.000071,0,23,0,0.000211
19135,Monroe County,,IA,546,8910,9456,1,4,5,61,240,301,6,0.287734,0.298976,0.583333,0.000009,0.000266,25,0.000081,0,23,0.75,0.000158
19137,Montgomery County,,IA,706,12074,12780,4,5,9,298,266,564,6,0.29716,0.308612,2999.322952,0.000363,0.000312,25,0.000141,0,23,0.366667,0.00281
19139,Muscatine County,,IA,3070,52124,55194,8,10,18,1359,1678,3037,6,0.332955,0.350626,355.507678,0.000396,0.001345,25,0.000166,0,23,0.522222,0.002733
19141,O'Brien County,,IA,1131,17108,18239,5,6,11,455,494,949,7,0.264417,0.273837,3154.606435,0.000004,0.000017,132,0.000279,0,23,0.190476,0.000435
19143,Osceola County,,IA,387,7934,8321,2,1,3,194,102,296,8,0.209136,0.213642,4.759524,0.000005,0,132,0.000109,0,23,0,0.00018
19145,Page County,,IA,1014,16732,17746,5,5,10,314,332,646,6,0.287932,0.299488,5334.590817,0.000021,0.000262,25,0.000231,0,23,0.2,0.000522
19147,Palo Alto County,,IA,669,10758,11427,2,4,6,151,287,438,7,0.223767,0.229649,24.168814,0.000002,0.000002,25,0.000199,0,23,0,0.000184
19149,Plymouth County,,IA,1619,31274,32893,4,4,8,853,669,1522,6,0.288046,0.299477,84.868461,0.000037,0.000267,25,0.000155,0,23,0.45,0.000488
19151,Pocahontas County,,IA,503,8632,9135,5,2,7,298,113,411,7,0.224212,0.23011,39.783027,0.000004,0.000002,25,0.000217,0,23,0.2,0.000452
19153,Polk County,,IA,29430,530219,559649,121,102,223,22816,20127,42943,5,0.403415,0.43591,244286.075557,0.034918,0.033401,25,0.002457,0,23,0.281972,0.276171
19155,Pottawattamie County,,IA,6408,104830,111238,14,15,29,3908,4051,7959,6,0.341213,0.360717,5945.531443,0.00093,0.001777,25,0.000373,0,23,0.308333,0.008033
19157,Poweshiek County,,IA,1383,20533,21916,7,6,13,658,652,1310,6,0.287961,0.29963,34.112467,0.000359,0.000296,25,0.000221,0,23,0.517857,0.003261
19159,Ringgold County,,IA,292,5472,5764,1,1,2,46,49,95,7,0.223459,0.228659,0,0.000002,0.000002,25,0.000096,0,23,0,0.0001
19161,Sac County,,IA,663,12327,12990,4,3,7,273,210,483,7,0.231,0.237322,23.859358,0.000006,0.000004,25,0.000165,0,23,0.166667,0.000373
19163,Scott County,,IA,11492,200680,212172,31,33,64,6855,6170,13025,6,0.371639,0.396684,9782.7259,0.008094,0.011107,25,0.00047,0,23,0.433333,0.062806
19165,Shelby County,,IA,853,14973,15826,6,5,11,490,418,908,6,0.299132,0.311377,1478.071294,0.000369,0.00057,25,0.000195,0,23,0.52381,0.003024
19167,Sioux County,,IA,1839,40488,42327,5,7,12,569,810,1379,6,0.290732,0.303259,1713.428265,0.000147,0.000409,132,0.000197,0,23,0.452381,0.001533
19169,Story County,,IA,7749,83347,91096,19,22,41,3181,4020,7201,6,0.34273,0.363208,7262.280316,0.002959,0.003054,25,0.000483,0,23,0.331667,0.024317
19171,Tama County,,IA,1265,21060,22325,5,6,11,631,674,1305,7,0.271548,0.282193,16.695783,0.000138,0.000109,25,0.000145,0,23,0.6,0.00131
19173,Taylor County,,IA,453,7299,7752,2,2,4,115,139,254,7,0.223715,0.22937,2932.871429,0.000002,0.000002,25,0.000191,0,23,0.166667,0.000167
19175,Union County,,IA,885,14251,15136,5,6,11,315,377,692,6,0.287734,0.299204,10388.639541,0.000245,0.000258,25,0.000322,0,23,0.166667,0.002447
19177,Van Buren County,,IA,492,8477,8969,1,2,3,109,130,239,7,0.225715,0.231577,2.048485,0.000002,0.000001,25,0.000076,0,23,0,0.000085
19179,Wapello County,,IA,2531,39917,42448,10,10,20,782,1062,1844,6,0.333144,0.35091,16616.916222,0.001203,0.001189,25,0.000365,0,23,0.254545,0.009823
19181,Warren County,,IA,3797,55483,59280,9,8,17,3029,2528,5557,6,0.287706,0.299403,23.603084,0.000439,0.000318,25,0.000342,0,23,0.458333,0.004066
19183,Washington County,,IA,1694,26711,28405,6,7,13,949,843,1792,6,0.290992,0.303237,852.599693,0.000265,0.000426,25,0.000164,0,23,0.446429,0.001888
19185,Wayne County,,IA,456,7084,7540,2,2,4,127,121,248,7,0.223511,0.228887,2,0.000004,0.000004,25,0.000167,0,23,0,0.000198
19187,Webster County,,IA,2422,40510,42932,6,7,13,653,1003,1656,6,0.287763,0.299403,9691.030081,0.000266,0.000283,25,0.000242,0,23,0.357143,0.002768
19189,Winnebago County,,IA,808,12716,13524,5,4,9,373,312,685,7,0.255249,0.263567,71.258921,0.000022,0.000004,25,0.000213,0,23,0.266667,0.000497
19191,Winneshiek County,,IA,1046,24018,25064,4,3,7,313,236,549,8,0.213728,0.219245,1178.916499,0.000025,0.000002,25,0.000197,0,23,0.333333,0.000639
19193,Woodbury County,,IA,6710,117791,124501,18,22,40,3064,3635,6699,6,0.358629,0.380939,34748.636985,0.001783,0.004181,25,0.000543,0,23,0.253333,0.015645
19195,Worth County,,IA,558,9002,9560,4,2,6,384,291,675,7,0.255093,0.263067,3.703391,0.000022,0.000002,25,0.000165,0,23,0.416667,0.000418
19197,Wright County,,IA,874,15447,16321,7,4,11,370,247,617,7,0.223801,0.229882,2517.548567,0.000288,0.000009,25,0.000264,0,23,0.25,0.002936
20001,Allen County,,KS,1048,14797,15845,4,6,10,274,447,721,6,0.302686,0.315461,5920.876272,0.00001,0.000624,56,0.000184,0,23,0.266667,0.000377
20003,Anderson County,,KS,627,9235,9862,4,4,8,266,279,545,6,0.299254,0.310927,2923.82887,0.000424,0.000407,56,0.000122,0,23,0.583333,0.00344
20005,Atchison County,,KS,1106,17775,18881,7,6,13,395,474,869,6,0.30079,0.313208,2998.386663,0.000969,0.000569,56,0.000176,0,23,0.527778,0.007759
20007,Barber County,,KS,315,5830,6145,2,0,2,99,0,99,0,0,0,0,0.000305,0,56,0.000074,0,13,1,0.001997
20009,Barton County,,KS,1798,32518,34316,6,9,15,474,661,1135,6,0.302936,0.316257,7757.025179,0.000336,0.000648,56,0.000203,0,23,0.3,0.002551
20011,Bourbon County,,KS,973,16446,17419,5,5,10,356,361,717,6,0.299438,0.311382,2959.844511,0.000431,0.000407,56,0.00015,0,23,0.25,0.00354
20013,Brown County,,KS,712,11627,12339,3,3,6,193,180,373,7,0.269822,0.279548,33.179074,0.000005,0.000043,56,0.000138,0,23,0.333333,0.000306
20015,Butler County,,KS,5566,73069,78635,11,12,23,3377,3297,6674,6,0.331936,0.350142,721.829055,0.00116,0.00231,56,0.000289,0,23,0.395604,0.009076
20017,Chase County,,KS,184,3074,3258,1,1,2,44,75,119,7,0.234851,0.240946,0,0.000009,0.000007,56,0.00007,0,23,0,0.000139
20019,Chautauqua County,,KS,259,3902,4161,1,1,2,67,61,128,7,0.235228,0.241674,0,0.00001,0.000008,56,0.000069,0,23,0,0.000151
20021,Cherokee County,,KS,1633,22483,24116,5,5,10,828,1001,1829,7,0.25872,0.26799,6.415441,0.000062,0.000059,56,0.000133,0,23,0.6,0.000933
20023,Cheyenne County,,KS,200,3228,3428,0,0,0,0,0,0,0,0,0,0,0,0,26,0.00005,21,48,0,0
20025,Clark County,,KS,194,2421,2615,1,1,2,60,59,119,7,0.251805,0.258749,0,0.000013,0.000009,56,0.000091,0,23,0,0.000147
20027,Clay County,,KS,688,10273,10961,3,3,6,217,190,407,7,0.279394,0.290259,0,0.000293,0.000213,56,0.000087,0,23,1,0.001864
20029,Cloud County,,KS,726,10846,11572,1,2,3,52,151,203,7,0.254495,0.262361,2965,0.000015,0.000009,56,0.000075,0,23,0,0.000161
20031,Coffey County,,KS,724,10480,11204,2,3,5,133,238,371,7,0.269648,0.279304,0,0.000088,0.000053,56,0.000085,0,23,1,0.000585
20033,Comanche County,,KS,58,2274,2332,0,0,0,0,0,0,0,0,0,0,0,0,27,0.00005,22,49,0,0
20035,Cowley County,,KS,2578,40308,42886,8,6,14,1131,1122,2253,7,0.290358,0.303029,82.195066,0.000524,0.000295,56,0.0002,0,23,0.233333,0.003888
20037,Crawford County,,KS,3120,40006,43126,9,14,23,970,1637,2607,6,0.308421,0.324118,2175.319671,0.000763,0.001669,56,0.000202,0,23,0.401099,0.005949
20039,Decatur County,,KS,200,3490,3690,0,0,0,0,0,0,0,0,0,0,0,0,28,0.00005,23,50,0,0
20041,Dickinson County,,KS,2098,22858,24956,6,6,12,887,764,1651,7,0.295095,0.307984,92.674112,0.00069,0.000446,56,0.000142,0,23,0.619048,0.004358
20043,Doniphan County,,KS,586,8656,9242,3,3,6,331,333,664,7,0.259499,0.268135,56.844894,0.000034,0.000028,56,0.000127,0,23,0.416667,0.000428
20045,Douglas County,,KS,10231,109876,120107,29,31,60,5607,5690,11297,6,0.366296,0.39124,7061.009509,0.007174,0.012325,56,0.00051,0,23,0.445946,0.0581
20047,Edwards County,,KS,237,3758,3995,2,0,2,102,0,102,0,0,0,0,0.000013,0,56,0.000121,0,8,0,0.000225
20049,Elk County,,KS,193,2992,3185,1,0,1,54,0,54,0,0,0,0,0.000303,0,56,0.000061,0,12,0,0.001908
20051,Ellis County,,KS,2585,32293,34878,9,11,20,652,880,1532,6,0.303187,0.31694,25153.153336,0.000745,0.000731,56,0.000425,0,23,0.230769,0.005699
20053,Ellsworth County,,KS,501,6923,7424,1,2,3,56,117,173,7,0.254583,0.262561,0,0.000015,0.000011,56,0.000075,0,23,1,0.000161
20055,Finney County,,KS,3589,46114,49703,8,15,23,754,1212,1966,6,0.327082,0.345887,22104.669063,0.000985,0.002296,56,0.000321,0,23,0.266667,0.006863
20057,Ford County,,KS,3177,44202,47379,10,8,18,801,824,1625,6,0.336511,0.353834,17258.23309,0.001194,0.001786,56,0.000385,0,23,0.151515,0.008501
20059,Franklin County,,KS,2184,29514,31698,6,8,14,1066,1240,2306,6,0.301347,0.314232,32.961606,0.00088,0.000909,56,0.000156,0,23,0.660714,0.006721
20061,Geary County,,KS,14265,38190,52455,45,57,102,5356,7503,12859,6,0.385628,0.414266,9942.37838,0.016261,0.0223,56,0.000519,0,23,0.566393,0.124204
20063,Gove County,,KS,162,3491,3653,0,0,0,0,0,0,0,0,0,0,0,0,29,0.00005,24,51,0,0
20065,Graham County,,KS,153,3127,3280,0,0,0,0,0,0,0,0,0,0,0,0,30,0.00005,25,52,0,0
20067,Grant County,,KS,709,9202,9911,1,1,2,80,70,150,7,0.246488,0.254048,0,0.000017,0.000007,56,0.000068,0,23,0,0.000133
20069,Gray County,,KS,500,7415,7915,2,1,3,206,107,313,7,0.251805,0.258749,0,0.000029,0.000009,56,0.000109,0,23,1,0.000281
20071,Greeley County,,KS,71,1650,1721,0,0,0,0,0,0,0,0,0,0,0,0,31,0.00005,26,53,0,0
20073,Greenwood County,,KS,545,7282,7827,4,3,7,242,272,514,7,0.289841,0.301761,2.57619,0.000331,0.000242,56,0.000122,0,23,0.583333,0.002294
20075,Hamilton County,,KS,206,2993,3199,0,0,0,0,0,0,0,0,0,0,0,0,32,0.00005,27,54,0,0
20077,Harper County,,KS,529,6908,7437,3,2,5,160,164,324,7,0.289726,0.30142,0.5,0.000307,0.000228,56,0.000119,0,23,0.666667,0.002098
20079,Harvey County,,KS,2807,40922,43729,5,6,11,1404,1552,2956,7,0.289984,0.302358,4.4,0.000338,0.000263,56,0.000156,0,23,0.733333,0.002466
20081,Haskell County,,KS,361,4710,5071,1,1,2,45,74,119,7,0.246488,0.254048,0,0.000017,0.000007,56,0.000068,0,23,0,0.000133
20083,Hodgeman County,,KS,150,2389,2539,0,1,1,0,58,58,7,0.251847,0.258832,0,0,0.000009,56,0.00005,0,55,0,0
20085,Jackson County,,KS,1070,16013,17083,3,4,7,451,568,1019,7,0.271724,0.281983,5.222577,0.000086,0.000099,56,0.000108,0,23,0.5,0.000663
20087,Jefferson County,,KS,1538,21618,23156,6,5,11,1074,955,2029,6,0.300482,0.312622,33.468691,0.000671,0.000602,56,0.00015,0,23,0.666667,0.005154
20089,Jewell County,,KS,235,3798,4033,0,0,0,0,0,0,0,0,0,0,0,0,33,0.00005,28,56,0,0
20091,Johnson County,,KS,45881,689560,735441,153,149,302,37147,34959,72106,5,0.426554,0.462474,134034.111511,0.054238,0.056113,56,0.001995,0,23,0.351893,0.421637
20093,Kearny County,,KS,410,4804,5214,1,1,2,114,110,224,7,0.246488,0.254048,0,0.000017,0.000007,56,0.000068,0,23,0,0.000133
20095,Kingman County,,KS,640,9291,9931,2,3,5,288,322,610,7,0.289755,0.30159,1,0.000315,0.000242,56,0.000084,0,23,0.666667,0.002106
20097,Kiowa County,,KS,229,2819,3048,0,0,0,0,0,0,0,0,0,0,0,0,34,0.00005,29,57,0,0
20099,Labette County,,KS,1573,24457,26030,5,8,13,531,731,1262,6,0.303281,0.316712,228.499906,0.000057,0.000704,56,0.000135,0,23,0.589286,0.000807
20101,Lane County,,KS,121,2208,2329,0,0,0,0,0,0,0,0,0,0,0,0,35,0.00005,30,58,0,0
20103,Leavenworth County,,KS,10555,78943,89498,41,36,77,6195,5659,11854,6,0.361505,0.387042,2232.972312,0.015162,0.012755,56,0.000485,0,23,0.567172,0.11438
20105,Lincoln County,,KS,193,3791,3984,1,1,2,66,59,125,7,0.254451,0.262134,0,0.000015,0.000009,56,0.000075,0,23,0,0.000161
20107,Linn County,,KS,834,10550,11384,5,4,9,469,378,847,6,0.301069,0.313265,17.092278,0.00085,0.00075,56,0.00013,0,23,0.65,0.006661
20109,Logan County,,KS,228,3378,3606,1,1,2,56,40,96,8,0.188832,0.192104,0,0,0,56,0.000112,0,59,0,0.000078
20111,Lyon County,,KS,2731,36193,38924,10,12,22,775,1177,1952,6,0.306903,0.321291,6386.304763,0.001014,0.001225,56,0.000276,0,23,0.397436,0.007185
20113,McPherson County,,KS,2315,35806,38121,7,7,14,846,1104,1950,6,0.302686,0.315575,48.115921,0.000465,0.000647,56,0.000203,0,23,0.589286,0.003345
20115,Marion County,,KS,872,13924,14796,4,4,8,341,382,723,7,0.289783,0.301761,0.45,0.000327,0.00024,56,0.000128,0,23,0.833333,0.00227
20117,Marshall County,,KS,606,12964,13570,3,2,5,170,115,285,7,0.272431,0.282762,5903.405696,0.000129,0.00009,56,0.000202,0,23,0,0.000946
20119,Meade County,,KS,430,5133,5563,1,1,2,71,40,111,7,0.233466,0.239734,0,0.000005,0.000003,147,0.000078,0,23,0,0.000107
20121,Miami County,,KS,2832,37734,40566,8,9,17,1990,1899,3889,6,0.301254,0.314175,48.219703,0.001202,0.001014,56,0.000184,0,23,0.611111,0.008908
20123,Mitchell County,,KS,467,7756,8223,0,1,1,0,49,49,1,1,1,0,0,0,39,0.00005,31,61,0,0
20125,Montgomery County,,KS,2621,37193,39814,11,13,24,1080,1273,2353,6,0.307547,0.322867,8148.826442,0.001098,0.001396,56,0.000282,0,23,0.324176,0.008788
20127,Morris County,,KS,566,6688,7254,2,3,5,88,136,224,7,0.279527,0.290544,0.880952,0.000132,0.000215,56,0.000079,0,23,0.666667,0.000897
20129,Morton County,,KS,312,3877,4189,0,0,0,0,0,0,0,0,0,0,0,0,36,0.00005,32,62,0,0
20131,Nemaha County,,KS,638,13034,13672,3,4,7,168,232,400,7,0.269748,0.279588,145.335706,0.000081,0.000043,56,0.000127,0,23,0.25,0.000613
20133,Neosho County,,KS,1276,18409,19685,5,7,12,566,580,1146,6,0.302842,0.315859,76.930474,0.000033,0.000634,56,0.000142,0,23,0.571429,0.000549
20135,Ness County,,KS,138,3840,3978,0,0,0,0,0,0,0,0,0,0,0,0,37,0.00005,33,63,0,0
20137,Norton County,,KS,427,6012,6439,0,0,0,0,0,0,0,0,0,0,0,0,38,0.00005,34,64,0,0
20139,Osage County,,KS,1388,18774,20162,6,5,11,818,794,1612,6,0.299377,0.311297,54.054023,0.00059,0.000499,56,0.000151,0,23,0.7,0.004388
20141,Osborne County,,KS,307,4778,5085,1,0,1,49,0,49,0,0,0,0,0,0,39,0.000093,31,60,0,0.000076
20143,Ottawa County,,KS,520,7354,7874,1,1,2,209,162,371,7,0.254451,0.262134,0,0.000015,0.000009,56,0.000075,0,23,0,0.000161
20145,Pawnee County,,KS,592,7237,7829,1,2,3,108,170,278,7,0.232558,0.238511,4.333333,0.000005,0.000003,56,0.000069,0,23,0,0.000102
20147,Phillips County,,KS,432,6838,7270,0,1,1,0,40,40,1,1,1,0,0,0,43,0.00005,35,66,0,0
20149,Pottawatomie County,,KS,2343,26618,28961,6,7,13,1252,1165,2417,6,0.306485,0.319716,311.673347,0.001079,0.00087,56,0.000129,0,23,0.619048,0.007273
20151,Pratt County,,KS,963,11251,12214,1,4,5,78,290,368,7,0.289812,0.301818,2964,0.000303,0.000242,56,0.000061,0,23,0.333333,0.001908
20153,Rawlins County,,KS,64,3158,3222,0,0,0,0,0,0,0,0,0,0,0,0,40,0.00005,36,67,0,0
20155,Reno County,,KS,3902,73140,77042,14,13,27,1825,1944,3769,6,0.323936,0.341138,4533.227238,0.001881,0.001633,56,0.000344,0,23,0.358333,0.014838
20157,Republic County,,KS,257,6084,6341,1,0,1,81,0,81,0,0,0,0,0,0,56,0.000082,0,6,0,0.000079
20159,Rice County,,KS,843,11050,11893,4,3,7,363,332,695,7,0.289755,0.30159,0.5,0.000325,0.000243,56,0.000128,0,23,0.833333,0.002318
20161,Riley County,,KS,14389,55271,69660,36,57,93,4978,7760,12738,6,0.374297,0.402947,30276.423287,0.012509,0.017851,56,0.000583,0,23,0.441847,0.097814
20163,Rooks County,,KS,425,6235,6660,1,1,2,91,100,191,7,0.232669,0.238568,0,0.000005,0.000005,56,0.000083,0,23,0,0.000127
20165,Rush County,,KS,237,3902,4139,2,0,2,92,0,92,0,0,0,0,0.00001,0,56,0.000102,0,7,1,0.00023
20167,Russell County,,KS,621,8053,8674,2,1,3,159,120,279,7,0.232669,0.238568,0,0.00001,0.000005,56,0.000102,0,23,1,0.00023
20169,Saline County,,KS,4306,66744,71050,17,16,33,1873,1934,3807,6,0.341253,0.360927,26807.68064,0.001216,0.002115,56,0.000469,0,23,0.298246,0.008894
20171,Scott County,,KS,378,6178,6556,1,0,1,78,0,78,0,0,0,0,0.000017,0,56,0.000068,0,9,0,0.000133
20173,Sedgwick County,,KS,29195,587548,616743,101,123,224,16944,19359,36303,6,0.407794,0.44343,138151.139437,0.031306,0.042026,56,0.001584,0,23,0.324038,0.253627
20175,Seward County,,KS,2841,29364,32205,8,10,18,735,1035,1770,6,0.304542,0.31917,12904.461169,0.000364,0.000684,147,0.000326,0,23,0.2,0.002772
20177,Shawnee County,,KS,10616,210549,221165,32,36,68,5262,6146,11408,6,0.368925,0.394317,27599.963895,0.005795,0.01103,56,0.000631,0,23,0.325581,0.047705
20179,Sheridan County,,KS,125,3382,3507,0,0,0,0,0,0,0,0,0,0,0,0,41,0.00005,37,68,0,0
20181,Sherman County,,KS,597,6843,7440,0,0,0,0,0,0,0,0,0,0,0,0,42,0.00005,38,69,0,0
20183,Smith County,,KS,211,4866,5077,1,0,1,40,0,40,0,0,0,0,0,0,43,0.000093,35,65,0,0.000076
20185,Stafford County,,KS,317,5065,5382,1,1,2,55,50,105,7,0.244738,0.251773,0,0.000002,0.000014,56,0.000063,0,23,0.5,0.00009
20187,Stanton County,,KS,176,2698,2874,0,0,0,0,0,0,0,0,0,0,0,0,44,0.00005,39,70,0,0
20189,Stevens County,,KS,527,6613,7140,1,1,2,96,86,182,7,0.233466,0.239734,0,0.000005,0.000003,147,0.000078,0,23,0,0.000107
20191,Sumner County,,KS,2128,27043,29171,4,4,8,1227,1321,2548,7,0.289783,0.301761,2.277778,0.000324,0.00024,56,0.000161,0,23,0.666667,0.002269
20193,Thomas County,,KS,712,9172,9884,1,2,3,40,110,150,7,0.232772,0.238917,2931,0,0.000005,56,0.000146,0,59,0,0.000078
20195,Trego County,,KS,222,3737,3959,1,1,2,40,54,94,7,0.232669,0.238568,0,0.000005,0.000005,56,0.000083,0,23,0,0.000127
20197,Wabaunsee County,,KS,641,8223,8864,3,3,6,395,332,727,7,0.274525,0.285168,0,0.000215,0.00014,56,0.00009,0,23,1,0.001362
20199,Wallace County,,KS,34,1878,1912,0,0,0,0,0,0,0,0,0,0,0,0,45,0.00005,40,71,0,0
20201,Washington County,,KS,403,7345,7748,1,1,2,59,71,130,8,0.214119,0.219076,0,0.000001,0.000001,56,0.000136,0,23,0,0.000087
20203,Wichita County,,KS,129,2805,2934,0,0,0,0,0,0,0,0,0,0,0,0,46,0.00005,41,72,0,0
20205,Wilson County,,KS,793,10514,11307,3,4,7,342,339,681,7,0.290042,0.302176,290.162609,0.000318,0.000237,56,0.000097,0,23,0.583333,0.002146
20207,Woodson County,,KS,242,3618,3860,1,1,2,58,42,100,7,0.232374,0.237971,0,0.000005,0,56,0.000076,0,23,0,0.000085
20209,Wyandotte County,,KS,14773,167783,182556,25,22,47,11093,10816,21909,6,0.362265,0.385381,1664.521083,0.008424,0.00858,56,0.000369,0,23,0.535714,0.066627
21001,Adair County,,KY,1050,17607,18657,4,3,7,377,426,803,7,0.233021,0.239359,15.935524,0.000006,0.000003,137,0.000175,0,23,0.25,0.000353
21003,Allen County,,KY,1199,19742,20941,6,5,11,799,687,1486,7,0.272837,0.283325,42.865906,0.000138,0.000183,137,0.00019,0,23,0.533333,0.002008
21005,Anderson County,,KY,1651,26668,28319,7,6,13,1075,942,2017,6,0.290444,0.30244,23.68132,0.000763,0.00027,137,0.000215,0,23,0.607143,0.005945
21007,Ballard County,,KY,662,8895,9557,1,2,3,262,408,670,7,0.24163,0.249088,0,0.000013,0.000009,137,0.000078,0,23,1,0.000166
21009,Barren County,,KY,2687,46359,49046,7,9,16,1637,1394,3031,6,0.302,0.315643,4538.378308,0.000521,0.000588,137,0.000211,0,23,0.305556,0.004274
21011,Bath County,,KY,825,11610,12435,4,3,7,528,446,974,6,0.290444,0.302071,1443.309419,0.000295,0.000245,137,0.000154,0,23,0.666667,0.002264
21013,Bell County,,KY,1497,24683,26180,4,6,10,556,754,1310,6,0.290156,0.302565,1921.076686,0.000297,0.000339,137,0.000164,0,23,0.428571,0.002251
21015,Boone County,,KY,13182,142045,155227,25,22,47,10181,9037,19218,6,0.327667,0.348857,8463.264793,0.007853,0.004702,114,0.000391,0,23,0.480296,0.059384
21017,Bourbon County,,KY,1510,22330,23840,7,5,12,1064,894,1958,6,0.290387,0.302213,8.731596,0.000316,0.000256,137,0.00023,0,23,0.690476,0.002756
21019,Boyd County,,KY,3539,49502,53041,10,9,19,1972,2061,4033,6,0.303627,0.317497,8054.256321,0.000389,0.000692,114,0.000355,0,23,0.281818,0.003441
21021,Boyle County,,KY,2389,29567,31956,9,10,19,1618,1444,3062,6,0.30253,0.316234,2197.010538,0.000762,0.000704,137,0.000259,0,23,0.509091,0.006161
21023,Bracken County,,KY,689,9263,9952,4,4,8,356,389,745,7,0.257605,0.266277,12.00691,0.000065,0.000074,114,0.000139,0,23,0.5,0.000904
21025,Breathitt County,,KY,569,12700,13269,2,2,4,221,141,362,7,0.225419,0.231083,4410.719207,0.000002,0.000002,137,0.000288,0,23,0,0.000181
21027,Breckinridge County,,KY,1372,20920,22292,4,5,9,722,795,1517,6,0.301533,0.314448,4.302056,0.000598,0.000574,137,0.000108,0,23,0.7,0.004586
21029,Bullitt County,,KY,5929,88349,94278,12,10,22,6035,4415,10450,6,0.303533,0.317446,140.007395,0.001758,0.000857,137,0.000268,0,23,0.424242,0.013515
21031,Butler County,,KY,921,13441,14362,4,4,8,607,454,1061,7,0.262945,0.272799,1.243687,0.000073,0.00006,137,0.000128,0,23,0.75,0.000767
21033,Caldwell County,,KY,845,13765,14610,4,6,10,337,465,802,6,0.280088,0.291445,4829.589252,0.000151,0.000141,137,0.000181,0,23,0.3,0.001315
21035,Calloway County,,KY,2494,35733,38227,4,7,11,730,1042,1772,6,0.311503,0.326377,808.316964,0.00003,0.001268,137,0.000159,0,23,0.5,0.000506
21037,Campbell County,,KY,7882,100457,108339,16,15,31,5717,5952,11669,6,0.338728,0.358049,3220.46569,0.003563,0.003272,114,0.00028,0,23,0.6125,0.026244
21039,Carlisle County,,KY,367,5659,6026,3,2,5,200,154,354,7,0.246467,0.2545,11.498615,0.000022,0.00001,137,0.000136,0,23,0.666667,0.000336
21041,Carroll County,,KY,1196,12106,13302,6,8,14,463,631,1094,6,0.300451,0.313436,267.575901,0.00049,0.000508,137,0.000174,0,23,0.446429,0.004261
21043,Carter County,,KY,1409,28377,29786,5,6,11,545,718,1263,7,0.2404,0.248454,2989.50166,0.000013,0.000007,114,0.00026,0,23,0.266667,0.000486
21045,Casey County,,KY,882,15666,16548,4,5,9,326,481,807,7,0.236424,0.244427,78.718358,0.000018,0.000014,137,0.000156,0,23,0.35,0.000463
21047,Christian County,,KY,16049,69921,85970,43,56,99,5758,8295,14053,5,0.384111,0.412981,23592.372024,0.016644,0.020292,137,0.000554,0,23,0.484895,0.128836
21049,Clark County,,KY,3012,39093,42105,9,9,18,1566,1766,3332,6,0.290559,0.303009,18.932038,0.000323,0.00028,137,0.000295,0,23,0.511111,0.002986
21051,Clay County,,KY,802,18158,18960,2,3,5,222,431,653,7,0.232447,0.23875,1.133333,0.000005,0.000007,137,0.000124,0,23,0.666667,0.000228
21053,Clinton County,,KY,595,10315,10910,3,2,5,395,220,615,7,0.235929,0.242971,2930,0.000012,0.000009,137,0.000169,0,23,0.333333,0.000315
21055,Crittenden County,,KY,514,9480,9994,4,4,8,204,202,406,7,0.21992,0.226094,34.185004,0.000002,0.000001,137,0.000198,0,23,0.25,0.000343
21057,Cumberland County,,KY,462,6797,7259,0,1,1,0,135,135,8,0.190945,0.194707,0,0,0,137,0.00005,0,73,0,0
21059,Daviess County,,KY,5007,113655,118662,17,18,35,2765,2551,5316,6,0.314142,0.331195,13602.028218,0.001699,0.001802,167,0.00042,0,23,0.271053,0.013607
21061,Edmonson County,,KY,875,12400,13275,3,3,6,466,514,980,7,0.262615,0.2721,2.624886,0.000075,0.000053,137,0.000103,0,23,0.5,0.000689
21063,Elliott County,,KY,279,5925,6204,2,1,3,135,80,215,8,0.193822,0.19785,0,0.000002,0,114,0.00011,0,23,1,0.000188
21065,Estill County,,KY,763,14271,15034,3,4,7,377,450,827,6,0.290358,0.302042,1.776486,0.000302,0.000255,137,0.000119,0,23,0.916667,0.002276
21067,Fayette County,,KY,26086,325626,351712,107,114,221,16018,18247,34265,5,0.408818,0.443214,257719.886249,0.033273,0.040273,137,0.001976,0,23,0.315305,0.262627
21069,Fleming County,,KY,1028,16061,17089,3,4,7,372,405,777,7,0.225854,0.232534,15.234524,0.000004,0.000007,114,0.000135,0,23,0.333333,0.000288
21071,Floyd County,,KY,2044,36652,38696,5,8,13,844,1223,2067,6,0.290877,0.303328,10923.78862,0.000294,0.000253,114,0.000242,0,23,0.267857,0.002324
21073,Franklin County,,KY,3926,57517,61443,10,10,20,2094,2178,4272,6,0.305909,0.320438,216.385838,0.00078,0.001114,137,0.000293,0,23,0.507576,0.006448
21075,Fulton County,,KY,645,5813,6458,3,4,7,262,352,614,7,0.244024,0.252105,1380.389537,0.000028,0.000013,137,0.000111,0,23,0.5,0.00036
21077,Gallatin County,,KY,896,8377,9273,5,5,10,549,575,1124,7,0.259177,0.268376,2.109199,0.000082,0.000113,114,0.000143,0,23,0.8,0.001287
21079,Garrard County,,KY,1433,17024,18457,6,6,12,1078,1008,2086,6,0.290473,0.302469,1.690727,0.000314,0.000266,137,0.000191,0,23,0.933333,0.002651
21081,Grant County,,KY,2517,26322,28839,10,10,20,1872,1878,3750,6,0.299744,0.313555,502.427798,0.000835,0.000781,114,0.000248,0,23,0.566667,0.006801
21083,Graves County,,KY,2487,40395,42882,7,9,16,1213,1271,2484,6,0.316551,0.332588,5850.477909,0.000032,0.00122,137,0.000271,0,23,0.25,0.000699
21085,Grayson County,,KY,1260,26966,28226,5,7,12,680,693,1373,6,0.301813,0.315102,528.541256,0.000581,0.000587,137,0.000142,0,23,0.428571,0.004518
21087,Green County,,KY,673,11508,12181,4,3,7,353,287,640,7,0.232946,0.239245,12.402678,0.000014,0.000008,137,0.000181,0,23,0.25,0.000423
21089,Greenup County,,KY,2641,39964,42605,7,7,14,1661,1468,3129,6,0.311768,0.327418,6684.617899,0.000314,0.000884,114,0.000246,0,23,0.446429,0.002678
21091,Hancock County,,KY,605,10126,10731,3,2,5,470,356,826,7,0.239086,0.246216,4.039421,0.000014,0.000013,167,0.000132,0,23,0.5,0.000376
21093,Hardin County,,KY,13608,115291,128899,48,51,99,6887,7309,14196,6,0.380421,0.408094,11216.107461,0.014646,0.017775,137,0.000643,0,23,0.471038,0.111414
21095,Harlan County,,KY,1063,27548,28611,3,3,6,228,174,402,6,0.290732,0.302349,90.333626,0.000007,0.000242,137,0.000126,0,23,0.333333,0.000289
21097,Harrison County,,KY,1163,19622,20785,6,7,13,645,750,1395,6,0.290502,0.302668,75.627471,0.000309,0.000263,137,0.000208,0,23,0.547619,0.002584
21099,Hart County,,KY,1218,19391,20609,6,5,11,744,702,1446,6,0.301782,0.314818,115.06608,0.000652,0.000589,137,0.000157,0,23,0.6,0.005
21101,Henderson County,,KY,2653,51237,53890,6,9,15,1327,1567,2894,6,0.30172,0.315364,3013.266496,0.000088,0.000551,167,0.000213,0,23,0.458333,0.001129
21103,Henry County,,KY,1279,16936,18215,5,5,10,1009,916,1925,6,0.300113,0.312497,2.6421,0.000465,0.000449,137,0.000152,0,23,0.75,0.003842
21105,Hickman County,,KY,298,4830,5128,2,2,4,158,103,261,7,0.246467,0.2545,16.454353,0.000009,0.00001,137,0.000099,0,23,0.666667,0.000175
21107,Hopkins County,,KY,2353,50209,52562,11,10,21,1228,1155,2383,6,0.30325,0.317372,4229.430402,0.001051,0.00066,167,0.000271,0,23,0.340909,0.008008
21109,Jackson County,,KY,534,12214,12748,3,3,6,335,290,625,7,0.234813,0.24197,27.219234,0.000014,0.000017,137,0.000145,0,23,0.666667,0.000414
21111,Jefferson County,,KY,45282,866824,912106,168,169,337,30458,33599,64057,5,0.428363,0.466627,189055.812266,0.059535,0.062036,137,0.002249,0,23,0.334378,0.46016
21113,Jessamine County,,KY,4849,51928,56777,11,11,22,3407,2898,6305,6,0.302467,0.316234,101.759081,0.000782,0.000715,137,0.000326,0,23,0.609091,0.006516
21115,Johnson County,,KY,1159,22442,23601,5,5,10,651,445,1096,6,0.29053,0.302469,5021.173758,0.000004,0.000243,114,0.000329,0,23,0.433333,0.000454
21117,Kenton County,,KY,16592,183027,199619,23,21,44,12414,12635,25049,6,0.3465,0.36748,13144.87278,0.006309,0.005302,114,0.000406,0,23,0.506667,0.048157
21119,Knott County,,KY,687,14180,14867,3,3,6,446,287,733,7,0.226045,0.232312,17.98134,0.000005,0.000004,137,0.000146,0,23,0.333333,0.000282
21121,Knox County,,KY,1932,29315,31247,4,4,8,1293,1262,2555,6,0.290559,0.302412,777.4098,0.000012,0.000252,137,0.000175,0,23,0.55,0.000427
21123,Larue County,,KY,1261,15362,16623,6,5,11,877,812,1689,6,0.301285,0.313993,2274.911119,0.000592,0.000547,137,0.000203,0,23,0.5,0.004681
21125,Laurel County,,KY,3823,60376,64199,12,10,22,2301,2115,4416,6,0.302623,0.316405,14646.826182,0.000982,0.000689,137,0.000388,0,23,0.280303,0.007483
21127,Lawrence County,,KY,857,15339,16196,6,4,10,513,384,897,7,0.23382,0.240624,121.735461,0.000009,0.000003,114,0.000336,0,23,0.3,0.000564
21129,Lee County,,KY,359,5883,6242,1,2,3,42,104,146,7,0.234875,0.241904,2931,0,0.00001,137,0.000093,0,74,0,0.000076
21131,Leslie County,,KY,471,10813,11284,2,2,4,143,161,304,7,0.232743,0.239018,7.795518,0.000007,0.000009,137,0.000127,0,23,0,0.000243
21133,Letcher County,,KY,1005,22346,23351,4,6,10,260,421,681,6,0.291542,0.303942,1131.805844,0.000005,0.000245,137,0.000188,0,23,0.233333,0.000361
21135,Lewis County,,KY,729,13246,13975,4,5,9,277,382,659,7,0.238405,0.246229,66.4789,0.000008,0.000012,114,0.000177,0,23,0.3,0.000376
21137,Lincoln County,,KY,1731,25012,26743,9,9,18,1265,1256,2521,6,0.290703,0.303237,939.456523,0.000326,0.000272,137,0.000272,0,23,0.583333,0.002955
21139,Livingston County,,KY,850,10107,10957,3,4,7,419,543,962,7,0.241769,0.249657,273.589558,0.000013,0.00001,137,0.000153,0,23,0.5,0.000335
21141,Logan County,,KY,1640,29388,31028,7,6,13,979,832,1811,6,0.30671,0.319903,81.826163,0.000545,0.000648,137,0.000177,0,23,0.571429,0.004081
21143,Lyon County,,KY,593,7840,8433,5,3,8,328,187,515,7,0.242449,0.25034,345.18723,0.000019,0.00001,137,0.000201,0,23,0.45,0.00057
21145,McCracken County,,KY,4781,73758,78539,13,15,28,2612,2400,5012,6,0.318548,0.336433,39334.83695,0.001292,0.001851,137,0.000485,0,23,0.165441,0.010604
21147,McCreary County,,KY,628,13914,14542,2,2,4,253,264,517,7,0.236024,0.243227,13.9258,0.000013,0.000008,137,0.000097,0,23,0,0.000239
21149,McLean County,,KY,637,10233,10870,2,3,5,347,390,737,7,0.239223,0.246699,0,0.000014,0.000022,167,0.000093,0,23,1,0.000295
21151,Madison County,,KY,6464,83603,90067,24,21,45,3528,3499,7027,6,0.306678,0.323026,12216.017841,0.00137,0.001232,137,0.000658,0,23,0.183498,0.011517
21153,Magoffin County,,KY,486,11436,11922,3,2,5,173,175,348,7,0.225367,0.231089,7.42619,0.000004,0.000002,114,0.000147,0,23,0.333333,0.000264
21155,Marion County,,KY,1029,20491,21520,4,5,9,457,604,1061,6,0.30039,0.312895,18.228843,0.000461,0.000451,137,0.000147,0,23,0.45,0.003714
21157,Marshall County,,KY,2208,35252,37460,4,4,8,1070,1112,2182,7,0.246591,0.255012,18.135441,0.000031,0.00001,137,0.000155,0,23,0.666667,0.000426
21159,Martin County,,KY,507,9523,10030,5,2,7,271,167,438,7,0.225593,0.231294,11.152802,0.000006,0,114,0.00024,0,23,0.5,0.000462
21161,Mason County,,KY,1319,18636,19955,6,5,11,586,610,1196,6,0.290617,0.302668,4398.202911,0.000307,0.00025,114,0.000185,0,23,0.133333,0.002502
21163,Meade County,,KY,4133,30637,34770,9,8,17,2080,1848,3928,6,0.326499,0.343083,280.709498,0.003039,0.002479,137,0.000171,0,23,0.527778,0.023252
21165,Menifee County,,KY,443,5866,6309,2,2,4,191,201,392,7,0.225263,0.231015,3.092857,0.000002,0.000004,137,0.000093,0,23,0.333333,0.000185
21167,Mercer County,,KY,1610,24402,26012,8,8,16,894,890,1784,6,0.29053,0.30281,13.391072,0.000317,0.000273,137,0.000253,0,23,0.541667,0.002838
21169,Metcalfe County,,KY,687,10455,11142,1,4,5,219,421,640,7,0.262686,0.272384,4.423199,0.000004,0.000054,137,0.00007,0,23,0.5,0.000115
21171,Monroe County,,KY,798,11629,12427,4,4,8,238,353,591,7,0.262733,0.272441,16.295699,0.000078,0.000056,137,0.000145,0,23,0.583333,0.000816
21173,Montgomery County,,KY,1980,28429,30409,8,9,17,1287,1191,2478,6,0.290703,0.303265,5456.386073,0.000307,0.000271,137,0.000285,0,23,0.366667,0.002734
21175,Morgan County,,KY,569,11646,12215,1,4,5,89,234,323,7,0.22561,0.231965,1491.14746,0.000002,0.000002,137,0.000073,0,23,0,0.000101
21177,Muhlenberg County,,KY,1330,32778,34108,8,8,16,594,665,1259,6,0.281433,0.293498,514.214118,0.000237,0.00019,167,0.000218,0,23,0.464286,0.002168
21179,Nelson County,,KY,2748,53026,55774,10,9,19,1907,1603,3510,6,0.303533,0.317332,107.213265,0.000908,0.00083,137,0.000271,0,23,0.5,0.007274
21181,Nicholas County,,KY,489,7579,8068,3,4,7,205,254,459,6,0.290358,0.302042,0,0.000295,0.000254,137,0.000129,0,23,1,0.002184
21183,Ohio County,,KY,1707,26478,28185,5,6,11,847,1047,1894,7,0.263016,0.273198,64.781854,0.000086,0.000064,167,0.000153,0,23,0.5,0.000956
21185,Oldham County,,KY,5355,69302,74657,9,8,17,3893,3219,7112,6,0.302311,0.315637,89.890826,0.000812,0.000725,137,0.000227,0,23,0.5,0.006778
21187,Owen County,,KY,800,10606,11406,6,7,13,541,499,1040,7,0.259453,0.26923,11.323387,0.000091,0.000127,114,0.000176,0,23,0.547619,0.00146
21189,Owsley County,,KY,198,3629,3827,0,1,1,0,42,42,8,0.190254,0.193991,0,0,0,137,0.00005,0,75,0,0
21191,Pendleton County,,KY,1207,15615,16822,6,6,12,972,832,1804,7,0.259269,0.268661,11.181435,0.000104,0.000137,114,0.000173,0,23,0.6,0.001544
21193,Perry County,,KY,1447,29263,30710,5,6,11,484,741,1225,6,0.290934,0.30306,15598.046841,0.000293,0.00025,137,0.000309,0,23,0.166667,0.002303
21195,Pike County,,KY,2911,58844,61755,4,7,11,968,1148,2116,6,0.291629,0.30401,4541.174853,0.000295,0.000252,114,0.000138,0,23,0.285714,0.002249
21197,Powell County,,KY,875,12728,13603,4,4,8,394,442,836,6,0.290387,0.302099,0.5,0.000297,0.000255,137,0.000145,0,23,0.9,0.002289
21199,Pulaski County,,KY,3470,66603,70073,13,15,28,1687,1589,3276,6,0.308714,0.325239,20609.372771,0.000818,0.001466,137,0.000447,0,23,0.266667,0.006576
21201,Robertson County,,KY,97,2069,2166,0,0,0,0,0,0,0,0,0,0,0,0,47,0.00005,42,76,0,0
21203,Rockcastle County,,KY,894,15934,16828,4,5,9,419,579,998,6,0.290646,0.302668,1.469444,0.000026,0.000266,137,0.000161,0,23,0.9,0.000584
21205,Rowan County,,KY,1699,20547,22246,6,8,14,687,787,1474,6,0.290934,0.303493,14324.779951,0.000295,0.000248,137,0.000217,0,23,0.232143,0.002427
21207,Russell County,,KY,928,18185,19113,3,4,7,412,426,838,7,0.236844,0.244615,71.447484,0.000011,0.000009,137,0.000152,0,23,0.333333,0.00031
21209,Scott County,,KY,4443,54691,59134,18,13,31,3492,2482,5974,6,0.306101,0.321121,610.248325,0.001294,0.001155,137,0.000468,0,23,0.349673,0.010879
21211,Shelby County,,KY,3905,50547,54452,10,10,20,2863,2440,5303,6,0.302374,0.315978,78.976941,0.000912,0.000739,137,0.000262,0,23,0.527273,0.007296
21213,Simpson County,,KY,1528,19409,20937,6,6,12,1055,938,1993,6,0.30671,0.319903,110.033084,0.000673,0.000771,137,0.000176,0,23,0.7,0.006394
21215,Spencer County,,KY,1662,19961,21623,5,5,10,1383,1153,2536,6,0.300082,0.31244,1.166667,0.000471,0.000461,137,0.000156,0,23,0.666667,0.003943
21217,Taylor County,,KY,1604,25434,27038,5,7,12,644,762,1406,6,0.303438,0.316934,9507.071663,0.000451,0.000784,137,0.00022,0,23,0.321429,0.003704
21219,Todd County,,KY,899,13278,14177,3,3,6,405,458,863,6,0.29131,0.302708,4.630974,0.000462,0.00039,137,0.000093,0,23,0.666667,0.00319
21221,Trigg County,,KY,1127,14884,16011,3,2,5,486,409,895,6,0.291252,0.30248,17.66021,0.000458,0.000386,137,0.000093,0,23,0.666667,0.003167
21223,Trimble County,,KY,870,9420,10290,5,5,10,570,524,1094,6,0.300266,0.312753,5.672481,0.000467,0.00045,137,0.000152,0,23,0.7,0.003853
21225,Union County,,KY,832,15355,16187,3,4,7,308,442,750,7,0.2678,0.277557,999.775838,0.000004,0.00005,167,0.000154,0,23,0.416667,0.000265
21227,Warren County,,KY,10140,122878,133018,33,35,68,4551,6019,10570,6,0.355798,0.380199,34031.954321,0.006239,0.009237,137,0.000648,0,23,0.259001,0.050199
21229,Washington County,,KY,793,13074,13867,5,4,9,482,407,889,6,0.290473,0.302213,29.978744,0.00075,0.000252,137,0.000154,0,23,0.6,0.005675
21231,Wayne County,,KY,1402,20342,21744,4,3,7,575,744,1319,6,0.290473,0.302099,1652.344663,0.000368,0.000246,137,0.000178,0,23,0.666667,0.002659
21233,Webster County,,KY,1001,14462,15463,4,3,7,560,596,1156,7,0.232835,0.239376,1325.277614,0.000069,0.000008,167,0.000146,0,23,0.75,0.000799
21235,Whitley County,,KY,2796,34792,37588,7,6,13,1673,1690,3363,6,0.295393,0.308936,666.426511,0.000322,0.000587,137,0.000233,0,23,0.446429,0.002735
21237,Wolfe County,,KY,361,6338,6699,3,1,4,141,51,192,8,0.183964,0.187061,8.166667,0,0,137,0.000228,0,23,0,0.000236
21239,Woodford County,,KY,2262,30205,32467,9,6,15,1724,1400,3124,6,0.302186,0.315182,33.977129,0.000775,0.000696,137,0.000269,0,23,0.708333,0.006302
22001,Acadia Parish,,LA,4137,65132,69269,10,9,19,3102,3141,6243,6,0.329732,0.346849,166.933531,0.001309,0.001387,0,0.000216,0,23,0.811111,0.012175
22003,Allen Parish,,LA,1457,22802,24259,6,7,13,872,882,1754,7,0.269425,0.281283,12.203071,0.000251,0.000266,0,0.000142,0,23,0.619048,0.00257
22005,Ascension Parish,,LA,8379,125496,133875,22,22,44,7121,5689,12810,6,0.332841,0.352395,894.717115,0.003144,0.004073,0,0.000369,0,23,0.472934,0.02727
22007,Assumption Parish,,LA,1440,24394,25834,6,7,13,982,1073,2055,7,0.28353,0.295925,2.817605,0.00036,0.000311,0,0.000134,0,23,0.666667,0.003058
22009,Avoyelles Parish,,LA,1915,42667,44582,6,7,13,911,994,1905,6,0.329732,0.346621,43.434976,0.000435,0.001391,0,0.000145,0,23,0.803571,0.003757
22011,Beauregard Parish,,LA,3635,35724,39359,6,9,15,1930,1824,3754,6,0.333865,0.352116,281.733027,0.001502,0.002568,0,0.000129,0,23,0.611111,0.013321
22013,Bienville Parish,,LA,1228,14739,15967,7,7,14,685,851,1536,7,0.280115,0.291425,32.944869,0.000325,0.00023,0,0.000156,0,23,0.642857,0.002473
22015,Bossier Parish,,LA,16380,130390,146770,43,50,93,9931,10222,20153,6,0.368739,0.396536,11832.702717,0.013728,0.018725,0,0.000603,0,23,0.447973,0.110737
22017,Caddo Parish,,LA,19859,279376,299235,44,54,98,11235,14024,25259,6,0.378847,0.407383,16714.374579,0.012437,0.017738,0,0.000653,0,23,0.387097,0.103614
22019,Calcasieu Parish,,LA,10276,215341,225617,46,34,80,6414,6624,13038,6,0.345804,0.369403,9955.045671,0.012668,0.008445,0,0.000711,0,23,0.408418,0.108179
22021,Caldwell Parish,,LA,651,9952,10603,2,4,6,340,369,709,7,0.261514,0.271127,0.833333,0.000065,0.000046,0,0.000093,0,23,0.666667,0.000571
22023,Cameron Parish,,LA,571,7301,7872,1,1,2,366,343,709,7,0.256972,0.265869,0,0.000061,0.000091,0,0.000068,0,23,0,0.000871
22025,Catahoula Parish,,LA,605,10273,10878,3,4,7,313,327,640,7,0.261607,0.271298,9.335014,0.000003,0.000048,0,0.000154,0,23,0.333333,0.000279
22027,Claiborne Parish,,LA,932,14505,15437,5,5,10,441,501,942,7,0.280008,0.29097,0,0.000301,0.000215,0,0.000119,0,23,1,0.00218
22029,Concordia Parish,,LA,1384,19901,21285,5,4,9,632,662,1294,7,0.28386,0.296152,2353.648891,0.000313,0.000264,0,0.000158,0,23,0.25,0.002587
22031,De Soto Parish,,LA,2047,30225,32272,6,4,10,1476,1143,2619,7,0.279981,0.290856,124.704699,0.001127,0.000204,0,0.000133,0,23,0.633333,0.00954
22033,East Baton Rouge Parish,,LA,34343,464722,499065,98,107,205,21716,26861,48577,6,0.395358,0.43008,71925.603798,0.030945,0.036511,0,0.001337,0,23,0.341953,0.251378
22035,East Carroll Parish,,LA,592,7069,7661,3,3,6,226,271,497,6,0.318825,0.333783,247.777886,0.000066,0.000846,0,0.00012,0,23,0.5,0.000653
22037,East Feliciana Parish,,LA,1568,20469,22037,4,5,9,1077,1217,2294,7,0.283475,0.295583,3.833333,0.000298,0.0003,0,0.000134,0,23,0.566667,0.002472
22039,Evangeline Parish,,LA,1798,34557,36355,8,10,18,1179,1368,2547,6,0.329844,0.347133,229.676457,0.000497,0.001411,0,0.000189,0,23,0.711111,0.004834
22041,Franklin Parish,,LA,1137,21304,22441,4,3,7,555,475,1030,7,0.26149,0.270956,274.1332,0.000066,0.000045,0,0.000154,0,23,0.5,0.000737
22043,Grant Parish,,LA,1756,20491,22247,4,5,9,1125,1109,2234,7,0.262216,0.272578,5.669441,0.000063,0.000092,0,0.000124,0,23,0.7,0.000761
22045,Iberia Parish,,LA,5229,83993,89222,12,13,25,3368,3831,7199,6,0.329992,0.347702,7.513918,0.001862,0.001858,0,0.000226,0,23,0.7,0.016902
22047,Iberville Parish,,LA,2502,33439,35941,6,7,13,1787,1755,3542,6,0.329584,0.346394,95.548249,0.00034,0.001207,0,0.00014,0,23,0.738095,0.002942
22049,Jackson Parish,,LA,1090,15820,16910,5,5,10,705,617,1322,7,0.275454,0.286687,30.972173,0.00009,0.000153,0,0.00014,0,23,0.533333,0.000977
22051,Jefferson Parish,,LA,35779,465953,501732,91,80,171,25913,29320,55233,6,0.389576,0.421149,14896.842293,0.034939,0.033161,0,0.001083,0,23,0.454572,0.27731
22053,Jefferson Davis Parish,,LA,1919,33744,35663,7,6,13,1325,1245,2570,7,0.265663,0.27634,147.984574,0.00102,0.00023,0,0.000165,0,23,0.738095,0.009789
22055,Lafayette Parish,,LA,17143,249769,266912,50,46,96,13868,12837,26705,6,0.361015,0.387645,6521.913981,0.01578,0.014866,0,0.000698,0,23,0.439201,0.130651
22057,Lafourche Parish,,LA,5906,105303,111209,13,14,27,4156,4223,8379,6,0.329955,0.34773,237.462995,0.00198,0.002104,0,0.000232,0,23,0.714286,0.017602
22059,La Salle Parish,,LA,720,14572,15292,5,5,10,332,371,703,7,0.262122,0.27235,459.947888,0.000105,0.000077,0,0.000155,0,23,0.4,0.001106
22061,Lincoln Parish,,LA,3909,42346,46255,11,14,25,1644,2113,3757,6,0.334246,0.353447,2853.531136,0.002191,0.003118,0,0.00022,0,23,0.554945,0.018125
22063,Livingston Parish,,LA,9667,137810,147477,26,25,51,7868,6628,14496,6,0.334628,0.354943,1892.796598,0.004896,0.004359,0,0.000417,0,23,0.446573,0.0414
22065,Madison Parish,,LA,1039,11226,12265,3,5,8,244,540,784,7,0.278703,0.290697,98.282465,0.000083,0.000145,0,0.000114,0,23,0.35,0.000699
22067,Morehouse Parish,,LA,1846,29621,31467,6,7,13,777,1038,1815,6,0.321907,0.337901,1565.518962,0.000829,0.000928,0,0.000188,0,23,0.357143,0.007043
22069,Natchitoches Parish,,LA,2768,38871,41639,11,15,26,1136,1555,2691,6,0.334246,0.353561,3635.85123,0.002017,0.00312,0,0.000216,0,23,0.479167,0.016948
22071,Orleans Parish,,LA,31969,326110,358079,102,89,191,28121,24860,52981,5,0.40093,0.433367,15903.405342,0.041553,0.038794,0,0.001162,0,23,0.47027,0.329222
22073,Ouachita Parish,,LA,10308,169353,179661,34,35,69,5739,6086,11825,6,0.353865,0.378305,51862.408287,0.006113,0.008978,0,0.000682,0,23,0.289634,0.052457
22075,Plaquemines Parish,,LA,3258,24156,27414,8,9,17,1358,1699,3057,6,0.343453,0.363055,24.543518,0.003062,0.004435,0,0.000141,0,23,0.822222,0.024215
22077,Pointe Coupee Parish,,LA,1420,24063,25483,6,7,13,809,931,1740,7,0.28386,0.2963,4.052114,0.000336,0.000409,0,0.000149,0,23,0.678571,0.002898
22079,Rapides Parish,,LA,8137,146941,155078,27,27,54,4301,4656,8957,6,0.337324,0.358515,7476.032412,0.004428,0.005429,0,0.000459,0,23,0.370265,0.038146
22081,Red River Parish,,LA,600,8993,9593,3,3,6,252,292,544,7,0.279874,0.290515,0,0.000286,0.000204,0,0.000083,0,23,1,0.001925
22083,Richland Parish,,LA,1602,21542,23144,6,5,11,1000,997,1997,7,0.262099,0.272014,14.212744,0.000074,0.000052,0,0.000206,0,23,0.433333,0.000956
22085,Sabine Parish,,LA,1177,24433,25610,4,6,10,545,529,1074,6,0.329324,0.345995,67.175332,0.000273,0.00116,0,0.000109,0,23,0.733333,0.00207
22087,St. Bernard Parish,,LA,3787,37205,40992,9,8,17,3371,2574,5945,6,0.329732,0.346706,35.11867,0.001845,0.001901,0,0.000167,0,23,0.777778,0.015906
22089,St. Charles Parish,,LA,4335,59293,63628,11,13,24,3093,3216,6309,6,0.329918,0.34756,49.212402,0.00198,0.002097,0,0.000191,0,23,0.852564,0.017334
22091,St. Helena Parish,,LA,1438,13733,15171,3,3,6,826,1110,1936,7,0.28342,0.295242,0,0.000319,0.000275,0,0.00009,0,23,1,0.002521
22093,St. James Parish,,LA,1323,25368,26691,7,5,12,856,900,1756,7,0.284853,0.297165,1.202241,0.000585,0.000525,0,0.000142,0,23,0.809524,0.004948
22095,St. John the Baptist Parish,,LA,4254,47932,52186,9,12,21,2368,3245,5613,6,0.332388,0.350575,117.363088,0.001707,0.002748,0,0.000176,0,23,0.780303,0.014905
22097,St. Landry Parish,,LA,5884,94563,100447,20,13,33,4103,4243,8346,6,0.329992,0.347702,352.078129,0.002261,0.001676,0,0.000342,0,23,0.528571,0.020461
22099,St. Martin Parish,,LA,3983,57839,61822,8,9,17,3217,3132,6349,6,0.329732,0.346849,0.642972,0.001251,0.001408,0,0.000176,0,23,0.930556,0.011277
22101,St. Mary Parish,,LA,3908,60688,64596,12,13,25,2017,2376,4393,6,0.329992,0.347673,223.553239,0.002604,0.001984,0,0.00021,0,23,0.675824,0.021563
22103,St. Tammany Parish,,LA,15803,261428,277231,64,51,115,12948,10527,23475,6,0.371969,0.399625,5766.900992,0.02289,0.021146,0,0.000795,0,23,0.463028,0.185932
22105,Tangipahoa Parish,,LA,7780,122461,130241,19,19,38,5891,5180,11071,6,0.333827,0.353066,676.628979,0.002249,0.003307,0,0.000329,0,23,0.464427,0.019578
22107,Tensas Parish,,LA,330,4983,5313,2,2,4,95,86,181,7,0.261537,0.2709,2.183333,0.000328,0.000046,0,0.000077,0,23,0.666667,0.00237
22109,Terrebonne Parish,,LA,7107,122932,130039,21,20,41,4818,4685,9503,6,0.332388,0.351684,343.662974,0.003501,0.003951,0,0.000325,0,23,0.516667,0.031406
22111,Union Parish,,LA,1621,23053,24674,4,5,9,957,968,1925,7,0.262898,0.273135,8.890881,0.00011,0.000076,0,0.000118,0,23,0.45,0.000987
22113,Vermilion Parish,,LA,3762,64196,67958,10,10,20,2845,2729,5574,6,0.329769,0.347019,123.683951,0.001313,0.001415,0,0.000215,0,23,0.811111,0.012292
22115,Vernon Parish,,LA,12137,49993,62130,37,48,85,4619,5679,10298,6,0.366662,0.394477,4948.633197,0.014414,0.016727,0,0.000427,0,23,0.58246,0.112278
22117,Washington Parish,,LA,2382,43325,45707,8,10,18,1317,1459,2776,6,0.330029,0.347389,1486.489966,0.000727,0.001918,0,0.000159,0,23,0.577778,0.00634
22119,Webster Parish,,LA,3025,42715,45740,7,8,15,1585,1879,3464,6,0.331899,0.349437,409.683193,0.001058,0.001913,0,0.000147,0,23,0.625,0.008431
22121,West Baton Rouge Parish,,LA,2390,27492,29882,6,7,13,2077,1784,3861,6,0.329621,0.346451,207.194807,0.001156,0.001451,0,0.000137,0,23,0.809524,0.010108
22123,West Carroll Parish,,LA,642,11641,12283,4,4,8,355,384,739,7,0.261537,0.271127,2.083333,0.000078,0.000051,0,0.000159,0,23,0.666667,0.000789
22125,West Feliciana Parish,,LA,860,11370,12230,2,3,5,441,471,912,7,0.28342,0.295242,0.5,0.000266,0.000228,0,0.000084,0,23,0.833333,0.001988
22127,Winn Parish,,LA,920,13742,14662,4,5,9,211,422,633,7,0.262192,0.272521,11.19272,0.000089,0.000092,0,0.000124,0,23,0.6,0.000866
23001,Androscoggin County,,ME,6801,116359,123160,14,14,28,4033,4324,8357,6,0.338259,0.357702,625.649005,0.002231,0.002741,95,0.000232,0,23,0.520468,0.017099
23003,Aroostook County,,ME,2832,78070,80902,7,7,14,821,1059,1880,6,0.278729,0.290421,7.166979,0.000962,0.000411,95,0.000139,0,23,0.732143,0.006561
23005,Cumberland County,,ME,19607,337378,356985,80,79,159,15346,14261,29607,5,0.383307,0.414226,39510.916357,0.031664,0.03445,95,0.000893,0,23,0.523465,0.244774
23007,Franklin County,,ME,1951,31700,33651,7,8,15,1048,1191,2239,6,0.278756,0.290592,1.042857,0.000446,0.000425,95,0.00015,0,23,0.821429,0.003769
23009,Hancock County,,ME,3203,63280,66483,9,9,18,1389,1424,2813,6,0.300667,0.315683,107.04702,0.000961,0.001037,95,0.000185,0,23,0.727273,0.007715
23011,Kennebec County,,ME,7353,138413,145766,22,20,42,4954,4606,9560,6,0.338298,0.358498,1427.640152,0.002627,0.00345,95,0.000363,0,23,0.428333,0.01972
23013,Knox County,,ME,2392,46090,48482,9,7,16,1141,998,2139,6,0.278729,0.290421,51.526933,0.001412,0.000397,95,0.000179,0,23,0.711111,0.010695
23015,Lincoln County,,ME,2727,40635,43362,7,5,12,1314,1282,2596,6,0.278676,0.29008,1.705293,0.000309,0.000377,95,0.000167,0,23,0.732143,0.002766
23017,Oxford County,,ME,3505,60762,64267,11,8,19,2132,2150,4282,6,0.278809,0.290677,28.122846,0.001851,0.00045,95,0.000179,0,23,0.613636,0.013988
23019,Penobscot County,,ME,8405,162800,171205,21,24,45,4405,4850,9255,6,0.338807,0.359636,1789.442951,0.0036,0.004956,95,0.00034,0,23,0.45,0.026963
23021,Piscataquis County,,ME,1001,17774,18775,3,4,7,438,499,937,6,0.2772,0.28822,0,0.000288,0.000281,95,0.00009,0,23,1,0.002231
23023,Sagadahoc County,,ME,3419,41816,45235,8,7,15,2201,2169,4370,6,0.311503,0.327213,99.467367,0.001066,0.001084,95,0.000168,0,23,0.694444,0.008417
23025,Somerset County,,ME,3299,53257,56556,10,9,19,2106,2073,4179,6,0.278782,0.290762,66.131868,0.001075,0.000419,95,0.000193,0,23,0.690909,0.008582
23027,Waldo County,,ME,2644,43005,45649,7,7,14,1417,1449,2866,6,0.277278,0.288732,1.244048,0.000343,0.000301,95,0.000159,0,23,0.767857,0.002975
23029,Washington County,,ME,1624,34403,36027,5,6,11,499,713,1212,6,0.278703,0.29025,0,0.00032,0.000399,95,0.000122,0,23,0.966667,0.00259
23031,York County,,ME,13047,238016,251063,47,41,88,10634,8783,19417,6,0.355669,0.38095,6936.735938,0.015446,0.015318,95,0.000562,0,23,0.505013,0.116457
24001,Allegany County,,MD,2883,73020,75903,11,12,23,1288,1275,2563,6,0.311669,0.327656,2548.379359,0.002307,0.002898,118,0.000213,0,23,0.469697,0.017307
24003,Anne Arundel County,,MD,50815,650485,701300,176,169,345,42097,40352,82449,5,0.402252,0.444699,24189.288127,0.07036,0.067998,118,0.001609,0,23,0.395193,0.52561
24005,Baltimore County,,MD,65377,957599,1022976,135,158,293,56191,57262,113453,5,0.412038,0.451251,12730.83606,0.061076,0.069165,118,0.001181,0,23,0.517572,0.448307
24009,Calvert County,,MD,6717,108147,114864,16,16,32,4410,3602,8012,6,0.329732,0.349323,1.168992,0.007493,0.007212,118,0.000176,0,23,0.894737,0.054905
24011,Caroline County,,MD,2413,36426,38839,8,8,16,1606,1634,3240,6,0.287621,0.302281,3.319219,0.001356,0.000939,118,0.00013,0,23,0.791667,0.010331
24013,Carroll County,,MD,10428,207868,218296,16,24,40,8124,7059,15183,6,0.346295,0.368294,66.396282,0.005674,0.009763,118,0.000179,0,23,0.693846,0.040706
24015,Cecil County,,MD,7042,114096,121138,16,15,31,4802,4366,9168,6,0.305049,0.321655,27.374022,0.004702,0.004644,118,0.000181,0,23,0.748366,0.032723
24017,Charles County,,MD,13557,176974,190531,30,32,62,10728,8852,19580,6,0.349434,0.372719,924.285766,0.012985,0.01442,118,0.000312,0,23,0.708502,0.09736
24019,Dorchester County,,MD,2134,36263,38397,8,9,17,1216,1237,2453,6,0.299867,0.314835,6.446993,0.001623,0.002092,118,0.000129,0,23,0.875,0.012145
24021,Frederick County,,MD,18487,290893,309380,53,56,109,13290,12418,25708,5,0.376897,0.405193,6466.883524,0.025093,0.026856,118,0.000541,0,23,0.623543,0.189636
24023,Garrett County,,MD,1481,34306,35787,7,5,12,585,534,1119,6,0.277147,0.288447,329.078205,0.001061,0.000235,118,0.000181,0,23,0.357143,0.007818
24025,Harford County,,MD,17518,304708,322226,48,56,104,12320,12246,24566,6,0.366571,0.394994,639.199476,0.022727,0.026643,118,0.000438,0,23,0.680288,0.166316
24027,Howard County,,MD,30043,358598,388641,98,94,192,26196,24238,50434,5,0.390043,0.423766,2899.326217,0.047681,0.047211,118,0.00087,0,23,0.622418,0.353728
24029,Kent County,,MD,1362,21505,22867,6,6,12,695,662,1357,6,0.292211,0.306837,1.570836,0.001071,0.001243,118,0.000109,0,23,0.833333,0.008131
24031,Montgomery County,,MD,84492,1214759,1299251,218,226,444,65744,73681,139425,5,0.434331,0.47802,28527.299094,0.086649,0.08817,118,0.001996,0,23,0.361474,0.645171
24033,Prince George's County,,MD,77800,1013008,1090808,153,163,316,65028,68334,133362,5,0.411286,0.451883,14895.45499,0.065376,0.067313,118,0.001383,0,23,0.429898,0.482996
24035,Queen Anne's County,,MD,3797,57125,60922,13,13,26,2653,2266,4919,6,0.306421,0.322036,68.156669,0.004165,0.003202,118,0.000171,0,23,0.695238,0.030426
24037,St. Mary's County,,MD,9496,126414,135910,32,33,65,5012,4769,9781,6,0.356578,0.380575,142.314915,0.014291,0.015884,118,0.000317,0,23,0.710256,0.107071
24039,Somerset County,,MD,1389,21426,22815,4,3,7,794,742,1536,7,0.265423,0.275297,0,0.000585,0.00024,118,0.000101,0,23,0.9,0.004565
24041,Talbot County,,MD,2899,44715,47614,11,12,23,1698,1595,3293,6,0.30917,0.324221,29.556097,0.003286,0.003312,118,0.000154,0,23,0.794872,0.024413
24043,Washington County,,MD,9771,167796,177567,25,24,49,6693,6284,12977,6,0.341532,0.362321,5515.458052,0.008212,0.007011,118,0.000297,0,23,0.608466,0.059714
24045,Wicomico County,,MD,6868,105525,112393,17,22,39,3674,4091,7765,6,0.328218,0.349027,948.584754,0.004948,0.00797,118,0.000236,0,23,0.630435,0.03648
24047,Worcester County,,MD,4522,61988,66510,16,12,28,2718,2481,5199,6,0.312067,0.328794,261.620592,0.004809,0.003939,118,0.000206,0,23,0.702614,0.03441
24510,Baltimore city,,MD,56360,576111,632471,121,118,239,42409,49531,91940,5,0.399509,0.435006,6827.689351,0.055634,0.054295,118,0.001066,0,23,0.585784,0.40978
25001,Barnstable County,,MA,14145,276229,290374,56,52,108,10968,9534,20502,6,0.365109,0.391837,1411.950508,0.023258,0.024927,95,0.000536,0,23,0.646081,0.174443
25003,Berkshire County,,MA,5314,151630,156944,23,23,46,2340,2376,4716,6,0.340698,0.361951,709.313359,0.008803,0.00847,95,0.000219,0,23,0.699507,0.059876
25005,Bristol County,,MA,24421,632436,656857,52,62,114,21038,19595,40633,6,0.369763,0.39835,1011.227503,0.024483,0.027893,95,0.000477,0,23,0.668944,0.183713
25007,Dukes County,,MA,1004,22003,23007,6,3,9,442,199,641,6,0.300113,0.314147,0,0.002073,0.001007,95,0.000096,0,23,1,0.015207
25009,Essex County,,MA,40561,902611,943172,93,109,202,35152,34444,69596,5,0.391816,0.426598,4661.23368,0.044369,0.050405,95,0.000857,0,23,0.58966,0.337009
25011,Franklin County,,MA,4671,82861,87532,11,11,22,2656,2720,5376,6,0.301038,0.316365,1.901639,0.003032,0.002628,95,0.000137,0,23,0.856061,0.02081
25013,Hampden County,,MA,19088,521996,541084,56,76,132,11958,14026,25984,6,0.377043,0.40785,1368.629651,0.027113,0.036288,95,0.000501,0,23,0.684396,0.20191
25015,Hampshire County,,MA,11337,165437,176774,25,33,58,7244,7945,15189,6,0.354207,0.377287,268.334586,0.011059,0.013517,95,0.000241,0,23,0.720143,0.079001
25017,Middlesex County,,MA,112387,1812884,1925271,232,234,466,96054,102579,198633,5,0.428551,0.474477,72851.062627,0.087586,0.085907,95,0.002178,0,23,0.334474,0.655466
25019,Nantucket County,,MA,896,14043,14939,3,3,6,160,206,366,6,0.300297,0.314403,0,0.001271,0.001273,95,0.000075,0,23,1,0.009439
25021,Norfolk County,,MA,57680,815132,872812,116,119,235,50542,51433,101975,5,0.398965,0.434704,4479.528668,0.05393,0.055202,95,0.001002,0,23,0.573522,0.400079
25023,Plymouth County,,MA,27058,604345,631403,58,58,116,25759,22154,47913,6,0.372347,0.400626,1130.254546,0.028556,0.028089,95,0.000546,0,23,0.693375,0.213231
25025,Suffolk County,,MA,80353,723767,804120,153,150,303,60378,73241,133619,5,0.409046,0.447958,13913.794184,0.065496,0.065108,95,0.001353,0,23,0.482048,0.48304
25027,Worcester County,,MA,37517,943194,980711,112,126,238,30237,30258,60495,5,0.395198,0.432611,7101.956088,0.050995,0.056235,95,0.000968,0,23,0.528943,0.376936
26001,Alcona County,,MI,877,11844,12721,6,3,9,424,355,779,6,0.301471,0.314846,1.154773,0.001726,0.000562,48,0.000121,0,23,0.833333,0.012057
26003,Alger County,,MI,589,10010,10599,1,2,3,149,184,333,7,0.238833,0.245778,0,0.000015,0.000014,167,0.00007,0,23,1,0.000188
26005,Allegan County,,MI,9192,133828,143020,14,13,27,8229,6748,14977,6,0.333295,0.351456,119.256191,0.003047,0.002777,48,0.000198,0,23,0.685714,0.022239
26007,Alpena County,,MI,1632,33884,35516,6,7,13,590,526,1116,6,0.311404,0.325882,1687.597979,0.001497,0.00146,48,0.000181,0,23,0.517857,0.010937
26009,Antrim County,,MI,2066,27016,29082,9,5,14,1213,1026,2239,7,0.250385,0.25871,3.68321,0.001889,0.000089,48,0.000202,0,23,0.763889,0.014261
26011,Arenac County,,MI,1148,17743,18891,7,7,14,728,718,1446,6,0.277936,0.28992,0.579134,0.001492,0.000279,48,0.000128,0,23,0.916667,0.010304
26013,Baraga County,,MI,387,8623,9010,2,2,4,123,153,276,7,0.240144,0.247066,0,0.000022,0.000013,167,0.00009,0,23,1,0.000271
26015,Barry County,,MI,4560,69483,74043,11,8,19,3550,3122,6672,6,0.293764,0.306172,18.295951,0.002944,0.000792,48,0.000157,0,23,0.9,0.021253
26017,Bay County,,MI,5760,130716,136476,16,20,36,3312,3710,7022,6,0.333523,0.352594,300.824741,0.00247,0.003543,48,0.000232,0,23,0.628571,0.017762
26019,Benzie County,,MI,1566,20757,22323,6,5,11,812,835,1647,6,0.301627,0.315358,2.421495,0.000957,0.000617,48,0.000166,0,23,0.833333,0.007698
26021,Berrien County,,MI,10832,180793,191625,28,32,60,5621,6371,11992,5,0.364519,0.389266,654.076357,0.010181,0.011932,167,0.000321,0,23,0.610242,0.076553
26023,Branch County,,MI,2793,47879,50672,8,9,17,1587,1544,3131,6,0.310776,0.325694,32.914322,0.001087,0.001275,48,0.000139,0,23,0.611111,0.00771
26025,Calhoun County,,MI,8591,150185,158776,22,22,44,4820,5146,9966,6,0.350143,0.37186,525.953754,0.005758,0.00589,48,0.000272,0,23,0.617754,0.043253
26027,Cass County,,MI,4415,56611,61026,7,9,16,3090,2983,6073,6,0.331223,0.348618,1.080109,0.001361,0.001593,167,0.000121,0,23,0.888889,0.009996
26029,Charlevoix County,,MI,2043,31458,33501,9,7,16,1246,1041,2287,6,0.303847,0.317759,237.313838,0.00178,0.000971,48,0.000217,0,23,0.777778,0.012966
26031,Cheboygan County,,MI,1807,29827,31634,9,8,17,980,761,1741,6,0.311338,0.325882,6043.990987,0.001857,0.001143,48,0.000271,0,23,0.555556,0.013943
26033,Chippewa County,,MI,2029,38774,40803,5,6,11,378,446,824,6,0.309922,0.323845,4073.484965,0.000966,0.001221,48,0.000175,0,23,0.52381,0.007138
26035,Clare County,,MI,2420,31808,34228,14,12,26,1535,1307,2842,6,0.311636,0.326792,23.166044,0.002149,0.001792,48,0.000201,0,23,0.642857,0.015065
26037,Clinton County,,MI,6829,88305,95134,17,19,36,5448,5016,10464,6,0.311968,0.328157,36.378219,0.003129,0.002762,48,0.000204,0,23,0.705263,0.022018
26039,Crawford County,,MI,1104,14222,15326,5,2,7,416,298,714,7,0.237786,0.244521,1.416667,0.001197,0.000027,48,0.000127,0,23,0.65,0.008582
26041,Delta County,,MI,1712,44584,46296,6,5,11,516,592,1108,7,0.267971,0.278479,3057.094459,0.000084,0.000066,167,0.000231,0,23,0.452381,0.000993
26043,Dickinson County,,MI,1394,31941,33335,7,7,14,558,597,1155,7,0.26802,0.27882,6210.988816,0.000088,0.000066,167,0.000314,0,23,0.428571,0.001124
26045,Eaton County,,MI,11494,125710,137204,23,25,48,8672,8686,17358,6,0.350562,0.371928,603.259639,0.004957,0.005918,48,0.000272,0,23,0.61396,0.037024
26047,Emmet County,,MI,2765,40254,43019,12,8,20,1477,1275,2752,6,0.303879,0.317929,247.822442,0.002617,0.000972,48,0.000242,0,23,0.647436,0.018652
26049,Genesee County,,MI,23017,473848,496865,60,80,140,14157,16675,30832,5,0.384313,0.416229,12353.734763,0.019732,0.029751,48,0.000698,0,23,0.383174,0.15749
26051,Gladwin County,,MI,1853,28288,30141,11,11,22,1122,1153,2275,6,0.311503,0.326507,37.086562,0.001881,0.001674,48,0.000169,0,23,0.810606,0.013492
26053,Gogebic County,,MI,803,16323,17126,2,1,3,139,69,208,1,1,1,1,0,0,166,0.000489,43,77,0,0.000154
26055,Grand Traverse County,,MI,6707,108514,115221,30,23,53,4661,3714,8375,6,0.333637,0.353106,2835.108411,0.004943,0.003538,48,0.000529,0,23,0.387097,0.037241
26057,Gratiot County,,MI,2789,43016,45805,8,11,19,1551,1725,3276,6,0.304068,0.318555,4.10631,0.000731,0.001201,48,0.000125,0,23,0.790909,0.005351
26059,Hillsdale County,,MI,3101,49659,52760,11,11,22,1598,1832,3430,6,0.309791,0.324522,191.825821,0.00237,0.001224,48,0.000165,0,23,0.538462,0.017121
26061,Houghton County,,MI,2090,35884,37974,3,7,10,307,447,754,6,0.306453,0.320506,6752.074557,0.000015,0.000994,167,0.000168,0,23,0.285714,0.000347
26063,Huron County,,MI,1780,41205,42985,9,8,17,1026,943,1969,6,0.311371,0.325939,0.962904,0.001851,0.001478,48,0.000134,0,23,0.877778,0.012976
26065,Ingham County,,MI,24915,281969,306884,57,78,135,16084,19185,35269,5,0.390719,0.421906,11592.876491,0.017982,0.030222,48,0.00065,0,23,0.427827,0.138871
26067,Ionia County,,MI,4557,68523,73080,9,10,19,3077,3153,6230,6,0.304005,0.318328,11.701366,0.001458,0.001225,48,0.000144,0,23,0.754545,0.010638
26069,Iosco County,,MI,1971,28170,30141,10,9,19,1136,758,1894,6,0.311404,0.326109,49.295232,0.001845,0.001613,48,0.000177,0,23,0.722222,0.013121
26071,Iron County,,MI,627,13127,13754,1,2,3,86,134,220,7,0.238872,0.245891,0,0,0.000014,167,0.000088,0,23,1,0.000095
26073,Isabella County,,MI,5267,60674,65941,19,22,41,2649,3215,5864,6,0.333599,0.352935,170.396905,0.002889,0.00359,48,0.000244,0,23,0.652174,0.020757
26075,Jackson County,,MI,8287,175751,184038,21,21,42,5240,4982,10222,6,0.348146,0.368896,265.451249,0.005124,0.005396,48,0.000246,0,23,0.686594,0.037457
26077,Kalamazoo County,,MI,17523,280759,298282,52,59,111,11548,12038,23586,5,0.383608,0.412918,4571.678626,0.017006,0.02425,48,0.000568,0,23,0.476076,0.129816
26079,Kalkaska County,,MI,1447,18772,20219,5,6,11,819,754,1573,6,0.303784,0.317531,237.17463,0.001201,0.00095,48,0.000145,0,23,0.619048,0.008824
26081,Kent County,,MI,36515,731793,768308,128,126,254,29780,28842,58622,5,0.4139,0.448675,60619.779406,0.046929,0.047519,48,0.00151,0,23,0.382567,0.365007
26083,Keweenaw County,,MI,117,2513,2630,1,1,2,59,90,149,7,0.234588,0.240627,0,0.000007,0,167,0.000071,0,23,0,0.000083
26085,Lake County,,MI,983,10293,11276,7,5,12,545,495,1040,6,0.292941,0.304693,8.960048,0.001054,0.000375,48,0.000159,0,23,0.690476,0.008042
26087,Lapeer County,,MI,6222,105167,111389,13,12,25,4925,4311,9236,6,0.315223,0.331593,14.404386,0.002478,0.002826,48,0.000174,0,23,0.72381,0.017467
26089,Leelanau County,,MI,1776,27179,28955,8,4,12,1130,921,2051,6,0.303721,0.31719,30.027569,0.002942,0.000919,48,0.000147,0,23,0.839286,0.021069
26091,Lenawee County,,MI,5841,114623,120464,13,13,26,3537,3360,6897,6,0.333675,0.352025,281.601537,0.002831,0.003109,48,0.000174,0,23,0.714286,0.019904
26093,Livingston County,,MI,13503,225682,239185,28,26,54,12530,9412,21942,6,0.354378,0.37686,766.164411,0.00927,0.008698,48,0.000314,0,23,0.552585,0.070182
26095,Luce County,,MI,352,6165,6517,0,1,1,0,64,64,8,0.192209,0.195716,0,0,0,48,0.00005,0,78,0,0
26097,Mackinac County,,MI,1054,13499,14553,3,2,5,319,220,539,7,0.237863,0.244418,2930.874242,0.000017,0.00002,48,0.000147,0,23,0,0.000386
26099,Macomb County,,MI,51960,1037870,1089830,105,108,213,49183,44092,93275,5,0.399346,0.433948,19571.397254,0.043265,0.044579,48,0.001104,0,23,0.444949,0.3343
26101,Manistee County,,MI,1638,27300,28938,7,7,14,583,652,1235,6,0.303816,0.317702,19.828399,0.001031,0.001028,48,0.000171,0,23,0.708333,0.007791
26103,Marquette County,,MI,3672,74407,78079,11,14,25,920,1096,2016,6,0.313671,0.330006,23331.503056,0.00184,0.002036,167,0.000318,0,23,0.283333,0.014323
26105,Mason County,,MI,1786,33920,35706,6,6,12,743,651,1394,6,0.292912,0.30475,3.288095,0.000485,0.000486,48,0.00015,0,23,0.633333,0.004214
26107,Mecosta County,,MI,3478,40156,43634,12,13,25,1689,2013,3702,6,0.311735,0.327076,79.53027,0.002222,0.001966,48,0.000208,0,23,0.648352,0.016196
26109,Menominee County,,MI,1386,27459,28845,5,4,9,825,775,1600,7,0.266533,0.276386,1.410714,0.000088,0.000052,167,0.000182,0,23,0.85,0.00097
26111,Midland County,,MI,6419,100026,106445,20,22,42,3517,3627,7144,6,0.343776,0.364937,944.581469,0.0046,0.005125,48,0.000265,0,23,0.551383,0.035332
26113,Missaukee County,,MI,1144,16862,18006,5,2,7,603,444,1047,7,0.233225,0.239617,2.426578,0.000619,0.000022,48,0.000146,0,23,0.6,0.004982
26115,Monroe County,,MI,10794,180914,191708,13,14,27,6676,6877,13553,6,0.34609,0.366559,89.512063,0.004221,0.005246,48,0.000167,0,23,0.783088,0.031075
26117,Montcalm County,,MI,5130,67900,73030,11,12,23,3240,3501,6741,6,0.294769,0.308134,9.340037,0.000807,0.000866,48,0.000171,0,23,0.653846,0.006344
26119,Montmorency County,,MI,842,10310,11152,5,4,9,359,312,671,6,0.301533,0.315074,7.014933,0.00151,0.000567,48,0.000122,0,23,0.566667,0.010845
26121,Muskegon County,,MI,8534,191297,199831,20,24,44,5300,5489,10789,6,0.349642,0.371462,1425.714066,0.004482,0.006238,48,0.000283,0,23,0.518519,0.033479
26123,Newaygo County,,MI,3608,53556,57164,10,9,19,2546,2240,4786,6,0.293088,0.305432,12.035255,0.001323,0.00053,48,0.000182,0,23,0.55303,0.009764
26125,Oakland County,,MI,90735,1479709,1570444,209,221,430,81776,80008,161784,5,0.43139,0.475176,100259.392679,0.07448,0.078301,48,0.002302,0,23,0.311602,0.568224
26127,Oceana County,,MI,2048,30407,32455,7,6,13,1288,1163,2451,6,0.296919,0.309812,25.602273,0.001302,0.000678,48,0.000137,0,23,0.738095,0.00973
26129,Ogemaw County,,MI,1550,23124,24674,11,10,21,927,757,1684,6,0.311437,0.32628,2965.736147,0.00183,0.001629,48,0.000237,0,23,0.709091,0.013189
26131,Ontonagon County,,MI,346,6961,7307,0,1,1,0,44,44,2,0.666667,0.75,0,0,0,166,0.00005,43,79,0,0
26133,Osceola County,,MI,1972,25159,27131,8,7,15,944,1066,2010,6,0.303816,0.317702,1289.21145,0.000987,0.000935,48,0.000226,0,23,0.513889,0.00765
26135,Oscoda County,,MI,742,8932,9674,3,1,4,185,53,238,7,0.237516,0.243804,0.5,0.00082,0.000013,48,0.00009,0,23,0.583333,0.005347
26137,Otsego County,,MI,2076,28781,30857,11,10,21,941,834,1775,6,0.311536,0.326451,1832.252427,0.001756,0.001511,48,0.000297,0,23,0.560606,0.013139
26139,Ottawa County,,MI,18670,321766,340436,46,38,84,16027,14098,30125,6,0.360172,0.385284,4501.001447,0.012566,0.011327,48,0.000555,0,23,0.426667,0.095571
26141,Presque Isle County,,MI,841,15685,16526,3,2,5,340,295,635,7,0.237613,0.244117,1.15,0.000584,0.000024,48,0.00011,0,23,0.666667,0.004437
26143,Roscommon County,,MI,2021,26334,28355,10,11,21,1113,871,1984,6,0.311603,0.326621,1615.583223,0.002021,0.001766,48,0.000198,0,23,0.613636,0.013947
26145,Saginaw County,,MI,11053,225244,236297,28,38,66,5691,7294,12985,5,0.361639,0.387474,2819.503405,0.006282,0.008575,48,0.000353,0,23,0.450641,0.047785
26147,St. Clair County,,MI,8981,191320,200301,9,17,26,5871,5737,11608,6,0.343856,0.363999,198.577377,0.003203,0.005071,48,0.000136,0,23,0.680147,0.023437
26149,St. Joseph County,,MI,3758,71153,74911,12,11,23,2192,2245,4437,6,0.331373,0.349073,228.597483,0.002036,0.001617,48,0.000179,0,23,0.647436,0.014822
26151,Sanilac County,,MI,2766,48681,51447,8,8,16,1762,1960,3722,6,0.311305,0.325825,0.616667,0.001783,0.001581,48,0.000129,0,23,0.928571,0.012535
26153,Schoolcraft County,,MI,349,9295,9644,0,1,1,0,66,66,8,0.211396,0.216424,0,0,0.000001,167,0.00005,0,80,0,0
26155,Shiawassee County,,MI,5189,81228,86417,10,14,24,3361,3466,6827,6,0.311768,0.327247,12.532494,0.002139,0.0025,48,0.000137,0,23,0.862637,0.014806
26157,Tuscola County,,MI,3547,64513,68060,11,10,21,2324,2347,4671,6,0.31147,0.326337,2.537413,0.001907,0.001654,48,0.000157,0,23,0.809091,0.013521
26159,Van Buren County,,MI,6025,87263,93288,13,13,26,4235,4058,8293,6,0.338572,0.357156,30.405669,0.003061,0.003066,48,0.000182,0,23,0.704762,0.022724
26161,Washtenaw County,,MI,31551,372012,403563,94,101,195,21981,23926,45907,5,0.406549,0.439443,5978.06102,0.042036,0.04697,48,0.000884,0,23,0.553527,0.314088
26163,Wayne County,,MI,109237,1945750,2054987,197,255,452,72796,96949,169745,5,0.446646,0.491331,102553.54088,0.072043,0.083252,48,0.002042,0,23,0.277824,0.551635
26165,Wexford County,,MI,2719,36250,38969,13,10,23,1528,1346,2874,6,0.304005,0.318328,1691.852099,0.002052,0.001168,48,0.000294,0,23,0.516484,0.014619
27001,Aitkin County,,MN,1048,16872,17920,7,5,12,625,430,1055,6,0.308097,0.321644,1.498577,0.001208,0.000638,132,0.000157,0,23,0.805556,0.009242
27003,Anoka County,,MN,29299,409676,438975,45,53,98,25388,24176,49564,6,0.369903,0.397275,8868.006137,0.008929,0.012849,132,0.000735,0,23,0.286967,0.073562
27005,Becker County,,MN,2529,38760,41289,8,8,16,1351,1349,2700,6,0.308779,0.323094,4469.954139,0.000679,0.000917,132,0.000289,0,23,0.541667,0.005893
27007,Beltrami County,,MN,3171,47258,50429,11,17,28,1305,1720,3025,6,0.309627,0.325341,3879.488485,0.001118,0.001285,132,0.000285,0,23,0.481618,0.009242
27009,Benton County,,MN,4711,44081,48792,11,11,22,3692,3589,7281,6,0.308714,0.32318,5.116282,0.001084,0.001206,132,0.000215,0,23,0.810606,0.009049
27011,Big Stone County,,MN,337,6049,6386,0,0,0,0,0,0,0,0,0,0,0,0,49,0.00005,44,81,0,0
27013,Blue Earth County,,MN,5754,66741,72495,21,20,41,3467,3744,7211,6,0.341372,0.361689,9690.429136,0.001408,0.002387,132,0.000391,0,23,0.385,0.011747
27015,Brown County,,MN,1612,32181,33793,5,8,13,539,737,1276,6,0.308648,0.322753,3271.793102,0.000582,0.001033,132,0.000158,0,23,0.517857,0.004891
27017,Carlton County,,MN,2260,39597,41857,8,8,16,1561,1343,2904,6,0.308551,0.322582,5.80276,0.001101,0.001139,132,0.000189,0,23,0.711111,0.008617
27019,Carver County,,MN,8707,115899,124606,19,22,41,7900,5919,13819,6,0.350185,0.371485,657.707785,0.004907,0.004229,132,0.000299,0,23,0.588768,0.038439
27021,Cass County,,MN,2543,33117,35660,14,10,24,1911,1519,3430,6,0.308389,0.322696,13.860393,0.001327,0.000962,132,0.000285,0,23,0.62381,0.010879
27023,Chippewa County,,MN,961,14816,15777,5,4,9,379,364,743,7,0.236367,0.243281,5903.375794,0.000011,0.000009,132,0.000269,0,23,0.25,0.00048
27025,Chisago County,,MN,4554,63504,68058,12,12,24,3845,3425,7270,6,0.339277,0.358203,103.445399,0.001369,0.002165,132,0.000224,0,23,0.703297,0.010752
27027,Clay County,,MN,5639,64252,69891,14,14,28,3647,3618,7265,6,0.340342,0.359898,1263.413125,0.001294,0.00199,132,0.000384,0,23,0.5125,0.010572
27029,Clearwater County,,MN,535,9507,10042,2,2,4,190,216,406,7,0.236538,0.243315,0,0.000015,0.000013,132,0.000088,0,23,1,0.000286
27031,Cook County,,MN,427,6591,7018,1,1,2,50,62,112,7,0.259729,0.26824,0,0.000556,0.000041,132,0.000062,0,23,1,0.00438
27033,Cottonwood County,,MN,905,14602,15507,3,4,7,210,289,499,7,0.255138,0.263892,38.729977,0.000005,0.000011,132,0.000131,0,23,0.2,0.000261
27035,Crow Wing County,,MN,4447,72993,77440,22,19,41,3179,2594,5773,6,0.340262,0.360307,865.412965,0.002466,0.002259,132,0.000427,0,23,0.543478,0.020635
27037,Dakota County,,MN,36794,505350,542144,86,91,177,31068,29840,60908,6,0.390615,0.422628,32466.471044,0.025774,0.031847,132,0.001206,0,23,0.323951,0.201067
27039,Dodge County,,MN,1600,24854,26454,5,4,9,942,923,1865,6,0.269401,0.279295,2.081177,0.000107,0.000085,132,0.000117,0,23,0.6,0.00115
27041,Douglas County,,MN,2590,44674,47264,13,12,25,1350,1317,2667,6,0.309235,0.324147,2860.721877,0.001059,0.001206,132,0.000315,0,23,0.490476,0.008673
27043,Faribault County,,MN,939,17555,18494,3,4,7,266,316,582,7,0.255071,0.26371,19.868046,0.000029,0.000022,132,0.000103,0,23,0.333333,0.000444
27045,Fillmore County,,MN,1332,25127,26459,4,5,9,653,761,1414,6,0.308226,0.321871,3.108824,0.000095,0.000646,132,0.000118,0,23,0.75,0.000998
27047,Freeborn County,,MN,2038,38081,40119,7,11,18,684,1020,1704,6,0.309104,0.323777,5929.003334,0.00095,0.0011,132,0.00015,0,23,0.472727,0.00756
27049,Goodhue County,,MN,3530,57036,60566,10,13,23,2099,2270,4369,6,0.308844,0.323692,275.595246,0.001376,0.001286,132,0.000202,0,23,0.615385,0.010398
27051,Grant County,,MN,441,7388,7829,3,2,5,236,222,458,7,0.253921,0.26185,0.82702,0.000028,0.000017,132,0.000108,0,23,0.5,0.000408
27053,Hennepin County,,MN,101115,1422318,1523433,266,251,517,82239,89148,171387,5,0.444748,0.48934,354800.401306,0.078043,0.077051,132,0.003535,0,23,0.223813,0.595994
27055,Houston County,,MN,1228,23725,24953,4,4,8,601,620,1221,6,0.308356,0.322014,4.12559,0.000122,0.00061,132,0.000115,0,23,0.85,0.001188
27057,Hubbard County,,MN,1831,23047,24878,7,6,13,961,946,1907,6,0.308714,0.322753,65.4875,0.00075,0.000655,132,0.000195,0,23,0.666667,0.006285
27059,Isanti County,,MN,3494,44068,47562,11,12,23,2835,2691,5526,6,0.308681,0.323265,5.337465,0.001351,0.001243,132,0.000195,0,23,0.795455,0.01036
27061,Itasca County,,MN,2216,52164,54380,11,8,19,1241,884,2125,6,0.308583,0.322639,361.180413,0.001041,0.001095,132,0.000255,0,23,0.651515,0.008766
27063,Jackson County,,MN,650,13106,13756,4,4,8,319,232,551,7,0.238289,0.245721,137.210239,0.000011,0.000008,132,0.000202,0,23,0.166667,0.000403
27065,Kanabec County,,MN,1252,17763,19015,6,7,13,698,757,1455,6,0.308162,0.321985,0.533333,0.00069,0.000925,132,0.000134,0,23,0.928571,0.005668
27067,Kandiyohi County,,MN,2994,52098,55092,10,9,19,1136,1283,2419,6,0.309104,0.32372,13220.841732,0.000929,0.000929,132,0.000258,0,23,0.348485,0.007679
27069,Kittson County,,MN,220,5506,5726,0,0,0,0,0,0,0,0,0,0,0,0,50,0.00005,45,82,0,0
27071,Koochiching County,,MN,697,15042,15739,2,2,4,109,117,226,7,0.259752,0.268411,0,0.000041,0.000048,132,0.000083,0,23,1,0.00059
27073,Lac qui Parle County,,MN,515,8774,9289,1,1,2,70,60,130,8,0.191191,0.194753,0,0,0,132,0.000107,0,23,0,0.000087
27075,Lake County,,MN,822,12770,13592,2,2,4,309,358,667,6,0.308,0.321132,0,0.000589,0.000604,132,0.00008,0,23,1,0.004814
27077,Lake of the Woods County,,MN,299,4732,5031,1,1,2,49,55,104,8,0.212196,0.217053,0,0,0.000001,132,0.000114,0,23,0,0.00009
27079,Le Sueur County,,MN,2359,33780,36139,11,9,20,1812,1523,3335,6,0.308518,0.322668,5.540161,0.001217,0.00085,132,0.000216,0,23,0.736364,0.009644
27081,Lincoln County,,MN,388,6855,7243,2,2,4,107,144,251,7,0.238969,0.246267,3.404762,0.000014,0.000019,132,0.000108,0,23,0.5,0.000328
27083,Lyon County,,MN,2167,30042,32209,9,11,20,664,860,1524,6,0.310414,0.325529,13623.557557,0.000974,0.000988,132,0.000359,0,23,0.234848,0.008069
27085,McLeod County,,MN,2663,44854,47517,11,11,22,1513,1638,3151,6,0.308876,0.323436,130.068329,0.001326,0.000942,132,0.000208,0,23,0.666667,0.010288
27087,Mahnomen County,,MN,412,5686,6098,2,1,3,159,115,274,7,0.235948,0.242052,0.442857,0.000013,0.000005,132,0.000104,0,23,0,0.000259
27089,Marshall County,,MN,688,11624,12312,2,3,5,250,300,550,7,0.256141,0.264944,0,0.000033,0.000026,132,0.000102,0,23,1,0.000364
27091,Martin County,,MN,1407,25531,26938,6,6,12,431,453,884,6,0.308421,0.322213,4855.578509,0.000606,0.000583,132,0.000175,0,23,0.285714,0.005106
27093,Meeker County,,MN,1757,27788,29545,6,7,13,1033,1022,2055,6,0.308583,0.322497,4.685766,0.000854,0.000817,132,0.000143,0,23,0.761905,0.006796
27095,Mille Lacs County,,MN,2411,28867,31278,11,13,24,1628,1710,3338,6,0.308421,0.323094,8.457152,0.001063,0.001012,132,0.000212,0,23,0.660256,0.008773
27097,Morrison County,,MN,2121,40121,42242,11,10,21,1152,1388,2540,6,0.308226,0.32244,63.741884,0.000764,0.000723,132,0.000237,0,23,0.727273,0.006811
27099,Mower County,,MN,3129,47376,50505,9,14,23,1332,1557,2889,6,0.3093,0.32446,1992.497321,0.001185,0.001146,132,0.000185,0,23,0.385714,0.009158
27101,Murray County,,MN,598,10353,10951,2,4,6,140,259,399,7,0.272914,0.28349,7.767857,0.000012,0.000129,132,0.000097,0,23,0.75,0.000237
27103,Nicollet County,,MN,3598,36585,40183,11,10,21,2274,2457,4731,6,0.308681,0.323038,448.221997,0.001178,0.00113,132,0.000234,0,23,0.522727,0.00927
27105,Nobles County,,MN,1632,26416,28048,5,9,14,404,707,1111,6,0.310283,0.325131,8280.330004,0.000117,0.0007,132,0.000204,0,23,0.166667,0.001415
27107,Norman County,,MN,441,7834,8275,3,2,5,194,128,322,7,0.269178,0.279042,0,0.000098,0.000074,132,0.000122,0,23,1,0.000979
27109,Olmsted County,,MN,11092,184770,195862,32,37,69,5589,6253,11842,5,0.368229,0.393629,13252.755135,0.007989,0.010238,132,0.000498,0,23,0.416329,0.062982
27111,Otter Tail County,,MN,3620,69219,72839,15,16,31,2051,2164,4215,6,0.340144,0.359824,5387.059301,0.001343,0.002152,132,0.000382,0,23,0.474265,0.010894
27113,Pennington County,,MN,1168,16690,17858,5,7,12,405,597,1002,6,0.308909,0.32318,4688.295742,0.000035,0.000655,132,0.000223,0,23,0.452381,0.000655
27115,Pine County,,MN,2087,30365,32452,10,10,20,1355,1289,2644,6,0.308616,0.322924,4.527818,0.00135,0.001209,132,0.000193,0,23,0.822222,0.010313
27117,Pipestone County,,MN,615,11308,11923,4,2,6,211,122,333,7,0.272685,0.282847,3.699206,0.000122,0.000127,132,0.000161,0,23,0.583333,0.00137
27119,Polk County,,MN,2466,36206,38672,9,10,19,1161,1295,2456,6,0.309267,0.323976,6747.173299,0.000691,0.000854,132,0.000275,0,23,0.310606,0.005988
27121,Pope County,,MN,834,13560,14394,4,4,8,384,369,753,6,0.308097,0.32153,3434.877781,0.000049,0.000596,132,0.000121,0,23,0.45,0.000638
27123,Ramsey County,,MN,54174,583415,637589,116,118,234,43854,46890,90744,6,0.407397,0.441997,67297.030921,0.035967,0.041148,132,0.001606,0,23,0.329937,0.28171
27125,Red Lake County,,MN,334,4887,5221,1,2,3,81,141,222,7,0.236328,0.242825,0,0.000005,0.000005,132,0.000077,0,23,1,0.000088
27127,Redwood County,,MN,1100,19089,20189,4,3,7,324,318,642,7,0.237343,0.244384,22.557053,0.000019,0.000013,132,0.000144,0,23,0,0.00044
27129,Renville County,,MN,1158,18970,20128,5,8,13,411,570,981,6,0.308389,0.322469,4804.120947,0.000237,0.00061,132,0.000198,0,23,0.277778,0.002173
27131,Rice County,,MN,4841,70576,75417,14,11,25,2673,2912,5585,6,0.308779,0.323322,13.209381,0.001488,0.001197,132,0.000244,0,23,0.681319,0.011516
27133,Rock County,,MN,569,11561,12130,2,2,4,209,195,404,7,0.272381,0.282358,1.236111,0.000119,0.000121,132,0.000093,0,23,0.666667,0.001153
27135,Roseau County,,MN,775,19692,20467,4,3,7,191,146,337,7,0.269326,0.279469,5960.381599,0.000111,0.000065,132,0.000223,0,23,0.416667,0.001121
27137,St. Louis County,,MN,10175,222147,232322,33,30,63,5757,6131,11888,6,0.350772,0.373362,15561.960733,0.00566,0.004459,132,0.000643,0,23,0.353175,0.04506
27139,Scott County,,MN,13428,165934,179362,23,25,48,10844,9503,20347,6,0.352587,0.37533,1072.776942,0.003691,0.006798,132,0.000376,0,23,0.475862,0.029807
27141,Sherburne County,,MN,9210,103796,113006,16,20,36,7229,7066,14295,6,0.339828,0.359852,327.956645,0.002397,0.002301,132,0.000275,0,23,0.623684,0.019395
27143,Sibley County,,MN,1161,18711,19872,8,8,16,663,666,1329,6,0.308518,0.322554,9.239103,0.000669,0.000849,132,0.000181,0,23,0.655556,0.00575
27145,Stearns County,,MN,11629,170310,181939,32,30,62,7777,8599,16376,6,0.357143,0.380609,8255.57698,0.003485,0.005045,132,0.000586,0,23,0.370766,0.028879
27147,Steele County,,MN,2747,45159,47906,10,14,24,1443,1586,3029,6,0.309072,0.324118,274.704893,0.001205,0.00127,132,0.000199,0,23,0.631868,0.009458
27149,Stevens County,,MN,858,10932,11790,2,5,7,96,268,364,6,0.308259,0.3219,766.743686,0.000004,0.000579,132,0.000092,0,23,0.433333,0.000165
27151,Swift County,,MN,818,11689,12507,1,4,5,130,336,466,7,0.23629,0.243138,347.203364,0.000007,0.000007,132,0.000075,0,23,0.416667,0.000143
27153,Todd County,,MN,1805,27707,29512,8,8,16,1011,1015,2026,6,0.308291,0.322298,58.681606,0.000732,0.000643,132,0.0002,0,23,0.736111,0.006195
27155,Traverse County,,MN,264,4095,4359,0,0,0,0,0,0,0,0,0,0,0,0,51,0.00005,46,83,0,0
27157,Wabasha County,,MN,1706,27065,28771,6,6,12,1013,1114,2127,6,0.308454,0.322241,222.547771,0.000878,0.000833,132,0.000134,0,23,0.595238,0.006934
27159,Wadena County,,MN,1256,15105,16361,8,7,15,812,726,1538,7,0.269624,0.280635,15.197735,0.000616,0.000113,132,0.000226,0,23,0.611111,0.005504
27161,Waseca County,,MN,1440,22566,24006,7,7,14,721,789,1510,6,0.308291,0.322184,5.378882,0.000614,0.000617,132,0.000162,0,23,0.714286,0.005348
27163,Washington County,,MN,22862,301344,324206,37,41,78,19717,17917,37634,6,0.366113,0.391672,3891.008488,0.008509,0.014173,132,0.000562,0,23,0.378401,0.068353
27165,Watonwan County,,MN,857,13344,14201,3,5,8,260,433,693,7,0.254783,0.263442,200.55098,0.000029,0.000027,132,0.000109,0,23,0.5,0.000424
27167,Wilkin County,,MN,547,8011,8558,4,4,8,380,350,730,7,0.269326,0.279611,0.833333,0.000108,0.000084,132,0.000148,0,23,0.833333,0.001111
27169,Winona County,,MN,2964,54340,57304,13,10,23,1355,1584,2939,6,0.308974,0.323578,2112.151516,0.002072,0.001107,132,0.000243,0,23,0.467949,0.016195
27171,Wright County,,MN,10663,154153,164816,19,22,41,8745,7867,16612,6,0.340737,0.361303,508.034287,0.002428,0.002412,132,0.000325,0,23,0.516304,0.019863
27173,Yellow Medicine County,,MN,644,12592,13236,3,2,5,278,212,490,7,0.236997,0.243627,42.233044,0.000012,0.000007,132,0.000156,0,23,0.333333,0.000328
28001,Adams County,,MS,1996,31792,33788,6,9,15,756,900,1656,6,0.331748,0.349465,4983.80172,0.001172,0.001252,0,0.000182,0,23,0.288889,0.009199
28003,Alcorn County,,MS,2457,37542,39999,10,10,20,1397,1466,2863,6,0.309235,0.323862,2580.546781,0.000713,0.000593,137,0.000235,0,23,0.390909,0.005394
28005,Amite County,,MS,1014,12969,13983,5,6,11,517,582,1099,7,0.283942,0.296494,459.512402,0.000285,0.000251,0,0.000156,0,23,0.433333,0.002325
28007,Attala County,,MS,1098,19468,20566,4,6,10,409,464,873,7,0.265375,0.276065,257.1694,0.00021,0.000071,0,0.000116,0,23,0.595238,0.001418
28009,Benton County,,MS,886,8067,8953,5,5,10,642,640,1282,6,0.308356,0.321871,0.981684,0.000661,0.000546,137,0.000132,0,23,0.85,0.004625
28011,Bolivar County,,MS,2476,35953,38429,8,9,17,1194,1200,2394,6,0.311503,0.326411,23.321826,0.000863,0.000875,137,0.000171,0,23,0.572727,0.00588
28013,Calhoun County,,MS,783,15463,16246,5,4,9,471,380,851,7,0.254296,0.263036,22.856769,0.000023,0.000025,137,0.00016,0,23,0.533333,0.000602
28015,Carroll County,,MS,814,11061,11875,3,3,6,490,402,892,7,0.245558,0.253093,0.57619,0.000015,0.000011,137,0.00013,0,23,0.833333,0.000341
28017,Chickasaw County,,MS,1475,19369,20844,5,5,10,826,1025,1851,7,0.240105,0.24815,7.954833,0.00002,0.000019,137,0.000157,0,23,0.65,0.000599
28019,Choctaw County,,MS,567,8605,9172,4,3,7,311,238,549,7,0.239106,0.246614,4.045971,0.00001,0.000009,137,0.000148,0,23,0.416667,0.000419
28021,Claiborne County,,MS,723,9797,10520,3,3,6,313,378,691,7,0.277672,0.288758,0.833333,0.000163,0.000102,0,0.000105,0,23,0.833333,0.001056
28023,Clarke County,,MS,1272,17967,19239,4,5,9,676,723,1399,7,0.259959,0.270029,4.640774,0.000047,0.000034,0,0.000114,0,23,0.75,0.000523
28025,Clay County,,MS,1289,21356,22645,5,5,10,671,628,1299,7,0.250899,0.260078,36.849372,0.000047,0.00004,137,0.000136,0,23,0.8,0.00077
28027,Coahoma County,,MS,1944,27178,29122,7,8,15,676,1026,1702,6,0.309922,0.324317,2128.3235,0.000669,0.000646,137,0.000183,0,23,0.486111,0.004824
28029,Copiah County,,MS,1972,30247,32219,5,6,11,1066,1098,2164,7,0.278015,0.28981,3.984952,0.000265,0.000158,0,0.000118,0,23,0.733333,0.001741
28031,Covington County,,MS,1632,20668,22300,7,7,14,950,1026,1976,6,0.282764,0.294738,11.746414,0.000068,0.000222,0,0.000164,0,23,0.642857,0.00097
28033,DeSoto County,,MS,15407,191752,207159,38,42,80,12093,10056,22149,6,0.368461,0.394499,14186.530559,0.005828,0.009344,137,0.00067,0,23,0.227866,0.045701
28035,Forrest County,,MS,9505,73318,82823,26,32,58,5713,6382,12095,6,0.340579,0.362929,13933.40974,0.002,0.004907,0,0.000446,0,23,0.30084,0.016429
28037,Franklin County,,MS,530,8469,8999,4,3,7,241,236,477,7,0.249468,0.257308,3.782231,0.00003,0.000012,0,0.000116,0,23,0.5,0.000499
28039,George County,,MS,1378,23239,24617,5,4,9,812,797,1609,6,0.28748,0.299733,9.207942,0.000519,0.000467,0,0.000124,0,23,0.7,0.004096
28041,Greene County,,MS,887,11729,12616,6,6,12,530,650,1180,7,0.281514,0.293678,266.535609,0.000338,0.000296,0,0.000147,0,23,0.466667,0.002834
28043,Grenada County,,MS,1521,24325,25846,10,10,20,831,740,1571,6,0.308681,0.323009,6385.274625,0.00076,0.000561,137,0.000279,0,23,0.346154,0.005522
28045,Hancock County,,MS,3783,41441,45224,10,8,18,2296,2107,4403,6,0.293264,0.306621,21.505518,0.001235,0.001026,0,0.000173,0,23,0.772727,0.009914
28047,Harrison County,,MS,21673,200345,222018,75,78,153,11957,11794,23751,5,0.392867,0.424141,33812.637976,0.02603,0.030091,0,0.000941,0,23,0.394698,0.207753
28049,Hinds County,,MS,20953,266948,287901,56,75,131,12295,16120,28415,6,0.384162,0.415284,74923.345185,0.01303,0.020052,0,0.000851,0,23,0.253704,0.101685
28051,Holmes County,,MS,1302,20094,21396,5,6,11,532,751,1283,7,0.277962,0.289696,16.628345,0.000214,0.000161,0,0.000126,0,23,0.633333,0.001464
28053,Humphreys County,,MS,806,9279,10085,3,5,8,163,353,516,7,0.277778,0.289213,1.763492,0.00016,0.000121,137,0.000092,0,23,0.65,0.001061
28055,Issaquena County,,MS,82,1035,1117,0,0,0,0,0,0,0,0,0,0,0,0,52,0.00005,47,84,0,0
28057,Itawamba County,,MS,1779,23908,25687,6,6,12,1212,1146,2358,7,0.241271,0.250158,19.613503,0.000025,0.000021,137,0.000153,0,23,0.6,0.000719
28059,Jackson County,,MS,11465,149387,160852,37,35,72,7087,6515,13602,6,0.358147,0.383345,8454.914745,0.010369,0.01049,0,0.000521,0,23,0.420202,0.082396
28061,Jasper County,,MS,1413,17345,18758,5,6,11,1080,904,1984,7,0.259982,0.2702,24.923815,0.000061,0.000036,0,0.000131,0,23,0.47619,0.000737
28063,Jefferson County,,MS,559,8153,8712,4,3,7,303,281,584,7,0.277725,0.288843,3.278002,0.000172,0.000104,0,0.000119,0,23,0.75,0.0012
28065,Jefferson Davis County,,MS,957,12808,13765,7,8,15,609,678,1287,6,0.287142,0.30025,118.362643,0.0002,0.000315,0,0.000168,0,23,0.678571,0.001682
28067,Jones County,,MS,4935,73097,78032,15,14,29,2715,2968,5683,6,0.331936,0.350137,2843.906929,0.000591,0.00163,0,0.000283,0,23,0.4375,0.004866
28069,Kemper County,,MS,671,9386,10057,2,2,4,270,359,629,7,0.258309,0.267259,0,0.000035,0.000015,0,0.000083,0,23,1,0.000304
28071,Lafayette County,,MS,3926,42320,46246,17,17,34,1814,1704,3518,6,0.340262,0.360501,4380.649764,0.002533,0.002875,137,0.000343,0,23,0.380952,0.018932
28073,Lamar County,,MS,7531,56098,63629,21,22,43,4943,4875,9818,6,0.333903,0.353749,7708.17607,0.001518,0.001806,0,0.000354,0,23,0.309117,0.013075
28075,Lauderdale County,,MS,5427,82146,87573,20,28,48,1966,2421,4387,6,0.348105,0.371132,15579.970757,0.002005,0.004674,0,0.00036,0,23,0.343678,0.015517
28077,Lawrence County,,MS,923,13255,14178,8,5,13,507,441,948,7,0.255182,0.264742,6.918009,0.00025,0.000027,0,0.000165,0,23,0.611111,0.001939
28079,Leake County,,MS,1647,22750,24397,8,6,14,1019,1008,2027,7,0.277989,0.289753,282.970688,0.000265,0.000158,0,0.000189,0,23,0.535714,0.002009
28081,Lee County,,MS,6870,92714,99584,20,23,43,4474,4468,8942,6,0.315597,0.333703,12085.423685,0.000994,0.001538,137,0.000381,0,23,0.285,0.007705
28083,Leflore County,,MS,2154,32382,34536,10,10,20,926,1050,1976,6,0.325086,0.342213,6100.455334,0.00077,0.001471,137,0.000246,0,23,0.395604,0.005551
28085,Lincoln County,,MS,2161,37086,39247,8,11,19,1014,1175,2189,7,0.278305,0.291004,643.20172,0.000229,0.000179,0,0.000196,0,23,0.427273,0.001842
28087,Lowndes County,,MS,5330,62960,68290,15,20,35,1944,1914,3858,6,0.331711,0.351678,10005.193102,0.002549,0.002988,137,0.000292,0,23,0.380952,0.01974
28089,Madison County,,MS,9884,114065,123949,28,31,59,7729,6442,14171,6,0.355152,0.379158,11308.655393,0.003522,0.007428,0,0.000446,0,23,0.318318,0.027812
28091,Marion County,,MS,1733,27020,28753,8,9,17,795,993,1788,6,0.282928,0.295307,569.406697,0.000445,0.000305,0,0.000152,0,23,0.518182,0.003299
28093,Marshall County,,MS,3207,37807,41014,7,7,14,2381,2270,4651,6,0.308389,0.322156,4.863095,0.000685,0.000569,137,0.000182,0,23,0.666667,0.004966
28095,Monroe County,,MS,2371,38562,40933,10,12,22,1492,1522,3014,6,0.309267,0.32409,4434.469364,0.000773,0.000578,137,0.000222,0,23,0.423077,0.005696
28097,Montgomery County,,MS,777,11284,12061,3,3,6,257,349,606,7,0.245558,0.253093,62.113336,0.000058,0.000011,137,0.000123,0,23,0.583333,0.00052
28099,Neshoba County,,MS,1780,31008,32788,7,8,15,945,933,1878,7,0.279021,0.291186,459.684959,0.0001,0.000148,0,0.000202,0,23,0.5,0.001068
28101,Newton County,,MS,1368,23541,24909,6,6,12,820,766,1586,7,0.27042,0.281806,25.860594,0.000244,0.000128,0,0.000142,0,23,0.589286,0.001726
28103,Noxubee County,,MS,768,12509,13277,2,2,4,220,301,521,7,0.249213,0.257387,0,0.000031,0.000027,137,0.000079,0,23,1,0.000392
28105,Oktibbeha County,,MS,4591,40670,45261,16,18,34,1532,2075,3607,6,0.314007,0.331303,17392.313002,0.001207,0.001323,137,0.000349,0,23,0.355263,0.008835
28107,Panola County,,MS,2403,37831,40234,9,9,18,1415,1541,2956,6,0.308583,0.322725,2019.351047,0.00069,0.00057,137,0.000236,0,23,0.522222,0.005131
28109,Pearl River County,,MS,3728,54565,58293,14,12,26,2257,2233,4490,6,0.324618,0.341342,174.772465,0.001345,0.001881,0,0.000242,0,23,0.529167,0.011426
28111,Perry County,,MS,982,12177,13159,4,5,9,580,632,1212,7,0.254274,0.263514,2.376072,0.000062,0.000035,0,0.000114,0,23,0.6,0.000663
28113,Pike County,,MS,2758,42423,45181,12,16,28,1410,1626,3036,6,0.334781,0.354118,4269.953015,0.001067,0.002491,0,0.000223,0,23,0.438596,0.008603
28115,Pontotoc County,,MS,3281,34781,38062,11,11,22,2021,2351,4372,6,0.308876,0.323379,4354.807255,0.000771,0.000562,137,0.000254,0,23,0.423077,0.00578
28117,Prentiss County,,MS,1612,24898,26510,7,8,15,1082,1172,2254,7,0.24046,0.249219,9.263049,0.000028,0.000034,137,0.000178,0,23,0.607143,0.000846
28119,Quitman County,,MS,576,7433,8009,3,3,6,380,288,668,7,0.236806,0.243434,0.2,0.000013,0.000015,137,0.000119,0,23,0.833333,0.000362
28121,Rankin County,,MS,12254,160407,172661,37,45,82,8758,8552,17310,6,0.350395,0.376069,20662.897038,0.00456,0.008668,0,0.000597,0,23,0.296344,0.036602
28123,Scott County,,MS,2237,31599,33836,10,9,19,1393,1419,2812,7,0.278173,0.290492,115.669555,0.000402,0.000164,0,0.000207,0,23,0.515152,0.002796
28125,Sharkey County,,MS,410,4985,5395,2,3,5,126,200,326,7,0.277699,0.288814,0.477778,0.000041,0.000113,0,0.000076,0,23,0.833333,0.000309
28127,Simpson County,,MS,1852,27619,29471,11,10,21,1356,1251,2607,6,0.287199,0.300592,181.314567,0.000265,0.00034,0,0.000233,0,23,0.519231,0.002343
28129,Smith County,,MS,1091,16294,17385,6,7,13,755,714,1469,7,0.278015,0.289924,56.763236,0.00008,0.000137,0,0.000157,0,23,0.547619,0.000921
28131,Stone County,,MS,1605,17024,18629,6,6,12,776,900,1676,6,0.282737,0.294568,59.963142,0.000349,0.000302,0,0.000136,0,23,0.642857,0.002918
28133,Sunflower County,,MS,2019,26319,28338,8,9,17,1016,1179,2195,6,0.327192,0.34438,263.393282,0.000838,0.001445,137,0.000168,0,23,0.569444,0.005735
28135,Tallahatchie County,,MS,1006,13302,14308,6,8,14,524,653,1177,6,0.308616,0.322668,100.981115,0.000608,0.000559,137,0.000166,0,23,0.571429,0.004404
28137,Tate County,,MS,2395,30335,32730,6,6,12,1539,1608,3147,6,0.308356,0.321985,2.186111,0.000681,0.000564,137,0.000161,0,23,0.8,0.004848
28139,Tippah County,,MS,1624,24053,25677,8,9,17,968,1139,2107,6,0.309072,0.323464,898.345522,0.000676,0.000557,137,0.000187,0,23,0.522222,0.005011
28141,Tishomingo County,,MS,1097,19713,20810,5,6,11,550,601,1151,7,0.241331,0.2503,20.196985,0.000021,0.00002,137,0.000139,0,23,0.5,0.000587
28143,Tunica County,,MS,1513,12608,14121,7,6,13,786,967,1753,6,0.308356,0.321985,1860.751116,0.000668,0.000546,137,0.000188,0,23,0.642857,0.004827
28145,Union County,,MS,2404,30488,32892,10,10,20,1515,1737,3252,6,0.308844,0.323208,937.043647,0.000701,0.000603,137,0.000221,0,23,0.536364,0.005357
28147,Walthall County,,MS,1097,14515,15612,4,7,11,462,717,1179,7,0.255293,0.265226,9.951173,0.000035,0.000045,0,0.000105,0,23,0.5,0.000494
28149,Warren County,,MS,3555,55236,58791,8,13,21,1420,1449,2869,6,0.331786,0.350114,1802.750139,0.000854,0.002478,0,0.000181,0,23,0.423077,0.005743
28151,Washington County,,MS,3414,54809,58223,12,13,25,1195,1659,2854,6,0.338064,0.357509,3421.597255,0.001793,0.003206,137,0.00022,0,23,0.454167,0.012885
28153,Wayne County,,MS,1272,22214,23486,6,8,14,739,856,1595,6,0.282873,0.29508,70.821206,0.000086,0.000225,0,0.000157,0,23,0.402778,0.000863
28155,Webster County,,MS,666,10671,11337,3,3,6,319,260,579,7,0.239184,0.246841,13.42553,0.000014,0.000014,137,0.000132,0,23,0.333333,0.000374
28157,Wilkinson County,,MS,597,9292,9889,4,3,7,255,261,516,7,0.283475,0.295356,3.5,0.000276,0.000228,0,0.000124,0,23,0.5,0.002228
28159,Winston County,,MS,1161,19980,21141,3,4,7,326,401,727,7,0.239164,0.246927,8.267554,0.000011,0.000011,137,0.00013,0,23,0.333333,0.00034
28161,Yalobusha County,,MS,1056,13806,14862,6,6,12,608,582,1190,6,0.308454,0.322156,389.435307,0.000101,0.000522,137,0.000179,0,23,0.619048,0.001128
28163,Yazoo County,,MS,1656,25335,26991,5,6,11,712,917,1629,6,0.309889,0.324033,72.06534,0.000263,0.000644,0,0.000117,0,23,0.633333,0.001712
29001,Adair County,,MO,1871,22732,24603,7,9,16,517,624,1141,6,0.309692,0.323094,23199.687719,0.000488,0.001045,56,0.000352,0,23,0.208333,0.003829
29003,Andrew County,,MO,1727,20391,22118,4,5,9,1353,1238,2591,6,0.275324,0.285865,173.516375,0.000171,0.000149,56,0.000123,0,23,0.4,0.0015
29005,Atchison County,,MO,356,6408,6764,0,1,1,0,52,52,7,0.22963,0.234967,0,0,0.000003,56,0.00005,0,85,0,0
29007,Audrain County,,MO,1722,26981,28703,7,8,15,904,978,1882,6,0.307741,0.320358,1516.798387,0.000128,0.000593,56,0.000236,0,23,0.375,0.001305
29009,Barry County,,MO,3159,35304,38463,11,10,21,1892,2088,3980,7,0.287706,0.300566,65.76237,0.000561,0.000542,56,0.000257,0,23,0.636364,0.005645
29011,Barton County,,MO,891,13644,14535,4,6,10,345,536,881,7,0.275972,0.287722,7.479465,0.000047,0.000198,56,0.000123,0,23,0.533333,0.000695
29013,Bates County,,MO,1276,17987,19263,4,6,10,556,682,1238,6,0.3011,0.313578,15.900615,0.000799,0.000777,56,0.000111,0,23,0.566667,0.006248
29015,Benton County,,MO,1428,19218,20646,8,7,15,849,707,1556,6,0.299316,0.311678,6.700396,0.00116,0.000596,56,0.000178,0,23,0.819444,0.009131
29017,Bollinger County,,MO,807,12792,13599,4,5,9,531,545,1076,7,0.257718,0.266389,14.345506,0.000026,0.000028,56,0.000182,0,23,0.5,0.000559
29019,Boone County,,MO,13482,171624,185106,46,56,102,6577,7626,14203,6,0.379583,0.407565,61916.173376,0.009487,0.015913,56,0.000875,0,23,0.293907,0.07619
29021,Buchanan County,,MO,6715,94741,101456,18,22,40,3279,3865,7144,6,0.349893,0.371371,22987.601535,0.002967,0.004483,56,0.00042,0,23,0.375,0.02277
29023,Butler County,,MO,2860,43592,46452,12,11,23,1467,1414,2881,7,0.280061,0.293337,17282.314999,0.000717,0.000244,56,0.00046,0,23,0.282051,0.006449
29025,Caldwell County,,MO,816,9637,10453,7,7,14,574,515,1089,6,0.297825,0.309716,1444.75686,0.000554,0.000485,56,0.000186,0,23,0.535714,0.004536
29027,Callaway County,,MO,3479,47199,50678,8,10,18,2166,2062,4228,6,0.310283,0.32409,429.827106,0.001222,0.001256,56,0.000171,0,23,0.533333,0.009168
29029,Camden County,,MO,4244,45747,49991,21,16,37,2411,2186,4597,6,0.34225,0.36182,1236.740864,0.003993,0.002901,56,0.000367,0,23,0.486166,0.03189
29031,Cape Girardeau County,,MO,5488,84708,90196,24,22,46,3078,2966,6044,6,0.346787,0.367605,43309.239834,0.002751,0.00296,56,0.000618,0,23,0.218254,0.021667
29033,Carroll County,,MO,520,10713,11233,2,4,6,112,207,319,6,0.297673,0.30909,4.533568,0.000007,0.000358,56,0.000098,0,23,0.5,0.000223
29035,Carter County,,MO,387,6382,6769,2,3,5,188,164,352,8,0.218836,0.22508,0.5,0.000002,0.000005,56,0.000139,0,23,0.666667,0.000218
29037,Cass County,,MO,9274,116614,125888,17,16,33,6196,5648,11844,6,0.340539,0.359875,574.674744,0.003376,0.002382,56,0.000306,0,23,0.502924,0.027022
29039,Cedar County,,MO,1116,13606,14722,5,5,10,465,504,969,6,0.298858,0.31087,1109.092111,0.000531,0.000504,56,0.000186,0,23,0.6,0.004402
29041,Chariton County,,MO,470,8998,9468,2,2,4,136,138,274,8,0.216156,0.221412,21.425661,0.000001,0.000001,56,0.000156,0,23,0,0.000173
29043,Christian County,,MO,8688,87788,96476,21,24,45,6514,6134,12648,6,0.345478,0.366485,3379.236248,0.002186,0.003347,56,0.000444,0,23,0.326211,0.017979
29045,Clark County,,MO,310,7707,8017,1,2,3,86,100,186,7,0.218006,0.223753,5.949084,0.000001,0.000001,25,0.000082,0,23,0,0.000097
29047,Clay County,,MO,21796,267274,289070,56,48,104,17543,15761,33304,5,0.378896,0.406166,26497.390632,0.017127,0.018586,56,0.000875,0,23,0.387381,0.13492
29049,Clinton County,,MO,2314,23272,25586,10,9,19,1581,1681,3262,6,0.30144,0.314516,4886.356316,0.001003,0.00096,56,0.000235,0,23,0.477778,0.008273
29051,Cole County,,MO,5992,87940,93932,18,20,38,3392,3488,6880,6,0.348851,0.369545,2870.887435,0.002616,0.003824,56,0.000331,0,23,0.420949,0.02067
29053,Cooper County,,MO,1466,18280,19746,5,6,11,764,683,1447,7,0.275454,0.286209,6.068309,0.000134,0.000108,56,0.000162,0,23,0.6,0.001161
29055,Crawford County,,MO,1967,26015,27982,8,6,14,1154,1217,2371,6,0.307353,0.31942,229.312293,0.000596,0.000748,56,0.000196,0,23,0.5,0.005131
29057,Dade County,,MO,564,8065,8629,5,5,10,394,356,750,7,0.275765,0.28725,43.612063,0.000189,0.000184,56,0.000139,0,23,0.55,0.001958
29059,Dallas County,,MO,1397,17171,18568,6,6,12,731,842,1573,7,0.275428,0.286869,4.698918,0.000183,0.000171,56,0.000195,0,23,0.666667,0.001947
29061,Daviess County,,MO,714,9422,10136,4,4,8,226,229,455,6,0.275195,0.285563,887.506952,0.000012,0.000131,56,0.000135,0,23,0.433333,0.000429
29063,DeKalb County,,MO,1062,10172,11234,4,5,9,529,656,1185,6,0.275324,0.285893,28.821101,0.000044,0.000156,56,0.000132,0,23,0.633333,0.000608
29065,Dent County,,MO,949,15482,16431,3,4,7,300,325,625,7,0.275402,0.286641,368.663474,0.000021,0.000166,56,0.000114,0,23,0.4,0.000365
29067,Douglas County,,MO,921,12885,13806,5,7,12,440,525,965,7,0.275557,0.287239,1518.792899,0.000179,0.000197,56,0.000155,0,23,0.595238,0.001808
29069,Dunklin County,,MO,2119,30640,32759,8,10,18,996,1242,2238,7,0.26588,0.276963,212.159336,0.000032,0.000061,7,0.00029,0,23,0.444444,0.001024
29071,Franklin County,,MO,6325,121935,128260,17,17,34,4535,4273,8808,6,0.334208,0.353066,454.944411,0.00196,0.002242,56,0.000321,0,23,0.492105,0.0152
29073,Gasconade County,,MO,1063,17302,18365,5,6,11,595,527,1122,6,0.307096,0.319164,128.840309,0.00056,0.000539,56,0.000124,0,23,0.428571,0.004488
29075,Gentry County,,MO,447,7393,7840,3,3,6,185,158,343,7,0.259361,0.267919,5074.950228,0.000036,0.000024,56,0.000232,0,23,0.333333,0.000443
29077,Greene County,,MO,22540,298377,320917,79,73,152,15494,15212,30706,6,0.379632,0.410347,93649.303936,0.020342,0.020903,56,0.001311,0,23,0.275406,0.165075
29079,Grundy County,,MO,795,10983,11778,2,5,7,151,304,455,7,0.232079,0.238784,176.988492,0.000004,0.00001,56,0.000105,0,23,0.15,0.000189
29081,Harrison County,,MO,578,9456,10034,3,1,4,157,76,233,8,0.205961,0.210182,3.772905,0.000001,0,56,0.000162,0,23,0.333333,0.000249
29083,Henry County,,MO,1715,23758,25473,9,7,16,1001,880,1881,6,0.301564,0.314232,1844.618953,0.00103,0.000815,56,0.000238,0,23,0.638889,0.0083
29085,Hickory County,,MO,754,8860,9614,3,3,6,213,246,459,7,0.275272,0.286243,0,0.000156,0.000152,56,0.000113,0,23,1,0.001512
29087,Holt County,,MO,350,5542,5892,0,3,3,0,164,164,7,0.259381,0.267941,0,0,0.000026,56,0.00005,0,86,1,0
29089,Howard County,,MO,729,11045,11774,3,3,6,411,450,861,7,0.275272,0.285441,2.767857,0.000119,0.00007,56,0.00011,0,23,0.666667,0.000866
29091,Howell County,,MO,2645,41389,44034,7,11,18,879,1203,2082,6,0.286749,0.299841,11095.906038,0.000156,0.000462,56,0.000301,0,23,0.272727,0.001825
29093,Iron County,,MO,920,9777,10697,5,6,11,463,509,972,7,0.26142,0.271036,4122.278099,0.000563,0.000063,56,0.000158,0,23,0.392857,0.004682
29095,Jackson County,,MO,49893,743832,793725,136,136,272,37955,39937,77892,5,0.423166,0.457753,132980.658187,0.047989,0.051562,56,0.001844,0,23,0.361955,0.376728
29097,Jasper County,,MO,9085,123009,132094,25,27,52,6080,5670,11750,6,0.348146,0.370154,13102.150379,0.004239,0.004178,56,0.000456,0,23,0.339901,0.034873
29099,Jefferson County,,MO,14547,260499,275046,28,23,51,12067,10704,22771,6,0.353097,0.375637,9407.590052,0.006968,0.005278,56,0.000515,0,23,0.416667,0.052563
29101,Johnson County,,MO,7001,52332,59333,14,25,39,2151,3283,5434,6,0.355238,0.378043,1257.953155,0.004105,0.008339,56,0.000253,0,23,0.509231,0.032461
29103,Knox County,,MO,306,4623,4929,1,1,2,62,91,153,7,0.236481,0.242171,0,0.000008,0.000004,56,0.000084,0,23,0,0.000112
29105,Laclede County,,MO,2543,38042,40585,8,6,14,1232,1109,2341,7,0.281325,0.293558,36.946442,0.000294,0.000291,56,0.000217,0,23,0.553571,0.003176
29107,Lafayette County,,MO,2592,36966,39558,7,8,15,1540,1747,3287,6,0.301689,0.314573,18.351139,0.000605,0.000936,56,0.000168,0,23,0.625,0.004845
29109,Lawrence County,,MO,3376,40701,44077,8,8,16,2100,2164,4264,7,0.286749,0.299201,20.800574,0.000242,0.000421,56,0.000204,0,23,0.708333,0.002723
29111,Lewis County,,MO,637,10702,11339,3,2,5,261,225,486,7,0.250064,0.257646,191.074342,0.000016,0.000015,56,0.000148,0,23,0.333333,0.000371
29113,Lincoln County,,MO,3868,60893,64761,9,9,18,3174,2632,5806,6,0.308,0.320757,107.367538,0.001097,0.001045,56,0.000194,0,23,0.711111,0.008714
29115,Linn County,,MO,730,14114,14844,2,2,4,180,163,343,7,0.229678,0.235189,108.152298,0.000003,0.000003,56,0.000143,0,23,0,0.000184
29117,Livingston County,,MO,1089,15491,16580,5,6,11,352,457,809,6,0.297855,0.309659,11134.332476,0.000379,0.000474,56,0.000184,0,23,0.233333,0.003122
29119,McDonald County,,MO,2574,22985,25559,5,8,13,1175,1556,2731,6,0.299836,0.31273,11.892469,0.000259,0.00074,56,0.000138,0,23,0.732143,0.002581
29121,Macon County,,MO,1022,17790,18812,4,4,8,344,378,722,7,0.27548,0.285982,3302.236344,0.000123,0.000073,56,0.00018,0,23,0.333333,0.000942
29123,Madison County,,MO,888,12862,13750,4,4,8,415,413,828,7,0.261234,0.270467,21.180779,0.00003,0.000063,56,0.000152,0,23,0.6,0.000619
29125,Maries County,,MO,520,9078,9598,5,2,7,380,187,567,7,0.269054,0.279122,12.891921,0.000144,0.000123,56,0.000124,0,23,0.45,0.001549
29127,Marion County,,MO,2200,31826,34026,8,7,15,1014,1128,2142,6,0.308194,0.320785,7466.284567,0.000526,0.000748,56,0.000317,0,23,0.244444,0.004571
29129,Mercer County,,MO,278,3963,4241,0,0,0,0,0,0,0,0,0,0,0,0,53,0.00005,48,87,0,0
29131,Miller County,,MO,1974,25173,27147,6,7,13,1090,1103,2193,7,0.286049,0.29816,21.963092,0.000261,0.000401,56,0.000154,0,23,0.642857,0.002405
29133,Mississippi County,,MO,828,12770,13598,3,3,6,396,446,842,7,0.257582,0.265877,0,0.000025,0.00002,56,0.000139,0,23,1,0.000444
29135,Moniteau County,,MO,1180,17184,18364,7,6,13,676,690,1366,7,0.27548,0.286266,68.677612,0.000531,0.00011,56,0.000167,0,23,0.642857,0.004149
29137,Monroe County,,MO,657,9604,10261,5,4,9,378,375,753,7,0.275531,0.28597,197.477088,0.000125,0.000074,56,0.000202,0,23,0.55,0.001049
29139,Montgomery County,,MO,986,13022,14008,7,8,15,488,637,1125,7,0.282083,0.293712,30.01397,0.000333,0.000274,56,0.000172,0,23,0.517857,0.002671
29141,Morgan County,,MO,1695,20905,22600,8,7,15,851,819,1670,6,0.297794,0.309716,87.180195,0.001067,0.000535,56,0.000181,0,23,0.694444,0.008242
29143,New Madrid County,,MO,1506,17859,19365,6,7,13,886,995,1881,7,0.258082,0.267288,38.793099,0.000026,0.00003,56,0.000238,0,23,0.619048,0.000739
29145,Newton County,,MO,6192,61251,67443,14,13,27,4023,4145,8168,6,0.304131,0.319016,816.142188,0.001295,0.001237,56,0.00029,0,23,0.480952,0.011455
29147,Nodaway County,,MO,1521,21524,23045,6,7,13,338,547,885,6,0.297976,0.309943,5400.560927,0.000406,0.000562,56,0.000222,0,23,0.277778,0.003345
29149,Oregon County,,MO,735,10136,10871,2,1,3,255,209,464,7,0.222865,0.228668,0,0.000004,0.000001,56,0.000098,0,23,1,0.000188
29151,Osage County,,MO,845,15823,16668,3,5,8,261,484,745,7,0.275376,0.285925,8.405706,0.000152,0.000101,56,0.000092,0,23,0.45,0.001049
29153,Ozark County,,MO,871,6824,7695,2,6,8,225,433,658,7,0.275791,0.287495,3.821169,0.000005,0.000191,56,0.000092,0,23,0.533333,0.000195
29155,Pemiscot County,,MO,1330,17556,18886,4,5,9,491,625,1116,7,0.260862,0.270251,80.963421,0.000033,0.000036,7,0.000144,0,23,0.4,0.000627
29157,Perry County,,MO,1149,22142,23291,6,6,12,515,625,1140,6,0.307257,0.31942,524.403041,0.000552,0.000544,56,0.000191,0,23,0.47619,0.004601
29159,Pettis County,,MO,3313,46742,50055,15,13,28,1561,1737,3298,6,0.340777,0.359818,1022.222161,0.001635,0.001972,56,0.000313,0,23,0.429167,0.013157
29161,Phelps County,,MO,3617,43349,46966,13,16,29,1336,1728,3064,6,0.334895,0.353777,4001.508504,0.001712,0.0026,56,0.00029,0,23,0.485294,0.013358
29163,Pike County,,MO,1018,18556,19574,6,6,12,456,513,969,7,0.276493,0.287648,2584.485347,0.000826,0.000175,56,0.000159,0,23,0.410714,0.0062
29165,Platte County,,MO,12791,105196,117987,29,22,51,9186,8502,17688,6,0.360305,0.382747,2352.045008,0.009491,0.006811,56,0.00043,0,23,0.578161,0.074972
29167,Polk County,,MO,2560,29697,32257,7,9,16,1378,1486,2864,6,0.29898,0.311564,181.881807,0.000555,0.000521,56,0.000208,0,23,0.402778,0.004687
29169,Pulaski County,,MO,10211,43677,53888,43,43,86,5059,4922,9981,6,0.361684,0.388311,13091.320961,0.015387,0.012845,56,0.000545,0,23,0.528061,0.117665
29171,Putnam County,,MO,348,5204,5552,2,2,4,85,86,171,7,0.238134,0.244452,28.742733,0.000008,0.000005,56,0.000127,0,23,0.333333,0.000192
29173,Ralls County,,MO,913,11554,12467,3,4,7,632,549,1181,7,0.235872,0.242023,3.748016,0.000011,0.000012,56,0.000136,0,23,0.583333,0.00034
29175,Randolph County,,MO,1707,25628,27335,6,5,11,755,698,1453,7,0.275454,0.286039,5809.649553,0.000121,0.000071,56,0.000267,0,23,0.333333,0.001101
29177,Ray County,,MO,2038,26070,28108,7,7,14,1276,1346,2622,6,0.297704,0.309516,1793.767159,0.000576,0.000554,56,0.000177,0,23,0.547619,0.004914
29179,Reynolds County,,MO,387,6382,6769,1,2,3,56,105,161,7,0.236557,0.24274,3.283333,0,0.000009,56,0.000073,0,23,0.333333,0.000114
29181,Ripley County,,MO,828,13550,14378,2,2,4,327,342,669,8,0.21882,0.224909,0,0.000002,0.000005,56,0.000125,0,23,1,0.000218
29183,St. Charles County,,MO,24531,454499,479030,64,61,125,22129,17383,39512,6,0.381064,0.410063,22890.157818,0.02241,0.025836,56,0.000925,0,23,0.425,0.178627
29185,St. Clair County,,MO,633,9042,9675,5,2,7,333,184,517,7,0.232521,0.238545,1.5,0.000391,0.000011,56,0.000158,0,23,0.55,0.003262
29186,Ste. Genevieve County,,MO,1271,21026,22297,5,4,9,856,756,1612,6,0.306903,0.318623,0.5,0.000584,0.000568,56,0.000155,0,23,0.9,0.004853
29187,St. Francois County,,MO,4279,63953,68232,13,11,24,2636,2564,5200,6,0.308356,0.321485,3748.533272,0.001192,0.001054,56,0.000324,0,23,0.423077,0.009845
29189,St. Louis County,,MO,75165,1203720,1278885,189,194,383,61316,63631,124947,5,0.442398,0.480353,160856.401206,0.069955,0.071046,56,0.00227,0,23,0.330864,0.533436
29195,Saline County,,MO,1459,24617,26076,7,6,13,559,590,1149,6,0.298523,0.310427,148.857556,0.000572,0.000433,56,0.000166,0,23,0.464286,0.004213
29197,Schuyler County,,MO,302,4280,4582,1,1,2,85,93,178,7,0.236481,0.242171,0,0.000008,0.000004,56,0.000084,0,23,0,0.000112
29199,Scotland County,,MO,234,5635,5869,0,0,0,0,0,0,0,0,0,0,0,0,54,0.00005,49,88,0,0
29201,Scott County,,MO,3093,43269,46362,8,7,15,1899,1766,3665,6,0.307612,0.320017,1374.019901,0.000028,0.000535,56,0.000299,0,23,0.5,0.000986
29203,Shannon County,,MO,459,8030,8489,2,1,3,175,146,321,7,0.222865,0.228668,0,0.000005,0.000001,56,0.000091,0,23,1,0.000202
29205,Shelby County,,MO,442,7526,7968,1,2,3,57,111,168,7,0.235834,0.241608,2.941667,0.000001,0.000005,56,0.000088,0,23,0,0.000089
29207,Stoddard County,,MO,2041,31707,33748,8,7,15,1090,1112,2202,7,0.258036,0.267202,2281.55136,0.000541,0.000026,56,0.00032,0,23,0.5,0.0047
29209,Stone County,,MO,3271,32332,35603,7,6,13,1599,1827,3426,7,0.275454,0.286926,46.877517,0.000611,0.000203,56,0.000186,0,23,0.642857,0.005288
29211,Sullivan County,,MO,637,7469,8106,2,2,4,107,110,217,7,0.236653,0.242535,16.397906,0.000008,0.000004,56,0.000101,0,23,0.333333,0.000192
29213,Taney County,,MO,5543,53897,59440,16,14,30,2220,2183,4403,6,0.343937,0.364022,2953.220125,0.004214,0.002903,56,0.000294,0,23,0.452381,0.033549
29215,Texas County,,MO,1775,24076,25851,6,8,14,721,802,1523,7,0.281541,0.294213,2302.153684,0.000268,0.000275,56,0.000168,0,23,0.392857,0.002685
29217,Vernon County,,MO,1287,21196,22483,7,7,14,669,512,1181,6,0.299285,0.31178,269.682726,0.000567,0.000537,56,0.000182,0,23,0.357143,0.004839
29219,Warren County,,MO,2969,36725,39694,8,7,15,2359,2091,4450,6,0.30787,0.320301,43.222587,0.00113,0.000988,56,0.000168,0,23,0.857143,0.008578
29221,Washington County,,MO,1536,23307,24843,5,6,11,1009,1042,2051,6,0.306999,0.319022,2.828094,0.00058,0.000587,56,0.000148,0,23,0.766667,0.004805
29223,Wayne County,,MO,867,11675,12542,4,2,6,405,329,734,8,0.218853,0.225023,11.392795,0.000002,0.000009,56,0.000186,0,23,0.333333,0.000452
29225,Webster County,,MO,3373,38559,41932,8,6,14,2260,2071,4331,7,0.275428,0.286869,6.139394,0.000206,0.000169,56,0.000224,0,23,0.589286,0.002371
29227,Worth County,,MO,104,2370,2474,0,0,0,0,0,0,0,0,0,0,0,0,55,0.00005,50,89,0,0
29229,Wright County,,MO,1469,17998,19467,7,6,13,770,898,1668,7,0.27548,0.286983,10.064248,0.000162,0.00017,56,0.000201,0,23,0.553571,0.001889
29510,St. Louis city,,MO,40096,300024,340120,69,70,139,29076,34232,63308,5,0.404082,0.432975,12963.289154,0.031596,0.034896,56,0.000822,0,23,0.620335,0.242352
30001,Beaverhead County,,MT,860,10238,11098,5,2,7,239,137,376,7,0.260121,0.269184,0,0.000176,0.000086,165,0.000154,0,23,0.7,0.001946
30003,Big Horn County,,MT,854,12615,13469,2,2,4,354,339,693,7,0.266146,0.276568,2.552552,0.000097,0.000114,165,0.000091,0,23,0.666667,0.001022
30005,Blaine County,,MT,498,6963,7461,2,3,5,141,192,333,7,0.264823,0.275896,0,0.000098,0.000155,165,0.000096,0,23,1,0.001042
30007,Broadwater County,,MT,442,5997,6439,2,3,5,141,274,415,7,0.265495,0.276414,0,0.000086,0.000221,165,0.000097,0,23,1,0.001169
30009,Carbon County,,MT,980,11261,12241,3,1,4,460,373,833,7,0.263631,0.273883,0,0.000161,0.0001,165,0.000121,0,23,0.666667,0.001782
30011,Carter County,,MT,51,1403,1454,0,0,0,0,0,0,0,0,0,0,0,0,57,0.00005,51,90,0,0
30013,Cascade County,,MT,7498,95110,102608,25,33,58,2417,3165,5582,6,0.352587,0.377156,29896.165182,0.007246,0.009554,165,0.000584,0,23,0.401652,0.059649
30015,Chouteau County,,MT,379,5516,5895,1,1,2,72,82,154,7,0.260699,0.269901,0,0.000069,0.000052,165,0.000065,0,23,0,0.000513
30017,Custer County,,MT,912,13494,14406,2,2,4,188,181,369,7,0.263703,0.274167,1.166667,0.000097,0.000139,165,0.000091,0,23,0.666667,0.001022
30019,Daniels County,,MT,68,2306,2374,0,0,0,0,0,0,0,0,0,0,0,0,58,0.00005,52,91,0,0
30021,Dawson County,,MT,836,10367,11203,2,1,3,136,91,227,7,0.263631,0.273883,0,0.000098,0.0001,165,0.000097,0,23,1,0.001036
30023,Deer Lodge County,,MT,692,9589,10281,3,3,6,275,248,523,7,0.262263,0.272068,0.733333,0.000099,0.000074,165,0.000126,0,23,0.833333,0.000887
30025,Fallon County,,MT,290,3671,3961,0,1,1,0,41,41,7,0.263674,0.27396,0,0,0.0001,165,0.00005,0,92,0,0
30027,Fergus County,,MT,942,13662,14604,4,4,8,222,358,580,7,0.264895,0.276181,2980.305589,0.000229,0.000234,165,0.00014,0,23,0.65,0.002289
30029,Flathead County,,MT,6021,109385,115406,35,26,61,3608,2628,6236,6,0.348146,0.370757,10807.992703,0.011272,0.007178,165,0.000642,0,23,0.470721,0.092026
30031,Gallatin County,,MT,8827,106143,114970,37,31,68,3965,3498,7463,6,0.351445,0.375097,23131.66126,0.011308,0.00884,165,0.000722,0,23,0.413068,0.09472
30033,Garfield County,,MT,64,1434,1498,0,0,0,0,0,0,0,0,0,0,0,0,59,0.00005,53,93,0,0
30035,Glacier County,,MT,794,13762,14556,5,5,10,391,369,760,7,0.264083,0.27485,5902.028028,0.000209,0.000204,165,0.000201,0,23,0.433333,0.00207
30037,Golden Valley County,,MT,54,1140,1194,1,0,1,54,0,54,0,0,0,0,0.000096,0,165,0.000071,0,17,0,0.000939
30039,Granite County,,MT,253,3116,3369,1,0,1,66,0,66,0,0,0,0,0.000087,0,165,0.000066,0,18,0,0.000658
30041,Hill County,,MT,1342,19260,20602,5,5,10,378,456,834,7,0.266922,0.278712,11.094356,0.000305,0.000303,165,0.00015,0,23,0.75,0.002936
30043,Jefferson County,,MT,1104,13043,14147,5,3,8,699,584,1283,7,0.26019,0.269469,0,0.00028,0.000125,165,0.000166,0,23,1,0.002906
30045,Judith Basin County,,MT,151,2291,2442,1,2,3,51,82,133,7,0.260746,0.270128,0,0.000002,0.000054,165,0.00008,0,23,1,0.000097
30047,Lake County,,MT,2092,29878,31970,5,5,10,741,813,1554,7,0.262827,0.273348,29.490699,0.000306,0.000271,165,0.000157,0,23,0.696429,0.002947
30049,Lewis and Clark County,,MT,5127,76841,81968,20,14,34,2658,2335,4993,6,0.339081,0.358868,4609.683904,0.005401,0.003012,165,0.000438,0,23,0.530952,0.045168
30051,Liberty County,,MT,82,2360,2442,0,0,0,0,0,0,0,0,0,0,0,0,60,0.00005,54,94,0,0
30053,Lincoln County,,MT,1534,19842,21376,5,2,7,356,341,697,7,0.262451,0.27221,0,0.001167,0.00015,165,0.000128,0,23,1,0.010346
30055,McCone County,,MT,94,2005,2099,0,0,0,0,0,0,0,0,0,0,0,0,61,0.00005,55,95,0,0
30057,Madison County,,MT,694,8529,9223,1,3,4,140,222,362,7,0.260144,0.269355,0,0.000064,0.000088,165,0.00007,0,23,1,0.000759
30059,Meagher County,,MT,120,2147,2267,0,0,0,0,0,0,0,0,0,0,0,0,62,0.00005,56,96,0,0
30061,Mineral County,,MT,410,4382,4792,1,1,2,145,139,284,7,0.262216,0.271727,0,0.000087,0.000069,165,0.000066,0,23,0,0.000658
30063,Missoula County,,MT,9841,120686,130527,34,40,74,5102,5634,10736,6,0.355367,0.381098,35855.694818,0.009491,0.012095,165,0.000718,0,23,0.395877,0.079668
30065,Musselshell County,,MT,431,4728,5159,1,1,2,188,173,361,7,0.263631,0.273883,0,0.000096,0.0001,165,0.000071,0,23,0,0.000939
30067,Park County,,MT,1503,18513,20016,2,4,6,375,535,910,7,0.265977,0.277353,2964,0.00016,0.00025,165,0.000091,0,23,0.583333,0.001698
30069,Petroleum County,,MT,-2,473,471,0,0,0,0,0,0,0,0,0,0,0,0,63,0.00005,57,97,0,0
30071,Phillips County,,MT,248,4996,5244,0,0,0,0,0,0,0,0,0,0,0,0,64,0.00005,58,98,0,0
30073,Pondera County,,MT,455,7336,7791,1,2,3,57,110,167,7,0.260746,0.270128,0,0.000069,0.000054,165,0.000065,0,23,1,0.000513
30075,Powder River County,,MT,85,1907,1992,0,0,0,0,0,0,0,0,0,0,0,0,65,0.00005,59,99,0,0
30077,Powell County,,MT,635,6319,6954,3,4,7,156,246,402,7,0.26231,0.272296,1.209524,0.00011,0.000113,165,0.000128,0,23,0.833333,0.001154
30079,Prairie County,,MT,87,1388,1475,0,0,0,0,0,0,0,0,0,0,0,0,66,0.00005,60,100,0,0
30081,Ravalli County,,MT,3277,46015,49292,11,11,22,1382,1414,2796,6,0.338611,0.357816,514.58952,0.003958,0.001894,165,0.000203,0,23,0.683824,0.031938
30083,Richland County,,MT,1436,12901,14337,4,5,9,286,343,629,7,0.266267,0.277762,12.970161,0.000171,0.000314,165,0.000154,0,23,0.533333,0.002289
30085,Roosevelt County,,MT,861,10956,11817,3,4,7,168,247,415,7,0.264584,0.275538,11.086579,0.000118,0.000152,165,0.000146,0,23,0.666667,0.001544
30087,Rosebud County,,MT,816,10606,11422,1,3,4,116,296,412,7,0.263679,0.274224,0,0.000096,0.000102,165,0.000071,0,23,0.666667,0.000939
30089,Sanders County,,MT,869,11684,12553,2,2,4,148,131,279,7,0.262451,0.27221,0,0.000089,0.00015,165,0.000092,0,23,1,0.000761
30091,Sheridan County,,MT,385,4698,5083,0,0,0,0,0,0,0,0,0,0,0,0,67,0.00005,61,101,0,0
30093,Silver Bow County,,MT,2414,37727,40141,13,10,23,1223,984,2207,6,0.337908,0.356735,1975.670103,0.000641,0.001513,165,0.000392,0,23,0.494505,0.006773
30095,Stillwater County,,MT,887,10578,11465,1,2,3,370,441,811,7,0.263655,0.274053,0,0.000096,0.000101,165,0.000071,0,23,1,0.000939
30097,Sweet Grass County,,MT,325,4090,4415,1,1,2,41,44,85,7,0.263655,0.27394,0,0.000002,0.0001,165,0.00007,0,23,1,0.00009
30099,Teton County,,MT,402,7507,7909,1,1,2,106,142,248,7,0.260699,0.269901,0,0.000069,0.000052,165,0.000065,0,23,0,0.000513
30101,Toole County,,MT,559,5405,5964,1,1,2,69,119,188,8,0.208928,0.214075,0,0.000001,0.000002,165,0.000084,0,23,0,0.000097
30103,Treasure County,,MT,62,919,981,0,0,0,0,0,0,0,0,0,0,0,0,68,0.00005,62,102,0,0
30105,Valley County,,MT,585,8825,9410,2,2,4,86,120,206,7,0.263655,0.274053,0,0.000097,0.000101,165,0.000102,0,23,1,0.001029
30107,Wheatland County,,MT,153,2166,2319,0,0,0,0,0,0,0,0,0,0,0,0,69,0.00005,63,103,0,0
30109,Wibaux County,,MT,81,1141,1222,0,0,0,0,0,0,0,0,0,0,0,0,70,0.00005,64,104,0,0
30111,Yellowstone County,,MT,10433,180241,190674,58,57,115,6704,5869,12573,6,0.357972,0.386359,89226.533543,0.013865,0.013318,165,0.001393,0,23,0.252914,0.116381
31001,Adams County,,NE,2313,35643,37956,8,7,15,882,1064,1946,6,0.297492,0.309465,9082.237933,0.001344,0.000465,25,0.000373,0,23,0.402778,0.01005
31003,Antelope County,,NE,454,7813,8267,2,2,4,114,152,266,7,0.248684,0.255678,0.5,0.000014,0.00001,25,0.000091,0,23,0.5,0.000243
31005,Arthur County,,NE,31,558,589,0,0,0,0,0,0,0,0,0,0,0,0,71,0.00005,65,105,0,0
31007,Banner County,,NE,51,821,872,0,0,0,0,0,0,0,0,0,0,0,0,72,0.00005,66,106,0,0
31009,Blaine County,,NE,45,574,619,0,0,0,0,0,0,0,0,0,0,0,0,73,0.00005,67,107,0,0
31011,Boone County,,NE,309,6848,7157,0,1,1,0,41,41,7,0.247676,0.254339,0,0,0.000011,25,0.00005,0,108,0,0
31013,Box Butte County,,NE,786,13500,14286,0,2,2,0,139,139,7,0.276509,0.286851,0,0,0.000139,25,0.00005,0,109,1,0
31015,Boyd County,,NE,84,2391,2475,0,0,0,0,0,0,0,0,0,0,0,0,74,0.00005,68,110,0,0
31017,Brown County,,NE,164,3397,3561,0,0,0,0,0,0,0,0,0,0,0,0,75,0.00005,69,111,0,0
31019,Buffalo County,,NE,3963,53490,57453,13,11,24,1651,1691,3342,6,0.322652,0.338055,14313.779623,0.000664,0.001282,25,0.000471,0,23,0.285714,0.005827
31021,Burt County,,NE,499,8001,8500,3,3,6,210,220,430,6,0.296829,0.307816,0,0.000354,0.000318,25,0.000118,0,23,1,0.002753
31023,Butler County,,NE,599,10218,10817,5,4,9,329,297,626,6,0.297311,0.308811,20.068995,0.000501,0.000446,25,0.000176,0,23,0.7,0.004016
31025,Cass County,,NE,2280,30938,33218,5,5,10,1512,1443,2955,6,0.299591,0.31132,0.977778,0.00063,0.000561,25,0.000158,0,23,0.8,0.004934
31027,Cedar County,,NE,642,10711,11353,4,4,8,193,229,422,7,0.248832,0.256303,2976.480408,0.000018,0.000011,25,0.000171,0,23,0.5,0.000431
31029,Chase County,,NE,258,4850,5108,0,0,0,0,0,0,0,0,0,0,0,0,76,0.00005,70,112,0,0
31031,Cherry County,,NE,478,6953,7431,0,0,0,0,0,0,0,0,0,0,0,0,77,0.00005,71,113,0,0
31033,Cheyenne County,,NE,1045,11930,12975,1,4,5,49,204,253,7,0.276787,0.287606,2932,0,0.000148,9,0.000093,0,115,0.15,0.000076
31035,Clay County,,NE,493,7664,8157,3,1,4,221,167,388,7,0.2293,0.234592,0,0.000174,0.00001,25,0.000143,0,23,1,0.001617
31037,Colfax County,,NE,1243,13030,14273,4,5,9,508,707,1215,6,0.297341,0.308982,1.68254,0.00039,0.000459,25,0.000149,0,23,0.8,0.003089
31039,Cuming County,,NE,639,11522,12161,4,4,8,220,206,426,6,0.297462,0.309067,136.977763,0.00036,0.000454,25,0.000153,0,23,0.55,0.00289
31041,Custer County,,NE,713,13335,14048,4,3,7,202,174,376,7,0.276702,0.28717,0,0.000162,0.00014,25,0.000157,0,23,1,0.001565
31043,Dakota County,,NE,2146,25349,27495,5,7,12,1144,1259,2403,6,0.325556,0.341735,6223.569242,0.000515,0.001238,25,0.00018,0,23,0.380952,0.004024
31045,Dawes County,,NE,781,8788,9569,1,3,4,50,135,185,7,0.280532,0.291849,2931,0,0.000227,132,0.000093,0,116,0.25,0.000076
31047,Dawson County,,NE,2200,29347,31547,10,11,21,792,1012,1804,6,0.312867,0.328675,14993.531611,0.000693,0.001096,25,0.000401,0,23,0.272727,0.005693
31049,Deuel County,,NE,226,2134,2360,0,1,1,0,49,49,8,0.216842,0.221957,0,0,0,9,0.00005,0,117,0,0
31051,Dixon County,,NE,481,7088,7569,2,2,4,161,162,323,7,0.245826,0.252774,4.988095,0.000011,0.000004,25,0.000107,0,23,0,0.000193
31053,Dodge County,,NE,3112,43578,46690,11,9,20,1592,1685,3277,6,0.299775,0.312116,291.718165,0.001475,0.000579,25,0.000323,0,23,0.454545,0.012194
31055,Douglas County,,NE,38882,628262,667144,125,130,255,27089,28275,55364,5,0.421947,0.455876,168302.182439,0.042034,0.047816,25,0.002091,0,23,0.353026,0.333689
31057,Dundy County,,NE,133,2220,2353,0,0,0,0,0,0,0,0,0,0,0,0,78,0.00005,72,118,0,0
31059,Fillmore County,,NE,351,7149,7500,2,2,4,92,99,191,7,0.276103,0.286266,0,0.00014,0.000134,25,0.000114,0,23,1,0.001295
31061,Franklin County,,NE,187,3771,3958,0,0,0,0,0,0,0,0,0,0,0,0,79,0.00005,73,119,0,0
31063,Frontier County,,NE,198,2924,3122,2,1,3,91,45,136,7,0.238328,0.24493,0,0.000013,0.000005,25,0.000097,0,23,1,0.000245
31065,Furnas County,,NE,414,5748,6162,1,2,3,43,96,139,8,0.216713,0.222003,2,0.000001,0,25,0.000075,0,120,0,0.00008
31067,Gage County,,NE,1472,25588,27060,3,3,6,592,615,1207,7,0.276129,0.286437,0.5,0.000143,0.000135,25,0.000173,0,23,0.833333,0.001386
31069,Garden County,,NE,164,2171,2335,0,0,0,0,0,0,0,0,0,0,0,0,80,0.00005,74,121,0,0
31071,Garfield County,,NE,140,2029,2169,0,0,0,0,0,0,0,0,0,0,0,0,81,0.00005,75,122,0,0
31073,Gosper County,,NE,258,2368,2626,1,1,2,90,94,184,7,0.238328,0.24493,0,0.000008,0.000005,25,0.000081,0,23,0,0.000129
31075,Grant County,,NE,35,888,923,0,0,0,0,0,0,0,0,0,0,0,0,82,0.00005,76,123,0,0
31077,Greeley County,,NE,162,2849,3011,0,1,1,0,54,54,8,0.20651,0.210533,0,0,0,25,0.00005,0,124,0,0
31079,Hall County,,NE,5015,70693,75708,16,20,36,2435,2703,5138,6,0.351614,0.3724,17137.507795,0.003273,0.004307,25,0.000556,0,23,0.266234,0.026147
31081,Hamilton County,,NE,744,11522,12266,5,3,8,513,273,786,7,0.260282,0.268593,9.955399,0.000176,0.00003,25,0.000236,0,23,0.6,0.001828
31083,Harlan County,,NE,201,3881,4082,2,0,2,92,0,92,0,0,0,0,0,0,25,0.000116,0,14,0,0.000159
31085,Hayes County,,NE,79,1129,1208,0,0,0,0,0,0,0,0,0,0,0,0,83,0.00005,77,125,0,0
31087,Hitchcock County,,NE,215,3325,3540,1,1,2,82,82,164,8,0.216681,0.221776,0,0.000001,0,25,0.000075,0,120,0,0.00008
31089,Holt County,,NE,739,12897,13636,0,5,5,0,264,264,6,0.297563,0.30936,0,0,0.000467,25,0.00005,0,126,0.65,0
31091,Hooker County,,NE,50,957,1007,0,0,0,0,0,0,0,0,0,0,0,0,84,0.00005,78,127,0,0
31093,Howard County,,NE,486,7606,8092,2,1,3,272,162,434,7,0.260167,0.268081,2930,0.000031,0.000024,25,0.000117,0,23,0,0.000353
31095,Jefferson County,,NE,486,8783,9269,3,2,5,207,194,401,7,0.276103,0.286266,0,0.000143,0.000131,25,0.000155,0,23,1,0.001386
31097,Johnson County,,NE,273,5110,5383,2,2,4,147,106,253,7,0.276103,0.286266,0,0.000143,0.000135,25,0.000109,0,23,1,0.001305
31099,Kearney County,,NE,540,7510,8050,1,1,2,225,178,403,7,0.243963,0.250266,0,0.000009,0.000005,25,0.000087,0,23,0,0.000135
31101,Keith County,,NE,783,9506,10289,2,3,5,135,179,314,7,0.276389,0.28692,2929,0.000005,0.000139,25,0.000122,0,23,0.583333,0.000194
31103,Keya Paha County,,NE,74,990,1064,0,0,0,0,0,0,0,0,0,0,0,0,85,0.00005,79,128,0,0
31105,Kimball County,,NE,343,4128,4471,1,2,3,49,100,149,7,0.267622,0.277639,8.213345,0.000001,0.000147,9,0.00007,0,114,0.5,0.000078
31107,Knox County,,NE,482,10103,10585,1,4,5,40,196,236,6,0.29716,0.308527,278.101856,0,0.000315,25,0.000087,0,23,0.75,0.000085
31109,Lancaster County,,NE,16812,334660,351472,74,65,139,10238,10074,20312,6,0.381312,0.410159,124786.118168,0.018055,0.019259,25,0.001812,0,23,0.239243,0.149106
31111,Lincoln County,,NE,2501,42271,44772,7,13,20,641,1033,1674,6,0.301131,0.314494,10431.210531,0.000535,0.000736,25,0.000238,0,23,0.274725,0.004353
31113,Logan County,,NE,81,890,971,1,0,1,46,0,46,0,0,0,0,0.000005,0,25,0.000066,0,10,0,0.000116
31115,Loup County,,NE,63,634,697,0,0,0,0,0,0,0,0,0,0,0,0,86,0.00005,80,129,0,0
31117,McPherson County,,NE,-2,580,578,0,0,0,0,0,0,0,0,0,0,0,0,87,0.00005,81,130,0,0
31119,Madison County,,NE,3016,41605,44621,14,14,28,1647,1650,3297,6,0.330924,0.348066,28405.641743,0.001354,0.001447,25,0.000527,0,23,0.235294,0.010565
31121,Merrick County,,NE,755,9003,9758,4,3,7,350,373,723,7,0.277226,0.287535,286.560785,0.000377,0.000155,25,0.000189,0,23,0.45,0.002919
31123,Morrill County,,NE,480,5354,5834,1,1,2,123,235,358,7,0.253636,0.260996,0,0.000015,0.000008,9,0.00008,0,23,0,0.000158
31125,Nance County,,NE,240,4066,4306,1,2,3,74,107,181,7,0.247696,0.25454,1,0.00001,0.000013,25,0.000082,0,23,0,0.00017
31127,Nemaha County,,NE,482,7624,8106,3,3,6,218,178,396,7,0.276129,0.286437,1.25,0.000144,0.000136,25,0.00016,0,23,0.666667,0.001392
31129,Nuckolls County,,NE,271,5390,5661,0,1,1,0,42,42,8,0.216406,0.22125,0,0,0.000001,25,0.00005,0,131,0,0
31131,Otoe County,,NE,1284,18886,20170,7,6,13,733,750,1483,6,0.299622,0.31149,118.912146,0.000621,0.000559,25,0.000248,0,23,0.404762,0.005039
31133,Pawnee County,,NE,161,3149,3310,0,0,0,0,0,0,0,0,0,0,0,0,88,0.00005,82,132,0,0
31135,Perkins County,,NE,180,3582,3762,1,1,2,40,40,80,8,0.216572,0.221576,0,0.000005,0,25,0.000066,0,23,1,0.000116
31137,Phelps County,,NE,738,11142,11880,2,3,5,150,242,392,7,0.248558,0.255877,2962,0.000017,0.00001,25,0.000118,0,23,0.333333,0.000264
31139,Pierce County,,NE,555,8799,9354,2,1,3,178,181,359,7,0.248663,0.255507,0,0.000011,0.00001,25,0.000121,0,23,1,0.000248
31141,Platte County,,NE,2694,41676,44370,12,11,23,1383,1446,2829,6,0.329103,0.345506,14719.728491,0.001479,0.001352,25,0.000405,0,23,0.318182,0.011428
31143,Polk County,,NE,412,6593,7005,1,1,2,104,90,194,7,0.247634,0.254256,0,0.00001,0.000011,25,0.000082,0,23,0,0.00017
31145,Red Willow County,,NE,794,12773,13567,2,5,7,138,261,399,7,0.276594,0.287536,5863,0,0.000139,25,0.000146,0,120,0.3,0.000156
31147,Richardson County,,NE,559,9635,10194,2,2,4,108,147,255,7,0.276103,0.286266,0,0.00014,0.000131,25,0.000119,0,23,1,0.001275
31149,Rock County,,NE,62,1644,1706,0,0,0,0,0,0,0,0,0,0,0,0,89,0.00005,83,133,0,0
31151,Saline County,,NE,1250,16706,17956,5,5,10,534,714,1248,6,0.297281,0.308868,86.059123,0.00052,0.000437,25,0.000191,0,23,0.5,0.004111
31153,Sarpy County,,NE,20561,198757,219318,50,49,99,15545,13768,29313,6,0.377967,0.404653,16694.138487,0.016422,0.017782,25,0.000837,0,23,0.399306,0.12908
31155,Saunders County,,NE,1703,24934,26637,5,4,9,1140,1045,2185,6,0.29956,0.311149,0.25,0.000621,0.000563,25,0.00016,0,23,0.9,0.004953
31157,Scotts Bluff County,,NE,2521,41738,44259,11,9,20,887,794,1681,6,0.339789,0.358311,7494.787355,0.001132,0.002044,9,0.000312,0,23,0.285714,0.010026
31159,Seward County,,NE,1311,19481,20792,4,5,9,616,704,1320,6,0.297281,0.308868,20.319689,0.000147,0.000445,25,0.000184,0,23,0.65,0.001516
31161,Sheridan County,,NE,422,6013,6435,0,1,1,0,50,50,8,0.219133,0.224443,0,0,0,132,0.00005,0,134,0,0
31163,Sherman County,,NE,185,3573,3758,0,1,1,0,61,61,7,0.244006,0.250351,0,0,0.000005,25,0.00005,0,135,0,0
31165,Sioux County,,NE,107,1392,1499,0,0,0,0,0,0,0,0,0,0,0,0,90,0.00005,84,136,0,0
31167,Stanton County,,NE,782,7067,7849,1,1,2,359,366,725,7,0.248663,0.255507,0,0.00001,0.00001,25,0.000082,0,23,0,0.000167
31169,Thayer County,,NE,374,6267,6641,2,1,3,93,56,149,7,0.276077,0.286095,2930,0.000139,0.00013,25,0.000117,0,23,0,0.001261
31171,Thomas County,,NE,60,829,889,0,0,0,0,0,0,0,0,0,0,0,0,91,0.00005,85,137,0,0
31173,Thurston County,,NE,504,7007,7511,2,3,5,106,272,378,7,0.264226,0.273069,5.060714,0.000039,0.000019,25,0.000093,0,23,0.333333,0.000321
31175,Valley County,,NE,290,5008,5298,0,0,0,0,0,0,0,0,0,0,0,0,92,0.00005,86,138,0,0
31177,Washington County,,NE,1679,24375,26054,6,7,13,1167,1089,2256,6,0.299806,0.311889,18.739263,0.000495,0.000576,25,0.00019,0,23,0.642857,0.004011
31179,Wayne County,,NE,747,9362,10109,3,4,7,250,271,521,6,0.29713,0.30847,846.198128,0.000011,0.000314,25,0.000164,0,23,0.333333,0.000333
31181,Webster County,,NE,267,4168,4435,1,1,2,95,83,178,7,0.2293,0.234592,0,0.000003,0.00001,25,0.000096,0,23,0,0.000155
31183,Wheeler County,,NE,51,966,1017,0,0,0,0,0,0,0,0,0,0,0,0,93,0.00005,87,139,0,0
31185,York County,,NE,1203,16518,17721,5,5,10,367,489,856,7,0.277278,0.287876,104.501208,0.000489,0.000157,25,0.000234,0,23,0.466667,0.003927
32001,Churchill County,,NV,3125,25905,29030,8,7,15,1003,1221,2224,6,0.335701,0.353259,153.765792,0.002805,0.002725,9,0.000148,0,23,0.544444,0.021444
32003,Clark County,,NV,122792,2271621,2394413,454,435,889,121226,103525,224751,5,0.479306,0.536542,261924.073711,0.118812,0.114189,9,0.00493,0,23,0.144031,0.90541
32005,Douglas County,,NV,5000,57681,62681,21,14,35,3543,2806,6349,6,0.339553,0.358322,4.936789,0.009486,0.006789,9,0.000244,0,23,0.852381,0.074248
32007,Elko County,,NV,4762,59400,64162,26,17,43,2867,2134,5001,6,0.33975,0.35992,6652.165971,0.006938,0.003685,9,0.000472,0,23,0.493386,0.056847
32009,Esmeralda County,,NV,41,891,932,0,0,0,0,0,0,0,0,0,0,0,0,94,0.00005,88,140,0,0
32011,Eureka County,,NV,200,1936,2136,1,1,2,55,66,121,7,0.253614,0.261503,0,0.000027,0.00005,9,0.000074,0,23,0,0.000493
32013,Humboldt County,,NV,1966,20194,22160,10,6,16,883,826,1709,6,0.324654,0.340768,543.4755,0.002855,0.001243,9,0.000223,0,23,0.622222,0.023457
32015,Lander County,,NV,672,6700,7372,3,3,6,221,227,448,7,0.279954,0.292313,0,0.000358,0.000347,9,0.000116,0,23,1,0.003065
32017,Lincoln County,,NV,489,4737,5226,1,2,3,143,139,282,6,0.324259,0.339716,0,0.000825,0.000976,9,0.00006,0,23,1,0.006665
32019,Lyon County,,NV,6139,54132,60271,23,14,37,4325,3741,8066,6,0.343534,0.363134,4290.339803,0.007451,0.004685,9,0.000367,0,23,0.549407,0.059323
32021,Mineral County,,NV,462,4676,5138,1,3,4,42,175,217,7,0.280195,0.292495,0,0.000034,0.00035,9,0.000073,0,23,1,0.000504
32023,Nye County,,NV,4450,41669,46119,12,11,23,2436,2097,4533,6,0.343333,0.362509,24.315069,0.006747,0.005159,9,0.000168,0,23,0.738095,0.052167
32027,Pershing County,,NV,549,5134,5683,2,3,5,197,239,436,7,0.279847,0.292114,0,0.000332,0.000351,9,0.000092,0,23,1,0.002572
32029,Storey County,,NV,458,3886,4344,3,2,5,361,307,668,7,0.27982,0.291943,0,0.00041,0.00033,9,0.000094,0,23,1,0.003316
32031,Washoe County,,NV,28909,492848,521757,117,118,235,23136,21353,44489,6,0.388388,0.424477,30404.928424,0.03826,0.044687,9,0.001444,0,23,0.423747,0.314763
32033,White Pine County,,NV,971,10057,11028,2,3,5,239,304,543,6,0.32451,0.340199,0,0.000851,0.001184,9,0.000084,0,23,1,0.007158
32510,Carson City,,NV,6409,59630,66039,15,15,30,3937,3916,7853,6,0.348644,0.368737,399.825355,0.007613,0.007455,9,0.000196,0,23,0.769006,0.058809
33001,Belknap County,,NH,5534,75016,80550,14,11,25,3949,3390,7339,6,0.30787,0.324152,69.054346,0.003609,0.002825,95,0.000182,0,23,0.85,0.026373
33003,Carroll County,,NH,3958,58211,62169,21,13,34,2678,1982,4660,6,0.301471,0.317247,178.061066,0.005289,0.002457,95,0.000251,0,23,0.638095,0.037854
33005,Cheshire County,,NH,5359,88522,93881,19,17,36,2590,2678,5268,6,0.302936,0.319596,57.234289,0.004848,0.003465,95,0.000216,0,23,0.680952,0.033941
33007,Coos County,,NH,1995,36047,38042,8,11,19,862,947,1809,6,0.28301,0.296223,734.738108,0.000707,0.000959,95,0.000154,0,23,0.572727,0.005765
33009,Grafton County,,NH,8037,99406,107443,32,29,61,4648,4769,9417,6,0.339238,0.361542,5504.01484,0.009425,0.007557,95,0.000393,0,23,0.55192,0.067826
33011,Hillsborough County,,NH,28717,491221,519938,84,87,171,22330,22246,44576,6,0.383407,0.415717,7254.670606,0.037177,0.041903,95,0.000789,0,23,0.577815,0.279567
33013,Merrimack County,,NH,11839,173841,185680,26,28,54,8746,8275,17021,6,0.354593,0.377503,1149.386681,0.008446,0.010201,95,0.00029,0,23,0.643698,0.061261
33015,Rockingham County,,NH,23820,381081,404901,55,61,116,21019,18712,39731,5,0.37178,0.400341,3645.617537,0.024927,0.028188,95,0.000544,0,23,0.672636,0.187458
33017,Strafford County,,NH,9795,138493,148288,27,19,46,7374,6438,13812,6,0.335624,0.354556,489.965549,0.00953,0.004637,95,0.00029,0,23,0.667488,0.068701
33019,Sullivan County,,NH,3218,49824,53042,9,9,18,1878,1679,3557,6,0.284052,0.297901,57.138322,0.001714,0.001025,95,0.000136,0,23,0.688889,0.012672
34001,Atlantic County,,NJ,16028,338694,354722,39,64,103,9619,11647,21266,5,0.37037,0.398976,337.955402,0.018222,0.031742,118,0.000305,0,23,0.796246,0.123965
34003,Bergen County,,NJ,59573,1122311,1181884,105,146,251,52904,52666,105570,5,0.400656,0.439767,2081.868014,0.052349,0.065542,99,0.000835,0,23,0.585448,0.378723
34005,Burlington County,,NJ,32682,545300,577982,95,120,215,24934,25140,50074,5,0.391502,0.428271,1961.851042,0.04607,0.055706,118,0.000772,0,23,0.595882,0.332561
34007,Camden County,,NJ,34749,602296,637045,63,97,160,24649,29346,53995,5,0.380767,0.414107,836.406303,0.032245,0.046583,118,0.000505,0,23,0.721616,0.229786
34009,Cape May County,,NJ,7048,115342,122390,22,21,43,4648,4197,8845,6,0.32315,0.34116,23.710597,0.008376,0.007,118,0.000179,0,23,0.763077,0.052365
34011,Cumberland County,,NJ,7591,179267,186858,16,19,35,4349,4785,9134,6,0.328402,0.347503,44.766938,0.005991,0.00733,118,0.000158,0,23,0.730072,0.04014
34013,Essex County,,NJ,55371,869473,924844,97,139,236,43327,49119,92446,5,0.397396,0.435813,2519.384669,0.047379,0.062327,99,0.000765,0,23,0.592928,0.339703
34015,Gloucester County,,NJ,17384,346758,364142,28,43,71,14204,13348,27552,6,0.357099,0.382201,239.154492,0.012588,0.020824,118,0.000227,0,23,0.820202,0.084202
34017,Hudson County,,NJ,69869,710208,780077,121,141,262,50023,62798,112821,5,0.407794,0.445825,2676.855219,0.057624,0.06417,99,0.000973,0,23,0.592442,0.417364
34019,Hunterdon County,,NJ,9187,159317,168504,25,29,54,6617,5883,12500,6,0.353395,0.377275,13.375798,0.009669,0.012403,99,0.000183,0,23,0.90625,0.058704
34021,Mercer County,,NJ,26128,418528,444656,67,89,156,18135,20563,38698,5,0.382706,0.41533,436.61254,0.034758,0.044954,99,0.00052,0,23,0.743785,0.2467
34023,Middlesex County,,NJ,64549,987415,1051964,125,159,284,50850,57521,108371,5,0.41002,0.449755,3081.580999,0.060865,0.068942,99,0.001017,0,23,0.540618,0.443088
34025,Monmouth County,,NJ,36432,774993,811425,83,115,198,29700,30707,60407,5,0.383809,0.419454,762.033338,0.041298,0.052891,99,0.000657,0,23,0.623898,0.296987
34027,Morris County,,NJ,35487,617900,653387,91,118,209,28986,29585,58571,5,0.394985,0.431359,1383.498088,0.046006,0.05503,99,0.000744,0,23,0.615548,0.336061
34029,Ocean County,,NJ,28417,696543,724960,77,99,176,25975,22951,48926,6,0.375882,0.409386,773.381713,0.035561,0.042646,99,0.000625,0,23,0.626383,0.255825
34031,Passaic County,,NJ,33737,607450,641187,59,91,150,23882,28849,52731,6,0.378749,0.411547,619.682156,0.029014,0.042478,99,0.00045,0,23,0.722589,0.202289
34033,Salem County,,NJ,4726,78179,82905,10,11,21,2821,3048,5869,6,0.29901,0.313823,0.997192,0.002909,0.00249,118,0.000109,0,23,0.863636,0.017795
34035,Somerset County,,NJ,28365,405947,434312,64,83,147,24647,23496,48143,5,0.382257,0.414192,530.318222,0.032734,0.041154,99,0.000484,0,23,0.736721,0.227291
34037,Sussex County,,NJ,9311,181254,190565,20,27,47,6119,5989,12108,6,0.346254,0.36822,20.971944,0.007645,0.010484,99,0.000159,0,23,0.817664,0.047248
34039,Union County,,NJ,40277,647249,687526,68,96,164,33626,34809,68435,5,0.383357,0.416866,612.613482,0.035105,0.046165,99,0.000527,0,23,0.701814,0.249465
34041,Warren County,,NJ,7847,130851,138698,20,22,42,5594,5174,10768,6,0.33822,0.35847,1.22134,0.007688,0.006866,99,0.000156,0,23,0.923333,0.046638
35001,Bernalillo County,,NM,45439,733665,779104,143,165,308,30259,35191,65450,5,0.41959,0.458521,67262.472007,0.052331,0.060448,9,0.001734,0,23,0.377049,0.415648
35003,Catron County,,NM,252,3280,3532,0,0,0,0,0,0,0,0,0,0,0,0,96,0.00005,89,141,0,0
35005,Chaves County,,NM,3944,67132,71076,20,19,39,1993,1913,3906,6,0.350227,0.372446,410.314002,0.006175,0.005944,9,0.000283,0,23,0.668831,0.049742
35006,Cibola County,,NM,1718,23315,25033,4,6,10,875,1011,1886,6,0.336241,0.353919,0.2,0.000561,0.00151,9,0.00009,0,23,0.966667,0.004031
35007,Colfax County,,NM,1072,13388,14460,1,1,2,66,139,205,6,0.295601,0.307713,0,0.000437,0.000378,9,0.000059,0,23,0,0.00302
35009,Curry County,,NM,6406,52880,59286,22,29,51,2403,3012,5415,6,0.355108,0.378976,6495.238311,0.008592,0.010223,9,0.000316,0,23,0.521505,0.067584
35011,De Baca County,,NM,161,2040,2201,0,0,0,0,0,0,0,0,0,0,0,0,97,0.00005,90,142,0,0
35013,Dona Ana County,,NM,16516,224290,240806,39,52,91,8948,11180,20128,6,0.361997,0.390063,3410.592026,0.016255,0.021263,9,0.000501,0,23,0.538047,0.13071
35015,Eddy County,,NM,3558,60190,63748,14,15,29,1943,1615,3558,6,0.341213,0.361627,65.048016,0.004042,0.003946,9,0.000215,0,23,0.69281,0.032242
35017,Grant County,,NM,1989,31667,33656,9,6,15,701,783,1484,6,0.337713,0.355796,51.002259,0.003551,0.002494,9,0.000144,0,23,0.625,0.027179
35019,Guadalupe County,,NM,354,4407,4761,1,2,3,45,157,202,6,0.295661,0.307941,0,0.000437,0.000383,9,0.000059,0,23,1,0.00302
35021,Harding County,,NM,-2,753,751,0,0,0,0,0,0,0,0,0,0,0,0,98,0.00005,91,143,0,0
35023,Hidalgo County,,NM,501,4764,5265,0,3,3,0,178,178,6,0.309536,0.322,0,0,0.00072,9,0.00005,0,144,1,0
35025,Lea County,,NM,4441,72814,77255,28,17,45,3003,2185,5188,6,0.350102,0.371962,2190.234782,0.008359,0.005728,9,0.000417,0,23,0.52381,0.069675
35027,Lincoln County,,NM,1985,21262,23247,7,8,15,718,715,1433,6,0.338494,0.357133,1.793697,0.001432,0.002204,9,0.000123,0,23,0.958333,0.010261
35028,Los Alamos County,,NM,2005,23222,25227,4,4,8,544,653,1197,6,0.29584,0.308385,0,0.000714,0.000619,9,0.000097,0,23,1,0.00516
35029,Luna County,,NM,1999,27437,29436,5,9,14,590,892,1482,6,0.338181,0.356792,0.962956,0.002049,0.002719,9,0.000107,0,23,0.847222,0.015553
35031,McKinley County,,NM,7832,82908,90740,8,11,19,6739,6299,13038,6,0.338376,0.357304,72.019823,0.001737,0.002656,9,0.000133,0,23,0.718182,0.013642
35033,Mora County,,NM,295,4798,5093,1,2,3,90,123,213,6,0.295661,0.307941,0,0.000004,0.000383,9,0.00008,0,23,1,0.000117
35035,Otero County,,NM,7854,64837,72691,17,30,47,2860,3752,6612,6,0.359951,0.384858,234.165722,0.007604,0.013458,9,0.000213,0,23,0.661932,0.058534
35037,Quay County,,NM,756,8846,9602,2,3,5,144,237,381,6,0.296589,0.309562,0,0.00051,0.000518,9,0.000068,0,23,0.833333,0.003579
35039,Rio Arriba County,,NM,2393,41366,43759,7,7,14,1326,1607,2933,6,0.336279,0.35409,66.468183,0.000944,0.001619,9,0.000134,0,23,0.75,0.006828
35041,Roosevelt County,,NM,2588,19562,22150,3,7,10,607,1093,1700,6,0.337908,0.356308,0.254232,0.000553,0.001966,9,0.000081,0,23,0.857143,0.00402
35043,Sandoval County,,NM,13828,147359,161187,37,39,76,10807,9426,20233,6,0.36155,0.387838,4178.728801,0.013629,0.017742,9,0.000485,0,23,0.552296,0.11073
35045,San Juan County,,NM,12586,143104,155690,27,38,65,6725,9271,15996,6,0.351698,0.376712,1562.871573,0.008322,0.010445,9,0.000364,0,23,0.464744,0.066615
35047,San Miguel County,,NM,1865,27071,28936,5,4,9,728,968,1696,6,0.29587,0.308441,2966.070032,0.000707,0.000612,9,0.00014,0,23,0.45,0.005204
35049,Santa Fe County,,NM,11198,168543,179741,41,40,81,7015,6723,13738,6,0.363298,0.389539,4853.822802,0.018785,0.019015,9,0.000502,0,23,0.595455,0.151123
35051,Sierra County,,NM,1069,11292,12361,3,2,5,260,296,556,6,0.29584,0.308129,0,0.001125,0.000495,9,0.000075,0,23,1,0.007709
35053,Socorro County,,NM,1371,17306,18677,4,3,7,498,542,1040,6,0.29587,0.308299,0,0.000695,0.000519,9,0.000088,0,23,1,0.004856
35055,Taos County,,NM,2200,35047,37247,4,5,9,622,766,1388,6,0.305686,0.318959,0.873253,0.000714,0.001181,9,0.000097,0,23,0.85,0.00516
35057,Torrance County,,NM,1503,14128,15631,4,4,8,726,873,1599,6,0.29584,0.308385,0,0.000731,0.000636,9,0.000093,0,23,1,0.005298
35059,Union County,,NM,418,4101,4519,1,1,2,64,44,108,8,0.210187,0.215309,0,0.000001,0.000001,147,0.000084,0,23,0,0.000095
35061,Valencia County,,NM,5646,77301,82947,13,14,27,3357,3318,6675,6,0.343614,0.363345,530.590322,0.003338,0.004076,9,0.000204,0,23,0.591667,0.025728
36001,Albany County,,NY,23455,345724,369179,65,79,144,17106,18124,35230,6,0.375978,0.407309,17937.840293,0.027221,0.034993,99,0.000605,0,23,0.568832,0.194783
36003,Allegany County,,NY,2695,48983,51678,8,7,15,1287,1375,2662,6,0.293823,0.307816,2196.457975,0.001018,0.000813,99,0.000168,0,23,0.553571,0.006602
36005,Bronx County,,NY,100371,1449522,1549893,143,176,319,79388,93212,172600,5,0.411055,0.45302,6415.216972,0.063204,0.071836,99,0.001186,0,23,0.479133,0.458794
36007,Broome County,,NY,9868,219302,229170,27,45,72,4677,5273,9950,6,0.359157,0.38562,6283.017047,0.008624,0.018146,99,0.000299,0,23,0.573913,0.057983
36009,Cattaraugus County,,NY,5342,87019,92361,7,9,16,2551,2641,5192,6,0.330999,0.348385,216.687606,0.00106,0.001797,99,0.000142,0,23,0.458333,0.00683
36011,Cayuga County,,NY,4019,87868,91887,10,10,20,2284,2291,4575,6,0.30303,0.31901,58.980619,0.001098,0.001561,99,0.000175,0,23,0.481818,0.006844
36013,Chautauqua County,,NY,5585,145559,151144,9,13,22,1901,2421,4322,5,0.343413,0.363185,504.960209,0.002676,0.005589,99,0.000153,0,23,0.554945,0.019579
36015,Chemung County,,NY,5561,99052,104613,12,14,26,2314,2603,4917,6,0.311802,0.328077,1757.089966,0.002923,0.00253,99,0.000191,0,23,0.466667,0.019444
36017,Chenango County,,NY,3310,57010,60320,8,9,17,1673,1850,3523,6,0.283201,0.296894,19.136549,0.001222,0.00055,99,0.000129,0,23,0.6,0.00728
36019,Clinton County,,NY,3436,90078,93514,7,10,17,1176,1263,2439,6,0.301906,0.318208,199.866239,0.000629,0.001521,99,0.000145,0,23,0.422222,0.004143
36021,Columbia County,,NY,3724,71448,75172,13,12,25,2204,2158,4362,6,0.313738,0.329727,1.743639,0.004521,0.003142,99,0.000135,0,23,0.846154,0.028919
36023,Cortland County,,NY,2902,51233,54135,7,7,14,1384,1588,2972,6,0.282955,0.296183,18.430283,0.000621,0.000443,99,0.000131,0,23,0.595238,0.003679
36025,Delaware County,,NY,2931,48823,51754,13,11,24,1599,1571,3170,6,0.306871,0.323111,116.905392,0.003848,0.001904,99,0.000148,0,23,0.604167,0.024405
36027,Dutchess County,,NY,16424,341236,357660,41,61,102,11120,11248,22368,6,0.366158,0.395199,788.662797,0.018557,0.02874,99,0.000339,0,23,0.666813,0.128603
36029,Erie County,,NY,31333,1071565,1102898,117,147,264,20624,23118,43742,5,0.411113,0.449693,31724.210513,0.054532,0.064325,99,0.001131,0,23,0.506328,0.408594
36031,Essex County,,NY,2546,42146,44692,6,7,13,1132,1225,2357,7,0.275921,0.288974,16.497639,0.000471,0.000521,99,0.000126,0,23,0.547619,0.003214
36033,Franklin County,,NY,2400,50829,53229,5,5,10,1054,1199,2253,6,0.283338,0.296695,22.08555,0.000689,0.00045,99,0.000102,0,23,0.666667,0.003881
36035,Fulton County,,NY,3276,61797,65073,8,8,16,1842,1829,3671,6,0.283612,0.297605,5908.856241,0.001296,0.000759,99,0.000177,0,23,0.638889,0.008809
36037,Genesee County,,NY,3500,70088,73588,6,7,13,1897,2286,4183,6,0.293617,0.307474,3.083333,0.00102,0.000873,99,0.000125,0,23,0.690476,0.00661
36039,Greene County,,NY,3087,52592,55679,14,14,28,1923,1706,3629,6,0.314479,0.331007,102.099483,0.004432,0.003385,99,0.00015,0,23,0.77619,0.027925
36041,Hamilton County,,NY,391,5948,6339,1,1,2,54,49,103,7,0.220965,0.227257,0,0.000005,0.000009,99,0.000069,0,23,0,0.000145
36043,Herkimer County,,NY,3473,71422,74895,8,8,16,2021,1962,3983,6,0.28364,0.297662,17.069365,0.000761,0.000746,99,0.000142,0,23,0.652778,0.004796
36045,Jefferson County,,NY,19592,125655,145247,67,97,164,7645,10523,18168,6,0.389939,0.42368,12430.754054,0.026647,0.039393,99,0.000667,0,23,0.479033,0.199243
36047,Kings County,,NY,178363,2743348,2921711,239,287,526,136329,165402,301731,5,0.448905,0.497059,49555.890534,0.091452,0.096706,99,0.002138,0,23,0.300046,0.682452
36049,Lewis County,,NY,1711,30599,32310,3,3,6,774,810,1584,7,0.281433,0.293439,0.210145,0.000403,0.000267,99,0.000075,0,23,0.833333,0.002145
36051,Livingston County,,NY,3797,69618,73415,8,8,16,2530,2476,5006,6,0.293823,0.307929,7.879179,0.000991,0.000842,99,0.000166,0,23,0.678571,0.006653
36053,Madison County,,NY,4996,77223,82219,10,8,18,3212,2969,6181,6,0.28924,0.303572,49.338394,0.001743,0.000582,99,0.000147,0,23,0.566667,0.01052
36055,Monroe County,,NY,31889,875898,907787,124,153,277,20295,24240,44535,5,0.404976,0.444602,35876.183804,0.053378,0.065742,99,0.001175,0,23,0.477248,0.393698
36057,Montgomery County,,NY,3614,56491,60105,9,9,18,2167,2209,4376,7,0.274602,0.287244,32.915627,0.001312,0.00058,99,0.000148,0,23,0.7,0.009077
36059,Nassau County,,NY,73355,1725936,1799291,112,178,290,62869,66477,129346,5,0.405536,0.448157,3612.654301,0.055123,0.074118,99,0.000934,0,23,0.491775,0.406131
36061,New York County,,NY,208172,1752245,1960417,258,253,511,153181,192494,345675,5,0.436922,0.483453,36690.090849,0.09534,0.092246,99,0.00231,0,23,0.328988,0.708682
36063,Niagara County,,NY,10148,254108,264256,15,17,32,6206,6342,12548,6,0.349893,0.371234,1015.587159,0.007703,0.008694,99,0.000197,0,23,0.7,0.057559
36065,Oneida County,,NY,10043,261303,271346,26,35,61,4940,5622,10562,6,0.352163,0.376951,3161.944012,0.008758,0.014421,99,0.00029,0,23,0.564744,0.059385
36067,Onondaga County,,NY,22945,540385,563330,88,117,205,13342,16471,29813,5,0.392972,0.429494,31050.73891,0.037529,0.052,99,0.000872,0,23,0.517655,0.276825
36069,Ontario County,,NY,7588,128798,136386,15,10,25,5527,4606,10133,6,0.305049,0.320961,196.957668,0.002363,0.001638,99,0.000237,0,23,0.445833,0.015789
36071,Orange County,,NY,25051,443861,468912,64,115,179,16103,18421,34524,5,0.387003,0.422867,1754.014759,0.030264,0.051739,99,0.000527,0,23,0.581049,0.216341
36073,Orleans County,,NY,2705,46071,48776,4,4,8,1417,1706,3123,6,0.293528,0.306962,0,0.001008,0.000842,99,0.000088,0,23,1,0.006359
36075,Oswego County,,NY,6674,134467,141141,9,11,20,3707,3717,7424,6,0.337324,0.355995,139.779419,0.001742,0.002304,99,0.000141,0,23,0.663636,0.010369
36077,Otsego County,,NY,3805,65368,69173,14,14,28,1853,1846,3699,6,0.294532,0.311138,125.996532,0.00336,0.001491,99,0.000179,0,23,0.551471,0.020886
36079,Putnam County,,NY,6821,120353,127174,14,17,31,5306,4794,10100,6,0.324438,0.342719,0.100662,0.006972,0.007658,99,0.000128,0,23,0.94152,0.044407
36081,Queens County,,NY,153706,2603395,2757101,190,246,436,118842,143704,262546,5,0.431453,0.478402,17066.231423,0.080394,0.089774,99,0.001607,0,23,0.361799,0.592797
36083,Rensselaer County,,NY,11769,180851,192620,27,29,56,8523,8340,16863,6,0.347033,0.369846,2753.765719,0.008107,0.010117,99,0.000287,0,23,0.543561,0.054068
36085,Richmond County,,NY,23285,547178,570463,41,68,109,17603,18710,36313,6,0.369949,0.399261,250.964105,0.021693,0.031639,99,0.000326,0,23,0.77543,0.150573
36087,Rockland County,,NY,15412,384452,399864,33,52,85,10423,11295,21718,6,0.370933,0.39843,159.5889,0.015403,0.026291,99,0.00025,0,23,0.771429,0.100706
36089,St. Lawrence County,,NY,4686,113199,117885,8,10,18,1437,1568,3005,6,0.337752,0.356479,294.65518,0.001632,0.002033,99,0.000137,0,23,0.6,0.009736
36091,Saratoga County,,NY,17569,272948,290517,61,64,125,13972,12192,26164,6,0.362489,0.391985,13431.077709,0.022091,0.026553,99,0.00061,0,23,0.451852,0.160505
36093,Schenectady County,,NY,11170,180971,192141,27,24,51,7794,7387,15181,6,0.349642,0.372969,2263.175061,0.008015,0.009782,99,0.000279,0,23,0.580672,0.051703
36095,Schoharie County,,NY,1808,33963,35771,8,8,16,951,999,1950,7,0.274525,0.28696,4.635509,0.000641,0.000566,99,0.000129,0,23,0.678571,0.004499
36097,Schuyler County,,NY,1447,21317,22764,5,6,11,901,817,1718,6,0.266388,0.276433,4.690722,0.000136,0.000124,99,0.000121,0,23,0.566667,0.001258
36099,Seneca County,,NY,2372,38141,40513,8,9,17,1225,1423,2648,6,0.294472,0.308908,119.431022,0.000978,0.001171,99,0.000162,0,23,0.638889,0.006184
36101,Steuben County,,NY,5663,112150,117813,13,14,27,2784,2724,5508,6,0.307386,0.32351,954.131057,0.001598,0.00188,99,0.000232,0,23,0.380952,0.010054
36103,Suffolk County,,NY,64113,1879816,1943929,151,207,358,50313,55441,105754,5,0.414603,0.459818,12014.828935,0.066167,0.080192,99,0.00132,0,23,0.412314,0.492595
36105,Sullivan County,,NY,5271,83379,88650,17,18,35,3537,2872,6409,6,0.325266,0.343766,55.691921,0.006543,0.006985,99,0.000162,0,23,0.771053,0.041302
36107,Tioga County,,NY,3556,60242,63798,7,7,14,2270,2100,4370,6,0.283256,0.296667,50.88638,0.000251,0.000448,99,0.000142,0,23,0.5,0.001763
36109,Tompkins County,,NY,7904,93317,101221,26,30,56,3311,3890,7201,6,0.360261,0.384283,10197.524304,0.010884,0.012773,99,0.000301,0,23,0.604202,0.079341
36111,Ulster County,,NY,10865,204057,214922,28,40,68,6706,6877,13583,6,0.348685,0.372247,243.952909,0.0121,0.016988,99,0.00024,0,23,0.704873,0.080752
36113,Warren County,,NY,5411,78428,83839,10,7,17,3280,3186,6466,6,0.307676,0.323163,98.53025,0.002929,0.00123,99,0.000135,0,23,0.7,0.018142
36115,Washington County,,NY,4306,68651,72957,8,8,16,2942,2929,5871,7,0.274705,0.287273,22.859971,0.000611,0.000505,99,0.000142,0,23,0.571429,0.004136
36117,Wayne County,,NY,6221,111502,117723,10,9,19,3833,4131,7964,6,0.294443,0.308851,28.701551,0.001657,0.001106,99,0.000176,0,23,0.633333,0.010127
36119,Westchester County,,NY,59107,1158576,1217683,125,172,297,51816,52421,104237,5,0.405873,0.447673,4825.933421,0.058593,0.072123,99,0.001034,0,23,0.489455,0.429694
36121,Wyoming County,,NY,2508,45935,48443,6,7,13,1621,1711,3332,6,0.293675,0.307588,3.092857,0.000971,0.000826,99,0.00013,0,23,0.738095,0.006271
36123,Yates County,,NY,1611,28344,29955,7,6,13,880,930,1810,6,0.288585,0.302059,53.512079,0.000536,0.000434,99,0.000152,0,23,0.642857,0.003788
37001,Alamance County,,NC,9665,169728,179393,20,22,42,6427,6137,12564,6,0.337713,0.358453,368.952905,0.004896,0.00611,100,0.000312,0,23,0.593846,0.041591
37003,Alexander County,,NC,2235,39412,41647,6,7,13,1530,1496,3026,6,0.309431,0.323993,0.497932,0.000866,0.000965,100,0.000127,0,23,0.857143,0.007651
37005,Alleghany County,,NC,495,11518,12013,3,2,5,231,123,354,7,0.238677,0.245835,2.410256,0.00004,0.000023,100,0.000121,0,23,0.666667,0.000587
37007,Anson County,,NC,1376,24442,25818,5,6,11,645,878,1523,6,0.309955,0.324562,2.725778,0.000821,0.001387,100,0.000115,0,23,0.7,0.007679
37009,Ashe County,,NC,1454,28050,29504,5,4,9,445,515,960,6,0.3093,0.323424,3766.092629,0.0007,0.00077,100,0.000183,0,23,0.433333,0.006131
37011,Avery County,,NC,1122,16667,17789,6,4,10,502,376,878,7,0.240066,0.248252,1179.742189,0.000724,0.000036,100,0.000167,0,23,0.4,0.006409
37013,Beaufort County,,NC,2917,51724,54641,8,9,17,1573,1578,3151,6,0.308486,0.323652,3428.984834,0.000917,0.001156,100,0.000203,0,23,0.463636,0.007876
37015,Bertie County,,NC,1255,20060,21315,4,6,10,473,725,1198,6,0.307741,0.322372,3.739683,0.000086,0.000827,100,0.000137,0,23,0.6,0.001084
37017,Bladen County,,NC,2178,33053,35231,9,9,18,1765,1362,3127,6,0.311669,0.327531,1.99774,0.001624,0.001761,100,0.000157,0,23,0.833333,0.013908
37019,Brunswick County,,NC,8791,119901,128692,56,21,77,7652,4505,12157,6,0.318271,0.336945,329.949378,0.01734,0.005137,100,0.000594,0,23,0.423052,0.127446
37021,Buncombe County,,NC,18304,276666,294970,104,73,177,13726,11299,25025,6,0.380519,0.410825,40821.724522,0.040292,0.02942,100,0.001391,0,23,0.460924,0.32696
37023,Burke County,,NC,6457,93912,100369,16,17,33,3213,4600,7813,6,0.313302,0.330404,1313.997847,0.002234,0.00283,100,0.000299,0,23,0.535948,0.020694
37025,Cabarrus County,,NC,15516,208516,224032,50,38,88,13629,10521,24150,6,0.362893,0.388339,1573.199816,0.020274,0.01416,100,0.000565,0,23,0.549107,0.155893
37027,Caldwell County,,NC,4456,85705,90161,10,14,24,2424,2647,5071,6,0.313135,0.329778,21.12753,0.001466,0.002979,100,0.000189,0,23,0.741758,0.013672
37029,Camden County,,NC,1039,11176,12215,5,5,10,675,570,1245,6,0.297311,0.31161,16.929742,0.001222,0.000779,164,0.000109,0,23,0.766667,0.008389
37031,Carteret County,,NC,6158,75366,81524,19,17,36,3154,2698,5852,6,0.340104,0.359852,125.848534,0.004996,0.006561,100,0.00025,0,23,0.630435,0.039257
37033,Caswell County,,NC,1696,23581,25277,8,7,15,1306,1189,2495,6,0.288443,0.301775,13.116578,0.000948,0.000664,100,0.000172,0,23,0.589286,0.008592
37035,Catawba County,,NC,10908,177900,188808,22,31,53,7238,7153,14391,6,0.332162,0.353896,326.934069,0.004703,0.00892,100,0.000331,0,23,0.53125,0.041171
37037,Chatham County,,NC,5644,74362,80006,16,10,26,4318,3489,7807,6,0.314074,0.330108,5.844714,0.004674,0.002738,100,0.000226,0,23,0.775,0.038781
37039,Cherokee County,,NC,1597,26988,28585,6,5,11,417,416,833,7,0.223085,0.230035,8052.848183,0.001264,0.000044,1,0.000325,0,23,0.125,0.011504
37041,Chowan County,,NC,939,16053,16992,5,4,9,332,337,669,6,0.307805,0.322258,558.342369,0.000758,0.000827,164,0.000166,0,23,0.55,0.006625
37043,Clay County,,NC,702,10570,11272,2,2,4,253,230,483,8,0.182429,0.186276,30.102639,0.000001,0.000014,1,0.000202,0,23,0,0.000276
37045,Cleveland County,,NC,5727,103427,109154,14,14,28,3342,3589,6931,6,0.313503,0.330375,35.050403,0.002797,0.003536,100,0.000242,0,23,0.704762,0.026173
37047,Columbus County,,NC,2721,55544,58265,9,8,17,1642,1550,3192,6,0.316005,0.332093,4.637198,0.001858,0.002807,100,0.000161,0,23,0.844444,0.016513
37049,Craven County,,NC,14279,110495,124774,39,47,86,5344,6569,11913,6,0.374345,0.401678,8220.262921,0.018165,0.022478,100,0.000446,0,23,0.644042,0.139981
37051,Cumberland County,,NC,50547,329724,380271,203,198,401,31966,36475,68441,5,0.424392,0.467514,29638.307196,0.0732,0.070589,100,0.001982,0,23,0.327858,0.557199
37053,Currituck County,,NC,2310,26239,28549,7,6,13,1711,1053,2764,6,0.297764,0.312201,1.392959,0.001307,0.001111,164,0.000137,0,23,0.809524,0.009134
37055,Dare County,,NC,2977,42387,45364,10,7,17,813,803,1616,6,0.310776,0.326667,45.977336,0.00329,0.001845,164,0.000164,0,23,0.718182,0.02509
37057,Davidson County,,NC,10227,180764,190991,20,19,39,7950,7215,15165,6,0.313436,0.33083,140.116655,0.002767,0.003772,100,0.000329,0,23,0.562771,0.02608
37059,Davie County,,NC,2937,47310,50247,6,10,16,1625,1842,3467,6,0.312767,0.328697,2.929506,0.000803,0.002547,100,0.00013,0,23,0.888889,0.007405
37061,Duplin County,,NC,12996,62327,75323,12,36,48,3193,11016,14209,6,0.360084,0.38442,467.940882,0.002584,0.01119,100,0.00018,0,23,0.40873,0.020881
37063,Durham County,,NC,32511,310368,342879,129,114,243,26440,25492,51932,5,0.40137,0.43661,20123.748065,0.053684,0.048121,100,0.001332,0,23,0.46849,0.406664
37065,Edgecombe County,,NC,5129,57223,62352,9,9,18,3390,4003,7393,6,0.312267,0.328322,118.34146,0.00164,0.00183,100,0.000172,0,23,0.659091,0.015324
37067,Forsyth County,,NC,24430,401048,425478,103,88,191,17316,17649,34965,5,0.394507,0.426741,17199.554111,0.042366,0.03956,100,0.001155,0,23,0.495502,0.329644
37069,Franklin County,,NC,4732,61728,66460,9,11,20,4148,3052,7200,6,0.3128,0.328868,17.849233,0.001228,0.002464,100,0.000167,0,23,0.689394,0.010918
37071,Gaston County,,NC,13271,227394,240665,36,28,64,9657,8410,18067,6,0.329992,0.35091,581.923712,0.012045,0.00779,100,0.000483,0,23,0.597598,0.099874
37073,Gates County,,NC,803,11750,12553,4,5,9,267,333,600,6,0.297432,0.311837,15.919534,0.000411,0.000819,164,0.000095,0,23,0.633333,0.003024
37075,Graham County,,NC,424,8575,8999,1,2,3,51,122,173,8,0.216476,0.222108,3.133333,0,0.000011,1,0.000106,0,23,0,0.00016
37077,Granville County,,NC,4188,59876,64064,9,10,19,2913,2622,5535,6,0.30917,0.324642,24.025068,0.001271,0.001841,100,0.000178,0,23,0.563636,0.011377
37079,Greene County,,NC,1428,19914,21342,5,5,10,1024,1036,2060,6,0.308226,0.322742,0.295635,0.000301,0.000941,100,0.000103,0,23,0.9,0.002229
37081,Guilford County,,NC,36159,552332,588491,166,136,302,27881,28118,55999,5,0.403804,0.441542,62046.724931,0.058193,0.050893,100,0.00183,0,23,0.352187,0.446122
37083,Halifax County,,NC,3299,54781,58080,10,11,21,1650,1932,3582,6,0.308583,0.324158,2301.804945,0.001989,0.001694,100,0.000192,0,23,0.429487,0.01667
37085,Harnett County,,NC,16345,118114,134459,50,52,102,11826,10581,22407,6,0.361773,0.389443,1048.512934,0.016195,0.018347,100,0.000516,0,23,0.503072,0.12243
37087,Haywood County,,NC,3339,63579,66918,11,7,18,1581,1238,2819,6,0.3126,0.328072,433.249849,0.004597,0.001875,100,0.000248,0,23,0.568182,0.037946
37089,Henderson County,,NC,7961,123524,131485,35,18,53,5736,3931,9667,6,0.320079,0.339209,1739.550192,0.013077,0.006778,100,0.000546,0,23,0.491465,0.109323
37091,Hertford County,,NC,1354,21381,22735,6,4,10,646,544,1190,6,0.307644,0.321974,23.377619,0.000152,0.000815,100,0.000144,0,23,0.452381,0.001702
37093,Hoke County,,NC,8212,47287,55499,20,26,46,5053,4436,9489,6,0.342891,0.365984,354.695939,0.007746,0.009257,100,0.000254,0,23,0.591954,0.060493
37095,Hyde County,,NC,315,5208,5523,1,2,3,55,126,181,7,0.250085,0.259608,0,0.000008,0.00009,100,0.000069,0,23,1,0.00014
37097,Iredell County,,NC,12144,186595,198739,47,32,79,8127,6794,14921,6,0.356144,0.380762,3009.635282,0.01724,0.010392,100,0.000568,0,23,0.545249,0.134062
37099,Jackson County,,NC,2885,34507,37392,8,7,15,1240,1149,2389,6,0.3126,0.328072,407.413363,0.001595,0.001806,100,0.000256,0,23,0.464286,0.014584
37101,Johnston County,,NC,13205,193038,206243,36,33,69,11566,8875,20441,6,0.345112,0.367742,756.453535,0.011922,0.007947,100,0.000423,0,23,0.468439,0.092399
37103,Jones County,,NC,1104,10505,11609,5,3,8,772,662,1434,6,0.29716,0.310404,0.440152,0.000827,0.000572,100,0.000094,0,23,0.7,0.005093
37105,Lee County,,NC,7637,66327,73964,15,14,29,5092,5256,10348,6,0.316278,0.333231,23.889166,0.004387,0.003673,100,0.000215,0,23,0.704678,0.03653
37107,Lenoir County,,NC,4071,63616,67687,14,13,27,2405,2602,5007,6,0.31502,0.331803,274.89165,0.002893,0.00298,100,0.000219,0,23,0.7,0.023502
37109,Lincoln County,,NC,5766,85911,91677,12,11,23,4005,3866,7871,6,0.309529,0.324619,6.037426,0.001996,0.001613,100,0.000203,0,23,0.780303,0.018708
37111,McDowell County,,NC,2579,46812,49391,7,8,15,1073,1372,2445,6,0.309823,0.324556,1638.705907,0.000967,0.001154,100,0.000192,0,23,0.482143,0.009411
37113,Macon County,,NC,2181,37096,39277,8,5,13,590,419,1009,7,0.275869,0.287045,3154.05401,0.001889,0.000409,100,0.000312,0,23,0.388889,0.016143
37115,Madison County,,NC,1431,20494,21925,1,3,4,774,796,1570,7,0.275765,0.28659,0,0.000212,0.000419,100,0.000066,0,23,1,0.002376
37117,Martin County,,NC,1585,26033,27618,7,6,13,790,932,1722,6,0.307741,0.322372,291.068837,0.000773,0.00083,100,0.000177,0,23,0.595238,0.006953
37119,Mecklenburg County,,NC,84244,1089164,1173408,348,280,628,80952,73466,154418,5,0.44726,0.494716,183179.615083,0.101977,0.092373,100,0.003732,0,23,0.214248,0.767849
37121,Mitchell County,,NC,860,15646,16506,3,5,8,412,439,851,7,0.27741,0.288843,107.065372,0.000011,0.000334,100,0.000137,0,23,0.45,0.000374
37123,Montgomery County,,NC,2000,28486,30486,8,9,17,1074,1238,2312,6,0.310908,0.326069,5.715507,0.001293,0.001393,100,0.000152,0,23,0.633333,0.011761
37125,Moore County,,NC,6966,102372,109338,33,25,58,4293,3102,7395,6,0.338181,0.359636,501.732617,0.010448,0.008246,100,0.000413,0,23,0.514225,0.084197
37127,Nash County,,NC,8485,107336,115821,13,16,29,5660,5820,11480,6,0.324294,0.343163,85.942571,0.002857,0.004582,100,0.000209,0,23,0.658088,0.024453
37129,New Hanover County,,NC,19262,218490,237752,94,73,167,13827,12845,26672,5,0.380767,0.411775,4816.407611,0.035855,0.028641,100,0.000974,0,23,0.454858,0.271179
37131,Northampton County,,NC,1483,20137,21620,4,6,10,619,848,1467,6,0.307708,0.322315,235.271163,0.000683,0.000847,100,0.000126,0,23,0.7,0.005894
37133,Onslow County,,NC,39806,174768,214574,145,188,333,19266,23193,42459,5,0.422129,0.463919,16929.866093,0.058174,0.072289,100,0.001428,0,23,0.388568,0.44206
37135,Orange County,,NC,16095,138890,154985,51,42,93,10458,11228,21686,6,0.371074,0.397787,3159.253895,0.024399,0.020466,100,0.000577,0,23,0.635652,0.192272
37137,Pamlico County,,NC,968,13223,14191,1,3,4,261,435,696,7,0.273499,0.284434,0,0.000162,0.000222,100,0.000058,0,23,1,0.001058
37139,Pasquotank County,,NC,3795,41439,45234,12,14,26,1569,1732,3301,6,0.31796,0.335865,2707.381486,0.002029,0.003464,164,0.000271,0,23,0.43956,0.015651
37141,Pender County,,NC,5800,55096,60896,14,16,30,5152,3634,8786,6,0.346295,0.367486,384.494837,0.005172,0.005535,100,0.000197,0,23,0.637255,0.041062
37143,Perquimans County,,NC,1075,14300,15375,4,2,6,632,445,1077,7,0.241291,0.248781,1.290309,0.000295,0.00002,164,0.000129,0,23,0.666667,0.002335
37145,Person County,,NC,2070,42679,44749,8,7,15,1274,1178,2452,6,0.307805,0.3226,77.285894,0.001234,0.001344,100,0.000166,0,23,0.535714,0.010811
37147,Pitt County,,NC,12785,167730,180515,46,42,88,7415,7912,15327,6,0.333371,0.357975,13304.255217,0.011605,0.009413,100,0.000676,0,23,0.341719,0.089775
37149,Polk County,,NC,1330,20803,22133,5,5,10,815,718,1533,6,0.285297,0.297844,0.385191,0.000715,0.000986,100,0.000139,0,23,0.95,0.008003
37151,Randolph County,,NC,8639,159258,167897,21,17,38,5681,5759,11440,6,0.313403,0.330432,54.448319,0.004379,0.003744,100,0.000325,0,23,0.61039,0.037886
37153,Richmond County,,NC,2551,47631,50182,11,14,25,1229,1460,2689,6,0.316483,0.333572,45.948631,0.001848,0.003301,100,0.000195,0,23,0.585714,0.016587
37155,Robeson County,,NC,6598,132784,139382,19,21,40,3862,4272,8134,6,0.316723,0.334767,280.336984,0.004501,0.004332,100,0.000287,0,23,0.538961,0.038033
37157,Rockingham County,,NC,5035,100963,105998,14,12,26,3080,3079,6159,6,0.312967,0.329266,319.516499,0.002319,0.002297,100,0.000264,0,23,0.478022,0.020475
37159,Rowan County,,NC,9408,150464,159872,18,21,39,6068,6086,12154,6,0.317237,0.335592,136.428564,0.003786,0.004912,100,0.000279,0,23,0.600791,0.033478
37161,Rutherford County,,NC,2944,65567,68511,10,10,20,1339,1444,2783,6,0.310086,0.32521,35.14969,0.001199,0.001843,100,0.00022,0,23,0.654545,0.011763
37163,Sampson County,,NC,5853,76773,82626,13,19,32,6106,4178,10284,6,0.327594,0.347941,48.435142,0.002873,0.005289,100,0.000186,0,23,0.534211,0.023937
37165,Scotland County,,NC,2379,35202,37581,9,8,17,1274,1410,2684,6,0.315835,0.331809,24.89654,0.002394,0.002176,100,0.000157,0,23,0.791667,0.020249
37167,Stanly County,,NC,3017,65239,68256,8,11,19,1818,1658,3476,6,0.310184,0.325529,6.210524,0.00101,0.001988,100,0.00016,0,23,0.709091,0.009986
37169,Stokes County,,NC,2992,50104,53096,6,6,12,2136,2023,4159,6,0.290588,0.303584,1.725015,0.000726,0.000787,100,0.000138,0,23,0.866667,0.006525
37171,Surry County,,NC,4350,79332,83682,13,15,28,2080,2863,4943,6,0.313335,0.330119,17637.197276,0.002465,0.002377,100,0.000293,0,23,0.370833,0.021727
37173,Swain County,,NC,1345,18687,20032,5,4,9,592,702,1294,7,0.275791,0.286761,2902.430633,0.000242,0.000349,100,0.000226,0,23,0.5,0.003174
37175,Transylvania County,,NC,2096,33369,35465,4,6,10,709,841,1550,6,0.312767,0.328214,1.643928,0.000576,0.002309,100,0.000139,0,23,0.866667,0.006832
37177,Tyrrell County,,NC,236,4061,4297,0,1,1,0,52,52,7,0.235346,0.241605,0,0,0.000001,100,0.00005,0,145,0,0
37179,Union County,,NC,14252,238336,252588,60,38,98,13365,9172,22537,6,0.360926,0.386752,2550.295676,0.02734,0.01402,100,0.000631,0,23,0.589333,0.207003
37181,Vance County,,NC,3170,46640,49810,6,7,13,1514,2010,3524,6,0.308356,0.323305,6.243671,0.001414,0.001569,100,0.000129,0,23,0.761905,0.012152
37183,Wake County,,NC,74471,1112374,1186845,335,274,609,75384,63283,138667,5,0.443805,0.491559,182260.778496,0.100541,0.091304,100,0.003586,0,23,0.222272,0.75699
37185,Warren County,,NC,1409,18614,20023,7,7,14,868,854,1722,6,0.30787,0.322656,11.465881,0.001073,0.001165,100,0.000148,0,23,0.666667,0.009282
37187,Washington County,,NC,627,13355,13982,4,4,8,254,282,536,6,0.307676,0.322031,2930,0.000082,0.000822,100,0.000151,0,23,0.6,0.001083
37189,Watauga County,,NC,3971,41749,45720,12,16,28,1365,1713,3078,6,0.313268,0.330233,4456.205376,0.002322,0.003221,100,0.000274,0,23,0.529167,0.02048
37191,Wayne County,,NC,10532,129899,140431,34,36,70,4916,5119,10035,6,0.358322,0.382935,2717.229972,0.01197,0.013972,100,0.000404,0,23,0.483333,0.092378
37193,Wilkes County,,NC,2915,71752,74667,13,14,27,1638,1552,3190,6,0.313101,0.329693,1289.379853,0.002226,0.002426,100,0.000247,0,23,0.582418,0.019438
37195,Wilson County,,NC,5393,90648,96041,14,17,31,3104,3455,6559,6,0.318202,0.336035,265.031558,0.003347,0.004141,100,0.000217,0,23,0.660819,0.027864
37197,Yadkin County,,NC,2414,42072,44486,8,9,17,1632,1700,3332,6,0.310316,0.325501,13.339411,0.000814,0.001652,100,0.000165,0,23,0.791667,0.007667
37199,Yancey County,,NC,996,18216,19212,3,3,6,546,458,1004,7,0.275765,0.28659,309.368401,0.000223,0.000298,100,0.00011,0,23,0.833333,0.002608
38001,Adams County,,ND,148,2620,2768,0,0,0,0,0,0,0,0,0,0,0,0,101,0.00005,92,146,0,0
38003,Barnes County,,ND,816,13000,13816,2,2,4,214,286,500,7,0.269178,0.279042,0,0.000078,0.000065,132,0.000143,0,23,1,0.000769
38005,Benson County,,ND,393,7162,7555,1,1,2,125,125,250,8,0.212473,0.217474,0,0.000001,0.000001,132,0.000087,0,23,0,0.000088
38007,Billings County,,ND,155,987,1142,1,1,2,52,66,118,7,0.253044,0.260609,0,0.000009,0.000037,132,0.000104,0,23,0,0.000402
38009,Bottineau County,,ND,657,8018,8675,1,3,4,121,219,340,7,0.273041,0.28386,0,0.000066,0.000174,132,0.00007,0,23,1,0.00074
38011,Bowman County,,ND,230,3968,4198,0,0,0,0,0,0,0,0,0,0,0,0,102,0.00005,93,147,0,0
38013,Burke County,,ND,312,2786,3098,1,1,2,55,47,102,7,0.264895,0.274239,0,0.000066,0.000083,132,0.00007,0,23,0,0.00074
38015,Burleigh County,,ND,6964,104223,111187,26,20,46,4562,3693,8255,6,0.344463,0.365745,39449.689464,0.003678,0.002846,132,0.000923,0,23,0.194581,0.03195
38017,Cass County,,ND,13399,181786,195185,55,51,106,9343,8412,17755,6,0.368229,0.39537,94221.001881,0.008959,0.010711,132,0.001486,0,23,0.185781,0.076331
38019,Cavalier County,,ND,184,5084,5268,0,0,0,0,0,0,0,0,0,0,0,0,103,0.00005,94,148,0,0
38021,Dickey County,,ND,368,6241,6609,0,1,1,0,56,56,7,0.258785,0.26646,0,0,0.000006,132,0.00005,0,149,0,0
38023,Divide County,,ND,237,2683,2920,1,0,1,67,0,67,0,0,0,0,0.000021,0,132,0.000081,0,16,0,0.00052
38025,Dunn County,,ND,530,4363,4893,1,1,2,127,112,239,7,0.253044,0.260609,0,0.000009,0.000037,132,0.000104,0,23,0,0.000402
38027,Eddy County,,ND,160,2802,2962,0,0,0,0,0,0,0,0,0,0,0,0,104,0.00005,95,150,0,0
38029,Emmons County,,ND,189,3985,4174,0,1,1,0,82,82,7,0.256273,0.264529,0,0,0.000027,132,0.00005,0,151,0,0
38031,Foster County,,ND,259,4258,4517,0,1,1,0,42,42,7,0.269195,0.278947,0,0,0.000065,132,0.00005,0,152,0,0
38033,Golden Valley County,,ND,191,2182,2373,0,1,1,0,43,43,7,0.253087,0.260691,0,0,0.000037,132,0.00005,0,153,0,0
38035,Grand Forks County,,ND,6670,71975,78645,20,23,43,2654,3047,5701,6,0.344018,0.3657,26688.502461,0.002867,0.003945,132,0.000665,0,23,0.258462,0.024787
38037,Grant County,,ND,107,2699,2806,1,0,1,40,0,40,0,0,0,0,0.000002,0,132,0.000086,0,0,0,0.000187
38039,Griggs County,,ND,173,2895,3068,0,0,0,0,0,0,0,0,0,0,0,0,105,0.00005,96,154,0,0
38041,Hettinger County,,ND,178,3074,3252,1,1,2,68,47,115,7,0.253044,0.260609,0,0.000009,0.000037,132,0.000104,0,23,0,0.000402
38043,Kidder County,,ND,142,3012,3154,1,1,2,54,41,95,7,0.256231,0.264449,0,0.000021,0.000027,132,0.00009,0,23,0,0.000333
38045,LaMoure County,,ND,244,4976,5220,1,1,2,40,73,113,8,0.212396,0.217343,0,0.000077,0.000001,132,0.000075,0,23,1,0.000679
38047,Logan County,,ND,132,2377,2509,0,0,0,0,0,0,0,0,0,0,0,0,106,0.00005,97,155,0,0
38049,McHenry County,,ND,505,6957,7462,2,1,3,287,168,455,7,0.264895,0.274239,0,0.000143,0.000083,132,0.000095,0,23,1,0.001419
38051,McIntosh County,,ND,103,3426,3529,0,0,0,0,0,0,0,0,0,0,0,0,107,0.00005,98,156,0,0
38053,McKenzie County,,ND,1106,7134,8240,3,2,5,200,158,358,7,0.262216,0.271423,0,0.000119,0.000076,132,0.000132,0,23,0.75,0.00155
38055,McLean County,,ND,836,11311,12147,3,4,7,353,398,751,7,0.273092,0.284087,0,0.000088,0.000186,132,0.000146,0,23,1,0.00126
38057,Mercer County,,ND,790,10528,11318,3,3,6,199,233,432,7,0.256995,0.265877,0,0.000088,0.000075,132,0.000146,0,23,0.916667,0.00126
38059,Morton County,,ND,3200,33668,36868,10,8,18,2355,2037,4392,7,0.273909,0.285714,4312.357986,0.001606,0.000212,132,0.000338,0,23,0.439394,0.014172
38061,Mountrail County,,ND,1239,9504,10743,3,4,7,232,422,654,7,0.266946,0.277293,8.81149,0.000108,0.00016,132,0.000141,0,23,0.75,0.001593
38063,Nelson County,,ND,249,3824,4073,0,1,1,0,72,72,7,0.256027,0.264399,0,0,0.000021,132,0.00005,0,157,0,0
38065,Oliver County,,ND,98,2264,2362,2,0,2,94,0,94,0,0,0,0,0.000022,0,132,0.000125,0,1,1,0.00052
38067,Pembina County,,ND,573,9023,9596,2,3,5,107,197,304,7,0.269301,0.279412,0,0.000029,0.000086,132,0.000112,0,23,1,0.000363
38069,Pierce County,,ND,333,5319,5652,0,0,0,0,0,0,0,0,0,0,0,0,108,0.00005,99,158,0,0
38071,Ramsey County,,ND,864,13703,14567,3,4,7,270,352,622,7,0.269773,0.28031,5893,0.000106,0.000112,132,0.000174,0,23,0.5,0.001033
38073,Ransom County,,ND,365,6615,6980,1,2,3,92,178,270,7,0.269202,0.279099,1430.281714,0.000077,0.000065,132,0.000075,0,23,0.5,0.000679
38075,Renville County,,ND,331,3107,3438,1,1,2,152,150,302,7,0.264895,0.274239,0,0.000066,0.000083,132,0.00007,0,23,0,0.00074
38077,Richland County,,ND,1240,19070,20310,4,5,9,622,634,1256,7,0.269773,0.280453,1543.498335,0.000094,0.000102,132,0.000174,0,23,0.45,0.001022
38079,Rolette County,,ND,537,14684,15221,4,1,5,271,85,356,7,0.255985,0.264318,0,0.000192,0.000021,132,0.000159,0,23,1,0.002027
38081,Sargent County,,ND,316,4965,5281,2,2,4,88,143,231,7,0.269202,0.279099,0.5,0.000001,0.000065,132,0.000112,0,23,0.666667,0.000171
38083,Sheridan County,,ND,81,1621,1702,0,0,0,0,0,0,0,0,0,0,0,0,109,0.00005,100,159,0,0
38085,Sioux County,,ND,250,3535,3785,1,2,3,82,110,192,7,0.256321,0.264762,5930,0.000021,0.000027,132,0.00009,0,23,0,0.000333
38087,Slope County,,ND,67,868,935,0,0,0,0,0,0,0,0,0,0,0,0,110,0.00005,101,160,0,0
38089,Stark County,,ND,3283,32122,35405,21,11,32,1499,1067,2566,6,0.338728,0.357804,22328.516388,0.005061,0.001291,132,0.0007,0,23,0.29249,0.043128
38091,Steele County,,ND,196,2295,2491,0,0,0,0,0,0,0,0,0,0,0,0,111,0.00005,102,161,0,0
38093,Stutsman County,,ND,1317,24532,25849,4,3,7,401,383,784,7,0.269624,0.279884,2938.857371,0.000098,0.000092,132,0.000239,0,23,0.416667,0.001178
38095,Towner County,,ND,196,2946,3142,0,0,0,0,0,0,0,0,0,0,0,0,112,0.00005,103,162,0,0
38097,Traill County,,ND,760,9266,10026,2,2,4,229,335,564,7,0.269277,0.279241,0,0.000106,0.000085,132,0.0001,0,23,1,0.000955
38099,Walsh County,,ND,780,13583,14363,3,3,6,251,330,581,7,0.269301,0.279412,45.236126,0.000106,0.000086,132,0.000131,0,23,0.833333,0.001036
38101,Ward County,,ND,9671,73811,83482,34,31,65,3136,3273,6409,6,0.360305,0.385387,32581.775738,0.011505,0.009146,132,0.000737,0,23,0.375264,0.09156
38103,Wells County,,ND,333,5402,5735,0,0,0,0,0,0,0,0,0,0,0,0,113,0.00005,104,163,0,0
38105,Williams County,,ND,5080,30420,35500,33,19,52,2364,1601,3965,6,0.349809,0.371724,10429.244092,0.006869,0.002974,132,0.000698,0,23,0.343844,0.058654
39001,Adams County,,OH,1560,29582,31142,7,8,15,723,916,1639,6,0.30966,0.324892,48.265739,0.000737,0.001125,114,0.00015,0,23,0.555556,0.005311
39003,Allen County,,OH,5813,117425,123238,17,18,35,3180,3174,6354,6,0.321378,0.340734,523.907728,0.003683,0.00364,114,0.000254,0,23,0.476608,0.026446
39005,Ashland County,,OH,3290,60240,63530,11,10,21,2177,2043,4220,6,0.30966,0.325017,93.028569,0.001902,0.001602,114,0.000184,0,23,0.709091,0.013786
39007,Ashtabula County,,OH,5872,112728,118600,12,12,24,2661,2786,5447,6,0.310086,0.325956,49.207144,0.002722,0.001963,114,0.000166,0,23,0.74359,0.019231
39009,Athens County,,OH,3868,49899,53767,14,13,27,1621,1809,3430,6,0.310974,0.327042,1325.506651,0.001766,0.001733,114,0.000322,0,23,0.37619,0.013561
39011,Auglaize County,,OH,2963,57252,60215,7,10,17,1848,1978,3826,6,0.310579,0.326075,66.503561,0.001069,0.001399,114,0.00014,0,23,0.644444,0.00806
39013,Belmont County,,OH,3134,76585,79719,8,9,17,1658,1577,3235,6,0.313335,0.329329,9474.532914,0.001305,0.001396,114,0.000228,0,23,0.347222,0.010153
39015,Brown County,,OH,3324,48065,51389,10,10,20,2635,2421,5056,6,0.299254,0.312725,90.216473,0.00129,0.001086,114,0.000191,0,23,0.677778,0.008963
39017,Butler County,,OH,27839,419938,447777,53,66,119,20414,20952,41366,5,0.387464,0.417526,16788.979118,0.020436,0.02944,114,0.000659,0,23,0.506667,0.159321
39019,Carroll County,,OH,2237,31855,34092,6,6,12,1235,1626,2861,6,0.286917,0.298919,212.983345,0.000499,0.0004,114,0.000133,0,23,0.566667,0.003523
39021,Champaign County,,OH,2939,45620,48559,9,10,19,2038,2128,4166,6,0.309856,0.325091,6.345471,0.00119,0.001223,114,0.000172,0,23,0.733333,0.009172
39023,Clark County,,OH,7509,157838,165347,13,12,25,5020,4751,9771,6,0.31071,0.326445,209.519388,0.002917,0.001878,114,0.000209,0,23,0.648352,0.021979
39025,Clermont County,,OH,15152,234030,249182,22,22,44,12177,10825,23002,6,0.358191,0.381371,1305.727131,0.006749,0.007619,114,0.000314,0,23,0.641026,0.050766
39027,Clinton County,,OH,3336,47099,50435,12,10,22,2484,2268,4752,6,0.310743,0.326217,25.513545,0.002059,0.001805,114,0.000192,0,23,0.712121,0.014637
39029,Columbiana County,,OH,5214,120153,125367,12,13,25,3212,3422,6634,6,0.313738,0.330307,185.472013,0.002246,0.00235,114,0.000187,0,23,0.551282,0.016659
39031,Coshocton County,,OH,1980,40875,42855,7,9,16,1124,1236,2360,6,0.308779,0.323879,60.792199,0.000722,0.000834,114,0.000174,0,23,0.638889,0.005829
39033,Crawford County,,OH,2946,49771,52717,7,8,15,1790,1943,3733,6,0.308616,0.323481,6.066667,0.0007,0.000783,114,0.000153,0,23,0.607143,0.0057
39035,Cuyahoga County,,OH,62578,1463556,1526134,183,198,381,44335,52687,97022,5,0.429367,0.470796,39027.172382,0.072819,0.078177,114,0.001821,0,23,0.380118,0.546958
39037,Darke County,,OH,2866,63746,66612,9,10,19,1609,1733,3342,6,0.31025,0.325717,111.971066,0.001189,0.001235,114,0.000171,0,23,0.522222,0.00904
39039,Defiance County,,OH,2675,46999,49674,8,11,19,1267,1660,2927,6,0.310151,0.326382,138.78778,0.000512,0.001054,114,0.000157,0,23,0.518182,0.003771
39041,Delaware County,,OH,16053,219636,235689,47,40,87,15604,11225,26829,5,0.372016,0.398493,6609.615046,0.014511,0.017507,114,0.000611,0,23,0.423559,0.112153
39043,Erie County,,OH,5486,92259,97745,11,18,29,3206,3656,6862,6,0.346581,0.36748,229.758273,0.002592,0.004724,114,0.000161,0,23,0.578431,0.017849
39045,Fairfield County,,OH,11394,168850,180244,17,18,35,9345,7871,17216,6,0.345764,0.366428,1036.537648,0.004346,0.004995,114,0.000284,0,23,0.463203,0.032725
39047,Fayette County,,OH,1978,31848,33826,8,9,17,1456,1345,2801,6,0.309856,0.324977,9.388529,0.001179,0.001128,114,0.000159,0,23,0.638889,0.008925
39049,Franklin County,,OH,83973,1389333,1473306,282,286,568,67445,72562,140007,5,0.445831,0.494278,295638.015322,0.086972,0.090181,114,0.003261,0,23,0.234611,0.660271
39051,Fulton County,,OH,2818,52455,55273,6,6,12,1994,1857,3851,6,0.280356,0.292213,3.189263,0.000331,0.000246,114,0.000117,0,23,0.733333,0.002357
39053,Gallia County,,OH,1524,31661,33185,6,5,11,668,649,1317,6,0.308811,0.323396,250.809235,0.000671,0.000644,114,0.000193,0,23,0.5,0.00542
39055,Geauga County,,OH,6221,117696,123917,9,12,21,4810,4287,9097,6,0.335087,0.353527,21.948457,0.00196,0.003788,114,0.000133,0,23,0.852564,0.013748
39057,Greene County,,OH,16916,177315,194231,39,41,80,9764,11382,21146,5,0.373868,0.400455,4016.013377,0.016695,0.017933,114,0.000459,0,23,0.55479,0.127648
39059,Guernsey County,,OH,2172,44549,46721,9,10,19,1089,1234,2323,6,0.309889,0.325347,3485.311978,0.00086,0.001459,114,0.000235,0,23,0.463636,0.00694
39061,Hamilton County,,OH,52684,933989,986673,135,142,277,37238,43125,80363,5,0.420313,0.456331,56930.654499,0.05523,0.060346,114,0.001534,0,23,0.436605,0.422361
39063,Hancock County,,OH,5628,88804,94432,13,15,28,2838,3020,5858,6,0.316997,0.334693,222.163625,0.002181,0.002474,114,0.000212,0,23,0.470833,0.015703
39065,Hardin County,,OH,1838,32905,34743,8,7,15,1150,1042,2192,6,0.308648,0.323424,8.110256,0.00073,0.000699,114,0.000165,0,23,0.553571,0.00599
39067,Harrison County,,OH,989,16606,17595,4,5,9,496,606,1102,6,0.271976,0.282753,5.802135,0.000035,0.000157,114,0.000123,0,23,0.6,0.000596
39069,Henry County,,OH,1807,35182,36989,7,8,15,1113,1237,2350,6,0.309007,0.324164,51.686468,0.000327,0.000877,114,0.000137,0,23,0.714286,0.002468
39071,Highland County,,OH,3036,45532,48568,13,12,25,2077,2133,4210,6,0.310809,0.326559,57.730054,0.002064,0.001818,114,0.000208,0,23,0.621795,0.014751
39073,Hocking County,,OH,1863,31061,32924,7,9,16,1297,1406,2703,6,0.308648,0.323652,4.525,0.000726,0.000729,114,0.000175,0,23,0.680556,0.005849
39075,Holmes County,,OH,1876,47053,48929,6,7,13,1307,1312,2619,6,0.308681,0.323481,2.67329,0.000194,0.000812,114,0.000142,0,23,0.738095,0.001904
39077,Huron County,,OH,4300,71399,75699,9,11,20,2538,2959,5497,6,0.309987,0.3257,12.353078,0.001426,0.001515,114,0.000155,0,23,0.663636,0.010563
39079,Jackson County,,OH,1695,35127,36822,7,8,15,888,927,1815,6,0.308844,0.323794,15.859726,0.000689,0.000676,114,0.000197,0,23,0.5,0.005589
39081,Jefferson County,,OH,2969,76007,78976,10,11,21,1534,1574,3108,6,0.313302,0.329528,1186.280473,0.00135,0.001427,114,0.000221,0,23,0.454545,0.010548
39083,Knox County,,OH,3762,67230,70992,13,11,24,2404,2181,4585,6,0.30966,0.325131,108.231876,0.001474,0.001354,114,0.000249,0,23,0.49359,0.011486
39085,Lake County,,OH,12434,289824,302258,22,23,45,9134,8666,17800,5,0.363569,0.387144,281.557771,0.008874,0.011066,114,0.000256,0,23,0.708995,0.06872
39087,Lawrence County,,OH,3071,66042,69113,8,7,15,1982,1664,3646,6,0.3093,0.324306,1421.149916,0.000753,0.000651,114,0.000254,0,23,0.482143,0.006106
39089,Licking County,,OH,11633,196214,207847,22,17,39,8860,7641,16501,6,0.34249,0.36285,1462.383552,0.003858,0.003353,114,0.000366,0,23,0.373333,0.028956
39091,Logan County,,OH,2896,54357,57253,12,11,23,1907,1815,3722,6,0.309922,0.325319,19.662981,0.001231,0.001132,114,0.000212,0,23,0.564103,0.009681
39093,Lorain County,,OH,15554,356760,372314,36,40,76,11849,10431,22280,5,0.370886,0.397344,2182.23281,0.01338,0.017551,114,0.000407,0,23,0.554521,0.101735
39095,Lucas County,,OH,22660,482731,505391,62,83,145,13689,16243,29932,5,0.389059,0.421342,18516.014125,0.024583,0.032401,114,0.000673,0,23,0.47603,0.19038
39097,Madison County,,OH,3227,45392,48619,10,9,19,2800,2286,5086,6,0.308648,0.323652,10.020265,0.001323,0.000934,114,0.000189,0,23,0.622222,0.010123
39099,Mahoning County,,OH,12147,269432,281579,26,34,60,7435,8256,15691,5,0.368183,0.393686,1024.703419,0.011262,0.014073,114,0.0003,0,23,0.602853,0.085876
39101,Marion County,,OH,3596,69603,73199,8,10,18,1935,2113,4048,6,0.308714,0.323879,12.176623,0.00082,0.000798,114,0.000178,0,23,0.533333,0.006567
39103,Medina County,,OH,11721,218972,230693,22,18,40,9825,7926,17751,5,0.35073,0.371542,374.075446,0.007407,0.006419,114,0.00027,0,23,0.66996,0.056964
39105,Meigs County,,OH,1060,23808,24868,6,7,13,710,648,1358,6,0.308844,0.323737,534.965787,0.000675,0.000657,114,0.000206,0,23,0.404762,0.005437
39107,Mercer County,,OH,1997,52031,54028,10,10,20,1105,1183,2288,6,0.311172,0.327253,1279.722174,0.001083,0.00117,114,0.000197,0,23,0.490909,0.008333
39109,Miami County,,OH,6977,124294,131271,14,15,29,5107,4414,9521,6,0.314209,0.33149,71.780853,0.002033,0.002515,114,0.000221,0,23,0.561905,0.014719
39111,Monroe County,,OH,785,16325,17110,4,3,7,267,369,636,7,0.238911,0.2463,31.362981,0.000016,0.000015,114,0.000172,0,23,0.166667,0.00045
39113,Montgomery County,,OH,35483,609137,644620,100,119,219,23045,26555,49600,5,0.410192,0.445216,29022.115626,0.04092,0.048363,114,0.001105,0,23,0.454194,0.316485
39115,Morgan County,,OH,732,14871,15603,5,4,9,523,420,943,7,0.237458,0.244918,2.445238,0.000684,0.000029,114,0.000156,0,23,0.75,0.005393
39117,Morrow County,,OH,2776,38344,41120,7,7,14,2209,1980,4189,6,0.308616,0.323367,2.516667,0.000838,0.000798,114,0.000155,0,23,0.785714,0.00664
39119,Muskingum County,,OH,4263,97145,101408,11,9,20,2472,2554,5026,6,0.309627,0.324846,805.273014,0.000765,0.001246,114,0.000262,0,23,0.469697,0.006543
39121,Noble County,,OH,766,13644,14410,3,3,6,362,392,754,7,0.237036,0.244127,2.364033,0.000016,0.000011,114,0.000146,0,23,0.666667,0.000353
39123,Ottawa County,,OH,3026,51055,54081,11,8,19,2035,1740,3775,6,0.309856,0.325131,2.820448,0.002032,0.001504,114,0.000157,0,23,0.790909,0.014093
39125,Paulding County,,OH,1354,22894,24248,5,5,10,770,822,1592,6,0.279687,0.291496,8.223176,0.000225,0.000192,114,0.000121,0,23,0.6,0.001883
39127,Perry County,,OH,2508,38256,40764,7,7,14,1726,1807,3533,6,0.308583,0.323311,455.927548,0.000739,0.000716,114,0.000187,0,23,0.714286,0.006001
39129,Pickaway County,,OH,4264,59681,63945,9,9,18,3390,3046,6436,6,0.308648,0.323652,9.842857,0.000752,0.000828,114,0.000191,0,23,0.5,0.006256
39131,Pike County,,OH,1860,28611,30471,4,7,11,993,1208,2201,6,0.308876,0.323709,15.586318,0.000674,0.000674,114,0.000119,0,23,0.619048,0.005232
39133,Portage County,,OH,11678,175395,187073,20,20,40,8911,8397,17308,5,0.355195,0.376962,268.323143,0.005277,0.007311,114,0.000243,0,23,0.672101,0.039035
39135,Preble County,,OH,2786,48709,51495,7,8,15,1722,1857,3579,6,0.310743,0.326047,13.134497,0.001212,0.001638,114,0.000125,0,23,0.767857,0.008153
39137,Putnam County,,OH,1675,44190,45865,9,8,17,968,997,1965,6,0.308941,0.32405,246.707614,0.001008,0.000719,114,0.000165,0,23,0.583333,0.007503
39139,Richland County,,OH,6755,139606,146361,15,16,31,3809,3960,7769,6,0.310151,0.326553,40.886864,0.002178,0.002047,114,0.000238,0,23,0.544118,0.015785
39141,Ross County,,OH,4189,80658,84847,12,15,27,2598,2715,5313,6,0.310776,0.3269,67.944484,0.001104,0.001466,114,0.000252,0,23,0.438095,0.00873
39143,Sandusky County,,OH,3575,73323,76898,9,10,19,2373,2429,4802,6,0.309922,0.325472,3.215596,0.001587,0.001534,114,0.000145,0,23,0.833333,0.01143
39145,Scioto County,,OH,3234,76650,79884,10,9,19,1615,1433,3048,6,0.309823,0.325205,1607.442235,0.001045,0.001061,114,0.000258,0,23,0.327273,0.008067
39147,Seneca County,,OH,3439,65010,68449,10,10,20,2239,2289,4528,6,0.309007,0.324391,15.107286,0.001038,0.000925,114,0.000171,0,23,0.633333,0.007778
39149,Shelby County,,OH,3177,59498,62675,10,10,20,1720,1981,3701,6,0.309955,0.325262,15.853602,0.001525,0.001028,114,0.000176,0,23,0.681818,0.01138
39151,Stark County,,OH,17576,447533,465109,45,47,92,12065,11799,23864,5,0.372537,0.4,10566.067535,0.016844,0.0197,114,0.00055,0,23,0.47896,0.132507
39153,Summit County,,OH,31921,635213,667134,80,95,175,23227,24565,47792,5,0.400985,0.433737,11673.049078,0.033194,0.043936,114,0.000854,0,23,0.505228,0.255521
39155,Trumbull County,,OH,10255,245081,255336,21,22,43,6280,6604,12884,5,0.354121,0.377082,675.343468,0.007623,0.00711,114,0.000255,0,23,0.609231,0.05879
39157,Tuscarawas County,,OH,4672,114564,119236,10,11,21,2573,2893,5466,6,0.309758,0.325301,1258.0962,0.001714,0.001557,114,0.000194,0,23,0.472727,0.012415
39159,Union County,,OH,4443,59376,63819,10,9,19,3037,2672,5709,6,0.308648,0.323652,11.40256,0.001211,0.00082,114,0.000193,0,23,0.563636,0.009304
39161,Van Wert County,,OH,1919,34617,36536,7,7,14,1082,1090,2172,6,0.309889,0.325472,80.992303,0.00026,0.000848,114,0.000156,0,23,0.5,0.002306
39163,Vinton County,,OH,848,13123,13971,6,5,11,585,579,1164,6,0.308518,0.322969,1.408333,0.00069,0.000659,114,0.000151,0,23,0.8,0.005531
39165,Warren County,,OH,20134,258235,278369,44,52,96,15982,14708,30690,5,0.3888,0.416428,4785.277397,0.01837,0.024589,114,0.000523,0,23,0.626388,0.139545
39167,Washington County,,OH,3252,71614,74866,10,11,21,1642,1630,3272,6,0.309267,0.324664,7428.133723,0.000716,0.000773,114,0.000355,0,23,0.295455,0.006065
39169,Wayne County,,OH,6345,137445,143790,14,12,26,3939,3998,7937,6,0.309758,0.325415,187.23751,0.002755,0.001757,114,0.000221,0,23,0.593407,0.020105
39171,Williams County,,OH,1991,45540,47531,8,10,18,1073,1149,2222,6,0.283612,0.297048,61.068818,0.000468,0.000428,114,0.000161,0,23,0.444444,0.003605
39173,Wood County,,OH,11329,140852,152181,22,32,54,7234,7788,15022,5,0.359509,0.383771,3308.28912,0.005351,0.007926,114,0.000293,0,23,0.426136,0.0397
39175,Wyandot County,,OH,1482,27526,29008,6,6,12,1002,1015,2017,6,0.308583,0.323197,3.465909,0.000692,0.000668,114,0.000138,0,23,0.666667,0.005537
40001,Adair County,,OK,1413,22225,23638,5,6,11,764,906,1670,6,0.29701,0.309414,6.225316,0.000339,0.000692,7,0.000126,0,23,0.766667,0.003299
40003,Alfalfa County,,OK,449,5061,5510,1,2,3,92,169,261,7,0.262474,0.271542,0,0.000047,0.000053,7,0.00007,0,23,1,0.000529
40005,Atoka County,,OK,1094,13100,14194,5,3,8,417,380,797,7,0.247404,0.255345,38.674719,0.000036,0.000036,7,0.000183,0,23,0.4,0.000727
40007,Beaver County,,OK,553,6073,6626,2,2,4,155,139,294,7,0.25105,0.25859,0,0.000017,0.000019,147,0.000096,0,23,1,0.000312
40009,Beckham County,,OK,2153,22719,24872,10,8,18,911,998,1909,6,0.301007,0.31434,7615.685137,0.001527,0.000638,7,0.000258,0,23,0.44697,0.013298
40011,Blaine County,,OK,793,10592,11385,5,4,9,331,330,661,6,0.300914,0.313714,124.385566,0.000496,0.000527,7,0.000144,0,23,0.633333,0.004294
40013,Bryan County,,OK,3005,40381,43386,16,15,31,1908,1604,3512,6,0.328144,0.346251,8081.308264,0.003195,0.003851,147,0.000345,0,23,0.408497,0.028642
40015,Caddo County,,OK,2265,27850,30115,7,9,16,1172,1418,2590,6,0.303784,0.317429,7.767918,0.000814,0.000785,7,0.000151,0,23,0.638889,0.006822
40017,Canadian County,,OK,11725,136772,148497,32,26,58,10822,8357,19179,6,0.353012,0.376684,5106.09638,0.007113,0.007003,7,0.000594,0,23,0.361905,0.06023
40019,Carter County,,OK,3373,51890,55263,18,20,38,1913,1956,3869,6,0.33574,0.355796,5927.830651,0.003156,0.004811,7,0.000374,0,23,0.437229,0.027827
40021,Cherokee County,,OK,3621,43658,47279,11,14,25,2139,2372,4511,6,0.305145,0.319977,64.134587,0.001109,0.001332,7,0.000214,0,23,0.598901,0.009487
40023,Choctaw County,,OK,1126,14405,15531,5,5,10,493,519,1012,6,0.301285,0.314482,1471.379441,0.000502,0.000469,147,0.000128,0,23,0.4,0.004213
40025,Cimarron County,,OK,271,3015,3286,0,0,0,0,0,0,0,0,0,0,0,0,115,0.00005,105,164,0,0
40027,Cleveland County,,OK,28411,276757,305168,66,63,129,20758,21493,42251,6,0.370792,0.400717,18237.985328,0.020532,0.020199,7,0.00101,0,23,0.340149,0.166812
40029,Coal County,,OK,454,5324,5778,2,2,4,209,237,446,7,0.233132,0.239609,0.626263,0.000008,0.000013,7,0.000126,0,23,0.5,0.000294
40031,Comanche County,,OK,16716,116703,133419,53,66,119,6993,8793,15786,6,0.380075,0.410142,14488.734034,0.019094,0.022933,7,0.000642,0,23,0.460563,0.147403
40033,Cotton County,,OK,471,6141,6612,3,3,6,301,260,561,7,0.278358,0.290037,0,0.000304,0.000242,7,0.000087,0,23,1,0.002181
40035,Craig County,,OK,1078,13644,14722,5,5,10,595,550,1145,6,0.294147,0.30599,0,0.000387,0.00039,7,0.000137,0,23,1,0.003594
40037,Creek County,,OK,8162,73273,81435,14,16,30,4758,6477,11235,6,0.334513,0.353635,479.077196,0.001897,0.002799,7,0.000269,0,23,0.540441,0.016741
40039,Custer County,,OK,3036,28228,31264,11,12,23,1315,1585,2900,6,0.306646,0.321189,2012.482633,0.001007,0.001174,7,0.000261,0,23,0.483516,0.008983
40041,Delaware County,,OK,3315,37419,40734,15,13,28,2205,2001,4206,6,0.30575,0.32058,172.797414,0.00124,0.001179,7,0.000295,0,23,0.490476,0.011241
40043,Dewey County,,OK,425,5250,5675,2,2,4,127,105,232,6,0.300821,0.313316,0.75,0.000016,0.000419,7,0.000091,0,23,0.833333,0.000269
40045,Ellis County,,OK,365,4416,4781,1,1,2,141,100,241,7,0.232965,0.239012,0,0.000007,0.000004,7,0.000073,0,23,0,0.000116
40047,Garfield County,,OK,5532,68012,73544,28,24,52,2363,2474,4837,6,0.355798,0.379374,22515.060097,0.007337,0.00655,7,0.000555,0,23,0.375269,0.06135
40049,Garvin County,,OK,2093,28373,30466,9,8,17,1206,1228,2434,6,0.301038,0.314397,5.145102,0.000709,0.000638,7,0.000215,0,23,0.763889,0.006385
40051,Grady County,,OK,4827,53486,58313,10,13,23,3426,2989,6415,6,0.306582,0.321189,91.881258,0.001881,0.001179,7,0.000209,0,23,0.598901,0.016059
40053,Grant County,,OK,463,4811,5274,2,2,4,148,198,346,7,0.262568,0.27177,0,0.000057,0.000062,7,0.000086,0,23,1,0.000685
40055,Greer County,,OK,398,4988,5386,2,1,3,150,62,212,7,0.252782,0.260843,0,0.000035,0.000012,7,0.000098,0,23,0.5,0.000361
40057,Harmon County,,OK,224,2773,2997,0,1,1,0,49,49,7,0.252825,0.260924,0,0,0.000012,7,0.00005,0,165,0,0
40059,Harper County,,OK,286,4328,4614,1,1,2,48,57,105,7,0.232965,0.239012,0,0.000007,0.000004,7,0.000073,0,23,0,0.000116
40061,Haskell County,,OK,730,12592,13322,5,4,9,472,343,815,7,0.251502,0.260061,2.222096,0.000048,0.000025,7,0.000139,0,23,0.55,0.000732
40063,Hughes County,,OK,1081,12251,13332,7,7,14,581,595,1176,6,0.301007,0.314226,5.417075,0.000814,0.00047,7,0.000185,0,23,0.75,0.007053
40065,Jackson County,,OK,3422,27387,30809,11,14,25,676,1099,1775,6,0.338259,0.358669,7955.666845,0.001663,0.004181,7,0.000327,0,23,0.413158,0.013348
40067,Jefferson County,,OK,481,5506,5987,2,2,4,183,195,378,7,0.251675,0.259868,0,0.000056,0.000037,7,0.000083,0,23,1,0.000501
40069,Johnston County,,OK,935,10403,11338,6,6,12,451,556,1007,7,0.251761,0.260704,215.645782,0.00051,0.000071,7,0.000173,0,23,0.619048,0.004449
40071,Kay County,,OK,3265,48593,51858,10,13,23,1432,1667,3099,6,0.306005,0.320995,666.854951,0.001194,0.001316,7,0.000244,0,23,0.487179,0.009719
40073,Kingfisher County,,OK,1141,16489,17630,5,5,10,616,696,1312,6,0.300914,0.313828,0,0.000688,0.000689,7,0.000137,0,23,1,0.006009
40075,Kiowa County,,OK,758,9150,9908,5,7,12,376,377,753,6,0.303784,0.317201,8.881939,0.000641,0.000593,7,0.000123,0,23,0.666667,0.004997
40077,Latimer County,,OK,1010,11038,12048,3,3,6,338,490,828,7,0.233485,0.240371,9.267371,0.000014,0.000011,7,0.000108,0,23,0.5,0.000361
40079,Le Flore County,,OK,3186,47401,50587,11,10,21,1714,1665,3379,6,0.304068,0.318356,3706.685771,0.00043,0.000958,7,0.000267,0,23,0.333333,0.0042
40081,Lincoln County,,OK,2783,33744,36527,10,9,19,1978,1953,3931,6,0.303438,0.31719,5.025,0.001066,0.001024,7,0.000227,0,23,0.722222,0.009318
40083,Logan County,,OK,4329,43489,47818,12,9,21,3363,2804,6167,6,0.321625,0.338094,127.971914,0.002913,0.001849,7,0.000235,0,23,0.711538,0.024935
40085,Love County,,OK,973,9362,10335,3,5,8,542,499,1041,6,0.301038,0.314056,2.707499,0.000512,0.000524,7,0.000097,0,23,0.766667,0.005041
40087,McClain County,,OK,3914,39027,42941,10,7,17,3557,2711,6268,6,0.300883,0.313999,4.461701,0.000883,0.000661,7,0.000217,0,23,0.766667,0.007609
40089,McCurtain County,,OK,1848,26908,28756,8,10,18,496,743,1239,6,0.32251,0.33946,2598.582791,0.000635,0.001742,147,0.000195,0,23,0.3,0.005637
40091,McIntosh County,,OK,1732,19192,20924,8,8,16,997,1021,2018,6,0.303501,0.31719,968.563734,0.00099,0.000817,7,0.000185,0,23,0.694444,0.008345
40093,Major County,,OK,741,8191,8932,1,2,3,158,262,420,7,0.262521,0.271656,0.783333,0.000047,0.000057,7,0.00007,0,23,0.5,0.000529
40095,Marshall County,,OK,1240,15033,16273,7,5,12,665,509,1174,6,0.300914,0.313828,133.106315,0.001004,0.000613,7,0.000165,0,23,0.678571,0.009211
40097,Mayes County,,OK,2997,41278,44275,8,10,18,1776,1999,3775,6,0.303595,0.317588,14.456473,0.000451,0.000859,7,0.000186,0,23,0.744444,0.004213
40099,Murray County,,OK,1058,13770,14828,6,6,12,577,566,1143,6,0.300976,0.314056,125.412227,0.000624,0.000608,7,0.000163,0,23,0.833333,0.005426
40101,Muskogee County,,OK,5076,70108,75184,14,17,31,2799,3282,6081,6,0.335087,0.354516,2840.248315,0.001088,0.002932,7,0.000278,0,23,0.506536,0.009669
40103,Noble County,,OK,1043,11914,12957,5,5,10,506,540,1046,6,0.300976,0.313942,18.241197,0.000528,0.000508,7,0.000135,0,23,0.7,0.004519
40105,Nowata County,,OK,837,10818,11655,4,4,8,428,483,911,6,0.294561,0.30632,1.412576,0.000395,0.000398,7,0.000118,0,23,0.916667,0.003565
40107,Okfuskee County,,OK,767,10207,10974,7,6,13,490,380,870,6,0.303344,0.316678,4.285043,0.00081,0.000782,7,0.000181,0,23,0.761905,0.006987
40109,Oklahoma County,,OK,58044,798800,856844,193,187,380,48575,46362,94937,5,0.429871,0.470097,177197.230284,0.057533,0.059676,7,0.002654,0,23,0.26014,0.460253
40111,Okmulgee County,,OK,3197,37944,41141,10,9,19,1905,1948,3853,6,0.303533,0.317361,11.897081,0.0009,0.000847,7,0.000214,0,23,0.627273,0.007758
40113,Osage County,,OK,4569,43022,47591,9,10,19,3767,3441,7208,6,0.303533,0.317474,20.989248,0.000922,0.001032,7,0.000192,0,23,0.7,0.007925
40115,Ottawa County,,OK,2556,32840,35396,12,9,21,1465,1451,2916,6,0.304226,0.318248,807.412789,0.001753,0.000836,7,0.000242,0,23,0.507576,0.014553
40117,Pawnee County,,OK,1460,16015,17475,5,5,10,1088,904,1992,6,0.294088,0.305876,5.697932,0.000411,0.000392,7,0.000131,0,23,0.7,0.003599
40119,Payne County,,OK,7115,65684,72799,20,22,42,3211,3910,7121,6,0.337635,0.358203,1070.256531,0.003885,0.005138,7,0.000372,0,23,0.467391,0.033228
40121,Pittsburg County,,OK,3275,44928,48203,13,14,27,1303,1629,2932,6,0.303816,0.318441,5498.096259,0.001023,0.001007,7,0.0003,0,23,0.345588,0.009144
40123,Pontotoc County,,OK,2918,39745,42663,16,15,31,1582,1608,3190,6,0.303879,0.318669,6808.782736,0.001788,0.001047,7,0.00042,0,23,0.415033,0.015591
40125,Pottawatomie County,,OK,5641,71508,77149,17,14,31,3947,3708,7655,6,0.324546,0.342059,301.56688,0.002015,0.001846,7,0.000339,0,23,0.45614,0.017275
40127,Pushmataha County,,OK,949,10738,11687,3,6,9,301,403,704,7,0.24778,0.256455,30.103421,0.000016,0.000038,147,0.000119,0,23,0.404762,0.00032
40129,Roger Mills County,,OK,260,3913,4173,1,1,2,75,81,156,7,0.231383,0.237197,0,0.000005,0.000011,7,0.000078,0,23,0,0.00018
40131,Rogers County,,OK,8410,96341,104751,20,20,40,6504,6134,12638,6,0.334589,0.354374,1333.383171,0.003463,0.003378,7,0.000375,0,23,0.428571,0.030355
40133,Seminole County,,OK,2013,22914,24927,8,8,16,1148,1308,2456,6,0.303438,0.317076,5.755411,0.000956,0.00095,7,0.000203,0,23,0.785714,0.008328
40135,Sequoyah County,,OK,2773,40466,43239,9,11,20,1578,1589,3167,6,0.303973,0.318328,728.493419,0.001019,0.000992,7,0.000185,0,23,0.509091,0.00857
40137,Stephens County,,OK,3365,47133,50498,13,14,27,1436,1811,3247,6,0.334934,0.354005,2723.241846,0.002019,0.002934,7,0.000277,0,23,0.558333,0.017277
40139,Texas County,,OK,2401,25619,28020,8,9,17,811,716,1527,6,0.332992,0.35062,6607.259516,0.002255,0.001723,147,0.000195,0,23,0.327273,0.017566
40141,Tillman County,,OK,586,7743,8329,3,2,5,193,205,398,7,0.275765,0.286494,2.652736,0.000208,0.00015,7,0.000096,0,23,0.333333,0.001402
40143,Tulsa County,,OK,45636,694950,740586,150,134,284,37385,34942,72327,5,0.416252,0.451553,94280.954748,0.047043,0.047372,7,0.002032,0,23,0.310656,0.378353
40145,Wagoner County,,OK,8378,77651,86029,16,17,33,6895,6496,13391,6,0.349184,0.370768,1245.944535,0.003499,0.005006,7,0.000282,0,23,0.520468,0.030533
40147,Washington County,,OK,4362,57138,61500,14,11,25,2202,2408,4610,6,0.335547,0.353982,817.133776,0.003443,0.00262,7,0.000259,0,23,0.495833,0.030152
40149,Washita County,,OK,1350,11480,12830,5,4,9,715,711,1426,6,0.300852,0.313601,0.483766,0.000454,0.000485,7,0.000137,0,23,0.833333,0.003977
40151,Woods County,,OK,673,8694,9367,3,2,5,180,125,305,6,0.300821,0.313316,119.475722,0.000055,0.000468,7,0.000122,0,23,0.666667,0.000726
40153,Woodward County,,OK,1749,22394,24143,6,10,16,404,697,1101,6,0.30369,0.317759,12916.876446,0.000532,0.001016,7,0.000264,0,23,0.377778,0.004695
41001,Baker County,,OR,1183,16908,18091,4,5,9,240,344,584,6,0.281406,0.29479,14.701625,0.00071,0.000559,165,0.000109,0,23,0.761905,0.006664
41003,Benton County,,OR,8625,83382,92007,24,24,48,4548,5823,10371,6,0.345845,0.367258,21.640848,0.008161,0.008482,165,0.000315,0,23,0.785714,0.068155
41005,Clackamas County,,OR,34566,441587,476153,88,71,159,34997,28946,63943,6,0.363749,0.393931,6389.018591,0.028719,0.024614,165,0.001032,0,23,0.495091,0.237808
41007,Clatsop County,,OR,3715,39751,43466,17,15,32,1697,1668,3365,6,0.335778,0.354852,82.793613,0.004776,0.00447,165,0.000252,0,23,0.798246,0.041945
41009,Columbia County,,OR,3471,53827,57298,10,9,19,2372,2123,4495,6,0.296499,0.31037,0.49101,0.002456,0.001771,165,0.000169,0,23,0.944444,0.022391
41011,Coos County,,OR,4368,63756,68124,20,22,42,1968,2324,4292,6,0.344018,0.364909,137.546155,0.00665,0.007028,165,0.000277,0,23,0.851449,0.056774
41013,Crook County,,OR,1799,21504,23303,8,7,15,1214,924,2138,6,0.296229,0.309659,2930.644471,0.000982,0.001487,165,0.000187,0,23,0.736111,0.009796
41015,Curry County,,OR,2053,23251,25304,11,8,19,773,755,1528,6,0.285186,0.298163,32.704546,0.002251,0.001067,165,0.00017,0,23,0.780303,0.019054
41017,Deschutes County,,OR,12716,185563,198279,77,54,131,13040,8616,21656,6,0.349267,0.375307,12985.518058,0.021331,0.015422,165,0.00096,0,23,0.484745,0.176437
41019,Douglas County,,OR,6329,110006,116335,29,24,53,3684,3539,7223,6,0.345315,0.366633,177.087488,0.010036,0.00831,165,0.000355,0,23,0.78172,0.08221
41021,Gilliam County,,OR,206,1996,2202,0,0,0,0,0,0,0,0,0,0,0,0,116,0.00005,106,166,0,0
41023,Grant County,,OR,517,7444,7961,0,1,1,0,44,44,7,0.228591,0.23457,0,0,0.000007,165,0.00005,0,167,0,0
41025,Harney County,,OR,496,7562,8058,1,1,2,53,77,130,7,0.25888,0.268354,0,0.000111,0.000154,165,0.000065,0,23,0,0.001351
41027,Hood River County,,OR,2016,28813,30829,7,8,15,866,1134,2000,6,0.296499,0.310256,4.985041,0.001253,0.001475,165,0.000151,0,23,0.75,0.01222
41029,Jackson County,,OR,11982,230507,242489,64,51,115,9466,7851,17317,6,0.349976,0.376018,727.567451,0.019291,0.017253,165,0.000699,0,23,0.604697,0.156537
41031,Jefferson County,,OR,1750,21781,23531,8,6,14,1116,925,2041,6,0.295303,0.30843,2.475033,0.001546,0.001175,165,0.000155,0,23,0.928571,0.014793
41033,Josephine County,,OR,5162,84557,89719,31,25,56,3843,3131,6974,6,0.345153,0.366547,201.74012,0.010591,0.009591,165,0.000358,0,23,0.738655,0.086273
41035,Klamath County,,OR,4716,67042,71758,22,24,46,2030,2585,4615,6,0.34261,0.364249,2533.114466,0.005708,0.006856,165,0.000329,0,23,0.675214,0.048877
41037,Lake County,,OR,582,7701,8283,2,2,4,98,113,211,7,0.258925,0.268581,0,0.000161,0.000195,165,0.000077,0,23,1,0.001786
41039,Lane County,,OR,20523,371533,392056,84,73,157,14336,14559,28895,6,0.359377,0.389039,3791.396644,0.027977,0.023181,165,0.000959,0,23,0.514376,0.229592
41041,Lincoln County,,OR,4269,47861,52130,23,18,41,2532,2514,5046,6,0.339868,0.360148,49.778712,0.007518,0.005354,165,0.000311,0,23,0.849638,0.064095
41043,Linn County,,OR,9291,125545,134836,28,27,55,6857,6631,13488,6,0.345315,0.367002,387.325835,0.009115,0.008527,165,0.000368,0,23,0.706653,0.07618
41045,Malheur County,,OR,2481,28548,31029,5,4,9,920,1272,2192,6,0.28084,0.293481,0.666667,0.000358,0.000398,165,0.000163,0,23,0.75,0.00375
41047,Marion County,,OR,20537,350230,370767,57,58,115,16790,16192,32982,6,0.357361,0.385802,1292.009948,0.017546,0.019164,165,0.000668,0,23,0.563213,0.143697
41049,Morrow County,,OR,1166,13437,14603,2,3,5,473,611,1084,6,0.2829,0.29566,0,0.000442,0.000403,165,0.000074,0,23,1,0.00419
41051,Multnomah County,,OR,69085,832428,901513,190,158,348,59599,60406,120005,5,0.417974,0.456553,47942.79135,0.066221,0.056042,165,0.00205,0,23,0.349373,0.514031
41053,Polk County,,OR,7307,79451,86758,21,17,38,5869,5489,11358,6,0.343373,0.363458,3.457084,0.006403,0.006172,165,0.000283,0,23,0.904762,0.054776
41055,Sherman County,,OR,138,2016,2154,1,1,2,52,43,95,7,0.228781,0.234872,0,0.000011,0.000008,165,0.000068,0,23,0,0.000158
41057,Tillamook County,,OR,2065,27247,29312,10,11,21,997,1001,1998,6,0.296619,0.310825,0.24359,0.002939,0.001976,165,0.000169,0,23,0.974359,0.026314
41059,Umatilla County,,OR,5267,82584,87851,22,22,44,2586,3105,5691,6,0.339592,0.360375,779.036946,0.006192,0.005101,165,0.000326,0,23,0.612308,0.053399
41061,Union County,,OR,1928,27701,29629,9,9,18,645,653,1298,6,0.299102,0.313527,5906.074299,0.001312,0.001636,165,0.000221,0,23,0.672727,0.013309
41063,Wallowa County,,OR,544,7976,8520,1,1,2,52,48,100,7,0.230255,0.236521,0,0.000012,0.000009,165,0.000071,0,23,0,0.000177
41065,Wasco County,,OR,1996,26886,28882,7,9,16,931,934,1865,6,0.296619,0.31054,5894.291136,0.001141,0.001515,165,0.000192,0,23,0.652778,0.010956
41067,Washington County,,OR,48531,630063,678594,143,114,257,42780,41095,83875,5,0.397828,0.433055,20950.262604,0.051032,0.043958,165,0.001571,0,23,0.42053,0.406822
41069,Wheeler County,,OR,152,1324,1476,0,0,0,0,0,0,0,0,0,0,0,0,117,0.00005,107,168,0,0
41071,Yamhill County,,OR,7885,106881,114766,22,21,43,5349,5318,10667,6,0.343453,0.363959,117.202254,0.006983,0.005983,165,0.0003,0,23,0.77,0.059442
42001,Adams County,,PA,6503,124399,130902,13,14,27,4727,4297,9024,6,0.312667,0.329403,7.501701,0.003987,0.004019,118,0.00015,0,23,0.845833,0.028309
42003,Allegheny County,,PA,59992,1474735,1534727,238,237,475,44282,49981,94263,5,0.437771,0.482179,182073.139427,0.085887,0.086115,114,0.00248,0,23,0.323025,0.6438
42005,Armstrong County,,PA,3180,81713,84893,6,6,12,2575,2262,4837,6,0.3047,0.318504,2.791667,0.000811,0.000764,114,0.000131,0,23,0.733333,0.00613
42007,Beaver County,,PA,8331,209903,218234,12,16,28,5325,4995,10320,5,0.350856,0.371945,615.953274,0.002004,0.004315,114,0.00019,0,23,0.533333,0.015706
42009,Bedford County,,PA,1993,60248,62241,8,8,16,1044,1020,2064,6,0.305208,0.319505,221.965805,0.00035,0.000705,114,0.000163,0,23,0.472222,0.002996
42011,Berks County,,PA,19680,502768,522448,59,66,125,13845,13878,27723,5,0.372253,0.401479,3492.781402,0.025182,0.030668,118,0.000508,0,23,0.629503,0.178252
42013,Blair County,,PA,4600,149270,153870,11,11,22,2220,2110,4330,6,0.309007,0.324278,125.743962,0.001415,0.001755,114,0.000169,0,23,0.615385,0.01001
42015,Bradford County,,PA,3785,73578,77363,10,10,20,1547,1586,3133,6,0.271447,0.28446,365.011211,0.000387,0.000345,99,0.000211,0,23,0.345455,0.002532
42017,Bucks County,,PA,36604,803830,840434,92,111,203,31073,29948,61021,5,0.389059,0.424078,4172.419116,0.042506,0.050777,118,0.00074,0,23,0.604492,0.305036
42019,Butler County,,PA,10272,230547,240819,23,18,41,7447,6016,13463,5,0.348893,0.370068,2139.00307,0.006393,0.005401,114,0.000322,0,23,0.441538,0.049518
42021,Cambria County,,PA,5843,163666,169509,12,14,26,2794,3138,5932,6,0.306229,0.322002,92.33803,0.002134,0.001988,114,0.00018,0,23,0.561905,0.015126
42023,Cameron County,,PA,263,6059,6322,1,1,2,42,49,91,7,0.233615,0.239628,0,0.000005,0.000005,114,0.000076,0,23,0,0.000117
42025,Carbon County,,PA,4417,75783,80200,11,9,20,3060,2847,5907,6,0.300297,0.314704,0.717305,0.003902,0.002103,118,0.000117,0,23,0.963636,0.024313
42027,Centre County,,PA,8883,139927,148810,31,36,67,3716,3837,7553,6,0.358717,0.383908,7090.834094,0.009979,0.013208,118,0.000342,0,23,0.489634,0.072168
42029,Chester County,,PA,32109,631908,664017,109,115,224,27728,25393,53121,5,0.392341,0.428203,3731.444956,0.050326,0.053749,118,0.000906,0,23,0.606953,0.366255
42031,Clarion County,,PA,2290,43246,45536,7,8,15,1069,1358,2427,6,0.304764,0.318845,4315.04121,0.000684,0.000704,114,0.000181,0,23,0.444444,0.005692
42033,Clearfield County,,PA,3843,92616,96459,11,10,21,2057,2050,4107,6,0.305145,0.319699,41.680919,0.001511,0.000912,114,0.000176,0,23,0.515152,0.010475
42035,Clinton County,,PA,2048,43053,45101,2,3,5,950,1037,1987,6,0.305208,0.318874,0,0.000125,0.000713,118,0.000069,0,23,0.833333,0.000822
42037,Columbia County,,PA,3385,71794,75179,7,9,16,1805,1806,3611,6,0.298705,0.313208,108.1287,0.000365,0.000959,118,0.000127,0,23,0.588889,0.002528
42039,Crawford County,,PA,4320,99009,103329,10,9,19,2349,2352,4701,6,0.304922,0.319243,17.215307,0.00098,0.000836,114,0.000186,0,23,0.515152,0.007203
42041,Cumberland County,,PA,17118,291801,308919,60,60,120,13237,11698,24935,5,0.369996,0.399545,9254.732349,0.022873,0.024389,118,0.000559,0,23,0.531613,0.165805
42043,Dauphin County,,PA,19558,327008,346566,61,65,126,13074,13993,27067,5,0.376897,0.406564,12737.697792,0.023965,0.027178,118,0.000545,0,23,0.546361,0.168591
42045,Delaware County,,PA,35145,664798,699943,80,92,172,28361,29198,57559,5,0.386187,0.419158,1660.688248,0.038723,0.044963,118,0.000642,0,23,0.688591,0.276923
42047,Elk County,,PA,1306,40991,42297,5,6,11,408,563,971,6,0.304796,0.318675,5897.187034,0.000639,0.000734,114,0.00018,0,23,0.466667,0.005118
42049,Erie County,,PA,10789,323185,333974,32,41,73,4020,5056,9076,5,0.372584,0.399312,5928.294429,0.012623,0.016798,114,0.000415,0,23,0.484269,0.095094
42051,Fayette County,,PA,5796,154312,160108,7,9,16,3098,3187,6285,6,0.305558,0.319989,352.870818,0.000832,0.000803,114,0.000167,0,23,0.527778,0.006141
42053,Forest County,,PA,352,5453,5805,1,2,3,42,132,174,7,0.233652,0.239912,0,0.000005,0.000011,114,0.00007,0,23,1,0.000124
42055,Franklin County,,PA,8040,191174,199214,20,23,43,4687,4342,9029,6,0.320499,0.340216,2119.915604,0.004498,0.005231,118,0.00025,0,23,0.53,0.032175
42057,Fulton County,,PA,656,18128,18784,4,4,8,377,447,824,7,0.256074,0.265157,2.864182,0.000097,0.000097,118,0.000102,0,23,0.666667,0.001031
42059,Greene County,,PA,1870,40582,42452,4,5,9,892,1077,1969,6,0.305399,0.319249,0,0.000697,0.000746,114,0.000104,0,23,1,0.005245
42061,Huntingdon County,,PA,1932,49504,51436,7,8,15,901,1123,2024,6,0.27791,0.290193,87.042411,0.000413,0.000462,118,0.00014,0,23,0.583333,0.003192
42063,Indiana County,,PA,4484,93585,98069,6,10,16,1799,2310,4109,6,0.308486,0.323407,11.583595,0.000783,0.001437,114,0.000131,0,23,0.588889,0.00592
42065,Jefferson County,,PA,2601,54449,57050,7,7,14,1428,1453,2881,6,0.304986,0.319073,16.574835,0.000784,0.000724,114,0.000156,0,23,0.607143,0.005966
42067,Juniata County,,PA,950,29264,30214,6,6,12,612,619,1231,6,0.278279,0.29066,1.592342,0.000642,0.000602,118,0.000116,0,23,0.866667,0.004701
42069,Lackawanna County,,PA,9977,248858,258835,37,37,74,5751,5807,11558,5,0.355453,0.380267,5745.945582,0.013237,0.014766,118,0.000333,0,23,0.619697,0.086729
42071,Lancaster County,,PA,22014,659928,681942,82,88,170,15352,14998,30350,5,0.378113,0.410495,19177.533945,0.034155,0.035315,118,0.000714,0,23,0.532887,0.245004
42073,Lawrence County,,PA,3964,104567,108531,8,10,18,2306,2327,4633,6,0.307128,0.322133,4.352663,0.001003,0.001477,114,0.000136,0,23,0.581818,0.007597
42075,Lebanon County,,PA,7782,169077,176859,17,17,34,4775,4676,9451,6,0.326026,0.345159,131.459597,0.00552,0.005343,118,0.000165,0,23,0.745238,0.035336
42077,Lehigh County,,PA,26407,425076,451483,69,92,161,19011,21032,40043,5,0.382008,0.414875,1786.381044,0.030748,0.043395,118,0.000545,0,23,0.655758,0.216281
42079,Luzerne County,,PA,14369,376577,390946,51,63,114,8988,9429,18417,5,0.365701,0.39463,15553.142707,0.017918,0.025815,118,0.000446,0,23,0.605438,0.118459
42081,Lycoming County,,PA,6179,136589,142768,18,23,41,2507,3030,5537,6,0.335355,0.355683,10681.135546,0.002901,0.004154,118,0.000284,0,23,0.386154,0.018702
42083,McKean County,,PA,1819,48179,49998,6,6,12,625,610,1235,6,0.304986,0.318987,2844.194614,0.000767,0.000729,99,0.000161,0,23,0.3,0.005836
42085,Mercer County,,PA,5226,134215,139441,12,13,25,2873,2916,5789,5,0.339435,0.358242,297.220737,0.001775,0.002712,114,0.000201,0,23,0.604762,0.013239
42087,Mifflin County,,PA,1824,55199,57023,8,9,17,904,968,1872,6,0.278941,0.292139,12.266647,0.000739,0.000852,118,0.000142,0,23,0.622222,0.005399
42089,Monroe County,,PA,12851,177426,190277,36,56,92,8228,9174,17402,5,0.359995,0.387116,408.46214,0.012516,0.022441,99,0.000273,0,23,0.688143,0.077459
42091,Montgomery County,,PA,54472,1010365,1064837,125,157,282,47410,47326,94736,5,0.407851,0.447622,10344.445796,0.057419,0.069342,118,0.001041,0,23,0.534918,0.417978
42093,Montour County,,PA,1864,22033,23897,4,6,10,942,990,1932,6,0.268463,0.279824,1.095648,0.000053,0.000173,118,0.000106,0,23,0.833333,0.000606
42095,Northampton County,,PA,20028,361575,381603,52,66,118,16190,15172,31362,5,0.369111,0.398794,907.671903,0.020928,0.028332,118,0.000393,0,23,0.670282,0.140439
42097,Northumberland County,,PA,5057,107541,112598,13,15,28,3084,3348,6432,6,0.299438,0.315142,1250.164216,0.001716,0.001929,118,0.000188,0,23,0.6125,0.012042
42099,Perry County,,PA,2882,56730,59612,7,8,15,1812,2016,3828,6,0.279314,0.292235,3.792777,0.000948,0.000839,118,0.000112,0,23,0.767857,0.006371
42101,Philadelphia County,,PA,91866,1513633,1605499,197,195,392,67188,82873,150061,5,0.423962,0.466177,29764.573764,0.079151,0.079653,118,0.001744,0,23,0.417368,0.586638
42103,Pike County,,PA,4826,64568,69394,25,23,48,3408,2944,6352,6,0.315155,0.332912,23.822978,0.008351,0.006822,99,0.000196,0,23,0.763533,0.049625
42105,Potter County,,PA,1156,19832,20988,3,3,6,364,344,708,7,0.235322,0.242466,8.976788,0.000012,0.000021,99,0.00012,0,23,0,0.000389
42107,Schuylkill County,,PA,6178,170738,176916,19,18,37,3935,3831,7766,6,0.301223,0.317349,137.822274,0.004779,0.003367,118,0.000188,0,23,0.760526,0.030311
42109,Snyder County,,PA,2050,45637,47687,10,8,18,1423,1172,2595,6,0.27741,0.28959,39.718205,0.000692,0.000387,118,0.000173,0,23,0.577778,0.005255
42111,Somerset County,,PA,3117,90264,93381,8,7,15,1476,1572,3048,6,0.305081,0.319164,88.246079,0.000826,0.00075,114,0.000169,0,23,0.464286,0.006239
42113,Sullivan County,,PA,445,7066,7511,2,2,4,159,181,340,7,0.251524,0.259833,0,0.000032,0.000024,99,0.000079,0,23,1,0.000333
42115,Susquehanna County,,PA,2524,49495,52019,6,7,13,1283,1395,2678,6,0.27092,0.28318,19.265974,0.000438,0.00033,118,0.000125,0,23,0.547619,0.002605
42117,Tioga County,,PA,2579,48009,50588,8,5,13,949,874,1823,7,0.253219,0.262705,938.215716,0.001153,0.000056,99,0.000156,0,23,0.285714,0.007322
42119,Union County,,PA,2763,42797,45560,7,5,12,1552,1375,2927,6,0.27504,0.287002,131.41184,0.000347,0.000285,118,0.000132,0,23,0.696429,0.002583
42121,Venango County,,PA,2586,63844,66430,8,6,14,1451,1294,2745,6,0.304732,0.318561,1585.552969,0.000824,0.000782,114,0.000174,0,23,0.607143,0.006486
42123,Warren County,,PA,1889,48411,50300,5,5,10,763,756,1519,6,0.304796,0.318561,2.42734,0.000795,0.000743,114,0.000118,0,23,0.75,0.005866
42125,Washington County,,PA,10932,254033,264965,15,19,34,7461,6449,13910,5,0.348893,0.370097,1264.890568,0.001082,0.003667,114,0.000266,0,23,0.284585,0.008408
42127,Wayne County,,PA,3551,58542,62093,17,8,25,3250,1644,4894,6,0.300174,0.31459,152.189891,0.00496,0.001412,118,0.000162,0,23,0.663399,0.029738
42129,Westmoreland County,,PA,17052,450944,467996,35,46,81,11972,11770,23742,5,0.369297,0.396286,5084.206484,0.011296,0.017932,114,0.000422,0,23,0.456471,0.084325
42131,Wyoming County,,PA,2113,33745,35858,4,4,8,1192,1267,2459,6,0.268217,0.279141,0.437179,0.000298,0.000231,118,0.000097,0,23,0.916667,0.001828
42133,York County,,PA,22156,544714,566870,63,79,142,16432,15953,32385,5,0.375304,0.406991,4822.72195,0.0238,0.033277,118,0.000565,0,23,0.536261,0.171252
44001,Bristol County,,RI,3586,57444,61030,9,7,16,2263,2148,4411,6,0.300513,0.315228,0,0.002756,0.001763,95,0.000115,0,23,1,0.019398
44003,Kent County,,RI,12451,201964,214415,21,30,51,10107,9471,19578,6,0.351994,0.375529,241.157003,0.009399,0.014524,95,0.000218,0,23,0.822917,0.070048
44005,Newport County,,RI,8632,95067,103699,33,30,63,4790,4869,9659,6,0.352545,0.376115,281.592422,0.016247,0.014193,95,0.000314,0,23,0.741821,0.120302
44007,Providence County,,RI,34254,697837,732091,86,109,195,23166,28181,51347,5,0.394188,0.428703,2317.014027,0.04236,0.052834,95,0.000759,0,23,0.641762,0.317378
44009,Washington County,,RI,8485,148668,157153,25,25,50,6156,5770,11926,6,0.325592,0.345017,90.677081,0.010175,0.009765,95,0.00023,0,23,0.755914,0.071909
45001,Abbeville County,,SC,1615,25462,27077,4,3,7,1033,1037,2070,6,0.284107,0.29587,0,0.000389,0.000537,100,0.000112,0,23,1,0.004489
45003,Aiken County,,SC,10569,178912,189481,35,31,66,6814,6103,12917,6,0.343252,0.366064,2886.557591,0.010768,0.010115,100,0.000505,0,23,0.520918,0.090325
45005,Allendale County,,SC,678,8207,8885,3,4,7,252,349,601,6,0.291716,0.304084,11.625776,0.000387,0.00045,100,0.000096,0,23,0.583333,0.003069
45007,Anderson County,,SC,11201,207391,218592,32,24,56,8386,7015,15401,6,0.325266,0.345159,1319.671101,0.010234,0.007559,100,0.000466,0,23,0.547237,0.08602
45009,Bamberg County,,SC,1144,13627,14771,4,4,8,473,527,1000,6,0.291716,0.304056,0,0.000569,0.00059,100,0.000109,0,23,1,0.00486
45011,Barnwell County,,SC,1391,23030,24421,6,6,12,677,853,1530,6,0.291891,0.304596,5.621012,0.000645,0.00067,100,0.000146,0,23,0.7,0.005671
45013,Beaufort County,,SC,17172,184849,202021,108,83,191,11835,9232,21067,5,0.39145,0.423197,9337.188812,0.047417,0.041188,100,0.00105,0,23,0.541333,0.357061
45015,Berkeley County,,SC,24544,197498,222042,67,56,123,17352,17461,34813,6,0.367767,0.396729,3482.954389,0.03097,0.022871,100,0.000718,0,23,0.582023,0.240849
45017,Calhoun County,,SC,1126,15665,16791,3,3,6,771,820,1591,6,0.291687,0.303885,0,0.000564,0.000585,100,0.000088,0,23,1,0.004738
45019,Charleston County,,SC,35352,389780,425132,166,122,288,30149,25958,56107,5,0.409104,0.44463,15476.180305,0.066391,0.053833,100,0.001695,0,23,0.44342,0.506428
45021,Cherokee County,,SC,2716,57561,60277,8,9,17,1850,1771,3621,6,0.31157,0.326843,42.990541,0.001374,0.002029,100,0.00017,0,23,0.75,0.013266
45023,Chester County,,SC,2043,34178,36221,5,5,10,1250,1437,2687,6,0.311272,0.325904,22.980565,0.001023,0.001355,100,0.000119,0,23,0.9,0.009356
45025,Chesterfield County,,SC,2109,45480,47589,11,11,22,1354,1249,2603,6,0.311702,0.327298,32.187782,0.001754,0.002019,100,0.000195,0,23,0.627273,0.016057
45027,Clarendon County,,SC,2324,33717,36041,9,8,17,1223,1308,2531,6,0.294413,0.308419,1.140174,0.001575,0.001352,100,0.000166,0,23,0.930556,0.014504
45029,Colleton County,,SC,2580,40630,43210,7,9,16,1341,1425,2766,6,0.29707,0.311615,26.058862,0.001402,0.002246,100,0.000137,0,23,0.805556,0.012585
45031,Darlington County,,SC,4293,70667,74960,11,14,25,2638,2868,5506,6,0.314918,0.331701,139.128968,0.00209,0.003324,100,0.000191,0,23,0.653846,0.018464
45033,Dillon County,,SC,1780,32657,34437,6,7,13,877,990,1867,6,0.293646,0.307235,8.067476,0.000424,0.000856,100,0.000132,0,23,0.571429,0.004154
45035,Dorchester County,,SC,18468,153077,171545,49,40,89,14128,12531,26659,6,0.369669,0.395597,1269.127198,0.022625,0.01935,100,0.000551,0,23,0.655075,0.181183
45037,Edgefield County,,SC,1950,25365,27315,7,5,12,1518,1313,2831,7,0.280786,0.293229,16.440242,0.000642,0.000677,100,0.000161,0,23,0.690476,0.005928
45039,Fairfield County,,SC,1639,23920,25559,6,6,12,1060,1109,2169,6,0.292124,0.304966,3.132913,0.000764,0.000797,100,0.00013,0,23,0.714286,0.006822
45041,Florence County,,SC,9601,148691,158292,26,31,57,5348,6063,11411,6,0.328807,0.350119,1139.979708,0.005805,0.009312,100,0.000385,0,23,0.485795,0.05003
45043,Georgetown County,,SC,4884,69538,74422,10,12,22,2411,2977,5388,6,0.315189,0.331843,21.97885,0.003165,0.003919,100,0.000175,0,23,0.865385,0.027921
45045,Greenville County,,SC,32197,525421,557618,162,97,259,27373,23184,50557,5,0.396321,0.430051,27170.832181,0.062256,0.041779,100,0.001756,0,23,0.425165,0.47548
45047,Greenwood County,,SC,4613,75512,80125,15,16,31,2462,2824,5286,6,0.3129,0.329573,321.826709,0.001887,0.002811,100,0.000291,0,23,0.496732,0.018307
45049,Hampton County,,SC,1442,20261,21703,4,6,10,519,740,1259,6,0.292737,0.305819,8.323131,0.000328,0.000755,100,0.000109,0,23,0.5,0.002958
45051,Horry County,,SC,20887,318634,339521,177,100,277,19226,11981,31207,5,0.389524,0.423367,20324.139213,0.053718,0.038846,100,0.001731,0,23,0.305894,0.388725
45053,Jasper County,,SC,2595,22975,25570,4,6,10,1402,1487,2889,6,0.298128,0.31252,26.220879,0.000688,0.001572,100,0.000102,0,23,0.633333,0.005762
45055,Kershaw County,,SC,4237,68401,72638,12,16,28,2907,2603,5510,6,0.314986,0.332042,101.493713,0.001889,0.003765,100,0.000209,0,23,0.679167,0.016932
45057,Lancaster County,,SC,5536,83771,89307,15,14,29,4832,3531,8363,6,0.312167,0.328407,237.925329,0.004741,0.003288,100,0.000238,0,23,0.663399,0.04146
45059,Laurens County,,SC,4296,67727,72023,9,11,20,2925,3011,5936,6,0.296169,0.31062,21.76444,0.00111,0.001773,100,0.000183,0,23,0.628788,0.010607
45061,Lee County,,SC,1344,17515,18859,5,5,10,789,872,1661,6,0.291891,0.304414,0,0.000594,0.00054,100,0.000104,0,23,1,0.004596
45063,Lexington County,,SC,21525,302252,323777,71,62,133,17441,15798,33239,6,0.370651,0.39971,13295.233564,0.02633,0.022059,100,0.000886,0,23,0.456646,0.208678
45065,McCormick County,,SC,699,9618,10317,4,3,7,262,288,550,7,0.271045,0.28163,1.761235,0.000476,0.000196,100,0.000103,0,23,0.8,0.004133
45067,Marion County,,SC,2185,33711,35896,4,6,10,1071,1254,2325,6,0.31157,0.326502,16.200047,0.000731,0.001725,100,0.000102,0,23,0.833333,0.006276
45069,Marlboro County,,SC,1400,27129,28529,8,7,15,758,741,1499,6,0.311404,0.326359,40.009238,0.001029,0.00119,100,0.000152,0,23,0.566667,0.008652
45071,Newberry County,,SC,2172,43241,45413,9,9,18,1199,1226,2425,6,0.311669,0.327014,59.4353,0.001026,0.001917,100,0.000186,0,23,0.611111,0.009783
45073,Oconee County,,SC,4318,79892,84210,13,11,24,2154,2194,4348,6,0.311968,0.327753,48.006218,0.004249,0.002795,100,0.000208,0,23,0.685714,0.036683
45075,Orangeburg County,,SC,5626,91551,97177,19,17,36,3105,3402,6507,6,0.317856,0.335182,365.349984,0.004076,0.003885,100,0.000313,0,23,0.520468,0.035511
45077,Pickens County,,SC,8735,118027,126762,17,17,34,5510,5896,11406,6,0.322155,0.340876,100.194488,0.005323,0.005527,100,0.00026,0,23,0.75,0.045632
45079,Richland County,,SC,37034,400200,437234,143,136,279,29007,28264,57271,5,0.411286,0.448146,57906.604682,0.050614,0.052209,100,0.00161,0,23,0.384848,0.390056
45081,Saluda County,,SC,2255,22729,24984,7,8,15,1232,1471,2703,6,0.294709,0.308379,26.519038,0.000779,0.000812,100,0.000156,0,23,0.5,0.006657
45083,Spartanburg County,,SC,15636,317339,332975,53,47,100,11573,10392,21965,6,0.367536,0.394568,4373.638142,0.019647,0.019196,100,0.000681,0,23,0.551639,0.157825
45085,Sumter County,,SC,10641,116148,126789,37,37,74,4142,5151,9293,6,0.357841,0.383311,2644.570042,0.014313,0.013616,100,0.000449,0,23,0.482424,0.114605
45087,Union County,,SC,1157,28503,29660,5,5,10,551,621,1172,6,0.284052,0.296013,2.069377,0.000846,0.000617,100,0.000122,0,23,0.833333,0.007785
45089,Williamsburg County,,SC,2179,32971,35150,9,7,16,1418,1515,2933,6,0.296229,0.310398,2.500715,0.001428,0.001533,100,0.000163,0,23,0.75,0.013054
45091,York County,,SC,15601,267555,283156,72,57,129,13322,10071,23393,5,0.367998,0.397008,4432.270646,0.029536,0.023158,100,0.000814,0,23,0.55789,0.230539
46003,Aurora County,,SD,187,3418,3605,1,1,2,66,53,119,8,0.216508,0.221815,0,0.000002,0.000002,132,0.000116,0,23,0,0.000106
46005,Beadle County,,SD,1478,21405,22883,4,4,8,224,360,584,7,0.272558,0.282984,3300.351084,0.00012,0.000149,132,0.000172,0,23,0.357143,0.001401
46007,Bennett County,,SD,195,3065,3260,1,1,2,41,43,84,7,0.271901,0.281545,0,0.000126,0.000088,132,0.000069,0,23,0,0.000814
46009,Bon Homme County,,SD,435,7054,7489,2,2,4,147,147,294,7,0.272558,0.282614,0,0.000117,0.000121,132,0.000109,0,23,1,0.001162
46011,Brookings County,,SD,3350,31439,34789,14,14,28,1092,1217,2309,6,0.313335,0.329721,16691.854429,0.001658,0.000937,132,0.00049,0,23,0.235294,0.013122
46013,Brown County,,SD,2986,44568,47554,12,13,25,999,1009,2008,6,0.349017,0.368726,26619.713215,0.000812,0.002558,132,0.000489,0,23,0.270833,0.007132
46015,Brule County,,SD,460,6165,6625,1,1,2,58,41,99,7,0.272398,0.282262,2931,0,0.00012,132,0.000093,0,169,0,0.000076
46017,Buffalo County,,SD,124,1965,2089,0,0,0,0,0,0,0,0,0,0,0,0,119,0.00005,108,170,0,0
46019,Butte County,,SD,992,11158,12150,4,4,8,520,473,993,7,0.272939,0.283479,1.749104,0.00018,0.000148,132,0.000141,0,23,0.833333,0.001552
46021,Campbell County,,SD,80,1769,1849,0,0,0,0,0,0,0,0,0,0,0,0,120,0.00005,109,171,0,0
46023,Charles Mix County,,SD,492,9593,10085,1,1,2,69,64,133,7,0.272355,0.282188,0,0.000113,0.00012,132,0.000074,0,23,0,0.00106
46025,Clark County,,SD,264,3939,4203,1,1,2,93,94,187,7,0.237728,0.244361,0,0.000006,0.000001,132,0.000086,0,23,0,0.000106
46027,Clay County,,SD,1692,11514,13206,4,7,11,370,672,1042,7,0.277069,0.288979,32.300231,0.000121,0.000247,132,0.000179,0,23,0.571429,0.00135
46029,Codington County,,SD,2352,32995,35347,10,13,23,816,1135,1951,6,0.311835,0.327765,20215.800964,0.000154,0.000878,132,0.000547,0,23,0.25641,0.002156
46031,Corson County,,SD,255,3397,3652,1,1,2,51,62,113,1,1,1,2966,0,0,132,0.000088,0,20,0,0.00008
46033,Custer County,,SD,887,9141,10028,2,2,4,244,310,554,7,0.271926,0.281715,0,0.000126,0.000089,132,0.000121,0,23,1,0.000899
46035,Davison County,,SD,1945,23029,24974,8,6,14,600,620,1220,7,0.276311,0.287779,14733.034671,0.000257,0.000232,132,0.000466,0,23,0.232143,0.002576
46037,Day County,,SD,457,6722,7179,2,2,4,128,119,247,7,0.25888,0.266835,0,0.000025,0.000007,132,0.000118,0,23,1,0.000248
46039,Deuel County,,SD,366,5447,5813,1,2,3,48,99,147,7,0.239047,0.246312,0,0.000006,0.000013,132,0.000086,0,23,1,0.000106
46041,Dewey County,,SD,392,6779,7171,2,1,3,104,45,149,7,0.256253,0.264506,2930,0.000126,0.000027,132,0.000112,0,23,0.333333,0.000889
46043,Douglas County,,SD,117,3644,3761,0,0,0,0,0,0,0,0,0,0,0,0,121,0.00005,110,172,0,0
46045,Edmunds County,,SD,301,4599,4900,1,1,2,130,139,269,7,0.258742,0.26638,0,0.000018,0.000006,132,0.000082,0,23,0,0.000142
46047,Fall River County,,SD,804,7854,8658,2,2,4,162,208,370,7,0.271926,0.281715,0,0.000126,0.000089,132,0.000121,0,23,1,0.000899
46049,Faulk County,,SD,100,2425,2525,0,0,0,0,0,0,0,0,0,0,0,0,122,0.00005,111,173,0,0
46051,Grant County,,SD,501,9347,9848,2,1,3,105,66,171,7,0.237728,0.244361,0,0.000006,0.000001,132,0.000133,0,23,1,0.000195
46053,Gregory County,,SD,248,5043,5291,0,0,0,0,0,0,0,0,0,0,0,0,123,0.00005,112,174,0,0
46055,Haakon County,,SD,94,2384,2478,0,0,0,0,0,0,0,0,0,0,0,0,124,0.00005,113,175,0,0
46057,Hamlin County,,SD,468,6800,7268,2,2,4,196,189,385,7,0.239047,0.246312,0,0.000013,0.000013,132,0.000116,0,23,1,0.000291
46059,Hand County,,SD,197,4103,4300,0,0,0,0,0,0,0,0,0,0,0,0,125,0.00005,114,176,0,0
46061,Hanson County,,SD,418,5410,5828,1,1,2,112,94,206,8,0.216508,0.221815,0,0.000002,0.000002,132,0.000116,0,23,0,0.000106
46063,Harding County,,SD,191,1512,1703,0,1,1,0,129,129,6,0.307717,0.320863,0,0,0.000743,20,0.00005,0,177,0,0
46065,Hughes County,,SD,1965,20889,22854,6,7,13,614,661,1275,7,0.276467,0.288234,5907.528858,0.000268,0.000252,132,0.000246,0,23,0.486111,0.002558
46067,Hutchinson County,,SD,526,8341,8867,2,2,4,116,132,248,7,0.272431,0.282472,0,0.000115,0.000122,132,0.00014,0,23,1,0.001165
46069,Hyde County,,SD,111,1640,1751,0,0,0,0,0,0,0,0,0,0,0,0,126,0.00005,115,178,0,0
46071,Jackson County,,SD,169,2718,2887,0,0,0,0,0,0,0,0,0,0,0,0,127,0.00005,116,179,0,0
46073,Jerauld County,,SD,148,2241,2389,1,0,1,44,0,44,0,0,0,0,0.000001,0,132,0.000087,0,4,0,0.000091
46075,Jones County,,SD,46,1250,1296,0,0,0,0,0,0,0,0,0,0,0,0,128,0.00005,117,180,0,0
46077,Kingsbury County,,SD,458,6444,6902,1,2,3,53,159,212,7,0.238638,0.245607,0,0.000007,0.000013,132,0.00008,0,23,0.5,0.000185
46079,Lake County,,SD,1182,14683,15865,2,3,5,257,397,654,7,0.272482,0.282699,0,0.00012,0.000155,132,0.000103,0,23,1,0.001244
46081,Lawrence County,,SD,2862,27497,30359,10,8,18,1130,1218,2348,6,0.338259,0.356411,2020.490242,0.002728,0.00119,132,0.000291,0,23,0.477273,0.021193
46083,Lincoln County,,SD,6327,59069,65396,21,12,33,5665,4132,9797,6,0.343252,0.36285,7354.867418,0.003183,0.002031,132,0.000618,0,23,0.285714,0.02568
46085,Lyman County,,SD,218,4207,4425,0,1,1,0,58,58,8,0.21414,0.218944,0,0,0,132,0.00005,0,181,0,0
46087,McCook County,,SD,526,6693,7219,1,1,2,169,197,366,7,0.272355,0.282188,0,0.000113,0.00012,132,0.000074,0,23,0,0.00106
46089,McPherson County,,SD,126,2512,2638,0,0,0,0,0,0,0,0,0,0,0,0,129,0.00005,118,182,0,0
46091,Marshall County,,SD,279,5085,5364,2,2,4,126,111,237,7,0.258811,0.266664,43.510871,0.000018,0.000007,132,0.000129,0,23,0,0.000231
46093,Meade County,,SD,5114,31972,37086,7,7,14,1985,2231,4216,6,0.340223,0.358714,1114.738781,0.001846,0.001853,132,0.000204,0,23,0.595238,0.015231
46095,Mellette County,,SD,103,1871,1974,0,0,0,0,0,0,0,0,0,0,0,0,130,0.00005,119,183,0,0
46097,Miner County,,SD,128,2850,2978,0,0,0,0,0,0,0,0,0,0,0,0,131,0.00005,120,184,0,0
46099,Minnehaha County,,SD,16869,219690,236559,62,58,120,10521,10252,20773,6,0.37425,0.40215,140627.088541,0.016616,0.015716,132,0.001593,0,23,0.262747,0.133148
46101,Moody County,,SD,559,7561,8120,2,2,4,195,229,424,7,0.272457,0.282529,0,0.00012,0.000132,132,0.000103,0,23,1,0.001244
46103,Pennington County,,SD,11487,118952,130439,46,50,96,5985,5524,11509,6,0.373391,0.400461,61737.939183,0.012199,0.017406,132,0.001128,0,23,0.324664,0.100364
46105,Perkins County,,SD,196,3381,3577,0,0,0,0,0,0,0,0,0,0,0,0,133,0.00005,121,185,0,0
46107,Potter County,,SD,90,3102,3192,0,0,0,0,0,0,0,0,0,0,0,0,134,0.00005,122,186,0,0
46109,Roberts County,,SD,703,11119,11822,3,3,6,162,198,360,7,0.237786,0.244759,1629.752983,0.00012,0.000001,132,0.000164,0,23,0.333333,0.001246
46111,Sanborn County,,SD,140,2797,2937,0,1,1,0,56,56,8,0.21655,0.22191,0,0,0.000002,132,0.00005,0,187,0,0
46113,Shannon County,,SD,701,11620,12321,1,1,2,195,230,425,7,0.271901,0.281545,0,0.000126,0.000088,132,0.000069,0,23,0,0.000814
46115,Spink County,,SD,494,7496,7990,1,2,3,75,132,207,7,0.258834,0.266693,3.066667,0.000018,0.000007,132,0.000082,0,23,0.5,0.000142
46117,Stanley County,,SD,500,3637,4137,1,1,2,198,255,453,8,0.216604,0.222014,0,0.000002,0.000002,132,0.00008,0,23,0,0.000102
46119,Sully County,,SD,151,1838,1989,0,0,0,0,0,0,0,0,0,0,0,0,135,0.00005,123,188,0,0
46121,Todd County,,SD,513,8224,8737,1,1,2,62,99,161,7,0.271901,0.281545,0,0.000126,0.000088,132,0.000069,0,23,0,0.000814
46123,Tripp County,,SD,312,6605,6917,0,0,0,0,0,0,0,0,0,0,0,0,136,0.00005,124,189,0,0
46125,Turner County,,SD,739,9880,10619,3,3,6,397,359,756,7,0.272406,0.282529,0.25,0.00013,0.000144,132,0.000139,0,23,0.833333,0.001433
46127,Union County,,SD,1830,17755,19585,6,6,12,1054,869,1923,6,0.29898,0.311257,158.702311,0.000171,0.000461,25,0.000215,0,23,0.5,0.00184
46129,Walworth County,,SD,434,6634,7068,1,0,1,62,0,62,0,0,0,0,0,0,132,0.000125,0,19,0,0.000078
46135,Yankton County,,SD,1894,25578,27472,8,7,15,637,715,1352,6,0.29898,0.311399,1260.225447,0.000174,0.000458,132,0.000293,0,23,0.361111,0.002061
46137,Ziebach County,,SD,80,1284,1364,0,1,1,0,42,42,8,0.204038,0.20826,0,0,0.000001,132,0.00005,0,190,0,0
47001,Anderson County,,TN,7128,82183,89311,12,13,25,4409,4451,8860,6,0.308324,0.32322,316.312832,0.00097,0.001498,137,0.00031,0,23,0.428571,0.009044
47003,Bedford County,,TN,3478,51068,54546,8,9,17,2030,1940,3970,6,0.306325,0.31979,1226.995591,0.001015,0.001123,137,0.000195,0,23,0.666667,0.009189
47005,Benton County,,TN,1078,16800,17878,3,3,6,433,337,770,7,0.238989,0.246034,3.310256,0.000022,0.00002,137,0.00012,0,23,0.333333,0.000399
47007,Bledsoe County,,TN,732,11142,11874,5,4,9,441,415,856,6,0.283256,0.294898,635.056965,0.000265,0.000281,137,0.00019,0,23,0.45,0.002638
47009,Blount County,,TN,8474,141023,149497,22,17,39,5459,4707,10166,6,0.332426,0.351706,1849.1442,0.005949,0.003378,137,0.000397,0,23,0.392308,0.047234
47011,Bradley County,,TN,7275,110931,118206,20,16,36,3927,3764,7691,6,0.317891,0.334898,1489.068769,0.003822,0.002168,137,0.000424,0,23,0.316017,0.030404
47013,Campbell County,,TN,2126,37841,39967,5,6,11,964,1149,2113,6,0.289898,0.302167,51.395544,0.000365,0.000384,137,0.000164,0,23,0.4,0.003108
47015,Cannon County,,TN,1235,14485,15720,5,5,10,780,817,1597,6,0.306101,0.318936,0.681818,0.000765,0.000807,137,0.000142,0,23,0.9,0.006594
47017,Carroll County,,TN,2102,30007,32109,7,8,15,1111,1287,2398,6,0.311536,0.326462,1678.78711,0.000654,0.001129,137,0.000197,0,23,0.714286,0.004827
47019,Carter County,,TN,3805,56630,60435,7,6,13,2370,2345,4715,6,0.290013,0.302395,913.506786,0.000412,0.00038,137,0.000231,0,23,0.404762,0.003635
47021,Cheatham County,,TN,3837,45332,49169,9,8,17,3092,2620,5712,6,0.3093,0.323248,0.966855,0.001534,0.001542,137,0.000188,0,23,0.875,0.013443
47023,Chester County,,TN,1280,16934,18214,4,5,9,745,681,1426,6,0.308259,0.321701,0.65,0.000057,0.000534,137,0.000149,0,23,0.9,0.000701
47025,Claiborne County,,TN,1733,31548,33281,7,7,14,813,859,1672,6,0.290042,0.30248,5094.950632,0.000356,0.000342,137,0.000214,0,23,0.222222,0.003219
47027,Clay County,,TN,478,7616,8094,3,3,6,167,229,396,7,0.238969,0.246557,10.356252,0.000006,0.000023,137,0.000123,0,23,0.5,0.00031
47029,Cocke County,,TN,2045,35868,37913,5,5,10,1000,1107,2107,6,0.289468,0.301371,0.2,0.000396,0.000389,137,0.000146,0,23,0.95,0.003497
47031,Coffee County,,TN,4157,58007,62164,11,13,24,2616,2444,5060,6,0.308421,0.323419,2814.069651,0.001324,0.001801,137,0.000258,0,23,0.494505,0.011546
47033,Crockett County,,TN,1188,15936,17124,6,6,12,841,831,1672,6,0.308291,0.321871,1.586111,0.00065,0.000542,137,0.00016,0,23,0.833333,0.004667
47035,Cumberland County,,TN,3536,64066,67602,16,15,31,1517,1398,2915,6,0.313403,0.330557,8177.369077,0.003454,0.002114,137,0.000405,0,23,0.334559,0.02872
47037,Davidson County,,TN,67162,719259,786421,241,209,450,52959,54509,107468,5,0.440403,0.481206,212110.944959,0.079905,0.073848,137,0.00294,0,23,0.275176,0.610854
47039,Decatur County,,TN,706,11979,12685,2,2,4,344,288,632,7,0.25765,0.2664,2929.546703,0.000008,0.000035,137,0.000149,0,23,0.333333,0.000229
47041,DeKalb County,,TN,1466,19720,21186,8,8,16,1371,897,2268,6,0.306325,0.319676,396.369262,0.000807,0.000886,137,0.000232,0,23,0.660714,0.007488
47043,Dickson County,,TN,3813,55848,59661,11,11,22,2352,2382,4734,6,0.309791,0.324386,68.26753,0.001409,0.001545,137,0.000248,0,23,0.570513,0.0128
47045,Dyer County,,TN,2701,42225,44926,10,11,21,1267,1449,2716,6,0.311669,0.327031,4150.352109,0.001193,0.001347,137,0.000249,0,23,0.439394,0.009379
47047,Fayette County,,TN,3636,45409,49045,7,6,13,3000,2426,5426,6,0.308356,0.321985,6.191407,0.00071,0.000561,137,0.000191,0,23,0.642857,0.005123
47049,Fentress County,,TN,943,17445,18388,4,2,6,279,331,610,7,0.24145,0.249475,1.117936,0.000035,0.000041,137,0.000143,0,23,0.666667,0.000716
47051,Franklin County,,TN,2687,44624,47311,11,10,21,1742,1474,3216,6,0.308486,0.322964,2972.058323,0.001549,0.001366,137,0.000244,0,23,0.507576,0.013568
47053,Gibson County,,TN,3815,53988,57803,10,12,22,2652,2291,4943,6,0.311802,0.327372,67.177139,0.001209,0.001356,137,0.000238,0,23,0.55303,0.009528
47055,Giles County,,TN,1889,30970,32859,8,9,17,995,1178,2173,6,0.307644,0.32161,27.588273,0.001088,0.001419,137,0.000191,0,23,0.652778,0.009485
47057,Grainger County,,TN,1596,22732,24328,5,7,12,1007,1051,2058,6,0.289812,0.302167,9.220833,0.000371,0.000389,137,0.000162,0,23,0.595238,0.003145
47059,Greene County,,TN,3479,72831,76310,7,9,16,1489,1718,3207,6,0.290042,0.302793,13.770778,0.000435,0.000442,137,0.000191,0,23,0.708333,0.003726
47061,Grundy County,,TN,752,14583,15335,4,5,9,368,509,877,6,0.283311,0.295154,9.109968,0.000031,0.000278,137,0.00014,0,23,0.65,0.000592
47063,Hamblen County,,TN,5259,70411,75670,12,12,24,2947,3208,6155,6,0.34277,0.362144,3705.51981,0.000987,0.002386,137,0.00029,0,23,0.425,0.008876
47065,Hamilton County,,TN,22052,386752,408804,103,89,192,15340,14628,29968,5,0.394507,0.427116,75811.396309,0.03462,0.033917,137,0.001518,0,23,0.377659,0.274262
47067,Hancock County,,TN,285,5684,5969,1,3,4,43,157,200,7,0.256029,0.264307,1.241667,0.000003,0.000013,137,0.000071,0,23,0.5,0.000118
47069,Hardeman County,,TN,1536,25626,27162,7,6,13,921,867,1788,6,0.311305,0.325865,260.468605,0.000702,0.001103,137,0.000194,0,23,0.571429,0.005012
47071,Hardin County,,TN,1661,26977,28638,6,6,12,753,701,1454,6,0.308486,0.322213,1787.926163,0.000597,0.000534,137,0.000183,0,23,0.47619,0.004381
47073,Hawkins County,,TN,4101,59038,63139,10,11,21,2686,2705,5391,6,0.290128,0.30322,4821.023547,0.000436,0.000439,137,0.000264,0,23,0.463636,0.003978
47075,Haywood County,,TN,1348,20827,22175,7,7,14,858,897,1755,6,0.308291,0.321985,4.465079,0.000653,0.00055,137,0.000192,0,23,0.607143,0.004829
47077,Henderson County,,TN,1929,29827,31756,9,9,18,1076,1160,2236,6,0.311503,0.326547,4287.163327,0.001181,0.001115,137,0.000269,0,23,0.472222,0.009229
47079,Henry County,,TN,2004,35293,37297,9,8,17,951,782,1733,6,0.31157,0.326519,4336.889241,0.001499,0.001115,137,0.000211,0,23,0.513889,0.011229
47081,Hickman County,,TN,1902,23025,24927,5,8,13,1128,1161,2289,6,0.313906,0.32996,12.139498,0.000996,0.001855,137,0.000131,0,23,0.535714,0.008809
47083,Houston County,,TN,660,8328,8988,3,4,7,299,366,665,6,0.291252,0.302821,6.31603,0.000318,0.000283,137,0.000126,0,23,0.583333,0.002296
47085,Humphreys County,,TN,1354,20189,21543,5,5,10,519,555,1074,6,0.309072,0.322509,1556.032825,0.00056,0.000855,137,0.000156,0,23,0.433333,0.004928
47087,Jackson County,,TN,843,10664,11507,2,3,5,446,469,915,7,0.238852,0.246324,15.059655,0.000018,0.000017,137,0.000095,0,23,0.833333,0.000322
47089,Jefferson County,,TN,4924,53173,58097,10,10,20,3530,3115,6645,6,0.289869,0.302651,18.785292,0.000449,0.000474,137,0.000251,0,23,0.6,0.004524
47091,Johnson County,,TN,843,15969,16812,3,3,6,206,268,474,7,0.258605,0.267862,15.463746,0.000029,0.000049,137,0.000132,0,23,0.333333,0.000444
47093,Knox County,,TN,31243,485942,517185,124,118,242,22044,21632,43676,5,0.407114,0.441991,119737.885754,0.045281,0.047744,137,0.001752,0,23,0.395397,0.361988
47095,Lake County,,TN,406,5448,5854,2,2,4,204,232,436,7,0.237767,0.244481,0,0.000019,0.000013,137,0.000086,0,23,1,0.00027
47097,Lauderdale County,,TN,1554,25483,27037,6,7,13,838,928,1766,6,0.311371,0.326092,15.09552,0.000644,0.001125,137,0.00017,0,23,0.761905,0.004709
47099,Lawrence County,,TN,1963,43686,45649,8,7,15,994,975,1969,6,0.306389,0.319619,2249.016572,0.00079,0.000839,137,0.000217,0,23,0.446429,0.007145
47101,Lewis County,,TN,725,11840,12565,4,3,7,275,220,495,7,0.238716,0.246079,2965.77439,0.00057,0.000036,137,0.000125,0,23,0.5,0.005032
47103,Lincoln County,,TN,1996,38028,40024,10,10,20,1343,1212,2555,6,0.307644,0.321724,1293.782859,0.001098,0.00114,137,0.000224,0,23,0.566667,0.009608
47105,Loudon County,,TN,4674,58512,63186,9,9,18,3077,3009,6086,6,0.293323,0.307406,45.276405,0.00067,0.00087,137,0.000224,0,23,0.545455,0.006227
47107,McMinn County,,TN,3462,54656,58118,10,10,20,2039,2038,4077,6,0.291571,0.30479,78.593709,0.000652,0.000673,137,0.000273,0,23,0.611111,0.006148
47109,McNairy County,,TN,1711,26479,28190,7,7,14,955,982,1937,6,0.308454,0.32227,215.22403,0.000646,0.000539,137,0.000205,0,23,0.666667,0.004724
47111,Macon County,,TN,1275,23837,25112,8,8,16,936,767,1703,6,0.306261,0.319505,4075.683494,0.000834,0.000779,137,0.000249,0,23,0.388889,0.008222
47113,Madison County,,TN,8453,108567,117020,29,26,55,5346,5128,10474,6,0.346869,0.369272,11441.57966,0.003638,0.005194,137,0.000632,0,23,0.237815,0.028673
47115,Marion County,,TN,1632,30357,31989,6,6,12,1105,935,2040,6,0.283229,0.295097,173.98461,0.000265,0.000266,137,0.000194,0,23,0.404762,0.002636
47117,Marshall County,,TN,2263,34338,36601,7,7,14,1475,1293,2768,6,0.306197,0.319334,1.553846,0.001012,0.00111,137,0.000168,0,23,0.833333,0.009086
47119,Maury County,,TN,7265,94899,102164,20,14,34,5236,4393,9629,6,0.313235,0.329846,2775.327129,0.004125,0.002356,137,0.000369,0,23,0.411905,0.032887
47121,Meigs County,,TN,993,11968,12961,5,5,10,810,687,1497,6,0.283119,0.294784,3.300445,0.000273,0.00029,137,0.000153,0,23,0.8,0.002728
47123,Monroe County,,TN,3186,46675,49861,7,9,16,1731,1938,3669,6,0.291542,0.304619,17.606433,0.000646,0.000668,137,0.000184,0,23,0.666667,0.00579
47125,Montgomery County,,TN,27844,182985,210829,98,109,207,15666,16152,31818,5,0.410364,0.444067,34511.122168,0.03679,0.04297,137,0.001167,0,23,0.438286,0.281784
47127,Moore County,,TN,582,7045,7627,4,4,8,286,439,725,7,0.236653,0.243815,0.2,0.000039,0.000036,137,0.000125,0,23,0.916667,0.000653
47129,Morgan County,,TN,1316,19933,21249,5,5,10,735,853,1588,6,0.28964,0.301655,121.773209,0.000378,0.000362,137,0.000148,0,23,0.566667,0.003303
47131,Obion County,,TN,2259,35625,37884,7,10,17,1036,1298,2334,6,0.311768,0.327088,5892.985622,0.000619,0.001327,137,0.0002,0,23,0.5,0.004527
47133,Overton County,,TN,1458,22802,24260,4,7,11,720,965,1685,7,0.24163,0.250527,75.154936,0.000033,0.000044,137,0.000161,0,23,0.380952,0.000688
47135,Perry County,,TN,434,7766,8200,1,1,2,44,41,85,8,0.204924,0.209333,2.904427,0,0,137,0.000086,0,23,0,0.000115
47137,Pickett County,,TN,267,5226,5493,2,1,3,89,49,138,7,0.238755,0.24584,0,0.000018,0.000016,137,0.000095,0,23,1,0.000322
47139,Polk County,,TN,1287,16933,18220,8,5,13,1110,844,1954,6,0.283229,0.294954,3535.402293,0.000813,0.000305,137,0.000254,0,23,0.375,0.007539
47141,Putnam County,,TN,5913,76558,82471,19,18,37,3305,3168,6473,6,0.313604,0.330899,21039.925825,0.002268,0.002391,137,0.000541,0,23,0.3,0.019848
47143,Rhea County,,TN,2092,33759,35851,8,8,16,1036,1107,2143,6,0.283366,0.29558,40.908492,0.000635,0.000316,137,0.000233,0,23,0.541667,0.00573
47145,Roane County,,TN,3917,56746,60663,10,11,21,2616,2458,5074,6,0.292095,0.305717,55.246924,0.000418,0.00068,137,0.000264,0,23,0.469697,0.004226
47147,Robertson County,,TN,6333,80025,86358,13,12,25,4369,4219,8588,6,0.309987,0.324699,115.144213,0.002191,0.001621,137,0.000265,0,23,0.620879,0.017921
47149,Rutherford County,,TN,26420,306621,333041,82,76,158,19779,19000,38779,6,0.384212,0.41562,32755.03906,0.028867,0.028616,137,0.001212,0,23,0.367374,0.229043
47151,Scott County,,TN,821,21322,22143,3,5,8,226,422,648,6,0.289726,0.301741,1374.504079,0.000348,0.000339,137,0.000127,0,23,0.5,0.002827
47153,Sequatchie County,,TN,1143,14907,16050,5,4,9,840,610,1450,6,0.283037,0.294499,4.456176,0.000267,0.000281,137,0.00018,0,23,0.6,0.002675
47155,Sevier County,,TN,8531,105155,113686,23,15,38,4277,4326,8603,6,0.322723,0.340853,1153.543245,0.006697,0.00378,137,0.000408,0,23,0.432266,0.054807
47157,Shelby County,,TN,58400,1103700,1162100,211,244,455,36138,46300,82438,5,0.445153,0.48917,285391.960714,0.067712,0.080432,137,0.002704,0,23,0.271684,0.521239
47159,Smith County,,TN,1356,20785,22141,7,7,14,729,913,1642,6,0.306325,0.319562,48.332874,0.000855,0.000879,137,0.000196,0,23,0.732143,0.008331
47161,Stewart County,,TN,1220,14009,15229,3,2,5,577,410,987,6,0.29105,0.302224,2.226471,0.000459,0.000268,137,0.000095,0,23,0.666667,0.003171
47163,Sullivan County,,TN,10931,172556,183487,17,19,36,6551,6323,12874,6,0.310184,0.326746,32844.883566,0.002395,0.001754,137,0.000476,0,23,0.277056,0.021646
47165,Sumner County,,TN,14181,191788,205969,45,26,71,12118,8978,21096,6,0.357972,0.381547,11281.819638,0.01781,0.007664,137,0.000681,0,23,0.494912,0.140292
47167,Tipton County,,TN,5130,68636,73766,9,7,16,2981,2854,5835,6,0.311437,0.326206,158.18553,0.002101,0.001149,137,0.000201,0,23,0.522222,0.016152
47169,Trousdale County,,TN,720,8248,8968,4,3,7,538,464,1002,7,0.263964,0.27326,0.166667,0.000098,0.000199,137,0.000144,0,23,0.916667,0.001951
47171,Unicoi County,,TN,1339,18480,19819,3,3,6,658,787,1445,7,0.258332,0.267322,0,0.000066,0.00005,137,0.000124,0,23,1,0.000695
47173,Union County,,TN,1546,18500,20046,6,4,10,1144,1062,2206,6,0.289583,0.301428,7.053968,0.000413,0.000339,137,0.000172,0,23,0.6,0.003898
47175,Van Buren County,,TN,384,5632,6016,3,3,6,269,243,512,7,0.235266,0.241779,30.100373,0.000007,0.000009,137,0.000139,0,23,0.166667,0.000329
47177,Warren County,,TN,2233,42983,45216,10,10,20,1234,1161,2395,6,0.306453,0.320131,5696.34012,0.000795,0.000836,137,0.000288,0,23,0.455556,0.007272
47179,Washington County,,TN,10691,130902,141593,24,24,48,6259,6393,12652,6,0.347651,0.369704,20278.732175,0.004107,0.007038,137,0.000569,0,23,0.333669,0.034439
47181,Wayne County,,TN,815,15230,16045,3,3,6,262,361,623,7,0.239438,0.247143,7.981024,0.000023,0.000022,0,0.000118,0,23,0.333333,0.000432
47183,Weakley County,,TN,2397,32434,34831,9,10,19,1113,1315,2428,6,0.313839,0.329664,4082.174244,0.001197,0.001396,137,0.000212,0,23,0.577778,0.009346
47185,White County,,TN,1661,27399,29060,7,5,12,1027,897,1924,7,0.24163,0.2503,583.936401,0.000252,0.000053,137,0.00022,0,23,0.52381,0.002686
47187,Williamson County,,TN,19207,234823,254030,84,63,147,18571,13622,32193,5,0.394294,0.423385,12762.853573,0.037574,0.031586,137,0.001034,0,23,0.530657,0.297163
47189,Wilson County,,TN,10286,139804,150090,26,19,45,8545,6316,14861,6,0.346664,0.367355,3363.632699,0.008975,0.004265,137,0.000466,0,23,0.510582,0.071635
48001,Anderson County,,TX,3639,48553,52192,12,16,28,1887,2015,3902,6,0.336086,0.355415,38.926313,0.003203,0.005949,147,0.000212,0,23,0.676471,0.028579
48003,Andrews County,,TX,1595,18428,20023,6,5,11,622,530,1152,7,0.269425,0.281249,10.343573,0.000907,0.000458,147,0.000163,0,23,0.9,0.008024
48005,Angelina County,,TX,5669,93235,98904,24,26,50,3054,3496,6550,6,0.336163,0.356724,1339.369016,0.005525,0.007836,147,0.000404,0,23,0.522168,0.051609
48007,Aransas County,,TX,2599,24731,27330,10,8,18,1689,1324,3013,6,0.332237,0.349516,234.407075,0.003653,0.003,147,0.000198,0,23,0.772727,0.034023
48009,Archer County,,TX,839,9754,10593,2,2,4,467,455,922,7,0.267238,0.277449,0.333333,0.000131,0.000095,147,0.000074,0,23,0.666667,0.000966
48011,Armstrong County,,TX,190,2001,2191,2,2,4,153,114,267,7,0.266001,0.276229,0,0.000163,0.000153,147,0.000083,0,23,1,0.001475
48013,Atascosa County,,TX,4503,48653,53156,11,10,21,2939,3022,5961,6,0.333979,0.352059,70.344571,0.003971,0.003875,147,0.000252,0,23,0.730769,0.034455
48015,Austin County,,TX,2524,33171,35695,9,9,18,1757,1577,3334,6,0.329324,0.346308,11.15277,0.002345,0.00267,147,0.000193,0,23,0.736364,0.022667
48017,Bailey County,,TX,859,8105,8964,3,4,7,279,379,658,7,0.27077,0.282455,8.516387,0.000076,0.000208,147,0.00011,0,23,0.583333,0.000757
48019,Bandera County,,TX,1962,21159,23121,6,5,11,1094,984,2078,6,0.331373,0.348049,0.222222,0.002474,0.001807,147,0.000153,0,23,0.904762,0.022865
48021,Bastrop County,,TX,6859,78418,85277,21,15,36,6367,4662,11029,6,0.336009,0.355188,50.577935,0.007399,0.005844,147,0.000354,0,23,0.787879,0.068291
48023,Baylor County,,TX,249,3778,4027,0,1,1,0,55,55,7,0.267256,0.277355,0,0,0.000089,147,0.00005,0,191,0,0
48025,Bee County,,TX,2346,26595,28941,11,10,21,1049,1177,2226,6,0.332463,0.350085,773.444424,0.002253,0.003102,147,0.000225,0,23,0.628788,0.019793
48027,Bell County,,TX,52207,331694,383901,193,190,383,33500,36614,70114,5,0.425069,0.467008,28835.882787,0.066781,0.063588,147,0.002105,0,23,0.307253,0.520873
48029,Bexar County,,TX,107980,1980702,2088682,402,350,752,105207,91247,196454,5,0.465893,0.517184,190371.296379,0.107908,0.09927,147,0.004717,0,23,0.170898,0.832155
48031,Blanco County,,TX,1052,11356,12408,6,7,13,493,566,1059,6,0.320674,0.336604,0.293651,0.001933,0.002441,147,0.000146,0,23,0.880952,0.019134
48033,Borden County,,TX,33,676,709,0,0,0,0,0,0,0,0,0,0,0,0,138,0.00005,125,192,0,0
48035,Bosque County,,TX,1756,18620,20376,7,8,15,921,1057,1978,6,0.325339,0.341684,17.520533,0.001826,0.001989,147,0.000139,0,23,0.696429,0.015857
48037,Bowie County,,TX,7603,98844,106447,25,24,49,4448,4597,9045,6,0.350982,0.373868,7443.561642,0.005141,0.007262,147,0.000445,0,23,0.381773,0.047209
48039,Brazoria County,,TX,26186,356372,382558,63,55,118,23313,20370,43683,6,0.369576,0.397321,2191.642929,0.025341,0.019095,147,0.000818,0,23,0.474414,0.210599
48041,Brazos County,,TX,16591,170343,186934,55,54,109,9647,11026,20673,6,0.369064,0.397093,2773.826383,0.016075,0.01782,147,0.000857,0,23,0.448661,0.13978
48043,Brewster County,,TX,1279,9818,11097,4,3,7,239,196,435,7,0.264417,0.275268,35.16006,0.00193,0.000258,147,0.000111,0,23,0.866667,0.016661
48045,Briscoe County,,TX,113,1655,1768,0,0,0,0,0,0,0,0,0,0,0,0,139,0.00005,126,193,0,0
48047,Brooks County,,TX,499,8002,8501,4,3,7,241,341,582,7,0.273066,0.283888,0,0.001255,0.000228,147,0.000104,0,23,1,0.010898
48049,Brown County,,TX,2864,38892,41756,19,17,36,1385,1353,2738,6,0.337014,0.356866,7929.2921,0.005209,0.005636,147,0.000417,0,23,0.504762,0.047596
48051,Burleson County,,TX,1501,19018,20519,6,4,10,899,823,1722,6,0.328586,0.344659,4.178752,0.002627,0.001065,147,0.000134,0,23,0.833333,0.024927
48053,Burnet County,,TX,4177,47716,51893,13,13,26,2894,2350,5244,6,0.33501,0.353623,79.231697,0.004865,0.005573,147,0.000242,0,23,0.733333,0.044174
48055,Caldwell County,,TX,3569,38158,41727,9,10,19,3088,2486,5574,6,0.333903,0.351945,3.539759,0.002894,0.004285,147,0.000197,0,23,0.911111,0.028128
48057,Calhoun County,,TX,1623,23772,25395,6,6,12,772,807,1579,6,0.328844,0.345284,1.877381,0.001226,0.001398,147,0.000151,0,23,0.785714,0.011703
48059,Callahan County,,TX,1401,14153,15554,5,4,9,914,813,1727,6,0.319381,0.334164,101.626205,0.000897,0.000932,147,0.000171,0,23,0.7,0.008057
48061,Cameron County,,TX,18308,443593,461901,44,55,99,9541,12442,21983,6,0.372821,0.40054,3012.193616,0.018554,0.022442,147,0.000573,0,23,0.556848,0.157422
48063,Camp County,,TX,1353,13029,14382,8,7,15,719,706,1425,6,0.321096,0.336621,14.679252,0.001638,0.001022,147,0.000165,0,23,0.736111,0.014299
48065,Carson County,,TX,690,6553,7243,4,4,8,330,341,671,7,0.266049,0.276571,0,0.000179,0.000161,147,0.00013,0,23,1,0.001712
48067,Cass County,,TX,2192,32075,34267,13,12,25,1493,1310,2803,6,0.333144,0.351598,884.273032,0.003487,0.002779,147,0.000235,0,23,0.596154,0.029646
48069,Castro County,,TX,902,8437,9339,4,5,9,339,374,713,7,0.271573,0.283541,8.234777,0.000134,0.000298,147,0.00011,0,23,0.642857,0.001098
48071,Chambers County,,TX,3862,43368,47230,8,6,14,3516,2837,6353,6,0.32866,0.345,0.2,0.001609,0.001876,147,0.000165,0,23,0.946429,0.016268
48073,Cherokee County,,TX,3752,52889,56641,13,12,25,2265,2332,4597,6,0.333182,0.351627,3.735512,0.00357,0.00375,147,0.000212,0,23,0.785714,0.032737
48075,Childress County,,TX,544,6185,6729,0,0,0,0,0,0,0,0,0,0,0,0,140,0.00005,127,194,0,0
48077,Clay County,,TX,1040,11559,12599,4,2,6,595,540,1135,7,0.267263,0.277506,0.611111,0.00085,0.000104,147,0.000123,0,23,0.666667,0.007417
48079,Cochran County,,TX,298,3241,3539,2,2,4,167,191,358,7,0.268906,0.27977,0,0.000146,0.000143,147,0.000096,0,23,1,0.001399
48081,Coke County,,TX,282,3402,3684,1,1,2,126,96,222,7,0.266146,0.276368,0,0.000127,0.000107,147,0.000067,0,23,0,0.000982
48083,Coleman County,,TX,730,8851,9581,2,2,4,217,204,421,6,0.271045,0.281655,0,0.000173,0.000155,147,0.000086,0,23,1,0.001483
48085,Collin County,,TX,89842,965077,1054919,276,206,482,95632,78189,173821,5,0.438098,0.478914,45792.796291,0.092915,0.077093,147,0.002963,0,23,0.281046,0.707462
48087,Collingsworth County,,TX,163,3160,3323,0,0,0,0,0,0,0,0,0,0,0,0,141,0.00005,128,195,0,0
48089,Colorado County,,TX,1471,23853,25324,7,6,13,909,733,1642,6,0.32866,0.345,4.911476,0.00202,0.0015,147,0.000161,0,23,0.696429,0.02035
48091,Comal County,,TX,12247,134270,146517,49,28,77,13039,8690,21729,6,0.35229,0.375904,519.760913,0.016603,0.01149,147,0.000744,0,23,0.579507,0.143756
48093,Comanche County,,TX,1080,14220,15300,3,4,7,376,413,789,6,0.318374,0.333185,0.333333,0.000786,0.000869,147,0.000097,0,23,0.916667,0.007002
48095,Concho County,,TX,221,2583,2804,1,1,2,92,58,150,7,0.266146,0.276368,0,0.000127,0.000107,147,0.000067,0,23,0,0.000982
48097,Cooke County,,TX,3661,43391,47052,10,9,19,2395,2152,4547,6,0.325483,0.342025,159.367099,0.003444,0.002965,147,0.000187,0,23,0.677778,0.030892
48099,Coryell County,,TX,15320,63278,78598,43,46,89,8088,9278,17366,6,0.366892,0.394562,3449.261031,0.017437,0.018594,147,0.00051,0,23,0.637881,0.137662
48101,Cottle County,,TX,94,1593,1687,0,0,0,0,0,0,0,0,0,0,0,0,142,0.00005,129,196,0,0
48103,Crane County,,TX,373,5136,5509,2,2,4,164,137,301,7,0.264369,0.275041,0,0.00019,0.000253,147,0.000086,0,23,1,0.002326
48105,Crockett County,,TX,366,4318,4684,1,1,2,74,85,159,7,0.266146,0.276368,0,0.000127,0.000107,147,0.000067,0,23,0,0.000982
48107,Crosby County,,TX,690,6128,6818,1,1,2,298,358,656,7,0.268881,0.279599,0,0.000138,0.000142,147,0.000067,0,23,0,0.001306
48109,Culberson County,,TX,241,2463,2704,0,0,0,0,0,0,0,0,0,0,0,0,143,0.00005,130,197,0,0
48111,Dallam County,,TX,1286,7939,9225,5,5,10,476,589,1065,7,0.266098,0.276798,5894.940207,0.000182,0.000161,147,0.000201,0,23,0.466667,0.001782
48113,Dallas County,,TX,208807,2760407,2969214,420,390,810,179999,190789,370788,5,0.4722,0.526342,297615.771019,0.109286,0.105344,147,0.004936,0,23,0.151571,0.840108
48115,Dawson County,,TX,994,13040,14034,5,3,8,423,299,722,7,0.269301,0.280737,4.278596,0.00036,0.0003,147,0.000151,0,23,0.7,0.004054
48117,Deaf Smith County,,TX,1858,22871,24729,4,7,11,606,916,1522,6,0.332652,0.350404,294.947328,0.000166,0.001999,147,0.00012,0,23,0.690476,0.001667
48119,Delta County,,TX,549,4940,5489,3,4,7,164,291,455,6,0.321026,0.336138,0,0.000837,0.000886,147,0.000087,0,23,1,0.006991
48121,Denton County,,TX,79999,790934,870933,235,174,409,82500,68080,150580,5,0.432536,0.470455,42440.076407,0.0799,0.063171,147,0.002613,0,23,0.298764,0.615426
48123,DeWitt County,,TX,1664,20376,22040,7,7,14,910,923,1833,6,0.332011,0.349187,665.165467,0.002304,0.002833,147,0.000162,0,23,0.642857,0.021295
48125,Dickens County,,TX,206,2049,2255,0,1,1,0,56,56,7,0.268924,0.279675,0,0,0.000142,147,0.00005,0,198,0,0
48127,Dimmit County,,TX,895,10699,11594,5,3,8,406,321,727,6,0.317925,0.332309,28.867649,0.00178,0.000814,147,0.000148,0,23,0.733333,0.015504
48129,Donley County,,TX,343,3620,3963,0,1,1,0,62,62,7,0.263555,0.273008,0,0,0.000075,147,0.00005,0,199,0,0
48131,Duval County,,TX,812,12157,12969,2,2,4,429,462,891,7,0.273041,0.283718,0,0.000213,0.000207,147,0.000083,0,23,1,0.001881
48133,Eastland County,,TX,1472,18214,19686,8,7,15,599,480,1079,6,0.325918,0.342139,36.541955,0.001088,0.001789,147,0.000199,0,23,0.545455,0.009739
48135,Ector County,,TX,11857,162099,173956,61,46,107,10208,8048,18256,6,0.355539,0.382105,17153.914234,0.017293,0.011541,147,0.000992,0,23,0.360697,0.145932
48137,Edwards County,,TX,209,2063,2272,0,0,0,0,0,0,0,0,0,0,0,0,144,0.00005,131,200,0,0
48139,Ellis County,,TX,13164,176139,189303,32,27,59,11956,9413,21369,6,0.349142,0.371934,211.920492,0.011642,0.009175,147,0.000451,0,23,0.634127,0.100953
48141,El Paso County,,TX,59464,930884,990348,188,220,408,32354,43468,75822,5,0.433624,0.477292,60996.158743,0.065084,0.074086,9,0.002066,0,23,0.297966,0.50793
48143,Erath County,,TX,3403,36280,39683,14,18,32,1432,1929,3361,6,0.331748,0.350922,585.496626,0.0031,0.00501,147,0.00029,0,23,0.624183,0.028875
48145,Falls County,,TX,1395,15581,16976,3,4,7,704,780,1484,6,0.320604,0.335819,0.353806,0.001276,0.001426,147,0.000084,0,23,0.833333,0.011192
48147,Fannin County,,TX,2751,33136,35887,7,8,15,1735,1725,3460,6,0.325519,0.34194,0.716089,0.002609,0.002986,147,0.000138,0,23,0.928571,0.023397
48149,Fayette County,,TX,1652,27984,29636,9,10,19,935,926,1861,6,0.332011,0.349528,14.369868,0.002323,0.003244,147,0.000214,0,23,0.651515,0.024041
48151,Fisher County,,TX,289,3954,4243,1,1,2,57,81,138,7,0.217634,0.223358,0,0.000003,0.000007,147,0.000087,0,23,0,0.000143
48153,Floyd County,,TX,650,6892,7542,2,2,4,226,269,495,7,0.269128,0.280089,0,0.00017,0.00015,147,0.000078,0,23,1,0.001455
48155,Foard County,,TX,117,1127,1244,0,0,0,0,0,0,0,0,0,0,0,0,145,0.00005,132,201,0,0
48157,Fort Bend County,,TX,55822,720302,776124,184,105,289,68999,47180,116179,5,0.400711,0.434499,12580.384748,0.072929,0.044638,147,0.001976,0,23,0.409113,0.557155
48159,Franklin County,,TX,1137,10297,11434,5,5,10,576,588,1164,6,0.32092,0.336109,1.011111,0.000846,0.000871,147,0.000126,0,23,0.75,0.007258
48161,Freestone County,,TX,1534,19840,21374,9,8,17,968,765,1733,6,0.332614,0.350375,3.37179,0.002589,0.002719,147,0.000171,0,23,0.791667,0.02288
48163,Frio County,,TX,1193,15297,16490,5,3,8,456,491,947,6,0.317925,0.332309,0.833333,0.001587,0.00083,147,0.000146,0,23,0.7,0.014167
48165,Gaines County,,TX,1229,19437,20666,8,6,14,650,465,1115,7,0.269401,0.281306,27.378357,0.000406,0.000343,147,0.000219,0,23,0.482143,0.004883
48167,Galveston County,,TX,25982,334987,360969,76,61,137,23226,19261,42487,6,0.368368,0.397105,2628.8235,0.029112,0.025173,147,0.000975,0,23,0.465003,0.238808
48169,Garza County,,TX,403,4702,5105,1,1,2,105,120,225,7,0.268881,0.279599,0,0.000138,0.000142,147,0.000067,0,23,0,0.001306
48171,Gillespie County,,TX,1918,30267,32185,6,8,14,762,790,1552,6,0.33436,0.352144,1.212789,0.003045,0.004015,147,0.00015,0,23,0.982143,0.027408
48173,Glasscock County,,TX,115,1547,1662,1,1,2,42,41,83,7,0.264059,0.274466,0,0.000106,0.000128,147,0.000067,0,23,0,0.001187
48175,Goliad County,,TX,691,7466,8157,1,3,4,281,339,620,7,0.252282,0.260795,0,0.000055,0.000088,147,0.000067,0,23,0.666667,0.000598
48177,Gonzales County,,TX,1380,21824,23204,8,9,17,654,749,1403,6,0.331974,0.349357,7.554322,0.002499,0.0029,147,0.000179,0,23,0.7,0.023377
48179,Gray County,,TX,2038,24124,26162,7,7,14,605,722,1327,6,0.319729,0.335603,3588.925784,0.000935,0.001099,147,0.00023,0,23,0.411111,0.008036
48181,Grayson County,,TX,8995,133417,142412,20,20,40,5774,5734,11508,6,0.338767,0.359511,400.224415,0.007476,0.006876,147,0.000317,0,23,0.595385,0.067032
48183,Gregg County,,TX,13673,139764,153437,39,40,79,8998,10167,19165,6,0.341571,0.365484,3188.004415,0.010089,0.009928,147,0.000564,0,23,0.44686,0.088276
48185,Grimes County,,TX,2187,26531,28718,7,6,13,1647,1442,3089,6,0.32866,0.345,1.063492,0.001329,0.001509,147,0.000158,0,23,0.809524,0.012767
48187,Guadalupe County,,TX,17004,155302,172306,54,38,92,14208,12430,26638,6,0.359465,0.385034,815.063883,0.019784,0.016351,147,0.000767,0,23,0.570455,0.165684
48189,Hale County,,TX,3610,37058,40668,7,15,22,1043,2029,3072,6,0.337752,0.357491,1895.411365,0.001066,0.004412,147,0.000196,0,23,0.490476,0.00925
48191,Hall County,,TX,324,3185,3509,0,0,0,0,0,0,0,0,0,0,0,0,146,0.00005,133,202,0,0
48193,Hamilton County,,TX,795,8733,9528,3,2,5,304,204,508,7,0.269252,0.279861,0.324615,0.00088,0.000148,147,0.000085,0,23,0.666667,0.007634
48195,Hansford County,,TX,512,6376,6888,0,1,1,0,49,49,8,0.208984,0.213888,0,0,0.000001,147,0.00005,0,203,0,0
48197,Hardeman County,,TX,407,4177,4584,0,2,2,0,119,119,7,0.267305,0.277582,0,0,0.00009,147,0.00005,0,204,1,0
48199,Hardin County,,TX,4617,60983,65600,14,13,27,3386,3161,6547,6,0.329621,0.347218,99.953234,0.004646,0.003182,147,0.000249,0,23,0.617647,0.041029
48201,Harris County,,TX,248996,4784025,5033021,599,487,1086,248300,224871,473171,5,0.489067,0.549238,607643.035591,0.126266,0.11351,147,0.007173,0,23,0.099803,0.970431
48203,Harrison County,,TX,6464,72446,78910,14,18,32,3954,4214,8168,6,0.336125,0.355728,1060.161045,0.00334,0.006287,147,0.000241,0,23,0.666667,0.029282
48205,Hartley County,,TX,794,4417,5211,3,3,6,436,384,820,7,0.266049,0.276457,0,0.000105,0.000154,147,0.000114,0,23,0.916667,0.00099
48207,Haskell County,,TX,504,5575,6079,3,3,6,270,199,469,6,0.27102,0.281712,5893,0.000133,0.000123,147,0.000206,0,23,0.333333,0.001269
48209,Hays County,,TX,18900,170572,189472,52,38,90,19098,14316,33414,6,0.355324,0.380603,676.307186,0.019204,0.014225,147,0.000716,0,23,0.586869,0.163524
48211,Hemphill County,,TX,339,4906,5245,2,0,2,90,0,90,0,0,0,0,0.000085,0,147,0.000096,0,2,1,0.000863
48213,Henderson County,,TX,8672,78242,86914,21,22,43,5111,4862,9973,6,0.336356,0.356496,48.833846,0.006495,0.007425,147,0.000322,0,23,0.656923,0.058503
48215,Hidalgo County,,TX,26936,825825,852761,71,84,155,14568,17908,32476,5,0.386697,0.418862,12722.572947,0.028046,0.030884,147,0.000895,0,23,0.416886,0.228827
48217,Hill County,,TX,3675,36452,40127,11,13,24,1952,2130,4082,6,0.34265,0.362048,62.097094,0.003735,0.005695,147,0.000196,0,23,0.717949,0.033831
48219,Hockley County,,TX,2098,24709,26807,4,5,9,1008,1151,2159,6,0.321943,0.33773,347.532199,0.000141,0.001061,147,0.000167,0,23,0.4,0.001578
48221,Hood County,,TX,5112,57892,63004,19,17,36,3684,3055,6739,6,0.336898,0.356752,143.830977,0.005489,0.006628,147,0.000327,0,23,0.718615,0.050839
48223,Hopkins County,,TX,2666,38194,40860,14,12,26,1571,1398,2969,6,0.325556,0.342452,74.387328,0.003601,0.003189,147,0.000252,0,23,0.620833,0.032574
48225,Houston County,,TX,1487,20628,22115,6,8,14,641,787,1428,6,0.328733,0.345341,2.346775,0.001242,0.001581,147,0.000136,0,23,0.678571,0.011922
48227,Howard County,,TX,2506,32762,35268,13,12,25,1114,1031,2145,6,0.331823,0.350353,1465.261245,0.004135,0.004313,147,0.000282,0,23,0.680952,0.035566
48229,Hudspeth County,,TX,342,3432,3774,1,1,2,117,100,217,6,0.302498,0.315569,0,0.000535,0.00047,9,0.000058,0,23,0,0.003684
48231,Hunt County,,TX,7976,89308,97284,22,22,44,5802,5478,11280,6,0.336704,0.356894,571.509777,0.006136,0.006447,147,0.00035,0,23,0.557312,0.05536
48233,Hutchinson County,,TX,1843,24532,26375,5,7,12,559,665,1224,6,0.330476,0.347617,170.33469,0.00019,0.001222,147,0.000153,0,23,0.690476,0.001851
48235,Irion County,,TX,175,1796,1971,1,1,2,65,73,138,7,0.266146,0.276368,0,0.000127,0.000107,147,0.000067,0,23,0,0.000982
48237,Jack County,,TX,780,8447,9227,5,6,11,319,401,720,6,0.318617,0.333754,1.512359,0.00084,0.001023,147,0.000119,0,23,0.766667,0.007768
48239,Jackson County,,TX,1179,16631,17810,5,5,10,600,632,1232,6,0.328696,0.344943,0.45,0.000934,0.001016,147,0.000141,0,23,0.9,0.008627
48241,Jasper County,,TX,2763,37003,39766,9,11,20,1621,1793,3414,6,0.33156,0.349323,31.439325,0.001145,0.002285,147,0.000191,0,23,0.590909,0.010752
48243,Jeff Davis County,,TX,232,2336,2568,0,0,0,0,0,0,0,0,0,0,0,0,148,0.00005,134,205,0,0
48245,Jefferson County,,TX,17943,266700,284643,53,46,99,11316,12962,24278,6,0.366113,0.392031,1648.940654,0.020057,0.017206,147,0.000699,0,23,0.509783,0.168358
48247,Jim Hogg County,,TX,316,5593,5909,1,1,2,50,53,103,7,0.262404,0.271101,0,0.000074,0.000089,147,0.000065,0,23,0,0.000804
48249,Jim Wells County,,TX,3442,46523,49965,12,12,24,2090,2382,4472,6,0.332539,0.350427,665.577017,0.002312,0.00316,147,0.000256,0,23,0.615385,0.020286
48251,Johnson County,,TX,14860,171454,186314,32,30,62,12093,10683,22776,6,0.339671,0.361928,456.475142,0.010478,0.009079,147,0.000474,0,23,0.619328,0.092137
48253,Jones County,,TX,1636,16067,17703,4,3,7,895,858,1753,6,0.27102,0.281712,251.60654,0.00085,0.000124,147,0.000172,0,23,0.666667,0.007572
48255,Karnes County,,TX,1080,13877,14957,4,4,8,324,376,700,6,0.318202,0.332878,0.866667,0.000945,0.000881,147,0.000122,0,23,0.8,0.008334
48257,Kaufman County,,TX,10889,121312,132201,16,19,35,10014,8197,18211,6,0.3456,0.367298,59.582811,0.006652,0.007728,147,0.00025,0,23,0.792105,0.058768
48259,Kendall County,,TX,3652,43761,47413,18,12,30,3790,2245,6035,6,0.333979,0.352287,66.143793,0.006557,0.004585,147,0.000342,0,23,0.710526,0.06139
48261,Kenedy County,,TX,56,399,455,0,0,0,0,0,0,0,0,0,0,0,0,149,0.00005,135,206,0,0
48263,Kent County,,TX,72,862,934,0,0,0,0,0,0,0,0,0,0,0,0,150,0.00005,136,207,0,0
48265,Kerr County,,TX,4234,55673,59907,21,14,35,2438,2021,4459,6,0.33574,0.354733,3010.782928,0.006534,0.005737,147,0.000422,0,23,0.624506,0.061898
48267,Kimble County,,TX,374,4803,5177,1,1,2,41,49,90,7,0.251394,0.258957,0,0.000717,0.000047,147,0.000062,0,23,1,0.006111
48269,King County,,TX,-2,286,284,0,0,0,0,0,0,0,0,0,0,0,0,151,0.00005,137,208,0,0
48271,Kinney County,,TX,217,3393,3610,1,0,1,83,0,83,0,0,0,0,0.000061,0,147,0.000061,0,15,0,0.000419
48273,Kleberg County,,TX,3436,31335,34771,9,12,21,1213,1903,3116,6,0.344706,0.364807,457.273204,0.002858,0.006139,147,0.000184,0,23,0.782051,0.025681
48275,Knox County,,TX,311,3922,4233,1,1,2,56,81,137,7,0.213246,0.218365,0,0.000001,0.000001,147,0.000109,0,23,0,0.000089
48277,Lamar County,,TX,3492,52362,55854,14,17,31,1597,1868,3465,6,0.333485,0.352651,646.198407,0.003622,0.00415,147,0.000257,0,23,0.474265,0.032848
48279,Lamb County,,TX,1197,14610,15807,5,4,9,573,587,1160,7,0.269202,0.280487,32.095141,0.000181,0.000151,147,0.000149,0,23,0.35,0.001722
48281,Lampasas County,,TX,2415,22029,24444,7,8,15,1335,1239,2574,6,0.33436,0.35223,2930.948138,0.002333,0.004456,147,0.000169,0,23,0.75,0.021871
48283,La Salle County,,TX,501,5908,6409,2,3,5,159,219,378,6,0.317994,0.332423,0.5,0.00079,0.00088,147,0.000076,0,23,0.666667,0.006915
48285,Lavaca County,,TX,1566,22793,24359,7,7,14,875,827,1702,6,0.329324,0.346081,5.526293,0.001623,0.002412,147,0.000172,0,23,0.642857,0.015614
48287,Lee County,,TX,1156,18525,19681,9,7,16,881,637,1518,6,0.329287,0.346024,4.327917,0.002066,0.002437,147,0.000215,0,23,0.708333,0.020301
48289,Leon County,,TX,1569,19032,20601,8,9,17,739,795,1534,6,0.332652,0.350546,16.697624,0.002065,0.003089,147,0.000168,0,23,0.680556,0.018737
48291,Liberty County,,TX,6569,75979,82548,12,13,25,5239,4924,10163,6,0.331523,0.349494,25.049516,0.003335,0.003362,147,0.000235,0,23,0.738095,0.033288
48293,Limestone County,,TX,2006,23843,25849,9,8,17,962,1101,2063,6,0.332614,0.350375,20.665659,0.002531,0.002723,147,0.000176,0,23,0.708333,0.022272
48295,Lipscomb County,,TX,263,3895,4158,1,1,2,53,58,111,8,0.208942,0.213791,0,0.000001,0.000001,147,0.000163,0,23,0,0.000089
48297,Live Oak County,,TX,912,10502,11414,6,5,11,420,379,799,6,0.318098,0.332821,0,0.001821,0.001062,147,0.000141,0,23,1,0.016131
48299,Llano County,,TX,1976,18477,20453,6,4,10,1107,927,2034,6,0.320569,0.336092,0,0.003026,0.002135,147,0.000129,0,23,1,0.027885
48301,Loving County,,TX,-2,75,73,0,0,0,0,0,0,0,0,0,0,0,0,152,0.00005,138,209,0,0
48303,Lubbock County,,TX,20583,292870,313453,80,72,152,13451,13803,27254,6,0.367721,0.398231,68696.905525,0.019676,0.019123,147,0.001441,0,23,0.283763,0.166648
48305,Lynn County,,TX,555,6340,6895,1,2,3,264,351,615,7,0.268906,0.27977,0,0.000138,0.000145,147,0.000067,0,23,1,0.001306
48307,McCulloch County,,TX,754,9084,9838,1,2,3,51,145,196,7,0.266315,0.27688,0,0.000127,0.000144,147,0.000067,0,23,1,0.000982
48309,McLennan County,,TX,15467,254876,270343,51,49,100,9238,9974,19212,6,0.360926,0.387696,1323.884274,0.017237,0.014868,147,0.000691,0,23,0.492063,0.146428
48311,McMullen County,,TX,119,932,1051,0,0,0,0,0,0,0,0,0,0,0,0,153,0.00005,139,210,0,0
48313,Madison County,,TX,909,12398,13307,5,6,11,513,557,1070,6,0.32866,0.345,0.616667,0.001281,0.001498,147,0.000124,0,23,0.866667,0.012314
48315,Marion County,,TX,1073,9624,10697,5,4,9,518,523,1041,7,0.25476,0.26423,0.412162,0.000293,0.000141,147,0.000115,0,23,0.9,0.002412
48317,Martin County,,TX,455,5346,5801,1,2,3,272,236,508,7,0.264107,0.274694,0,0.000106,0.000158,147,0.000067,0,23,1,0.001187
48319,Mason County,,TX,264,4585,4849,0,0,0,0,0,0,0,0,0,0,0,0,154,0.00005,140,211,0,0
48321,Matagorda County,,TX,2555,40527,43082,11,9,20,1291,1515,2806,6,0.332049,0.349471,28.924122,0.003255,0.003355,147,0.000226,0,23,0.742424,0.031918
48323,Maverick County,,TX,3020,69891,72911,10,11,21,1424,1604,3028,6,0.335394,0.353868,106.504563,0.004057,0.004133,147,0.000216,0,23,0.75,0.036017
48325,Medina County,,TX,3769,47468,51237,13,9,22,2779,2339,5118,6,0.331598,0.348845,56.100582,0.002991,0.00225,147,0.000307,0,23,0.596154,0.028201
48327,Menard County,,TX,200,2138,2338,0,1,1,0,40,40,7,0.266188,0.276445,0,0,0.000107,147,0.00005,0,212,0,0
48329,Midland County,,TX,15226,166342,181568,69,59,128,11922,10574,22496,6,0.358761,0.387634,31629.757527,0.017698,0.014743,147,0.001192,0,23,0.325381,0.151157
48331,Milam County,,TX,1841,25782,27623,8,6,14,996,930,1926,6,0.330178,0.347076,4.81111,0.00253,0.002845,147,0.000189,0,23,0.785714,0.024103
48333,Mills County,,TX,248,5174,5422,1,1,2,64,44,108,7,0.252086,0.25989,0,0.000041,0.000038,147,0.000071,0,23,0,0.000425
48335,Mitchell County,,TX,665,7481,8146,4,5,9,176,273,449,6,0.273781,0.285654,8.612872,0.000305,0.000268,147,0.000127,0,23,0.766667,0.002853
48337,Montague County,,TX,1790,21260,23050,7,9,16,870,981,1851,6,0.325519,0.342053,325.88665,0.002097,0.003069,147,0.000182,0,23,0.763889,0.018557
48339,Montgomery County,,TX,43941,535900,579841,156,103,259,48655,34771,83426,5,0.391554,0.425336,15430.300588,0.055632,0.036349,147,0.001857,0,23,0.3534,0.438861
48341,Moore County,,TX,2925,25857,28782,7,13,20,692,1555,2247,6,0.334934,0.35413,6985.439504,0.00095,0.002497,147,0.000213,0,23,0.333333,0.008155
48343,Morris County,,TX,1313,13906,15219,6,7,13,668,750,1418,6,0.321166,0.336706,1.280774,0.000913,0.000968,147,0.000138,0,23,0.833333,0.007854
48345,Motley County,,TX,120,1143,1263,0,0,0,0,0,0,0,0,0,0,0,0,155,0.00005,141,213,0,0
48347,Nacogdoches County,,TX,5419,61196,66615,18,26,44,2512,3411,5923,6,0.336472,0.357122,1353.601113,0.004896,0.008488,147,0.000318,0,23,0.561576,0.045627
48349,Navarro County,,TX,3982,52056,56038,17,17,34,2504,2480,4984,6,0.335471,0.354733,19.827438,0.005017,0.005565,147,0.000272,0,23,0.739766,0.045732
48351,Newton County,,TX,1113,11866,12979,4,5,9,546,700,1246,6,0.328623,0.344829,0,0.000895,0.001139,147,0.00011,0,23,1,0.008314
48353,Nolan County,,TX,1203,16318,17521,6,5,11,548,472,1020,6,0.278147,0.290575,5900.079678,0.000975,0.000373,147,0.000214,0,23,0.547619,0.008661
48355,Nueces County,,TX,23453,371432,394885,84,74,158,16615,16735,33350,6,0.375497,0.405859,16788.237058,0.026343,0.02629,147,0.001239,0,23,0.3757,0.218628
48357,Ochiltree County,,TX,978,12235,13213,4,2,6,191,139,330,7,0.264107,0.274017,8823.11739,0.000098,0.000079,147,0.000265,0,23,0.083333,0.001112
48359,Oldham County,,TX,228,2250,2478,2,2,4,84,113,197,7,0.266001,0.276229,0,0.000163,0.000153,147,0.000083,0,23,1,0.001475
48361,Orange County,,TX,6048,93199,99247,18,16,34,3848,3843,7691,6,0.334246,0.35314,158.155985,0.005676,0.004993,147,0.000306,0,23,0.547368,0.052867
48363,Palo Pinto County,,TX,2535,28958,31493,9,10,19,1416,1366,2782,6,0.332803,0.350887,59.718503,0.002125,0.003308,147,0.000181,0,23,0.636364,0.019157
48365,Panola County,,TX,2033,26443,28476,7,10,17,918,1141,2059,6,0.332917,0.351058,8.353029,0.001166,0.002936,147,0.000142,0,23,0.781818,0.010041
48367,Parker County,,TX,12157,133272,145429,33,26,59,10595,8528,19123,6,0.346581,0.369522,700.273659,0.010966,0.00866,147,0.000493,0,23,0.575397,0.096408
48369,Parmer County,,TX,1226,12089,13315,5,6,11,492,633,1125,7,0.268635,0.280075,71.38312,0.000314,0.000218,147,0.00013,0,23,0.571429,0.002797
48371,Pecos County,,TX,1245,15163,16408,4,5,9,320,487,807,6,0.318825,0.333987,15.348778,0.001442,0.001144,147,0.000105,0,23,0.833333,0.012121
48373,Polk County,,TX,5394,54581,59975,19,19,38,2550,2432,4982,6,0.347527,0.368936,279.656948,0.007406,0.006765,147,0.000319,0,23,0.610507,0.068018
48375,Potter County,,TX,15311,123640,138951,35,32,67,9531,11151,20682,6,0.357753,0.382975,28522.994415,0.010331,0.010622,147,0.000664,0,23,0.37561,0.088053
48377,Presidio County,,TX,1267,10339,11606,4,4,8,286,708,994,6,0.303187,0.317076,50.306412,0.000727,0.000737,147,0.000125,0,23,0.75,0.006203
48379,Rains County,,TX,914,10299,11213,5,5,10,669,482,1151,6,0.325086,0.340944,0,0.001417,0.001692,147,0.000119,0,23,1,0.012468
48381,Randall County,,TX,14240,138872,153112,36,41,77,11520,10350,21870,6,0.358761,0.385176,48120.327796,0.010871,0.011899,147,0.000743,0,23,0.371498,0.092803
48383,Reagan County,,TX,316,4110,4426,0,1,1,0,67,67,7,0.266188,0.276445,0,0,0.000107,147,0.00005,0,214,0,0
48385,Real County,,TX,326,3371,3697,2,1,3,93,47,140,7,0.242952,0.249686,0,0.000731,0.000019,147,0.000089,0,23,1,0.006362
48387,Red River County,,TX,1131,13138,14269,4,5,9,508,493,1001,6,0.321272,0.336593,30.802657,0.000868,0.000869,147,0.000103,0,23,0.65,0.007138
48389,Reeves County,,TX,867,11809,12676,3,3,6,335,379,714,7,0.264393,0.275211,0,0.000725,0.000258,147,0.000094,0,23,0.916667,0.00601
48391,Refugio County,,TX,538,8325,8863,4,3,7,261,186,447,7,0.273244,0.284287,0,0.000316,0.000305,147,0.000117,0,23,1,0.00316
48393,Roberts County,,TX,93,962,1055,0,0,0,0,0,0,0,0,0,0,0,0,156,0.00005,142,215,0,0
48395,Robertson County,,TX,1564,18062,19626,6,3,9,932,811,1743,6,0.328549,0.344488,3.201226,0.003206,0.001046,147,0.000125,0,23,0.880952,0.028586
48397,Rockwall County,,TX,9338,95014,104352,22,17,39,8543,6739,15282,6,0.349893,0.371763,75.686032,0.00963,0.008893,147,0.000315,0,23,0.756667,0.082184
48399,Runnels County,,TX,949,11463,12412,3,2,5,361,338,699,6,0.273627,0.284972,0,0.000367,0.000224,147,0.000099,0,23,1,0.003227
48401,Rusk County,,TX,5095,53805,58900,11,12,23,3123,3390,6513,6,0.333182,0.351627,10.990836,0.002708,0.00371,147,0.000186,0,23,0.75641,0.023551
48403,Sabine County,,TX,1066,10511,11577,4,5,9,329,412,741,6,0.328623,0.344829,209.142249,0.000873,0.001002,147,0.000121,0,23,0.666667,0.008084
48405,San Augustine County,,TX,730,8540,9270,5,4,9,331,374,705,7,0.252021,0.260698,1.616667,0.000958,0.000094,147,0.000129,0,23,0.8,0.008525
48407,San Jacinto County,,TX,2640,23965,26605,7,6,13,2047,1849,3896,6,0.32866,0.345,0.111111,0.001523,0.001646,147,0.000151,0,23,0.952381,0.01522
48409,San Patricio County,,TX,7701,76251,83952,25,23,48,4839,5386,10225,6,0.336627,0.356815,925.40138,0.008246,0.006792,147,0.000407,0,23,0.624384,0.071848
48411,San Saba County,,TX,448,6167,6615,0,1,1,0,41,41,7,0.250641,0.25788,0,0,0.000017,147,0.00005,0,216,0,0
48413,Schleicher County,,TX,325,3246,3571,1,1,2,94,96,190,7,0.266146,0.276368,0,0.000127,0.000107,147,0.000067,0,23,0,0.000982
48415,Scurry County,,TX,1422,17596,19018,6,6,12,360,474,834,6,0.278385,0.2912,74.766145,0.001042,0.0005,147,0.000172,0,23,0.732143,0.010164
48417,Shackelford County,,TX,316,3722,4038,1,1,2,50,64,114,6,0.270945,0.281314,0,0.000133,0.000117,147,0.000065,0,23,0,0.001058
48419,Shelby County,,TX,1950,27896,29846,8,7,15,765,957,1722,6,0.331336,0.348527,498.10499,0.001781,0.0018,147,0.000179,0,23,0.583333,0.016016
48421,Sherman County,,TX,219,2827,3046,1,1,2,56,50,106,7,0.250921,0.258559,0,0.000018,0.000007,147,0.000064,0,23,0,0.000141
48423,Smith County,,TX,17016,237331,254347,62,54,116,12122,12053,24175,6,0.358454,0.386456,1692.1216,0.016059,0.015273,147,0.000839,0,23,0.398338,0.138143
48425,Somervell County,,TX,864,9259,10123,4,5,9,437,437,874,6,0.31834,0.333242,0.416667,0.000837,0.001008,147,0.000107,0,23,0.85,0.007666
48427,Starr County,,TX,2614,69958,72572,5,8,13,1236,1796,3032,6,0.332577,0.349903,182.273512,0.002682,0.003176,147,0.000103,0,23,0.847222,0.022503
48429,Stephens County,,TX,655,9177,9832,1,3,4,52,167,219,6,0.319346,0.333993,0,0.000133,0.000926,147,0.000065,0,23,1,0.001058
48431,Sterling County,,TX,72,1395,1467,0,0,0,0,0,0,0,0,0,0,0,0,157,0.00005,143,217,0,0
48433,Stonewall County,,TX,101,1611,1712,0,0,0,0,0,0,0,0,0,0,0,0,158,0.00005,144,218,0,0
48435,Sutton County,,TX,338,4786,5124,1,2,3,65,131,196,7,0.267555,0.278189,0,0.000127,0.000146,147,0.000067,0,23,1,0.000982
48437,Swisher County,,TX,811,7692,8503,3,4,7,276,350,626,7,0.271623,0.283456,0,0.000194,0.000303,147,0.000094,0,23,1,0.001624
48439,Tarrant County,,TX,141918,2159599,2301517,428,360,788,138052,124869,262921,5,0.466635,0.518948,266480.883093,0.110892,0.098236,147,0.00502,0,23,0.153629,0.852884
48441,Taylor County,,TX,13752,143438,157190,54,56,110,6990,7926,14916,5,0.371592,0.400648,39891.591324,0.016188,0.018361,147,0.000989,0,23,0.401035,0.134958
48443,Terrell County,,TX,122,913,1035,0,0,0,0,0,0,0,0,0,0,0,0,159,0.00005,145,219,0,0
48445,Terry County,,TX,910,12360,13270,2,3,5,287,479,766,7,0.268931,0.279941,0.611111,0.000141,0.000146,147,0.000098,0,23,0.666667,0.001427
48447,Throckmorton County,,TX,144,1676,1820,0,0,0,0,0,0,0,0,0,0,0,0,160,0.00005,146,220,0,0
48449,Titus County,,TX,2656,35719,38375,11,14,25,1209,1567,2776,6,0.332992,0.351598,118.557144,0.001701,0.0035,147,0.00022,0,23,0.575,0.015209
48451,Tom Green County,,TX,11558,121012,132570,51,54,105,5762,6209,11971,6,0.362624,0.390961,52452.108898,0.014786,0.01765,147,0.001077,0,23,0.330776,0.124425
48453,Travis County,,TX,115577,1184030,1299607,456,292,748,164240,102243,266483,5,0.45237,0.500233,144081.81452,0.120029,0.093162,147,0.005067,0,23,0.160754,0.917732
48455,Trinity County,,TX,1269,13674,14943,6,7,13,833,774,1607,6,0.328696,0.345171,0.61978,0.001247,0.00167,147,0.000137,0,23,0.857143,0.012194
48457,Tyler County,,TX,1528,18973,20501,8,7,15,959,787,1746,6,0.328696,0.345171,1.81328,0.001387,0.001233,147,0.000166,0,23,0.75,0.0138
48459,Upshur County,,TX,4226,39643,43869,13,14,27,2982,2876,5858,6,0.332955,0.35157,775.897676,0.002635,0.00379,147,0.00024,0,23,0.590476,0.023452
48461,Upton County,,TX,321,3550,3871,0,1,1,0,57,57,7,0.262352,0.272132,0,0,0.000125,147,0.00005,0,221,0,0
48463,Uvalde County,,TX,2185,30135,32320,10,9,19,909,950,1859,6,0.320885,0.337173,3029.474351,0.002587,0.00195,147,0.000294,0,23,0.492424,0.02368
48465,Val Verde County,,TX,4736,55403,60139,15,22,37,1496,2186,3682,6,0.353395,0.37653,4190.390627,0.005457,0.008417,147,0.000286,0,23,0.641304,0.047738
48467,Van Zandt County,,TX,4250,54377,58627,14,14,28,3325,2767,6092,6,0.332992,0.351627,3.53951,0.003828,0.004289,147,0.000232,0,23,0.814286,0.034801
48469,Victoria County,,TX,6536,102755,109291,32,29,61,4250,4349,8599,6,0.33713,0.35818,5599.29136,0.007696,0.007638,147,0.000564,0,23,0.5,0.071339
48471,Walker County,,TX,5502,51406,56908,21,18,39,3416,3683,7099,6,0.336048,0.355586,155.715705,0.006132,0.006623,147,0.000355,0,23,0.602381,0.058233
48473,Waller County,,TX,4262,42198,46460,8,9,17,3809,3215,7024,6,0.334055,0.35186,12.256246,0.001779,0.003573,147,0.000177,0,23,0.8,0.018071
48475,Ward County,,TX,972,12091,13063,5,4,9,384,394,778,7,0.269376,0.281021,28.646893,0.000735,0.000396,147,0.000138,0,23,0.619048,0.006292
48477,Washington County,,TX,2382,38208,40590,11,13,24,1604,1454,3058,6,0.334551,0.352998,50.470839,0.003054,0.004675,147,0.000237,0,23,0.593407,0.02966
48479,Webb County,,TX,8696,300802,309498,28,26,54,4498,5448,9946,6,0.355712,0.378845,7406.707301,0.012357,0.010179,147,0.000436,0,23,0.588235,0.102628
48481,Wharton County,,TX,2472,48650,51122,10,10,20,1640,1674,3314,6,0.332087,0.349642,27.501312,0.002286,0.003385,147,0.000219,0,23,0.689394,0.021674
48483,Wheeler County,,TX,467,6342,6809,1,1,2,48,57,105,7,0.242309,0.248963,0,0.000086,0.000007,147,0.000066,0,23,1,0.000753
48485,Wichita County,,TX,10937,131604,142541,39,46,85,4657,5896,10553,6,0.364609,0.392264,21158.046073,0.012372,0.016242,147,0.000657,0,23,0.422351,0.104047
48487,Wilbarger County,,TX,1073,14232,15305,2,4,6,210,357,567,6,0.325303,0.341143,235.259131,0.000118,0.001681,147,0.000084,0,23,0.35,0.000909
48489,Willacy County,,TX,1324,20448,21772,3,4,7,510,797,1307,6,0.32925,0.345432,0,0.001205,0.001439,147,0.000081,0,23,1,0.010198
48491,Williamson County,,TX,50494,516732,567226,173,115,288,53651,40797,94448,6,0.40347,0.43851,15818.740014,0.062803,0.04394,147,0.002033,0,23,0.372253,0.488729
48493,Wilson County,,TX,3850,47978,51828,13,8,21,3071,2348,5419,6,0.33156,0.348675,65.72674,0.004121,0.002206,147,0.000252,0,23,0.648352,0.037463
48495,Winkler County,,TX,723,7982,8705,3,2,5,200,213,413,7,0.264369,0.275041,0,0.000193,0.000253,147,0.000115,0,23,1,0.002451
48497,Wise County,,TX,5806,66538,72344,13,14,27,4419,3669,8088,6,0.33029,0.348618,89.743059,0.004382,0.004264,147,0.000229,0,23,0.695833,0.039267
48499,Wood County,,TX,3444,43822,47266,15,16,31,2494,2198,4692,6,0.333068,0.351968,150.908303,0.00436,0.004143,147,0.000263,0,23,0.617647,0.040105
48501,Yoakum County,,TX,679,9561,10240,4,4,8,280,363,643,7,0.269351,0.280965,10.034222,0.000717,0.000333,147,0.000127,0,23,0.9,0.005698
48503,Young County,,TX,1291,20616,21907,4,8,12,354,525,879,6,0.326135,0.342565,157.301606,0.000858,0.001898,147,0.000107,0,23,0.625,0.007474
48505,Zapata County,,TX,617,14731,15348,3,3,6,252,272,524,6,0.328955,0.344989,0,0.000319,0.001204,147,0.000085,0,23,0.916667,0.002736
48507,Zavala County,,TX,805,11911,12716,3,3,6,310,346,656,6,0.317925,0.332309,0.333333,0.000737,0.000811,147,0.000131,0,23,0.833333,0.006551
49001,Beaver County,,UT,473,7496,7969,1,2,3,99,195,294,7,0.261048,0.270475,0,0.00003,0.000163,9,0.000065,0,23,1,0.000429
49003,Box Elder County,,UT,3907,58630,62537,9,11,20,2853,2588,5441,6,0.338533,0.35756,2965.001116,0.002129,0.003101,9,0.000159,0,23,0.775641,0.017727
49005,Cache County,,UT,10491,123570,134061,24,32,56,4662,6621,11283,6,0.350688,0.374778,4807.800581,0.006737,0.007601,9,0.000361,0,23,0.385491,0.055583
49007,Carbon County,,UT,1708,22174,23882,5,8,13,549,871,1420,6,0.303942,0.317969,3.986344,0.001074,0.001218,9,0.000118,0,23,0.767857,0.009172
49009,Daggett County,,UT,66,1042,1108,0,0,0,0,0,0,0,0,0,0,0,0,161,0.00005,147,222,0,0
49011,Davis County,,UT,28971,366581,395552,70,63,133,25452,21938,47390,6,0.365565,0.394966,5126.841529,0.025188,0.023143,9,0.000842,0,23,0.477567,0.203016
49013,Duchesne County,,UT,1580,22338,23918,9,4,13,1385,801,2186,6,0.30347,0.316803,0.090909,0.002116,0.000948,9,0.000162,0,23,0.972222,0.017702
49015,Emery County,,UT,855,11933,12788,3,4,7,323,382,705,6,0.30347,0.316803,0,0.000828,0.000933,9,0.000083,0,23,1,0.006626
49017,Garfield County,,UT,485,5420,5905,3,2,5,174,112,286,7,0.261048,0.270475,0,0.000632,0.000163,9,0.000093,0,23,1,0.005455
49019,Grand County,,UT,887,11457,12344,3,3,6,203,221,424,6,0.303658,0.316917,1.588424,0.000653,0.000607,9,0.000082,0,23,0.666667,0.004965
49021,Iron County,,UT,4885,44620,49505,18,18,36,2691,2952,5643,6,0.34269,0.362747,5100.530696,0.006111,0.004149,9,0.000312,0,23,0.487013,0.048723
49023,Juab County,,UT,803,11280,12083,3,3,6,495,488,983,6,0.303438,0.316633,0,0.000828,0.000815,9,0.000089,0,23,1,0.006635
49025,Kane County,,UT,795,7231,8026,3,4,7,245,310,555,6,0.303313,0.316633,0.2,0.000696,0.000755,9,0.000088,0,23,0.833333,0.00578
49027,Millard County,,UT,967,14403,15370,4,5,9,368,450,818,6,0.303533,0.317031,0,0.00093,0.000977,9,0.000104,0,23,1,0.007955
49029,Morgan County,,UT,854,11970,12824,4,4,8,770,516,1286,6,0.303533,0.316889,0,0.001104,0.001079,9,0.000091,0,23,1,0.0088
49031,Piute County,,UT,88,1488,1576,0,0,0,0,0,0,0,0,0,0,0,0,162,0.00005,148,223,0,0
49033,Rich County,,UT,199,2432,2631,0,1,1,0,47,47,6,0.303134,0.315956,0,0,0.000506,9,0.00005,0,224,0,0
49035,Salt Lake County,,UT,72603,1260800,1333403,207,218,425,55442,60892,116334,5,0.434847,0.477747,102433.014911,0.070093,0.072029,9,0.002418,0,23,0.289378,0.549689
49037,San Juan County,,UT,1251,10607,11858,5,8,13,654,695,1349,6,0.336859,0.355057,51.200398,0.000931,0.002002,9,0.000113,0,23,0.607143,0.007423
49039,Sanpete County,,UT,1948,26535,28483,8,8,16,1284,1240,2524,6,0.303753,0.317742,6.697929,0.001125,0.001219,9,0.000177,0,23,0.722222,0.009926
49041,Sevier County,,UT,1520,22246,23766,8,7,15,801,808,1609,6,0.325628,0.342065,22.497185,0.001847,0.002017,9,0.000156,0,23,0.916667,0.01564
49043,Summit County,,UT,5066,50801,55867,15,12,27,2820,2747,5567,6,0.344301,0.363959,11.658483,0.008179,0.006304,9,0.000198,0,23,0.825,0.064181
49045,Tooele County,,UT,5829,66986,72815,14,13,27,4792,3508,8300,6,0.340183,0.35963,45.060116,0.005134,0.003914,9,0.000219,0,23,0.669118,0.042772
49047,Uintah County,,UT,3203,36543,39746,16,13,29,2202,1574,3776,6,0.326863,0.344511,301.201706,0.003202,0.002966,9,0.000271,0,23,0.532164,0.026958
49049,Utah County,,UT,40931,580005,620936,123,116,239,30270,31984,62254,5,0.398314,0.433874,24837.201227,0.041617,0.041393,9,0.001492,0,23,0.389106,0.34046
49051,Wasatch County,,UT,2687,28845,31532,11,7,18,2304,1562,3866,6,0.338259,0.356706,0.183333,0.005394,0.002961,9,0.000169,0,23,0.954545,0.043512
49053,Washington County,,UT,11836,153317,165153,55,35,90,10600,7705,18305,6,0.35314,0.377924,7781.301868,0.016404,0.011274,9,0.00077,0,23,0.409774,0.133666
49055,Wayne County,,UT,199,2909,3108,1,0,1,47,0,47,0,0,0,0,0.00052,0,9,0.00006,0,22,0,0.003982
49057,Weber County,,UT,19237,268205,287442,35,41,76,13680,14140,27820,6,0.354764,0.380683,1088.703496,0.012484,0.016269,9,0.000453,0,23,0.58023,0.100637
50001,Addison County,,VT,2577,43872,46449,5,5,10,1179,1245,2424,7,0.266873,0.277523,1.126129,0.00019,0.000162,95,0.000129,0,23,0.85,0.001598
50003,Bennington County,,VT,2334,44006,46340,7,7,14,672,822,1494,7,0.272533,0.285379,17.281215,0.000334,0.000445,99,0.000128,0,23,0.428571,0.002671
50005,Caledonia County,,VT,1846,36142,37988,9,7,16,1066,946,2012,7,0.269202,0.28051,1259.589191,0.000854,0.000218,95,0.00022,0,23,0.513889,0.006972
50007,Chittenden County,,VT,12227,188966,201193,48,58,106,6728,7534,14262,6,0.363704,0.391718,37104.281259,0.017974,0.022354,95,0.000613,0,23,0.512821,0.131443
50009,Essex County,,VT,536,6748,7284,3,4,7,300,326,626,7,0.253504,0.262674,4.171537,0.00001,0.000085,95,0.000117,0,23,0.583333,0.000388
50011,Franklin County,,VT,3066,59115,62181,8,7,15,2009,1820,3829,7,0.267385,0.278547,23.145781,0.00019,0.000155,95,0.00022,0,23,0.464286,0.001828
50013,Grand Isle County,,VT,761,8891,9652,2,2,4,561,401,962,7,0.266752,0.276897,0,0.000163,0.000131,95,0.000086,0,23,1,0.001109
50015,Lamoille County,,VT,2220,30737,32957,7,5,12,1085,1068,2153,7,0.266849,0.277466,55.030335,0.000806,0.000149,95,0.00018,0,23,0.714286,0.006423
50017,Orange County,,VT,2387,34532,36919,7,5,12,1496,1384,2880,7,0.269153,0.280168,2.999709,0.000253,0.000229,95,0.000154,0,23,0.666667,0.002368
50019,Orleans County,,VT,1331,32756,34087,7,6,13,680,615,1295,7,0.266897,0.277694,1239.677398,0.000793,0.000149,95,0.000196,0,23,0.619048,0.006287
50021,Rutland County,,VT,3485,74113,77598,7,11,18,1136,1394,2530,6,0.3011,0.316763,281.789542,0.00081,0.000982,95,0.000151,0,23,0.445455,0.006373
50023,Washington County,,VT,4405,73093,77498,11,11,22,2190,2207,4397,6,0.300605,0.315967,382.143211,0.000865,0.000878,95,0.000262,0,23,0.545455,0.0073
50025,Windham County,,VT,3223,52555,55778,14,11,25,1515,1417,2932,6,0.301844,0.317435,133.92353,0.003174,0.001922,95,0.000177,0,23,0.576923,0.02173
50027,Windsor County,,VT,4678,69899,74577,13,16,29,2564,2563,5127,6,0.301689,0.317986,569.357691,0.002645,0.001955,95,0.000215,0,23,0.459064,0.019129
51001,Accomack County,,VA,2449,40501,42950,7,7,14,1197,849,2046,6,0.298158,0.312998,68.571452,0.001152,0.001073,118,0.000155,0,23,0.285714,0.008363
51003,Albemarle County,,VA,11938,109820,121758,48,42,90,7276,7526,14802,5,0.373915,0.400478,36370.859199,0.019145,0.017228,118,0.000639,0,23,0.498488,0.148197
51005,Alleghany County,,VA,979,17690,18669,2,3,5,366,459,825,7,0.253633,0.26281,5863,0,0.000035,164,0.000179,0,225,0.166667,0.000154
51007,Amelia County,,VA,1092,15006,16098,4,5,9,535,658,1193,6,0.282682,0.296001,2.999958,0.000499,0.000837,164,0.000116,0,23,0.8,0.004089
51009,Amherst County,,VA,2226,35221,37447,5,5,10,1394,1340,2734,7,0.244309,0.253255,22.958981,0.000041,0.000046,164,0.00018,0,23,0.5,0.000792
51011,Appomattox County,,VA,949,17402,18351,5,4,9,522,516,1038,7,0.244187,0.252856,15.185229,0.000037,0.000031,164,0.000163,0,23,0.55,0.000679
51013,Arlington County,,VA,45714,240452,286166,129,113,242,30880,37920,68800,5,0.400766,0.435842,6146.926352,0.061339,0.053802,118,0.00118,0,23,0.562352,0.458178
51015,Augusta County,,VA,5097,85679,90776,7,8,15,3577,3167,6744,6,0.272914,0.283823,11865.506811,0.000896,0.000198,118,0.0002,0,23,0.569444,0.007322
51017,Bath County,,VA,305,5468,5773,0,1,1,0,51,51,8,0.202374,0.207004,0,0,0,164,0.00005,0,226,0,0
51019,Bedford County,,VA,6036,80408,86444,14,13,27,4830,3953,8783,6,0.299377,0.315927,3067.071136,0.001615,0.00095,164,0.000336,0,23,0.433333,0.012914
51021,Bland County,,VA,325,6663,6988,3,1,4,142,93,235,8,0.20951,0.214525,29.219454,0.000006,0.000001,137,0.000151,0,23,0.333333,0.000315
51023,Botetourt County,,VA,2848,40082,42930,7,6,13,1881,1720,3601,6,0.267043,0.277577,2462.904259,0.000086,0.000087,164,0.000244,0,23,0.553571,0.001112
51025,Brunswick County,,VA,1043,16231,17274,6,6,12,446,462,908,6,0.278676,0.290933,2576.258581,0.000293,0.000325,164,0.000173,0,23,0.357143,0.002882
51027,Buchanan County,,VA,1069,22301,23370,3,5,8,383,585,968,7,0.225836,0.232522,39.892317,0,0.000001,137,0.000131,0,23,0.5,0.000257
51029,Buckingham County,,VA,1009,15694,16703,5,6,11,427,462,889,6,0.279473,0.291911,24.609391,0.000195,0.000493,164,0.000136,0,23,0.533333,0.001835
51031,Campbell County,,VA,4736,60861,65597,9,9,18,3395,3201,6596,7,0.254098,0.264668,2615.509423,0.000843,0.000074,164,0.000244,0,23,0.366667,0.006898
51033,Caroline County,,VA,3025,32173,35198,13,11,24,2432,1854,4286,6,0.315495,0.331997,135.390397,0.002427,0.002352,118,0.000205,0,23,0.620879,0.018555
51035,Carroll County,,VA,1609,30675,32284,5,7,12,1065,939,2004,7,0.264083,0.274622,3115.88435,0.000018,0.000042,164,0.000233,0,23,0.333333,0.000583
51036,Charles City County,,VA,551,8078,8629,3,3,6,230,296,526,6,0.281433,0.293931,0,0.000394,0.00053,164,0.000092,0,23,1,0.003218
51037,Charlotte County,,VA,785,13352,14137,5,6,11,344,402,746,7,0.237285,0.245613,35.959038,0.000022,0.000021,164,0.000156,0,23,0.333333,0.000597
51041,Chesterfield County,,VA,28085,386735,414820,110,95,205,23987,20564,44551,5,0.385679,0.41917,66037.939163,0.042453,0.037734,164,0.001311,0,23,0.4164,0.320144
51043,Clarke County,,VA,1486,16319,17805,6,6,12,879,849,1728,6,0.284659,0.297941,0.142857,0.001676,0.000558,118,0.000132,0,23,0.946429,0.01282
51045,Craig County,,VA,297,5547,5844,2,1,3,92,63,155,7,0.253504,0.262307,0,0.000078,0.000034,164,0.000086,0,23,1,0.000533
51047,Culpeper County,,VA,4006,54340,58346,13,15,28,2832,2343,5175,6,0.315563,0.332594,1150.075759,0.002518,0.002426,118,0.000228,0,23,0.507353,0.018954
51049,Cumberland County,,VA,799,10153,10952,5,5,10,560,444,1004,6,0.27934,0.291775,30.312867,0.000607,0.000506,164,0.00013,0,23,0.633333,0.005185
51051,Dickenson County,,VA,656,14214,14870,2,4,6,264,378,642,7,0.225993,0.23271,13.727065,0,0.000001,137,0.000101,0,23,0.75,0.000179
51053,Dinwiddie County,,VA,2811,30743,33554,9,10,19,1897,1968,3865,6,0.284163,0.298419,45.993962,0.000894,0.000905,164,0.000197,0,23,0.622222,0.007419
51057,Essex County,,VA,852,13024,13876,4,7,11,253,407,660,6,0.281352,0.294454,1490.653823,0.000239,0.000482,118,0.00014,0,23,0.482143,0.002055
51059,Fairfax County,,VA,128982,1318532,1447514,320,337,657,100054,114146,214200,5,0.456884,0.508868,177285.457899,0.103565,0.103505,118,0.003161,0,23,0.222698,0.776854
51061,Fauquier County,,VA,6256,79777,86033,17,18,35,5210,3693,8903,6,0.318513,0.337053,1785.77288,0.00421,0.004241,118,0.000249,0,23,0.52381,0.032377
51063,Floyd County,,VA,968,16975,17943,4,3,7,418,390,808,6,0.266897,0.276894,88.30336,0.00015,0.000068,164,0.000129,0,23,0.5,0.000883
51065,Fluvanna County,,VA,2350,28792,31142,6,7,13,1217,1126,2343,6,0.281975,0.295063,76.742052,0.000952,0.000546,118,0.000141,0,23,0.714286,0.007551
51067,Franklin County,,VA,3230,59881,63111,10,10,20,2008,1780,3788,6,0.267311,0.278658,618.454725,0.000917,0.000112,164,0.000248,0,23,0.490909,0.007126
51069,Frederick County,,VA,7431,93437,100868,18,14,32,5774,4574,10348,6,0.315054,0.331615,2326.654997,0.003463,0.001813,118,0.000301,0,23,0.444737,0.026383
51071,Giles County,,VA,1048,18657,19705,4,4,8,394,549,943,7,0.264655,0.27448,310.599603,0.000078,0.000029,164,0.000182,0,23,0.416667,0.000579
51073,Gloucester County,,VA,2985,44079,47064,9,9,18,1684,1270,2954,6,0.29953,0.314693,5150.1673,0.001887,0.001385,164,0.000165,0,23,0.544444,0.013275
51075,Goochland County,,VA,1587,25161,26748,6,5,11,1453,880,2333,6,0.282709,0.296058,0.408094,0.000851,0.000872,164,0.000134,0,23,0.9,0.006982
51077,Grayson County,,VA,959,15560,16519,4,4,8,524,617,1141,7,0.237362,0.244486,153.296341,0.000018,0.000006,164,0.000192,0,23,0.35,0.000499
51079,Greene County,,VA,1668,21792,23460,7,6,13,1061,815,1876,6,0.272761,0.283407,61.123368,0.000969,0.000211,118,0.000154,0,23,0.690476,0.00772
51081,Greensville County,,VA,869,8654,9523,3,4,7,533,494,1027,6,0.278544,0.290421,259.789682,0.000005,0.000311,164,0.000127,0,23,0.583333,0.000295
51083,Halifax County,,VA,1671,38198,39869,7,8,15,484,650,1134,6,0.293235,0.307196,1102.462408,0.000309,0.000838,100,0.000182,0,23,0.319444,0.003111
51085,Hanover County,,VA,8835,122857,131692,17,15,32,5955,4905,10860,6,0.316962,0.334471,519.57304,0.003378,0.002695,164,0.00029,0,23,0.46732,0.025553
51087,Henrico County,,VA,32220,366839,399059,116,110,226,26014,26030,52044,5,0.390458,0.426081,53811.682306,0.046028,0.044393,164,0.001317,0,23,0.436717,0.344686
51089,Henry County,,VA,3471,57038,60509,8,9,17,1947,2124,4071,6,0.291108,0.30475,925.612235,0.000449,0.000793,100,0.000205,0,23,0.388889,0.004391
51091,Highland County,,VA,142,2634,2776,0,0,0,0,0,0,0,0,0,0,0,0,163,0.00005,149,227,0,0
51093,Isle of Wight County,,VA,3548,42351,45899,12,12,24,2336,1939,4275,6,0.299806,0.315461,1185.498183,0.002769,0.001741,164,0.0002,0,23,0.641026,0.020005
51095,James City County,,VA,7827,82451,90278,27,24,51,5335,4027,9362,6,0.355539,0.378823,1618.854477,0.009153,0.009007,164,0.000327,0,23,0.552585,0.067854
51097,King and Queen County,,VA,490,7503,7993,3,1,4,248,123,371,7,0.220433,0.226591,0.392857,0.000331,0.000007,164,0.000108,0,23,0.5,0.002741
51099,King George County,,VA,2984,27408,30392,11,12,23,1649,1565,3214,6,0.335932,0.354391,234.883927,0.002744,0.003772,118,0.000159,0,23,0.659341,0.019687
51101,King William County,,VA,1445,19732,21177,9,7,16,1028,931,1959,6,0.282737,0.296342,2946.343458,0.00093,0.00093,164,0.000255,0,23,0.555556,0.00782
51103,Lancaster County,,VA,899,13584,14483,3,3,6,242,248,490,6,0.280974,0.293231,280.803303,0.000326,0.000335,118,0.000119,0,23,0.333333,0.002706
51105,Lee County,,VA,954,21462,22416,3,4,7,282,423,705,7,0.237497,0.245243,32.538655,0.000003,0.00002,137,0.000136,0,23,0.5,0.00029
51107,Loudoun County,,VA,34911,418222,453133,130,128,258,35708,25372,61080,5,0.396428,0.43405,18063.869615,0.058816,0.056281,118,0.001261,0,23,0.509507,0.44102
51109,Louisa County,,VA,2720,36947,39667,13,11,24,1787,1498,3285,6,0.315597,0.332167,84.602226,0.002795,0.002149,164,0.000212,0,23,0.666667,0.02141
51111,Lunenburg County,,VA,701,12223,12924,3,4,7,327,317,644,7,0.236596,0.244174,6.039286,0.000015,0.000014,164,0.000115,0,23,0.416667,0.000359
51113,Madison County,,VA,1031,14927,15958,5,4,9,609,499,1108,6,0.272507,0.282833,1.292589,0.000189,0.000176,118,0.000123,0,23,0.75,0.001979
51115,Mathews County,,VA,662,10311,10973,1,2,3,186,208,394,7,0.230909,0.237907,0,0.00001,0.000016,164,0.000066,0,23,1,0.000175
51117,Mecklenburg County,,VA,2048,33252,35300,9,10,19,801,866,1667,6,0.309431,0.325529,7791.402287,0.001179,0.001575,164,0.000208,0,23,0.288889,0.010046
51119,Middlesex County,,VA,898,12292,13190,4,4,8,259,296,555,6,0.287509,0.30066,793.813805,0.000302,0.000575,164,0.000122,0,23,0.404762,0.002861
51121,Montgomery County,,VA,7893,78164,86057,21,28,49,3109,3637,6746,6,0.357579,0.38178,38703.971514,0.003053,0.009919,164,0.000504,0,23,0.378788,0.023889
51125,Nelson County,,VA,1123,17475,18598,6,4,10,654,464,1118,6,0.272609,0.28281,586.437647,0.000934,0.000174,118,0.00016,0,23,0.533333,0.007408
51127,New Kent County,,VA,1745,22850,24595,9,8,17,1230,978,2208,6,0.288386,0.302582,22.918215,0.001275,0.001155,164,0.000185,0,23,0.666667,0.009811
51131,Northampton County,,VA,897,13768,14665,3,2,5,389,308,697,6,0.29713,0.311013,0,0.000938,0.000518,118,0.000084,0,23,1,0.006314
51133,Northumberland County,,VA,949,14865,15814,4,4,8,353,363,716,6,0.276207,0.287531,952.100619,0.000326,0.000207,118,0.000156,0,23,0.35,0.002884
51135,Nottoway County,,VA,973,15953,16926,7,6,13,560,492,1052,6,0.279367,0.291945,1105.539128,0.000508,0.000509,164,0.00018,0,23,0.452381,0.004393
51137,Orange County,,VA,3484,38939,42423,13,14,27,2474,2071,4545,6,0.315325,0.332139,320.504963,0.001803,0.002072,118,0.000227,0,23,0.528571,0.01384
51139,Page County,,VA,1163,26926,28089,4,4,8,478,541,1019,7,0.240144,0.247811,2.746004,0.000047,0.000045,118,0.00013,0,23,0.666667,0.000699
51141,Patrick County,,VA,882,18757,19639,4,4,8,429,402,831,7,0.239184,0.24712,24.898536,0.000026,0.000022,100,0.000132,0,23,0.2,0.000547
51143,Pittsylvania County,,VA,3771,68990,72761,10,10,20,2540,2387,4927,6,0.288642,0.302571,164.351257,0.000453,0.000498,100,0.000239,0,23,0.388889,0.004664
51145,Powhatan County,,VA,1938,31788,33726,6,7,13,1498,1238,2736,6,0.282737,0.296342,7.846268,0.000839,0.000866,164,0.000142,0,23,0.690476,0.006843
51147,Prince Edward County,,VA,1667,18319,19986,7,8,15,650,839,1489,6,0.27958,0.292628,1239.563497,0.0005,0.000527,164,0.000197,0,23,0.303571,0.004348
51149,Prince George County,,VA,5868,35237,41105,21,22,43,3355,3166,6521,6,0.34217,0.363618,1865.157471,0.006453,0.006585,164,0.000289,0,23,0.552308,0.047702
51153,Prince William County,,VA,52510,502769,555279,162,171,333,43589,42127,85716,5,0.409962,0.451871,29428.147988,0.062323,0.066938,118,0.001605,0,23,0.375491,0.46926
51155,Pulaski County,,VA,2163,35995,38158,6,6,12,1228,1175,2403,6,0.267287,0.277924,107.899698,0.000118,0.000069,164,0.00022,0,23,0.380952,0.000963
51157,Rappahannock County,,VA,594,8690,9284,4,3,7,323,277,600,7,0.242109,0.250331,0.238095,0.000809,0.000065,118,0.000103,0,23,0.916667,0.00636
51159,Richmond County,,VA,516,8407,8923,4,3,7,476,274,750,7,0.220932,0.227828,3.093473,0.00001,0.00002,118,0.000152,0,23,0.5,0.00049
51161,Roanoke County,,VA,9439,110659,120098,12,18,30,6696,6340,13036,6,0.322332,0.342196,5766.959436,0.001567,0.004435,164,0.000319,0,23,0.392857,0.012764
51163,Rockbridge County,,VA,1750,24153,25903,4,5,9,725,877,1602,7,0.216268,0.222644,11787.408457,0.000003,0.000008,118,0.00023,0,23,0.2,0.000392
51165,Rockingham County,,VA,5245,92191,97436,9,9,18,3506,3160,6666,6,0.314715,0.330518,5113.904282,0.000789,0.001369,118,0.000251,0,23,0.418182,0.006739
51167,Russell County,,VA,1335,26758,28093,6,6,12,773,791,1564,7,0.23796,0.246022,2321.578505,0.000016,0.000019,137,0.000208,0,23,0.47619,0.000695
51169,Scott County,,VA,1143,22188,23331,4,4,8,687,754,1441,7,0.237285,0.24493,89.438407,0.000016,0.000021,137,0.000149,0,23,0.75,0.000542
51171,Shenandoah County,,VA,3203,49393,52596,12,10,22,1838,1656,3494,6,0.314851,0.330819,1886.056879,0.001775,0.001737,118,0.000249,0,23,0.55303,0.014017
51173,Smyth County,,VA,1394,33584,34978,3,4,7,606,648,1254,7,0.237632,0.245357,96.66827,0.000016,0.000019,137,0.000145,0,23,0.583333,0.000439
51175,Southampton County,,VA,1369,18801,20170,6,6,12,717,683,1400,7,0.277778,0.289719,2540.144339,0.001256,0.000372,164,0.000125,0,23,0.607143,0.008814
51177,Spotsylvania County,,VA,13321,144516,157837,37,40,77,10085,8717,18802,6,0.358805,0.384761,2734.005118,0.012453,0.016542,118,0.000414,0,23,0.576105,0.091318
51179,Stafford County,,VA,17727,149674,167401,52,56,108,12991,11584,24575,6,0.364655,0.39343,3553.116623,0.021562,0.024181,118,0.000534,0,23,0.572421,0.162818
51181,Surry County,,VA,525,7317,7842,4,3,7,238,161,399,6,0.278597,0.290421,12.629398,0.000496,0.000329,164,0.000106,0,23,0.6,0.003568
51183,Sussex County,,VA,955,10648,11603,7,6,13,434,499,933,6,0.279901,0.292241,1895.623206,0.000349,0.000373,164,0.000187,0,23,0.428571,0.003329
51185,Tazewell County,,VA,2344,43748,46092,5,6,11,1137,1031,2168,7,0.239496,0.247629,1027.317241,0.000009,0.000008,137,0.000213,0,23,0.3,0.000499
51187,Warren County,,VA,3294,43473,46767,15,12,27,2389,1772,4161,6,0.314884,0.331104,2410.513405,0.002218,0.001801,118,0.000276,0,23,0.491667,0.017809
51191,Washington County,,VA,3593,57777,61370,11,9,20,2136,1964,4100,6,0.29053,0.303532,8140.442839,0.000136,0.000375,137,0.000362,0,23,0.237179,0.001548
51193,Westmoreland County,,VA,1895,19880,21775,11,10,21,970,1034,2004,7,0.268536,0.28101,3362.951428,0.002172,0.000414,118,0.000215,0,23,0.434066,0.015951
51195,Wise County,,VA,2403,37919,40322,9,10,19,1186,1357,2543,7,0.266995,0.278186,9837.83635,0.000021,0.000065,137,0.000331,0,23,0.209091,0.000968
51197,Wythe County,,VA,1637,32045,33682,6,7,13,589,716,1305,7,0.265014,0.275601,3516.466113,0.000073,0.000024,164,0.000325,0,23,0.214286,0.000695
51199,York County,,VA,10402,74940,85342,27,31,58,5751,6040,11791,6,0.353481,0.377474,1794.921241,0.01011,0.011763,164,0.000332,0,23,0.581513,0.077103
51510,Alexandria city,,VA,34072,159450,193522,87,85,172,24888,27354,52242,5,0.395518,0.427947,3034.779804,0.043416,0.043961,118,0.000801,0,23,0.655616,0.325091
51515,Bedford city,,VA,813,6531,7344,4,3,7,572,581,1153,7,0.253658,0.262933,0.293411,0.000072,0.000068,164,0.000126,0,23,0.85,0.000749
51520,Bristol city,,VA,2149,16584,18733,5,3,8,1343,1469,2812,7,0.258355,0.26735,69.916181,0.000066,0.000048,137,0.000186,0,23,0.7,0.000862
51530,Buena Vista city,,VA,675,6579,7254,2,2,4,326,339,665,8,0.177834,0.181373,0,0,0,118,0.000155,0,23,1,0.000165
51540,Charlottesville city,,VA,6782,38854,45636,19,22,41,3585,4237,7822,6,0.354121,0.376712,5419.427562,0.004659,0.008179,118,0.000327,0,23,0.476667,0.036601
51550,Chesapeake city,,VA,28240,258418,286658,79,85,164,22640,20669,43309,6,0.383809,0.415944,14785.385327,0.033572,0.035779,164,0.000826,0,23,0.528566,0.256087
51570,Colonial Heights city,,VA,2807,19872,22679,7,7,14,1749,1815,3564,6,0.28397,0.297679,0,0.000888,0.000897,164,0.000146,0,23,1,0.007204
51580,Covington city,,VA,656,6507,7163,1,1,2,322,315,637,8,0.202332,0.206905,0,0,0,164,0.000101,0,225,0,0.00008
51590,Danville city,,VA,3589,43650,47239,6,8,14,1909,2291,4200,6,0.308551,0.32376,62.150732,0.000404,0.001566,100,0.00016,0,23,0.553571,0.003967
51595,Emporia city,,VA,963,6076,7039,3,4,7,450,562,1012,7,0.237132,0.24493,26.62204,0.000007,0.000019,164,0.000119,0,23,0.2,0.000328
51600,Fairfax city,,VA,4377,26279,30656,7,10,17,2939,3109,6048,6,0.315291,0.331542,1.409038,0.003529,0.004098,118,0.000107,0,23,0.888889,0.026634
51610,Falls Church city,,VA,2587,14136,16723,6,6,12,1526,1419,2945,6,0.314546,0.329892,0,0.003045,0.002961,118,0.000099,0,23,1,0.023249
51620,Franklin city,,VA,1050,8816,9866,3,3,6,578,540,1118,7,0.255873,0.264671,0,0.000069,0.00008,164,0.000094,0,23,1,0.000823
51630,Fredericksburg city,,VA,6001,24133,30134,13,13,26,3956,4230,8186,6,0.317168,0.334488,18.826384,0.004069,0.003346,118,0.000179,0,23,0.704167,0.030896
51640,Galax city,,VA,874,7261,8135,3,2,5,641,560,1201,8,0.208972,0.214178,0,0.000018,0,164,0.000136,0,23,0.833333,0.000412
51650,Hampton city,,VA,20564,141651,162215,55,60,115,12392,14183,26575,6,0.370605,0.40037,5531.27563,0.026087,0.027144,164,0.000568,0,23,0.607368,0.198895
51660,Harrisonburg city,,VA,5321,36621,41942,9,12,21,2292,2964,5256,6,0.314986,0.331542,2140.108893,0.001469,0.001604,118,0.000223,0,23,0.423077,0.011294
51670,Hopewell city,,VA,3255,23085,26340,8,7,15,1924,2075,3999,6,0.28397,0.297679,5.246695,0.000891,0.000897,164,0.00017,0,23,0.875,0.00731
51678,Lexington city,,VA,771,5097,5868,2,2,4,371,300,671,8,0.177834,0.181373,0,0,0,118,0.000155,0,23,1,0.000165
51680,Lynchburg city,,VA,8398,68579,76977,15,18,33,4083,5007,9090,6,0.322581,0.342309,12292.335329,0.002968,0.004508,164,0.000337,0,23,0.435714,0.023264
51683,Manassas city,,VA,7611,46114,53725,12,16,28,5612,5601,11213,6,0.335701,0.354784,64.656598,0.003735,0.005318,118,0.000159,0,23,0.694853,0.027973
51685,Manassas Park city,,VA,3311,16383,19694,6,8,14,2336,2431,4767,6,0.314884,0.330688,0.908276,0.001723,0.002324,118,0.000105,0,23,0.788889,0.0129
51690,Martinsville city,,VA,1613,13633,15246,3,5,8,1098,1130,2228,6,0.288272,0.30132,298.400835,0.000374,0.000447,100,0.000102,0,23,0.5,0.0035
51700,Newport News city,,VA,26862,187624,214486,75,91,166,17305,18622,35927,5,0.391764,0.424408,12240.709348,0.031447,0.039481,164,0.00077,0,23,0.522035,0.240219
51710,Norfolk city,,VA,38767,218309,257076,97,114,211,23010,28505,51515,5,0.393394,0.429084,12372.689196,0.043172,0.04986,164,0.00095,0,23,0.508612,0.326437
51720,Norton city,,VA,518,4070,4588,1,1,2,336,315,651,8,0.210746,0.215917,0,0,0,137,0.000078,0,23,0,0.000097
51730,Petersburg city,,VA,5463,32021,37484,9,11,20,2801,3270,6071,6,0.316928,0.33459,222.954676,0.001339,0.00246,164,0.000186,0,23,0.609091,0.011062
51735,Poquoson city,,VA,1226,14810,16036,3,3,6,591,485,1076,6,0.282083,0.293652,0,0.000566,0.000488,164,0.000075,0,23,1,0.003858
51740,Portsmouth city,,VA,13993,101148,115141,22,26,48,8909,9467,18376,6,0.352121,0.375671,1066.210461,0.007999,0.010229,164,0.000267,0,23,0.634483,0.05958
51750,Radford city,,VA,1604,10366,11970,2,3,5,758,776,1534,7,0.26375,0.273314,0,0.000072,0.000034,164,0.000097,0,23,0.833333,0.000356
51760,Richmond city,,VA,28163,189852,218015,78,75,153,21311,23109,44420,5,0.381014,0.411917,31889.417321,0.026128,0.029991,164,0.001,0,23,0.409632,0.199703
51770,Roanoke city,,VA,11035,104632,115667,23,23,46,6589,7467,14056,6,0.339553,0.362253,29500.387503,0.004775,0.006328,164,0.000556,0,23,0.347578,0.03686
51775,Salem city,,VA,3176,27176,30352,6,6,12,2089,2257,4346,6,0.267043,0.277577,2.316059,0.000158,0.000087,164,0.000179,0,23,0.966667,0.001213
51790,Staunton city,,VA,2745,25530,28275,6,6,12,1683,1606,3289,6,0.272634,0.283191,3531.307207,0.000149,0.000163,118,0.000187,0,23,0.7,0.001744
51800,Suffolk city,,VA,9883,94657,104540,23,22,45,6930,5927,12857,6,0.343574,0.365353,6330.319949,0.007098,0.007402,164,0.000293,0,23,0.594017,0.053048
51810,Virginia Beach city,,VA,56483,504716,561199,188,207,395,39594,42351,81945,5,0.422373,0.4669,53938.653364,0.070613,0.079017,164,0.001885,0,23,0.34643,0.529742
51820,Waynesboro city,,VA,2685,23498,26183,7,7,14,1624,1790,3414,6,0.272812,0.283481,15.7596,0.000209,0.000203,118,0.000197,0,23,0.666667,0.002131
51830,Williamsburg city,,VA,2528,10048,12576,5,7,12,1287,1398,2685,6,0.316278,0.332582,0,0.001379,0.002124,164,0.000094,0,23,0.982143,0.010034
51840,Winchester city,,VA,4403,28497,32900,10,9,19,3032,3021,6053,6,0.314783,0.330592,1235.638903,0.001747,0.001733,118,0.000211,0,23,0.744444,0.013833
53001,Adams County,,WA,1586,24882,26468,4,4,8,793,954,1747,7,0.277095,0.289406,0,0.000439,0.000413,165,0.000094,0,23,1,0.003743
53003,Asotin County,,WA,1999,23166,25165,7,4,11,1320,1077,2397,7,0.274139,0.286516,2932.037885,0.000431,0.000289,165,0.000189,0,23,0.5,0.004069
53005,Benton County,,WA,15495,208860,224355,47,48,95,13078,11024,24102,6,0.361594,0.388749,4108.067787,0.012331,0.014203,165,0.00061,0,23,0.472744,0.103048
53007,Chelan County,,WA,6323,89802,96125,22,16,38,4911,4241,9152,6,0.343453,0.363333,93.372126,0.007479,0.005453,165,0.000274,0,23,0.747036,0.061399
53009,Clallam County,,WA,4869,79894,84763,23,17,40,2817,2265,5082,6,0.345031,0.36541,20.508645,0.008654,0.007098,165,0.000278,0,23,0.831522,0.070676
53011,Clark County,,WA,29564,509248,538812,111,100,211,29761,22931,52692,6,0.370605,0.404898,8465.20037,0.032426,0.030262,165,0.001295,0,23,0.397339,0.267414
53013,Columbia County,,WA,312,4228,4540,1,1,2,82,115,197,7,0.253197,0.261047,0,0.000035,0.00004,165,0.000063,0,23,0,0.000409
53015,Cowlitz County,,WA,6946,110162,117108,28,24,52,4932,4483,9415,6,0.34261,0.364192,5523.280099,0.009552,0.006976,165,0.000398,0,23,0.691398,0.078929
53017,Douglas County,,WA,4269,44233,48502,9,9,18,3192,3243,6435,6,0.319869,0.335296,0.176752,0.002205,0.002278,165,0.000152,0,23,0.986111,0.018575
53019,Ferry County,,WA,492,6690,7182,5,3,8,310,238,548,7,0.274011,0.286118,0.366667,0.001531,0.000268,165,0.000114,0,23,0.9,0.012856
53021,Franklin County,,WA,9502,99144,108646,17,22,39,6824,7409,14233,6,0.344301,0.36525,583.245733,0.006534,0.006776,165,0.00024,0,23,0.693846,0.053421
53023,Garfield County,,WA,192,2295,2487,0,1,1,0,46,46,8,0.215214,0.221025,0,0,0.000003,165,0.00005,0,228,0,0
53025,Grant County,,WA,6326,111222,117548,22,25,47,4030,4186,8216,6,0.345804,0.3674,1256.360839,0.006392,0.007556,165,0.000319,0,23,0.626847,0.053073
53027,Grays Harbor County,,WA,4943,71900,76843,15,16,31,2516,3079,5595,6,0.339947,0.360006,31.477983,0.004662,0.00488,165,0.000212,0,23,0.849673,0.039416
53029,Island County,,WA,10694,87908,98602,29,33,62,6151,6209,12360,6,0.359201,0.384249,115.459924,0.01366,0.015866,165,0.000339,0,23,0.745238,0.110895
53031,Jefferson County,,WA,2662,34419,37081,9,11,20,1368,1361,2729,6,0.340262,0.359613,0.46469,0.003372,0.004831,165,0.00014,0,23,0.910256,0.028368
53033,King County,,WA,145756,2424282,2570038,368,321,689,135753,130118,265871,5,0.457669,0.507361,156649.191139,0.108131,0.098735,165,0.004012,0,23,0.205386,0.82914
53035,Kitsap County,,WA,24961,284936,309897,80,80,160,15367,16748,32115,6,0.379829,0.411416,1912.44919,0.033421,0.031214,165,0.000825,0,23,0.515022,0.263334
53037,Kittitas County,,WA,3985,39218,43203,11,15,26,2163,2410,4573,6,0.34213,0.361638,0.795457,0.002684,0.005023,165,0.000166,0,23,0.9375,0.022601
53039,Klickitat County,,WA,1748,23444,25192,11,8,19,1077,883,1960,6,0.315122,0.330296,105.302509,0.002671,0.001702,165,0.000202,0,23,0.681818,0.023236
53041,Lewis County,,WA,5785,81898,87683,16,17,33,3620,3706,7326,6,0.340104,0.360375,19.59712,0.005374,0.005448,165,0.000218,0,23,0.807895,0.045673
53043,Lincoln County,,WA,954,11533,12487,3,2,5,419,465,884,7,0.273985,0.285948,0,0.001001,0.000277,165,0.000084,0,23,1,0.008489
53045,Mason County,,WA,4948,62164,67112,10,17,27,3215,3300,6515,6,0.340618,0.360836,10.430649,0.00417,0.005227,165,0.00015,0,23,0.838235,0.034617
53047,Okanogan County,,WA,2810,45794,48604,12,13,25,1444,1513,2957,6,0.333258,0.35083,241.233614,0.00318,0.003248,165,0.000204,0,23,0.763736,0.02676
53049,Pacific County,,WA,1647,22070,23717,10,10,20,965,831,1796,6,0.320254,0.335995,493.486013,0.002646,0.002651,165,0.000162,0,23,0.75,0.023049
53051,Pend Oreille County,,WA,1160,12587,13747,2,3,5,480,682,1162,7,0.274242,0.286431,0,0.000251,0.000365,165,0.000087,0,23,1,0.00233
53053,Pierce County,,WA,75718,913927,989645,236,228,464,64733,60704,125437,5,0.434847,0.479295,47351.773899,0.076642,0.074709,165,0.002495,0,23,0.273705,0.601273
53055,San Juan County,,WA,1181,18867,20048,4,4,8,446,406,852,6,0.314344,0.328714,0,0.001281,0.001401,165,0.000093,0,23,1,0.011119
53057,Skagit County,,WA,8764,137444,146208,28,25,53,6439,5454,11893,6,0.345804,0.367258,189.690873,0.011155,0.009143,165,0.000334,0,23,0.697849,0.089383
53059,Skamania County,,WA,868,11267,12135,4,3,7,638,446,1084,6,0.295274,0.308003,0,0.000646,0.000732,165,0.00011,0,23,1,0.006142
53061,Snohomish County,,WA,54827,858392,913219,154,145,299,52201,46002,98203,6,0.402638,0.441633,14341.42426,0.055723,0.053302,165,0.001666,0,23,0.384052,0.444659
53063,Spokane County,,WA,28352,535913,564265,114,107,221,21217,20654,41871,6,0.377286,0.412304,42719.150375,0.031915,0.032317,165,0.001581,0,23,0.341843,0.264105
53065,Stevens County,,WA,3776,45449,49225,7,7,14,1846,1954,3800,6,0.332275,0.349772,169.079248,0.001956,0.002959,165,0.000149,0,23,0.763889,0.01655
53067,Thurston County,,WA,26189,298150,324339,94,85,179,21298,18722,40020,6,0.379288,0.411445,2937.723663,0.032637,0.031557,165,0.000973,0,23,0.458491,0.257126
53069,Wahkiakum County,,WA,315,4075,4390,2,1,3,151,129,280,7,0.255204,0.263496,0,0.00007,0.000069,165,0.000078,0,23,1,0.000884
53071,Walla Walla County,,WA,4179,63225,67404,16,18,34,2251,2402,4653,6,0.339003,0.359096,6160.091296,0.005495,0.004892,165,0.000263,0,23,0.69697,0.046048
53073,Whatcom County,,WA,13102,226189,239291,47,43,90,8074,8273,16347,6,0.354335,0.380228,827.241172,0.019023,0.016154,165,0.000535,0,23,0.594156,0.152006
53075,Whitman County,,WA,4772,35238,40010,15,17,32,1959,2442,4401,6,0.338415,0.358157,763.813141,0.003714,0.003949,165,0.000266,0,23,0.619883,0.031384
53077,Yakima County,,WA,11960,293569,305529,47,49,96,7002,8455,15457,6,0.352884,0.379232,591.044265,0.013595,0.015872,165,0.000546,0,23,0.546053,0.110997
54001,Barbour County,,WV,941,16772,17713,4,5,9,342,500,842,7,0.260699,0.270145,2.25,0.000007,0.000037,114,0.000181,0,23,0.8,0.000405
54003,Berkeley County,,WV,7872,122941,130813,26,24,50,5974,4158,10132,5,0.34426,0.365364,10857.417903,0.006059,0.006347,118,0.00039,0,23,0.408867,0.045269
54005,Boone County,,WV,1344,24259,25603,4,5,9,577,794,1371,7,0.262804,0.272643,2.796429,0.000088,0.000072,114,0.000141,0,23,0.7,0.000903
54007,Braxton County,,WV,558,14021,14579,5,3,8,266,164,430,8,0.2086,0.214085,3355.340601,0.000073,0.000001,114,0.000219,0,23,0.3,0.000919
54009,Brooke County,,WV,1430,26647,28077,5,4,9,828,774,1602,6,0.304764,0.318322,0.875,0.000673,0.000645,114,0.000128,0,23,0.95,0.005228
54011,Cabell County,,WV,7062,97504,104566,13,13,26,3366,3722,7088,6,0.31071,0.326786,3187.380704,0.000807,0.000722,114,0.000379,0,23,0.285714,0.006799
54013,Calhoun County,,WV,295,7017,7312,2,1,3,97,47,144,8,0.208097,0.212771,142.37821,0,0.000001,114,0.000132,0,23,0,0.000166
54015,Clay County,,WV,702,9150,9852,2,5,7,238,370,608,7,0.262851,0.272756,6.066667,0.000073,0.000065,114,0.000118,0,23,0.55,0.000665
54017,Doddridge County,,WV,467,4326,4793,2,2,4,203,256,459,7,0.235058,0.24192,17.007963,0.000006,0.000005,114,0.00011,0,23,0,0.000215
54019,Fayette County,,WV,2768,45012,47780,5,6,11,1186,1332,2518,7,0.263252,0.273513,97.929172,0.000088,0.000078,114,0.000189,0,23,0.595238,0.000999
54021,Gilmer County,,WV,455,6349,6804,1,3,4,56,170,226,8,0.190631,0.194958,3.75,0,0.000001,114,0.000112,0,23,0.333333,0.00009
54023,Grant County,,WV,683,12978,13661,3,3,6,289,325,614,8,0.207434,0.212751,5919.451162,0,0.000001,118,0.000213,0,23,0,0.000249
54025,Greenbrier County,,WV,2081,38443,40524,8,7,15,713,649,1362,7,0.262993,0.273268,4757.611318,0.000131,0.000071,114,0.000304,0,23,0.357143,0.00149
54027,Hampshire County,,WV,1450,24751,26201,6,7,13,546,726,1272,6,0.256545,0.265836,3048.576632,0.000073,0.000097,118,0.000192,0,23,0.404762,0.001137
54029,Hancock County,,WV,2081,36759,38840,6,8,14,1241,1270,2511,6,0.305654,0.319977,19.950946,0.000711,0.000714,114,0.000138,0,23,0.625,0.005467
54031,Hardy County,,WV,933,15775,16708,2,3,5,278,283,561,7,0.239869,0.247185,620.354934,0.000001,0.000006,118,0.000134,0,23,0,0.000175
54033,Harrison County,,WV,4208,76685,80893,11,14,25,1862,1950,3812,6,0.30716,0.322992,18889.764518,0.000745,0.000778,114,0.000399,0,23,0.274725,0.006282
54035,Jackson County,,WV,1396,32119,33515,6,6,12,771,707,1478,7,0.263016,0.273211,55.177604,0.000091,0.000075,114,0.000238,0,23,0.4,0.001115
54037,Jefferson County,,WV,4591,61691,66282,16,9,25,3178,2383,5561,6,0.327997,0.345165,711.452175,0.004962,0.002869,118,0.00023,0,23,0.663399,0.037074
54039,Kanawha County,,WV,11390,218240,229630,33,37,70,5612,6376,11988,6,0.356144,0.380876,100978.725426,0.008738,0.010005,114,0.000767,0,23,0.252492,0.067965
54041,Lewis County,,WV,1021,19587,20608,4,3,7,578,451,1029,7,0.235152,0.242233,2758.825908,0.000006,0.000006,114,0.000212,0,23,0.333333,0.000393
54043,Lincoln County,,WV,1119,21039,22158,5,6,11,830,836,1666,7,0.262898,0.272927,72.971207,0.000079,0.000071,114,0.000177,0,23,0.666667,0.000995
54045,Logan County,,WV,1694,35912,37606,5,6,11,619,707,1326,7,0.262969,0.273069,8.249031,0.000079,0.000071,114,0.000162,0,23,0.666667,0.000988
54047,McDowell County,,WV,964,17502,18466,4,3,7,367,441,808,7,0.238269,0.245365,71.796026,0.000006,0.000007,137,0.000164,0,23,0.416667,0.00039
54049,Marion County,,WV,3175,63126,66301,8,7,15,1606,1643,3249,6,0.306421,0.320973,1367.686485,0.00075,0.000721,114,0.00023,0,23,0.571429,0.006074
54051,Marshall County,,WV,1962,34949,36911,3,4,7,860,1034,1894,7,0.261888,0.27163,6128.06482,0.00002,0.00005,114,0.000128,0,23,0.416667,0.000396
54053,Mason County,,WV,1270,27082,28352,6,6,12,772,677,1449,7,0.262993,0.273126,44.43037,0.000088,0.00008,114,0.000221,0,23,0.5,0.001152
54055,Mercer County,,WV,3362,63183,66545,10,10,20,1251,1258,2509,6,0.312067,0.327645,23615.473297,0.000901,0.000829,137,0.000362,0,23,0.198718,0.007025
54057,Mineral County,,WV,1606,32181,33787,5,5,10,730,820,1550,7,0.261234,0.271141,11274.047392,0.000111,0.000056,118,0.00018,0,23,0.333333,0.001121
54059,Mingo County,,WV,1313,24787,26100,5,7,12,613,716,1329,7,0.263323,0.273775,770.637029,0.000075,0.000072,114,0.000169,0,23,0.238095,0.000938
54061,Monongalia County,,WV,8367,91662,100029,25,28,53,3624,3371,6995,6,0.352248,0.375404,47753.679143,0.004251,0.005967,114,0.000578,0,23,0.213068,0.032865
54063,Monroe County,,WV,677,14259,14936,4,3,7,458,318,776,7,0.238076,0.245126,25.640566,0.000007,0.000008,114,0.000193,0,23,0.5,0.000408
54065,Morgan County,,WV,1190,18975,20165,5,5,10,538,535,1073,6,0.261514,0.270882,67.365968,0.000304,0.000164,118,0.000124,0,23,0.7,0.002679
54067,Nicholas County,,WV,1332,27488,28820,7,6,13,592,536,1128,7,0.262945,0.273098,7751.442583,0.000088,0.000072,114,0.000276,0,23,0.404762,0.001163
54069,Ohio County,,WV,3122,50991,54113,10,8,18,1676,1666,3342,6,0.313839,0.32979,10609.342221,0.001373,0.001311,114,0.000237,0,23,0.433333,0.010646
54071,Pendleton County,,WV,532,8474,9006,1,1,2,82,58,140,9,0.171807,0.174767,0,0,0,118,0.000111,0,23,0,0.000082
54073,Pleasants County,,WV,383,8041,8424,3,2,5,224,166,390,7,0.240243,0.24787,4.175336,0.000018,0.000011,114,0.00014,0,23,0.666667,0.00035
54075,Pocahontas County,,WV,504,9421,9925,1,2,3,66,116,182,8,0.210232,0.215879,7.35,0.000001,0.000001,114,0.000087,0,23,0,0.000099
54077,Preston County,,WV,1689,35039,36728,6,5,11,887,853,1740,7,0.260792,0.270345,8.848999,0.000062,0.000055,114,0.000192,0,23,0.566667,0.000947
54079,Putnam County,,WV,4409,65730,70139,8,6,14,3167,2448,5615,7,0.262922,0.273012,16.595239,0.000081,0.000078,114,0.000261,0,23,0.5,0.001265
54081,Raleigh County,,WV,4477,82436,86913,12,13,25,1806,1903,3709,6,0.329213,0.347093,12609.390575,0.000943,0.001982,114,0.000378,0,23,0.274725,0.007529
54083,Randolph County,,WV,1306,31344,32650,7,7,14,561,514,1075,7,0.265808,0.276676,7779.54044,0.000054,0.000105,114,0.000306,0,23,0.375,0.000928
54085,Ritchie County,,WV,597,10043,10640,2,3,5,173,282,455,7,0.240203,0.247813,47.889879,0.000013,0.000006,114,0.000124,0,23,0.333333,0.000218
54087,Roane County,,WV,834,14860,15694,4,4,8,385,448,833,7,0.262757,0.272415,6031.12821,0.000073,0.000064,114,0.000234,0,23,0.333333,0.000834
54089,Summers County,,WV,793,11354,12147,4,4,8,326,362,688,7,0.248263,0.256198,8.093976,0.000021,0.000014,114,0.000169,0,23,0.65,0.000472
54091,Taylor County,,WV,1020,17533,18553,4,5,9,523,638,1161,7,0.260676,0.270089,81.976669,0.000054,0.000042,114,0.000151,0,23,0.75,0.000681
54093,Tucker County,,WV,440,7744,8184,1,1,2,90,110,200,8,0.210006,0.215122,0,0.000001,0,114,0.000087,0,23,0,0.000093
54095,Tyler County,,WV,542,9484,10026,1,1,2,217,203,420,8,0.192979,0.196753,0,0,0,114,0.000081,0,23,0,0.00008
54097,Upshur County,,WV,1252,21692,22944,6,5,11,516,542,1058,7,0.260746,0.270231,1512.220824,0.00005,0.000037,114,0.000258,0,23,0.433333,0.000809
54099,Wayne County,,WV,2357,40492,42849,6,7,13,1448,1590,3038,7,0.263845,0.274338,340.17996,0.000016,0.000078,114,0.000256,0,23,0.446429,0.000655
54101,Webster County,,WV,424,8419,8843,1,2,3,132,157,289,8,0.210187,0.215748,2.658333,0.000001,0.000001,114,0.000089,0,23,0,0.000095
54103,Wetzel County,,WV,1080,18120,19200,2,4,6,281,415,696,7,0.239106,0.246471,5894,0,0.00001,114,0.000147,0,23,0.166667,0.000161
54105,Wirt County,,WV,303,4099,4402,1,1,2,89,200,289,7,0.240085,0.247301,0,0.000013,0.000006,114,0.000078,0,23,0,0.000138
54107,Wood County,,WV,4272,98068,102340,11,12,23,1880,1808,3688,6,0.315903,0.333373,16084.730615,0.000796,0.001755,114,0.000387,0,23,0.24359,0.006651
54109,Wyoming County,,WV,723,21853,22576,3,4,7,283,345,628,7,0.248621,0.256727,73.628797,0.000015,0.000014,114,0.000142,0,23,0.333333,0.000319
55001,Adams County,,WI,1511,20836,22347,11,8,19,1035,785,1820,6,0.302249,0.315609,103.284145,0.002006,0.000951,167,0.000196,0,23,0.645455,0.014701
55003,Ashland County,,WI,1038,18045,19083,2,3,5,339,398,737,7,0.236062,0.242604,12.466636,0.000005,0.000007,132,0.000099,0,23,0.333333,0.000165
55005,Barron County,,WI,3302,55399,58701,11,13,24,1487,1812,3299,6,0.309007,0.323919,828.533755,0.000942,0.001116,132,0.000273,0,23,0.519231,0.008091
55007,Bayfield County,,WI,1109,18839,19948,3,4,7,436,445,881,6,0.308162,0.321615,3986.39466,0.000039,0.000611,132,0.000127,0,23,0.583333,0.000652
55009,Brown County,,WI,14202,316698,330900,39,47,86,9828,9603,19431,6,0.363118,0.389016,41244.210906,0.00619,0.009513,167,0.000694,0,23,0.295102,0.048737
55011,Buffalo County,,WI,1034,16614,17648,5,8,13,458,659,1117,7,0.260213,0.270356,16.640041,0.000074,0.0001,132,0.000145,0,23,0.535714,0.001022
55013,Burnett County,,WI,1059,18414,19473,8,6,14,622,500,1122,7,0.289841,0.301915,65.373282,0.001296,0.000368,132,0.000171,0,23,0.777778,0.009729
55015,Calumet County,,WI,4720,61065,65785,10,9,19,3690,3714,7404,6,0.302655,0.316268,16.702613,0.001938,0.000916,167,0.000172,0,23,0.9,0.014284
55017,Chippewa County,,WI,4492,74774,79266,15,13,28,3350,2974,6324,6,0.313335,0.329175,2503.038608,0.001568,0.00165,132,0.000302,0,23,0.5,0.012325
55019,Clark County,,WI,2262,40978,43240,7,6,13,1276,1319,2595,7,0.259269,0.26894,13.600419,0.000102,0.000084,167,0.000172,0,23,0.52381,0.001419
55021,Columbia County,,WI,5122,71531,76653,14,17,31,3509,3604,7113,6,0.331373,0.349699,278.751624,0.002077,0.002011,167,0.000247,0,23,0.566176,0.015803
55023,Crawford County,,WI,1194,18857,20051,5,5,10,544,564,1108,6,0.293117,0.305882,87.196211,0.000433,0.000369,167,0.00014,0,23,0.5,0.003271
55025,Dane County,,WI,34520,615524,650044,139,151,290,24553,26111,50664,5,0.413316,0.451041,79259.171711,0.045734,0.053584,167,0.001705,0,23,0.349362,0.351646
55027,Dodge County,,WI,6504,104681,111185,14,14,28,4955,4651,9606,6,0.302936,0.317264,68.593722,0.002163,0.001154,167,0.00022,0,23,0.672794,0.016197
55029,Door County,,WI,1802,37157,38959,9,7,16,851,817,1668,6,0.331186,0.348248,827.498013,0.002547,0.001652,167,0.000165,0,23,0.763889,0.017561
55031,Douglas County,,WI,2827,49630,52457,8,6,14,1362,1263,2625,6,0.308291,0.322042,2447.682058,0.000907,0.000879,132,0.000212,0,23,0.446429,0.007524
55033,Dunn County,,WI,3356,45527,48883,15,16,31,2050,2120,4170,6,0.313403,0.329659,2257.645701,0.001695,0.001755,132,0.000289,0,23,0.506536,0.013082
55035,Eau Claire County,,WI,8161,112303,120464,28,31,59,4850,5699,10549,6,0.349017,0.371342,18792.934683,0.003174,0.004122,132,0.000526,0,23,0.328877,0.024935
55037,Florence County,,WI,294,5307,5601,2,1,3,150,78,228,8,0.211384,0.216441,0,0.000004,0.000001,167,0.000111,0,23,1,0.000224
55039,Fond du Lac County,,WI,5955,126012,131967,18,19,37,4134,4041,8175,6,0.345071,0.36521,842.429352,0.003199,0.002978,167,0.000272,0,23,0.646199,0.024538
55041,Forest County,,WI,540,10653,11193,1,3,4,40,181,221,7,0.266509,0.276215,0.45,0.000004,0.000062,167,0.000065,0,23,0.666667,0.000116
55043,Grant County,,WI,3156,57210,60366,9,11,20,1514,1752,3266,6,0.302874,0.316962,74.322126,0.000475,0.000869,167,0.000219,0,23,0.409091,0.003969
55045,Green County,,WI,2604,47050,49654,7,7,14,1747,1638,3385,6,0.302842,0.316308,90.257074,0.00145,0.000886,167,0.000143,0,23,0.597222,0.010673
55047,Green Lake County,,WI,1690,23359,25049,7,8,15,918,1028,1946,6,0.302093,0.31541,63.7398,0.000466,0.000832,167,0.000152,0,23,0.785714,0.003972
55049,Iowa County,,WI,1838,29587,31425,6,6,12,1178,1190,2368,6,0.292678,0.305324,117.911239,0.001258,0.000406,167,0.000148,0,23,0.642857,0.009589
55051,Iron County,,WI,389,7158,7547,1,1,2,69,95,164,1,1,1,0,0,0,166,0.000466,43,77,0,0.00008
55053,Jackson County,,WI,1268,22848,24116,5,5,10,611,602,1213,7,0.260028,0.26956,5.769766,0.00007,0.000062,132,0.000145,0,23,0.55,0.00096
55055,Jefferson County,,WI,6715,100588,107303,12,10,22,5133,4560,9693,6,0.34426,0.363163,41.908677,0.002294,0.0028,167,0.000174,0,23,0.794872,0.016282
55057,Juneau County,,WI,2061,29543,31604,11,8,19,1297,1136,2433,6,0.292883,0.30595,75.713946,0.001856,0.000431,167,0.000197,0,23,0.609091,0.013833
55059,Kenosha County,,WI,11276,194957,206233,19,21,40,7998,7099,15097,6,0.358103,0.380779,106.164547,0.008296,0.009037,167,0.000214,0,23,0.743333,0.05929
55061,Kewaunee County,,WI,1421,25832,27253,4,3,7,758,900,1658,7,0.266461,0.276101,0.45,0.000099,0.000079,167,0.000115,0,23,0.666667,0.000995
55063,La Crosse County,,WI,7346,132564,139910,27,31,58,4076,4414,8490,6,0.350562,0.37339,12090.809921,0.004237,0.004943,132,0.000469,0,23,0.351815,0.033146
55065,Lafayette County,,WI,1318,21638,22956,6,5,11,821,851,1672,6,0.293029,0.305683,6.014212,0.000434,0.000374,167,0.000147,0,23,0.571429,0.003627
55067,Langlade County,,WI,1160,23854,25014,7,5,12,420,417,837,7,0.269301,0.279742,8.01118,0.000172,0.000129,167,0.000174,0,23,0.571429,0.001712
55069,Lincoln County,,WI,1772,35186,36958,5,4,9,835,894,1729,6,0.292707,0.305125,215.036857,0.000903,0.000377,167,0.000126,0,23,0.566667,0.006295
55071,Manitowoc County,,WI,4036,101900,105936,14,12,26,2131,2277,4408,6,0.338728,0.357463,845.625281,0.002226,0.002022,167,0.000243,0,23,0.738095,0.016355
55073,Marathon County,,WI,8057,168831,176888,28,26,54,4858,4600,9458,6,0.348478,0.370148,9034.051529,0.004084,0.003819,167,0.000484,0,23,0.388172,0.032307
55075,Marinette County,,WI,2685,49163,51848,9,9,18,1531,1424,2955,6,0.301906,0.315131,3482.695356,0.000866,0.000545,167,0.000235,0,23,0.472727,0.005892
55077,Marquette County,,WI,1314,18324,19638,7,6,13,757,686,1443,6,0.29262,0.30521,27.691307,0.000906,0.000386,167,0.000152,0,23,0.714286,0.006531
55078,Menominee County,,WI,310,4327,4637,2,2,4,166,226,392,7,0.266436,0.27593,0,0.000075,0.00005,167,0.00008,0,23,1,0.00059
55079,Milwaukee County,,WI,56707,1087652,1144359,149,176,325,36738,47006,83744,5,0.430439,0.469044,74166.818213,0.054626,0.066014,167,0.001679,0,23,0.354412,0.421216
55081,Monroe County,,WI,3497,53195,56692,8,7,15,1505,1455,2960,6,0.293,0.306064,246.186846,0.000934,0.000416,132,0.000172,0,23,0.638889,0.006811
55083,Oconto County,,WI,2677,46338,49015,6,8,14,1646,1850,3496,6,0.301689,0.314744,3035.941055,0.000641,0.000526,167,0.000137,0,23,0.535714,0.004577
55085,Oneida County,,WI,2711,45806,48517,14,11,25,1526,1268,2794,6,0.313335,0.328851,711.709071,0.002162,0.001596,167,0.000264,0,23,0.62381,0.015919
55087,Outagamie County,,WI,14304,225199,239503,31,33,64,11192,10763,21955,6,0.358717,0.383111,5424.562697,0.00481,0.007589,167,0.00048,0,23,0.392643,0.037421
55089,Ozaukee County,,WI,6825,112449,119274,13,17,30,4931,4490,9421,6,0.349392,0.370319,121.202853,0.004084,0.004757,167,0.000187,0,23,0.794118,0.030244
55091,Pepin County,,WI,575,8691,9266,4,4,8,270,264,534,7,0.258903,0.267859,1.113095,0.000051,0.000046,132,0.000115,0,23,0.75,0.000733
55093,Pierce County,,WI,3034,45237,48271,12,10,22,2171,1981,4152,6,0.308811,0.323294,817.583971,0.001393,0.001149,132,0.000225,0,23,0.689394,0.010785
55095,Polk County,,WI,2869,52994,55863,12,12,24,2020,1854,3874,6,0.308844,0.323578,286.64286,0.001344,0.00123,132,0.000247,0,23,0.673077,0.010513
55097,Portage County,,WI,4620,81441,86061,13,15,28,2281,2512,4793,6,0.336086,0.354687,775.946453,0.002184,0.00249,167,0.000217,0,23,0.658333,0.016003
55099,Price County,,WI,832,17307,18139,2,4,6,130,232,362,7,0.258674,0.267506,207.085305,0.000001,0.00004,167,0.000102,0,23,0.333333,0.000191
55101,Racine County,,WI,11666,237070,248736,17,23,40,8041,7579,15620,6,0.358235,0.380887,143.188771,0.004676,0.007747,167,0.000214,0,23,0.613333,0.033004
55103,Richland County,,WI,1282,20071,21353,5,5,10,611,666,1277,6,0.29262,0.305097,1.985354,0.000413,0.000361,167,0.000133,0,23,0.7,0.003185
55105,Rock County,,WI,9045,194199,203244,29,23,52,5942,5228,11170,6,0.345275,0.365978,975.336799,0.007059,0.003439,167,0.000363,0,23,0.411765,0.050933
55107,Rusk County,,WI,900,16582,17482,6,5,11,461,434,895,7,0.258994,0.268143,10.329076,0.000067,0.000049,132,0.000174,0,23,0.6,0.001032
55109,St. Croix County,,WI,6515,105783,112298,19,14,33,4847,4149,8996,6,0.340579,0.360307,411.909163,0.003233,0.002485,132,0.000313,0,23,0.531579,0.024863
55111,Sauk County,,WI,5013,78899,83912,16,16,32,3260,3018,6278,6,0.331523,0.349812,596.037916,0.002073,0.001951,167,0.000298,0,23,0.435673,0.015878
55113,Sawyer County,,WI,1201,20206,21407,5,4,9,331,255,586,6,0.308064,0.321473,503.050811,0.000595,0.000577,132,0.000151,0,23,0.75,0.005043
55115,Shawano County,,WI,2691,49287,51978,9,10,19,1847,1819,3666,6,0.302592,0.316394,353.26389,0.000671,0.000888,167,0.000206,0,23,0.644444,0.005105
55117,Sheboygan County,,WI,6158,145731,151889,20,19,39,3355,3680,7035,6,0.349684,0.370916,661.09833,0.003504,0.004382,167,0.000295,0,23,0.572464,0.026698
55119,Taylor County,,WI,1129,23599,24728,6,6,12,595,551,1146,7,0.2592,0.268769,3296.232261,0.000517,0.000065,167,0.00017,0,23,0.52381,0.003858
55121,Trempealeau County,,WI,2344,39166,41510,8,7,15,1470,1356,2826,7,0.260144,0.270072,13.333736,0.000107,0.000093,132,0.000185,0,23,0.482143,0.001537
55123,Vernon County,,WI,1954,35084,37038,6,7,13,1076,1174,2250,6,0.292883,0.305808,7.161679,0.000434,0.000402,132,0.000161,0,23,0.666667,0.003475
55125,Vilas County,,WI,1635,26338,27973,9,5,14,926,627,1553,6,0.302186,0.315154,0,0.002131,0.00093,167,0.000159,0,23,0.972222,0.015221
55127,Walworth County,,WI,7767,118656,126423,17,16,33,5501,5144,10645,6,0.344584,0.3643,44.553512,0.005039,0.004103,167,0.000199,0,23,0.695906,0.034275
55129,Washburn County,,WI,1485,20052,21537,7,6,13,651,665,1316,7,0.25904,0.268399,11.302545,0.000905,0.00006,132,0.000193,0,23,0.642857,0.00734
55131,Washington County,,WI,9152,170873,180025,18,15,33,7475,6446,13921,6,0.346459,0.366433,124.309788,0.004123,0.003774,167,0.000252,0,23,0.684211,0.031524
55133,Waukesha County,,WI,28167,506963,535130,61,77,138,23645,21924,45569,5,0.394772,0.425762,9278.267311,0.022172,0.031761,167,0.000721,0,23,0.464286,0.170533
55135,Waupaca County,,WI,3373,62925,66298,10,11,21,2556,2252,4808,6,0.302717,0.31665,76.714858,0.001077,0.001076,167,0.000187,0,23,0.772727,0.007926
55137,Waushara County,,WI,1912,27815,29727,11,9,20,1187,1171,2358,7,0.264679,0.27547,14.423599,0.001027,0.000161,167,0.000195,0,23,0.598485,0.007736
55139,Winnebago County,,WI,12617,196864,209481,31,27,58,8887,9078,17965,6,0.348271,0.370006,2368.610235,0.005512,0.004231,167,0.000451,0,23,0.419786,0.042884
55141,Wood County,,WI,4895,92352,97247,14,20,34,2355,2973,5328,6,0.31394,0.33087,1004.838019,0.002185,0.00191,167,0.000249,0,23,0.510823,0.016054
56001,Albany County,,WY,4891,33227,38118,20,19,39,1816,1863,3679,6,0.352545,0.374027,2641.217272,0.005451,0.006214,9,0.000366,0,23,0.501538,0.044893
56003,Big Horn County,,WY,1016,13068,14084,2,3,5,232,353,585,7,0.266267,0.276937,1.303646,0.000111,0.000159,9,0.000094,0,23,0.666667,0.001182
56005,Campbell County,,WY,5326,56210,61536,20,25,45,1543,2103,3646,6,0.348976,0.370557,13267.891106,0.003783,0.004487,9,0.000474,0,23,0.354701,0.031126
56007,Carbon County,,WY,2211,17618,19829,8,7,15,491,577,1068,7,0.268463,0.279884,38.426961,0.000842,0.000345,9,0.000171,0,23,0.680556,0.007267
56009,Converse County,,WY,1735,16450,18185,2,5,7,304,559,863,7,0.268143,0.279013,4.503564,0.000103,0.000264,9,0.000083,0,23,0.7,0.001127
56011,Crook County,,WY,884,8377,9261,3,2,5,321,252,573,7,0.259591,0.268064,0,0.000167,0.000047,9,0.000117,0,23,1,0.001362
56013,Fremont County,,WY,3508,46534,50042,10,15,25,677,1147,1824,6,0.331861,0.350085,3805.774723,0.001931,0.002201,9,0.000223,0,23,0.434641,0.015829
56015,Goshen County,,WY,1357,14072,15429,5,7,12,388,502,890,7,0.269029,0.280327,23.678436,0.000223,0.000311,9,0.000159,0,23,0.595238,0.002393
56017,Hot Springs County,,WY,565,5443,6008,1,2,3,51,111,162,7,0.26425,0.273428,0.5,0.000016,0.000091,9,0.000063,0,23,0.833333,0.000199
56019,Johnson County,,WY,990,10113,11103,3,3,6,287,285,572,7,0.264703,0.274281,0,0.000111,0.000132,9,0.000105,0,23,1,0.001318
56021,Laramie County,,WY,11250,110336,121586,51,44,95,5052,4967,10019,6,0.363704,0.39033,18339.26938,0.019224,0.018602,9,0.000753,0,23,0.455582,0.157545
56023,Lincoln County,,WY,1864,20466,22330,9,7,16,813,392,1205,6,0.303942,0.317827,346.155824,0.001675,0.000954,9,0.000188,0,23,0.566667,0.014257
56025,Natrona County,,WY,6946,92326,99272,37,31,68,4049,2778,6827,6,0.359025,0.383214,19199.676586,0.012542,0.009717,9,0.000596,0,23,0.454487,0.101956
56027,Niobrara County,,WY,219,2749,2968,0,0,0,0,0,0,0,0,0,0,0,0,168,0.00005,150,229,0,0
56029,Park County,,WY,3051,35302,38353,10,8,18,858,662,1520,6,0.344422,0.362765,1063.791053,0.002742,0.002069,9,0.000213,0,23,0.560606,0.022611
56031,Platte County,,WY,814,10456,11270,3,3,6,195,236,431,7,0.266873,0.276932,0.45,0.000138,0.00018,9,0.000098,0,23,0.5,0.001385
56033,Sheridan County,,WY,2773,35021,37794,10,9,19,768,875,1643,6,0.327411,0.343555,787.031656,0.001898,0.00118,9,0.000232,0,23,0.554545,0.015102
56035,Sublette County,,WY,1573,10649,12222,4,3,7,265,234,499,7,0.264608,0.274252,3.059179,0.000074,0.000136,9,0.000123,0,23,0.5,0.001209
56037,Sweetwater County,,WY,5164,53740,58904,22,22,44,1938,2042,3980,6,0.347198,0.368026,2725.40046,0.004552,0.005017,9,0.000372,0,23,0.445869,0.038581
56039,Teton County,,WY,2946,30692,33638,11,7,18,871,713,1584,6,0.333599,0.350614,2208.099933,0.007042,0.002092,9,0.000189,0,23,0.525641,0.054834
56041,Uinta County,,WY,2269,24878,27147,6,10,16,575,779,1354,6,0.305145,0.319755,17.513842,0.001147,0.001232,9,0.000129,0,23,0.509091,0.009352
56043,Washakie County,,WY,737,9849,10586,2,3,5,95,132,227,7,0.267776,0.278177,7.060624,0.000071,0.000243,9,0.000093,0,23,0.583333,0.000889
56045,Weston County,,WY,667,8250,8917,1,1,2,74,95,169,7,0.25872,0.266903,0,0.000032,0.000027,9,0.000066,0,23,0,0.000316
