id,label,timeset,state,totalMig,totalNonMig,population
1001,Autauga County,,AL,6085,59242,65327
1003,Baldwin County,,AL,12939,212065,225004
1005,Barbour County,,AL,1995,25278,27273
1007,Bibb County,,AL,1494,20856,22350
1009,Blount County,,AL,3918,59947,63865
1011,Bullock County,,AL,718,9399,10117
1013,Butler County,,AL,1282,21499,22781
1015,Calhoun County,,AL,7654,123772,131426
1017,Chambers County,,AL,3142,36326,39468
1019,Cherokee County,,AL,1544,24458,26002
1021,Chilton County,,AL,3103,45460,48563
1023,Choctaw County,,AL,710,14223,14933
1025,Clarke County,,AL,1420,27768,29188
1027,Clay County,,AL,777,14464,15241
1029,Cleburne County,,AL,1005,15199,16204
1031,Coffee County,,AL,6833,50755,57588
1033,Colbert County,,AL,3945,59878,63823
1035,Conecuh County,,AL,870,12938,13808
1037,Coosa County,,AL,1007,9575,10582
1039,Covington County,,AL,2111,38969,41080
1041,Crenshaw County,,AL,1064,14420,15484
1043,Cullman County,,AL,3921,87043,90964
1045,Dale County,,AL,8041,47721,55762
1047,Dallas County,,AL,2964,45140,48104
1049,DeKalb County,,AL,4279,72617,76896
1051,Elmore County,,AL,7422,87400,94822
1053,Escambia County,,AL,2235,37444,39679
1055,Etowah County,,AL,5718,109298,115016
1057,Fayette County,,AL,916,16976,17892
1059,Franklin County,,AL,2950,35334,38284
1061,Geneva County,,AL,2078,26326,28404
1063,Greene County,,AL,611,8779,9390
1065,Hale County,,AL,1220,16564,17784
1067,Henry County,,AL,1453,17896,19349
1069,Houston County,,AL,9106,112132,121238
1071,Jackson County,,AL,2901,56039,58940
1073,Jefferson County,,AL,40965,738398,779363
1075,Lamar County,,AL,736,14765,15501
1077,Lauderdale County,,AL,5318,96957,102275
1079,Lawrence County,,AL,2022,35985,38007
1081,Lee County,,AL,14146,144364,158510
1083,Limestone County,,AL,5876,96238,102114
1085,Lowndes County,,AL,1040,13134,14174
1087,Macon County,,AL,1835,19613,21448
1089,Madison County,,AL,22983,403059,426042
1091,Marengo County,,AL,1354,22043,23397
1093,Marion County,,AL,2051,28246,30297
1095,Marshall County,,AL,7021,104524,111545
1097,Mobile County,,AL,19994,449591,469585
1099,Monroe County,,AL,1206,22847,24053
1101,Montgomery County,,AL,19334,249414,268748
1103,Morgan County,,AL,8045,137017,145062
1105,Perry County,,AL,796,10127,10923
1107,Pickens County,,AL,1161,20439,21600
1109,Pike County,,AL,2510,30364,32874
1111,Randolph County,,AL,1599,23201,24800
1113,Russell County,,AL,10345,55628,65973
1115,St. Clair County,,AL,6623,89291,95914
1117,Shelby County,,AL,18287,227573,245860
1119,Sumter County,,AL,780,12684,13464
1121,Talladega County,,AL,5287,82996,88283
1123,Tallapoosa County,,AL,3842,45350,49192
1125,Tuscaloosa County,,AL,11884,198270,210154
1127,Walker County,,AL,3448,68032,71480
1129,Washington County,,AL,1202,17874,19076
1131,Wilcox County,,AL,721,11794,12515
1133,Winston County,,AL,1575,23829,25404
2013,Aleutians East Borough,,AK,347,1935,2282
2016,Aleutians West Census Area,,AK,799,4840,5639
2020,Anchorage Municipality,,AK,36800,338834,375634
2050,Bethel Census Area,,AK,999,17519,18518
2060,Bristol Bay Borough,,AK,164,1071,1235
2068,Denali Borough,,AK,417,2483,2900
2070,Dillingham Census Area,,AK,319,5221,5540
2090,Fairbanks North Star Borough,,AK,16116,104795,120911
2100,Haines Borough,,AK,173,2941,3114
2105,Hoonah-Angoon Census Area,,AK,195,2265,2460
2110,Juneau City and Borough,,AK,3647,37645,41292
2122,Kenai Peninsula Borough,,AK,5029,65578,70607
2130,Ketchikan Gateway Borough,,AK,1402,15957,17359
2150,Kodiak Island Borough,,AK,2176,16580,18756
2164,Lake and Peninsula Borough,,AK,129,1723,1852
2170,Matanuska-Susitna Borough,,AK,8821,101826,110647
2180,Nome Census Area,,AK,727,9396,10123
2185,North Slope Borough,,AK,541,7538,8079
2188,Northwest Arctic Borough,,AK,620,6589,7209
2195,Petersburg Census Area,,AK,358,4415,4773
2198,Prince of Wales-Hyder Census Area,,AK,394,5365,5759
2220,Sitka City and Borough,,AK,1086,10161,11247
2230,Skagway Municipality,,AK,149,1307,1456
2240,Southeast Fairbanks Census Area,,AK,993,8272,9265
2261,Valdez-Cordova Census Area,,AK,1389,11181,12570
2270,Wade Hampton Census Area,,AK,331,7736,8067
2275,Wrangell City and Borough,,AK,156,2413,2569
2282,Yakutat City and Borough,,AK,45,601,646
2290,Yukon-Koyukuk Census Area,,AK,585,5893,6478
4001,Apache County,,AZ,7520,64540,72060
4003,Cochise County,,AZ,14266,134496,148762
4005,Coconino County,,AZ,14080,132766,146846
4007,Gila County,,AZ,3850,53195,57045
4009,Graham County,,AZ,2354,30962,33316
4011,Greenlee County,,AZ,738,8271,9009
4012,La Paz County,,AZ,1689,15663,17352
4013,Maricopa County,,AZ,205518,4365582,4571100
4015,Mohave County,,AZ,15835,186922,202757
4017,Navajo County,,AZ,8904,100748,109652
4019,Pima County,,AZ,56873,1058637,1115510
4021,Pinal County,,AZ,38773,320621,359394
4023,Santa Cruz County,,AZ,3543,56416,59959
4025,Yavapai County,,AZ,17179,229863,247042
4027,Yuma County,,AZ,15305,227457,242762
5001,Arkansas County,,AR,1290,21035,22325
5003,Ashley County,,AR,1323,22797,24120
5005,Baxter County,,AR,2729,43493,46222
5007,Benton County,,AR,21170,261993,283163
5009,Boone County,,AR,2655,39811,42466
5011,Bradley County,,AR,761,11426,12187
5013,Calhoun County,,AR,312,4875,5187
5015,Carroll County,,AR,2027,30338,32365
5017,Chicot County,,AR,884,10727,11611
5019,Clark County,,AR,1723,20844,22567
5021,Clay County,,AR,1115,15476,16591
5023,Cleburne County,,AR,2224,26746,28970
5025,Cleveland County,,AR,588,8708,9296
5027,Columbia County,,AR,1585,23663,25248
5029,Conway County,,AR,1636,21951,23587
5031,Craighead County,,AR,7518,101260,108778
5033,Crawford County,,AR,4904,62010,66914
5035,Crittenden County,,AR,4152,54919,59071
5037,Cross County,,AR,1412,19278,20690
5039,Dallas County,,AR,558,7662,8220
5041,Desha County,,AR,972,13365,14337
5043,Drew County,,AR,1465,18371,19836
5045,Faulkner County,,AR,9789,118978,128767
5047,Franklin County,,AR,1278,17805,19083
5049,Fulton County,,AR,942,11086,12028
5051,Garland County,,AR,6965,105478,112443
5053,Grant County,,AR,1426,19102,20528
5055,Greene County,,AR,2828,44223,47051
5057,Hempstead County,,AR,1692,22358,24050
5059,Hot Spring County,,AR,2315,31887,34202
5061,Howard County,,AR,1180,14502,15682
5063,Independence County,,AR,2591,38898,41489
5065,Izard County,,AR,957,11915,12872
5067,Jackson County,,AR,1045,15440,16485
5069,Jefferson County,,AR,6029,77516,83545
5071,Johnson County,,AR,1610,25565,27175
5073,Lafayette County,,AR,478,6819,7297
5075,Lawrence County,,AR,1127,16245,17372
5077,Lee County,,AR,675,8051,8726
5079,Lincoln County,,AR,827,10783,11610
5081,Little River County,,AR,1033,12937,13970
5083,Logan County,,AR,1522,22356,23878
5085,Lonoke County,,AR,7471,74907,82378
5087,Madison County,,AR,1199,16179,17378
5089,Marion County,,AR,1230,15824,17054
5091,Miller County,,AR,4351,42709,47060
5093,Mississippi County,,AR,3347,47191,50538
5095,Monroe County,,AR,652,8066,8718
5097,Montgomery County,,AR,708,8218,8926
5099,Nevada County,,AR,749,9035,9784
5101,Newton County,,AR,527,8032,8559
5103,Ouachita County,,AR,1766,25668,27434
5105,Perry County,,AR,838,10530,11368
5107,Phillips County,,AR,1350,20194,21544
5109,Pike County,,AR,889,10962,11851
5111,Poinsett County,,AR,1827,23580,25407
5113,Polk County,,AR,1081,20475,21556
5115,Pope County,,AR,4799,64155,68954
5117,Prairie County,,AR,585,8484,9069
5119,Pulaski County,,AR,33192,439096,472288
5121,Randolph County,,AR,1131,17687,18818
5123,St. Francis County,,AR,1911,24012,25923
5125,Saline County,,AR,9351,122043,131394
5127,Scott County,,AR,898,10900,11798
5129,Searcy County,,AR,534,8272,8806
5131,Sebastian County,,AR,10177,133141,143318
5133,Sevier County,,AR,1106,16728,17834
5135,Sharp County,,AR,1541,16006,17547
5137,Stone County,,AR,806,12070,12876
5139,Union County,,AR,2534,46088,48622
5141,Van Buren County,,AR,1281,16535,17816
5143,Washington County,,AR,16987,217332,234319
5145,White County,,AR,6131,79171,85302
5147,Woodruff County,,AR,472,7005,7477
5149,Yell County,,AR,1747,21691,23438
6001,Alameda County,,CA,117415,1795626,1913041
6003,Alpine County,,CA,78,933,1011
6005,Amador County,,CA,2421,38446,40867
6007,Butte County,,CA,11541,218411,229952
6009,Calaveras County,,CA,3426,47630,51056
6011,Colusa County,,CA,1439,28399,29838
6013,Contra Costa County,,CA,71918,1290987,1362905
6015,Del Norte County,,CA,1712,23448,25160
6017,El Dorado County,,CA,14243,207514,221757
6019,Fresno County,,CA,40043,1031887,1071930
6021,Glenn County,,CA,1887,32356,34243
6023,Humboldt County,,CA,7553,130275,137828
6025,Imperial County,,CA,9643,217627,227270
6027,Inyo County,,CA,1329,20446,21775
6029,Kern County,,CA,40674,907247,947921
6031,Kings County,,CA,11782,146915,158697
6033,Lake County,,CA,3961,59878,63839
6035,Lassen County,,CA,2308,24857,27165
6037,Los Angeles County,,CA,407109,11290702,11697811
6039,Madera County,,CA,9429,162861,172290
6041,Marin County,,CA,18474,308312,326786
6043,Mariposa County,,CA,1468,18253,19721
6045,Mendocino County,,CA,4461,94234,98695
6047,Merced County,,CA,15351,275351,290702
6049,Modoc County,,CA,667,8513,9180
6051,Mono County,,CA,1632,14974,16606
6053,Monterey County,,CA,31773,540956,572729
6055,Napa County,,CA,9595,171360,180955
6057,Nevada County,,CA,7842,112599,120441
6059,Orange County,,CA,179948,3690897,3870845
6061,Placer County,,CA,30754,421762,452516
6063,Plumas County,,CA,1732,20617,22349
6065,Riverside County,,CA,148850,2405583,2554433
6067,Sacramento County,,CA,84308,1607442,1691750
6069,San Benito County,,CA,4289,68730,73019
6071,San Bernardino County,,CA,150453,2211548,2362001
6073,San Diego County,,CA,194706,3710716,3905422
6075,San Francisco County,,CA,85226,951297,1036523
6077,San Joaquin County,,CA,40648,780301,820949
6079,San Luis Obispo County,,CA,16627,302312,318939
6081,San Mateo County,,CA,60918,905499,966417
6083,Santa Barbara County,,CA,24706,495522,520228
6085,Santa Clara County,,CA,116380,2254199,2370579
6087,Santa Cruz County,,CA,17558,316359,333917
6089,Shasta County,,CA,10506,186270,196776
6091,Sierra County,,CA,222,3028,3250
6093,Siskiyou County,,CA,2919,45835,48754
6095,Solano County,,CA,31605,476973,508578
6097,Sonoma County,,CA,22408,585415,607823
6099,Stanislaus County,,CA,27436,572114,599550
6101,Sutter County,,CA,7461,103612,111073
6103,Tehama County,,CA,4338,62526,66864
6105,Trinity County,,CA,855,11253,12108
6107,Tulare County,,CA,19504,492665,512169
6109,Tuolumne County,,CA,3251,56124,59375
6111,Ventura County,,CA,48766,1048800,1097566
6113,Yolo County,,CA,17521,209174,226695
6115,Yuba County,,CA,8597,70496,79093
8001,Adams County,,CO,56145,507577,563722
8003,Alamosa County,,CO,1600,15558,17158
8005,Arapahoe County,,CO,80410,672444,752854
8007,Archuleta County,,CO,1257,12966,14223
8009,Baca County,,CO,275,3968,4243
8011,Bent County,,CO,374,4006,4380
8013,Boulder County,,CO,30700,341520,372220
8014,Broomfield County,,CO,16529,108904,125433
8015,Chaffee County,,CO,1653,19698,21351
8017,Cheyenne County,,CO,151,2080,2231
8019,Clear Creek County,,CO,1187,9848,11035
8021,Conejos County,,CO,497,8270,8767
8023,Costilla County,,CO,236,3145,3381
8025,Crowley County,,CO,294,2797,3091
8027,Custer County,,CO,416,4344,4760
8029,Delta County,,CO,2368,32085,34453
8031,Denver County,,CO,96633,676469,773102
8033,Dolores County,,CO,133,2005,2138
8035,Douglas County,,CO,34466,353593,388059
8037,Eagle County,,CO,5965,61802,67767
8039,Elbert County,,CO,2671,26026,28697
8041,El Paso County,,CO,70879,712450,783329
8043,Fremont County,,CO,3356,41791,45147
8045,Garfield County,,CO,6024,62387,68411
8047,Gilpin County,,CO,815,5284,6099
8049,Grand County,,CO,1606,14698,16304
8051,Gunnison County,,CO,1635,15924,17559
8053,Hinsdale County,,CO,45,933,978
8055,Huerfano County,,CO,694,6141,6835
8057,Jackson County,,CO,119,1499,1618
8059,Jefferson County,,CO,57372,598773,656145
8061,Kiowa County,,CO,134,1548,1682
8063,Kit Carson County,,CO,650,8451,9101
8065,Lake County,,CO,894,6893,7787
8067,La Plata County,,CO,5072,58267,63339
8069,Larimer County,,CO,27698,350380,378078
8071,Las Animas County,,CO,1373,14462,15835
8073,Lincoln County,,CO,460,4788,5248
8075,Logan County,,CO,1508,20625,22133
8077,Mesa County,,CO,11033,163358,174391
8079,Mineral County,,CO,-2,903,901
8081,Moffat County,,CO,1280,14460,15740
8083,Montezuma County,,CO,2071,26849,28920
8085,Montrose County,,CO,3514,44990,48504
8087,Morgan County,,CO,2413,31908,34321
8089,Otero County,,CO,1333,19401,20734
8091,Ouray County,,CO,538,5222,5760
8093,Park County,,CO,1817,15477,17294
8095,Phillips County,,CO,362,5030,5392
8097,Pitkin County,,CO,2225,19657,21882
8099,Prowers County,,CO,931,13066,13997
8101,Pueblo County,,CO,8818,168608,177426
8103,Rio Blanco County,,CO,835,7228,8063
8105,Rio Grande County,,CO,1354,14848,16202
8107,Routt County,,CO,2407,27187,29594
8109,Saguache County,,CO,464,3904,4368
8111,San Juan County,,CO,65,669,734
8113,San Miguel County,,CO,895,8444,9339
8115,Sedgwick County,,CO,275,2559,2834
8117,Summit County,,CO,4117,33681,37798
8119,Teller County,,CO,3130,26244,29374
8121,Washington County,,CO,306,4820,5126
8123,Weld County,,CO,24129,290969,315098
8125,Yuma County,,CO,784,11199,11983
9001,Fairfield County,,CT,52206,1104292,1156498
9003,Hartford County,,CT,48534,1074564,1123098
9005,Litchfield County,,CT,11371,229344,240715
9007,Middlesex County,,CT,12305,199667,211972
9009,New Haven County,,CT,47263,992244,1039507
9011,New London County,,CT,19852,321583,341435
9013,Tolland County,,CT,11223,165750,176973
9015,Windham County,,CT,7266,133107,140373
10001,Kent County,,DE,12070,184935,197005
10003,New Castle County,,DE,29250,632236,661486
10005,Sussex County,,DE,11671,232713,244384
11001,District of Columbia,,DC,74934,643220,718154
12001,Alachua County,,FL,24494,239193,263687
12003,Baker County,,FL,1792,26204,27996
12005,Bay County,,FL,16101,189555,205656
12007,Bradford County,,FL,2182,23832,26014
12009,Brevard County,,FL,37333,623814,661147
12011,Broward County,,FL,170105,2064793,2234898
12013,Calhoun County,,FL,1005,12215,13220
12015,Charlotte County,,FL,15247,167775,183022
12017,Citrus County,,FL,11197,144061,155258
12019,Clay County,,FL,22069,218888,240957
12021,Collier County,,FL,29096,386035,415131
12023,Columbia County,,FL,5525,64125,69650
12027,DeSoto County,,FL,2542,28731,31273
12029,Dixie County,,FL,1095,12339,13434
12031,Duval County,,FL,78695,990793,1069488
12033,Escambia County,,FL,30480,319366,349846
12035,Flagler County,,FL,9830,108656,118486
12037,Franklin County,,FL,783,10078,10861
12039,Gadsden County,,FL,4034,49536,53570
12041,Gilchrist County,,FL,1769,15571,17340
12043,Glades County,,FL,1524,8507,10031
12045,Gulf County,,FL,1188,12955,14143
12047,Hamilton County,,FL,1056,11644,12700
12049,Hardee County,,FL,2403,26282,28685
12051,Hendry County,,FL,4088,37975,42063
12053,Hernando County,,FL,14907,176356,191263
12055,Highlands County,,FL,8493,96443,104936
12057,Hillsborough County,,FL,127515,1399251,1526766
12059,Holmes County,,FL,1459,17064,18523
12061,Indian River County,,FL,11350,160201,171551
12063,Jackson County,,FL,3087,45560,48647
12065,Jefferson County,,FL,1225,14248,15473
12067,Lafayette County,,FL,547,6234,6781
12069,Lake County,,FL,29758,335376,365134
12071,Lee County,,FL,50632,701148,751780
12073,Leon County,,FL,29953,272807,302760
12075,Levy County,,FL,4349,39244,43593
12077,Liberty County,,FL,523,6749,7272
12079,Madison County,,FL,1388,17832,19220
12081,Manatee County,,FL,29774,366174,395948
12083,Marion County,,FL,26036,358570,384606
12085,Martin County,,FL,13664,163444,177108
12086,Miami-Dade County,,FL,205784,2891062,3096846
12087,Monroe County,,FL,10489,89057,99546
12089,Nassau County,,FL,6745,86846,93591
12091,Okaloosa County,,FL,25857,218543,244400
12093,Okeechobee County,,FL,3107,37258,40365
12095,Orange County,,FL,128022,1312774,1440796
12097,Osceola County,,FL,37583,309818,347401
12099,Palm Beach County,,FL,97808,1533670,1631478
12101,Pasco County,,FL,45157,487670,532827
12103,Pinellas County,,FL,71583,1019601,1091184
12105,Polk County,,FL,49889,652218,702107
12107,Putnam County,,FL,5815,68500,74315
12109,St. Johns County,,FL,19312,231160,250472
12111,St. Lucie County,,FL,25473,304483,329956
12113,Santa Rosa County,,FL,17949,167674,185623
12115,Sarasota County,,FL,35758,434745,470503
12117,Seminole County,,FL,50420,477974,528394
12119,Sumter County,,FL,7846,104273,112119
12121,Suwannee County,,FL,3332,39419,42751
12123,Taylor County,,FL,1235,20428,21663
12125,Union County,,FL,1110,11350,12460
12127,Volusia County,,FL,39450,538074,577524
12129,Wakulla County,,FL,2664,30740,33404
12131,Walton County,,FL,6437,59272,65709
12133,Washington County,,FL,2172,22032,24204
13001,Appling County,,GA,1110,18503,19613
13003,Atkinson County,,GA,765,8445,9210
13005,Bacon County,,GA,687,11088,11775
13007,Baker County,,GA,288,3316,3604
13009,Baldwin County,,GA,3111,41093,44204
13011,Banks County,,GA,1886,17589,19475
13013,Barrow County,,GA,7477,76240,83717
13015,Bartow County,,GA,8651,108577,117228
13017,Ben Hill County,,GA,1421,17356,18777
13019,Berrien County,,GA,1769,17059,18828
13021,Bibb County,,GA,13931,164529,178460
13023,Bleckley County,,GA,861,12472,13333
13025,Brantley County,,GA,1409,16700,18109
13027,Brooks County,,GA,1768,15497,17265
13029,Bryan County,,GA,5579,38162,43741
13031,Bulloch County,,GA,6454,59648,66102
13033,Burke County,,GA,2181,24494,26675
13035,Butts County,,GA,2256,22528,24784
13037,Calhoun County,,GA,385,5197,5582
13039,Camden County,,GA,7224,51578,58802
13043,Candler County,,GA,917,10740,11657
13045,Carroll County,,GA,10964,119170,130134
13047,Catoosa County,,GA,5960,65792,71752
13049,Charlton County,,GA,881,8960,9841
13051,Chatham County,,GA,29412,284957,314369
13053,Chattahoochee County,,GA,4340,6450,10790
13055,Chattooga County,,GA,1420,24370,25790
13057,Cherokee County,,GA,20774,253114,273888
13059,Clarke County,,GA,12638,99306,111944
13061,Clay County,,GA,224,2973,3197
13063,Clayton County,,GA,46776,275675,322451
13065,Clinch County,,GA,434,6683,7117
13067,Cobb County,,GA,83149,796377,879526
13069,Coffee County,,GA,2672,41618,44290
13071,Colquitt County,,GA,3004,47231,50235
13073,Columbia County,,GA,14898,145021,159919
13075,Cook County,,GA,1466,16243,17709
13077,Coweta County,,GA,15614,156845,172459
13079,Crawford County,,GA,1203,12595,13798
13081,Crisp County,,GA,1889,21831,23720
13083,Dade County,,GA,1238,15314,16552
13085,Dawson County,,GA,2539,23051,25590
13087,Decatur County,,GA,2043,29407,31450
13089,DeKalb County,,GA,110160,749146,859306
13091,Dodge County,,GA,1304,19012,20316
13093,Dooly County,,GA,801,10575,11376
13095,Dougherty County,,GA,9521,94376,103897
13097,Douglas County,,GA,17703,140446,158149
13099,Early County,,GA,623,11052,11675
13101,Echols County,,GA,372,3537,3909
13103,Effingham County,,GA,4996,58931,63927
13105,Elbert County,,GA,1256,21413,22669
13107,Emanuel County,,GA,1543,23592,25135
13109,Evans County,,GA,923,11008,11931
13111,Fannin County,,GA,1659,23668,25327
13113,Fayette County,,GA,12743,127355,140098
13115,Floyd County,,GA,6129,102540,108669
13117,Forsyth County,,GA,15820,219279,235099
13119,Franklin County,,GA,2174,22559,24733
13121,Fulton County,,GA,150205,987546,1137751
13123,Gilmer County,,GA,2108,29194,31302
13125,Glascock County,,GA,225,2867,3092
13127,Glynn County,,GA,6166,86040,92206
13129,Gordon County,,GA,4344,60289,64633
13131,Grady County,,GA,1965,26838,28803
13133,Greene County,,GA,1181,17586,18767
13135,Gwinnett County,,GA,80951,952645,1033596
13137,Habersham County,,GA,3060,44781,47841
13139,Hall County,,GA,13388,214447,227835
13141,Hancock County,,GA,663,7913,8576
13143,Haralson County,,GA,2477,28391,30868
13145,Harris County,,GA,3273,34964,38237
13147,Hart County,,GA,1790,25766,27556
13149,Heard County,,GA,1175,10497,11672
13151,Henry County,,GA,23863,227124,250987
13153,Houston County,,GA,15575,168462,184037
13155,Irwin County,,GA,1058,8949,10007
13157,Jackson County,,GA,6082,66441,72523
13159,Jasper County,,GA,1192,14206,15398
13161,Jeff Davis County,,GA,994,15055,16049
13163,Jefferson County,,GA,1258,18726,19984
13165,Jenkins County,,GA,530,7700,8230
13167,Johnson County,,GA,548,7773,8321
13169,Jones County,,GA,2656,30201,32857
13171,Lamar County,,GA,1640,17164,18804
13173,Lanier County,,GA,1435,8223,9658
13175,Laurens County,,GA,3046,52568,55614
13177,Lee County,,GA,3674,33993,37667
13179,Liberty County,,GA,17020,60003,77023
13181,Lincoln County,,GA,480,8078,8558
13183,Long County,,GA,2889,11261,14150
13185,Lowndes County,,GA,12645,106922,119567
13187,Lumpkin County,,GA,3042,27223,30265
13189,McDuffie County,,GA,1496,23808,25304
13191,McIntosh County,,GA,1004,11604,12608
13193,Macon County,,GA,1010,11890,12900
13195,Madison County,,GA,2259,29660,31919
13197,Marion County,,GA,681,7371,8052
13199,Meriwether County,,GA,2270,22733,25003
13201,Miller County,,GA,636,5655,6291
13205,Mitchell County,,GA,1749,22776,24525
13207,Monroe County,,GA,2389,28541,30930
13209,Montgomery County,,GA,767,7870,8637
13211,Morgan County,,GA,1506,20360,21866
13213,Murray County,,GA,3116,39882,42998
13215,Muscogee County,,GA,28164,213858,242022
13217,Newton County,,GA,11183,106352,117535
13219,Oconee County,,GA,2994,39702,42696
13221,Oglethorpe County,,GA,1292,14506,15798
13223,Paulding County,,GA,14426,154709,169135
13225,Peach County,,GA,3236,26926,30162
13227,Pickens County,,GA,2641,33618,36259
13229,Pierce County,,GA,1503,19711,21214
13231,Pike County,,GA,1516,18990,20506
13233,Polk County,,GA,3045,43194,46239
13235,Pulaski County,,GA,789,9624,10413
13237,Putnam County,,GA,1840,22436,24276
13239,Quitman County,,GA,239,2113,2352
13241,Rabun County,,GA,1141,17861,19002
13243,Randolph County,,GA,463,6953,7416
13245,Richmond County,,GA,23811,201097,224908
13247,Rockdale County,,GA,11999,89214,101213
13249,Schley County,,GA,353,4498,4851
13251,Screven County,,GA,947,14289,15236
13253,Seminole County,,GA,867,9197,10064
13255,Spalding County,,GA,6030,65731,71761
13257,Stephens County,,GA,1915,25572,27487
13259,Stewart County,,GA,404,4351,4755
13261,Sumter County,,GA,2287,32575,34862
13263,Talbot County,,GA,656,6462,7118
13265,Taliaferro County,,GA,129,1618,1747
13267,Tattnall County,,GA,1701,20311,22012
13269,Taylor County,,GA,501,8387,8888
13271,Telfair County,,GA,902,10575,11477
13273,Terrell County,,GA,851,10391,11242
13275,Thomas County,,GA,3665,47917,51582
13277,Tift County,,GA,3745,42649,46394
13279,Toombs County,,GA,2128,28308,30436
13281,Towns County,,GA,865,11348,12213
13283,Treutlen County,,GA,373,6098,6471
13285,Troup County,,GA,5725,74719,80444
13287,Turner County,,GA,873,9060,9933
13289,Twiggs County,,GA,815,9152,9967
13291,Union County,,GA,1462,22436,23898
13293,Upson County,,GA,1695,27460,29155
13295,Walker County,,GA,5169,65463,70632
13297,Walton County,,GA,7225,91593,98818
13299,Ware County,,GA,2955,34689,37644
13301,Warren County,,GA,409,5860,6269
13303,Washington County,,GA,854,21303,22157
13305,Wayne County,,GA,2364,28341,30705
13307,Webster County,,GA,241,2412,2653
13309,Wheeler County,,GA,367,4677,5044
13311,White County,,GA,2250,26787,29037
13313,Whitfield County,,GA,7299,117052,124351
13315,Wilcox County,,GA,502,7130,7632
13317,Wilkes County,,GA,579,10626,11205
13319,Wilkinson County,,GA,796,10706,11502
13321,Worth County,,GA,2214,22191,24405
15001,Hawaii County,,HI,8746,201399,210145
15003,Honolulu County,,HI,76046,1140349,1216395
15005,Kalawao County,,HI,0,0,0
15007,Kauai County,,HI,3496,80962,84458
15009,Maui County,,HI,7905,180043,187948
16001,Ada County,,ID,28912,467515,496427
16003,Adams County,,ID,375,3928,4303
16005,Bannock County,,ID,6882,87155,94037
16007,Bear Lake County,,ID,423,6671,7094
16009,Benewah County,,ID,596,9743,10339
16011,Bingham County,,ID,3834,52354,56188
16013,Blaine County,,ID,1778,27734,29512
16015,Boise County,,ID,737,7006,7743
16017,Bonner County,,ID,3255,44101,47356
16019,Bonneville County,,ID,9219,121431,130650
16021,Boundary County,,ID,766,11896,12662
16023,Butte County,,ID,237,2754,2991
16025,Camas County,,ID,89,1055,1144
16027,Canyon County,,ID,15170,207375,222545
16029,Caribou County,,ID,532,7856,8388
16031,Cassia County,,ID,2211,26251,28462
16033,Clark County,,ID,62,906,968
16035,Clearwater County,,ID,602,8455,9057
16037,Custer County,,ID,495,4787,5282
16039,Elmore County,,ID,4033,27471,31504
16041,Franklin County,,ID,935,14753,15688
16043,Fremont County,,ID,1330,14481,15811
16045,Gem County,,ID,1665,17750,19415
16047,Gooding County,,ID,1719,17609,19328
16049,Idaho County,,ID,1107,15442,16549
16051,Jefferson County,,ID,2953,29943,32896
16053,Jerome County,,ID,2405,26197,28602
16055,Kootenai County,,ID,10110,164890,175000
16057,Latah County,,ID,4071,35538,39609
16059,Lemhi County,,ID,673,8461,9134
16061,Lewis County,,ID,465,4945,5410
16063,Lincoln County,,ID,719,5803,6522
16065,Madison County,,ID,5933,28783,34716
16067,Minidoka County,,ID,1891,23524,25415
16069,Nez Perce County,,ID,3198,43748,46946
16071,Oneida County,,ID,339,4796,5135
16073,Owyhee County,,ID,1214,12064,13278
16075,Payette County,,ID,2168,24734,26902
16077,Power County,,ID,817,9237,10054
16079,Shoshone County,,ID,1036,12923,13959
16081,Teton County,,ID,1023,10994,12017
16083,Twin Falls County,,ID,6581,88290,94871
16085,Valley County,,ID,993,10801,11794
16087,Washington County,,ID,887,10514,11401
17001,Adams County,,IL,3122,80923,84045
17003,Alexander County,,IL,623,7008,7631
17005,Bond County,,IL,1153,18188,19341
17007,Boone County,,IL,4911,67210,72121
17009,Brown County,,IL,363,5879,6242
17011,Bureau County,,IL,2226,42352,44578
17013,Calhoun County,,IL,199,5971,6170
17015,Carroll County,,IL,1021,19118,20139
17017,Cass County,,IL,1269,16440,17709
17019,Champaign County,,IL,15262,203210,218472
17021,Christian County,,IL,2069,39822,41891
17023,Clark County,,IL,1075,19110,20185
17025,Clay County,,IL,906,16046,16952
17027,Clinton County,,IL,2451,44270,46721
17029,Coles County,,IL,3640,51681,55321
17031,Cook County,,IL,274448,6274291,6548739
17033,Crawford County,,IL,1031,22599,23630
17035,Cumberland County,,IL,802,12772,13574
17037,DeKalb County,,IL,9181,111902,121083
17039,De Witt County,,IL,1209,19208,20417
17041,Douglas County,,IL,1491,25284,26775
17043,DuPage County,,IL,82018,1175502,1257520
17045,Edgar County,,IL,1064,20885,21949
17047,Edwards County,,IL,458,7707,8165
17049,Effingham County,,IL,2137,43937,46074
17051,Fayette County,,IL,1331,23017,24348
17053,Ford County,,IL,1127,16472,17599
17055,Franklin County,,IL,2383,43192,45575
17057,Fulton County,,IL,1998,41134,43132
17059,Gallatin County,,IL,405,6025,6430
17061,Greene County,,IL,731,15363,16094
17063,Grundy County,,IL,4550,61796,66346
17065,Hamilton County,,IL,418,9507,9925
17067,Hancock County,,IL,1330,22580,23910
17069,Hardin County,,IL,183,4316,4499
17071,Henderson County,,IL,482,8339,8821
17073,Henry County,,IL,3440,62090,65530
17075,Iroquois County,,IL,1886,35569,37455
17077,Jackson County,,IL,5874,53151,59025
17079,Jasper County,,IL,534,12307,12841
17081,Jefferson County,,IL,2224,42934,45158
17083,Jersey County,,IL,1550,26227,27777
17085,Jo Daviess County,,IL,1452,28602,30054
17087,Johnson County,,IL,766,12976,13742
17089,Kane County,,IL,43084,635150,678234
17091,Kankakee County,,IL,6530,131155,137685
17093,Kendall County,,IL,13053,142495,155548
17095,Knox County,,IL,3015,58189,61204
17097,Lake County,,IL,51825,882582,934407
17099,LaSalle County,,IL,7958,135524,143482
17101,Lawrence County,,IL,888,16289,17177
17103,Lee County,,IL,2515,40141,42656
17105,Livingston County,,IL,2415,43654,46069
17107,Logan County,,IL,1695,31859,33554
17109,McDonough County,,IL,2193,29910,32103
17111,McHenry County,,IL,22931,394688,417619
17113,McLean County,,IL,12141,195059,207200
17115,Macon County,,IL,6617,125753,132370
17117,Macoupin County,,IL,3190,54428,57618
17119,Madison County,,IL,15893,314314,330207
17121,Marion County,,IL,2605,45156,47761
17123,Marshall County,,IL,1047,14893,15940
17125,Mason County,,IL,947,16610,17557
17127,Massac County,,IL,874,16936,17810
17129,Menard County,,IL,990,15462,16452
17131,Mercer County,,IL,1059,20778,21837
17133,Monroe County,,IL,2016,43008,45024
17135,Montgomery County,,IL,1817,32903,34720
17137,Morgan County,,IL,2293,38770,41063
17139,Moultrie County,,IL,1200,17637,18837
17141,Ogle County,,IL,4005,65488,69493
17143,Peoria County,,IL,14508,223068,237576
17145,Perry County,,IL,1253,22703,23956
17147,Piatt County,,IL,1275,20285,21560
17149,Pike County,,IL,860,18224,19084
17151,Pope County,,IL,537,3570,4107
17153,Pulaski County,,IL,461,6325,6786
17155,Putnam County,,IL,494,7422,7916
17157,Randolph County,,IL,1727,35185,36912
17159,Richland County,,IL,914,18974,19888
17161,Rock Island County,,IL,10113,176573,186686
17163,St. Clair County,,IL,20098,302396,322494
17165,Saline County,,IL,1469,27308,28777
17167,Sangamon County,,IL,11667,244307,255974
17169,Schuyler County,,IL,551,8254,8805
17171,Scott County,,IL,369,6090,6459
17173,Shelby County,,IL,1588,25787,27375
17175,Stark County,,IL,368,6873,7241
17177,Stephenson County,,IL,2878,56028,58906
17179,Tazewell County,,IL,9670,166021,175691
17181,Union County,,IL,878,20024,20902
17183,Vermilion County,,IL,4341,89036,93377
17185,Wabash County,,IL,698,13814,14512
17187,Warren County,,IL,1383,20365,21748
17189,Washington County,,IL,1107,18161,19268
17191,Wayne County,,IL,1362,17412,18774
17193,White County,,IL,912,17034,17946
17195,Whiteside County,,IL,3342,71815,75157
17197,Will County,,IL,51476,840122,891598
17199,Williamson County,,IL,4649,74471,79120
17201,Winnebago County,,IL,16806,347321,364127
17203,Woodford County,,IL,3018,47522,50540
18001,Adams County,,IN,1754,42449,44203
18003,Allen County,,IN,19600,436248,455848
18005,Bartholomew County,,IN,6546,98448,104994
18007,Benton County,,IN,806,10355,11161
18009,Blackford County,,IN,978,14591,15569
18011,Boone County,,IN,5607,72422,78029
18013,Brown County,,IN,1469,18121,19590
18015,Carroll County,,IN,1841,23973,25814
18017,Cass County,,IN,3056,47824,50880
18019,Clark County,,IN,9422,132816,142238
18021,Clay County,,IN,2180,30855,33035
18023,Clinton County,,IN,2399,40842,43241
18025,Crawford County,,IN,720,11733,12453
18027,Daviess County,,IN,1488,38690,40178
18029,Dearborn County,,IN,3722,61368,65090
18031,Decatur County,,IN,1859,32074,33933
18033,DeKalb County,,IN,2988,50240,53228
18035,Delaware County,,IN,7080,117153,124233
18037,Dubois County,,IN,2232,55044,57276
18039,Elkhart County,,IN,11264,245006,256270
18041,Fayette County,,IN,1478,26348,27826
18043,Floyd County,,IN,7480,88275,95755
18045,Fountain County,,IN,1617,20431,22048
18047,Franklin County,,IN,1691,28981,30672
18049,Fulton County,,IN,1482,24546,26028
18051,Gibson County,,IN,2130,39885,42015
18053,Grant County,,IN,3837,75184,79021
18055,Greene County,,IN,2158,36990,39148
18057,Hamilton County,,IN,26167,355317,381484
18059,Hancock County,,IN,6488,85661,92149
18061,Harrison County,,IN,2899,46067,48966
18063,Hendricks County,,IN,13634,181788,195422
18065,Henry County,,IN,3089,55219,58308
18067,Howard County,,IN,5356,99866,105222
18069,Huntington County,,IN,2505,44713,47218
18071,Jackson County,,IN,3692,57122,60814
18073,Jasper County,,IN,2682,40206,42888
18075,Jay County,,IN,1287,25148,26435
18077,Jefferson County,,IN,2105,37050,39155
18079,Jennings County,,IN,2547,32108,34655
18081,Johnson County,,IN,16009,170920,186929
18083,Knox County,,IN,2175,41350,43525
18085,Kosciusko County,,IN,5413,96526,101939
18087,LaGrange County,,IN,2440,45897,48337
18089,Lake County,,IN,29925,571065,600990
18091,LaPorte County,,IN,6091,127297,133388
18093,Lawrence County,,IN,2505,53398,55903
18095,Madison County,,IN,8078,146806,154884
18097,Marion County,,IN,73324,1079025,1152349
18099,Marshall County,,IN,3264,56856,60120
18101,Martin County,,IN,729,11905,12634
18103,Miami County,,IN,2552,37961,40513
18105,Monroe County,,IN,11214,123988,135202
18107,Montgomery County,,IN,2847,46475,49322
18109,Morgan County,,IN,6183,83655,89838
18111,Newton County,,IN,1265,16190,17455
18113,Noble County,,IN,3411,56651,60062
18115,Ohio County,,IN,650,6946,7596
18117,Orange County,,IN,1209,21941,23150
18119,Owen County,,IN,2021,23977,25998
18121,Parke County,,IN,1077,17900,18977
18123,Perry County,,IN,970,21633,22603
18125,Pike County,,IN,911,14647,15558
18127,Porter County,,IN,12106,198795,210901
18129,Posey County,,IN,1791,31083,32874
18131,Pulaski County,,IN,970,15224,16194
18133,Putnam County,,IN,2957,38674,41631
18135,Randolph County,,IN,2002,30353,32355
18137,Ripley County,,IN,2461,32666,35127
18139,Rush County,,IN,1404,20035,21439
18141,St. Joseph County,,IN,16345,304993,321338
18143,Scott County,,IN,1618,25528,27146
18145,Shelby County,,IN,3864,53179,57043
18147,Spencer County,,IN,1367,25000,26367
18149,Starke County,,IN,1547,25834,27381
18151,Steuben County,,IN,2589,38573,41162
18153,Sullivan County,,IN,1321,22548,23869
18155,Switzerland County,,IN,777,10037,10814
18157,Tippecanoe County,,IN,14221,173616,187837
18159,Tipton County,,IN,1273,19260,20533
18161,Union County,,IN,623,8101,8724
18163,Vanderburgh County,,IN,11911,203861,215772
18165,Vermillion County,,IN,1263,18558,19821
18167,Vigo County,,IN,6954,112795,119749
18169,Wabash County,,IN,1896,38707,40603
18171,Warren County,,IN,708,10211,10919
18173,Warrick County,,IN,4905,73487,78392
18175,Washington County,,IN,1780,31149,32929
18177,Wayne County,,IN,3722,77345,81067
18179,Wells County,,IN,1884,33158,35042
18181,White County,,IN,2284,29754,32038
18183,Whitley County,,IN,2453,41000,43453
19001,Adair County,,IA,607,8756,9363
19003,Adams County,,IA,250,4670,4920
19005,Allamakee County,,IA,919,17685,18604
19007,Appanoose County,,IA,822,14014,14836
19009,Audubon County,,IA,362,7204,7566
19011,Benton County,,IA,1951,31136,33087
19013,Black Hawk County,,IA,8666,144822,153488
19015,Boone County,,IA,1929,31151,33080
19017,Bremer County,,IA,1653,28114,29767
19019,Buchanan County,,IA,1334,25046,26380
19021,Buena Vista County,,IA,1783,25032,26815
19023,Butler County,,IA,955,18293,19248
19025,Calhoun County,,IA,710,11718,12428
19027,Carroll County,,IA,1252,26060,27312
19029,Cass County,,IA,960,16394,17354
19031,Cedar County,,IA,1488,22228,23716
19033,Cerro Gordo County,,IA,3099,51013,54112
19035,Cherokee County,,IA,830,14834,15664
19037,Chickasaw County,,IA,742,15220,15962
19039,Clarke County,,IA,896,11141,12037
19041,Clay County,,IA,1141,20486,21627
19043,Clayton County,,IA,1172,21702,22874
19045,Clinton County,,IA,3026,57623,60649
19047,Crawford County,,IA,1209,21256,22465
19049,Dallas County,,IA,8713,85487,94200
19051,Davis County,,IA,469,9997,10466
19053,Decatur County,,IA,565,8072,8637
19055,Delaware County,,IA,1100,21488,22588
19057,Des Moines County,,IA,2502,47593,50095
19059,Dickinson County,,IA,1401,21223,22624
19061,Dubuque County,,IA,4950,116264,121214
19063,Emmet County,,IA,723,11411,12134
19065,Fayette County,,IA,1360,23143,24503
19067,Floyd County,,IA,1069,18776,19845
19069,Franklin County,,IA,733,12547,13280
19071,Fremont County,,IA,508,8324,8832
19073,Greene County,,IA,614,11075,11689
19075,Grundy County,,IA,985,15137,16122
19077,Guthrie County,,IA,911,12904,13815
19079,Hamilton County,,IA,1309,18173,19482
19081,Hancock County,,IA,853,13652,14505
19083,Hardin County,,IA,1172,20092,21264
19085,Harrison County,,IA,991,17226,18217
19087,Henry County,,IA,1414,22526,23940
19089,Howard County,,IA,659,11945,12604
19091,Humboldt County,,IA,726,11831,12557
19093,Ida County,,IA,561,8735,9296
19095,Iowa County,,IA,1086,20269,21355
19097,Jackson County,,IA,1229,24218,25447
19099,Jasper County,,IA,2518,42181,44699
19101,Jefferson County,,IA,1183,17920,19103
19103,Johnson County,,IA,12763,141048,153811
19105,Jones County,,IA,1230,23401,24631
19107,Keokuk County,,IA,674,12173,12847
19109,Kossuth County,,IA,855,19244,20099
19111,Lee County,,IA,1923,39954,41877
19113,Linn County,,IA,12575,257632,270207
19115,Louisa County,,IA,844,13416,14260
19117,Lucas County,,IA,672,9860,10532
19119,Lyon County,,IA,684,14541,15225
19121,Madison County,,IA,1212,18314,19526
19123,Mahaska County,,IA,1381,25054,26435
19125,Marion County,,IA,2128,38736,40864
19127,Marshall County,,IA,2792,47718,50510
19129,Mills County,,IA,1188,16915,18103
19131,Mitchell County,,IA,685,12675,13360
19133,Monona County,,IA,571,10485,11056
19135,Monroe County,,IA,546,8910,9456
19137,Montgomery County,,IA,706,12074,12780
19139,Muscatine County,,IA,3070,52124,55194
19141,O'Brien County,,IA,1131,17108,18239
19143,Osceola County,,IA,387,7934,8321
19145,Page County,,IA,1014,16732,17746
19147,Palo Alto County,,IA,669,10758,11427
19149,Plymouth County,,IA,1619,31274,32893
19151,Pocahontas County,,IA,503,8632,9135
19153,Polk County,,IA,29430,530219,559649
19155,Pottawattamie County,,IA,6408,104830,111238
19157,Poweshiek County,,IA,1383,20533,21916
19159,Ringgold County,,IA,292,5472,5764
19161,Sac County,,IA,663,12327,12990
19163,Scott County,,IA,11492,200680,212172
19165,Shelby County,,IA,853,14973,15826
19167,Sioux County,,IA,1839,40488,42327
19169,Story County,,IA,7749,83347,91096
19171,Tama County,,IA,1265,21060,22325
19173,Taylor County,,IA,453,7299,7752
19175,Union County,,IA,885,14251,15136
19177,Van Buren County,,IA,492,8477,8969
19179,Wapello County,,IA,2531,39917,42448
19181,Warren County,,IA,3797,55483,59280
19183,Washington County,,IA,1694,26711,28405
19185,Wayne County,,IA,456,7084,7540
19187,Webster County,,IA,2422,40510,42932
19189,Winnebago County,,IA,808,12716,13524
19191,Winneshiek County,,IA,1046,24018,25064
19193,Woodbury County,,IA,6710,117791,124501
19195,Worth County,,IA,558,9002,9560
19197,Wright County,,IA,874,15447,16321
20001,Allen County,,KS,1048,14797,15845
20003,Anderson County,,KS,627,9235,9862
20005,Atchison County,,KS,1106,17775,18881
20007,Barber County,,KS,315,5830,6145
20009,Barton County,,KS,1798,32518,34316
20011,Bourbon County,,KS,973,16446,17419
20013,Brown County,,KS,712,11627,12339
20015,Butler County,,KS,5566,73069,78635
20017,Chase County,,KS,184,3074,3258
20019,Chautauqua County,,KS,259,3902,4161
20021,Cherokee County,,KS,1633,22483,24116
20023,Cheyenne County,,KS,200,3228,3428
20025,Clark County,,KS,194,2421,2615
20027,Clay County,,KS,688,10273,10961
20029,Cloud County,,KS,726,10846,11572
20031,Coffey County,,KS,724,10480,11204
20033,Comanche County,,KS,58,2274,2332
20035,Cowley County,,KS,2578,40308,42886
20037,Crawford County,,KS,3120,40006,43126
20039,Decatur County,,KS,200,3490,3690
20041,Dickinson County,,KS,2098,22858,24956
20043,Doniphan County,,KS,586,8656,9242
20045,Douglas County,,KS,10231,109876,120107
20047,Edwards County,,KS,237,3758,3995
20049,Elk County,,KS,193,2992,3185
20051,Ellis County,,KS,2585,32293,34878
20053,Ellsworth County,,KS,501,6923,7424
20055,Finney County,,KS,3589,46114,49703
20057,Ford County,,KS,3177,44202,47379
20059,Franklin County,,KS,2184,29514,31698
20061,Geary County,,KS,14265,38190,52455
20063,Gove County,,KS,162,3491,3653
20065,Graham County,,KS,153,3127,3280
20067,Grant County,,KS,709,9202,9911
20069,Gray County,,KS,500,7415,7915
20071,Greeley County,,KS,71,1650,1721
20073,Greenwood County,,KS,545,7282,7827
20075,Hamilton County,,KS,206,2993,3199
20077,Harper County,,KS,529,6908,7437
20079,Harvey County,,KS,2807,40922,43729
20081,Haskell County,,KS,361,4710,5071
20083,Hodgeman County,,KS,150,2389,2539
20085,Jackson County,,KS,1070,16013,17083
20087,Jefferson County,,KS,1538,21618,23156
20089,Jewell County,,KS,235,3798,4033
20091,Johnson County,,KS,45881,689560,735441
20093,Kearny County,,KS,410,4804,5214
20095,Kingman County,,KS,640,9291,9931
20097,Kiowa County,,KS,229,2819,3048
20099,Labette County,,KS,1573,24457,26030
20101,Lane County,,KS,121,2208,2329
20103,Leavenworth County,,KS,10555,78943,89498
20105,Lincoln County,,KS,193,3791,3984
20107,Linn County,,KS,834,10550,11384
20109,Logan County,,KS,228,3378,3606
20111,Lyon County,,KS,2731,36193,38924
20113,McPherson County,,KS,2315,35806,38121
20115,Marion County,,KS,872,13924,14796
20117,Marshall County,,KS,606,12964,13570
20119,Meade County,,KS,430,5133,5563
20121,Miami County,,KS,2832,37734,40566
20123,Mitchell County,,KS,467,7756,8223
20125,Montgomery County,,KS,2621,37193,39814
20127,Morris County,,KS,566,6688,7254
20129,Morton County,,KS,312,3877,4189
20131,Nemaha County,,KS,638,13034,13672
20133,Neosho County,,KS,1276,18409,19685
20135,Ness County,,KS,138,3840,3978
20137,Norton County,,KS,427,6012,6439
20139,Osage County,,KS,1388,18774,20162
20141,Osborne County,,KS,307,4778,5085
20143,Ottawa County,,KS,520,7354,7874
20145,Pawnee County,,KS,592,7237,7829
20147,Phillips County,,KS,432,6838,7270
20149,Pottawatomie County,,KS,2343,26618,28961
20151,Pratt County,,KS,963,11251,12214
20153,Rawlins County,,KS,64,3158,3222
20155,Reno County,,KS,3902,73140,77042
20157,Republic County,,KS,257,6084,6341
20159,Rice County,,KS,843,11050,11893
20161,Riley County,,KS,14389,55271,69660
20163,Rooks County,,KS,425,6235,6660
20165,Rush County,,KS,237,3902,4139
20167,Russell County,,KS,621,8053,8674
20169,Saline County,,KS,4306,66744,71050
20171,Scott County,,KS,378,6178,6556
20173,Sedgwick County,,KS,29195,587548,616743
20175,Seward County,,KS,2841,29364,32205
20177,Shawnee County,,KS,10616,210549,221165
20179,Sheridan County,,KS,125,3382,3507
20181,Sherman County,,KS,597,6843,7440
20183,Smith County,,KS,211,4866,5077
20185,Stafford County,,KS,317,5065,5382
20187,Stanton County,,KS,176,2698,2874
20189,Stevens County,,KS,527,6613,7140
20191,Sumner County,,KS,2128,27043,29171
20193,Thomas County,,KS,712,9172,9884
20195,Trego County,,KS,222,3737,3959
20197,Wabaunsee County,,KS,641,8223,8864
20199,Wallace County,,KS,34,1878,1912
20201,Washington County,,KS,403,7345,7748
20203,Wichita County,,KS,129,2805,2934
20205,Wilson County,,KS,793,10514,11307
20207,Woodson County,,KS,242,3618,3860
20209,Wyandotte County,,KS,14773,167783,182556
21001,Adair County,,KY,1050,17607,18657
21003,Allen County,,KY,1199,19742,20941
21005,Anderson County,,KY,1651,26668,28319
21007,Ballard County,,KY,662,8895,9557
21009,Barren County,,KY,2687,46359,49046
21011,Bath County,,KY,825,11610,12435
21013,Bell County,,KY,1497,24683,26180
21015,Boone County,,KY,13182,142045,155227
21017,Bourbon County,,KY,1510,22330,23840
21019,Boyd County,,KY,3539,49502,53041
21021,Boyle County,,KY,2389,29567,31956
21023,Bracken County,,KY,689,9263,9952
21025,Breathitt County,,KY,569,12700,13269
21027,Breckinridge County,,KY,1372,20920,22292
21029,Bullitt County,,KY,5929,88349,94278
21031,Butler County,,KY,921,13441,14362
21033,Caldwell County,,KY,845,13765,14610
21035,Calloway County,,KY,2494,35733,38227
21037,Campbell County,,KY,7882,100457,108339
21039,Carlisle County,,KY,367,5659,6026
21041,Carroll County,,KY,1196,12106,13302
21043,Carter County,,KY,1409,28377,29786
21045,Casey County,,KY,882,15666,16548
21047,Christian County,,KY,16049,69921,85970
21049,Clark County,,KY,3012,39093,42105
21051,Clay County,,KY,802,18158,18960
21053,Clinton County,,KY,595,10315,10910
21055,Crittenden County,,KY,514,9480,9994
21057,Cumberland County,,KY,462,6797,7259
21059,Daviess County,,KY,5007,113655,118662
21061,Edmonson County,,KY,875,12400,13275
21063,Elliott County,,KY,279,5925,6204
21065,Estill County,,KY,763,14271,15034
21067,Fayette County,,KY,26086,325626,351712
21069,Fleming County,,KY,1028,16061,17089
21071,Floyd County,,KY,2044,36652,38696
21073,Franklin County,,KY,3926,57517,61443
21075,Fulton County,,KY,645,5813,6458
21077,Gallatin County,,KY,896,8377,9273
21079,Garrard County,,KY,1433,17024,18457
21081,Grant County,,KY,2517,26322,28839
21083,Graves County,,KY,2487,40395,42882
21085,Grayson County,,KY,1260,26966,28226
21087,Green County,,KY,673,11508,12181
21089,Greenup County,,KY,2641,39964,42605
21091,Hancock County,,KY,605,10126,10731
21093,Hardin County,,KY,13608,115291,128899
21095,Harlan County,,KY,1063,27548,28611
21097,Harrison County,,KY,1163,19622,20785
21099,Hart County,,KY,1218,19391,20609
21101,Henderson County,,KY,2653,51237,53890
21103,Henry County,,KY,1279,16936,18215
21105,Hickman County,,KY,298,4830,5128
21107,Hopkins County,,KY,2353,50209,52562
21109,Jackson County,,KY,534,12214,12748
21111,Jefferson County,,KY,45282,866824,912106
21113,Jessamine County,,KY,4849,51928,56777
21115,Johnson County,,KY,1159,22442,23601
21117,Kenton County,,KY,16592,183027,199619
21119,Knott County,,KY,687,14180,14867
21121,Knox County,,KY,1932,29315,31247
21123,Larue County,,KY,1261,15362,16623
21125,Laurel County,,KY,3823,60376,64199
21127,Lawrence County,,KY,857,15339,16196
21129,Lee County,,KY,359,5883,6242
21131,Leslie County,,KY,471,10813,11284
21133,Letcher County,,KY,1005,22346,23351
21135,Lewis County,,KY,729,13246,13975
21137,Lincoln County,,KY,1731,25012,26743
21139,Livingston County,,KY,850,10107,10957
21141,Logan County,,KY,1640,29388,31028
21143,Lyon County,,KY,593,7840,8433
21145,McCracken County,,KY,4781,73758,78539
21147,McCreary County,,KY,628,13914,14542
21149,McLean County,,KY,637,10233,10870
21151,Madison County,,KY,6464,83603,90067
21153,Magoffin County,,KY,486,11436,11922
21155,Marion County,,KY,1029,20491,21520
21157,Marshall County,,KY,2208,35252,37460
21159,Martin County,,KY,507,9523,10030
21161,Mason County,,KY,1319,18636,19955
21163,Meade County,,KY,4133,30637,34770
21165,Menifee County,,KY,443,5866,6309
21167,Mercer County,,KY,1610,24402,26012
21169,Metcalfe County,,KY,687,10455,11142
21171,Monroe County,,KY,798,11629,12427
21173,Montgomery County,,KY,1980,28429,30409
21175,Morgan County,,KY,569,11646,12215
21177,Muhlenberg County,,KY,1330,32778,34108
21179,Nelson County,,KY,2748,53026,55774
21181,Nicholas County,,KY,489,7579,8068
21183,Ohio County,,KY,1707,26478,28185
21185,Oldham County,,KY,5355,69302,74657
21187,Owen County,,KY,800,10606,11406
21189,Owsley County,,KY,198,3629,3827
21191,Pendleton County,,KY,1207,15615,16822
21193,Perry County,,KY,1447,29263,30710
21195,Pike County,,KY,2911,58844,61755
21197,Powell County,,KY,875,12728,13603
21199,Pulaski County,,KY,3470,66603,70073
21201,Robertson County,,KY,97,2069,2166
21203,Rockcastle County,,KY,894,15934,16828
21205,Rowan County,,KY,1699,20547,22246
21207,Russell County,,KY,928,18185,19113
21209,Scott County,,KY,4443,54691,59134
21211,Shelby County,,KY,3905,50547,54452
21213,Simpson County,,KY,1528,19409,20937
21215,Spencer County,,KY,1662,19961,21623
21217,Taylor County,,KY,1604,25434,27038
21219,Todd County,,KY,899,13278,14177
21221,Trigg County,,KY,1127,14884,16011
21223,Trimble County,,KY,870,9420,10290
21225,Union County,,KY,832,15355,16187
21227,Warren County,,KY,10140,122878,133018
21229,Washington County,,KY,793,13074,13867
21231,Wayne County,,KY,1402,20342,21744
21233,Webster County,,KY,1001,14462,15463
21235,Whitley County,,KY,2796,34792,37588
21237,Wolfe County,,KY,361,6338,6699
21239,Woodford County,,KY,2262,30205,32467
22001,Acadia Parish,,LA,4137,65132,69269
22003,Allen Parish,,LA,1457,22802,24259
22005,Ascension Parish,,LA,8379,125496,133875
22007,Assumption Parish,,LA,1440,24394,25834
22009,Avoyelles Parish,,LA,1915,42667,44582
22011,Beauregard Parish,,LA,3635,35724,39359
22013,Bienville Parish,,LA,1228,14739,15967
22015,Bossier Parish,,LA,16380,130390,146770
22017,Caddo Parish,,LA,19859,279376,299235
22019,Calcasieu Parish,,LA,10276,215341,225617
22021,Caldwell Parish,,LA,651,9952,10603
22023,Cameron Parish,,LA,571,7301,7872
22025,Catahoula Parish,,LA,605,10273,10878
22027,Claiborne Parish,,LA,932,14505,15437
22029,Concordia Parish,,LA,1384,19901,21285
22031,De Soto Parish,,LA,2047,30225,32272
22033,East Baton Rouge Parish,,LA,34343,464722,499065
22035,East Carroll Parish,,LA,592,7069,7661
22037,East Feliciana Parish,,LA,1568,20469,22037
22039,Evangeline Parish,,LA,1798,34557,36355
22041,Franklin Parish,,LA,1137,21304,22441
22043,Grant Parish,,LA,1756,20491,22247
22045,Iberia Parish,,LA,5229,83993,89222
22047,Iberville Parish,,LA,2502,33439,35941
22049,Jackson Parish,,LA,1090,15820,16910
22051,Jefferson Parish,,LA,35779,465953,501732
22053,Jefferson Davis Parish,,LA,1919,33744,35663
22055,Lafayette Parish,,LA,17143,249769,266912
22057,Lafourche Parish,,LA,5906,105303,111209
22059,La Salle Parish,,LA,720,14572,15292
22061,Lincoln Parish,,LA,3909,42346,46255
22063,Livingston Parish,,LA,9667,137810,147477
22065,Madison Parish,,LA,1039,11226,12265
22067,Morehouse Parish,,LA,1846,29621,31467
22069,Natchitoches Parish,,LA,2768,38871,41639
22071,Orleans Parish,,LA,31969,326110,358079
22073,Ouachita Parish,,LA,10308,169353,179661
22075,Plaquemines Parish,,LA,3258,24156,27414
22077,Pointe Coupee Parish,,LA,1420,24063,25483
22079,Rapides Parish,,LA,8137,146941,155078
22081,Red River Parish,,LA,600,8993,9593
22083,Richland Parish,,LA,1602,21542,23144
22085,Sabine Parish,,LA,1177,24433,25610
22087,St. Bernard Parish,,LA,3787,37205,40992
22089,St. Charles Parish,,LA,4335,59293,63628
22091,St. Helena Parish,,LA,1438,13733,15171
22093,St. James Parish,,LA,1323,25368,26691
22095,St. John the Baptist Parish,,LA,4254,47932,52186
22097,St. Landry Parish,,LA,5884,94563,100447
22099,St. Martin Parish,,LA,3983,57839,61822
22101,St. Mary Parish,,LA,3908,60688,64596
22103,St. Tammany Parish,,LA,15803,261428,277231
22105,Tangipahoa Parish,,LA,7780,122461,130241
22107,Tensas Parish,,LA,330,4983,5313
22109,Terrebonne Parish,,LA,7107,122932,130039
22111,Union Parish,,LA,1621,23053,24674
22113,Vermilion Parish,,LA,3762,64196,67958
22115,Vernon Parish,,LA,12137,49993,62130
22117,Washington Parish,,LA,2382,43325,45707
22119,Webster Parish,,LA,3025,42715,45740
22121,West Baton Rouge Parish,,LA,2390,27492,29882
22123,West Carroll Parish,,LA,642,11641,12283
22125,West Feliciana Parish,,LA,860,11370,12230
22127,Winn Parish,,LA,920,13742,14662
23001,Androscoggin County,,ME,6801,116359,123160
23003,Aroostook County,,ME,2832,78070,80902
23005,Cumberland County,,ME,19607,337378,356985
23007,Franklin County,,ME,1951,31700,33651
23009,Hancock County,,ME,3203,63280,66483
23011,Kennebec County,,ME,7353,138413,145766
23013,Knox County,,ME,2392,46090,48482
23015,Lincoln County,,ME,2727,40635,43362
23017,Oxford County,,ME,3505,60762,64267
23019,Penobscot County,,ME,8405,162800,171205
23021,Piscataquis County,,ME,1001,17774,18775
23023,Sagadahoc County,,ME,3419,41816,45235
23025,Somerset County,,ME,3299,53257,56556
23027,Waldo County,,ME,2644,43005,45649
23029,Washington County,,ME,1624,34403,36027
23031,York County,,ME,13047,238016,251063
24001,Allegany County,,MD,2883,73020,75903
24003,Anne Arundel County,,MD,50815,650485,701300
24005,Baltimore County,,MD,65377,957599,1022976
24009,Calvert County,,MD,6717,108147,114864
24011,Caroline County,,MD,2413,36426,38839
24013,Carroll County,,MD,10428,207868,218296
24015,Cecil County,,MD,7042,114096,121138
24017,Charles County,,MD,13557,176974,190531
24019,Dorchester County,,MD,2134,36263,38397
24021,Frederick County,,MD,18487,290893,309380
24023,Garrett County,,MD,1481,34306,35787
24025,Harford County,,MD,17518,304708,322226
24027,Howard County,,MD,30043,358598,388641
24029,Kent County,,MD,1362,21505,22867
24031,Montgomery County,,MD,84492,1214759,1299251
24033,Prince George's County,,MD,77800,1013008,1090808
24035,Queen Anne's County,,MD,3797,57125,60922
24037,St. Mary's County,,MD,9496,126414,135910
24039,Somerset County,,MD,1389,21426,22815
24041,Talbot County,,MD,2899,44715,47614
24043,Washington County,,MD,9771,167796,177567
24045,Wicomico County,,MD,6868,105525,112393
24047,Worcester County,,MD,4522,61988,66510
24510,Baltimore city,,MD,56360,576111,632471
25001,Barnstable County,,MA,14145,276229,290374
25003,Berkshire County,,MA,5314,151630,156944
25005,Bristol County,,MA,24421,632436,656857
25007,Dukes County,,MA,1004,22003,23007
25009,Essex County,,MA,40561,902611,943172
25011,Franklin County,,MA,4671,82861,87532
25013,Hampden County,,MA,19088,521996,541084
25015,Hampshire County,,MA,11337,165437,176774
25017,Middlesex County,,MA,112387,1812884,1925271
25019,Nantucket County,,MA,896,14043,14939
25021,Norfolk County,,MA,57680,815132,872812
25023,Plymouth County,,MA,27058,604345,631403
25025,Suffolk County,,MA,80353,723767,804120
25027,Worcester County,,MA,37517,943194,980711
26001,Alcona County,,MI,877,11844,12721
26003,Alger County,,MI,589,10010,10599
26005,Allegan County,,MI,9192,133828,143020
26007,Alpena County,,MI,1632,33884,35516
26009,Antrim County,,MI,2066,27016,29082
26011,Arenac County,,MI,1148,17743,18891
26013,Baraga County,,MI,387,8623,9010
26015,Barry County,,MI,4560,69483,74043
26017,Bay County,,MI,5760,130716,136476
26019,Benzie County,,MI,1566,20757,22323
26021,Berrien County,,MI,10832,180793,191625
26023,Branch County,,MI,2793,47879,50672
26025,Calhoun County,,MI,8591,150185,158776
26027,Cass County,,MI,4415,56611,61026
26029,Charlevoix County,,MI,2043,31458,33501
26031,Cheboygan County,,MI,1807,29827,31634
26033,Chippewa County,,MI,2029,38774,40803
26035,Clare County,,MI,2420,31808,34228
26037,Clinton County,,MI,6829,88305,95134
26039,Crawford County,,MI,1104,14222,15326
26041,Delta County,,MI,1712,44584,46296
26043,Dickinson County,,MI,1394,31941,33335
26045,Eaton County,,MI,11494,125710,137204
26047,Emmet County,,MI,2765,40254,43019
26049,Genesee County,,MI,23017,473848,496865
26051,Gladwin County,,MI,1853,28288,30141
26053,Gogebic County,,MI,803,16323,17126
26055,Grand Traverse County,,MI,6707,108514,115221
26057,Gratiot County,,MI,2789,43016,45805
26059,Hillsdale County,,MI,3101,49659,52760
26061,Houghton County,,MI,2090,35884,37974
26063,Huron County,,MI,1780,41205,42985
26065,Ingham County,,MI,24915,281969,306884
26067,Ionia County,,MI,4557,68523,73080
26069,Iosco County,,MI,1971,28170,30141
26071,Iron County,,MI,627,13127,13754
26073,Isabella County,,MI,5267,60674,65941
26075,Jackson County,,MI,8287,175751,184038
26077,Kalamazoo County,,MI,17523,280759,298282
26079,Kalkaska County,,MI,1447,18772,20219
26081,Kent County,,MI,36515,731793,768308
26083,Keweenaw County,,MI,117,2513,2630
26085,Lake County,,MI,983,10293,11276
26087,Lapeer County,,MI,6222,105167,111389
26089,Leelanau County,,MI,1776,27179,28955
26091,Lenawee County,,MI,5841,114623,120464
26093,Livingston County,,MI,13503,225682,239185
26095,Luce County,,MI,352,6165,6517
26097,Mackinac County,,MI,1054,13499,14553
26099,Macomb County,,MI,51960,1037870,1089830
26101,Manistee County,,MI,1638,27300,28938
26103,Marquette County,,MI,3672,74407,78079
26105,Mason County,,MI,1786,33920,35706
26107,Mecosta County,,MI,3478,40156,43634
26109,Menominee County,,MI,1386,27459,28845
26111,Midland County,,MI,6419,100026,106445
26113,Missaukee County,,MI,1144,16862,18006
26115,Monroe County,,MI,10794,180914,191708
26117,Montcalm County,,MI,5130,67900,73030
26119,Montmorency County,,MI,842,10310,11152
26121,Muskegon County,,MI,8534,191297,199831
26123,Newaygo County,,MI,3608,53556,57164
26125,Oakland County,,MI,90735,1479709,1570444
26127,Oceana County,,MI,2048,30407,32455
26129,Ogemaw County,,MI,1550,23124,24674
26131,Ontonagon County,,MI,346,6961,7307
26133,Osceola County,,MI,1972,25159,27131
26135,Oscoda County,,MI,742,8932,9674
26137,Otsego County,,MI,2076,28781,30857
26139,Ottawa County,,MI,18670,321766,340436
26141,Presque Isle County,,MI,841,15685,16526
26143,Roscommon County,,MI,2021,26334,28355
26145,Saginaw County,,MI,11053,225244,236297
26147,St. Clair County,,MI,8981,191320,200301
26149,St. Joseph County,,MI,3758,71153,74911
26151,Sanilac County,,MI,2766,48681,51447
26153,Schoolcraft County,,MI,349,9295,9644
26155,Shiawassee County,,MI,5189,81228,86417
26157,Tuscola County,,MI,3547,64513,68060
26159,Van Buren County,,MI,6025,87263,93288
26161,Washtenaw County,,MI,31551,372012,403563
26163,Wayne County,,MI,109237,1945750,2054987
26165,Wexford County,,MI,2719,36250,38969
27001,Aitkin County,,MN,1048,16872,17920
27003,Anoka County,,MN,29299,409676,438975
27005,Becker County,,MN,2529,38760,41289
27007,Beltrami County,,MN,3171,47258,50429
27009,Benton County,,MN,4711,44081,48792
27011,Big Stone County,,MN,337,6049,6386
27013,Blue Earth County,,MN,5754,66741,72495
27015,Brown County,,MN,1612,32181,33793
27017,Carlton County,,MN,2260,39597,41857
27019,Carver County,,MN,8707,115899,124606
27021,Cass County,,MN,2543,33117,35660
27023,Chippewa County,,MN,961,14816,15777
27025,Chisago County,,MN,4554,63504,68058
27027,Clay County,,MN,5639,64252,69891
27029,Clearwater County,,MN,535,9507,10042
27031,Cook County,,MN,427,6591,7018
27033,Cottonwood County,,MN,905,14602,15507
27035,Crow Wing County,,MN,4447,72993,77440
27037,Dakota County,,MN,36794,505350,542144
27039,Dodge County,,MN,1600,24854,26454
27041,Douglas County,,MN,2590,44674,47264
27043,Faribault County,,MN,939,17555,18494
27045,Fillmore County,,MN,1332,25127,26459
27047,Freeborn County,,MN,2038,38081,40119
27049,Goodhue County,,MN,3530,57036,60566
27051,Grant County,,MN,441,7388,7829
27053,Hennepin County,,MN,101115,1422318,1523433
27055,Houston County,,MN,1228,23725,24953
27057,Hubbard County,,MN,1831,23047,24878
27059,Isanti County,,MN,3494,44068,47562
27061,Itasca County,,MN,2216,52164,54380
27063,Jackson County,,MN,650,13106,13756
27065,Kanabec County,,MN,1252,17763,19015
27067,Kandiyohi County,,MN,2994,52098,55092
27069,Kittson County,,MN,220,5506,5726
27071,Koochiching County,,MN,697,15042,15739
27073,Lac qui Parle County,,MN,515,8774,9289
27075,Lake County,,MN,822,12770,13592
27077,Lake of the Woods County,,MN,299,4732,5031
27079,Le Sueur County,,MN,2359,33780,36139
27081,Lincoln County,,MN,388,6855,7243
27083,Lyon County,,MN,2167,30042,32209
27085,McLeod County,,MN,2663,44854,47517
27087,Mahnomen County,,MN,412,5686,6098
27089,Marshall County,,MN,688,11624,12312
27091,Martin County,,MN,1407,25531,26938
27093,Meeker County,,MN,1757,27788,29545
27095,Mille Lacs County,,MN,2411,28867,31278
27097,Morrison County,,MN,2121,40121,42242
27099,Mower County,,MN,3129,47376,50505
27101,Murray County,,MN,598,10353,10951
27103,Nicollet County,,MN,3598,36585,40183
27105,Nobles County,,MN,1632,26416,28048
27107,Norman County,,MN,441,7834,8275
27109,Olmsted County,,MN,11092,184770,195862
27111,Otter Tail County,,MN,3620,69219,72839
27113,Pennington County,,MN,1168,16690,17858
27115,Pine County,,MN,2087,30365,32452
27117,Pipestone County,,MN,615,11308,11923
27119,Polk County,,MN,2466,36206,38672
27121,Pope County,,MN,834,13560,14394
27123,Ramsey County,,MN,54174,583415,637589
27125,Red Lake County,,MN,334,4887,5221
27127,Redwood County,,MN,1100,19089,20189
27129,Renville County,,MN,1158,18970,20128
27131,Rice County,,MN,4841,70576,75417
27133,Rock County,,MN,569,11561,12130
27135,Roseau County,,MN,775,19692,20467
27137,St. Louis County,,MN,10175,222147,232322
27139,Scott County,,MN,13428,165934,179362
27141,Sherburne County,,MN,9210,103796,113006
27143,Sibley County,,MN,1161,18711,19872
27145,Stearns County,,MN,11629,170310,181939
27147,Steele County,,MN,2747,45159,47906
27149,Stevens County,,MN,858,10932,11790
27151,Swift County,,MN,818,11689,12507
27153,Todd County,,MN,1805,27707,29512
27155,Traverse County,,MN,264,4095,4359
27157,Wabasha County,,MN,1706,27065,28771
27159,Wadena County,,MN,1256,15105,16361
27161,Waseca County,,MN,1440,22566,24006
27163,Washington County,,MN,22862,301344,324206
27165,Watonwan County,,MN,857,13344,14201
27167,Wilkin County,,MN,547,8011,8558
27169,Winona County,,MN,2964,54340,57304
27171,Wright County,,MN,10663,154153,164816
27173,Yellow Medicine County,,MN,644,12592,13236
28001,Adams County,,MS,1996,31792,33788
28003,Alcorn County,,MS,2457,37542,39999
28005,Amite County,,MS,1014,12969,13983
28007,Attala County,,MS,1098,19468,20566
28009,Benton County,,MS,886,8067,8953
28011,Bolivar County,,MS,2476,35953,38429
28013,Calhoun County,,MS,783,15463,16246
28015,Carroll County,,MS,814,11061,11875
28017,Chickasaw County,,MS,1475,19369,20844
28019,Choctaw County,,MS,567,8605,9172
28021,Claiborne County,,MS,723,9797,10520
28023,Clarke County,,MS,1272,17967,19239
28025,Clay County,,MS,1289,21356,22645
28027,Coahoma County,,MS,1944,27178,29122
28029,Copiah County,,MS,1972,30247,32219
28031,Covington County,,MS,1632,20668,22300
28033,DeSoto County,,MS,15407,191752,207159
28035,Forrest County,,MS,9505,73318,82823
28037,Franklin County,,MS,530,8469,8999
28039,George County,,MS,1378,23239,24617
28041,Greene County,,MS,887,11729,12616
28043,Grenada County,,MS,1521,24325,25846
28045,Hancock County,,MS,3783,41441,45224
28047,Harrison County,,MS,21673,200345,222018
28049,Hinds County,,MS,20953,266948,287901
28051,Holmes County,,MS,1302,20094,21396
28053,Humphreys County,,MS,806,9279,10085
28055,Issaquena County,,MS,82,1035,1117
28057,Itawamba County,,MS,1779,23908,25687
28059,Jackson County,,MS,11465,149387,160852
28061,Jasper County,,MS,1413,17345,18758
28063,Jefferson County,,MS,559,8153,8712
28065,Jefferson Davis County,,MS,957,12808,13765
28067,Jones County,,MS,4935,73097,78032
28069,Kemper County,,MS,671,9386,10057
28071,Lafayette County,,MS,3926,42320,46246
28073,Lamar County,,MS,7531,56098,63629
28075,Lauderdale County,,MS,5427,82146,87573
28077,Lawrence County,,MS,923,13255,14178
28079,Leake County,,MS,1647,22750,24397
28081,Lee County,,MS,6870,92714,99584
28083,Leflore County,,MS,2154,32382,34536
28085,Lincoln County,,MS,2161,37086,39247
28087,Lowndes County,,MS,5330,62960,68290
28089,Madison County,,MS,9884,114065,123949
28091,Marion County,,MS,1733,27020,28753
28093,Marshall County,,MS,3207,37807,41014
28095,Monroe County,,MS,2371,38562,40933
28097,Montgomery County,,MS,777,11284,12061
28099,Neshoba County,,MS,1780,31008,32788
28101,Newton County,,MS,1368,23541,24909
28103,Noxubee County,,MS,768,12509,13277
28105,Oktibbeha County,,MS,4591,40670,45261
28107,Panola County,,MS,2403,37831,40234
28109,Pearl River County,,MS,3728,54565,58293
28111,Perry County,,MS,982,12177,13159
28113,Pike County,,MS,2758,42423,45181
28115,Pontotoc County,,MS,3281,34781,38062
28117,Prentiss County,,MS,1612,24898,26510
28119,Quitman County,,MS,576,7433,8009
28121,Rankin County,,MS,12254,160407,172661
28123,Scott County,,MS,2237,31599,33836
28125,Sharkey County,,MS,410,4985,5395
28127,Simpson County,,MS,1852,27619,29471
28129,Smith County,,MS,1091,16294,17385
28131,Stone County,,MS,1605,17024,18629
28133,Sunflower County,,MS,2019,26319,28338
28135,Tallahatchie County,,MS,1006,13302,14308
28137,Tate County,,MS,2395,30335,32730
28139,Tippah County,,MS,1624,24053,25677
28141,Tishomingo County,,MS,1097,19713,20810
28143,Tunica County,,MS,1513,12608,14121
28145,Union County,,MS,2404,30488,32892
28147,Walthall County,,MS,1097,14515,15612
28149,Warren County,,MS,3555,55236,58791
28151,Washington County,,MS,3414,54809,58223
28153,Wayne County,,MS,1272,22214,23486
28155,Webster County,,MS,666,10671,11337
28157,Wilkinson County,,MS,597,9292,9889
28159,Winston County,,MS,1161,19980,21141
28161,Yalobusha County,,MS,1056,13806,14862
28163,Yazoo County,,MS,1656,25335,26991
29001,Adair County,,MO,1871,22732,24603
29003,Andrew County,,MO,1727,20391,22118
29005,Atchison County,,MO,356,6408,6764
29007,Audrain County,,MO,1722,26981,28703
29009,Barry County,,MO,3159,35304,38463
29011,Barton County,,MO,891,13644,14535
29013,Bates County,,MO,1276,17987,19263
29015,Benton County,,MO,1428,19218,20646
29017,Bollinger County,,MO,807,12792,13599
29019,Boone County,,MO,13482,171624,185106
29021,Buchanan County,,MO,6715,94741,101456
29023,Butler County,,MO,2860,43592,46452
29025,Caldwell County,,MO,816,9637,10453
29027,Callaway County,,MO,3479,47199,50678
29029,Camden County,,MO,4244,45747,49991
29031,Cape Girardeau County,,MO,5488,84708,90196
29033,Carroll County,,MO,520,10713,11233
29035,Carter County,,MO,387,6382,6769
29037,Cass County,,MO,9274,116614,125888
29039,Cedar County,,MO,1116,13606,14722
29041,Chariton County,,MO,470,8998,9468
29043,Christian County,,MO,8688,87788,96476
29045,Clark County,,MO,310,7707,8017
29047,Clay County,,MO,21796,267274,289070
29049,Clinton County,,MO,2314,23272,25586
29051,Cole County,,MO,5992,87940,93932
29053,Cooper County,,MO,1466,18280,19746
29055,Crawford County,,MO,1967,26015,27982
29057,Dade County,,MO,564,8065,8629
29059,Dallas County,,MO,1397,17171,18568
29061,Daviess County,,MO,714,9422,10136
29063,DeKalb County,,MO,1062,10172,11234
29065,Dent County,,MO,949,15482,16431
29067,Douglas County,,MO,921,12885,13806
29069,Dunklin County,,MO,2119,30640,32759
29071,Franklin County,,MO,6325,121935,128260
29073,Gasconade County,,MO,1063,17302,18365
29075,Gentry County,,MO,447,7393,7840
29077,Greene County,,MO,22540,298377,320917
29079,Grundy County,,MO,795,10983,11778
29081,Harrison County,,MO,578,9456,10034
29083,Henry County,,MO,1715,23758,25473
29085,Hickory County,,MO,754,8860,9614
29087,Holt County,,MO,350,5542,5892
29089,Howard County,,MO,729,11045,11774
29091,Howell County,,MO,2645,41389,44034
29093,Iron County,,MO,920,9777,10697
29095,Jackson County,,MO,49893,743832,793725
29097,Jasper County,,MO,9085,123009,132094
29099,Jefferson County,,MO,14547,260499,275046
29101,Johnson County,,MO,7001,52332,59333
29103,Knox County,,MO,306,4623,4929
29105,Laclede County,,MO,2543,38042,40585
29107,Lafayette County,,MO,2592,36966,39558
29109,Lawrence County,,MO,3376,40701,44077
29111,Lewis County,,MO,637,10702,11339
29113,Lincoln County,,MO,3868,60893,64761
29115,Linn County,,MO,730,14114,14844
29117,Livingston County,,MO,1089,15491,16580
29119,McDonald County,,MO,2574,22985,25559
29121,Macon County,,MO,1022,17790,18812
29123,Madison County,,MO,888,12862,13750
29125,Maries County,,MO,520,9078,9598
29127,Marion County,,MO,2200,31826,34026
29129,Mercer County,,MO,278,3963,4241
29131,Miller County,,MO,1974,25173,27147
29133,Mississippi County,,MO,828,12770,13598
29135,Moniteau County,,MO,1180,17184,18364
29137,Monroe County,,MO,657,9604,10261
29139,Montgomery County,,MO,986,13022,14008
29141,Morgan County,,MO,1695,20905,22600
29143,New Madrid County,,MO,1506,17859,19365
29145,Newton County,,MO,6192,61251,67443
29147,Nodaway County,,MO,1521,21524,23045
29149,Oregon County,,MO,735,10136,10871
29151,Osage County,,MO,845,15823,16668
29153,Ozark County,,MO,871,6824,7695
29155,Pemiscot County,,MO,1330,17556,18886
29157,Perry County,,MO,1149,22142,23291
29159,Pettis County,,MO,3313,46742,50055
29161,Phelps County,,MO,3617,43349,46966
29163,Pike County,,MO,1018,18556,19574
29165,Platte County,,MO,12791,105196,117987
29167,Polk County,,MO,2560,29697,32257
29169,Pulaski County,,MO,10211,43677,53888
29171,Putnam County,,MO,348,5204,5552
29173,Ralls County,,MO,913,11554,12467
29175,Randolph County,,MO,1707,25628,27335
29177,Ray County,,MO,2038,26070,28108
29179,Reynolds County,,MO,387,6382,6769
29181,Ripley County,,MO,828,13550,14378
29183,St. Charles County,,MO,24531,454499,479030
29185,St. Clair County,,MO,633,9042,9675
29186,Ste. Genevieve County,,MO,1271,21026,22297
29187,St. Francois County,,MO,4279,63953,68232
29189,St. Louis County,,MO,75165,1203720,1278885
29195,Saline County,,MO,1459,24617,26076
29197,Schuyler County,,MO,302,4280,4582
29199,Scotland County,,MO,234,5635,5869
29201,Scott County,,MO,3093,43269,46362
29203,Shannon County,,MO,459,8030,8489
29205,Shelby County,,MO,442,7526,7968
29207,Stoddard County,,MO,2041,31707,33748
29209,Stone County,,MO,3271,32332,35603
29211,Sullivan County,,MO,637,7469,8106
29213,Taney County,,MO,5543,53897,59440
29215,Texas County,,MO,1775,24076,25851
29217,Vernon County,,MO,1287,21196,22483
29219,Warren County,,MO,2969,36725,39694
29221,Washington County,,MO,1536,23307,24843
29223,Wayne County,,MO,867,11675,12542
29225,Webster County,,MO,3373,38559,41932
29227,Worth County,,MO,104,2370,2474
29229,Wright County,,MO,1469,17998,19467
29510,St. Louis city,,MO,40096,300024,340120
30001,Beaverhead County,,MT,860,10238,11098
30003,Big Horn County,,MT,854,12615,13469
30005,Blaine County,,MT,498,6963,7461
30007,Broadwater County,,MT,442,5997,6439
30009,Carbon County,,MT,980,11261,12241
30011,Carter County,,MT,51,1403,1454
30013,Cascade County,,MT,7498,95110,102608
30015,Chouteau County,,MT,379,5516,5895
30017,Custer County,,MT,912,13494,14406
30019,Daniels County,,MT,68,2306,2374
30021,Dawson County,,MT,836,10367,11203
30023,Deer Lodge County,,MT,692,9589,10281
30025,Fallon County,,MT,290,3671,3961
30027,Fergus County,,MT,942,13662,14604
30029,Flathead County,,MT,6021,109385,115406
30031,Gallatin County,,MT,8827,106143,114970
30033,Garfield County,,MT,64,1434,1498
30035,Glacier County,,MT,794,13762,14556
30037,Golden Valley County,,MT,54,1140,1194
30039,Granite County,,MT,253,3116,3369
30041,Hill County,,MT,1342,19260,20602
30043,Jefferson County,,MT,1104,13043,14147
30045,Judith Basin County,,MT,151,2291,2442
30047,Lake County,,MT,2092,29878,31970
30049,Lewis and Clark County,,MT,5127,76841,81968
30051,Liberty County,,MT,82,2360,2442
30053,Lincoln County,,MT,1534,19842,21376
30055,McCone County,,MT,94,2005,2099
30057,Madison County,,MT,694,8529,9223
30059,Meagher County,,MT,120,2147,2267
30061,Mineral County,,MT,410,4382,4792
30063,Missoula County,,MT,9841,120686,130527
30065,Musselshell County,,MT,431,4728,5159
30067,Park County,,MT,1503,18513,20016
30069,Petroleum County,,MT,-2,473,471
30071,Phillips County,,MT,248,4996,5244
30073,Pondera County,,MT,455,7336,7791
30075,Powder River County,,MT,85,1907,1992
30077,Powell County,,MT,635,6319,6954
30079,Prairie County,,MT,87,1388,1475
30081,Ravalli County,,MT,3277,46015,49292
30083,Richland County,,MT,1436,12901,14337
30085,Roosevelt County,,MT,861,10956,11817
30087,Rosebud County,,MT,816,10606,11422
30089,Sanders County,,MT,869,11684,12553
30091,Sheridan County,,MT,385,4698,5083
30093,Silver Bow County,,MT,2414,37727,40141
30095,Stillwater County,,MT,887,10578,11465
30097,Sweet Grass County,,MT,325,4090,4415
30099,Teton County,,MT,402,7507,7909
30101,Toole County,,MT,559,5405,5964
30103,Treasure County,,MT,62,919,981
30105,Valley County,,MT,585,8825,9410
30107,Wheatland County,,MT,153,2166,2319
30109,Wibaux County,,MT,81,1141,1222
30111,Yellowstone County,,MT,10433,180241,190674
31001,Adams County,,NE,2313,35643,37956
31003,Antelope County,,NE,454,7813,8267
31005,Arthur County,,NE,31,558,589
31007,Banner County,,NE,51,821,872
31009,Blaine County,,NE,45,574,619
31011,Boone County,,NE,309,6848,7157
31013,Box Butte County,,NE,786,13500,14286
31015,Boyd County,,NE,84,2391,2475
31017,Brown County,,NE,164,3397,3561
31019,Buffalo County,,NE,3963,53490,57453
31021,Burt County,,NE,499,8001,8500
31023,Butler County,,NE,599,10218,10817
31025,Cass County,,NE,2280,30938,33218
31027,Cedar County,,NE,642,10711,11353
31029,Chase County,,NE,258,4850,5108
31031,Cherry County,,NE,478,6953,7431
31033,Cheyenne County,,NE,1045,11930,12975
31035,Clay County,,NE,493,7664,8157
31037,Colfax County,,NE,1243,13030,14273
31039,Cuming County,,NE,639,11522,12161
31041,Custer County,,NE,713,13335,14048
31043,Dakota County,,NE,2146,25349,27495
31045,Dawes County,,NE,781,8788,9569
31047,Dawson County,,NE,2200,29347,31547
31049,Deuel County,,NE,226,2134,2360
31051,Dixon County,,NE,481,7088,7569
31053,Dodge County,,NE,3112,43578,46690
31055,Douglas County,,NE,38882,628262,667144
31057,Dundy County,,NE,133,2220,2353
31059,Fillmore County,,NE,351,7149,7500
31061,Franklin County,,NE,187,3771,3958
31063,Frontier County,,NE,198,2924,3122
31065,Furnas County,,NE,414,5748,6162
31067,Gage County,,NE,1472,25588,27060
31069,Garden County,,NE,164,2171,2335
31071,Garfield County,,NE,140,2029,2169
31073,Gosper County,,NE,258,2368,2626
31075,Grant County,,NE,35,888,923
31077,Greeley County,,NE,162,2849,3011
31079,Hall County,,NE,5015,70693,75708
31081,Hamilton County,,NE,744,11522,12266
31083,Harlan County,,NE,201,3881,4082
31085,Hayes County,,NE,79,1129,1208
31087,Hitchcock County,,NE,215,3325,3540
31089,Holt County,,NE,739,12897,13636
31091,Hooker County,,NE,50,957,1007
31093,Howard County,,NE,486,7606,8092
31095,Jefferson County,,NE,486,8783,9269
31097,Johnson County,,NE,273,5110,5383
31099,Kearney County,,NE,540,7510,8050
31101,Keith County,,NE,783,9506,10289
31103,Keya Paha County,,NE,74,990,1064
31105,Kimball County,,NE,343,4128,4471
31107,Knox County,,NE,482,10103,10585
31109,Lancaster County,,NE,16812,334660,351472
31111,Lincoln County,,NE,2501,42271,44772
31113,Logan County,,NE,81,890,971
31115,Loup County,,NE,63,634,697
31117,McPherson County,,NE,-2,580,578
31119,Madison County,,NE,3016,41605,44621
31121,Merrick County,,NE,755,9003,9758
31123,Morrill County,,NE,480,5354,5834
31125,Nance County,,NE,240,4066,4306
31127,Nemaha County,,NE,482,7624,8106
31129,Nuckolls County,,NE,271,5390,5661
31131,Otoe County,,NE,1284,18886,20170
31133,Pawnee County,,NE,161,3149,3310
31135,Perkins County,,NE,180,3582,3762
31137,Phelps County,,NE,738,11142,11880
31139,Pierce County,,NE,555,8799,9354
31141,Platte County,,NE,2694,41676,44370
31143,Polk County,,NE,412,6593,7005
31145,Red Willow County,,NE,794,12773,13567
31147,Richardson County,,NE,559,9635,10194
31149,Rock County,,NE,62,1644,1706
31151,Saline County,,NE,1250,16706,17956
31153,Sarpy County,,NE,20561,198757,219318
31155,Saunders County,,NE,1703,24934,26637
31157,Scotts Bluff County,,NE,2521,41738,44259
31159,Seward County,,NE,1311,19481,20792
31161,Sheridan County,,NE,422,6013,6435
31163,Sherman County,,NE,185,3573,3758
31165,Sioux County,,NE,107,1392,1499
31167,Stanton County,,NE,782,7067,7849
31169,Thayer County,,NE,374,6267,6641
31171,Thomas County,,NE,60,829,889
31173,Thurston County,,NE,504,7007,7511
31175,Valley County,,NE,290,5008,5298
31177,Washington County,,NE,1679,24375,26054
31179,Wayne County,,NE,747,9362,10109
31181,Webster County,,NE,267,4168,4435
31183,Wheeler County,,NE,51,966,1017
31185,York County,,NE,1203,16518,17721
32001,Churchill County,,NV,3125,25905,29030
32003,Clark County,,NV,122792,2271621,2394413
32005,Douglas County,,NV,5000,57681,62681
32007,Elko County,,NV,4762,59400,64162
32009,Esmeralda County,,NV,41,891,932
32011,Eureka County,,NV,200,1936,2136
32013,Humboldt County,,NV,1966,20194,22160
32015,Lander County,,NV,672,6700,7372
32017,Lincoln County,,NV,489,4737,5226
32019,Lyon County,,NV,6139,54132,60271
32021,Mineral County,,NV,462,4676,5138
32023,Nye County,,NV,4450,41669,46119
32027,Pershing County,,NV,549,5134,5683
32029,Storey County,,NV,458,3886,4344
32031,Washoe County,,NV,28909,492848,521757
32033,White Pine County,,NV,971,10057,11028
32510,Carson City,,NV,6409,59630,66039
33001,Belknap County,,NH,5534,75016,80550
33003,Carroll County,,NH,3958,58211,62169
33005,Cheshire County,,NH,5359,88522,93881
33007,Coos County,,NH,1995,36047,38042
33009,Grafton County,,NH,8037,99406,107443
33011,Hillsborough County,,NH,28717,491221,519938
33013,Merrimack County,,NH,11839,173841,185680
33015,Rockingham County,,NH,23820,381081,404901
33017,Strafford County,,NH,9795,138493,148288
33019,Sullivan County,,NH,3218,49824,53042
34001,Atlantic County,,NJ,16028,338694,354722
34003,Bergen County,,NJ,59573,1122311,1181884
34005,Burlington County,,NJ,32682,545300,577982
34007,Camden County,,NJ,34749,602296,637045
34009,Cape May County,,NJ,7048,115342,122390
34011,Cumberland County,,NJ,7591,179267,186858
34013,Essex County,,NJ,55371,869473,924844
34015,Gloucester County,,NJ,17384,346758,364142
34017,Hudson County,,NJ,69869,710208,780077
34019,Hunterdon County,,NJ,9187,159317,168504
34021,Mercer County,,NJ,26128,418528,444656
34023,Middlesex County,,NJ,64549,987415,1051964
34025,Monmouth County,,NJ,36432,774993,811425
34027,Morris County,,NJ,35487,617900,653387
34029,Ocean County,,NJ,28417,696543,724960
34031,Passaic County,,NJ,33737,607450,641187
34033,Salem County,,NJ,4726,78179,82905
34035,Somerset County,,NJ,28365,405947,434312
34037,Sussex County,,NJ,9311,181254,190565
34039,Union County,,NJ,40277,647249,687526
34041,Warren County,,NJ,7847,130851,138698
35001,Bernalillo County,,NM,45439,733665,779104
35003,Catron County,,NM,252,3280,3532
35005,Chaves County,,NM,3944,67132,71076
35006,Cibola County,,NM,1718,23315,25033
35007,Colfax County,,NM,1072,13388,14460
35009,Curry County,,NM,6406,52880,59286
35011,De Baca County,,NM,161,2040,2201
35013,Dona Ana County,,NM,16516,224290,240806
35015,Eddy County,,NM,3558,60190,63748
35017,Grant County,,NM,1989,31667,33656
35019,Guadalupe County,,NM,354,4407,4761
35021,Harding County,,NM,-2,753,751
35023,Hidalgo County,,NM,501,4764,5265
35025,Lea County,,NM,4441,72814,77255
35027,Lincoln County,,NM,1985,21262,23247
35028,Los Alamos County,,NM,2005,23222,25227
35029,Luna County,,NM,1999,27437,29436
35031,McKinley County,,NM,7832,82908,90740
35033,Mora County,,NM,295,4798,5093
35035,Otero County,,NM,7854,64837,72691
35037,Quay County,,NM,756,8846,9602
35039,Rio Arriba County,,NM,2393,41366,43759
35041,Roosevelt County,,NM,2588,19562,22150
35043,Sandoval County,,NM,13828,147359,161187
35045,San Juan County,,NM,12586,143104,155690
35047,San Miguel County,,NM,1865,27071,28936
35049,Santa Fe County,,NM,11198,168543,179741
35051,Sierra County,,NM,1069,11292,12361
35053,Socorro County,,NM,1371,17306,18677
35055,Taos County,,NM,2200,35047,37247
35057,Torrance County,,NM,1503,14128,15631
35059,Union County,,NM,418,4101,4519
35061,Valencia County,,NM,5646,77301,82947
36001,Albany County,,NY,23455,345724,369179
36003,Allegany County,,NY,2695,48983,51678
36005,Bronx County,,NY,100371,1449522,1549893
36007,Broome County,,NY,9868,219302,229170
36009,Cattaraugus County,,NY,5342,87019,92361
36011,Cayuga County,,NY,4019,87868,91887
36013,Chautauqua County,,NY,5585,145559,151144
36015,Chemung County,,NY,5561,99052,104613
36017,Chenango County,,NY,3310,57010,60320
36019,Clinton County,,NY,3436,90078,93514
36021,Columbia County,,NY,3724,71448,75172
36023,Cortland County,,NY,2902,51233,54135
36025,Delaware County,,NY,2931,48823,51754
36027,Dutchess County,,NY,16424,341236,357660
36029,Erie County,,NY,31333,1071565,1102898
36031,Essex County,,NY,2546,42146,44692
36033,Franklin County,,NY,2400,50829,53229
36035,Fulton County,,NY,3276,61797,65073
36037,Genesee County,,NY,3500,70088,73588
36039,Greene County,,NY,3087,52592,55679
36041,Hamilton County,,NY,391,5948,6339
36043,Herkimer County,,NY,3473,71422,74895
36045,Jefferson County,,NY,19592,125655,145247
36047,Kings County,,NY,178363,2743348,2921711
36049,Lewis County,,NY,1711,30599,32310
36051,Livingston County,,NY,3797,69618,73415
36053,Madison County,,NY,4996,77223,82219
36055,Monroe County,,NY,31889,875898,907787
36057,Montgomery County,,NY,3614,56491,60105
36059,Nassau County,,NY,73355,1725936,1799291
36061,New York County,,NY,208172,1752245,1960417
36063,Niagara County,,NY,10148,254108,264256
36065,Oneida County,,NY,10043,261303,271346
36067,Onondaga County,,NY,22945,540385,563330
36069,Ontario County,,NY,7588,128798,136386
36071,Orange County,,NY,25051,443861,468912
36073,Orleans County,,NY,2705,46071,48776
36075,Oswego County,,NY,6674,134467,141141
36077,Otsego County,,NY,3805,65368,69173
36079,Putnam County,,NY,6821,120353,127174
36081,Queens County,,NY,153706,2603395,2757101
36083,Rensselaer County,,NY,11769,180851,192620
36085,Richmond County,,NY,23285,547178,570463
36087,Rockland County,,NY,15412,384452,399864
36089,St. Lawrence County,,NY,4686,113199,117885
36091,Saratoga County,,NY,17569,272948,290517
36093,Schenectady County,,NY,11170,180971,192141
36095,Schoharie County,,NY,1808,33963,35771
36097,Schuyler County,,NY,1447,21317,22764
36099,Seneca County,,NY,2372,38141,40513
36101,Steuben County,,NY,5663,112150,117813
36103,Suffolk County,,NY,64113,1879816,1943929
36105,Sullivan County,,NY,5271,83379,88650
36107,Tioga County,,NY,3556,60242,63798
36109,Tompkins County,,NY,7904,93317,101221
36111,Ulster County,,NY,10865,204057,214922
36113,Warren County,,NY,5411,78428,83839
36115,Washington County,,NY,4306,68651,72957
36117,Wayne County,,NY,6221,111502,117723
36119,Westchester County,,NY,59107,1158576,1217683
36121,Wyoming County,,NY,2508,45935,48443
36123,Yates County,,NY,1611,28344,29955
37001,Alamance County,,NC,9665,169728,179393
37003,Alexander County,,NC,2235,39412,41647
37005,Alleghany County,,NC,495,11518,12013
37007,Anson County,,NC,1376,24442,25818
37009,Ashe County,,NC,1454,28050,29504
37011,Avery County,,NC,1122,16667,17789
37013,Beaufort County,,NC,2917,51724,54641
37015,Bertie County,,NC,1255,20060,21315
37017,Bladen County,,NC,2178,33053,35231
37019,Brunswick County,,NC,8791,119901,128692
37021,Buncombe County,,NC,18304,276666,294970
37023,Burke County,,NC,6457,93912,100369
37025,Cabarrus County,,NC,15516,208516,224032
37027,Caldwell County,,NC,4456,85705,90161
37029,Camden County,,NC,1039,11176,12215
37031,Carteret County,,NC,6158,75366,81524
37033,Caswell County,,NC,1696,23581,25277
37035,Catawba County,,NC,10908,177900,188808
37037,Chatham County,,NC,5644,74362,80006
37039,Cherokee County,,NC,1597,26988,28585
37041,Chowan County,,NC,939,16053,16992
37043,Clay County,,NC,702,10570,11272
37045,Cleveland County,,NC,5727,103427,109154
37047,Columbus County,,NC,2721,55544,58265
37049,Craven County,,NC,14279,110495,124774
37051,Cumberland County,,NC,50547,329724,380271
37053,Currituck County,,NC,2310,26239,28549
37055,Dare County,,NC,2977,42387,45364
37057,Davidson County,,NC,10227,180764,190991
37059,Davie County,,NC,2937,47310,50247
37061,Duplin County,,NC,12996,62327,75323
37063,Durham County,,NC,32511,310368,342879
37065,Edgecombe County,,NC,5129,57223,62352
37067,Forsyth County,,NC,24430,401048,425478
37069,Franklin County,,NC,4732,61728,66460
37071,Gaston County,,NC,13271,227394,240665
37073,Gates County,,NC,803,11750,12553
37075,Graham County,,NC,424,8575,8999
37077,Granville County,,NC,4188,59876,64064
37079,Greene County,,NC,1428,19914,21342
37081,Guilford County,,NC,36159,552332,588491
37083,Halifax County,,NC,3299,54781,58080
37085,Harnett County,,NC,16345,118114,134459
37087,Haywood County,,NC,3339,63579,66918
37089,Henderson County,,NC,7961,123524,131485
37091,Hertford County,,NC,1354,21381,22735
37093,Hoke County,,NC,8212,47287,55499
37095,Hyde County,,NC,315,5208,5523
37097,Iredell County,,NC,12144,186595,198739
37099,Jackson County,,NC,2885,34507,37392
37101,Johnston County,,NC,13205,193038,206243
37103,Jones County,,NC,1104,10505,11609
37105,Lee County,,NC,7637,66327,73964
37107,Lenoir County,,NC,4071,63616,67687
37109,Lincoln County,,NC,5766,85911,91677
37111,McDowell County,,NC,2579,46812,49391
37113,Macon County,,NC,2181,37096,39277
37115,Madison County,,NC,1431,20494,21925
37117,Martin County,,NC,1585,26033,27618
37119,Mecklenburg County,,NC,84244,1089164,1173408
37121,Mitchell County,,NC,860,15646,16506
37123,Montgomery County,,NC,2000,28486,30486
37125,Moore County,,NC,6966,102372,109338
37127,Nash County,,NC,8485,107336,115821
37129,New Hanover County,,NC,19262,218490,237752
37131,Northampton County,,NC,1483,20137,21620
37133,Onslow County,,NC,39806,174768,214574
37135,Orange County,,NC,16095,138890,154985
37137,Pamlico County,,NC,968,13223,14191
37139,Pasquotank County,,NC,3795,41439,45234
37141,Pender County,,NC,5800,55096,60896
37143,Perquimans County,,NC,1075,14300,15375
37145,Person County,,NC,2070,42679,44749
37147,Pitt County,,NC,12785,167730,180515
37149,Polk County,,NC,1330,20803,22133
37151,Randolph County,,NC,8639,159258,167897
37153,Richmond County,,NC,2551,47631,50182
37155,Robeson County,,NC,6598,132784,139382
37157,Rockingham County,,NC,5035,100963,105998
37159,Rowan County,,NC,9408,150464,159872
37161,Rutherford County,,NC,2944,65567,68511
37163,Sampson County,,NC,5853,76773,82626
37165,Scotland County,,NC,2379,35202,37581
37167,Stanly County,,NC,3017,65239,68256
37169,Stokes County,,NC,2992,50104,53096
37171,Surry County,,NC,4350,79332,83682
37173,Swain County,,NC,1345,18687,20032
37175,Transylvania County,,NC,2096,33369,35465
37177,Tyrrell County,,NC,236,4061,4297
37179,Union County,,NC,14252,238336,252588
37181,Vance County,,NC,3170,46640,49810
37183,Wake County,,NC,74471,1112374,1186845
37185,Warren County,,NC,1409,18614,20023
37187,Washington County,,NC,627,13355,13982
37189,Watauga County,,NC,3971,41749,45720
37191,Wayne County,,NC,10532,129899,140431
37193,Wilkes County,,NC,2915,71752,74667
37195,Wilson County,,NC,5393,90648,96041
37197,Yadkin County,,NC,2414,42072,44486
37199,Yancey County,,NC,996,18216,19212
38001,Adams County,,ND,148,2620,2768
38003,Barnes County,,ND,816,13000,13816
38005,Benson County,,ND,393,7162,7555
38007,Billings County,,ND,155,987,1142
38009,Bottineau County,,ND,657,8018,8675
38011,Bowman County,,ND,230,3968,4198
38013,Burke County,,ND,312,2786,3098
38015,Burleigh County,,ND,6964,104223,111187
38017,Cass County,,ND,13399,181786,195185
38019,Cavalier County,,ND,184,5084,5268
38021,Dickey County,,ND,368,6241,6609
38023,Divide County,,ND,237,2683,2920
38025,Dunn County,,ND,530,4363,4893
38027,Eddy County,,ND,160,2802,2962
38029,Emmons County,,ND,189,3985,4174
38031,Foster County,,ND,259,4258,4517
38033,Golden Valley County,,ND,191,2182,2373
38035,Grand Forks County,,ND,6670,71975,78645
38037,Grant County,,ND,107,2699,2806
38039,Griggs County,,ND,173,2895,3068
38041,Hettinger County,,ND,178,3074,3252
38043,Kidder County,,ND,142,3012,3154
38045,LaMoure County,,ND,244,4976,5220
38047,Logan County,,ND,132,2377,2509
38049,McHenry County,,ND,505,6957,7462
38051,McIntosh County,,ND,103,3426,3529
38053,McKenzie County,,ND,1106,7134,8240
38055,McLean County,,ND,836,11311,12147
38057,Mercer County,,ND,790,10528,11318
38059,Morton County,,ND,3200,33668,36868
38061,Mountrail County,,ND,1239,9504,10743
38063,Nelson County,,ND,249,3824,4073
38065,Oliver County,,ND,98,2264,2362
38067,Pembina County,,ND,573,9023,9596
38069,Pierce County,,ND,333,5319,5652
38071,Ramsey County,,ND,864,13703,14567
38073,Ransom County,,ND,365,6615,6980
38075,Renville County,,ND,331,3107,3438
38077,Richland County,,ND,1240,19070,20310
38079,Rolette County,,ND,537,14684,15221
38081,Sargent County,,ND,316,4965,5281
38083,Sheridan County,,ND,81,1621,1702
38085,Sioux County,,ND,250,3535,3785
38087,Slope County,,ND,67,868,935
38089,Stark County,,ND,3283,32122,35405
38091,Steele County,,ND,196,2295,2491
38093,Stutsman County,,ND,1317,24532,25849
38095,Towner County,,ND,196,2946,3142
38097,Traill County,,ND,760,9266,10026
38099,Walsh County,,ND,780,13583,14363
38101,Ward County,,ND,9671,73811,83482
38103,Wells County,,ND,333,5402,5735
38105,Williams County,,ND,5080,30420,35500
39001,Adams County,,OH,1560,29582,31142
39003,Allen County,,OH,5813,117425,123238
39005,Ashland County,,OH,3290,60240,63530
39007,Ashtabula County,,OH,5872,112728,118600
39009,Athens County,,OH,3868,49899,53767
39011,Auglaize County,,OH,2963,57252,60215
39013,Belmont County,,OH,3134,76585,79719
39015,Brown County,,OH,3324,48065,51389
39017,Butler County,,OH,27839,419938,447777
39019,Carroll County,,OH,2237,31855,34092
39021,Champaign County,,OH,2939,45620,48559
39023,Clark County,,OH,7509,157838,165347
39025,Clermont County,,OH,15152,234030,249182
39027,Clinton County,,OH,3336,47099,50435
39029,Columbiana County,,OH,5214,120153,125367
39031,Coshocton County,,OH,1980,40875,42855
39033,Crawford County,,OH,2946,49771,52717
39035,Cuyahoga County,,OH,62578,1463556,1526134
39037,Darke County,,OH,2866,63746,66612
39039,Defiance County,,OH,2675,46999,49674
39041,Delaware County,,OH,16053,219636,235689
39043,Erie County,,OH,5486,92259,97745
39045,Fairfield County,,OH,11394,168850,180244
39047,Fayette County,,OH,1978,31848,33826
39049,Franklin County,,OH,83973,1389333,1473306
39051,Fulton County,,OH,2818,52455,55273
39053,Gallia County,,OH,1524,31661,33185
39055,Geauga County,,OH,6221,117696,123917
39057,Greene County,,OH,16916,177315,194231
39059,Guernsey County,,OH,2172,44549,46721
39061,Hamilton County,,OH,52684,933989,986673
39063,Hancock County,,OH,5628,88804,94432
39065,Hardin County,,OH,1838,32905,34743
39067,Harrison County,,OH,989,16606,17595
39069,Henry County,,OH,1807,35182,36989
39071,Highland County,,OH,3036,45532,48568
39073,Hocking County,,OH,1863,31061,32924
39075,Holmes County,,OH,1876,47053,48929
39077,Huron County,,OH,4300,71399,75699
39079,Jackson County,,OH,1695,35127,36822
39081,Jefferson County,,OH,2969,76007,78976
39083,Knox County,,OH,3762,67230,70992
39085,Lake County,,OH,12434,289824,302258
39087,Lawrence County,,OH,3071,66042,69113
39089,Licking County,,OH,11633,196214,207847
39091,Logan County,,OH,2896,54357,57253
39093,Lorain County,,OH,15554,356760,372314
39095,Lucas County,,OH,22660,482731,505391
39097,Madison County,,OH,3227,45392,48619
39099,Mahoning County,,OH,12147,269432,281579
39101,Marion County,,OH,3596,69603,73199
39103,Medina County,,OH,11721,218972,230693
39105,Meigs County,,OH,1060,23808,24868
39107,Mercer County,,OH,1997,52031,54028
39109,Miami County,,OH,6977,124294,131271
39111,Monroe County,,OH,785,16325,17110
39113,Montgomery County,,OH,35483,609137,644620
39115,Morgan County,,OH,732,14871,15603
39117,Morrow County,,OH,2776,38344,41120
39119,Muskingum County,,OH,4263,97145,101408
39121,Noble County,,OH,766,13644,14410
39123,Ottawa County,,OH,3026,51055,54081
39125,Paulding County,,OH,1354,22894,24248
39127,Perry County,,OH,2508,38256,40764
39129,Pickaway County,,OH,4264,59681,63945
39131,Pike County,,OH,1860,28611,30471
39133,Portage County,,OH,11678,175395,187073
39135,Preble County,,OH,2786,48709,51495
39137,Putnam County,,OH,1675,44190,45865
39139,Richland County,,OH,6755,139606,146361
39141,Ross County,,OH,4189,80658,84847
39143,Sandusky County,,OH,3575,73323,76898
39145,Scioto County,,OH,3234,76650,79884
39147,Seneca County,,OH,3439,65010,68449
39149,Shelby County,,OH,3177,59498,62675
39151,Stark County,,OH,17576,447533,465109
39153,Summit County,,OH,31921,635213,667134
39155,Trumbull County,,OH,10255,245081,255336
39157,Tuscarawas County,,OH,4672,114564,119236
39159,Union County,,OH,4443,59376,63819
39161,Van Wert County,,OH,1919,34617,36536
39163,Vinton County,,OH,848,13123,13971
39165,Warren County,,OH,20134,258235,278369
39167,Washington County,,OH,3252,71614,74866
39169,Wayne County,,OH,6345,137445,143790
39171,Williams County,,OH,1991,45540,47531
39173,Wood County,,OH,11329,140852,152181
39175,Wyandot County,,OH,1482,27526,29008
40001,Adair County,,OK,1413,22225,23638
40003,Alfalfa County,,OK,449,5061,5510
40005,Atoka County,,OK,1094,13100,14194
40007,Beaver County,,OK,553,6073,6626
40009,Beckham County,,OK,2153,22719,24872
40011,Blaine County,,OK,793,10592,11385
40013,Bryan County,,OK,3005,40381,43386
40015,Caddo County,,OK,2265,27850,30115
40017,Canadian County,,OK,11725,136772,148497
40019,Carter County,,OK,3373,51890,55263
40021,Cherokee County,,OK,3621,43658,47279
40023,Choctaw County,,OK,1126,14405,15531
40025,Cimarron County,,OK,271,3015,3286
40027,Cleveland County,,OK,28411,276757,305168
40029,Coal County,,OK,454,5324,5778
40031,Comanche County,,OK,16716,116703,133419
40033,Cotton County,,OK,471,6141,6612
40035,Craig County,,OK,1078,13644,14722
40037,Creek County,,OK,8162,73273,81435
40039,Custer County,,OK,3036,28228,31264
40041,Delaware County,,OK,3315,37419,40734
40043,Dewey County,,OK,425,5250,5675
40045,Ellis County,,OK,365,4416,4781
40047,Garfield County,,OK,5532,68012,73544
40049,Garvin County,,OK,2093,28373,30466
40051,Grady County,,OK,4827,53486,58313
40053,Grant County,,OK,463,4811,5274
40055,Greer County,,OK,398,4988,5386
40057,Harmon County,,OK,224,2773,2997
40059,Harper County,,OK,286,4328,4614
40061,Haskell County,,OK,730,12592,13322
40063,Hughes County,,OK,1081,12251,13332
40065,Jackson County,,OK,3422,27387,30809
40067,Jefferson County,,OK,481,5506,5987
40069,Johnston County,,OK,935,10403,11338
40071,Kay County,,OK,3265,48593,51858
40073,Kingfisher County,,OK,1141,16489,17630
40075,Kiowa County,,OK,758,9150,9908
40077,Latimer County,,OK,1010,11038,12048
40079,Le Flore County,,OK,3186,47401,50587
40081,Lincoln County,,OK,2783,33744,36527
40083,Logan County,,OK,4329,43489,47818
40085,Love County,,OK,973,9362,10335
40087,McClain County,,OK,3914,39027,42941
40089,McCurtain County,,OK,1848,26908,28756
40091,McIntosh County,,OK,1732,19192,20924
40093,Major County,,OK,741,8191,8932
40095,Marshall County,,OK,1240,15033,16273
40097,Mayes County,,OK,2997,41278,44275
40099,Murray County,,OK,1058,13770,14828
40101,Muskogee County,,OK,5076,70108,75184
40103,Noble County,,OK,1043,11914,12957
40105,Nowata County,,OK,837,10818,11655
40107,Okfuskee County,,OK,767,10207,10974
40109,Oklahoma County,,OK,58044,798800,856844
40111,Okmulgee County,,OK,3197,37944,41141
40113,Osage County,,OK,4569,43022,47591
40115,Ottawa County,,OK,2556,32840,35396
40117,Pawnee County,,OK,1460,16015,17475
40119,Payne County,,OK,7115,65684,72799
40121,Pittsburg County,,OK,3275,44928,48203
40123,Pontotoc County,,OK,2918,39745,42663
40125,Pottawatomie County,,OK,5641,71508,77149
40127,Pushmataha County,,OK,949,10738,11687
40129,Roger Mills County,,OK,260,3913,4173
40131,Rogers County,,OK,8410,96341,104751
40133,Seminole County,,OK,2013,22914,24927
40135,Sequoyah County,,OK,2773,40466,43239
40137,Stephens County,,OK,3365,47133,50498
40139,Texas County,,OK,2401,25619,28020
40141,Tillman County,,OK,586,7743,8329
40143,Tulsa County,,OK,45636,694950,740586
40145,Wagoner County,,OK,8378,77651,86029
40147,Washington County,,OK,4362,57138,61500
40149,Washita County,,OK,1350,11480,12830
40151,Woods County,,OK,673,8694,9367
40153,Woodward County,,OK,1749,22394,24143
41001,Baker County,,OR,1183,16908,18091
41003,Benton County,,OR,8625,83382,92007
41005,Clackamas County,,OR,34566,441587,476153
41007,Clatsop County,,OR,3715,39751,43466
41009,Columbia County,,OR,3471,53827,57298
41011,Coos County,,OR,4368,63756,68124
41013,Crook County,,OR,1799,21504,23303
41015,Curry County,,OR,2053,23251,25304
41017,Deschutes County,,OR,12716,185563,198279
41019,Douglas County,,OR,6329,110006,116335
41021,Gilliam County,,OR,206,1996,2202
41023,Grant County,,OR,517,7444,7961
41025,Harney County,,OR,496,7562,8058
41027,Hood River County,,OR,2016,28813,30829
41029,Jackson County,,OR,11982,230507,242489
41031,Jefferson County,,OR,1750,21781,23531
41033,Josephine County,,OR,5162,84557,89719
41035,Klamath County,,OR,4716,67042,71758
41037,Lake County,,OR,582,7701,8283
41039,Lane County,,OR,20523,371533,392056
41041,Lincoln County,,OR,4269,47861,52130
41043,Linn County,,OR,9291,125545,134836
41045,Malheur County,,OR,2481,28548,31029
41047,Marion County,,OR,20537,350230,370767
41049,Morrow County,,OR,1166,13437,14603
41051,Multnomah County,,OR,69085,832428,901513
41053,Polk County,,OR,7307,79451,86758
41055,Sherman County,,OR,138,2016,2154
41057,Tillamook County,,OR,2065,27247,29312
41059,Umatilla County,,OR,5267,82584,87851
41061,Union County,,OR,1928,27701,29629
41063,Wallowa County,,OR,544,7976,8520
41065,Wasco County,,OR,1996,26886,28882
41067,Washington County,,OR,48531,630063,678594
41069,Wheeler County,,OR,152,1324,1476
41071,Yamhill County,,OR,7885,106881,114766
42001,Adams County,,PA,6503,124399,130902
42003,Allegheny County,,PA,59992,1474735,1534727
42005,Armstrong County,,PA,3180,81713,84893
42007,Beaver County,,PA,8331,209903,218234
42009,Bedford County,,PA,1993,60248,62241
42011,Berks County,,PA,19680,502768,522448
42013,Blair County,,PA,4600,149270,153870
42015,Bradford County,,PA,3785,73578,77363
42017,Bucks County,,PA,36604,803830,840434
42019,Butler County,,PA,10272,230547,240819
42021,Cambria County,,PA,5843,163666,169509
42023,Cameron County,,PA,263,6059,6322
42025,Carbon County,,PA,4417,75783,80200
42027,Centre County,,PA,8883,139927,148810
42029,Chester County,,PA,32109,631908,664017
42031,Clarion County,,PA,2290,43246,45536
42033,Clearfield County,,PA,3843,92616,96459
42035,Clinton County,,PA,2048,43053,45101
42037,Columbia County,,PA,3385,71794,75179
42039,Crawford County,,PA,4320,99009,103329
42041,Cumberland County,,PA,17118,291801,308919
42043,Dauphin County,,PA,19558,327008,346566
42045,Delaware County,,PA,35145,664798,699943
42047,Elk County,,PA,1306,40991,42297
42049,Erie County,,PA,10789,323185,333974
42051,Fayette County,,PA,5796,154312,160108
42053,Forest County,,PA,352,5453,5805
42055,Franklin County,,PA,8040,191174,199214
42057,Fulton County,,PA,656,18128,18784
42059,Greene County,,PA,1870,40582,42452
42061,Huntingdon County,,PA,1932,49504,51436
42063,Indiana County,,PA,4484,93585,98069
42065,Jefferson County,,PA,2601,54449,57050
42067,Juniata County,,PA,950,29264,30214
42069,Lackawanna County,,PA,9977,248858,258835
42071,Lancaster County,,PA,22014,659928,681942
42073,Lawrence County,,PA,3964,104567,108531
42075,Lebanon County,,PA,7782,169077,176859
42077,Lehigh County,,PA,26407,425076,451483
42079,Luzerne County,,PA,14369,376577,390946
42081,Lycoming County,,PA,6179,136589,142768
42083,McKean County,,PA,1819,48179,49998
42085,Mercer County,,PA,5226,134215,139441
42087,Mifflin County,,PA,1824,55199,57023
42089,Monroe County,,PA,12851,177426,190277
42091,Montgomery County,,PA,54472,1010365,1064837
42093,Montour County,,PA,1864,22033,23897
42095,Northampton County,,PA,20028,361575,381603
42097,Northumberland County,,PA,5057,107541,112598
42099,Perry County,,PA,2882,56730,59612
42101,Philadelphia County,,PA,91866,1513633,1605499
42103,Pike County,,PA,4826,64568,69394
42105,Potter County,,PA,1156,19832,20988
42107,Schuylkill County,,PA,6178,170738,176916
42109,Snyder County,,PA,2050,45637,47687
42111,Somerset County,,PA,3117,90264,93381
42113,Sullivan County,,PA,445,7066,7511
42115,Susquehanna County,,PA,2524,49495,52019
42117,Tioga County,,PA,2579,48009,50588
42119,Union County,,PA,2763,42797,45560
42121,Venango County,,PA,2586,63844,66430
42123,Warren County,,PA,1889,48411,50300
42125,Washington County,,PA,10932,254033,264965
42127,Wayne County,,PA,3551,58542,62093
42129,Westmoreland County,,PA,17052,450944,467996
42131,Wyoming County,,PA,2113,33745,35858
42133,York County,,PA,22156,544714,566870
44001,Bristol County,,RI,3586,57444,61030
44003,Kent County,,RI,12451,201964,214415
44005,Newport County,,RI,8632,95067,103699
44007,Providence County,,RI,34254,697837,732091
44009,Washington County,,RI,8485,148668,157153
45001,Abbeville County,,SC,1615,25462,27077
45003,Aiken County,,SC,10569,178912,189481
45005,Allendale County,,SC,678,8207,8885
45007,Anderson County,,SC,11201,207391,218592
45009,Bamberg County,,SC,1144,13627,14771
45011,Barnwell County,,SC,1391,23030,24421
45013,Beaufort County,,SC,17172,184849,202021
45015,Berkeley County,,SC,24544,197498,222042
45017,Calhoun County,,SC,1126,15665,16791
45019,Charleston County,,SC,35352,389780,425132
45021,Cherokee County,,SC,2716,57561,60277
45023,Chester County,,SC,2043,34178,36221
45025,Chesterfield County,,SC,2109,45480,47589
45027,Clarendon County,,SC,2324,33717,36041
45029,Colleton County,,SC,2580,40630,43210
45031,Darlington County,,SC,4293,70667,74960
45033,Dillon County,,SC,1780,32657,34437
45035,Dorchester County,,SC,18468,153077,171545
45037,Edgefield County,,SC,1950,25365,27315
45039,Fairfield County,,SC,1639,23920,25559
45041,Florence County,,SC,9601,148691,158292
45043,Georgetown County,,SC,4884,69538,74422
45045,Greenville County,,SC,32197,525421,557618
45047,Greenwood County,,SC,4613,75512,80125
45049,Hampton County,,SC,1442,20261,21703
45051,Horry County,,SC,20887,318634,339521
45053,Jasper County,,SC,2595,22975,25570
45055,Kershaw County,,SC,4237,68401,72638
45057,Lancaster County,,SC,5536,83771,89307
45059,Laurens County,,SC,4296,67727,72023
45061,Lee County,,SC,1344,17515,18859
45063,Lexington County,,SC,21525,302252,323777
45065,McCormick County,,SC,699,9618,10317
45067,Marion County,,SC,2185,33711,35896
45069,Marlboro County,,SC,1400,27129,28529
45071,Newberry County,,SC,2172,43241,45413
45073,Oconee County,,SC,4318,79892,84210
45075,Orangeburg County,,SC,5626,91551,97177
45077,Pickens County,,SC,8735,118027,126762
45079,Richland County,,SC,37034,400200,437234
45081,Saluda County,,SC,2255,22729,24984
45083,Spartanburg County,,SC,15636,317339,332975
45085,Sumter County,,SC,10641,116148,126789
45087,Union County,,SC,1157,28503,29660
45089,Williamsburg County,,SC,2179,32971,35150
45091,York County,,SC,15601,267555,283156
46003,Aurora County,,SD,187,3418,3605
46005,Beadle County,,SD,1478,21405,22883
46007,Bennett County,,SD,195,3065,3260
46009,Bon Homme County,,SD,435,7054,7489
46011,Brookings County,,SD,3350,31439,34789
46013,Brown County,,SD,2986,44568,47554
46015,Brule County,,SD,460,6165,6625
46017,Buffalo County,,SD,124,1965,2089
46019,Butte County,,SD,992,11158,12150
46021,Campbell County,,SD,80,1769,1849
46023,Charles Mix County,,SD,492,9593,10085
46025,Clark County,,SD,264,3939,4203
46027,Clay County,,SD,1692,11514,13206
46029,Codington County,,SD,2352,32995,35347
46031,Corson County,,SD,255,3397,3652
46033,Custer County,,SD,887,9141,10028
46035,Davison County,,SD,1945,23029,24974
46037,Day County,,SD,457,6722,7179
46039,Deuel County,,SD,366,5447,5813
46041,Dewey County,,SD,392,6779,7171
46043,Douglas County,,SD,117,3644,3761
46045,Edmunds County,,SD,301,4599,4900
46047,Fall River County,,SD,804,7854,8658
46049,Faulk County,,SD,100,2425,2525
46051,Grant County,,SD,501,9347,9848
46053,Gregory County,,SD,248,5043,5291
46055,Haakon County,,SD,94,2384,2478
46057,Hamlin County,,SD,468,6800,7268
46059,Hand County,,SD,197,4103,4300
46061,Hanson County,,SD,418,5410,5828
46063,Harding County,,SD,191,1512,1703
46065,Hughes County,,SD,1965,20889,22854
46067,Hutchinson County,,SD,526,8341,8867
46069,Hyde County,,SD,111,1640,1751
46071,Jackson County,,SD,169,2718,2887
46073,Jerauld County,,SD,148,2241,2389
46075,Jones County,,SD,46,1250,1296
46077,Kingsbury County,,SD,458,6444,6902
46079,Lake County,,SD,1182,14683,15865
46081,Lawrence County,,SD,2862,27497,30359
46083,Lincoln County,,SD,6327,59069,65396
46085,Lyman County,,SD,218,4207,4425
46087,McCook County,,SD,526,6693,7219
46089,McPherson County,,SD,126,2512,2638
46091,Marshall County,,SD,279,5085,5364
46093,Meade County,,SD,5114,31972,37086
46095,Mellette County,,SD,103,1871,1974
46097,Miner County,,SD,128,2850,2978
46099,Minnehaha County,,SD,16869,219690,236559
46101,Moody County,,SD,559,7561,8120
46103,Pennington County,,SD,11487,118952,130439
46105,Perkins County,,SD,196,3381,3577
46107,Potter County,,SD,90,3102,3192
46109,Roberts County,,SD,703,11119,11822
46111,Sanborn County,,SD,140,2797,2937
46113,Shannon County,,SD,701,11620,12321
46115,Spink County,,SD,494,7496,7990
46117,Stanley County,,SD,500,3637,4137
46119,Sully County,,SD,151,1838,1989
46121,Todd County,,SD,513,8224,8737
46123,Tripp County,,SD,312,6605,6917
46125,Turner County,,SD,739,9880,10619
46127,Union County,,SD,1830,17755,19585
46129,Walworth County,,SD,434,6634,7068
46135,Yankton County,,SD,1894,25578,27472
46137,Ziebach County,,SD,80,1284,1364
47001,Anderson County,,TN,7128,82183,89311
47003,Bedford County,,TN,3478,51068,54546
47005,Benton County,,TN,1078,16800,17878
47007,Bledsoe County,,TN,732,11142,11874
47009,Blount County,,TN,8474,141023,149497
47011,Bradley County,,TN,7275,110931,118206
47013,Campbell County,,TN,2126,37841,39967
47015,Cannon County,,TN,1235,14485,15720
47017,Carroll County,,TN,2102,30007,32109
47019,Carter County,,TN,3805,56630,60435
47021,Cheatham County,,TN,3837,45332,49169
47023,Chester County,,TN,1280,16934,18214
47025,Claiborne County,,TN,1733,31548,33281
47027,Clay County,,TN,478,7616,8094
47029,Cocke County,,TN,2045,35868,37913
47031,Coffee County,,TN,4157,58007,62164
47033,Crockett County,,TN,1188,15936,17124
47035,Cumberland County,,TN,3536,64066,67602
47037,Davidson County,,TN,67162,719259,786421
47039,Decatur County,,TN,706,11979,12685
47041,DeKalb County,,TN,1466,19720,21186
47043,Dickson County,,TN,3813,55848,59661
47045,Dyer County,,TN,2701,42225,44926
47047,Fayette County,,TN,3636,45409,49045
47049,Fentress County,,TN,943,17445,18388
47051,Franklin County,,TN,2687,44624,47311
47053,Gibson County,,TN,3815,53988,57803
47055,Giles County,,TN,1889,30970,32859
47057,Grainger County,,TN,1596,22732,24328
47059,Greene County,,TN,3479,72831,76310
47061,Grundy County,,TN,752,14583,15335
47063,Hamblen County,,TN,5259,70411,75670
47065,Hamilton County,,TN,22052,386752,408804
47067,Hancock County,,TN,285,5684,5969
47069,Hardeman County,,TN,1536,25626,27162
47071,Hardin County,,TN,1661,26977,28638
47073,Hawkins County,,TN,4101,59038,63139
47075,Haywood County,,TN,1348,20827,22175
47077,Henderson County,,TN,1929,29827,31756
47079,Henry County,,TN,2004,35293,37297
47081,Hickman County,,TN,1902,23025,24927
47083,Houston County,,TN,660,8328,8988
47085,Humphreys County,,TN,1354,20189,21543
47087,Jackson County,,TN,843,10664,11507
47089,Jefferson County,,TN,4924,53173,58097
47091,Johnson County,,TN,843,15969,16812
47093,Knox County,,TN,31243,485942,517185
47095,Lake County,,TN,406,5448,5854
47097,Lauderdale County,,TN,1554,25483,27037
47099,Lawrence County,,TN,1963,43686,45649
47101,Lewis County,,TN,725,11840,12565
47103,Lincoln County,,TN,1996,38028,40024
47105,Loudon County,,TN,4674,58512,63186
47107,McMinn County,,TN,3462,54656,58118
47109,McNairy County,,TN,1711,26479,28190
47111,Macon County,,TN,1275,23837,25112
47113,Madison County,,TN,8453,108567,117020
47115,Marion County,,TN,1632,30357,31989
47117,Marshall County,,TN,2263,34338,36601
47119,Maury County,,TN,7265,94899,102164
47121,Meigs County,,TN,993,11968,12961
47123,Monroe County,,TN,3186,46675,49861
47125,Montgomery County,,TN,27844,182985,210829
47127,Moore County,,TN,582,7045,7627
47129,Morgan County,,TN,1316,19933,21249
47131,Obion County,,TN,2259,35625,37884
47133,Overton County,,TN,1458,22802,24260
47135,Perry County,,TN,434,7766,8200
47137,Pickett County,,TN,267,5226,5493
47139,Polk County,,TN,1287,16933,18220
47141,Putnam County,,TN,5913,76558,82471
47143,Rhea County,,TN,2092,33759,35851
47145,Roane County,,TN,3917,56746,60663
47147,Robertson County,,TN,6333,80025,86358
47149,Rutherford County,,TN,26420,306621,333041
47151,Scott County,,TN,821,21322,22143
47153,Sequatchie County,,TN,1143,14907,16050
47155,Sevier County,,TN,8531,105155,113686
47157,Shelby County,,TN,58400,1103700,1162100
47159,Smith County,,TN,1356,20785,22141
47161,Stewart County,,TN,1220,14009,15229
47163,Sullivan County,,TN,10931,172556,183487
47165,Sumner County,,TN,14181,191788,205969
47167,Tipton County,,TN,5130,68636,73766
47169,Trousdale County,,TN,720,8248,8968
47171,Unicoi County,,TN,1339,18480,19819
47173,Union County,,TN,1546,18500,20046
47175,Van Buren County,,TN,384,5632,6016
47177,Warren County,,TN,2233,42983,45216
47179,Washington County,,TN,10691,130902,141593
47181,Wayne County,,TN,815,15230,16045
47183,Weakley County,,TN,2397,32434,34831
47185,White County,,TN,1661,27399,29060
47187,Williamson County,,TN,19207,234823,254030
47189,Wilson County,,TN,10286,139804,150090
48001,Anderson County,,TX,3639,48553,52192
48003,Andrews County,,TX,1595,18428,20023
48005,Angelina County,,TX,5669,93235,98904
48007,Aransas County,,TX,2599,24731,27330
48009,Archer County,,TX,839,9754,10593
48011,Armstrong County,,TX,190,2001,2191
48013,Atascosa County,,TX,4503,48653,53156
48015,Austin County,,TX,2524,33171,35695
48017,Bailey County,,TX,859,8105,8964
48019,Bandera County,,TX,1962,21159,23121
48021,Bastrop County,,TX,6859,78418,85277
48023,Baylor County,,TX,249,3778,4027
48025,Bee County,,TX,2346,26595,28941
48027,Bell County,,TX,52207,331694,383901
48029,Bexar County,,TX,107980,1980702,2088682
48031,Blanco County,,TX,1052,11356,12408
48033,Borden County,,TX,33,676,709
48035,Bosque County,,TX,1756,18620,20376
48037,Bowie County,,TX,7603,98844,106447
48039,Brazoria County,,TX,26186,356372,382558
48041,Brazos County,,TX,16591,170343,186934
48043,Brewster County,,TX,1279,9818,11097
48045,Briscoe County,,TX,113,1655,1768
48047,Brooks County,,TX,499,8002,8501
48049,Brown County,,TX,2864,38892,41756
48051,Burleson County,,TX,1501,19018,20519
48053,Burnet County,,TX,4177,47716,51893
48055,Caldwell County,,TX,3569,38158,41727
48057,Calhoun County,,TX,1623,23772,25395
48059,Callahan County,,TX,1401,14153,15554
48061,Cameron County,,TX,18308,443593,461901
48063,Camp County,,TX,1353,13029,14382
48065,Carson County,,TX,690,6553,7243
48067,Cass County,,TX,2192,32075,34267
48069,Castro County,,TX,902,8437,9339
48071,Chambers County,,TX,3862,43368,47230
48073,Cherokee County,,TX,3752,52889,56641
48075,Childress County,,TX,544,6185,6729
48077,Clay County,,TX,1040,11559,12599
48079,Cochran County,,TX,298,3241,3539
48081,Coke County,,TX,282,3402,3684
48083,Coleman County,,TX,730,8851,9581
48085,Collin County,,TX,89842,965077,1054919
48087,Collingsworth County,,TX,163,3160,3323
48089,Colorado County,,TX,1471,23853,25324
48091,Comal County,,TX,12247,134270,146517
48093,Comanche County,,TX,1080,14220,15300
48095,Concho County,,TX,221,2583,2804
48097,Cooke County,,TX,3661,43391,47052
48099,Coryell County,,TX,15320,63278,78598
48101,Cottle County,,TX,94,1593,1687
48103,Crane County,,TX,373,5136,5509
48105,Crockett County,,TX,366,4318,4684
48107,Crosby County,,TX,690,6128,6818
48109,Culberson County,,TX,241,2463,2704
48111,Dallam County,,TX,1286,7939,9225
48113,Dallas County,,TX,208807,2760407,2969214
48115,Dawson County,,TX,994,13040,14034
48117,Deaf Smith County,,TX,1858,22871,24729
48119,Delta County,,TX,549,4940,5489
48121,Denton County,,TX,79999,790934,870933
48123,DeWitt County,,TX,1664,20376,22040
48125,Dickens County,,TX,206,2049,2255
48127,Dimmit County,,TX,895,10699,11594
48129,Donley County,,TX,343,3620,3963
48131,Duval County,,TX,812,12157,12969
48133,Eastland County,,TX,1472,18214,19686
48135,Ector County,,TX,11857,162099,173956
48137,Edwards County,,TX,209,2063,2272
48139,Ellis County,,TX,13164,176139,189303
48141,El Paso County,,TX,59464,930884,990348
48143,Erath County,,TX,3403,36280,39683
48145,Falls County,,TX,1395,15581,16976
48147,Fannin County,,TX,2751,33136,35887
48149,Fayette County,,TX,1652,27984,29636
48151,Fisher County,,TX,289,3954,4243
48153,Floyd County,,TX,650,6892,7542
48155,Foard County,,TX,117,1127,1244
48157,Fort Bend County,,TX,55822,720302,776124
48159,Franklin County,,TX,1137,10297,11434
48161,Freestone County,,TX,1534,19840,21374
48163,Frio County,,TX,1193,15297,16490
48165,Gaines County,,TX,1229,19437,20666
48167,Galveston County,,TX,25982,334987,360969
48169,Garza County,,TX,403,4702,5105
48171,Gillespie County,,TX,1918,30267,32185
48173,Glasscock County,,TX,115,1547,1662
48175,Goliad County,,TX,691,7466,8157
48177,Gonzales County,,TX,1380,21824,23204
48179,Gray County,,TX,2038,24124,26162
48181,Grayson County,,TX,8995,133417,142412
48183,Gregg County,,TX,13673,139764,153437
48185,Grimes County,,TX,2187,26531,28718
48187,Guadalupe County,,TX,17004,155302,172306
48189,Hale County,,TX,3610,37058,40668
48191,Hall County,,TX,324,3185,3509
48193,Hamilton County,,TX,795,8733,9528
48195,Hansford County,,TX,512,6376,6888
48197,Hardeman County,,TX,407,4177,4584
48199,Hardin County,,TX,4617,60983,65600
48201,Harris County,,TX,248996,4784025,5033021
48203,Harrison County,,TX,6464,72446,78910
48205,Hartley County,,TX,794,4417,5211
48207,Haskell County,,TX,504,5575,6079
48209,Hays County,,TX,18900,170572,189472
48211,Hemphill County,,TX,339,4906,5245
48213,Henderson County,,TX,8672,78242,86914
48215,Hidalgo County,,TX,26936,825825,852761
48217,Hill County,,TX,3675,36452,40127
48219,Hockley County,,TX,2098,24709,26807
48221,Hood County,,TX,5112,57892,63004
48223,Hopkins County,,TX,2666,38194,40860
48225,Houston County,,TX,1487,20628,22115
48227,Howard County,,TX,2506,32762,35268
48229,Hudspeth County,,TX,342,3432,3774
48231,Hunt County,,TX,7976,89308,97284
48233,Hutchinson County,,TX,1843,24532,26375
48235,Irion County,,TX,175,1796,1971
48237,Jack County,,TX,780,8447,9227
48239,Jackson County,,TX,1179,16631,17810
48241,Jasper County,,TX,2763,37003,39766
48243,Jeff Davis County,,TX,232,2336,2568
48245,Jefferson County,,TX,17943,266700,284643
48247,Jim Hogg County,,TX,316,5593,5909
48249,Jim Wells County,,TX,3442,46523,49965
48251,Johnson County,,TX,14860,171454,186314
48253,Jones County,,TX,1636,16067,17703
48255,Karnes County,,TX,1080,13877,14957
48257,Kaufman County,,TX,10889,121312,132201
48259,Kendall County,,TX,3652,43761,47413
48261,Kenedy County,,TX,56,399,455
48263,Kent County,,TX,72,862,934
48265,Kerr County,,TX,4234,55673,59907
48267,Kimble County,,TX,374,4803,5177
48269,King County,,TX,-2,286,284
48271,Kinney County,,TX,217,3393,3610
48273,Kleberg County,,TX,3436,31335,34771
48275,Knox County,,TX,311,3922,4233
48277,Lamar County,,TX,3492,52362,55854
48279,Lamb County,,TX,1197,14610,15807
48281,Lampasas County,,TX,2415,22029,24444
48283,La Salle County,,TX,501,5908,6409
48285,Lavaca County,,TX,1566,22793,24359
48287,Lee County,,TX,1156,18525,19681
48289,Leon County,,TX,1569,19032,20601
48291,Liberty County,,TX,6569,75979,82548
48293,Limestone County,,TX,2006,23843,25849
48295,Lipscomb County,,TX,263,3895,4158
48297,Live Oak County,,TX,912,10502,11414
48299,Llano County,,TX,1976,18477,20453
48301,Loving County,,TX,-2,75,73
48303,Lubbock County,,TX,20583,292870,313453
48305,Lynn County,,TX,555,6340,6895
48307,McCulloch County,,TX,754,9084,9838
48309,McLennan County,,TX,15467,254876,270343
48311,McMullen County,,TX,119,932,1051
48313,Madison County,,TX,909,12398,13307
48315,Marion County,,TX,1073,9624,10697
48317,Martin County,,TX,455,5346,5801
48319,Mason County,,TX,264,4585,4849
48321,Matagorda County,,TX,2555,40527,43082
48323,Maverick County,,TX,3020,69891,72911
48325,Medina County,,TX,3769,47468,51237
48327,Menard County,,TX,200,2138,2338
48329,Midland County,,TX,15226,166342,181568
48331,Milam County,,TX,1841,25782,27623
48333,Mills County,,TX,248,5174,5422
48335,Mitchell County,,TX,665,7481,8146
48337,Montague County,,TX,1790,21260,23050
48339,Montgomery County,,TX,43941,535900,579841
48341,Moore County,,TX,2925,25857,28782
48343,Morris County,,TX,1313,13906,15219
48345,Motley County,,TX,120,1143,1263
48347,Nacogdoches County,,TX,5419,61196,66615
48349,Navarro County,,TX,3982,52056,56038
48351,Newton County,,TX,1113,11866,12979
48353,Nolan County,,TX,1203,16318,17521
48355,Nueces County,,TX,23453,371432,394885
48357,Ochiltree County,,TX,978,12235,13213
48359,Oldham County,,TX,228,2250,2478
48361,Orange County,,TX,6048,93199,99247
48363,Palo Pinto County,,TX,2535,28958,31493
48365,Panola County,,TX,2033,26443,28476
48367,Parker County,,TX,12157,133272,145429
48369,Parmer County,,TX,1226,12089,13315
48371,Pecos County,,TX,1245,15163,16408
48373,Polk County,,TX,5394,54581,59975
48375,Potter County,,TX,15311,123640,138951
48377,Presidio County,,TX,1267,10339,11606
48379,Rains County,,TX,914,10299,11213
48381,Randall County,,TX,14240,138872,153112
48383,Reagan County,,TX,316,4110,4426
48385,Real County,,TX,326,3371,3697
48387,Red River County,,TX,1131,13138,14269
48389,Reeves County,,TX,867,11809,12676
48391,Refugio County,,TX,538,8325,8863
48393,Roberts County,,TX,93,962,1055
48395,Robertson County,,TX,1564,18062,19626
48397,Rockwall County,,TX,9338,95014,104352
48399,Runnels County,,TX,949,11463,12412
48401,Rusk County,,TX,5095,53805,58900
48403,Sabine County,,TX,1066,10511,11577
48405,San Augustine County,,TX,730,8540,9270
48407,San Jacinto County,,TX,2640,23965,26605
48409,San Patricio County,,TX,7701,76251,83952
48411,San Saba County,,TX,448,6167,6615
48413,Schleicher County,,TX,325,3246,3571
48415,Scurry County,,TX,1422,17596,19018
48417,Shackelford County,,TX,316,3722,4038
48419,Shelby County,,TX,1950,27896,29846
48421,Sherman County,,TX,219,2827,3046
48423,Smith County,,TX,17016,237331,254347
48425,Somervell County,,TX,864,9259,10123
48427,Starr County,,TX,2614,69958,72572
48429,Stephens County,,TX,655,9177,9832
48431,Sterling County,,TX,72,1395,1467
48433,Stonewall County,,TX,101,1611,1712
48435,Sutton County,,TX,338,4786,5124
48437,Swisher County,,TX,811,7692,8503
48439,Tarrant County,,TX,141918,2159599,2301517
48441,Taylor County,,TX,13752,143438,157190
48443,Terrell County,,TX,122,913,1035
48445,Terry County,,TX,910,12360,13270
48447,Throckmorton County,,TX,144,1676,1820
48449,Titus County,,TX,2656,35719,38375
48451,Tom Green County,,TX,11558,121012,132570
48453,Travis County,,TX,115577,1184030,1299607
48455,Trinity County,,TX,1269,13674,14943
48457,Tyler County,,TX,1528,18973,20501
48459,Upshur County,,TX,4226,39643,43869
48461,Upton County,,TX,321,3550,3871
48463,Uvalde County,,TX,2185,30135,32320
48465,Val Verde County,,TX,4736,55403,60139
48467,Van Zandt County,,TX,4250,54377,58627
48469,Victoria County,,TX,6536,102755,109291
48471,Walker County,,TX,5502,51406,56908
48473,Waller County,,TX,4262,42198,46460
48475,Ward County,,TX,972,12091,13063
48477,Washington County,,TX,2382,38208,40590
48479,Webb County,,TX,8696,300802,309498
48481,Wharton County,,TX,2472,48650,51122
48483,Wheeler County,,TX,467,6342,6809
48485,Wichita County,,TX,10937,131604,142541
48487,Wilbarger County,,TX,1073,14232,15305
48489,Willacy County,,TX,1324,20448,21772
48491,Williamson County,,TX,50494,516732,567226
48493,Wilson County,,TX,3850,47978,51828
48495,Winkler County,,TX,723,7982,8705
48497,Wise County,,TX,5806,66538,72344
48499,Wood County,,TX,3444,43822,47266
48501,Yoakum County,,TX,679,9561,10240
48503,Young County,,TX,1291,20616,21907
48505,Zapata County,,TX,617,14731,15348
48507,Zavala County,,TX,805,11911,12716
49001,Beaver County,,UT,473,7496,7969
49003,Box Elder County,,UT,3907,58630,62537
49005,Cache County,,UT,10491,123570,134061
49007,Carbon County,,UT,1708,22174,23882
49009,Daggett County,,UT,66,1042,1108
49011,Davis County,,UT,28971,366581,395552
49013,Duchesne County,,UT,1580,22338,23918
49015,Emery County,,UT,855,11933,12788
49017,Garfield County,,UT,485,5420,5905
49019,Grand County,,UT,887,11457,12344
49021,Iron County,,UT,4885,44620,49505
49023,Juab County,,UT,803,11280,12083
49025,Kane County,,UT,795,7231,8026
49027,Millard County,,UT,967,14403,15370
49029,Morgan County,,UT,854,11970,12824
49031,Piute County,,UT,88,1488,1576
49033,Rich County,,UT,199,2432,2631
49035,Salt Lake County,,UT,72603,1260800,1333403
49037,San Juan County,,UT,1251,10607,11858
49039,Sanpete County,,UT,1948,26535,28483
49041,Sevier County,,UT,1520,22246,23766
49043,Summit County,,UT,5066,50801,55867
49045,Tooele County,,UT,5829,66986,72815
49047,Uintah County,,UT,3203,36543,39746
49049,Utah County,,UT,40931,580005,620936
49051,Wasatch County,,UT,2687,28845,31532
49053,Washington County,,UT,11836,153317,165153
49055,Wayne County,,UT,199,2909,3108
49057,Weber County,,UT,19237,268205,287442
50001,Addison County,,VT,2577,43872,46449
50003,Bennington County,,VT,2334,44006,46340
50005,Caledonia County,,VT,1846,36142,37988
50007,Chittenden County,,VT,12227,188966,201193
50009,Essex County,,VT,536,6748,7284
50011,Franklin County,,VT,3066,59115,62181
50013,Grand Isle County,,VT,761,8891,9652
50015,Lamoille County,,VT,2220,30737,32957
50017,Orange County,,VT,2387,34532,36919
50019,Orleans County,,VT,1331,32756,34087
50021,Rutland County,,VT,3485,74113,77598
50023,Washington County,,VT,4405,73093,77498
50025,Windham County,,VT,3223,52555,55778
50027,Windsor County,,VT,4678,69899,74577
51001,Accomack County,,VA,2449,40501,42950
51003,Albemarle County,,VA,11938,109820,121758
51005,Alleghany County,,VA,979,17690,18669
51007,Amelia County,,VA,1092,15006,16098
51009,Amherst County,,VA,2226,35221,37447
51011,Appomattox County,,VA,949,17402,18351
51013,Arlington County,,VA,45714,240452,286166
51015,Augusta County,,VA,5097,85679,90776
51017,Bath County,,VA,305,5468,5773
51019,Bedford County,,VA,6036,80408,86444
51021,Bland County,,VA,325,6663,6988
51023,Botetourt County,,VA,2848,40082,42930
51025,Brunswick County,,VA,1043,16231,17274
51027,Buchanan County,,VA,1069,22301,23370
51029,Buckingham County,,VA,1009,15694,16703
51031,Campbell County,,VA,4736,60861,65597
51033,Caroline County,,VA,3025,32173,35198
51035,Carroll County,,VA,1609,30675,32284
51036,Charles City County,,VA,551,8078,8629
51037,Charlotte County,,VA,785,13352,14137
51041,Chesterfield County,,VA,28085,386735,414820
51043,Clarke County,,VA,1486,16319,17805
51045,Craig County,,VA,297,5547,5844
51047,Culpeper County,,VA,4006,54340,58346
51049,Cumberland County,,VA,799,10153,10952
51051,Dickenson County,,VA,656,14214,14870
51053,Dinwiddie County,,VA,2811,30743,33554
51057,Essex County,,VA,852,13024,13876
51059,Fairfax County,,VA,128982,1318532,1447514
51061,Fauquier County,,VA,6256,79777,86033
51063,Floyd County,,VA,968,16975,17943
51065,Fluvanna County,,VA,2350,28792,31142
51067,Franklin County,,VA,3230,59881,63111
51069,Frederick County,,VA,7431,93437,100868
51071,Giles County,,VA,1048,18657,19705
51073,Gloucester County,,VA,2985,44079,47064
51075,Goochland County,,VA,1587,25161,26748
51077,Grayson County,,VA,959,15560,16519
51079,Greene County,,VA,1668,21792,23460
51081,Greensville County,,VA,869,8654,9523
51083,Halifax County,,VA,1671,38198,39869
51085,Hanover County,,VA,8835,122857,131692
51087,Henrico County,,VA,32220,366839,399059
51089,Henry County,,VA,3471,57038,60509
51091,Highland County,,VA,142,2634,2776
51093,Isle of Wight County,,VA,3548,42351,45899
51095,James City County,,VA,7827,82451,90278
51097,King and Queen County,,VA,490,7503,7993
51099,King George County,,VA,2984,27408,30392
51101,King William County,,VA,1445,19732,21177
51103,Lancaster County,,VA,899,13584,14483
51105,Lee County,,VA,954,21462,22416
51107,Loudoun County,,VA,34911,418222,453133
51109,Louisa County,,VA,2720,36947,39667
51111,Lunenburg County,,VA,701,12223,12924
51113,Madison County,,VA,1031,14927,15958
51115,Mathews County,,VA,662,10311,10973
51117,Mecklenburg County,,VA,2048,33252,35300
51119,Middlesex County,,VA,898,12292,13190
51121,Montgomery County,,VA,7893,78164,86057
51125,Nelson County,,VA,1123,17475,18598
51127,New Kent County,,VA,1745,22850,24595
51131,Northampton County,,VA,897,13768,14665
51133,Northumberland County,,VA,949,14865,15814
51135,Nottoway County,,VA,973,15953,16926
51137,Orange County,,VA,3484,38939,42423
51139,Page County,,VA,1163,26926,28089
51141,Patrick County,,VA,882,18757,19639
51143,Pittsylvania County,,VA,3771,68990,72761
51145,Powhatan County,,VA,1938,31788,33726
51147,Prince Edward County,,VA,1667,18319,19986
51149,Prince George County,,VA,5868,35237,41105
51153,Prince William County,,VA,52510,502769,555279
51155,Pulaski County,,VA,2163,35995,38158
51157,Rappahannock County,,VA,594,8690,9284
51159,Richmond County,,VA,516,8407,8923
51161,Roanoke County,,VA,9439,110659,120098
51163,Rockbridge County,,VA,1750,24153,25903
51165,Rockingham County,,VA,5245,92191,97436
51167,Russell County,,VA,1335,26758,28093
51169,Scott County,,VA,1143,22188,23331
51171,Shenandoah County,,VA,3203,49393,52596
51173,Smyth County,,VA,1394,33584,34978
51175,Southampton County,,VA,1369,18801,20170
51177,Spotsylvania County,,VA,13321,144516,157837
51179,Stafford County,,VA,17727,149674,167401
51181,Surry County,,VA,525,7317,7842
51183,Sussex County,,VA,955,10648,11603
51185,Tazewell County,,VA,2344,43748,46092
51187,Warren County,,VA,3294,43473,46767
51191,Washington County,,VA,3593,57777,61370
51193,Westmoreland County,,VA,1895,19880,21775
51195,Wise County,,VA,2403,37919,40322
51197,Wythe County,,VA,1637,32045,33682
51199,York County,,VA,10402,74940,85342
51510,Alexandria city,,VA,34072,159450,193522
51515,Bedford city,,VA,813,6531,7344
51520,Bristol city,,VA,2149,16584,18733
51530,Buena Vista city,,VA,675,6579,7254
51540,Charlottesville city,,VA,6782,38854,45636
51550,Chesapeake city,,VA,28240,258418,286658
51570,Colonial Heights city,,VA,2807,19872,22679
51580,Covington city,,VA,656,6507,7163
51590,Danville city,,VA,3589,43650,47239
51595,Emporia city,,VA,963,6076,7039
51600,Fairfax city,,VA,4377,26279,30656
51610,Falls Church city,,VA,2587,14136,16723
51620,Franklin city,,VA,1050,8816,9866
51630,Fredericksburg city,,VA,6001,24133,30134
51640,Galax city,,VA,874,7261,8135
51650,Hampton city,,VA,20564,141651,162215
51660,Harrisonburg city,,VA,5321,36621,41942
51670,Hopewell city,,VA,3255,23085,26340
51678,Lexington city,,VA,771,5097,5868
51680,Lynchburg city,,VA,8398,68579,76977
51683,Manassas city,,VA,7611,46114,53725
51685,Manassas Park city,,VA,3311,16383,19694
51690,Martinsville city,,VA,1613,13633,15246
51700,Newport News city,,VA,26862,187624,214486
51710,Norfolk city,,VA,38767,218309,257076
51720,Norton city,,VA,518,4070,4588
51730,Petersburg city,,VA,5463,32021,37484
51735,Poquoson city,,VA,1226,14810,16036
51740,Portsmouth city,,VA,13993,101148,115141
51750,Radford city,,VA,1604,10366,11970
51760,Richmond city,,VA,28163,189852,218015
51770,Roanoke city,,VA,11035,104632,115667
51775,Salem city,,VA,3176,27176,30352
51790,Staunton city,,VA,2745,25530,28275
51800,Suffolk city,,VA,9883,94657,104540
51810,Virginia Beach city,,VA,56483,504716,561199
51820,Waynesboro city,,VA,2685,23498,26183
51830,Williamsburg city,,VA,2528,10048,12576
51840,Winchester city,,VA,4403,28497,32900
53001,Adams County,,WA,1586,24882,26468
53003,Asotin County,,WA,1999,23166,25165
53005,Benton County,,WA,15495,208860,224355
53007,Chelan County,,WA,6323,89802,96125
53009,Clallam County,,WA,4869,79894,84763
53011,Clark County,,WA,29564,509248,538812
53013,Columbia County,,WA,312,4228,4540
53015,Cowlitz County,,WA,6946,110162,117108
53017,Douglas County,,WA,4269,44233,48502
53019,Ferry County,,WA,492,6690,7182
53021,Franklin County,,WA,9502,99144,108646
53023,Garfield County,,WA,192,2295,2487
53025,Grant County,,WA,6326,111222,117548
53027,Grays Harbor County,,WA,4943,71900,76843
53029,Island County,,WA,10694,87908,98602
53031,Jefferson County,,WA,2662,34419,37081
53033,King County,,WA,145756,2424282,2570038
53035,Kitsap County,,WA,24961,284936,309897
53037,Kittitas County,,WA,3985,39218,43203
53039,Klickitat County,,WA,1748,23444,25192
53041,Lewis County,,WA,5785,81898,87683
53043,Lincoln County,,WA,954,11533,12487
53045,Mason County,,WA,4948,62164,67112
53047,Okanogan County,,WA,2810,45794,48604
53049,Pacific County,,WA,1647,22070,23717
53051,Pend Oreille County,,WA,1160,12587,13747
53053,Pierce County,,WA,75718,913927,989645
53055,San Juan County,,WA,1181,18867,20048
53057,Skagit County,,WA,8764,137444,146208
53059,Skamania County,,WA,868,11267,12135
53061,Snohomish County,,WA,54827,858392,913219
53063,Spokane County,,WA,28352,535913,564265
53065,Stevens County,,WA,3776,45449,49225
53067,Thurston County,,WA,26189,298150,324339
53069,Wahkiakum County,,WA,315,4075,4390
53071,Walla Walla County,,WA,4179,63225,67404
53073,Whatcom County,,WA,13102,226189,239291
53075,Whitman County,,WA,4772,35238,40010
53077,Yakima County,,WA,11960,293569,305529
54001,Barbour County,,WV,941,16772,17713
54003,Berkeley County,,WV,7872,122941,130813
54005,Boone County,,WV,1344,24259,25603
54007,Braxton County,,WV,558,14021,14579
54009,Brooke County,,WV,1430,26647,28077
54011,Cabell County,,WV,7062,97504,104566
54013,Calhoun County,,WV,295,7017,7312
54015,Clay County,,WV,702,9150,9852
54017,Doddridge County,,WV,467,4326,4793
54019,Fayette County,,WV,2768,45012,47780
54021,Gilmer County,,WV,455,6349,6804
54023,Grant County,,WV,683,12978,13661
54025,Greenbrier County,,WV,2081,38443,40524
54027,Hampshire County,,WV,1450,24751,26201
54029,Hancock County,,WV,2081,36759,38840
54031,Hardy County,,WV,933,15775,16708
54033,Harrison County,,WV,4208,76685,80893
54035,Jackson County,,WV,1396,32119,33515
54037,Jefferson County,,WV,4591,61691,66282
54039,Kanawha County,,WV,11390,218240,229630
54041,Lewis County,,WV,1021,19587,20608
54043,Lincoln County,,WV,1119,21039,22158
54045,Logan County,,WV,1694,35912,37606
54047,McDowell County,,WV,964,17502,18466
54049,Marion County,,WV,3175,63126,66301
54051,Marshall County,,WV,1962,34949,36911
54053,Mason County,,WV,1270,27082,28352
54055,Mercer County,,WV,3362,63183,66545
54057,Mineral County,,WV,1606,32181,33787
54059,Mingo County,,WV,1313,24787,26100
54061,Monongalia County,,WV,8367,91662,100029
54063,Monroe County,,WV,677,14259,14936
54065,Morgan County,,WV,1190,18975,20165
54067,Nicholas County,,WV,1332,27488,28820
54069,Ohio County,,WV,3122,50991,54113
54071,Pendleton County,,WV,532,8474,9006
54073,Pleasants County,,WV,383,8041,8424
54075,Pocahontas County,,WV,504,9421,9925
54077,Preston County,,WV,1689,35039,36728
54079,Putnam County,,WV,4409,65730,70139
54081,Raleigh County,,WV,4477,82436,86913
54083,Randolph County,,WV,1306,31344,32650
54085,Ritchie County,,WV,597,10043,10640
54087,Roane County,,WV,834,14860,15694
54089,Summers County,,WV,793,11354,12147
54091,Taylor County,,WV,1020,17533,18553
54093,Tucker County,,WV,440,7744,8184
54095,Tyler County,,WV,542,9484,10026
54097,Upshur County,,WV,1252,21692,22944
54099,Wayne County,,WV,2357,40492,42849
54101,Webster County,,WV,424,8419,8843
54103,Wetzel County,,WV,1080,18120,19200
54105,Wirt County,,WV,303,4099,4402
54107,Wood County,,WV,4272,98068,102340
54109,Wyoming County,,WV,723,21853,22576
55001,Adams County,,WI,1511,20836,22347
55003,Ashland County,,WI,1038,18045,19083
55005,Barron County,,WI,3302,55399,58701
55007,Bayfield County,,WI,1109,18839,19948
55009,Brown County,,WI,14202,316698,330900
55011,Buffalo County,,WI,1034,16614,17648
55013,Burnett County,,WI,1059,18414,19473
55015,Calumet County,,WI,4720,61065,65785
55017,Chippewa County,,WI,4492,74774,79266
55019,Clark County,,WI,2262,40978,43240
55021,Columbia County,,WI,5122,71531,76653
55023,Crawford County,,WI,1194,18857,20051
55025,Dane County,,WI,34520,615524,650044
55027,Dodge County,,WI,6504,104681,111185
55029,Door County,,WI,1802,37157,38959
55031,Douglas County,,WI,2827,49630,52457
55033,Dunn County,,WI,3356,45527,48883
55035,Eau Claire County,,WI,8161,112303,120464
55037,Florence County,,WI,294,5307,5601
55039,Fond du Lac County,,WI,5955,126012,131967
55041,Forest County,,WI,540,10653,11193
55043,Grant County,,WI,3156,57210,60366
55045,Green County,,WI,2604,47050,49654
55047,Green Lake County,,WI,1690,23359,25049
55049,Iowa County,,WI,1838,29587,31425
55051,Iron County,,WI,389,7158,7547
55053,Jackson County,,WI,1268,22848,24116
55055,Jefferson County,,WI,6715,100588,107303
55057,Juneau County,,WI,2061,29543,31604
55059,Kenosha County,,WI,11276,194957,206233
55061,Kewaunee County,,WI,1421,25832,27253
55063,La Crosse County,,WI,7346,132564,139910
55065,Lafayette County,,WI,1318,21638,22956
55067,Langlade County,,WI,1160,23854,25014
55069,Lincoln County,,WI,1772,35186,36958
55071,Manitowoc County,,WI,4036,101900,105936
55073,Marathon County,,WI,8057,168831,176888
55075,Marinette County,,WI,2685,49163,51848
55077,Marquette County,,WI,1314,18324,19638
55078,Menominee County,,WI,310,4327,4637
55079,Milwaukee County,,WI,56707,1087652,1144359
55081,Monroe County,,WI,3497,53195,56692
55083,Oconto County,,WI,2677,46338,49015
55085,Oneida County,,WI,2711,45806,48517
55087,Outagamie County,,WI,14304,225199,239503
55089,Ozaukee County,,WI,6825,112449,119274
55091,Pepin County,,WI,575,8691,9266
55093,Pierce County,,WI,3034,45237,48271
55095,Polk County,,WI,2869,52994,55863
55097,Portage County,,WI,4620,81441,86061
55099,Price County,,WI,832,17307,18139
55101,Racine County,,WI,11666,237070,248736
55103,Richland County,,WI,1282,20071,21353
55105,Rock County,,WI,9045,194199,203244
55107,Rusk County,,WI,900,16582,17482
55109,St. Croix County,,WI,6515,105783,112298
55111,Sauk County,,WI,5013,78899,83912
55113,Sawyer County,,WI,1201,20206,21407
55115,Shawano County,,WI,2691,49287,51978
55117,Sheboygan County,,WI,6158,145731,151889
55119,Taylor County,,WI,1129,23599,24728
55121,Trempealeau County,,WI,2344,39166,41510
55123,Vernon County,,WI,1954,35084,37038
55125,Vilas County,,WI,1635,26338,27973
55127,Walworth County,,WI,7767,118656,126423
55129,Washburn County,,WI,1485,20052,21537
55131,Washington County,,WI,9152,170873,180025
55133,Waukesha County,,WI,28167,506963,535130
55135,Waupaca County,,WI,3373,62925,66298
55137,Waushara County,,WI,1912,27815,29727
55139,Winnebago County,,WI,12617,196864,209481
55141,Wood County,,WI,4895,92352,97247
56001,Albany County,,WY,4891,33227,38118
56003,Big Horn County,,WY,1016,13068,14084
56005,Campbell County,,WY,5326,56210,61536
56007,Carbon County,,WY,2211,17618,19829
56009,Converse County,,WY,1735,16450,18185
56011,Crook County,,WY,884,8377,9261
56013,Fremont County,,WY,3508,46534,50042
56015,Goshen County,,WY,1357,14072,15429
56017,Hot Springs County,,WY,565,5443,6008
56019,Johnson County,,WY,990,10113,11103
56021,Laramie County,,WY,11250,110336,121586
56023,Lincoln County,,WY,1864,20466,22330
56025,Natrona County,,WY,6946,92326,99272
56027,Niobrara County,,WY,219,2749,2968
56029,Park County,,WY,3051,35302,38353
56031,Platte County,,WY,814,10456,11270
56033,Sheridan County,,WY,2773,35021,37794
56035,Sublette County,,WY,1573,10649,12222
56037,Sweetwater County,,WY,5164,53740,58904
56039,Teton County,,WY,2946,30692,33638
56041,Uinta County,,WY,2269,24878,27147
56043,Washakie County,,WY,737,9849,10586
56045,Weston County,,WY,667,8250,8917
