Id,Label,timeset,state,totalmig,totalnonmig,population,indegree,outdegree,Degree,weighted indegree,weighted outdegree,Weighted Degree,Eccentricity,closnesscentrality,harmonicclosnesscentrality,betweenesscentrality,Authority,Hub,modularity_class,pageranks,componentnumber,strongcompnum,clustering,eigencentrality
1001,Autauga County,,AL,6901,59453,66354,14,18,32,3985,4145,8130,6,0.333184,0.352912,553.431124,0.00252,0.004593,0,0.000212,0,39,0.567251,0.01988
1003,Baldwin County,,AL,13055,209473,222528,61,44,105,9352,6802,16154,6,0.370532,0.397617,9261.968572,0.020185,0.016431,0,0.000779,0,39,0.417304,0.160233
1005,Barbour County,,AL,2370,25973,28343,10,10,20,1057,1354,2411,7,0.289466,0.303786,6282.259025,0.001598,0.000768,0,0.000223,0,39,0.445455,0.012173
1007,Bibb County,,AL,1707,21038,22745,5,5,10,1038,1255,2293,7,0.292724,0.30536,652.717409,0.000611,0.000545,0,0.000115,0,39,0.7,0.00461
1009,Blount County,,AL,4060,60288,64348,10,10,20,3118,2937,6055,7,0.293593,0.307299,5.896078,0.000989,0.001004,0,0.000181,0,39,0.790909,0.007971
1011,Bullock County,,AL,772,9126,9898,4,5,9,832,477,1309,7,0.281925,0.294135,1.924242,0.000231,0.000321,0,0.000108,0,39,0.7,0.001979
1013,Butler County,,AL,1435,22087,23522,5,6,11,558,613,1171,7,0.281978,0.29436,279.034783,0.000229,0.000315,0,0.000129,0,39,0.433333,0.002018
1015,Calhoun County,,AL,8299,125666,133965,20,25,45,3714,5028,8742,6,0.31892,0.338735,7868.342062,0.004777,0.004856,0,0.000316,0,39,0.44302,0.037165
1017,Chambers County,,AL,3176,36615,39791,10,9,19,2004,2021,4025,7,0.290857,0.305293,100.261465,0.001631,0.000809,0,0.000176,0,39,0.655556,0.012708
1019,Cherokee County,,AL,1504,24767,26271,6,5,11,1021,860,1881,7,0.260293,0.270844,13.54003,0.000139,0.000097,0,0.000125,0,39,0.4,0.001382
1021,Chilton County,,AL,3036,46163,49199,10,10,20,1970,1773,3743,6,0.308983,0.324564,37.211492,0.001071,0.001444,0,0.000164,0,39,0.544872,0.008133
1023,Choctaw County,,AL,581,14541,15122,4,2,6,255,134,389,7,0.281737,0.293612,5.781354,0.000377,0.000251,41,0.000105,0,39,0.5,0.002842
1025,Clarke County,,AL,1676,28340,30016,7,8,15,633,881,1514,7,0.295025,0.30857,43.859082,0.000603,0.000806,0,0.000166,0,39,0.597222,0.005098
1027,Clay County,,AL,1081,14488,15569,4,6,10,422,767,1189,7,0.242774,0.25194,7.776718,0.000049,0.000069,0,0.000122,0,39,0.566667,0.000795
1029,Cleburne County,,AL,1053,15101,16154,6,5,11,812,723,1535,7,0.251591,0.26133,14.076289,0.000118,0.000139,0,0.000138,0,39,0.533333,0.001582
1031,Coffee County,,AL,6685,50931,57616,20,25,45,3368,3503,6871,6,0.332922,0.354542,2253.113135,0.006323,0.006683,0,0.000265,0,39,0.581281,0.048221
1033,Colbert County,,AL,3853,60944,64797,8,7,15,2407,2369,4776,7,0.293303,0.306541,767.395175,0.000732,0.0007,0,0.000182,0,39,0.583333,0.005984
1035,Conecuh County,,AL,883,13411,14294,3,5,8,338,536,874,7,0.279796,0.291718,2.098099,0.000018,0.000219,0,0.000105,0,39,0.7,0.000382
1037,Coosa County,,AL,906,7974,8880,6,4,10,1288,646,1934,7,0.246365,0.255043,148.487489,0.000554,0.000036,0,0.000127,0,39,0.733333,0.004386
1039,Covington County,,AL,2329,39416,41745,14,14,28,1193,1274,2467,6,0.301444,0.316981,359.417995,0.001453,0.001603,0,0.00024,0,39,0.445833,0.011581
1041,Crenshaw County,,AL,1442,14653,16095,5,5,10,666,924,1590,7,0.281309,0.293393,2.618359,0.000284,0.000257,0,0.000115,0,39,0.8,0.002399
1043,Cullman County,,AL,4626,87788,92414,12,13,25,2527,2625,5152,7,0.293914,0.308171,34.089202,0.000994,0.001076,0,0.000214,0,39,0.615385,0.008104
1045,Dale County,,AL,8153,48205,56358,24,26,50,4405,4516,8921,6,0.334726,0.357268,3969.486649,0.006632,0.007217,0,0.000319,0,39,0.520936,0.051923
1047,Dallas County,,AL,3020,46349,49369,10,15,25,1136,1812,2948,6,0.309725,0.326279,1737.522189,0.001198,0.002235,0,0.000176,0,39,0.474265,0.008865
1049,DeKalb County,,AL,4993,73484,78477,11,14,25,2570,3038,5608,6,0.329335,0.348831,1110.504223,0.001017,0.002287,0,0.000215,0,39,0.3875,0.008405
1051,Elmore County,,AL,8462,87482,95944,14,19,33,5197,5544,10741,6,0.326111,0.345756,2210.072513,0.001296,0.002846,0,0.000238,0,39,0.534211,0.010539
1053,Escambia County,,AL,2217,37770,39987,9,8,17,1280,1332,2612,6,0.293448,0.30756,1971.303077,0.001269,0.001174,0,0.000169,0,39,0.583333,0.010248
1055,Etowah County,,AL,5779,110233,116012,17,14,31,3585,3440,7025,6,0.325717,0.344576,1445.84046,0.002853,0.002123,0,0.000276,0,39,0.503268,0.02275
1057,Fayette County,,AL,1088,16932,18020,4,5,9,585,773,1358,7,0.292926,0.305641,51.975659,0.000097,0.000425,0,0.000112,0,39,0.75,0.000973
1059,Franklin County,,AL,3638,35965,39603,10,14,24,1309,2138,3447,7,0.294234,0.308986,1788.783588,0.000377,0.000789,0,0.000231,0,39,0.373626,0.003744
1061,Geneva County,,AL,2068,26526,28594,5,7,12,1197,1243,2440,7,0.264072,0.275489,6.239262,0.000199,0.00028,0,0.000112,0,39,0.52381,0.001764
1063,Greene County,,AL,539,8928,9467,3,3,6,277,369,646,7,0.267286,0.277541,34.362287,0.000474,0.000073,0,0.000093,0,39,0.833333,0.003487
1065,Hale County,,AL,1526,16627,18153,3,3,6,835,1073,1908,7,0.267213,0.277429,62.612988,0.000096,0.000073,0,0.000101,0,39,0.833333,0.000858
1067,Henry County,,AL,1532,18177,19709,3,4,7,962,910,1872,7,0.281764,0.293955,0,0.000138,0.000319,0,0.000091,0,39,1,0.001221
1069,Houston County,,AL,9375,112535,121910,33,36,69,5653,5802,11455,6,0.349152,0.373665,18051.608582,0.008894,0.010696,0,0.000468,0,39,0.432317,0.067821
1071,Jackson County,,AL,2989,56447,59436,8,7,15,1576,1655,3231,7,0.289466,0.302701,88.845292,0.001013,0.000567,0,0.000178,0,39,0.458333,0.007868
1073,Jefferson County,,AL,42783,742674,785457,132,137,269,29185,33940,63125,6,0.412895,0.449876,78596.332934,0.047206,0.051582,0,0.001549,0,39,0.358824,0.36279
1075,Lamar County,,AL,824,14802,15626,4,6,10,327,522,849,7,0.272794,0.284112,24.408133,0.000051,0.0001,0,0.000122,0,39,0.466667,0.000618
1077,Lauderdale County,,AL,5344,97732,103076,14,14,28,2963,3108,6071,7,0.296589,0.311853,3375.743906,0.0014,0.001143,0,0.000284,0,39,0.352941,0.011718
1079,Lawrence County,,AL,1933,36606,38539,7,7,14,1452,1444,2896,7,0.286142,0.298452,4.002106,0.000376,0.000361,0,0.000154,0,39,0.785714,0.003414
1081,Lee County,,AL,13894,142363,156257,51,48,99,10253,8542,18795,6,0.363893,0.391889,9245.341509,0.01455,0.015178,0,0.000637,0,39,0.405048,0.112176
1083,Limestone County,,AL,7350,93856,101206,12,15,27,5094,4228,9322,6,0.309402,0.32561,185.696956,0.001073,0.002092,0,0.000221,0,39,0.488971,0.008662
1085,Lowndes County,,AL,1219,13383,14602,4,5,9,804,873,1677,7,0.279796,0.291718,3.809974,0.000252,0.000231,0,0.000099,0,39,0.7,0.001981
1087,Macon County,,AL,2086,20203,22289,6,7,13,888,1368,2256,7,0.289184,0.302915,15.778885,0.00042,0.000667,0,0.000128,0,39,0.642857,0.00354
1089,Madison County,,AL,23064,399446,422510,111,95,206,16722,15018,31740,6,0.399703,0.433103,42054.267425,0.042003,0.040602,0,0.001312,0,39,0.412645,0.32657
1091,Marengo County,,AL,1631,22369,24000,10,9,19,834,857,1691,7,0.295879,0.309891,1087.148633,0.00075,0.000846,0,0.000216,0,39,0.418182,0.005924
1093,Marion County,,AL,2025,28691,30716,7,8,15,1134,1055,2189,7,0.293361,0.306822,307.328827,0.000487,0.000443,0,0.000156,0,39,0.464286,0.003914
1095,Marshall County,,AL,7578,105314,112892,13,18,31,4468,4660,9128,6,0.324754,0.344087,418.128227,0.001882,0.002578,0,0.000218,0,39,0.435714,0.014406
1097,Mobile County,,AL,20499,454346,474845,82,88,170,11303,13077,24380,6,0.389978,0.423513,34109.061262,0.030692,0.033756,0,0.001041,0,39,0.39896,0.24021
1099,Monroe County,,AL,1293,23429,24722,7,7,14,565,680,1245,6,0.292724,0.306588,782.765181,0.000603,0.000959,0,0.000154,0,39,0.589286,0.005106
1101,Montgomery County,,AL,20117,254385,274502,74,80,154,12389,14057,26446,6,0.388038,0.420652,51656.441697,0.026024,0.028705,0,0.000917,0,39,0.382397,0.201432
1103,Morgan County,,AL,8945,137899,146844,18,21,39,4869,5658,10527,6,0.338393,0.360545,1323.340883,0.002265,0.004464,0,0.000292,0,39,0.441667,0.018537
1105,Perry County,,AL,850,10110,10960,4,6,10,561,543,1104,7,0.29284,0.305697,42.6712,0.000027,0.000435,0,0.000129,0,39,0.633333,0.000492
1107,Pickens County,,AL,1141,20923,22064,3,2,5,572,624,1196,7,0.272543,0.283129,0,0.000126,0.000089,0,0.000094,0,39,0.833333,0.000996
1109,Pike County,,AL,3059,30325,33384,9,11,20,1085,1606,2691,7,0.296708,0.311296,97.820836,0.000797,0.001063,0,0.000172,0,39,0.581818,0.006302
1111,Randolph County,,AL,1594,23692,25286,9,8,17,925,963,1888,7,0.273297,0.285962,183.929978,0.000384,0.000372,0,0.000179,0,39,0.458333,0.003709
1113,Russell County,,AL,10068,55612,65680,32,23,55,7865,6569,14434,6,0.337162,0.359978,1742.939308,0.009574,0.008324,0,0.000397,0,39,0.491597,0.073186
1115,St. Clair County,,AL,6368,88115,94483,14,11,25,5841,4259,10100,7,0.294644,0.309126,20.358874,0.001476,0.001274,0,0.000226,0,39,0.620833,0.011834
1117,Shelby County,,AL,17911,225349,243260,49,48,97,15219,12957,28176,6,0.371507,0.399432,7814.558994,0.016346,0.01756,0,0.000612,0,39,0.451783,0.128031
1119,Sumter County,,AL,805,12893,13698,3,5,8,211,449,660,7,0.293593,0.306563,55.236328,0.000125,0.000449,0,0.000104,0,39,0.5,0.001032
1121,Talladega County,,AL,5503,82887,88390,15,15,30,4024,3603,7627,7,0.294907,0.310082,1917.302924,0.001913,0.00139,0,0.000263,0,39,0.545752,0.014983
1123,Tallapoosa County,,AL,4559,45809,50368,15,16,31,2461,3172,5633,6,0.299283,0.314879,1158.576999,0.001549,0.001503,0,0.00025,0,39,0.467836,0.012524
1125,Tuscaloosa County,,AL,11591,196810,208401,45,48,93,7627,6960,14587,6,0.364385,0.391518,29076.517655,0.009041,0.011659,0,0.000695,0,39,0.273224,0.071866
1127,Walker County,,AL,3609,69003,72612,11,11,22,2027,2032,4059,7,0.293681,0.307637,83.226516,0.000676,0.000918,0,0.000204,0,39,0.543956,0.005514
1129,Washington County,,AL,1111,18383,19494,3,3,6,641,673,1314,7,0.281496,0.293432,0,0.000377,0.00038,0,0.000093,0,39,1,0.003207
1131,Wilcox County,,AL,917,12813,13730,4,6,10,254,598,852,7,0.285756,0.298671,4.637529,0.000241,0.000442,0,0.000108,0,39,0.666667,0.001967
1133,Winston County,,AL,1671,23986,25657,7,7,14,1204,1033,2237,7,0.292926,0.305922,15.973599,0.000738,0.000395,0,0.000144,0,39,0.678571,0.005914
2013,Aleutians East Borough,,AK,374,2024,2398,1,2,3,49,105,154,6,0.315694,0.330545,0,0.000722,0.001205,5,0.000062,0,39,1,0.006155
2016,Aleutians West Census Area,,AK,664,4803,5467,2,3,5,111,200,311,6,0.316233,0.331557,0.240985,0.001167,0.001397,5,0.000072,0,39,0.833333,0.009263
2020,Anchorage Municipality,,AK,34673,340423,375096,152,169,321,19899,22646,42545,5,0.416725,0.457572,82710.862091,0.053054,0.060258,5,0.001997,0,39,0.323753,0.416764
2050,Bethel Census Area,,AK,983,17741,18724,3,4,7,294,603,897,6,0.295731,0.309022,1.759231,0.000467,0.000586,5,0.000099,0,39,0.75,0.003452
2060,Bristol Bay Borough,,AK,157,1117,1274,0,0,0,0,0,0,0,0,0,0,0,0,1,0.00005,1,40,0,0
2068,Denali Borough,,AK,323,2501,2824,1,0,1,48,0,48,0,0,0,0,0.000167,0,5,0.00006,0,33,0,0.001153
2070,Dillingham Census Area,,AK,380,5288,5668,1,2,3,67,142,209,6,0.294205,0.307201,0,0.000445,0.000441,5,0.00006,0,39,1,0.003108
2090,Fairbanks North Star Borough,,AK,14043,106870,120913,48,58,106,5041,6351,11392,6,0.372768,0.40213,10495.192628,0.01911,0.022646,5,0.000633,0,39,0.49021,0.148389
2100,Haines Borough,,AK,250,2978,3228,0,1,1,0,51,51,7,0.251143,0.258885,0,0,0.00002,5,0.00005,0,41,0,0
2105,Hoonah-Angoon Census Area,,AK,202,2237,2439,0,1,1,0,63,63,7,0.251143,0.258885,0,0,0.00002,5,0.00005,0,42,0,0
2110,Juneau City and Borough,,AK,3076,37855,40931,11,11,22,913,934,1847,6,0.335256,0.354519,11349.287338,0.002693,0.003265,5,0.000344,0,39,0.373626,0.021107
2122,Kenai Peninsula Borough,,AK,5096,65451,70547,8,9,17,1663,1669,3332,6,0.334726,0.353536,289.070278,0.0028,0.002523,5,0.000164,0,39,0.55303,0.021985
2130,Ketchikan Gateway Borough,,AK,1316,16017,17333,4,4,8,227,242,469,6,0.315795,0.330939,3943.63776,0.00047,0.001225,5,0.000178,0,39,0.4,0.003505
2150,Kodiak Island Borough,,AK,2127,16698,18825,6,5,11,350,416,766,6,0.32835,0.345846,54.245106,0.002842,0.001618,5,0.000118,0,39,0.446429,0.021541
2164,Lake and Peninsula Borough,,AK,132,1728,1860,0,1,1,0,43,43,6,0.294217,0.307097,0,0,0.000392,5,0.00005,0,43,0,0
2170,Matanuska-Susitna Borough,,AK,8102,100237,108339,21,18,39,5373,3784,9157,6,0.352305,0.374845,2037.628749,0.00665,0.00796,5,0.00037,0,39,0.484615,0.052611
2180,Nome Census Area,,AK,611,9503,10114,1,1,2,114,161,275,6,0.294176,0.307032,0,0.000445,0.000392,5,0.00006,0,39,0,0.003108
2185,North Slope Borough,,AK,578,7503,8081,2,2,4,187,297,484,6,0.295672,0.308685,0,0.000613,0.000533,5,0.00007,0,39,1,0.004261
2188,Northwest Arctic Borough,,AK,592,6602,7194,1,3,4,115,330,445,6,0.295702,0.308853,0,0.000445,0.000583,5,0.00006,0,39,1,0.003108
2195,Petersburg Census Area,,AK,397,4397,4794,0,1,1,0,80,80,7,0.227402,0.233363,0,0,0.000003,5,0.00005,0,44,0,0
2198,Prince of Wales-Hyder Census Area,,AK,413,5391,5804,2,2,4,89,103,192,7,0.251122,0.258972,0,0.000033,0.000023,5,0.000115,0,39,1,0.000344
2220,Sitka City and Borough,,AK,936,10410,11346,3,2,5,204,130,334,6,0.294234,0.307257,2965,0.00047,0.000412,5,0.00013,0,39,0.333333,0.003422
2230,Skagway Municipality,,AK,98,1311,1409,0,0,0,0,0,0,0,0,0,0,0,0,2,0.00005,2,45,0,0
2240,Southeast Fairbanks Census Area,,AK,989,8573,9562,3,3,6,266,366,632,6,0.295702,0.308853,0,0.000672,0.000583,5,0.000087,0,39,1,0.004729
2261,Valdez-Cordova Census Area,,AK,1211,11477,12688,4,3,7,344,399,743,6,0.295702,0.308853,0,0.00069,0.000583,5,0.000103,0,39,1,0.004971
2270,Wade Hampton Census Area,,AK,396,7477,7873,2,3,5,173,251,424,6,0.294234,0.307369,0,0.00045,0.000445,5,0.000081,0,39,0.833333,0.003213
2275,Wrangell City and Borough,,AK,220,2477,2697,0,1,1,0,41,41,7,0.240065,0.246551,0,0,0.000003,5,0.00005,0,46,0,0
2282,Yakutat City and Borough,,AK,42,599,641,0,0,0,0,0,0,0,0,0,0,0,0,3,0.00005,3,47,0,0
2290,Yukon-Koyukuk Census Area,,AK,461,5999,6460,2,2,4,216,291,507,6,0.295672,0.308685,0,0.000613,0.000533,5,0.00007,0,39,1,0.004261
4001,Apache County,,AZ,6747,65920,72667,14,12,26,5616,5302,10918,6,0.333521,0.352271,146.78598,0.004867,0.002695,5,0.000221,0,39,0.628571,0.039111
4003,Cochise County,,AZ,14641,135736,150377,43,50,93,6520,8370,14890,6,0.363269,0.391529,602.65554,0.018325,0.021243,5,0.000491,0,39,0.603156,0.143295
4005,Coconino County,,AZ,13666,135493,149159,31,34,65,8057,9329,17386,6,0.356327,0.381107,545.557049,0.013026,0.014581,5,0.000403,0,39,0.631381,0.103894
4007,Gila County,,AZ,4098,53628,57726,12,7,19,2506,2556,5062,6,0.332847,0.350725,5.065308,0.003667,0.002207,5,0.000193,0,39,0.780303,0.030599
4009,Graham County,,AZ,2185,30993,33178,7,8,15,1287,1288,2575,6,0.332847,0.350838,2.712933,0.001939,0.002272,5,0.000162,0,39,0.821429,0.016672
4011,Greenlee County,,AZ,791,8066,8857,4,3,7,475,434,909,6,0.332623,0.349938,0,0.001725,0.001585,5,0.000104,0,39,1,0.014718
4012,La Paz County,,AZ,1654,15753,17407,7,6,13,760,804,1564,6,0.332996,0.350978,0,0.003502,0.002583,5,0.00012,0,39,1,0.027473
4013,Maricopa County,,AZ,193555,4319468,4513023,631,572,1203,201745,170773,372518,5,0.497233,0.563907,786608.646909,0.132189,0.125679,5,0.007561,0,39,0.089063,1
4015,Mohave County,,AZ,15591,190133,205724,39,34,73,9547,8814,18361,6,0.351095,0.376442,261.220663,0.016121,0.014251,5,0.000475,0,39,0.646377,0.130143
4017,Navajo County,,AZ,9025,101916,110941,23,20,43,6492,6727,13219,6,0.339322,0.360371,288.631238,0.008151,0.006144,5,0.00032,0,39,0.605072,0.065041
4019,Pima County,,AZ,53626,1062293,1115919,214,211,425,37871,39527,77398,5,0.435581,0.47756,32944.718578,0.080311,0.078706,5,0.002299,0,39,0.314127,0.609687
4021,Pinal County,,AZ,40031,317878,357909,101,60,161,30921,29574,60495,6,0.371461,0.400927,2877.245349,0.039947,0.026747,5,0.00115,0,39,0.486074,0.308525
4023,Santa Cruz County,,AZ,3526,57618,61144,6,6,12,1783,2596,4379,6,0.335635,0.354019,0,0.003693,0.003548,5,0.000113,0,39,1,0.029943
4025,Yavapai County,,AZ,16921,228781,245702,55,48,103,13142,10619,23761,6,0.363759,0.391209,576.883234,0.023033,0.022232,5,0.000631,0,39,0.644755,0.18211
4027,Yuma County,,AZ,14731,230750,245481,45,44,89,7113,8850,15963,6,0.360837,0.387645,1242.173642,0.01915,0.020493,5,0.000528,0,39,0.626275,0.151461
5001,Arkansas County,,AR,1152,21329,22481,5,6,11,454,550,1004,7,0.289381,0.30174,2967.905137,0.000368,0.000353,43,0.000131,0,39,0.566667,0.003047
5003,Ashley County,,AR,1229,23331,24560,6,7,13,386,555,941,7,0.291458,0.304607,81.656159,0.00039,0.000405,43,0.000181,0,39,0.404762,0.003326
5005,Baxter County,,AR,2903,44009,46912,8,12,20,874,1167,2041,6,0.332847,0.351225,15518.487167,0.001534,0.001556,43,0.000249,0,39,0.340659,0.012663
5007,Benton County,,AR,19735,256902,276637,87,64,151,14884,11860,26744,6,0.389312,0.419207,38341.717055,0.031036,0.027556,43,0.001248,0,39,0.369697,0.24304
5009,Boone County,,AR,2573,39799,42372,9,9,18,1084,1145,2229,7,0.288228,0.301088,11022.792572,0.000378,0.000519,43,0.000388,0,39,0.309091,0.003435
5011,Bradley County,,AR,712,11674,12386,3,2,5,235,217,452,7,0.289099,0.300841,81.535252,0.000309,0.000289,43,0.000107,0,39,0.666667,0.00255
5013,Calhoun County,,AR,339,4771,5110,2,3,5,230,185,415,7,0.249789,0.258303,1.511153,0.000011,0.00002,43,0.000099,0,39,0.666667,0.000211
5015,Carroll County,,AR,2133,30005,32138,7,7,14,992,964,1956,7,0.281764,0.293539,35.818076,0.000352,0.00038,43,0.000217,0,39,0.547619,0.003637
5017,Chicot County,,AR,867,11058,11925,5,6,11,342,452,794,7,0.290601,0.303174,47.9303,0.000346,0.000353,43,0.000152,0,39,0.5,0.002954
5019,Clark County,,AR,1918,21305,23223,6,8,14,601,925,1526,7,0.289381,0.302077,492.866749,0.000379,0.000375,43,0.000176,0,39,0.392857,0.003517
5021,Clay County,,AR,1129,15752,16881,5,5,10,549,654,1203,7,0.253853,0.263756,44.135708,0.000037,0.00004,109,0.000174,0,39,0.7,0.000812
5023,Cleburne County,,AR,2281,26991,29272,9,7,16,1065,1105,2170,7,0.289494,0.302162,332.167326,0.001125,0.000384,43,0.000199,0,39,0.455556,0.008893
5025,Cleveland County,,AR,584,8940,9524,3,5,8,315,321,636,7,0.258388,0.267845,118.567165,0.000345,0.000033,43,0.000106,0,39,0.566667,0.002738
5027,Columbia County,,AR,1639,24059,25698,7,10,17,527,736,1263,7,0.290203,0.30364,2429.890068,0.000404,0.000435,43,0.000223,0,39,0.288889,0.003543
5029,Conway County,,AR,1472,21994,23466,6,5,11,1072,881,1953,7,0.289325,0.3016,2.882872,0.000368,0.000346,43,0.000167,0,39,0.766667,0.003331
5031,Craighead County,,AR,7519,100702,108221,31,31,62,5198,4609,9807,6,0.336092,0.358752,34522.016303,0.004433,0.003905,109,0.000644,0,39,0.231982,0.036326
5033,Crawford County,,AR,4967,62949,67916,12,9,21,3285,3051,6336,7,0.291486,0.305118,408.771259,0.001106,0.000732,43,0.000279,0,39,0.519231,0.010031
5035,Crittenden County,,AR,4168,55904,60072,8,10,18,1992,2398,4390,6,0.340531,0.359955,1416.60318,0.000984,0.002614,109,0.000197,0,39,0.611111,0.008046
5037,Cross County,,AR,1432,19547,20979,5,6,11,683,686,1369,6,0.308404,0.322985,226.577424,0.000362,0.000885,109,0.000146,0,39,0.833333,0.003129
5039,Dallas County,,AR,666,7851,8517,4,4,8,246,271,517,7,0.289184,0.301234,1690.060811,0.000315,0.000292,43,0.000131,0,39,0.416667,0.002629
5041,Desha County,,AR,1004,13584,14588,5,5,10,454,482,936,7,0.289438,0.301645,115.226995,0.00035,0.000317,43,0.000153,0,39,0.75,0.002943
5043,Drew County,,AR,1440,18580,20020,8,8,16,791,723,1514,7,0.28989,0.302589,223.653165,0.000355,0.000356,43,0.000239,0,39,0.458333,0.003246
5045,Faulkner County,,AR,9956,118375,128331,30,27,57,5909,6110,12019,6,0.346946,0.371029,9042.567829,0.004555,0.006539,43,0.00061,0,39,0.305042,0.040639
5047,Franklin County,,AR,1339,17835,19174,6,4,10,890,784,1674,7,0.259814,0.269686,13.755448,0.000191,0.000059,43,0.00017,0,39,0.8,0.002203
5049,Fulton County,,AR,960,10718,11678,5,4,9,790,365,1155,7,0.249937,0.257935,931.344495,0.000041,0.000012,43,0.000197,0,39,0.35,0.000822
5051,Garland County,,AR,7389,104888,112277,30,21,51,3967,3336,7303,6,0.34776,0.37027,15630.003726,0.007615,0.004909,43,0.000579,0,39,0.382759,0.064544
5053,Grant County,,AR,1548,19351,20899,5,5,10,917,856,1773,7,0.289381,0.301628,0.714981,0.00039,0.000394,43,0.000137,0,39,0.9,0.003273
5055,Greene County,,AR,2744,44916,47660,10,9,19,1759,1570,3329,7,0.290032,0.303123,1131.030861,0.000349,0.000354,109,0.000295,0,39,0.363636,0.003571
5057,Hempstead County,,AR,1725,22323,24048,7,7,14,787,874,1661,7,0.289664,0.302499,2192.818946,0.000386,0.000344,118,0.000228,0,39,0.347222,0.003358
5059,Hot Spring County,,AR,2577,31900,34477,6,6,12,1584,1613,3197,7,0.289325,0.301712,2.779804,0.000408,0.000405,43,0.000163,0,39,0.785714,0.003724
5061,Howard County,,AR,1103,14733,15836,5,5,10,538,493,1031,7,0.252212,0.26171,138.260336,0.000337,0.000055,118,0.000164,0,39,0.533333,0.002793
5063,Independence County,,AR,2796,39434,42230,11,13,24,1359,1534,2893,7,0.291745,0.306018,4709.659385,0.000441,0.000758,43,0.000287,0,39,0.434066,0.004249
5065,Izard County,,AR,915,11528,12443,5,5,10,865,424,1289,7,0.250084,0.258441,152.55769,0.000018,0.000015,43,0.000176,0,39,0.4,0.000571
5067,Jackson County,,AR,1086,15607,16693,4,5,9,417,556,973,7,0.289579,0.302049,2.926425,0.000372,0.000347,43,0.00012,0,39,0.8,0.003124
5069,Jefferson County,,AR,5230,79789,85019,17,22,39,2163,3187,5350,6,0.347923,0.370523,8152.426512,0.003385,0.004937,43,0.000361,0,39,0.405138,0.028568
5071,Johnson County,,AR,1566,25707,27273,7,7,14,804,732,1536,7,0.290402,0.303415,127.979249,0.000309,0.000484,43,0.000191,0,39,0.633333,0.003205
5073,Lafayette County,,AR,471,6883,7354,3,3,6,215,213,428,7,0.252169,0.261344,0.728889,0.000033,0.000055,118,0.000115,0,39,0.75,0.000388
5075,Lawrence County,,AR,1249,16416,17665,5,5,10,659,745,1404,7,0.251719,0.261125,4.242857,0.000038,0.000039,109,0.000171,0,39,0.7,0.000803
5077,Lee County,,AR,640,8239,8879,3,3,6,195,279,474,7,0.289127,0.301009,0.5,0.000321,0.000301,109,0.0001,0,39,0.666667,0.002618
5079,Lincoln County,,AR,762,11141,11903,4,4,8,362,445,807,7,0.289297,0.301347,81.868585,0.000042,0.000317,43,0.000134,0,39,0.8,0.000619
5081,Little River County,,AR,966,13385,14351,3,3,6,359,435,794,7,0.252062,0.261119,0.444444,0.000077,0.000052,118,0.000114,0,39,0.833333,0.000721
5083,Logan County,,AR,1786,22548,24334,5,9,14,721,1088,1809,7,0.2908,0.304258,99.974487,0.000073,0.000598,43,0.000163,0,39,0.583333,0.001078
5085,Lonoke County,,AR,7599,74548,82147,15,17,32,4797,4444,9241,6,0.338123,0.358763,1369.021177,0.002174,0.002729,43,0.000319,0,39,0.461905,0.018166
5087,Madison County,,AR,1163,16422,17585,3,3,6,687,765,1452,7,0.281496,0.292527,0,0.000317,0.000351,43,0.000111,0,39,1,0.003045
5089,Marion County,,AR,1375,15958,17333,3,2,5,554,570,1124,7,0.250401,0.258154,3.772727,0.000017,0.000014,43,0.000124,0,39,0.5,0.00039
5091,Miller County,,AR,4413,42926,47339,10,13,23,3004,3168,6172,6,0.331767,0.351388,9326.892231,0.00115,0.003685,118,0.000275,0,39,0.366667,0.010113
5093,Mississippi County,,AR,3557,48211,51768,8,10,18,1343,1710,3053,6,0.308886,0.324098,1759.077946,0.00092,0.000952,109,0.000221,0,39,0.466667,0.007521
5095,Monroe County,,AR,762,8174,8936,1,5,6,61,310,371,7,0.289551,0.301993,2.510491,0.000003,0.000351,43,0.000069,0,39,0.65,0.000106
5097,Montgomery County,,AR,538,8471,9009,2,3,5,256,249,505,7,0.258208,0.267288,6.253647,0.000037,0.000057,43,0.000099,0,39,0.5,0.000661
5099,Nevada County,,AR,606,9075,9681,4,2,6,423,273,696,8,0.224996,0.231194,1.668907,0.000036,0.000006,118,0.000134,0,39,0.333333,0.000499
5101,Newton County,,AR,656,8187,8843,1,1,2,201,247,448,8,0.223757,0.229515,0,0.000004,0.000003,43,0.000087,0,39,0,0.000116
5103,Ouachita County,,AR,1727,26586,28313,7,8,15,684,811,1495,6,0.318406,0.33516,2359.196935,0.000341,0.001193,43,0.000198,0,39,0.347222,0.003059
5105,Perry County,,AR,1050,10481,11531,5,5,10,781,668,1449,7,0.289297,0.301543,1.173485,0.000366,0.000345,43,0.000148,0,39,0.85,0.003227
5107,Phillips County,,AR,1602,20981,22583,5,7,12,329,659,988,6,0.308597,0.32335,115.696407,0.000905,0.000966,109,0.000136,0,39,0.517857,0.007174
5109,Pike County,,AR,911,11217,12128,4,5,9,353,479,832,7,0.258365,0.267878,19.928088,0.00004,0.000065,43,0.000148,0,39,0.35,0.000872
5111,Poinsett County,,AR,1953,23853,25806,6,5,11,1018,1160,2178,7,0.258006,0.267609,55.784037,0.000626,0.000052,109,0.000163,0,39,0.7,0.005117
5113,Polk County,,AR,1152,20775,21927,5,3,8,258,192,450,7,0.265919,0.275967,63.278958,0.000066,0.000104,43,0.00018,0,39,0.266667,0.000893
5115,Pope County,,AR,4690,64340,69030,18,15,33,2397,2549,4946,7,0.291601,0.306046,1988.007522,0.002722,0.000832,43,0.00038,0,39,0.365789,0.023242
5117,Prairie County,,AR,538,8454,8992,4,4,8,406,348,754,7,0.289184,0.301234,0.895833,0.00036,0.000327,43,0.000118,0,39,0.833333,0.002954
5119,Pulaski County,,AR,31536,442276,473812,121,117,238,21662,22856,44518,6,0.406498,0.441844,174497.34449,0.038749,0.041415,43,0.001875,0,39,0.308715,0.306838
5121,Randolph County,,AR,1137,17832,18969,4,5,9,596,602,1198,7,0.251826,0.261215,2.772414,0.000032,0.000036,109,0.000154,0,39,0.75,0.000679
5123,St. Francis County,,AR,1906,24450,26356,8,8,16,1024,1099,2123,6,0.309305,0.324531,157.635802,0.001039,0.001019,109,0.000187,0,39,0.513889,0.008444
5125,Saline County,,AR,8716,120837,129553,20,17,37,7435,5609,13044,6,0.323867,0.343165,1000.812381,0.003107,0.003227,43,0.000396,0,39,0.5,0.027123
5127,Scott County,,AR,909,11139,12048,3,3,6,388,432,820,7,0.259928,0.269798,2.362277,0.00007,0.000055,43,0.000108,0,39,0.55,0.000752
5129,Searcy County,,AR,522,8213,8735,2,1,3,130,49,179,8,0.223757,0.229515,1.691667,0.000006,0.000003,43,0.000109,0,39,0,0.000223
5131,Sebastian County,,AR,10399,134517,144916,25,27,52,6039,6733,12772,6,0.350805,0.375497,20416.648491,0.006429,0.008168,43,0.00052,0,39,0.395699,0.054351
5133,Sevier County,,AR,975,16930,17905,5,6,11,376,417,793,7,0.25262,0.262429,44.656917,0.000055,0.00006,118,0.000205,0,39,0.366667,0.000884
5135,Sharp County,,AR,2347,16386,18733,6,6,12,749,1458,2207,7,0.251869,0.261507,113.373627,0.000035,0.000039,43,0.000214,0,39,0.5,0.000864
5137,Stone County,,AR,849,12251,13100,2,5,7,119,370,489,7,0.257961,0.268033,35.482268,0.000006,0.000048,43,0.000099,0,39,0.6,0.000214
5139,Union County,,AR,2892,47259,50151,9,15,24,783,1391,2174,6,0.33266,0.352906,3897.087199,0.001984,0.00321,43,0.000224,0,39,0.382353,0.016322
5141,Van Buren County,,AR,1261,16723,17984,5,6,11,518,597,1115,7,0.289353,0.301768,1673.158597,0.00036,0.000351,43,0.000152,0,39,0.452381,0.00309
5143,Washington County,,AR,17152,213452,230604,59,49,108,11557,11111,22668,6,0.375079,0.402788,25425.787572,0.016165,0.015017,43,0.001001,0,39,0.323776,0.131793
5145,White County,,AR,5731,79493,85224,19,18,37,3396,3033,6429,6,0.335369,0.356335,2335.851081,0.002949,0.004214,43,0.000411,0,39,0.395257,0.025618
5147,Woodruff County,,AR,499,7284,7783,3,2,5,171,199,370,7,0.289099,0.300841,0,0.00034,0.000308,43,0.000104,0,39,1,0.002727
5149,Yell County,,AR,1827,21723,23550,4,7,11,1043,1211,2254,7,0.289466,0.302106,51.403184,0.000319,0.000362,43,0.000126,0,39,0.666667,0.002806
6001,Alameda County,,CA,112066,1781923,1893989,203,190,393,110205,101838,212043,6,0.419853,0.462355,12468.365078,0.082557,0.076416,5,0.001934,0,39,0.380295,0.6162
6003,Alpine County,,CA,96,973,1069,0,0,0,0,0,0,0,0,0,0,0,0,4,0.00005,4,48,0,0
6005,Amador County,,CA,2259,38804,41063,12,10,22,1724,1284,3008,6,0.329188,0.346925,0.248485,0.00438,0.003376,5,0.000154,0,39,0.967033,0.034153
6007,Butte County,,CA,11506,219549,231055,47,52,99,8645,8720,17365,6,0.34907,0.376425,1396.975454,0.015126,0.017362,5,0.000525,0,39,0.66936,0.120108
6009,Calaveras County,,CA,3510,48297,51807,12,16,28,2147,2327,4474,6,0.332623,0.351917,4.264087,0.004954,0.00588,5,0.000159,0,39,0.922794,0.038942
6011,Colusa County,,CA,1319,28834,30153,8,6,14,693,753,1446,6,0.294937,0.308123,31.649326,0.002052,0.000976,5,0.000129,0,39,0.821429,0.015792
6013,Contra Costa County,,CA,69914,1279021,1348935,144,136,280,72016,62081,134097,6,0.404944,0.442366,6157.083127,0.061763,0.05867,5,0.001415,0,39,0.477398,0.472144
6015,Del Norte County,,CA,1651,23880,25531,7,7,14,568,611,1179,6,0.329152,0.346532,24.435217,0.002168,0.001881,5,0.000122,0,39,0.722222,0.016971
6017,El Dorado County,,CA,13964,207248,221212,45,47,92,11407,10774,22181,6,0.3487,0.375357,188.488335,0.015793,0.017812,5,0.000478,0,39,0.701357,0.125772
6019,Fresno County,,CA,36768,1023404,1060172,104,91,195,32319,29681,62000,6,0.386722,0.419792,3024.167781,0.044073,0.037117,5,0.001061,0,39,0.518543,0.343543
6021,Glenn County,,CA,2128,32538,34666,5,5,10,1064,1274,2338,6,0.294059,0.307144,1.242857,0.000756,0.000757,5,0.00011,0,39,0.8,0.00622
6023,Humboldt County,,CA,7459,131816,139275,41,47,88,3817,4812,8629,6,0.343092,0.368117,2935.152285,0.014329,0.015723,5,0.000459,0,39,0.724915,0.1134
6025,Imperial County,,CA,9473,218607,228080,23,22,45,6772,7239,14011,6,0.340922,0.362175,3.860231,0.010572,0.009653,5,0.000256,0,39,0.868946,0.081452
6027,Inyo County,,CA,1381,20561,21942,8,8,16,625,619,1244,6,0.332511,0.35068,1.040523,0.004509,0.004123,5,0.000124,0,39,0.833333,0.033692
6029,Kern County,,CA,36819,895615,932434,98,97,195,30362,28297,58659,6,0.384067,0.418145,3090.268929,0.037185,0.038247,5,0.00104,0,39,0.472039,0.292961
6031,Kings County,,CA,11619,147216,158835,33,35,68,6620,7702,14322,6,0.352766,0.377819,194.885368,0.01375,0.016088,5,0.000353,0,39,0.684146,0.105305
6033,Lake County,,CA,4078,60598,64676,20,21,41,2633,2457,5090,6,0.339711,0.360613,3.349338,0.007757,0.009089,5,0.000232,0,39,0.955,0.061414
6035,Lassen County,,CA,1815,25491,27306,8,6,14,733,779,1512,6,0.29441,0.307931,17.566831,0.002689,0.001233,5,0.000136,0,39,0.861111,0.021345
6037,Los Angeles County,,CA,396680,11308043,11704723,495,518,1013,319665,372976,692641,5,0.489274,0.55258,385378.959297,0.127802,0.125303,5,0.005356,0,39,0.123273,0.957407
6039,Madera County,,CA,9175,161820,170995,27,27,54,6954,7193,14147,6,0.340257,0.36199,50.953266,0.010923,0.010998,5,0.000287,0,39,0.892857,0.084901
6041,Marin County,,CA,18040,306589,324629,54,52,106,15633,14265,29898,6,0.368735,0.396532,275.75514,0.026316,0.024427,5,0.000535,0,39,0.722222,0.204041
6043,Mariposa County,,CA,1651,18551,20202,5,9,14,600,738,1338,6,0.329152,0.346757,0.222756,0.001348,0.002957,5,0.000094,0,39,0.958333,0.010612
6045,Mendocino County,,CA,4521,95481,100002,22,19,41,2466,2504,4970,6,0.334575,0.354671,3.781351,0.009216,0.008037,5,0.000245,0,39,0.969231,0.072654
6047,Merced County,,CA,15023,274674,289697,35,38,73,11883,12016,23899,6,0.345853,0.37045,154.746136,0.01352,0.015123,5,0.000368,0,39,0.813589,0.106912
6049,Modoc County,,CA,693,8836,9529,2,2,4,124,126,250,7,0.255758,0.265639,0,0.000151,0.000175,5,0.000071,0,39,1,0.001302
6051,Mono County,,CA,1604,14899,16503,7,6,13,702,633,1335,6,0.332362,0.35023,0.142857,0.004233,0.003325,5,0.000112,0,39,0.910714,0.031512
6053,Monterey County,,CA,30700,535014,565714,88,95,183,21224,23328,44552,5,0.384018,0.418179,1642.029823,0.036599,0.038583,5,0.000881,0,39,0.514988,0.285981
6055,Napa County,,CA,9405,170489,179894,32,31,63,7591,7270,14861,6,0.341118,0.363592,12.153424,0.014327,0.013133,5,0.00034,0,39,0.930159,0.112326
6057,Nevada County,,CA,7679,113446,121125,32,27,59,5739,5263,11002,6,0.339906,0.361484,8.271667,0.012576,0.009983,5,0.000337,0,39,0.932264,0.098808
6059,Orange County,,CA,167664,3683972,3851636,266,291,557,153555,153310,306865,5,0.446334,0.495211,54288.354096,0.097545,0.0989,5,0.002692,0,39,0.26716,0.732853
6061,Placer County,,CA,29553,417301,446854,76,77,153,29369,24886,54255,6,0.36185,0.393558,1679.093913,0.027696,0.029702,5,0.000831,0,39,0.566542,0.222674
6063,Plumas County,,CA,1730,21162,22892,6,5,11,541,594,1135,6,0.294322,0.30765,0.125,0.001464,0.001125,5,0.000118,0,39,0.928571,0.011871
6065,Riverside County,,CA,145873,2390719,2536592,229,240,469,147699,131349,279048,5,0.436929,0.481748,35309.397765,0.083473,0.082022,5,0.002375,0,39,0.27429,0.634693
6067,Sacramento County,,CA,84040,1604325,1688365,169,168,337,75396,74347,149743,5,0.41614,0.455998,30626.451563,0.063618,0.063228,5,0.001817,0,39,0.378409,0.495495
6069,San Benito County,,CA,4139,67274,71413,14,14,28,3762,2987,6749,6,0.338896,0.358645,0,0.005489,0.00666,5,0.000175,0,39,1,0.043859
6071,San Bernardino County,,CA,149734,2215461,2365195,207,244,451,133874,133886,267760,5,0.43952,0.484716,29415.673432,0.075493,0.08391,5,0.002164,0,39,0.291796,0.582253
6073,San Diego County,,CA,186444,3692457,3878901,474,481,955,161184,160993,322177,5,0.481487,0.543024,277076.481341,0.125742,0.122,5,0.005095,0,39,0.134583,0.943843
6075,San Francisco County,,CA,80763,941087,1021850,180,129,309,75412,73226,148638,5,0.405831,0.442091,5252.35273,0.077906,0.059481,5,0.001712,0,39,0.473969,0.580125
6077,San Joaquin County,,CA,40359,781027,821386,70,86,156,35859,34526,70385,6,0.37305,0.405925,1794.652865,0.025881,0.031501,5,0.000743,0,39,0.517415,0.207022
6079,San Luis Obispo County,,CA,15548,299509,315057,53,53,106,13440,11507,24947,6,0.352221,0.38036,135.086514,0.019847,0.021884,5,0.000546,0,39,0.731967,0.157275
6081,San Mateo County,,CA,57055,897454,954509,113,102,215,52862,50861,103723,6,0.389824,0.424396,2133.020366,0.053811,0.046985,5,0.001081,0,39,0.558004,0.407877
6083,Santa Barbara County,,CA,23912,487792,511704,73,78,151,17568,17877,35445,5,0.382433,0.41362,1305.484244,0.032916,0.035391,5,0.000767,0,39,0.633882,0.260491
6085,Santa Clara County,,CA,108966,2236324,2345290,220,197,417,93385,96503,189888,5,0.422847,0.465233,15802.663508,0.084759,0.079107,5,0.002129,0,39,0.348445,0.63106
6087,Santa Cruz County,,CA,17067,315609,332676,50,49,99,13738,13682,27420,6,0.353102,0.379084,138.23746,0.02022,0.018155,5,0.000509,0,39,0.723997,0.159963
6089,Shasta County,,CA,9616,187209,196825,52,52,104,7308,6527,13835,6,0.343211,0.368848,8561.672139,0.015844,0.016582,5,0.000614,0,39,0.58091,0.126616
6091,Sierra County,,CA,278,3025,3303,1,1,2,44,67,111,7,0.276767,0.288643,0,0.000303,0.000319,5,0.000062,0,39,0,0.002572
6093,Siskiyou County,,CA,2810,46657,49467,11,12,23,889,1276,2165,6,0.332586,0.351411,543.74352,0.003669,0.003849,5,0.000155,0,39,0.738095,0.029344
6095,Solano County,,CA,32039,473796,505835,71,78,149,27427,25144,52571,6,0.3779,0.409646,2145.480792,0.028504,0.032713,5,0.00073,0,39,0.568965,0.223852
6097,Sonoma County,,CA,22215,580706,602921,76,70,146,19873,17003,36876,6,0.367729,0.397673,919.583877,0.030327,0.028111,5,0.000781,0,39,0.597899,0.239745
6099,Stanislaus County,,CA,27708,572257,599965,62,65,127,22878,22771,45649,6,0.365013,0.394362,855.518306,0.023532,0.025329,5,0.000636,0,39,0.628571,0.187426
6101,Sutter County,,CA,7806,103521,111327,21,25,46,5083,5865,10948,6,0.340023,0.361512,115.203633,0.007621,0.009644,5,0.000246,0,39,0.907692,0.059271
6103,Tehama County,,CA,4284,63687,67971,16,13,29,2595,2525,5120,6,0.329774,0.348049,114.295591,0.005787,0.004153,5,0.000203,0,39,0.852941,0.045242
6105,Trinity County,,CA,874,11500,12374,2,2,4,230,356,586,7,0.255824,0.265639,0,0.000239,0.000223,5,0.000069,0,39,1,0.001912
6107,Tulare County,,CA,18821,492014,510835,41,41,82,13982,14169,28151,6,0.349029,0.374823,129.460797,0.018215,0.017143,5,0.000432,0,39,0.787415,0.143638
6109,Tuolumne County,,CA,3345,56718,60063,15,16,31,2095,1775,3870,6,0.332623,0.351917,10.407345,0.005962,0.005684,5,0.000181,0,39,0.876316,0.047004
6111,Ventura County,,CA,48515,1050138,1098653,104,132,236,37392,40319,77711,5,0.401435,0.438932,2855.566643,0.04431,0.056425,5,0.001071,0,39,0.514916,0.349129
6113,Yolo County,,CA,17112,209260,226372,43,47,90,12819,13829,26648,6,0.355729,0.382175,435.586226,0.016398,0.018502,5,0.000451,0,39,0.778061,0.129024
6115,Yuba County,,CA,8598,70362,78960,22,24,46,5293,5859,11152,6,0.343092,0.36525,107.694538,0.00966,0.010118,5,0.000262,0,39,0.812808,0.075985
8001,Adams County,,CO,51583,504257,555840,94,87,181,49376,43389,92765,5,0.388496,0.420753,15485.000523,0.035451,0.035794,7,0.001208,0,39,0.420975,0.283334
8003,Alamosa County,,CO,1583,15715,17298,7,6,13,710,640,1350,6,0.335066,0.353423,11212.295986,0.001231,0.002382,7,0.000271,0,39,0.285714,0.011148
8005,Arapahoe County,,CO,75230,669870,745100,171,144,315,68399,64732,133131,5,0.420448,0.457021,28335.001403,0.070627,0.06294,7,0.001896,0,39,0.412309,0.542027
8007,Archuleta County,,CO,1151,13028,14179,2,2,4,204,204,408,6,0.332176,0.349404,0,0.001007,0.001035,7,0.000072,0,39,1,0.008285
8009,Baca County,,CO,206,4111,4317,0,1,1,0,40,40,7,0.237832,0.243775,0,0,0.000001,7,0.00005,0,49,0,0
8011,Bent County,,CO,366,4102,4468,2,3,5,196,224,420,7,0.258884,0.268584,0,0.000012,0.000101,7,0.000136,0,39,1,0.000268
8013,Boulder County,,CO,28728,340882,369610,111,90,201,21518,21652,43170,6,0.392923,0.425779,5744.535969,0.052638,0.042998,7,0.001174,0,39,0.552317,0.402622
8014,Broomfield County,,CO,15127,109036,124163,29,22,51,11925,11777,23702,6,0.357186,0.380601,39.537502,0.015194,0.01329,7,0.000372,0,39,0.907527,0.123781
8015,Chaffee County,,CO,1423,19495,20918,9,5,14,659,380,1039,6,0.313193,0.327487,48.044928,0.002548,0.002041,7,0.000178,0,39,0.763889,0.022822
8017,Cheyenne County,,CO,144,2110,2254,0,0,0,0,0,0,0,0,0,0,0,0,6,0.00005,5,50,0,0
8019,Clear Creek County,,CO,1093,9888,10981,2,4,6,431,475,906,6,0.300588,0.313114,0,0.000828,0.001633,7,0.000076,0,39,1,0.007641
8021,Conejos County,,CO,434,8385,8819,1,1,2,139,140,279,7,0.250995,0.258421,0,0.000018,0.000009,7,0.000089,0,39,0,0.000163
8023,Costilla County,,CO,285,3235,3520,0,1,1,0,49,49,7,0.251037,0.258503,0,0,0.000009,7,0.00005,0,51,0,0
8025,Crowley County,,CO,244,2906,3150,1,1,2,44,52,96,7,0.237809,0.243744,0,0.000006,0.000011,7,0.000095,0,39,0,0.000176
8027,Custer County,,CO,457,4345,4802,2,3,5,103,161,264,6,0.311843,0.325351,0,0.000121,0.00083,7,0.000087,0,39,1,0.00109
8029,Delta County,,CO,2085,32478,34563,8,5,13,1113,896,2009,6,0.313326,0.32774,0.683824,0.00177,0.001496,7,0.000155,0,39,0.916667,0.015953
8031,Denver County,,CO,91829,672757,764586,209,161,370,83736,81495,165231,5,0.427357,0.464688,53618.313122,0.08043,0.066874,7,0.002396,0,39,0.358042,0.609384
8033,Dolores County,,CO,135,2026,2161,0,1,1,0,51,51,7,0.250867,0.258289,0,0,0.000009,5,0.00005,0,52,0,0
8035,Douglas County,,CO,31747,348889,380636,107,78,185,29351,24221,53572,5,0.389517,0.42068,4227.384849,0.049633,0.039203,7,0.001181,0,39,0.572639,0.384755
8037,Eagle County,,CO,6073,61775,67848,21,22,43,2771,3155,5926,6,0.346055,0.36864,2897.810696,0.009936,0.009147,7,0.000308,0,39,0.762108,0.083021
8039,Elbert County,,CO,2523,25572,28095,8,7,15,2588,1495,4083,6,0.313491,0.32819,17.06379,0.002635,0.002876,7,0.000173,0,39,0.785714,0.023565
8041,El Paso County,,CO,65857,710958,776815,319,276,595,48078,46801,94879,5,0.452672,0.498561,161037.751367,0.096888,0.085708,7,0.003763,0,39,0.20635,0.743215
8043,Fremont County,,CO,2837,42726,45563,11,9,20,1325,1181,2506,6,0.335369,0.354098,691.814136,0.003287,0.003478,7,0.000219,0,39,0.689394,0.028609
8045,Garfield County,,CO,5579,62128,67707,20,24,44,2884,2987,5871,6,0.341354,0.363198,3293.409455,0.007575,0.008494,7,0.000318,0,39,0.631667,0.064238
8047,Gilpin County,,CO,841,5343,6184,4,4,8,337,481,818,6,0.300832,0.313395,0,0.001382,0.001655,7,0.000097,0,39,1,0.012206
8049,Grand County,,CO,1662,14944,16606,7,7,14,499,606,1105,6,0.302582,0.315801,0.083333,0.00215,0.002637,7,0.000137,0,39,0.964286,0.019386
8051,Gunnison County,,CO,1615,15945,17560,6,9,15,302,503,805,6,0.314022,0.329089,4.228253,0.001938,0.00307,7,0.000127,0,39,0.875,0.017324
8053,Hinsdale County,,CO,113,906,1019,0,0,0,0,0,0,0,0,0,0,0,0,8,0.00005,6,53,0,0
8055,Huerfano County,,CO,489,6315,6804,1,1,2,134,121,255,7,0.258794,0.268135,0,0.000095,0.00009,7,0.000066,0,39,0,0.000802
8057,Jackson County,,CO,122,1488,1610,0,0,0,0,0,0,0,0,0,0,0,0,9,0.00005,7,54,0,0
8059,Jefferson County,,CO,53125,598168,651293,131,105,236,48498,43981,92479,5,0.403676,0.437218,21269.604468,0.055372,0.045206,7,0.001561,0,39,0.464224,0.433315
8061,Kiowa County,,CO,74,1583,1657,0,0,0,0,0,0,0,0,0,0,0,0,10,0.00005,8,55,0,0
8063,Kit Carson County,,CO,615,8511,9126,2,1,3,87,50,137,9,0.158454,0.160571,2980.800045,0.001099,0,7,0.000073,0,39,0.333333,0.009485
8065,Lake County,,CO,820,7126,7946,2,4,6,91,215,306,6,0.279955,0.2914,0.285714,0.000109,0.000384,7,0.000074,0,39,0.583333,0.001006
8067,La Plata County,,CO,4753,58139,62892,19,24,43,1908,2225,4133,6,0.348168,0.371675,279.869068,0.007813,0.010518,7,0.000291,0,39,0.693333,0.065287
8069,Larimer County,,CO,25879,348314,374193,105,74,179,18134,17318,35452,5,0.381645,0.412479,16975.809123,0.040154,0.03153,7,0.00135,0,39,0.457166,0.319465
8071,Las Animas County,,CO,1377,15105,16482,2,6,8,137,492,629,6,0.313226,0.327797,18.723383,0.000101,0.002149,7,0.000075,0,39,0.571429,0.000901
8073,Lincoln County,,CO,487,4882,5369,2,2,4,117,97,214,6,0.311679,0.324958,0,0.000655,0.000736,7,0.000083,0,39,1,0.005771
8075,Logan County,,CO,1499,20868,22367,8,9,17,566,631,1197,6,0.313028,0.327656,7622.166398,0.001768,0.002384,7,0.000231,0,39,0.533333,0.015744
8077,Mesa County,,CO,10439,164588,175027,39,46,85,5267,5811,11078,6,0.352808,0.379994,7382.926088,0.012341,0.015293,7,0.000566,0,39,0.446122,0.101302
8079,Mineral County,,CO,102,886,988,0,0,0,0,0,0,0,0,0,0,0,0,11,0.00005,9,56,0,0
8081,Moffat County,,CO,1214,14710,15924,3,3,6,191,293,484,6,0.288536,0.300169,0,0.000203,0.000517,7,0.000086,0,39,0.916667,0.001588
8083,Montezuma County,,CO,2173,26796,28969,7,6,13,745,754,1499,6,0.334763,0.353002,2968.396283,0.001271,0.001928,5,0.000162,0,39,0.589286,0.010595
8085,Montrose County,,CO,3381,45454,48835,15,15,30,1550,1704,3254,6,0.339906,0.360259,11976.738932,0.005184,0.006093,7,0.000327,0,39,0.643382,0.043417
8087,Morgan County,,CO,2432,31954,34386,7,11,18,923,1217,2140,6,0.314856,0.330124,4661.808559,0.001957,0.002979,7,0.000151,0,39,0.536364,0.017683
8089,Otero County,,CO,1261,19857,21118,7,5,12,524,541,1065,6,0.311974,0.325801,9174.828917,0.001494,0.000807,7,0.000262,0,39,0.428571,0.013174
8091,Ouray County,,CO,454,5109,5563,1,1,2,126,87,213,7,0.253701,0.26171,0,0.000045,0.000038,7,0.000069,0,39,0,0.000397
8093,Park County,,CO,1842,15482,17324,8,9,17,1143,884,2027,6,0.313624,0.32864,1.349507,0.002551,0.002945,7,0.000148,0,39,0.847222,0.022651
8095,Phillips County,,CO,352,5030,5382,2,1,3,110,70,180,7,0.238421,0.244599,0,0.000019,0.000013,7,0.000095,0,39,0.5,0.000277
8097,Pitkin County,,CO,2154,19656,21810,6,4,10,838,888,1726,6,0.329518,0.3467,2.55317,0.002734,0.001668,7,0.000113,0,39,0.866667,0.021936
8099,Prowers County,,CO,907,13135,14042,4,4,8,223,293,516,6,0.311941,0.325632,3175.67094,0.000102,0.000817,7,0.000192,0,39,0.45,0.001138
8101,Pueblo County,,CO,8614,170397,179011,33,32,65,4696,4899,9595,6,0.349111,0.373811,18949.478658,0.012127,0.012898,7,0.000605,0,39,0.450641,0.099096
8103,Rio Blanco County,,CO,755,7323,8078,2,3,5,122,220,342,7,0.261187,0.271732,0.241667,0.000176,0.000171,7,0.000072,0,39,0.666667,0.001366
8105,Rio Grande County,,CO,1259,15223,16482,3,4,7,392,519,911,6,0.312237,0.32597,3652.473425,0.000651,0.000987,7,0.000134,0,39,0.416667,0.005769
8107,Routt County,,CO,2584,26864,29448,8,10,18,695,797,1492,6,0.333784,0.352411,311.45054,0.002192,0.003707,7,0.00016,0,39,0.863636,0.019952
8109,Saguache County,,CO,429,3965,4394,1,2,3,151,178,329,7,0.251101,0.258759,0,0.000007,0.000014,7,0.000079,0,39,1,0.000121
8111,San Juan County,,CO,62,692,754,0,0,0,0,0,0,0,0,0,0,0,0,12,0.00005,10,57,0,0
8113,San Miguel County,,CO,815,8334,9149,1,1,2,77,54,131,7,0.253701,0.26171,0,0.000045,0.000038,7,0.000069,0,39,0,0.000397
8115,Sedgwick County,,CO,154,2596,2750,0,0,0,0,0,0,0,0,0,0,0,0,13,0.00005,11,58,0,0
8117,Summit County,,CO,4360,33523,37883,12,14,26,1572,1923,3495,6,0.337892,0.357701,876.444132,0.00399,0.005572,7,0.0002,0,39,0.752381,0.034969
8119,Teller County,,CO,2895,26539,29434,7,9,16,1408,1519,2927,6,0.325288,0.342586,10.106224,0.002741,0.003833,7,0.000138,0,39,0.845455,0.023619
8121,Washington County,,CO,352,4805,5157,3,2,5,190,92,282,7,0.26419,0.27436,4.152602,0.000041,0.000164,7,0.000107,0,39,0.75,0.000482
8123,Weld County,,CO,22234,286723,308957,57,45,102,19180,15449,34629,6,0.358829,0.385874,8726.973261,0.022103,0.020086,7,0.0008,0,39,0.509254,0.178074
8125,Yuma County,,CO,812,11229,12041,2,4,6,83,202,285,7,0.264237,0.274697,2.905236,0.000023,0.000177,7,0.000107,0,39,0.55,0.00029
9001,Fairfield County,,CT,48803,1100474,1149277,136,174,310,39098,40771,79869,6,0.406387,0.448865,5241.019301,0.06499,0.075684,94,0.001172,0,39,0.489913,0.476749
9003,Hartford County,,CT,46379,1078600,1124979,132,169,301,33750,38548,72298,5,0.408177,0.449044,7491.511219,0.062758,0.073989,94,0.001147,0,39,0.475796,0.457617
9005,Litchfield County,,CT,10728,231804,242532,21,27,48,7345,7024,14369,6,0.341629,0.363856,42.617145,0.010376,0.012208,94,0.000197,0,39,0.786022,0.072213
9007,Middlesex County,,CT,11625,201128,212753,21,29,50,8180,8216,16396,6,0.352556,0.376835,80.119393,0.010361,0.015132,94,0.000197,0,39,0.837634,0.070929
9009,New Haven County,,CT,45164,1000354,1045518,127,154,281,32045,37107,69152,6,0.404337,0.444205,3864.878699,0.060818,0.069037,94,0.001103,0,39,0.511834,0.446585
9011,New London County,,CT,18895,324044,342939,62,73,135,10975,12429,23404,6,0.37352,0.404233,693.762076,0.028955,0.037113,94,0.00055,0,39,0.653869,0.209894
9013,Tolland County,,CT,10647,167480,178127,14,18,32,7557,7228,14785,6,0.33225,0.351574,58.801254,0.006586,0.007076,94,0.000152,0,39,0.857143,0.046761
9015,Windham County,,CT,7485,134377,141862,14,13,27,4628,4709,9337,6,0.305702,0.322676,1.483347,0.004601,0.004436,94,0.000138,0,39,0.858333,0.028908
10001,Kent County,,DE,12148,183453,195601,40,36,76,7788,6585,14373,6,0.357919,0.382816,1285.778382,0.019066,0.016754,94,0.000366,0,39,0.682449,0.134287
10003,New Castle County,,DE,30565,634981,665546,107,112,219,22785,23455,46240,6,0.385065,0.421107,4212.971078,0.051651,0.054005,94,0.000902,0,39,0.622323,0.369606
10005,Sussex County,,DE,11820,228672,240492,57,41,98,11036,7538,18574,6,0.344207,0.368853,2863.619299,0.021382,0.016086,94,0.000494,0,39,0.587302,0.143305
11001,District of Columbia,,DC,71640,636644,708284,199,173,372,59942,61018,120960,6,0.425273,0.464812,19774.613288,0.084295,0.075184,35,0.001881,0,39,0.424319,0.619017
12001,Alachua County,,FL,25781,242089,267870,76,90,166,16468,18665,35133,6,0.390286,0.423536,7687.97388,0.035803,0.045206,15,0.000823,0,39,0.599109,0.278643
12003,Baker County,,FL,1886,26604,28490,8,6,14,1109,1080,2189,7,0.305418,0.320487,31.084052,0.002297,0.001066,15,0.000156,0,39,0.666667,0.016873
12005,Bay County,,FL,16113,188325,204438,79,70,149,8872,8193,17065,6,0.387379,0.41828,16509.149641,0.031791,0.032923,15,0.000919,0,39,0.519226,0.249202
12007,Bradford County,,FL,2593,24300,26893,9,7,16,1478,1574,3052,6,0.32302,0.340034,37.770782,0.002653,0.002229,15,0.000157,0,39,0.805556,0.020119
12009,Brevard County,,FL,36992,624081,661073,202,158,360,29803,24304,54107,6,0.413068,0.452844,10919.845546,0.082972,0.070786,15,0.001882,0,39,0.389951,0.608361
12011,Broward County,,FL,188388,2055262,2243650,341,364,705,177008,170836,347844,5,0.463209,0.516324,123293.43792,0.111514,0.111201,15,0.003373,0,39,0.194842,0.824338
12013,Calhoun County,,FL,1041,12216,13257,5,4,9,568,521,1089,7,0.28414,0.296687,7.055236,0.000613,0.000552,15,0.000138,0,39,0.6,0.004613
12015,Charlotte County,,FL,15390,167350,182740,62,44,106,10782,9012,19794,6,0.37081,0.398218,241.540129,0.029949,0.024395,15,0.000541,0,39,0.703018,0.21442
12017,Citrus County,,FL,11078,146829,157907,31,33,64,5753,5813,11566,6,0.352347,0.375835,45.340954,0.015594,0.017495,15,0.000351,0,39,0.84143,0.118948
12019,Clay County,,FL,22131,218124,240255,63,64,127,15861,15159,31020,6,0.379059,0.40914,2659.17798,0.030124,0.032945,15,0.0007,0,39,0.639459,0.235527
12021,Collier County,,FL,34284,379157,413441,154,125,279,25705,24046,49751,6,0.40622,0.442203,4265.339083,0.066638,0.059359,15,0.001372,0,39,0.466204,0.478601
12023,Columbia County,,FL,5940,64671,70611,25,25,50,3866,3537,7403,6,0.334273,0.354474,494.613952,0.009387,0.010316,15,0.000342,0,39,0.575397,0.072833
12027,DeSoto County,,FL,2884,29217,32101,10,10,20,1442,1455,2897,6,0.331433,0.34937,2.979991,0.004788,0.005121,15,0.000149,0,39,0.909091,0.037975
12029,Dixie County,,FL,1266,12464,13730,5,6,11,534,628,1162,7,0.285206,0.297991,2.965512,0.000464,0.000797,15,0.00011,0,39,0.642857,0.003257
12031,Duval County,,FL,78668,994815,1073483,284,271,555,63556,64570,128126,6,0.439194,0.48801,79516.766372,0.099801,0.096088,15,0.00296,0,39,0.267981,0.746842
12033,Escambia County,,FL,29302,320300,349602,118,121,239,18773,19841,38614,5,0.405831,0.441568,14119.298493,0.050932,0.052431,15,0.001267,0,39,0.465071,0.394902
12035,Flagler County,,FL,9667,107303,116970,45,28,73,6889,5441,12330,6,0.350142,0.372496,21.648046,0.023864,0.015161,15,0.000406,0,39,0.829507,0.170791
12037,Franklin County,,FL,872,10314,11186,3,4,7,177,292,469,7,0.28414,0.296687,9.271808,0.000581,0.00054,15,0.000089,0,39,0.583333,0.004236
12039,Gadsden County,,FL,4460,50396,54856,13,13,26,2845,2970,5815,6,0.333296,0.351759,864.72891,0.005687,0.005414,15,0.000234,0,39,0.509524,0.04306
12041,Gilchrist County,,FL,1750,15715,17465,6,7,13,1096,1052,2148,6,0.322178,0.338938,64.815782,0.001373,0.001696,15,0.00012,0,39,0.785714,0.01006
12043,Glades County,,FL,1287,8070,9357,8,6,14,1587,789,2376,6,0.318338,0.334311,1.182882,0.003739,0.002492,15,0.000125,0,39,0.930556,0.02843
12045,Gulf County,,FL,1277,13101,14378,2,4,6,394,554,948,7,0.28414,0.296687,0.333333,0.000247,0.000531,15,0.00008,0,39,0.833333,0.001985
12047,Hamilton County,,FL,1325,11770,13095,5,6,11,548,698,1246,6,0.322633,0.339444,4.440129,0.00185,0.001607,15,0.000105,0,39,0.690476,0.01395
12049,Hardee County,,FL,2634,26692,29326,6,8,14,1043,1532,2575,6,0.330952,0.348471,0,0.002733,0.004142,15,0.000109,0,39,1,0.021176
12051,Hendry County,,FL,4845,37444,42289,10,12,22,2629,3192,5821,6,0.332884,0.351057,17.939284,0.005762,0.006765,15,0.000148,0,39,0.893939,0.044133
12053,Hernando County,,FL,15622,178478,194100,45,40,85,10414,9642,20056,6,0.366095,0.392451,58.650063,0.024844,0.02387,15,0.000443,0,39,0.851959,0.182915
12055,Highlands County,,FL,8523,97058,105581,27,27,54,4264,4271,8535,6,0.34337,0.365278,124.437338,0.011982,0.013393,15,0.000319,0,39,0.72069,0.094711
12057,Hillsborough County,,FL,166459,1422616,1589075,386,439,825,119412,146425,265837,5,0.4744,0.533356,254209.9765,0.116,0.116528,15,0.003954,0,39,0.149116,0.860298
12059,Holmes County,,FL,1725,17120,18845,6,7,13,1164,1058,2222,6,0.288874,0.301973,41.98259,0.000402,0.000732,15,0.000135,0,39,0.571429,0.003629
12061,Indian River County,,FL,11880,160509,172389,45,34,79,7710,5894,13604,6,0.361233,0.386206,85.204366,0.023958,0.019674,15,0.000423,0,39,0.836471,0.17566
12063,Jackson County,,FL,3471,46387,49858,12,12,24,1604,1733,3337,6,0.332884,0.351085,998.012493,0.003538,0.00393,15,0.000205,0,39,0.519048,0.026446
12065,Jefferson County,,FL,1298,14379,15677,3,4,7,589,648,1237,7,0.281496,0.293634,0.464286,0.001217,0.000354,15,0.000085,0,39,0.6,0.008826
12067,Lafayette County,,FL,445,6078,6523,1,1,2,463,123,586,7,0.249916,0.257322,0,0.000043,0.000058,15,0.000067,0,39,0,0.000502
12069,Lake County,,FL,30069,334019,364088,105,76,181,24799,21178,45977,6,0.385465,0.417223,1132.02959,0.049034,0.039555,15,0.000975,0,39,0.576039,0.357693
12071,Lee County,,FL,52675,691057,743732,301,219,520,51490,39384,90874,5,0.426864,0.471147,42827.38572,0.098546,0.084502,15,0.002889,0,39,0.242461,0.71491
12073,Leon County,,FL,29166,274183,303349,96,100,196,20858,21953,42811,6,0.391471,0.426054,31863.514379,0.03889,0.045179,15,0.00125,0,39,0.478561,0.304817
12075,Levy County,,FL,4024,40117,44141,12,14,26,2521,2459,4980,6,0.333221,0.351664,343.962604,0.006003,0.007004,15,0.000167,0,39,0.78022,0.045345
12077,Liberty County,,FL,515,6825,7340,4,3,7,302,251,553,7,0.281416,0.293353,0.583333,0.000407,0.000334,15,0.00012,0,39,0.833333,0.003042
12079,Madison County,,FL,1369,18073,19442,8,8,16,621,615,1236,6,0.331285,0.348977,194.306641,0.00151,0.002895,15,0.00015,0,39,0.644444,0.011205
12081,Manatee County,,FL,30272,361861,392133,149,93,242,27088,20594,47682,6,0.39788,0.430978,3165.392131,0.065593,0.047642,15,0.001356,0,39,0.482593,0.47478
12083,Marion County,,FL,27838,360744,388582,118,92,210,21606,18444,40050,6,0.392507,0.42629,4317.097727,0.054016,0.045755,15,0.001129,0,39,0.543119,0.39753
12085,Martin County,,FL,13637,162338,175975,42,28,70,10448,8483,18931,6,0.361585,0.386329,80.32223,0.022546,0.017388,15,0.000395,0,39,0.827475,0.163836
12086,Miami-Dade County,,FL,237241,2936718,3173959,349,439,788,164022,217612,381634,5,0.478226,0.535762,309929.41412,0.110682,0.117109,15,0.003728,0,39,0.156764,0.824411
12087,Monroe County,,FL,10461,88151,98612,34,35,69,4972,5203,10175,6,0.360049,0.384666,14.92225,0.018875,0.019902,15,0.000366,0,39,0.888415,0.145747
12089,Nassau County,,FL,6750,86758,93508,18,14,32,3731,3328,7059,6,0.335673,0.354963,227.519725,0.009516,0.006957,15,0.000242,0,39,0.747619,0.074365
12091,Okaloosa County,,FL,23824,215674,239498,109,109,218,15531,14476,30007,5,0.401925,0.436818,9150.262513,0.042793,0.047988,15,0.001223,0,39,0.450793,0.333609
12093,Okeechobee County,,FL,3317,37270,40587,10,13,23,1576,1747,3323,6,0.332847,0.351113,17.478751,0.004748,0.006588,15,0.00015,0,39,0.871795,0.035918
12095,Orange County,,FL,126907,1297829,1424736,320,290,610,120168,110833,231001,5,0.447412,0.4962,58939.010304,0.10925,0.103461,15,0.003139,0,39,0.248214,0.808178
12097,Osceola County,,FL,35927,302518,338445,115,87,202,34372,28376,62748,6,0.386571,0.419404,596.268176,0.055164,0.045929,15,0.000974,0,39,0.614387,0.394491
12099,Palm Beach County,,FL,101544,1518836,1620380,301,287,588,101461,87937,189398,5,0.445396,0.494103,53418.556949,0.104596,0.101614,15,0.002927,0,39,0.256999,0.773224
12101,Pasco County,,FL,45512,487502,533014,150,122,272,39913,33718,73631,6,0.399973,0.436599,6036.093948,0.066941,0.056432,15,0.001351,0,39,0.465367,0.483092
12103,Pinellas County,,FL,78317,1028446,1106763,305,275,580,69712,64179,133891,6,0.444728,0.492445,52366.256725,0.105744,0.100433,15,0.002916,0,39,0.255319,0.775427
12105,Polk County,,FL,55769,657138,712907,193,167,360,44735,41645,86380,6,0.417782,0.457943,12131.867403,0.077816,0.069994,15,0.00177,0,39,0.359266,0.56375
12107,Putnam County,,FL,6131,70227,76358,18,19,37,3684,3807,7491,6,0.333296,0.352434,23.102316,0.009035,0.009668,15,0.000231,0,39,0.905263,0.070741
12109,St. Johns County,,FL,18115,226015,244130,98,58,156,17271,11841,29112,6,0.379447,0.40837,624.857579,0.048375,0.032504,15,0.000973,0,39,0.635806,0.366175
12111,St. Lucie County,,FL,25859,304592,330451,81,73,154,20016,18303,38319,6,0.379641,0.411175,405.487053,0.040369,0.039607,15,0.000717,0,39,0.696751,0.293601
12113,Santa Rosa County,,FL,17200,166748,183948,63,53,116,10937,10021,20958,6,0.369378,0.397976,2622.545484,0.028982,0.02595,15,0.000715,0,39,0.587246,0.224539
12115,Sarasota County,,FL,34939,436129,471068,178,121,299,31045,24990,56035,6,0.403896,0.439961,4782.855712,0.075033,0.058896,15,0.001572,0,39,0.437476,0.539811
12117,Seminole County,,FL,50106,477552,527658,134,127,261,43446,41421,84867,6,0.405886,0.442192,1781.640478,0.065121,0.064428,15,0.001265,0,39,0.556564,0.484736
12119,Sumter County,,FL,7924,98482,106406,62,16,78,7218,4318,11536,6,0.333633,0.352507,28.37456,0.032407,0.009467,15,0.000568,0,39,0.777895,0.235327
12121,Suwannee County,,FL,3990,39922,43912,19,15,34,2090,2353,4443,6,0.333146,0.351788,6262.46522,0.007846,0.005851,15,0.00029,0,39,0.576316,0.059314
12123,Taylor County,,FL,1634,20731,22365,4,8,12,335,650,985,6,0.330989,0.348527,116.243549,0.001222,0.003038,15,0.0001,0,39,0.732143,0.008933
12125,Union County,,FL,1219,11491,12710,6,6,12,757,701,1458,7,0.305639,0.320768,0.559054,0.001388,0.001331,15,0.000129,0,39,0.933333,0.010316
12127,Volusia County,,FL,40598,540612,581210,167,140,307,31580,28637,60217,6,0.405165,0.44385,5172.693764,0.071395,0.065473,15,0.001546,0,39,0.447121,0.521116
12129,Wakulla County,,FL,2606,30952,33558,6,1,7,1593,1115,2708,7,0.281363,0.293016,0,0.002107,0.000287,15,0.000128,0,39,0.566667,0.015394
12131,Walton County,,FL,6183,57774,63957,25,13,38,4388,3051,7439,6,0.335825,0.355318,1287.362067,0.010688,0.005813,15,0.000315,0,39,0.66,0.081051
12133,Washington County,,FL,2408,22282,24690,4,6,10,1169,1504,2673,7,0.28474,0.297923,36.221897,0.001139,0.000696,15,0.0001,0,39,0.809524,0.008653
13001,Appling County,,GA,1036,18650,19686,7,5,12,511,387,898,7,0.241686,0.249956,892.984592,0.000519,0.000024,0,0.000243,0,39,0.321429,0.004403
13003,Atkinson County,,GA,727,8518,9245,3,1,4,331,299,630,7,0.248637,0.25651,0.888312,0.000031,0.000014,15,0.000122,0,39,0.333333,0.000558
13005,Bacon County,,GA,723,11090,11813,4,4,8,319,411,730,7,0.25038,0.259259,29.007237,0.00003,0.000049,15,0.000187,0,39,0.5,0.000714
13007,Baker County,,GA,311,3324,3635,2,2,4,133,114,247,7,0.258073,0.267333,0,0.000091,0.000086,15,0.000089,0,39,1,0.000811
13009,Baldwin County,,GA,3121,42010,45131,11,14,25,1517,1752,3269,6,0.316672,0.334503,7567.527971,0.002391,0.003721,0,0.000255,0,39,0.510989,0.018536
13011,Banks County,,GA,2258,17602,19860,7,8,15,1464,1724,3188,6,0.30545,0.319843,3.431746,0.000826,0.000912,0,0.000149,0,39,0.803571,0.006851
13013,Barrow County,,GA,7228,75607,82835,14,13,27,6086,4775,10861,6,0.314589,0.33131,25.817233,0.00366,0.003479,0,0.000217,0,39,0.729167,0.027884
13015,Bartow County,,GA,8914,109597,118511,19,21,40,5505,5579,11084,6,0.34329,0.36561,486.742172,0.004348,0.006098,0,0.000266,0,39,0.565217,0.033429
13017,Ben Hill County,,GA,1655,17847,19502,6,7,13,783,738,1521,7,0.270801,0.282881,162.255119,0.000229,0.000247,15,0.00018,0,39,0.428571,0.001742
13019,Berrien County,,GA,1880,17123,19003,4,6,10,950,992,1942,7,0.269717,0.281122,72.087796,0.000206,0.000151,15,0.000136,0,39,0.366667,0.001475
13021,Bibb County,,GA,14347,168223,182570,37,43,80,8015,9598,17613,6,0.359002,0.385964,13015.654831,0.0112,0.013609,0,0.000527,0,39,0.415337,0.084552
13023,Bleckley County,,GA,857,12735,13592,5,5,10,463,461,924,7,0.2777,0.289739,11.098485,0.000321,0.000278,0,0.000147,0,39,0.7,0.002514
13025,Brantley County,,GA,1379,16754,18133,6,5,11,948,797,1745,7,0.305544,0.320599,439.842296,0.00087,0.000854,15,0.000168,0,39,0.666667,0.007261
13027,Brooks County,,GA,1930,15588,17518,3,4,7,1342,1121,2463,7,0.26852,0.27952,0.899066,0.000209,0.000187,15,0.000093,0,39,0.833333,0.001635
13029,Bryan County,,GA,5663,37201,42864,23,12,35,3314,2595,5909,6,0.336511,0.356408,409.500037,0.007989,0.005,0,0.000297,0,39,0.681159,0.062369
13031,Bulloch County,,GA,6891,60814,67705,23,29,52,3453,4125,7578,6,0.345531,0.368409,8914.761951,0.005866,0.009065,0,0.000384,0,39,0.442529,0.044978
13033,Burke County,,GA,2613,25598,28211,7,8,15,1301,1736,3037,7,0.278692,0.291532,383.39999,0.001133,0.000528,0,0.00016,0,39,0.513889,0.008905
13035,Butts County,,GA,2371,22856,25227,10,7,17,1535,1531,3066,6,0.311286,0.326897,9.179817,0.002186,0.001438,0,0.000163,0,39,0.722222,0.01677
13037,Calhoun County,,GA,456,5300,5756,3,2,5,171,204,375,7,0.258343,0.267811,28.265647,0.000093,0.000085,15,0.000108,0,39,0.333333,0.000883
13039,Camden County,,GA,6989,51893,58882,23,22,45,2673,2780,5453,6,0.335369,0.356464,499.425044,0.009398,0.008301,15,0.000286,0,39,0.585057,0.071604
13043,Candler County,,GA,996,10907,11903,5,5,10,530,496,1026,7,0.288536,0.302027,178.929394,0.000494,0.000468,0,0.000137,0,39,0.85,0.00391
13045,Carroll County,,GA,11510,119878,131388,33,28,61,7393,7831,15224,6,0.333184,0.354401,5924.916977,0.009386,0.006831,0,0.000413,0,39,0.408962,0.070186
13047,Catoosa County,,GA,6344,65688,72032,12,9,21,4844,4380,9224,7,0.306017,0.321043,352.914024,0.002425,0.000988,109,0.000214,0,39,0.525641,0.019236
13049,Charlton County,,GA,920,9189,10109,5,4,9,539,484,1023,7,0.305292,0.320037,3.282687,0.000844,0.000894,15,0.00013,0,39,0.55,0.007146
13051,Chatham County,,GA,30088,289072,319160,150,142,292,19976,20712,40688,6,0.404833,0.444103,55180.274197,0.056076,0.055168,0,0.001699,0,39,0.360131,0.424129
13053,Chattahoochee County,,GA,4460,6799,11259,12,16,28,1506,2272,3778,6,0.331655,0.351535,381.334982,0.004443,0.005486,0,0.000172,0,39,0.710526,0.033827
13055,Chattooga County,,GA,1530,24813,26343,5,7,12,666,792,1458,7,0.281764,0.294095,82.317762,0.000323,0.000306,109,0.000123,0,39,0.595238,0.002549
13057,Cherokee County,,GA,18749,250428,269177,52,47,99,15732,12807,28539,6,0.372207,0.399702,2534.592347,0.021603,0.021804,0,0.000619,0,39,0.541777,0.168384
13059,Clarke County,,GA,12572,100980,113552,37,44,81,7079,8118,15197,6,0.366819,0.393569,16041.601694,0.009191,0.01599,0,0.000529,0,39,0.421344,0.071392
13061,Clay County,,GA,249,3046,3295,0,0,0,0,0,0,0,0,0,0,0,0,14,0.00005,12,59,0,0
13063,Clayton County,,GA,51730,278624,330354,115,122,237,42751,44731,87482,6,0.407728,0.444143,18436.05096,0.046528,0.050973,0,0.001205,0,39,0.43211,0.348047
13065,Clinch County,,GA,439,6793,7232,2,3,5,137,195,332,7,0.268472,0.279351,1.964286,0.000171,0.000145,15,0.000083,0,39,0.666667,0.00125
13067,Cobb County,,GA,84733,870596,955329,249,237,486,73427,73118,146545,6,0.437638,0.482827,68521.127758,0.090622,0.088317,0,0.002623,0,39,0.300353,0.678122
13069,Coffee County,,GA,2802,41957,44759,12,12,24,1198,1135,2333,6,0.330878,0.350427,16988.491029,0.001864,0.00228,15,0.00042,0,39,0.27619,0.014247
13071,Colquitt County,,GA,4633,47350,51983,13,16,29,1617,2819,4436,6,0.334461,0.354053,3160.095062,0.003645,0.00348,15,0.000253,0,39,0.444853,0.027403
13073,Columbia County,,GA,14185,142527,156712,57,49,106,11548,8254,19802,6,0.365643,0.392822,14729.253854,0.022406,0.021377,0,0.000728,0,39,0.495391,0.173321
13075,Cook County,,GA,1871,16535,18406,6,4,10,1013,968,1981,7,0.269717,0.280897,5.603279,0.000233,0.000176,15,0.000155,0,39,0.6,0.001845
13077,Coweta County,,GA,16744,156701,173445,42,55,97,10116,11551,21667,6,0.368781,0.397656,10497.686131,0.014868,0.018401,0,0.000521,0,39,0.413722,0.116203
13079,Crawford County,,GA,1316,12713,14029,3,4,7,772,940,1712,7,0.277388,0.289064,0.333333,0.000296,0.000249,0,0.000091,0,39,0.833333,0.002105
13081,Crisp County,,GA,2403,22339,24742,14,11,25,1281,1183,2464,6,0.314589,0.331338,5475.054707,0.003737,0.001827,15,0.000263,0,39,0.505495,0.027648
13083,Dade County,,GA,1331,15450,16781,5,6,11,662,829,1491,7,0.281389,0.293365,3.431859,0.000284,0.000264,109,0.000134,0,39,0.633333,0.002503
13085,Dawson County,,GA,2231,22648,24879,9,8,17,1947,1496,3443,6,0.314156,0.330017,11.280446,0.002552,0.002562,0,0.000161,0,39,0.811111,0.019877
13087,Decatur County,,GA,2195,29868,32063,8,8,16,913,972,1885,7,0.282731,0.295995,5841.804997,0.00127,0.000467,15,0.000233,0,39,0.4,0.009856
13089,DeKalb County,,GA,111052,750956,862008,242,242,484,97829,100195,198024,5,0.440565,0.485037,79060.317733,0.08893,0.088928,0,0.002504,0,39,0.297233,0.665166
13091,Dodge County,,GA,1321,19438,20759,5,5,10,556,721,1277,7,0.27441,0.285877,229.092519,0.000221,0.000196,0,0.000169,0,39,0.55,0.001903
13093,Dooly County,,GA,978,10740,11718,4,3,7,493,545,1038,7,0.274106,0.285118,1.835119,0.00022,0.000185,15,0.000127,0,39,0.75,0.001834
13095,Dougherty County,,GA,9947,96655,106602,36,38,74,5841,6564,12405,6,0.34776,0.372136,29567.54408,0.011416,0.012204,15,0.000604,0,39,0.393902,0.085811
13097,Douglas County,,GA,19001,139630,158631,44,49,93,14302,14463,28765,6,0.375316,0.403609,1491.325207,0.019163,0.023113,0,0.000468,0,39,0.589837,0.143306
13099,Early County,,GA,831,11196,12027,4,5,9,323,409,732,7,0.259246,0.269323,371.414997,0.00008,0.000076,15,0.00018,0,39,0.4,0.000846
13101,Echols County,,GA,425,3555,3980,1,1,2,191,251,442,7,0.268302,0.278733,0,0.000159,0.000118,15,0.00006,0,39,0,0.000978
13103,Effingham County,,GA,4950,58128,63078,8,8,16,3237,2704,5941,6,0.313292,0.329798,51.134553,0.001724,0.001841,0,0.00016,0,39,0.625,0.01395
13105,Elbert County,,GA,1380,21783,23163,4,6,10,482,712,1194,6,0.305607,0.319899,1.45402,0.000138,0.00084,0,0.000112,0,39,0.866667,0.001154
13107,Emanuel County,,GA,1610,23829,25439,10,10,20,814,792,1606,7,0.290515,0.305304,1129.136037,0.000527,0.000761,0,0.000251,0,39,0.345455,0.004644
13109,Evans County,,GA,1343,11123,12466,4,5,9,570,599,1169,7,0.306872,0.322499,9.738589,0.000517,0.00126,0,0.000114,0,39,0.7,0.004216
13111,Fannin County,,GA,1650,23503,25153,8,8,16,786,692,1478,7,0.305292,0.320059,505.177124,0.002092,0.000987,0,0.000234,0,39,0.477778,0.016529
13113,Fayette County,,GA,12453,127150,139603,28,35,63,8507,8191,16698,6,0.363491,0.389399,941.49304,0.012692,0.01764,0,0.000315,0,39,0.637879,0.096063
13115,Floyd County,,GA,6830,103119,109949,18,23,41,3350,4003,7353,6,0.344367,0.367324,2852.192952,0.004116,0.006694,0,0.000262,0,39,0.505435,0.031701
13117,Forsyth County,,GA,15498,212171,227669,54,48,102,15989,10481,26470,6,0.372862,0.400253,2750.661519,0.024147,0.024633,0,0.000608,0,39,0.555556,0.184367
13119,Franklin County,,GA,2273,22520,24793,10,11,21,1793,1589,3382,6,0.305576,0.320405,185.041996,0.000961,0.000939,0,0.000197,0,39,0.636364,0.007646
13121,Fulton County,,GA,157938,1186684,1344622,335,320,655,141047,143079,284126,5,0.451156,0.50276,185064.84166,0.10346,0.100502,0,0.003656,0,39,0.202688,0.775811
13123,Gilmer County,,GA,2206,29445,31651,9,11,20,928,1100,2028,6,0.312533,0.329061,154.495764,0.002392,0.002624,0,0.000172,0,39,0.636364,0.018688
13125,Glascock County,,GA,158,2870,3028,2,1,3,102,53,155,8,0.217391,0.223033,0,0.000243,0.000003,0,0.000085,0,39,1,0.002067
13127,Glynn County,,GA,6682,85600,92282,23,27,50,3172,3019,6191,6,0.335787,0.357493,1116.115446,0.009211,0.009327,15,0.000322,0,39,0.478831,0.069333
13129,Gordon County,,GA,4385,61480,65865,16,12,28,3013,2533,5546,6,0.31369,0.330635,236.801015,0.002752,0.002628,0,0.000251,0,39,0.575,0.021844
13131,Grady County,,GA,1787,26637,28424,9,6,15,1788,991,2779,6,0.322318,0.33905,403.83889,0.001539,0.001237,15,0.00019,0,39,0.680556,0.011649
13133,Greene County,,GA,1278,17800,19078,6,7,13,528,555,1083,6,0.313392,0.328921,2969.366271,0.002195,0.001544,0,0.000129,0,39,0.625,0.016688
13135,Gwinnett County,,GA,83630,938940,1022570,254,245,499,78572,72690,151262,5,0.438999,0.484238,94120.177187,0.090312,0.088294,0,0.002721,0,39,0.2841,0.678582
13137,Habersham County,,GA,3582,44757,48339,12,13,25,1986,2182,4168,6,0.312533,0.32937,441.992267,0.002363,0.001812,0,0.000223,0,39,0.472527,0.018243
13139,Hall County,,GA,15282,212963,228245,42,39,81,10168,10564,20732,6,0.365733,0.391967,14391.824477,0.012455,0.016157,0,0.000591,0,39,0.429971,0.096236
13141,Hancock County,,GA,606,8288,8894,1,1,2,140,207,347,7,0.240529,0.24787,0,0.000028,0.000018,0,0.000066,0,39,0,0.000219
13143,Haralson County,,GA,2649,28475,31124,8,9,17,1968,1811,3779,6,0.313989,0.329961,708.929036,0.002378,0.002445,0,0.000142,0,39,0.788889,0.018498
13145,Harris County,,GA,3414,35245,38659,7,8,15,2130,2203,4333,7,0.286446,0.300234,12.716498,0.000548,0.000626,0,0.000145,0,39,0.678571,0.004504
13147,Hart County,,GA,1830,25991,27821,9,7,16,1258,980,2238,6,0.305639,0.320067,423.806047,0.001638,0.00083,0,0.000171,0,39,0.638889,0.012842
13149,Heard County,,GA,1153,10695,11848,3,3,6,680,683,1363,7,0.269742,0.280655,0,0.000217,0.000216,0,0.000086,0,39,1,0.001886
13151,Henry County,,GA,24917,225916,250833,66,67,133,20757,18694,39451,6,0.382235,0.413035,5712.527824,0.027749,0.028223,0,0.000716,0,39,0.521097,0.207687
13153,Houston County,,GA,15329,167509,182838,64,61,125,8846,8724,17570,6,0.377131,0.407015,46782.538246,0.021114,0.024732,0,0.000895,0,39,0.39344,0.161764
13155,Irwin County,,GA,1156,9327,10483,4,3,7,632,657,1289,7,0.258816,0.268025,1.388312,0.000065,0.000045,15,0.000135,0,39,0.666667,0.000693
13157,Jackson County,,GA,5962,65724,71686,16,14,30,4966,4068,9034,6,0.314455,0.331197,298.00196,0.004103,0.002579,0,0.000257,0,39,0.5625,0.031541
13159,Jasper County,,GA,2019,14494,16513,8,8,16,818,1438,2256,6,0.306238,0.320405,6.807235,0.001158,0.001096,0,0.000163,0,39,0.763889,0.009525
13161,Jeff Davis County,,GA,1038,15528,16566,5,3,8,453,368,821,7,0.248909,0.257325,48.960733,0.000026,0.000018,0,0.000203,0,39,0.35,0.000583
13163,Jefferson County,,GA,1270,19307,20577,6,7,13,553,702,1255,7,0.277752,0.29002,3095.115936,0.000417,0.000433,0,0.000201,0,39,0.357143,0.003743
13165,Jenkins County,,GA,637,8037,8674,4,5,9,314,401,715,7,0.276483,0.288486,1.277778,0.000082,0.000311,0,0.000123,0,39,0.8,0.000813
13167,Johnson County,,GA,581,7835,8416,3,3,6,357,367,724,7,0.2409,0.248995,1.603211,0.000045,0.000041,0,0.000103,0,39,0.666667,0.000569
13169,Jones County,,GA,2595,30620,33215,7,7,14,1923,1554,3477,7,0.2777,0.290048,28.577061,0.000328,0.000295,0,0.000173,0,39,0.5,0.002688
13171,Lamar County,,GA,1874,17125,18999,8,9,17,1267,1220,2487,6,0.311482,0.327459,26.381796,0.00149,0.001482,0,0.000145,0,39,0.777778,0.011465
13173,Lanier County,,GA,1576,8138,9714,3,3,6,998,682,1680,7,0.268399,0.279183,1.166667,0.000161,0.000122,15,0.000103,0,39,0.666667,0.00116
13175,Laurens County,,GA,3134,53057,56191,19,20,39,1452,1434,2886,6,0.317078,0.335852,23828.984723,0.004903,0.004078,0,0.000354,0,39,0.383399,0.036769
13177,Lee County,,GA,3528,33917,37445,9,9,18,2380,1854,4234,6,0.3125,0.329061,778.83557,0.000894,0.001721,15,0.000219,0,39,0.462121,0.006176
13179,Liberty County,,GA,17409,59922,77331,60,68,128,7830,9998,17828,6,0.378962,0.40932,7456.260304,0.026806,0.028265,0,0.000702,0,39,0.546486,0.206994
13181,Lincoln County,,GA,455,8290,8745,2,2,4,188,205,393,7,0.277232,0.28853,0,0.000398,0.000416,0,0.000074,0,39,1,0.003287
13183,Long County,,GA,2508,10852,13360,5,4,9,1652,1065,2717,7,0.289551,0.302892,17.128046,0.001151,0.000635,0,0.000122,0,39,0.7,0.008953
13185,Lowndes County,,GA,13618,109667,123285,45,60,105,6481,7903,14384,6,0.366638,0.395829,38625.323614,0.016015,0.021456,15,0.00069,0,39,0.406134,0.123228
13187,Lumpkin County,,GA,3137,27369,30506,9,9,18,1462,1776,3238,6,0.312303,0.328499,9.982158,0.00255,0.002581,0,0.00016,0,39,0.791667,0.019831
13189,McDuffie County,,GA,1692,23681,25373,5,4,9,980,915,1895,6,0.306397,0.320686,157.705447,0.000405,0.001085,0,0.00015,0,39,0.433333,0.003576
13191,McIntosh County,,GA,1133,11598,12731,3,3,6,458,576,1034,7,0.289579,0.302836,0,0.000686,0.000681,15,0.000079,0,39,1,0.005288
13193,Macon County,,GA,1055,12334,13389,4,5,9,483,550,1033,7,0.274106,0.285371,8.850566,0.000219,0.00018,0,0.000137,0,39,0.4,0.001687
13195,Madison County,,GA,2881,29857,32738,12,12,24,1636,2101,3737,6,0.305607,0.320573,823.95746,0.002264,0.000977,0,0.000224,0,39,0.593407,0.017696
13197,Marion County,,GA,624,7473,8097,4,2,6,330,274,604,7,0.283705,0.295866,3.287068,0.000346,0.000287,0,0.000122,0,39,0.416667,0.002535
13199,Meriwether County,,GA,2808,22923,25731,10,14,24,1683,2134,3817,6,0.315358,0.332355,237.122481,0.001785,0.002413,0,0.000164,0,39,0.516484,0.013274
13201,Miller County,,GA,576,5664,6240,3,3,6,352,351,703,8,0.22089,0.22751,1.062121,0.000005,0.000011,15,0.000139,0,39,0.833333,0.000336
13205,Mitchell County,,GA,1743,22856,24599,7,7,14,980,1039,2019,7,0.258343,0.268514,21.851371,0.000167,0.000171,15,0.000207,0,39,0.464286,0.001913
13207,Monroe County,,GA,2367,28221,30588,10,9,19,1854,1409,3263,6,0.311679,0.327797,152.745112,0.00232,0.001617,0,0.000173,0,39,0.688889,0.017684
13209,Montgomery County,,GA,947,7907,8854,2,3,5,363,559,922,7,0.236142,0.243014,6.433333,0.000009,0.000001,0,0.000095,0,39,0.333333,0.000184
13211,Morgan County,,GA,1623,20605,22228,11,9,20,978,994,1972,6,0.312237,0.328415,22.303585,0.002614,0.001671,0,0.000189,0,39,0.69697,0.020302
13213,Murray County,,GA,3390,40770,44160,6,8,14,2217,2264,4481,7,0.281657,0.294124,9.063913,0.000338,0.000379,0,0.000144,0,39,0.696429,0.003161
13215,Muscogee County,,GA,28588,214124,242712,103,113,216,19142,20468,39610,6,0.395597,0.43136,44056.292198,0.037015,0.043015,0,0.001217,0,39,0.39746,0.284949
13217,Newton County,,GA,11076,105669,116745,25,24,49,10019,7844,17863,6,0.335445,0.356425,378.499856,0.008703,0.009255,0,0.000327,0,39,0.592742,0.063899
13219,Oconee County,,GA,3730,39072,42802,12,10,22,2201,2386,4587,6,0.314422,0.330691,621.754221,0.00235,0.002949,0,0.00021,0,39,0.660256,0.018564
13221,Oglethorpe County,,GA,1276,14712,15988,3,4,7,744,733,1477,7,0.268496,0.278677,0,0.000147,0.000132,0,0.000094,0,39,1,0.001051
13223,Paulding County,,GA,14301,153323,167624,28,29,57,12051,10055,22106,6,0.35475,0.378881,758.192865,0.012867,0.012035,0,0.000323,0,39,0.668908,0.097528
13225,Peach County,,GA,3072,27116,30188,5,6,11,2176,1973,4149,6,0.313558,0.329089,290.277071,0.001029,0.001665,0,0.000125,0,39,0.6,0.007915
13227,Pickens County,,GA,2629,33811,36440,12,10,22,1811,1601,3412,6,0.311777,0.327937,16.662901,0.003248,0.001972,0,0.000203,0,39,0.704545,0.025297
13229,Pierce County,,GA,1496,19656,21152,6,4,10,956,777,1733,7,0.240431,0.248498,294.061946,0.000799,0.000049,15,0.000202,0,39,0.619048,0.006667
13231,Pike County,,GA,1748,19078,20826,8,6,14,1171,1122,2293,7,0.291143,0.30418,1.8539,0.000924,0.000715,0,0.000129,0,39,0.803571,0.006708
13233,Polk County,,GA,3356,44324,47680,9,12,21,1816,2245,4061,6,0.314622,0.331338,400.670704,0.001954,0.00251,0,0.000141,0,39,0.583333,0.015012
13235,Pulaski County,,GA,806,9876,10682,4,4,8,356,368,724,6,0.30646,0.320517,101.656662,0.000188,0.000828,0,0.00014,0,39,0.45,0.00155
13237,Putnam County,,GA,1895,22629,24524,12,8,20,1210,846,2056,6,0.312335,0.328471,84.135654,0.002386,0.001641,0,0.00021,0,39,0.568182,0.018769
13239,Quitman County,,GA,264,2287,2551,1,1,2,94,107,201,8,0.224502,0.230853,0,0.000006,0.000012,0,0.000069,0,39,0,0.000176
13241,Rabun County,,GA,1154,17925,19079,3,3,6,275,272,547,7,0.268374,0.278575,9.43102,0.000674,0.000125,78,0.000102,0,39,0.5,0.005411
13243,Randolph County,,GA,569,7313,7882,1,4,5,63,235,298,7,0.284194,0.296923,0,0.00009,0.000359,15,0.000064,0,39,0.5,0.000709
13245,Richmond County,,GA,25370,206854,232224,85,82,167,15242,18039,33281,6,0.381056,0.413227,33514.525735,0.033872,0.032468,0,0.001023,0,39,0.404691,0.260382
13247,Rockdale County,,GA,13890,90058,103948,21,25,46,9169,9237,18406,6,0.356242,0.379078,448.827868,0.009412,0.009361,0,0.000252,0,39,0.587097,0.068213
13249,Schley County,,GA,373,4558,4931,1,1,2,183,107,290,7,0.240431,0.247657,0,0.000023,0.000014,15,0.000071,0,39,0,0.000189
13251,Screven County,,GA,1147,14505,15652,6,5,11,661,618,1279,7,0.290032,0.303814,185.217213,0.000735,0.000722,0,0.000137,0,39,0.633333,0.005935
13253,Seminole County,,GA,821,9317,10138,4,4,8,550,505,1055,7,0.259224,0.269154,340.15474,0.000083,0.000076,15,0.000156,0,39,0.583333,0.000914
13255,Spalding County,,GA,7066,66884,73950,16,21,37,4279,5274,9553,6,0.316537,0.335205,271.338402,0.004662,0.004365,0,0.000227,0,39,0.521739,0.034725
13257,Stephens County,,GA,2243,26084,28327,6,8,14,791,1262,2053,6,0.312237,0.328302,48.580607,0.000163,0.001649,0,0.00015,0,39,0.597222,0.001769
13259,Stewart County,,GA,432,4529,4961,2,2,4,178,150,328,7,0.283542,0.295585,2965,0.000358,0.000274,0,0.000069,0,39,0.333333,0.002479
13261,Sumter County,,GA,2593,33084,35677,10,14,24,774,1347,2121,6,0.316503,0.334042,9560.479148,0.001838,0.00307,15,0.000335,0,39,0.37619,0.014277
13263,Talbot County,,GA,752,6702,7454,3,4,7,313,470,783,7,0.283678,0.296091,1.1875,0.00034,0.000293,0,0.000085,0,39,0.666667,0.002459
13265,Taliaferro County,,GA,113,1547,1660,1,0,1,77,0,77,0,0,0,0,0.000011,0,0,0.000066,0,6,0,0.000199
13267,Tattnall County,,GA,2000,20249,22249,7,7,14,961,878,1839,7,0.289664,0.303483,278.627405,0.000709,0.000673,0,0.000172,0,39,0.547619,0.005592
13269,Taylor County,,GA,556,8579,9135,2,3,5,100,157,257,7,0.28628,0.29898,17.95026,0.000184,0.000432,0,0.000086,0,39,0.5,0.001358
13271,Telfair County,,GA,1018,10774,11792,4,4,8,361,394,755,7,0.249306,0.258073,54.349916,0.000032,0.000016,0,0.000174,0,39,0.35,0.000629
13273,Terrell County,,GA,853,10966,11819,3,2,5,334,403,737,7,0.258073,0.267333,0.5,0.000106,0.000091,15,0.000098,0,39,0.666667,0.000926
13275,Thomas County,,GA,3625,48652,52277,16,12,28,2117,1798,3915,6,0.317486,0.335166,1988.343861,0.005384,0.003368,15,0.000277,0,39,0.536765,0.040569
13277,Tift County,,GA,5112,43755,48867,18,23,41,2632,3071,5703,6,0.34014,0.361372,10122.480236,0.003941,0.006066,15,0.000364,0,39,0.4,0.02998
13279,Toombs County,,GA,2287,28489,30776,8,9,17,1036,920,1956,6,0.30879,0.323806,6792.214224,0.000082,0.001132,0,0.000243,0,39,0.272727,0.001146
13281,Towns County,,GA,809,11212,12021,2,2,4,254,277,531,8,0.211635,0.2168,12.372181,0.000001,0.000011,0,0.000176,0,39,0,0.000244
13283,Treutlen County,,GA,472,6181,6653,2,3,5,161,232,393,7,0.241018,0.249276,20.803028,0.00003,0.000041,0,0.000092,0,39,0.5,0.000437
13285,Troup County,,GA,5395,74443,79838,19,15,34,3705,3367,7072,6,0.316841,0.334688,1069.170151,0.004992,0.004112,0,0.000269,0,39,0.589474,0.037401
13287,Turner County,,GA,1828,9645,11473,4,7,11,458,1013,1471,6,0.311744,0.327628,115.055504,0.000061,0.000909,15,0.00013,0,39,0.595238,0.000795
13289,Twiggs County,,GA,870,9191,10061,4,4,8,583,536,1119,7,0.277388,0.289064,18.376561,0.000287,0.000242,0,0.000117,0,39,0.833333,0.002169
13291,Union County,,GA,1577,22509,24086,6,4,10,475,371,846,7,0.268374,0.278744,5941.322387,0.001434,0.000119,0,0.000235,0,39,0.366667,0.011211
13293,Upson County,,GA,1937,28059,29996,8,9,17,756,921,1677,6,0.311712,0.327853,27.8852,0.001422,0.001572,0,0.000138,0,39,0.791667,0.010794
13295,Walker County,,GA,5552,66145,71697,11,12,23,3750,3931,7681,6,0.313127,0.329961,286.441301,0.001073,0.0018,109,0.000209,0,39,0.494505,0.008881
13297,Walton County,,GA,9440,90339,99779,20,17,37,6738,7045,13783,6,0.322774,0.341242,155.565282,0.006358,0.004547,0,0.000282,0,39,0.606061,0.047951
13299,Ware County,,GA,3187,35313,38500,12,11,23,1497,1617,3114,6,0.314789,0.332187,6487.667298,0.003405,0.001723,15,0.000291,0,39,0.335165,0.026107
13301,Warren County,,GA,554,5879,6433,2,3,5,226,353,579,7,0.277258,0.288699,0,0.000248,0.000419,0,0.000093,0,39,1,0.002064
13303,Washington County,,GA,1098,21805,22903,4,7,11,296,423,719,6,0.312764,0.329089,701.258068,0.000061,0.001228,0,0.000134,0,39,0.52381,0.000772
13305,Wayne County,,GA,2302,28702,31004,9,9,18,919,906,1825,6,0.315829,0.333232,3469.171566,0.002269,0.002227,0,0.000235,0,39,0.5,0.017687
13307,Webster County,,GA,175,2498,2673,1,1,2,54,48,102,7,0.24047,0.247741,2.157576,0.000002,0.000014,0,0.000079,0,39,0,0.000097
13309,Wheeler County,,GA,418,4706,5124,3,5,8,179,247,426,7,0.241077,0.249585,1343.137395,0.00003,0.000037,0,0.000129,0,39,0.3,0.000525
13311,White County,,GA,2243,26720,28963,7,8,15,1310,1220,2530,6,0.305387,0.31973,158.306811,0.001736,0.001,0,0.000139,0,39,0.694444,0.013517
13313,Whitfield County,,GA,7235,121323,128558,15,18,33,4099,4533,8632,6,0.329079,0.349629,598.276301,0.004032,0.0052,0,0.00024,0,39,0.534211,0.031054
13315,Wilcox County,,GA,634,7218,7852,3,4,7,320,288,608,7,0.274283,0.28554,11.849787,0.000022,0.000187,15,0.000108,0,39,0.4,0.000474
13317,Wilkes County,,GA,654,10887,11541,1,2,3,47,138,185,7,0.268496,0.278452,3.455546,0.000118,0.000071,0,0.000061,0,39,0,0.000615
13319,Wilkinson County,,GA,751,10970,11721,5,5,10,450,493,943,7,0.26459,0.2754,8.141563,0.000162,0.000141,0,0.000137,0,39,0.7,0.001483
13321,Worth County,,GA,2204,22430,24634,7,6,13,1631,1289,2920,7,0.259837,0.270166,17.345916,0.000195,0.000175,15,0.000173,0,39,0.619048,0.00191
15001,Hawaii County,,HI,8814,199640,208454,38,27,65,5503,4764,10267,6,0.349646,0.372114,67.723528,0.016332,0.014115,5,0.000439,0,39,0.82996,0.129276
15003,Honolulu County,,HI,70225,1136766,1206991,264,288,552,49374,52986,102360,5,0.448224,0.496762,43496.103758,0.093361,0.097222,5,0.002652,0,39,0.261157,0.707168
15005,Kalawao County,,HI,0,0,0,0,0,0,0,0,0,0,0,0,0,0,0,16,0.00005,13,60,0,0
15007,Kauai County,,HI,3513,80260,83773,11,9,20,1713,1506,3219,6,0.340413,0.360051,0,0.006972,0.006208,5,0.000163,0,39,1,0.055721
15009,Maui County,,HI,7470,178398,185868,36,26,62,4620,3957,8577,6,0.347637,0.371506,25.347008,0.017274,0.014033,5,0.000408,0,39,0.894062,0.138422
16001,Ada County,,ID,28201,461099,489300,125,113,238,24021,20136,44157,5,0.388038,0.423693,79082.382971,0.033022,0.035419,5,0.001796,0,39,0.31295,0.270909
16003,Adams County,,ID,412,4070,4482,3,3,6,147,172,319,6,0.279664,0.291866,1.14253,0.00037,0.000249,5,0.00011,0,39,0.666667,0.003227
16005,Bannock County,,ID,6967,88101,95068,22,21,43,3033,3337,6370,6,0.3372,0.35837,18068.951199,0.005648,0.00451,5,0.000422,0,39,0.417379,0.045972
16007,Bear Lake County,,ID,512,6653,7165,2,2,4,110,97,207,7,0.25832,0.268011,11.576743,0.000034,0.000085,5,0.000096,0,39,0.666667,0.000509
16009,Benewah County,,ID,694,9757,10451,2,2,4,226,285,511,7,0.274106,0.286001,0,0.000331,0.000324,5,0.000076,0,39,1,0.002761
16011,Bingham County,,ID,4017,52556,56573,8,11,19,1862,2533,4395,6,0.33416,0.353339,1338.080387,0.001233,0.002329,5,0.000185,0,39,0.763636,0.009995
16013,Blaine County,,ID,1756,27781,29537,6,6,12,556,621,1177,6,0.312434,0.32783,844.503827,0.002682,0.00123,5,0.000134,0,39,0.642857,0.021403
16015,Boise County,,ID,849,7151,8000,2,2,4,371,402,773,6,0.279796,0.291922,0,0.000368,0.000361,5,0.000079,0,39,1,0.003122
16017,Bonner County,,ID,3556,43601,47157,11,10,21,1580,1496,3076,6,0.316638,0.333401,1345.967422,0.004174,0.002372,5,0.000202,0,39,0.589744,0.034119
16019,Bonneville County,,ID,8751,120692,129443,29,26,55,5467,5102,10569,6,0.342973,0.365616,12781.692932,0.007392,0.006861,5,0.00047,0,39,0.410873,0.059748
16021,Boundary County,,ID,861,11883,12744,2,3,5,199,325,524,7,0.274131,0.28617,0,0.000111,0.000355,5,0.000083,0,39,1,0.001257
16023,Butte County,,ID,383,2867,3250,0,2,2,0,154,154,7,0.255491,0.264409,0,0,0.000057,5,0.00005,0,61,0,0
16025,Camas County,,ID,99,1032,1131,0,0,0,0,0,0,0,0,0,0,0,0,17,0.00005,14,62,0,0
16027,Canyon County,,ID,15135,205914,221049,60,51,111,12527,10795,23322,6,0.347312,0.37416,12957.244461,0.015844,0.014315,5,0.000911,0,39,0.390547,0.126987
16029,Caribou County,,ID,471,7869,8340,1,2,3,86,154,240,7,0.252212,0.26063,0,0.000033,0.000042,5,0.000067,0,39,1,0.000427
16031,Cassia County,,ID,2195,26275,28470,9,5,14,1387,1166,2553,6,0.279902,0.292485,168.287324,0.002177,0.000419,5,0.000188,0,39,0.744444,0.017782
16033,Clark County,,ID,109,916,1025,0,1,1,0,57,57,7,0.255447,0.264184,0,0,0.000055,5,0.00005,0,63,0,0
16035,Clearwater County,,ID,608,8535,9143,1,1,2,165,155,320,7,0.238421,0.245263,0,0.000011,0.000014,5,0.000075,0,39,0,0.00021
16037,Custer County,,ID,439,4797,5236,3,0,3,219,0,219,0,0,0,0,0.000264,0,5,0.000107,0,38,0.166667,0.00225
16039,Elmore County,,ID,4316,27201,31517,8,11,19,817,1353,2170,6,0.3394,0.359696,530.282358,0.002604,0.004448,5,0.000164,0,39,0.628788,0.021279
16041,Franklin County,,ID,889,14834,15723,1,3,4,290,406,696,6,0.300863,0.313614,0,0.000062,0.000848,5,0.000062,0,39,1,0.000441
16043,Fremont County,,ID,1348,14454,15802,3,4,7,421,599,1020,7,0.255581,0.264891,0,0.000092,0.000137,5,0.0001,0,39,0.916667,0.001032
16045,Gem County,,ID,1652,17942,19594,3,3,6,807,916,1723,6,0.279823,0.292091,0,0.00037,0.000364,5,0.000106,0,39,1,0.003232
16047,Gooding County,,ID,1488,17990,19478,3,4,7,662,901,1563,6,0.279691,0.292035,27.229649,0.000304,0.000299,5,0.000103,0,39,0.916667,0.002711
16049,Idaho County,,ID,968,14940,15908,4,4,8,967,353,1320,6,0.279796,0.292232,555.4115,0.000275,0.00027,5,0.000167,0,39,0.5,0.002492
16051,Jefferson County,,ID,2618,29784,32402,9,7,16,1952,1620,3572,6,0.302428,0.316206,637.704432,0.002173,0.000909,5,0.000176,0,39,0.819444,0.017678
16053,Jerome County,,ID,2562,26136,28698,7,7,14,1540,1618,3158,6,0.279955,0.292822,170.572696,0.000823,0.000431,5,0.00019,0,39,0.583333,0.007331
16055,Kootenai County,,ID,10202,163798,174000,47,40,87,7269,5945,13214,6,0.344607,0.369325,10104.911599,0.014328,0.012662,5,0.000722,0,39,0.479323,0.114997
16057,Latah County,,ID,3714,35668,39382,13,14,27,1454,1792,3246,6,0.314389,0.331518,225.290056,0.001613,0.002648,5,0.000273,0,39,0.545833,0.014614
16059,Lemhi County,,ID,678,8667,9345,0,2,2,0,131,131,6,0.279653,0.291712,0,0,0.000246,5,0.00005,0,64,0.5,0
16061,Lewis County,,ID,1170,4850,6020,2,2,4,234,899,1133,7,0.23844,0.245432,0,0.000013,0.000016,5,0.000111,0,39,1,0.000311
16063,Lincoln County,,ID,538,5863,6401,5,5,10,329,365,694,6,0.279717,0.292203,1.75,0.000057,0.000321,5,0.000155,0,39,0.733333,0.001061
16065,Madison County,,ID,5846,28734,34580,14,17,31,1760,3196,4956,6,0.336894,0.35747,3211.989883,0.003355,0.004648,5,0.000255,0,39,0.637255,0.027297
16067,Minidoka County,,ID,2027,23539,25566,6,6,12,1092,1325,2417,6,0.280008,0.292822,35.085119,0.00036,0.000468,5,0.000177,0,39,0.678571,0.003548
16069,Nez Perce County,,ID,3138,43726,46864,12,11,23,1876,1963,3839,6,0.313028,0.329376,11518.069152,0.001902,0.001553,5,0.000321,0,39,0.469697,0.016679
16071,Oneida County,,ID,354,4824,5178,0,2,2,0,123,123,7,0.252275,0.260767,0,0,0.000057,5,0.00005,0,65,0,0
16073,Owyhee County,,ID,1304,12012,13316,3,3,6,807,832,1639,6,0.280883,0.293187,0,0.0004,0.00038,5,0.000092,0,39,1,0.00336
16075,Payette County,,ID,2353,24746,27099,5,5,10,1303,1389,2692,6,0.279902,0.292485,1.353741,0.000377,0.000369,5,0.000159,0,39,0.8,0.00344
16077,Power County,,ID,753,9404,10157,2,2,4,302,380,682,7,0.252233,0.260687,0,0.000051,0.000051,5,0.000082,0,39,1,0.000585
16079,Shoshone County,,ID,979,13069,14048,2,1,3,416,299,715,7,0.256311,0.265583,0,0.000331,0.000106,5,0.000076,0,39,1,0.002761
16081,Teton County,,ID,1126,10853,11979,3,3,6,308,360,668,7,0.256023,0.265228,1.865241,0.000114,0.000099,7,0.000091,0,39,0.5,0.001046
16083,Twin Falls County,,ID,6479,87841,94320,25,23,48,4015,3871,7886,6,0.340023,0.361692,4609.253569,0.006589,0.00527,5,0.000433,0,39,0.438424,0.052732
16085,Valley County,,ID,1206,10666,11872,3,3,6,469,542,1011,6,0.279823,0.292091,1.177778,0.000369,0.000364,5,0.00011,0,39,0.833333,0.003227
16087,Washington County,,ID,888,10709,11597,4,4,8,381,477,858,6,0.279875,0.292316,0,0.000374,0.000367,5,0.000129,0,39,1,0.003338
17001,Adams County,,IL,3123,81329,84452,13,12,25,1242,1087,2329,6,0.3311,0.349073,18202.05989,0.001902,0.00175,43,0.000342,0,39,0.28022,0.013974
17003,Alexander County,,IL,695,7207,7902,3,3,6,299,372,671,7,0.241666,0.24935,1720.848853,0.000015,0.000015,43,0.000143,0,39,0.333333,0.000385
17005,Bond County,,IL,1251,18337,19588,5,6,11,609,674,1283,6,0.281496,0.29308,48.086197,0.000305,0.000243,43,0.000133,0,39,0.7,0.00226
17007,Boone County,,IL,4847,67811,72658,9,11,20,3570,3302,6872,6,0.341275,0.360292,13.763414,0.002545,0.003224,18,0.000123,0,39,0.845455,0.017007
17009,Brown County,,IL,330,5978,6308,1,1,2,65,65,130,7,0.248762,0.255967,0,0.000013,0.000014,43,0.000075,0,39,0,0.000194
17011,Bureau County,,IL,2282,42751,45033,7,8,15,1080,1181,2261,6,0.328423,0.345053,1529.303185,0.000922,0.001052,18,0.000165,0,39,0.458333,0.007525
17013,Calhoun County,,IL,219,5947,6166,1,1,2,64,45,109,7,0.23275,0.238349,0,0.000004,0.000006,43,0.000084,0,39,0,0.000127
17015,Carroll County,,IL,1059,19334,20393,6,5,11,492,465,957,6,0.328168,0.344323,37.138025,0.001406,0.00091,18,0.000137,0,39,0.6,0.010748
17017,Cass County,,IL,1227,16807,18034,4,4,8,344,528,872,7,0.268083,0.278379,145.493336,0.000101,0.000068,18,0.000134,0,39,0.3,0.00085
17019,Champaign County,,IL,15091,206138,221229,48,61,109,7225,8494,15719,6,0.385015,0.414806,26486.829893,0.01522,0.023423,18,0.000646,0,39,0.393975,0.114161
17021,Christian County,,IL,1979,40487,42466,7,4,11,1025,1073,2098,7,0.270283,0.28074,39.385419,0.000154,0.000091,18,0.00018,0,39,0.428571,0.001379
17023,Clark County,,IL,1037,19478,20515,5,5,10,494,533,1027,7,0.250063,0.258885,4673.428755,0.000025,0.000028,18,0.000188,0,39,0.3,0.000653
17025,Clay County,,IL,790,16635,17425,6,5,11,374,321,695,7,0.234777,0.241902,3139.927671,0.000007,0.000011,18,0.000243,0,39,0.333333,0.000616
17027,Clinton County,,IL,2574,44642,47216,6,8,14,1307,1694,3001,6,0.305198,0.318488,373.134939,0.000305,0.000939,43,0.000153,0,39,0.541667,0.002369
17029,Coles County,,IL,3523,51837,55360,12,11,23,1703,1689,3392,6,0.329115,0.346374,11137.121984,0.001198,0.001076,18,0.000309,0,39,0.325758,0.009231
17031,Cook County,,IL,252219,6302842,6555061,441,487,928,194205,231375,425580,5,0.487745,0.547426,602733.130937,0.116642,0.117126,18,0.004988,0,39,0.125251,0.869918
17033,Crawford County,,IL,945,22832,23777,3,3,6,194,214,408,8,0.200365,0.205455,40.952678,0,0,18,0.000167,0,39,0.333333,0.000261
17035,Cumberland County,,IL,897,12874,13771,4,5,9,467,644,1111,7,0.248533,0.256524,21.011414,0.000009,0.000017,18,0.000163,0,39,0.5,0.000496
17037,DeKalb County,,IL,8792,111584,120376,13,18,31,6187,5896,12083,6,0.342497,0.362766,44.397565,0.00309,0.004089,18,0.000164,0,39,0.683007,0.019971
17039,De Witt County,,IL,1190,19369,20559,5,5,10,773,572,1345,7,0.281737,0.293129,8.734018,0.000351,0.000257,18,0.000112,0,39,0.75,0.002343
17041,Douglas County,,IL,1542,25335,26877,6,4,10,816,860,1676,7,0.278221,0.289222,72.482647,0.000204,0.000123,18,0.000165,0,39,0.5,0.001554
17043,DuPage County,,IL,77211,1178315,1255526,149,171,320,62868,67199,130067,5,0.424724,0.463227,25581.715555,0.063414,0.068496,18,0.001524,0,39,0.405053,0.475153
17045,Edgar County,,IL,1086,21328,22414,4,5,9,314,469,783,7,0.257378,0.266799,140.961118,0.000198,0.000041,18,0.000132,0,39,0.5,0.001405
17047,Edwards County,,IL,461,7162,7623,4,3,7,300,222,522,8,0.211816,0.217309,257.296437,0.000001,0,43,0.000217,0,39,0.166667,0.000349
17049,Effingham County,,IL,1966,43916,45882,9,8,17,950,845,1795,7,0.268204,0.279357,13791.517856,0.001054,0.000088,18,0.000266,0,39,0.333333,0.008221
17051,Fayette County,,IL,1504,24550,26054,7,8,15,629,881,1510,7,0.268107,0.279132,595.98416,0.0001,0.000091,18,0.000219,0,39,0.392857,0.001321
17053,Ford County,,IL,1127,16558,17685,6,4,10,721,641,1362,7,0.281657,0.292848,2.886763,0.000374,0.000243,18,0.00012,0,39,0.7,0.002577
17055,Franklin County,,IL,2435,43444,45879,6,7,13,1167,1295,2462,7,0.250127,0.258862,42.108576,0.000044,0.000043,43,0.000205,0,39,0.404762,0.000845
17057,Fulton County,,IL,2105,41591,43696,5,6,11,922,1126,2048,7,0.273171,0.284466,22.624146,0.000153,0.000209,18,0.00013,0,39,0.733333,0.001557
17059,Gallatin County,,IL,329,6187,6516,1,1,2,120,123,243,8,0.21256,0.217748,0,0.000001,0.000001,43,0.00008,0,39,0,0.0001
17061,Greene County,,IL,815,15520,16335,4,5,9,391,487,878,7,0.267696,0.278154,221.733972,0.000107,0.000096,43,0.000141,0,39,0.55,0.001076
17063,Grundy County,,IL,4721,61518,66239,7,10,17,3595,3348,6943,6,0.341197,0.360067,14.129314,0.001817,0.002923,18,0.000115,0,39,0.844444,0.012715
17065,Hamilton County,,IL,464,9460,9924,4,3,7,253,215,468,7,0.249495,0.257176,7.601484,0.000013,0.00001,43,0.000154,0,39,0.5,0.000438
17067,Hancock County,,IL,1301,22979,24280,3,4,7,411,601,1012,7,0.250761,0.259267,88.591316,0.000022,0.000034,19,0.000136,0,39,0.333333,0.00045
17069,Hardin County,,IL,268,4347,4615,1,2,3,46,136,182,8,0.212697,0.218141,0,0.000001,0.000001,43,0.00008,0,39,0.5,0.0001
17071,Henderson County,,IL,483,8472,8955,2,3,5,137,223,360,7,0.249348,0.257159,7.513426,0.000011,0.000019,18,0.000097,0,39,0.333333,0.000265
17073,Henry County,,IL,3355,62635,65990,10,10,20,1797,2017,3814,6,0.328532,0.345447,876.483751,0.001186,0.001115,19,0.000206,0,39,0.490909,0.009488
17075,Iroquois County,,IL,1879,36143,38022,5,6,11,983,1032,2015,6,0.328423,0.344829,196.187254,0.0011,0.001018,18,0.000116,0,39,0.466667,0.008034
17077,Jackson County,,IL,5598,53931,59529,15,16,31,2196,2676,4872,6,0.331953,0.350478,15897.453407,0.002276,0.00246,43,0.000326,0,39,0.372549,0.016022
17079,Jasper County,,IL,521,12365,12886,3,4,7,182,289,471,8,0.211922,0.217946,1854.891673,0.000001,0.000008,18,0.000167,0,39,0.35,0.000325
17081,Jefferson County,,IL,2226,43052,45278,11,10,21,1090,1056,2146,6,0.331137,0.34851,13616.864341,0.00119,0.001598,43,0.000269,0,39,0.416667,0.009394
17083,Jersey County,,IL,1545,26735,28280,6,5,11,1061,974,2035,6,0.303325,0.316076,6077.595763,0.000836,0.000565,43,0.000196,0,39,0.533333,0.005908
17085,Jo Daviess County,,IL,1252,28759,30011,6,4,10,651,572,1223,6,0.328386,0.344519,48.825239,0.001707,0.000903,18,0.000134,0,39,0.433333,0.012215
17087,Johnson County,,IL,877,12662,13539,5,6,11,638,500,1138,7,0.25038,0.258952,2884.660403,0.00003,0.000031,43,0.000286,0,39,0.4,0.000658
17089,Kane County,,IL,39863,632851,672714,61,87,148,33870,32206,66076,6,0.395861,0.42796,4533.566249,0.026897,0.040581,18,0.000654,0,39,0.519168,0.20794
17091,Kankakee County,,IL,6419,132365,138784,10,15,25,2960,3482,6442,6,0.350183,0.370815,403.419711,0.003208,0.005374,18,0.000148,0,39,0.638095,0.023039
17093,Kendall County,,IL,13887,141262,155149,14,16,30,10696,10628,21324,6,0.355473,0.377493,150.171152,0.004086,0.007127,18,0.000179,0,39,0.725146,0.029059
17095,Knox County,,IL,2901,58581,61482,10,10,20,1473,1340,2813,6,0.328641,0.345616,862.136182,0.001162,0.001134,18,0.000212,0,39,0.545455,0.009298
17097,Lake County,,IL,48435,885571,934006,119,142,261,35269,38014,73283,6,0.416725,0.453496,7853.225198,0.058009,0.063439,18,0.001133,0,39,0.488916,0.433056
17099,LaSalle County,,IL,6929,137050,143979,18,18,36,4192,4112,8304,6,0.341747,0.361754,5408.263573,0.003488,0.003245,18,0.000267,0,39,0.494737,0.025369
17101,Lawrence County,,IL,842,14780,15622,4,4,8,464,348,812,8,0.232112,0.239041,2300.854523,0.000005,0.000004,109,0.000232,0,39,0.083333,0.000383
17103,Lee County,,IL,2476,40473,42949,9,10,19,1455,1554,3009,6,0.328314,0.34511,5.048897,0.001918,0.001725,18,0.000149,0,39,0.755556,0.01335
17105,Livingston County,,IL,2489,44302,46791,8,10,18,1126,1485,2611,6,0.328495,0.345391,251.500625,0.001501,0.001376,18,0.000143,0,39,0.572727,0.010819
17107,Logan County,,IL,1931,31744,33675,6,9,15,885,1011,1896,6,0.328678,0.345559,221.885956,0.000291,0.001094,18,0.000134,0,39,0.472222,0.002233
17109,McDonough County,,IL,2191,30044,32235,10,10,20,778,844,1622,6,0.329079,0.346178,7711.346706,0.001089,0.001097,18,0.000254,0,39,0.327273,0.00876
17111,McHenry County,,IL,21271,399374,420645,26,44,70,15136,15586,30722,6,0.371368,0.398522,352.637001,0.012182,0.0231,18,0.000272,0,39,0.669643,0.089055
17113,McLean County,,IL,10770,193892,204662,44,42,86,6352,5922,12274,6,0.374132,0.401164,10009.175626,0.015013,0.0167,18,0.000526,0,39,0.460073,0.111921
17115,Macon County,,IL,7102,127362,134464,18,24,42,2507,3013,5520,6,0.35264,0.374778,11488.559549,0.003971,0.006037,18,0.000336,0,39,0.452899,0.030076
17117,Macoupin County,,IL,3409,55393,58802,8,9,17,1880,2270,4150,6,0.305481,0.319106,408.055544,0.000936,0.000795,43,0.0002,0,39,0.486111,0.006595
17119,Madison County,,IL,15550,317326,332876,39,44,83,9472,10028,19500,6,0.365013,0.39163,33525.987883,0.010249,0.012085,43,0.000643,0,39,0.313878,0.077756
17121,Marion County,,IL,2462,45566,48028,9,11,20,1436,1394,2830,6,0.305828,0.319725,5017.055407,0.000319,0.00077,43,0.000241,0,39,0.431818,0.002767
17123,Marshall County,,IL,1046,14985,16031,6,4,10,673,572,1245,7,0.27152,0.282162,42.481043,0.000185,0.000165,18,0.000142,0,39,0.5,0.00183
17125,Mason County,,IL,1000,16955,17955,4,6,10,503,640,1143,7,0.27302,0.284264,6.950657,0.000129,0.000195,18,0.000108,0,39,0.566667,0.00102
17127,Massac County,,IL,1075,17008,18083,4,2,6,464,365,829,7,0.241548,0.249108,1713.310786,0.000015,0.00001,109,0.000227,0,39,0.166667,0.000428
17129,Menard County,,IL,1057,15511,16568,3,1,4,618,539,1157,7,0.267914,0.277648,0,0.0001,0.00006,18,0.000105,0,39,0.666667,0.000728
17131,Mercer County,,IL,1241,20862,22103,6,6,12,642,757,1399,7,0.273852,0.284613,18.855128,0.000185,0.000148,19,0.000152,0,39,0.666667,0.001688
17133,Monroe County,,IL,2086,42916,45002,6,7,13,1515,1480,2995,6,0.30501,0.318162,29.236758,0.001148,0.001096,43,0.000124,0,39,0.833333,0.007605
17135,Montgomery County,,IL,1604,33259,34863,6,7,13,1158,883,2041,6,0.285124,0.297128,73.59339,0.00019,0.000308,43,0.000176,0,39,0.571429,0.001642
17137,Morgan County,,IL,2421,39399,41820,7,8,15,978,1374,2352,6,0.329262,0.34615,8063.747151,0.000965,0.001006,18,0.000246,0,39,0.321429,0.00758
17139,Moultrie County,,IL,1297,17440,18737,5,5,10,876,753,1629,7,0.278325,0.289559,32.725472,0.000056,0.000153,18,0.000167,0,39,0.666667,0.000761
17141,Ogle County,,IL,3701,65964,69665,10,11,21,2282,2352,4634,6,0.32835,0.345278,10.041543,0.001924,0.001729,18,0.000172,0,39,0.672727,0.013465
17143,Peoria County,,IL,13729,223283,237012,45,44,89,8624,8715,17339,6,0.37216,0.39968,20610.578771,0.014138,0.014482,18,0.000602,0,39,0.398653,0.1055
17145,Perry County,,IL,1272,22993,24265,6,7,13,686,759,1445,6,0.28067,0.292198,147.915481,0.000244,0.000204,43,0.000161,0,39,0.595238,0.001987
17147,Piatt County,,IL,1411,20432,21843,4,6,10,784,876,1660,7,0.28171,0.293185,29.401582,0.000221,0.000257,18,0.000125,0,39,0.633333,0.00144
17149,Pike County,,IL,837,18612,19449,2,5,7,210,323,533,7,0.268837,0.279565,16.482485,0.00002,0.000088,43,0.000101,0,39,0.4,0.000335
17151,Pope County,,IL,489,3621,4110,3,2,5,244,304,548,8,0.203934,0.208707,28.795232,0.000001,0,43,0.000155,0,39,0.416667,0.00027
17153,Pulaski County,,IL,489,6436,6925,2,3,5,172,180,352,8,0.205119,0.21028,20.14715,0,0,43,0.000126,0,39,0.333333,0.000175
17155,Putnam County,,IL,423,7474,7897,2,3,5,240,290,530,7,0.2549,0.263089,0.302632,0.000032,0.000034,18,0.00008,0,39,0.666667,0.000422
17157,Randolph County,,IL,1769,35512,37281,7,7,14,916,1000,1916,6,0.305167,0.318331,76.598625,0.000329,0.000749,43,0.000167,0,39,0.517857,0.002629
17159,Richland County,,IL,938,19097,20035,5,4,9,312,242,554,8,0.192984,0.197857,92.690159,0,0,18,0.000285,0,39,0.2,0.000433
17161,Rock Island County,,IL,9452,178200,187652,21,24,45,4806,5535,10341,6,0.356071,0.379708,6041.841669,0.00615,0.006671,19,0.000348,0,39,0.435897,0.047853
17163,St. Clair County,,IL,19927,305287,325214,59,68,127,10728,12381,23109,5,0.3887,0.418825,35116.836814,0.02177,0.02788,43,0.000746,0,39,0.433454,0.164839
17165,Saline County,,IL,1569,27486,29055,8,9,17,619,901,1520,7,0.269914,0.281094,14685.031077,0.000084,0.000079,43,0.000315,0,39,0.2,0.001306
17167,Sangamon County,,IL,10909,245619,256528,35,39,74,6273,6080,12353,6,0.365914,0.392468,27712.915459,0.008111,0.012403,18,0.000622,0,39,0.370432,0.058942
17169,Schuyler County,,IL,378,8482,8860,2,3,5,159,140,299,7,0.249097,0.256951,6.446725,0.000009,0.000023,18,0.0001,0,39,0.333333,0.000244
17171,Scott County,,IL,281,5940,6221,2,1,3,446,137,583,7,0.247723,0.254584,0,0.000008,0.000007,18,0.0001,0,39,1,0.000233
17173,Shelby County,,IL,1543,26080,27623,7,7,14,903,942,1845,7,0.26128,0.270914,109.551987,0.000056,0.000048,18,0.000232,0,39,0.404762,0.000998
17175,Stark County,,IL,512,6957,7469,2,3,5,195,261,456,7,0.27147,0.281909,0.633838,0.000115,0.00012,18,0.000079,0,39,0.833333,0.001027
17177,Stephenson County,,IL,2398,56699,59097,8,7,15,1303,1135,2438,6,0.328205,0.344604,83.62159,0.001726,0.001002,18,0.000179,0,39,0.527778,0.012066
17179,Tazewell County,,IL,8743,166798,175541,18,19,37,5947,5607,11554,6,0.344687,0.365436,3125.092876,0.003592,0.003761,18,0.000291,0,39,0.438735,0.026095
17181,Union County,,IL,1074,20267,21341,5,5,10,390,560,950,7,0.249579,0.257687,3645.289629,0.000031,0.00003,43,0.000205,0,39,0.4,0.000654
17183,Vermilion County,,IL,4107,89597,93704,11,14,25,1766,1893,3659,6,0.343489,0.363609,5879.449295,0.001833,0.002662,18,0.000224,0,39,0.320833,0.013393
17185,Wabash County,,IL,702,13962,14664,3,4,7,195,340,535,7,0.267648,0.277434,1944.423577,0,0.000049,109,0.000193,0,39,0.166667,0.00027
17187,Warren County,,IL,1340,20342,21682,6,6,12,677,589,1266,7,0.273171,0.284388,181.130611,0.000075,0.000168,18,0.000169,0,39,0.571429,0.001096
17189,Washington County,,IL,1048,18246,19294,6,7,13,546,626,1172,6,0.281657,0.293435,9.912806,0.000321,0.000254,43,0.000149,0,39,0.666667,0.002435
17191,Wayne County,,IL,962,19245,20207,3,5,8,242,415,657,7,0.249705,0.257783,492.149764,0.000012,0.000009,43,0.000154,0,39,0.25,0.000343
17193,White County,,IL,834,17153,17987,5,5,10,359,356,715,7,0.268229,0.278407,4579.961238,0.000053,0.000049,43,0.000231,0,39,0.233333,0.000833
17195,Whiteside County,,IL,3104,72485,75589,13,11,24,1801,1614,3415,6,0.328532,0.345559,75.598723,0.001298,0.001333,18,0.000234,0,39,0.467033,0.010083
17197,Will County,,IL,47480,843059,890539,60,95,155,39608,38804,78412,6,0.402744,0.435121,4857.991784,0.029096,0.043038,18,0.000638,0,39,0.541616,0.222222
17199,Williamson County,,IL,4607,74206,78813,12,12,24,2706,2260,4966,6,0.33147,0.349297,12680.994356,0.001734,0.001624,43,0.000299,0,39,0.384615,0.013121
17201,Winnebago County,,IL,16296,351037,367333,34,54,88,8670,10664,19334,6,0.379787,0.408578,3447.893011,0.011575,0.021866,18,0.000416,0,39,0.525325,0.08577
17203,Woodford County,,IL,3077,47425,50502,6,6,12,2002,1840,3842,6,0.341118,0.359505,379.371729,0.001135,0.002082,18,0.000137,0,39,0.714286,0.008886
18001,Adams County,,IN,1620,41981,43601,5,4,9,809,742,1551,7,0.279243,0.290903,146.960736,0.000235,0.000198,18,0.00014,0,39,0.55,0.001981
18003,Allen County,,IN,18292,434196,452488,79,82,161,11557,11547,23104,6,0.386874,0.419095,59748.96073,0.025706,0.029395,18,0.000998,0,39,0.34901,0.193567
18005,Bartholomew County,,IN,5879,98727,104606,18,11,29,3783,3372,7155,6,0.332213,0.350219,760.023027,0.003583,0.002201,18,0.000301,0,39,0.415033,0.026714
18007,Benton County,,IN,808,10559,11367,3,3,6,386,446,832,7,0.275917,0.286563,1,0.000142,0.000073,18,0.000115,0,39,0.666667,0.000832
18009,Blackford County,,IN,928,15004,15932,4,4,8,463,506,969,7,0.250253,0.258716,1.417172,0.00003,0.000036,18,0.000126,0,39,0.75,0.000636
18011,Boone County,,IN,4933,70621,75554,13,12,25,4307,2929,7236,6,0.330141,0.347948,212.605879,0.002163,0.001812,18,0.000212,0,39,0.648352,0.016254
18013,Brown County,,IN,1577,17967,19544,6,6,12,1108,999,2107,7,0.300436,0.313949,1.925397,0.000688,0.000638,18,0.000143,0,39,0.833333,0.005323
18015,Carroll County,,IN,1787,24127,25914,5,5,10,1167,1138,2305,7,0.276174,0.287294,0.9,0.000188,0.000109,18,0.000115,0,39,0.8,0.001289
18017,Cass County,,IN,2811,47863,50674,11,11,22,1477,1628,3105,7,0.30317,0.318401,580.419222,0.000919,0.001151,18,0.000202,0,39,0.403846,0.006909
18019,Clark County,,IN,9533,132859,142392,18,15,33,6961,6388,13349,6,0.338586,0.3586,5005.610359,0.003286,0.002095,109,0.00037,0,39,0.350877,0.026426
18021,Clay County,,IN,2039,31124,33163,7,8,15,1408,1359,2767,7,0.300588,0.314427,337.276779,0.00059,0.00057,18,0.000153,0,39,0.607143,0.004871
18023,Clinton County,,IN,2361,41667,44028,7,9,16,1098,1561,2659,7,0.300771,0.314933,119.705306,0.00096,0.000904,18,0.000137,0,39,0.708333,0.006967
18025,Crawford County,,IN,741,11602,12343,6,3,9,601,330,931,7,0.235168,0.242239,5.356299,0.000037,0.000015,109,0.000183,0,39,0.633333,0.000924
18027,Daviess County,,IN,1510,38458,39968,7,7,14,738,739,1477,7,0.301444,0.315411,963.173862,0.000568,0.000552,109,0.00021,0,39,0.5,0.004745
18029,Dearborn County,,IN,3885,61561,65446,11,10,21,2771,2643,5414,7,0.293972,0.307603,4703.262857,0.001401,0.000742,90,0.000221,0,39,0.5,0.009998
18031,Decatur County,,IN,1795,32035,33830,9,8,17,1116,1012,2128,7,0.300497,0.314287,13.310259,0.000583,0.000591,18,0.000218,0,39,0.555556,0.005234
18033,DeKalb County,,IN,3192,50141,53333,7,7,14,2104,2132,4236,7,0.301352,0.315495,110.784485,0.000241,0.000711,18,0.000165,0,39,0.486111,0.002184
18035,Delaware County,,IN,6818,117896,124714,15,18,33,3222,3800,7022,6,0.333296,0.353052,7787.13022,0.002222,0.002729,18,0.000273,0,39,0.426316,0.016794
18037,Dubois County,,IN,2342,55079,57421,10,11,21,1002,1289,2291,7,0.301566,0.316141,2625.708563,0.000571,0.000549,109,0.000299,0,39,0.290909,0.004985
18039,Elkhart County,,IN,11237,244317,255554,22,24,46,6507,6937,13444,6,0.35122,0.374137,3001.493565,0.005602,0.007203,18,0.000322,0,39,0.435897,0.042912
18041,Fayette County,,IN,1459,26734,28193,7,6,13,764,859,1623,7,0.300375,0.313865,67.213347,0.000538,0.000517,18,0.000174,0,39,0.535714,0.004507
18043,Floyd County,,IN,7146,88119,95265,12,12,24,5584,5245,10829,6,0.307158,0.322698,2797.381182,0.001416,0.001224,109,0.000298,0,39,0.395238,0.011243
18045,Fountain County,,IN,1461,20637,22098,6,6,12,822,996,1818,7,0.300679,0.314399,258.719302,0.000181,0.00058,18,0.000156,0,39,0.547619,0.001258
18047,Franklin County,,IN,2250,28913,31163,9,9,18,1323,1707,3030,7,0.302798,0.317732,150.707126,0.001226,0.001098,90,0.000207,0,39,0.472222,0.008887
18049,Fulton County,,IN,1453,24639,26092,7,10,17,795,911,1706,7,0.279111,0.291408,30.163681,0.000083,0.000246,18,0.000164,0,39,0.388889,0.001135
18051,Gibson County,,IN,2207,39848,42055,7,7,14,1208,1139,2347,7,0.267744,0.278053,2871.127116,0.000072,0.000062,109,0.000262,0,39,0.428571,0.001116
18053,Grant County,,IN,3907,75914,79821,12,13,25,1568,1891,3459,7,0.301812,0.317013,2138.521246,0.001939,0.001084,18,0.000228,0,39,0.510989,0.014962
18055,Greene County,,IN,2244,35966,38210,8,11,19,1289,1562,2851,7,0.300863,0.315214,1087.123636,0.00066,0.000606,18,0.000194,0,39,0.409091,0.005133
18057,Hamilton County,,IN,23928,349980,373908,90,82,172,22835,17206,40041,6,0.399327,0.430371,23591.935653,0.034718,0.034996,18,0.001053,0,39,0.444807,0.260556
18059,Hancock County,,IN,7482,85491,92973,12,11,23,5148,5505,10653,7,0.300679,0.314989,18.770585,0.000941,0.000896,18,0.000228,0,39,0.590909,0.007892
18061,Harrison County,,IN,2726,46188,48914,6,6,12,1760,1775,3535,6,0.29826,0.310956,837.316407,0.000507,0.000508,109,0.00019,0,39,0.6,0.004345
18063,Hendricks County,,IN,12505,177666,190171,26,24,50,12298,8548,20846,6,0.355772,0.378544,2445.957139,0.006041,0.00691,18,0.000376,0,39,0.446237,0.046264
18065,Henry County,,IN,3046,55672,58718,8,9,17,1778,1821,3599,7,0.300679,0.314764,10.59073,0.000838,0.000806,18,0.000168,0,39,0.638889,0.006671
18067,Howard County,,IN,6017,100335,106352,15,22,37,2664,4002,6666,6,0.344687,0.366166,2360.18005,0.001864,0.003962,18,0.000254,0,39,0.422101,0.014483
18069,Huntington County,,IN,2269,44768,47037,6,5,11,1210,1143,2353,7,0.27919,0.290931,61.866666,0.000736,0.000213,18,0.000145,0,39,0.633333,0.005753
18071,Jackson County,,IN,3957,58813,62770,10,15,25,1952,2808,4760,6,0.309467,0.32525,274.063262,0.000595,0.001354,18,0.000238,0,39,0.352381,0.00549
18073,Jasper County,,IN,2292,40396,42688,7,7,14,1505,1406,2911,7,0.285893,0.298008,229.163357,0.001322,0.000321,18,0.000154,0,39,0.607143,0.009305
18075,Jay County,,IN,1198,25402,26600,6,6,12,629,675,1304,7,0.251976,0.261234,35.950292,0.000036,0.000036,18,0.000176,0,39,0.333333,0.000799
18077,Jefferson County,,IN,2085,37100,39185,10,12,22,1061,1135,2196,6,0.305891,0.321107,2303.652132,0.001013,0.001037,18,0.000234,0,39,0.393939,0.008343
18079,Jennings County,,IN,2168,32587,34755,8,8,16,1636,1464,3100,7,0.300618,0.314483,45.810548,0.001043,0.000584,18,0.000181,0,39,0.625,0.008456
18081,Johnson County,,IN,13924,170249,184173,27,24,51,11177,9935,21112,6,0.347841,0.369815,2528.80502,0.00555,0.004422,18,0.000429,0,39,0.412698,0.043267
18083,Knox County,,IN,2141,41370,43511,9,7,16,848,880,1728,7,0.301628,0.315664,8503.584688,0.000585,0.00056,109,0.000272,0,39,0.402778,0.005021
18085,Kosciusko County,,IN,5856,96497,102353,18,11,29,3059,2842,5901,6,0.330436,0.348286,1708.397617,0.002207,0.001996,18,0.000287,0,39,0.426901,0.016324
18087,LaGrange County,,IN,2644,45290,47934,6,9,15,1692,1827,3519,7,0.283895,0.296614,18.211895,0.000286,0.000415,18,0.000149,0,39,0.541667,0.002449
18089,Lake County,,IN,30460,573770,604230,54,77,131,21034,23346,44380,6,0.391471,0.422681,10697.839929,0.021931,0.034305,18,0.000623,0,39,0.513098,0.164004
18091,LaPorte County,,IN,5807,127808,133615,13,14,27,4077,3401,7478,6,0.343728,0.363974,275.408612,0.003073,0.003439,18,0.00019,0,39,0.676471,0.021294
18093,Lawrence County,,IN,2460,53471,55931,7,7,14,1395,1245,2640,7,0.300588,0.314343,878.1086,0.000642,0.000572,18,0.000174,0,39,0.428571,0.004897
18095,Madison County,,IN,7987,148251,156238,17,20,37,4604,4965,9569,6,0.339478,0.360871,739.952237,0.002176,0.004048,18,0.000283,0,39,0.442688,0.016876
18097,Marion County,,IN,71034,1086068,1157102,196,200,396,52659,59366,112025,6,0.428778,0.47063,202741.215498,0.066223,0.067899,18,0.002359,0,39,0.275118,0.497159
18099,Marshall County,,IN,3220,56815,60035,10,11,21,1888,2079,3967,6,0.342893,0.362456,1257.10229,0.002118,0.002606,18,0.000172,0,39,0.641026,0.015274
18101,Martin County,,IN,689,12131,12820,5,4,9,352,377,729,7,0.275046,0.28545,5.808139,0.000018,0.000082,18,0.000156,0,39,0.533333,0.000593
18103,Miami County,,IN,2530,37568,40098,6,9,15,2069,1522,3591,7,0.301536,0.316057,206.021085,0.000555,0.00099,18,0.00013,0,39,0.666667,0.004454
18105,Monroe County,,IN,11117,124446,135563,34,40,74,4748,5872,10620,6,0.378285,0.404935,13845.719829,0.009297,0.016245,18,0.00052,0,39,0.409662,0.071842
18107,Montgomery County,,IN,3903,47382,51285,9,13,22,1472,2510,3982,6,0.33199,0.350422,342.893745,0.000986,0.002362,18,0.000177,0,39,0.50641,0.007449
18109,Morgan County,,IN,6360,83956,90316,12,10,22,4654,4539,9193,7,0.300588,0.314708,13.34734,0.00101,0.000938,18,0.000226,0,39,0.55303,0.008164
18111,Newton County,,IN,1156,16306,17462,7,5,12,879,715,1594,7,0.285783,0.297558,35.218146,0.000464,0.000291,18,0.000163,0,39,0.452381,0.002915
18113,Noble County,,IN,3556,56496,60052,7,7,14,2381,2521,4902,7,0.279269,0.291324,6.720123,0.000297,0.000255,18,0.000171,0,39,0.666667,0.002548
18115,Ohio County,,IN,1092,7032,8124,2,3,5,346,851,1197,7,0.293477,0.305889,346.820399,0.000006,0.000417,90,0.000097,0,39,0.666667,0.00025
18117,Orange County,,IN,1260,22026,23286,6,8,14,624,685,1309,7,0.275353,0.286586,360.820928,0.000148,0.000117,18,0.000198,0,39,0.375,0.001375
18119,Owen County,,IN,1955,24465,26420,6,8,14,1232,1336,2568,7,0.300436,0.314202,3.337302,0.000645,0.000665,18,0.000137,0,39,0.732143,0.004865
18121,Parke County,,IN,1074,17912,18986,6,7,13,721,674,1395,7,0.300558,0.314258,497.815705,0.000548,0.000525,18,0.000146,0,39,0.547619,0.004423
18123,Perry County,,IN,796,20946,21742,4,5,9,1094,387,1481,7,0.268447,0.278474,118.943736,0.000015,0.000064,109,0.000176,0,39,0.6,0.000492
18125,Pike County,,IN,906,14772,15678,4,5,9,449,596,1045,7,0.267696,0.277715,1.672645,0.000061,0.000062,109,0.000151,0,39,0.8,0.00082
18127,Porter County,,IN,11998,197465,209463,21,21,42,9135,7802,16937,6,0.353186,0.376256,1555.412869,0.006787,0.007676,18,0.000289,0,39,0.603261,0.050142
18129,Posey County,,IN,2008,31099,33107,4,3,7,1137,1305,2442,7,0.26743,0.276928,3.626517,0.000063,0.000053,109,0.000164,0,39,0.666667,0.000787
18131,Pulaski County,,IN,907,15332,16239,7,6,13,573,481,1054,7,0.276199,0.287519,34.638924,0.000178,0.000109,18,0.000157,0,39,0.428571,0.001558
18133,Putnam County,,IN,2693,39235,41928,10,11,21,1845,1719,3564,7,0.301015,0.315551,19.05744,0.000653,0.000973,18,0.0002,0,39,0.621795,0.005659
18135,Randolph County,,IN,1949,30803,32752,7,7,14,1082,1208,2290,7,0.300618,0.314427,555.963965,0.000579,0.000541,18,0.000155,0,39,0.547619,0.004652
18137,Ripley County,,IN,2359,32456,34815,8,10,18,1829,1635,3464,7,0.302984,0.318182,1768.109851,0.001006,0.000982,90,0.000193,0,39,0.388889,0.007604
18139,Rush County,,IN,1310,20200,21510,7,7,14,766,858,1624,7,0.300344,0.313921,5.994444,0.000535,0.000526,18,0.000179,0,39,0.595238,0.004533
18141,St. Joseph County,,IN,16402,306664,323066,46,51,97,9514,10159,19673,6,0.385115,0.414064,8025.550598,0.018238,0.024586,18,0.000544,0,39,0.538798,0.139303
18143,Scott County,,IN,1750,25910,27660,7,7,14,1198,1226,2424,6,0.29856,0.311546,21.174149,0.000513,0.000532,109,0.000173,0,39,0.642857,0.0045
18145,Shelby County,,IN,3566,53508,57074,8,9,17,2496,2281,4777,7,0.300436,0.314315,11.930251,0.000832,0.0006,18,0.000189,0,39,0.5,0.006932
18147,Spencer County,,IN,1999,24872,26871,5,5,10,747,1536,2283,7,0.268423,0.278418,64.294094,0.000077,0.000067,109,0.000174,0,39,0.75,0.000998
18149,Starke County,,IN,1678,25999,27677,8,7,15,1092,1097,2189,7,0.283786,0.29581,683.831282,0.001405,0.000387,18,0.000148,0,39,0.607143,0.010019
18151,Steuben County,,IN,2597,38610,41207,7,6,13,1433,1392,2825,7,0.279269,0.291212,13.157994,0.000256,0.000208,18,0.000156,0,39,0.52381,0.00224
18153,Sullivan County,,IN,1304,22673,23977,4,4,8,654,720,1374,7,0.300558,0.313865,1.798291,0.000029,0.000516,18,0.000131,0,39,0.85,0.0006
18155,Switzerland County,,IN,723,9485,10208,4,4,8,875,332,1207,7,0.23571,0.243324,17.131462,0.000023,0.000025,90,0.00013,0,39,0.5,0.000535
18157,Tippecanoe County,,IN,13407,174692,188099,40,54,94,7003,7536,14539,6,0.38091,0.410084,31440.083783,0.009244,0.018797,18,0.00061,0,39,0.365537,0.071367
18159,Tipton County,,IN,1145,19343,20488,3,4,7,669,687,1356,7,0.300436,0.313753,0,0.000318,0.000776,18,0.000083,0,39,1,0.002397
18161,Union County,,IN,594,8078,8672,4,4,8,522,384,906,7,0.281203,0.292257,3.198077,0.000249,0.000192,18,0.000117,0,39,0.583333,0.00177
18163,Vanderburgh County,,IN,11586,203920,215506,34,32,66,7185,7046,14231,6,0.364878,0.38973,73812.580737,0.006535,0.007137,109,0.000746,0,39,0.256098,0.050205
18165,Vermillion County,,IN,1174,18885,20059,4,4,8,539,703,1242,7,0.256955,0.265928,4.509322,0.000045,0.000036,18,0.00012,0,39,0.5,0.000627
18167,Vigo County,,IN,6854,113222,120076,19,19,38,3069,3537,6606,6,0.332027,0.351321,12850.674536,0.002323,0.002256,18,0.000375,0,39,0.360526,0.017277
18169,Wabash County,,IN,2182,38732,40914,6,8,14,1030,1245,2275,7,0.301321,0.315551,56.831369,0.000251,0.000735,18,0.000149,0,39,0.583333,0.002269
18171,Warren County,,IN,681,10200,10881,4,4,8,465,437,902,7,0.276199,0.287181,4.98752,0.000163,0.000084,18,0.000128,0,39,0.666667,0.001003
18173,Warrick County,,IN,5072,73122,78194,8,10,18,3350,3101,6451,6,0.306587,0.321894,1202.978561,0.000574,0.001266,109,0.000265,0,39,0.433333,0.004873
18175,Washington County,,IN,1967,31442,33409,8,9,17,1065,1361,2426,6,0.29859,0.311827,279.433259,0.00051,0.000508,109,0.000208,0,39,0.513889,0.004536
18177,Wayne County,,IN,3773,78394,82167,11,14,25,1505,1770,3275,7,0.303916,0.319969,279.21189,0.001177,0.001698,18,0.000225,0,39,0.406593,0.009131
18179,Wells County,,IN,1933,33124,35057,7,7,14,1182,1159,2341,7,0.279427,0.291605,891.781771,0.000731,0.000228,18,0.000192,0,39,0.517857,0.005828
18181,White County,,IN,2142,30030,32172,8,8,16,1253,1325,2578,7,0.300649,0.314596,648.397353,0.001772,0.000594,18,0.000162,0,39,0.522222,0.012668
18183,Whitley County,,IN,2470,41263,43733,5,6,11,1521,1688,3209,7,0.279243,0.291156,4.724143,0.000241,0.000257,18,0.000144,0,39,0.595238,0.002065
19001,Adair County,,IA,583,8774,9357,4,3,7,324,244,568,6,0.286473,0.297544,3.833333,0.000026,0.000238,19,0.000167,0,39,0.7,0.000593
19003,Adams County,,IA,319,4737,5056,0,2,2,0,119,119,7,0.229283,0.235192,0,0,0.000002,19,0.00005,0,66,0,0
19005,Allamakee County,,IA,984,17660,18644,2,2,4,227,214,441,7,0.21168,0.21701,3.971919,0.000001,0.000001,19,0.000118,0,39,0.5,0.000182
19007,Appanoose County,,IA,726,14275,15001,4,4,8,185,225,410,6,0.286529,0.297768,2685.945029,0.000254,0.000234,19,0.000161,0,39,0.35,0.002257
19009,Audubon County,,IA,375,7265,7640,2,3,5,112,156,268,7,0.252749,0.260874,5.82662,0.000006,0.000013,19,0.000112,0,39,0.333333,0.000225
19011,Benton County,,IA,1979,31405,33384,5,6,11,1231,1344,2575,6,0.272368,0.283553,14.907788,0.000247,0.000184,19,0.000156,0,39,0.6,0.00192
19013,Black Hawk County,,IA,7864,144348,152212,27,28,55,3503,4150,7653,6,0.358438,0.382732,34965.319488,0.003201,0.006751,19,0.000667,0,39,0.245989,0.025794
19015,Boone County,,IA,1917,30867,32784,7,5,12,1270,1076,2346,6,0.286917,0.298291,7.946937,0.000379,0.000297,19,0.000227,0,39,0.642857,0.00319
19017,Bremer County,,IA,1608,28189,29797,6,7,13,929,892,1821,6,0.287334,0.299511,285.868707,0.000052,0.000317,19,0.000254,0,39,0.482143,0.000815
19019,Buchanan County,,IA,1462,24933,26395,6,5,11,852,867,1719,6,0.268959,0.279674,20.952504,0.000149,0.000082,19,0.000194,0,39,0.6,0.001243
19021,Buena Vista County,,IA,1650,25086,26736,8,8,16,486,491,977,6,0.331248,0.348252,17565.324892,0.001649,0.001114,19,0.000224,0,39,0.211111,0.013251
19023,Butler County,,IA,875,18166,19041,6,5,11,656,530,1186,7,0.264072,0.273859,15.225538,0.000057,0.000037,19,0.000215,0,39,0.433333,0.000855
19025,Calhoun County,,IA,785,11897,12682,3,4,7,213,425,638,7,0.223554,0.229864,24.473111,0.000002,0.000005,19,0.000143,0,39,0.166667,0.000283
19027,Carroll County,,IA,1438,26039,27477,8,6,14,506,501,1007,6,0.287084,0.298741,3144.38888,0.000277,0.000267,19,0.000268,0,39,0.263889,0.002777
19029,Cass County,,IA,910,16477,17387,4,5,9,244,356,600,6,0.297094,0.309421,3416.026113,0.000604,0.000556,19,0.000142,0,39,0.5,0.004677
19031,Cedar County,,IA,1529,22351,23880,5,5,10,954,929,1883,6,0.276792,0.287746,2.300618,0.000316,0.00024,19,0.000127,0,39,0.733333,0.002416
19033,Cerro Gordo County,,IA,2874,51494,54368,9,14,23,1061,1418,2479,6,0.309596,0.325818,13515.001807,0.000355,0.001015,19,0.000318,0,39,0.263736,0.003149
19035,Cherokee County,,IA,730,14956,15686,4,4,8,260,253,513,6,0.265443,0.274789,20.992923,0.000058,0.00003,19,0.000158,0,39,0.416667,0.00061
19037,Chickasaw County,,IA,789,15219,16008,5,3,8,297,269,566,7,0.263978,0.27341,2.968347,0.000053,0.000031,19,0.000189,0,39,0.5,0.00071
19039,Clarke County,,IA,804,11328,12132,4,4,8,360,334,694,6,0.286501,0.297712,5.266667,0.000254,0.00024,19,0.000202,0,39,0.5,0.002231
19041,Clay County,,IA,1219,20586,21805,4,6,10,369,481,850,6,0.289212,0.301799,3469.729991,0.000011,0.000364,19,0.00015,0,39,0.233333,0.000443
19043,Clayton County,,IA,1102,21911,23013,7,6,13,507,542,1049,6,0.26835,0.279084,7027.436787,0.000118,0.000082,19,0.000245,0,39,0.285714,0.001286
19045,Clinton County,,IA,3105,58277,61382,10,11,21,1397,1668,3065,6,0.2908,0.303929,529.018609,0.001502,0.000556,19,0.000219,0,39,0.530303,0.0117
19047,Crawford County,,IA,1332,21464,22796,5,10,15,325,640,965,6,0.297721,0.311079,775.733823,0.000369,0.000597,19,0.000175,0,39,0.311111,0.00313
19049,Dallas County,,IA,7684,82351,90035,17,17,34,7146,5258,12404,6,0.342181,0.362709,6080.431001,0.003389,0.00269,19,0.000416,0,39,0.365789,0.026518
19051,Davis County,,IA,489,9972,10461,2,1,3,182,138,320,7,0.225116,0.230782,1.181569,0.000005,0.00001,19,0.000109,0,39,0.5,0.000263
19053,Decatur County,,IA,554,8122,8676,3,2,5,185,170,355,6,0.28639,0.297263,1480.066667,0.00025,0.000236,19,0.000152,0,39,0.333333,0.002103
19055,Delaware County,,IA,1053,21459,22512,5,6,11,632,651,1283,6,0.269081,0.280096,14.387799,0.000116,0.000105,19,0.000197,0,39,0.6,0.001124
19057,Des Moines County,,IA,2390,47609,49999,10,10,20,1083,1026,2109,6,0.331026,0.348477,7282.598832,0.00142,0.001357,19,0.000265,0,39,0.4,0.011056
19059,Dickinson County,,IA,1330,21300,22630,5,7,12,391,517,908,6,0.289466,0.302305,4035.645317,0.000003,0.000366,19,0.000185,0,39,0.214286,0.000424
19061,Dubuque County,,IA,5348,115528,120876,18,16,34,2398,2129,4527,6,0.344567,0.364812,6343.553473,0.002891,0.002687,19,0.000406,0,39,0.398693,0.022901
19063,Emmet County,,IA,637,11622,12259,2,3,5,162,179,341,7,0.237124,0.244364,20.19529,0.000003,0.000004,19,0.000093,0,39,0.166667,0.000173
19065,Fayette County,,IA,1380,23389,24769,6,7,13,509,697,1206,6,0.269081,0.28018,4449.321219,0.000148,0.000082,19,0.000218,0,39,0.428571,0.001232
19067,Floyd County,,IA,944,18772,19716,6,6,12,517,446,963,7,0.264307,0.274399,4995.314549,0.000924,0.000028,19,0.000236,0,39,0.380952,0.007252
19069,Franklin County,,IA,802,12629,13431,4,5,9,342,447,789,6,0.286778,0.298359,1360.960099,0.000741,0.00024,19,0.00014,0,39,0.3,0.005678
19071,Fremont County,,IA,704,8282,8986,5,5,10,339,381,720,6,0.294468,0.306037,1144.443846,0.000366,0.000329,19,0.000169,0,39,0.6,0.002986
19073,Greene County,,IA,649,11039,11688,6,4,10,349,277,626,6,0.286556,0.297825,5.109256,0.000277,0.000264,19,0.000213,0,39,0.566667,0.002643
19075,Grundy County,,IA,869,15426,16295,5,5,10,522,486,1008,7,0.264143,0.273972,5.629637,0.000058,0.000039,19,0.000178,0,39,0.65,0.000785
19077,Guthrie County,,IA,892,13165,14057,3,5,8,425,509,934,6,0.286584,0.297993,99.231302,0.00027,0.000264,19,0.000136,0,39,0.65,0.002301
19079,Hamilton County,,IA,1049,18479,19528,7,6,13,615,509,1124,6,0.287084,0.298741,1770.383183,0.00104,0.000271,19,0.00024,0,39,0.375,0.008
19081,Hancock County,,IA,731,13605,14336,4,3,7,459,269,728,7,0.236575,0.243785,10.851247,0.000011,0.000003,19,0.000174,0,39,0.416667,0.000389
19083,Hardin County,,IA,1057,20204,21261,7,7,14,524,494,1018,6,0.287251,0.299162,298.809593,0.00036,0.000302,19,0.000213,0,39,0.482143,0.003066
19085,Harrison County,,IA,943,17319,18262,4,5,9,517,552,1069,6,0.295554,0.307105,218.153286,0.000361,0.000428,19,0.00015,0,39,0.5,0.002883
19087,Henry County,,IA,1363,22633,23996,6,7,13,670,642,1312,6,0.287836,0.300079,1384.477953,0.000112,0.000402,19,0.000206,0,39,0.5,0.001429
19089,Howard County,,IA,624,11990,12614,2,4,6,176,261,437,7,0.264143,0.273859,623.914383,0,0.000024,19,0.000131,0,39,0.166667,0.000174
19091,Humboldt County,,IA,610,11886,12496,2,2,4,211,187,398,7,0.223302,0.229004,2,0.000004,0.000003,19,0.000093,0,39,0.333333,0.000208
19093,Ida County,,IA,407,8777,9184,2,1,3,159,68,227,6,0.265087,0.273789,78.041508,0.000045,0.000015,19,0.000109,0,39,0,0.000321
19095,Iowa County,,IA,1122,20334,21456,6,5,11,678,576,1254,6,0.271993,0.282771,544.756684,0.000199,0.000158,19,0.000185,0,39,0.433333,0.001803
19097,Jackson County,,IA,1245,24171,25416,4,5,9,652,669,1321,6,0.275865,0.286622,9.069297,0.000132,0.000166,19,0.000142,0,39,0.85,0.00122
19099,Jasper County,,IA,2499,42221,44720,9,6,15,1287,1345,2632,6,0.287028,0.298628,14.263253,0.000429,0.000301,19,0.000244,0,39,0.555556,0.003684
19101,Jefferson County,,IA,1162,17826,18988,4,6,10,309,440,749,7,0.228235,0.235491,360.420215,0.000007,0.000018,19,0.000181,0,39,0.2,0.000432
19103,Johnson County,,IA,11752,140186,151938,40,41,81,6050,6210,12260,6,0.367729,0.394295,31265.266425,0.0133,0.013433,19,0.000665,0,39,0.4082,0.103579
19105,Jones County,,IA,1250,23323,24573,7,4,11,805,684,1489,6,0.26801,0.278184,21.524912,0.000221,0.000079,19,0.000193,0,39,0.619048,0.002137
19107,Keokuk County,,IA,687,12202,12889,5,5,10,353,330,683,7,0.225733,0.232468,25.517327,0.000008,0.000015,19,0.000187,0,39,0.3,0.000557
19109,Kossuth County,,IA,795,19359,20154,3,5,8,169,268,437,6,0.286945,0.298555,10324.280411,0.000256,0.000234,19,0.000107,0,39,0.266667,0.002122
19111,Lee County,,IA,1866,40265,42131,7,6,13,880,659,1539,6,0.268447,0.279067,11826.933828,0.000207,0.000068,19,0.000283,0,39,0.285714,0.001922
19113,Linn County,,IA,12219,257751,269970,39,44,83,6856,6887,13743,5,0.365778,0.392248,57501.47822,0.007586,0.01275,19,0.00084,0,39,0.257647,0.060651
19115,Louisa County,,IA,931,13288,14219,5,5,10,490,525,1015,7,0.269154,0.279525,250.738243,0.000623,0.00012,19,0.000143,0,39,0.433333,0.00499
19117,Lucas County,,IA,548,9932,10480,4,4,8,354,266,620,6,0.286501,0.297712,1458.132886,0.000254,0.000239,19,0.000156,0,39,0.583333,0.002223
19119,Lyon County,,IA,626,14272,14898,4,4,8,294,361,655,6,0.272093,0.282501,2932.83833,0.000116,0.000135,19,0.000182,0,39,0.5,0.001451
19121,Madison County,,IA,1285,18331,19616,4,5,9,769,750,1519,6,0.286529,0.297881,101.574159,0.000272,0.000263,19,0.000158,0,39,0.6,0.002424
19123,Mahaska County,,IA,1596,24982,26578,6,7,13,755,835,1590,6,0.286806,0.298572,1850.57418,0.000257,0.000252,19,0.000213,0,39,0.428571,0.00248
19125,Marion County,,IA,2194,38754,40948,8,7,15,972,1150,2122,6,0.28664,0.298331,900.159602,0.000331,0.000268,19,0.000257,0,39,0.482143,0.003044
19127,Marshall County,,IA,2730,47584,50314,11,11,22,1013,1340,2353,6,0.288088,0.301046,1313.10643,0.001302,0.000454,19,0.000275,0,39,0.384615,0.010549
19129,Mills County,,IA,1194,16959,18153,5,6,11,675,738,1413,6,0.295643,0.307358,2195.784235,0.000466,0.000428,19,0.000177,0,39,0.666667,0.003764
19131,Mitchell County,,IA,571,12796,13367,5,3,8,298,171,469,7,0.236594,0.243869,2913.898411,0.000017,0.000009,19,0.000168,0,39,0.2,0.000562
19133,Monona County,,IA,602,10651,11253,3,1,4,274,167,441,6,0.265087,0.273789,2.567695,0.000053,0.000015,19,0.000116,0,39,0.166667,0.000444
19135,Monroe County,,IA,570,8972,9542,4,4,8,240,243,483,7,0.225304,0.23171,5.588277,0.000009,0.000016,19,0.000166,0,39,0.416667,0.000479
19137,Montgomery County,,IA,769,12148,12917,5,4,9,300,235,535,6,0.29438,0.305756,1779.82257,0.000023,0.000325,19,0.000175,0,39,0.466667,0.000548
19139,Muscatine County,,IA,2810,51963,54773,9,10,19,1436,1586,3022,6,0.330731,0.348027,977.410732,0.001224,0.001381,19,0.000206,0,39,0.509091,0.009573
19141,O'Brien County,,IA,936,17464,18400,5,5,10,397,359,756,6,0.265586,0.275155,505.741446,0.000049,0.000016,19,0.000195,0,39,0.2,0.000593
19143,Osceola County,,IA,475,7917,8392,3,4,7,185,228,413,7,0.237276,0.244858,154.456647,0.000004,0.000002,19,0.000145,0,39,0,0.000272
19145,Page County,,IA,1144,16785,17929,5,6,11,356,449,805,6,0.294644,0.306431,3827.470033,0.000021,0.000327,19,0.000191,0,39,0.428571,0.00054
19147,Palo Alto County,,IA,685,10886,11571,3,5,8,187,318,505,7,0.224996,0.231927,3010.430276,0.000004,0.000002,19,0.000116,0,39,0.2,0.000266
19149,Plymouth County,,IA,1438,31340,32778,5,6,11,783,739,1522,6,0.297333,0.309955,376.267195,0.000397,0.000575,19,0.000178,0,39,0.452381,0.003044
19151,Pocahontas County,,IA,599,8648,9247,3,3,6,151,181,332,7,0.249202,0.256709,147.011761,0.000008,0.00002,19,0.000124,0,39,0,0.000349
19153,Polk County,,IA,28017,525517,553534,109,97,206,20396,19144,39540,5,0.401218,0.433553,202026.981984,0.031694,0.033599,19,0.002035,0,39,0.289667,0.247285
19155,Pottawattamie County,,IA,6558,105396,111954,15,13,28,3848,4155,8003,6,0.337853,0.357161,7993.839296,0.000913,0.001772,19,0.000419,0,39,0.295833,0.0077
19157,Poweshiek County,,IA,1522,20795,22317,6,8,14,552,720,1272,6,0.287362,0.299708,66.830209,0.000259,0.000333,19,0.000206,0,39,0.517857,0.002526
19159,Ringgold County,,IA,266,5410,5676,1,2,3,43,92,135,7,0.222765,0.228155,1,0.000002,0.000004,19,0.000096,0,39,0,0.000105
19161,Sac County,,IA,651,12295,12946,4,4,8,352,289,641,7,0.249118,0.256709,148.380364,0.000015,0.000015,19,0.000157,0,39,0.25,0.000481
19163,Scott County,,IA,11691,199735,211426,36,38,74,6652,6130,12782,6,0.375032,0.401332,14245.70997,0.010196,0.014589,19,0.000565,0,39,0.419519,0.079022
19165,Shelby County,,IA,832,14904,15736,4,3,7,564,316,880,6,0.294293,0.305503,1.091065,0.000363,0.000324,19,0.000132,0,39,0.833333,0.002881
19167,Sioux County,,IA,1496,40415,41911,6,6,12,571,610,1181,6,0.272468,0.283418,160.920782,0.000165,0.000153,19,0.00024,0,39,0.433333,0.00179
19169,Story County,,IA,8200,84210,92410,20,27,47,2981,4326,7307,5,0.361145,0.385306,7417.825006,0.003799,0.007376,19,0.000477,0,39,0.365517,0.029908
19171,Tama County,,IA,1250,21250,22500,7,7,14,709,753,1462,6,0.287278,0.299427,202.687058,0.0004,0.000328,19,0.0002,0,39,0.595238,0.003248
19173,Taylor County,,IA,412,7402,7814,1,3,4,62,163,225,7,0.233833,0.240527,4.916667,0.000002,0.000005,19,0.000077,0,39,0.166667,0.000089
19175,Union County,,IA,890,14216,15106,7,5,12,438,368,806,6,0.286529,0.297881,6305.46083,0.000254,0.000238,19,0.00027,0,39,0.142857,0.002449
19177,Van Buren County,,IA,410,8574,8984,2,2,4,106,133,239,7,0.212377,0.217946,9.066709,0.000001,0.000002,19,0.000116,0,39,0,0.000189
19179,Wapello County,,IA,2263,40102,42365,9,11,20,888,978,1866,6,0.290487,0.303345,17256.260187,0.00131,0.000477,19,0.000318,0,39,0.318182,0.010345
19181,Warren County,,IA,3693,54868,58561,6,8,14,2698,2556,5254,6,0.287028,0.298853,11.03676,0.000276,0.000299,19,0.000223,0,39,0.517857,0.002624
19183,Washington County,,IA,1655,26925,28580,7,6,13,761,879,1640,6,0.271993,0.282884,909.758674,0.000208,0.000161,19,0.000205,0,39,0.428571,0.001959
19185,Wayne County,,IA,432,7132,7564,2,3,5,107,165,272,6,0.286501,0.2976,1.333333,0.000003,0.000238,19,0.000118,0,39,0.666667,0.000198
19187,Webster County,,IA,2388,41150,43538,7,9,16,726,933,1659,6,0.28739,0.299668,8257.993765,0.000401,0.000299,19,0.000254,0,39,0.344444,0.003201
19189,Winnebago County,,IA,849,12816,13665,4,4,8,273,338,611,7,0.236916,0.244566,21.978907,0.000009,0.00001,19,0.000163,0,39,0.4,0.000382
19191,Winneshiek County,,IA,1128,24215,25343,3,4,7,292,344,636,7,0.212347,0.218365,92.804388,0.000001,0.000002,19,0.000155,0,39,0.333333,0.00026
19193,Woodbury County,,IA,6859,118487,125346,22,25,47,3060,3694,6754,5,0.360662,0.383901,35421.727522,0.001971,0.006125,19,0.000749,0,39,0.229885,0.01723
19195,Worth County,,IA,571,9056,9627,3,4,7,291,371,662,7,0.236954,0.24465,47.93236,0.000016,0.00001,19,0.000124,0,39,0.416667,0.00035
19197,Wright County,,IA,769,15297,16066,6,4,10,391,284,675,6,0.286584,0.297881,1735.071567,0.000014,0.000245,19,0.00024,0,39,0.357143,0.000658
20001,Allen County,,KS,1043,15187,16230,3,4,7,293,393,686,7,0.230883,0.237174,2981.775733,0.000011,0.000006,43,0.000119,0,39,0,0.000293
20003,Anderson County,,KS,624,9495,10119,2,4,6,166,308,474,6,0.29653,0.307965,783.311432,0.000006,0.000414,43,0.000096,0,39,0.333333,0.000223
20005,Atchison County,,KS,1126,17896,19022,7,9,16,527,613,1140,6,0.30172,0.314913,1253.812034,0.000601,0.001,43,0.000187,0,39,0.466667,0.005051
20007,Barber County,,KS,424,5805,6229,1,2,3,55,130,185,6,0.28739,0.298893,0,0.000002,0.00024,43,0.000127,0,39,1,0.000103
20009,Barton County,,KS,1794,32583,34377,8,10,18,618,783,1401,6,0.301904,0.315531,10392.713004,0.000352,0.000775,43,0.000391,0,39,0.277778,0.002746
20011,Bourbon County,,KS,918,16628,17546,5,5,10,376,326,702,6,0.296827,0.308612,4657.668322,0.000421,0.000415,43,0.00017,0,39,0.2,0.00361
20013,Brown County,,KS,743,11911,12654,5,4,9,291,295,586,6,0.267696,0.277521,38.507306,0.000101,0.000058,43,0.000171,0,39,0.5,0.000894
20015,Butler County,,KS,5788,73125,78913,10,11,21,3255,3088,6343,6,0.333934,0.353058,882.970884,0.001277,0.002832,43,0.000261,0,39,0.384615,0.01
20017,Chase County,,KS,149,2919,3068,2,1,3,207,59,266,7,0.232586,0.238473,1.642857,0.00001,0.00001,43,0.000098,0,39,0,0.000256
20019,Chautauqua County,,KS,372,3862,4234,1,2,3,82,131,213,7,0.232896,0.239164,1.342857,0.000008,0.000008,43,0.000075,0,39,0,0.000133
20021,Cherokee County,,KS,1820,22752,24572,5,5,10,957,1061,2018,7,0.260522,0.270473,2.935011,0.000071,0.00005,43,0.000143,0,39,0.75,0.000874
20023,Cheyenne County,,KS,151,3324,3475,0,0,0,0,0,0,0,0,0,0,0,0,20,0.00005,15,67,0,0
20025,Clark County,,KS,200,2519,2719,1,1,2,46,48,94,7,0.254856,0.262274,0,0.000019,0.000023,43,0.000077,0,39,0,0.000257
20027,Clay County,,KS,811,9873,10684,4,3,7,648,222,870,6,0.276483,0.286762,722.83513,0.000246,0.000252,43,0.00009,0,39,0.4,0.002248
20029,Cloud County,,KS,170,1844,2014,5,1,6,9173,82,9255,1,1,1,2966,0.00002,0,43,0.000755,0,5,0.25,0.000523
20031,Coffey County,,KS,725,10416,11141,2,3,5,108,243,351,7,0.232732,0.239052,0.840909,0.000012,0.000022,43,0.000098,0,39,0.833333,0.000273
20033,Comanche County,,KS,126,2291,2417,0,0,0,0,0,0,0,0,0,0,0,0,21,0.00005,16,68,0,0
20035,Cowley County,,KS,2531,40409,42940,6,4,10,957,1014,1971,6,0.287501,0.299342,586.477925,0.000389,0.000265,43,0.00018,0,39,0.3,0.002901
20037,Crawford County,,KS,2730,40374,43104,11,12,23,1169,1344,2513,6,0.304103,0.318595,1608.332812,0.000891,0.001267,43,0.000263,0,39,0.346154,0.007162
20039,Decatur County,,KS,253,3466,3719,0,1,1,0,85,85,1,1,1,0,0,0,29,0.00005,17,70,0,0
20041,Dickinson County,,KS,2137,23005,25142,3,6,9,634,789,1423,6,0.292118,0.304761,4.289948,0.000258,0.000508,43,0.000091,0,39,0.666667,0.002256
20043,Doniphan County,,KS,696,8680,9376,2,4,6,300,449,749,7,0.250655,0.258879,5.93352,0.000029,0.000027,43,0.000085,0,39,0.5,0.00036
20045,Douglas County,,KS,9635,110180,119815,22,31,53,4698,5439,10137,5,0.368186,0.392974,4754.590879,0.006114,0.012334,43,0.000386,0,39,0.519886,0.048127
20047,Edwards County,,KS,227,3785,4012,1,1,2,41,51,92,7,0.254856,0.262274,0,0.000019,0.000023,43,0.000077,0,39,0,0.000257
20049,Elk County,,KS,168,2998,3166,0,1,1,0,42,42,7,0.23281,0.238802,0,0,0.000005,43,0.00005,0,71,0,0
20051,Ellis County,,KS,2366,32392,34758,8,11,19,598,803,1401,6,0.301689,0.315402,37786.678538,0.000736,0.000808,43,0.00047,0,39,0.245455,0.005732
20053,Ellsworth County,,KS,544,6926,7470,1,2,3,86,100,186,6,0.287529,0.299146,0,0.000017,0.000249,43,0.000068,0,39,1,0.000183
20055,Finney County,,KS,3319,46554,49873,8,13,21,814,1111,1925,6,0.33697,0.356526,26008.972159,0.00126,0.002267,43,0.000333,0,39,0.237179,0.010412
20057,Ford County,,KS,2972,44610,47582,10,12,22,856,989,1845,6,0.341984,0.360843,22867.536137,0.00305,0.002535,43,0.000373,0,39,0.25,0.023635
20059,Franklin County,,KS,2051,29915,31966,8,8,16,1040,1202,2242,6,0.300405,0.313283,4013.875418,0.001009,0.000867,43,0.000189,0,39,0.541667,0.007263
20061,Geary County,,KS,12961,37075,50036,50,47,97,5662,6695,12357,6,0.375269,0.402743,10915.179063,0.020025,0.017273,43,0.000583,0,39,0.590572,0.153956
20063,Gove County,,KS,207,3530,3737,0,0,0,0,0,0,0,0,0,0,0,0,22,0.00005,18,72,0,0
20065,Graham County,,KS,426,3172,3598,0,1,1,0,193,193,1,1,1,0,0,0,29,0.00005,17,73,0,0
20067,Grant County,,KS,793,9182,9975,1,3,4,66,176,242,7,0.252685,0.261024,2965,0.000017,0.000016,43,0.000072,0,39,0.5,0.000164
20069,Gray County,,KS,576,7496,8072,2,3,5,152,219,371,7,0.258343,0.266687,13.777043,0.000035,0.000032,43,0.000099,0,39,0.666667,0.000421
20071,Greeley County,,KS,33,1671,1704,0,0,0,0,0,0,0,0,0,0,0,0,23,0.00005,19,74,0,0
20073,Greenwood County,,KS,467,7194,7661,3,3,6,198,189,387,6,0.287501,0.29923,1.541667,0.000337,0.000256,43,0.000108,0,39,0.666667,0.002268
20075,Hamilton County,,KS,333,3067,3400,0,0,0,0,0,0,0,0,0,0,0,0,24,0.00005,20,75,0,0
20077,Harper County,,KS,548,7008,7556,1,2,3,65,218,283,6,0.287362,0.298836,0,0.000308,0.00024,43,0.000063,0,39,1,0.001951
20079,Harvey County,,KS,2851,40939,43790,7,6,13,1385,1535,2920,6,0.299495,0.311872,33.251603,0.000772,0.000664,43,0.000174,0,39,0.714286,0.005827
20081,Haskell County,,KS,364,4798,5162,2,1,3,158,56,214,7,0.252062,0.259821,0,0.000017,0.000009,43,0.0001,0,39,1,0.000247
20083,Hodgeman County,,KS,169,2359,2528,1,1,2,50,60,110,7,0.254856,0.262274,0,0.000019,0.000023,43,0.000077,0,39,0,0.000257
20085,Jackson County,,KS,1165,16010,17175,4,5,9,570,710,1280,6,0.267696,0.277634,6.813743,0.0001,0.000062,43,0.000161,0,39,0.5,0.000795
20087,Jefferson County,,KS,1571,21942,23513,6,4,10,949,879,1828,6,0.29784,0.309567,50.113417,0.000677,0.000608,43,0.000143,0,39,0.7,0.005206
20089,Jewell County,,KS,-2,72,70,1,0,1,3780,0,3780,0,0,0,0,0.000001,0,43,0.000055,0,76,0,0.000077
20091,Johnson County,,KS,42626,684721,727347,148,135,283,34547,32230,66777,5,0.420926,0.455526,127048.956914,0.054505,0.054775,43,0.001972,0,39,0.361229,0.426065
20093,Kearny County,,KS,422,4906,5328,1,1,2,126,147,273,7,0.252062,0.259821,0,0.000017,0.000009,43,0.000072,0,39,0,0.000164
20095,Kingman County,,KS,693,9310,10003,2,3,5,278,418,696,6,0.287445,0.299117,0,0.000325,0.000246,43,0.000078,0,39,0.833333,0.002091
20097,Kiowa County,,KS,241,2851,3092,0,0,0,0,0,0,0,0,0,0,0,0,25,0.00005,21,77,0,0
20099,Labette County,,KS,1594,24904,26498,5,5,10,576,630,1206,7,0.260659,0.270754,16.102169,0.000072,0.000046,43,0.000148,0,39,0.55,0.00082
20101,Lane County,,KS,109,2194,2303,0,0,0,0,0,0,0,0,0,0,0,0,26,0.00005,22,78,0,0
20103,Leavenworth County,,KS,9678,78790,88468,39,34,73,5927,5329,11256,6,0.348824,0.373665,1878.760056,0.014928,0.01094,43,0.000469,0,39,0.57981,0.112029
20105,Lincoln County,,KS,297,3803,4100,1,1,2,56,57,113,7,0.252448,0.260411,0,0.000017,0.000012,43,0.000068,0,39,0,0.000183
20107,Linn County,,KS,779,10430,11209,5,3,8,582,307,889,6,0.296411,0.307656,4.142514,0.000485,0.000413,43,0.000144,0,39,0.45,0.004179
20109,Logan County,,KS,197,3416,3613,1,1,2,52,71,123,8,0.18823,0.191537,0,0,0,43,0.000173,0,39,0,0.000084
20111,Lyon County,,KS,2802,36260,39062,10,10,20,859,1113,1972,6,0.303046,0.31674,11948.590822,0.001316,0.001089,43,0.000294,0,39,0.372727,0.009312
20113,McPherson County,,KS,1951,35616,37567,7,6,13,946,805,1751,6,0.287696,0.299933,38.787687,0.000757,0.000266,43,0.000168,0,39,0.535714,0.005765
20115,Marion County,,KS,1008,13991,14999,4,5,9,388,500,888,6,0.287473,0.299399,478.146068,0.000336,0.000258,43,0.000131,0,39,0.5,0.002367
20117,Marshall County,,KS,566,12929,13495,3,1,4,205,42,247,7,0.211092,0.215787,3.669902,0.000115,0.000004,43,0.000111,0,39,0.166667,0.001062
20119,Meade County,,KS,426,5312,5738,1,1,2,50,63,113,7,0.22644,0.232455,0,0.000004,0.000007,43,0.000088,0,39,0,0.000144
20121,Miami County,,KS,2676,37725,40401,7,7,14,2150,1751,3901,6,0.300071,0.31258,19.99406,0.001017,0.000903,43,0.00017,0,39,0.642857,0.007515
20123,Mitchell County,,KS,492,7536,8028,3,1,4,226,42,268,1,1,1,1,0.000001,0,43,0.000739,0,5,0.166667,0.000244
20125,Montgomery County,,KS,2776,37564,40340,10,10,20,1035,1236,2271,6,0.303356,0.317201,11066.128674,0.000697,0.001087,43,0.000285,0,39,0.242424,0.005887
20127,Morris County,,KS,487,6803,7290,1,1,2,48,51,99,6,0.271844,0.281478,1.679862,0.000008,0.000104,43,0.000075,0,39,0,0.000156
20129,Morton County,,KS,251,3916,4167,0,0,0,0,0,0,0,0,0,0,0,0,27,0.00005,23,79,0,0
20131,Nemaha County,,KS,514,12997,13511,4,4,8,273,181,454,6,0.267551,0.277307,3216.497066,0.000498,0.000052,43,0.000206,0,39,0.4,0.003837
20133,Neosho County,,KS,1237,18619,19856,5,7,12,570,663,1233,6,0.299798,0.312518,4426.367452,0.00032,0.000653,43,0.000158,0,39,0.404762,0.002352
20135,Ness County,,KS,179,3845,4024,0,0,0,0,0,0,0,0,0,0,0,0,28,0.00005,24,80,0,0
20137,Norton County,,KS,387,5769,6156,2,0,2,278,0,278,0,0,0,0,0,0,29,0.000136,17,69,0,0.000155
20139,Osage County,,KS,1380,19010,20390,6,6,12,861,845,1706,6,0.296678,0.308527,1461.537245,0.000603,0.000515,43,0.00016,0,39,0.733333,0.004478
20141,Osborne County,,KS,261,4864,5125,0,1,1,0,55,55,2,0.666667,0.75,0,0,0,43,0.00005,0,81,0,0
20143,Ottawa County,,KS,625,7318,7943,1,2,3,272,282,554,7,0.252491,0.260636,0,0.000017,0.000012,43,0.000068,0,39,0.5,0.000183
20145,Pawnee County,,KS,622,7283,7905,1,2,3,121,170,291,6,0.287641,0.29923,0,0.000006,0.00024,43,0.000084,0,39,1,0.000109
20147,Phillips County,,KS,368,6768,7136,1,0,1,151,0,151,0,0,0,0,0.000001,0,43,0.000055,0,82,0,0.000077
20149,Pottawatomie County,,KS,2121,26240,28361,5,7,12,1256,997,2253,6,0.302089,0.315082,188.001354,0.000335,0.000944,43,0.00014,0,39,0.619048,0.002744
20151,Pratt County,,KS,798,11141,11939,5,2,7,290,168,458,6,0.28739,0.298893,2965,0.000347,0.000237,43,0.00018,0,39,0.45,0.002522
20153,Rawlins County,,KS,88,2953,3041,0,0,0,0,0,0,0,0,0,0,0,0,30,0.00005,25,83,0,0
20155,Reno County,,KS,3926,74115,78041,10,15,25,1480,1993,3473,6,0.337123,0.356953,3045.665797,0.000881,0.002196,43,0.000267,0,39,0.383333,0.006894
20157,Republic County,,KS,0,0,0,1,0,1,6169,0,6169,0,0,0,0,0.000001,0,43,0.000055,0,84,0,0.000077
20159,Rice County,,KS,845,11345,12190,4,3,7,317,332,649,6,0.287669,0.299399,0.810785,0.000332,0.000246,43,0.000135,0,39,0.833333,0.002327
20161,Riley County,,KS,12792,55652,68444,45,45,90,5597,6615,12212,5,0.373191,0.399904,23564.366928,0.014066,0.015356,43,0.000642,0,39,0.416353,0.107489
20163,Rooks County,,KS,420,6165,6585,1,1,2,84,90,174,7,0.231785,0.23768,0,0.000006,0.000005,43,0.000087,0,39,0,0.000129
20165,Rush County,,KS,254,3936,4190,2,1,3,122,74,196,7,0.231912,0.237787,0,0.000012,0.000003,43,0.00012,0,39,1,0.000238
20167,Russell County,,KS,652,8126,8778,1,1,2,103,155,258,7,0.231785,0.23768,0,0.000006,0.000005,43,0.000087,0,39,0,0.000129
20169,Saline County,,KS,4214,66913,71127,16,18,34,1832,2035,3867,6,0.337661,0.357965,21438.769689,0.001582,0.002339,43,0.000374,0,39,0.292398,0.011788
20171,Scott County,,KS,443,6114,6557,1,0,1,50,0,50,0,0,0,0,0.000017,0,43,0.000072,0,35,0,0.000164
20173,Sedgwick County,,KS,29168,587805,616973,99,115,214,16253,18580,34833,5,0.403127,0.437757,137324.121179,0.032111,0.04173,43,0.001667,0,39,0.326507,0.254191
20175,Seward County,,KS,2365,29429,31794,10,8,18,964,748,1712,6,0.292695,0.306284,16642.978156,0.000946,0.000511,43,0.000359,0,39,0.236364,0.00753
20177,Shawnee County,,KS,10265,212202,222467,30,37,67,4697,5787,10484,5,0.365058,0.390416,27033.266359,0.006694,0.012536,43,0.00058,0,39,0.389024,0.05282
20179,Sheridan County,,KS,130,3362,3492,0,0,0,0,0,0,0,0,0,0,0,0,31,0.00005,26,85,0,0
20181,Sherman County,,KS,595,6835,7430,2,1,3,109,58,167,8,0.18823,0.191537,3007.84119,0,0,43,0.000235,0,39,0,0.000228
20183,Smith County,,KS,-2,523,521,1,0,1,4427,0,4427,0,0,0,0,0.000001,0,43,0.000055,0,86,0,0.000077
20185,Stafford County,,KS,322,5053,5375,2,1,3,90,74,164,7,0.231912,0.237787,0,0.000022,0.000003,43,0.000099,0,39,1,0.000249
20187,Stanton County,,KS,195,2783,2978,0,0,0,0,0,0,0,0,0,0,0,0,32,0.00005,27,87,0,0
20189,Stevens County,,KS,469,6644,7113,1,1,2,48,90,138,7,0.226474,0.232539,0,0,0.000007,43,0.000071,0,39,0.5,0.00008
20191,Sumner County,,KS,2027,27564,29591,4,4,8,1053,1274,2327,6,0.287501,0.299342,2.575,0.000333,0.000266,43,0.000148,0,39,0.6,0.00231
20193,Thomas County,,KS,792,9168,9960,3,3,6,179,157,336,7,0.231858,0.23813,11880.041145,0.000006,0.000005,43,0.000434,0,39,0,0.00029
20195,Trego County,,KS,217,3723,3940,1,1,2,49,68,117,7,0.231785,0.23768,0,0.000006,0.000005,43,0.000087,0,39,0,0.000129
20197,Wabaunsee County,,KS,661,8272,8933,3,3,6,343,332,675,6,0.274106,0.284626,0,0.000213,0.000156,43,0.000093,0,39,1,0.001468
20199,Wallace County,,KS,51,1886,1937,0,0,0,0,0,0,0,0,0,0,0,0,33,0.00005,28,88,0,0
20201,Washington County,,KS,25424,7411,32835,0,10,10,0,24317,24317,6,0.272677,0.284052,0,0,0.000118,43,0.00005,0,89,0.1,0
20203,Wichita County,,KS,129,2884,3013,0,0,0,0,0,0,0,0,0,0,0,0,34,0.00005,29,90,0,0
20205,Wilson County,,KS,749,10590,11339,2,3,5,246,264,510,6,0.287613,0.299399,2.24329,0.000013,0.000245,43,0.000094,0,39,0.833333,0.000235
20207,Woodson County,,KS,256,3572,3828,1,0,1,63,0,63,0,0,0,0,0,0,43,0.000076,0,3,0,0.000084
20209,Wyandotte County,,KS,14224,168039,182263,23,23,46,10359,10883,21242,6,0.359917,0.383749,1493.608975,0.010597,0.009171,43,0.000318,0,39,0.62963,0.082701
21001,Adair County,,KY,985,17617,18602,5,5,10,530,440,970,7,0.23155,0.238628,1519.991088,0.000006,0.00001,109,0.000249,0,39,0.233333,0.00047
21003,Allen County,,KY,1165,19908,21073,6,5,11,688,606,1294,7,0.268764,0.279135,46.25752,0.0001,0.000165,109,0.000207,0,39,0.533333,0.001841
21005,Anderson County,,KY,1771,26578,28349,8,5,13,1202,1103,2305,7,0.287028,0.298862,420.527066,0.000769,0.000277,109,0.000242,0,39,0.535714,0.006293
21007,Ballard County,,KY,614,8872,9486,2,1,3,419,331,750,7,0.240705,0.247798,0,0.000015,0.00001,109,0.000111,0,39,1,0.000255
21009,Barren County,,KY,2782,46266,49048,11,8,19,1617,1641,3258,6,0.299525,0.312968,9831.091097,0.000687,0.000611,109,0.000317,0,39,0.290909,0.00643
21011,Bath County,,KY,826,11620,12446,5,5,10,515,482,997,7,0.287056,0.298918,763.330822,0.000018,0.000251,109,0.000216,0,39,0.452381,0.000502
21013,Bell County,,KY,1552,25192,26744,5,8,13,645,838,1483,7,0.292262,0.30631,1944.414079,0.000014,0.000577,109,0.000189,0,39,0.375,0.000553
21015,Boone County,,KY,12896,140739,153635,21,21,42,9602,8806,18408,6,0.361629,0.384182,9301.621781,0.005515,0.007387,90,0.000357,0,39,0.478462,0.0413
21017,Bourbon County,,KY,1736,22424,24160,7,6,13,980,1187,2167,7,0.287056,0.299031,13.955274,0.000305,0.000262,109,0.000239,0,39,0.5,0.002689
21019,Boyd County,,KY,3415,50337,53752,8,8,16,1935,1961,3896,7,0.288088,0.300745,5280.36496,0.000307,0.000277,90,0.00028,0,39,0.392857,0.002849
21021,Boyle County,,KY,2461,29701,32162,9,8,17,1383,1534,2917,6,0.299434,0.312794,1594.771594,0.000763,0.000722,109,0.000292,0,39,0.527778,0.006325
21023,Bracken County,,KY,792,9329,10121,5,5,10,454,482,936,7,0.256777,0.265962,3412.193199,0.00007,0.000059,90,0.000153,0,39,0.3,0.000846
21025,Breathitt County,,KY,622,13043,13665,3,1,4,238,132,370,8,0.223302,0.22883,6695.595622,0.000002,0.000002,109,0.000211,0,39,0,0.000263
21027,Breckinridge County,,KY,1212,20983,22195,6,6,12,1019,671,1690,6,0.299253,0.312322,1570.805225,0.00062,0.000593,109,0.000177,0,39,0.5,0.004958
21029,Bullitt County,,KY,6174,87713,93887,13,12,25,5183,4747,9930,6,0.300497,0.314666,152.583754,0.000861,0.000899,109,0.00027,0,39,0.3125,0.007102
21031,Butler County,,KY,896,13277,14173,4,6,10,494,586,1080,7,0.250782,0.260332,10.125269,0.000041,0.00006,109,0.000142,0,39,0.547619,0.000731
21033,Caldwell County,,KY,877,13792,14669,5,5,10,407,429,836,7,0.274156,0.284854,5226.536838,0.000136,0.000155,109,0.000222,0,39,0.2,0.001604
21035,Calloway County,,KY,2528,35842,38370,6,8,14,804,1070,1874,6,0.311319,0.326414,3213.746828,0.000569,0.001471,109,0.00023,0,39,0.388889,0.005217
21037,Campbell County,,KY,7609,100892,108501,15,15,30,5397,5832,11229,6,0.335673,0.355025,4035.994188,0.003333,0.003331,90,0.000252,0,39,0.641667,0.023191
21039,Carlisle County,,KY,353,5811,6164,2,4,6,155,218,373,7,0.2409,0.248602,40.870276,0.000015,0.000014,109,0.000122,0,39,0.5,0.000301
21041,Carroll County,,KY,1316,12316,13632,6,8,14,724,826,1550,6,0.29838,0.311405,194.838436,0.000479,0.00053,109,0.000177,0,39,0.446429,0.004101
21043,Carter County,,KY,1531,28387,29918,6,6,12,712,786,1498,7,0.287306,0.299424,2520.257381,0.000009,0.000256,90,0.000287,0,39,0.333333,0.000618
21045,Casey County,,KY,909,15767,16676,6,7,13,542,578,1120,7,0.233612,0.241584,65.110799,0.000022,0.000024,109,0.000278,0,39,0.309524,0.000689
21047,Christian County,,KY,13917,70195,84112,49,46,95,6021,7259,13280,6,0.376604,0.403856,23055.063298,0.019934,0.017281,109,0.000677,0,39,0.533521,0.154781
21049,Clark County,,KY,2821,39952,42773,7,10,17,1489,1780,3269,6,0.299555,0.313243,1331.24229,0.000306,0.000728,109,0.000222,0,39,0.488889,0.002748
21051,Clay County,,KY,835,18424,19259,3,3,6,332,451,783,7,0.230919,0.237352,2.222222,0.000005,0.000006,109,0.000185,0,39,0.666667,0.000315
21053,Clinton County,,KY,825,10471,11296,3,3,6,288,419,707,7,0.23275,0.239628,2135.768424,0.000002,0.000006,109,0.000165,0,39,0.166667,0.000246
21055,Crittenden County,,KY,475,9582,10057,3,2,5,192,141,333,8,0.216597,0.221945,19.751641,0.000001,0.000001,109,0.000185,0,39,0,0.000268
21057,Cumberland County,,KY,424,6872,7296,2,2,4,128,113,241,8,0.189566,0.193895,26.653829,0,0,109,0.000119,0,39,0,0.000166
21059,Daviess County,,KY,4612,113027,117639,16,14,30,2453,2283,4736,6,0.311221,0.327133,14019.673401,0.001396,0.001399,109,0.000471,0,39,0.266667,0.012008
21061,Edmonson County,,KY,929,12228,13157,4,5,9,684,671,1355,7,0.25038,0.259568,5.255159,0.000042,0.000055,109,0.000155,0,39,0.55,0.000807
21063,Elliott County,,KY,365,5682,6047,3,2,5,329,161,490,7,0.230703,0.236857,5.578661,0.000007,0.000002,90,0.000161,0,39,0.666667,0.00028
21065,Estill County,,KY,708,14720,15428,3,3,6,340,378,718,7,0.286945,0.298469,1.185714,0.000013,0.000252,109,0.000119,0,39,0.916667,0.000362
21067,Fayette County,,KY,23662,326173,349835,103,99,202,15117,15833,30950,6,0.402034,0.435447,249779.597634,0.03306,0.03782,109,0.001972,0,39,0.288278,0.257545
21069,Fleming County,,KY,974,16241,17215,5,5,10,491,524,1015,7,0.287167,0.299115,703.107373,0.000289,0.000251,90,0.000197,0,39,0.4,0.002365
21071,Floyd County,,KY,1831,37494,39325,6,6,12,951,958,1909,7,0.287501,0.299615,14758.201786,0.000281,0.000252,90,0.000312,0,39,0.238095,0.002421
21073,Franklin County,,KY,3557,56907,60464,12,9,21,2449,2028,4477,6,0.306555,0.322451,523.718924,0.001253,0.001319,109,0.000326,0,39,0.410256,0.009776
21075,Fulton County,,KY,553,6107,6660,3,4,7,261,321,582,7,0.237637,0.244971,880.003411,0.000011,0.000017,109,0.00017,0,39,0.583333,0.000339
21077,Gallatin County,,KY,762,7739,8501,7,5,12,1571,487,2058,7,0.266637,0.276175,123.115986,0.001041,0.000081,90,0.000162,0,39,0.690476,0.007599
21079,Garrard County,,KY,1337,17250,18587,5,6,11,965,932,1897,7,0.287084,0.299059,0.884524,0.000298,0.00027,109,0.000183,0,39,0.866667,0.002515
21081,Grant County,,KY,3229,26650,29879,9,10,19,1755,2482,4237,7,0.296441,0.310672,269.580471,0.000606,0.000769,90,0.000236,0,39,0.544444,0.004632
21083,Graves County,,KY,2413,40948,43361,9,8,17,1092,1108,2200,7,0.24143,0.250103,8244.239486,0.000587,0.000027,109,0.00034,0,39,0.322222,0.005481
21085,Grayson County,,KY,1603,27025,28628,7,6,13,568,965,1533,6,0.299314,0.312434,677.790972,0.000633,0.00061,109,0.000185,0,39,0.446429,0.005286
21087,Green County,,KY,649,11625,12274,4,4,8,402,328,730,7,0.23146,0.238318,9.799275,0.000012,0.000014,109,0.000164,0,39,0.45,0.000455
21089,Greenup County,,KY,2520,40156,42676,8,6,14,1779,1451,3230,7,0.287864,0.300071,3716.025198,0.000969,0.00026,90,0.000257,0,39,0.5,0.007508
21091,Hancock County,,KY,755,9948,10703,4,3,7,477,447,924,7,0.238076,0.245285,6.617537,0.000019,0.000015,109,0.000156,0,39,0.416667,0.000485
21093,Hardin County,,KY,14348,114222,128570,46,51,97,6732,7442,14174,6,0.376556,0.404148,18546.593831,0.014766,0.017613,109,0.000691,0,39,0.448704,0.115343
21095,Harlan County,,KY,1032,27960,28992,3,6,9,256,429,685,7,0.287669,0.299975,1527.012314,0.000004,0.000259,109,0.000148,0,39,0.357143,0.000261
21097,Harrison County,,KY,1169,19862,21031,6,4,10,600,585,1185,7,0.286973,0.298637,2545.616313,0.000297,0.00026,109,0.000195,0,39,0.366667,0.002546
21099,Hart County,,KY,1240,19005,20245,7,7,14,807,796,1603,6,0.299404,0.312687,1671.705989,0.000628,0.000615,109,0.000198,0,39,0.464286,0.00527
21101,Henderson County,,KY,2401,51578,53979,6,7,13,1313,1235,2548,6,0.299283,0.312507,2751.483925,0.000078,0.000524,109,0.000212,0,39,0.571429,0.001089
21103,Henry County,,KY,1443,16944,18387,5,6,11,926,1076,2002,6,0.29811,0.310703,3.469048,0.000482,0.000494,109,0.000154,0,39,0.633333,0.004065
21105,Hickman County,,KY,276,4901,5177,3,2,5,161,92,253,8,0.194503,0.198922,0.5,0,0.000004,109,0.000148,0,39,0.666667,0.000296
21107,Hopkins County,,KY,2469,50803,53272,8,10,18,1110,1149,2259,6,0.300863,0.315053,1709.960019,0.00066,0.000704,109,0.000252,0,39,0.4,0.00573
21109,Jackson County,,KY,595,12277,12872,4,3,7,344,320,664,7,0.231063,0.237773,8.835714,0.000011,0.000012,109,0.0002,0,39,0.666667,0.00047
21111,Jefferson County,,KY,43188,865934,909122,174,169,343,30648,31614,62262,5,0.424299,0.462732,231288.117401,0.061612,0.062597,109,0.002394,0,39,0.312349,0.469013
21113,Jessamine County,,KY,4612,51766,56378,9,12,21,2979,2760,5739,6,0.299707,0.313721,93.907847,0.000774,0.000754,109,0.000265,0,39,0.545455,0.006393
21115,Johnson County,,KY,1153,22620,23773,5,5,10,650,517,1167,8,0.224247,0.230837,221.767288,0.000004,0.000004,90,0.000275,0,39,0.35,0.00046
21117,Kenton County,,KY,15803,182767,198570,19,20,39,12235,12301,24536,6,0.344928,0.366571,9897.638611,0.004272,0.0054,90,0.000326,0,39,0.504329,0.030689
21119,Knott County,,KY,774,14622,15396,3,3,6,378,397,775,8,0.223892,0.230179,17.794581,0.000004,0.000004,109,0.000185,0,39,0.333333,0.000291
21121,Knox County,,KY,2333,29998,32331,3,5,8,1269,1567,2836,7,0.287362,0.299357,1.061977,0.000012,0.000262,109,0.000136,0,39,0.85,0.000361
21123,Larue County,,KY,1522,15311,16833,6,7,13,860,988,1848,7,0.274613,0.285995,1219.021584,0.00061,0.000172,109,0.000181,0,39,0.517857,0.004894
21125,Laurel County,,KY,4505,60845,65350,13,11,24,2387,2805,5192,6,0.30001,0.313991,19074.32738,0.000768,0.000718,109,0.000474,0,39,0.294872,0.006597
21127,Lawrence County,,KY,965,15361,16326,4,5,9,414,435,849,8,0.224894,0.231823,180.562009,0.000003,0.000003,90,0.000201,0,39,0.3,0.000375
21129,Lee County,,KY,333,6052,6385,1,1,2,67,60,127,10,0.154443,0.156509,0,0,0,109,0.000112,0,91,0,0.000079
21131,Leslie County,,KY,472,11026,11498,3,4,7,214,239,453,7,0.231171,0.237953,901.030164,0.000007,0.000008,109,0.000193,0,39,0.333333,0.000329
21133,Letcher County,,KY,964,23269,24233,4,5,9,307,372,679,8,0.225287,0.232568,596.907421,0.000006,0.000004,109,0.000217,0,39,0.1,0.000373
21135,Lewis County,,KY,660,13280,13940,5,5,10,496,353,849,7,0.236632,0.244397,28.130681,0.000013,0.000019,90,0.000209,0,39,0.3,0.000585
21137,Lincoln County,,KY,1700,25312,27012,9,7,16,1232,1251,2483,7,0.287306,0.299525,1096.046597,0.000309,0.000264,109,0.00031,0,39,0.555556,0.002964
21139,Livingston County,,KY,796,10228,11024,3,3,6,453,496,949,7,0.240783,0.248248,436.959246,0.000015,0.00001,109,0.000216,0,39,0.333333,0.000346
21141,Logan County,,KY,1699,29081,30780,9,9,18,985,1052,2037,6,0.308212,0.322423,829.038899,0.000531,0.001114,109,0.000246,0,39,0.466667,0.005554
21143,Lyon County,,KY,611,7747,8358,2,3,5,169,233,402,7,0.2409,0.248473,16.071252,0.000016,0.000011,109,0.000123,0,39,0.333333,0.000268
21145,McCracken County,,KY,4991,74211,79202,12,13,25,2325,2427,4752,6,0.316977,0.334171,35301.637709,0.001325,0.002002,109,0.000537,0,39,0.230769,0.01119
21147,McCreary County,,KY,706,14080,14786,2,2,4,196,277,473,7,0.234184,0.24119,20.469429,0.000011,0.000008,109,0.000128,0,39,0,0.000249
21149,McLean County,,KY,778,10364,11142,4,2,6,398,493,891,7,0.238133,0.245066,0,0.000021,0.000011,109,0.000155,0,39,0.833333,0.000505
21151,Madison County,,KY,5974,84149,90123,17,16,33,3129,2891,6020,6,0.300071,0.314789,6876.234675,0.000799,0.000756,109,0.000543,0,39,0.277778,0.007238
21153,Magoffin County,,KY,475,11822,12297,2,2,4,125,171,296,8,0.223419,0.22919,0,0.000002,0.000002,90,0.000141,0,39,1,0.000192
21155,Marion County,,KY,969,20423,21392,6,5,11,662,592,1254,6,0.2982,0.310759,1139.703519,0.000755,0.000476,109,0.000194,0,39,0.47619,0.005931
21157,Marshall County,,KY,2028,35312,37340,5,4,9,1238,953,2191,7,0.240959,0.248742,17.284708,0.000026,0.000018,109,0.000242,0,39,0.5,0.00059
21159,Martin County,,KY,545,9587,10132,3,3,6,175,259,434,8,0.223875,0.229966,28.155678,0,0.000002,90,0.000163,0,39,0.333333,0.000267
21161,Mason County,,KY,1280,18903,20183,5,6,11,594,681,1275,7,0.287278,0.299452,983.592784,0.00029,0.000264,90,0.000176,0,39,0.2,0.002393
21163,Meade County,,KY,4092,30866,34958,7,10,17,1676,2116,3792,6,0.322038,0.338134,229.144122,0.001807,0.00215,109,0.000162,0,39,0.563636,0.013685
21165,Menifee County,,KY,441,5964,6405,2,2,4,180,193,373,7,0.230578,0.236677,0,0.000007,0.000002,109,0.000114,0,39,1,0.000198
21167,Mercer County,,KY,1357,24591,25948,9,7,16,993,785,1778,7,0.287084,0.299171,445.962021,0.000765,0.000276,109,0.000287,0,39,0.522222,0.006323
21169,Metcalfe County,,KY,726,10482,11208,2,4,6,306,435,741,7,0.250486,0.259624,2945.998966,0.000005,0.00005,109,0.000102,0,39,0.5,0.000223
21171,Monroe County,,KY,702,11821,12523,2,5,7,227,375,602,7,0.250528,0.259838,245.090336,0.000033,0.000051,109,0.000104,0,39,0.55,0.000558
21173,Montgomery County,,KY,2094,28447,30541,8,9,17,1286,1202,2488,6,0.299555,0.313131,5969.159443,0.000301,0.000718,109,0.000288,0,39,0.433333,0.002724
21175,Morgan County,,KY,636,11841,12477,2,3,5,125,261,386,7,0.23056,0.23679,2204.321045,0.000005,0.000002,90,0.000129,0,39,0.333333,0.000188
21177,Muhlenberg County,,KY,1264,32847,34111,8,7,15,715,582,1297,7,0.275404,0.28667,390.348961,0.00006,0.000207,109,0.000272,0,39,0.444444,0.001238
21179,Nelson County,,KY,2778,52728,55506,9,9,18,1756,1813,3569,6,0.300344,0.314047,1514.842161,0.000893,0.000857,109,0.000242,0,39,0.466667,0.007194
21181,Nicholas County,,KY,460,7596,8056,3,3,6,299,221,520,7,0.286889,0.298356,731.464735,0.000283,0.000247,109,0.000135,0,39,0.5,0.002187
21183,Ohio County,,KY,1457,26681,28138,5,7,12,824,938,1762,6,0.29856,0.311658,247.560044,0.000045,0.000507,109,0.000179,0,39,0.446429,0.000917
21185,Oldham County,,KY,4790,68673,73463,10,8,18,3687,2767,6454,6,0.300284,0.313822,132.524238,0.001412,0.000859,109,0.000237,0,39,0.490909,0.011076
21187,Owen County,,KY,1271,10510,11781,7,7,14,586,909,1495,7,0.267865,0.278064,15.71823,0.00012,0.000107,90,0.000201,0,39,0.47619,0.001412
21189,Owsley County,,KY,215,3887,4102,1,2,3,60,110,170,9,0.182641,0.186014,2966,0,0,109,0.000146,0,91,0,0.000079
21191,Pendleton County,,KY,1326,15756,17082,5,7,12,835,1017,1852,7,0.293768,0.306844,103.912139,0.000125,0.000511,90,0.000139,0,39,0.619048,0.001179
21193,Perry County,,KY,1477,29943,31420,5,6,11,621,668,1289,7,0.287473,0.29961,19567.658552,0.00028,0.00025,109,0.000377,0,39,0.2,0.002317
21195,Pike County,,KY,2632,59643,62275,6,6,12,973,1099,2072,7,0.288424,0.300655,11945.00881,0.000282,0.000247,90,0.000281,0,39,0.133333,0.002439
21197,Powell County,,KY,923,13098,14021,4,6,10,407,576,983,7,0.287139,0.299199,3498.900056,0.000292,0.000255,109,0.000147,0,39,0.5,0.00228
21199,Pulaski County,,KY,3449,66670,70119,13,11,24,1726,1269,2995,6,0.303108,0.31819,24435.151575,0.000765,0.001121,109,0.00048,0,39,0.258242,0.006656
21201,Robertson County,,KY,208,2027,2235,1,2,3,88,119,207,8,0.223285,0.229128,0.771429,0,0.000003,90,0.000076,0,39,0,0.000091
21203,Rockcastle County,,KY,958,16418,17376,4,5,9,405,584,989,7,0.233171,0.240842,7.163062,0.000021,0.00002,109,0.00019,0,39,0.65,0.000554
21205,Rowan County,,KY,2004,20529,22533,7,8,15,657,917,1574,6,0.299465,0.31285,14461.888324,0.00029,0.000704,90,0.00031,0,39,0.267857,0.002536
21207,Russell County,,KY,1061,18109,19170,4,3,7,427,442,869,7,0.232859,0.239881,19.585712,0.00001,0.000006,109,0.000192,0,39,0.5,0.000407
21209,Scott County,,KY,4100,53764,57864,13,12,25,3002,2320,5322,6,0.299646,0.313609,437.214721,0.001263,0.000779,109,0.000352,0,39,0.412088,0.009764
21211,Shelby County,,KY,3951,49903,53854,10,10,20,2564,2541,5105,6,0.299465,0.313047,190.057956,0.001651,0.000769,109,0.000268,0,39,0.454545,0.012982
21213,Simpson County,,KY,1315,19245,20560,6,5,11,970,715,1685,7,0.268666,0.278978,58.479379,0.000652,0.000174,109,0.000188,0,39,0.7,0.006369
21215,Spencer County,,KY,1532,19910,21442,4,5,9,1125,1036,2161,6,0.29805,0.310478,0.833333,0.000481,0.000486,109,0.000127,0,39,0.7,0.003957
21217,Taylor County,,KY,1745,25637,27382,7,8,15,722,930,1652,6,0.300284,0.31385,9653.417924,0.000598,0.000819,109,0.00024,0,39,0.339286,0.004935
21219,Todd County,,KY,852,13263,14115,3,4,7,443,449,892,7,0.287585,0.299717,87.091924,0.000433,0.000451,109,0.000097,0,39,0.75,0.003662
21221,Trigg County,,KY,996,15005,16001,3,4,7,432,372,804,7,0.288536,0.300565,77.038994,0.000426,0.000452,109,0.000111,0,39,0.416667,0.003629
21223,Trimble County,,KY,873,9427,10300,5,5,10,526,528,1054,6,0.2982,0.310731,3.718383,0.000484,0.00048,109,0.000145,0,39,0.75,0.004033
21225,Union County,,KY,1012,15605,16617,3,3,6,286,387,673,7,0.230524,0.236778,758.846985,0.000057,0.000001,109,0.000128,0,39,0.5,0.000659
21227,Warren County,,KY,8067,122919,130986,28,25,53,4235,4010,8245,6,0.333558,0.355205,27404.073956,0.005477,0.003814,109,0.000601,0,39,0.263258,0.043929
21229,Washington County,,KY,731,13043,13774,4,4,8,443,396,839,7,0.231279,0.23806,3.182912,0.000475,0.000024,109,0.000153,0,39,0.5,0.00389
21231,Wayne County,,KY,1462,20887,22349,2,4,6,481,658,1139,7,0.287223,0.298991,3743.269894,0.000008,0.00025,109,0.000134,0,39,0.416667,0.000228
21233,Webster County,,KY,1002,14737,15739,4,4,8,563,629,1192,7,0.26772,0.277507,306.718433,0.000062,0.000054,109,0.000154,0,39,0.75,0.000786
21235,Whitley County,,KY,2568,35063,37631,8,7,15,2243,1610,3853,7,0.287669,0.300104,3132.645238,0.000775,0.000265,109,0.000235,0,39,0.388889,0.005707
21237,Wolfe County,,KY,450,6422,6872,2,2,4,104,119,223,8,0.187694,0.191366,8.5,0.000002,0,90,0.000108,0,39,0,0.000181
21239,Woodford County,,KY,2387,30026,32413,6,8,14,1483,1544,3027,6,0.299314,0.312569,31.328234,0.000765,0.000738,109,0.000195,0,39,0.642857,0.006061
22001,Acadia Parish,,LA,4030,64755,68785,10,10,20,3347,3053,6400,6,0.325681,0.343772,109.581528,0.001341,0.001436,41,0.000208,0,39,0.833333,0.012236
22003,Allen Parish,,LA,1628,23041,24669,7,8,15,814,1123,1937,6,0.325359,0.343041,8.769388,0.00031,0.001226,118,0.00016,0,39,0.732143,0.002921
22005,Ascension Parish,,LA,7689,123802,131491,21,20,41,6478,5289,11767,6,0.329738,0.349421,754.076499,0.003046,0.003661,41,0.000365,0,39,0.51087,0.02754
22007,Assumption Parish,,LA,1398,24196,25594,5,7,12,1155,922,2077,7,0.283217,0.295675,1.556782,0.000357,0.000359,41,0.000114,0,39,0.714286,0.003145
22009,Avoyelles Parish,,LA,1999,43503,45502,6,9,15,870,1152,2022,6,0.325753,0.343772,91.450149,0.000669,0.001712,41,0.000137,0,39,0.644444,0.005667
22011,Beauregard Parish,,LA,3606,35955,39561,6,7,13,1858,1725,3583,6,0.328277,0.346273,242.504154,0.001603,0.001987,118,0.000127,0,39,0.696429,0.013467
22013,Bienville Parish,,LA,1298,14952,16250,7,10,17,774,993,1767,6,0.325574,0.343603,261.712836,0.000314,0.001289,41,0.000174,0,39,0.611111,0.002832
22015,Bossier Parish,,LA,15251,130158,145409,40,45,85,9639,9361,19000,5,0.369057,0.396481,9440.404941,0.0132,0.017636,41,0.000593,0,39,0.498367,0.109086
22017,Caddo Parish,,LA,19672,281683,301355,49,54,103,11875,13659,25534,6,0.365193,0.394626,16162.816061,0.01758,0.018176,41,0.000699,0,39,0.420433,0.142968
22019,Calcasieu Parish,,LA,10515,214660,225175,43,37,80,6065,6660,12725,6,0.347719,0.372681,9840.322896,0.011736,0.010548,118,0.000644,0,39,0.425121,0.099942
22021,Caldwell Parish,,LA,675,10145,10820,2,3,5,284,327,611,7,0.258073,0.268011,6.9906,0.000062,0.000058,41,0.000093,0,39,0.666667,0.000673
22023,Cameron Parish,,LA,600,7383,7983,1,2,3,368,410,778,7,0.25805,0.267572,0,0.000078,0.000089,118,0.000065,0,39,1,0.00083
22025,Catahoula Parish,,LA,653,10203,10856,5,4,9,523,367,890,7,0.256643,0.266476,14.786833,0.000075,0.000057,41,0.00018,0,39,0.25,0.000906
22027,Claiborne Parish,,LA,953,14580,15533,8,6,14,674,474,1148,6,0.272794,0.284272,51.907335,0.000345,0.000271,41,0.000179,0,39,0.517857,0.003049
22029,Concordia Parish,,LA,1554,20010,21564,5,6,11,637,798,1435,6,0.325824,0.343547,3443.613077,0.000399,0.00126,41,0.000156,0,39,0.428571,0.003363
22031,De Soto Parish,,LA,2261,29984,32245,6,5,11,1401,1448,2849,6,0.272744,0.284103,74.82156,0.001159,0.000254,41,0.000137,0,39,0.633333,0.009923
22033,East Baton Rouge Parish,,LA,30977,467401,498378,101,101,202,22220,24492,46712,6,0.394649,0.429146,75827.720357,0.033946,0.034843,41,0.001402,0,39,0.336507,0.270655
22035,East Carroll Parish,,LA,441,7286,7727,3,3,6,169,216,385,6,0.316233,0.331327,465.110916,0.00079,0.000862,41,0.00011,0,39,0.666667,0.006827
22037,East Feliciana Parish,,LA,1640,21005,22645,3,3,6,1012,1134,2146,7,0.283055,0.294916,1,0.000278,0.000276,41,0.000126,0,39,0.666667,0.00247
22039,Evangeline Parish,,LA,1721,34803,36524,9,8,17,1197,1215,2412,6,0.325145,0.34276,210.58994,0.001381,0.001204,41,0.000177,0,39,0.766667,0.012296
22041,Franklin Parish,,LA,1205,21652,22857,4,3,7,487,572,1059,7,0.258028,0.267898,98.463142,0.00032,0.000058,41,0.000158,0,39,0.333333,0.002825
22043,Grant Parish,,LA,1817,20463,22280,3,3,6,1079,1097,2176,7,0.256554,0.266195,20.33401,0.000065,0.000062,41,0.000112,0,39,0.666667,0.000697
22045,Iberia Parish,,LA,4850,84805,89655,14,12,26,3442,3572,7014,6,0.325788,0.344165,8.432339,0.002064,0.001857,41,0.000238,0,39,0.714286,0.018586
22047,Iberville Parish,,LA,2418,33691,36109,6,6,12,1553,1754,3307,6,0.325395,0.342872,182.122634,0.00031,0.001255,41,0.000167,0,39,0.714286,0.003045
22049,Jackson Parish,,LA,1288,16080,17368,4,5,9,539,783,1322,7,0.268496,0.280299,63.03085,0.000099,0.000209,41,0.000122,0,39,0.6,0.001033
22051,Jefferson Parish,,LA,34498,468598,503096,81,81,162,25751,27322,53073,6,0.385566,0.417825,12931.989528,0.03237,0.033454,41,0.000988,0,39,0.450728,0.255543
22053,Jefferson Davis Parish,,LA,2254,33550,35804,10,8,18,1626,1496,3122,6,0.325609,0.343435,343.423,0.000243,0.001412,118,0.00022,0,39,0.575758,0.002923
22055,Lafayette Parish,,LA,16353,246391,262744,42,41,83,12848,12172,25020,6,0.347027,0.37299,3200.546208,0.012436,0.011174,41,0.000613,0,39,0.4375,0.104254
22057,Lafourche Parish,,LA,6187,104477,110664,12,14,26,5113,4326,9439,6,0.325788,0.34439,221.378872,0.001968,0.00217,41,0.000207,0,39,0.697802,0.017698
22059,La Salle Parish,,LA,932,14434,15366,5,6,11,440,446,886,7,0.26027,0.270996,99.53806,0.000126,0.000109,41,0.000171,0,39,0.4,0.001357
22061,Lincoln Parish,,LA,3863,42658,46521,12,15,27,1573,2163,3736,6,0.331433,0.351164,2754.371583,0.002723,0.003787,41,0.000246,0,39,0.504167,0.023549
22063,Livingston Parish,,LA,9045,136671,145716,26,18,44,7594,5996,13590,6,0.327335,0.346599,1367.955541,0.003097,0.002467,41,0.000475,0,39,0.397436,0.028085
22065,Madison Parish,,LA,668,11457,12125,5,3,8,541,275,816,7,0.258118,0.268123,47.412842,0.000237,0.000065,41,0.000168,0,39,0.5,0.002012
22067,Morehouse Parish,,LA,1817,30106,31923,8,5,13,1045,974,2019,6,0.316875,0.332631,1406.003819,0.00108,0.000911,41,0.000223,0,39,0.430556,0.009772
22069,Natchitoches Parish,,LA,2813,39460,42273,11,12,23,1163,1579,2742,6,0.3311,0.35032,5108.244801,0.001455,0.003238,41,0.000244,0,39,0.445055,0.012655
22071,Orleans Parish,,LA,30777,320545,351322,110,81,191,27621,23748,51369,6,0.397453,0.429061,15580.765343,0.046569,0.037563,41,0.001257,0,39,0.470592,0.360484
22073,Ouachita Parish,,LA,9631,170342,179973,36,36,72,5716,5985,11701,6,0.347597,0.372929,39503.442512,0.007694,0.008275,41,0.000776,0,39,0.289037,0.06483
22075,Plaquemines Parish,,LA,3260,24277,27537,6,7,13,1277,1655,2932,6,0.328059,0.34579,7.296138,0.002085,0.002051,41,0.000125,0,39,0.805556,0.017155
22077,Pointe Coupee Parish,,LA,1500,24675,26175,5,5,10,886,924,1810,7,0.283136,0.29531,2.362155,0.0003,0.00029,41,0.000149,0,39,0.7,0.002767
22079,Rapides Parish,,LA,8646,147344,155990,28,31,59,4392,4740,9132,6,0.344767,0.368876,15357.861455,0.006881,0.008614,41,0.000472,0,39,0.418168,0.057308
22081,Red River Parish,,LA,616,8827,9443,4,4,8,537,414,951,6,0.272644,0.283766,0.5,0.000298,0.000241,41,0.000105,0,39,0.916667,0.002306
22083,Richland Parish,,LA,1566,21765,23331,5,5,10,957,890,1847,7,0.258118,0.268348,8.831124,0.000069,0.000069,41,0.000228,0,39,0.45,0.001028
22085,Sabine Parish,,LA,1307,24508,25815,5,6,11,519,587,1106,7,0.276148,0.28898,9.007663,0.000357,0.000391,41,0.000127,0,39,0.666667,0.0032
22087,St. Bernard Parish,,LA,3200,35604,38804,12,10,22,3723,2090,5813,6,0.325645,0.343716,114.537722,0.002664,0.002029,41,0.000217,0,39,0.685897,0.023556
22089,St. Charles Parish,,LA,4128,58674,62802,10,13,23,3565,3044,6609,6,0.325717,0.344165,53.780484,0.001906,0.002106,41,0.000181,0,39,0.814103,0.016883
22091,St. Helena Parish,,LA,1812,14000,15812,3,3,6,1191,1489,2680,7,0.283055,0.294916,0,0.000306,0.00029,41,0.000099,0,39,1,0.002614
22093,St. James Parish,,LA,1417,25587,27004,6,6,12,786,1021,1807,7,0.288228,0.300807,0.236111,0.000585,0.000885,41,0.000126,0,39,0.952381,0.004921
22095,St. John the Baptist Parish,,LA,4737,49690,54427,9,11,20,2270,3809,6079,6,0.329335,0.347791,98.660574,0.001857,0.002888,41,0.000171,0,39,0.836364,0.01641
22097,St. Landry Parish,,LA,6084,95059,101143,15,17,32,3679,4663,8342,6,0.326111,0.345233,289.520195,0.001596,0.002121,41,0.000282,0,39,0.562092,0.014573
22099,St. Martin Parish,,LA,4453,57906,62359,8,10,18,3272,3525,6797,6,0.325717,0.343828,1.203571,0.001265,0.001675,41,0.000165,0,39,0.877778,0.011309
22101,St. Mary Parish,,LA,4316,61607,65923,9,14,23,1814,2888,4702,6,0.329591,0.348522,188.085603,0.001517,0.003051,41,0.000168,0,39,0.681319,0.013366
22103,St. Tammany Parish,,LA,15334,258645,273979,64,50,114,12197,10075,22272,6,0.36924,0.397487,5463.771504,0.023708,0.019474,41,0.000819,0,39,0.481245,0.190397
22105,Tangipahoa Parish,,LA,8244,121268,129512,17,18,35,5990,5607,11597,6,0.332325,0.35222,589.634871,0.002157,0.004059,41,0.000298,0,39,0.552381,0.019547
22107,Tensas Parish,,LA,334,5039,5373,1,1,2,41,59,100,7,0.257983,0.267561,0,0.000009,0.000057,41,0.000072,0,39,1,0.000108
22109,Terrebonne Parish,,LA,8435,123313,131748,20,20,40,4256,6072,10328,6,0.334839,0.355734,536.192695,0.004691,0.004524,41,0.00031,0,39,0.536923,0.039684
22111,Union Parish,,LA,1819,23387,25206,5,5,10,1022,1083,2105,7,0.258703,0.269253,13.723684,0.000122,0.000102,41,0.000159,0,39,0.5,0.001312
22113,Vermilion Parish,,LA,3380,63474,66854,10,9,19,2980,2345,5325,6,0.325645,0.343603,107.523361,0.001355,0.001426,41,0.000198,0,39,0.844444,0.012243
22115,Vernon Parish,,LA,11150,49885,61035,43,45,88,4745,5683,10428,6,0.366819,0.394317,4475.480512,0.01413,0.016123,118,0.000527,0,39,0.58289,0.111795
22117,Washington Parish,,LA,2516,44365,46881,8,11,19,1206,1573,2779,6,0.336549,0.356892,2017.884283,0.00071,0.002951,41,0.000167,0,39,0.563636,0.006357
22119,Webster Parish,,LA,3088,43527,46615,10,9,19,1716,1901,3617,6,0.329225,0.347426,771.274621,0.002713,0.002111,41,0.0002,0,39,0.655556,0.023277
22121,West Baton Rouge Parish,,LA,2630,27129,29759,6,5,11,1844,1900,3744,7,0.283109,0.295253,183.518988,0.001166,0.000301,41,0.000162,0,39,0.833333,0.010306
22123,West Carroll Parish,,LA,658,11857,12515,3,4,7,200,355,555,7,0.25805,0.268067,1.7,0.000068,0.000071,41,0.000138,0,39,0.666667,0.0008
22125,West Feliciana Parish,,LA,868,11457,12325,2,2,4,394,427,821,7,0.283028,0.294747,0,0.00026,0.000253,41,0.000098,0,39,1,0.002161
22127,Winn Parish,,LA,872,13993,14865,4,5,9,385,356,741,7,0.25823,0.268629,18.369421,0.000027,0.00007,41,0.000144,0,39,0.3,0.000456
23001,Androscoggin County,,ME,6614,117343,123957,14,16,30,4045,4098,8143,6,0.319642,0.338168,645.046568,0.002208,0.00343,36,0.000236,0,39,0.52924,0.015935
23003,Aroostook County,,ME,2970,78975,81945,7,8,15,914,1136,2050,7,0.272895,0.284989,6.668766,0.000752,0.0004,36,0.00013,0,39,0.763889,0.005404
23005,Cumberland County,,ME,19083,336567,355650,72,73,145,13771,13457,27228,6,0.374038,0.405346,37085.909015,0.028923,0.032811,36,0.00082,0,39,0.508403,0.218054
23007,Franklin County,,ME,1695,31510,33205,7,7,14,1290,893,2183,7,0.27287,0.284821,0.333333,0.000454,0.000401,36,0.000144,0,39,0.952381,0.003557
23009,Hancock County,,ME,3205,63110,66315,11,7,18,1528,1267,2795,6,0.297064,0.311984,124.476606,0.00109,0.001034,36,0.000203,0,39,0.727273,0.008642
23011,Kennebec County,,ME,7381,139694,147075,21,19,40,4414,4869,9283,6,0.314722,0.332754,2068.497626,0.004342,0.003728,36,0.000342,0,39,0.463768,0.033265
23013,Knox County,,ME,2212,46450,48662,7,7,14,1024,1031,2055,7,0.272543,0.284405,40.684057,0.001057,0.000312,36,0.00015,0,39,0.833333,0.008101
23015,Lincoln County,,ME,2291,41100,43391,9,6,15,1297,1232,2529,7,0.272368,0.28405,41.463115,0.001092,0.000277,36,0.000175,0,39,0.791667,0.008411
23017,Oxford County,,ME,3757,61135,64892,9,7,16,2164,2193,4357,7,0.272945,0.284961,25.49835,0.001477,0.000418,36,0.000154,0,39,0.805556,0.011078
23019,Penobscot County,,ME,8369,163748,172117,24,29,53,4509,5219,9728,6,0.344327,0.366329,8055.084768,0.005823,0.00726,36,0.000354,0,39,0.439394,0.043819
23021,Piscataquis County,,ME,1077,18049,19126,2,3,5,432,458,890,7,0.272443,0.28373,0,0.000057,0.00026,36,0.000078,0,39,1,0.000528
23023,Sagadahoc County,,ME,3126,41946,45072,6,6,12,2020,1961,3981,6,0.326219,0.343485,112.054221,0.00045,0.001281,36,0.000132,0,39,0.761905,0.003422
23025,Somerset County,,ME,3240,53389,56629,9,9,18,2650,2154,4804,7,0.27292,0.285158,36.421143,0.000458,0.000401,36,0.000188,0,39,0.688889,0.003734
23027,Waldo County,,ME,2483,43187,45670,10,8,18,1580,1432,3012,7,0.272895,0.284989,3.977026,0.000443,0.000397,36,0.00021,0,39,0.711111,0.003854
23029,Washington County,,ME,1773,35018,36791,4,6,10,429,764,1193,7,0.272518,0.284236,0.2,0.000307,0.000306,36,0.000109,0,39,0.933333,0.002337
23031,York County,,ME,12397,238100,250497,38,42,80,9321,8607,17928,6,0.34825,0.372355,5241.639603,0.010973,0.013378,36,0.000462,0,39,0.468571,0.080877
24001,Allegany County,,MD,2938,73769,76707,8,12,20,1123,1454,2577,6,0.306936,0.323097,5510.19426,0.001042,0.002328,90,0.000223,0,39,0.423077,0.008037
24003,Anne Arundel County,,MD,47897,646710,694607,164,159,323,39434,37690,77124,6,0.403511,0.444255,18355.864051,0.069114,0.067842,35,0.001545,0,39,0.419126,0.512948
24005,Baltimore County,,MD,61897,956723,1018620,133,142,275,55712,53477,109189,6,0.39708,0.436442,13020.73432,0.061482,0.065171,35,0.00122,0,39,0.527227,0.449284
24009,Calvert County,,MD,6257,108476,114733,12,13,25,3865,3265,7130,6,0.313425,0.330793,2.709899,0.005077,0.005207,35,0.000154,0,39,0.824176,0.038608
24011,Caroline County,,MD,2512,36402,38914,9,10,19,1811,1812,3623,7,0.296975,0.31224,6.713838,0.001339,0.002331,35,0.00015,0,39,0.790909,0.010553
24013,Carroll County,,MD,9873,208098,217971,15,19,34,7137,6693,13830,6,0.316098,0.335138,20.581219,0.004438,0.006025,35,0.000182,0,39,0.713158,0.032657
24015,Cecil County,,MD,7254,114525,121779,17,16,33,4506,4282,8788,6,0.335369,0.355391,76.984672,0.00598,0.00584,94,0.000174,0,39,0.819048,0.039599
24017,Charles County,,MD,12841,176497,189338,26,34,60,9278,8590,17868,6,0.352724,0.377336,628.246129,0.011549,0.015986,35,0.000297,0,39,0.702703,0.087565
24019,Dorchester County,,MD,2221,36492,38713,10,9,19,1367,1231,2598,7,0.296856,0.311903,5.638359,0.00264,0.00218,35,0.000151,0,39,0.9,0.02037
24021,Frederick County,,MD,17479,289912,307391,43,59,102,12266,11824,24090,6,0.378575,0.408044,5487.183496,0.019417,0.029413,35,0.000463,0,39,0.617008,0.147318
24023,Garrett County,,MD,1326,34538,35864,4,5,9,451,490,941,7,0.262459,0.272072,159.44935,0.000241,0.000043,90,0.000119,0,39,0.266667,0.001494
24025,Harford County,,MD,17024,304129,321153,41,52,93,11797,11672,23469,6,0.365148,0.39294,494.094046,0.019369,0.025302,35,0.00038,0,39,0.669751,0.140788
24027,Howard County,,MD,27543,354239,381782,90,77,167,24963,21334,46297,6,0.384565,0.415897,3768.846542,0.045248,0.039132,35,0.000831,0,39,0.613459,0.333538
24029,Kent County,,MD,1685,21678,23363,6,6,12,653,975,1628,7,0.288874,0.303477,0.70919,0.001576,0.001114,35,0.000102,0,39,0.857143,0.011393
24031,Montgomery County,,MD,78324,1210604,1288928,221,216,437,64662,67439,132101,5,0.431712,0.47475,36788.52967,0.088894,0.088012,35,0.0021,0,39,0.35626,0.652614
24033,Prince George's County,,MD,74546,1009005,1083551,165,158,323,64062,65570,129632,6,0.410836,0.451192,21362.867632,0.071753,0.066524,35,0.00158,0,39,0.423143,0.533509
24035,Queen Anne's County,,MD,3992,56937,60929,13,14,27,2886,2628,5514,6,0.305261,0.321057,27.780487,0.003526,0.003682,35,0.000182,0,39,0.71978,0.026729
24037,St. Mary's County,,MD,8405,126117,134522,27,25,52,4283,4291,8574,6,0.347312,0.36964,113.841535,0.012884,0.012185,35,0.000287,0,39,0.696552,0.097649
24039,Somerset County,,MD,1532,21765,23297,3,5,8,775,851,1626,7,0.291859,0.305557,0,0.000201,0.000799,94,0.000082,0,39,0.9,0.001918
24041,Talbot County,,MD,2655,44860,47515,11,9,20,1599,1373,2972,6,0.303511,0.318089,20.634612,0.003302,0.002302,35,0.000159,0,39,0.845455,0.025176
24043,Washington County,,MD,9252,168769,178021,24,21,45,6140,5764,11904,6,0.317418,0.336802,4541.160664,0.006401,0.006228,35,0.000308,0,39,0.571667,0.048298
24045,Wicomico County,,MD,6761,105802,112563,20,20,40,4195,4065,8260,6,0.316875,0.336234,1315.459668,0.007306,0.006088,94,0.00025,0,39,0.639493,0.054651
24047,Worcester County,,MD,4695,62188,66883,16,16,32,2779,2863,5642,6,0.332176,0.351568,496.899569,0.004916,0.005008,94,0.0002,0,39,0.69883,0.03626
24510,Baltimore city,,MD,54884,580595,635479,119,116,235,40855,48120,88975,6,0.400622,0.436391,6796.908019,0.055776,0.055571,35,0.00109,0,39,0.560375,0.407675
25001,Barnstable County,,MA,13436,276275,289711,52,49,101,10345,8730,19075,6,0.356071,0.381967,1273.7357,0.024394,0.022645,36,0.000493,0,39,0.62212,0.177739
25003,Berkshire County,,MA,5318,152242,157560,23,26,49,2413,2342,4755,6,0.337315,0.358499,965.402979,0.009328,0.009388,36,0.000235,0,39,0.695402,0.065134
25005,Bristol County,,MA,23189,632509,655698,44,59,103,19308,18397,37705,6,0.36367,0.392344,523.393179,0.02138,0.027727,36,0.000405,0,39,0.689582,0.157002
25007,Dukes County,,MA,1128,21590,22718,5,4,9,323,262,585,6,0.297184,0.311647,0,0.001899,0.001523,36,0.000089,0,39,1,0.013677
25009,Essex County,,MA,39181,899455,938636,104,107,211,33362,32216,65578,6,0.39044,0.425745,6370.086444,0.049147,0.050644,36,0.000954,0,39,0.560309,0.361313
25011,Franklin County,,MA,4791,82958,87749,12,11,23,3077,2997,6074,6,0.299132,0.314868,82.353982,0.003633,0.003149,36,0.000154,0,39,0.824176,0.025555
25013,Hampden County,,MA,18784,523639,542423,56,65,121,11579,13459,25038,6,0.371135,0.400815,843.918472,0.028744,0.031411,36,0.000498,0,39,0.71205,0.209119
25015,Hampshire County,,MA,11733,167428,179161,28,29,57,7169,7970,15139,6,0.350846,0.373789,1271.47342,0.011452,0.014027,36,0.000282,0,39,0.740476,0.081977
25017,Middlesex County,,MA,105386,1806871,1912257,230,219,449,92105,94362,186467,5,0.421764,0.467358,65575.554572,0.089032,0.085107,36,0.002173,0,39,0.334291,0.651884
25019,Nantucket County,,MA,945,13507,14452,3,3,6,156,174,330,6,0.297094,0.31145,0,0.001293,0.001202,36,0.000075,0,39,1,0.009618
25021,Norfolk County,,MA,53848,814440,868288,115,113,228,47800,47600,95400,6,0.396126,0.43158,4655.705363,0.053369,0.054311,36,0.001032,0,39,0.56512,0.39204
25023,Plymouth County,,MA,26009,601426,627435,51,62,113,23531,21349,44880,6,0.373567,0.403125,855.660247,0.026305,0.032214,36,0.000482,0,39,0.692447,0.195982
25025,Suffolk County,,MA,75366,726853,802219,151,149,300,57883,68636,126519,6,0.407897,0.447212,11391.797309,0.066377,0.067194,36,0.001336,0,39,0.476746,0.481569
25027,Worcester County,,MA,35570,943600,979170,107,124,231,27513,28413,55926,6,0.39334,0.430753,5153.696364,0.049547,0.055543,36,0.000932,0,39,0.523693,0.361485
26001,Alcona County,,MI,745,11952,12697,6,3,9,516,249,765,7,0.30317,0.317479,0.234483,0.001805,0.000625,38,0.000121,0,39,0.9,0.01271
26003,Alger County,,MI,575,10057,10632,2,2,4,266,183,449,7,0.256001,0.263972,471.394769,0.000022,0.000023,18,0.000114,0,39,0.833333,0.000351
26005,Allegan County,,MI,9455,133177,142632,14,11,25,7164,7031,14195,6,0.330952,0.348893,118.16211,0.003406,0.002761,38,0.000184,0,39,0.769231,0.023781
26007,Alpena County,,MI,1621,34113,35734,7,7,14,589,537,1126,7,0.304916,0.320532,1339.282618,0.001459,0.001258,38,0.000193,0,39,0.5,0.010667
26009,Antrim County,,MI,2071,27189,29260,8,8,16,1249,1151,2400,7,0.305104,0.320981,26.744009,0.001511,0.001597,38,0.000184,0,39,0.75,0.011111
26011,Arenac County,,MI,1108,17950,19058,7,6,13,744,596,1340,7,0.297273,0.311667,0.396825,0.00127,0.000716,38,0.000123,0,39,0.910714,0.008938
26013,Baraga County,,MI,376,8538,8914,2,2,4,335,153,488,7,0.256466,0.264489,0,0.00003,0.000023,18,0.000119,0,39,1,0.000343
26015,Barry County,,MI,4415,69304,73719,8,11,19,3133,3088,6221,7,0.29805,0.313522,5.828238,0.000993,0.001395,38,0.000131,0,39,0.781818,0.006422
26017,Bay County,,MI,5305,131174,136479,15,18,33,3252,3198,6450,7,0.305544,0.322808,42.344377,0.002605,0.002422,38,0.000211,0,39,0.614379,0.018093
26019,Benzie County,,MI,1479,20822,22301,7,3,10,988,631,1619,7,0.256156,0.264652,1.166667,0.001221,0.000067,38,0.000165,0,39,0.785714,0.009052
26021,Berrien County,,MI,11373,182006,193379,28,34,62,5958,6918,12876,6,0.370996,0.396655,1439.28955,0.010113,0.012683,18,0.000326,0,39,0.54386,0.072952
26023,Branch County,,MI,2850,48325,51175,10,8,18,1493,1555,3048,7,0.305073,0.320644,122.326572,0.00117,0.001019,38,0.000168,0,39,0.511111,0.008625
26025,Calhoun County,,MI,8424,150410,158834,22,22,44,4830,5011,9841,6,0.352096,0.374177,796.332683,0.005931,0.00591,38,0.00027,0,39,0.6,0.04371
26027,Cass County,,MI,4072,57020,61092,8,6,14,3103,2745,5848,7,0.28414,0.295889,0.847046,0.001754,0.000393,18,0.00013,0,39,0.910714,0.012564
26029,Charlevoix County,,MI,2027,31659,33686,9,8,17,1198,1097,2295,7,0.305104,0.320981,3.489876,0.001862,0.001603,38,0.000188,0,39,0.805556,0.013721
26031,Cheboygan County,,MI,1885,30067,31952,8,7,15,858,801,1659,7,0.305073,0.320813,2563.856902,0.001586,0.001561,38,0.000198,0,39,0.541667,0.011902
26033,Chippewa County,,MI,2052,39229,41281,4,6,10,251,452,703,7,0.305576,0.321375,7031.690418,0.001549,0.001652,38,0.000091,0,39,0.566667,0.011462
26035,Clare County,,MI,2477,32027,34504,12,13,25,1301,1428,2729,7,0.305198,0.321712,51.636791,0.002232,0.001927,38,0.000182,0,39,0.609524,0.015162
26037,Clinton County,,MI,6684,87844,94528,16,18,34,5494,4810,10304,7,0.305576,0.322864,52.34623,0.00304,0.002779,38,0.000202,0,39,0.684211,0.020848
26039,Crawford County,,MI,1193,14308,15501,3,3,6,387,403,790,8,0.233962,0.241408,11.913987,0.000606,0.000033,38,0.000099,0,39,0.416667,0.004716
26041,Delta County,,MI,1915,44680,46595,5,6,11,564,849,1413,7,0.266637,0.27744,2600.034987,0.000111,0.000085,18,0.000209,0,39,0.5,0.001108
26043,Dickinson County,,MI,1330,32187,33517,7,7,14,517,520,1037,7,0.266661,0.277609,3511.518969,0.000118,0.000091,18,0.000257,0,39,0.428571,0.00132
26045,Eaton County,,MI,11865,126283,138148,20,22,42,8107,8276,16383,6,0.345853,0.367083,525.582154,0.004265,0.005485,38,0.000239,0,39,0.642292,0.03061
26047,Emmet County,,MI,2646,40195,42841,12,8,20,1507,1235,2742,7,0.305104,0.320981,946.3065,0.002426,0.001599,38,0.000213,0,39,0.621212,0.016728
26049,Genesee County,,MI,23417,479763,503180,56,90,146,13296,17155,30451,6,0.388394,0.421062,13123.998417,0.020424,0.031519,38,0.000633,0,39,0.367695,0.158092
26051,Gladwin County,,MI,1901,28592,30493,11,11,22,1221,1147,2368,7,0.305073,0.321262,2.082512,0.002232,0.001806,38,0.000153,0,39,0.856061,0.015052
26053,Gogebic County,,MI,800,16510,17310,2,1,3,135,100,235,1,1,1,1,0,0,37,0.000489,30,92,0,0.000157
26055,Grand Traverse County,,MI,6780,107815,114595,26,23,49,4384,4011,8395,6,0.344167,0.365368,3868.455638,0.005107,0.004626,38,0.000445,0,39,0.422414,0.037074
26057,Gratiot County,,MI,2523,43201,45724,10,8,18,1648,1501,3149,7,0.287613,0.300773,2.20554,0.00083,0.000613,38,0.000152,0,39,0.711111,0.005702
26059,Hillsdale County,,MI,2992,50067,53059,8,10,18,1739,1801,3540,7,0.305481,0.321796,96.328723,0.001356,0.001729,38,0.000131,0,39,0.555556,0.009094
26061,Houghton County,,MI,2236,36548,38784,3,5,8,298,559,857,7,0.305292,0.320785,6516.250165,0.000021,0.001203,18,0.000207,0,39,0.35,0.00042
26063,Huron County,,MI,1646,41601,43247,9,9,18,934,927,1861,7,0.304978,0.320869,1.256489,0.001927,0.001766,38,0.000134,0,39,0.875,0.013774
26065,Ingham County,,MI,26849,283039,309888,48,83,131,15539,20640,36179,6,0.389926,0.422215,10757.284641,0.016063,0.036193,38,0.00054,0,39,0.450616,0.123531
26067,Ionia County,,MI,4262,68811,73073,8,9,17,2709,2903,5612,7,0.287473,0.300605,7.75537,0.001363,0.000685,38,0.00013,0,39,0.755556,0.009596
26069,Iosco County,,MI,2047,28635,30682,10,10,20,985,1033,2018,7,0.30501,0.321038,19.460107,0.001899,0.001746,38,0.00019,0,39,0.7,0.013711
26071,Iron County,,MI,613,13276,13889,1,2,3,51,138,189,7,0.256067,0.26414,0,0.000001,0.000024,18,0.000081,0,39,1,0.000098
26073,Isabella County,,MI,5101,61388,66489,17,21,38,2505,3072,5577,6,0.331285,0.350523,336.359232,0.002643,0.003721,38,0.000237,0,39,0.627706,0.018622
26075,Jackson County,,MI,8571,176102,184673,21,19,40,5046,5408,10454,6,0.344727,0.365649,435.945123,0.006736,0.005296,38,0.000244,0,39,0.675325,0.049536
26077,Kalamazoo County,,MI,16745,278865,295610,45,59,104,10640,11116,21756,6,0.382679,0.412546,5169.121061,0.014375,0.024733,38,0.00051,0,39,0.464881,0.107646
26079,Kalkaska County,,MI,1489,18507,19996,5,4,9,834,728,1562,7,0.303356,0.317929,509.075052,0.000404,0.00066,38,0.000141,0,39,0.566667,0.003378
26081,Kent County,,MI,34260,725730,759990,119,118,237,27087,26675,53762,6,0.39938,0.435003,51923.041805,0.044826,0.046623,38,0.001392,0,39,0.400949,0.343235
26083,Keweenaw County,,MI,175,2536,2711,1,1,2,107,97,204,8,0.233907,0.240627,0,0.000009,0,18,0.000086,0,39,0,0.000085
26085,Lake County,,MI,1054,10487,11541,7,7,14,546,544,1090,7,0.285645,0.298255,6.304701,0.00039,0.000402,38,0.000185,0,39,0.571429,0.0036
26087,Lapeer County,,MI,6015,105472,111487,8,9,17,4467,4164,8631,7,0.305135,0.321066,1.091294,0.001909,0.00205,38,0.000124,0,39,0.875,0.013552
26089,Leelanau County,,MI,1829,26958,28787,6,4,10,1130,1014,2144,7,0.297631,0.312032,243.873927,0.00217,0.000958,38,0.000149,0,39,0.8,0.016267
26091,Lenawee County,,MI,5776,114622,120398,12,14,26,3697,3504,7201,6,0.337085,0.35706,194.471081,0.002662,0.003353,38,0.000157,0,39,0.67033,0.017715
26093,Livingston County,,MI,12964,224098,237062,22,28,50,11069,8896,19965,6,0.357272,0.380691,406.598428,0.007229,0.011656,38,0.000249,0,39,0.650202,0.053745
26095,Luce County,,MI,318,6288,6606,1,0,1,46,0,46,0,0,0,0,0,0,38,0.000064,0,29,0,0.00008
26097,Mackinac County,,MI,906,13565,14471,1,4,5,182,262,444,8,0.234276,0.241852,2966.533333,0.000012,0.000041,38,0.000063,0,39,0.166667,0.00016
26099,Macomb County,,MI,51581,1033612,1085193,93,112,205,47288,43966,91254,6,0.40247,0.437116,19378.325215,0.040678,0.046872,38,0.000985,0,39,0.451023,0.310974
26101,Manistee County,,MI,1602,27614,29216,9,7,16,729,657,1386,7,0.303604,0.318716,344.269653,0.001835,0.001004,38,0.00021,0,39,0.625,0.013591
26103,Marquette County,,MI,3619,74246,77865,16,11,27,1184,1152,2336,6,0.343968,0.363794,27962.458726,0.003106,0.002848,18,0.000436,0,39,0.261438,0.022932
26105,Mason County,,MI,1852,33944,35796,8,6,14,877,761,1638,7,0.285563,0.297974,25.550219,0.001694,0.000495,38,0.000174,0,39,0.642857,0.013024
26107,Mecosta County,,MI,3214,40044,43258,12,12,24,1803,1691,3494,7,0.305261,0.321712,106.993198,0.00234,0.002015,38,0.000207,0,39,0.615385,0.016695
26109,Menominee County,,MI,1267,27565,28832,4,5,9,723,713,1436,7,0.266613,0.277271,2.833333,0.000096,0.000091,18,0.000149,0,39,0.8,0.000909
26111,Midland County,,MI,6094,100208,106302,19,19,38,3371,3367,6738,6,0.349811,0.371973,1042.999346,0.005583,0.00589,38,0.000249,0,39,0.607143,0.042065
26113,Missaukee County,,MI,1177,16825,18002,3,3,6,444,600,1044,8,0.234091,0.241717,2.177935,0.000029,0.000035,38,0.000108,0,39,0.333333,0.000504
26115,Monroe County,,MI,9666,182577,192243,11,17,28,6536,6574,13110,6,0.345169,0.366194,84.090205,0.003841,0.005549,38,0.000141,0,39,0.699346,0.02702
26117,Montcalm County,,MI,4896,68084,72980,13,12,25,3484,3332,6816,7,0.303791,0.319615,49.170449,0.001516,0.001299,38,0.000197,0,39,0.582418,0.010905
26119,Montmorency County,,MI,869,10493,11362,4,4,8,292,396,688,7,0.303201,0.317648,1.735714,0.001225,0.000635,38,0.000113,0,39,0.6,0.009163
26121,Muskegon County,,MI,8032,190793,198825,20,16,36,5444,4982,10426,6,0.351387,0.373406,1212.602817,0.005002,0.005698,38,0.000284,0,39,0.555336,0.036354
26123,Newaygo County,,MI,3656,53880,57536,9,8,17,2250,2369,4619,7,0.285673,0.298424,19.636458,0.001133,0.000517,38,0.000191,0,39,0.638889,0.009036
26125,Oakland County,,MI,86804,1474218,1561022,213,216,429,81152,75875,157027,6,0.422545,0.467375,91733.288156,0.078418,0.078682,38,0.002314,0,39,0.29798,0.589381
26127,Oceana County,,MI,2234,30450,32684,7,6,13,1163,1432,2595,6,0.291917,0.304896,20.656304,0.001316,0.000729,38,0.000152,0,39,0.761905,0.010523
26129,Ogemaw County,,MI,1618,23257,24875,10,9,19,944,726,1670,7,0.30501,0.320925,10.436866,0.001911,0.001706,38,0.000164,0,39,0.833333,0.013768
26131,Ontonagon County,,MI,406,7081,7487,0,1,1,0,53,53,2,0.666667,0.75,0,0,0,37,0.00005,30,93,0,0
26133,Osceola County,,MI,1823,25408,27231,10,8,18,1127,1106,2233,7,0.285728,0.298536,953.771788,0.001019,0.000407,38,0.000216,0,39,0.454545,0.008363
26135,Oscoda County,,MI,624,8987,9611,4,0,4,293,0,293,0,0,0,0,0.001441,0,38,0.000097,0,15,0.75,0.010197
26137,Otsego County,,MI,2054,29069,31123,12,10,22,943,849,1792,7,0.30501,0.321038,1152.818756,0.001882,0.001586,38,0.000254,0,39,0.530303,0.013911
26139,Ottawa County,,MI,17805,317691,335496,43,36,79,15061,13264,28325,6,0.359743,0.385233,4016.217194,0.013604,0.011948,38,0.000509,0,39,0.475102,0.101442
26141,Presque Isle County,,MI,834,15795,16629,3,2,5,265,284,549,8,0.233888,0.241015,0.809524,0.000643,0.000023,38,0.000106,0,39,0.666667,0.004808
26143,Roscommon County,,MI,2037,26493,28530,11,9,20,1192,882,2074,7,0.305041,0.320981,4075.112672,0.002157,0.001712,38,0.000193,0,39,0.575758,0.014598
26145,Saginaw County,,MI,10698,226866,237564,30,36,66,5566,7031,12597,6,0.357358,0.382355,2911.371757,0.006512,0.008916,38,0.000377,0,39,0.425641,0.048971
26147,St. Clair County,,MI,9429,192862,202291,14,15,29,5678,5886,11564,6,0.337354,0.35751,225.735443,0.005381,0.00434,38,0.00018,0,39,0.766667,0.039233
26149,St. Joseph County,,MI,3759,71196,74955,12,11,23,2040,2138,4178,7,0.289919,0.303859,191.708225,0.002426,0.000893,18,0.000185,0,39,0.628205,0.017669
26151,Sanilac County,,MI,3000,49288,52288,8,8,16,1912,2033,3945,7,0.304916,0.320644,0.5,0.001859,0.001713,38,0.000126,0,39,0.928571,0.013278
26153,Schoolcraft County,,MI,404,9061,9465,2,2,4,369,148,517,7,0.256023,0.264028,0.75,0.000001,0.000024,18,0.000128,0,39,0.833333,0.000176
26155,Shiawassee County,,MI,5088,82037,87125,12,12,24,3140,3282,6422,7,0.305387,0.321853,27.588616,0.002796,0.002546,38,0.000155,0,39,0.871795,0.01844
26157,Tuscola County,,MI,3662,65173,68835,9,11,20,2129,2452,4581,7,0.305198,0.321487,2.739074,0.001908,0.002113,38,0.000138,0,39,0.818182,0.013589
26159,Van Buren County,,MI,6260,88283,94543,11,13,24,3851,4215,8066,6,0.340609,0.360096,187.544319,0.002453,0.003407,38,0.000171,0,39,0.717949,0.018101
26161,Washtenaw County,,MI,31034,373869,404903,88,98,186,21226,23696,44922,6,0.397134,0.430967,5460.03177,0.04107,0.046425,38,0.000862,0,39,0.547297,0.308847
26163,Wayne County,,MI,111626,1983538,2095164,222,251,473,79394,99004,178398,6,0.434814,0.482007,121510.160846,0.08115,0.084173,38,0.00241,0,39,0.273486,0.608918
26165,Wexford County,,MI,2642,36297,38939,10,12,22,1461,1383,2844,7,0.305261,0.321712,2341.795745,0.00152,0.001752,38,0.000228,0,39,0.455128,0.01029
27001,Aitkin County,,MN,1118,16886,18004,7,5,12,955,445,1400,6,0.305607,0.319393,1.5171,0.000778,0.000638,40,0.000158,0,39,0.761905,0.006113
27003,Anoka County,,MN,28164,407070,435234,43,53,96,24488,23467,47955,6,0.375269,0.403367,10295.597739,0.008542,0.015285,40,0.00074,0,39,0.28609,0.069641
27005,Becker County,,MN,2485,38629,41114,9,8,17,1379,1484,2863,6,0.306968,0.321535,4748.73166,0.00082,0.000658,40,0.000225,0,39,0.522222,0.00651
27007,Beltrami County,,MN,4265,47417,51682,14,16,30,1543,2086,3629,6,0.336511,0.356594,6089.61881,0.001348,0.002174,40,0.00034,0,39,0.428947,0.010942
27009,Benton County,,MN,4722,43867,48589,10,9,19,3461,3534,6995,6,0.305796,0.320112,0.984414,0.001279,0.001009,40,0.000205,0,39,0.922222,0.010093
27011,Big Stone County,,MN,292,6086,6378,0,0,0,0,0,0,0,0,0,0,0,0,39,0.00005,31,94,0,0
27013,Blue Earth County,,MN,5678,65726,71404,22,18,40,3849,3565,7414,6,0.306587,0.322378,5450.958133,0.001461,0.001323,40,0.000486,0,39,0.369565,0.012517
27015,Brown County,,MN,1665,32508,34173,7,6,13,646,705,1351,6,0.305828,0.319871,2762.332067,0.000619,0.000743,40,0.000191,0,39,0.410714,0.005087
27017,Carlton County,,MN,2285,39971,42256,5,7,12,1141,1284,2425,6,0.305922,0.320084,3.612946,0.000908,0.00098,40,0.000142,0,39,0.714286,0.007422
27019,Carver County,,MN,7759,114911,122670,15,14,29,6233,5283,11516,6,0.343888,0.363755,503.159351,0.003177,0.00313,40,0.000273,0,39,0.658088,0.025494
27021,Cass County,,MN,3058,33303,36361,12,11,23,1787,2066,3853,6,0.306049,0.320759,484.11375,0.00127,0.001031,40,0.000246,0,39,0.571429,0.010046
27023,Chippewa County,,MN,1054,14992,16046,4,5,9,411,481,892,6,0.305796,0.319702,7272.392931,0.000009,0.000569,40,0.0002,0,39,0.2,0.000402
27025,Chisago County,,MN,4899,63239,68138,11,11,22,3602,3737,7339,6,0.306017,0.320675,7.138452,0.001335,0.001241,40,0.000217,0,39,0.712121,0.010553
27027,Clay County,,MN,5066,64543,69609,11,12,23,2798,3208,6006,6,0.307605,0.323052,683.864378,0.000767,0.001221,40,0.000307,0,39,0.519048,0.006634
27029,Clearwater County,,MN,504,9557,10061,2,2,4,270,222,492,7,0.251912,0.260096,0,0.000021,0.000015,40,0.0001,0,39,1,0.000313
27031,Cook County,,MN,428,6528,6956,0,2,2,0,93,93,6,0.305553,0.318948,0,0,0.000602,40,0.00005,0,95,1,0
27033,Cottonwood County,,MN,966,14548,15514,5,4,9,302,290,592,7,0.236048,0.243667,43.53329,0.000014,0.000012,40,0.000193,0,39,0.2,0.000443
27035,Crow Wing County,,MN,4667,73126,77793,19,22,41,2910,2879,5789,6,0.337469,0.358645,986.455876,0.002365,0.003146,40,0.000375,0,39,0.467692,0.019951
27037,Dakota County,,MN,34997,502751,537748,76,89,165,28671,28237,56908,5,0.390234,0.421889,34221.322014,0.022064,0.029027,40,0.001181,0,39,0.295517,0.175253
27039,Dodge County,,MN,1452,24659,26111,5,5,10,1226,859,2085,6,0.28155,0.293097,1.28869,0.000666,0.00025,40,0.000123,0,39,0.833333,0.00539
27041,Douglas County,,MN,2534,44664,47198,11,13,24,1192,1398,2590,6,0.307254,0.322546,3544.318274,0.001303,0.001254,40,0.000279,0,39,0.521978,0.010298
27043,Faribault County,,MN,1228,17666,18894,5,4,9,339,609,948,6,0.305765,0.319466,6.632195,0.000087,0.000583,40,0.00016,0,39,0.7,0.001213
27045,Fillmore County,,MN,1378,25104,26482,4,5,9,706,823,1529,6,0.305765,0.319674,90.188634,0.00008,0.000638,40,0.000115,0,39,0.7,0.00098
27047,Freeborn County,,MN,1815,38421,40236,10,11,21,936,918,1854,6,0.306397,0.321237,5732.843408,0.000949,0.001166,40,0.000252,0,39,0.469697,0.008117
27049,Goodhue County,,MN,3599,57217,60816,11,10,21,1995,2276,4271,6,0.306049,0.320646,36.122012,0.001356,0.001244,40,0.000231,0,39,0.627273,0.010721
27051,Grant County,,MN,531,7415,7946,2,3,5,161,325,486,7,0.251912,0.260293,67.188279,0.000026,0.000026,40,0.000085,0,39,0.5,0.000397
27053,Hennepin County,,MN,92407,1420011,1512418,256,246,502,78519,80804,159323,5,0.439585,0.484503,358671.990392,0.075807,0.078912,40,0.003583,0,39,0.224431,0.575721
27055,Houston County,,MN,1240,23987,25227,3,4,7,528,721,1249,6,0.263626,0.273339,4.602674,0.000049,0.000109,18,0.000109,0,39,0.833333,0.000667
27057,Hubbard County,,MN,1722,22239,23961,8,6,14,1634,849,2483,6,0.306872,0.321141,341.714323,0.000964,0.000644,40,0.000176,0,39,0.694444,0.007165
27059,Isanti County,,MN,3766,44118,47884,11,12,23,2788,2828,5616,6,0.306049,0.320843,4.544791,0.001327,0.001258,40,0.000212,0,39,0.795455,0.01047
27061,Itasca County,,MN,2277,52070,54347,10,9,19,1086,1047,2133,6,0.306049,0.320506,6.705203,0.001276,0.001211,40,0.000214,0,39,0.681818,0.009967
27063,Jackson County,,MN,715,12840,13555,4,4,8,312,310,622,7,0.237295,0.244858,786.065306,0.000014,0.000005,40,0.000175,0,39,0.166667,0.000395
27065,Kanabec County,,MN,1639,17689,19328,6,9,15,877,1046,1923,6,0.305765,0.320056,1.794877,0.000732,0.000713,40,0.000139,0,39,0.666667,0.005629
27067,Kandiyohi County,,MN,2772,52075,54847,10,11,21,1100,1245,2345,6,0.30992,0.325604,10575.81657,0.001125,0.001209,40,0.000246,0,39,0.357143,0.009013
27069,Kittson County,,MN,266,5474,5740,1,1,2,52,40,92,8,0.2035,0.208202,0,0,0,40,0.000085,0,39,0,0.000088
27071,Koochiching County,,MN,668,15356,16024,2,4,6,104,202,306,6,0.305639,0.319337,0,0.00062,0.000621,40,0.000082,0,39,1,0.004779
27073,Lac qui Parle County,,MN,478,8954,9432,1,1,2,93,81,174,7,0.234202,0.240238,0,0.000004,0,40,0.000084,0,39,0,0.000087
27075,Lake County,,MN,754,12736,13490,1,2,3,307,342,649,6,0.305513,0.318887,0,0.000037,0.000602,40,0.000069,0,39,1,0.00045
27077,Lake of the Woods County,,MN,244,4808,5052,1,1,2,55,50,105,7,0.23487,0.241002,0,0.000005,0.000005,40,0.000092,0,39,0,0.000122
27079,Le Sueur County,,MN,2603,32942,35545,9,10,19,2497,1861,4358,6,0.305922,0.320489,258.006782,0.000877,0.000832,40,0.000194,0,39,0.677778,0.007061
27081,Lincoln County,,MN,409,6767,7176,1,2,3,143,181,324,7,0.23633,0.24365,3.615079,0.000009,0.00002,40,0.000068,0,39,0,0.000131
27083,Lyon County,,MN,2304,30139,32443,8,12,20,692,1012,1704,6,0.307796,0.323328,14682.261381,0.000707,0.001178,40,0.000247,0,39,0.301282,0.005892
27085,McLeod County,,MN,2722,45169,47891,11,12,23,1463,1704,3167,6,0.306175,0.321068,94.13785,0.001193,0.001204,40,0.000229,0,39,0.596154,0.009831
27087,Mahnomen County,,MN,367,5592,5959,1,2,3,303,194,497,7,0.235149,0.241845,0.566667,0.000005,0.000011,40,0.000074,0,39,0,0.000137
27089,Marshall County,,MN,611,11732,12343,4,5,9,316,379,695,7,0.255471,0.265094,5955.068092,0.000047,0.000035,40,0.000206,0,39,0.45,0.000618
27091,Martin County,,MN,1309,26051,27360,6,5,11,391,465,856,6,0.305922,0.319803,7157.016661,0.000598,0.000572,40,0.000221,0,39,0.233333,0.004879
27093,Meeker County,,MN,1636,27869,29505,5,5,10,924,875,1799,6,0.305765,0.319578,1.692857,0.000644,0.000623,40,0.000133,0,39,0.85,0.005252
27095,Mille Lacs County,,MN,2653,29056,31709,13,13,26,1744,1966,3710,6,0.306017,0.320927,12.590813,0.001298,0.001072,40,0.000262,0,39,0.703297,0.010509
27097,Morrison County,,MN,1895,40164,42059,10,9,19,1186,1229,2415,6,0.305796,0.320112,48.956813,0.000695,0.000675,40,0.000218,0,39,0.655556,0.006153
27099,Mower County,,MN,3439,48172,51611,8,15,23,1000,2000,3000,6,0.306841,0.322485,2507.675729,0.000942,0.001169,40,0.00019,0,39,0.358333,0.007873
27101,Murray County,,MN,521,10518,11039,3,4,7,226,260,486,7,0.235748,0.243015,50.193587,0.000017,0.000007,40,0.000125,0,39,0.416667,0.000321
27103,Nicollet County,,MN,3232,37145,40377,10,11,21,2001,2167,4168,6,0.30608,0.320883,503.313214,0.001142,0.001139,40,0.000217,0,39,0.477273,0.009262
27105,Nobles County,,MN,1557,26290,27847,6,9,15,484,700,1184,6,0.307796,0.322895,9518.723381,0.00011,0.000982,40,0.000249,0,39,0.244444,0.001474
27107,Norman County,,MN,538,7933,8471,3,3,6,174,281,455,6,0.269472,0.279533,0,0.000083,0.000069,40,0.000131,0,39,1,0.000902
27109,Olmsted County,,MN,10444,183909,194353,31,35,66,5454,6100,11554,5,0.356756,0.380585,12486.513965,0.008299,0.007592,40,0.000526,0,39,0.352497,0.066593
27111,Otter Tail County,,MN,3477,69003,72480,15,17,32,2101,2026,4127,6,0.336358,0.356509,8773.059341,0.002252,0.002226,40,0.000324,0,39,0.464052,0.018401
27113,Pennington County,,MN,1089,16654,17743,5,7,12,453,548,1001,6,0.307063,0.321563,1891.32564,0.000026,0.000654,40,0.000223,0,39,0.571429,0.000606
27115,Pine County,,MN,2281,30358,32639,11,12,23,1570,1473,3043,6,0.30608,0.320899,11.133475,0.001333,0.001253,40,0.000216,0,39,0.674242,0.010522
27117,Pipestone County,,MN,764,11334,12098,4,4,8,204,276,480,6,0.272218,0.282726,459.590823,0.000118,0.000124,19,0.000157,0,39,0.5,0.001345
27119,Polk County,,MN,2257,36219,38476,11,10,21,1304,1273,2577,6,0.307127,0.322012,9697.902284,0.00072,0.00066,40,0.000374,0,39,0.309091,0.006092
27121,Pope County,,MN,814,13467,14281,5,4,9,516,358,874,6,0.305576,0.319252,4538.905717,0.000618,0.000597,40,0.00017,0,39,0.45,0.005008
27123,Ramsey County,,MN,51502,581036,632538,119,105,224,40796,43764,84560,5,0.401164,0.434851,63718.070008,0.039302,0.036839,40,0.001667,0,39,0.327668,0.306992
27125,Red Lake County,,MN,284,4968,5252,2,2,4,134,131,265,7,0.235038,0.241564,0,0.00001,0.000006,40,0.000109,0,39,1,0.000227
27127,Redwood County,,MN,1102,19234,20336,4,7,11,348,557,905,6,0.306112,0.320422,1068.168975,0.00002,0.000871,40,0.000142,0,39,0.321429,0.000439
27129,Renville County,,MN,1138,19310,20448,5,6,11,381,524,905,6,0.308501,0.32321,524.543813,0.00024,0.000822,40,0.00013,0,39,0.452381,0.002488
27131,Rice County,,MN,4806,71453,76259,13,12,25,2568,3026,5594,6,0.306175,0.321068,1366.122309,0.002149,0.001279,40,0.000242,0,39,0.648352,0.017147
27133,Rock County,,MN,645,11460,12105,3,3,6,245,288,533,6,0.272143,0.282406,2.296911,0.000117,0.000119,19,0.000133,0,39,0.666667,0.00123
27135,Roseau County,,MN,996,19549,20545,6,5,11,307,292,599,6,0.306936,0.321113,7047.250982,0.000642,0.000644,40,0.000245,0,39,0.452381,0.005073
27137,St. Louis County,,MN,9968,222440,232408,34,28,62,5649,5832,11481,6,0.348865,0.371315,9293.212066,0.005614,0.004983,40,0.000621,0,39,0.33357,0.045656
27139,Scott County,,MN,13169,164435,177604,21,22,43,10223,9878,20101,6,0.340023,0.361079,901.128597,0.004945,0.004397,40,0.000359,0,39,0.508333,0.039831
27141,Sherburne County,,MN,8934,103690,112624,18,16,34,7267,6883,14150,6,0.335483,0.355216,310.9651,0.002437,0.00232,40,0.00034,0,39,0.640351,0.020294
27143,Sibley County,,MN,1122,18871,19993,6,8,14,606,693,1299,6,0.305828,0.320124,50.602411,0.000662,0.00065,40,0.000143,0,39,0.553571,0.005456
27145,Stearns County,,MN,11621,170848,182469,33,28,61,7543,8432,15975,6,0.345853,0.367915,3165.782392,0.003595,0.003389,40,0.000616,0,39,0.334127,0.030442
27147,Steele County,,MN,2782,45254,48036,11,11,22,1544,1483,3027,6,0.306144,0.320939,391.972011,0.001176,0.001128,40,0.000225,0,39,0.672727,0.00971
27149,Stevens County,,MN,720,10750,11470,3,3,6,252,172,424,7,0.23528,0.242216,8.310512,0.000005,0.000014,40,0.000141,0,39,0.416667,0.000288
27151,Swift County,,MN,751,11884,12635,3,4,7,228,303,531,7,0.236783,0.244032,19.82873,0.000013,0.000013,40,0.000143,0,39,0.333333,0.000326
27153,Todd County,,MN,2001,27760,29761,7,8,15,1051,1150,2201,6,0.305765,0.320011,297.642128,0.000753,0.000645,40,0.000163,0,39,0.680556,0.005924
27155,Traverse County,,MN,205,4127,4332,1,0,1,65,0,65,0,0,0,0,0.000001,0,40,0.00008,0,22,0,0.000092
27157,Wabasha County,,MN,1618,26980,28598,6,4,10,1109,966,2075,6,0.305639,0.319365,0.376923,0.00115,0.00064,40,0.000138,0,39,0.966667,0.008973
27159,Wadena County,,MN,1246,15094,16340,5,9,14,687,863,1550,6,0.270603,0.282114,11.57762,0.000038,0.000152,40,0.000152,0,39,0.541667,0.000803
27161,Waseca County,,MN,1805,22759,24564,6,8,14,695,1206,1901,6,0.305859,0.320124,3.375992,0.000051,0.000781,40,0.000161,0,39,0.803571,0.001024
27163,Washington County,,MN,21565,299001,320566,37,34,71,18728,16687,35415,6,0.358308,0.383429,3744.52074,0.009174,0.01043,40,0.000611,0,39,0.414729,0.073794
27165,Watonwan County,,MN,766,13521,14287,4,4,8,390,277,667,7,0.234945,0.242149,185.600215,0.00002,0.00002,40,0.000179,0,39,0.416667,0.000533
27167,Wilkin County,,MN,601,8065,8666,4,5,9,372,402,774,6,0.269521,0.279871,2969.500251,0.000095,0.000081,40,0.000173,0,39,0.45,0.001089
27169,Winona County,,MN,2783,53768,56551,11,12,23,1626,1518,3144,6,0.332325,0.350135,3117.50222,0.001176,0.001997,40,0.000258,0,39,0.448718,0.009726
27171,Wright County,,MN,9979,153654,163633,21,20,41,8189,7484,15673,6,0.336511,0.357043,500.756654,0.002524,0.00242,40,0.000396,0,39,0.554113,0.021318
27173,Yellow Medicine County,,MN,717,12613,13330,2,3,5,252,295,547,7,0.235617,0.242711,25.288071,0.000013,0.000005,40,0.000102,0,39,0.333333,0.000217
28001,Adams County,,MS,1962,31951,33913,7,7,14,810,876,1686,6,0.330694,0.349056,2953.063794,0.000471,0.002179,41,0.000199,0,39,0.375,0.004062
28003,Alcorn County,,MS,2669,38281,40950,8,8,16,1269,1539,2808,6,0.30646,0.320658,1427.491432,0.000611,0.000615,109,0.000213,0,39,0.5,0.00514
28005,Amite County,,MS,1135,13061,14196,4,5,9,549,624,1173,7,0.283461,0.295872,614.780854,0.000277,0.000259,41,0.00012,0,39,0.5,0.002391
28007,Attala County,,MS,1232,19569,20801,3,7,10,538,576,1114,7,0.276612,0.28871,65.828669,0.000004,0.000227,41,0.000116,0,39,0.392857,0.000301
28009,Benton County,,MS,868,8220,9088,6,5,11,671,633,1304,6,0.306112,0.319702,1.50119,0.000652,0.000621,109,0.000158,0,39,0.7,0.005326
28011,Bolivar County,,MS,2351,36027,38378,7,6,13,1141,1151,2292,6,0.306841,0.320995,62.450015,0.001639,0.000769,109,0.000145,0,39,0.75,0.012575
28013,Calhoun County,,MS,737,15715,16452,4,6,10,420,425,845,7,0.25108,0.260658,57.159251,0.000011,0.000026,109,0.000139,0,39,0.261905,0.000461
28015,Carroll County,,MS,970,11035,12005,5,4,9,657,594,1251,7,0.244617,0.252676,11.847868,0.000022,0.000012,109,0.000147,0,39,0.45,0.000532
28017,Chickasaw County,,MS,1340,19671,21011,5,5,10,788,876,1664,7,0.250973,0.260237,14.174267,0.000031,0.000023,109,0.000149,0,39,0.65,0.000666
28019,Choctaw County,,MS,685,8465,9150,5,3,8,432,342,774,7,0.236274,0.243479,110.515157,0.000058,0.000011,109,0.000167,0,39,0.25,0.000832
28021,Claiborne County,,MS,1458,10053,11511,4,4,8,443,982,1425,7,0.275123,0.286383,2.166667,0.000177,0.000136,41,0.00013,0,39,0.55,0.001441
28023,Clarke County,,MS,1946,18223,20169,4,5,9,692,1278,1970,7,0.279796,0.291594,102.370377,0.00005,0.000252,41,0.00012,0,39,0.45,0.000655
28025,Clay County,,MS,1483,21450,22933,5,6,11,833,860,1693,7,0.261949,0.27244,79.657757,0.000074,0.000051,109,0.00015,0,39,0.6,0.0009
28027,Coahoma County,,MS,1957,27948,29905,7,10,17,778,1105,1883,6,0.306936,0.321641,38.114424,0.000796,0.000783,109,0.000181,0,39,0.5,0.006448
28029,Copiah County,,MS,2214,30913,33127,5,6,11,1054,1389,2443,7,0.276663,0.28871,5.406095,0.000207,0.000254,41,0.000126,0,39,0.553571,0.001916
28031,Covington County,,MS,1736,20770,22506,6,8,14,1053,1284,2337,7,0.280034,0.292353,30.964575,0.000071,0.000346,41,0.00015,0,39,0.660714,0.001083
28033,DeSoto County,,MS,15039,190183,205222,42,36,78,11719,9673,21392,6,0.362337,0.388269,9837.567328,0.008097,0.008835,109,0.000759,0,39,0.254286,0.064819
28035,Forrest County,,MS,9846,74068,83914,29,26,55,5880,6507,12387,6,0.340609,0.363114,15012.764141,0.003757,0.004603,41,0.000477,0,39,0.330492,0.031177
28037,Franklin County,,MS,586,8667,9253,4,3,7,240,252,492,7,0.249516,0.257898,2.670353,0.000036,0.000009,41,0.000129,0,39,0.5,0.00045
28039,George County,,MS,1601,22933,24534,5,5,10,1252,992,2244,7,0.285563,0.298322,18.312747,0.000548,0.000526,41,0.000134,0,39,0.566667,0.004425
28041,Greene County,,MS,752,11834,12586,5,4,9,679,450,1129,7,0.28083,0.292859,160.394583,0.000337,0.000232,41,0.000137,0,39,0.45,0.002781
28043,Grenada County,,MS,1651,24293,25944,10,9,19,860,800,1660,6,0.306397,0.32063,6948.024205,0.000645,0.000639,109,0.00028,0,39,0.333333,0.00568
28045,Hancock County,,MS,3607,41314,44921,11,9,20,2285,1884,4169,7,0.292291,0.306164,24.29138,0.0013,0.001223,41,0.000209,0,39,0.704545,0.011686
28047,Harrison County,,MS,21432,198587,220019,79,73,152,12380,11188,23568,6,0.387379,0.418544,28349.036452,0.02916,0.028948,41,0.001022,0,39,0.394017,0.228531
28049,Hinds County,,MS,20951,273934,294885,67,71,138,13555,16321,29876,6,0.379302,0.410242,75305.848302,0.016961,0.020136,41,0.001062,0,39,0.264873,0.134286
28051,Holmes County,,MS,1479,19988,21467,6,7,13,972,873,1845,7,0.276586,0.288654,1696.165734,0.000231,0.000235,41,0.000162,0,39,0.5,0.002021
28053,Humphreys County,,MS,789,9846,10635,5,4,9,372,327,699,7,0.275276,0.286608,2.845085,0.000207,0.000163,41,0.000134,0,39,0.65,0.001787
28055,Issaquena County,,MS,76,996,1072,1,0,1,96,0,96,0,0,0,0,0,0,41,0.000069,0,28,0,0.000081
28057,Itawamba County,,MS,1823,24214,26037,6,6,12,1109,1223,2332,7,0.25125,0.260956,13.027187,0.000037,0.000031,109,0.000167,0,39,0.595238,0.000792
28059,Jackson County,,MS,12915,150205,163120,31,32,63,6509,7735,14244,6,0.356028,0.380399,3682.647176,0.009669,0.010957,41,0.000459,0,39,0.456446,0.077332
28061,Jasper County,,MS,1585,17992,19577,4,6,10,759,1156,1915,7,0.254463,0.264172,15.170969,0.000048,0.000057,41,0.00012,0,39,0.366667,0.000706
28063,Jefferson County,,MS,618,8311,8929,4,4,8,476,381,857,7,0.2752,0.286496,4.482503,0.000191,0.000138,41,0.000135,0,39,0.666667,0.001458
28065,Jefferson Davis County,,MS,1024,12602,13626,9,8,17,1077,746,1823,7,0.284031,0.296979,63.177962,0.000275,0.00039,41,0.000184,0,39,0.655556,0.002781
28067,Jones County,,MS,4449,73481,77930,15,15,30,3331,2748,6079,6,0.327697,0.346768,4922.954747,0.001474,0.001507,41,0.00028,0,39,0.392157,0.012033
28069,Kemper County,,MS,452,9321,9773,4,2,6,642,249,891,7,0.258028,0.267311,5.886456,0.000039,0.000025,41,0.000137,0,39,0.666667,0.000565
28071,Lafayette County,,MS,3976,41678,45654,18,15,33,1883,1751,3634,6,0.31283,0.329472,2129.362623,0.001825,0.001689,109,0.000376,0,39,0.336601,0.015508
28073,Lamar County,,MS,7191,55343,62534,25,21,46,5716,4581,10297,6,0.332399,0.353232,4187.736284,0.002238,0.002493,41,0.000431,0,39,0.35755,0.019249
28075,Lauderdale County,,MS,5061,83195,88256,19,24,43,2566,2331,4897,6,0.347597,0.371254,18963.071248,0.00332,0.005146,41,0.000428,0,39,0.311966,0.026794
28077,Lawrence County,,MS,1388,13545,14933,4,8,12,336,912,1248,7,0.275686,0.288041,99.284466,0.000057,0.00021,41,0.000119,0,39,0.571429,0.000825
28079,Leake County,,MS,1726,22915,24641,7,7,14,1046,1135,2181,7,0.276612,0.28871,1572.098314,0.000272,0.000226,41,0.000178,0,39,0.5,0.002484
28081,Lee County,,MS,6876,93555,100431,22,22,44,4439,4525,8964,6,0.334537,0.356071,18052.788666,0.001685,0.0028,109,0.000454,0,39,0.315,0.014831
28083,Leflore County,,MS,2417,32487,34904,8,13,21,956,1316,2272,6,0.323372,0.341433,3852.759634,0.000735,0.001687,109,0.000213,0,39,0.412088,0.005987
28085,Lincoln County,,MS,1946,37435,39381,8,7,15,1065,941,2006,7,0.275506,0.287536,507.001129,0.000224,0.000183,41,0.000188,0,39,0.428571,0.002207
28087,Lowndes County,,MS,4947,63760,68707,17,20,37,2006,1911,3917,6,0.351595,0.375278,14763.315399,0.002947,0.0053,109,0.000335,0,39,0.41342,0.024311
28089,Madison County,,MS,9646,112681,122327,31,28,59,7491,6113,13604,6,0.355772,0.380388,8448.85761,0.006484,0.008893,41,0.000515,0,39,0.376282,0.05238
28091,Marion County,,MS,1929,27544,29473,7,8,15,840,1063,1903,7,0.284085,0.297091,353.348251,0.000244,0.0004,41,0.000153,0,39,0.555556,0.002142
28093,Marshall County,,MS,3551,38309,41860,7,8,15,2207,2515,4722,6,0.306207,0.320208,6.927588,0.000659,0.000644,109,0.000197,0,39,0.607143,0.005537
28095,Monroe County,,MS,2789,39255,42044,11,10,21,1604,1826,3430,6,0.307349,0.322372,2957.557872,0.00079,0.000722,109,0.000251,0,39,0.436364,0.006621
28097,Montgomery County,,MS,847,11477,12324,2,4,6,291,354,645,7,0.275302,0.28672,114.898843,0.000005,0.000136,109,0.000108,0,39,0.666667,0.000222
28099,Neshoba County,,MS,1980,31170,33150,7,7,14,971,1228,2199,7,0.26372,0.274905,81.34235,0.000095,0.000079,41,0.000227,0,39,0.5,0.001297
28101,Newton County,,MS,1486,23742,25228,5,5,10,763,775,1538,7,0.27638,0.288064,52.36025,0.000093,0.000155,41,0.000143,0,39,0.595238,0.001104
28103,Noxubee County,,MS,819,13026,13845,2,4,6,351,347,698,7,0.260522,0.270355,26.086277,0.000039,0.000033,41,0.000089,0,39,0.416667,0.000364
28105,Oktibbeha County,,MS,4020,40340,44360,16,15,31,1804,1758,3562,6,0.309047,0.32511,11324.19818,0.0014,0.001127,109,0.000374,0,39,0.368421,0.011501
28107,Panola County,,MS,2363,38104,40467,10,8,18,1573,1566,3139,6,0.306207,0.320208,510.265715,0.000669,0.000643,109,0.000266,0,39,0.566667,0.0059
28109,Pearl River County,,MS,3977,55444,59421,11,12,23,2009,2315,4324,7,0.2912,0.304989,43.501645,0.000987,0.00115,41,0.000219,0,39,0.570513,0.009225
28111,Perry County,,MS,1409,12382,13791,6,7,13,633,1060,1693,7,0.279823,0.291819,58.329002,0.000068,0.000278,41,0.000169,0,39,0.535714,0.001128
28113,Pike County,,MS,2978,43271,46249,10,17,27,1333,1778,3111,6,0.32835,0.347948,3814.606983,0.000545,0.002246,41,0.000228,0,39,0.441176,0.004883
28115,Pontotoc County,,MS,2734,35381,38115,10,11,21,2346,1874,4220,6,0.306555,0.321164,3816.083,0.000616,0.00063,109,0.00025,0,39,0.418182,0.005422
28117,Prentiss County,,MS,1564,24982,26546,6,7,13,867,1051,1918,7,0.252512,0.262221,6.935118,0.000045,0.000032,109,0.000172,0,39,0.666667,0.000827
28119,Quitman County,,MS,738,7495,8233,4,5,9,411,477,888,6,0.30608,0.319646,0.2,0.000577,0.000622,109,0.000131,0,39,0.95,0.004619
28121,Rankin County,,MS,11962,159434,171396,41,42,83,9015,8048,17063,6,0.349729,0.375857,24347.746114,0.006713,0.007019,41,0.000681,0,39,0.262745,0.054953
28123,Scott County,,MS,2040,31595,33635,7,8,15,1112,1256,2368,7,0.277674,0.289998,87.367981,0.000271,0.000251,41,0.000184,0,39,0.589286,0.002495
28125,Sharkey County,,MS,490,5148,5638,1,3,4,52,264,316,7,0.257244,0.266023,2966.325,0.000032,0.000033,41,0.000065,0,39,0,0.00029
28127,Simpson County,,MS,2057,27202,29259,7,10,17,1515,1498,3013,7,0.284194,0.297513,93.407555,0.000227,0.000487,41,0.00016,0,39,0.572727,0.002257
28129,Smith County,,MS,1266,16187,17453,6,7,13,1079,963,2042,7,0.261556,0.272626,30.13414,0.000071,0.000093,41,0.000146,0,39,0.5,0.0011
28131,Stone County,,MS,1539,16952,18491,7,7,14,1054,981,2035,7,0.279955,0.292072,661.377935,0.001286,0.000349,41,0.000155,0,39,0.583333,0.010479
28133,Sunflower County,,MS,2402,27435,29837,8,9,17,979,1516,2495,6,0.32302,0.340422,237.720581,0.000832,0.00163,109,0.00019,0,39,0.611111,0.006726
28135,Tallahatchie County,,MS,1071,13022,14093,7,8,15,843,692,1535,6,0.306365,0.320461,516.826462,0.000602,0.000638,109,0.000193,0,39,0.553571,0.005014
28137,Tate County,,MS,2419,30695,33114,6,6,12,1550,1701,3251,6,0.306112,0.319815,1.768054,0.000654,0.000635,109,0.000176,0,39,0.8,0.005413
28139,Tippah County,,MS,1602,24163,25765,9,9,18,1159,1100,2259,6,0.313127,0.328954,1033.7474,0.000612,0.00129,109,0.000226,0,39,0.427273,0.005298
28141,Tishomingo County,,MS,1139,19895,21034,6,6,12,716,622,1338,7,0.25125,0.260956,28.756112,0.00004,0.000026,109,0.000166,0,39,0.452381,0.000825
28143,Tunica County,,MS,1439,12887,14326,7,6,13,868,941,1809,6,0.306112,0.319815,3.816667,0.000654,0.000626,109,0.000186,0,39,0.666667,0.005454
28145,Union County,,MS,2762,31167,33929,10,12,22,1603,2104,3707,6,0.306555,0.321276,980.397249,0.000684,0.000703,109,0.000251,0,39,0.461538,0.005937
28147,Walthall County,,MS,1200,15028,16228,4,7,11,551,685,1236,7,0.275481,0.287507,10.357064,0.000043,0.000155,41,0.000103,0,39,0.47619,0.000455
28149,Warren County,,MS,3778,55906,59684,10,11,21,1601,1602,3203,6,0.334839,0.354368,3220.9315,0.001047,0.003383,41,0.000262,0,39,0.442308,0.008578
28151,Washington County,,MS,3478,56141,59619,13,15,28,1291,1641,2932,6,0.345934,0.367206,9768.113492,0.003358,0.004327,109,0.000262,0,39,0.441667,0.027616
28153,Wayne County,,MS,1250,22293,23543,5,6,11,613,779,1392,7,0.254397,0.264031,19.324889,0.000051,0.000059,41,0.000152,0,39,0.533333,0.00081
28155,Webster County,,MS,905,10674,11579,4,3,7,434,470,904,7,0.236349,0.243675,16.115594,0.000009,0.000016,109,0.00016,0,39,0.25,0.000455
28157,Wilkinson County,,MS,677,9505,10182,2,3,5,167,300,467,7,0.283136,0.295085,0.5,0.000259,0.000256,41,0.000082,0,39,0.666667,0.002162
28159,Winston County,,MS,1430,20286,21716,6,7,13,567,808,1375,7,0.258568,0.268997,376.677764,0.000049,0.000037,41,0.000202,0,39,0.285714,0.000853
28161,Yalobusha County,,MS,1473,13800,15273,6,5,11,665,995,1660,7,0.238632,0.246539,1179.868679,0.000589,0.000028,109,0.000177,0,39,0.6,0.004916
28163,Yazoo County,,MS,1995,25688,27683,7,6,13,880,1290,2170,7,0.276483,0.288317,132.639945,0.000856,0.000234,41,0.000172,0,39,0.642857,0.00668
29001,Adair County,,MO,1812,23012,24824,6,9,15,473,666,1139,6,0.307636,0.321872,18492.718514,0.000646,0.001032,43,0.000259,0,39,0.208333,0.00464
29003,Andrew County,,MO,2106,20236,22342,8,4,12,1619,1475,3094,6,0.298891,0.310433,812.797923,0.000259,0.000465,43,0.000219,0,39,0.458333,0.002154
29005,Atchison County,,MO,366,6508,6874,0,1,1,0,49,49,7,0.230262,0.235639,0,0,0.000003,43,0.00005,0,96,0,0
29007,Audrain County,,MO,1608,27668,29276,7,9,16,803,931,1734,7,0.272594,0.284208,2006.811922,0.000658,0.000118,43,0.000217,0,39,0.411111,0.004836
29009,Barry County,,MO,3598,34811,38409,10,11,21,2594,2615,5209,7,0.28834,0.301538,68.571509,0.000594,0.000564,43,0.000241,0,39,0.645455,0.005262
29011,Barton County,,MO,1081,13775,14856,3,5,8,369,651,1020,7,0.281683,0.293202,5.219523,0.000062,0.000172,43,0.000103,0,39,0.55,0.000596
29013,Bates County,,MO,1421,18158,19579,4,6,10,480,779,1259,6,0.300101,0.312524,25.715337,0.000634,0.000779,43,0.00011,0,39,0.666667,0.004232
29015,Benton County,,MO,1424,19257,20681,7,4,11,740,583,1323,6,0.29871,0.310124,2.731774,0.000671,0.000452,43,0.000153,0,39,0.738095,0.004736
29017,Bollinger County,,MO,871,12787,13658,6,6,12,600,645,1245,7,0.241391,0.249462,29.819302,0.000032,0.000024,43,0.000192,0,39,0.47619,0.000778
29019,Boone County,,MO,12924,170623,183547,46,56,102,6354,7204,13558,6,0.373849,0.402411,58650.72724,0.009582,0.015066,43,0.000841,0,39,0.293473,0.07428
29021,Buchanan County,,MO,6359,94740,101099,18,19,37,3666,3626,7292,6,0.333896,0.353035,19312.417064,0.002642,0.002889,43,0.000388,0,39,0.316667,0.019404
29023,Butler County,,MO,2821,44031,46852,10,12,22,1402,1403,2805,6,0.30567,0.320444,15564.192141,0.000563,0.00069,43,0.000349,0,39,0.28022,0.004664
29025,Caldwell County,,MO,830,9777,10607,6,8,14,574,566,1140,6,0.299163,0.311332,98.393366,0.000575,0.000479,43,0.000167,0,39,0.607143,0.004054
29027,Callaway County,,MO,3358,47210,50568,7,9,16,1876,1875,3751,6,0.301321,0.314497,142.806342,0.000868,0.000746,43,0.000157,0,39,0.581818,0.006082
29029,Camden County,,MO,3981,45580,49561,18,19,37,2643,2162,4805,6,0.340062,0.360888,1109.824999,0.002282,0.003549,43,0.000326,0,39,0.409091,0.016235
29031,Cape Girardeau County,,MO,6101,84335,90436,21,19,40,2925,2684,5609,6,0.317724,0.335289,27645.275896,0.002048,0.001979,43,0.000493,0,39,0.26087,0.015013
29033,Carroll County,,MO,528,10700,11228,3,3,6,223,192,415,7,0.231985,0.238259,5.114935,0.000013,0.000012,43,0.000123,0,39,0,0.000347
29035,Carter County,,MO,561,6387,6948,1,3,4,100,253,353,7,0.234221,0.240879,0,0.000005,0.000005,43,0.000075,0,39,0.666667,0.000125
29037,Cass County,,MO,8151,116603,124754,15,18,33,6346,5554,11900,6,0.34723,0.369382,710.15227,0.002447,0.004952,43,0.000256,0,39,0.463158,0.018434
29039,Cedar County,,MO,1350,13639,14989,7,4,11,574,660,1234,7,0.281389,0.292527,34.016684,0.000651,0.000141,43,0.000209,0,39,0.5,0.00468
29041,Chariton County,,MO,470,9005,9475,3,2,5,250,173,423,7,0.220643,0.226047,3.479762,0.000002,0.000006,43,0.000155,0,39,0.333333,0.000295
29043,Christian County,,MO,8486,87071,95557,22,18,40,6147,5586,11733,6,0.313028,0.329803,1971.689958,0.002233,0.002299,43,0.000477,0,39,0.343077,0.01632
29045,Clark County,,MO,439,7864,8303,1,1,2,62,135,197,7,0.21165,0.216667,0,0,0.000002,19,0.00009,0,39,0,0.000102
29047,Clay County,,MO,21183,265927,287110,46,53,99,16221,15680,31901,5,0.386924,0.414278,35455.641952,0.012889,0.020703,43,0.000783,0,39,0.396351,0.10374
29049,Clinton County,,MO,2461,23219,25680,8,8,16,1776,1661,3437,6,0.299102,0.311248,126.255878,0.000673,0.00054,43,0.000196,0,39,0.642857,0.004862
29051,Cole County,,MO,5841,88000,93841,18,18,36,3176,3348,6524,6,0.334085,0.353187,8097.524416,0.002648,0.002792,43,0.000356,0,39,0.367965,0.018984
29053,Cooper County,,MO,1434,18414,19848,6,7,13,742,725,1467,6,0.299525,0.311714,81.855648,0.000144,0.000432,43,0.000166,0,39,0.589286,0.001325
29055,Crawford County,,MO,1806,26029,27835,8,7,15,1243,1094,2337,6,0.303046,0.315891,3442.207995,0.000789,0.00066,43,0.000216,0,39,0.486111,0.005811
29057,Dade County,,MO,591,8089,8680,4,3,7,309,339,648,7,0.281256,0.292201,1.059524,0.00024,0.000138,43,0.000111,0,39,0.6,0.001703
29059,Dallas County,,MO,1734,17099,18833,7,7,14,879,1208,2087,7,0.28147,0.2931,8.211,0.000247,0.000177,43,0.000203,0,39,0.547619,0.002043
29061,Daviess County,,MO,928,9465,10393,6,7,13,311,564,875,6,0.279427,0.290107,5850.582462,0.000162,0.000111,43,0.000198,0,39,0.380952,0.00138
29063,DeKalb County,,MO,1122,10234,11356,7,5,12,736,710,1446,6,0.279453,0.28991,1608.050598,0.000437,0.000123,43,0.00019,0,39,0.513889,0.003482
29065,Dent County,,MO,971,15512,16483,4,4,8,543,359,902,7,0.236425,0.243554,2407.070741,0.000018,0.00002,43,0.000167,0,39,0.333333,0.000494
29067,Douglas County,,MO,1012,12984,13996,6,6,12,467,530,997,7,0.281363,0.292763,5.263431,0.000232,0.000172,43,0.000173,0,39,0.633333,0.001935
29069,Dunklin County,,MO,2084,31196,33280,9,9,18,1084,1175,2259,7,0.255251,0.266263,319.964672,0.000059,0.000062,109,0.000284,0,39,0.416667,0.00135
29071,Franklin County,,MO,6601,122665,129266,15,15,30,3928,4314,8242,6,0.30786,0.32294,204.825472,0.001683,0.001474,43,0.000288,0,39,0.5,0.01148
29073,Gasconade County,,MO,1249,17455,18704,6,7,13,617,683,1300,6,0.302953,0.315779,866.133881,0.000553,0.000526,43,0.000176,0,39,0.375,0.004253
29075,Gentry County,,MO,505,7359,7864,3,5,8,157,307,464,7,0.250486,0.25871,487.416653,0.000025,0.000028,43,0.000123,0,39,0.5,0.000434
29077,Greene County,,MO,22085,297276,319361,73,79,152,14941,14743,29684,6,0.391109,0.422248,95132.570738,0.017713,0.025216,43,0.001256,0,39,0.282022,0.141337
29079,Grundy County,,MO,627,11017,11644,3,3,6,283,152,435,7,0.230363,0.236117,2974.679167,0.000004,0.000004,43,0.00013,0,39,0.083333,0.000289
29081,Harrison County,,MO,587,9598,10185,2,3,5,122,144,266,7,0.218642,0.224113,3.889394,0.000001,0.000005,43,0.000095,0,39,0.5,0.000182
29083,Henry County,,MO,1927,23814,25741,8,8,16,1080,1101,2181,6,0.302058,0.315183,37.509721,0.000683,0.000958,43,0.000197,0,39,0.569444,0.005035
29085,Hickory County,,MO,871,9037,9908,4,5,9,265,470,735,6,0.299767,0.311743,56.393226,0.000596,0.000488,43,0.000138,0,39,0.6,0.004125
29087,Holt County,,MO,439,5664,6103,2,3,5,102,182,284,7,0.250401,0.258261,0,0.000025,0.000025,43,0.000096,0,39,1,0.000352
29089,Howard County,,MO,744,10941,11685,3,4,7,439,465,904,7,0.272268,0.282915,265.779616,0.000115,0.000077,43,0.000127,0,39,0.5,0.000875
29091,Howell County,,MO,2730,42025,44755,8,8,16,969,1045,2014,6,0.286667,0.298909,8071.338598,0.000219,0.000297,43,0.000262,0,39,0.263889,0.002026
29093,Iron County,,MO,905,9686,10591,6,4,10,760,487,1247,7,0.233097,0.239698,1479.961128,0.000575,0.000018,43,0.000195,0,39,0.5,0.004364
29095,Jackson County,,MO,48762,746855,795617,136,140,276,34615,38222,72837,5,0.424785,0.459601,143618.86156,0.046994,0.055058,43,0.001895,0,39,0.337458,0.364294
29097,Jasper County,,MO,10062,121924,131986,23,32,55,5529,6512,12041,6,0.35172,0.376144,16341.918877,0.004235,0.006638,43,0.000443,0,39,0.350379,0.034349
29099,Jefferson County,,MO,14283,260996,275279,20,25,45,11199,10518,21717,6,0.347801,0.370691,11401.262119,0.003475,0.004052,43,0.000371,0,39,0.367725,0.025556
29101,Johnson County,,MO,6401,52432,58833,16,18,34,2400,2887,5287,6,0.337354,0.357954,1531.986396,0.006219,0.004518,43,0.000252,0,39,0.506494,0.047879
29103,Knox County,,MO,254,4631,4885,2,2,4,103,98,201,7,0.235355,0.241665,50.995324,0.000008,0.000005,43,0.000105,0,39,0,0.000201
29105,Laclede County,,MO,2802,38026,40828,8,8,16,1151,1317,2468,6,0.301996,0.314682,90.225727,0.00033,0.000601,43,0.000193,0,39,0.544444,0.00268
29107,Lafayette County,,MO,2786,37094,39880,7,9,16,1531,1813,3344,6,0.30215,0.315351,16.314058,0.000648,0.000994,43,0.000161,0,39,0.666667,0.004632
29109,Lawrence County,,MO,3807,40465,44272,8,10,18,2707,2634,5341,7,0.287445,0.300284,23.805358,0.000294,0.000445,43,0.000213,0,39,0.577778,0.002475
29111,Lewis County,,MO,733,10640,11373,2,3,5,234,339,573,7,0.249516,0.257328,55.75897,0.000015,0.000019,43,0.000108,0,39,0.333333,0.00032
29113,Lincoln County,,MO,3865,60685,64550,9,9,18,2973,2610,5583,6,0.30376,0.317099,148.45752,0.001071,0.000953,43,0.000194,0,39,0.6,0.007394
29115,Linn County,,MO,928,14234,15162,3,4,7,214,304,518,6,0.27948,0.28977,2078.497589,0.000115,0.000099,43,0.000159,0,39,0.25,0.000853
29117,Livingston County,,MO,1073,15685,16758,6,6,12,386,451,837,6,0.299012,0.310826,8526.892522,0.000412,0.000448,43,0.000209,0,39,0.309524,0.003211
29119,McDonald County,,MO,2185,22601,24786,7,6,13,1905,1329,3234,7,0.282731,0.294635,4.486419,0.000391,0.0004,43,0.00017,0,39,0.833333,0.003876
29121,Macon County,,MO,1077,17937,19014,5,4,9,471,454,925,7,0.272418,0.283185,2974.002425,0.00012,0.00008,43,0.000245,0,39,0.25,0.001069
29123,Madison County,,MO,1094,12748,13842,4,5,9,468,677,1145,7,0.258433,0.268028,83.34461,0.000037,0.000038,43,0.000151,0,39,0.45,0.000643
29125,Maries County,,MO,761,9004,9765,4,5,9,432,468,900,7,0.270159,0.280942,158.208688,0.000109,0.000121,43,0.000127,0,39,0.4,0.001095
29127,Marion County,,MO,2164,32097,34261,9,7,16,1149,1186,2335,6,0.284522,0.296363,4182.068704,0.000666,0.000232,43,0.000274,0,39,0.366667,0.005063
29129,Mercer County,,MO,252,3931,4183,1,0,1,46,0,46,0,0,0,0,0,0,43,0.000087,0,17,0,0.000084
29131,Miller County,,MO,1885,25012,26897,8,5,13,1342,1024,2366,7,0.278613,0.290307,19.67294,0.000668,0.000196,43,0.000171,0,39,0.642857,0.004906
29133,Mississippi County,,MO,889,12961,13850,3,3,6,425,448,873,7,0.241194,0.248647,0,0.000021,0.000019,43,0.000126,0,39,1,0.000424
29135,Moniteau County,,MO,1059,17244,18303,4,7,11,632,666,1298,7,0.272468,0.283702,6.286691,0.000138,0.000111,43,0.000125,0,39,0.642857,0.001106
29137,Monroe County,,MO,786,9680,10466,6,6,12,389,485,874,7,0.272443,0.283533,3622.734964,0.000115,0.000085,43,0.000288,0,39,0.366667,0.001197
29139,Montgomery County,,MO,972,13339,14311,7,7,14,490,558,1048,6,0.28414,0.295852,24.154323,0.000756,0.000245,43,0.000169,0,39,0.553571,0.005483
29141,Morgan County,,MO,1954,20920,22874,7,6,13,800,1126,1926,6,0.29859,0.310377,88.967383,0.000467,0.000394,43,0.000177,0,39,0.619048,0.003639
29143,New Madrid County,,MO,1640,18075,19715,7,6,13,1037,1094,2131,7,0.241587,0.249788,32.01862,0.000022,0.00002,43,0.000241,0,39,0.547619,0.000796
29145,Newton County,,MO,6600,61010,67610,14,14,28,4375,4645,9020,6,0.304916,0.319792,684.172546,0.000951,0.001277,43,0.000311,0,39,0.479167,0.008681
29147,Nodaway County,,MO,1470,21638,23108,8,8,16,496,512,1008,6,0.299042,0.311164,8743.809786,0.000435,0.000529,43,0.000265,0,39,0.236364,0.0035
29149,Oregon County,,MO,834,10248,11082,2,2,4,255,343,598,7,0.2231,0.229015,14.714561,0.000002,0.000002,43,0.00012,0,39,0,0.000196
29151,Osage County,,MO,770,16026,16796,3,3,6,385,383,768,7,0.250761,0.258806,4.123242,0.000025,0.000024,43,0.00011,0,39,0.666667,0.000443
29153,Ozark County,,MO,723,9633,10356,4,6,10,235,363,598,7,0.281657,0.293213,122.090328,0.000201,0.000166,43,0.000134,0,39,0.433333,0.001544
29155,Pemiscot County,,MO,1363,17873,19236,5,5,10,627,691,1318,7,0.244214,0.253076,116.848503,0.000046,0.000034,109,0.000173,0,39,0.433333,0.000895
29157,Perry County,,MO,1012,21918,22930,6,6,12,990,519,1509,6,0.303108,0.315891,730.965686,0.000565,0.000512,43,0.000178,0,39,0.5,0.00432
29159,Pettis County,,MO,3419,46951,50370,12,12,24,1543,1692,3235,6,0.302891,0.316869,194.934302,0.000626,0.001041,43,0.000272,0,39,0.456044,0.00507
29161,Phelps County,,MO,3854,43930,47784,13,16,29,1468,1846,3314,6,0.309241,0.324643,6086.950082,0.001684,0.001548,43,0.000269,0,39,0.459559,0.011645
29163,Pike County,,MO,1022,18887,19909,5,6,11,477,457,934,6,0.302891,0.315526,507.3704,0.000209,0.000644,43,0.000151,0,39,0.380952,0.001678
29165,Platte County,,MO,12169,104853,117022,26,28,54,8388,8339,16727,5,0.368644,0.392917,4102.469009,0.008718,0.010738,43,0.00039,0,39,0.532977,0.066641
29167,Polk County,,MO,2634,29522,32156,7,5,12,1804,1315,3119,7,0.281309,0.292538,29.512289,0.000619,0.000158,43,0.000221,0,39,0.571429,0.004572
29169,Pulaski County,,MO,10664,44270,54934,36,39,75,4339,5174,9513,6,0.362602,0.38896,11654.27953,0.011483,0.012621,43,0.000471,0,39,0.560908,0.086975
29171,Putnam County,,MO,369,5162,5531,2,0,2,142,0,142,0,0,0,0,0.000008,0,43,0.000101,0,18,1,0.000201
29173,Ralls County,,MO,955,11503,12458,4,3,7,753,565,1318,7,0.221732,0.227751,1.116667,0.000008,0.000011,43,0.000166,0,39,0.75,0.00044
29175,Randolph County,,MO,1751,25828,27579,6,5,11,852,738,1590,7,0.272318,0.28314,3895.827767,0.000647,0.000073,43,0.000259,0,39,0.3,0.004663
29177,Ray County,,MO,1972,26449,28421,7,8,15,1383,1412,2795,6,0.300527,0.313227,2585.908331,0.000654,0.000924,43,0.000175,0,39,0.517857,0.004623
29179,Reynolds County,,MO,443,6527,6970,2,2,4,120,108,228,8,0.191537,0.195694,8.074874,0,0.000004,43,0.000125,0,39,0,0.000181
29181,Ripley County,,MO,994,13719,14713,2,1,3,356,352,708,7,0.234128,0.240401,0,0.000005,0.000004,43,0.000096,0,39,1,0.000205
29183,St. Charles County,,MO,24166,451112,475278,55,62,117,19837,17085,36922,5,0.38921,0.417993,29081.564354,0.01958,0.026863,43,0.000812,0,39,0.447489,0.152745
29185,St. Clair County,,MO,768,8843,9611,6,5,11,653,357,1010,6,0.2985,0.310084,45.02014,0.000461,0.000364,43,0.000178,0,39,0.428571,0.00344
29186,Ste. Genevieve County,,MO,1693,21018,22711,5,4,9,760,1220,1980,6,0.302798,0.315132,0.5,0.000589,0.000519,43,0.000139,0,39,0.9,0.004406
29187,St. Francois County,,MO,4437,64420,68857,12,14,26,2650,2858,5508,6,0.303511,0.317521,5483.799856,0.001084,0.000907,43,0.000317,0,39,0.373626,0.007784
29189,St. Louis County,,MO,71369,1209531,1280900,173,185,358,58390,60857,119247,5,0.433733,0.472698,181204.949371,0.06515,0.072285,43,0.002114,0,39,0.332014,0.492527
29195,Saline County,,MO,1518,24631,26149,7,6,13,624,602,1226,6,0.299465,0.31149,1837.781723,0.00057,0.000429,43,0.000176,0,39,0.571429,0.004265
29197,Schuyler County,,MO,289,4445,4734,1,1,2,100,125,225,7,0.23528,0.241356,0,0.000008,0.000005,43,0.000075,0,39,0,0.000118
29199,Scotland County,,MO,232,5656,5888,0,0,0,0,0,0,0,0,0,0,0,0,42,0.00005,32,97,0,0
29201,Scott County,,MO,3175,43681,46856,6,9,15,1908,2056,3964,6,0.30479,0.318645,4695.601776,0.00055,0.000838,43,0.000209,0,39,0.472222,0.004224
29203,Shannon County,,MO,503,8147,8650,2,2,4,164,186,350,7,0.225784,0.231765,0,0.000004,0.000004,43,0.000101,0,39,1,0.00021
29205,Shelby County,,MO,407,7513,7920,3,2,5,153,90,243,8,0.214265,0.219748,5.917532,0.000001,0.000002,43,0.000188,0,39,0,0.000271
29207,Stoddard County,,MO,1876,32082,33958,7,7,14,969,1060,2029,7,0.241666,0.250125,54.204205,0.000027,0.000025,43,0.000244,0,39,0.52381,0.000837
29209,Stone County,,MO,3811,32476,36287,6,7,13,1863,2435,4298,6,0.334575,0.352867,209.346005,0.000232,0.001154,43,0.000174,0,39,0.619048,0.001991
29211,Sullivan County,,MO,664,7619,8283,2,3,5,98,228,326,7,0.235486,0.242048,271.511925,0.000029,0.000005,43,0.000092,0,39,0.083333,0.000356
29213,Taney County,,MO,5443,53869,59312,18,13,31,2409,2223,4632,6,0.339595,0.35973,2272.111348,0.002695,0.002462,43,0.000381,0,39,0.433333,0.021827
29215,Texas County,,MO,2164,23969,26133,7,8,15,1011,1019,2030,7,0.286695,0.299048,3817.314535,0.000295,0.000234,43,0.000217,0,39,0.410714,0.002426
29217,Vernon County,,MO,1448,21487,22935,7,8,15,690,636,1326,6,0.300253,0.312884,175.484629,0.000249,0.00053,43,0.000212,0,39,0.361111,0.002048
29219,Warren County,,MO,2771,36649,39420,7,6,13,2303,1946,4249,6,0.302767,0.315329,20.094659,0.000786,0.000857,43,0.00016,0,39,0.732143,0.005695
29221,Washington County,,MO,1506,22890,24396,6,6,12,1522,1017,2539,6,0.30286,0.315469,989.774035,0.000587,0.000538,43,0.000176,0,39,0.733333,0.004502
29223,Wayne County,,MO,865,11780,12645,6,4,10,454,357,811,7,0.234517,0.241806,2290.277863,0.000042,0.000012,43,0.000183,0,39,0.285714,0.000823
29225,Webster County,,MO,3422,38693,42115,7,8,15,2077,2383,4460,6,0.334537,0.352923,496.606088,0.000215,0.001152,43,0.000196,0,39,0.513889,0.001904
29227,Worth County,,MO,108,2335,2443,1,0,1,51,0,51,0,0,0,0,0.000004,0,43,0.000078,0,19,0,0.000114
29229,Wright County,,MO,1661,18161,19822,6,7,13,819,1086,1905,7,0.281443,0.293016,11.205769,0.000205,0.000157,43,0.000181,0,39,0.619048,0.001682
29510,St. Louis city,,MO,38489,304671,343160,61,72,133,27962,32484,60446,6,0.401653,0.431495,18234.50237,0.027763,0.038308,43,0.000758,0,39,0.603282,0.212947
30001,Beaverhead County,,MT,731,10258,10989,3,2,5,137,126,263,7,0.257401,0.266971,0,0.000137,0.000157,5,0.000115,0,39,1,0.001599
30003,Big Horn County,,MT,819,13045,13864,2,2,4,269,330,599,7,0.258208,0.267983,0,0.000076,0.000098,5,0.000145,0,39,1,0.001005
30005,Blaine County,,MT,461,7208,7669,3,2,5,223,163,386,7,0.25823,0.268039,2965,0.000078,0.000099,5,0.000144,0,39,0.333333,0.001098
30007,Broadwater County,,MT,498,5714,6212,2,2,4,509,183,692,7,0.257044,0.266223,0,0.0001,0.000109,5,0.000093,0,39,1,0.001097
30009,Carbon County,,MT,959,11196,12155,2,3,5,438,447,885,7,0.258862,0.269135,2.86447,0.000076,0.000181,5,0.000126,0,39,0.666667,0.001003
30011,Carter County,,MT,50,1375,1425,0,0,0,0,0,0,0,0,0,0,0,0,44,0.00005,33,98,0,0
30013,Cascade County,,MT,7456,95663,103119,26,25,51,2512,2756,5268,6,0.345088,0.368494,27279.24811,0.007554,0.00731,5,0.000642,0,39,0.406085,0.061855
30015,Chouteau County,,MT,323,5455,5778,2,1,3,222,86,308,7,0.256577,0.265571,0,0.000057,0.000056,5,0.000096,0,39,1,0.000646
30017,Custer County,,MT,1057,13240,14297,3,2,5,206,246,452,7,0.258208,0.267983,2964,0.000076,0.000098,5,0.00023,0,39,0.333333,0.001085
30019,Daniels County,,MT,110,2251,2361,0,0,0,0,0,0,0,0,0,0,0,0,45,0.00005,34,99,0,0
30021,Dawson County,,MT,743,10242,10985,2,2,4,111,120,231,7,0.25823,0.268039,2965,0.000076,0.000097,5,0.000118,0,39,0.333333,0.001011
30023,Deer Lodge County,,MT,731,9197,9928,1,2,3,106,220,326,7,0.256577,0.265948,0,0.000003,0.000076,5,0.000072,0,39,1,0.00012
30025,Fallon County,,MT,224,3638,3862,1,0,1,49,0,49,0,0,0,0,0.000075,0,5,0.000078,0,30,0,0.000915
30027,Fergus County,,MT,834,13819,14653,3,4,7,214,258,472,7,0.260042,0.270934,2966,0.000194,0.000236,5,0.000124,0,39,0.5,0.00225
30029,Flathead County,,MT,6169,108220,114389,29,27,56,3024,2741,5765,6,0.343728,0.36674,10191.173099,0.009232,0.007675,5,0.000551,0,39,0.489247,0.076163
30031,Gallatin County,,MT,9267,104175,113442,40,29,69,3771,3594,7365,6,0.345853,0.369466,29645.381274,0.011304,0.008808,5,0.000852,0,39,0.360366,0.095994
30033,Garfield County,,MT,66,1454,1520,0,0,0,0,0,0,0,0,0,0,0,0,46,0.00005,35,100,0,0
30035,Glacier County,,MT,761,14312,15073,4,4,8,197,270,467,7,0.258591,0.268882,30.323174,0.00018,0.000197,5,0.00015,0,39,0.666667,0.001956
30037,Golden Valley County,,MT,107,1157,1264,0,0,0,0,0,0,0,0,0,0,0,0,47,0.00005,36,101,0,0
30039,Granite County,,MT,298,3117,3415,1,1,2,51,74,125,7,0.256488,0.265611,0,0.000069,0.000073,5,0.000069,0,39,0,0.000686
30041,Hill County,,MT,1446,19252,20698,5,7,12,348,661,1009,7,0.260385,0.27203,68.753942,0.000255,0.000379,5,0.000197,0,39,0.571429,0.002874
30043,Jefferson County,,MT,1150,12990,14140,3,5,8,573,640,1213,7,0.258952,0.269585,1.733333,0.000103,0.000209,5,0.000115,0,39,0.7,0.001217
30045,Judith Basin County,,MT,132,2363,2495,1,0,1,48,0,48,0,0,0,0,0.000002,0,5,0.000077,0,14,0,0.000098
30047,Lake County,,MT,2429,29806,32235,5,5,10,736,808,1544,7,0.259246,0.270231,13.623497,0.000203,0.000323,5,0.000162,0,39,0.8,0.002404
30049,Lewis and Clark County,,MT,4944,77163,82107,15,16,31,2374,2272,4646,6,0.340062,0.361186,7593.752663,0.003413,0.004777,5,0.000341,0,39,0.594771,0.029189
30051,Liberty County,,MT,130,2329,2459,0,0,0,0,0,0,0,0,0,0,0,0,48,0.00005,37,102,0,0
30053,Lincoln County,,MT,1387,20094,21481,4,5,9,343,446,789,7,0.259519,0.270743,0.83349,0.000456,0.00036,5,0.000112,0,39,0.8,0.004089
30055,McCone County,,MT,100,1994,2094,0,0,0,0,0,0,0,0,0,0,0,0,49,0.00005,38,103,0,0
30057,Madison County,,MT,739,8463,9202,2,1,3,155,141,296,7,0.256999,0.265999,0,0.000067,0.000084,5,0.000095,0,39,1,0.000884
30059,Meagher County,,MT,92,2257,2349,0,0,0,0,0,0,0,0,0,0,0,0,50,0.00005,39,104,0,0
30061,Mineral County,,MT,388,4327,4715,1,1,2,111,143,254,7,0.256488,0.265611,0,0.000069,0.000073,5,0.000069,0,39,0,0.000686
30063,Missoula County,,MT,9410,120714,130124,34,35,69,4887,4998,9885,6,0.344928,0.369073,33082.853481,0.009881,0.009287,5,0.000765,0,39,0.379268,0.080884
30065,Musselshell County,,MT,521,4745,5266,1,1,2,133,216,349,7,0.258185,0.267814,0,0.000075,0.000097,5,0.000078,0,39,0,0.000915
30067,Park County,,MT,1361,18661,20022,4,3,7,423,465,888,7,0.259156,0.269782,1.452956,0.00022,0.000254,5,0.000137,0,39,0.75,0.002601
30069,Petroleum County,,MT,-2,477,475,0,0,0,0,0,0,0,0,0,0,0,0,51,0.00005,40,105,0,0
30071,Phillips County,,MT,246,5010,5256,0,1,1,0,48,48,8,0.205288,0.210177,0,0,0.000001,5,0.00005,0,106,0,0
30073,Pondera County,,MT,485,7400,7885,3,3,6,141,176,317,7,0.256621,0.265909,2965.5,0.000055,0.000058,5,0.000147,0,39,0.333333,0.000715
30075,Powder River County,,MT,92,1913,2005,0,0,0,0,0,0,0,0,0,0,0,0,52,0.00005,41,107,0,0
30077,Powell County,,MT,641,6297,6938,2,3,5,112,209,321,7,0.256621,0.266173,0,0.000038,0.000101,5,0.00009,0,39,1,0.000424
30079,Prairie County,,MT,125,1351,1476,1,1,2,40,44,84,8,0.205261,0.210136,0.5,0.000001,0.000001,5,0.000101,0,39,0,0.000088
30081,Ravalli County,,MT,3366,46104,49470,8,9,17,1197,1250,2447,6,0.334009,0.352777,131.828081,0.001702,0.001487,5,0.000198,0,39,0.772727,0.014779
30083,Richland County,,MT,1071,12737,13808,3,3,6,228,211,439,7,0.259201,0.269467,11.910157,0.000142,0.000127,5,0.000144,0,39,0.666667,0.001919
30085,Roosevelt County,,MT,757,11128,11885,2,3,5,130,176,306,7,0.259201,0.269467,2966,0.000085,0.000127,5,0.000127,0,39,0.333333,0.001277
30087,Rosebud County,,MT,797,10881,11678,3,3,6,284,285,569,7,0.25823,0.268151,1.5,0.000077,0.000098,5,0.000237,0,39,0.666667,0.001093
30089,Sanders County,,MT,817,11867,12684,3,3,6,159,213,372,7,0.256799,0.266375,0,0.000128,0.000143,5,0.000114,0,39,1,0.00143
30091,Sheridan County,,MT,272,4590,4862,0,0,0,0,0,0,0,0,0,0,0,0,53,0.00005,42,108,0,0
30093,Silver Bow County,,MT,2310,38102,40412,9,10,19,910,990,1900,7,0.260499,0.272648,3131.142548,0.000358,0.000405,5,0.000254,0,39,0.477778,0.004135
30095,Stillwater County,,MT,825,10505,11330,2,2,4,374,346,720,7,0.258208,0.267983,0,0.000077,0.000098,5,0.000113,0,39,1,0.001003
30097,Sweet Grass County,,MT,316,4074,4390,1,2,3,47,97,144,7,0.258839,0.268967,0,0.000075,0.000181,5,0.000078,0,39,1,0.000915
30099,Teton County,,MT,514,7555,8069,2,1,3,160,181,341,7,0.256577,0.265571,0,0.000054,0.000056,5,0.000114,0,39,1,0.000628
30101,Toole County,,MT,451,5587,6038,0,1,1,0,54,54,8,0.20427,0.208939,0,0,0,5,0.00005,0,109,0,0
30103,Treasure County,,MT,60,918,978,0,0,0,0,0,0,0,0,0,0,0,0,54,0.00005,43,110,0,0
30105,Valley County,,MT,468,8813,9281,1,0,1,63,0,63,0,0,0,0,0.000001,0,5,0.000086,0,31,0,0.00009
30107,Wheatland County,,MT,131,2318,2449,0,0,0,0,0,0,0,0,0,0,0,0,55,0.00005,44,111,0,0
30109,Wibaux County,,MT,33,1055,1088,0,0,0,0,0,0,0,0,0,0,0,0,56,0.00005,45,112,0,0
30111,Yellowstone County,,MT,9459,178857,188316,56,45,101,6140,5010,11150,6,0.348005,0.373935,89796.810827,0.013131,0.010176,5,0.001449,0,39,0.240164,0.110037
31001,Adams County,,NE,2383,35431,37814,6,10,16,947,1099,2046,6,0.297392,0.310039,15344.02575,0.000503,0.000576,19,0.000191,0,39,0.288889,0.004244
31003,Antelope County,,NE,558,7818,8376,2,2,4,231,258,489,7,0.229596,0.235653,4.720088,0.000007,0.000011,19,0.0001,0,39,0.333333,0.000269
31005,Arthur County,,NE,37,540,577,0,0,0,0,0,0,0,0,0,0,0,0,57,0.00005,46,113,0,0
31007,Banner County,,NE,144,806,950,1,1,2,41,115,156,8,0.201358,0.205358,0,0.00002,0,7,0.000072,0,39,1,0.000139
31009,Blaine County,,NE,47,571,618,0,0,0,0,0,0,0,0,0,0,0,0,58,0.00005,47,114,0,0
31011,Boone County,,NE,326,6786,7112,2,1,3,172,40,212,6,0.247641,0.254576,35.086298,0.00001,0.000017,19,0.000132,0,39,0,0.000305
31013,Box Butte County,,NE,926,13570,14496,2,2,4,155,137,292,6,0.278508,0.288583,54.990453,0.00002,0.00013,7,0.000083,0,39,0.333333,0.000217
31015,Boyd County,,NE,85,2479,2564,0,0,0,0,0,0,0,0,0,0,0,0,59,0.00005,48,115,0,0
31017,Brown County,,NE,216,2950,3166,0,1,1,0,43,43,1,1,1,0,0,0,19,0.00005,0,116,0,0
31019,Buffalo County,,NE,3714,53104,56818,14,12,26,1697,1803,3500,6,0.29802,0.310989,16772.605193,0.000642,0.000581,19,0.000435,0,39,0.27619,0.005933
31021,Burt County,,NE,505,8144,8649,4,3,7,231,199,430,6,0.294205,0.305363,0.5,0.000353,0.000322,19,0.000128,0,39,0.75,0.002838
31023,Butler County,,NE,670,10292,10962,4,5,9,246,407,653,6,0.29582,0.307538,528.759027,0.000157,0.000459,19,0.000188,0,39,0.5,0.001529
31025,Cass County,,NE,2292,30488,32780,5,5,10,1632,1405,3037,6,0.296945,0.308634,1.829343,0.0006,0.00055,19,0.000155,0,39,0.85,0.004759
31027,Cedar County,,NE,536,10747,11283,4,5,9,224,271,495,7,0.230883,0.237756,190.502171,0.000008,0.000012,19,0.000208,0,39,0.4,0.000451
31029,Chase County,,NE,248,4774,5022,0,0,0,0,0,0,0,0,0,0,0,0,60,0.00005,49,117,0,0
31031,Cherry County,,NE,403,6139,6542,1,0,1,105,0,105,0,0,0,0,0,0,61,0.000093,50,118,0,0.000077
31033,Cheyenne County,,NE,808,12014,12822,2,2,4,85,106,191,6,0.278378,0.288331,3038.889613,0.000344,0.000123,19,0.000092,0,39,0.166667,0.002602
31035,Clay County,,NE,602,7707,8309,1,3,4,133,282,415,6,0.24895,0.256515,0.5,0.000004,0.000035,19,0.000067,0,39,0.666667,0.000116
31037,Colfax County,,NE,1309,12990,14299,6,5,11,550,644,1194,6,0.294702,0.306487,26.958219,0.000368,0.000348,19,0.000207,0,39,0.633333,0.003225
31039,Cuming County,,NE,623,11450,12073,3,6,9,181,365,546,6,0.294644,0.306487,104.812175,0.000009,0.000336,19,0.000135,0,39,0.5,0.000392
31041,Custer County,,NE,752,13349,14101,5,5,10,330,289,619,6,0.279164,0.289764,2970.603088,0.000161,0.000134,19,0.000181,0,39,0.533333,0.001601
31043,Dakota County,,NE,2234,25484,27718,5,8,13,1074,1410,2484,6,0.309984,0.325363,3818.309657,0.000389,0.001026,19,0.000191,0,39,0.392857,0.003078
31045,Dawes County,,NE,795,8830,9625,0,4,4,0,216,216,6,0.268167,0.278109,0,0,0.000093,7,0.00005,0,120,0,0
31047,Dawson County,,NE,2105,29678,31783,7,9,16,592,833,1425,6,0.299283,0.312333,6774.009148,0.000187,0.000534,19,0.000306,0,39,0.344444,0.00208
31049,Deuel County,,NE,182,2137,2319,1,0,1,60,0,60,0,0,0,0,0.000001,0,19,0.000089,0,32,0,0.000098
31051,Dixon County,,NE,464,7048,7512,2,3,5,274,250,524,6,0.265372,0.274547,9.730921,0.00001,0.000017,19,0.000095,0,39,0.333333,0.000191
31053,Dodge County,,NE,2946,43629,46575,9,10,19,1389,1728,3117,6,0.297482,0.31018,777.859139,0.000617,0.000583,19,0.00028,0,39,0.488889,0.005272
31055,Douglas County,,NE,36903,623957,660860,124,122,246,25632,26202,51834,5,0.416608,0.450483,205362.834299,0.042551,0.046377,19,0.002054,0,39,0.337434,0.333364
31057,Dundy County,,NE,114,2253,2367,0,0,0,0,0,0,0,0,0,0,0,0,62,0.00005,51,121,0,0
31059,Fillmore County,,NE,439,7028,7467,2,3,5,114,185,299,6,0.278378,0.288471,2965,0.000145,0.000125,19,0.000105,0,39,0.333333,0.001209
31061,Franklin County,,NE,200,3808,4008,1,0,1,40,0,40,0,0,0,0,0.000004,0,19,0.000081,0,7,0,0.000141
31063,Frontier County,,NE,205,2954,3159,0,0,0,0,0,0,0,0,0,0,0,0,63,0.00005,52,122,0,0
31065,Furnas County,,NE,511,5763,6274,1,4,5,42,195,237,7,0.229827,0.236114,2971.666667,0.000001,0.000005,19,0.000088,0,39,0.166667,0.000084
31067,Gage County,,NE,1579,25829,27408,5,6,11,721,792,1513,6,0.29579,0.307594,3056.502725,0.000495,0.000444,19,0.000223,0,39,0.380952,0.003945
31069,Garden County,,NE,205,2220,2425,0,0,0,0,0,0,0,0,0,0,0,0,64,0.00005,53,123,0,0
31071,Garfield County,,NE,144,1971,2115,2,0,2,131,0,131,0,0,0,0,0.000004,0,19,0.000135,0,10,0,0.000196
31073,Gosper County,,NE,209,2383,2592,2,1,3,108,65,173,7,0.230363,0.236047,1.438683,0.000005,0.000001,19,0.000117,0,39,0.5,0.00019
31075,Grant County,,NE,60,860,920,0,0,0,0,0,0,0,0,0,0,0,0,65,0.00005,54,124,0,0
31077,Greeley County,,NE,183,2831,3014,0,0,0,0,0,0,0,0,0,0,0,0,66,0.00005,55,125,0,0
31079,Hall County,,NE,4834,70282,75116,17,13,30,2270,2363,4633,5,0.3311,0.348718,14928.775353,0.00376,0.001514,19,0.000429,0,39,0.309942,0.030375
31081,Hamilton County,,NE,789,11420,12209,6,5,11,453,408,861,6,0.29579,0.307482,465.800933,0.000501,0.000468,19,0.000195,0,39,0.433333,0.004214
31083,Harlan County,,NE,157,3831,3988,1,0,1,44,0,44,0,0,0,0,0,0,19,0.000069,0,8,0,0.00008
31085,Hayes County,,NE,80,1134,1214,0,0,0,0,0,0,0,0,0,0,0,0,67,0.00005,56,126,0,0
31087,Hitchcock County,,NE,227,3337,3564,1,1,2,64,79,143,7,0.217919,0.222758,0,0.000001,0,19,0.000088,0,39,0,0.000084
31089,Holt County,,NE,860,12887,13747,2,4,6,97,404,501,6,0.294585,0.30615,3196.78116,0.000149,0.000326,19,0.000099,0,39,0.4,0.001292
31091,Hooker County,,NE,76,961,1037,0,0,0,0,0,0,0,0,0,0,0,0,68,0.00005,57,127,0,0
31093,Howard County,,NE,491,7614,8105,1,2,3,199,176,375,6,0.248804,0.256037,0,0.000011,0.000029,19,0.000078,0,39,1,0.000314
31095,Jefferson County,,NE,518,8845,9363,3,2,5,221,186,407,6,0.278325,0.288246,2964,0.000148,0.000127,19,0.00017,0,39,0.333333,0.001305
31097,Johnson County,,NE,297,5152,5449,3,2,5,160,100,260,6,0.278325,0.288246,0.333333,0.000152,0.000127,19,0.000127,0,39,0.833333,0.001339
31099,Kearney County,,NE,585,7426,8011,2,2,4,311,259,570,7,0.229649,0.235451,0,0.000005,0.000005,19,0.000119,0,39,1,0.000227
31101,Keith County,,NE,744,9655,10399,2,1,3,136,77,213,7,0.229542,0.235018,2965,0.000004,0.000005,19,0.000128,0,39,0,0.000206
31103,Keya Paha County,,NE,74,949,1023,0,1,1,0,41,41,1,1,1,0,0,0,19,0.00005,0,128,0,0
31105,Kimball County,,NE,338,4164,4502,1,2,3,59,103,162,6,0.265729,0.275368,14.583107,0.000114,0.000112,7,0.000064,0,39,0,0.000964
31107,Knox County,,NE,461,10225,10686,2,2,4,107,105,212,7,0.214374,0.219842,0,0.000005,0.000001,19,0.000114,0,39,0.833333,0.000266
31109,Lancaster County,,NE,16353,331958,348311,65,64,129,9033,9757,18790,5,0.385516,0.413716,129989.483685,0.0167,0.019513,19,0.001517,0,39,0.276658,0.136681
31111,Lincoln County,,NE,2303,42742,45045,9,9,18,658,789,1447,6,0.2979,0.310399,20911.487594,0.000613,0.000577,19,0.000369,0,39,0.472222,0.005348
31113,Logan County,,NE,92,921,1013,0,0,0,0,0,0,0,0,0,0,0,0,69,0.00005,58,129,0,0
31115,Loup County,,NE,55,688,743,0,0,0,0,0,0,0,0,0,0,0,0,70,0.00005,59,130,0,0
31117,McPherson County,,NE,43,533,576,0,0,0,0,0,0,0,0,0,0,0,0,71,0.00005,60,131,0,0
31119,Madison County,,NE,3484,41584,45068,14,16,30,1516,2115,3631,6,0.29793,0.311698,30942.749477,0.001482,0.000597,19,0.000536,0,39,0.20915,0.011676
31121,Merrick County,,NE,637,9090,9727,4,5,9,387,307,694,6,0.278508,0.288977,318.679025,0.000159,0.000172,19,0.000165,0,39,0.433333,0.001624
31123,Morrill County,,NE,460,5229,5689,2,1,3,288,158,446,7,0.252083,0.259818,2964,0.00002,0.000006,7,0.000133,0,39,0.5,0.000219
31125,Nance County,,NE,292,4078,4370,1,1,2,107,73,180,6,0.247641,0.254576,0,0.00001,0.000017,19,0.00009,0,39,0,0.000222
31127,Nemaha County,,NE,627,7517,8144,3,3,6,153,201,354,6,0.278351,0.288415,1.5,0.000149,0.000128,19,0.000142,0,39,0.666667,0.001316
31129,Nuckolls County,,NE,293,5325,5618,2,0,2,118,0,118,0,0,0,0,0.000004,0,19,0.000095,0,9,1,0.000196
31131,Otoe County,,NE,1540,18787,20327,6,8,14,735,947,1682,6,0.297124,0.30928,121.764893,0.000495,0.000555,19,0.000234,0,39,0.410714,0.004036
31133,Pawnee County,,NE,177,3119,3296,1,0,1,71,0,71,0,0,0,0,0.000003,0,19,0.000082,0,20,0,0.000112
31135,Perkins County,,NE,186,3587,3773,0,1,1,0,52,52,8,0.186741,0.189799,0,0,0,19,0.00005,0,132,0,0
31137,Phelps County,,NE,686,11156,11842,4,4,8,284,283,567,6,0.278482,0.288808,915.303745,0.000008,0.000128,19,0.00018,0,39,0.366667,0.000406
31139,Pierce County,,NE,462,8610,9072,3,1,4,315,177,492,7,0.22956,0.235428,0,0.000007,0.000011,19,0.000138,0,39,1,0.000351
31141,Platte County,,NE,2555,41661,44216,13,11,24,1465,1362,2827,5,0.329115,0.34629,17894.699276,0.002306,0.001379,19,0.000508,0,39,0.318681,0.018114
31143,Polk County,,NE,476,6599,7075,3,3,6,196,252,448,6,0.247785,0.255166,5.077235,0.000012,0.000019,19,0.000153,0,39,0.25,0.000413
31145,Red Willow County,,NE,866,12919,13785,3,4,7,193,218,411,6,0.278613,0.288966,12255.711161,0.000004,0.000128,19,0.000179,0,39,0.166667,0.000288
31147,Richardson County,,NE,488,9867,10355,2,2,4,117,105,222,6,0.278299,0.28819,0,0.000145,0.000125,19,0.000111,0,39,1,0.001204
31149,Rock County,,NE,80,1236,1316,3,0,3,354,0,354,0,0,0,0,0.000002,0,19,0.000157,0,21,0,0.000244
31151,Saline County,,NE,1126,16648,17774,4,3,7,490,538,1028,6,0.295702,0.307088,0.666667,0.000494,0.000442,19,0.000146,0,39,0.75,0.003833
31153,Sarpy County,,NE,19292,196596,215888,45,36,81,13847,12521,26368,5,0.376365,0.401866,25824.162652,0.014053,0.014188,19,0.000805,0,39,0.366497,0.109934
31155,Saunders County,,NE,1605,24899,26504,5,5,10,1245,1000,2245,6,0.296975,0.30869,0.642857,0.0006,0.000551,19,0.000154,0,39,0.9,0.004773
31157,Scotts Bluff County,,NE,2562,41924,44486,8,14,22,645,1133,1778,6,0.337008,0.356549,21496.665237,0.000836,0.002663,7,0.000357,0,39,0.318681,0.007324
31159,Seward County,,NE,1228,19409,20637,3,4,7,594,680,1274,6,0.295731,0.307257,22.1025,0.000149,0.000443,19,0.000137,0,39,0.55,0.001303
31161,Sheridan County,,NE,552,6050,6602,1,1,2,40,57,97,7,0.211043,0.215646,0.5,0.000001,0.000001,19,0.000061,0,119,0,0.000077
31163,Sherman County,,NE,221,3515,3736,1,2,3,70,104,174,6,0.248909,0.25629,0,0.000004,0.000033,19,0.000081,0,39,1,0.000141
31165,Sioux County,,NE,114,1343,1457,2,1,3,87,51,138,7,0.252083,0.259818,3.399561,0.00002,0.000006,7,0.000083,0,39,0,0.000217
31167,Stanton County,,NE,647,6889,7536,1,1,2,604,347,951,7,0.22956,0.235428,0,0.000004,0.000011,19,0.000079,0,39,0,0.000179
31169,Thayer County,,NE,296,6278,6574,1,1,2,56,50,106,7,0.217775,0.222528,0.5,0.000001,0.000001,19,0.00008,0,39,0,0.000089
31171,Thomas County,,NE,143,805,948,0,1,1,0,105,105,1,1,1,0,0,0,61,0.00005,50,133,0,0
31173,Thurston County,,NE,485,7134,7619,3,3,6,242,217,459,6,0.265396,0.274604,49.679594,0.000055,0.000018,19,0.000115,0,39,0.333333,0.000425
31175,Valley County,,NE,247,5036,5283,1,1,2,59,40,99,1,1,1,2.058824,0.000001,0,19,0.000081,0,11,0,0.000097
31177,Washington County,,NE,1579,24349,25928,4,6,10,1037,1027,2064,6,0.295613,0.30733,8.797184,0.000454,0.000435,19,0.000144,0,39,0.633333,0.003645
31179,Wayne County,,NE,702,9418,10120,3,5,8,253,311,564,6,0.294585,0.306262,1096.955602,0.000005,0.000326,19,0.000141,0,39,0.35,0.000348
31181,Webster County,,NE,254,4233,4487,1,2,3,69,171,240,7,0.229258,0.234934,0,0.000004,0.000004,19,0.000067,0,39,0.5,0.000116
31183,Wheeler County,,NE,58,925,983,0,0,0,0,0,0,0,0,0,0,0,0,72,0.00005,61,134,0,0
31185,York County,,NE,967,16501,17468,5,5,10,404,363,767,6,0.27843,0.288808,279.55827,0.000152,0.000129,19,0.000206,0,39,0.3,0.001494
32001,Churchill County,,NV,3041,26441,29482,9,11,20,1010,1287,2297,6,0.338354,0.357712,162.638854,0.002968,0.004006,5,0.000159,0,39,0.618182,0.023431
32003,Clark County,,NV,119623,2265163,2384786,441,424,865,116688,101262,217950,5,0.475084,0.531979,267182.162393,0.11971,0.115013,5,0.004913,0,39,0.145748,0.896369
32005,Douglas County,,NV,5009,57787,62796,21,13,34,3345,2932,6277,6,0.339711,0.359629,13.026706,0.010832,0.007178,5,0.000254,0,39,0.835714,0.083044
32007,Elko County,,NV,4488,58097,62585,21,16,37,2551,1806,4357,6,0.336015,0.35615,9534.631187,0.006004,0.003554,5,0.000405,0,39,0.435065,0.048232
32009,Esmeralda County,,NV,83,825,908,1,0,1,49,0,49,0,0,0,0,0.00085,0,5,0.00006,0,37,0,0.00673
32011,Eureka County,,NV,222,1932,2154,1,1,2,55,44,99,7,0.251527,0.259484,0,0.000026,0.000044,5,0.000072,0,39,0,0.00044
32013,Humboldt County,,NV,1619,19621,21240,7,4,11,755,550,1305,7,0.276973,0.289402,73.346202,0.001261,0.000433,5,0.000192,0,39,0.571429,0.010953
32015,Lander County,,NV,610,6678,7288,1,3,4,44,171,215,7,0.276948,0.289233,0,0.000026,0.000372,5,0.000072,0,39,1,0.00044
32017,Lincoln County,,NV,370,4753,5123,2,1,3,176,120,296,6,0.322108,0.337397,0,0.000927,0.000885,5,0.000076,0,39,1,0.007482
32019,Lyon County,,NV,6408,54636,61044,22,16,38,4062,4058,8120,6,0.340374,0.360922,2043.264543,0.009115,0.005786,5,0.000356,0,39,0.597826,0.070961
32021,Mineral County,,NV,427,4732,5159,3,2,5,155,155,310,7,0.276792,0.288812,0,0.000376,0.000386,5,0.000093,0,39,1,0.003414
32023,Nye County,,NV,4563,42383,46946,12,10,22,2198,2216,4414,6,0.33793,0.357307,57.041215,0.00638,0.00454,5,0.000187,0,39,0.692308,0.050231
32027,Pershing County,,NV,538,5167,5705,2,2,4,196,236,432,7,0.276792,0.288812,0,0.000307,0.000328,5,0.000103,0,39,1,0.002734
32029,Storey County,,NV,476,3922,4398,2,2,4,310,284,594,7,0.276792,0.288812,0,0.000346,0.000386,5,0.000081,0,39,1,0.003164
32031,Washoe County,,NV,27869,489666,517535,123,109,232,22450,20227,42677,6,0.38263,0.417954,33147.552523,0.043129,0.041048,5,0.001499,0,39,0.395377,0.343427
32033,White Pine County,,NV,907,9877,10784,3,3,6,288,298,586,6,0.322388,0.338072,0.416667,0.00118,0.001013,5,0.000093,0,39,0.75,0.009741
32510,Carson City,,NV,5866,59999,65865,14,15,29,3841,3808,7649,6,0.339789,0.359966,33.342219,0.006607,0.007538,5,0.000212,0,39,0.787582,0.052131
33001,Belknap County,,NH,5393,75468,80861,14,12,26,3603,3415,7018,6,0.304321,0.321265,34.836231,0.004128,0.003212,36,0.000177,0,39,0.849265,0.029492
33003,Carroll County,,NH,3852,58461,62313,17,14,31,2506,2207,4713,6,0.304196,0.321433,81.101081,0.003775,0.003139,36,0.000216,0,39,0.767974,0.027238
33005,Cheshire County,,NH,5311,88719,94030,14,17,31,2465,2829,5294,6,0.299525,0.316273,124.087786,0.003391,0.003628,36,0.000189,0,39,0.657895,0.023546
33007,Coos County,,NH,2236,36562,38798,8,10,18,767,1068,1835,7,0.278325,0.291684,4900.305094,0.001335,0.000923,36,0.000154,0,39,0.681818,0.010184
33009,Grafton County,,NH,7611,99820,107431,30,26,56,4688,4322,9010,6,0.337238,0.359269,3981.552675,0.009012,0.007777,36,0.000363,0,39,0.545455,0.064707
33011,Hillsborough County,,NH,28391,491598,519989,77,84,161,20492,21929,42421,6,0.37737,0.409578,8817.281433,0.03709,0.040819,36,0.000731,0,39,0.586061,0.274102
33013,Merrimack County,,NH,11531,174670,186201,26,27,53,8279,7870,16149,6,0.349935,0.372884,1305.151501,0.008876,0.010136,36,0.000294,0,39,0.636089,0.064745
33015,Rockingham County,,NH,22815,380741,403556,55,61,116,19388,18046,37434,6,0.369839,0.398539,4347.038584,0.023769,0.028621,36,0.00055,0,39,0.621057,0.177852
33017,Strafford County,,NH,9477,136328,145805,24,17,41,6630,6095,12725,6,0.324469,0.343755,405.829282,0.009019,0.004984,36,0.000264,0,39,0.722222,0.065932
33019,Sullivan County,,NH,3275,49718,52993,8,7,15,2057,1728,3785,7,0.274766,0.287153,8.943385,0.001316,0.000647,36,0.000138,0,39,0.785714,0.009957
34001,Atlantic County,,NJ,15694,341907,357601,43,58,101,10079,11251,21330,6,0.361233,0.389084,385.046123,0.021348,0.0283,94,0.000344,0,39,0.766769,0.144835
34003,Bergen County,,NJ,58462,1121224,1179686,109,150,259,51255,51199,102454,6,0.39486,0.435526,2590.8213,0.054263,0.067472,94,0.000892,0,39,0.544219,0.389219
34005,Burlington County,,NJ,31406,549393,580799,86,111,197,22190,23873,46063,6,0.383174,0.418938,1475.886816,0.043073,0.054708,94,0.000716,0,39,0.620715,0.307092
34007,Camden County,,NJ,33366,608469,641835,72,95,167,25878,27913,53791,6,0.382088,0.416015,976.429118,0.03683,0.04771,94,0.000574,0,39,0.705446,0.257571
34009,Cape May County,,NJ,7016,116346,123362,24,22,46,4357,4085,8442,6,0.323513,0.34258,59.567955,0.011089,0.009377,94,0.000212,0,39,0.890313,0.074803
34011,Cumberland County,,NJ,8005,182923,190928,20,21,41,4366,5180,9546,6,0.339361,0.359944,66.74394,0.009875,0.008807,94,0.000183,0,39,0.871795,0.066392
34013,Essex County,,NJ,57370,874861,932231,100,136,236,41705,50508,92213,6,0.391885,0.430759,3018.519056,0.049413,0.061823,94,0.00081,0,39,0.573708,0.348614
34015,Gloucester County,,NJ,16911,348616,365527,31,36,67,13475,12615,26090,6,0.351095,0.376099,185.626422,0.014639,0.016797,94,0.00026,0,39,0.800641,0.098439
34017,Hudson County,,NJ,65137,710630,775767,119,134,253,50306,57861,108167,6,0.401055,0.439056,2058.532576,0.058767,0.063815,94,0.000987,0,39,0.600304,0.423155
34019,Hunterdon County,,NJ,8086,159925,168011,24,28,52,6181,4986,11167,6,0.350431,0.374205,11.646862,0.010291,0.012079,94,0.000186,0,39,0.904598,0.062762
34021,Mercer County,,NJ,25173,420063,445236,70,84,154,18612,19629,38241,6,0.383571,0.416239,455.509807,0.036682,0.044212,94,0.000564,0,39,0.7414,0.257386
34023,Middlesex County,,NJ,64218,987947,1052165,123,153,276,50816,56264,107080,6,0.403731,0.443322,2930.923513,0.060007,0.070136,94,0.00101,0,39,0.562469,0.429133
34025,Monmouth County,,NJ,34479,778140,812619,75,114,189,27830,28633,56463,6,0.383422,0.419584,864.150108,0.038533,0.054732,94,0.000606,0,39,0.646301,0.274526
34027,Morris County,,NJ,33508,619395,652903,80,120,200,26646,27507,54153,6,0.394282,0.431141,1231.177056,0.041749,0.058049,94,0.000648,0,39,0.639144,0.295668
34029,Ocean County,,NJ,27691,697792,725483,73,97,170,23625,22195,45820,6,0.376604,0.410298,660.965402,0.033208,0.043079,94,0.00059,0,39,0.621313,0.232525
34031,Passaic County,,NJ,34195,612310,646505,64,87,151,23831,28963,52794,6,0.376174,0.408746,541.314776,0.031383,0.042753,94,0.00049,0,39,0.728027,0.214712
34033,Salem County,,NJ,4611,79466,84077,9,11,20,3040,3077,6117,7,0.297751,0.31296,0.105556,0.002554,0.003066,94,0.000109,0,39,0.963636,0.016247
34035,Somerset County,,NJ,27092,405940,433032,62,79,141,22687,22270,44957,6,0.379011,0.410939,505.037438,0.033086,0.041127,94,0.000492,0,39,0.758824,0.22984
34037,Sussex County,,NJ,9640,182719,192359,19,32,51,5671,6564,12235,6,0.351971,0.375329,33.025754,0.007109,0.014016,94,0.000155,0,39,0.783144,0.042403
34039,Union County,,NJ,39147,645252,684399,72,95,167,33405,33696,67101,6,0.381645,0.41566,522.394017,0.038888,0.04776,94,0.000583,0,39,0.72315,0.275502
34041,Warren County,,NJ,8091,131242,139333,20,23,43,5833,5360,11193,6,0.337622,0.358825,0.754042,0.007631,0.008674,94,0.000157,0,39,0.95471,0.044255
35001,Bernalillo County,,NM,44285,739849,784134,140,162,302,29874,33891,63765,5,0.421524,0.459921,65506.977237,0.052556,0.062816,5,0.001744,0,39,0.376722,0.416471
35003,Catron County,,NM,288,3409,3697,0,0,0,0,0,0,0,0,0,0,0,0,73,0.00005,62,135,0,0
35005,Chaves County,,NM,3865,67895,71760,18,17,35,1899,1859,3758,6,0.346905,0.369207,191.293694,0.006586,0.006889,5,0.000254,0,39,0.707792,0.05146
35006,Cibola County,,NM,1946,23748,25694,5,6,11,879,1324,2203,6,0.33281,0.350781,0.335145,0.000742,0.001555,5,0.000101,0,39,0.933333,0.004914
35007,Colfax County,,NM,1210,13925,15135,1,6,7,81,319,400,6,0.297064,0.309972,49.552821,0.000464,0.000724,5,0.000059,0,39,0.466667,0.003084
35009,Curry County,,NM,6414,53175,59589,22,27,49,2020,3041,5061,6,0.348865,0.373108,5415.632842,0.008657,0.009172,118,0.000332,0,39,0.536782,0.069577
35011,De Baca County,,NM,227,2166,2393,0,0,0,0,0,0,0,0,0,0,0,0,74,0.00005,63,136,0,0
35013,Dona Ana County,,NM,16122,225831,241953,44,45,89,8943,10484,19427,6,0.358049,0.385295,5292.076932,0.017942,0.019576,5,0.000582,0,39,0.512821,0.144626
35015,Eddy County,,NM,3615,59680,63295,15,12,27,1945,1568,3513,6,0.339789,0.360146,67.41237,0.004806,0.003423,5,0.00025,0,39,0.742857,0.039113
35017,Grant County,,NM,1919,31820,33739,8,6,14,710,710,1420,6,0.334273,0.352428,368.723917,0.002847,0.002616,5,0.000157,0,39,0.714286,0.022943
35019,Guadalupe County,,NM,364,4437,4801,1,2,3,61,121,182,6,0.296619,0.308763,0,0.000464,0.000394,5,0.000059,0,39,1,0.003084
35021,Harding County,,NM,39,754,793,0,0,0,0,0,0,0,0,0,0,0,0,75,0.00005,64,137,0,0
35023,Hidalgo County,,NM,458,4909,5367,0,2,2,0,149,149,7,0.263738,0.27393,0,0,0.000154,5,0.00005,0,138,1,0
35025,Lea County,,NM,4147,71047,75194,24,16,40,2431,1972,4403,6,0.344968,0.366993,2178.508021,0.007627,0.005109,5,0.000375,0,39,0.52,0.063179
35027,Lincoln County,,NM,1953,21755,23708,6,8,14,609,677,1286,6,0.334801,0.353609,0.792742,0.002184,0.00231,5,0.000112,0,39,0.946429,0.016875
35028,Los Alamos County,,NM,1908,23655,25563,4,5,9,504,650,1154,6,0.332735,0.350556,37.570239,0.000737,0.001617,5,0.000099,0,39,0.9,0.005292
35029,Luna County,,NM,1963,27903,29866,7,6,13,691,784,1475,6,0.333934,0.352175,0.618519,0.002734,0.002079,5,0.000131,0,39,0.875,0.021138
35031,McKinley County,,NM,8168,85720,93888,12,11,23,5608,6670,12278,6,0.337085,0.356492,72.724812,0.002693,0.003656,5,0.000184,0,39,0.730769,0.021125
35033,Mora County,,NM,302,4891,5193,1,2,3,64,150,214,6,0.296619,0.308763,0,0.000005,0.000394,5,0.00008,0,39,1,0.00012
35035,Otero County,,NM,7056,65513,72569,18,26,44,3397,3143,6540,6,0.355814,0.37941,164.402832,0.008537,0.011202,5,0.000254,0,39,0.660969,0.067602
35037,Quay County,,NM,803,9216,10019,2,3,5,137,198,335,6,0.297303,0.309961,0,0.000532,0.000532,118,0.00007,0,39,0.833333,0.003671
35039,Rio Arriba County,,NM,3076,42239,45315,6,6,12,1354,2285,3639,6,0.296767,0.309494,2.225527,0.000834,0.000705,5,0.000132,0,39,0.8,0.005977
35041,Roosevelt County,,NM,2327,19926,22253,4,7,11,665,923,1588,6,0.29841,0.312417,0.213287,0.001199,0.000883,118,0.000101,0,39,0.875,0.010073
35043,Sandoval County,,NM,13205,148674,161879,30,38,68,9582,9302,18884,6,0.352138,0.378033,3952.615229,0.013004,0.017576,5,0.000412,0,39,0.558072,0.104089
35045,San Juan County,,NM,11468,146465,157933,24,37,61,7384,7835,15219,6,0.350722,0.376481,1350.460396,0.006726,0.011561,5,0.000349,0,39,0.485897,0.054625
35047,San Miguel County,,NM,1896,27482,29378,5,4,9,793,973,1766,6,0.296678,0.309101,2967,0.000738,0.000634,5,0.000139,0,39,0.45,0.005345
35049,Santa Fe County,,NM,11257,167709,178966,40,39,79,7290,6811,14101,6,0.363714,0.389545,5190.097348,0.020259,0.018662,5,0.000523,0,39,0.641546,0.163766
35051,Sierra County,,NM,984,11714,12698,2,2,4,275,288,563,6,0.296589,0.308707,0,0.000609,0.000521,5,0.00007,0,39,1,0.004211
35053,Socorro County,,NM,1503,17600,19103,2,3,5,434,586,1020,6,0.296619,0.308876,0,0.0005,0.000545,5,0.00007,0,39,1,0.003348
35055,Taos County,,NM,2019,35368,37387,7,4,11,668,657,1325,6,0.296648,0.309044,36.379224,0.002163,0.00064,5,0.000129,0,39,0.642857,0.017074
35057,Torrance County,,NM,1542,14493,16035,4,3,7,767,796,1563,6,0.296619,0.308876,0,0.000767,0.000562,5,0.00009,0,39,1,0.00543
35059,Union County,,NM,408,4269,4677,0,0,0,0,0,0,0,0,0,0,0,0,76,0.00005,65,139,0,0
35061,Valencia County,,NM,5326,78413,83739,10,15,25,3265,3432,6697,6,0.339284,0.359601,592.242934,0.003188,0.004776,5,0.000182,0,39,0.585714,0.025004
36001,Albany County,,NY,22548,345888,368436,58,84,142,16645,17737,34382,6,0.3779,0.410337,19771.603207,0.022476,0.037786,77,0.000536,0,39,0.556135,0.155351
36003,Allegany County,,NY,2688,49563,52251,9,9,18,1270,1326,2596,6,0.292666,0.306813,2539.18547,0.001144,0.000859,77,0.000187,0,39,0.488889,0.007241
36005,Bronx County,,NY,106264,1441621,1547885,142,185,327,86221,97166,183387,6,0.415965,0.45855,6780.704727,0.064439,0.076376,94,0.001174,0,39,0.451053,0.461015
36007,Broome County,,NY,10954,220834,231788,30,49,79,4696,6443,11139,6,0.369931,0.397982,8505.799546,0.010632,0.023065,77,0.000338,0,39,0.577677,0.072675
36009,Cattaraugus County,,NY,4518,87673,92191,8,7,15,2419,2564,4983,6,0.292493,0.306307,288.200581,0.001554,0.000895,77,0.000162,0,39,0.569444,0.011955
36011,Cayuga County,,NY,4154,86809,90963,9,11,20,3593,2444,6037,6,0.292782,0.307319,17.553977,0.001226,0.001342,77,0.000147,0,39,0.613636,0.007126
36013,Chautauqua County,,NY,5226,146410,151636,8,10,18,1808,2199,4007,6,0.337661,0.356723,318.536513,0.00206,0.003148,77,0.000149,0,39,0.618182,0.013592
36015,Chemung County,,NY,4910,99607,104517,11,12,23,2455,2332,4787,6,0.293158,0.308078,780.380853,0.001673,0.001306,77,0.000205,0,39,0.484848,0.009997
36017,Chenango County,,NY,3880,56819,60699,7,7,14,2186,2589,4775,7,0.278169,0.291212,6.568205,0.000674,0.000516,77,0.000127,0,39,0.666667,0.004143
36019,Clinton County,,NY,3670,90715,94385,9,10,19,1144,1446,2590,6,0.301781,0.317864,307.239734,0.000891,0.001389,77,0.000173,0,39,0.409091,0.005888
36021,Columbia County,,NY,3414,71311,74725,11,10,21,2426,1885,4311,6,0.310406,0.326397,1.185349,0.003603,0.002184,94,0.000127,0,39,0.863636,0.023251
36023,Cortland County,,NY,2889,51183,54072,7,8,15,1525,1585,3110,7,0.288424,0.302966,26.488726,0.000664,0.000868,77,0.000132,0,39,0.607143,0.003881
36025,Delaware County,,NY,2955,47594,50549,12,11,23,3249,1690,4939,6,0.311057,0.327465,232.361887,0.0036,0.002822,77,0.000151,0,39,0.575758,0.023638
36027,Dutchess County,,NY,16529,342551,359080,40,58,98,10640,11516,22156,6,0.37095,0.399725,775.291252,0.019523,0.030081,94,0.000337,0,39,0.723729,0.134826
36029,Erie County,,NY,30599,1074439,1105038,116,141,257,19596,22457,42053,5,0.406666,0.444396,30109.424314,0.054813,0.065519,77,0.001134,0,39,0.524224,0.406931
36031,Essex County,,NY,2507,42169,44676,6,7,13,1611,1326,2937,7,0.275276,0.287884,15.602635,0.000478,0.000369,77,0.000132,0,39,0.642857,0.002919
36033,Franklin County,,NY,2666,51019,53685,4,4,8,1256,1488,2744,7,0.277726,0.289509,9.102032,0.000213,0.000268,77,0.000103,0,39,0.65,0.00162
36035,Fulton County,,NY,3799,61967,65766,6,8,14,2473,2504,4977,7,0.275097,0.287772,268.476028,0.000616,0.000484,77,0.000104,0,39,0.625,0.0034
36037,Genesee County,,NY,3402,70624,74026,7,7,14,1951,2153,4104,6,0.292291,0.30597,3.266667,0.001124,0.000905,77,0.000136,0,39,0.714286,0.007026
36039,Greene County,,NY,3401,52738,56139,16,13,29,2194,1989,4183,6,0.310992,0.327718,45.592847,0.005269,0.003469,94,0.000163,0,39,0.748366,0.032579
36041,Hamilton County,,NY,301,5917,6218,2,0,2,213,0,213,0,0,0,0,0.000007,0,77,0.000077,0,16,0,0.000303
36043,Herkimer County,,NY,3843,71362,75205,8,9,17,2594,2420,5014,7,0.28006,0.294005,47.81951,0.00102,0.000739,77,0.000132,0,39,0.544444,0.006435
36045,Jefferson County,,NY,19792,125030,144822,76,84,160,8563,10541,19104,6,0.383323,0.415739,14560.640971,0.032551,0.034708,77,0.0008,0,39,0.477694,0.244585
36047,Kings County,,NY,171244,2712540,2883784,253,273,526,138093,158267,296360,5,0.442669,0.490382,46432.585058,0.0959,0.098277,94,0.002298,0,39,0.299252,0.703957
36049,Lewis County,,NY,1757,28085,29842,5,3,8,3157,882,4039,7,0.277908,0.289688,4.100365,0.000405,0.00036,77,0.000106,0,39,0.65,0.003132
36051,Livingston County,,NY,4546,70425,74971,8,8,16,2313,2498,4811,6,0.292522,0.306476,7.017901,0.001069,0.000869,77,0.000156,0,39,0.696429,0.006847
36053,Madison County,,NY,4783,77021,81804,9,8,17,3738,3036,6774,7,0.278299,0.291437,20.51307,0.000777,0.000525,77,0.000151,0,39,0.511111,0.00556
36055,Monroe County,,NY,31415,880241,911656,118,156,274,19814,24026,43840,6,0.403841,0.444621,37790.632954,0.053246,0.070115,77,0.001157,0,39,0.508001,0.395644
36057,Montgomery County,,NY,4421,56851,61272,8,9,17,2485,3111,5596,7,0.275148,0.287996,4.566693,0.000634,0.00055,77,0.000128,0,39,0.736111,0.003691
36059,Nassau County,,NY,68649,1722237,1790886,111,166,277,60280,61622,121902,6,0.396602,0.438859,4371.378091,0.055345,0.070864,94,0.00094,0,39,0.493977,0.40095
36061,New York County,,NY,204424,1766190,1970614,255,268,523,158640,186256,344896,5,0.437638,0.48584,44380.816079,0.097219,0.096713,94,0.002321,0,39,0.305943,0.7115
36063,Niagara County,,NY,9717,255463,265180,15,22,37,5894,6155,12049,6,0.351428,0.373918,1657.547834,0.007997,0.011126,77,0.000205,0,39,0.64,0.059232
36065,Oneida County,,NY,11046,262733,273779,36,31,67,5386,6817,12203,6,0.351054,0.374784,5189.56354,0.013797,0.013695,77,0.000385,0,39,0.560254,0.096628
36067,Onondaga County,,NY,22310,542404,564714,83,104,187,13470,15444,28914,6,0.384416,0.419517,25110.611213,0.038088,0.048327,77,0.000821,0,39,0.542715,0.278576
36069,Ontario County,,NY,7293,128713,136006,15,14,29,5218,4595,9813,6,0.31181,0.328926,933.66169,0.003164,0.002681,77,0.000229,0,39,0.428105,0.023102
36071,Orange County,,NY,23525,445212,468737,62,97,159,15231,17147,32378,6,0.380812,0.414958,1931.027895,0.031924,0.04545,94,0.000515,0,39,0.604646,0.22511
36073,Orleans County,,NY,2445,46608,49053,4,5,9,1487,1504,2991,6,0.292233,0.305632,0,0.001091,0.000874,77,0.000088,0,39,0.95,0.006504
36075,Oswego County,,NY,6720,135863,142583,11,13,24,3496,4092,7588,6,0.335331,0.354857,241.873685,0.00206,0.003044,77,0.000163,0,39,0.543956,0.012639
36077,Otsego County,,NY,4938,65110,70048,13,13,26,2586,3000,5586,6,0.308597,0.325037,171.09366,0.002236,0.001928,77,0.000178,0,39,0.533333,0.013179
36079,Putnam County,,NY,6565,120283,126848,12,17,29,4919,4661,9580,6,0.336092,0.355689,0.409012,0.005758,0.008282,94,0.000118,0,39,0.95098,0.035547
36081,Queens County,,NY,152589,2580232,2732821,195,235,430,118134,141455,259589,5,0.42884,0.474795,17835.504744,0.083833,0.090928,94,0.001706,0,39,0.37439,0.613008
36083,Rensselaer County,,NY,12691,181819,194510,24,28,52,8191,9238,17429,6,0.335369,0.357291,1695.752633,0.006744,0.008739,77,0.000259,0,39,0.527586,0.043223
36085,Richmond County,,NY,22364,545128,567492,42,69,111,17105,18191,35296,6,0.374795,0.405312,293.765498,0.022988,0.033712,94,0.000333,0,39,0.763975,0.156301
36087,Rockland County,,NY,16303,381221,397524,34,57,91,10234,12117,22351,6,0.370116,0.39864,157.582833,0.018926,0.028051,94,0.00027,0,39,0.789597,0.126478
36089,St. Lawrence County,,NY,5437,113925,119362,10,11,21,1594,2252,3846,6,0.33465,0.353901,790.94234,0.002401,0.002645,77,0.00018,0,39,0.519231,0.016142
36091,Saratoga County,,NY,17230,270258,287488,55,58,113,14175,12146,26321,6,0.358481,0.387307,18823.058222,0.020904,0.024373,77,0.000566,0,39,0.471677,0.152195
36093,Schenectady County,,NY,11219,181110,192329,23,27,50,7261,7400,14661,6,0.351054,0.37403,2530.188775,0.006015,0.011199,77,0.00025,0,39,0.579323,0.038518
36095,Schoharie County,,NY,2041,33764,35805,7,8,15,1441,1136,2577,7,0.275072,0.287715,5.988851,0.000585,0.000502,77,0.000118,0,39,0.638889,0.003414
36097,Schuyler County,,NY,1391,21668,23059,5,5,10,782,831,1613,7,0.263368,0.273781,2.347912,0.000151,0.000128,77,0.000119,0,39,0.65,0.001283
36099,Seneca County,,NY,2297,38188,40485,8,7,15,1262,1272,2534,7,0.28834,0.302656,86.482652,0.001035,0.000811,77,0.000146,0,39,0.660714,0.006438
36101,Steuben County,,NY,5717,112945,118662,12,16,28,2534,2929,5463,6,0.305607,0.323058,1499.584818,0.001528,0.002302,77,0.000229,0,39,0.378676,0.009826
36103,Suffolk County,,NY,66913,1879769,1946682,156,194,350,50189,57312,107501,6,0.406498,0.451068,11012.020938,0.066631,0.078837,94,0.00139,0,39,0.412479,0.488285
36105,Sullivan County,,NY,5153,83658,88811,16,18,34,3503,3109,6612,6,0.322318,0.340556,15.159564,0.006771,0.006776,94,0.000149,0,39,0.821637,0.042476
36107,Tioga County,,NY,3823,60591,64414,6,6,12,2073,2223,4296,7,0.278508,0.291521,15.032635,0.000307,0.000476,77,0.000129,0,39,0.619048,0.00184
36109,Tompkins County,,NY,8835,94693,103528,29,34,63,3386,4983,8369,6,0.3559,0.381265,10663.66342,0.012456,0.015595,77,0.000334,0,39,0.578236,0.088862
36111,Ulster County,,NY,10899,205694,216593,28,36,64,6821,6938,13759,6,0.345692,0.369781,417.349249,0.012067,0.015231,94,0.000252,0,39,0.688478,0.080513
36113,Warren County,,NY,5319,78655,83974,10,8,18,3275,3164,6439,7,0.275251,0.28794,2805.03978,0.002444,0.00043,77,0.000144,0,39,0.518182,0.015177
36115,Washington County,,NY,4386,68038,72424,8,8,16,3860,3044,6904,7,0.275506,0.288334,33.160344,0.000624,0.000445,77,0.000147,0,39,0.553571,0.003695
36117,Wayne County,,NY,5997,112517,118514,9,10,19,3982,3973,7955,6,0.295436,0.310461,26.442932,0.001428,0.001388,77,0.000156,0,39,0.622222,0.008895
36119,Westchester County,,NY,59813,1156169,1215982,125,168,293,49917,52259,102176,6,0.405442,0.447268,4685.08805,0.05927,0.072561,94,0.001051,0,39,0.486645,0.429525
36121,Wyoming County,,NY,2502,46249,48751,8,7,15,1676,1779,3455,6,0.292493,0.306307,6.266058,0.001117,0.000846,77,0.000157,0,39,0.680556,0.007078
36123,Yates County,,NY,1588,28625,30213,6,7,13,820,945,1765,7,0.288144,0.302263,55.329114,0.000576,0.00046,77,0.000131,0,39,0.642857,0.00372
37001,Alamance County,,NC,9700,170299,179999,23,22,45,5998,6285,12283,6,0.337315,0.358539,944.638569,0.007109,0.007267,78,0.000325,0,39,0.581281,0.056294
37003,Alexander County,,NC,2286,39800,42086,5,6,11,1281,1479,2760,7,0.30501,0.319919,0,0.000181,0.000965,78,0.000131,0,39,1,0.002037
37005,Alleghany County,,NC,591,11795,12386,2,3,5,109,212,321,8,0.236142,0.243824,3.321429,0.000023,0.000026,78,0.000093,0,39,0.666667,0.000299
37007,Anson County,,NC,1226,24986,26212,5,5,10,715,768,1483,7,0.304696,0.319396,1.511905,0.000878,0.000935,78,0.000106,0,39,0.75,0.007332
37009,Ashe County,,NC,1197,28335,29532,4,4,8,434,378,812,7,0.302675,0.317547,1478.770973,0.000714,0.000774,78,0.000122,0,39,0.5,0.006008
37011,Avery County,,NC,1170,16547,17717,4,5,9,608,483,1091,7,0.274919,0.286563,396.175738,0.000039,0.000318,78,0.000146,0,39,0.366667,0.000646
37013,Beaufort County,,NC,3194,51778,54972,7,7,14,1606,1737,3343,7,0.302953,0.318373,3530.402984,0.000951,0.000953,78,0.000192,0,39,0.404762,0.007554
37015,Bertie County,,NC,1363,20480,21843,5,6,11,616,786,1402,7,0.302644,0.317755,186.195799,0.00079,0.000843,78,0.00015,0,39,0.566667,0.006563
37017,Bladen County,,NC,2250,33390,35640,8,8,16,1379,1456,2835,7,0.306302,0.322673,1.199791,0.001568,0.001696,78,0.00015,0,39,0.875,0.013133
37019,Brunswick County,,NC,10124,118722,128846,44,27,71,6320,5053,11373,6,0.319504,0.340079,217.780757,0.013258,0.006947,78,0.000489,0,39,0.428997,0.09594
37021,Buncombe County,,NC,17805,273858,291663,96,74,170,12944,10886,23830,6,0.378334,0.409286,48471.620508,0.036806,0.02901,78,0.001304,0,39,0.409901,0.293271
37023,Burke County,,NC,6678,96327,103005,14,16,30,3478,4546,8024,7,0.309112,0.326681,316.582235,0.001519,0.002953,78,0.000268,0,39,0.502924,0.014169
37025,Cabarrus County,,NC,14491,207132,221623,47,35,82,12237,9659,21896,6,0.361277,0.386818,1676.210223,0.019886,0.014054,78,0.000545,0,39,0.587002,0.150303
37027,Caldwell County,,NC,4105,87087,91192,13,10,23,2699,2307,5006,7,0.308629,0.325192,176.122418,0.002244,0.002131,78,0.000231,0,39,0.685714,0.019611
37029,Camden County,,NC,1059,11155,12214,4,4,8,479,557,1036,7,0.294556,0.30857,0,0.000825,0.000772,35,0.000103,0,39,1,0.005884
37031,Carteret County,,NC,5534,75646,81180,20,12,32,3187,2238,5425,6,0.332287,0.351709,28.701237,0.007071,0.00478,78,0.00025,0,39,0.747368,0.054599
37033,Caswell County,,NC,1732,23684,25416,7,6,13,1174,1229,2403,7,0.283814,0.296861,6.926317,0.000587,0.000466,78,0.000162,0,39,0.595238,0.005173
37035,Catawba County,,NC,10970,178869,189839,25,21,46,7725,7111,14836,7,0.312896,0.331819,766.150552,0.005397,0.00457,78,0.000385,0,39,0.5,0.04637
37037,Chatham County,,NC,5989,74090,80079,14,12,26,4516,4049,8565,7,0.311155,0.328486,8.940187,0.004226,0.00356,78,0.000208,0,39,0.818681,0.033946
37039,Cherokee County,,NC,1655,27049,28704,8,6,14,574,456,1030,7,0.275046,0.286928,11618.640983,0.001504,0.000314,0,0.000378,0,39,0.180556,0.012527
37041,Chowan County,,NC,982,16078,17060,7,4,11,494,305,799,7,0.269766,0.280408,70.868702,0.00104,0.000115,35,0.000169,0,39,0.571429,0.008326
37043,Clay County,,NC,838,10604,11442,2,2,4,294,366,660,8,0.215762,0.221471,35.375791,0.000002,0.000011,0,0.000179,0,39,0,0.000257
37045,Cleveland County,,NC,5738,104229,109967,13,11,24,3515,3535,7050,7,0.306238,0.32237,20.132478,0.002587,0.002298,78,0.000225,0,39,0.714286,0.023055
37047,Columbus County,,NC,2861,56291,59152,8,9,17,1506,1765,3271,6,0.32486,0.343384,46.918081,0.001841,0.003634,78,0.000152,0,39,0.766667,0.015586
37049,Craven County,,NC,13735,111887,125622,38,47,85,5224,6555,11779,6,0.370255,0.397544,8533.047297,0.01633,0.022451,78,0.000468,0,39,0.582809,0.124617
37051,Cumberland County,,NC,50186,331118,381304,194,204,398,31300,35379,66679,6,0.417547,0.462277,33561.8885,0.070619,0.073866,78,0.002002,0,39,0.320505,0.535231
37053,Currituck County,,NC,2396,26094,28490,7,6,13,1392,1127,2519,7,0.294849,0.309272,1.972666,0.001271,0.00113,35,0.000142,0,39,0.785714,0.009282
37055,Dare County,,NC,2908,41707,44615,10,7,17,861,719,1580,7,0.30523,0.32151,45.347308,0.003207,0.001841,35,0.000164,0,39,0.677778,0.024297
37057,Davidson County,,NC,10664,181632,192296,21,18,39,8056,7556,15612,7,0.308919,0.326704,353.089982,0.004506,0.003348,78,0.000322,0,39,0.575758,0.037926
37059,Davie County,,NC,2628,47645,50273,7,8,15,1758,1552,3310,7,0.308148,0.324287,28.27668,0.001448,0.002386,78,0.000144,0,39,0.875,0.012837
37061,Duplin County,,NC,6106,67520,73626,11,16,27,3880,4386,8266,6,0.329884,0.349129,59.884665,0.003405,0.004956,78,0.000164,0,39,0.766667,0.025717
37063,Durham County,,NC,30663,306847,337510,121,106,227,25341,24189,49530,6,0.400567,0.435149,15731.657316,0.052796,0.049303,78,0.001256,0,39,0.507633,0.397089
37065,Edgecombe County,,NC,5100,58145,63245,7,9,16,3618,3887,7505,6,0.315291,0.332338,38.908545,0.001405,0.0028,78,0.000139,0,39,0.655556,0.010923
37067,Forsyth County,,NC,23065,400799,423864,96,82,178,16770,16500,33270,6,0.388903,0.420894,20067.963142,0.041764,0.036183,78,0.001065,0,39,0.472154,0.319193
37069,Franklin County,,NC,5148,60924,66072,7,9,16,3913,3391,7304,7,0.302891,0.318542,5.650778,0.001162,0.001673,78,0.000153,0,39,0.694444,0.009663
37071,Gaston County,,NC,12326,227104,239430,32,29,61,8898,8419,17317,6,0.333972,0.355632,714.568536,0.01067,0.008063,78,0.000441,0,39,0.534851,0.085297
37073,Gates County,,NC,836,11956,12792,4,6,10,308,416,724,7,0.275711,0.287536,32.685914,0.000305,0.000271,35,0.000107,0,39,0.466667,0.002236
37075,Graham County,,NC,319,8668,8987,2,1,3,151,50,201,8,0.215731,0.221246,3.305556,0.000005,0.000011,78,0.000128,0,39,0,0.000275
37077,Granville County,,NC,4015,59917,63932,10,9,19,3113,2718,5831,7,0.303853,0.31961,32.720299,0.001633,0.001758,78,0.000197,0,39,0.536364,0.013752
37079,Greene County,,NC,1740,19452,21192,4,5,9,904,1295,2199,7,0.30348,0.318486,0.205128,0.000244,0.000941,78,0.000096,0,39,0.95,0.001931
37081,Guilford County,,NC,34233,550527,584760,143,120,263,26100,26085,52185,6,0.395597,0.432383,53529.199834,0.051597,0.04584,78,0.001659,0,39,0.357817,0.388853
37083,Halifax County,,NC,3124,55499,58623,6,9,15,1465,1770,3235,7,0.302829,0.318373,2224.127838,0.000854,0.001281,78,0.000134,0,39,0.5,0.006885
37085,Harnett County,,NC,15904,115599,131503,53,43,96,11337,10362,21699,6,0.359394,0.386408,1265.654551,0.019835,0.017205,78,0.00059,0,39,0.538798,0.152537
37087,Haywood County,,NC,3468,63534,67002,12,7,19,1626,1254,2880,7,0.306587,0.322325,360.180051,0.005165,0.001657,78,0.000221,0,39,0.585714,0.040858
37089,Henderson County,,NC,8270,123225,131495,27,17,44,5128,4281,9409,6,0.331433,0.350809,1439.839876,0.009378,0.005956,78,0.000424,0,39,0.496305,0.076972
37091,Hertford County,,NC,1425,21546,22971,4,5,9,612,658,1270,7,0.302675,0.31767,41.824833,0.000123,0.000837,78,0.000118,0,39,0.5,0.001137
37093,Hoke County,,NC,8197,46619,54816,20,22,42,4919,4692,9611,6,0.352138,0.375593,358.423503,0.00699,0.009744,78,0.000257,0,39,0.67,0.05466
37095,Hyde County,,NC,313,5145,5458,1,2,3,167,114,281,7,0.269325,0.279379,0,0.000007,0.000098,78,0.000074,0,39,1,0.00014
37097,Iredell County,,NC,11450,185938,197388,44,35,79,7298,6392,13690,6,0.358092,0.383131,5177.079618,0.016316,0.012431,78,0.000562,0,39,0.533382,0.125943
37099,Jackson County,,NC,2947,33780,36727,6,8,14,1599,1254,2853,7,0.308565,0.324826,193.495708,0.001104,0.001918,78,0.000187,0,39,0.472222,0.009457
37101,Johnston County,,NC,12693,191171,203864,29,29,58,10185,8510,18695,6,0.347556,0.369921,738.035772,0.00914,0.007758,78,0.000364,0,39,0.518487,0.071058
37103,Jones County,,NC,1141,10213,11354,3,3,6,1030,677,1707,7,0.295938,0.309407,0,0.000735,0.000599,5,0.000076,0,39,1,0.004615
37105,Lee County,,NC,4774,63522,68296,13,10,23,7357,2535,9892,7,0.31109,0.328148,4.741801,0.003278,0.00344,78,0.000199,0,39,0.771429,0.027075
37107,Lenoir County,,NC,3864,63392,67256,11,14,25,2148,2466,4614,7,0.307254,0.324624,246.274788,0.002578,0.002671,78,0.000179,0,39,0.72381,0.019902
37109,Lincoln County,,NC,5896,85325,91221,9,12,21,4597,3936,8533,7,0.308084,0.324652,6.888906,0.001835,0.002321,78,0.000174,0,39,0.757576,0.01655
37111,McDowell County,,NC,2306,47508,49814,5,10,15,1046,1056,2102,7,0.303604,0.319632,2392.227866,0.000249,0.001154,78,0.000161,0,39,0.433333,0.002755
37113,Macon County,,NC,2383,37256,39639,7,6,13,610,572,1182,6,0.309628,0.325037,313.380487,0.002116,0.00109,78,0.000197,0,39,0.305556,0.017758
37115,Madison County,,NC,1698,20541,22239,3,4,7,880,1103,1983,7,0.274613,0.285832,1.608974,0.00026,0.000381,78,0.000117,0,39,0.666667,0.002929
37117,Martin County,,NC,1489,26133,27622,6,6,12,924,867,1791,7,0.302675,0.317811,309.10134,0.000811,0.000848,78,0.000153,0,39,0.6,0.006715
37119,Mecklenburg County,,NC,76095,1078129,1154224,336,269,605,75731,65642,141373,6,0.437832,0.486065,156968.375286,0.103556,0.092536,78,0.003555,0,39,0.220619,0.767215
37121,Mitchell County,,NC,864,15671,16535,4,3,7,497,428,925,8,0.233079,0.240379,99.954722,0.000227,0.000004,78,0.000134,0,39,0.666667,0.002486
37123,Montgomery County,,NC,1838,28584,30422,9,7,16,1282,1141,2423,7,0.305576,0.32079,5.841194,0.001829,0.001412,78,0.000153,0,39,0.736111,0.015351
37125,Moore County,,NC,6811,101857,108668,25,22,47,3634,3142,6776,6,0.329006,0.349089,426.469107,0.008675,0.005836,78,0.000337,0,39,0.518473,0.070413
37127,Nash County,,NC,9397,108486,117883,14,17,31,5708,6796,12504,6,0.327263,0.347257,230.384623,0.002886,0.005652,78,0.000225,0,39,0.568421,0.023826
37129,New Hanover County,,NC,17924,215964,233888,84,67,151,13067,11813,24880,6,0.373661,0.403828,5426.147166,0.033144,0.027843,78,0.000945,0,39,0.483053,0.25098
37131,Northampton County,,NC,1462,20715,22177,4,5,9,658,791,1449,7,0.302644,0.317614,119.574263,0.00069,0.000852,78,0.000115,0,39,0.7,0.005764
37133,Onslow County,,NC,37739,174666,212405,147,188,335,19216,22012,41228,6,0.419793,0.461967,19817.521518,0.062159,0.074301,5,0.001454,0,39,0.378288,0.466992
37135,Orange County,,NC,15171,138949,154120,41,41,82,9755,10658,20413,6,0.37007,0.396863,2098.672758,0.019531,0.020691,78,0.000471,0,39,0.617551,0.151461
37137,Pamlico County,,NC,999,13490,14489,2,2,4,243,397,640,7,0.270357,0.280436,0,0.000173,0.000128,78,0.000082,0,39,1,0.001109
37139,Pasquotank County,,NC,3926,41745,45671,13,14,27,1643,1816,3459,7,0.306207,0.323561,558.621306,0.002211,0.00209,35,0.000263,0,39,0.366667,0.016728
37141,Pender County,,NC,5532,54426,59958,11,10,21,3774,3414,7188,7,0.312632,0.329947,36.510015,0.003749,0.002897,78,0.000168,0,39,0.698718,0.0289
37143,Perquimans County,,NC,1118,14395,15513,4,3,7,578,493,1071,7,0.275558,0.286861,10.558372,0.000257,0.000233,35,0.000126,0,39,0.833333,0.002049
37145,Person County,,NC,1976,42861,44837,7,8,15,1244,1188,2432,7,0.302953,0.318542,2380.619246,0.001256,0.001718,78,0.000157,0,39,0.589286,0.010367
37147,Pitt County,,NC,12086,166812,178898,45,48,93,7192,7556,14748,6,0.368415,0.395722,23104.009803,0.012318,0.014667,78,0.000647,0,39,0.371038,0.095348
37149,Polk County,,NC,1432,20381,21813,5,5,10,1215,870,2085,7,0.286418,0.299171,0.794434,0.000741,0.00086,78,0.000124,0,39,0.9,0.006977
37151,Randolph County,,NC,8382,160517,168899,18,19,37,6106,5813,11919,7,0.311646,0.330088,29.160834,0.003771,0.004376,78,0.000281,0,39,0.644737,0.032628
37153,Richmond County,,NC,2660,47944,50604,12,16,28,1355,1557,2912,7,0.311515,0.329525,421.697201,0.002507,0.003467,78,0.000202,0,39,0.551471,0.020752
37155,Robeson County,,NC,6844,133794,140638,20,21,41,4669,4482,9151,7,0.311777,0.330537,239.771541,0.004379,0.004274,78,0.000294,0,39,0.481884,0.036426
37157,Rockingham County,,NC,4675,102665,107340,13,15,28,2631,3025,5656,7,0.30879,0.32617,2149.663749,0.002091,0.002946,78,0.00028,0,39,0.480952,0.018277
37159,Rowan County,,NC,8799,151426,160225,19,17,36,5865,5226,11091,7,0.312105,0.330487,78.909052,0.005533,0.004348,78,0.000271,0,39,0.67619,0.044051
37161,Rutherford County,,NC,3655,66055,69710,9,12,21,1288,2166,3454,7,0.305765,0.321847,84.916943,0.001185,0.001427,78,0.000194,0,39,0.560606,0.010955
37163,Sampson County,,NC,5150,74012,79162,13,13,26,4207,3587,7794,7,0.307636,0.325034,67.420614,0.003366,0.002317,78,0.000194,0,39,0.604762,0.026674
37165,Scotland County,,NC,3328,36172,39500,8,9,17,1235,2331,3566,7,0.31109,0.328036,327.811872,0.002077,0.002569,78,0.00014,0,39,0.763889,0.016803
37167,Stanly County,,NC,3128,65528,68656,7,13,20,1610,1866,3476,7,0.311221,0.32871,23.114282,0.000992,0.003182,78,0.000151,0,39,0.705128,0.009035
37169,Stokes County,,NC,2989,50411,53400,6,6,12,2074,2039,4113,7,0.285838,0.29907,7.518577,0.00068,0.000752,78,0.000138,0,39,0.8,0.00614
37171,Surry County,,NC,4332,80483,84815,11,14,25,2159,2727,4886,7,0.308822,0.32599,18548.051571,0.001332,0.002374,78,0.000277,0,39,0.39011,0.011821
37173,Swain County,,NC,1757,18456,20213,3,4,7,526,1125,1651,7,0.27469,0.285973,361.493118,0.000241,0.000318,78,0.000112,0,39,0.5,0.002713
37175,Transylvania County,,NC,2064,33370,35434,7,4,11,921,760,1681,7,0.286335,0.29889,14.938435,0.001773,0.000738,78,0.000167,0,39,0.678571,0.015897
37177,Tyrrell County,,NC,240,4128,4368,1,0,1,41,0,41,0,0,0,0,0.000001,0,78,0.000073,0,0,0,0.000089
37179,Union County,,NC,13520,236321,249841,41,38,79,10476,8733,19209,6,0.363002,0.389117,2240.614177,0.01808,0.01755,78,0.000485,0,39,0.60902,0.139736
37181,Vance County,,NC,2956,47235,50191,6,5,11,1790,1848,3638,7,0.302428,0.317277,3.977381,0.001075,0.001151,78,0.000142,0,39,0.766667,0.008981
37183,Wake County,,NC,73882,1100385,1174267,316,260,576,68651,62668,131319,6,0.433226,0.481535,180078.120693,0.099113,0.090367,78,0.003314,0,39,0.225777,0.728267
37185,Warren County,,NC,1537,19161,20698,6,7,13,814,1049,1863,7,0.302551,0.317699,4.950864,0.001076,0.001179,78,0.000141,0,39,0.738095,0.008942
37187,Washington County,,NC,733,13589,14322,3,4,7,180,368,548,7,0.269399,0.279773,2966,0.000122,0.000104,78,0.000107,0,39,0.5,0.001058
37189,Watauga County,,NC,4038,41706,45744,15,15,30,1424,1866,3290,6,0.316267,0.334384,6407.209923,0.004037,0.003751,78,0.000301,0,39,0.503676,0.033521
37191,Wayne County,,NC,9872,129416,139288,31,32,63,4980,4821,9801,6,0.35492,0.37937,2457.088412,0.010253,0.012322,78,0.000391,0,39,0.483806,0.079429
37193,Wilkes County,,NC,3089,72004,75093,13,13,26,1737,1751,3488,7,0.308565,0.325551,1472.838898,0.001521,0.002426,78,0.000269,0,39,0.538462,0.013732
37195,Wilson County,,NC,5111,90269,95380,13,13,26,3046,3146,6192,7,0.31181,0.329357,238.539881,0.003087,0.00342,78,0.000196,0,39,0.661765,0.02423
37197,Yadkin County,,NC,2368,42234,44602,7,8,15,1519,1663,3182,7,0.305387,0.320695,14.903642,0.000443,0.001265,78,0.000159,0,39,0.714286,0.004388
37199,Yancey County,,NC,1046,18488,19534,4,4,8,518,541,1059,7,0.274639,0.285889,354.767076,0.000226,0.000277,78,0.000142,0,39,0.583333,0.002499
38001,Adams County,,ND,133,2606,2739,0,0,0,0,0,0,0,0,0,0,0,0,79,0.00005,66,140,0,0
38003,Barnes County,,ND,706,13038,13744,2,2,4,241,252,493,6,0.26935,0.279168,0,0.000077,0.000059,40,0.000113,0,39,1,0.000726
38005,Benson County,,ND,382,7032,7414,1,1,2,132,125,257,7,0.214126,0.219407,0,0.000002,0.000001,40,0.000079,0,39,0,0.00009
38007,Billings County,,ND,110,967,1077,1,1,2,50,49,99,7,0.25074,0.258337,0,0.000009,0.000019,40,0.00011,0,39,0,0.000262
38009,Bottineau County,,ND,501,7963,8464,2,1,3,199,81,280,7,0.262808,0.272274,0,0.000064,0.000089,40,0.000108,0,39,1,0.000887
38011,Bowman County,,ND,269,3858,4127,0,0,0,0,0,0,0,0,0,0,0,0,80,0.00005,67,141,0,0
38013,Burke County,,ND,233,2665,2898,1,0,1,59,0,59,0,0,0,0,0.000063,0,40,0.000073,0,27,0,0.000788
38015,Burleigh County,,ND,6168,101586,107754,25,20,45,4633,3582,8215,6,0.34537,0.36787,33862.50841,0.004247,0.00297,40,0.000932,0,39,0.227513,0.036282
38017,Cass County,,ND,11792,177740,189532,51,46,97,8417,6973,15390,5,0.368506,0.395216,81317.672611,0.007842,0.009291,40,0.001479,0,39,0.177684,0.066578
38019,Cavalier County,,ND,229,5072,5301,0,0,0,0,0,0,0,0,0,0,0,0,81,0.00005,68,142,0,0
38021,Dickey County,,ND,425,6221,6646,0,1,1,0,53,53,7,0.248201,0.255755,0,0,0.000021,19,0.00005,0,143,0,0
38023,Divide County,,ND,173,2615,2788,0,1,1,0,40,40,7,0.251186,0.259014,0,0,0.00003,40,0.00005,0,144,0,0
38025,Dunn County,,ND,492,4176,4668,1,1,2,92,126,218,7,0.25074,0.258337,0,0.000009,0.000019,40,0.00011,0,39,0,0.000262
38027,Eddy County,,ND,160,2784,2944,0,0,0,0,0,0,0,0,0,0,0,0,82,0.00005,69,145,0,0
38029,Emmons County,,ND,145,4039,4184,1,1,2,52,56,108,7,0.256732,0.265442,0,0.000022,0.000031,40,0.00009,0,39,0,0.000369
38031,Foster County,,ND,193,4169,4362,0,0,0,0,0,0,0,0,0,0,0,0,83,0.00005,70,146,0,0
38033,Golden Valley County,,ND,108,2119,2227,0,0,0,0,0,0,0,0,0,0,0,0,84,0.00005,71,147,0,0
38035,Grand Forks County,,ND,6420,70773,77193,24,26,50,2481,3093,5574,6,0.342656,0.365531,29334.374573,0.003392,0.005076,40,0.000736,0,39,0.254032,0.028136
38037,Grant County,,ND,109,2718,2827,1,0,1,41,0,41,0,0,0,0,0.000008,0,40,0.000094,0,1,0,0.000111
38039,Griggs County,,ND,117,2958,3075,0,1,1,0,48,48,6,0.269343,0.279018,0,0,0.000058,40,0.00005,0,148,0,0
38041,Hettinger County,,ND,215,2996,3211,1,1,2,64,71,135,7,0.25074,0.258337,0,0.000009,0.000019,40,0.00011,0,39,0,0.000262
38043,Kidder County,,ND,123,2946,3069,1,1,2,66,53,119,7,0.256732,0.265442,0,0.000022,0.000031,40,0.00009,0,39,0,0.000369
38045,LaMoure County,,ND,289,4908,5197,1,2,3,61,96,157,6,0.26935,0.279168,0,0.000008,0.000059,40,0.000086,0,39,1,0.000103
38047,Logan County,,ND,115,2326,2441,0,0,0,0,0,0,0,0,0,0,0,0,85,0.00005,72,149,0,0
38049,McHenry County,,ND,503,6846,7349,1,1,2,284,170,454,7,0.262808,0.272274,0,0.000063,0.000089,40,0.000073,0,39,0,0.000788
38051,McIntosh County,,ND,160,3415,3575,0,0,0,0,0,0,0,0,0,0,0,0,86,0.00005,73,150,0,0
38053,McKenzie County,,ND,698,6339,7037,4,1,5,268,47,315,8,0.208377,0.213332,13.354989,0.000262,0.000001,40,0.000224,0,39,0.5,0.002661
38055,McLean County,,ND,767,11039,11806,3,3,6,418,340,758,7,0.263018,0.273005,13.999276,0.000085,0.000122,40,0.000151,0,39,0.833333,0.001241
38057,Mercer County,,ND,638,10610,11248,2,3,5,131,247,378,7,0.25749,0.266634,0.333333,0.00003,0.000034,40,0.000134,0,39,0.833333,0.00048
38059,Morton County,,ND,3068,33166,36234,9,7,16,2276,1869,4145,6,0.324256,0.341096,4591.525188,0.000209,0.001083,40,0.000361,0,39,0.354545,0.002708
38061,Mountrail County,,ND,1000,9121,10121,4,4,8,325,369,694,7,0.263205,0.273426,2965.891522,0.000095,0.000152,40,0.000352,0,39,0.666667,0.00162
38063,Nelson County,,ND,262,3863,4125,1,1,2,42,50,92,7,0.255229,0.264026,0,0.000038,0.000025,40,0.000074,0,39,0,0.000311
38065,Oliver County,,ND,247,2270,2517,0,2,2,0,195,195,7,0.25751,0.266544,0,0,0.000033,40,0.00005,0,151,1,0
38067,Pembina County,,ND,839,9162,10001,2,3,5,111,290,401,6,0.270283,0.280438,0,0.000038,0.000085,40,0.000116,0,39,1,0.000415
38069,Pierce County,,ND,269,5297,5566,1,0,1,41,0,41,0,0,0,0,0.000063,0,40,0.000073,0,2,0,0.000788
38071,Ramsey County,,ND,927,13629,14556,3,5,8,256,425,681,6,0.272443,0.283699,5929,0.000106,0.000203,40,0.000169,0,39,0.6,0.001013
38073,Ransom County,,ND,293,6674,6967,2,1,3,126,98,224,6,0.269301,0.278943,0,0.000069,0.000058,40,0.000116,0,39,1,0.000709
38075,Renville County,,ND,227,3098,3325,1,1,2,150,122,272,7,0.262808,0.272274,0,0.000063,0.000089,40,0.000073,0,39,0,0.000788
38077,Richland County,,ND,1178,19148,20326,5,3,8,549,509,1058,6,0.269374,0.279337,461.758303,0.000086,0.000059,40,0.000204,0,39,0.4,0.001115
38079,Rolette County,,ND,560,14613,15173,4,4,8,301,218,519,7,0.263954,0.274556,33.756193,0.000191,0.000146,40,0.000164,0,39,0.7,0.00209
38081,Sargent County,,ND,280,4938,5218,2,3,5,111,136,247,6,0.26935,0.27928,0.833333,0.000069,0.000059,40,0.000135,0,39,0.666667,0.000716
38083,Sheridan County,,ND,71,1651,1722,0,0,0,0,0,0,0,0,0,0,0,0,87,0.00005,74,152,0,0
38085,Sioux County,,ND,185,3502,3687,1,1,2,83,67,150,7,0.256732,0.265442,0,0.000022,0.000031,40,0.00009,0,39,0,0.000369
38087,Slope County,,ND,33,905,938,0,0,0,0,0,0,0,0,0,0,0,0,88,0.00005,75,153,0,0
38089,Stark County,,ND,2713,30370,33083,16,9,25,1119,935,2054,6,0.334612,0.353508,18348.742286,0.002634,0.001195,40,0.000629,0,39,0.319853,0.022865
38091,Steele County,,ND,172,2324,2496,1,1,2,44,56,100,7,0.212789,0.217659,0,0.000069,0.000001,40,0.000078,0,39,1,0.000623
38093,Stutsman County,,ND,1498,24392,25890,6,6,12,492,552,1044,6,0.333633,0.351821,3618.913902,0.000192,0.001069,40,0.000249,0,39,0.535714,0.002256
38095,Towner County,,ND,135,2952,3087,0,0,0,0,0,0,0,0,0,0,0,0,89,0.00005,76,154,0,0
38097,Traill County,,ND,590,9448,10038,3,2,5,339,263,602,6,0.270258,0.28027,2964,0.000106,0.000083,40,0.000168,0,39,0.5,0.001017
38099,Walsh County,,ND,628,13507,14135,4,3,7,377,269,646,6,0.270283,0.280438,163.42565,0.000318,0.000083,40,0.000146,0,39,0.416667,0.002975
38101,Ward County,,ND,9333,72215,81548,34,32,66,2749,3377,6126,6,0.356456,0.38172,46687.856929,0.011993,0.008461,40,0.000867,0,39,0.316596,0.096304
38103,Wells County,,ND,320,5380,5700,1,0,1,50,0,50,0,0,0,0,0.000063,0,40,0.000073,0,26,0,0.000788
38105,Williams County,,ND,3510,28593,32103,27,12,39,1777,1105,2882,6,0.335331,0.354857,7712.388925,0.004004,0.001369,40,0.00069,0,39,0.253968,0.034916
39001,Adams County,,OH,1387,29649,31036,9,8,17,1196,869,2065,7,0.296085,0.309773,56.767363,0.001247,0.000816,90,0.000189,0,39,0.555556,0.009192
39003,Allen County,,OH,5927,118606,124533,14,21,35,2780,3371,6151,6,0.342656,0.364205,796.503251,0.002234,0.004783,90,0.000246,0,39,0.438095,0.015899
39005,Ashland County,,OH,3178,60353,63531,12,11,23,2019,1944,3963,6,0.307254,0.323058,178.017008,0.001983,0.001746,90,0.000194,0,39,0.613636,0.013797
39007,Ashtabula County,,OH,4936,114215,119151,13,11,24,2425,2793,5218,6,0.309661,0.326408,66.761036,0.002803,0.002433,90,0.000179,0,39,0.698718,0.01949
39009,Athens County,,OH,4392,50484,54876,12,13,25,1537,2048,3585,6,0.308501,0.32507,3658.943206,0.00179,0.001994,90,0.000299,0,39,0.357143,0.013273
39011,Auglaize County,,OH,2899,57278,60177,9,8,17,1780,1878,3658,6,0.306841,0.322018,9.735938,0.001107,0.001011,90,0.000179,0,39,0.666667,0.008221
39013,Belmont County,,OH,3496,76568,80064,9,11,20,1767,2024,3791,6,0.309693,0.326464,4894.157914,0.000743,0.001469,90,0.000214,0,39,0.356061,0.005997
39015,Brown County,,OH,3657,48551,52208,8,10,18,2571,2898,5469,7,0.296115,0.310121,48.115293,0.000993,0.001113,90,0.000159,0,39,0.688889,0.006355
39017,Butler County,,OH,27186,421755,448941,53,63,116,19116,20182,39298,6,0.390337,0.419961,13819.3664,0.023071,0.030367,90,0.000639,0,39,0.555734,0.175002
39019,Carroll County,,OH,2215,32207,34422,6,6,12,1419,1598,3017,7,0.284768,0.296726,180.293554,0.000525,0.000409,90,0.000141,0,39,0.7,0.003548
39021,Champaign County,,OH,2855,45593,48448,8,9,17,1854,1951,3805,6,0.306745,0.32199,6.789968,0.001162,0.001134,90,0.000173,0,39,0.694444,0.008952
39023,Clark County,,OH,7480,158808,166288,15,12,27,4600,4515,9115,6,0.307732,0.323693,295.309185,0.003697,0.001794,90,0.00024,0,39,0.554167,0.026795
39025,Clermont County,,OH,15079,234162,249241,21,23,44,11219,10865,22084,6,0.363224,0.386723,1347.016199,0.006981,0.008514,90,0.00029,0,39,0.607692,0.050428
39027,Clinton County,,OH,3294,47614,50908,12,11,23,2365,2361,4726,6,0.307732,0.323581,41.770101,0.00212,0.001829,90,0.000197,0,39,0.712121,0.014524
39029,Columbiana County,,OH,5540,120494,126034,13,12,25,2970,3478,6448,6,0.309725,0.326633,174.082764,0.002631,0.002415,90,0.000215,0,39,0.564103,0.01876
39031,Coshocton County,,OH,1846,41307,43153,9,8,17,1182,1083,2265,6,0.306492,0.321596,108.529951,0.000925,0.000828,90,0.00018,0,39,0.555556,0.006976
39033,Crawford County,,OH,2810,50506,53316,8,8,16,1720,1826,3546,6,0.306397,0.321428,8.3721,0.000725,0.000716,90,0.000176,0,39,0.589286,0.005931
39035,Cuyahoga County,,OH,59756,1479798,1539554,176,189,365,40975,50152,91127,6,0.419734,0.46181,36373.276854,0.075321,0.079173,90,0.001737,0,39,0.39851,0.561469
39037,Darke County,,OH,2667,64336,67003,8,9,17,1359,1599,2958,6,0.307095,0.32258,79.240915,0.000507,0.001112,90,0.000164,0,39,0.513889,0.004151
39039,Defiance County,,OH,2431,47214,49645,9,10,19,1602,1397,2999,6,0.30834,0.32434,391.414167,0.001163,0.001044,90,0.000184,0,39,0.488889,0.008157
39041,Delaware County,,OH,15453,217177,232630,36,36,72,13131,10584,23715,6,0.369701,0.396178,5175.555861,0.012137,0.016385,90,0.000478,0,39,0.482993,0.091531
39043,Erie County,,OH,5270,92720,97990,13,13,26,3224,3187,6411,6,0.340765,0.360759,313.312896,0.00355,0.003927,90,0.000182,0,39,0.588235,0.024853
39045,Fairfield County,,OH,12079,168475,180554,17,16,33,8641,8670,17311,6,0.33793,0.358083,1003.853734,0.004657,0.004437,90,0.000287,0,39,0.47619,0.033573
39047,Fayette County,,OH,2164,32005,34169,8,9,17,1405,1419,2824,6,0.306777,0.322046,9.006206,0.00082,0.001141,90,0.000181,0,39,0.611111,0.006801
39049,Franklin County,,OH,79384,1384228,1463612,265,279,544,65095,67292,132387,5,0.441155,0.489595,303253.858575,0.086789,0.089603,90,0.003043,0,39,0.239754,0.64396
39051,Fulton County,,OH,2986,52636,55622,6,7,13,1768,1938,3706,6,0.306682,0.321821,32.469357,0.000359,0.000869,90,0.000117,0,39,0.690476,0.002175
39053,Gallia County,,OH,1532,32129,33661,5,7,12,624,757,1381,6,0.306587,0.321625,1151.853804,0.000678,0.000678,90,0.000153,0,39,0.404762,0.005209
39055,Geauga County,,OH,5605,117700,123305,9,9,18,4476,3680,8156,6,0.332474,0.350585,35.136804,0.002784,0.003214,90,0.000132,0,39,0.877778,0.019719
39057,Greene County,,OH,16254,178159,194413,34,30,64,9393,10650,20043,6,0.365283,0.390017,3930.382967,0.014896,0.012724,90,0.000407,0,39,0.514936,0.112105
39059,Guernsey County,,OH,2107,45034,47141,8,11,19,965,1220,2185,6,0.307349,0.323227,3366.200993,0.001053,0.001604,90,0.000173,0,39,0.439394,0.007599
39061,Hamilton County,,OH,50096,937155,987251,128,149,277,35908,41042,76950,6,0.415034,0.453013,53504.676297,0.054988,0.064111,90,0.001447,0,39,0.420619,0.417137
39063,Hancock County,,OH,5045,89279,94324,12,10,22,2682,2416,5098,6,0.306618,0.322046,91.06295,0.002254,0.000974,90,0.000204,0,39,0.467949,0.015929
39065,Hardin County,,OH,1917,33240,35157,8,8,16,957,1126,2083,6,0.306397,0.321428,8.705527,0.000737,0.000712,90,0.000186,0,39,0.571429,0.005913
39067,Harrison County,,OH,913,16727,17640,5,5,10,602,613,1215,7,0.272068,0.282994,4.617688,0.00005,0.000157,90,0.000136,0,39,0.633333,0.000743
39069,Henry County,,OH,1859,35414,37273,6,7,13,1012,1219,2231,7,0.282462,0.294348,4.536661,0.000344,0.000232,90,0.000127,0,39,0.642857,0.002098
39071,Highland County,,OH,3066,46017,49083,13,13,26,2255,2161,4416,6,0.307796,0.323918,60.530117,0.002125,0.001846,90,0.000217,0,39,0.634615,0.014647
39073,Hocking County,,OH,1970,31281,33251,7,7,14,1397,1318,2715,6,0.306365,0.321259,4.12619,0.000737,0.000718,90,0.000181,0,39,0.690476,0.005863
39075,Holmes County,,OH,2026,46492,48518,6,6,12,1202,1376,2578,7,0.271944,0.282949,3.934716,0.000222,0.000179,90,0.000139,0,39,0.6,0.001854
39077,Huron County,,OH,4401,72102,76503,11,12,23,2502,2959,5461,6,0.307381,0.323395,14.947207,0.001531,0.001574,90,0.000185,0,39,0.647436,0.011329
39079,Jackson County,,OH,1833,35386,37219,6,6,12,810,942,1752,6,0.30646,0.321287,9.189052,0.000694,0.000677,90,0.000162,0,39,0.6,0.005476
39081,Jefferson County,,OH,2995,76520,79515,12,11,23,1789,1657,3446,6,0.309596,0.326324,1516.938426,0.001537,0.001684,90,0.000251,0,39,0.429487,0.011782
39083,Knox County,,OH,3859,67495,71354,7,8,15,1878,1960,3838,6,0.306397,0.321428,106.923041,0.000852,0.000812,90,0.000157,0,39,0.517857,0.00646
39085,Lake County,,OH,11954,290078,302032,22,24,46,8753,8115,16868,6,0.361365,0.385228,301.103288,0.00964,0.011121,90,0.000252,0,39,0.738462,0.071467
39087,Lawrence County,,OH,3353,66911,70264,7,8,15,1736,1932,3668,6,0.307381,0.322861,1002.504645,0.00069,0.000719,90,0.000223,0,39,0.464286,0.005576
39089,Licking County,,OH,11180,195941,207121,15,19,34,8499,7395,15894,6,0.346987,0.368173,1510.947977,0.003799,0.005449,90,0.000266,0,39,0.402381,0.02862
39091,Logan County,,OH,2822,54295,57117,12,11,23,1757,1655,3412,6,0.306841,0.322383,19.092682,0.001245,0.001127,90,0.000234,0,39,0.560606,0.009442
39093,Lorain County,,OH,14820,357225,372045,33,43,76,10718,9863,20581,6,0.374416,0.401433,2663.617042,0.012924,0.018152,90,0.000375,0,39,0.533163,0.095917
39095,Lucas County,,OH,22561,486022,508583,51,79,130,12422,16235,28657,6,0.392871,0.424469,16870.330996,0.020558,0.034538,90,0.000564,0,39,0.496086,0.155565
39097,Madison County,,OH,3413,45619,49032,9,7,16,2285,2435,4720,6,0.306333,0.321203,6.666248,0.000952,0.000788,90,0.000192,0,39,0.555556,0.007619
39099,Mahoning County,,OH,12060,270835,282895,27,32,59,7477,7995,15472,6,0.366547,0.392187,1710.066786,0.012411,0.015516,90,0.000319,0,39,0.65,0.09431
39101,Marion County,,OH,3732,70268,74000,9,9,18,1740,2101,3841,6,0.306397,0.32154,11.666667,0.000834,0.000795,90,0.000205,0,39,0.555556,0.006627
39103,Medina County,,OH,11078,218494,229572,16,20,36,8685,7332,16017,6,0.352054,0.375155,310.390079,0.004147,0.008319,90,0.000209,0,39,0.681818,0.029157
39105,Meigs County,,OH,1173,24239,25412,3,6,9,540,687,1227,6,0.30665,0.321625,136.128006,0.00002,0.000675,90,0.000118,0,39,0.566667,0.0004
39107,Mercer County,,OH,1808,52417,54225,9,11,20,947,1125,2072,6,0.308693,0.324902,1444.222985,0.0011,0.001194,90,0.000186,0,39,0.472727,0.008141
39109,Miami County,,OH,6542,124389,130931,13,14,27,4788,4156,8944,6,0.307956,0.324283,84.727732,0.002071,0.001822,90,0.000219,0,39,0.56044,0.014418
39111,Monroe County,,OH,1049,16307,17356,4,4,8,373,679,1052,7,0.237048,0.245037,56.450801,0.000016,0.000015,90,0.000141,0,39,0.166667,0.000462
39113,Montgomery County,,OH,34571,612870,647441,99,109,208,22238,25796,48034,6,0.406498,0.44086,30152.815744,0.041388,0.048567,90,0.001132,0,39,0.453097,0.314484
39115,Morgan County,,OH,967,14952,15919,6,4,10,640,622,1262,7,0.236104,0.24384,5.586501,0.000693,0.000034,90,0.000174,0,39,0.6,0.005469
39117,Morrow County,,OH,2505,38698,41203,7,6,13,1947,1722,3669,6,0.306333,0.321091,2.681685,0.000856,0.000772,90,0.000151,0,39,0.714286,0.006489
39119,Muskingum County,,OH,4161,98185,102346,9,9,18,2392,2403,4795,6,0.306587,0.321877,1249.00822,0.000764,0.000748,90,0.000229,0,39,0.418182,0.006183
39121,Noble County,,OH,814,13838,14652,3,5,8,433,533,966,7,0.23556,0.24325,6.50882,0.000017,0.000028,90,0.000123,0,39,0.5,0.000385
39123,Ottawa County,,OH,2848,51519,54367,9,8,17,1783,1648,3431,6,0.307222,0.322664,1.931107,0.001754,0.001532,90,0.000142,0,39,0.861111,0.011965
39125,Paulding County,,OH,1319,23223,24542,5,4,9,613,813,1426,7,0.279269,0.290959,8.885373,0.000244,0.000208,90,0.000125,0,39,0.6,0.002009
39127,Perry County,,OH,2203,38769,40972,7,7,14,1805,1705,3510,6,0.306365,0.321259,511.901636,0.000761,0.000733,90,0.000187,0,39,0.642857,0.005978
39129,Pickaway County,,OH,4128,60035,64163,9,8,17,3049,2878,5927,6,0.306365,0.321372,14.334204,0.000776,0.000824,90,0.000209,0,39,0.5,0.00627
39131,Pike County,,OH,1753,29107,30860,6,7,13,1190,1158,2348,6,0.30646,0.3214,14.721064,0.000703,0.000697,90,0.000158,0,39,0.619048,0.005582
39133,Portage County,,OH,11705,176358,188063,16,19,35,7554,8459,16013,6,0.354708,0.377499,304.496054,0.004288,0.00706,90,0.000209,0,39,0.710526,0.030948
39135,Preble County,,OH,2433,49095,51528,7,7,14,1702,1631,3333,7,0.295938,0.309475,10.454087,0.001288,0.001015,90,0.000125,0,39,0.714286,0.008076
39137,Putnam County,,OH,1585,44258,45843,8,7,15,817,942,1759,6,0.306555,0.321596,223.420517,0.000978,0.00069,90,0.000168,0,39,0.5,0.006851
39139,Richland County,,OH,6372,140465,146837,17,16,33,3767,3508,7275,6,0.307541,0.324126,292.355655,0.003139,0.002022,90,0.000259,0,39,0.480392,0.022523
39141,Ross County,,OH,3873,81062,84935,14,14,28,2611,2549,5160,6,0.30786,0.324115,94.062461,0.001637,0.001488,90,0.000288,0,39,0.419048,0.01212
39143,Sandusky County,,OH,3548,74013,77561,8,9,17,2257,2301,4558,6,0.306587,0.321877,2.433252,0.001046,0.001005,90,0.000145,0,39,0.805556,0.007332
39145,Scioto County,,OH,3655,77673,81328,10,10,20,1323,2087,3410,6,0.306809,0.322271,2817.877251,0.001058,0.000693,90,0.000273,0,39,0.327273,0.008176
39147,Seneca County,,OH,3563,65814,69377,9,11,20,2054,2484,4538,6,0.306618,0.322159,13.412792,0.001051,0.000943,90,0.000168,0,39,0.568182,0.007356
39149,Shelby County,,OH,2753,59888,62641,10,9,19,1719,1651,3370,6,0.306904,0.322243,25.112118,0.001205,0.001036,90,0.000186,0,39,0.672727,0.009139
39151,Stark County,,OH,16555,447985,464540,45,50,95,11474,11281,22755,6,0.372815,0.400793,15299.938346,0.016713,0.022459,90,0.000572,0,39,0.501169,0.12924
39153,Summit County,,OH,29736,637288,667024,74,90,164,21571,22304,43875,6,0.39639,0.428836,11587.934021,0.032675,0.042694,90,0.000783,0,39,0.518942,0.247053
39155,Trumbull County,,OH,11070,247013,258083,21,25,46,6036,6436,12472,6,0.350556,0.373148,863.145549,0.008101,0.009314,90,0.000262,0,39,0.568965,0.060428
39157,Tuscarawas County,,OH,4438,114939,119377,12,12,24,2692,2880,5572,6,0.307381,0.323395,1234.272124,0.001788,0.001646,90,0.000229,0,39,0.445055,0.012778
39159,Union County,,OH,3964,58773,62737,10,8,18,3177,2464,5641,6,0.306365,0.321372,11.343843,0.00123,0.000802,90,0.000206,0,39,0.563636,0.009183
39161,Van Wert County,,OH,1695,34922,36617,6,8,14,887,966,1853,6,0.308244,0.323946,145.202849,0.00027,0.000875,90,0.000162,0,39,0.5,0.0022
39163,Vinton County,,OH,825,13318,14143,5,5,10,589,501,1090,6,0.306302,0.320922,1.842857,0.000698,0.000677,90,0.000142,0,39,0.75,0.005398
39165,Warren County,,OH,18680,256470,275150,35,53,88,15526,13556,29082,6,0.38743,0.4157,3786.792848,0.014125,0.026565,90,0.000437,0,39,0.653419,0.106123
39167,Washington County,,OH,3428,71026,74454,9,7,16,2172,1690,3862,6,0.306682,0.321765,5650.514974,0.001285,0.000671,90,0.000242,0,39,0.355556,0.009716
39169,Wayne County,,OH,6433,137170,143603,11,13,24,3658,3884,7542,6,0.321514,0.339444,272.875104,0.002018,0.002605,90,0.000175,0,39,0.634615,0.013859
39171,Williams County,,OH,2096,45594,47690,7,11,18,905,1239,2144,6,0.308404,0.324564,173.307267,0.000503,0.001054,90,0.000145,0,39,0.409091,0.00333
39173,Wood County,,OH,10288,141244,151532,22,27,49,7150,6711,13861,6,0.35766,0.382018,3009.163968,0.005524,0.008373,90,0.000288,0,39,0.438424,0.040678
39175,Wyandot County,,OH,1466,27481,28947,6,6,12,953,941,1894,6,0.306302,0.321034,3.237179,0.000693,0.000683,90,0.000148,0,39,0.666667,0.005522
40001,Adair County,,OK,1804,22331,24135,5,6,11,894,1251,2145,6,0.295879,0.308319,3.102355,0.000343,0.000745,43,0.000136,0,39,0.866667,0.003427
40003,Alfalfa County,,OK,414,5192,5606,2,2,4,129,145,274,7,0.259156,0.268461,0,0.000056,0.000053,43,0.000089,0,39,1,0.000607
40005,Atoka County,,OK,1721,13376,15097,7,5,12,624,1076,1700,6,0.296856,0.30973,2786.658223,0.000453,0.000457,118,0.000198,0,39,0.404762,0.004267
40007,Beaver County,,OK,542,6194,6736,1,3,4,134,165,299,7,0.233777,0.240687,2966.462185,0.000004,0.000019,43,0.000088,0,39,0.333333,0.000144
40009,Beckham County,,OK,2093,22044,24137,8,6,14,1015,955,1970,6,0.296767,0.309674,4199.7529,0.000484,0.000634,43,0.00024,0,39,0.458333,0.00475
40011,Blaine County,,OK,768,10479,11247,5,5,10,365,349,714,6,0.296827,0.309674,234.170552,0.000501,0.000543,43,0.000182,0,39,0.65,0.004778
40013,Bryan County,,OK,3090,39953,43043,14,17,31,2265,1817,4082,6,0.323761,0.342676,2745.326433,0.002759,0.003977,118,0.000295,0,39,0.401961,0.024955
40015,Caddo County,,OK,2386,28007,30393,8,9,17,1392,1590,2982,6,0.299858,0.313721,689.41404,0.000781,0.000808,43,0.000212,0,39,0.622222,0.007019
40017,Canadian County,,OK,11188,134002,145190,30,22,52,9921,7906,17827,6,0.333296,0.354255,3169.388801,0.007324,0.005095,43,0.000615,0,39,0.372043,0.062821
40019,Carter County,,OK,3403,51771,55174,16,15,31,1753,1779,3532,6,0.323372,0.341861,8507.242523,0.002775,0.003274,43,0.000389,0,39,0.405229,0.024569
40021,Cherokee County,,OK,3440,43924,47364,12,11,23,2301,2087,4388,6,0.302551,0.316599,53.679354,0.001305,0.001213,43,0.000241,0,39,0.628788,0.011812
40023,Choctaw County,,OK,1230,14578,15808,5,6,11,483,682,1165,6,0.297273,0.310545,1534.739742,0.00047,0.000485,118,0.000135,0,39,0.5,0.004273
40025,Cimarron County,,OK,237,3098,3335,0,1,1,0,42,42,7,0.22978,0.235788,0,0,0.000012,43,0.00005,0,155,0,0
40027,Cleveland County,,OK,25889,273419,299308,61,59,120,22678,19308,41986,6,0.369839,0.398662,20073.452373,0.019193,0.018789,43,0.00102,0,39,0.321802,0.155246
40029,Coal County,,OK,448,5359,5807,2,2,4,218,184,402,7,0.231767,0.238009,0.666667,0.000011,0.000022,43,0.00011,0,39,0,0.000369
40031,Comanche County,,OK,16772,118198,134970,55,68,123,7234,9320,16554,6,0.377083,0.408027,16578.335262,0.019539,0.024498,43,0.000732,0,39,0.466398,0.155419
40033,Cotton County,,OK,645,6148,6793,2,3,5,258,313,571,7,0.275225,0.287108,0,0.000294,0.000271,43,0.000073,0,39,0.833333,0.002204
40035,Craig County,,OK,1233,13856,15089,5,5,10,604,719,1323,6,0.294001,0.305812,0.59,0.00039,0.000403,43,0.000136,0,39,0.9,0.003638
40037,Creek County,,OK,7224,74392,81616,10,13,23,5453,5697,11150,6,0.301291,0.31511,8.913492,0.000886,0.001051,43,0.000215,0,39,0.598901,0.00793
40039,Custer County,,OK,2602,27770,30372,14,9,23,1579,1385,2964,6,0.303822,0.317701,4095.329744,0.000863,0.001157,43,0.000375,0,39,0.380952,0.008018
40041,Delaware County,,OK,3203,37331,40534,14,14,28,2445,2100,4545,6,0.302922,0.317611,178.237742,0.001199,0.00137,43,0.0003,0,39,0.490476,0.011138
40043,Dewey County,,OK,395,5215,5610,1,2,3,66,181,247,7,0.233244,0.239599,0,0.000005,0.000011,43,0.000086,0,39,0.5,0.000126
40045,Ellis County,,OK,406,4366,4772,1,1,2,137,114,251,7,0.228975,0.234805,0,0.000005,0.000004,43,0.000086,0,39,0,0.000126
40047,Garfield County,,OK,5625,67435,73060,25,28,53,2308,2884,5192,6,0.349729,0.373834,23083.033833,0.007129,0.007087,43,0.000545,0,39,0.351326,0.059098
40049,Garvin County,,OK,2238,28608,30846,9,8,17,1241,1333,2574,6,0.296916,0.31018,8.912261,0.000621,0.000655,43,0.000247,0,39,0.625,0.006117
40051,Grady County,,OK,4691,52462,57153,10,9,19,4076,3318,7394,6,0.303791,0.317645,54.789825,0.001864,0.001179,43,0.000237,0,39,0.733333,0.016292
40053,Grant County,,OK,449,4717,5166,2,2,4,234,226,460,7,0.259246,0.268685,0,0.000062,0.000069,43,0.000089,0,39,1,0.000749
40055,Greer County,,OK,436,4965,5401,1,2,3,85,161,246,7,0.253657,0.262148,0,0.000027,0.000015,43,0.000062,0,39,0.5,0.000171
40057,Harmon County,,OK,228,2845,3073,1,1,2,55,81,136,7,0.253571,0.261811,0,0.000027,0.000011,43,0.000062,0,39,0,0.000171
40059,Harper County,,OK,272,4366,4638,1,1,2,43,56,99,7,0.229046,0.234918,7.087701,0,0.000004,43,0.000075,0,39,0,0.00008
40061,Haskell County,,OK,904,12398,13302,6,5,11,758,534,1292,6,0.296767,0.309562,5.620449,0.000128,0.000463,43,0.000149,0,39,0.690476,0.0013
40063,Hughes County,,OK,1094,12276,13370,8,7,15,805,617,1422,6,0.301229,0.314323,6.540874,0.000594,0.000844,43,0.000203,0,39,0.736111,0.005678
40065,Jackson County,,OK,3397,27695,31092,8,15,23,590,1037,1627,6,0.339672,0.360601,14295.900881,0.0015,0.003596,43,0.000213,0,39,0.3375,0.011928
40067,Jefferson County,,OK,475,5870,6345,2,2,4,228,160,388,7,0.249831,0.258073,0,0.00004,0.000035,43,0.000098,0,39,1,0.000488
40069,Johnston County,,OK,946,10349,11295,5,6,11,557,536,1093,7,0.24492,0.253683,7.926258,0.000074,0.00007,43,0.000152,0,39,0.433333,0.001026
40071,Kay County,,OK,3610,48927,52537,13,12,25,1409,1871,3280,6,0.306365,0.320461,1428.717682,0.002177,0.001341,43,0.000316,0,39,0.461538,0.018663
40073,Kingfisher County,,OK,1394,17100,18494,5,4,9,731,832,1563,6,0.296797,0.309505,0,0.000639,0.000549,43,0.000139,0,39,1,0.005966
40075,Kiowa County,,OK,683,9318,10001,4,5,9,197,286,483,7,0.275021,0.286687,8.478828,0.000038,0.000171,43,0.000119,0,39,0.533333,0.000509
40077,Latimer County,,OK,1000,11345,12345,3,5,8,353,590,943,6,0.301138,0.313929,17.675214,0.000026,0.000815,43,0.000103,0,39,0.7,0.000404
40079,Le Flore County,,OK,3115,48211,51326,11,11,22,1778,1670,3448,6,0.302582,0.316712,1928.850865,0.000961,0.001138,43,0.000269,0,39,0.401515,0.008888
40081,Lincoln County,,OK,3212,32186,35398,9,9,18,2968,2339,5307,6,0.301168,0.314435,9.471816,0.000997,0.001001,43,0.000211,0,39,0.7,0.009092
40083,Logan County,,OK,4391,42357,46748,9,9,18,3907,3026,6933,6,0.301321,0.314716,66.092514,0.001755,0.001086,43,0.00021,0,39,0.681818,0.015476
40085,Love County,,OK,856,9790,10646,3,2,5,522,344,866,7,0.244516,0.252277,0.25,0.000055,0.000046,43,0.00011,0,39,0.666667,0.000688
40087,McClain County,,OK,4686,38114,42800,8,6,14,3629,3681,7310,6,0.296767,0.309674,19.416969,0.00168,0.000662,43,0.000196,0,39,0.763889,0.014902
40089,McCurtain County,,OK,1772,32682,34454,9,7,16,700,529,1229,6,0.29844,0.31222,591.536075,0.000659,0.00058,118,0.000214,0,39,0.277778,0.006234
40091,McIntosh County,,OK,1659,18974,20633,8,8,16,1462,910,2372,6,0.301199,0.314379,118.591504,0.000958,0.000977,43,0.000178,0,39,0.666667,0.00851
40093,Major County,,OK,714,8715,9429,2,2,4,189,333,522,7,0.259156,0.268461,0,0.000056,0.000056,43,0.000098,0,39,1,0.00064
40095,Marshall County,,OK,1316,15036,16352,4,7,11,453,687,1140,6,0.303729,0.317898,489.788625,0.000456,0.001094,43,0.000123,0,39,0.571429,0.004092
40097,Mayes County,,OK,3002,41503,44505,10,10,20,2096,1966,4062,6,0.301873,0.3157,41.211318,0.000852,0.001096,43,0.000215,0,39,0.636364,0.007816
40099,Murray County,,OK,1209,13710,14919,6,6,12,678,641,1319,6,0.296856,0.309843,276.543379,0.000577,0.000615,43,0.000175,0,39,0.766667,0.005439
40101,Muskogee County,,OK,5251,71785,77036,12,19,31,2603,3619,6222,6,0.332884,0.353412,861.175191,0.001612,0.003921,43,0.000252,0,39,0.47076,0.014408
40103,Noble County,,OK,983,11911,12894,4,5,9,504,573,1077,6,0.296856,0.30973,1.054798,0.00046,0.000525,43,0.000123,0,39,0.733333,0.004162
40105,Nowata County,,OK,775,11036,11811,4,4,8,526,518,1044,6,0.294001,0.3057,1.684444,0.000401,0.000408,43,0.000124,0,39,0.833333,0.003583
40107,Okfuskee County,,OK,890,10151,11041,7,7,14,566,631,1197,6,0.301107,0.314098,9.141611,0.000786,0.000831,43,0.000182,0,39,0.714286,0.007166
40109,Oklahoma County,,OK,58685,791180,849865,193,164,357,46240,46700,92940,5,0.421524,0.460455,182976.161688,0.058045,0.054348,43,0.002748,0,39,0.261638,0.459288
40111,Okmulgee County,,OK,3091,38581,41672,8,9,17,1801,2010,3811,6,0.301199,0.314491,8.023367,0.000831,0.000864,43,0.000176,0,39,0.611111,0.007474
40113,Osage County,,OK,4663,42345,47008,9,9,18,4164,3571,7735,6,0.301229,0.314547,4.614297,0.000878,0.000898,43,0.000203,0,39,0.805556,0.007933
40115,Ottawa County,,OK,2931,33010,35941,8,9,17,1391,1736,3127,6,0.294497,0.30715,269.66269,0.000629,0.000438,43,0.000195,0,39,0.555556,0.005881
40117,Pawnee County,,OK,1844,16005,17849,6,6,12,1126,1192,2318,6,0.301076,0.313929,3.988023,0.000805,0.000846,43,0.000148,0,39,0.809524,0.007131
40119,Payne County,,OK,7733,65714,73447,21,21,42,3380,4320,7700,6,0.345491,0.368089,983.913614,0.002822,0.005419,43,0.000397,0,39,0.47,0.024578
40121,Pittsburg County,,OK,4123,45133,49256,14,16,30,1513,2438,3951,6,0.320264,0.338269,1807.727596,0.001004,0.001934,43,0.000319,0,39,0.386029,0.009378
40123,Pontotoc County,,OK,2917,39720,42637,15,12,27,1519,1556,3075,6,0.301474,0.315334,6064.128064,0.002463,0.000996,43,0.000362,0,39,0.425,0.021833
40125,Pottawatomie County,,OK,5936,71227,77163,14,14,28,3933,3887,7820,6,0.335825,0.355447,397.04545,0.001032,0.002059,43,0.000318,0,39,0.455882,0.009967
40127,Pushmataha County,,OK,936,11010,11946,3,7,10,245,472,717,6,0.297035,0.310264,8.752865,0.000013,0.000469,118,0.000121,0,39,0.619048,0.000317
40129,Roger Mills County,,OK,323,3920,4243,1,2,3,158,179,337,7,0.233079,0.239262,0,0.000005,0.00001,43,0.000084,0,39,1,0.000123
40131,Rogers County,,OK,8631,95859,104490,18,17,35,6236,5929,12165,6,0.344567,0.366172,1000.528731,0.001512,0.003218,43,0.000353,0,39,0.411905,0.013455
40133,Seminole County,,OK,2083,23093,25176,7,7,14,1311,1340,2651,6,0.296797,0.309843,2.726923,0.000583,0.000614,43,0.000191,0,39,0.785714,0.00553
40135,Sequoyah County,,OK,2925,41115,44040,8,11,19,1347,1694,3041,6,0.302705,0.31688,151.479544,0.000864,0.001237,43,0.000191,0,39,0.6,0.007743
40137,Stephens County,,OK,3204,47066,50270,13,10,23,1521,1512,3033,6,0.328314,0.347116,2690.390925,0.001991,0.002129,43,0.000304,0,39,0.527473,0.017525
40139,Texas County,,OK,2494,25541,28035,10,6,16,828,612,1440,6,0.29823,0.31172,5314.801491,0.001618,0.000604,43,0.000284,0,39,0.310606,0.012409
40141,Tillman County,,OK,673,7913,8586,2,4,6,137,243,380,7,0.276225,0.288367,96.443733,0.000208,0.000268,43,0.000072,0,39,0.666667,0.001387
40143,Tulsa County,,OK,45246,692691,737937,145,128,273,35940,34643,70583,5,0.415907,0.450759,91583.19443,0.050293,0.046652,43,0.002023,0,39,0.336707,0.399108
40145,Wagoner County,,OK,7900,77693,85593,14,15,29,6482,5951,12433,6,0.320957,0.338915,212.740949,0.002236,0.002662,43,0.000267,0,39,0.53268,0.019848
40147,Washington County,,OK,4343,57674,62017,15,14,29,2224,2470,4694,6,0.331507,0.350939,800.862526,0.002706,0.003283,43,0.000303,0,39,0.496324,0.023839
40149,Washita County,,OK,1275,11766,13041,4,6,10,731,868,1599,6,0.296767,0.309674,421.733583,0.000416,0.000499,43,0.000154,0,39,0.733333,0.003825
40151,Woods County,,OK,746,8565,9311,2,4,6,92,237,329,6,0.296856,0.309618,114.459486,0.000053,0.000487,43,0.000105,0,39,0.666667,0.000607
40153,Woodward County,,OK,1501,21711,23212,7,7,14,598,573,1171,6,0.296945,0.310124,12852.83433,0.000597,0.000684,43,0.000291,0,39,0.319444,0.005537
41001,Baker County,,OR,1133,17258,18391,4,4,8,275,346,621,6,0.296293,0.310107,6.534718,0.000874,0.000841,5,0.000107,0,39,0.8,0.006988
41003,Benton County,,OR,8447,83916,92363,23,23,46,4282,5749,10031,6,0.341118,0.362693,20.244505,0.008077,0.008359,5,0.000297,0,39,0.824786,0.066883
41005,Clackamas County,,OR,33287,439234,472521,84,71,155,31557,27957,59514,6,0.362514,0.39308,5759.178358,0.028811,0.025474,5,0.001009,0,39,0.498089,0.232504
41007,Clatsop County,,OR,3232,40106,43338,16,14,30,1528,1422,2950,6,0.334877,0.354519,64.475594,0.004899,0.004241,5,0.000222,0,39,0.816993,0.04044
41009,Columbia County,,OR,3617,54315,57932,12,14,26,2237,2185,4422,6,0.334801,0.354407,5.547113,0.003843,0.004226,5,0.000179,0,39,0.917582,0.032218
41011,Coos County,,OR,4491,64364,68855,19,19,38,1977,2065,4042,6,0.337815,0.358488,79.078374,0.005508,0.0055,5,0.000267,0,39,0.839921,0.046188
41013,Crook County,,OR,1714,21805,23519,8,5,13,956,795,1751,6,0.292464,0.305616,0.212294,0.001601,0.001024,5,0.00015,0,39,0.946429,0.014052
41015,Curry County,,OR,2030,23614,25644,11,8,19,793,731,1524,6,0.292608,0.306234,5.377399,0.002662,0.00127,5,0.000175,0,39,0.846154,0.021948
41017,Deschutes County,,OR,12581,182863,195444,71,57,128,11144,8669,19813,6,0.35365,0.380742,15385.144274,0.019519,0.016996,5,0.000943,0,39,0.465482,0.15898
41019,Douglas County,,OR,5952,112027,117979,20,24,44,2915,3477,6392,6,0.341158,0.362861,28.984391,0.007369,0.007875,5,0.000268,0,39,0.823077,0.060442
41021,Gilliam County,,OR,157,2059,2216,0,0,0,0,0,0,0,0,0,0,0,0,91,0.00005,77,156,0,0
41023,Grant County,,OR,505,7628,8133,0,1,1,0,45,45,7,0.261322,0.271154,0,0,0.000144,5,0.00005,0,157,0,0
41025,Harney County,,OR,541,7605,8146,1,1,2,53,59,112,7,0.26128,0.271077,0,0.000126,0.000144,5,0.000064,0,39,0,0.001254
41027,Hood River County,,OR,1954,28495,30449,8,8,16,965,1065,2030,6,0.294205,0.307971,5.899816,0.001307,0.00142,5,0.000168,0,39,0.767857,0.011788
41029,Jackson County,,OR,11481,232496,243977,57,51,108,8845,7499,16344,6,0.346176,0.372726,517.640576,0.018816,0.018125,5,0.000636,0,39,0.62377,0.150455
41031,Jefferson County,,OR,1812,21760,23572,8,6,14,1011,968,1979,6,0.292551,0.305897,0.511933,0.001415,0.001146,5,0.000156,0,39,0.928571,0.012685
41033,Josephine County,,OR,4887,85374,90261,30,22,52,3539,2928,6467,6,0.341001,0.362411,155.230567,0.011408,0.008416,5,0.000364,0,39,0.772177,0.091593
41035,Klamath County,,OR,4714,68154,72868,24,23,47,2188,2315,4503,6,0.338664,0.360051,2717.615951,0.007866,0.00693,5,0.000344,0,39,0.694444,0.064398
41037,Lake County,,OR,638,7779,8417,2,2,4,161,141,302,7,0.261441,0.27147,0,0.000177,0.000202,5,0.000077,0,39,1,0.001808
41039,Lane County,,OR,19158,373849,393007,75,67,142,12878,13228,26106,6,0.360749,0.390523,2709.826162,0.024905,0.023956,5,0.000863,0,39,0.534628,0.199915
41041,Lincoln County,,OR,3940,48231,52171,18,18,36,2328,2201,4529,6,0.335977,0.356262,62.702715,0.005356,0.004847,5,0.000246,0,39,0.852632,0.044922
41043,Linn County,,OR,9274,126273,135547,28,26,54,6495,6665,13160,6,0.342023,0.364238,99.76215,0.00961,0.008772,5,0.000346,0,39,0.756322,0.077149
41045,Malheur County,,OR,2249,29037,31286,4,5,9,960,1122,2082,6,0.280617,0.293575,3.891447,0.000373,0.000508,5,0.000133,0,39,0.6,0.003338
41047,Marion County,,OR,20288,351132,371420,52,56,108,15728,15834,31562,6,0.351595,0.379938,1175.963041,0.016434,0.018565,5,0.000619,0,39,0.566667,0.131863
41049,Morrow County,,OR,1144,13420,14564,1,2,3,397,458,855,7,0.262808,0.272713,0,0.000044,0.000141,5,0.000062,0,39,1,0.000459
41051,Multnomah County,,OR,64981,829378,894359,185,162,347,57625,56171,113796,5,0.412895,0.452558,51067.141731,0.063846,0.057004,5,0.002112,0,39,0.324874,0.495443
41053,Polk County,,OR,7419,79955,87374,19,18,37,5191,5554,10745,6,0.335901,0.356431,4.945689,0.006011,0.005751,5,0.000251,0,39,0.889493,0.049586
41055,Sherman County,,OR,127,2047,2174,0,0,0,0,0,0,0,0,0,0,0,0,92,0.00005,78,158,0,0
41057,Tillamook County,,OR,1908,27548,29456,10,11,21,980,928,1908,6,0.294351,0.308589,0.357576,0.002268,0.001892,5,0.000163,0,39,0.962121,0.019765
41059,Umatilla County,,OR,5241,83003,88244,23,24,47,2609,3029,5638,6,0.33793,0.359607,6785.07984,0.006117,0.005898,5,0.000338,0,39,0.535714,0.050675
41061,Union County,,OR,1744,27998,29742,7,6,13,651,499,1150,6,0.2965,0.310697,267.179725,0.0011,0.001125,5,0.000154,0,39,0.607143,0.010122
41063,Wallowa County,,OR,527,8212,8739,0,2,2,0,132,132,7,0.252662,0.261262,0,0,0.000053,5,0.00005,0,159,1,0
41065,Wasco County,,OR,1889,26952,28841,7,7,14,882,825,1707,6,0.294176,0.307802,1.281789,0.001302,0.001415,5,0.000145,0,39,0.880952,0.011668
41067,Washington County,,OR,45463,626157,671620,124,111,235,39101,37779,76880,6,0.389773,0.425649,11709.627747,0.046645,0.042534,5,0.001356,0,39,0.423792,0.369439
41069,Wheeler County,,OR,87,1379,1466,0,0,0,0,0,0,0,0,0,0,0,0,93,0.00005,79,160,0,0
41071,Yamhill County,,OR,7312,107060,114372,20,25,45,5007,5078,10085,6,0.341747,0.363817,114.428207,0.006671,0.008533,5,0.000264,0,39,0.782051,0.054856
42001,Adams County,,PA,6935,124300,131235,14,12,26,4522,4541,9063,6,0.304227,0.319708,10.970958,0.00457,0.00273,94,0.00017,0,39,0.804762,0.033169
42003,Allegheny County,,PA,56298,1476983,1533281,227,223,450,45452,46259,91711,6,0.423148,0.46914,166117.535531,0.084882,0.083341,90,0.002396,0,39,0.311494,0.624468
42005,Armstrong County,,PA,3384,80584,83968,6,7,13,3725,2485,6210,7,0.297571,0.312426,3.628864,0.000807,0.000744,90,0.000129,0,39,0.666667,0.00584
42007,Beaver County,,PA,8038,210883,218921,12,14,26,5001,4791,9792,6,0.336932,0.356442,577.164378,0.002793,0.002339,90,0.00019,0,39,0.47619,0.021336
42009,Bedford County,,PA,2330,60284,62614,8,9,17,981,1392,2373,7,0.29814,0.313623,435.61628,0.000698,0.000862,90,0.000163,0,39,0.458333,0.005743
42011,Berks County,,PA,19780,504702,524482,50,66,116,13373,13906,27279,6,0.36814,0.398173,2087.768963,0.021135,0.030988,94,0.000422,0,39,0.691901,0.144013
42013,Blair County,,PA,4583,149552,154135,10,12,22,2346,2222,4568,7,0.302984,0.319435,92.093707,0.001143,0.001776,90,0.000171,0,39,0.519231,0.008911
42015,Bradford County,,PA,3687,65317,69004,11,10,21,2219,1647,3866,7,0.277648,0.291167,998.72048,0.000851,0.000354,77,0.000241,0,39,0.25,0.00559
42017,Bucks County,,PA,35649,805693,841342,90,111,201,29641,29043,58684,6,0.386672,0.42244,4470.275145,0.042041,0.051226,94,0.000737,0,39,0.602859,0.297432
42019,Butler County,,PA,10179,229987,240166,18,21,39,6652,6059,12711,6,0.3559,0.379292,1839.45904,0.003337,0.007403,90,0.000261,0,39,0.48,0.024733
42021,Cambria County,,PA,5492,165274,170766,11,11,22,2548,2729,5277,7,0.29823,0.314056,32.819146,0.001989,0.001188,90,0.000175,0,39,0.50641,0.013642
42023,Cameron County,,PA,233,6117,6350,1,1,2,44,49,93,8,0.229365,0.235842,0,0.000005,0.000005,90,0.000084,0,39,0,0.000119
42025,Carbon County,,PA,4129,76059,80188,10,9,19,3318,2615,5933,7,0.297333,0.312257,0.289307,0.003383,0.00217,94,0.000111,0,39,0.977778,0.020545
42027,Centre County,,PA,8871,141745,150616,29,37,66,3295,3989,7284,6,0.363002,0.389258,7221.499018,0.008917,0.016298,90,0.000369,0,39,0.563415,0.062095
42029,Chester County,,PA,30732,630192,660924,99,104,203,26032,23677,49709,6,0.385265,0.420455,1645.396238,0.046762,0.050598,94,0.000819,0,39,0.610055,0.333764
42031,Clarion County,,PA,2200,43757,45957,6,9,15,942,1331,2273,7,0.297661,0.312819,1916.489392,0.000687,0.000771,90,0.000158,0,39,0.5,0.005324
42033,Clearfield County,,PA,3636,93036,96672,11,9,20,2111,1917,4028,7,0.297751,0.312988,51.95013,0.001181,0.000886,90,0.000205,0,39,0.416667,0.008303
42035,Clinton County,,PA,1990,42903,44893,5,2,7,1224,951,2175,7,0.266733,0.276872,0.115193,0.000639,0.000098,94,0.000105,0,39,0.9,0.004138
42037,Columbia County,,PA,3645,71581,75226,9,10,19,2003,2049,4052,7,0.297362,0.312426,854.586681,0.00147,0.001512,94,0.000162,0,39,0.636364,0.009565
42039,Crawford County,,PA,4238,99157,103395,8,9,17,2263,2351,4614,7,0.297751,0.31296,7.236716,0.000859,0.000832,90,0.000163,0,39,0.666667,0.006446
42041,Cumberland County,,PA,16915,290603,307518,54,48,102,12258,11277,23535,6,0.360267,0.387212,8875.026798,0.02146,0.019277,94,0.000531,0,39,0.524709,0.153715
42043,Dauphin County,,PA,19208,327361,346569,64,61,125,12674,13642,26316,6,0.371507,0.400944,16991.283092,0.028399,0.02653,94,0.00064,0,39,0.593114,0.204941
42045,Delaware County,,PA,33785,668014,701799,86,87,173,28145,27867,56012,6,0.381203,0.414199,1962.319411,0.042646,0.043656,94,0.000723,0,39,0.67967,0.304849
42047,Elk County,,PA,1097,41456,42553,5,5,10,479,449,928,7,0.297601,0.312257,5934.111111,0.000633,0.000647,90,0.000196,0,39,0.4,0.005065
42049,Erie County,,PA,10185,324169,334354,32,41,73,3938,4718,8656,6,0.37174,0.398977,6697.850358,0.01143,0.01821,90,0.000421,0,39,0.490248,0.084897
42051,Fayette County,,PA,6434,154510,160944,6,9,15,3357,4174,7531,7,0.299889,0.316023,499.996573,0.000817,0.001097,90,0.000152,0,39,0.361111,0.00612
42053,Forest County,,PA,460,5403,5863,3,3,6,236,206,442,8,0.229596,0.236713,1,0.000017,0.000017,90,0.000109,0,39,0.5,0.000386
42055,Franklin County,,PA,7808,191038,198846,20,21,41,4493,4325,8818,6,0.33674,0.357538,3395.535636,0.004898,0.004228,94,0.000261,0,39,0.473846,0.036374
42057,Fulton County,,PA,736,18057,18793,4,4,8,433,460,893,7,0.256178,0.26536,2.21953,0.000089,0.000091,94,0.000101,0,39,0.666667,0.001017
42059,Greene County,,PA,1862,40484,42346,6,4,10,1249,1090,2339,7,0.29841,0.313168,93.485868,0.000815,0.000696,90,0.000136,0,39,0.633333,0.006075
42061,Huntingdon County,,PA,2111,49908,52019,7,10,17,1037,1299,2336,7,0.278143,0.291504,107.681329,0.000318,0.000718,90,0.00015,0,39,0.5,0.002587
42063,Indiana County,,PA,4463,93921,98384,7,10,17,1785,2248,4033,7,0.302675,0.318649,20.719199,0.000812,0.001341,90,0.00015,0,39,0.511111,0.00605
42065,Jefferson County,,PA,2249,54436,56685,6,6,12,1331,1285,2616,7,0.297571,0.312313,7.783333,0.000648,0.000658,90,0.000155,0,39,0.633333,0.005232
42067,Juniata County,,PA,965,29194,30159,5,6,11,649,602,1251,7,0.2777,0.290127,9.0243,0.00035,0.000612,94,0.00013,0,39,0.733333,0.00311
42069,Lackawanna County,,PA,11291,248340,259631,33,37,70,6702,7444,14146,6,0.360399,0.385784,5059.485317,0.012474,0.015496,94,0.00032,0,39,0.657505,0.081276
42071,Lancaster County,,PA,21689,657714,679403,74,84,158,14473,14608,29081,6,0.380323,0.412676,13102.550028,0.030924,0.037441,94,0.000666,0,39,0.518713,0.216403
42073,Lawrence County,,PA,4014,105126,109140,8,8,16,2248,2363,4611,7,0.297751,0.312791,0.983039,0.001129,0.000987,90,0.000132,0,39,0.821429,0.007848
42075,Lebanon County,,PA,7639,169570,177209,20,17,37,5074,4836,9910,6,0.330105,0.349314,135.689589,0.007041,0.005639,94,0.000197,0,39,0.711667,0.045682
42077,Lehigh County,,PA,27994,427625,455619,72,96,168,20680,21703,42383,6,0.380958,0.414975,1839.870119,0.032531,0.044461,94,0.000557,0,39,0.663636,0.221245
42079,Luzerne County,,PA,14518,378266,392784,57,61,118,10367,9679,20046,6,0.363313,0.392293,11088.424889,0.022482,0.025501,94,0.000492,0,39,0.593798,0.148711
42081,Lycoming County,,PA,6296,137432,143728,22,17,39,2857,3024,5881,7,0.304415,0.321847,8764.373326,0.004397,0.002923,94,0.000362,0,39,0.471861,0.029203
42083,McKean County,,PA,1702,48613,50315,7,7,14,702,631,1333,7,0.29796,0.3131,2824.928516,0.000774,0.000741,77,0.000198,0,39,0.25,0.005932
42085,Mercer County,,PA,5163,134597,139760,12,11,23,2894,2813,5707,7,0.29787,0.313353,12.338953,0.001185,0.00102,90,0.000195,0,39,0.583333,0.00857
42087,Mifflin County,,PA,1812,55492,57304,9,6,15,999,907,1906,7,0.277414,0.289818,25.129796,0.000972,0.000511,90,0.00016,0,39,0.597222,0.006867
42089,Monroe County,,PA,12326,181485,193811,35,53,88,7691,8744,16435,6,0.360793,0.388342,394.250919,0.012893,0.023298,94,0.000271,0,39,0.757163,0.078666
42091,Montgomery County,,PA,52102,1009407,1061509,129,151,280,45706,44658,90364,6,0.405553,0.444857,10772.70199,0.059746,0.068798,94,0.001113,0,39,0.524922,0.434365
42093,Montour County,,PA,1828,21974,23802,5,4,9,1142,933,2075,8,0.233538,0.241472,0.554107,0.000233,0.000062,94,0.000123,0,39,0.9,0.001924
42095,Northampton County,,PA,19625,362999,382624,51,61,112,15492,14868,30360,6,0.371787,0.401051,644.26119,0.021167,0.028486,94,0.00039,0,39,0.712702,0.139434
42097,Northumberland County,,PA,5023,108195,113218,14,13,27,3363,3348,6711,7,0.278718,0.292842,474.660823,0.001684,0.001208,94,0.000221,0,39,0.52381,0.011286
42099,Perry County,,PA,2883,56680,59563,6,7,13,1851,1937,3788,7,0.27809,0.290846,8.460022,0.000862,0.000852,94,0.000112,0,39,0.678571,0.006319
42101,Philadelphia County,,PA,91557,1538059,1629616,183,200,383,68734,81743,150477,6,0.418431,0.46222,25778.221089,0.077183,0.08225,94,0.001633,0,39,0.41727,0.562561
42103,Pike County,,PA,5768,65076,70844,22,22,44,3315,3034,6349,6,0.311744,0.329702,10.757967,0.008309,0.007188,94,0.000184,0,39,0.826087,0.049265
42105,Potter County,,PA,1029,19954,20983,3,3,6,445,396,841,7,0.231659,0.239166,6.108768,0.000012,0.000021,77,0.000125,0,39,0.333333,0.000401
42107,Schuylkill County,,PA,6046,172242,178288,18,20,38,4001,3929,7930,7,0.304227,0.321847,56.961995,0.004357,0.004414,94,0.000192,0,39,0.757143,0.027809
42109,Snyder County,,PA,2119,45331,47450,6,5,11,1318,1217,2535,7,0.271123,0.282302,6.417279,0.000222,0.000239,94,0.000148,0,39,0.5,0.002232
42111,Somerset County,,PA,2982,90451,93433,8,8,16,1477,1561,3038,7,0.29805,0.313286,253.522543,0.000782,0.000766,90,0.000161,0,39,0.444444,0.006003
42113,Sullivan County,,PA,592,7181,7773,2,2,4,150,325,475,8,0.233962,0.241848,0,0.000024,0.000039,77,0.000089,0,39,1,0.000437
42115,Susquehanna County,,PA,2986,48142,51128,6,7,13,2929,1938,4867,7,0.273423,0.285641,16.649404,0.000495,0.000399,77,0.00013,0,39,0.547619,0.003047
42117,Tioga County,,PA,2487,47831,50318,9,5,14,1232,1043,2275,7,0.238613,0.247907,705.415407,0.000923,0.000063,77,0.000195,0,39,0.277778,0.006293
42119,Union County,,PA,2730,43187,45917,7,7,14,1357,1466,2823,7,0.273448,0.28531,265.667478,0.000871,0.000335,94,0.000165,0,39,0.555556,0.006906
42121,Venango County,,PA,2628,64010,66638,9,8,17,1445,1464,2909,7,0.297631,0.312651,2053.407169,0.000848,0.000763,90,0.000182,0,39,0.577778,0.006423
42123,Warren County,,PA,1834,48881,50715,7,6,13,769,781,1550,7,0.297721,0.312595,1972.63501,0.000791,0.000739,90,0.00017,0,39,0.5,0.005948
42125,Washington County,,PA,12894,254008,266902,20,20,40,7216,8593,15809,6,0.353565,0.37629,2775.248501,0.0045,0.005269,90,0.000341,0,39,0.313846,0.034388
42127,Wayne County,,PA,4515,57250,61765,18,8,26,4025,2597,6622,6,0.312007,0.327943,203.907395,0.006924,0.002255,94,0.000167,0,39,0.783626,0.042761
42129,Westmoreland County,,PA,17714,451364,469078,30,35,65,12379,12659,25038,6,0.36367,0.389179,5124.760421,0.009431,0.015625,90,0.000378,0,39,0.460101,0.071219
42131,Wyoming County,,PA,3538,30763,34301,4,4,8,1652,2916,4568,7,0.270826,0.281892,0.625065,0.000309,0.000268,77,0.000101,0,39,0.833333,0.002063
42133,York County,,PA,21619,545031,566650,63,69,132,16842,15073,31915,6,0.367228,0.397695,8725.69384,0.026906,0.028575,94,0.000599,0,39,0.526777,0.19629
44001,Bristol County,,RI,3359,57611,60970,10,9,19,2300,2066,4366,6,0.29871,0.31394,0.045455,0.003649,0.002625,36,0.000117,0,39,0.972727,0.024258
44003,Kent County,,RI,12441,202498,214939,23,31,54,9517,9400,18917,6,0.357919,0.382423,261.315815,0.011159,0.016898,36,0.000219,0,39,0.845378,0.077672
44005,Newport County,,RI,8134,95387,103521,28,30,58,4360,4438,8798,6,0.349111,0.372254,152.21143,0.01324,0.014676,36,0.000262,0,39,0.72605,0.093825
44007,Providence County,,RI,34054,701138,735192,86,108,194,22598,27492,50090,6,0.386219,0.42154,2212.692337,0.041984,0.05333,36,0.000738,0,39,0.594188,0.304184
44009,Washington County,,RI,8075,149078,157153,21,28,49,5452,5395,10847,6,0.348988,0.372507,119.60044,0.009026,0.013671,36,0.000206,0,39,0.791954,0.06263
45001,Abbeville County,,SC,1753,25718,27471,3,4,7,1083,1118,2201,7,0.28485,0.296906,0,0.000428,0.000479,78,0.000091,0,39,1,0.003769
45003,Aiken County,,SC,10944,178860,189804,27,33,60,6774,6513,13287,6,0.346298,0.371197,2219.775436,0.007497,0.011791,0,0.000394,0,39,0.496444,0.061453
45005,Allendale County,,SC,728,8604,9332,2,4,6,260,356,616,7,0.288424,0.301139,1.461111,0.000014,0.000465,0,0.000088,0,39,0.666667,0.000293
45007,Anderson County,,SC,12113,209845,221958,30,28,58,8358,8194,16552,6,0.340648,0.363524,1435.673418,0.009256,0.009823,78,0.000433,0,39,0.531092,0.073813
45009,Bamberg County,,SC,1103,14045,15148,4,5,9,423,611,1034,7,0.288508,0.301392,30.354804,0.001288,0.000654,78,0.0001,0,39,0.833333,0.009651
45011,Barnwell County,,SC,1351,23128,24479,6,6,12,937,896,1833,7,0.288536,0.30156,582.408797,0.000683,0.000659,0,0.000132,0,39,0.666667,0.005493
45013,Beaufort County,,SC,16308,183544,199852,97,75,172,10244,8817,19061,6,0.385616,0.416773,6484.726436,0.047468,0.037691,78,0.000966,0,39,0.58336,0.35075
45015,Berkeley County,,SC,23190,195334,218524,74,53,127,18162,15557,33719,6,0.365193,0.393586,2695.119484,0.033823,0.022415,78,0.000799,0,39,0.577572,0.25961
45017,Calhoun County,,SC,1063,15875,16938,3,3,6,675,746,1421,7,0.288396,0.300942,0,0.000587,0.000594,78,0.000086,0,39,1,0.004733
45019,Charleston County,,SC,35791,387121,422912,165,118,283,28311,26703,55014,6,0.404723,0.440618,18234.501757,0.067434,0.053678,78,0.001727,0,39,0.417739,0.505618
45021,Cherokee County,,SC,2957,58425,61382,10,8,18,2093,1854,3947,7,0.30501,0.320296,199.725316,0.001779,0.001599,78,0.000186,0,39,0.666667,0.015971
45023,Chester County,,SC,2216,34746,36962,4,6,10,1396,1478,2874,7,0.306745,0.3221,9.071891,0.000863,0.001568,78,0.000116,0,39,0.9,0.007883
45025,Chesterfield County,,SC,2279,46383,48662,9,11,20,1307,1369,2676,7,0.30719,0.323393,199.407443,0.001327,0.002021,78,0.000174,0,39,0.627273,0.011398
45027,Clarendon County,,SC,2314,34168,36482,8,7,15,1134,1300,2434,7,0.292464,0.30649,1.242367,0.001431,0.001169,78,0.00015,0,39,0.861111,0.01311
45029,Colleton County,,SC,2787,41551,44338,9,7,16,1254,1518,2772,7,0.293187,0.307221,6.488511,0.001575,0.001728,78,0.000169,0,39,0.694444,0.014654
45031,Darlington County,,SC,4246,71953,76199,11,13,24,2547,2669,5216,7,0.307605,0.32418,270.190537,0.001616,0.002867,78,0.000195,0,39,0.614286,0.013982
45033,Dillon County,,SC,1951,33308,35259,6,8,14,868,1030,1898,7,0.307158,0.322999,117.746546,0.000953,0.001664,78,0.000126,0,39,0.666667,0.007963
45035,Dorchester County,,SC,18135,151203,169338,50,37,87,14347,12594,26941,6,0.359176,0.38439,1102.452542,0.024388,0.017504,78,0.000562,0,39,0.663534,0.189203
45037,Edgefield County,,SC,2255,25456,27711,6,7,13,1421,1701,3122,7,0.289976,0.303769,7.217122,0.000902,0.00104,0,0.000127,0,39,0.833333,0.007155
45039,Fairfield County,,SC,1709,24240,25949,7,6,13,1040,1179,2219,7,0.288789,0.302038,15.960895,0.001434,0.000793,78,0.000146,0,39,0.714286,0.012203
45041,Florence County,,SC,8781,150580,159361,33,27,60,5586,5583,11169,6,0.323408,0.34502,2880.871534,0.010516,0.00736,78,0.00044,0,39,0.50947,0.083911
45043,Georgetown County,,SC,4545,69951,74496,10,10,20,2494,2614,5108,7,0.307573,0.323786,3.225903,0.002642,0.003163,78,0.000172,0,39,0.927273,0.023666
45045,Greenville County,,SC,31572,521829,553401,132,100,232,25418,22312,47730,6,0.397506,0.431709,26921.126852,0.052629,0.04502,78,0.001498,0,39,0.443621,0.399081
45047,Greenwood County,,SC,4511,77855,82366,15,17,32,2482,2933,5415,7,0.30786,0.325079,359.604796,0.001782,0.003101,78,0.000295,0,39,0.526316,0.015188
45049,Hampton County,,SC,1384,20813,22197,6,6,12,554,721,1275,7,0.294702,0.309239,2423.174619,0.001552,0.001176,78,0.000133,0,39,0.547619,0.012363
45051,Horry County,,SC,21078,315759,336837,153,105,258,17036,12149,29185,6,0.387126,0.422552,22386.207826,0.050985,0.041131,78,0.001546,0,39,0.32835,0.365127
45053,Jasper County,,SC,2524,22510,25034,4,6,10,1813,1433,3246,7,0.294702,0.309239,10.580295,0.000709,0.001194,78,0.000107,0,39,0.7,0.006067
45055,Kershaw County,,SC,4906,68913,73819,12,13,25,2626,3165,5791,7,0.307605,0.32418,60.162493,0.001763,0.002651,78,0.000219,0,39,0.681319,0.015292
45057,Lancaster County,,SC,4927,83655,88582,14,10,24,4041,2980,7021,7,0.307254,0.323393,29.077453,0.003516,0.00246,78,0.000225,0,39,0.703297,0.030302
45059,Laurens County,,SC,4575,68578,73153,11,9,20,3241,3171,6412,7,0.293797,0.308322,23.559683,0.001189,0.001673,78,0.000203,0,39,0.598485,0.009977
45061,Lee County,,SC,1444,17838,19282,5,5,10,832,984,1816,7,0.28848,0.301335,0,0.000592,0.000601,78,0.000113,0,39,1,0.004984
45063,Lexington County,,SC,20742,301554,322296,60,59,119,16712,14901,31613,6,0.364609,0.39394,9784.852336,0.021198,0.022883,78,0.000784,0,39,0.450991,0.167985
45065,McCormick County,,SC,594,9840,10434,4,2,6,304,184,488,7,0.268059,0.278345,0.566143,0.000508,0.000179,0,0.000098,0,39,0.75,0.004019
45067,Marion County,,SC,2303,34096,36399,5,6,11,1165,1261,2426,7,0.295113,0.309492,3.633925,0.000789,0.001386,78,0.000112,0,39,0.733333,0.006936
45069,Marlboro County,,SC,1591,27889,29480,6,8,14,580,884,1464,7,0.286612,0.300936,10.794612,0.000147,0.000899,78,0.000128,0,39,0.428571,0.001627
45071,Newberry County,,SC,2330,43934,46264,9,9,18,1024,1397,2421,7,0.291086,0.305152,95.131104,0.001028,0.001099,78,0.000184,0,39,0.633333,0.008541
45073,Oconee County,,SC,4212,80085,84297,11,8,19,1980,1893,3873,7,0.290203,0.304067,343.107656,0.00274,0.001332,78,0.000207,0,39,0.628788,0.02401
45075,Orangeburg County,,SC,5507,93367,98874,19,18,37,2848,3441,6289,6,0.317894,0.336386,475.823107,0.005887,0.004234,78,0.000299,0,39,0.614625,0.047468
45077,Pickens County,,SC,8647,118869,127516,15,14,29,5237,5512,10749,6,0.317826,0.335795,64.642978,0.003513,0.004097,78,0.000243,0,39,0.727941,0.029789
45079,Richland County,,SC,36571,400027,436598,143,136,279,28780,27922,56702,6,0.404944,0.442664,55004.820744,0.053218,0.05233,78,0.001625,0,39,0.382575,0.405048
45081,Saluda County,,SC,1748,24538,26286,8,7,15,1558,1287,2845,7,0.290914,0.30459,17.480035,0.000732,0.001022,78,0.000149,0,39,0.527778,0.005841
45083,Spartanburg County,,SC,15979,317891,333870,48,50,98,11134,10673,21807,6,0.365643,0.393047,7219.976114,0.016333,0.018894,78,0.000649,0,39,0.493125,0.131872
45085,Sumter County,,SC,9706,116508,126214,37,34,71,4153,4640,8793,6,0.358351,0.38317,2189.877664,0.014162,0.014857,78,0.000463,0,39,0.575053,0.113632
45087,Union County,,SC,1235,29296,30531,3,5,8,457,720,1177,7,0.284768,0.29699,1.502047,0.00016,0.000539,78,0.000099,0,39,0.75,0.001386
45089,Williamsburg County,,SC,2546,33893,36439,8,11,19,1298,1801,3099,7,0.307509,0.323786,40.405125,0.002201,0.002569,78,0.000153,0,39,0.69697,0.018898
45091,York County,,SC,15282,263989,279271,76,53,129,12577,9837,22414,6,0.374605,0.402917,5927.42669,0.029176,0.020976,78,0.000904,0,39,0.489451,0.22591
46003,Aurora County,,SD,138,3424,3562,1,1,2,49,57,106,7,0.213863,0.218869,0,0.000001,0.000008,19,0.000111,0,39,0,0.000149
46005,Beadle County,,SD,1411,21002,22413,2,7,9,125,434,559,6,0.274741,0.286431,3130.019469,0.000111,0.000248,19,0.000103,0,39,0.452381,0.001147
46007,Bennett County,,SD,151,3192,3343,0,0,0,0,0,0,0,0,0,0,0,0,95,0.00005,80,161,0,0
46009,Bon Homme County,,SD,389,7049,7438,1,2,3,92,140,232,6,0.271968,0.282035,0,0.000001,0.000119,19,0.000107,0,39,1,0.000105
46011,Brookings County,,SD,2816,31561,34377,13,12,25,945,1154,2099,6,0.308565,0.324345,13524.731606,0.001962,0.000826,19,0.00044,0,39,0.258333,0.015448
46013,Brown County,,SD,2605,44080,46685,14,12,26,1038,947,1985,6,0.330031,0.348685,25549.628522,0.002778,0.001754,19,0.000503,0,39,0.269006,0.021396
46015,Brule County,,SD,549,6110,6659,1,2,3,46,103,149,6,0.271927,0.281985,2967,0,0.000117,19,0.000093,0,163,0,0.000077
46017,Buffalo County,,SD,131,2005,2136,1,0,1,42,0,42,0,0,0,0,0.000001,0,19,0.00009,0,162,0,0.000079
46019,Butte County,,SD,1142,11138,12280,4,4,8,606,581,1187,6,0.268618,0.278791,1,0.000152,0.000158,19,0.000172,0,39,0.916667,0.001633
46021,Campbell County,,SD,87,1768,1855,0,0,0,0,0,0,0,0,0,0,0,0,96,0.00005,81,164,0,0
46023,Charles Mix County,,SD,624,9645,10269,1,1,2,82,92,174,6,0.271819,0.281669,0,0.000109,0.000117,19,0.000076,0,39,0,0.001039
46025,Clark County,,SD,244,3954,4198,1,1,2,65,57,122,7,0.217439,0.22349,0,0.000002,0.000001,19,0.000078,0,39,0,0.000108
46027,Clay County,,SD,1600,11717,13317,5,6,11,400,619,1019,6,0.274995,0.286616,27.382758,0.000162,0.000252,19,0.000241,0,39,0.7,0.001766
46029,Codington County,,SD,2055,32899,34954,10,13,23,930,1001,1931,6,0.27783,0.291388,21271.496704,0.000131,0.000321,19,0.000419,0,39,0.217949,0.002067
46031,Corson County,,SD,165,3483,3648,1,1,2,48,44,92,1,1,1,0,0,0,108,0.000335,82,165,0,0.000079
46033,Custer County,,SD,887,8924,9811,2,2,4,564,285,849,6,0.26743,0.276852,0,0.000102,0.000093,19,0.000136,0,39,1,0.000923
46035,Davison County,,SD,1768,23120,24888,8,6,14,532,545,1077,6,0.272018,0.282681,14953.749732,0.001089,0.000135,19,0.000431,0,39,0.277778,0.00865
46037,Day County,,SD,485,6722,7207,1,2,3,42,156,198,7,0.248346,0.256263,0,0.000002,0.000021,19,0.000078,0,39,1,0.000108
46039,Deuel County,,SD,323,5468,5791,1,2,3,72,102,174,7,0.236708,0.243863,0,0.000002,0.000015,19,0.000078,0,39,1,0.000108
46041,Dewey County,,SD,353,6827,7180,2,1,3,84,53,137,6,0.267406,0.276684,2965,0.000101,0.000092,19,0.000121,0,39,0,0.000913
46043,Douglas County,,SD,129,3642,3771,0,0,0,0,0,0,0,0,0,0,0,0,97,0.00005,83,166,0,0
46045,Edmunds County,,SD,294,4546,4840,1,1,2,123,137,260,7,0.248159,0.255673,0,0.000013,0.000021,19,0.000086,0,39,0,0.000245
46047,Fall River County,,SD,745,7877,8622,2,2,4,135,203,338,6,0.26743,0.276852,0,0.000102,0.000093,19,0.000136,0,39,1,0.000923
46049,Faulk County,,SD,120,2420,2540,0,0,0,0,0,0,0,0,0,0,0,0,98,0.00005,84,167,0,0
46051,Grant County,,SD,476,9383,9859,2,3,5,121,192,313,6,0.272043,0.2824,660.791195,0.000002,0.000118,19,0.00012,0,39,0.666667,0.000192
46053,Gregory County,,SD,259,5027,5286,1,0,1,78,0,78,0,0,0,0,0,0,107,0.000093,85,168,0,0.000077
46055,Haakon County,,SD,168,2234,2402,1,0,1,58,0,58,0,0,0,0,0.000101,0,19,0.000078,0,24,0,0.000836
46057,Hamlin County,,SD,549,6821,7370,3,2,5,219,193,412,7,0.236708,0.243863,2,0.000009,0.000015,19,0.000132,0,39,0.666667,0.000392
46059,Hand County,,SD,231,4112,4343,0,0,0,0,0,0,0,0,0,0,0,0,99,0.00005,86,169,0,0
46061,Hanson County,,SD,474,5334,5808,1,1,2,89,66,155,7,0.213863,0.218869,0,0.000001,0.000008,19,0.000111,0,39,0,0.000149
46063,Harding County,,SD,30,1503,1533,0,0,0,0,0,0,0,0,0,0,0,0,100,0.00005,87,170,0,0
46065,Hughes County,,SD,2203,20867,23070,7,5,12,685,631,1316,6,0.274486,0.285644,11858.85,0.001095,0.000218,19,0.00037,0,39,0.446429,0.008579
46067,Hutchinson County,,SD,420,8364,8784,2,2,4,115,121,236,6,0.271919,0.282007,0,0.00011,0.000125,19,0.000137,0,39,1,0.001188
46069,Hyde County,,SD,100,1664,1764,0,0,0,0,0,0,0,0,0,0,0,0,101,0.00005,88,171,0,0
46071,Jackson County,,SD,173,2785,2958,1,1,2,52,45,97,6,0.267406,0.276684,0,0.000101,0.000092,19,0.000078,0,39,0,0.000836
46073,Jerauld County,,SD,141,2211,2352,1,0,1,47,0,47,0,0,0,0,0.000002,0,19,0.000063,0,23,0,0.000089
46075,Jones County,,SD,76,1260,1336,0,0,0,0,0,0,0,0,0,0,0,0,102,0.00005,89,172,0,0
46077,Kingsbury County,,SD,470,6489,6959,1,3,4,80,210,290,6,0.271919,0.282119,0,0.000006,0.000132,19,0.000081,0,39,0.666667,0.000203
46079,Lake County,,SD,1119,14576,15695,2,3,5,198,336,534,6,0.271919,0.282119,0,0.000115,0.000149,19,0.000107,0,39,1,0.001243
46081,Lawrence County,,SD,3032,26885,29917,8,7,15,1417,1394,2811,6,0.327805,0.344132,1568.209021,0.001121,0.001107,19,0.000299,0,39,0.458333,0.00894
46083,Lincoln County,,SD,5833,55972,61805,17,12,29,6119,3751,9870,6,0.308983,0.324744,2901.099312,0.002273,0.000823,19,0.000587,0,39,0.295322,0.018096
46085,Lyman County,,SD,279,4265,4544,0,1,1,0,46,46,7,0.213848,0.218732,0,0,0,19,0.00005,0,173,0,0
46087,McCook County,,SD,422,6765,7187,1,1,2,134,156,290,6,0.271819,0.281669,0,0.000109,0.000117,19,0.000076,0,39,0,0.001039
46089,McPherson County,,SD,112,2523,2635,0,0,0,0,0,0,0,0,0,0,0,0,103,0.00005,90,174,0,0
46091,Marshall County,,SD,343,4937,5280,1,2,3,50,128,178,7,0.248242,0.25601,234.420633,0.000013,0.000021,19,0.000086,0,39,0,0.000245
46093,Meade County,,SD,5418,29042,34460,10,6,16,3091,3114,6205,6,0.338935,0.357673,978.419762,0.003617,0.002141,19,0.000252,0,39,0.563636,0.030038
46095,Mellette County,,SD,153,1897,2050,0,1,1,0,48,48,7,0.211043,0.215646,0,0,0.000001,19,0.00005,0,175,0,0
46097,Miner County,,SD,155,2856,3011,0,0,0,0,0,0,0,0,0,0,0,0,104,0.00005,91,176,0,0
46099,Minnehaha County,,SD,16779,217066,233845,61,54,115,9885,10329,20214,5,0.373238,0.400944,150684.262772,0.015889,0.01471,19,0.001623,0,39,0.241408,0.126719
46101,Moody County,,SD,586,7535,8121,2,2,4,265,314,579,6,0.271894,0.281951,0,0.000115,0.000132,19,0.000107,0,39,1,0.001243
46103,Pennington County,,SD,11944,118065,130009,42,39,81,6122,5761,11883,5,0.364968,0.39036,69416.496971,0.012503,0.013687,19,0.001276,0,39,0.273878,0.101757
46105,Perkins County,,SD,210,3391,3601,0,0,0,0,0,0,0,0,0,0,0,0,105,0.00005,92,177,0,0
46107,Potter County,,SD,121,3102,3223,0,0,0,0,0,0,0,0,0,0,0,0,106,0.00005,93,178,0,0
46109,Roberts County,,SD,666,11148,11814,3,3,6,166,190,356,7,0.217535,0.224024,11.3125,0.000003,0.000002,19,0.000148,0,39,0.166667,0.000271
46111,Sanborn County,,SD,121,2866,2987,1,0,1,46,0,46,0,0,0,0,0.000001,0,19,0.000111,0,4,0,0.000149
46113,Shannon County,,SD,695,11956,12651,2,1,3,294,282,576,6,0.267406,0.276684,2965,0.000101,0.000092,19,0.00013,0,39,0,0.000915
46115,Spink County,,SD,414,7646,8060,2,1,3,131,85,216,7,0.248159,0.255673,0,0.000015,0.000021,19,0.000098,0,39,0.5,0.000333
46117,Stanley County,,SD,376,3584,3960,1,1,2,239,241,480,7,0.215386,0.220606,0,0.000002,0.000008,19,0.000113,0,39,0,0.000147
46119,Sully County,,SD,158,1826,1984,1,1,2,54,106,160,7,0.215386,0.220606,0,0.000002,0.000008,19,0.000113,0,39,0,0.000147
46121,Todd County,,SD,495,8512,9007,2,1,3,130,111,241,6,0.267406,0.276684,2965,0.000101,0.000092,19,0.000121,0,39,0,0.000913
46123,Tripp County,,SD,438,6639,7077,0,1,1,0,78,78,1,1,1,0,0,0,107,0.00005,85,179,0,0
46125,Turner County,,SD,742,9988,10730,2,2,4,252,279,531,6,0.271844,0.281838,0,0.000115,0.000134,19,0.000117,0,39,1,0.001267
46127,Union County,,SD,1656,17570,19226,8,5,13,1056,802,1858,6,0.272368,0.283148,221.951962,0.001338,0.000153,19,0.000245,0,39,0.535714,0.010406
46129,Walworth County,,SD,541,6565,7106,1,1,2,44,48,92,1,1,1,0,0,0,108,0.000335,82,165,0,0.000079
46135,Yankton County,,SD,1757,25568,27325,8,5,13,739,531,1270,6,0.272243,0.282878,6508.324844,0.000167,0.000135,19,0.000335,0,39,0.303571,0.002027
46137,Ziebach County,,SD,82,1317,1399,0,1,1,0,40,40,7,0.211043,0.215646,0,0,0.000001,19,0.00005,0,180,0,0
47001,Anderson County,,TN,7126,82510,89636,11,13,24,4103,4437,8540,6,0.306872,0.321714,220.016435,0.000471,0.001422,109,0.000275,0,39,0.390476,0.004516
47003,Bedford County,,TN,3514,51099,54613,10,9,19,2075,1952,4027,6,0.304384,0.317875,1444.127092,0.001058,0.001092,109,0.00026,0,39,0.577778,0.009668
47005,Benton County,,TN,1158,16890,18048,3,4,7,436,382,818,7,0.241666,0.250254,6.643998,0.000016,0.000067,109,0.000122,0,39,0.5,0.000467
47007,Bledsoe County,,TN,723,10625,11348,5,5,10,935,469,1404,7,0.281283,0.293072,798.179273,0.000255,0.00024,109,0.000185,0,39,0.5,0.002328
47009,Blount County,,TN,8175,140871,149046,20,18,38,5081,4697,9778,6,0.336817,0.357296,2289.785364,0.005369,0.004392,109,0.000344,0,39,0.431159,0.041099
47011,Bradley County,,TN,6691,110680,117371,18,16,34,3843,3561,7404,6,0.307158,0.322501,1712.344694,0.00434,0.001505,109,0.000324,0,39,0.304762,0.033581
47013,Campbell County,,TN,2142,38172,40314,5,5,10,871,1080,1951,7,0.288677,0.301071,55.284738,0.000374,0.000333,109,0.000179,0,39,0.35,0.00301
47015,Cannon County,,TN,1207,14517,15724,5,4,9,838,752,1590,7,0.278012,0.289132,0.375,0.000775,0.000196,109,0.000143,0,39,0.95,0.006424
47017,Carroll County,,TN,2036,30445,32481,8,7,15,1252,1302,2554,6,0.30627,0.32018,1381.689544,0.001159,0.000621,109,0.000213,0,39,0.660714,0.009899
47019,Carter County,,TN,3871,56813,60684,8,8,16,2638,2530,5168,7,0.288817,0.301735,869.238518,0.000437,0.000399,109,0.000254,0,39,0.482143,0.00381
47021,Cheatham County,,TN,3664,45421,49085,8,8,16,2614,2560,5174,6,0.308052,0.321973,0.309524,0.001377,0.001547,109,0.000184,0,39,0.964286,0.012363
47023,Chester County,,TN,1295,16976,18271,5,4,9,741,650,1391,7,0.241528,0.249894,0.833333,0.000597,0.000055,109,0.000158,0,39,0.85,0.00502
47025,Claiborne County,,TN,1872,31864,33736,8,8,16,888,870,1758,7,0.288733,0.30156,8188.534121,0.000371,0.000331,109,0.000279,0,39,0.236111,0.003226
47027,Clay County,,TN,478,7659,8137,3,3,6,227,216,443,7,0.240081,0.247848,11.86691,0.000026,0.000016,109,0.00015,0,39,0.333333,0.000418
47029,Cocke County,,TN,2060,36123,38183,7,5,12,1244,1042,2286,7,0.2882,0.300436,263.487821,0.000461,0.000372,109,0.000185,0,39,0.666667,0.003839
47031,Coffee County,,TN,4544,58081,62625,10,11,21,2538,2620,5158,6,0.312007,0.328196,4321.252624,0.000789,0.001885,109,0.000295,0,39,0.461538,0.007071
47033,Crockett County,,TN,1142,16129,17271,6,5,11,814,773,1587,7,0.241607,0.250175,1.984524,0.000621,0.000078,109,0.000178,0,39,0.8,0.005302
47035,Cumberland County,,TN,3800,64002,67802,11,11,22,1240,1488,2728,6,0.306714,0.321254,5552.117895,0.001592,0.001172,109,0.000267,0,39,0.340909,0.013341
47037,Davidson County,,TN,61969,712105,774074,231,203,434,51554,49742,101296,5,0.436158,0.476757,220511.663533,0.081015,0.073526,109,0.002895,0,39,0.288016,0.615747
47039,Decatur County,,TN,751,12130,12881,3,2,5,354,339,693,7,0.241312,0.249214,0,0.000587,0.000046,109,0.00011,0,39,1,0.004773
47041,DeKalb County,,TN,1549,19784,21333,8,9,17,1105,1110,2215,6,0.304509,0.318033,69.087244,0.000815,0.000887,109,0.000213,0,39,0.625,0.007354
47043,Dickson County,,TN,3830,56056,59886,10,12,22,2257,2371,4628,6,0.308276,0.322816,117.553339,0.001368,0.001587,109,0.00024,0,39,0.628788,0.012152
47045,Dyer County,,TN,2674,42404,45078,11,10,21,1377,1489,2866,6,0.310601,0.325891,5643.22795,0.001497,0.001222,109,0.000302,0,39,0.386364,0.012252
47047,Fayette County,,TN,3581,45300,48881,7,6,13,2970,2617,5587,6,0.306112,0.319815,5.905582,0.000683,0.000633,109,0.000189,0,39,0.642857,0.005799
47049,Fentress County,,TN,974,17786,18760,4,5,9,315,402,717,7,0.240353,0.24859,2866.543102,0.000031,0.000026,109,0.00015,0,39,0.45,0.000563
47051,Franklin County,,TN,2795,44777,47572,12,10,22,1824,1681,3505,6,0.30646,0.320888,3909.492515,0.001334,0.001331,109,0.000327,0,39,0.44697,0.011297
47053,Gibson County,,TN,3618,54620,58238,10,12,22,2411,2304,4715,6,0.310829,0.326425,598.552748,0.001173,0.001475,109,0.00027,0,39,0.515152,0.010236
47055,Giles County,,TN,1971,31292,33263,8,9,17,1049,1216,2265,6,0.305986,0.319933,31.917244,0.001107,0.001149,109,0.000185,0,39,0.611111,0.009305
47057,Grainger County,,TN,1543,22873,24416,6,5,11,1019,1066,2085,7,0.288172,0.30038,4.028968,0.000372,0.000332,109,0.000184,0,39,0.7,0.003132
47059,Greene County,,TN,3785,73950,77735,10,10,20,1584,1846,3430,7,0.288761,0.301875,235.845885,0.000659,0.000449,109,0.000277,0,39,0.618182,0.006175
47061,Grundy County,,TN,780,13577,14357,4,4,8,1512,441,1953,7,0.238191,0.245752,4.613095,0.000032,0.000026,109,0.000167,0,39,0.583333,0.000581
47063,Hamblen County,,TN,4984,71787,76771,13,13,26,2797,3104,5901,7,0.28893,0.302493,1335.665631,0.000554,0.000494,109,0.000329,0,39,0.361905,0.005105
47065,Hamilton County,,TN,21351,384139,405490,93,84,177,14846,14091,28937,6,0.390749,0.423221,73624.60741,0.029936,0.032801,109,0.001354,0,39,0.352416,0.23802
47067,Hancock County,,TN,310,5349,5659,3,2,5,521,143,664,8,0.224417,0.230718,1.60119,0.000009,0.000006,109,0.000128,0,39,0.666667,0.000369
47069,Hardeman County,,TN,1683,26399,28082,6,9,15,781,1091,1872,6,0.306238,0.320377,419.57261,0.000601,0.00068,109,0.000198,0,39,0.472222,0.005178
47071,Hardin County,,TN,1626,27298,28924,7,8,15,786,786,1572,6,0.310569,0.325638,1937.131785,0.000605,0.001211,109,0.000204,0,39,0.410714,0.005288
47073,Hawkins County,,TN,4268,59284,63552,11,11,22,2754,2851,5605,7,0.288817,0.3021,3015.996912,0.000445,0.00045,109,0.000345,0,39,0.462121,0.004169
47075,Haywood County,,TN,1401,21074,22475,8,8,16,894,1022,1916,6,0.310309,0.325188,462.538815,0.001161,0.001218,109,0.00022,0,39,0.625,0.009878
47077,Henderson County,,TN,1674,29949,31623,7,8,15,1125,1027,2152,6,0.306175,0.320208,890.429062,0.000608,0.000623,109,0.000232,0,39,0.535714,0.005327
47079,Henry County,,TN,2300,35481,37781,10,10,20,1042,1082,2124,6,0.30992,0.325098,2013.460662,0.001463,0.000926,109,0.000252,0,39,0.409091,0.012305
47081,Hickman County,,TN,1721,23313,25034,7,6,13,1184,1015,2199,6,0.30404,0.317004,6442.753554,0.001003,0.000895,109,0.000185,0,39,0.482143,0.00872
47083,Houston County,,TN,609,8180,8789,4,4,8,513,361,874,7,0.286778,0.298733,7.805776,0.000316,0.000318,109,0.000127,0,39,0.583333,0.002735
47085,Humphreys County,,TN,1117,20470,21587,5,5,10,566,489,1055,6,0.304009,0.316863,1101.93363,0.000855,0.000619,109,0.000143,0,39,0.466667,0.007236
47087,Jackson County,,TN,1267,10807,12074,2,4,6,418,873,1291,7,0.240198,0.248241,6.478863,0.00002,0.00002,109,0.000118,0,39,0.333333,0.000283
47089,Jefferson County,,TN,4963,53078,58041,10,11,21,3139,3342,6481,7,0.288761,0.301987,31.668891,0.000464,0.000492,109,0.000269,0,39,0.560606,0.00417
47091,Johnson County,,TN,789,16248,17037,4,3,7,275,245,520,7,0.241982,0.250439,47.507549,0.000079,0.000034,109,0.000157,0,39,0.333333,0.000972
47093,Knox County,,TN,29812,485841,515653,110,115,225,21126,20693,41819,6,0.404447,0.439725,113214.916458,0.04303,0.048213,109,0.001564,0,39,0.407014,0.340927
47095,Lake County,,TN,413,5333,5746,2,2,4,347,290,637,7,0.237428,0.244291,0,0.00002,0.000015,109,0.000096,0,39,1,0.000305
47097,Lauderdale County,,TN,1552,25396,26948,7,7,14,1000,969,1969,6,0.310341,0.325132,433.695566,0.001161,0.00122,109,0.0002,0,39,0.738095,0.009809
47099,Lawrence County,,TN,2299,44198,46497,7,7,14,961,1265,2226,6,0.304415,0.317707,2555.960625,0.000786,0.000818,109,0.000223,0,39,0.428571,0.006775
47101,Lewis County,,TN,677,11781,12458,4,2,6,491,179,670,7,0.239887,0.247275,30.402849,0.000033,0.00003,109,0.000158,0,39,0.5,0.000646
47103,Lincoln County,,TN,2076,37933,40009,8,10,18,1283,1314,2597,6,0.305954,0.319989,782.634724,0.001099,0.001133,109,0.00019,0,39,0.577778,0.009217
47105,Loudon County,,TN,4334,58250,62584,7,7,14,2861,2621,5482,7,0.290629,0.303769,1.2,0.00046,0.000602,109,0.000176,0,39,0.821429,0.003884
47107,McMinn County,,TN,3623,54766,58389,10,10,20,2006,1898,3904,7,0.290829,0.304444,66.133722,0.000663,0.000637,109,0.000244,0,39,0.611111,0.005831
47109,McNairy County,,TN,1819,26671,28490,7,6,13,1002,957,1959,6,0.306144,0.319927,362.538897,0.000606,0.000606,109,0.000206,0,39,0.666667,0.005266
47111,Macon County,,TN,1579,23522,25101,8,7,15,906,927,1833,6,0.304196,0.317291,2177.10488,0.000643,0.000792,109,0.000267,0,39,0.357143,0.006646
47113,Madison County,,TN,7785,108799,116584,30,23,53,5413,4699,10112,6,0.317997,0.337302,9612.408512,0.005608,0.002793,109,0.000654,0,39,0.234454,0.043709
47115,Marion County,,TN,2952,30481,33433,8,5,13,1092,2143,3235,7,0.281256,0.293084,320.636573,0.000281,0.000241,109,0.000241,0,39,0.410714,0.002817
47117,Marshall County,,TN,2473,34487,36960,7,7,14,1323,1432,2755,6,0.304259,0.317426,2.135704,0.001012,0.001085,109,0.00017,0,39,0.809524,0.008795
47119,Maury County,,TN,7940,93384,101324,19,16,35,5571,5269,10840,6,0.315426,0.332867,4739.852294,0.003234,0.00274,109,0.000407,0,39,0.405263,0.026511
47121,Meigs County,,TN,1347,11359,12706,5,6,11,1243,1018,2261,7,0.281229,0.29314,0.491667,0.000265,0.000277,109,0.000149,0,39,0.866667,0.002592
47123,Monroe County,,TN,3001,46632,49633,8,7,15,1821,1856,3677,7,0.290629,0.303769,14.54206,0.000658,0.000629,109,0.000193,0,39,0.767857,0.005606
47125,Montgomery County,,TN,26236,179658,205894,107,105,212,15982,15525,31507,6,0.401707,0.436245,37796.523564,0.040503,0.040225,109,0.001297,0,39,0.426181,0.310816
47127,Moore County,,TN,471,7033,7504,4,3,7,400,283,683,7,0.237981,0.245257,0,0.00004,0.000024,109,0.000142,0,39,0.916667,0.000624
47129,Morgan County,,TN,1416,19936,21352,6,6,12,941,958,1899,7,0.28848,0.300948,680.462511,0.000383,0.000346,109,0.000188,0,39,0.5,0.003211
47131,Obion County,,TN,2534,35762,38296,8,11,19,1197,1391,2588,6,0.311123,0.32679,6834.361919,0.0006,0.001417,109,0.000265,0,39,0.401515,0.005199
47133,Overton County,,TN,1554,22976,24530,7,4,11,893,904,1797,7,0.240237,0.248168,2583.851292,0.00003,0.000011,109,0.000239,0,39,0.380952,0.000833
47135,Perry County,,TN,511,7758,8269,1,2,3,43,96,139,7,0.233226,0.239083,0,0.000007,0.000008,109,0.000077,0,39,0.5,0.000147
47137,Pickett County,,TN,258,5244,5502,2,3,5,116,141,257,8,0.196085,0.201347,135.350094,0,0,109,0.000127,0,39,0.166667,0.000182
47139,Polk County,,TN,1479,17121,18600,4,5,9,920,957,1877,7,0.281496,0.293477,50.564381,0.000266,0.000285,109,0.000127,0,39,0.4,0.002493
47141,Putnam County,,TN,5707,76882,82589,15,20,35,3008,3258,6266,6,0.315593,0.333614,20247.484953,0.001467,0.002668,109,0.000396,0,39,0.352632,0.01301
47143,Rhea County,,TN,2107,33661,35768,9,8,17,1202,1141,2343,7,0.281443,0.293747,46.630122,0.000634,0.000285,109,0.000246,0,39,0.569444,0.005492
47145,Roane County,,TN,4478,57715,62193,13,12,25,2435,3021,5456,7,0.290943,0.304882,210.260974,0.001261,0.000658,109,0.000296,0,39,0.50641,0.010725
47147,Robertson County,,TN,6668,79236,85904,13,9,22,4319,4594,8913,6,0.308148,0.322254,223.661606,0.002637,0.001537,109,0.000272,0,39,0.634615,0.021605
47149,Rutherford County,,TN,24823,305198,330021,68,69,137,17983,17584,35567,6,0.384665,0.415093,30808.559973,0.0238,0.027782,109,0.001039,0,39,0.363064,0.185897
47151,Scott County,,TN,708,21832,22540,5,4,9,310,262,572,7,0.288396,0.300509,1543.243118,0.000372,0.000324,109,0.000191,0,39,0.5,0.002961
47153,Sequatchie County,,TN,1064,14890,15954,5,4,9,802,574,1376,7,0.281123,0.29269,4.209524,0.000259,0.00023,109,0.00018,0,39,0.6,0.0025
47155,Sevier County,,TN,7971,105023,112994,18,20,38,4086,3836,7922,6,0.329958,0.350585,1895.682637,0.00562,0.006307,109,0.000338,0,39,0.46,0.044126
47157,Shelby County,,TN,55036,1110616,1165652,230,240,470,39098,43456,82554,5,0.440565,0.484739,295502.593834,0.073949,0.076031,109,0.003031,0,39,0.23615,0.566723
47159,Smith County,,TN,1344,21081,22425,7,7,14,793,832,1625,6,0.304321,0.317487,537.004265,0.000812,0.000807,109,0.00019,0,39,0.597222,0.007165
47161,Stewart County,,TN,1313,14289,15602,2,3,5,414,587,1001,7,0.287028,0.299014,2.642063,0.0003,0.000312,109,0.000088,0,39,0.666667,0.002433
47163,Sullivan County,,TN,9876,174312,184188,20,18,38,6212,6162,12374,6,0.325038,0.344947,29732.784493,0.003875,0.003159,109,0.000506,0,39,0.329004,0.030863
47165,Sumner County,,TN,13796,189133,202929,38,27,65,10460,8940,19400,6,0.35637,0.380556,14436.130563,0.014819,0.008033,109,0.000653,0,39,0.466318,0.117253
47167,Tipton County,,TN,4714,68528,73242,7,7,14,3593,2568,6161,6,0.333596,0.351602,112.178425,0.001214,0.002157,109,0.00019,0,39,0.642857,0.010219
47169,Trousdale County,,TN,630,8433,9063,5,3,8,533,402,935,7,0.266397,0.275787,0,0.000646,0.000186,109,0.000159,0,39,0.95,0.006383
47171,Unicoi County,,TN,1295,18619,19914,4,4,8,814,725,1539,7,0.249097,0.258393,0,0.000077,0.000079,109,0.000143,0,39,1,0.000995
47173,Union County,,TN,1645,18696,20341,4,5,9,968,1216,2184,7,0.288256,0.300492,4.823266,0.000372,0.00033,109,0.000141,0,39,0.65,0.002884
47175,Van Buren County,,TN,408,5615,6023,3,3,6,317,261,578,7,0.234073,0.240668,4.54127,0.000009,0.000014,109,0.000129,0,39,0.333333,0.000382
47177,Warren County,,TN,2340,43247,45587,11,10,21,1285,1353,2638,6,0.304602,0.318314,5238.629297,0.001066,0.000818,109,0.000294,0,39,0.454545,0.009341
47179,Washington County,,TN,10222,131333,141555,24,26,50,6273,6380,12653,6,0.331063,0.353108,31569.009334,0.005753,0.006458,109,0.000559,0,39,0.353831,0.046184
47181,Wayne County,,TN,697,15087,15784,3,4,7,453,286,739,7,0.238939,0.246882,4.421673,0.000023,0.000026,0,0.000116,0,39,0.5,0.000438
47183,Weakley County,,TN,2239,33007,35246,9,9,18,1142,1204,2346,6,0.310634,0.325807,2972.895448,0.001148,0.001406,109,0.000258,0,39,0.545455,0.009785
47185,White County,,TN,1770,27622,29392,6,7,13,983,1063,2046,7,0.278482,0.290318,2259.374031,0.000585,0.000213,109,0.000181,0,39,0.517857,0.005299
47187,Williamson County,,TN,18525,228890,247415,76,55,131,17008,13106,30114,6,0.394597,0.423153,10962.983987,0.035488,0.029458,109,0.000946,0,39,0.592272,0.277527
47189,Wilson County,,TN,10124,137818,147942,26,19,45,8183,5938,14121,6,0.345129,0.365975,3622.468663,0.009728,0.004204,109,0.000461,0,39,0.5,0.075997
48001,Anderson County,,TX,3652,48761,52413,11,15,26,1691,1955,3646,6,0.331841,0.351276,34.668458,0.003373,0.005768,118,0.0002,0,39,0.670833,0.029962
48003,Andrews County,,TX,1315,17700,19015,6,3,9,648,476,1124,7,0.263954,0.275875,0,0.001611,0.000399,118,0.000158,0,39,1,0.014295
48005,Angelina County,,TX,5517,93415,98932,23,26,49,3059,3262,6321,6,0.333859,0.355014,1366.237272,0.00592,0.007464,118,0.000372,0,39,0.509259,0.053736
48007,Aransas County,,TX,2493,24384,26877,7,5,12,1232,1127,2359,6,0.328277,0.345936,0,0.003203,0.00279,118,0.000145,0,39,0.97619,0.02842
48009,Archer County,,TX,799,9638,10437,3,3,6,623,536,1159,7,0.262157,0.272615,1.492857,0.000121,0.000131,118,0.000131,0,39,0.666667,0.001312
48011,Armstrong County,,TX,180,2067,2247,1,1,2,78,75,153,7,0.262227,0.272199,0,0.000098,0.000067,118,0.000068,0,39,0,0.000676
48013,Atascosa County,,TX,3919,47977,51896,11,8,19,2831,2605,5436,6,0.328386,0.346442,130.750784,0.003999,0.002914,118,0.00024,0,39,0.613636,0.035598
48015,Austin County,,TX,2422,33204,35626,7,9,16,1425,1604,3029,6,0.325145,0.342788,5.365259,0.001986,0.002746,118,0.000158,0,39,0.722222,0.018589
48017,Bailey County,,TX,743,7988,8731,4,4,8,380,363,743,7,0.26452,0.2766,11.732506,0.000222,0.000207,118,0.000127,0,39,0.583333,0.002072
48019,Bandera County,,TX,1878,21309,23187,6,5,11,961,891,1852,6,0.327878,0.345458,0.95,0.002284,0.001923,118,0.00015,0,39,0.857143,0.020745
48021,Bastrop County,,TX,7181,77317,84498,15,18,33,5179,4949,10128,6,0.333408,0.353468,65.957258,0.006294,0.007152,118,0.000249,0,39,0.773684,0.053714
48023,Baylor County,,TX,277,3731,4008,1,1,2,66,67,133,7,0.262042,0.272109,0,0.000113,0.000112,118,0.000064,0,39,0,0.000988
48025,Bee County,,TX,2134,26403,28537,10,8,18,1087,989,2076,6,0.328059,0.346076,1147.102161,0.002703,0.002064,118,0.000215,0,39,0.536364,0.024698
48027,Bell County,,TX,51444,328880,380324,179,186,365,32454,35532,67986,6,0.422064,0.464148,28775.683696,0.064561,0.065098,118,0.002009,0,39,0.312185,0.499431
48029,Bexar County,,TX,101358,1955523,2056881,380,330,710,97928,85264,183192,5,0.457986,0.509039,180621.133639,0.107213,0.098716,118,0.004521,0,39,0.176957,0.811793
48031,Blanco County,,TX,934,11344,12278,6,6,12,558,477,1035,6,0.317044,0.332614,0.798485,0.002438,0.001873,118,0.000134,0,39,0.809524,0.021985
48033,Borden County,,TX,72,650,722,0,0,0,0,0,0,0,0,0,0,0,0,110,0.00005,94,181,0,0
48035,Bosque County,,TX,1741,18821,20562,6,6,12,846,940,1786,6,0.320818,0.337459,1.402964,0.001735,0.002066,118,0.000139,0,39,0.738095,0.015317
48037,Bowie County,,TX,7489,99226,106715,25,25,50,4529,4517,9046,6,0.33674,0.358921,15472.689867,0.005851,0.006633,118,0.000502,0,39,0.363218,0.051007
48039,Brazoria County,,TX,24931,351745,376676,61,46,107,21217,18680,39897,6,0.367501,0.394907,1622.425786,0.021908,0.019731,118,0.000806,0,39,0.496394,0.181347
48041,Brazos County,,TX,16201,170638,186839,48,49,97,8619,10333,18952,6,0.362913,0.390585,2219.789054,0.014231,0.016681,118,0.00072,0,39,0.482456,0.121316
48043,Brewster County,,TX,1103,10124,11227,2,5,7,136,289,425,6,0.31158,0.32656,60.013148,0.000735,0.001564,118,0.000086,0,39,0.833333,0.006172
48045,Briscoe County,,TX,166,1720,1886,0,0,0,0,0,0,0,0,0,0,0,0,111,0.00005,95,182,0,0
48047,Brooks County,,TX,496,8044,8540,2,4,6,243,336,579,6,0.284549,0.296206,0,0.000199,0.000469,118,0.00008,0,39,1,0.001875
48049,Brown County,,TX,2886,39077,41963,18,18,36,1390,1448,2838,6,0.327661,0.347307,10522.672896,0.003805,0.004897,118,0.000443,0,39,0.47619,0.034342
48051,Burleson County,,TX,1322,19083,20405,6,4,10,853,632,1485,6,0.324576,0.341467,0.992857,0.001317,0.0011,118,0.000146,0,39,0.666667,0.012181
48053,Burnet County,,TX,4275,47499,51774,13,13,26,2590,2432,5022,6,0.333296,0.352737,58.567082,0.005456,0.006035,118,0.000232,0,39,0.736264,0.048828
48055,Caldwell County,,TX,3481,37760,41241,10,9,19,3258,2399,5657,6,0.328459,0.34661,2.46424,0.003627,0.003374,118,0.000197,0,39,0.9,0.032827
48057,Calhoun County,,TX,1657,23516,25173,9,7,16,848,875,1723,6,0.328023,0.345908,20.739593,0.003392,0.00217,118,0.000182,0,39,0.788889,0.030292
48059,Callahan County,,TX,1369,14231,15600,3,3,6,672,714,1386,7,0.267768,0.278401,0,0.000868,0.000165,118,0.000098,0,39,1,0.007453
48061,Cameron County,,TX,17451,442005,459456,43,48,91,8630,11422,20052,6,0.37418,0.401934,2180.045138,0.019671,0.02311,118,0.000557,0,39,0.628446,0.162357
48063,Camp County,,TX,1374,13272,14646,8,8,16,797,793,1590,6,0.316402,0.332237,80.658856,0.00095,0.0011,118,0.000177,0,39,0.75,0.008442
48065,Carson County,,TX,641,6590,7231,4,4,8,369,376,745,7,0.265135,0.275602,0,0.000199,0.000162,118,0.000141,0,39,1,0.00173
48067,Cass County,,TX,2554,32157,34711,11,14,25,1488,1691,3179,6,0.330473,0.349702,742.813378,0.001881,0.003038,118,0.000218,0,39,0.620879,0.016126
48069,Castro County,,TX,713,8625,9338,3,5,8,249,354,603,7,0.267793,0.279947,0.25,0.000251,0.000298,118,0.000103,0,39,0.9,0.002082
48071,Chambers County,,TX,4147,41518,45665,7,7,14,3693,3100,6793,6,0.324718,0.342029,0,0.001965,0.00231,118,0.000147,0,39,1,0.018513
48073,Cherokee County,,TX,3638,52756,56394,12,13,25,2206,2306,4512,6,0.332474,0.351726,4.328116,0.003501,0.004787,118,0.000203,0,39,0.851648,0.030982
48075,Childress County,,TX,466,6226,6692,1,0,1,46,0,46,0,0,0,0,0.000151,0,118,0.000067,0,36,0,0.001296
48077,Clay County,,TX,1022,11426,12448,4,3,7,762,613,1375,7,0.262134,0.27253,102.219733,0.000859,0.000127,118,0.000134,0,39,0.666667,0.007445
48079,Cochran County,,TX,339,3358,3697,2,2,4,114,184,298,7,0.263673,0.275116,0,0.000153,0.000141,118,0.000105,0,39,1,0.001393
48081,Coke County,,TX,307,3386,3693,1,1,2,94,90,184,6,0.263907,0.274317,0,0.000133,0.000103,118,0.000067,0,39,0,0.000941
48083,Coleman County,,TX,748,8957,9705,3,3,6,286,251,537,6,0.270529,0.281816,1.111111,0.000163,0.000261,118,0.000111,0,39,0.833333,0.001576
48085,Collin County,,TX,84489,946227,1030716,265,200,465,86613,72993,159606,5,0.428468,0.47032,48113.780142,0.091389,0.075034,118,0.002929,0,39,0.274052,0.68454
48087,Collingsworth County,,TX,256,3178,3434,0,0,0,0,0,0,0,0,0,0,0,0,112,0.00005,96,183,0,0
48089,Colorado County,,TX,1657,23886,25543,5,5,10,732,828,1560,6,0.324611,0.341636,1.45,0.001251,0.001447,118,0.000129,0,39,0.7,0.011548
48091,Comal County,,TX,14830,131412,146242,35,29,64,10673,11121,21794,6,0.34977,0.373957,481.983121,0.012627,0.012288,118,0.000544,0,39,0.614744,0.10864
48093,Comanche County,,TX,1116,14315,15431,6,4,10,451,435,886,6,0.315896,0.330933,95.887437,0.001586,0.000863,118,0.000152,0,39,0.733333,0.013592
48095,Concho County,,TX,252,2572,2824,1,1,2,57,70,127,6,0.263907,0.274317,0,0.000133,0.000103,118,0.000067,0,39,0,0.000941
48097,Cooke County,,TX,3473,43591,47064,10,9,19,2126,2124,4250,6,0.320714,0.337712,3143.124571,0.003496,0.003015,118,0.000238,0,39,0.633333,0.030925
48099,Coryell County,,TX,14192,64076,78268,45,45,90,8173,8565,16738,6,0.365328,0.39253,3277.893056,0.018669,0.018106,118,0.000544,0,39,0.595428,0.150473
48101,Cottle County,,TX,88,1639,1727,0,0,0,0,0,0,0,0,0,0,0,0,113,0.00005,97,184,0,0
48103,Crane County,,TX,388,4931,5319,1,2,3,112,179,291,7,0.261995,0.272446,0,0.000075,0.000259,118,0.000075,0,39,1,0.001023
48105,Crockett County,,TX,302,4345,4647,1,1,2,62,68,130,6,0.263907,0.274317,0,0.000133,0.000103,118,0.000067,0,39,0,0.000941
48107,Crosby County,,TX,568,6254,6822,1,1,2,251,273,524,7,0.263649,0.274947,0,0.000151,0.00014,118,0.000067,0,39,0,0.001296
48109,Culberson County,,TX,241,2527,2768,0,0,0,0,0,0,0,0,0,0,0,0,114,0.00005,98,185,0,0
48111,Dallam County,,TX,1096,7925,9021,4,4,8,415,442,857,7,0.265135,0.275602,43.215012,0.000201,0.000167,118,0.000144,0,39,0.75,0.001768
48113,Dallas County,,TX,191846,2740787,2932633,438,366,804,181833,174974,356807,5,0.462198,0.515987,286346.897775,0.11505,0.103461,118,0.005213,0,39,0.14437,0.863423
48115,Dawson County,,TX,1005,13077,14082,3,5,8,258,420,678,7,0.264025,0.276268,0.392857,0.00028,0.000421,118,0.000116,0,39,0.9,0.002903
48117,Deaf Smith County,,TX,1820,23312,25132,6,7,13,667,907,1574,7,0.268666,0.281431,16.833894,0.000405,0.000374,118,0.000148,0,39,0.619048,0.003504
48119,Delta County,,TX,473,4991,5464,4,3,7,274,205,479,7,0.257557,0.266932,0,0.000874,0.000082,118,0.000106,0,39,1,0.00749
48121,Denton County,,TX,73140,769354,842494,216,170,386,75823,62254,138077,5,0.424481,0.463294,37278.014409,0.076182,0.063286,118,0.002505,0,39,0.303241,0.584346
48123,DeWitt County,,TX,1663,20173,21836,7,4,11,923,867,1790,6,0.327878,0.345346,790.348743,0.002268,0.001801,118,0.000188,0,39,0.547619,0.020513
48125,Dickens County,,TX,183,2123,2306,0,1,1,0,44,44,7,0.263691,0.275023,0,0,0.00014,118,0.00005,0,186,0,0
48127,Dimmit County,,TX,737,10358,11095,4,2,6,379,223,602,6,0.314189,0.328668,32.969282,0.001621,0.000798,118,0.000124,0,39,0.666667,0.013932
48129,Donley County,,TX,261,3609,3870,1,1,2,63,45,108,7,0.262227,0.272199,0,0.000098,0.000067,118,0.000068,0,39,0,0.000676
48131,Duval County,,TX,1024,12158,13182,4,3,7,459,677,1136,7,0.271645,0.282589,0,0.001139,0.000229,118,0.000103,0,39,1,0.009906
48133,Eastland County,,TX,1583,18358,19941,8,10,18,518,746,1264,6,0.320818,0.337965,416.833507,0.000954,0.001955,118,0.000232,0,39,0.533333,0.008656
48135,Ector County,,TX,9444,157522,166966,55,34,89,9079,6086,15165,6,0.349853,0.375149,18859.44252,0.014722,0.010177,118,0.000996,0,39,0.336661,0.126224
48137,Edwards County,,TX,148,2136,2284,0,0,0,0,0,0,0,0,0,0,0,0,115,0.00005,99,187,0,0
48139,Ellis County,,TX,13679,174219,187898,25,29,54,10079,10085,20164,6,0.348906,0.372985,182.819397,0.010251,0.010788,118,0.000369,0,39,0.661932,0.088379
48141,El Paso County,,TX,50855,930286,981141,188,193,381,34017,37091,71108,5,0.429648,0.470675,55235.929153,0.068187,0.069376,5,0.002201,0,39,0.313889,0.529213
48143,Erath County,,TX,3219,36026,39245,13,18,31,1400,1657,3057,6,0.330915,0.350686,660.383053,0.00321,0.005581,118,0.000283,0,39,0.597368,0.028907
48145,Falls County,,TX,1515,15587,17102,6,5,11,766,921,1687,6,0.318886,0.334896,9.560555,0.002964,0.001504,118,0.00013,0,39,0.696429,0.025292
48147,Fannin County,,TX,2501,33338,35839,8,7,15,1728,1516,3244,6,0.320645,0.337291,1.405376,0.002672,0.003014,118,0.000159,0,39,0.910714,0.023596
48149,Fayette County,,TX,1546,28021,29567,8,8,16,766,785,1551,6,0.32511,0.342619,10.221134,0.001927,0.001878,118,0.000179,0,39,0.513889,0.018286
48151,Fisher County,,TX,249,3953,4202,1,1,2,76,58,134,7,0.241155,0.248022,0,0.000009,0.000003,118,0.000069,0,39,0,0.00011
48153,Floyd County,,TX,542,7065,7607,2,2,4,264,312,576,7,0.263696,0.275172,0,0.000166,0.000148,118,0.000086,0,39,1,0.001452
48155,Foard County,,TX,91,1276,1367,0,0,0,0,0,0,0,0,0,0,0,0,116,0.00005,100,188,0,0
48157,Fort Bend County,,TX,53899,695761,749660,151,103,254,61997,45627,107624,6,0.397933,0.432091,12800.610311,0.061349,0.045719,118,0.001709,0,39,0.420833,0.470898
48159,Franklin County,,TX,1130,10357,11487,5,5,10,662,579,1241,7,0.264803,0.275762,0.661111,0.000856,0.000183,118,0.000131,0,39,0.866667,0.007483
48161,Freestone County,,TX,1712,19580,21292,7,9,16,990,904,1894,6,0.329738,0.348044,9.171337,0.001739,0.003223,118,0.000149,0,39,0.733333,0.015018
48163,Frio County,,TX,985,15000,15985,4,4,8,490,501,991,6,0.314255,0.329005,166.167851,0.000774,0.000851,118,0.000152,0,39,0.583333,0.00682
48165,Gaines County,,TX,1147,19164,20311,6,6,12,534,529,1063,7,0.264072,0.276493,21.09969,0.000377,0.000458,118,0.000172,0,39,0.619048,0.004426
48167,Galveston County,,TX,25407,329014,354421,69,53,122,21469,18615,40084,6,0.372113,0.399741,2212.501389,0.027582,0.023234,118,0.000854,0,39,0.506827,0.222481
48169,Garza County,,TX,524,4669,5193,1,1,2,101,192,293,7,0.263649,0.274947,0,0.000151,0.00014,118,0.000067,0,39,0,0.001296
48171,Gillespie County,,TX,1881,30050,31931,7,6,13,856,750,1606,6,0.328386,0.346161,11.060702,0.002298,0.003044,118,0.00017,0,39,0.767857,0.020997
48173,Glasscock County,,TX,87,1536,1623,0,0,0,0,0,0,0,0,0,0,0,0,117,0.00005,101,189,0,0
48175,Goliad County,,TX,494,7500,7994,2,2,4,313,217,530,7,0.250232,0.258697,0.2,0.000067,0.000065,118,0.000089,0,39,0.666667,0.000786
48177,Gonzales County,,TX,1357,21648,23005,10,8,18,713,750,1463,6,0.328386,0.346442,9.721662,0.002615,0.002888,118,0.000211,0,39,0.733333,0.023949
48179,Gray County,,TX,1974,23930,25904,8,8,16,668,784,1452,6,0.317554,0.333901,6759.492037,0.001044,0.00125,118,0.000274,0,39,0.418182,0.009341
48181,Grayson County,,TX,8455,132911,141366,22,16,38,5937,5039,10976,6,0.335521,0.356166,342.135665,0.008066,0.006656,118,0.000349,0,39,0.576667,0.068434
48183,Gregg County,,TX,13740,139321,153061,33,39,72,9340,10368,19708,6,0.342023,0.367122,3523.123137,0.008208,0.010125,118,0.000507,0,39,0.444075,0.071821
48185,Grimes County,,TX,2444,26146,28590,8,7,15,1572,1684,3256,6,0.324682,0.341973,2.20119,0.001701,0.001506,118,0.000172,0,39,0.803571,0.015899
48187,Guadalupe County,,TX,15566,149699,165265,47,33,80,15550,11012,26562,6,0.359046,0.384092,749.538883,0.017575,0.015319,118,0.000683,0,39,0.590986,0.147029
48189,Hale County,,TX,3028,38056,41084,8,10,18,1309,1519,2828,6,0.322003,0.339696,1193.045461,0.001104,0.002097,118,0.000223,0,39,0.445455,0.009615
48191,Hall County,,TX,417,3276,3693,1,2,3,60,90,150,7,0.265063,0.275208,0,0.000084,0.000147,118,0.000067,0,39,1,0.000756
48193,Hamilton County,,TX,855,8732,9587,3,3,6,316,246,562,7,0.268132,0.278705,0.882226,0.000903,0.000173,118,0.000085,0,39,0.666667,0.007621
48195,Hansford County,,TX,380,6450,6830,1,1,2,52,57,109,8,0.207851,0.212947,0,0.000001,0.000001,118,0.000094,0,39,0,0.000095
48197,Hardeman County,,TX,370,4289,4659,1,1,2,56,85,141,7,0.240431,0.246949,0,0.000007,0.000012,118,0.000099,0,39,0,0.000178
48199,Hardin County,,TX,4767,60660,65427,9,12,21,3091,3127,6218,6,0.335597,0.35507,36.273125,0.001618,0.003502,118,0.00017,0,39,0.641026,0.01486
48201,Harris County,,TX,239694,4716372,4956066,584,481,1065,232461,215451,447912,5,0.48024,0.54235,616471.990448,0.128294,0.115238,118,0.007133,0,39,0.09934,0.963963
48203,Harrison County,,TX,6918,72441,79359,15,17,32,4437,4719,9156,6,0.333109,0.353019,1471.497367,0.004103,0.006283,118,0.000258,0,39,0.663399,0.036405
48205,Hartley County,,TX,766,4565,5331,2,3,5,338,380,718,7,0.262297,0.272592,0,0.00002,0.000088,118,0.000108,0,39,1,0.00035
48207,Haskell County,,TX,549,5644,6193,3,3,6,185,214,399,7,0.267672,0.278176,2965.5,0.000133,0.000131,118,0.00014,0,39,0.5,0.001313
48209,Hays County,,TX,17362,166480,183842,45,37,82,16081,13116,29197,6,0.352808,0.378791,657.510066,0.017611,0.01501,118,0.000639,0,39,0.663768,0.147823
48211,Hemphill County,,TX,374,4753,5127,0,1,1,0,57,57,7,0.241079,0.247944,0,0,0.000008,118,0.00005,0,190,0,0
48213,Henderson County,,TX,6892,78758,85650,21,18,39,4802,4488,9290,6,0.333408,0.353496,28.909534,0.005518,0.006361,118,0.000318,0,39,0.636364,0.049111
48215,Hidalgo County,,TX,25925,815434,841359,81,76,157,14917,16540,31457,5,0.386571,0.417274,20587.259723,0.032443,0.028577,118,0.001037,0,39,0.397204,0.260447
48217,Hill County,,TX,3374,36813,40187,15,12,27,2253,2086,4339,6,0.33173,0.350742,50.018797,0.006691,0.004657,118,0.000237,0,39,0.725,0.055557
48219,Hockley County,,TX,1968,24442,26410,5,5,10,979,1066,2045,7,0.263931,0.276072,9.180976,0.00017,0.000294,118,0.000225,0,39,0.433333,0.001733
48221,Hood County,,TX,5205,57069,62274,17,14,31,3420,3120,6540,6,0.333483,0.353243,100.579746,0.005124,0.005806,118,0.000312,0,39,0.744737,0.046462
48223,Hopkins County,,TX,2592,38153,40745,13,13,26,1499,1428,2927,6,0.330178,0.349056,1121.258381,0.002813,0.004081,118,0.000257,0,39,0.620879,0.025186
48225,Houston County,,TX,1513,20748,22261,6,7,13,735,747,1482,6,0.32835,0.345936,8.381725,0.001778,0.00228,118,0.000127,0,39,0.761905,0.015235
48227,Howard County,,TX,2306,32029,34335,12,11,23,1108,923,2031,6,0.326075,0.344778,5727.790262,0.00257,0.003082,118,0.000317,0,39,0.576923,0.022343
48229,Hudspeth County,,TX,470,3424,3894,1,1,2,152,229,381,6,0.300558,0.313064,0,0.000513,0.000504,5,0.00006,0,39,0,0.003906
48231,Hunt County,,TX,8233,89236,97469,18,24,42,5762,5910,11672,6,0.335028,0.356363,3964.34732,0.004582,0.0064,118,0.000323,0,39,0.485,0.040518
48233,Hutchinson County,,TX,1882,24495,26377,6,6,12,646,749,1395,6,0.325431,0.342889,254.450663,0.000938,0.001124,118,0.000184,0,39,0.714286,0.008098
48235,Irion County,,TX,203,1781,1984,1,1,2,65,89,154,6,0.263907,0.274317,0,0.000133,0.000103,118,0.000067,0,39,0,0.000941
48237,Jack County,,TX,793,8419,9212,5,5,10,391,337,728,6,0.315862,0.330989,1.44527,0.000847,0.000939,118,0.000145,0,39,0.75,0.007666
48239,Jackson County,,TX,939,16256,17195,5,5,10,650,469,1119,6,0.324682,0.341748,0.333333,0.000975,0.001055,118,0.000133,0,39,0.9,0.008719
48241,Jasper County,,TX,3239,37196,40435,8,12,20,1694,2220,3914,6,0.328023,0.346481,29.808691,0.001156,0.002617,118,0.000185,0,39,0.621212,0.010268
48243,Jeff Davis County,,TX,257,2335,2592,0,0,0,0,0,0,0,0,0,0,0,0,119,0.00005,102,191,0,0
48245,Jefferson County,,TX,18278,266084,284362,56,53,109,11185,13324,24509,6,0.367319,0.395312,2946.621887,0.020705,0.019973,118,0.000731,0,39,0.462028,0.169286
48247,Jim Hogg County,,TX,335,5369,5704,2,1,3,119,49,168,7,0.259837,0.26871,0.208333,0.000123,0.0001,118,0.000079,0,39,0,0.001105
48249,Jim Wells County,,TX,3237,46194,49431,9,10,19,2039,2251,4290,6,0.328823,0.347246,544.673714,0.002236,0.003071,118,0.000184,0,39,0.645455,0.019376
48251,Johnson County,,TX,14189,169866,184055,32,30,62,11263,10320,21583,6,0.345571,0.370191,597.462075,0.01073,0.010368,118,0.00051,0,39,0.59175,0.093026
48253,Jones County,,TX,1643,16310,17953,3,3,6,810,784,1594,6,0.316132,0.331158,116.862842,0.000135,0.000935,118,0.000125,0,39,0.583333,0.001343
48255,Karnes County,,TX,904,13528,14432,4,4,8,390,406,796,6,0.314289,0.329061,1.144444,0.001612,0.00085,118,0.000122,0,39,0.65,0.014022
48257,Kaufman County,,TX,10863,119514,130377,16,17,33,9504,8161,17665,6,0.332996,0.352822,19.490195,0.004965,0.005966,118,0.000259,0,39,0.751462,0.044327
48259,Kendall County,,TX,4197,41566,45763,14,11,25,3491,2798,6289,6,0.331396,0.350219,57.725209,0.00604,0.004255,118,0.000265,0,39,0.780952,0.053638
48261,Kenedy County,,TX,63,401,464,0,0,0,0,0,0,0,0,0,0,0,0,120,0.00005,103,192,0,0
48263,Kent County,,TX,59,897,956,0,0,0,0,0,0,0,0,0,0,0,0,121,0.00005,104,193,0,0
48265,Kerr County,,TX,4155,55596,59751,17,14,31,2163,1860,4023,6,0.333934,0.35389,8955.587085,0.00606,0.005255,118,0.000392,0,39,0.555263,0.053394
48267,Kimble County,,TX,335,4836,5171,1,1,2,51,46,97,7,0.250359,0.258314,0,0.000039,0.000045,118,0.000074,0,39,0,0.000468
48269,King County,,TX,-2,287,285,0,0,0,0,0,0,0,0,0,0,0,0,122,0.00005,105,194,0,0
48271,Kinney County,,TX,306,3346,3652,1,2,3,52,114,166,6,0.314289,0.328836,0,0.000052,0.000831,118,0.000061,0,39,1,0.000403
48273,Kleberg County,,TX,3297,31540,34837,10,13,23,1326,1871,3197,6,0.333972,0.353255,882.532375,0.002414,0.004844,118,0.000198,0,39,0.483333,0.021046
48275,Knox County,,TX,368,3858,4226,1,2,3,75,95,170,7,0.267648,0.278008,0,0.000001,0.000131,118,0.00009,0,39,1,0.000091
48277,Lamar County,,TX,3181,53017,56198,14,16,30,1673,1561,3234,6,0.339828,0.360444,2663.064388,0.003683,0.004256,118,0.000292,0,39,0.529412,0.032874
48279,Lamb County,,TX,1370,14980,16350,4,4,8,491,682,1173,7,0.263767,0.275566,2.958333,0.00017,0.000151,118,0.000151,0,39,0.583333,0.001648
48281,Lampasas County,,TX,2334,22365,24699,6,6,12,1374,1174,2548,6,0.32061,0.336897,0.284722,0.00244,0.002674,118,0.000126,0,39,0.952381,0.021985
48283,La Salle County,,TX,403,5593,5996,3,2,5,204,111,315,7,0.259905,0.268991,2.415909,0.000824,0.000105,118,0.00011,0,39,0.666667,0.007071
48285,Lavaca County,,TX,1307,22931,24238,6,7,13,855,760,1615,6,0.325145,0.342563,6.012703,0.001682,0.0023,118,0.000172,0,39,0.732143,0.014718
48287,Lee County,,TX,1279,18449,19728,6,7,13,605,615,1220,6,0.325181,0.342563,2.522899,0.00197,0.002338,118,0.000134,0,39,0.714286,0.018357
48289,Leon County,,TX,1667,19292,20959,8,8,16,726,827,1553,6,0.328386,0.346105,22.050862,0.001402,0.002344,118,0.00017,0,39,0.611111,0.012656
48291,Liberty County,,TX,6770,75045,81815,14,15,29,5561,5181,10742,6,0.33281,0.352485,79.447413,0.002172,0.004874,118,0.000245,0,39,0.555556,0.020432
48293,Limestone County,,TX,2028,23724,25752,10,9,19,1191,1211,2402,6,0.331248,0.349815,50.607133,0.002603,0.003329,118,0.000204,0,39,0.609091,0.02301
48295,Lipscomb County,,TX,266,3759,4025,1,0,1,56,0,56,0,0,0,0,0.000001,0,118,0.000094,0,34,0,0.000095
48297,Live Oak County,,TX,786,9830,10616,6,5,11,811,387,1198,6,0.314422,0.329399,0.819048,0.001851,0.001092,118,0.000142,0,39,0.809524,0.016181
48299,Llano County,,TX,1774,18334,20108,6,6,12,1154,880,2034,6,0.32835,0.346105,2.500232,0.003319,0.003012,118,0.00013,0,39,0.880952,0.029712
48301,Loving County,,TX,-2,67,65,0,0,0,0,0,0,0,0,0,0,0,0,123,0.00005,106,195,0,0
48303,Lubbock County,,TX,19210,291479,310689,80,79,159,12776,12763,25539,6,0.358005,0.389865,79314.532262,0.018971,0.020423,118,0.001554,0,39,0.272004,0.160821
48305,Lynn County,,TX,628,6362,6990,1,1,2,222,287,509,7,0.263649,0.274947,0,0.000151,0.00014,118,0.000067,0,39,0,0.001296
48307,McCulloch County,,TX,734,8918,9652,1,2,3,57,132,189,6,0.264095,0.274879,0,0.000036,0.000131,118,0.000071,0,39,1,0.000339
48309,McLennan County,,TX,15139,253758,268897,53,50,103,9225,9559,18784,6,0.356713,0.384379,1456.742988,0.019539,0.015937,118,0.000734,0,39,0.47495,0.162084
48311,McMullen County,,TX,81,932,1013,0,0,0,0,0,0,0,0,0,0,0,0,124,0.00005,107,196,0,0
48313,Madison County,,TX,969,12311,13280,6,5,11,546,487,1033,6,0.324647,0.341692,0.693478,0.001331,0.001106,118,0.000141,0,39,0.9,0.012117
48315,Marion County,,TX,1147,9569,10716,4,4,8,697,673,1370,7,0.255032,0.265009,0,0.00017,0.000125,118,0.000103,0,39,1,0.001444
48317,Martin County,,TX,465,5249,5714,3,2,5,318,257,575,7,0.261672,0.272008,0,0.000204,0.000169,118,0.000125,0,39,1,0.00263
48319,Mason County,,TX,256,4499,4755,0,0,0,0,0,0,0,0,0,0,0,0,125,0.00005,108,197,0,0
48321,Matagorda County,,TX,2645,40212,42857,9,11,20,1226,1585,2811,6,0.328495,0.346948,16.810571,0.002338,0.00383,118,0.000195,0,39,0.75,0.021339
48323,Maverick County,,TX,3098,69108,72206,9,10,19,1143,1585,2728,6,0.332959,0.352007,23.150408,0.003803,0.004598,118,0.000158,0,39,0.681818,0.032627
48325,Medina County,,TX,3789,46917,50706,8,9,17,2527,2554,5081,6,0.328459,0.346667,90.369014,0.003065,0.002931,118,0.000187,0,39,0.618182,0.027233
48327,Menard County,,TX,218,2239,2457,0,0,0,0,0,0,0,0,0,0,0,0,126,0.00005,109,198,0,0
48329,Midland County,,TX,13273,160837,174110,78,47,125,11302,8933,20235,6,0.354284,0.381827,29560.988558,0.020261,0.014391,118,0.001376,0,39,0.30548,0.17092
48331,Milam County,,TX,1951,25977,27928,8,7,15,919,1046,1965,6,0.326686,0.34439,9.721632,0.002522,0.002776,118,0.000177,0,39,0.638889,0.022994
48333,Mills County,,TX,366,5059,5425,1,1,2,51,84,135,7,0.246816,0.254666,0,0.000036,0.000028,118,0.000071,0,39,0,0.000339
48335,Mitchell County,,TX,500,7592,8092,2,2,4,106,100,206,7,0.245997,0.253834,0.311111,0.000027,0.000028,118,0.000096,0,39,0.5,0.000405
48337,Montague County,,TX,1669,21476,23145,7,7,14,736,846,1582,6,0.320541,0.337234,317.660779,0.001924,0.002389,118,0.000178,0,39,0.75,0.017279
48339,Montgomery County,,TX,40594,520709,561303,141,94,235,42783,31709,74492,6,0.381891,0.415717,12786.846644,0.050504,0.03716,118,0.001721,0,39,0.364415,0.401956
48341,Moore County,,TX,2522,25970,28492,12,10,22,1020,1146,2166,6,0.322668,0.340596,7189.504244,0.002644,0.002476,118,0.000324,0,39,0.457143,0.022473
48343,Morris County,,TX,1430,13777,15207,7,7,14,790,826,1616,6,0.316537,0.33235,3.258233,0.000967,0.001009,118,0.000155,0,39,0.880952,0.008435
48345,Motley County,,TX,119,1158,1277,0,0,0,0,0,0,0,0,0,0,0,0,127,0.00005,110,199,0,0
48347,Nacogdoches County,,TX,5199,61845,67044,17,23,40,2468,3223,5691,6,0.333258,0.35389,1194.432988,0.004807,0.007568,118,0.000286,0,39,0.646739,0.042979
48349,Navarro County,,TX,3930,52390,56320,13,14,27,2281,2338,4619,6,0.332735,0.352147,19.865429,0.004289,0.005889,118,0.000222,0,39,0.785714,0.037537
48351,Newton County,,TX,1040,11517,12557,5,3,8,1083,589,1672,6,0.32454,0.341298,0,0.001093,0.000994,118,0.000111,0,39,1,0.009485
48353,Nolan County,,TX,1519,16439,17958,5,8,13,359,684,1043,6,0.317758,0.334221,5983.353153,0.000413,0.001215,118,0.00018,0,39,0.482143,0.003615
48355,Nueces County,,TX,22510,369642,392152,81,69,150,16583,15856,32439,6,0.372722,0.402895,14698.009246,0.026327,0.0238,118,0.001145,0,39,0.395381,0.214364
48357,Ochiltree County,,TX,828,12115,12943,4,4,8,216,215,431,7,0.262366,0.272873,8897.121538,0.000186,0.000075,118,0.000206,0,39,0.333333,0.001688
48359,Oldham County,,TX,216,2237,2453,2,1,3,129,68,197,7,0.262227,0.272199,0,0.000182,0.000067,118,0.000085,0,39,1,0.001431
48361,Orange County,,TX,5962,93119,99081,13,17,30,3580,3928,7508,6,0.340023,0.361102,141.050458,0.005085,0.006538,118,0.000228,0,39,0.676471,0.044017
48363,Palo Pinto County,,TX,2528,28994,31522,10,9,19,1478,1432,2910,6,0.320402,0.337234,84.769156,0.002985,0.001909,118,0.000221,0,39,0.643939,0.026314
48365,Panola County,,TX,1997,26576,28573,9,9,18,1016,1063,2079,6,0.328678,0.346639,5.136939,0.002083,0.002206,118,0.000166,0,39,0.805556,0.017967
48367,Parker County,,TX,11844,130841,142685,28,25,53,10099,8273,18372,6,0.336549,0.358612,643.185089,0.009865,0.008092,118,0.000469,0,39,0.605747,0.086669
48369,Parmer County,,TX,1178,12180,13358,4,6,10,536,618,1154,7,0.268618,0.281206,13.56366,0.000156,0.000356,118,0.000123,0,39,0.733333,0.001551
48371,Pecos County,,TX,1312,15344,16656,4,5,9,316,525,841,6,0.316132,0.331759,0,0.000827,0.001657,118,0.000126,0,39,1,0.007228
48373,Polk County,,TX,5550,55256,60806,19,23,42,2499,2741,5240,6,0.344567,0.367105,377.019297,0.00623,0.007687,118,0.000306,0,39,0.545,0.05528
48375,Potter County,,TX,14316,125392,139708,34,34,68,9716,10449,20165,6,0.358178,0.383862,31468.614715,0.010789,0.011393,118,0.000687,0,39,0.347436,0.091128
48377,Presidio County,,TX,1190,10822,12012,3,4,7,263,733,996,6,0.301076,0.3143,9.213699,0.000193,0.000768,118,0.000115,0,39,0.75,0.002504
48379,Rains County,,TX,1089,10329,11418,5,5,10,591,514,1105,6,0.316402,0.331844,0.111111,0.001428,0.000962,118,0.000119,0,39,0.933333,0.012552
48381,Randall County,,TX,14547,137230,151777,36,41,77,10540,10530,21070,6,0.355388,0.382254,42102.312206,0.009094,0.013196,118,0.000869,0,39,0.369565,0.079181
48383,Reagan County,,TX,311,3998,4309,2,1,3,106,80,186,6,0.263907,0.274317,0,0.000184,0.000103,118,0.000077,0,39,1,0.001344
48385,Real County,,TX,333,3475,3808,1,1,2,59,52,111,7,0.250401,0.258399,0,0.000027,0.000045,118,0.000063,0,39,0.5,0.000199
48387,Red River County,,TX,966,13189,14155,5,3,8,564,416,980,7,0.258568,0.268331,0.264286,0.001595,0.000085,118,0.000124,0,39,0.95,0.013681
48389,Reeves County,,TX,765,11699,12464,4,3,7,315,315,630,7,0.262018,0.272615,14.977338,0.000697,0.000261,118,0.000143,0,39,0.833333,0.0064
48391,Refugio County,,TX,622,8399,9021,3,4,7,185,304,489,7,0.271794,0.283039,0.066667,0.000283,0.000318,118,0.000095,0,39,0.916667,0.002726
48393,Roberts County,,TX,90,973,1063,0,0,0,0,0,0,0,0,0,0,0,0,128,0.00005,111,200,0,0
48395,Robertson County,,TX,1547,18082,19629,5,5,10,801,838,1639,6,0.324647,0.341692,12.897838,0.001714,0.001465,118,0.000124,0,39,0.642857,0.015957
48397,Rockwall County,,TX,11314,93819,105133,15,17,32,7161,7136,14297,6,0.335256,0.355942,41.250758,0.007133,0.006764,118,0.000232,0,39,0.792105,0.061474
48399,Runnels County,,TX,890,11522,12412,2,3,5,250,401,651,6,0.270455,0.281647,3.66032,0.000258,0.000234,118,0.000083,0,39,0.833333,0.002083
48401,Rusk County,,TX,4613,54045,58658,13,12,25,3533,3266,6799,6,0.329884,0.348606,10.39519,0.00337,0.003479,118,0.000218,0,39,0.714286,0.029268
48403,Sabine County,,TX,931,10724,11655,5,4,9,475,320,795,6,0.324576,0.341467,235.166053,0.001075,0.001117,118,0.000127,0,39,0.75,0.009519
48405,San Augustine County,,TX,779,8597,9376,5,4,9,373,465,838,7,0.250634,0.259551,1.809524,0.000987,0.0001,118,0.00013,0,39,0.75,0.008648
48407,San Jacinto County,,TX,2426,23925,26351,6,6,12,2231,1674,3905,6,0.324754,0.341945,0.490909,0.001444,0.001423,118,0.000128,0,39,0.904762,0.013178
48409,San Patricio County,,TX,7069,75438,82507,22,21,43,4437,4747,9184,6,0.339322,0.361388,1217.192924,0.007459,0.007484,118,0.000368,0,39,0.648148,0.064245
48411,San Saba County,,TX,360,6219,6579,0,0,0,0,0,0,0,0,0,0,0,0,129,0.00005,112,201,0,0
48413,Schleicher County,,TX,243,3321,3564,0,1,1,0,101,101,6,0.263949,0.274393,0,0,0.000103,118,0.00005,0,202,0,0
48415,Scurry County,,TX,1263,17523,18786,6,7,13,361,511,872,7,0.270406,0.283275,1254.344686,0.001183,0.000551,118,0.000172,0,39,0.680556,0.010085
48417,Shackelford County,,TX,322,3728,4050,1,2,3,67,97,164,7,0.267672,0.278064,2.099651,0.000125,0.000136,118,0.000066,0,39,0.5,0.001142
48419,Shelby County,,TX,1584,27999,29583,8,9,17,1007,820,1827,6,0.328096,0.346228,541.693499,0.001772,0.002106,118,0.00018,0,39,0.627273,0.015628
48421,Sherman County,,TX,250,2882,3132,0,1,1,0,59,59,7,0.244015,0.251417,0,0,0.00002,118,0.00005,0,203,0,0
48423,Smith County,,TX,16451,236615,253066,55,52,107,11431,11551,22982,6,0.359656,0.387589,4106.403739,0.015229,0.01534,118,0.000784,0,39,0.411162,0.128122
48425,Somervell County,,TX,822,9160,9982,5,5,10,447,407,854,6,0.320264,0.33656,0.761111,0.000949,0.001785,118,0.000125,0,39,0.857143,0.008356
48427,Starr County,,TX,2750,69742,72492,5,9,14,1183,1922,3105,6,0.33147,0.349899,549.659389,0.002001,0.003433,118,0.000118,0,39,0.791667,0.017219
48429,Stephens County,,TX,669,9333,10002,4,3,7,177,220,397,7,0.267793,0.278457,6.410354,0.000751,0.000149,118,0.000139,0,39,0.5,0.006587
48431,Sterling County,,TX,89,1330,1419,0,0,0,0,0,0,0,0,0,0,0,0,130,0.00005,113,204,0,0
48433,Stonewall County,,TX,111,1634,1745,0,0,0,0,0,0,0,0,0,0,0,0,131,0.00005,114,205,0,0
48435,Sutton County,,TX,432,4819,5251,2,1,3,95,93,188,6,0.263907,0.274317,0,0.000184,0.000103,118,0.000077,0,39,1,0.001344
48437,Swisher County,,TX,656,7918,8574,3,4,7,279,378,657,7,0.267768,0.279778,0,0.000197,0.000295,118,0.000104,0,39,1,0.001588
48439,Tarrant County,,TX,134557,2131709,2266266,397,353,750,128696,118069,246765,5,0.461263,0.513766,254149.623484,0.108819,0.098502,118,0.004772,0,39,0.153381,0.820247
48441,Taylor County,,TX,13622,143304,156926,53,49,102,6490,7577,14067,6,0.365328,0.393412,38946.174482,0.017587,0.016967,118,0.00093,0,39,0.405077,0.144406
48443,Terrell County,,TX,156,911,1067,0,0,0,0,0,0,0,0,0,0,0,0,132,0.00005,115,206,0,0
48445,Terry County,,TX,972,12439,13411,4,2,6,378,389,767,7,0.263673,0.275116,1,0.00016,0.000141,118,0.000145,0,39,0.666667,0.001606
48447,Throckmorton County,,TX,93,1738,1831,0,0,0,0,0,0,0,0,0,0,0,0,133,0.00005,116,207,0,0
48449,Titus County,,TX,2512,35714,38226,14,14,28,1434,1429,2863,6,0.330141,0.349224,947.073661,0.001905,0.002935,118,0.000283,0,39,0.566667,0.016861
48451,Tom Green County,,TX,10295,121454,131749,46,54,100,5188,5564,10752,5,0.358481,0.387105,47813.5639,0.013877,0.017954,118,0.001058,0,39,0.358276,0.116382
48453,Travis County,,TX,97841,1161297,1259138,351,239,590,115937,85342,201279,5,0.440827,0.484755,92895.729509,0.108226,0.082566,118,0.003941,0,39,0.216589,0.814347
48455,Trinity County,,TX,1504,13830,15334,7,7,14,783,894,1677,6,0.324789,0.342114,1.913803,0.001319,0.00147,118,0.000146,0,39,0.767857,0.012101
48457,Tyler County,,TX,1530,19172,20702,7,7,14,835,898,1733,6,0.324754,0.342057,1.202308,0.001205,0.001585,118,0.000135,0,39,0.785714,0.010452
48459,Upshur County,,TX,4289,39433,43722,14,14,28,3004,3072,6076,6,0.330031,0.349028,1047.792865,0.002728,0.003578,118,0.00026,0,39,0.614286,0.023884
48461,Upton County,,TX,291,3535,3826,0,2,2,0,123,123,7,0.262037,0.272523,0,0,0.000259,118,0.00005,0,208,1,0
48463,Uvalde County,,TX,2024,30169,32193,6,10,16,635,975,1610,6,0.331544,0.350096,3058.374506,0.001854,0.003687,118,0.000153,0,39,0.545455,0.016168
48465,Val Verde County,,TX,4356,55512,59868,12,19,31,1204,1890,3094,6,0.346662,0.369438,4769.423797,0.005166,0.006998,118,0.00023,0,39,0.592857,0.044866
48467,Van Zandt County,,TX,4361,54289,58650,14,13,27,3054,2900,5954,6,0.330141,0.349028,27.278697,0.003861,0.004227,118,0.000233,0,39,0.766667,0.034102
48469,Victoria County,,TX,6124,101091,107215,28,29,57,4050,4239,8289,6,0.333671,0.355155,5092.327814,0.006505,0.007064,118,0.00053,0,39,0.491935,0.059299
48471,Walker County,,TX,5442,51300,56742,15,22,37,3153,3961,7114,6,0.333633,0.354255,136.765622,0.003987,0.00722,118,0.000279,0,39,0.564935,0.036604
48473,Waller County,,TX,4170,40887,45057,7,9,16,4228,3088,7316,6,0.328423,0.346273,8.057455,0.001649,0.002989,118,0.000158,0,39,0.805556,0.015596
48475,Ward County,,TX,979,11721,12700,5,5,10,349,440,789,6,0.26623,0.278134,19.524445,0.000336,0.000368,118,0.000195,0,39,0.666667,0.003903
48477,Washington County,,TX,2312,37882,40194,12,12,24,1454,1462,2916,6,0.328896,0.347201,58.469694,0.003766,0.004008,118,0.000243,0,39,0.608974,0.034559
48479,Webb County,,TX,8359,295423,303782,31,27,58,4603,5230,9833,6,0.351012,0.374429,12060.155572,0.013463,0.01186,118,0.000496,0,39,0.556349,0.10899
48481,Wharton County,,TX,2703,48388,51091,10,10,20,1617,1862,3479,6,0.328568,0.346892,23.321535,0.002241,0.003652,118,0.00021,0,39,0.636364,0.021261
48483,Wheeler County,,TX,421,6275,6696,1,2,3,50,82,132,7,0.26379,0.273533,0,0.000009,0.000087,118,0.000079,0,39,1,0.000156
48485,Wichita County,,TX,10277,131871,142148,39,42,81,4658,5417,10075,6,0.355047,0.382175,19514.986438,0.015134,0.01523,118,0.000681,0,39,0.437143,0.12447
48487,Wilbarger County,,TX,1145,14252,15397,4,3,7,348,363,711,6,0.316503,0.331844,5929,0.001605,0.000962,118,0.000172,0,39,0.5,0.013742
48489,Willacy County,,TX,1113,20862,21975,2,3,5,506,669,1175,6,0.314789,0.329528,0,0.000382,0.001178,118,0.000072,0,39,1,0.003201
48491,Williamson County,,TX,47990,503303,551293,145,106,251,48735,38616,87351,6,0.394125,0.428938,12014.814643,0.056006,0.043083,118,0.001763,0,39,0.399845,0.438133
48493,Wilson County,,TX,3559,47225,50784,9,7,16,2779,2276,5055,6,0.317146,0.332895,10.026619,0.002811,0.002052,118,0.000199,0,39,0.736111,0.02568
48495,Winkler County,,TX,615,7681,8296,3,3,6,228,265,493,7,0.262018,0.272615,0,0.000184,0.000261,118,0.000133,0,39,1,0.002493
48497,Wise County,,TX,5516,66119,71635,13,13,26,4184,3481,7665,6,0.33281,0.352232,136.778065,0.00372,0.005091,118,0.000264,0,39,0.654167,0.033266
48499,Wood County,,TX,3386,43672,47058,17,16,33,2628,2130,4758,6,0.330252,0.349533,484.045142,0.003819,0.004219,118,0.000301,0,39,0.628676,0.033891
48501,Yoakum County,,TX,764,9547,10311,3,6,9,245,443,688,7,0.264072,0.276493,0.622655,0.000192,0.000459,118,0.000111,0,39,0.766667,0.001964
48503,Young County,,TX,1348,20755,22103,7,6,13,463,437,900,6,0.316064,0.331411,498.070043,0.001674,0.000951,118,0.000205,0,39,0.464286,0.014734
48505,Zapata County,,TX,688,14493,15181,2,3,5,180,267,447,6,0.279111,0.290124,0.666667,0.000113,0.000354,118,0.000077,0,39,0.833333,0.001073
48507,Zavala County,,TX,809,11826,12635,3,3,6,312,380,692,6,0.314255,0.328893,1.25,0.000763,0.000818,118,0.000128,0,39,0.666667,0.006452
49001,Beaver County,,UT,547,7573,8120,2,1,3,147,107,254,7,0.252426,0.26049,0,0.000113,0.00005,5,0.00008,0,39,1,0.001219
49003,Box Elder County,,UT,4041,59103,63144,8,6,14,2495,2402,4897,6,0.301413,0.314682,413.139659,0.002122,0.00121,5,0.00015,0,39,0.75,0.016685
49005,Cache County,,UT,9736,122970,132706,25,28,53,4471,5902,10373,6,0.347637,0.3719,8900.908253,0.00591,0.008322,5,0.000397,0,39,0.426891,0.047494
49007,Carbon County,,UT,1679,22398,24077,5,6,11,671,748,1419,6,0.301352,0.31457,21.040952,0.001888,0.001082,5,0.000108,0,39,0.809524,0.014567
49009,Daggett County,,UT,148,1033,1181,0,0,0,0,0,0,0,0,0,0,0,0,134,0.00005,117,209,0,0
49011,Davis County,,UT,28279,363474,391753,56,65,121,21349,21744,43093,6,0.365013,0.394997,5588.966447,0.022058,0.025097,5,0.000717,0,39,0.498239,0.175885
49013,Duchesne County,,UT,1661,20416,22077,5,6,11,929,1057,1986,6,0.323408,0.339674,6.398481,0.001893,0.001961,5,0.00011,0,39,0.966667,0.014726
49015,Emery County,,UT,845,12009,12854,3,4,7,326,430,756,6,0.300924,0.313839,0,0.000854,0.000903,5,0.000086,0,39,0.916667,0.00654
49017,Garfield County,,UT,468,5476,5944,2,2,4,86,162,248,7,0.256067,0.265206,0,0.000376,0.000135,5,0.000074,0,39,1,0.002706
49019,Grand County,,UT,1200,11284,12484,2,4,6,173,352,525,6,0.301628,0.314767,1.23419,0.000512,0.000903,5,0.000078,0,39,0.833333,0.004256
49021,Iron County,,UT,4703,45092,49795,17,19,36,2507,2900,5407,6,0.337622,0.358207,5833.635333,0.006814,0.004804,5,0.000315,0,39,0.51581,0.05324
49023,Juab County,,UT,718,11209,11927,3,2,5,446,369,815,6,0.300771,0.313333,0,0.000923,0.000804,5,0.000086,0,39,1,0.007108
49025,Kane County,,UT,781,7344,8125,4,5,9,325,350,675,6,0.323443,0.339618,0.083333,0.00107,0.001649,5,0.0001,0,39,0.95,0.008779
49027,Millard County,,UT,852,14479,15331,5,3,8,318,318,636,6,0.300893,0.313671,0,0.000972,0.000889,5,0.000113,0,39,1,0.00776
49029,Morgan County,,UT,751,11656,12407,3,3,6,657,437,1094,6,0.300314,0.312951,0,0.000793,0.000812,5,0.000082,0,39,1,0.006445
49031,Piute County,,UT,57,1502,1559,0,0,0,0,0,0,0,0,0,0,0,0,135,0.00005,118,210,0,0
49033,Rich County,,UT,236,2336,2572,1,0,1,45,0,45,0,0,0,0,0.000062,0,5,0.000062,0,13,0,0.000441
49035,Salt Lake County,,UT,66963,1258767,1325730,205,195,400,53740,55413,109153,5,0.428283,0.46896,85293.852916,0.072181,0.068332,5,0.002409,0,39,0.311214,0.557744
49037,San Juan County,,UT,1223,10771,11994,6,6,12,624,675,1299,6,0.301444,0.314907,10.431212,0.001003,0.000954,5,0.000124,0,39,0.533333,0.007875
49039,Sanpete County,,UT,2043,26635,28678,8,8,16,984,1285,2269,6,0.301474,0.31502,1.224603,0.001321,0.001183,5,0.000146,0,39,0.847222,0.010529
49041,Sevier County,,UT,1483,22330,23813,6,8,14,732,793,1525,6,0.323549,0.340124,35.726109,0.001817,0.001884,5,0.000125,0,39,0.821429,0.014465
49043,Summit County,,UT,4776,50330,55106,13,12,25,3038,2618,5656,6,0.340687,0.360838,133.71397,0.00715,0.006445,5,0.000192,0,39,0.858974,0.056441
49045,Tooele County,,UT,5354,66543,71897,10,10,20,3629,3127,6756,6,0.335293,0.354379,18.398835,0.003113,0.003206,5,0.000176,0,39,0.763636,0.025248
49047,Uintah County,,UT,2800,35106,37906,15,10,25,2200,1366,3566,6,0.303822,0.318235,149.776019,0.003272,0.00156,5,0.000244,0,39,0.509804,0.026819
49049,Utah County,,UT,38794,572232,611026,107,120,227,27746,30207,57953,5,0.403346,0.438999,28120.022876,0.036653,0.046123,5,0.001343,0,39,0.398895,0.296745
49051,Wasatch County,,UT,2704,27997,30701,5,5,10,1923,1683,3606,6,0.333071,0.351091,0,0.001181,0.001919,5,0.000105,0,39,1,0.009169
49053,Washington County,,UT,11941,152337,164278,42,34,76,9259,8116,17375,6,0.344087,0.367752,5682.477358,0.011404,0.010424,5,0.000621,0,39,0.33555,0.089926
49055,Wayne County,,UT,221,2932,3153,0,0,0,0,0,0,0,0,0,0,0,0,136,0.00005,119,211,0,0
49057,Weber County,,UT,17867,269550,287417,38,36,74,12923,12950,25873,6,0.349234,0.374497,1822.227852,0.015576,0.013798,5,0.000498,0,39,0.558279,0.123462
50001,Addison County,,VT,2464,44151,46615,5,6,11,1191,1162,2353,6,0.297124,0.311984,43.295701,0.000174,0.000815,36,0.000135,0,39,0.8,0.001562
50003,Bennington County,,VT,2216,44435,46651,7,7,14,895,716,1611,7,0.269717,0.282375,28.849497,0.000306,0.00043,77,0.000143,0,39,0.428571,0.002612
50005,Caledonia County,,VT,1853,36202,38055,8,7,15,1044,909,1953,7,0.264756,0.275787,613.35582,0.000221,0.000202,36,0.000209,0,39,0.5,0.002201
50007,Chittenden County,,VT,12198,188322,200520,43,51,94,6224,7169,13393,6,0.359438,0.386723,43108.476331,0.016856,0.01981,36,0.000575,0,39,0.529661,0.123251
50009,Essex County,,VT,609,6862,7471,3,3,6,306,336,642,8,0.218368,0.225091,2.753003,0.000009,0.000013,36,0.000115,0,39,0.5,0.00036
50011,Franklin County,,VT,2926,58533,61459,7,7,14,2367,1630,3997,7,0.264779,0.275787,28.755654,0.000172,0.000142,36,0.000202,0,39,0.47619,0.001621
50013,Grand Isle County,,VT,803,8854,9657,2,2,4,431,462,893,7,0.264449,0.274494,0,0.000147,0.000126,36,0.000084,0,39,1,0.001069
50015,Lamoille County,,VT,2010,30646,32656,5,5,10,1042,912,1954,7,0.264543,0.275057,0.590909,0.000156,0.000135,36,0.000156,0,39,0.9,0.001416
50017,Orange County,,VT,2484,34591,37075,5,6,11,1346,1513,2859,7,0.264756,0.275675,1.932997,0.000224,0.000224,36,0.00013,0,39,0.8,0.001985
50019,Orleans County,,VT,1551,32857,34408,6,6,12,606,598,1204,7,0.26459,0.275281,474.752957,0.000157,0.000135,36,0.000189,0,39,0.666667,0.001498
50021,Rutland County,,VT,3311,74665,77976,9,9,18,1190,1202,2392,6,0.297512,0.313024,240.447232,0.00081,0.001051,36,0.000192,0,39,0.455556,0.00674
50023,Washington County,,VT,4448,73382,77830,11,11,22,1910,2281,4191,6,0.297303,0.312884,556.73974,0.000865,0.000882,36,0.000252,0,39,0.509091,0.007229
50025,Windham County,,VT,3230,53117,56347,13,8,21,1406,1293,2699,7,0.265324,0.276726,126.741009,0.002931,0.000298,36,0.00019,0,39,0.532051,0.020727
50027,Windsor County,,VT,4825,70337,75162,13,14,27,2305,2547,4852,6,0.297691,0.313811,400.762789,0.002531,0.001626,36,0.000219,0,39,0.455882,0.017312
51001,Accomack County,,VA,2342,39450,41792,9,7,16,861,900,1761,7,0.29808,0.312926,68.684979,0.002814,0.001376,94,0.000152,0,39,0.477778,0.020786
51003,Albemarle County,,VA,10741,108448,119189,41,39,80,7598,6295,13893,6,0.36924,0.395649,21884.859091,0.014655,0.01621,35,0.000597,0,39,0.473061,0.114374
51005,Alleghany County,,VA,947,17657,18604,2,3,5,481,490,971,8,0.196449,0.201665,8894,0.000001,0.000003,78,0.000164,0,39,0,0.000194
51007,Amelia County,,VA,881,15162,16043,6,5,11,680,513,1193,7,0.287139,0.299806,5.122735,0.00085,0.000824,35,0.00015,0,39,0.8,0.006619
51009,Amherst County,,VA,1980,35612,37592,5,5,10,1208,1127,2335,7,0.241568,0.250492,25.246682,0.000037,0.000042,78,0.000169,0,39,0.55,0.000781
51011,Appomattox County,,VA,937,17255,18192,5,6,11,693,572,1265,7,0.241646,0.250801,32.904032,0.000035,0.000039,78,0.000176,0,39,0.533333,0.000662
51013,Arlington County,,VA,42134,239630,281764,126,104,230,30361,34183,64544,6,0.397666,0.432355,5046.236068,0.06104,0.05407,35,0.001186,0,39,0.584532,0.450392
51015,Augusta County,,VA,5152,85461,90613,8,9,17,3656,3410,7066,6,0.311221,0.327437,8797.373529,0.00089,0.001173,35,0.000248,0,39,0.486111,0.007386
51017,Bath County,,VA,311,5521,5832,1,0,1,59,0,59,0,0,0,0,0,0,78,0.000097,0,25,0,0.000082
51019,Bedford County,,VA,5727,80305,86032,15,12,27,4351,3631,7982,7,0.304384,0.321172,5323.289167,0.001756,0.001036,78,0.000368,0,39,0.397059,0.013824
51021,Bland County,,VA,384,6653,7037,3,2,5,170,147,317,8,0.206117,0.211612,20.58188,0.000001,0,90,0.000167,0,39,0.333333,0.000284
51023,Botetourt County,,VA,2636,40089,42725,8,7,15,1889,1653,3542,7,0.244375,0.254185,16643.134745,0.000423,0.000084,78,0.000256,0,39,0.472222,0.003563
51025,Brunswick County,,VA,1057,16366,17423,5,6,11,402,506,908,8,0.233925,0.242273,86.982705,0.000028,0.000022,35,0.000171,0,39,0.261905,0.000737
51027,Buchanan County,,VA,1046,22377,23423,6,5,11,584,529,1113,8,0.225441,0.232455,1005.664612,0.000002,0.000003,90,0.000313,0,39,0.3,0.000555
51029,Buckingham County,,VA,912,15545,16457,6,5,11,537,430,967,7,0.283082,0.295613,18.845199,0.000491,0.00047,35,0.000152,0,39,0.595238,0.003674
51031,Campbell County,,VA,5231,60898,66129,9,9,18,3405,3598,7003,7,0.244536,0.254832,234.994347,0.000074,0.000102,78,0.000266,0,39,0.388889,0.001422
51033,Caroline County,,VA,3311,32328,35639,12,11,23,2056,2074,4130,6,0.312007,0.328477,22.337036,0.002858,0.002364,35,0.000187,0,39,0.757576,0.022085
51035,Carroll County,,VA,1664,30706,32370,7,6,13,1052,972,2024,8,0.236973,0.245482,2731.08691,0.000075,0.000011,78,0.000244,0,39,0.309524,0.00093
51036,Charles City County,,VA,547,8201,8748,4,4,8,296,330,626,7,0.28548,0.297519,0,0.00084,0.000604,35,0.000106,0,39,1,0.00639
51037,Charlotte County,,VA,848,13451,14299,6,5,11,450,389,839,8,0.233888,0.24211,33.337486,0.000017,0.000016,35,0.000193,0,39,0.366667,0.000662
51041,Chesterfield County,,VA,28301,384575,412876,93,102,195,21619,21274,42893,6,0.391367,0.425391,69557.315852,0.035883,0.041219,35,0.001154,0,39,0.389514,0.271417
51043,Clarke County,,VA,1391,16480,17871,6,6,12,843,766,1609,7,0.283001,0.296063,0.778244,0.00164,0.000561,35,0.000135,0,39,0.928571,0.012981
51045,Craig County,,VA,354,5566,5920,3,2,5,161,134,295,7,0.243933,0.252555,4.123315,0.000052,0.000064,78,0.000126,0,39,0.333333,0.000777
51047,Culpeper County,,VA,3921,54106,58027,11,13,24,2585,2383,4968,6,0.311057,0.327431,2899.722229,0.001938,0.002016,35,0.00021,0,39,0.5,0.015383
51049,Cumberland County,,VA,901,9927,10828,5,5,10,475,570,1045,7,0.282812,0.29504,8.578729,0.000513,0.000483,35,0.00015,0,39,0.65,0.004017
51051,Dickenson County,,VA,692,14305,14997,3,2,5,339,262,601,8,0.201071,0.206547,8.918953,0.000001,0,109,0.00017,0,39,0.666667,0.000273
51053,Dinwiddie County,,VA,2415,30666,33081,10,10,20,2135,1722,3857,7,0.288368,0.301965,910.148706,0.000923,0.000914,35,0.000214,0,39,0.581818,0.007542
51057,Essex County,,VA,851,13001,13852,5,6,11,338,348,686,7,0.285783,0.298306,1136.400894,0.00037,0.000655,35,0.000159,0,39,0.428571,0.003215
51059,Fairfax County,,VA,118515,1317248,1435763,312,314,626,96636,103234,199870,5,0.448292,0.499309,191276.353168,0.104661,0.100718,35,0.003235,0,39,0.225623,0.780569
51061,Fauquier County,,VA,6012,79396,85408,15,15,30,4146,3488,7634,6,0.311843,0.3286,2750.701252,0.003564,0.003093,35,0.000248,0,39,0.541667,0.02813
51063,Floyd County,,VA,926,17029,17955,4,4,8,408,408,816,7,0.258546,0.268463,144.225046,0.000109,0.000092,78,0.000141,0,39,0.5,0.001087
51065,Fluvanna County,,VA,2420,28977,31397,8,9,17,1217,1239,2456,7,0.287473,0.300931,143.495586,0.00128,0.000793,35,0.000175,0,39,0.6,0.010232
51067,Franklin County,,VA,3068,60211,63279,10,9,19,1806,1722,3528,7,0.258884,0.269812,1214.43738,0.000872,0.000117,78,0.000292,0,39,0.477778,0.007501
51069,Frederick County,,VA,7096,92909,100005,14,16,30,5091,4568,9659,6,0.3125,0.329786,4411.471841,0.002514,0.002253,35,0.000276,0,39,0.430147,0.019435
51071,Giles County,,VA,1115,18822,19937,4,5,9,445,625,1070,7,0.258365,0.268367,1418.10241,0.000058,0.00003,78,0.000156,0,39,0.25,0.000594
51073,Gloucester County,,VA,2842,44386,47228,10,7,17,1405,1217,2622,7,0.296916,0.311347,3041.201787,0.001861,0.001068,35,0.000213,0,39,0.566667,0.013025
51075,Goochland County,,VA,1688,25120,26808,5,7,12,1254,1105,2359,7,0.287529,0.300678,0.856279,0.000867,0.000972,35,0.000117,0,39,0.833333,0.006739
51077,Grayson County,,VA,896,15909,16805,2,4,6,373,586,959,8,0.210254,0.216527,21.53734,0,0.000001,78,0.000121,0,39,0.5,0.00018
51079,Greene County,,VA,1821,21752,23573,6,6,12,834,938,1772,7,0.270628,0.28142,705.333834,0.000935,0.000181,35,0.000137,0,39,0.738095,0.007424
51081,Greensville County,,VA,789,8651,9440,4,2,6,650,418,1068,8,0.220479,0.226466,20.583593,0.000012,0.000003,35,0.000155,0,39,0.333333,0.000426
51083,Halifax County,,VA,1519,38600,40119,5,6,11,397,564,961,8,0.234073,0.2427,40.850142,0.000029,0.000029,78,0.000158,0,39,0.266667,0.000684
51085,Hanover County,,VA,7207,121781,128988,17,16,33,5721,4798,10519,6,0.308854,0.327195,338.428314,0.003411,0.002978,35,0.000286,0,39,0.505263,0.026864
51087,Henrico County,,VA,30566,364253,394819,114,103,217,25367,24267,49634,6,0.393393,0.427858,52742.145154,0.046587,0.045466,35,0.001358,0,39,0.467742,0.347082
51089,Henry County,,VA,3114,58609,61723,9,8,17,2000,2048,4048,7,0.284522,0.298025,1515.843952,0.000673,0.00045,78,0.000243,0,39,0.416667,0.006453
51091,Highland County,,VA,123,2675,2798,0,0,0,0,0,0,0,0,0,0,0,0,137,0.00005,120,212,0,0
51093,Isle of Wight County,,VA,3353,42287,45640,11,12,23,2274,1792,4066,7,0.297422,0.31278,2888.835626,0.001893,0.001732,35,0.000182,0,39,0.628788,0.013165
51095,James City County,,VA,7057,81622,88679,24,18,42,5067,3551,8618,6,0.331655,0.351518,779.177373,0.006003,0.005057,35,0.000352,0,39,0.513846,0.044612
51097,King and Queen County,,VA,588,7538,8126,2,4,6,191,287,478,7,0.282596,0.294708,0.733333,0.000341,0.000398,35,0.000084,0,39,0.666667,0.002708
51099,King George County,,VA,2648,27385,30033,13,10,23,1684,1278,2962,6,0.328314,0.346464,116.062879,0.003407,0.002636,35,0.000185,0,39,0.571429,0.025845
51101,King William County,,VA,1359,19693,21052,7,6,13,893,860,1753,7,0.286917,0.299638,13.328558,0.000903,0.000693,35,0.000156,0,39,0.785714,0.007182
51103,Lancaster County,,VA,853,13959,14812,2,4,6,206,311,517,7,0.281978,0.293646,1354.686413,0.000745,0.000254,35,0.0001,0,39,0.25,0.005871
51105,Lee County,,VA,872,21708,22580,4,3,7,398,314,712,8,0.224587,0.231117,61.227552,0.000008,0.000003,109,0.000163,0,39,0.333333,0.000389
51107,Loudoun County,,VA,32213,407161,439374,128,116,244,31306,22774,54080,6,0.392871,0.429331,19766.951496,0.058825,0.054711,35,0.001301,0,39,0.5148,0.439211
51109,Louisa County,,VA,2662,37001,39663,15,11,26,1817,1583,3400,6,0.293419,0.308606,100.485204,0.002523,0.001539,35,0.00024,0,39,0.585714,0.019554
51111,Lunenburg County,,VA,775,12227,13002,4,5,9,379,420,799,8,0.23363,0.241705,9.845083,0.000013,0.000019,35,0.000148,0,39,0.55,0.000473
51113,Madison County,,VA,989,14806,15795,3,4,7,631,471,1102,7,0.270061,0.280475,1.845221,0.000029,0.000142,35,0.000098,0,39,0.666667,0.000526
51115,Mathews County,,VA,649,10389,11038,1,3,4,152,254,406,7,0.281817,0.293224,0,0.000008,0.000262,35,0.000076,0,39,0.666667,0.000179
51117,Mecklenburg County,,VA,1941,33835,35776,9,9,18,770,795,1565,7,0.304103,0.320436,13051.343955,0.001506,0.001222,35,0.000219,0,39,0.281818,0.01211
51119,Middlesex County,,VA,816,12360,13176,4,2,6,257,161,418,7,0.282515,0.294315,23.214448,0.000316,0.000358,35,0.000129,0,39,0.25,0.002422
51121,Montgomery County,,VA,7493,79125,86618,20,26,46,2814,3398,6212,6,0.346055,0.369578,40644.064521,0.003842,0.007704,78,0.000444,0,39,0.364532,0.030204
51125,Nelson County,,VA,1171,17563,18734,6,5,11,502,565,1067,7,0.270702,0.281307,630.44724,0.000927,0.000149,35,0.000162,0,39,0.533333,0.007323
51127,New Kent County,,VA,1610,22582,24192,10,7,17,1288,929,2217,7,0.287167,0.300088,11.290517,0.0015,0.000896,35,0.000187,0,39,0.722222,0.010993
51131,Northampton County,,VA,943,13908,14851,3,3,6,357,437,794,7,0.294761,0.308738,0,0.000923,0.000896,94,0.000085,0,39,1,0.006702
51133,Northumberland County,,VA,819,15181,16000,4,3,7,416,306,722,7,0.236935,0.244056,749.863464,0.000755,0.000017,35,0.000145,0,39,0.5,0.006127
51135,Nottoway County,,VA,1205,16107,17312,7,8,15,497,672,1169,7,0.283055,0.295883,1680.446141,0.000517,0.000498,35,0.00019,0,39,0.482143,0.004223
51137,Orange County,,VA,3767,39051,42818,14,14,28,2242,2331,4573,6,0.31109,0.3276,1282.494326,0.001724,0.001724,35,0.000243,0,39,0.478022,0.013813
51139,Page County,,VA,1176,27159,28335,4,3,7,507,506,1013,7,0.237542,0.244871,1.805761,0.000046,0.000037,35,0.000139,0,39,0.666667,0.000721
51141,Patrick County,,VA,859,18997,19856,4,5,9,498,461,959,8,0.236745,0.245066,35.602765,0.000022,0.000016,78,0.000157,0,39,0.2,0.000496
51143,Pittsylvania County,,VA,3715,69288,73003,10,10,20,2501,2380,4881,7,0.284604,0.29848,723.906746,0.000407,0.000452,78,0.000265,0,39,0.377778,0.004294
51145,Powhatan County,,VA,1844,31533,33377,7,5,12,1454,1009,2463,7,0.287084,0.299694,5.57705,0.000872,0.000824,35,0.000164,0,39,0.714286,0.006881
51147,Prince Edward County,,VA,1685,18701,20386,8,8,16,741,854,1595,7,0.287334,0.300537,3059.560773,0.000509,0.000825,35,0.000227,0,39,0.333333,0.004262
51149,Prince George County,,VA,6015,34881,40896,21,22,43,3319,3214,6533,6,0.340296,0.362203,2313.343477,0.006548,0.006987,35,0.000298,0,39,0.573333,0.050656
51153,Prince William County,,VA,48774,496471,545245,153,151,304,41846,38774,80620,5,0.403841,0.443704,28858.260184,0.062427,0.060669,35,0.001542,0,39,0.390834,0.461135
51155,Pulaski County,,VA,2107,35972,38079,7,7,14,1294,1148,2442,7,0.258185,0.26857,2076.328927,0.00011,0.000031,78,0.000244,0,39,0.333333,0.001363
51157,Rappahannock County,,VA,681,8639,9320,3,3,6,281,262,543,7,0.237942,0.245433,0,0.000051,0.000059,35,0.000101,0,39,1,0.000715
51159,Richmond County,,VA,697,8419,9116,4,3,7,340,411,751,7,0.237124,0.244354,5.527951,0.000015,0.00002,35,0.000156,0,39,0.5,0.000525
51161,Roanoke County,,VA,8975,110907,119882,17,14,31,6720,5905,12625,6,0.316571,0.335037,12886.870459,0.003366,0.002374,78,0.000412,0,39,0.364286,0.026964
51163,Rockbridge County,,VA,1577,24124,25701,5,4,9,990,820,1810,7,0.244214,0.253511,11878.130807,0.000011,0.000046,35,0.000289,0,39,0.2,0.000514
51165,Rockingham County,,VA,5251,92193,97444,9,8,17,3554,3265,6819,6,0.310017,0.325604,2253.163047,0.000905,0.000913,35,0.000241,0,39,0.444444,0.007519
51167,Russell County,,VA,1463,26920,28383,4,6,10,775,781,1556,8,0.202086,0.208579,91.362463,0.000001,0.000001,90,0.00023,0,39,0.433333,0.000383
51169,Scott County,,VA,1141,22428,23569,5,6,11,652,820,1472,7,0.249579,0.259456,531.804454,0.000075,0.000075,109,0.000199,0,39,0.566667,0.001048
51171,Shenandoah County,,VA,3059,49352,52411,11,10,21,1776,1569,3345,6,0.311025,0.32697,2254.678018,0.001684,0.00178,35,0.00026,0,39,0.55303,0.013799
51173,Smyth County,,VA,1456,33965,35421,4,5,9,572,792,1364,7,0.249895,0.259602,1435.472399,0.000024,0.000073,109,0.000189,0,39,0.433333,0.000596
51175,Southampton County,,VA,1281,18992,20273,8,9,17,834,807,1641,7,0.297064,0.311965,4917.653882,0.001215,0.00112,35,0.000184,0,39,0.555556,0.008878
51177,Spotsylvania County,,VA,12798,144079,156877,30,33,63,9008,8468,17476,6,0.350307,0.375076,1341.13985,0.009472,0.012515,35,0.000391,0,39,0.567227,0.071779
51179,Stafford County,,VA,16110,148086,164196,51,54,105,11970,10742,22712,6,0.363402,0.390759,4022.060948,0.021729,0.022979,35,0.000554,0,39,0.523519,0.164707
51181,Surry County,,VA,592,7291,7883,2,3,5,180,173,353,7,0.282059,0.293646,6.119654,0.000015,0.000262,35,0.000092,0,39,0.333333,0.000297
51183,Sussex County,,VA,1064,10822,11886,9,8,17,541,629,1170,7,0.282731,0.295506,5503.072026,0.000399,0.000356,35,0.000268,0,39,0.333333,0.003451
51185,Tazewell County,,VA,2387,44077,46464,7,6,13,1122,1140,2262,8,0.216534,0.223773,1024.279082,0.000001,0.000001,90,0.000334,0,39,0.238095,0.000645
51187,Warren County,,VA,3156,43277,46433,15,11,26,2335,1801,4136,6,0.310992,0.327026,3899.896989,0.002417,0.001767,35,0.000296,0,39,0.504762,0.019641
51191,Washington County,,VA,3355,57880,61235,10,8,18,2020,1928,3948,7,0.250042,0.260287,6133.155508,0.000074,0.000072,109,0.000422,0,39,0.322222,0.001474
51193,Westmoreland County,,VA,1629,20284,21913,9,9,18,835,801,1636,6,0.30992,0.325604,5763.433308,0.001598,0.001145,35,0.000217,0,39,0.488889,0.012279
51195,Wise County,,VA,2285,38428,40713,7,9,16,976,1295,2271,7,0.249642,0.259961,13809.230159,0.000024,0.000076,109,0.000362,0,39,0.244444,0.000834
51197,Wythe County,,VA,1435,31972,33407,6,5,11,785,538,1323,7,0.25805,0.268075,6426.581802,0.000058,0.00003,109,0.000258,0,39,0.266667,0.000759
51199,York County,,VA,9953,74812,84765,24,28,52,5196,5540,10736,6,0.35365,0.376841,1974.806673,0.00777,0.011321,35,0.000324,0,39,0.542781,0.059294
51510,Alexandria city,,VA,31864,159559,191423,85,71,156,23036,25060,48096,6,0.387177,0.418241,2563.361268,0.044444,0.03987,35,0.000826,0,39,0.680952,0.332781
51515,Bedford city,,VA,827,6523,7350,2,4,6,437,605,1042,7,0.244113,0.253286,0,0.000035,0.000073,78,0.000091,0,39,1,0.000452
51520,Bristol city,,VA,2022,16719,18741,5,3,8,1422,1318,2740,7,0.249306,0.258494,915.23611,0.000072,0.000072,109,0.000202,0,39,0.65,0.001022
51530,Buena Vista city,,VA,650,6528,7178,2,2,4,397,317,714,8,0.196306,0.20112,0,0,0,35,0.000194,0,39,1,0.000171
51540,Charlottesville city,,VA,7156,39039,46195,17,19,36,3378,4496,7874,6,0.346095,0.367549,3223.396471,0.004328,0.006868,35,0.000291,0,39,0.489177,0.034099
51550,Chesapeake city,,VA,26415,257742,284157,67,76,143,20721,19227,39948,6,0.380128,0.411703,18485.331699,0.02829,0.032275,35,0.000745,0,39,0.522472,0.211367
51570,Colonial Heights city,,VA,2640,20025,22665,7,7,14,1846,1703,3549,7,0.288144,0.301178,0,0.000917,0.000901,35,0.000142,0,39,1,0.007226
51580,Covington city,,VA,702,6489,7191,1,1,2,349,429,778,9,0.164202,0.167167,0,0,0,78,0.000097,0,39,0,0.000082
51590,Danville city,,VA,3513,44152,47665,7,7,14,2002,2084,4086,7,0.284576,0.297996,708.387835,0.000638,0.000448,78,0.000183,0,39,0.517857,0.005954
51595,Emporia city,,VA,927,6290,7217,4,4,8,479,551,1030,8,0.229898,0.237485,39.015435,0.000011,0.000012,35,0.000186,0,39,0.416667,0.000441
51600,Fairfax city,,VA,4697,26374,31071,8,9,17,2601,3518,6119,6,0.312467,0.328673,0,0.003989,0.00429,35,0.000123,0,39,0.986111,0.031174
51610,Falls Church city,,VA,2476,13872,16348,6,6,12,1521,1373,2894,6,0.310992,0.326537,0,0.002847,0.003268,35,0.000106,0,39,1,0.022537
51620,Franklin city,,VA,1112,8883,9995,3,5,8,561,708,1269,7,0.281925,0.294478,0.306265,0.000066,0.000471,35,0.000093,0,39,0.9,0.000669
51630,Fredericksburg city,,VA,5497,23855,29352,11,12,23,4003,3842,7845,6,0.31204,0.328645,29.134,0.002904,0.003118,35,0.00018,0,39,0.733333,0.022253
51640,Galax city,,VA,844,7333,8177,3,3,6,761,552,1313,8,0.236406,0.244088,743.556218,0.000018,0.00001,78,0.000127,0,39,0.666667,0.000352
51650,Hampton city,,VA,19819,142540,162359,52,59,111,12487,13661,26148,6,0.377996,0.407274,5240.106685,0.024477,0.02959,35,0.000582,0,39,0.610614,0.185872
51660,Harrisonburg city,,VA,5117,35552,40669,9,10,19,2525,2817,5342,6,0.31096,0.326869,2210.925221,0.001255,0.001807,35,0.000209,0,39,0.410256,0.010208
51670,Hopewell city,,VA,3322,23407,26729,7,9,16,1791,2142,3933,7,0.295967,0.310987,17.889002,0.000913,0.001435,35,0.000146,0,39,0.791667,0.007226
51678,Lexington city,,VA,962,5107,6069,2,2,4,322,533,855,8,0.196306,0.20112,0,0,0,35,0.000194,0,39,1,0.000171
51680,Lynchburg city,,VA,7867,69193,77060,13,17,30,3924,4806,8730,6,0.317724,0.33724,13782.755576,0.002836,0.003684,78,0.0003,0,39,0.452206,0.023697
51683,Manassas city,,VA,7998,45762,53760,12,12,24,5305,5004,10309,6,0.312401,0.328954,14.474446,0.004072,0.003868,35,0.00018,0,39,0.71978,0.032122
51685,Manassas Park city,,VA,2982,16127,19109,5,5,10,2373,2104,4477,6,0.310601,0.325745,0,0.001649,0.001726,35,0.000104,0,39,1,0.012928
51690,Martinsville city,,VA,1723,14062,15785,4,4,8,980,1145,2125,7,0.284058,0.296822,310.275399,0.000026,0.000408,78,0.000146,0,39,0.5,0.000588
51700,Newport News city,,VA,26801,188008,214809,78,86,164,16747,18457,35204,6,0.392144,0.424688,22819.299992,0.033224,0.039966,35,0.000886,0,39,0.510606,0.252954
51710,Norfolk city,,VA,35807,220077,255884,100,106,206,23128,25682,48810,6,0.391988,0.427291,15182.705693,0.045654,0.047366,35,0.001034,0,39,0.492177,0.345911
51720,Norton city,,VA,482,4096,4578,1,1,2,302,278,580,8,0.199784,0.204738,0,0.000001,0,109,0.000085,0,39,0,0.000095
51730,Petersburg city,,VA,5437,32488,37925,13,12,25,2869,3538,6407,7,0.303263,0.32047,2260.462623,0.003507,0.00197,35,0.000214,0,39,0.508333,0.026411
51735,Poquoson city,,VA,1139,14757,15896,3,4,7,582,536,1118,7,0.2823,0.294028,0,0.000598,0.000498,35,0.000077,0,39,1,0.003813
51740,Portsmouth city,,VA,13310,101672,114982,23,28,51,9190,9301,18491,6,0.350473,0.375233,1166.970706,0.010214,0.011516,35,0.000285,0,39,0.607955,0.076795
51750,Radford city,,VA,1713,10230,11943,3,4,7,762,966,1728,7,0.258636,0.268469,2.49222,0.000092,0.000093,78,0.000119,0,39,0.833333,0.000809
51760,Richmond city,,VA,27110,189541,216651,78,68,146,21236,21869,43105,6,0.377131,0.406987,28490.292709,0.027603,0.026095,35,0.00101,0,39,0.417134,0.21044
51770,Roanoke city,,VA,10641,104127,114768,25,21,46,6714,7086,13800,6,0.322318,0.34326,30795.816241,0.005272,0.004652,78,0.000599,0,39,0.264957,0.042012
51775,Salem city,,VA,3218,27385,30603,7,6,13,2200,2290,4490,7,0.258703,0.269025,45.644464,0.000118,0.000115,78,0.000228,0,39,0.761905,0.001551
51790,Staunton city,,VA,2858,25322,28180,5,7,12,1805,1849,3654,7,0.270677,0.28156,483.330433,0.000152,0.000164,35,0.000155,0,39,0.571429,0.001459
51800,Suffolk city,,VA,9491,95073,104564,18,17,35,6121,5722,11843,6,0.336549,0.357392,3295.456267,0.004777,0.00605,35,0.000244,0,39,0.569264,0.034967
51810,Virginia Beach city,,VA,54658,505102,559760,185,190,375,37368,40000,77368,6,0.417018,0.460259,49151.320712,0.0727,0.07617,35,0.001858,0,39,0.363266,0.53591
51820,Waynesboro city,,VA,2690,23736,26426,8,7,15,1607,1836,3443,7,0.283001,0.295686,51.907479,0.000208,0.000427,35,0.000206,0,39,0.513889,0.002074
51830,Williamsburg city,,VA,2682,9990,12672,3,5,8,1106,1537,2643,6,0.310082,0.325351,0,0.000416,0.001302,35,0.000086,0,39,1,0.00282
51840,Winchester city,,VA,4123,28289,32412,10,9,19,2970,2761,5731,6,0.310992,0.326802,351.09142,0.001713,0.001782,35,0.000218,0,39,0.733333,0.014037
53001,Adams County,,WA,1703,24199,25902,6,5,11,891,1086,1977,7,0.274385,0.286928,0,0.001279,0.000521,5,0.000117,0,39,1,0.010737
53003,Asotin County,,WA,1985,23351,25336,5,6,11,1140,1061,2201,7,0.274258,0.286912,2970.854296,0.000864,0.000374,5,0.000125,0,39,0.547619,0.006887
53005,Benton County,,WA,15370,207527,222897,45,40,85,11487,10697,22184,6,0.355686,0.381417,6997.003489,0.012925,0.012471,5,0.000588,0,39,0.484035,0.10408
53007,Chelan County,,WA,6421,89812,96233,16,17,33,4452,4368,8820,6,0.338973,0.359444,105.233781,0.005574,0.005137,5,0.000221,0,39,0.812865,0.045248
53009,Clallam County,,WA,4692,78614,83306,19,19,38,2285,2268,4553,6,0.341236,0.362327,55.107557,0.007073,0.007541,5,0.000246,0,39,0.805195,0.057348
53011,Clark County,,WA,28840,505814,534654,99,98,197,26240,22239,48479,6,0.371694,0.405644,9548.580455,0.02935,0.031004,5,0.001154,0,39,0.395202,0.238019
53013,Columbia County,,WA,330,4233,4563,2,1,3,155,92,247,7,0.252835,0.260911,0,0.00013,0.000021,5,0.000075,0,39,1,0.001109
53015,Cowlitz County,,WA,6806,111557,118363,23,26,49,4000,4346,8346,6,0.341787,0.363985,5531.060473,0.008257,0.009467,5,0.000332,0,39,0.716931,0.066539
53017,Douglas County,,WA,4000,43039,47039,8,9,17,3284,2973,6257,6,0.31509,0.33122,0.1,0.002124,0.002301,5,0.000138,0,39,0.972222,0.017525
53019,Ferry County,,WA,629,6906,7535,4,3,7,252,323,575,7,0.273878,0.285815,0.45,0.000647,0.000255,5,0.000103,0,39,0.833333,0.005401
53021,Franklin County,,WA,8464,97879,106343,17,18,35,7040,6422,13462,6,0.347515,0.368628,357.609242,0.005912,0.007178,5,0.000239,0,39,0.790476,0.047324
53023,Garfield County,,WA,159,2322,2481,1,0,1,50,0,50,0,0,0,0,0.000003,0,5,0.000068,0,12,0,0.000132
53025,Grant County,,WA,6156,110024,116180,27,25,52,3926,4038,7964,6,0.341905,0.364042,1080.42919,0.008007,0.007861,5,0.000359,0,39,0.621921,0.064479
53027,Grays Harbor County,,WA,4846,73380,78226,14,17,31,2568,2915,5483,6,0.336626,0.356965,38.607457,0.004702,0.005239,5,0.000192,0,39,0.843137,0.038116
53029,Island County,,WA,10492,88772,99264,28,31,59,5572,5670,11242,6,0.355558,0.380854,326.629198,0.012674,0.014318,5,0.000327,0,39,0.699206,0.098455
53031,Jefferson County,,WA,2302,34686,36988,9,7,16,1362,1012,2374,6,0.315493,0.331366,0.083636,0.004442,0.002638,5,0.000138,0,39,0.988889,0.035787
53033,King County,,WA,135521,2400348,2535869,371,306,677,128258,120180,248438,5,0.451294,0.501029,161719.442037,0.110017,0.097682,5,0.004095,0,39,0.200819,0.826783
53035,Kitsap County,,WA,23710,286607,310317,71,84,155,14612,15966,30578,6,0.380128,0.412569,2077.285448,0.031446,0.035599,5,0.000741,0,39,0.542642,0.245377
53037,Kittitas County,,WA,3709,39722,43431,11,12,23,1990,1942,3932,6,0.315493,0.332203,0.292836,0.002751,0.003087,5,0.000164,0,39,0.967949,0.022472
53039,Klickitat County,,WA,1792,23510,25302,10,8,18,1086,904,1990,6,0.312072,0.327442,58.044368,0.001966,0.001726,5,0.000185,0,39,0.688889,0.0171
53041,Lewis County,,WA,5781,82577,88358,15,19,34,3575,3867,7442,6,0.33674,0.357358,35.50307,0.004402,0.005695,5,0.000207,0,39,0.811905,0.036548
53043,Lincoln County,,WA,875,11554,12429,3,3,6,421,448,869,6,0.311417,0.326088,0.2,0.000314,0.00109,5,0.00009,0,39,0.833333,0.002584
53045,Mason County,,WA,4804,63160,67964,12,12,24,3207,3092,6299,6,0.337546,0.357307,2.272103,0.00445,0.00469,5,0.000167,0,39,0.961538,0.036078
53047,Okanogan County,,WA,2921,46122,49043,11,11,22,1381,1542,2923,6,0.315157,0.331557,144.239827,0.003124,0.00242,5,0.000187,0,39,0.807692,0.025528
53049,Pacific County,,WA,1674,22564,24238,9,10,19,778,839,1617,6,0.315258,0.331422,490.338902,0.002333,0.002458,5,0.000145,0,39,0.711111,0.019515
53051,Pend Oreille County,,WA,1722,12778,14500,2,3,5,583,1198,1781,7,0.273903,0.285872,0.2,0.000255,0.000263,5,0.000078,0,39,0.666667,0.002161
53053,Pierce County,,WA,72542,912910,985452,217,218,435,58697,57166,115863,5,0.430521,0.47412,46641.872269,0.074881,0.075809,5,0.002315,0,39,0.298305,0.578656
53055,San Juan County,,WA,1202,18917,20119,4,4,8,443,365,808,6,0.311221,0.325891,0,0.001286,0.001097,5,0.000093,0,39,1,0.010896
53057,Skagit County,,WA,9022,137111,146133,24,24,48,5662,5689,11351,6,0.341629,0.363451,203.761689,0.009187,0.009729,5,0.000295,0,39,0.715517,0.072512
53059,Skamania County,,WA,873,11314,12187,4,4,8,550,505,1055,6,0.292579,0.3057,0,0.000674,0.000713,5,0.000109,0,39,1,0.005891
53061,Snohomish County,,WA,51656,850345,902001,146,135,281,49518,42580,92098,6,0.400622,0.438499,18940.557556,0.053176,0.05058,5,0.001646,0,39,0.372933,0.418651
53063,Spokane County,,WA,28483,535647,564130,97,103,200,19692,20365,40057,6,0.377035,0.4114,36262.434813,0.029476,0.032081,5,0.001277,0,39,0.356101,0.237452
53065,Stevens County,,WA,3082,45912,48994,6,7,13,1920,1842,3762,6,0.333934,0.35244,497.292669,0.001897,0.002514,5,0.000143,0,39,0.527778,0.015591
53067,Thurston County,,WA,25132,297094,322226,88,83,171,19612,17762,37374,6,0.372394,0.405059,3101.940901,0.032128,0.029482,5,0.00094,0,39,0.454669,0.252665
53069,Wahkiakum County,,WA,324,4139,4463,2,1,3,171,85,256,7,0.254747,0.263284,0,0.000088,0.000061,5,0.000073,0,39,1,0.000789
53071,Walla Walla County,,WA,4340,63463,67803,11,15,26,1939,2366,4305,6,0.338354,0.358825,3326.126095,0.00285,0.005162,5,0.000221,0,39,0.8,0.023626
53073,Whatcom County,,WA,12577,221496,234073,42,41,83,7328,7590,14918,6,0.350763,0.377128,812.3637,0.016493,0.015975,5,0.000498,0,39,0.623529,0.130201
53075,Whitman County,,WA,4396,35633,40029,17,16,33,1878,2157,4035,6,0.335825,0.356121,453.174729,0.004685,0.004808,5,0.000253,0,39,0.748538,0.038952
53077,Yakima County,,WA,11918,291740,303658,46,52,98,6638,8260,14898,6,0.356542,0.383777,1405.358908,0.014167,0.015838,5,0.000541,0,39,0.531155,0.112828
54001,Barbour County,,WV,1016,16823,17839,4,5,9,412,467,879,7,0.262088,0.271369,5.601923,0.000001,0.000036,90,0.000249,0,39,0.7,0.000418
54003,Berkeley County,,WV,7857,121441,129298,25,20,45,5465,4146,9611,6,0.331248,0.351315,10561.090035,0.006058,0.005985,35,0.000391,0,39,0.425926,0.04636
54005,Boone County,,WV,1171,24490,25661,4,4,8,706,688,1394,7,0.263298,0.272943,4.951511,0.00007,0.00006,90,0.000157,0,39,0.666667,0.000825
54007,Braxton County,,WV,726,14046,14772,3,5,8,155,304,459,7,0.262668,0.272499,3729.042837,0.000001,0.000044,90,0.000224,0,39,0.35,0.000271
54009,Brooke County,,WV,1446,26769,28215,5,5,10,865,905,1770,7,0.297631,0.312285,0.623333,0.000683,0.000687,90,0.000138,0,39,0.9,0.005392
54011,Cabell County,,WV,6881,98090,104971,13,11,24,3536,3672,7208,6,0.331841,0.350556,6057.922002,0.001651,0.001763,90,0.000355,0,39,0.314286,0.012666
54013,Calhoun County,,WV,486,7030,7516,1,3,4,59,180,239,8,0.208129,0.213324,10.281164,0,0.000001,90,0.000092,0,39,0.333333,0.000089
54015,Clay County,,WV,578,9256,9834,4,3,7,376,337,713,7,0.262599,0.272106,1488.54011,0.000051,0.000043,90,0.00018,0,39,0.45,0.000685
54017,Doddridge County,,WV,290,5254,5544,2,2,4,183,192,375,8,0.211831,0.217331,0,0.000001,0.000005,90,0.000131,0,39,1,0.000226
54019,Fayette County,,WV,2440,43769,46209,6,6,12,1430,1404,2834,7,0.263767,0.274005,291.331779,0.000059,0.000054,90,0.00023,0,39,0.766667,0.000979
54021,Gilmer County,,WV,414,6275,6689,3,2,5,204,118,322,8,0.208172,0.213229,4.465909,0,0,90,0.000174,0,39,0.333333,0.000255
54023,Grant County,,WV,834,13254,14088,3,3,6,294,444,738,8,0.20027,0.205314,5935.212016,0.000001,0.000001,35,0.000237,0,39,0.166667,0.000258
54025,Greenbrier County,,WV,2126,38762,40888,8,8,16,723,804,1527,7,0.26386,0.274427,7722.075454,0.000059,0.000054,90,0.000302,0,39,0.482143,0.001141
54027,Hampshire County,,WV,1539,25513,27052,9,8,17,754,869,1623,7,0.250888,0.260723,2733.853699,0.000838,0.000098,35,0.000263,0,39,0.322222,0.00709
54029,Hancock County,,WV,2148,36858,39006,7,5,12,1366,1177,2543,7,0.297601,0.312229,2.490256,0.000718,0.000696,90,0.000161,0,39,0.690476,0.005851
54031,Hardy County,,WV,892,15715,16607,3,6,9,392,395,787,7,0.249432,0.258587,6492.949955,0.000017,0.000067,35,0.00016,0,39,0.309524,0.000452
54033,Harrison County,,WV,3881,80349,84230,12,11,23,1833,1797,3630,7,0.268666,0.280093,13439.488438,0.000709,0.00008,90,0.000502,0,39,0.252747,0.006154
54035,Jackson County,,WV,1325,27216,28541,6,5,11,816,645,1461,7,0.262855,0.272864,192.32418,0.00006,0.00005,90,0.000268,0,39,0.4,0.000938
54037,Jefferson County,,WV,4460,61400,65860,15,11,26,2839,2528,5367,6,0.312237,0.328578,1063.997776,0.004366,0.003218,35,0.00022,0,39,0.566667,0.033153
54039,Kanawha County,,WV,10860,216110,226970,29,29,58,5534,5873,11407,6,0.355814,0.380084,95824.628136,0.005769,0.006823,90,0.000816,0,39,0.19916,0.045457
54041,Lewis County,,WV,1130,19504,20634,5,4,9,565,517,1082,8,0.211937,0.217893,4141.031766,0.000037,0.000006,90,0.000281,0,39,0.4,0.000729
54043,Lincoln County,,WV,1117,20369,21486,6,5,11,857,786,1643,7,0.264354,0.27418,13.412434,0.00008,0.000063,90,0.000214,0,39,0.566667,0.001031
54045,Logan County,,WV,2055,36071,38126,6,8,14,720,1223,1943,6,0.328678,0.34543,6175.692439,0.000917,0.001699,90,0.00021,0,39,0.375,0.006889
54047,McDowell County,,WV,995,17765,18760,2,4,6,230,612,842,8,0.213003,0.219446,35.643076,0.000001,0,90,0.000124,0,39,0.416667,0.000192
54049,Marion County,,WV,3893,63263,67156,7,6,13,1479,2071,3550,7,0.29853,0.313618,3044.715922,0.000093,0.000663,90,0.000274,0,39,0.430556,0.001307
54051,Marshall County,,WV,1781,35398,37179,3,6,9,1243,1112,2355,7,0.263602,0.273646,202.183788,0.000021,0.000062,90,0.000108,0,39,0.366667,0.000382
54053,Mason County,,WV,1254,27545,28799,6,6,12,736,820,1556,7,0.26452,0.274629,126.215683,0.000077,0.000061,90,0.000212,0,39,0.433333,0.001015
54055,Mercer County,,WV,3036,64454,67490,9,11,20,1271,1177,2448,7,0.267938,0.279981,10418.771799,0.000008,0.000082,90,0.000335,0,39,0.25,0.000882
54057,Mineral County,,WV,1495,32420,33915,6,3,9,974,654,1628,7,0.235131,0.242556,5410.02385,0.000055,0.000014,90,0.000228,0,39,0.3,0.000871
54059,Mingo County,,WV,1413,25305,26718,5,5,10,686,722,1408,7,0.26485,0.274882,3042.144695,0.000065,0.000052,90,0.00019,0,39,0.166667,0.000847
54061,Monongalia County,,WV,8072,90701,98773,24,25,49,3484,3171,6655,6,0.354792,0.37751,65967.365347,0.003935,0.004866,90,0.000684,0,39,0.170115,0.030756
54063,Monroe County,,WV,693,14447,15140,4,4,8,405,400,805,8,0.211514,0.217723,19.907883,0.000001,0.000001,90,0.000169,0,39,0.666667,0.000375
54065,Morgan County,,WV,1185,18989,20174,5,5,10,708,572,1280,7,0.25038,0.25966,5.851739,0.000131,0.000149,35,0.000139,0,39,0.7,0.001544
54067,Nicholas County,,WV,1282,27716,28998,7,7,14,617,566,1183,7,0.268959,0.27975,7841.35204,0.000059,0.000082,90,0.000329,0,39,0.357143,0.001042
54069,Ohio County,,WV,3368,51605,54973,8,9,17,1580,2068,3648,6,0.310017,0.32665,2281.050841,0.001382,0.001359,90,0.000181,0,39,0.555556,0.010545
54071,Pendleton County,,WV,521,8585,9106,1,1,2,140,116,256,9,0.166864,0.169712,0,0,0,35,0.000118,0,39,0,0.000084
54073,Pleasants County,,WV,526,7962,8488,3,2,5,336,277,613,7,0.235504,0.242497,0.833333,0.000006,0.000006,90,0.00015,0,39,0.5,0.000308
54075,Pocahontas County,,WV,454,9534,9988,1,2,3,40,95,135,8,0.212286,0.217831,8.253897,0,0.000001,90,0.000082,0,39,0,0.000099
54077,Preston County,,WV,1606,34989,36595,5,6,11,968,850,1818,7,0.262181,0.271706,3154.301318,0.000049,0.000037,90,0.000205,0,39,0.357143,0.000727
54079,Putnam County,,WV,4516,65674,70190,7,8,15,3026,2618,5644,7,0.283055,0.296816,371.076683,0.000101,0.000463,90,0.000276,0,39,0.375,0.001363
54081,Raleigh County,,WV,4154,82660,86814,11,12,23,1867,1698,3565,6,0.327697,0.345098,20125.485159,0.001336,0.000943,90,0.000339,0,39,0.28022,0.010275
54083,Randolph County,,WV,1315,31224,32539,5,4,9,436,452,888,7,0.262018,0.271088,4099.026297,0.000036,0.00003,90,0.000265,0,39,0.25,0.000671
54085,Ritchie County,,WV,1162,10307,11469,4,5,9,278,893,1171,7,0.235729,0.243385,146.081683,0.000006,0.000011,90,0.000246,0,39,0.35,0.000447
54087,Roane County,,WV,998,14943,15941,4,4,8,407,618,1025,7,0.262599,0.272218,4448.608479,0.000051,0.000043,90,0.000197,0,39,0.416667,0.000695
54089,Summers County,,WV,774,11460,12234,5,5,10,396,442,838,7,0.247393,0.255265,302.752578,0.000008,0.000011,90,0.000201,0,39,0.8,0.000542
54091,Taylor County,,WV,993,17752,18745,5,4,9,1023,573,1596,7,0.262042,0.271144,71.552297,0.000042,0.000035,90,0.000222,0,39,0.7,0.000739
54093,Tucker County,,WV,638,7242,7880,2,2,4,182,304,486,8,0.207793,0.212642,2.5,0,0.000001,90,0.000136,0,39,0,0.000181
54095,Tyler County,,WV,570,9697,10267,1,3,4,239,317,556,7,0.235617,0.24289,12.472335,0,0.000006,90,0.000074,0,39,0.333333,0.000088
54097,Upshur County,,WV,1257,25610,26867,7,5,12,631,588,1219,7,0.262134,0.271482,891.540889,0.000092,0.000035,90,0.000334,0,39,0.5,0.001262
54099,Wayne County,,WV,2527,40334,42861,6,7,13,1816,1664,3480,7,0.264732,0.275045,544.577913,0.000024,0.000063,90,0.000227,0,39,0.410714,0.000698
54101,Webster County,,WV,465,8597,9062,1,1,2,87,159,246,8,0.211967,0.217038,0,0.000001,0,90,0.00009,0,39,0,0.000096
54103,Wetzel County,,WV,987,18323,19310,4,5,9,399,471,870,8,0.230973,0.239175,3127.600224,0.000037,0.000006,90,0.00014,0,39,0.233333,0.000576
54105,Wirt County,,WV,321,5592,5913,2,2,4,596,240,836,7,0.23556,0.242598,1.4,0.000006,0.000006,90,0.000129,0,39,0.666667,0.000229
54107,Wood County,,WV,3860,98638,102498,12,10,22,2018,1721,3739,6,0.307892,0.323862,19993.729624,0.000775,0.000737,90,0.000438,0,39,0.211538,0.006529
54109,Wyoming County,,WV,894,22048,22942,3,4,7,252,493,745,7,0.249327,0.257333,476.890512,0.00002,0.000017,90,0.000123,0,39,0.3,0.00038
55001,Adams County,,WI,1554,20838,22392,11,8,19,986,768,1754,6,0.29163,0.304379,83.725005,0.00202,0.000401,18,0.000194,0,39,0.598485,0.014986
55003,Ashland County,,WI,1244,18095,19339,2,3,5,413,475,888,7,0.230381,0.236663,17.963135,0,0.000015,40,0.000165,0,39,0,0.000179
55005,Barron County,,WI,2866,55687,58553,13,11,24,1585,1424,3009,6,0.305986,0.32077,2516.598035,0.001329,0.001004,40,0.000286,0,39,0.478022,0.011204
55007,Bayfield County,,WI,1073,18775,19848,4,2,6,549,419,968,7,0.234313,0.240671,1833.823296,0.000044,0.000007,40,0.000163,0,39,0.25,0.00083
55009,Brown County,,WI,13769,317661,331430,42,45,87,9191,9197,18388,6,0.360925,0.387442,34769.841703,0.008103,0.011987,18,0.000732,0,39,0.317602,0.06335
55011,Buffalo County,,WI,1054,16774,17828,4,5,9,426,588,1014,7,0.257401,0.266704,13.768727,0.00004,0.000073,40,0.000146,0,39,0.6,0.000659
55013,Burnett County,,WI,1197,18661,19858,7,7,14,561,573,1134,6,0.305765,0.319831,757.95901,0.001096,0.000663,40,0.000167,0,39,0.666667,0.008656
55015,Calumet County,,WI,4683,59750,64433,9,9,18,4803,3653,8456,6,0.299283,0.312901,0.656746,0.001074,0.000947,18,0.000175,0,39,0.930556,0.008032
55017,Chippewa County,,WI,4253,74809,79062,14,12,26,2931,2844,5775,6,0.307796,0.323693,5440.126962,0.001986,0.001018,40,0.00031,0,39,0.404167,0.016375
55019,Clark County,,WI,2414,41464,43878,6,7,13,1156,1484,2640,6,0.291572,0.304525,150.52937,0.000088,0.000402,18,0.000173,0,39,0.571429,0.001208
55021,Columbia County,,WI,5090,71500,76590,12,13,25,3465,3530,6995,6,0.329371,0.346908,623.818218,0.001794,0.001789,18,0.000228,0,39,0.576923,0.01422
55023,Crawford County,,WI,1307,19144,20451,4,6,10,468,793,1261,6,0.291486,0.304148,217.565188,0.00038,0.000382,18,0.000136,0,39,0.566667,0.002956
55025,Dane County,,WI,32143,612122,644265,134,139,273,23251,23663,46914,5,0.410267,0.446987,83296.628329,0.043637,0.049891,18,0.001752,0,39,0.317252,0.335967
55027,Dodge County,,WI,6535,104748,111283,15,13,28,4555,4731,9286,6,0.299404,0.313575,147.779199,0.00145,0.001142,18,0.00024,0,39,0.629167,0.010762
55029,Door County,,WI,1673,37274,38947,8,4,12,838,621,1459,6,0.296233,0.30882,400.970209,0.002307,0.000519,18,0.000152,0,39,0.767857,0.016821
55031,Douglas County,,WI,2610,50169,52779,7,6,13,1122,1189,2311,6,0.305733,0.31973,4426.712523,0.0009,0.000899,40,0.00022,0,39,0.404762,0.007588
55033,Dunn County,,WI,3025,45490,48515,11,11,22,1856,1701,3557,6,0.307573,0.323243,1158.327525,0.001223,0.00132,40,0.00025,0,39,0.615385,0.010054
55035,Eau Claire County,,WI,7580,111862,119442,29,25,54,4855,4921,9776,6,0.338857,0.360393,18001.956147,0.003263,0.003256,40,0.000566,0,39,0.30303,0.025533
55037,Florence County,,WI,302,5356,5658,2,2,4,151,157,308,7,0.23056,0.236814,0,0.000007,0.000007,18,0.000106,0,39,1,0.000235
55039,Fond du Lac County,,WI,5862,125961,131823,19,19,38,3801,3974,7775,6,0.342656,0.362962,1164.127743,0.002266,0.003032,18,0.000324,0,39,0.562771,0.017454
55041,Forest County,,WI,548,10845,11393,1,4,5,73,200,273,6,0.295997,0.308522,1.214201,0.000089,0.000477,18,0.000064,0,39,0.8,0.00058
55043,Grant County,,WI,2934,57072,60006,11,12,23,1701,1682,3383,6,0.299495,0.313671,115.831667,0.000942,0.001008,18,0.000254,0,39,0.378205,0.007676
55045,Green County,,WI,2423,47030,49453,9,5,14,1783,1585,3368,6,0.293013,0.305717,24.278132,0.001045,0.000463,18,0.000185,0,39,0.5,0.00759
55047,Green Lake County,,WI,1479,23595,25074,8,6,14,925,824,1749,7,0.259905,0.269368,1.695238,0.00092,0.000093,18,0.000167,0,39,0.803571,0.007051
55049,Iowa County,,WI,1737,29686,31423,5,6,11,1055,1155,2210,6,0.291114,0.303569,1.866667,0.000402,0.000365,18,0.000142,0,39,0.7,0.003169
55051,Iron County,,WI,401,7355,7756,1,1,2,100,82,182,1,1,1,0,0,0,37,0.000467,30,92,0,0.000082
55053,Jackson County,,WI,1381,22747,24128,5,5,10,706,685,1391,7,0.257893,0.267266,5.19331,0.000066,0.000071,40,0.000161,0,39,0.65,0.001063
55055,Jefferson County,,WI,6360,100348,106708,10,11,21,4779,4354,9133,6,0.302428,0.316897,46.600344,0.002084,0.001302,18,0.000157,0,39,0.628205,0.0154
55057,Juneau County,,WI,2053,29691,31744,10,9,19,1146,1224,2370,6,0.299102,0.312743,55.133648,0.001795,0.000858,18,0.000204,0,39,0.655556,0.013854
55059,Kenosha County,,WI,11288,195818,207106,16,23,39,7089,7343,14432,6,0.359525,0.382782,145.278261,0.007067,0.01008,18,0.00019,0,39,0.715,0.051259
55061,Kewaunee County,,WI,1206,26120,27326,3,4,7,756,768,1524,7,0.265324,0.275467,0.25,0.000114,0.000136,18,0.000109,0,39,0.916667,0.001047
55063,La Crosse County,,WI,6631,132686,139317,31,23,54,3957,3636,7593,6,0.345773,0.367268,11870.139354,0.005222,0.004054,18,0.000559,0,39,0.33871,0.041448
55065,Lafayette County,,WI,1234,21583,22817,5,5,10,767,749,1516,6,0.2914,0.303879,8.091439,0.000402,0.000362,18,0.000152,0,39,0.7,0.003213
55067,Langlade County,,WI,1177,24051,25228,6,5,11,429,442,871,7,0.265538,0.276029,128.029149,0.000509,0.000112,18,0.00015,0,39,0.619048,0.004083
55069,Lincoln County,,WI,1633,35484,37117,3,5,8,641,892,1533,6,0.298951,0.311984,64.378872,0.000037,0.000796,18,0.000113,0,39,0.85,0.000676
55071,Manitowoc County,,WI,3767,102564,106331,13,16,29,1967,2305,4272,6,0.342577,0.362513,1474.249993,0.003103,0.002959,18,0.000227,0,39,0.610294,0.023694
55073,Marathon County,,WI,7060,168354,175414,28,25,53,4758,4325,9083,6,0.345813,0.367549,15329.969817,0.004297,0.003897,18,0.00054,0,39,0.395402,0.033944
55075,Marinette County,,WI,2457,49175,51632,10,9,19,1517,1359,2876,6,0.299344,0.313013,5932.430173,0.000854,0.000884,18,0.000257,0,39,0.522727,0.006331
55077,Marquette County,,WI,1444,18501,19945,7,8,15,771,895,1666,6,0.291229,0.303991,50.170387,0.000866,0.000442,18,0.000165,0,39,0.722222,0.006715
55078,Menominee County,,WI,321,4425,4746,1,1,2,89,202,291,7,0.230506,0.236561,0,0.000007,0.000005,18,0.000071,0,39,0,0.000129
55079,Milwaukee County,,WI,52472,1099033,1151505,149,161,310,34776,43318,78094,5,0.419972,0.458443,80431.992067,0.057123,0.0617,18,0.001749,0,39,0.351968,0.434433
55081,Monroe County,,WI,4205,53303,57508,10,10,20,1685,1608,3293,6,0.311515,0.327274,884.770649,0.000918,0.001119,18,0.000236,0,39,0.423077,0.007562
55083,Oconto County,,WI,2379,46550,48929,7,4,11,1733,1523,3256,7,0.265396,0.275636,2.472416,0.00066,0.000107,18,0.000162,0,39,0.857143,0.005121
55085,Oneida County,,WI,2716,46267,48983,12,11,23,1348,1252,2600,6,0.299525,0.313547,1967.568059,0.0021,0.001061,18,0.000248,0,39,0.50641,0.015588
55087,Outagamie County,,WI,14230,223507,237737,32,28,60,10844,10702,21546,6,0.349317,0.371765,4314.220498,0.004852,0.004918,18,0.000575,0,39,0.381462,0.038887
55089,Ozaukee County,,WI,6187,112597,118784,13,12,25,4325,3815,8140,6,0.343052,0.362681,57.393367,0.002685,0.003652,18,0.000196,0,39,0.795238,0.019346
55091,Pepin County,,WI,663,8655,9318,4,4,8,341,391,732,7,0.253246,0.262086,1.99359,0.000043,0.000042,40,0.000131,0,39,0.666667,0.000709
55093,Pierce County,,WI,3236,45050,48286,9,10,19,1817,2228,4045,6,0.305922,0.320517,1002.581988,0.001209,0.001155,40,0.000208,0,39,0.722222,0.009671
55095,Polk County,,WI,2946,52995,55941,11,10,21,1738,1873,3611,6,0.306017,0.32059,8.886919,0.001333,0.001201,40,0.000229,0,39,0.719697,0.010524
55097,Portage County,,WI,4248,81057,85305,16,14,30,2343,2283,4626,6,0.330068,0.348004,283.646242,0.002803,0.001883,18,0.000282,0,39,0.625731,0.021067
55099,Price County,,WI,889,17444,18333,4,3,7,231,177,408,7,0.257155,0.265889,1255.267622,0.000037,0.000032,18,0.00016,0,39,0.333333,0.000735
55101,Racine County,,WI,10902,237285,248187,21,23,44,8059,7088,15147,6,0.357186,0.380871,213.762906,0.008049,0.008389,18,0.000249,0,39,0.650794,0.059024
55103,Richland County,,WI,1105,20303,21408,6,6,12,643,646,1289,6,0.291229,0.303794,3.263658,0.000405,0.000403,18,0.000157,0,39,0.714286,0.003324
55105,Rock County,,WI,8753,194289,203042,21,24,45,5545,5273,10818,6,0.343768,0.364862,769.844375,0.005327,0.003923,18,0.000286,0,39,0.448413,0.038091
55107,Rusk County,,WI,1024,16575,17599,3,5,8,270,414,684,7,0.253375,0.262536,11.085124,0.000015,0.000049,40,0.000119,0,39,0.65,0.000481
55109,St. Croix County,,WI,5960,104938,110898,15,13,28,4648,3895,8543,6,0.336588,0.356537,298.262143,0.002666,0.002521,40,0.000287,0,39,0.633333,0.021344
55111,Sauk County,,WI,4609,78755,83364,17,16,33,3097,2869,5966,6,0.342616,0.362597,1074.990782,0.003017,0.002771,18,0.00029,0,39,0.428571,0.02235
55113,Sawyer County,,WI,1144,20353,21497,3,5,8,294,316,610,7,0.253397,0.262592,2178.852404,0.001449,0.000041,40,0.000094,0,39,0.404762,0.010982
55115,Shawano County,,WI,2750,49187,51937,9,11,20,1878,1979,3857,6,0.299525,0.313547,6068.583001,0.000662,0.000948,18,0.000264,0,39,0.6,0.005433
55117,Sheboygan County,,WI,5966,146955,152921,14,16,30,3018,3405,6423,6,0.344687,0.3652,131.268866,0.002701,0.004008,18,0.000223,0,39,0.722222,0.019703
55119,Taylor County,,WI,1221,23594,24815,5,6,11,486,549,1035,7,0.257513,0.267097,32.899048,0.00004,0.000072,18,0.000177,0,39,0.533333,0.000843
55121,Trempealeau County,,WI,1975,39005,40980,10,7,17,1620,1169,2789,7,0.258006,0.267772,82.001598,0.00016,0.000094,40,0.000246,0,39,0.366667,0.002311
55123,Vernon County,,WI,1848,35092,36940,8,7,15,1219,1135,2354,6,0.291687,0.304351,140.05248,0.001305,0.000409,18,0.000187,0,39,0.607143,0.010329
55125,Vilas County,,WI,1523,26610,28133,7,4,11,831,560,1391,6,0.298921,0.311816,2852.305551,0.001953,0.000792,18,0.00017,0,39,0.690476,0.014177
55127,Walworth County,,WI,7238,119654,126892,17,17,34,5363,4942,10305,6,0.342379,0.3624,114.974569,0.004993,0.004241,18,0.000195,0,39,0.663158,0.034611
55129,Washburn County,,WI,1304,20174,21478,5,6,11,499,592,1091,7,0.253484,0.262929,16.736069,0.00002,0.000074,40,0.00016,0,39,0.380952,0.000707
55131,Washington County,,WI,8171,171525,179696,15,17,32,6410,5847,12257,6,0.342814,0.362934,301.769034,0.003248,0.003083,18,0.000227,0,39,0.683007,0.024669
55133,Waukesha County,,WI,25807,506998,532805,52,72,124,21260,19694,40954,6,0.384815,0.416065,7608.087494,0.020205,0.030619,18,0.000617,0,39,0.453586,0.153611
55135,Waupaca County,,WI,3370,62408,65778,13,10,23,2845,2249,5094,6,0.299495,0.313378,13.647304,0.00133,0.000951,18,0.00024,0,39,0.782051,0.009761
55137,Waushara County,,WI,2209,28037,30246,12,10,22,1321,1550,2871,6,0.296145,0.309477,80.655095,0.001208,0.000578,18,0.000233,0,39,0.643939,0.009023
55139,Winnebago County,,WI,12435,196841,209276,31,29,60,8530,9026,17556,6,0.35068,0.373339,3859.973413,0.00496,0.005909,18,0.000483,0,39,0.409159,0.038267
55141,Wood County,,WI,4726,93210,97936,11,19,30,2040,2928,4968,6,0.345491,0.366425,689.981747,0.001053,0.003603,18,0.000232,0,39,0.599415,0.008387
56001,Albany County,,WY,4907,33518,38425,15,23,38,1309,2027,3336,6,0.350349,0.372709,1546.272063,0.003857,0.006326,7,0.000258,0,39,0.447692,0.031561
56003,Big Horn County,,WY,939,12943,13882,1,3,4,156,286,442,7,0.258613,0.268809,0,0.000011,0.000128,7,0.000066,0,39,1,0.000207
56005,Campbell County,,WY,4475,55889,60364,20,20,40,1746,1678,3424,6,0.338084,0.359016,14864.971458,0.004199,0.003621,7,0.000519,0,39,0.330769,0.034347
56007,Carbon County,,WY,1995,17708,19703,8,7,15,531,606,1137,6,0.332996,0.351062,149.417437,0.001551,0.001299,7,0.000155,0,39,0.645455,0.012497
56009,Converse County,,WY,1396,16232,17628,4,3,7,411,444,855,7,0.265514,0.275675,0.465812,0.000147,0.000235,7,0.000121,0,39,0.9,0.001809
56011,Crook County,,WY,804,8201,9005,1,2,3,276,267,543,7,0.257669,0.26604,0,0.000027,0.000039,7,0.000072,0,39,1,0.000345
56013,Fremont County,,WY,2804,46404,49208,11,12,23,903,878,1781,6,0.334424,0.353564,4188.29742,0.003558,0.001704,7,0.000205,0,39,0.488971,0.028866
56015,Goshen County,,WY,1216,14270,15486,4,4,8,377,296,673,6,0.266661,0.276925,10.609485,0.00019,0.000212,7,0.000114,0,39,0.633333,0.001591
56017,Hot Springs County,,WY,476,5494,5970,2,2,4,117,90,207,7,0.261764,0.270903,2965,0.000023,0.000095,7,0.000081,0,39,0.666667,0.000499
56019,Johnson County,,WY,992,10148,11140,3,3,6,283,237,520,7,0.262227,0.271774,0,0.000093,0.000142,7,0.000118,0,39,1,0.001422
56021,Laramie County,,WY,9818,109845,119663,40,38,78,5391,3974,9365,6,0.359917,0.385497,17996.533465,0.014829,0.01537,7,0.000621,0,39,0.467262,0.121849
56023,Lincoln County,,WY,1965,20406,22371,7,9,16,558,557,1115,6,0.301996,0.315936,17.184599,0.001173,0.001116,7,0.000126,0,39,0.533333,0.009145
56025,Natrona County,,WY,5997,90319,96316,40,25,65,3966,2554,6520,6,0.354368,0.377926,18524.112298,0.012803,0.00821,7,0.000734,0,39,0.385366,0.105835
56027,Niobrara County,,WY,251,2736,2987,0,0,0,0,0,0,0,0,0,0,0,0,138,0.00005,121,213,0,0
56029,Park County,,WY,3171,35060,38231,9,12,21,763,891,1654,6,0.334348,0.353536,6365.557081,0.001997,0.001465,7,0.000221,0,39,0.401099,0.016589
56031,Platte County,,WY,813,10366,11179,4,3,7,206,218,424,7,0.265514,0.275675,2.02897,0.000223,0.000235,7,0.000123,0,39,0.75,0.002231
56033,Sheridan County,,WY,2735,34935,37670,11,10,21,803,831,1634,6,0.282032,0.29584,511.578889,0.002143,0.000818,7,0.000249,0,39,0.527473,0.017898
56035,Sublette County,,WY,1413,10763,12176,5,2,7,270,200,470,7,0.262389,0.271892,2.705531,0.000977,0.000156,7,0.000112,0,39,0.433333,0.007636
56037,Sweetwater County,,WY,4777,53366,58143,23,25,48,1988,2107,4095,6,0.344687,0.367903,2106.958375,0.008317,0.005375,7,0.000362,0,39,0.443011,0.06645
56039,Teton County,,WY,2775,30497,33272,6,9,15,587,741,1328,6,0.338277,0.357982,1546.748166,0.002596,0.00394,7,0.00013,0,39,0.522222,0.021069
56041,Uinta County,,WY,1926,24763,26689,8,12,20,627,815,1442,6,0.302551,0.316976,37.916443,0.002094,0.001525,7,0.000132,0,39,0.564103,0.015812
56043,Washakie County,,WY,715,9997,10712,1,2,3,44,99,143,7,0.261949,0.271212,1.748802,0.000001,0.000109,7,0.000085,0,39,0.666667,0.000084
56045,Weston County,,WY,637,8225,8862,1,1,2,53,115,168,7,0.252685,0.260866,0,0.000027,0.000031,7,0.000072,0,39,0,0.000345
