id,label,timeset,state,totalMig,totalNonMig,population
1001,Autauga County,,AL,6901,59453,66354
1003,Baldwin County,,AL,13055,209473,222528
1005,Barbour County,,AL,2370,25973,28343
1007,Bibb County,,AL,1707,21038,22745
1009,Blount County,,AL,4060,60288,64348
1011,Bullock County,,AL,772,9126,9898
1013,Butler County,,AL,1435,22087,23522
1015,Calhoun County,,AL,8299,125666,133965
1017,Chambers County,,AL,3176,36615,39791
1019,Cherokee County,,AL,1504,24767,26271
1021,Chilton County,,AL,3036,46163,49199
1023,Choctaw County,,AL,581,14541,15122
1025,Clarke County,,AL,1676,28340,30016
1027,Clay County,,AL,1081,14488,15569
1029,Cleburne County,,AL,1053,15101,16154
1031,Coffee County,,AL,6685,50931,57616
1033,Colbert County,,AL,3853,60944,64797
1035,Conecuh County,,AL,883,13411,14294
1037,Coosa County,,AL,906,7974,8880
1039,Covington County,,AL,2329,39416,41745
1041,Crenshaw County,,AL,1442,14653,16095
1043,Cullman County,,AL,4626,87788,92414
1045,Dale County,,AL,8153,48205,56358
1047,Dallas County,,AL,3020,46349,49369
1049,DeKalb County,,AL,4993,73484,78477
1051,Elmore County,,AL,8462,87482,95944
1053,Escambia County,,AL,2217,37770,39987
1055,Etowah County,,AL,5779,110233,116012
1057,Fayette County,,AL,1088,16932,18020
1059,Franklin County,,AL,3638,35965,39603
1061,Geneva County,,AL,2068,26526,28594
1063,Greene County,,AL,539,8928,9467
1065,Hale County,,AL,1526,16627,18153
1067,Henry County,,AL,1532,18177,19709
1069,Houston County,,AL,9375,112535,121910
1071,Jackson County,,AL,2989,56447,59436
1073,Jefferson County,,AL,42783,742674,785457
1075,Lamar County,,AL,824,14802,15626
1077,Lauderdale County,,AL,5344,97732,103076
1079,Lawrence County,,AL,1933,36606,38539
1081,Lee County,,AL,13894,142363,156257
1083,Limestone County,,AL,7350,93856,101206
1085,Lowndes County,,AL,1219,13383,14602
1087,Macon County,,AL,2086,20203,22289
1089,Madison County,,AL,23064,399446,422510
1091,Marengo County,,AL,1631,22369,24000
1093,Marion County,,AL,2025,28691,30716
1095,Marshall County,,AL,7578,105314,112892
1097,Mobile County,,AL,20499,454346,474845
1099,Monroe County,,AL,1293,23429,24722
1101,Montgomery County,,AL,20117,254385,274502
1103,Morgan County,,AL,8945,137899,146844
1105,Perry County,,AL,850,10110,10960
1107,Pickens County,,AL,1141,20923,22064
1109,Pike County,,AL,3059,30325,33384
1111,Randolph County,,AL,1594,23692,25286
1113,Russell County,,AL,10068,55612,65680
1115,St. Clair County,,AL,6368,88115,94483
1117,Shelby County,,AL,17911,225349,243260
1119,Sumter County,,AL,805,12893,13698
1121,Talladega County,,AL,5503,82887,88390
1123,Tallapoosa County,,AL,4559,45809,50368
1125,Tuscaloosa County,,AL,11591,196810,208401
1127,Walker County,,AL,3609,69003,72612
1129,Washington County,,AL,1111,18383,19494
1131,Wilcox County,,AL,917,12813,13730
1133,Winston County,,AL,1671,23986,25657
2013,Aleutians East Borough,,AK,374,2024,2398
2016,Aleutians West Census Area,,AK,664,4803,5467
2020,Anchorage Municipality,,AK,34673,340423,375096
2050,Bethel Census Area,,AK,983,17741,18724
2060,Bristol Bay Borough,,AK,157,1117,1274
2068,Denali Borough,,AK,323,2501,2824
2070,Dillingham Census Area,,AK,380,5288,5668
2090,Fairbanks North Star Borough,,AK,14043,106870,120913
2100,Haines Borough,,AK,250,2978,3228
2105,Hoonah-Angoon Census Area,,AK,202,2237,2439
2110,Juneau City and Borough,,AK,3076,37855,40931
2122,Kenai Peninsula Borough,,AK,5096,65451,70547
2130,Ketchikan Gateway Borough,,AK,1316,16017,17333
2150,Kodiak Island Borough,,AK,2127,16698,18825
2164,Lake and Peninsula Borough,,AK,132,1728,1860
2170,Matanuska-Susitna Borough,,AK,8102,100237,108339
2180,Nome Census Area,,AK,611,9503,10114
2185,North Slope Borough,,AK,578,7503,8081
2188,Northwest Arctic Borough,,AK,592,6602,7194
2195,Petersburg Census Area,,AK,397,4397,4794
2198,Prince of Wales-Hyder Census Area,,AK,413,5391,5804
2220,Sitka City and Borough,,AK,936,10410,11346
2230,Skagway Municipality,,AK,98,1311,1409
2240,Southeast Fairbanks Census Area,,AK,989,8573,9562
2261,Valdez-Cordova Census Area,,AK,1211,11477,12688
2270,Wade Hampton Census Area,,AK,396,7477,7873
2275,Wrangell City and Borough,,AK,220,2477,2697
2282,Yakutat City and Borough,,AK,42,599,641
2290,Yukon-Koyukuk Census Area,,AK,461,5999,6460
4001,Apache County,,AZ,6747,65920,72667
4003,Cochise County,,AZ,14641,135736,150377
4005,Coconino County,,AZ,13666,135493,149159
4007,Gila County,,AZ,4098,53628,57726
4009,Graham County,,AZ,2185,30993,33178
4011,Greenlee County,,AZ,791,8066,8857
4012,La Paz County,,AZ,1654,15753,17407
4013,Maricopa County,,AZ,193555,4319468,4513023
4015,Mohave County,,AZ,15591,190133,205724
4017,Navajo County,,AZ,9025,101916,110941
4019,Pima County,,AZ,53626,1062293,1115919
4021,Pinal County,,AZ,40031,317878,357909
4023,Santa Cruz County,,AZ,3526,57618,61144
4025,Yavapai County,,AZ,16921,228781,245702
4027,Yuma County,,AZ,14731,230750,245481
5001,Arkansas County,,AR,1152,21329,22481
5003,Ashley County,,AR,1229,23331,24560
5005,Baxter County,,AR,2903,44009,46912
5007,Benton County,,AR,19735,256902,276637
5009,Boone County,,AR,2573,39799,42372
5011,Bradley County,,AR,712,11674,12386
5013,Calhoun County,,AR,339,4771,5110
5015,Carroll County,,AR,2133,30005,32138
5017,Chicot County,,AR,867,11058,11925
5019,Clark County,,AR,1918,21305,23223
5021,Clay County,,AR,1129,15752,16881
5023,Cleburne County,,AR,2281,26991,29272
5025,Cleveland County,,AR,584,8940,9524
5027,Columbia County,,AR,1639,24059,25698
5029,Conway County,,AR,1472,21994,23466
5031,Craighead County,,AR,7519,100702,108221
5033,Crawford County,,AR,4967,62949,67916
5035,Crittenden County,,AR,4168,55904,60072
5037,Cross County,,AR,1432,19547,20979
5039,Dallas County,,AR,666,7851,8517
5041,Desha County,,AR,1004,13584,14588
5043,Drew County,,AR,1440,18580,20020
5045,Faulkner County,,AR,9956,118375,128331
5047,Franklin County,,AR,1339,17835,19174
5049,Fulton County,,AR,960,10718,11678
5051,Garland County,,AR,7389,104888,112277
5053,Grant County,,AR,1548,19351,20899
5055,Greene County,,AR,2744,44916,47660
5057,Hempstead County,,AR,1725,22323,24048
5059,Hot Spring County,,AR,2577,31900,34477
5061,Howard County,,AR,1103,14733,15836
5063,Independence County,,AR,2796,39434,42230
5065,Izard County,,AR,915,11528,12443
5067,Jackson County,,AR,1086,15607,16693
5069,Jefferson County,,AR,5230,79789,85019
5071,Johnson County,,AR,1566,25707,27273
5073,Lafayette County,,AR,471,6883,7354
5075,Lawrence County,,AR,1249,16416,17665
5077,Lee County,,AR,640,8239,8879
5079,Lincoln County,,AR,762,11141,11903
5081,Little River County,,AR,966,13385,14351
5083,Logan County,,AR,1786,22548,24334
5085,Lonoke County,,AR,7599,74548,82147
5087,Madison County,,AR,1163,16422,17585
5089,Marion County,,AR,1375,15958,17333
5091,Miller County,,AR,4413,42926,47339
5093,Mississippi County,,AR,3557,48211,51768
5095,Monroe County,,AR,762,8174,8936
5097,Montgomery County,,AR,538,8471,9009
5099,Nevada County,,AR,606,9075,9681
5101,Newton County,,AR,656,8187,8843
5103,Ouachita County,,AR,1727,26586,28313
5105,Perry County,,AR,1050,10481,11531
5107,Phillips County,,AR,1602,20981,22583
5109,Pike County,,AR,911,11217,12128
5111,Poinsett County,,AR,1953,23853,25806
5113,Polk County,,AR,1152,20775,21927
5115,Pope County,,AR,4690,64340,69030
5117,Prairie County,,AR,538,8454,8992
5119,Pulaski County,,AR,31536,442276,473812
5121,Randolph County,,AR,1137,17832,18969
5123,St. Francis County,,AR,1906,24450,26356
5125,Saline County,,AR,8716,120837,129553
5127,Scott County,,AR,909,11139,12048
5129,Searcy County,,AR,522,8213,8735
5131,Sebastian County,,AR,10399,134517,144916
5133,Sevier County,,AR,975,16930,17905
5135,Sharp County,,AR,2347,16386,18733
5137,Stone County,,AR,849,12251,13100
5139,Union County,,AR,2892,47259,50151
5141,Van Buren County,,AR,1261,16723,17984
5143,Washington County,,AR,17152,213452,230604
5145,White County,,AR,5731,79493,85224
5147,Woodruff County,,AR,499,7284,7783
5149,Yell County,,AR,1827,21723,23550
6001,Alameda County,,CA,112066,1781923,1893989
6003,Alpine County,,CA,96,973,1069
6005,Amador County,,CA,2259,38804,41063
6007,Butte County,,CA,11506,219549,231055
6009,Calaveras County,,CA,3510,48297,51807
6011,Colusa County,,CA,1319,28834,30153
6013,Contra Costa County,,CA,69914,1279021,1348935
6015,Del Norte County,,CA,1651,23880,25531
6017,El Dorado County,,CA,13964,207248,221212
6019,Fresno County,,CA,36768,1023404,1060172
6021,Glenn County,,CA,2128,32538,34666
6023,Humboldt County,,CA,7459,131816,139275
6025,Imperial County,,CA,9473,218607,228080
6027,Inyo County,,CA,1381,20561,21942
6029,Kern County,,CA,36819,895615,932434
6031,Kings County,,CA,11619,147216,158835
6033,Lake County,,CA,4078,60598,64676
6035,Lassen County,,CA,1815,25491,27306
6037,Los Angeles County,,CA,396680,11308043,11704723
6039,Madera County,,CA,9175,161820,170995
6041,Marin County,,CA,18040,306589,324629
6043,Mariposa County,,CA,1651,18551,20202
6045,Mendocino County,,CA,4521,95481,100002
6047,Merced County,,CA,15023,274674,289697
6049,Modoc County,,CA,693,8836,9529
6051,Mono County,,CA,1604,14899,16503
6053,Monterey County,,CA,30700,535014,565714
6055,Napa County,,CA,9405,170489,179894
6057,Nevada County,,CA,7679,113446,121125
6059,Orange County,,CA,167664,3683972,3851636
6061,Placer County,,CA,29553,417301,446854
6063,Plumas County,,CA,1730,21162,22892
6065,Riverside County,,CA,145873,2390719,2536592
6067,Sacramento County,,CA,84040,1604325,1688365
6069,San Benito County,,CA,4139,67274,71413
6071,San Bernardino County,,CA,149734,2215461,2365195
6073,San Diego County,,CA,186444,3692457,3878901
6075,San Francisco County,,CA,80763,941087,1021850
6077,San Joaquin County,,CA,40359,781027,821386
6079,San Luis Obispo County,,CA,15548,299509,315057
6081,San Mateo County,,CA,57055,897454,954509
6083,Santa Barbara County,,CA,23912,487792,511704
6085,Santa Clara County,,CA,108966,2236324,2345290
6087,Santa Cruz County,,CA,17067,315609,332676
6089,Shasta County,,CA,9616,187209,196825
6091,Sierra County,,CA,278,3025,3303
6093,Siskiyou County,,CA,2810,46657,49467
6095,Solano County,,CA,32039,473796,505835
6097,Sonoma County,,CA,22215,580706,602921
6099,Stanislaus County,,CA,27708,572257,599965
6101,Sutter County,,CA,7806,103521,111327
6103,Tehama County,,CA,4284,63687,67971
6105,Trinity County,,CA,874,11500,12374
6107,Tulare County,,CA,18821,492014,510835
6109,Tuolumne County,,CA,3345,56718,60063
6111,Ventura County,,CA,48515,1050138,1098653
6113,Yolo County,,CA,17112,209260,226372
6115,Yuba County,,CA,8598,70362,78960
8001,Adams County,,CO,51583,504257,555840
8003,Alamosa County,,CO,1583,15715,17298
8005,Arapahoe County,,CO,75230,669870,745100
8007,Archuleta County,,CO,1151,13028,14179
8009,Baca County,,CO,206,4111,4317
8011,Bent County,,CO,366,4102,4468
8013,Boulder County,,CO,28728,340882,369610
8014,Broomfield County,,CO,15127,109036,124163
8015,Chaffee County,,CO,1423,19495,20918
8017,Cheyenne County,,CO,144,2110,2254
8019,Clear Creek County,,CO,1093,9888,10981
8021,Conejos County,,CO,434,8385,8819
8023,Costilla County,,CO,285,3235,3520
8025,Crowley County,,CO,244,2906,3150
8027,Custer County,,CO,457,4345,4802
8029,Delta County,,CO,2085,32478,34563
8031,Denver County,,CO,91829,672757,764586
8033,Dolores County,,CO,135,2026,2161
8035,Douglas County,,CO,31747,348889,380636
8037,Eagle County,,CO,6073,61775,67848
8039,Elbert County,,CO,2523,25572,28095
8041,El Paso County,,CO,65857,710958,776815
8043,Fremont County,,CO,2837,42726,45563
8045,Garfield County,,CO,5579,62128,67707
8047,Gilpin County,,CO,841,5343,6184
8049,Grand County,,CO,1662,14944,16606
8051,Gunnison County,,CO,1615,15945,17560
8053,Hinsdale County,,CO,113,906,1019
8055,Huerfano County,,CO,489,6315,6804
8057,Jackson County,,CO,122,1488,1610
8059,Jefferson County,,CO,53125,598168,651293
8061,Kiowa County,,CO,74,1583,1657
8063,Kit Carson County,,CO,615,8511,9126
8065,Lake County,,CO,820,7126,7946
8067,La Plata County,,CO,4753,58139,62892
8069,Larimer County,,CO,25879,348314,374193
8071,Las Animas County,,CO,1377,15105,16482
8073,Lincoln County,,CO,487,4882,5369
8075,Logan County,,CO,1499,20868,22367
8077,Mesa County,,CO,10439,164588,175027
8079,Mineral County,,CO,102,886,988
8081,Moffat County,,CO,1214,14710,15924
8083,Montezuma County,,CO,2173,26796,28969
8085,Montrose County,,CO,3381,45454,48835
8087,Morgan County,,CO,2432,31954,34386
8089,Otero County,,CO,1261,19857,21118
8091,Ouray County,,CO,454,5109,5563
8093,Park County,,CO,1842,15482,17324
8095,Phillips County,,CO,352,5030,5382
8097,Pitkin County,,CO,2154,19656,21810
8099,Prowers County,,CO,907,13135,14042
8101,Pueblo County,,CO,8614,170397,179011
8103,Rio Blanco County,,CO,755,7323,8078
8105,Rio Grande County,,CO,1259,15223,16482
8107,Routt County,,CO,2584,26864,29448
8109,Saguache County,,CO,429,3965,4394
8111,San Juan County,,CO,62,692,754
8113,San Miguel County,,CO,815,8334,9149
8115,Sedgwick County,,CO,154,2596,2750
8117,Summit County,,CO,4360,33523,37883
8119,Teller County,,CO,2895,26539,29434
8121,Washington County,,CO,352,4805,5157
8123,Weld County,,CO,22234,286723,308957
8125,Yuma County,,CO,812,11229,12041
9001,Fairfield County,,CT,48803,1100474,1149277
9003,Hartford County,,CT,46379,1078600,1124979
9005,Litchfield County,,CT,10728,231804,242532
9007,Middlesex County,,CT,11625,201128,212753
9009,New Haven County,,CT,45164,1000354,1045518
9011,New London County,,CT,18895,324044,342939
9013,Tolland County,,CT,10647,167480,178127
9015,Windham County,,CT,7485,134377,141862
10001,Kent County,,DE,12148,183453,195601
10003,New Castle County,,DE,30565,634981,665546
10005,Sussex County,,DE,11820,228672,240492
11001,District of Columbia,,DC,71640,636644,708284
12001,Alachua County,,FL,25781,242089,267870
12003,Baker County,,FL,1886,26604,28490
12005,Bay County,,FL,16113,188325,204438
12007,Bradford County,,FL,2593,24300,26893
12009,Brevard County,,FL,36992,624081,661073
12011,Broward County,,FL,188388,2055262,2243650
12013,Calhoun County,,FL,1041,12216,13257
12015,Charlotte County,,FL,15390,167350,182740
12017,Citrus County,,FL,11078,146829,157907
12019,Clay County,,FL,22131,218124,240255
12021,Collier County,,FL,34284,379157,413441
12023,Columbia County,,FL,5940,64671,70611
12027,DeSoto County,,FL,2884,29217,32101
12029,Dixie County,,FL,1266,12464,13730
12031,Duval County,,FL,78668,994815,1073483
12033,Escambia County,,FL,29302,320300,349602
12035,Flagler County,,FL,9667,107303,116970
12037,Franklin County,,FL,872,10314,11186
12039,Gadsden County,,FL,4460,50396,54856
12041,Gilchrist County,,FL,1750,15715,17465
12043,Glades County,,FL,1287,8070,9357
12045,Gulf County,,FL,1277,13101,14378
12047,Hamilton County,,FL,1325,11770,13095
12049,Hardee County,,FL,2634,26692,29326
12051,Hendry County,,FL,4845,37444,42289
12053,Hernando County,,FL,15622,178478,194100
12055,Highlands County,,FL,8523,97058,105581
12057,Hillsborough County,,FL,166459,1422616,1589075
12059,Holmes County,,FL,1725,17120,18845
12061,Indian River County,,FL,11880,160509,172389
12063,Jackson County,,FL,3471,46387,49858
12065,Jefferson County,,FL,1298,14379,15677
12067,Lafayette County,,FL,445,6078,6523
12069,Lake County,,FL,30069,334019,364088
12071,Lee County,,FL,52675,691057,743732
12073,Leon County,,FL,29166,274183,303349
12075,Levy County,,FL,4024,40117,44141
12077,Liberty County,,FL,515,6825,7340
12079,Madison County,,FL,1369,18073,19442
12081,Manatee County,,FL,30272,361861,392133
12083,Marion County,,FL,27838,360744,388582
12085,Martin County,,FL,13637,162338,175975
12086,Miami-Dade County,,FL,237241,2936718,3173959
12087,Monroe County,,FL,10461,88151,98612
12089,Nassau County,,FL,6750,86758,93508
12091,Okaloosa County,,FL,23824,215674,239498
12093,Okeechobee County,,FL,3317,37270,40587
12095,Orange County,,FL,126907,1297829,1424736
12097,Osceola County,,FL,35927,302518,338445
12099,Palm Beach County,,FL,101544,1518836,1620380
12101,Pasco County,,FL,45512,487502,533014
12103,Pinellas County,,FL,78317,1028446,1106763
12105,Polk County,,FL,55769,657138,712907
12107,Putnam County,,FL,6131,70227,76358
12109,St. Johns County,,FL,18115,226015,244130
12111,St. Lucie County,,FL,25859,304592,330451
12113,Santa Rosa County,,FL,17200,166748,183948
12115,Sarasota County,,FL,34939,436129,471068
12117,Seminole County,,FL,50106,477552,527658
12119,Sumter County,,FL,7924,98482,106406
12121,Suwannee County,,FL,3990,39922,43912
12123,Taylor County,,FL,1634,20731,22365
12125,Union County,,FL,1219,11491,12710
12127,Volusia County,,FL,40598,540612,581210
12129,Wakulla County,,FL,2606,30952,33558
12131,Walton County,,FL,6183,57774,63957
12133,Washington County,,FL,2408,22282,24690
13001,Appling County,,GA,1036,18650,19686
13003,Atkinson County,,GA,727,8518,9245
13005,Bacon County,,GA,723,11090,11813
13007,Baker County,,GA,311,3324,3635
13009,Baldwin County,,GA,3121,42010,45131
13011,Banks County,,GA,2258,17602,19860
13013,Barrow County,,GA,7228,75607,82835
13015,Bartow County,,GA,8914,109597,118511
13017,Ben Hill County,,GA,1655,17847,19502
13019,Berrien County,,GA,1880,17123,19003
13021,Bibb County,,GA,14347,168223,182570
13023,Bleckley County,,GA,857,12735,13592
13025,Brantley County,,GA,1379,16754,18133
13027,Brooks County,,GA,1930,15588,17518
13029,Bryan County,,GA,5663,37201,42864
13031,Bulloch County,,GA,6891,60814,67705
13033,Burke County,,GA,2613,25598,28211
13035,Butts County,,GA,2371,22856,25227
13037,Calhoun County,,GA,456,5300,5756
13039,Camden County,,GA,6989,51893,58882
13043,Candler County,,GA,996,10907,11903
13045,Carroll County,,GA,11510,119878,131388
13047,Catoosa County,,GA,6344,65688,72032
13049,Charlton County,,GA,920,9189,10109
13051,Chatham County,,GA,30088,289072,319160
13053,Chattahoochee County,,GA,4460,6799,11259
13055,Chattooga County,,GA,1530,24813,26343
13057,Cherokee County,,GA,18749,250428,269177
13059,Clarke County,,GA,12572,100980,113552
13061,Clay County,,GA,249,3046,3295
13063,Clayton County,,GA,51730,278624,330354
13065,Clinch County,,GA,439,6793,7232
13067,Cobb County,,GA,84733,870596,955329
13069,Coffee County,,GA,2802,41957,44759
13071,Colquitt County,,GA,4633,47350,51983
13073,Columbia County,,GA,14185,142527,156712
13075,Cook County,,GA,1871,16535,18406
13077,Coweta County,,GA,16744,156701,173445
13079,Crawford County,,GA,1316,12713,14029
13081,Crisp County,,GA,2403,22339,24742
13083,Dade County,,GA,1331,15450,16781
13085,Dawson County,,GA,2231,22648,24879
13087,Decatur County,,GA,2195,29868,32063
13089,DeKalb County,,GA,111052,750956,862008
13091,Dodge County,,GA,1321,19438,20759
13093,Dooly County,,GA,978,10740,11718
13095,Dougherty County,,GA,9947,96655,106602
13097,Douglas County,,GA,19001,139630,158631
13099,Early County,,GA,831,11196,12027
13101,Echols County,,GA,425,3555,3980
13103,Effingham County,,GA,4950,58128,63078
13105,Elbert County,,GA,1380,21783,23163
13107,Emanuel County,,GA,1610,23829,25439
13109,Evans County,,GA,1343,11123,12466
13111,Fannin County,,GA,1650,23503,25153
13113,Fayette County,,GA,12453,127150,139603
13115,Floyd County,,GA,6830,103119,109949
13117,Forsyth County,,GA,15498,212171,227669
13119,Franklin County,,GA,2273,22520,24793
13121,Fulton County,,GA,157938,1186684,1344622
13123,Gilmer County,,GA,2206,29445,31651
13125,Glascock County,,GA,158,2870,3028
13127,Glynn County,,GA,6682,85600,92282
13129,Gordon County,,GA,4385,61480,65865
13131,Grady County,,GA,1787,26637,28424
13133,Greene County,,GA,1278,17800,19078
13135,Gwinnett County,,GA,83630,938940,1022570
13137,Habersham County,,GA,3582,44757,48339
13139,Hall County,,GA,15282,212963,228245
13141,Hancock County,,GA,606,8288,8894
13143,Haralson County,,GA,2649,28475,31124
13145,Harris County,,GA,3414,35245,38659
13147,Hart County,,GA,1830,25991,27821
13149,Heard County,,GA,1153,10695,11848
13151,Henry County,,GA,24917,225916,250833
13153,Houston County,,GA,15329,167509,182838
13155,Irwin County,,GA,1156,9327,10483
13157,Jackson County,,GA,5962,65724,71686
13159,Jasper County,,GA,2019,14494,16513
13161,Jeff Davis County,,GA,1038,15528,16566
13163,Jefferson County,,GA,1270,19307,20577
13165,Jenkins County,,GA,637,8037,8674
13167,Johnson County,,GA,581,7835,8416
13169,Jones County,,GA,2595,30620,33215
13171,Lamar County,,GA,1874,17125,18999
13173,Lanier County,,GA,1576,8138,9714
13175,Laurens County,,GA,3134,53057,56191
13177,Lee County,,GA,3528,33917,37445
13179,Liberty County,,GA,17409,59922,77331
13181,Lincoln County,,GA,455,8290,8745
13183,Long County,,GA,2508,10852,13360
13185,Lowndes County,,GA,13618,109667,123285
13187,Lumpkin County,,GA,3137,27369,30506
13189,McDuffie County,,GA,1692,23681,25373
13191,McIntosh County,,GA,1133,11598,12731
13193,Macon County,,GA,1055,12334,13389
13195,Madison County,,GA,2881,29857,32738
13197,Marion County,,GA,624,7473,8097
13199,Meriwether County,,GA,2808,22923,25731
13201,Miller County,,GA,576,5664,6240
13205,Mitchell County,,GA,1743,22856,24599
13207,Monroe County,,GA,2367,28221,30588
13209,Montgomery County,,GA,947,7907,8854
13211,Morgan County,,GA,1623,20605,22228
13213,Murray County,,GA,3390,40770,44160
13215,Muscogee County,,GA,28588,214124,242712
13217,Newton County,,GA,11076,105669,116745
13219,Oconee County,,GA,3730,39072,42802
13221,Oglethorpe County,,GA,1276,14712,15988
13223,Paulding County,,GA,14301,153323,167624
13225,Peach County,,GA,3072,27116,30188
13227,Pickens County,,GA,2629,33811,36440
13229,Pierce County,,GA,1496,19656,21152
13231,Pike County,,GA,1748,19078,20826
13233,Polk County,,GA,3356,44324,47680
13235,Pulaski County,,GA,806,9876,10682
13237,Putnam County,,GA,1895,22629,24524
13239,Quitman County,,GA,264,2287,2551
13241,Rabun County,,GA,1154,17925,19079
13243,Randolph County,,GA,569,7313,7882
13245,Richmond County,,GA,25370,206854,232224
13247,Rockdale County,,GA,13890,90058,103948
13249,Schley County,,GA,373,4558,4931
13251,Screven County,,GA,1147,14505,15652
13253,Seminole County,,GA,821,9317,10138
13255,Spalding County,,GA,7066,66884,73950
13257,Stephens County,,GA,2243,26084,28327
13259,Stewart County,,GA,432,4529,4961
13261,Sumter County,,GA,2593,33084,35677
13263,Talbot County,,GA,752,6702,7454
13265,Taliaferro County,,GA,113,1547,1660
13267,Tattnall County,,GA,2000,20249,22249
13269,Taylor County,,GA,556,8579,9135
13271,Telfair County,,GA,1018,10774,11792
13273,Terrell County,,GA,853,10966,11819
13275,Thomas County,,GA,3625,48652,52277
13277,Tift County,,GA,5112,43755,48867
13279,Toombs County,,GA,2287,28489,30776
13281,Towns County,,GA,809,11212,12021
13283,Treutlen County,,GA,472,6181,6653
13285,Troup County,,GA,5395,74443,79838
13287,Turner County,,GA,1828,9645,11473
13289,Twiggs County,,GA,870,9191,10061
13291,Union County,,GA,1577,22509,24086
13293,Upson County,,GA,1937,28059,29996
13295,Walker County,,GA,5552,66145,71697
13297,Walton County,,GA,9440,90339,99779
13299,Ware County,,GA,3187,35313,38500
13301,Warren County,,GA,554,5879,6433
13303,Washington County,,GA,1098,21805,22903
13305,Wayne County,,GA,2302,28702,31004
13307,Webster County,,GA,175,2498,2673
13309,Wheeler County,,GA,418,4706,5124
13311,White County,,GA,2243,26720,28963
13313,Whitfield County,,GA,7235,121323,128558
13315,Wilcox County,,GA,634,7218,7852
13317,Wilkes County,,GA,654,10887,11541
13319,Wilkinson County,,GA,751,10970,11721
13321,Worth County,,GA,2204,22430,24634
15001,Hawaii County,,HI,8814,199640,208454
15003,Honolulu County,,HI,70225,1136766,1206991
15005,Kalawao County,,HI,0,0,0
15007,Kauai County,,HI,3513,80260,83773
15009,Maui County,,HI,7470,178398,185868
16001,Ada County,,ID,28201,461099,489300
16003,Adams County,,ID,412,4070,4482
16005,Bannock County,,ID,6967,88101,95068
16007,Bear Lake County,,ID,512,6653,7165
16009,Benewah County,,ID,694,9757,10451
16011,Bingham County,,ID,4017,52556,56573
16013,Blaine County,,ID,1756,27781,29537
16015,Boise County,,ID,849,7151,8000
16017,Bonner County,,ID,3556,43601,47157
16019,Bonneville County,,ID,8751,120692,129443
16021,Boundary County,,ID,861,11883,12744
16023,Butte County,,ID,383,2867,3250
16025,Camas County,,ID,99,1032,1131
16027,Canyon County,,ID,15135,205914,221049
16029,Caribou County,,ID,471,7869,8340
16031,Cassia County,,ID,2195,26275,28470
16033,Clark County,,ID,109,916,1025
16035,Clearwater County,,ID,608,8535,9143
16037,Custer County,,ID,439,4797,5236
16039,Elmore County,,ID,4316,27201,31517
16041,Franklin County,,ID,889,14834,15723
16043,Fremont County,,ID,1348,14454,15802
16045,Gem County,,ID,1652,17942,19594
16047,Gooding County,,ID,1488,17990,19478
16049,Idaho County,,ID,968,14940,15908
16051,Jefferson County,,ID,2618,29784,32402
16053,Jerome County,,ID,2562,26136,28698
16055,Kootenai County,,ID,10202,163798,174000
16057,Latah County,,ID,3714,35668,39382
16059,Lemhi County,,ID,678,8667,9345
16061,Lewis County,,ID,1170,4850,6020
16063,Lincoln County,,ID,538,5863,6401
16065,Madison County,,ID,5846,28734,34580
16067,Minidoka County,,ID,2027,23539,25566
16069,Nez Perce County,,ID,3138,43726,46864
16071,Oneida County,,ID,354,4824,5178
16073,Owyhee County,,ID,1304,12012,13316
16075,Payette County,,ID,2353,24746,27099
16077,Power County,,ID,753,9404,10157
16079,Shoshone County,,ID,979,13069,14048
16081,Teton County,,ID,1126,10853,11979
16083,Twin Falls County,,ID,6479,87841,94320
16085,Valley County,,ID,1206,10666,11872
16087,Washington County,,ID,888,10709,11597
17001,Adams County,,IL,3123,81329,84452
17003,Alexander County,,IL,695,7207,7902
17005,Bond County,,IL,1251,18337,19588
17007,Boone County,,IL,4847,67811,72658
17009,Brown County,,IL,330,5978,6308
17011,Bureau County,,IL,2282,42751,45033
17013,Calhoun County,,IL,219,5947,6166
17015,Carroll County,,IL,1059,19334,20393
17017,Cass County,,IL,1227,16807,18034
17019,Champaign County,,IL,15091,206138,221229
17021,Christian County,,IL,1979,40487,42466
17023,Clark County,,IL,1037,19478,20515
17025,Clay County,,IL,790,16635,17425
17027,Clinton County,,IL,2574,44642,47216
17029,Coles County,,IL,3523,51837,55360
17031,Cook County,,IL,252219,6302842,6555061
17033,Crawford County,,IL,945,22832,23777
17035,Cumberland County,,IL,897,12874,13771
17037,DeKalb County,,IL,8792,111584,120376
17039,De Witt County,,IL,1190,19369,20559
17041,Douglas County,,IL,1542,25335,26877
17043,DuPage County,,IL,77211,1178315,1255526
17045,Edgar County,,IL,1086,21328,22414
17047,Edwards County,,IL,461,7162,7623
17049,Effingham County,,IL,1966,43916,45882
17051,Fayette County,,IL,1504,24550,26054
17053,Ford County,,IL,1127,16558,17685
17055,Franklin County,,IL,2435,43444,45879
17057,Fulton County,,IL,2105,41591,43696
17059,Gallatin County,,IL,329,6187,6516
17061,Greene County,,IL,815,15520,16335
17063,Grundy County,,IL,4721,61518,66239
17065,Hamilton County,,IL,464,9460,9924
17067,Hancock County,,IL,1301,22979,24280
17069,Hardin County,,IL,268,4347,4615
17071,Henderson County,,IL,483,8472,8955
17073,Henry County,,IL,3355,62635,65990
17075,Iroquois County,,IL,1879,36143,38022
17077,Jackson County,,IL,5598,53931,59529
17079,Jasper County,,IL,521,12365,12886
17081,Jefferson County,,IL,2226,43052,45278
17083,Jersey County,,IL,1545,26735,28280
17085,Jo Daviess County,,IL,1252,28759,30011
17087,Johnson County,,IL,877,12662,13539
17089,Kane County,,IL,39863,632851,672714
17091,Kankakee County,,IL,6419,132365,138784
17093,Kendall County,,IL,13887,141262,155149
17095,Knox County,,IL,2901,58581,61482
17097,Lake County,,IL,48435,885571,934006
17099,LaSalle County,,IL,6929,137050,143979
17101,Lawrence County,,IL,842,14780,15622
17103,Lee County,,IL,2476,40473,42949
17105,Livingston County,,IL,2489,44302,46791
17107,Logan County,,IL,1931,31744,33675
17109,McDonough County,,IL,2191,30044,32235
17111,McHenry County,,IL,21271,399374,420645
17113,McLean County,,IL,10770,193892,204662
17115,Macon County,,IL,7102,127362,134464
17117,Macoupin County,,IL,3409,55393,58802
17119,Madison County,,IL,15550,317326,332876
17121,Marion County,,IL,2462,45566,48028
17123,Marshall County,,IL,1046,14985,16031
17125,Mason County,,IL,1000,16955,17955
17127,Massac County,,IL,1075,17008,18083
17129,Menard County,,IL,1057,15511,16568
17131,Mercer County,,IL,1241,20862,22103
17133,Monroe County,,IL,2086,42916,45002
17135,Montgomery County,,IL,1604,33259,34863
17137,Morgan County,,IL,2421,39399,41820
17139,Moultrie County,,IL,1297,17440,18737
17141,Ogle County,,IL,3701,65964,69665
17143,Peoria County,,IL,13729,223283,237012
17145,Perry County,,IL,1272,22993,24265
17147,Piatt County,,IL,1411,20432,21843
17149,Pike County,,IL,837,18612,19449
17151,Pope County,,IL,489,3621,4110
17153,Pulaski County,,IL,489,6436,6925
17155,Putnam County,,IL,423,7474,7897
17157,Randolph County,,IL,1769,35512,37281
17159,Richland County,,IL,938,19097,20035
17161,Rock Island County,,IL,9452,178200,187652
17163,St. Clair County,,IL,19927,305287,325214
17165,Saline County,,IL,1569,27486,29055
17167,Sangamon County,,IL,10909,245619,256528
17169,Schuyler County,,IL,378,8482,8860
17171,Scott County,,IL,281,5940,6221
17173,Shelby County,,IL,1543,26080,27623
17175,Stark County,,IL,512,6957,7469
17177,Stephenson County,,IL,2398,56699,59097
17179,Tazewell County,,IL,8743,166798,175541
17181,Union County,,IL,1074,20267,21341
17183,Vermilion County,,IL,4107,89597,93704
17185,Wabash County,,IL,702,13962,14664
17187,Warren County,,IL,1340,20342,21682
17189,Washington County,,IL,1048,18246,19294
17191,Wayne County,,IL,962,19245,20207
17193,White County,,IL,834,17153,17987
17195,Whiteside County,,IL,3104,72485,75589
17197,Will County,,IL,47480,843059,890539
17199,Williamson County,,IL,4607,74206,78813
17201,Winnebago County,,IL,16296,351037,367333
17203,Woodford County,,IL,3077,47425,50502
18001,Adams County,,IN,1620,41981,43601
18003,Allen County,,IN,18292,434196,452488
18005,Bartholomew County,,IN,5879,98727,104606
18007,Benton County,,IN,808,10559,11367
18009,Blackford County,,IN,928,15004,15932
18011,Boone County,,IN,4933,70621,75554
18013,Brown County,,IN,1577,17967,19544
18015,Carroll County,,IN,1787,24127,25914
18017,Cass County,,IN,2811,47863,50674
18019,Clark County,,IN,9533,132859,142392
18021,Clay County,,IN,2039,31124,33163
18023,Clinton County,,IN,2361,41667,44028
18025,Crawford County,,IN,741,11602,12343
18027,Daviess County,,IN,1510,38458,39968
18029,Dearborn County,,IN,3885,61561,65446
18031,Decatur County,,IN,1795,32035,33830
18033,DeKalb County,,IN,3192,50141,53333
18035,Delaware County,,IN,6818,117896,124714
18037,Dubois County,,IN,2342,55079,57421
18039,Elkhart County,,IN,11237,244317,255554
18041,Fayette County,,IN,1459,26734,28193
18043,Floyd County,,IN,7146,88119,95265
18045,Fountain County,,IN,1461,20637,22098
18047,Franklin County,,IN,2250,28913,31163
18049,Fulton County,,IN,1453,24639,26092
18051,Gibson County,,IN,2207,39848,42055
18053,Grant County,,IN,3907,75914,79821
18055,Greene County,,IN,2244,35966,38210
18057,Hamilton County,,IN,23928,349980,373908
18059,Hancock County,,IN,7482,85491,92973
18061,Harrison County,,IN,2726,46188,48914
18063,Hendricks County,,IN,12505,177666,190171
18065,Henry County,,IN,3046,55672,58718
18067,Howard County,,IN,6017,100335,106352
18069,Huntington County,,IN,2269,44768,47037
18071,Jackson County,,IN,3957,58813,62770
18073,Jasper County,,IN,2292,40396,42688
18075,Jay County,,IN,1198,25402,26600
18077,Jefferson County,,IN,2085,37100,39185
18079,Jennings County,,IN,2168,32587,34755
18081,Johnson County,,IN,13924,170249,184173
18083,Knox County,,IN,2141,41370,43511
18085,Kosciusko County,,IN,5856,96497,102353
18087,LaGrange County,,IN,2644,45290,47934
18089,Lake County,,IN,30460,573770,604230
18091,LaPorte County,,IN,5807,127808,133615
18093,Lawrence County,,IN,2460,53471,55931
18095,Madison County,,IN,7987,148251,156238
18097,Marion County,,IN,71034,1086068,1157102
18099,Marshall County,,IN,3220,56815,60035
18101,Martin County,,IN,689,12131,12820
18103,Miami County,,IN,2530,37568,40098
18105,Monroe County,,IN,11117,124446,135563
18107,Montgomery County,,IN,3903,47382,51285
18109,Morgan County,,IN,6360,83956,90316
18111,Newton County,,IN,1156,16306,17462
18113,Noble County,,IN,3556,56496,60052
18115,Ohio County,,IN,1092,7032,8124
18117,Orange County,,IN,1260,22026,23286
18119,Owen County,,IN,1955,24465,26420
18121,Parke County,,IN,1074,17912,18986
18123,Perry County,,IN,796,20946,21742
18125,Pike County,,IN,906,14772,15678
18127,Porter County,,IN,11998,197465,209463
18129,Posey County,,IN,2008,31099,33107
18131,Pulaski County,,IN,907,15332,16239
18133,Putnam County,,IN,2693,39235,41928
18135,Randolph County,,IN,1949,30803,32752
18137,Ripley County,,IN,2359,32456,34815
18139,Rush County,,IN,1310,20200,21510
18141,St. Joseph County,,IN,16402,306664,323066
18143,Scott County,,IN,1750,25910,27660
18145,Shelby County,,IN,3566,53508,57074
18147,Spencer County,,IN,1999,24872,26871
18149,Starke County,,IN,1678,25999,27677
18151,Steuben County,,IN,2597,38610,41207
18153,Sullivan County,,IN,1304,22673,23977
18155,Switzerland County,,IN,723,9485,10208
18157,Tippecanoe County,,IN,13407,174692,188099
18159,Tipton County,,IN,1145,19343,20488
18161,Union County,,IN,594,8078,8672
18163,Vanderburgh County,,IN,11586,203920,215506
18165,Vermillion County,,IN,1174,18885,20059
18167,Vigo County,,IN,6854,113222,120076
18169,Wabash County,,IN,2182,38732,40914
18171,Warren County,,IN,681,10200,10881
18173,Warrick County,,IN,5072,73122,78194
18175,Washington County,,IN,1967,31442,33409
18177,Wayne County,,IN,3773,78394,82167
18179,Wells County,,IN,1933,33124,35057
18181,White County,,IN,2142,30030,32172
18183,Whitley County,,IN,2470,41263,43733
19001,Adair County,,IA,583,8774,9357
19003,Adams County,,IA,319,4737,5056
19005,Allamakee County,,IA,984,17660,18644
19007,Appanoose County,,IA,726,14275,15001
19009,Audubon County,,IA,375,7265,7640
19011,Benton County,,IA,1979,31405,33384
19013,Black Hawk County,,IA,7864,144348,152212
19015,Boone County,,IA,1917,30867,32784
19017,Bremer County,,IA,1608,28189,29797
19019,Buchanan County,,IA,1462,24933,26395
19021,Buena Vista County,,IA,1650,25086,26736
19023,Butler County,,IA,875,18166,19041
19025,Calhoun County,,IA,785,11897,12682
19027,Carroll County,,IA,1438,26039,27477
19029,Cass County,,IA,910,16477,17387
19031,Cedar County,,IA,1529,22351,23880
19033,Cerro Gordo County,,IA,2874,51494,54368
19035,Cherokee County,,IA,730,14956,15686
19037,Chickasaw County,,IA,789,15219,16008
19039,Clarke County,,IA,804,11328,12132
19041,Clay County,,IA,1219,20586,21805
19043,Clayton County,,IA,1102,21911,23013
19045,Clinton County,,IA,3105,58277,61382
19047,Crawford County,,IA,1332,21464,22796
19049,Dallas County,,IA,7684,82351,90035
19051,Davis County,,IA,489,9972,10461
19053,Decatur County,,IA,554,8122,8676
19055,Delaware County,,IA,1053,21459,22512
19057,Des Moines County,,IA,2390,47609,49999
19059,Dickinson County,,IA,1330,21300,22630
19061,Dubuque County,,IA,5348,115528,120876
19063,Emmet County,,IA,637,11622,12259
19065,Fayette County,,IA,1380,23389,24769
19067,Floyd County,,IA,944,18772,19716
19069,Franklin County,,IA,802,12629,13431
19071,Fremont County,,IA,704,8282,8986
19073,Greene County,,IA,649,11039,11688
19075,Grundy County,,IA,869,15426,16295
19077,Guthrie County,,IA,892,13165,14057
19079,Hamilton County,,IA,1049,18479,19528
19081,Hancock County,,IA,731,13605,14336
19083,Hardin County,,IA,1057,20204,21261
19085,Harrison County,,IA,943,17319,18262
19087,Henry County,,IA,1363,22633,23996
19089,Howard County,,IA,624,11990,12614
19091,Humboldt County,,IA,610,11886,12496
19093,Ida County,,IA,407,8777,9184
19095,Iowa County,,IA,1122,20334,21456
19097,Jackson County,,IA,1245,24171,25416
19099,Jasper County,,IA,2499,42221,44720
19101,Jefferson County,,IA,1162,17826,18988
19103,Johnson County,,IA,11752,140186,151938
19105,Jones County,,IA,1250,23323,24573
19107,Keokuk County,,IA,687,12202,12889
19109,Kossuth County,,IA,795,19359,20154
19111,Lee County,,IA,1866,40265,42131
19113,Linn County,,IA,12219,257751,269970
19115,Louisa County,,IA,931,13288,14219
19117,Lucas County,,IA,548,9932,10480
19119,Lyon County,,IA,626,14272,14898
19121,Madison County,,IA,1285,18331,19616
19123,Mahaska County,,IA,1596,24982,26578
19125,Marion County,,IA,2194,38754,40948
19127,Marshall County,,IA,2730,47584,50314
19129,Mills County,,IA,1194,16959,18153
19131,Mitchell County,,IA,571,12796,13367
19133,Monona County,,IA,602,10651,11253
19135,Monroe County,,IA,570,8972,9542
19137,Montgomery County,,IA,769,12148,12917
19139,Muscatine County,,IA,2810,51963,54773
19141,O'Brien County,,IA,936,17464,18400
19143,Osceola County,,IA,475,7917,8392
19145,Page County,,IA,1144,16785,17929
19147,Palo Alto County,,IA,685,10886,11571
19149,Plymouth County,,IA,1438,31340,32778
19151,Pocahontas County,,IA,599,8648,9247
19153,Polk County,,IA,28017,525517,553534
19155,Pottawattamie County,,IA,6558,105396,111954
19157,Poweshiek County,,IA,1522,20795,22317
19159,Ringgold County,,IA,266,5410,5676
19161,Sac County,,IA,651,12295,12946
19163,Scott County,,IA,11691,199735,211426
19165,Shelby County,,IA,832,14904,15736
19167,Sioux County,,IA,1496,40415,41911
19169,Story County,,IA,8200,84210,92410
19171,Tama County,,IA,1250,21250,22500
19173,Taylor County,,IA,412,7402,7814
19175,Union County,,IA,890,14216,15106
19177,Van Buren County,,IA,410,8574,8984
19179,Wapello County,,IA,2263,40102,42365
19181,Warren County,,IA,3693,54868,58561
19183,Washington County,,IA,1655,26925,28580
19185,Wayne County,,IA,432,7132,7564
19187,Webster County,,IA,2388,41150,43538
19189,Winnebago County,,IA,849,12816,13665
19191,Winneshiek County,,IA,1128,24215,25343
19193,Woodbury County,,IA,6859,118487,125346
19195,Worth County,,IA,571,9056,9627
19197,Wright County,,IA,769,15297,16066
20001,Allen County,,KS,1043,15187,16230
20003,Anderson County,,KS,624,9495,10119
20005,Atchison County,,KS,1126,17896,19022
20007,Barber County,,KS,424,5805,6229
20009,Barton County,,KS,1794,32583,34377
20011,Bourbon County,,KS,918,16628,17546
20013,Brown County,,KS,743,11911,12654
20015,Butler County,,KS,5788,73125,78913
20017,Chase County,,KS,149,2919,3068
20019,Chautauqua County,,KS,372,3862,4234
20021,Cherokee County,,KS,1820,22752,24572
20023,Cheyenne County,,KS,151,3324,3475
20025,Clark County,,KS,200,2519,2719
20027,Clay County,,KS,811,9873,10684
20029,Cloud County,,KS,170,1844,2014
20031,Coffey County,,KS,725,10416,11141
20033,Comanche County,,KS,126,2291,2417
20035,Cowley County,,KS,2531,40409,42940
20037,Crawford County,,KS,2730,40374,43104
20039,Decatur County,,KS,253,3466,3719
20041,Dickinson County,,KS,2137,23005,25142
20043,Doniphan County,,KS,696,8680,9376
20045,Douglas County,,KS,9635,110180,119815
20047,Edwards County,,KS,227,3785,4012
20049,Elk County,,KS,168,2998,3166
20051,Ellis County,,KS,2366,32392,34758
20053,Ellsworth County,,KS,544,6926,7470
20055,Finney County,,KS,3319,46554,49873
20057,Ford County,,KS,2972,44610,47582
20059,Franklin County,,KS,2051,29915,31966
20061,Geary County,,KS,12961,37075,50036
20063,Gove County,,KS,207,3530,3737
20065,Graham County,,KS,426,3172,3598
20067,Grant County,,KS,793,9182,9975
20069,Gray County,,KS,576,7496,8072
20071,Greeley County,,KS,33,1671,1704
20073,Greenwood County,,KS,467,7194,7661
20075,Hamilton County,,KS,333,3067,3400
20077,Harper County,,KS,548,7008,7556
20079,Harvey County,,KS,2851,40939,43790
20081,Haskell County,,KS,364,4798,5162
20083,Hodgeman County,,KS,169,2359,2528
20085,Jackson County,,KS,1165,16010,17175
20087,Jefferson County,,KS,1571,21942,23513
20089,Jewell County,,KS,-2,72,70
20091,Johnson County,,KS,42626,684721,727347
20093,Kearny County,,KS,422,4906,5328
20095,Kingman County,,KS,693,9310,10003
20097,Kiowa County,,KS,241,2851,3092
20099,Labette County,,KS,1594,24904,26498
20101,Lane County,,KS,109,2194,2303
20103,Leavenworth County,,KS,9678,78790,88468
20105,Lincoln County,,KS,297,3803,4100
20107,Linn County,,KS,779,10430,11209
20109,Logan County,,KS,197,3416,3613
20111,Lyon County,,KS,2802,36260,39062
20113,McPherson County,,KS,1951,35616,37567
20115,Marion County,,KS,1008,13991,14999
20117,Marshall County,,KS,566,12929,13495
20119,Meade County,,KS,426,5312,5738
20121,Miami County,,KS,2676,37725,40401
20123,Mitchell County,,KS,492,7536,8028
20125,Montgomery County,,KS,2776,37564,40340
20127,Morris County,,KS,487,6803,7290
20129,Morton County,,KS,251,3916,4167
20131,Nemaha County,,KS,514,12997,13511
20133,Neosho County,,KS,1237,18619,19856
20135,Ness County,,KS,179,3845,4024
20137,Norton County,,KS,387,5769,6156
20139,Osage County,,KS,1380,19010,20390
20141,Osborne County,,KS,261,4864,5125
20143,Ottawa County,,KS,625,7318,7943
20145,Pawnee County,,KS,622,7283,7905
20147,Phillips County,,KS,368,6768,7136
20149,Pottawatomie County,,KS,2121,26240,28361
20151,Pratt County,,KS,798,11141,11939
20153,Rawlins County,,KS,88,2953,3041
20155,Reno County,,KS,3926,74115,78041
20157,Republic County,,KS,0,0,0
20159,Rice County,,KS,845,11345,12190
20161,Riley County,,KS,12792,55652,68444
20163,Rooks County,,KS,420,6165,6585
20165,Rush County,,KS,254,3936,4190
20167,Russell County,,KS,652,8126,8778
20169,Saline County,,KS,4214,66913,71127
20171,Scott County,,KS,443,6114,6557
20173,Sedgwick County,,KS,29168,587805,616973
20175,Seward County,,KS,2365,29429,31794
20177,Shawnee County,,KS,10265,212202,222467
20179,Sheridan County,,KS,130,3362,3492
20181,Sherman County,,KS,595,6835,7430
20183,Smith County,,KS,-2,523,521
20185,Stafford County,,KS,322,5053,5375
20187,Stanton County,,KS,195,2783,2978
20189,Stevens County,,KS,469,6644,7113
20191,Sumner County,,KS,2027,27564,29591
20193,Thomas County,,KS,792,9168,9960
20195,Trego County,,KS,217,3723,3940
20197,Wabaunsee County,,KS,661,8272,8933
20199,Wallace County,,KS,51,1886,1937
20201,Washington County,,KS,25424,7411,32835
20203,Wichita County,,KS,129,2884,3013
20205,Wilson County,,KS,749,10590,11339
20207,Woodson County,,KS,256,3572,3828
20209,Wyandotte County,,KS,14224,168039,182263
21001,Adair County,,KY,985,17617,18602
21003,Allen County,,KY,1165,19908,21073
21005,Anderson County,,KY,1771,26578,28349
21007,Ballard County,,KY,614,8872,9486
21009,Barren County,,KY,2782,46266,49048
21011,Bath County,,KY,826,11620,12446
21013,Bell County,,KY,1552,25192,26744
21015,Boone County,,KY,12896,140739,153635
21017,Bourbon County,,KY,1736,22424,24160
21019,Boyd County,,KY,3415,50337,53752
21021,Boyle County,,KY,2461,29701,32162
21023,Bracken County,,KY,792,9329,10121
21025,Breathitt County,,KY,622,13043,13665
21027,Breckinridge County,,KY,1212,20983,22195
21029,Bullitt County,,KY,6174,87713,93887
21031,Butler County,,KY,896,13277,14173
21033,Caldwell County,,KY,877,13792,14669
21035,Calloway County,,KY,2528,35842,38370
21037,Campbell County,,KY,7609,100892,108501
21039,Carlisle County,,KY,353,5811,6164
21041,Carroll County,,KY,1316,12316,13632
21043,Carter County,,KY,1531,28387,29918
21045,Casey County,,KY,909,15767,16676
21047,Christian County,,KY,13917,70195,84112
21049,Clark County,,KY,2821,39952,42773
21051,Clay County,,KY,835,18424,19259
21053,Clinton County,,KY,825,10471,11296
21055,Crittenden County,,KY,475,9582,10057
21057,Cumberland County,,KY,424,6872,7296
21059,Daviess County,,KY,4612,113027,117639
21061,Edmonson County,,KY,929,12228,13157
21063,Elliott County,,KY,365,5682,6047
21065,Estill County,,KY,708,14720,15428
21067,Fayette County,,KY,23662,326173,349835
21069,Fleming County,,KY,974,16241,17215
21071,Floyd County,,KY,1831,37494,39325
21073,Franklin County,,KY,3557,56907,60464
21075,Fulton County,,KY,553,6107,6660
21077,Gallatin County,,KY,762,7739,8501
21079,Garrard County,,KY,1337,17250,18587
21081,Grant County,,KY,3229,26650,29879
21083,Graves County,,KY,2413,40948,43361
21085,Grayson County,,KY,1603,27025,28628
21087,Green County,,KY,649,11625,12274
21089,Greenup County,,KY,2520,40156,42676
21091,Hancock County,,KY,755,9948,10703
21093,Hardin County,,KY,14348,114222,128570
21095,Harlan County,,KY,1032,27960,28992
21097,Harrison County,,KY,1169,19862,21031
21099,Hart County,,KY,1240,19005,20245
21101,Henderson County,,KY,2401,51578,53979
21103,Henry County,,KY,1443,16944,18387
21105,Hickman County,,KY,276,4901,5177
21107,Hopkins County,,KY,2469,50803,53272
21109,Jackson County,,KY,595,12277,12872
21111,Jefferson County,,KY,43188,865934,909122
21113,Jessamine County,,KY,4612,51766,56378
21115,Johnson County,,KY,1153,22620,23773
21117,Kenton County,,KY,15803,182767,198570
21119,Knott County,,KY,774,14622,15396
21121,Knox County,,KY,2333,29998,32331
21123,Larue County,,KY,1522,15311,16833
21125,Laurel County,,KY,4505,60845,65350
21127,Lawrence County,,KY,965,15361,16326
21129,Lee County,,KY,333,6052,6385
21131,Leslie County,,KY,472,11026,11498
21133,Letcher County,,KY,964,23269,24233
21135,Lewis County,,KY,660,13280,13940
21137,Lincoln County,,KY,1700,25312,27012
21139,Livingston County,,KY,796,10228,11024
21141,Logan County,,KY,1699,29081,30780
21143,Lyon County,,KY,611,7747,8358
21145,McCracken County,,KY,4991,74211,79202
21147,McCreary County,,KY,706,14080,14786
21149,McLean County,,KY,778,10364,11142
21151,Madison County,,KY,5974,84149,90123
21153,Magoffin County,,KY,475,11822,12297
21155,Marion County,,KY,969,20423,21392
21157,Marshall County,,KY,2028,35312,37340
21159,Martin County,,KY,545,9587,10132
21161,Mason County,,KY,1280,18903,20183
21163,Meade County,,KY,4092,30866,34958
21165,Menifee County,,KY,441,5964,6405
21167,Mercer County,,KY,1357,24591,25948
21169,Metcalfe County,,KY,726,10482,11208
21171,Monroe County,,KY,702,11821,12523
21173,Montgomery County,,KY,2094,28447,30541
21175,Morgan County,,KY,636,11841,12477
21177,Muhlenberg County,,KY,1264,32847,34111
21179,Nelson County,,KY,2778,52728,55506
21181,Nicholas County,,KY,460,7596,8056
21183,Ohio County,,KY,1457,26681,28138
21185,Oldham County,,KY,4790,68673,73463
21187,Owen County,,KY,1271,10510,11781
21189,Owsley County,,KY,215,3887,4102
21191,Pendleton County,,KY,1326,15756,17082
21193,Perry County,,KY,1477,29943,31420
21195,Pike County,,KY,2632,59643,62275
21197,Powell County,,KY,923,13098,14021
21199,Pulaski County,,KY,3449,66670,70119
21201,Robertson County,,KY,208,2027,2235
21203,Rockcastle County,,KY,958,16418,17376
21205,Rowan County,,KY,2004,20529,22533
21207,Russell County,,KY,1061,18109,19170
21209,Scott County,,KY,4100,53764,57864
21211,Shelby County,,KY,3951,49903,53854
21213,Simpson County,,KY,1315,19245,20560
21215,Spencer County,,KY,1532,19910,21442
21217,Taylor County,,KY,1745,25637,27382
21219,Todd County,,KY,852,13263,14115
21221,Trigg County,,KY,996,15005,16001
21223,Trimble County,,KY,873,9427,10300
21225,Union County,,KY,1012,15605,16617
21227,Warren County,,KY,8067,122919,130986
21229,Washington County,,KY,731,13043,13774
21231,Wayne County,,KY,1462,20887,22349
21233,Webster County,,KY,1002,14737,15739
21235,Whitley County,,KY,2568,35063,37631
21237,Wolfe County,,KY,450,6422,6872
21239,Woodford County,,KY,2387,30026,32413
22001,Acadia Parish,,LA,4030,64755,68785
22003,Allen Parish,,LA,1628,23041,24669
22005,Ascension Parish,,LA,7689,123802,131491
22007,Assumption Parish,,LA,1398,24196,25594
22009,Avoyelles Parish,,LA,1999,43503,45502
22011,Beauregard Parish,,LA,3606,35955,39561
22013,Bienville Parish,,LA,1298,14952,16250
22015,Bossier Parish,,LA,15251,130158,145409
22017,Caddo Parish,,LA,19672,281683,301355
22019,Calcasieu Parish,,LA,10515,214660,225175
22021,Caldwell Parish,,LA,675,10145,10820
22023,Cameron Parish,,LA,600,7383,7983
22025,Catahoula Parish,,LA,653,10203,10856
22027,Claiborne Parish,,LA,953,14580,15533
22029,Concordia Parish,,LA,1554,20010,21564
22031,De Soto Parish,,LA,2261,29984,32245
22033,East Baton Rouge Parish,,LA,30977,467401,498378
22035,East Carroll Parish,,LA,441,7286,7727
22037,East Feliciana Parish,,LA,1640,21005,22645
22039,Evangeline Parish,,LA,1721,34803,36524
22041,Franklin Parish,,LA,1205,21652,22857
22043,Grant Parish,,LA,1817,20463,22280
22045,Iberia Parish,,LA,4850,84805,89655
22047,Iberville Parish,,LA,2418,33691,36109
22049,Jackson Parish,,LA,1288,16080,17368
22051,Jefferson Parish,,LA,34498,468598,503096
22053,Jefferson Davis Parish,,LA,2254,33550,35804
22055,Lafayette Parish,,LA,16353,246391,262744
22057,Lafourche Parish,,LA,6187,104477,110664
22059,La Salle Parish,,LA,932,14434,15366
22061,Lincoln Parish,,LA,3863,42658,46521
22063,Livingston Parish,,LA,9045,136671,145716
22065,Madison Parish,,LA,668,11457,12125
22067,Morehouse Parish,,LA,1817,30106,31923
22069,Natchitoches Parish,,LA,2813,39460,42273
22071,Orleans Parish,,LA,30777,320545,351322
22073,Ouachita Parish,,LA,9631,170342,179973
22075,Plaquemines Parish,,LA,3260,24277,27537
22077,Pointe Coupee Parish,,LA,1500,24675,26175
22079,Rapides Parish,,LA,8646,147344,155990
22081,Red River Parish,,LA,616,8827,9443
22083,Richland Parish,,LA,1566,21765,23331
22085,Sabine Parish,,LA,1307,24508,25815
22087,St. Bernard Parish,,LA,3200,35604,38804
22089,St. Charles Parish,,LA,4128,58674,62802
22091,St. Helena Parish,,LA,1812,14000,15812
22093,St. James Parish,,LA,1417,25587,27004
22095,St. John the Baptist Parish,,LA,4737,49690,54427
22097,St. Landry Parish,,LA,6084,95059,101143
22099,St. Martin Parish,,LA,4453,57906,62359
22101,St. Mary Parish,,LA,4316,61607,65923
22103,St. Tammany Parish,,LA,15334,258645,273979
22105,Tangipahoa Parish,,LA,8244,121268,129512
22107,Tensas Parish,,LA,334,5039,5373
22109,Terrebonne Parish,,LA,8435,123313,131748
22111,Union Parish,,LA,1819,23387,25206
22113,Vermilion Parish,,LA,3380,63474,66854
22115,Vernon Parish,,LA,11150,49885,61035
22117,Washington Parish,,LA,2516,44365,46881
22119,Webster Parish,,LA,3088,43527,46615
22121,West Baton Rouge Parish,,LA,2630,27129,29759
22123,West Carroll Parish,,LA,658,11857,12515
22125,West Feliciana Parish,,LA,868,11457,12325
22127,Winn Parish,,LA,872,13993,14865
23001,Androscoggin County,,ME,6614,117343,123957
23003,Aroostook County,,ME,2970,78975,81945
23005,Cumberland County,,ME,19083,336567,355650
23007,Franklin County,,ME,1695,31510,33205
23009,Hancock County,,ME,3205,63110,66315
23011,Kennebec County,,ME,7381,139694,147075
23013,Knox County,,ME,2212,46450,48662
23015,Lincoln County,,ME,2291,41100,43391
23017,Oxford County,,ME,3757,61135,64892
23019,Penobscot County,,ME,8369,163748,172117
23021,Piscataquis County,,ME,1077,18049,19126
23023,Sagadahoc County,,ME,3126,41946,45072
23025,Somerset County,,ME,3240,53389,56629
23027,Waldo County,,ME,2483,43187,45670
23029,Washington County,,ME,1773,35018,36791
23031,York County,,ME,12397,238100,250497
24001,Allegany County,,MD,2938,73769,76707
24003,Anne Arundel County,,MD,47897,646710,694607
24005,Baltimore County,,MD,61897,956723,1018620
24009,Calvert County,,MD,6257,108476,114733
24011,Caroline County,,MD,2512,36402,38914
24013,Carroll County,,MD,9873,208098,217971
24015,Cecil County,,MD,7254,114525,121779
24017,Charles County,,MD,12841,176497,189338
24019,Dorchester County,,MD,2221,36492,38713
24021,Frederick County,,MD,17479,289912,307391
24023,Garrett County,,MD,1326,34538,35864
24025,Harford County,,MD,17024,304129,321153
24027,Howard County,,MD,27543,354239,381782
24029,Kent County,,MD,1685,21678,23363
24031,Montgomery County,,MD,78324,1210604,1288928
24033,Prince George's County,,MD,74546,1009005,1083551
24035,Queen Anne's County,,MD,3992,56937,60929
24037,St. Mary's County,,MD,8405,126117,134522
24039,Somerset County,,MD,1532,21765,23297
24041,Talbot County,,MD,2655,44860,47515
24043,Washington County,,MD,9252,168769,178021
24045,Wicomico County,,MD,6761,105802,112563
24047,Worcester County,,MD,4695,62188,66883
24510,Baltimore city,,MD,54884,580595,635479
25001,Barnstable County,,MA,13436,276275,289711
25003,Berkshire County,,MA,5318,152242,157560
25005,Bristol County,,MA,23189,632509,655698
25007,Dukes County,,MA,1128,21590,22718
25009,Essex County,,MA,39181,899455,938636
25011,Franklin County,,MA,4791,82958,87749
25013,Hampden County,,MA,18784,523639,542423
25015,Hampshire County,,MA,11733,167428,179161
25017,Middlesex County,,MA,105386,1806871,1912257
25019,Nantucket County,,MA,945,13507,14452
25021,Norfolk County,,MA,53848,814440,868288
25023,Plymouth County,,MA,26009,601426,627435
25025,Suffolk County,,MA,75366,726853,802219
25027,Worcester County,,MA,35570,943600,979170
26001,Alcona County,,MI,745,11952,12697
26003,Alger County,,MI,575,10057,10632
26005,Allegan County,,MI,9455,133177,142632
26007,Alpena County,,MI,1621,34113,35734
26009,Antrim County,,MI,2071,27189,29260
26011,Arenac County,,MI,1108,17950,19058
26013,Baraga County,,MI,376,8538,8914
26015,Barry County,,MI,4415,69304,73719
26017,Bay County,,MI,5305,131174,136479
26019,Benzie County,,MI,1479,20822,22301
26021,Berrien County,,MI,11373,182006,193379
26023,Branch County,,MI,2850,48325,51175
26025,Calhoun County,,MI,8424,150410,158834
26027,Cass County,,MI,4072,57020,61092
26029,Charlevoix County,,MI,2027,31659,33686
26031,Cheboygan County,,MI,1885,30067,31952
26033,Chippewa County,,MI,2052,39229,41281
26035,Clare County,,MI,2477,32027,34504
26037,Clinton County,,MI,6684,87844,94528
26039,Crawford County,,MI,1193,14308,15501
26041,Delta County,,MI,1915,44680,46595
26043,Dickinson County,,MI,1330,32187,33517
26045,Eaton County,,MI,11865,126283,138148
26047,Emmet County,,MI,2646,40195,42841
26049,Genesee County,,MI,23417,479763,503180
26051,Gladwin County,,MI,1901,28592,30493
26053,Gogebic County,,MI,800,16510,17310
26055,Grand Traverse County,,MI,6780,107815,114595
26057,Gratiot County,,MI,2523,43201,45724
26059,Hillsdale County,,MI,2992,50067,53059
26061,Houghton County,,MI,2236,36548,38784
26063,Huron County,,MI,1646,41601,43247
26065,Ingham County,,MI,26849,283039,309888
26067,Ionia County,,MI,4262,68811,73073
26069,Iosco County,,MI,2047,28635,30682
26071,Iron County,,MI,613,13276,13889
26073,Isabella County,,MI,5101,61388,66489
26075,Jackson County,,MI,8571,176102,184673
26077,Kalamazoo County,,MI,16745,278865,295610
26079,Kalkaska County,,MI,1489,18507,19996
26081,Kent County,,MI,34260,725730,759990
26083,Keweenaw County,,MI,175,2536,2711
26085,Lake County,,MI,1054,10487,11541
26087,Lapeer County,,MI,6015,105472,111487
26089,Leelanau County,,MI,1829,26958,28787
26091,Lenawee County,,MI,5776,114622,120398
26093,Livingston County,,MI,12964,224098,237062
26095,Luce County,,MI,318,6288,6606
26097,Mackinac County,,MI,906,13565,14471
26099,Macomb County,,MI,51581,1033612,1085193
26101,Manistee County,,MI,1602,27614,29216
26103,Marquette County,,MI,3619,74246,77865
26105,Mason County,,MI,1852,33944,35796
26107,Mecosta County,,MI,3214,40044,43258
26109,Menominee County,,MI,1267,27565,28832
26111,Midland County,,MI,6094,100208,106302
26113,Missaukee County,,MI,1177,16825,18002
26115,Monroe County,,MI,9666,182577,192243
26117,Montcalm County,,MI,4896,68084,72980
26119,Montmorency County,,MI,869,10493,11362
26121,Muskegon County,,MI,8032,190793,198825
26123,Newaygo County,,MI,3656,53880,57536
26125,Oakland County,,MI,86804,1474218,1561022
26127,Oceana County,,MI,2234,30450,32684
26129,Ogemaw County,,MI,1618,23257,24875
26131,Ontonagon County,,MI,406,7081,7487
26133,Osceola County,,MI,1823,25408,27231
26135,Oscoda County,,MI,624,8987,9611
26137,Otsego County,,MI,2054,29069,31123
26139,Ottawa County,,MI,17805,317691,335496
26141,Presque Isle County,,MI,834,15795,16629
26143,Roscommon County,,MI,2037,26493,28530
26145,Saginaw County,,MI,10698,226866,237564
26147,St. Clair County,,MI,9429,192862,202291
26149,St. Joseph County,,MI,3759,71196,74955
26151,Sanilac County,,MI,3000,49288,52288
26153,Schoolcraft County,,MI,404,9061,9465
26155,Shiawassee County,,MI,5088,82037,87125
26157,Tuscola County,,MI,3662,65173,68835
26159,Van Buren County,,MI,6260,88283,94543
26161,Washtenaw County,,MI,31034,373869,404903
26163,Wayne County,,MI,111626,1983538,2095164
26165,Wexford County,,MI,2642,36297,38939
27001,Aitkin County,,MN,1118,16886,18004
27003,Anoka County,,MN,28164,407070,435234
27005,Becker County,,MN,2485,38629,41114
27007,Beltrami County,,MN,4265,47417,51682
27009,Benton County,,MN,4722,43867,48589
27011,Big Stone County,,MN,292,6086,6378
27013,Blue Earth County,,MN,5678,65726,71404
27015,Brown County,,MN,1665,32508,34173
27017,Carlton County,,MN,2285,39971,42256
27019,Carver County,,MN,7759,114911,122670
27021,Cass County,,MN,3058,33303,36361
27023,Chippewa County,,MN,1054,14992,16046
27025,Chisago County,,MN,4899,63239,68138
27027,Clay County,,MN,5066,64543,69609
27029,Clearwater County,,MN,504,9557,10061
27031,Cook County,,MN,428,6528,6956
27033,Cottonwood County,,MN,966,14548,15514
27035,Crow Wing County,,MN,4667,73126,77793
27037,Dakota County,,MN,34997,502751,537748
27039,Dodge County,,MN,1452,24659,26111
27041,Douglas County,,MN,2534,44664,47198
27043,Faribault County,,MN,1228,17666,18894
27045,Fillmore County,,MN,1378,25104,26482
27047,Freeborn County,,MN,1815,38421,40236
27049,Goodhue County,,MN,3599,57217,60816
27051,Grant County,,MN,531,7415,7946
27053,Hennepin County,,MN,92407,1420011,1512418
27055,Houston County,,MN,1240,23987,25227
27057,Hubbard County,,MN,1722,22239,23961
27059,Isanti County,,MN,3766,44118,47884
27061,Itasca County,,MN,2277,52070,54347
27063,Jackson County,,MN,715,12840,13555
27065,Kanabec County,,MN,1639,17689,19328
27067,Kandiyohi County,,MN,2772,52075,54847
27069,Kittson County,,MN,266,5474,5740
27071,Koochiching County,,MN,668,15356,16024
27073,Lac qui Parle County,,MN,478,8954,9432
27075,Lake County,,MN,754,12736,13490
27077,Lake of the Woods County,,MN,244,4808,5052
27079,Le Sueur County,,MN,2603,32942,35545
27081,Lincoln County,,MN,409,6767,7176
27083,Lyon County,,MN,2304,30139,32443
27085,McLeod County,,MN,2722,45169,47891
27087,Mahnomen County,,MN,367,5592,5959
27089,Marshall County,,MN,611,11732,12343
27091,Martin County,,MN,1309,26051,27360
27093,Meeker County,,MN,1636,27869,29505
27095,Mille Lacs County,,MN,2653,29056,31709
27097,Morrison County,,MN,1895,40164,42059
27099,Mower County,,MN,3439,48172,51611
27101,Murray County,,MN,521,10518,11039
27103,Nicollet County,,MN,3232,37145,40377
27105,Nobles County,,MN,1557,26290,27847
27107,Norman County,,MN,538,7933,8471
27109,Olmsted County,,MN,10444,183909,194353
27111,Otter Tail County,,MN,3477,69003,72480
27113,Pennington County,,MN,1089,16654,17743
27115,Pine County,,MN,2281,30358,32639
27117,Pipestone County,,MN,764,11334,12098
27119,Polk County,,MN,2257,36219,38476
27121,Pope County,,MN,814,13467,14281
27123,Ramsey County,,MN,51502,581036,632538
27125,Red Lake County,,MN,284,4968,5252
27127,Redwood County,,MN,1102,19234,20336
27129,Renville County,,MN,1138,19310,20448
27131,Rice County,,MN,4806,71453,76259
27133,Rock County,,MN,645,11460,12105
27135,Roseau County,,MN,996,19549,20545
27137,St. Louis County,,MN,9968,222440,232408
27139,Scott County,,MN,13169,164435,177604
27141,Sherburne County,,MN,8934,103690,112624
27143,Sibley County,,MN,1122,18871,19993
27145,Stearns County,,MN,11621,170848,182469
27147,Steele County,,MN,2782,45254,48036
27149,Stevens County,,MN,720,10750,11470
27151,Swift County,,MN,751,11884,12635
27153,Todd County,,MN,2001,27760,29761
27155,Traverse County,,MN,205,4127,4332
27157,Wabasha County,,MN,1618,26980,28598
27159,Wadena County,,MN,1246,15094,16340
27161,Waseca County,,MN,1805,22759,24564
27163,Washington County,,MN,21565,299001,320566
27165,Watonwan County,,MN,766,13521,14287
27167,Wilkin County,,MN,601,8065,8666
27169,Winona County,,MN,2783,53768,56551
27171,Wright County,,MN,9979,153654,163633
27173,Yellow Medicine County,,MN,717,12613,13330
28001,Adams County,,MS,1962,31951,33913
28003,Alcorn County,,MS,2669,38281,40950
28005,Amite County,,MS,1135,13061,14196
28007,Attala County,,MS,1232,19569,20801
28009,Benton County,,MS,868,8220,9088
28011,Bolivar County,,MS,2351,36027,38378
28013,Calhoun County,,MS,737,15715,16452
28015,Carroll County,,MS,970,11035,12005
28017,Chickasaw County,,MS,1340,19671,21011
28019,Choctaw County,,MS,685,8465,9150
28021,Claiborne County,,MS,1458,10053,11511
28023,Clarke County,,MS,1946,18223,20169
28025,Clay County,,MS,1483,21450,22933
28027,Coahoma County,,MS,1957,27948,29905
28029,Copiah County,,MS,2214,30913,33127
28031,Covington County,,MS,1736,20770,22506
28033,DeSoto County,,MS,15039,190183,205222
28035,Forrest County,,MS,9846,74068,83914
28037,Franklin County,,MS,586,8667,9253
28039,George County,,MS,1601,22933,24534
28041,Greene County,,MS,752,11834,12586
28043,Grenada County,,MS,1651,24293,25944
28045,Hancock County,,MS,3607,41314,44921
28047,Harrison County,,MS,21432,198587,220019
28049,Hinds County,,MS,20951,273934,294885
28051,Holmes County,,MS,1479,19988,21467
28053,Humphreys County,,MS,789,9846,10635
28055,Issaquena County,,MS,76,996,1072
28057,Itawamba County,,MS,1823,24214,26037
28059,Jackson County,,MS,12915,150205,163120
28061,Jasper County,,MS,1585,17992,19577
28063,Jefferson County,,MS,618,8311,8929
28065,Jefferson Davis County,,MS,1024,12602,13626
28067,Jones County,,MS,4449,73481,77930
28069,Kemper County,,MS,452,9321,9773
28071,Lafayette County,,MS,3976,41678,45654
28073,Lamar County,,MS,7191,55343,62534
28075,Lauderdale County,,MS,5061,83195,88256
28077,Lawrence County,,MS,1388,13545,14933
28079,Leake County,,MS,1726,22915,24641
28081,Lee County,,MS,6876,93555,100431
28083,Leflore County,,MS,2417,32487,34904
28085,Lincoln County,,MS,1946,37435,39381
28087,Lowndes County,,MS,4947,63760,68707
28089,Madison County,,MS,9646,112681,122327
28091,Marion County,,MS,1929,27544,29473
28093,Marshall County,,MS,3551,38309,41860
28095,Monroe County,,MS,2789,39255,42044
28097,Montgomery County,,MS,847,11477,12324
28099,Neshoba County,,MS,1980,31170,33150
28101,Newton County,,MS,1486,23742,25228
28103,Noxubee County,,MS,819,13026,13845
28105,Oktibbeha County,,MS,4020,40340,44360
28107,Panola County,,MS,2363,38104,40467
28109,Pearl River County,,MS,3977,55444,59421
28111,Perry County,,MS,1409,12382,13791
28113,Pike County,,MS,2978,43271,46249
28115,Pontotoc County,,MS,2734,35381,38115
28117,Prentiss County,,MS,1564,24982,26546
28119,Quitman County,,MS,738,7495,8233
28121,Rankin County,,MS,11962,159434,171396
28123,Scott County,,MS,2040,31595,33635
28125,Sharkey County,,MS,490,5148,5638
28127,Simpson County,,MS,2057,27202,29259
28129,Smith County,,MS,1266,16187,17453
28131,Stone County,,MS,1539,16952,18491
28133,Sunflower County,,MS,2402,27435,29837
28135,Tallahatchie County,,MS,1071,13022,14093
28137,Tate County,,MS,2419,30695,33114
28139,Tippah County,,MS,1602,24163,25765
28141,Tishomingo County,,MS,1139,19895,21034
28143,Tunica County,,MS,1439,12887,14326
28145,Union County,,MS,2762,31167,33929
28147,Walthall County,,MS,1200,15028,16228
28149,Warren County,,MS,3778,55906,59684
28151,Washington County,,MS,3478,56141,59619
28153,Wayne County,,MS,1250,22293,23543
28155,Webster County,,MS,905,10674,11579
28157,Wilkinson County,,MS,677,9505,10182
28159,Winston County,,MS,1430,20286,21716
28161,Yalobusha County,,MS,1473,13800,15273
28163,Yazoo County,,MS,1995,25688,27683
29001,Adair County,,MO,1812,23012,24824
29003,Andrew County,,MO,2106,20236,22342
29005,Atchison County,,MO,366,6508,6874
29007,Audrain County,,MO,1608,27668,29276
29009,Barry County,,MO,3598,34811,38409
29011,Barton County,,MO,1081,13775,14856
29013,Bates County,,MO,1421,18158,19579
29015,Benton County,,MO,1424,19257,20681
29017,Bollinger County,,MO,871,12787,13658
29019,Boone County,,MO,12924,170623,183547
29021,Buchanan County,,MO,6359,94740,101099
29023,Butler County,,MO,2821,44031,46852
29025,Caldwell County,,MO,830,9777,10607
29027,Callaway County,,MO,3358,47210,50568
29029,Camden County,,MO,3981,45580,49561
29031,Cape Girardeau County,,MO,6101,84335,90436
29033,Carroll County,,MO,528,10700,11228
29035,Carter County,,MO,561,6387,6948
29037,Cass County,,MO,8151,116603,124754
29039,Cedar County,,MO,1350,13639,14989
29041,Chariton County,,MO,470,9005,9475
29043,Christian County,,MO,8486,87071,95557
29045,Clark County,,MO,439,7864,8303
29047,Clay County,,MO,21183,265927,287110
29049,Clinton County,,MO,2461,23219,25680
29051,Cole County,,MO,5841,88000,93841
29053,Cooper County,,MO,1434,18414,19848
29055,Crawford County,,MO,1806,26029,27835
29057,Dade County,,MO,591,8089,8680
29059,Dallas County,,MO,1734,17099,18833
29061,Daviess County,,MO,928,9465,10393
29063,DeKalb County,,MO,1122,10234,11356
29065,Dent County,,MO,971,15512,16483
29067,Douglas County,,MO,1012,12984,13996
29069,Dunklin County,,MO,2084,31196,33280
29071,Franklin County,,MO,6601,122665,129266
29073,Gasconade County,,MO,1249,17455,18704
29075,Gentry County,,MO,505,7359,7864
29077,Greene County,,MO,22085,297276,319361
29079,Grundy County,,MO,627,11017,11644
29081,Harrison County,,MO,587,9598,10185
29083,Henry County,,MO,1927,23814,25741
29085,Hickory County,,MO,871,9037,9908
29087,Holt County,,MO,439,5664,6103
29089,Howard County,,MO,744,10941,11685
29091,Howell County,,MO,2730,42025,44755
29093,Iron County,,MO,905,9686,10591
29095,Jackson County,,MO,48762,746855,795617
29097,Jasper County,,MO,10062,121924,131986
29099,Jefferson County,,MO,14283,260996,275279
29101,Johnson County,,MO,6401,52432,58833
29103,Knox County,,MO,254,4631,4885
29105,Laclede County,,MO,2802,38026,40828
29107,Lafayette County,,MO,2786,37094,39880
29109,Lawrence County,,MO,3807,40465,44272
29111,Lewis County,,MO,733,10640,11373
29113,Lincoln County,,MO,3865,60685,64550
29115,Linn County,,MO,928,14234,15162
29117,Livingston County,,MO,1073,15685,16758
29119,McDonald County,,MO,2185,22601,24786
29121,Macon County,,MO,1077,17937,19014
29123,Madison County,,MO,1094,12748,13842
29125,Maries County,,MO,761,9004,9765
29127,Marion County,,MO,2164,32097,34261
29129,Mercer County,,MO,252,3931,4183
29131,Miller County,,MO,1885,25012,26897
29133,Mississippi County,,MO,889,12961,13850
29135,Moniteau County,,MO,1059,17244,18303
29137,Monroe County,,MO,786,9680,10466
29139,Montgomery County,,MO,972,13339,14311
29141,Morgan County,,MO,1954,20920,22874
29143,New Madrid County,,MO,1640,18075,19715
29145,Newton County,,MO,6600,61010,67610
29147,Nodaway County,,MO,1470,21638,23108
29149,Oregon County,,MO,834,10248,11082
29151,Osage County,,MO,770,16026,16796
29153,Ozark County,,MO,723,9633,10356
29155,Pemiscot County,,MO,1363,17873,19236
29157,Perry County,,MO,1012,21918,22930
29159,Pettis County,,MO,3419,46951,50370
29161,Phelps County,,MO,3854,43930,47784
29163,Pike County,,MO,1022,18887,19909
29165,Platte County,,MO,12169,104853,117022
29167,Polk County,,MO,2634,29522,32156
29169,Pulaski County,,MO,10664,44270,54934
29171,Putnam County,,MO,369,5162,5531
29173,Ralls County,,MO,955,11503,12458
29175,Randolph County,,MO,1751,25828,27579
29177,Ray County,,MO,1972,26449,28421
29179,Reynolds County,,MO,443,6527,6970
29181,Ripley County,,MO,994,13719,14713
29183,St. Charles County,,MO,24166,451112,475278
29185,St. Clair County,,MO,768,8843,9611
29186,Ste. Genevieve County,,MO,1693,21018,22711
29187,St. Francois County,,MO,4437,64420,68857
29189,St. Louis County,,MO,71369,1209531,1280900
29195,Saline County,,MO,1518,24631,26149
29197,Schuyler County,,MO,289,4445,4734
29199,Scotland County,,MO,232,5656,5888
29201,Scott County,,MO,3175,43681,46856
29203,Shannon County,,MO,503,8147,8650
29205,Shelby County,,MO,407,7513,7920
29207,Stoddard County,,MO,1876,32082,33958
29209,Stone County,,MO,3811,32476,36287
29211,Sullivan County,,MO,664,7619,8283
29213,Taney County,,MO,5443,53869,59312
29215,Texas County,,MO,2164,23969,26133
29217,Vernon County,,MO,1448,21487,22935
29219,Warren County,,MO,2771,36649,39420
29221,Washington County,,MO,1506,22890,24396
29223,Wayne County,,MO,865,11780,12645
29225,Webster County,,MO,3422,38693,42115
29227,Worth County,,MO,108,2335,2443
29229,Wright County,,MO,1661,18161,19822
29510,St. Louis city,,MO,38489,304671,343160
30001,Beaverhead County,,MT,731,10258,10989
30003,Big Horn County,,MT,819,13045,13864
30005,Blaine County,,MT,461,7208,7669
30007,Broadwater County,,MT,498,5714,6212
30009,Carbon County,,MT,959,11196,12155
30011,Carter County,,MT,50,1375,1425
30013,Cascade County,,MT,7456,95663,103119
30015,Chouteau County,,MT,323,5455,5778
30017,Custer County,,MT,1057,13240,14297
30019,Daniels County,,MT,110,2251,2361
30021,Dawson County,,MT,743,10242,10985
30023,Deer Lodge County,,MT,731,9197,9928
30025,Fallon County,,MT,224,3638,3862
30027,Fergus County,,MT,834,13819,14653
30029,Flathead County,,MT,6169,108220,114389
30031,Gallatin County,,MT,9267,104175,113442
30033,Garfield County,,MT,66,1454,1520
30035,Glacier County,,MT,761,14312,15073
30037,Golden Valley County,,MT,107,1157,1264
30039,Granite County,,MT,298,3117,3415
30041,Hill County,,MT,1446,19252,20698
30043,Jefferson County,,MT,1150,12990,14140
30045,Judith Basin County,,MT,132,2363,2495
30047,Lake County,,MT,2429,29806,32235
30049,Lewis and Clark County,,MT,4944,77163,82107
30051,Liberty County,,MT,130,2329,2459
30053,Lincoln County,,MT,1387,20094,21481
30055,McCone County,,MT,100,1994,2094
30057,Madison County,,MT,739,8463,9202
30059,Meagher County,,MT,92,2257,2349
30061,Mineral County,,MT,388,4327,4715
30063,Missoula County,,MT,9410,120714,130124
30065,Musselshell County,,MT,521,4745,5266
30067,Park County,,MT,1361,18661,20022
30069,Petroleum County,,MT,-2,477,475
30071,Phillips County,,MT,246,5010,5256
30073,Pondera County,,MT,485,7400,7885
30075,Powder River County,,MT,92,1913,2005
30077,Powell County,,MT,641,6297,6938
30079,Prairie County,,MT,125,1351,1476
30081,Ravalli County,,MT,3366,46104,49470
30083,Richland County,,MT,1071,12737,13808
30085,Roosevelt County,,MT,757,11128,11885
30087,Rosebud County,,MT,797,10881,11678
30089,Sanders County,,MT,817,11867,12684
30091,Sheridan County,,MT,272,4590,4862
30093,Silver Bow County,,MT,2310,38102,40412
30095,Stillwater County,,MT,825,10505,11330
30097,Sweet Grass County,,MT,316,4074,4390
30099,Teton County,,MT,514,7555,8069
30101,Toole County,,MT,451,5587,6038
30103,Treasure County,,MT,60,918,978
30105,Valley County,,MT,468,8813,9281
30107,Wheatland County,,MT,131,2318,2449
30109,Wibaux County,,MT,33,1055,1088
30111,Yellowstone County,,MT,9459,178857,188316
31001,Adams County,,NE,2383,35431,37814
31003,Antelope County,,NE,558,7818,8376
31005,Arthur County,,NE,37,540,577
31007,Banner County,,NE,144,806,950
31009,Blaine County,,NE,47,571,618
31011,Boone County,,NE,326,6786,7112
31013,Box Butte County,,NE,926,13570,14496
31015,Boyd County,,NE,85,2479,2564
31017,Brown County,,NE,216,2950,3166
31019,Buffalo County,,NE,3714,53104,56818
31021,Burt County,,NE,505,8144,8649
31023,Butler County,,NE,670,10292,10962
31025,Cass County,,NE,2292,30488,32780
31027,Cedar County,,NE,536,10747,11283
31029,Chase County,,NE,248,4774,5022
31031,Cherry County,,NE,403,6139,6542
31033,Cheyenne County,,NE,808,12014,12822
31035,Clay County,,NE,602,7707,8309
31037,Colfax County,,NE,1309,12990,14299
31039,Cuming County,,NE,623,11450,12073
31041,Custer County,,NE,752,13349,14101
31043,Dakota County,,NE,2234,25484,27718
31045,Dawes County,,NE,795,8830,9625
31047,Dawson County,,NE,2105,29678,31783
31049,Deuel County,,NE,182,2137,2319
31051,Dixon County,,NE,464,7048,7512
31053,Dodge County,,NE,2946,43629,46575
31055,Douglas County,,NE,36903,623957,660860
31057,Dundy County,,NE,114,2253,2367
31059,Fillmore County,,NE,439,7028,7467
31061,Franklin County,,NE,200,3808,4008
31063,Frontier County,,NE,205,2954,3159
31065,Furnas County,,NE,511,5763,6274
31067,Gage County,,NE,1579,25829,27408
31069,Garden County,,NE,205,2220,2425
31071,Garfield County,,NE,144,1971,2115
31073,Gosper County,,NE,209,2383,2592
31075,Grant County,,NE,60,860,920
31077,Greeley County,,NE,183,2831,3014
31079,Hall County,,NE,4834,70282,75116
31081,Hamilton County,,NE,789,11420,12209
31083,Harlan County,,NE,157,3831,3988
31085,Hayes County,,NE,80,1134,1214
31087,Hitchcock County,,NE,227,3337,3564
31089,Holt County,,NE,860,12887,13747
31091,Hooker County,,NE,76,961,1037
31093,Howard County,,NE,491,7614,8105
31095,Jefferson County,,NE,518,8845,9363
31097,Johnson County,,NE,297,5152,5449
31099,Kearney County,,NE,585,7426,8011
31101,Keith County,,NE,744,9655,10399
31103,Keya Paha County,,NE,74,949,1023
31105,Kimball County,,NE,338,4164,4502
31107,Knox County,,NE,461,10225,10686
31109,Lancaster County,,NE,16353,331958,348311
31111,Lincoln County,,NE,2303,42742,45045
31113,Logan County,,NE,92,921,1013
31115,Loup County,,NE,55,688,743
31117,McPherson County,,NE,43,533,576
31119,Madison County,,NE,3484,41584,45068
31121,Merrick County,,NE,637,9090,9727
31123,Morrill County,,NE,460,5229,5689
31125,Nance County,,NE,292,4078,4370
31127,Nemaha County,,NE,627,7517,8144
31129,Nuckolls County,,NE,293,5325,5618
31131,Otoe County,,NE,1540,18787,20327
31133,Pawnee County,,NE,177,3119,3296
31135,Perkins County,,NE,186,3587,3773
31137,Phelps County,,NE,686,11156,11842
31139,Pierce County,,NE,462,8610,9072
31141,Platte County,,NE,2555,41661,44216
31143,Polk County,,NE,476,6599,7075
31145,Red Willow County,,NE,866,12919,13785
31147,Richardson County,,NE,488,9867,10355
31149,Rock County,,NE,80,1236,1316
31151,Saline County,,NE,1126,16648,17774
31153,Sarpy County,,NE,19292,196596,215888
31155,Saunders County,,NE,1605,24899,26504
31157,Scotts Bluff County,,NE,2562,41924,44486
31159,Seward County,,NE,1228,19409,20637
31161,Sheridan County,,NE,552,6050,6602
31163,Sherman County,,NE,221,3515,3736
31165,Sioux County,,NE,114,1343,1457
31167,Stanton County,,NE,647,6889,7536
31169,Thayer County,,NE,296,6278,6574
31171,Thomas County,,NE,143,805,948
31173,Thurston County,,NE,485,7134,7619
31175,Valley County,,NE,247,5036,5283
31177,Washington County,,NE,1579,24349,25928
31179,Wayne County,,NE,702,9418,10120
31181,Webster County,,NE,254,4233,4487
31183,Wheeler County,,NE,58,925,983
31185,York County,,NE,967,16501,17468
32001,Churchill County,,NV,3041,26441,29482
32003,Clark County,,NV,119623,2265163,2384786
32005,Douglas County,,NV,5009,57787,62796
32007,Elko County,,NV,4488,58097,62585
32009,Esmeralda County,,NV,83,825,908
32011,Eureka County,,NV,222,1932,2154
32013,Humboldt County,,NV,1619,19621,21240
32015,Lander County,,NV,610,6678,7288
32017,Lincoln County,,NV,370,4753,5123
32019,Lyon County,,NV,6408,54636,61044
32021,Mineral County,,NV,427,4732,5159
32023,Nye County,,NV,4563,42383,46946
32027,Pershing County,,NV,538,5167,5705
32029,Storey County,,NV,476,3922,4398
32031,Washoe County,,NV,27869,489666,517535
32033,White Pine County,,NV,907,9877,10784
32510,Carson City,,NV,5866,59999,65865
33001,Belknap County,,NH,5393,75468,80861
33003,Carroll County,,NH,3852,58461,62313
33005,Cheshire County,,NH,5311,88719,94030
33007,Coos County,,NH,2236,36562,38798
33009,Grafton County,,NH,7611,99820,107431
33011,Hillsborough County,,NH,28391,491598,519989
33013,Merrimack County,,NH,11531,174670,186201
33015,Rockingham County,,NH,22815,380741,403556
33017,Strafford County,,NH,9477,136328,145805
33019,Sullivan County,,NH,3275,49718,52993
34001,Atlantic County,,NJ,15694,341907,357601
34003,Bergen County,,NJ,58462,1121224,1179686
34005,Burlington County,,NJ,31406,549393,580799
34007,Camden County,,NJ,33366,608469,641835
34009,Cape May County,,NJ,7016,116346,123362
34011,Cumberland County,,NJ,8005,182923,190928
34013,Essex County,,NJ,57370,874861,932231
34015,Gloucester County,,NJ,16911,348616,365527
34017,Hudson County,,NJ,65137,710630,775767
34019,Hunterdon County,,NJ,8086,159925,168011
34021,Mercer County,,NJ,25173,420063,445236
34023,Middlesex County,,NJ,64218,987947,1052165
34025,Monmouth County,,NJ,34479,778140,812619
34027,Morris County,,NJ,33508,619395,652903
34029,Ocean County,,NJ,27691,697792,725483
34031,Passaic County,,NJ,34195,612310,646505
34033,Salem County,,NJ,4611,79466,84077
34035,Somerset County,,NJ,27092,405940,433032
34037,Sussex County,,NJ,9640,182719,192359
34039,Union County,,NJ,39147,645252,684399
34041,Warren County,,NJ,8091,131242,139333
35001,Bernalillo County,,NM,44285,739849,784134
35003,Catron County,,NM,288,3409,3697
35005,Chaves County,,NM,3865,67895,71760
35006,Cibola County,,NM,1946,23748,25694
35007,Colfax County,,NM,1210,13925,15135
35009,Curry County,,NM,6414,53175,59589
35011,De Baca County,,NM,227,2166,2393
35013,Dona Ana County,,NM,16122,225831,241953
35015,Eddy County,,NM,3615,59680,63295
35017,Grant County,,NM,1919,31820,33739
35019,Guadalupe County,,NM,364,4437,4801
35021,Harding County,,NM,39,754,793
35023,Hidalgo County,,NM,458,4909,5367
35025,Lea County,,NM,4147,71047,75194
35027,Lincoln County,,NM,1953,21755,23708
35028,Los Alamos County,,NM,1908,23655,25563
35029,Luna County,,NM,1963,27903,29866
35031,McKinley County,,NM,8168,85720,93888
35033,Mora County,,NM,302,4891,5193
35035,Otero County,,NM,7056,65513,72569
35037,Quay County,,NM,803,9216,10019
35039,Rio Arriba County,,NM,3076,42239,45315
35041,Roosevelt County,,NM,2327,19926,22253
35043,Sandoval County,,NM,13205,148674,161879
35045,San Juan County,,NM,11468,146465,157933
35047,San Miguel County,,NM,1896,27482,29378
35049,Santa Fe County,,NM,11257,167709,178966
35051,Sierra County,,NM,984,11714,12698
35053,Socorro County,,NM,1503,17600,19103
35055,Taos County,,NM,2019,35368,37387
35057,Torrance County,,NM,1542,14493,16035
35059,Union County,,NM,408,4269,4677
35061,Valencia County,,NM,5326,78413,83739
36001,Albany County,,NY,22548,345888,368436
36003,Allegany County,,NY,2688,49563,52251
36005,Bronx County,,NY,106264,1441621,1547885
36007,Broome County,,NY,10954,220834,231788
36009,Cattaraugus County,,NY,4518,87673,92191
36011,Cayuga County,,NY,4154,86809,90963
36013,Chautauqua County,,NY,5226,146410,151636
36015,Chemung County,,NY,4910,99607,104517
36017,Chenango County,,NY,3880,56819,60699
36019,Clinton County,,NY,3670,90715,94385
36021,Columbia County,,NY,3414,71311,74725
36023,Cortland County,,NY,2889,51183,54072
36025,Delaware County,,NY,2955,47594,50549
36027,Dutchess County,,NY,16529,342551,359080
36029,Erie County,,NY,30599,1074439,1105038
36031,Essex County,,NY,2507,42169,44676
36033,Franklin County,,NY,2666,51019,53685
36035,Fulton County,,NY,3799,61967,65766
36037,Genesee County,,NY,3402,70624,74026
36039,Greene County,,NY,3401,52738,56139
36041,Hamilton County,,NY,301,5917,6218
36043,Herkimer County,,NY,3843,71362,75205
36045,Jefferson County,,NY,19792,125030,144822
36047,Kings County,,NY,171244,2712540,2883784
36049,Lewis County,,NY,1757,28085,29842
36051,Livingston County,,NY,4546,70425,74971
36053,Madison County,,NY,4783,77021,81804
36055,Monroe County,,NY,31415,880241,911656
36057,Montgomery County,,NY,4421,56851,61272
36059,Nassau County,,NY,68649,1722237,1790886
36061,New York County,,NY,204424,1766190,1970614
36063,Niagara County,,NY,9717,255463,265180
36065,Oneida County,,NY,11046,262733,273779
36067,Onondaga County,,NY,22310,542404,564714
36069,Ontario County,,NY,7293,128713,136006
36071,Orange County,,NY,23525,445212,468737
36073,Orleans County,,NY,2445,46608,49053
36075,Oswego County,,NY,6720,135863,142583
36077,Otsego County,,NY,4938,65110,70048
36079,Putnam County,,NY,6565,120283,126848
36081,Queens County,,NY,152589,2580232,2732821
36083,Rensselaer County,,NY,12691,181819,194510
36085,Richmond County,,NY,22364,545128,567492
36087,Rockland County,,NY,16303,381221,397524
36089,St. Lawrence County,,NY,5437,113925,119362
36091,Saratoga County,,NY,17230,270258,287488
36093,Schenectady County,,NY,11219,181110,192329
36095,Schoharie County,,NY,2041,33764,35805
36097,Schuyler County,,NY,1391,21668,23059
36099,Seneca County,,NY,2297,38188,40485
36101,Steuben County,,NY,5717,112945,118662
36103,Suffolk County,,NY,66913,1879769,1946682
36105,Sullivan County,,NY,5153,83658,88811
36107,Tioga County,,NY,3823,60591,64414
36109,Tompkins County,,NY,8835,94693,103528
36111,Ulster County,,NY,10899,205694,216593
36113,Warren County,,NY,5319,78655,83974
36115,Washington County,,NY,4386,68038,72424
36117,Wayne County,,NY,5997,112517,118514
36119,Westchester County,,NY,59813,1156169,1215982
36121,Wyoming County,,NY,2502,46249,48751
36123,Yates County,,NY,1588,28625,30213
37001,Alamance County,,NC,9700,170299,179999
37003,Alexander County,,NC,2286,39800,42086
37005,Alleghany County,,NC,591,11795,12386
37007,Anson County,,NC,1226,24986,26212
37009,Ashe County,,NC,1197,28335,29532
37011,Avery County,,NC,1170,16547,17717
37013,Beaufort County,,NC,3194,51778,54972
37015,Bertie County,,NC,1363,20480,21843
37017,Bladen County,,NC,2250,33390,35640
37019,Brunswick County,,NC,10124,118722,128846
37021,Buncombe County,,NC,17805,273858,291663
37023,Burke County,,NC,6678,96327,103005
37025,Cabarrus County,,NC,14491,207132,221623
37027,Caldwell County,,NC,4105,87087,91192
37029,Camden County,,NC,1059,11155,12214
37031,Carteret County,,NC,5534,75646,81180
37033,Caswell County,,NC,1732,23684,25416
37035,Catawba County,,NC,10970,178869,189839
37037,Chatham County,,NC,5989,74090,80079
37039,Cherokee County,,NC,1655,27049,28704
37041,Chowan County,,NC,982,16078,17060
37043,Clay County,,NC,838,10604,11442
37045,Cleveland County,,NC,5738,104229,109967
37047,Columbus County,,NC,2861,56291,59152
37049,Craven County,,NC,13735,111887,125622
37051,Cumberland County,,NC,50186,331118,381304
37053,Currituck County,,NC,2396,26094,28490
37055,Dare County,,NC,2908,41707,44615
37057,Davidson County,,NC,10664,181632,192296
37059,Davie County,,NC,2628,47645,50273
37061,Duplin County,,NC,6106,67520,73626
37063,Durham County,,NC,30663,306847,337510
37065,Edgecombe County,,NC,5100,58145,63245
37067,Forsyth County,,NC,23065,400799,423864
37069,Franklin County,,NC,5148,60924,66072
37071,Gaston County,,NC,12326,227104,239430
37073,Gates County,,NC,836,11956,12792
37075,Graham County,,NC,319,8668,8987
37077,Granville County,,NC,4015,59917,63932
37079,Greene County,,NC,1740,19452,21192
37081,Guilford County,,NC,34233,550527,584760
37083,Halifax County,,NC,3124,55499,58623
37085,Harnett County,,NC,15904,115599,131503
37087,Haywood County,,NC,3468,63534,67002
37089,Henderson County,,NC,8270,123225,131495
37091,Hertford County,,NC,1425,21546,22971
37093,Hoke County,,NC,8197,46619,54816
37095,Hyde County,,NC,313,5145,5458
37097,Iredell County,,NC,11450,185938,197388
37099,Jackson County,,NC,2947,33780,36727
37101,Johnston County,,NC,12693,191171,203864
37103,Jones County,,NC,1141,10213,11354
37105,Lee County,,NC,4774,63522,68296
37107,Lenoir County,,NC,3864,63392,67256
37109,Lincoln County,,NC,5896,85325,91221
37111,McDowell County,,NC,2306,47508,49814
37113,Macon County,,NC,2383,37256,39639
37115,Madison County,,NC,1698,20541,22239
37117,Martin County,,NC,1489,26133,27622
37119,Mecklenburg County,,NC,76095,1078129,1154224
37121,Mitchell County,,NC,864,15671,16535
37123,Montgomery County,,NC,1838,28584,30422
37125,Moore County,,NC,6811,101857,108668
37127,Nash County,,NC,9397,108486,117883
37129,New Hanover County,,NC,17924,215964,233888
37131,Northampton County,,NC,1462,20715,22177
37133,Onslow County,,NC,37739,174666,212405
37135,Orange County,,NC,15171,138949,154120
37137,Pamlico County,,NC,999,13490,14489
37139,Pasquotank County,,NC,3926,41745,45671
37141,Pender County,,NC,5532,54426,59958
37143,Perquimans County,,NC,1118,14395,15513
37145,Person County,,NC,1976,42861,44837
37147,Pitt County,,NC,12086,166812,178898
37149,Polk County,,NC,1432,20381,21813
37151,Randolph County,,NC,8382,160517,168899
37153,Richmond County,,NC,2660,47944,50604
37155,Robeson County,,NC,6844,133794,140638
37157,Rockingham County,,NC,4675,102665,107340
37159,Rowan County,,NC,8799,151426,160225
37161,Rutherford County,,NC,3655,66055,69710
37163,Sampson County,,NC,5150,74012,79162
37165,Scotland County,,NC,3328,36172,39500
37167,Stanly County,,NC,3128,65528,68656
37169,Stokes County,,NC,2989,50411,53400
37171,Surry County,,NC,4332,80483,84815
37173,Swain County,,NC,1757,18456,20213
37175,Transylvania County,,NC,2064,33370,35434
37177,Tyrrell County,,NC,240,4128,4368
37179,Union County,,NC,13520,236321,249841
37181,Vance County,,NC,2956,47235,50191
37183,Wake County,,NC,73882,1100385,1174267
37185,Warren County,,NC,1537,19161,20698
37187,Washington County,,NC,733,13589,14322
37189,Watauga County,,NC,4038,41706,45744
37191,Wayne County,,NC,9872,129416,139288
37193,Wilkes County,,NC,3089,72004,75093
37195,Wilson County,,NC,5111,90269,95380
37197,Yadkin County,,NC,2368,42234,44602
37199,Yancey County,,NC,1046,18488,19534
38001,Adams County,,ND,133,2606,2739
38003,Barnes County,,ND,706,13038,13744
38005,Benson County,,ND,382,7032,7414
38007,Billings County,,ND,110,967,1077
38009,Bottineau County,,ND,501,7963,8464
38011,Bowman County,,ND,269,3858,4127
38013,Burke County,,ND,233,2665,2898
38015,Burleigh County,,ND,6168,101586,107754
38017,Cass County,,ND,11792,177740,189532
38019,Cavalier County,,ND,229,5072,5301
38021,Dickey County,,ND,425,6221,6646
38023,Divide County,,ND,173,2615,2788
38025,Dunn County,,ND,492,4176,4668
38027,Eddy County,,ND,160,2784,2944
38029,Emmons County,,ND,145,4039,4184
38031,Foster County,,ND,193,4169,4362
38033,Golden Valley County,,ND,108,2119,2227
38035,Grand Forks County,,ND,6420,70773,77193
38037,Grant County,,ND,109,2718,2827
38039,Griggs County,,ND,117,2958,3075
38041,Hettinger County,,ND,215,2996,3211
38043,Kidder County,,ND,123,2946,3069
38045,LaMoure County,,ND,289,4908,5197
38047,Logan County,,ND,115,2326,2441
38049,McHenry County,,ND,503,6846,7349
38051,McIntosh County,,ND,160,3415,3575
38053,McKenzie County,,ND,698,6339,7037
38055,McLean County,,ND,767,11039,11806
38057,Mercer County,,ND,638,10610,11248
38059,Morton County,,ND,3068,33166,36234
38061,Mountrail County,,ND,1000,9121,10121
38063,Nelson County,,ND,262,3863,4125
38065,Oliver County,,ND,247,2270,2517
38067,Pembina County,,ND,839,9162,10001
38069,Pierce County,,ND,269,5297,5566
38071,Ramsey County,,ND,927,13629,14556
38073,Ransom County,,ND,293,6674,6967
38075,Renville County,,ND,227,3098,3325
38077,Richland County,,ND,1178,19148,20326
38079,Rolette County,,ND,560,14613,15173
38081,Sargent County,,ND,280,4938,5218
38083,Sheridan County,,ND,71,1651,1722
38085,Sioux County,,ND,185,3502,3687
38087,Slope County,,ND,33,905,938
38089,Stark County,,ND,2713,30370,33083
38091,Steele County,,ND,172,2324,2496
38093,Stutsman County,,ND,1498,24392,25890
38095,Towner County,,ND,135,2952,3087
38097,Traill County,,ND,590,9448,10038
38099,Walsh County,,ND,628,13507,14135
38101,Ward County,,ND,9333,72215,81548
38103,Wells County,,ND,320,5380,5700
38105,Williams County,,ND,3510,28593,32103
39001,Adams County,,OH,1387,29649,31036
39003,Allen County,,OH,5927,118606,124533
39005,Ashland County,,OH,3178,60353,63531
39007,Ashtabula County,,OH,4936,114215,119151
39009,Athens County,,OH,4392,50484,54876
39011,Auglaize County,,OH,2899,57278,60177
39013,Belmont County,,OH,3496,76568,80064
39015,Brown County,,OH,3657,48551,52208
39017,Butler County,,OH,27186,421755,448941
39019,Carroll County,,OH,2215,32207,34422
39021,Champaign County,,OH,2855,45593,48448
39023,Clark County,,OH,7480,158808,166288
39025,Clermont County,,OH,15079,234162,249241
39027,Clinton County,,OH,3294,47614,50908
39029,Columbiana County,,OH,5540,120494,126034
39031,Coshocton County,,OH,1846,41307,43153
39033,Crawford County,,OH,2810,50506,53316
39035,Cuyahoga County,,OH,59756,1479798,1539554
39037,Darke County,,OH,2667,64336,67003
39039,Defiance County,,OH,2431,47214,49645
39041,Delaware County,,OH,15453,217177,232630
39043,Erie County,,OH,5270,92720,97990
39045,Fairfield County,,OH,12079,168475,180554
39047,Fayette County,,OH,2164,32005,34169
39049,Franklin County,,OH,79384,1384228,1463612
39051,Fulton County,,OH,2986,52636,55622
39053,Gallia County,,OH,1532,32129,33661
39055,Geauga County,,OH,5605,117700,123305
39057,Greene County,,OH,16254,178159,194413
39059,Guernsey County,,OH,2107,45034,47141
39061,Hamilton County,,OH,50096,937155,987251
39063,Hancock County,,OH,5045,89279,94324
39065,Hardin County,,OH,1917,33240,35157
39067,Harrison County,,OH,913,16727,17640
39069,Henry County,,OH,1859,35414,37273
39071,Highland County,,OH,3066,46017,49083
39073,Hocking County,,OH,1970,31281,33251
39075,Holmes County,,OH,2026,46492,48518
39077,Huron County,,OH,4401,72102,76503
39079,Jackson County,,OH,1833,35386,37219
39081,Jefferson County,,OH,2995,76520,79515
39083,Knox County,,OH,3859,67495,71354
39085,Lake County,,OH,11954,290078,302032
39087,Lawrence County,,OH,3353,66911,70264
39089,Licking County,,OH,11180,195941,207121
39091,Logan County,,OH,2822,54295,57117
39093,Lorain County,,OH,14820,357225,372045
39095,Lucas County,,OH,22561,486022,508583
39097,Madison County,,OH,3413,45619,49032
39099,Mahoning County,,OH,12060,270835,282895
39101,Marion County,,OH,3732,70268,74000
39103,Medina County,,OH,11078,218494,229572
39105,Meigs County,,OH,1173,24239,25412
39107,Mercer County,,OH,1808,52417,54225
39109,Miami County,,OH,6542,124389,130931
39111,Monroe County,,OH,1049,16307,17356
39113,Montgomery County,,OH,34571,612870,647441
39115,Morgan County,,OH,967,14952,15919
39117,Morrow County,,OH,2505,38698,41203
39119,Muskingum County,,OH,4161,98185,102346
39121,Noble County,,OH,814,13838,14652
39123,Ottawa County,,OH,2848,51519,54367
39125,Paulding County,,OH,1319,23223,24542
39127,Perry County,,OH,2203,38769,40972
39129,Pickaway County,,OH,4128,60035,64163
39131,Pike County,,OH,1753,29107,30860
39133,Portage County,,OH,11705,176358,188063
39135,Preble County,,OH,2433,49095,51528
39137,Putnam County,,OH,1585,44258,45843
39139,Richland County,,OH,6372,140465,146837
39141,Ross County,,OH,3873,81062,84935
39143,Sandusky County,,OH,3548,74013,77561
39145,Scioto County,,OH,3655,77673,81328
39147,Seneca County,,OH,3563,65814,69377
39149,Shelby County,,OH,2753,59888,62641
39151,Stark County,,OH,16555,447985,464540
39153,Summit County,,OH,29736,637288,667024
39155,Trumbull County,,OH,11070,247013,258083
39157,Tuscarawas County,,OH,4438,114939,119377
39159,Union County,,OH,3964,58773,62737
39161,Van Wert County,,OH,1695,34922,36617
39163,Vinton County,,OH,825,13318,14143
39165,Warren County,,OH,18680,256470,275150
39167,Washington County,,OH,3428,71026,74454
39169,Wayne County,,OH,6433,137170,143603
39171,Williams County,,OH,2096,45594,47690
39173,Wood County,,OH,10288,141244,151532
39175,Wyandot County,,OH,1466,27481,28947
40001,Adair County,,OK,1804,22331,24135
40003,Alfalfa County,,OK,414,5192,5606
40005,Atoka County,,OK,1721,13376,15097
40007,Beaver County,,OK,542,6194,6736
40009,Beckham County,,OK,2093,22044,24137
40011,Blaine County,,OK,768,10479,11247
40013,Bryan County,,OK,3090,39953,43043
40015,Caddo County,,OK,2386,28007,30393
40017,Canadian County,,OK,11188,134002,145190
40019,Carter County,,OK,3403,51771,55174
40021,Cherokee County,,OK,3440,43924,47364
40023,Choctaw County,,OK,1230,14578,15808
40025,Cimarron County,,OK,237,3098,3335
40027,Cleveland County,,OK,25889,273419,299308
40029,Coal County,,OK,448,5359,5807
40031,Comanche County,,OK,16772,118198,134970
40033,Cotton County,,OK,645,6148,6793
40035,Craig County,,OK,1233,13856,15089
40037,Creek County,,OK,7224,74392,81616
40039,Custer County,,OK,2602,27770,30372
40041,Delaware County,,OK,3203,37331,40534
40043,Dewey County,,OK,395,5215,5610
40045,Ellis County,,OK,406,4366,4772
40047,Garfield County,,OK,5625,67435,73060
40049,Garvin County,,OK,2238,28608,30846
40051,Grady County,,OK,4691,52462,57153
40053,Grant County,,OK,449,4717,5166
40055,Greer County,,OK,436,4965,5401
40057,Harmon County,,OK,228,2845,3073
40059,Harper County,,OK,272,4366,4638
40061,Haskell County,,OK,904,12398,13302
40063,Hughes County,,OK,1094,12276,13370
40065,Jackson County,,OK,3397,27695,31092
40067,Jefferson County,,OK,475,5870,6345
40069,Johnston County,,OK,946,10349,11295
40071,Kay County,,OK,3610,48927,52537
40073,Kingfisher County,,OK,1394,17100,18494
40075,Kiowa County,,OK,683,9318,10001
40077,Latimer County,,OK,1000,11345,12345
40079,Le Flore County,,OK,3115,48211,51326
40081,Lincoln County,,OK,3212,32186,35398
40083,Logan County,,OK,4391,42357,46748
40085,Love County,,OK,856,9790,10646
40087,McClain County,,OK,4686,38114,42800
40089,McCurtain County,,OK,1772,32682,34454
40091,McIntosh County,,OK,1659,18974,20633
40093,Major County,,OK,714,8715,9429
40095,Marshall County,,OK,1316,15036,16352
40097,Mayes County,,OK,3002,41503,44505
40099,Murray County,,OK,1209,13710,14919
40101,Muskogee County,,OK,5251,71785,77036
40103,Noble County,,OK,983,11911,12894
40105,Nowata County,,OK,775,11036,11811
40107,Okfuskee County,,OK,890,10151,11041
40109,Oklahoma County,,OK,58685,791180,849865
40111,Okmulgee County,,OK,3091,38581,41672
40113,Osage County,,OK,4663,42345,47008
40115,Ottawa County,,OK,2931,33010,35941
40117,Pawnee County,,OK,1844,16005,17849
40119,Payne County,,OK,7733,65714,73447
40121,Pittsburg County,,OK,4123,45133,49256
40123,Pontotoc County,,OK,2917,39720,42637
40125,Pottawatomie County,,OK,5936,71227,77163
40127,Pushmataha County,,OK,936,11010,11946
40129,Roger Mills County,,OK,323,3920,4243
40131,Rogers County,,OK,8631,95859,104490
40133,Seminole County,,OK,2083,23093,25176
40135,Sequoyah County,,OK,2925,41115,44040
40137,Stephens County,,OK,3204,47066,50270
40139,Texas County,,OK,2494,25541,28035
40141,Tillman County,,OK,673,7913,8586
40143,Tulsa County,,OK,45246,692691,737937
40145,Wagoner County,,OK,7900,77693,85593
40147,Washington County,,OK,4343,57674,62017
40149,Washita County,,OK,1275,11766,13041
40151,Woods County,,OK,746,8565,9311
40153,Woodward County,,OK,1501,21711,23212
41001,Baker County,,OR,1133,17258,18391
41003,Benton County,,OR,8447,83916,92363
41005,Clackamas County,,OR,33287,439234,472521
41007,Clatsop County,,OR,3232,40106,43338
41009,Columbia County,,OR,3617,54315,57932
41011,Coos County,,OR,4491,64364,68855
41013,Crook County,,OR,1714,21805,23519
41015,Curry County,,OR,2030,23614,25644
41017,Deschutes County,,OR,12581,182863,195444
41019,Douglas County,,OR,5952,112027,117979
41021,Gilliam County,,OR,157,2059,2216
41023,Grant County,,OR,505,7628,8133
41025,Harney County,,OR,541,7605,8146
41027,Hood River County,,OR,1954,28495,30449
41029,Jackson County,,OR,11481,232496,243977
41031,Jefferson County,,OR,1812,21760,23572
41033,Josephine County,,OR,4887,85374,90261
41035,Klamath County,,OR,4714,68154,72868
41037,Lake County,,OR,638,7779,8417
41039,Lane County,,OR,19158,373849,393007
41041,Lincoln County,,OR,3940,48231,52171
41043,Linn County,,OR,9274,126273,135547
41045,Malheur County,,OR,2249,29037,31286
41047,Marion County,,OR,20288,351132,371420
41049,Morrow County,,OR,1144,13420,14564
41051,Multnomah County,,OR,64981,829378,894359
41053,Polk County,,OR,7419,79955,87374
41055,Sherman County,,OR,127,2047,2174
41057,Tillamook County,,OR,1908,27548,29456
41059,Umatilla County,,OR,5241,83003,88244
41061,Union County,,OR,1744,27998,29742
41063,Wallowa County,,OR,527,8212,8739
41065,Wasco County,,OR,1889,26952,28841
41067,Washington County,,OR,45463,626157,671620
41069,Wheeler County,,OR,87,1379,1466
41071,Yamhill County,,OR,7312,107060,114372
42001,Adams County,,PA,6935,124300,131235
42003,Allegheny County,,PA,56298,1476983,1533281
42005,Armstrong County,,PA,3384,80584,83968
42007,Beaver County,,PA,8038,210883,218921
42009,Bedford County,,PA,2330,60284,62614
42011,Berks County,,PA,19780,504702,524482
42013,Blair County,,PA,4583,149552,154135
42015,Bradford County,,PA,3687,65317,69004
42017,Bucks County,,PA,35649,805693,841342
42019,Butler County,,PA,10179,229987,240166
42021,Cambria County,,PA,5492,165274,170766
42023,Cameron County,,PA,233,6117,6350
42025,Carbon County,,PA,4129,76059,80188
42027,Centre County,,PA,8871,141745,150616
42029,Chester County,,PA,30732,630192,660924
42031,Clarion County,,PA,2200,43757,45957
42033,Clearfield County,,PA,3636,93036,96672
42035,Clinton County,,PA,1990,42903,44893
42037,Columbia County,,PA,3645,71581,75226
42039,Crawford County,,PA,4238,99157,103395
42041,Cumberland County,,PA,16915,290603,307518
42043,Dauphin County,,PA,19208,327361,346569
42045,Delaware County,,PA,33785,668014,701799
42047,Elk County,,PA,1097,41456,42553
42049,Erie County,,PA,10185,324169,334354
42051,Fayette County,,PA,6434,154510,160944
42053,Forest County,,PA,460,5403,5863
42055,Franklin County,,PA,7808,191038,198846
42057,Fulton County,,PA,736,18057,18793
42059,Greene County,,PA,1862,40484,42346
42061,Huntingdon County,,PA,2111,49908,52019
42063,Indiana County,,PA,4463,93921,98384
42065,Jefferson County,,PA,2249,54436,56685
42067,Juniata County,,PA,965,29194,30159
42069,Lackawanna County,,PA,11291,248340,259631
42071,Lancaster County,,PA,21689,657714,679403
42073,Lawrence County,,PA,4014,105126,109140
42075,Lebanon County,,PA,7639,169570,177209
42077,Lehigh County,,PA,27994,427625,455619
42079,Luzerne County,,PA,14518,378266,392784
42081,Lycoming County,,PA,6296,137432,143728
42083,McKean County,,PA,1702,48613,50315
42085,Mercer County,,PA,5163,134597,139760
42087,Mifflin County,,PA,1812,55492,57304
42089,Monroe County,,PA,12326,181485,193811
42091,Montgomery County,,PA,52102,1009407,1061509
42093,Montour County,,PA,1828,21974,23802
42095,Northampton County,,PA,19625,362999,382624
42097,Northumberland County,,PA,5023,108195,113218
42099,Perry County,,PA,2883,56680,59563
42101,Philadelphia County,,PA,91557,1538059,1629616
42103,Pike County,,PA,5768,65076,70844
42105,Potter County,,PA,1029,19954,20983
42107,Schuylkill County,,PA,6046,172242,178288
42109,Snyder County,,PA,2119,45331,47450
42111,Somerset County,,PA,2982,90451,93433
42113,Sullivan County,,PA,592,7181,7773
42115,Susquehanna County,,PA,2986,48142,51128
42117,Tioga County,,PA,2487,47831,50318
42119,Union County,,PA,2730,43187,45917
42121,Venango County,,PA,2628,64010,66638
42123,Warren County,,PA,1834,48881,50715
42125,Washington County,,PA,12894,254008,266902
42127,Wayne County,,PA,4515,57250,61765
42129,Westmoreland County,,PA,17714,451364,469078
42131,Wyoming County,,PA,3538,30763,34301
42133,York County,,PA,21619,545031,566650
44001,Bristol County,,RI,3359,57611,60970
44003,Kent County,,RI,12441,202498,214939
44005,Newport County,,RI,8134,95387,103521
44007,Providence County,,RI,34054,701138,735192
44009,Washington County,,RI,8075,149078,157153
45001,Abbeville County,,SC,1753,25718,27471
45003,Aiken County,,SC,10944,178860,189804
45005,Allendale County,,SC,728,8604,9332
45007,Anderson County,,SC,12113,209845,221958
45009,Bamberg County,,SC,1103,14045,15148
45011,Barnwell County,,SC,1351,23128,24479
45013,Beaufort County,,SC,16308,183544,199852
45015,Berkeley County,,SC,23190,195334,218524
45017,Calhoun County,,SC,1063,15875,16938
45019,Charleston County,,SC,35791,387121,422912
45021,Cherokee County,,SC,2957,58425,61382
45023,Chester County,,SC,2216,34746,36962
45025,Chesterfield County,,SC,2279,46383,48662
45027,Clarendon County,,SC,2314,34168,36482
45029,Colleton County,,SC,2787,41551,44338
45031,Darlington County,,SC,4246,71953,76199
45033,Dillon County,,SC,1951,33308,35259
45035,Dorchester County,,SC,18135,151203,169338
45037,Edgefield County,,SC,2255,25456,27711
45039,Fairfield County,,SC,1709,24240,25949
45041,Florence County,,SC,8781,150580,159361
45043,Georgetown County,,SC,4545,69951,74496
45045,Greenville County,,SC,31572,521829,553401
45047,Greenwood County,,SC,4511,77855,82366
45049,Hampton County,,SC,1384,20813,22197
45051,Horry County,,SC,21078,315759,336837
45053,Jasper County,,SC,2524,22510,25034
45055,Kershaw County,,SC,4906,68913,73819
45057,Lancaster County,,SC,4927,83655,88582
45059,Laurens County,,SC,4575,68578,73153
45061,Lee County,,SC,1444,17838,19282
45063,Lexington County,,SC,20742,301554,322296
45065,McCormick County,,SC,594,9840,10434
45067,Marion County,,SC,2303,34096,36399
45069,Marlboro County,,SC,1591,27889,29480
45071,Newberry County,,SC,2330,43934,46264
45073,Oconee County,,SC,4212,80085,84297
45075,Orangeburg County,,SC,5507,93367,98874
45077,Pickens County,,SC,8647,118869,127516
45079,Richland County,,SC,36571,400027,436598
45081,Saluda County,,SC,1748,24538,26286
45083,Spartanburg County,,SC,15979,317891,333870
45085,Sumter County,,SC,9706,116508,126214
45087,Union County,,SC,1235,29296,30531
45089,Williamsburg County,,SC,2546,33893,36439
45091,York County,,SC,15282,263989,279271
46003,Aurora County,,SD,138,3424,3562
46005,Beadle County,,SD,1411,21002,22413
46007,Bennett County,,SD,151,3192,3343
46009,Bon Homme County,,SD,389,7049,7438
46011,Brookings County,,SD,2816,31561,34377
46013,Brown County,,SD,2605,44080,46685
46015,Brule County,,SD,549,6110,6659
46017,Buffalo County,,SD,131,2005,2136
46019,Butte County,,SD,1142,11138,12280
46021,Campbell County,,SD,87,1768,1855
46023,Charles Mix County,,SD,624,9645,10269
46025,Clark County,,SD,244,3954,4198
46027,Clay County,,SD,1600,11717,13317
46029,Codington County,,SD,2055,32899,34954
46031,Corson County,,SD,165,3483,3648
46033,Custer County,,SD,887,8924,9811
46035,Davison County,,SD,1768,23120,24888
46037,Day County,,SD,485,6722,7207
46039,Deuel County,,SD,323,5468,5791
46041,Dewey County,,SD,353,6827,7180
46043,Douglas County,,SD,129,3642,3771
46045,Edmunds County,,SD,294,4546,4840
46047,Fall River County,,SD,745,7877,8622
46049,Faulk County,,SD,120,2420,2540
46051,Grant County,,SD,476,9383,9859
46053,Gregory County,,SD,259,5027,5286
46055,Haakon County,,SD,168,2234,2402
46057,Hamlin County,,SD,549,6821,7370
46059,Hand County,,SD,231,4112,4343
46061,Hanson County,,SD,474,5334,5808
46063,Harding County,,SD,30,1503,1533
46065,Hughes County,,SD,2203,20867,23070
46067,Hutchinson County,,SD,420,8364,8784
46069,Hyde County,,SD,100,1664,1764
46071,Jackson County,,SD,173,2785,2958
46073,Jerauld County,,SD,141,2211,2352
46075,Jones County,,SD,76,1260,1336
46077,Kingsbury County,,SD,470,6489,6959
46079,Lake County,,SD,1119,14576,15695
46081,Lawrence County,,SD,3032,26885,29917
46083,Lincoln County,,SD,5833,55972,61805
46085,Lyman County,,SD,279,4265,4544
46087,McCook County,,SD,422,6765,7187
46089,McPherson County,,SD,112,2523,2635
46091,Marshall County,,SD,343,4937,5280
46093,Meade County,,SD,5418,29042,34460
46095,Mellette County,,SD,153,1897,2050
46097,Miner County,,SD,155,2856,3011
46099,Minnehaha County,,SD,16779,217066,233845
46101,Moody County,,SD,586,7535,8121
46103,Pennington County,,SD,11944,118065,130009
46105,Perkins County,,SD,210,3391,3601
46107,Potter County,,SD,121,3102,3223
46109,Roberts County,,SD,666,11148,11814
46111,Sanborn County,,SD,121,2866,2987
46113,Shannon County,,SD,695,11956,12651
46115,Spink County,,SD,414,7646,8060
46117,Stanley County,,SD,376,3584,3960
46119,Sully County,,SD,158,1826,1984
46121,Todd County,,SD,495,8512,9007
46123,Tripp County,,SD,438,6639,7077
46125,Turner County,,SD,742,9988,10730
46127,Union County,,SD,1656,17570,19226
46129,Walworth County,,SD,541,6565,7106
46135,Yankton County,,SD,1757,25568,27325
46137,Ziebach County,,SD,82,1317,1399
47001,Anderson County,,TN,7126,82510,89636
47003,Bedford County,,TN,3514,51099,54613
47005,Benton County,,TN,1158,16890,18048
47007,Bledsoe County,,TN,723,10625,11348
47009,Blount County,,TN,8175,140871,149046
47011,Bradley County,,TN,6691,110680,117371
47013,Campbell County,,TN,2142,38172,40314
47015,Cannon County,,TN,1207,14517,15724
47017,Carroll County,,TN,2036,30445,32481
47019,Carter County,,TN,3871,56813,60684
47021,Cheatham County,,TN,3664,45421,49085
47023,Chester County,,TN,1295,16976,18271
47025,Claiborne County,,TN,1872,31864,33736
47027,Clay County,,TN,478,7659,8137
47029,Cocke County,,TN,2060,36123,38183
47031,Coffee County,,TN,4544,58081,62625
47033,Crockett County,,TN,1142,16129,17271
47035,Cumberland County,,TN,3800,64002,67802
47037,Davidson County,,TN,61969,712105,774074
47039,Decatur County,,TN,751,12130,12881
47041,DeKalb County,,TN,1549,19784,21333
47043,Dickson County,,TN,3830,56056,59886
47045,Dyer County,,TN,2674,42404,45078
47047,Fayette County,,TN,3581,45300,48881
47049,Fentress County,,TN,974,17786,18760
47051,Franklin County,,TN,2795,44777,47572
47053,Gibson County,,TN,3618,54620,58238
47055,Giles County,,TN,1971,31292,33263
47057,Grainger County,,TN,1543,22873,24416
47059,Greene County,,TN,3785,73950,77735
47061,Grundy County,,TN,780,13577,14357
47063,Hamblen County,,TN,4984,71787,76771
47065,Hamilton County,,TN,21351,384139,405490
47067,Hancock County,,TN,310,5349,5659
47069,Hardeman County,,TN,1683,26399,28082
47071,Hardin County,,TN,1626,27298,28924
47073,Hawkins County,,TN,4268,59284,63552
47075,Haywood County,,TN,1401,21074,22475
47077,Henderson County,,TN,1674,29949,31623
47079,Henry County,,TN,2300,35481,37781
47081,Hickman County,,TN,1721,23313,25034
47083,Houston County,,TN,609,8180,8789
47085,Humphreys County,,TN,1117,20470,21587
47087,Jackson County,,TN,1267,10807,12074
47089,Jefferson County,,TN,4963,53078,58041
47091,Johnson County,,TN,789,16248,17037
47093,Knox County,,TN,29812,485841,515653
47095,Lake County,,TN,413,5333,5746
47097,Lauderdale County,,TN,1552,25396,26948
47099,Lawrence County,,TN,2299,44198,46497
47101,Lewis County,,TN,677,11781,12458
47103,Lincoln County,,TN,2076,37933,40009
47105,Loudon County,,TN,4334,58250,62584
47107,McMinn County,,TN,3623,54766,58389
47109,McNairy County,,TN,1819,26671,28490
47111,Macon County,,TN,1579,23522,25101
47113,Madison County,,TN,7785,108799,116584
47115,Marion County,,TN,2952,30481,33433
47117,Marshall County,,TN,2473,34487,36960
47119,Maury County,,TN,7940,93384,101324
47121,Meigs County,,TN,1347,11359,12706
47123,Monroe County,,TN,3001,46632,49633
47125,Montgomery County,,TN,26236,179658,205894
47127,Moore County,,TN,471,7033,7504
47129,Morgan County,,TN,1416,19936,21352
47131,Obion County,,TN,2534,35762,38296
47133,Overton County,,TN,1554,22976,24530
47135,Perry County,,TN,511,7758,8269
47137,Pickett County,,TN,258,5244,5502
47139,Polk County,,TN,1479,17121,18600
47141,Putnam County,,TN,5707,76882,82589
47143,Rhea County,,TN,2107,33661,35768
47145,Roane County,,TN,4478,57715,62193
47147,Robertson County,,TN,6668,79236,85904
47149,Rutherford County,,TN,24823,305198,330021
47151,Scott County,,TN,708,21832,22540
47153,Sequatchie County,,TN,1064,14890,15954
47155,Sevier County,,TN,7971,105023,112994
47157,Shelby County,,TN,55036,1110616,1165652
47159,Smith County,,TN,1344,21081,22425
47161,Stewart County,,TN,1313,14289,15602
47163,Sullivan County,,TN,9876,174312,184188
47165,Sumner County,,TN,13796,189133,202929
47167,Tipton County,,TN,4714,68528,73242
47169,Trousdale County,,TN,630,8433,9063
47171,Unicoi County,,TN,1295,18619,19914
47173,Union County,,TN,1645,18696,20341
47175,Van Buren County,,TN,408,5615,6023
47177,Warren County,,TN,2340,43247,45587
47179,Washington County,,TN,10222,131333,141555
47181,Wayne County,,TN,697,15087,15784
47183,Weakley County,,TN,2239,33007,35246
47185,White County,,TN,1770,27622,29392
47187,Williamson County,,TN,18525,228890,247415
47189,Wilson County,,TN,10124,137818,147942
48001,Anderson County,,TX,3652,48761,52413
48003,Andrews County,,TX,1315,17700,19015
48005,Angelina County,,TX,5517,93415,98932
48007,Aransas County,,TX,2493,24384,26877
48009,Archer County,,TX,799,9638,10437
48011,Armstrong County,,TX,180,2067,2247
48013,Atascosa County,,TX,3919,47977,51896
48015,Austin County,,TX,2422,33204,35626
48017,Bailey County,,TX,743,7988,8731
48019,Bandera County,,TX,1878,21309,23187
48021,Bastrop County,,TX,7181,77317,84498
48023,Baylor County,,TX,277,3731,4008
48025,Bee County,,TX,2134,26403,28537
48027,Bell County,,TX,51444,328880,380324
48029,Bexar County,,TX,101358,1955523,2056881
48031,Blanco County,,TX,934,11344,12278
48033,Borden County,,TX,72,650,722
48035,Bosque County,,TX,1741,18821,20562
48037,Bowie County,,TX,7489,99226,106715
48039,Brazoria County,,TX,24931,351745,376676
48041,Brazos County,,TX,16201,170638,186839
48043,Brewster County,,TX,1103,10124,11227
48045,Briscoe County,,TX,166,1720,1886
48047,Brooks County,,TX,496,8044,8540
48049,Brown County,,TX,2886,39077,41963
48051,Burleson County,,TX,1322,19083,20405
48053,Burnet County,,TX,4275,47499,51774
48055,Caldwell County,,TX,3481,37760,41241
48057,Calhoun County,,TX,1657,23516,25173
48059,Callahan County,,TX,1369,14231,15600
48061,Cameron County,,TX,17451,442005,459456
48063,Camp County,,TX,1374,13272,14646
48065,Carson County,,TX,641,6590,7231
48067,Cass County,,TX,2554,32157,34711
48069,Castro County,,TX,713,8625,9338
48071,Chambers County,,TX,4147,41518,45665
48073,Cherokee County,,TX,3638,52756,56394
48075,Childress County,,TX,466,6226,6692
48077,Clay County,,TX,1022,11426,12448
48079,Cochran County,,TX,339,3358,3697
48081,Coke County,,TX,307,3386,3693
48083,Coleman County,,TX,748,8957,9705
48085,Collin County,,TX,84489,946227,1030716
48087,Collingsworth County,,TX,256,3178,3434
48089,Colorado County,,TX,1657,23886,25543
48091,Comal County,,TX,14830,131412,146242
48093,Comanche County,,TX,1116,14315,15431
48095,Concho County,,TX,252,2572,2824
48097,Cooke County,,TX,3473,43591,47064
48099,Coryell County,,TX,14192,64076,78268
48101,Cottle County,,TX,88,1639,1727
48103,Crane County,,TX,388,4931,5319
48105,Crockett County,,TX,302,4345,4647
48107,Crosby County,,TX,568,6254,6822
48109,Culberson County,,TX,241,2527,2768
48111,Dallam County,,TX,1096,7925,9021
48113,Dallas County,,TX,191846,2740787,2932633
48115,Dawson County,,TX,1005,13077,14082
48117,Deaf Smith County,,TX,1820,23312,25132
48119,Delta County,,TX,473,4991,5464
48121,Denton County,,TX,73140,769354,842494
48123,DeWitt County,,TX,1663,20173,21836
48125,Dickens County,,TX,183,2123,2306
48127,Dimmit County,,TX,737,10358,11095
48129,Donley County,,TX,261,3609,3870
48131,Duval County,,TX,1024,12158,13182
48133,Eastland County,,TX,1583,18358,19941
48135,Ector County,,TX,9444,157522,166966
48137,Edwards County,,TX,148,2136,2284
48139,Ellis County,,TX,13679,174219,187898
48141,El Paso County,,TX,50855,930286,981141
48143,Erath County,,TX,3219,36026,39245
48145,Falls County,,TX,1515,15587,17102
48147,Fannin County,,TX,2501,33338,35839
48149,Fayette County,,TX,1546,28021,29567
48151,Fisher County,,TX,249,3953,4202
48153,Floyd County,,TX,542,7065,7607
48155,Foard County,,TX,91,1276,1367
48157,Fort Bend County,,TX,53899,695761,749660
48159,Franklin County,,TX,1130,10357,11487
48161,Freestone County,,TX,1712,19580,21292
48163,Frio County,,TX,985,15000,15985
48165,Gaines County,,TX,1147,19164,20311
48167,Galveston County,,TX,25407,329014,354421
48169,Garza County,,TX,524,4669,5193
48171,Gillespie County,,TX,1881,30050,31931
48173,Glasscock County,,TX,87,1536,1623
48175,Goliad County,,TX,494,7500,7994
48177,Gonzales County,,TX,1357,21648,23005
48179,Gray County,,TX,1974,23930,25904
48181,Grayson County,,TX,8455,132911,141366
48183,Gregg County,,TX,13740,139321,153061
48185,Grimes County,,TX,2444,26146,28590
48187,Guadalupe County,,TX,15566,149699,165265
48189,Hale County,,TX,3028,38056,41084
48191,Hall County,,TX,417,3276,3693
48193,Hamilton County,,TX,855,8732,9587
48195,Hansford County,,TX,380,6450,6830
48197,Hardeman County,,TX,370,4289,4659
48199,Hardin County,,TX,4767,60660,65427
48201,Harris County,,TX,239694,4716372,4956066
48203,Harrison County,,TX,6918,72441,79359
48205,Hartley County,,TX,766,4565,5331
48207,Haskell County,,TX,549,5644,6193
48209,Hays County,,TX,17362,166480,183842
48211,Hemphill County,,TX,374,4753,5127
48213,Henderson County,,TX,6892,78758,85650
48215,Hidalgo County,,TX,25925,815434,841359
48217,Hill County,,TX,3374,36813,40187
48219,Hockley County,,TX,1968,24442,26410
48221,Hood County,,TX,5205,57069,62274
48223,Hopkins County,,TX,2592,38153,40745
48225,Houston County,,TX,1513,20748,22261
48227,Howard County,,TX,2306,32029,34335
48229,Hudspeth County,,TX,470,3424,3894
48231,Hunt County,,TX,8233,89236,97469
48233,Hutchinson County,,TX,1882,24495,26377
48235,Irion County,,TX,203,1781,1984
48237,Jack County,,TX,793,8419,9212
48239,Jackson County,,TX,939,16256,17195
48241,Jasper County,,TX,3239,37196,40435
48243,Jeff Davis County,,TX,257,2335,2592
48245,Jefferson County,,TX,18278,266084,284362
48247,Jim Hogg County,,TX,335,5369,5704
48249,Jim Wells County,,TX,3237,46194,49431
48251,Johnson County,,TX,14189,169866,184055
48253,Jones County,,TX,1643,16310,17953
48255,Karnes County,,TX,904,13528,14432
48257,Kaufman County,,TX,10863,119514,130377
48259,Kendall County,,TX,4197,41566,45763
48261,Kenedy County,,TX,63,401,464
48263,Kent County,,TX,59,897,956
48265,Kerr County,,TX,4155,55596,59751
48267,Kimble County,,TX,335,4836,5171
48269,King County,,TX,-2,287,285
48271,Kinney County,,TX,306,3346,3652
48273,Kleberg County,,TX,3297,31540,34837
48275,Knox County,,TX,368,3858,4226
48277,Lamar County,,TX,3181,53017,56198
48279,Lamb County,,TX,1370,14980,16350
48281,Lampasas County,,TX,2334,22365,24699
48283,La Salle County,,TX,403,5593,5996
48285,Lavaca County,,TX,1307,22931,24238
48287,Lee County,,TX,1279,18449,19728
48289,Leon County,,TX,1667,19292,20959
48291,Liberty County,,TX,6770,75045,81815
48293,Limestone County,,TX,2028,23724,25752
48295,Lipscomb County,,TX,266,3759,4025
48297,Live Oak County,,TX,786,9830,10616
48299,Llano County,,TX,1774,18334,20108
48301,Loving County,,TX,-2,67,65
48303,Lubbock County,,TX,19210,291479,310689
48305,Lynn County,,TX,628,6362,6990
48307,McCulloch County,,TX,734,8918,9652
48309,McLennan County,,TX,15139,253758,268897
48311,McMullen County,,TX,81,932,1013
48313,Madison County,,TX,969,12311,13280
48315,Marion County,,TX,1147,9569,10716
48317,Martin County,,TX,465,5249,5714
48319,Mason County,,TX,256,4499,4755
48321,Matagorda County,,TX,2645,40212,42857
48323,Maverick County,,TX,3098,69108,72206
48325,Medina County,,TX,3789,46917,50706
48327,Menard County,,TX,218,2239,2457
48329,Midland County,,TX,13273,160837,174110
48331,Milam County,,TX,1951,25977,27928
48333,Mills County,,TX,366,5059,5425
48335,Mitchell County,,TX,500,7592,8092
48337,Montague County,,TX,1669,21476,23145
48339,Montgomery County,,TX,40594,520709,561303
48341,Moore County,,TX,2522,25970,28492
48343,Morris County,,TX,1430,13777,15207
48345,Motley County,,TX,119,1158,1277
48347,Nacogdoches County,,TX,5199,61845,67044
48349,Navarro County,,TX,3930,52390,56320
48351,Newton County,,TX,1040,11517,12557
48353,Nolan County,,TX,1519,16439,17958
48355,Nueces County,,TX,22510,369642,392152
48357,Ochiltree County,,TX,828,12115,12943
48359,Oldham County,,TX,216,2237,2453
48361,Orange County,,TX,5962,93119,99081
48363,Palo Pinto County,,TX,2528,28994,31522
48365,Panola County,,TX,1997,26576,28573
48367,Parker County,,TX,11844,130841,142685
48369,Parmer County,,TX,1178,12180,13358
48371,Pecos County,,TX,1312,15344,16656
48373,Polk County,,TX,5550,55256,60806
48375,Potter County,,TX,14316,125392,139708
48377,Presidio County,,TX,1190,10822,12012
48379,Rains County,,TX,1089,10329,11418
48381,Randall County,,TX,14547,137230,151777
48383,Reagan County,,TX,311,3998,4309
48385,Real County,,TX,333,3475,3808
48387,Red River County,,TX,966,13189,14155
48389,Reeves County,,TX,765,11699,12464
48391,Refugio County,,TX,622,8399,9021
48393,Roberts County,,TX,90,973,1063
48395,Robertson County,,TX,1547,18082,19629
48397,Rockwall County,,TX,11314,93819,105133
48399,Runnels County,,TX,890,11522,12412
48401,Rusk County,,TX,4613,54045,58658
48403,Sabine County,,TX,931,10724,11655
48405,San Augustine County,,TX,779,8597,9376
48407,San Jacinto County,,TX,2426,23925,26351
48409,San Patricio County,,TX,7069,75438,82507
48411,San Saba County,,TX,360,6219,6579
48413,Schleicher County,,TX,243,3321,3564
48415,Scurry County,,TX,1263,17523,18786
48417,Shackelford County,,TX,322,3728,4050
48419,Shelby County,,TX,1584,27999,29583
48421,Sherman County,,TX,250,2882,3132
48423,Smith County,,TX,16451,236615,253066
48425,Somervell County,,TX,822,9160,9982
48427,Starr County,,TX,2750,69742,72492
48429,Stephens County,,TX,669,9333,10002
48431,Sterling County,,TX,89,1330,1419
48433,Stonewall County,,TX,111,1634,1745
48435,Sutton County,,TX,432,4819,5251
48437,Swisher County,,TX,656,7918,8574
48439,Tarrant County,,TX,134557,2131709,2266266
48441,Taylor County,,TX,13622,143304,156926
48443,Terrell County,,TX,156,911,1067
48445,Terry County,,TX,972,12439,13411
48447,Throckmorton County,,TX,93,1738,1831
48449,Titus County,,TX,2512,35714,38226
48451,Tom Green County,,TX,10295,121454,131749
48453,Travis County,,TX,97841,1161297,1259138
48455,Trinity County,,TX,1504,13830,15334
48457,Tyler County,,TX,1530,19172,20702
48459,Upshur County,,TX,4289,39433,43722
48461,Upton County,,TX,291,3535,3826
48463,Uvalde County,,TX,2024,30169,32193
48465,Val Verde County,,TX,4356,55512,59868
48467,Van Zandt County,,TX,4361,54289,58650
48469,Victoria County,,TX,6124,101091,107215
48471,Walker County,,TX,5442,51300,56742
48473,Waller County,,TX,4170,40887,45057
48475,Ward County,,TX,979,11721,12700
48477,Washington County,,TX,2312,37882,40194
48479,Webb County,,TX,8359,295423,303782
48481,Wharton County,,TX,2703,48388,51091
48483,Wheeler County,,TX,421,6275,6696
48485,Wichita County,,TX,10277,131871,142148
48487,Wilbarger County,,TX,1145,14252,15397
48489,Willacy County,,TX,1113,20862,21975
48491,Williamson County,,TX,47990,503303,551293
48493,Wilson County,,TX,3559,47225,50784
48495,Winkler County,,TX,615,7681,8296
48497,Wise County,,TX,5516,66119,71635
48499,Wood County,,TX,3386,43672,47058
48501,Yoakum County,,TX,764,9547,10311
48503,Young County,,TX,1348,20755,22103
48505,Zapata County,,TX,688,14493,15181
48507,Zavala County,,TX,809,11826,12635
49001,Beaver County,,UT,547,7573,8120
49003,Box Elder County,,UT,4041,59103,63144
49005,Cache County,,UT,9736,122970,132706
49007,Carbon County,,UT,1679,22398,24077
49009,Daggett County,,UT,148,1033,1181
49011,Davis County,,UT,28279,363474,391753
49013,Duchesne County,,UT,1661,20416,22077
49015,Emery County,,UT,845,12009,12854
49017,Garfield County,,UT,468,5476,5944
49019,Grand County,,UT,1200,11284,12484
49021,Iron County,,UT,4703,45092,49795
49023,Juab County,,UT,718,11209,11927
49025,Kane County,,UT,781,7344,8125
49027,Millard County,,UT,852,14479,15331
49029,Morgan County,,UT,751,11656,12407
49031,Piute County,,UT,57,1502,1559
49033,Rich County,,UT,236,2336,2572
49035,Salt Lake County,,UT,66963,1258767,1325730
49037,San Juan County,,UT,1223,10771,11994
49039,Sanpete County,,UT,2043,26635,28678
49041,Sevier County,,UT,1483,22330,23813
49043,Summit County,,UT,4776,50330,55106
49045,Tooele County,,UT,5354,66543,71897
49047,Uintah County,,UT,2800,35106,37906
49049,Utah County,,UT,38794,572232,611026
49051,Wasatch County,,UT,2704,27997,30701
49053,Washington County,,UT,11941,152337,164278
49055,Wayne County,,UT,221,2932,3153
49057,Weber County,,UT,17867,269550,287417
50001,Addison County,,VT,2464,44151,46615
50003,Bennington County,,VT,2216,44435,46651
50005,Caledonia County,,VT,1853,36202,38055
50007,Chittenden County,,VT,12198,188322,200520
50009,Essex County,,VT,609,6862,7471
50011,Franklin County,,VT,2926,58533,61459
50013,Grand Isle County,,VT,803,8854,9657
50015,Lamoille County,,VT,2010,30646,32656
50017,Orange County,,VT,2484,34591,37075
50019,Orleans County,,VT,1551,32857,34408
50021,Rutland County,,VT,3311,74665,77976
50023,Washington County,,VT,4448,73382,77830
50025,Windham County,,VT,3230,53117,56347
50027,Windsor County,,VT,4825,70337,75162
51001,Accomack County,,VA,2342,39450,41792
51003,Albemarle County,,VA,10741,108448,119189
51005,Alleghany County,,VA,947,17657,18604
51007,Amelia County,,VA,881,15162,16043
51009,Amherst County,,VA,1980,35612,37592
51011,Appomattox County,,VA,937,17255,18192
51013,Arlington County,,VA,42134,239630,281764
51015,Augusta County,,VA,5152,85461,90613
51017,Bath County,,VA,311,5521,5832
51019,Bedford County,,VA,5727,80305,86032
51021,Bland County,,VA,384,6653,7037
51023,Botetourt County,,VA,2636,40089,42725
51025,Brunswick County,,VA,1057,16366,17423
51027,Buchanan County,,VA,1046,22377,23423
51029,Buckingham County,,VA,912,15545,16457
51031,Campbell County,,VA,5231,60898,66129
51033,Caroline County,,VA,3311,32328,35639
51035,Carroll County,,VA,1664,30706,32370
51036,Charles City County,,VA,547,8201,8748
51037,Charlotte County,,VA,848,13451,14299
51041,Chesterfield County,,VA,28301,384575,412876
51043,Clarke County,,VA,1391,16480,17871
51045,Craig County,,VA,354,5566,5920
51047,Culpeper County,,VA,3921,54106,58027
51049,Cumberland County,,VA,901,9927,10828
51051,Dickenson County,,VA,692,14305,14997
51053,Dinwiddie County,,VA,2415,30666,33081
51057,Essex County,,VA,851,13001,13852
51059,Fairfax County,,VA,118515,1317248,1435763
51061,Fauquier County,,VA,6012,79396,85408
51063,Floyd County,,VA,926,17029,17955
51065,Fluvanna County,,VA,2420,28977,31397
51067,Franklin County,,VA,3068,60211,63279
51069,Frederick County,,VA,7096,92909,100005
51071,Giles County,,VA,1115,18822,19937
51073,Gloucester County,,VA,2842,44386,47228
51075,Goochland County,,VA,1688,25120,26808
51077,Grayson County,,VA,896,15909,16805
51079,Greene County,,VA,1821,21752,23573
51081,Greensville County,,VA,789,8651,9440
51083,Halifax County,,VA,1519,38600,40119
51085,Hanover County,,VA,7207,121781,128988
51087,Henrico County,,VA,30566,364253,394819
51089,Henry County,,VA,3114,58609,61723
51091,Highland County,,VA,123,2675,2798
51093,Isle of Wight County,,VA,3353,42287,45640
51095,James City County,,VA,7057,81622,88679
51097,King and Queen County,,VA,588,7538,8126
51099,King George County,,VA,2648,27385,30033
51101,King William County,,VA,1359,19693,21052
51103,Lancaster County,,VA,853,13959,14812
51105,Lee County,,VA,872,21708,22580
51107,Loudoun County,,VA,32213,407161,439374
51109,Louisa County,,VA,2662,37001,39663
51111,Lunenburg County,,VA,775,12227,13002
51113,Madison County,,VA,989,14806,15795
51115,Mathews County,,VA,649,10389,11038
51117,Mecklenburg County,,VA,1941,33835,35776
51119,Middlesex County,,VA,816,12360,13176
51121,Montgomery County,,VA,7493,79125,86618
51125,Nelson County,,VA,1171,17563,18734
51127,New Kent County,,VA,1610,22582,24192
51131,Northampton County,,VA,943,13908,14851
51133,Northumberland County,,VA,819,15181,16000
51135,Nottoway County,,VA,1205,16107,17312
51137,Orange County,,VA,3767,39051,42818
51139,Page County,,VA,1176,27159,28335
51141,Patrick County,,VA,859,18997,19856
51143,Pittsylvania County,,VA,3715,69288,73003
51145,Powhatan County,,VA,1844,31533,33377
51147,Prince Edward County,,VA,1685,18701,20386
51149,Prince George County,,VA,6015,34881,40896
51153,Prince William County,,VA,48774,496471,545245
51155,Pulaski County,,VA,2107,35972,38079
51157,Rappahannock County,,VA,681,8639,9320
51159,Richmond County,,VA,697,8419,9116
51161,Roanoke County,,VA,8975,110907,119882
51163,Rockbridge County,,VA,1577,24124,25701
51165,Rockingham County,,VA,5251,92193,97444
51167,Russell County,,VA,1463,26920,28383
51169,Scott County,,VA,1141,22428,23569
51171,Shenandoah County,,VA,3059,49352,52411
51173,Smyth County,,VA,1456,33965,35421
51175,Southampton County,,VA,1281,18992,20273
51177,Spotsylvania County,,VA,12798,144079,156877
51179,Stafford County,,VA,16110,148086,164196
51181,Surry County,,VA,592,7291,7883
51183,Sussex County,,VA,1064,10822,11886
51185,Tazewell County,,VA,2387,44077,46464
51187,Warren County,,VA,3156,43277,46433
51191,Washington County,,VA,3355,57880,61235
51193,Westmoreland County,,VA,1629,20284,21913
51195,Wise County,,VA,2285,38428,40713
51197,Wythe County,,VA,1435,31972,33407
51199,York County,,VA,9953,74812,84765
51510,Alexandria city,,VA,31864,159559,191423
51515,Bedford city,,VA,827,6523,7350
51520,Bristol city,,VA,2022,16719,18741
51530,Buena Vista city,,VA,650,6528,7178
51540,Charlottesville city,,VA,7156,39039,46195
51550,Chesapeake city,,VA,26415,257742,284157
51570,Colonial Heights city,,VA,2640,20025,22665
51580,Covington city,,VA,702,6489,7191
51590,Danville city,,VA,3513,44152,47665
51595,Emporia city,,VA,927,6290,7217
51600,Fairfax city,,VA,4697,26374,31071
51610,Falls Church city,,VA,2476,13872,16348
51620,Franklin city,,VA,1112,8883,9995
51630,Fredericksburg city,,VA,5497,23855,29352
51640,Galax city,,VA,844,7333,8177
51650,Hampton city,,VA,19819,142540,162359
51660,Harrisonburg city,,VA,5117,35552,40669
51670,Hopewell city,,VA,3322,23407,26729
51678,Lexington city,,VA,962,5107,6069
51680,Lynchburg city,,VA,7867,69193,77060
51683,Manassas city,,VA,7998,45762,53760
51685,Manassas Park city,,VA,2982,16127,19109
51690,Martinsville city,,VA,1723,14062,15785
51700,Newport News city,,VA,26801,188008,214809
51710,Norfolk city,,VA,35807,220077,255884
51720,Norton city,,VA,482,4096,4578
51730,Petersburg city,,VA,5437,32488,37925
51735,Poquoson city,,VA,1139,14757,15896
51740,Portsmouth city,,VA,13310,101672,114982
51750,Radford city,,VA,1713,10230,11943
51760,Richmond city,,VA,27110,189541,216651
51770,Roanoke city,,VA,10641,104127,114768
51775,Salem city,,VA,3218,27385,30603
51790,Staunton city,,VA,2858,25322,28180
51800,Suffolk city,,VA,9491,95073,104564
51810,Virginia Beach city,,VA,54658,505102,559760
51820,Waynesboro city,,VA,2690,23736,26426
51830,Williamsburg city,,VA,2682,9990,12672
51840,Winchester city,,VA,4123,28289,32412
53001,Adams County,,WA,1703,24199,25902
53003,Asotin County,,WA,1985,23351,25336
53005,Benton County,,WA,15370,207527,222897
53007,Chelan County,,WA,6421,89812,96233
53009,Clallam County,,WA,4692,78614,83306
53011,Clark County,,WA,28840,505814,534654
53013,Columbia County,,WA,330,4233,4563
53015,Cowlitz County,,WA,6806,111557,118363
53017,Douglas County,,WA,4000,43039,47039
53019,Ferry County,,WA,629,6906,7535
53021,Franklin County,,WA,8464,97879,106343
53023,Garfield County,,WA,159,2322,2481
53025,Grant County,,WA,6156,110024,116180
53027,Grays Harbor County,,WA,4846,73380,78226
53029,Island County,,WA,10492,88772,99264
53031,Jefferson County,,WA,2302,34686,36988
53033,King County,,WA,135521,2400348,2535869
53035,Kitsap County,,WA,23710,286607,310317
53037,Kittitas County,,WA,3709,39722,43431
53039,Klickitat County,,WA,1792,23510,25302
53041,Lewis County,,WA,5781,82577,88358
53043,Lincoln County,,WA,875,11554,12429
53045,Mason County,,WA,4804,63160,67964
53047,Okanogan County,,WA,2921,46122,49043
53049,Pacific County,,WA,1674,22564,24238
53051,Pend Oreille County,,WA,1722,12778,14500
53053,Pierce County,,WA,72542,912910,985452
53055,San Juan County,,WA,1202,18917,20119
53057,Skagit County,,WA,9022,137111,146133
53059,Skamania County,,WA,873,11314,12187
53061,Snohomish County,,WA,51656,850345,902001
53063,Spokane County,,WA,28483,535647,564130
53065,Stevens County,,WA,3082,45912,48994
53067,Thurston County,,WA,25132,297094,322226
53069,Wahkiakum County,,WA,324,4139,4463
53071,Walla Walla County,,WA,4340,63463,67803
53073,Whatcom County,,WA,12577,221496,234073
53075,Whitman County,,WA,4396,35633,40029
53077,Yakima County,,WA,11918,291740,303658
54001,Barbour County,,WV,1016,16823,17839
54003,Berkeley County,,WV,7857,121441,129298
54005,Boone County,,WV,1171,24490,25661
54007,Braxton County,,WV,726,14046,14772
54009,Brooke County,,WV,1446,26769,28215
54011,Cabell County,,WV,6881,98090,104971
54013,Calhoun County,,WV,486,7030,7516
54015,Clay County,,WV,578,9256,9834
54017,Doddridge County,,WV,290,5254,5544
54019,Fayette County,,WV,2440,43769,46209
54021,Gilmer County,,WV,414,6275,6689
54023,Grant County,,WV,834,13254,14088
54025,Greenbrier County,,WV,2126,38762,40888
54027,Hampshire County,,WV,1539,25513,27052
54029,Hancock County,,WV,2148,36858,39006
54031,Hardy County,,WV,892,15715,16607
54033,Harrison County,,WV,3881,80349,84230
54035,Jackson County,,WV,1325,27216,28541
54037,Jefferson County,,WV,4460,61400,65860
54039,Kanawha County,,WV,10860,216110,226970
54041,Lewis County,,WV,1130,19504,20634
54043,Lincoln County,,WV,1117,20369,21486
54045,Logan County,,WV,2055,36071,38126
54047,McDowell County,,WV,995,17765,18760
54049,Marion County,,WV,3893,63263,67156
54051,Marshall County,,WV,1781,35398,37179
54053,Mason County,,WV,1254,27545,28799
54055,Mercer County,,WV,3036,64454,67490
54057,Mineral County,,WV,1495,32420,33915
54059,Mingo County,,WV,1413,25305,26718
54061,Monongalia County,,WV,8072,90701,98773
54063,Monroe County,,WV,693,14447,15140
54065,Morgan County,,WV,1185,18989,20174
54067,Nicholas County,,WV,1282,27716,28998
54069,Ohio County,,WV,3368,51605,54973
54071,Pendleton County,,WV,521,8585,9106
54073,Pleasants County,,WV,526,7962,8488
54075,Pocahontas County,,WV,454,9534,9988
54077,Preston County,,WV,1606,34989,36595
54079,Putnam County,,WV,4516,65674,70190
54081,Raleigh County,,WV,4154,82660,86814
54083,Randolph County,,WV,1315,31224,32539
54085,Ritchie County,,WV,1162,10307,11469
54087,Roane County,,WV,998,14943,15941
54089,Summers County,,WV,774,11460,12234
54091,Taylor County,,WV,993,17752,18745
54093,Tucker County,,WV,638,7242,7880
54095,Tyler County,,WV,570,9697,10267
54097,Upshur County,,WV,1257,25610,26867
54099,Wayne County,,WV,2527,40334,42861
54101,Webster County,,WV,465,8597,9062
54103,Wetzel County,,WV,987,18323,19310
54105,Wirt County,,WV,321,5592,5913
54107,Wood County,,WV,3860,98638,102498
54109,Wyoming County,,WV,894,22048,22942
55001,Adams County,,WI,1554,20838,22392
55003,Ashland County,,WI,1244,18095,19339
55005,Barron County,,WI,2866,55687,58553
55007,Bayfield County,,WI,1073,18775,19848
55009,Brown County,,WI,13769,317661,331430
55011,Buffalo County,,WI,1054,16774,17828
55013,Burnett County,,WI,1197,18661,19858
55015,Calumet County,,WI,4683,59750,64433
55017,Chippewa County,,WI,4253,74809,79062
55019,Clark County,,WI,2414,41464,43878
55021,Columbia County,,WI,5090,71500,76590
55023,Crawford County,,WI,1307,19144,20451
55025,Dane County,,WI,32143,612122,644265
55027,Dodge County,,WI,6535,104748,111283
55029,Door County,,WI,1673,37274,38947
55031,Douglas County,,WI,2610,50169,52779
55033,Dunn County,,WI,3025,45490,48515
55035,Eau Claire County,,WI,7580,111862,119442
55037,Florence County,,WI,302,5356,5658
55039,Fond du Lac County,,WI,5862,125961,131823
55041,Forest County,,WI,548,10845,11393
55043,Grant County,,WI,2934,57072,60006
55045,Green County,,WI,2423,47030,49453
55047,Green Lake County,,WI,1479,23595,25074
55049,Iowa County,,WI,1737,29686,31423
55051,Iron County,,WI,401,7355,7756
55053,Jackson County,,WI,1381,22747,24128
55055,Jefferson County,,WI,6360,100348,106708
55057,Juneau County,,WI,2053,29691,31744
55059,Kenosha County,,WI,11288,195818,207106
55061,Kewaunee County,,WI,1206,26120,27326
55063,La Crosse County,,WI,6631,132686,139317
55065,Lafayette County,,WI,1234,21583,22817
55067,Langlade County,,WI,1177,24051,25228
55069,Lincoln County,,WI,1633,35484,37117
55071,Manitowoc County,,WI,3767,102564,106331
55073,Marathon County,,WI,7060,168354,175414
55075,Marinette County,,WI,2457,49175,51632
55077,Marquette County,,WI,1444,18501,19945
55078,Menominee County,,WI,321,4425,4746
55079,Milwaukee County,,WI,52472,1099033,1151505
55081,Monroe County,,WI,4205,53303,57508
55083,Oconto County,,WI,2379,46550,48929
55085,Oneida County,,WI,2716,46267,48983
55087,Outagamie County,,WI,14230,223507,237737
55089,Ozaukee County,,WI,6187,112597,118784
55091,Pepin County,,WI,663,8655,9318
55093,Pierce County,,WI,3236,45050,48286
55095,Polk County,,WI,2946,52995,55941
55097,Portage County,,WI,4248,81057,85305
55099,Price County,,WI,889,17444,18333
55101,Racine County,,WI,10902,237285,248187
55103,Richland County,,WI,1105,20303,21408
55105,Rock County,,WI,8753,194289,203042
55107,Rusk County,,WI,1024,16575,17599
55109,St. Croix County,,WI,5960,104938,110898
55111,Sauk County,,WI,4609,78755,83364
55113,Sawyer County,,WI,1144,20353,21497
55115,Shawano County,,WI,2750,49187,51937
55117,Sheboygan County,,WI,5966,146955,152921
55119,Taylor County,,WI,1221,23594,24815
55121,Trempealeau County,,WI,1975,39005,40980
55123,Vernon County,,WI,1848,35092,36940
55125,Vilas County,,WI,1523,26610,28133
55127,Walworth County,,WI,7238,119654,126892
55129,Washburn County,,WI,1304,20174,21478
55131,Washington County,,WI,8171,171525,179696
55133,Waukesha County,,WI,25807,506998,532805
55135,Waupaca County,,WI,3370,62408,65778
55137,Waushara County,,WI,2209,28037,30246
55139,Winnebago County,,WI,12435,196841,209276
55141,Wood County,,WI,4726,93210,97936
56001,Albany County,,WY,4907,33518,38425
56003,Big Horn County,,WY,939,12943,13882
56005,Campbell County,,WY,4475,55889,60364
56007,Carbon County,,WY,1995,17708,19703
56009,Converse County,,WY,1396,16232,17628
56011,Crook County,,WY,804,8201,9005
56013,Fremont County,,WY,2804,46404,49208
56015,Goshen County,,WY,1216,14270,15486
56017,Hot Springs County,,WY,476,5494,5970
56019,Johnson County,,WY,992,10148,11140
56021,Laramie County,,WY,9818,109845,119663
56023,Lincoln County,,WY,1965,20406,22371
56025,Natrona County,,WY,5997,90319,96316
56027,Niobrara County,,WY,251,2736,2987
56029,Park County,,WY,3171,35060,38231
56031,Platte County,,WY,813,10366,11179
56033,Sheridan County,,WY,2735,34935,37670
56035,Sublette County,,WY,1413,10763,12176
56037,Sweetwater County,,WY,4777,53366,58143
56039,Teton County,,WY,2775,30497,33272
56041,Uinta County,,WY,1926,24763,26689
56043,Washakie County,,WY,715,9997,10712
56045,Weston County,,WY,637,8225,8862
