Id,Label,timeset,state,totalmig,totalnonmig,population,indegree,outdegree,Degree,weighted indegree,weighted outdegree,Weighted Degree,Eccentricity,closnesscentrality,harmonicclosnesscentrality,betweenesscentrality,Authority,Hub,modularity_class,pageranks,componentnumber,strongcompnum,clustering,eigencentrality
1001,Autauga County,,AL,6044,58104,64148,10,15,25,3286,3324,6610,5,0.329157,0.347399,278.728542,0.002625,0.004662,0,0.000181,0,29,0.609524,0.019947
1003,Baldwin County,,AL,10504,188262,198766,48,27,75,7479,4710,12189,6,0.345949,0.369993,4432.659748,0.017706,0.008936,0,0.000706,0,29,0.42898,0.13195
1005,Barbour County,,AL,1692,26144,27836,7,9,16,582,856,1438,6,0.281603,0.295107,5965.73792,0.000361,0.000726,0,0.000221,0,29,0.458333,0.003158
1007,Bibb County,,AL,1547,22324,23871,4,4,8,980,998,1978,6,0.291105,0.303652,0.625794,0.000609,0.00057,0,0.000112,0,29,0.916667,0.004645
1009,Blount County,,AL,3627,59387,63014,7,9,16,3051,2507,5558,6,0.293567,0.307122,4.123119,0.000572,0.001033,0,0.00018,0,29,0.833333,0.004846
1011,Bullock County,,AL,551,9755,10306,2,3,5,196,280,476,6,0.275614,0.286888,0.378788,0.000241,0.000208,0,0.00008,0,29,0.666667,0.001653
1013,Butler County,,AL,1244,22691,23935,5,5,10,412,534,946,6,0.275719,0.287346,6.312904,0.00026,0.000221,0,0.000149,0,29,0.380952,0.002053
1015,Calhoun County,,AL,6335,129740,136075,21,21,42,3502,3430,6932,6,0.30753,0.325577,5057.123785,0.003601,0.002758,0,0.000413,0,29,0.418478,0.029478
1017,Chambers County,,AL,2127,38337,40464,5,6,11,1166,1378,2544,6,0.281304,0.294302,23.486814,0.000374,0.000625,0,0.000134,0,29,0.633333,0.002888
1019,Cherokee County,,AL,1355,25510,26865,6,6,12,837,765,1602,7,0.239901,0.249084,47.115675,0.000087,0.000094,0,0.000159,0,29,0.366667,0.001346
1021,Chilton County,,AL,2466,45657,48123,8,8,16,1702,1478,3180,6,0.292448,0.305956,8.797827,0.000912,0.000891,0,0.000166,0,29,0.711111,0.006779
1023,Choctaw County,,AL,700,15134,15834,1,3,4,40,213,253,7,0.26635,0.277024,3.364845,0.000038,0.000096,0,0.000067,0,29,0.333333,0.000323
1025,Clarke County,,AL,1538,30277,31815,6,8,14,622,748,1370,6,0.293715,0.307505,122.896194,0.000476,0.001042,0,0.000169,0,29,0.5,0.003951
1027,Clay County,,AL,880,16005,16885,5,5,10,660,417,1077,7,0.23556,0.243926,62.546534,0.000459,0.000049,0,0.000135,0,29,0.633333,0.00361
1029,Cleburne County,,AL,1008,14970,15978,5,5,10,716,675,1391,7,0.242656,0.252359,9.397642,0.000093,0.000098,0,0.00014,0,29,0.5,0.00126
1031,Coffee County,,AL,5595,49033,54628,22,18,40,3209,2646,5855,6,0.325555,0.346268,2263.793088,0.007255,0.0052,0,0.000343,0,29,0.506154,0.055525
1033,Colbert County,,AL,3430,61520,64950,8,8,16,2247,2260,4507,6,0.293567,0.30695,1463.865792,0.000749,0.000841,0,0.000233,0,29,0.555556,0.006925
1035,Conecuh County,,AL,803,13525,14328,2,5,7,256,459,715,6,0.275771,0.28746,1.733066,0.000022,0.000226,0,0.000082,0,29,0.5,0.000297
1037,Coosa County,,AL,1189,11384,12573,5,4,9,834,782,1616,6,0.291018,0.303509,214.370443,0.000152,0.000398,0,0.000137,0,29,0.8,0.001762
1039,Covington County,,AL,2050,39429,41479,11,10,21,987,897,1884,6,0.299692,0.314803,511.061767,0.001472,0.001696,0,0.000239,0,29,0.435897,0.011596
1041,Crenshaw County,,AL,907,14851,15758,4,5,9,530,570,1100,6,0.276713,0.288437,2.941859,0.000259,0.000278,0,0.000129,0,29,0.7,0.001992
1043,Cullman County,,AL,3977,87842,91819,10,14,24,2282,2458,4740,6,0.294041,0.308579,61.769312,0.000942,0.001284,0,0.000241,0,29,0.565934,0.008628
1045,Dale County,,AL,8014,49704,57718,23,25,48,3717,4426,8143,6,0.333638,0.355481,7560.202632,0.006722,0.007138,0,0.000388,0,29,0.470899,0.054483
1047,Dallas County,,AL,2412,46366,48778,7,12,19,674,1414,2088,6,0.295231,0.309979,41.149227,0.000995,0.001704,0,0.000158,0,29,0.673077,0.007388
1049,DeKalb County,,AL,3833,73451,77284,10,10,20,2142,2253,4395,6,0.295261,0.309516,696.07819,0.000953,0.001101,0,0.000242,0,29,0.427273,0.008988
1051,Elmore County,,AL,7179,83793,90972,15,17,32,4980,4554,9534,6,0.299507,0.315775,395.680315,0.001715,0.002333,0,0.000289,0,29,0.468421,0.014259
1053,Escambia County,,AL,2146,38691,40837,7,9,16,1076,1372,2448,6,0.297521,0.312151,2086.166324,0.001148,0.001713,0,0.000149,0,29,0.694444,0.009383
1055,Etowah County,,AL,5178,112019,117197,12,14,26,3163,3424,6587,6,0.295112,0.310094,687.387104,0.001181,0.001351,0,0.000271,0,29,0.609524,0.010945
1057,Fayette County,,AL,1032,18065,19097,5,4,9,563,638,1201,7,0.259246,0.269234,34.541069,0.000083,0.000081,0,0.000178,0,29,0.55,0.001123
1059,Franklin County,,AL,2009,34549,36558,8,7,15,1213,1222,2435,7,0.238157,0.246746,104.712502,0.000063,0.00004,0,0.000238,0,29,0.392857,0.001235
1061,Geneva County,,AL,1869,26523,28392,7,5,12,1090,1051,2141,7,0.25383,0.264095,15.134655,0.000188,0.000173,0,0.000164,0,29,0.452381,0.002347
1063,Greene County,,AL,681,9680,10361,2,3,5,250,388,638,7,0.259269,0.269062,0.532906,0.000078,0.000074,0,0.000093,0,29,0.833333,0.000747
1065,Hale County,,AL,1112,17964,19076,3,4,7,654,821,1475,6,0.291105,0.303652,0.766667,0.000082,0.00044,0,0.000117,0,29,0.75,0.000857
1067,Henry County,,AL,1332,18011,19343,3,3,6,869,792,1661,7,0.253742,0.263638,0,0.000103,0.000103,0,0.000101,0,29,1,0.001086
1069,Houston County,,AL,7224,107446,114670,27,25,52,4717,4178,8895,6,0.318514,0.338883,8690.885143,0.005808,0.004994,0,0.000474,0,29,0.376344,0.042252
1071,Jackson County,,AL,2678,58368,61046,6,7,13,1439,1434,2873,6,0.281685,0.294307,80.793797,0.000502,0.000685,0,0.000179,0,29,0.5,0.005567
1073,Jefferson County,,AL,36934,732168,769102,127,128,255,26079,29735,55814,5,0.409954,0.446782,110061.288909,0.045797,0.051567,0,0.001859,0,29,0.314929,0.340944
1075,Lamar County,,AL,710,15820,16530,5,4,9,428,308,736,7,0.255677,0.26449,41.807173,0.000103,0.000029,0,0.000176,0,29,0.5,0.001218
1077,Lauderdale County,,AL,4986,98347,103333,16,14,30,2874,2865,5739,6,0.311738,0.328778,6317.858704,0.002246,0.002402,0,0.000393,0,29,0.346405,0.018493
1079,Lawrence County,,AL,1917,38108,40025,7,7,14,1406,1405,2811,6,0.279685,0.291512,311.71425,0.000351,0.000479,0,0.000217,0,29,0.690476,0.004293
1081,Lee County,,AL,11078,129223,140301,43,38,81,7605,6663,14268,6,0.357222,0.383488,9075.442395,0.01044,0.011779,0,0.000682,0,29,0.35098,0.08216
1083,Limestone County,,AL,4479,85590,90069,13,8,21,4242,2643,6885,6,0.293449,0.306807,220.081737,0.002333,0.000847,0,0.000302,0,29,0.49359,0.019535
1085,Lowndes County,,AL,1061,14297,15358,2,2,4,559,657,1216,6,0.275588,0.286717,0,0.000238,0.0002,0,0.000087,0,29,1,0.001648
1087,Macon County,,AL,1905,21390,23295,5,6,11,906,1133,2039,6,0.281223,0.29413,19.79824,0.000359,0.000611,0,0.000131,0,29,0.6,0.002779
1089,Madison County,,AL,19072,372371,391443,124,76,200,16603,11824,28427,5,0.387354,0.418553,46727.599009,0.051793,0.035491,0,0.001705,0,29,0.384629,0.387512
1091,Marengo County,,AL,1247,23711,24958,8,7,15,543,605,1148,6,0.292595,0.306099,393.721811,0.000735,0.000641,0,0.000207,0,29,0.472222,0.005926
1093,Marion County,,AL,1703,30193,31896,8,9,17,804,1013,1817,6,0.291571,0.304995,1444.950097,0.0005,0.000473,0,0.000246,0,29,0.366667,0.00412
1095,Marshall County,,AL,5397,98617,104014,15,13,28,3490,3685,7175,6,0.293952,0.308293,101.012175,0.001666,0.001115,0,0.000328,0,29,0.525,0.014277
1097,Mobile County,,AL,17371,450225,467596,77,70,147,10494,10293,20787,5,0.383029,0.413186,34817.660846,0.031892,0.02825,0,0.001074,0,29,0.383006,0.234871
1099,Monroe County,,AL,1228,25074,26302,6,7,13,487,564,1051,6,0.288856,0.302703,940.432973,0.000555,0.001014,0,0.000144,0,29,0.595238,0.005012
1101,Montgomery County,,AL,19172,249687,268859,69,77,146,11188,13345,24533,5,0.380282,0.411963,59252.967918,0.024701,0.029374,0,0.001015,0,29,0.344004,0.181248
1103,Morgan County,,AL,6919,134809,141728,17,14,31,4243,4280,8523,6,0.32753,0.347039,1357.624578,0.001594,0.002832,0,0.000375,0,29,0.447368,0.014636
1105,Perry County,,AL,640,11381,12021,4,4,8,231,320,551,6,0.291076,0.303595,33.788629,0.000326,0.000441,0,0.000115,0,29,0.75,0.002391
1107,Pickens County,,AL,1068,21522,22590,3,3,6,563,601,1164,7,0.266691,0.27699,74.004759,0.000512,0.000083,0,0.000099,0,29,0.583333,0.003656
1109,Pike County,,AL,2147,29586,31733,10,9,19,1014,1031,2045,6,0.294575,0.308608,197.618649,0.000895,0.000997,0,0.000226,0,29,0.484848,0.007042
1111,Randolph County,,AL,1258,23811,25069,8,8,16,592,615,1207,6,0.291804,0.305241,520.993474,0.000203,0.000565,0,0.000202,0,29,0.388889,0.002319
1113,Russell County,,AL,6336,52109,58445,11,9,20,4422,4153,8575,6,0.311007,0.328046,719.334939,0.003705,0.002325,0,0.000203,0,29,0.587912,0.028839
1115,St. Clair County,,AL,5279,86117,91396,15,9,24,5098,3467,8565,6,0.293626,0.307236,25.110122,0.001504,0.001045,0,0.000303,0,29,0.633333,0.01381
1117,Shelby County,,AL,15211,208632,223843,47,41,88,13007,10712,23719,6,0.363274,0.389866,11143.43428,0.016343,0.014259,0,0.000715,0,29,0.400769,0.123713
1119,Sumter County,,AL,788,13851,14639,4,4,8,241,329,570,6,0.291688,0.304567,105.650138,0.000526,0.000466,0,0.000123,0,29,0.6,0.003832
1121,Talladega County,,AL,4870,86870,91740,12,14,26,3100,3133,6233,6,0.294813,0.309579,1157.688702,0.001176,0.001285,0,0.00028,0,29,0.519048,0.010406
1123,Tallapoosa County,,AL,2927,44721,47648,11,12,23,1719,1913,3632,6,0.292859,0.307184,537.010361,0.000923,0.001004,0,0.000242,0,29,0.538462,0.00739
1125,Tuscaloosa County,,AL,10197,189804,200001,41,39,80,6481,6143,12624,6,0.349389,0.374474,25822.073133,0.008019,0.009129,0,0.000776,0,29,0.254286,0.060545
1127,Walker County,,AL,3108,69982,73090,10,9,19,1800,1834,3634,6,0.291338,0.304652,372.282452,0.001416,0.000596,0,0.000228,0,29,0.481818,0.008895
1129,Washington County,,AL,1020,18810,19830,3,3,6,593,587,1180,6,0.277107,0.287894,98.544522,0.000235,0.000402,0,0.000109,0,29,0.5,0.002184
1131,Wilcox County,,AL,818,13500,14318,5,6,11,274,399,673,6,0.292477,0.305784,23.8994,0.000671,0.000588,0,0.000135,0,29,0.533333,0.004749
1133,Winston County,,AL,1446,25462,26908,5,7,12,780,811,1591,6,0.293449,0.306636,516.283259,0.000433,0.00082,0,0.000151,0,29,0.547619,0.003386
2013,Aleutians East Borough,,AK,339,1753,2092,1,2,3,53,104,157,6,0.312741,0.327538,0,0.000402,0.001341,28,0.000064,0,29,1,0.003339
2016,Aleutians West Census Area,,AK,694,4350,5044,3,2,5,189,170,359,6,0.312741,0.327538,0,0.001996,0.001341,28,0.000085,0,29,1,0.015697
2020,Anchorage Municipality,,AK,28706,311726,340432,152,144,296,19928,18924,38852,5,0.402985,0.44205,89581.473619,0.054078,0.050068,28,0.002239,0,29,0.274996,0.407913
2050,Bethel Census Area,,AK,1042,17127,18169,2,6,8,274,717,991,6,0.287404,0.300697,2,0.000405,0.000524,28,0.000097,0,29,0.4,0.003452
2060,Bristol Bay Borough,,AK,226,1133,1359,0,0,0,0,0,0,0,0,0,0,0,0,1,0.000051,1,30,0,0
2068,Denali Borough,,AK,263,2316,2579,1,1,2,40,76,116,6,0.26584,0.275737,0,0.000402,0.000131,28,0.000064,0,29,1,0.003339
2070,Dillingham Census Area,,AK,386,4979,5365,2,1,3,129,138,267,6,0.287262,0.29984,0,0.000406,0.000434,28,0.000077,0,29,1,0.003452
2090,Fairbanks North Star Borough,,AK,12822,101261,114083,43,46,89,4031,4716,8747,5,0.362011,0.389112,8536.003501,0.016258,0.020628,28,0.000683,0,29,0.468362,0.126598
2100,Haines Borough,,AK,195,2699,2894,0,0,0,0,0,0,0,0,0,0,0,0,2,0.000051,2,31,0,0
2105,Hoonah-Angoon Census Area,,AK,236,2077,2313,1,1,2,49,70,119,7,0.25099,0.258854,0,0.000028,0.000011,28,0.000069,0,29,0,0.000182
2110,Juneau City and Borough,,AK,3075,34187,37262,7,10,17,681,1052,1733,6,0.335057,0.354664,6022.923693,0.001396,0.003482,28,0.000222,0,29,0.490909,0.011558
2122,Kenai Peninsula Borough,,AK,3766,59463,63229,5,6,11,1361,1470,2831,6,0.334327,0.353178,150.145745,0.001694,0.002643,28,0.000127,0,29,0.738095,0.013472
2130,Ketchikan Gateway Borough,,AK,1464,14958,16422,3,4,7,174,290,464,6,0.312876,0.327995,5863,0.000813,0.001352,28,0.000153,0,29,0.5,0.006859
2150,Kodiak Island Borough,,AK,1930,15099,17029,5,2,7,392,342,734,6,0.312741,0.327538,67.736589,0.002009,0.001341,28,0.000111,0,29,0.4,0.014725
2164,Lake and Peninsula Borough,,AK,165,1526,1691,0,1,1,0,78,78,6,0.287304,0.299909,0,0,0.000434,28,0.000051,0,32,0,0
2170,Matanuska-Susitna Borough,,AK,6236,88852,95088,18,11,29,4592,2965,7557,6,0.336993,0.356979,1321.951391,0.006726,0.005093,28,0.000337,0,29,0.481579,0.054499
2180,Nome Census Area,,AK,604,8722,9326,1,1,2,98,218,316,6,0.287262,0.29984,0,0.000402,0.000434,28,0.000064,0,29,0,0.003339
2185,North Slope Borough,,AK,615,6775,7390,2,3,5,195,313,508,6,0.287347,0.30024,0,0.000567,0.000619,28,0.000076,0,29,1,0.004432
2188,Northwest Arctic Borough,,AK,504,6504,7008,1,2,3,74,260,334,6,0.287291,0.300011,0,0.000402,0.000488,28,0.000064,0,29,1,0.003339
2195,Petersburg Census Area,,AK,360,4030,4390,0,0,0,0,0,0,0,0,0,0,0,0,3,0.000051,3,33,0,0
2198,Prince of Wales-Hyder Census Area,,AK,401,4863,5264,1,1,2,61,78,139,7,0.238333,0.244794,0,0.000011,0.000007,28,0.000083,0,29,0,0.00014
2220,Sitka City and Borough,,AK,888,9628,10516,2,3,5,125,176,301,6,0.312808,0.327766,0,0.00043,0.001352,28,0.000083,0,29,1,0.003521
2230,Skagway Municipality,,AK,161,1228,1389,0,0,0,0,0,0,0,0,0,0,0,0,4,0.000051,4,34,0,0
2240,Southeast Fairbanks Census Area,,AK,841,7908,8749,3,3,6,285,300,585,6,0.287347,0.30024,0,0.000608,0.000619,28,0.000102,0,29,1,0.004955
2261,Valdez-Cordova Census Area,,AK,1216,10689,11905,3,3,6,254,439,693,6,0.287347,0.30024,0,0.000608,0.000619,28,0.000102,0,29,1,0.004955
2270,Wade Hampton Census Area,,AK,480,7234,7714,2,2,4,219,284,503,6,0.287291,0.300011,0,0.000406,0.000437,28,0.000077,0,29,1,0.003452
2275,Wrangell City and Borough,,AK,212,2443,2655,0,0,0,0,0,0,0,0,0,0,0,0,5,0.000051,5,35,0,0
2282,Yakutat City and Borough,,AK,47,554,601,0,0,0,0,0,0,0,0,0,0,0,0,6,0.000051,6,36,0,0
2290,Yukon-Koyukuk Census Area,,AK,632,5541,6173,2,2,4,233,387,620,6,0.287319,0.300069,0,0.000567,0.000565,28,0.000076,0,29,1,0.004432
4001,Apache County,,AZ,6803,65128,71931,13,14,27,6179,5397,11576,6,0.335558,0.355293,182.685532,0.00446,0.004563,7,0.000249,0,29,0.647619,0.03524
4003,Cochise County,,AZ,13670,130856,144526,52,48,100,7661,7522,15183,5,0.364409,0.391758,1185.335844,0.025274,0.022233,7,0.00066,0,29,0.556984,0.192842
4005,Coconino County,,AZ,12776,132183,144959,29,36,65,8149,8189,16338,6,0.351325,0.37616,357.593199,0.013263,0.016239,7,0.000383,0,29,0.621795,0.100764
4007,Gila County,,AZ,3832,54593,58425,11,9,20,2448,2484,4932,6,0.334519,0.353292,12.222105,0.004627,0.003672,7,0.000183,0,29,0.846154,0.035726
4009,Graham County,,AZ,2308,30595,32903,8,7,15,1527,1272,2799,6,0.333333,0.351349,2948.892959,0.002255,0.002437,7,0.00016,0,29,0.732143,0.018833
4011,Greenlee County,,AZ,1084,8401,9485,1,5,6,170,604,774,6,0.333143,0.350834,0.142857,0.00002,0.002298,7,0.00007,0,29,0.9,0.000239
4012,La Paz County,,AZ,1318,15640,16958,5,4,9,603,562,1165,6,0.332497,0.350474,0,0.002807,0.002035,9,0.000094,0,29,1,0.019764
4013,Maricopa County,,AZ,196634,4059391,4256025,572,568,1140,173465,173890,347355,5,0.496679,0.564323,800249.312486,0.137806,0.134696,7,0.007175,0,29,0.08331,1
4015,Mohave County,,AZ,14927,191351,206278,35,39,74,8935,8499,17434,6,0.353283,0.379412,286.716108,0.016044,0.018098,9,0.000437,0,29,0.647549,0.121903
4017,Navajo County,,AZ,8667,101816,110483,20,19,39,6497,6263,12760,6,0.339979,0.361043,288.723047,0.007955,0.006703,7,0.000309,0,29,0.675325,0.059867
4019,Pima County,,AZ,49046,1028429,1077475,220,189,409,36559,35418,71977,5,0.42895,0.469342,48261.884361,0.087453,0.080956,7,0.002579,0,29,0.283582,0.625287
4021,Pinal County,,AZ,35968,300753,336721,93,55,148,37503,28293,65796,6,0.361787,0.390609,2174.69664,0.040474,0.025752,7,0.001115,0,29,0.478458,0.295981
4023,Santa Cruz County,,AZ,2707,53983,56690,5,4,9,1695,1834,3529,6,0.336487,0.354698,0,0.004045,0.003071,7,0.000103,0,29,1,0.03067
4025,Yavapai County,,AZ,15843,222474,238317,35,44,79,9710,9511,19221,6,0.357047,0.383933,333.227183,0.01828,0.020898,7,0.000414,0,29,0.622559,0.135531
4027,Yuma County,,AZ,12511,217786,230297,41,37,78,7629,7131,14760,5,0.357528,0.382682,246.08966,0.021582,0.02,9,0.000494,0,29,0.680389,0.165167
5001,Arkansas County,,AR,1213,21295,22508,5,7,12,448,506,954,6,0.287886,0.299583,5.575,0.000344,0.000442,61,0.000178,0,29,0.642857,0.003307
5003,Ashley County,,AR,1394,23683,25077,4,6,10,286,527,813,6,0.289401,0.301532,57.497117,0.000035,0.000347,61,0.000139,0,29,0.366667,0.000519
5005,Baxter County,,AR,2711,43783,46494,14,10,24,1096,917,2013,7,0.277582,0.291467,15183.011552,0.002319,0.00062,62,0.000397,0,29,0.3,0.017765
5007,Benton County,,AR,16415,231494,247909,71,49,120,12837,9517,22354,6,0.371087,0.399331,33220.166324,0.029385,0.018037,62,0.001221,0,29,0.401059,0.223846
5009,Boone County,,AR,2557,39288,41845,9,10,19,1077,1190,2267,7,0.277028,0.290381,11371.309105,0.00113,0.000587,62,0.000285,0,29,0.309091,0.009957
5011,Bradley County,,AR,850,11677,12527,3,4,7,191,348,539,6,0.287915,0.299268,245.956586,0.0003,0.000288,61,0.000113,0,29,0.416667,0.002477
5013,Calhoun County,,AR,365,5246,5611,2,2,4,107,111,218,7,0.240297,0.247718,0.809524,0.000013,0.000005,61,0.000078,0,29,0.666667,0.000203
5015,Carroll County,,AR,1836,27716,29552,7,7,14,729,693,1422,7,0.272523,0.284031,1105.734348,0.000306,0.000401,62,0.00023,0,29,0.464286,0.003699
5017,Chicot County,,AR,841,11425,12266,4,4,8,256,307,563,6,0.288057,0.299371,307.152362,0.000333,0.000288,61,0.000122,0,29,0.45,0.002792
5019,Clark County,,AR,1849,21699,23548,7,7,14,677,802,1479,6,0.288199,0.300126,1935.529839,0.000383,0.000384,61,0.000209,0,29,0.375,0.003663
5021,Clay County,,AR,1165,16552,17717,5,5,10,506,649,1155,7,0.248191,0.257857,103.263269,0.000036,0.000026,61,0.000191,0,29,0.55,0.000767
5023,Cleburne County,,AR,1674,26369,28043,8,7,15,878,857,1735,6,0.30698,0.321222,2319.251508,0.000381,0.000948,61,0.000241,0,29,0.5,0.003915
5025,Cleveland County,,AR,640,8973,9613,3,4,7,259,314,573,7,0.248805,0.25778,2.852381,0.00004,0.000045,61,0.000104,0,29,0.45,0.000613
5027,Columbia County,,AR,1637,24463,26100,5,10,15,459,785,1244,6,0.31555,0.332522,1113.732889,0.000024,0.001263,61,0.000169,0,29,0.366667,0.000661
5029,Conway County,,AR,1518,22239,23757,5,6,11,884,891,1775,6,0.287886,0.299468,4.311009,0.00036,0.000349,61,0.00016,0,29,0.633333,0.003212
5031,Craighead County,,AR,6355,94181,100536,28,26,54,4734,3782,8516,6,0.325628,0.346639,30976.374325,0.002359,0.003349,61,0.00073,0,29,0.254032,0.022048
5033,Crawford County,,AR,4469,63194,67663,9,10,19,3165,2918,6083,6,0.298618,0.312734,188.063078,0.000659,0.001196,62,0.000238,0,29,0.568182,0.006616
5035,Crittenden County,,AR,3624,55827,59451,9,10,19,2054,1991,4045,6,0.307271,0.322079,872.43397,0.001062,0.000987,61,0.000213,0,29,0.518182,0.007943
5037,Cross County,,AR,1339,19554,20893,5,8,13,608,774,1382,6,0.307109,0.321565,647.077534,0.00067,0.000942,61,0.000148,0,29,0.660714,0.004853
5039,Dallas County,,AR,612,8235,8847,1,6,7,83,293,376,6,0.288028,0.299726,4.036626,0.00001,0.000328,61,0.000069,0,29,0.366667,0.000116
5041,Desha County,,AR,981,14035,15016,4,5,9,300,443,743,6,0.287858,0.299297,100.804807,0.000305,0.000368,61,0.000147,0,29,0.666667,0.002593
5043,Drew County,,AR,1389,18655,20044,8,8,16,646,602,1248,6,0.288199,0.300114,555.772169,0.000345,0.000373,61,0.000233,0,29,0.388889,0.003296
5045,Faulkner County,,AR,8049,109935,117984,31,23,54,5538,4869,10407,6,0.346648,0.370433,6918.05533,0.005325,0.005876,61,0.000698,0,29,0.31016,0.045844
5047,Franklin County,,AR,1333,18312,19645,5,6,11,685,876,1561,7,0.269825,0.281059,18.681089,0.000207,0.000226,62,0.000153,0,29,0.833333,0.002906
5049,Fulton County,,AR,874,11196,12070,5,5,10,353,382,735,7,0.24668,0.256063,365.587229,0.000011,0.000038,61,0.000217,0,29,0.366667,0.000647
5051,Garland County,,AR,5855,101535,107390,26,21,47,3106,2851,5957,6,0.331213,0.352783,14743.884987,0.007181,0.004449,61,0.000573,0,29,0.369048,0.059744
5053,Grant County,,AR,1286,19169,20455,4,6,10,670,773,1443,6,0.288028,0.299697,1.259524,0.000379,0.000462,61,0.000134,0,29,0.866667,0.003221
5055,Greene County,,AR,2397,43211,45608,7,8,15,1455,1296,2751,6,0.288599,0.3008,805.14096,0.000035,0.000328,61,0.000241,0,29,0.416667,0.000959
5057,Hempstead County,,AR,1379,22841,24220,5,6,11,525,607,1132,6,0.288313,0.30024,442.881358,0.000097,0.000343,53,0.000161,0,29,0.428571,0.001021
5059,Hot Spring County,,AR,2296,32479,34775,5,5,10,1222,1392,2614,6,0.287972,0.299468,1.711905,0.000383,0.000383,61,0.000156,0,29,0.85,0.003504
5061,Howard County,,AR,1060,14820,15880,4,6,10,324,477,801,7,0.249082,0.258528,24.411183,0.000032,0.000062,53,0.000162,0,29,0.466667,0.000546
5063,Independence County,,AR,2266,37935,40201,10,10,20,1221,1153,2374,6,0.288228,0.300583,2588.837159,0.000452,0.000402,61,0.000323,0,29,0.340909,0.004381
5065,Izard County,,AR,920,12710,13630,5,4,9,325,329,654,7,0.226926,0.233829,34.429309,0.000011,0.000023,61,0.000199,0,29,0.35,0.000666
5067,Jackson County,,AR,1058,16105,17163,4,4,8,434,518,952,6,0.288,0.299468,169.496689,0.000045,0.000323,61,0.000167,0,29,0.75,0.00081
5069,Jefferson County,,AR,5043,82146,87189,18,17,35,2130,2966,5096,6,0.3308,0.351698,10039.321923,0.004868,0.004322,61,0.000398,0,29,0.428947,0.039891
5071,Johnson County,,AR,1565,25775,27340,4,8,12,555,722,1277,6,0.289056,0.301497,44.394065,0.000161,0.000745,61,0.000137,0,29,0.803571,0.001607
5073,Lafayette County,,AR,536,7151,7687,3,3,6,179,207,386,7,0.249082,0.258071,4.691145,0.000015,0.00006,53,0.000109,0,29,0.55,0.000437
5075,Lawrence County,,AR,1229,16952,18181,5,5,10,611,636,1247,7,0.24591,0.254954,9.988923,0.000035,0.00002,61,0.000193,0,29,0.533333,0.000742
5077,Lee County,,AR,731,8313,9044,2,4,6,137,346,483,6,0.288057,0.299554,0.25,0.000015,0.000318,61,0.000088,0,29,0.916667,0.000305
5079,Lincoln County,,AR,808,11430,12238,4,4,8,398,434,832,6,0.287829,0.299126,130.731042,0.000041,0.000327,61,0.000142,0,29,0.7,0.000747
5081,Little River County,,AR,795,13508,14303,4,3,7,465,323,788,7,0.24889,0.2577,2.271782,0.000087,0.000061,53,0.000151,0,29,0.75,0.000928
5083,Logan County,,AR,1645,23498,25143,7,8,15,650,987,1637,7,0.269875,0.281402,126.029646,0.000211,0.000229,62,0.000234,0,29,0.535714,0.002474
5085,Lonoke County,,AR,6340,71251,77591,20,13,33,4884,3742,8626,6,0.291047,0.304984,875.589116,0.004414,0.000926,61,0.000471,0,29,0.447619,0.037168
5087,Madison County,,AR,1233,16209,17442,3,3,6,674,756,1430,7,0.272294,0.28306,0,0.000295,0.00037,62,0.000116,0,29,1,0.003133
5089,Marion County,,AR,1409,16172,17581,3,2,5,508,573,1081,8,0.217417,0.224085,2.035714,0.00001,0.000028,62,0.00013,0,29,0.666667,0.000505
5091,Miller County,,AR,4082,42512,46594,13,13,26,2750,2709,5459,6,0.326102,0.345765,9416.056976,0.002089,0.003518,53,0.000347,0,29,0.366667,0.018272
5093,Mississippi County,,AR,3171,49777,52948,8,9,17,1022,1441,2463,6,0.307433,0.322136,4800.080807,0.000963,0.000892,61,0.000216,0,29,0.430556,0.007267
5095,Monroe County,,AR,734,8674,9408,5,6,11,268,340,608,6,0.288057,0.299811,379.832109,0.000315,0.000333,61,0.000167,0,29,0.464286,0.002789
5097,Montgomery County,,AR,608,8680,9288,3,3,6,243,259,502,7,0.248954,0.257894,2.975733,0.000038,0.000059,61,0.000136,0,29,0.5,0.00078
5099,Nevada County,,AR,682,9398,10080,4,4,8,301,382,683,7,0.246305,0.255099,10.384503,0.000026,0.000021,53,0.000131,0,29,0.35,0.000441
5101,Newton County,,AR,639,8201,8840,1,2,3,219,332,551,8,0.217013,0.223359,0,0.000005,0.000012,62,0.000075,0,29,1,0.000174
5103,Ouachita County,,AR,1729,26995,28724,6,8,14,612,796,1408,6,0.315414,0.332064,8769.014769,0.000324,0.00124,61,0.000169,0,29,0.361111,0.002777
5105,Perry County,,AR,852,10359,11211,4,5,9,517,533,1050,6,0.287801,0.299183,0.708556,0.000357,0.000368,61,0.000138,0,29,0.733333,0.0031
5107,Phillips County,,AR,1521,21838,23359,6,10,16,387,756,1143,6,0.307238,0.322022,1632.658714,0.001039,0.000988,61,0.000164,0,29,0.472727,0.007485
5109,Pike County,,AR,797,11266,12063,4,4,8,344,349,693,7,0.249103,0.258323,53.103949,0.00004,0.000061,61,0.000161,0,29,0.333333,0.000896
5111,Poinsett County,,AR,1658,24756,26414,4,5,9,888,1067,1955,7,0.245889,0.254925,2.0125,0.00005,0.000041,61,0.000129,0,29,0.7,0.000747
5113,Polk County,,AR,1113,20241,21354,4,5,9,213,292,505,7,0.270175,0.281545,195.458213,0.000081,0.000217,61,0.000166,0,29,0.333333,0.001447
5115,Pope County,,AR,4287,61815,66102,15,14,29,2047,2350,4397,6,0.29877,0.313477,1103.160811,0.001875,0.001305,61,0.000386,0,29,0.444444,0.016248
5117,Prairie County,,AR,515,8796,9311,5,4,9,276,272,548,6,0.287773,0.299011,0.776923,0.000326,0.000339,61,0.000175,0,29,0.75,0.00316
5119,Pulaski County,,AR,27487,421112,448599,108,99,207,18993,19460,38453,5,0.403766,0.436431,159381.292258,0.035228,0.036972,61,0.001852,0,29,0.266352,0.268451
5121,Randolph County,,AR,1167,18235,19402,4,4,8,425,558,983,7,0.245951,0.254828,2.498653,0.00003,0.00002,61,0.000165,0,29,0.833333,0.000609
5123,St. Francis County,,AR,1830,24564,26394,8,7,15,907,974,1881,6,0.307077,0.321393,1537.172472,0.00098,0.000881,61,0.000191,0,29,0.607143,0.007346
5125,Saline County,,AR,7042,111810,118852,22,20,42,6854,4608,11462,6,0.340296,0.3623,2320.089637,0.004595,0.005478,61,0.000508,0,29,0.427692,0.039991
5127,Scott County,,AR,840,11339,12179,2,2,4,242,286,528,7,0.249124,0.257854,0,0.000046,0.000073,62,0.000097,0,29,1,0.000787
5129,Searcy County,,AR,579,7785,8364,1,3,4,57,184,241,8,0.217433,0.224256,0,0.000005,0.000028,62,0.000075,0,29,0.833333,0.000174
5131,Sebastian County,,AR,9443,131086,140529,25,22,47,5954,5937,11891,6,0.331627,0.353229,14317.868121,0.00888,0.005526,62,0.000548,0,29,0.381773,0.071908
5133,Sevier County,,AR,979,16222,17201,5,5,10,333,362,695,7,0.250322,0.259957,59.526757,0.000069,0.000058,53,0.00019,0,29,0.3,0.000988
5135,Sharp County,,AR,1419,17224,18643,5,6,11,607,672,1279,6,0.288142,0.299954,1191.364901,0.000031,0.000306,61,0.000214,0,29,0.466667,0.000738
5137,Stone County,,AR,734,11937,12671,1,3,4,55,199,254,7,0.235275,0.242122,2.330556,0.000003,0.000007,61,0.000071,0,29,0.5,0.000114
5139,Union County,,AR,2473,47921,50394,7,9,16,800,906,1706,6,0.316098,0.333179,2589.443414,0.000323,0.001409,61,0.000211,0,29,0.3,0.002867
5141,Van Buren County,,AR,1239,16601,17840,4,6,10,371,580,951,6,0.287886,0.299468,2949.542857,0.000354,0.000349,61,0.000144,0,29,0.566667,0.002995
5143,Washington County,,AR,16178,197214,213392,49,51,100,9436,10444,19880,6,0.368694,0.397016,34595.989645,0.016353,0.018263,62,0.000966,0,29,0.346642,0.130012
5145,White County,,AR,4858,77064,81922,20,14,34,2946,2568,5514,6,0.323497,0.342393,4730.48036,0.002216,0.001892,61,0.000529,0,29,0.348485,0.019868
5147,Woodruff County,,AR,571,7558,8129,2,2,4,147,177,324,7,0.244549,0.252493,0.5,0.000312,0.00002,61,0.000099,0,29,0.833333,0.002529
5149,Yell County,,AR,1766,22026,23792,5,3,8,860,879,1739,7,0.249209,0.258197,21.585951,0.000315,0.000088,61,0.000161,0,29,0.633333,0.002842
6001,Alameda County,,CA,102648,1635126,1737774,178,181,359,93584,93453,187037,5,0.421266,0.46218,16145.857968,0.081113,0.078826,9,0.001874,0,29,0.372259,0.583427
6003,Alpine County,,CA,143,1037,1180,0,0,0,0,0,0,0,0,0,0,0,0,8,0.000051,7,37,0,0
6005,Amador County,,CA,2304,38881,41185,11,6,17,1337,1119,2456,6,0.295291,0.309122,0.404628,0.004952,0.001601,9,0.000151,0,29,0.945455,0.035737
6007,Butte County,,CA,11876,214857,226733,47,50,97,8644,8914,17558,6,0.343099,0.368381,1611.213203,0.016817,0.017078,9,0.000546,0,29,0.665882,0.125782
6009,Calaveras County,,CA,3112,47440,50552,12,12,24,2030,1922,3952,6,0.325956,0.343827,22.303993,0.005542,0.004657,9,0.000172,0,29,0.897436,0.041087
6011,Colusa County,,CA,1476,27212,28688,6,6,12,575,875,1450,6,0.294278,0.308008,2.458776,0.001148,0.001179,9,0.000115,0,29,0.809524,0.008675
6013,Contra Costa County,,CA,61341,1151408,1212749,124,131,255,61152,53826,114978,5,0.400384,0.437666,6238.08062,0.058645,0.060628,9,0.001336,0,29,0.465986,0.430368
6015,Del Norte County,,CA,1527,24348,25875,8,7,15,507,524,1031,6,0.32581,0.343027,71.123514,0.002986,0.002131,28,0.000142,0,29,0.777778,0.021675
6017,El Dorado County,,CA,12529,196315,208844,43,38,81,10331,9155,19486,6,0.342615,0.366324,207.855168,0.017542,0.015322,9,0.000473,0,29,0.723848,0.130648
6019,Fresno County,,CA,33525,951290,984815,77,90,167,26145,26897,53042,6,0.370474,0.404853,2175.766176,0.033449,0.036306,9,0.000872,0,29,0.499091,0.255793
6021,Glenn County,,CA,1917,30779,32696,5,5,10,1043,1137,2180,6,0.292918,0.306453,1.438817,0.00087,0.000878,9,0.000105,0,29,0.8,0.006807
6023,Humboldt County,,CA,7099,129559,136658,42,43,85,4370,4226,8596,6,0.343422,0.367953,2988.922915,0.015656,0.016437,9,0.00049,0,29,0.722479,0.11724
6025,Imperial County,,CA,8314,207978,216292,25,20,45,7873,6098,13971,6,0.345949,0.368181,2.464313,0.012081,0.011482,9,0.000274,0,29,0.911681,0.086753
6027,Inyo County,,CA,1236,20042,21278,8,7,15,613,521,1134,6,0.333371,0.351389,3.878539,0.005052,0.003334,9,0.000125,0,29,0.877778,0.035079
6029,Kern County,,CA,35218,820575,855793,77,98,175,26378,26160,52538,5,0.371702,0.405664,1734.697903,0.033109,0.039688,9,0.000871,0,29,0.458882,0.252943
6031,Kings County,,CA,10732,138130,148862,37,38,75,6599,6923,13522,5,0.357047,0.38231,317.140277,0.017051,0.018789,9,0.00039,0,29,0.616578,0.121359
6033,Lake County,,CA,3697,59816,63513,19,16,35,2554,2231,4785,6,0.333906,0.353155,1.381013,0.008223,0.006899,9,0.000227,0,29,0.944737,0.061038
6035,Lassen County,,CA,2005,26345,28350,14,7,21,1169,745,1914,6,0.293656,0.307853,113.784832,0.005733,0.001461,9,0.000181,0,29,0.820833,0.040669
6037,Los Angeles County,,CA,368527,10532053,10900580,446,514,960,271850,346367,618217,5,0.489755,0.553549,384630.702179,0.132778,0.134294,9,0.005159,0,29,0.114881,0.955942
6039,Madera County,,CA,8449,141548,149997,26,24,50,6327,6454,12781,6,0.340535,0.361866,47.140621,0.012455,0.011275,9,0.000283,0,29,0.913846,0.089681
6041,Marin County,,CA,14890,250193,265083,41,46,87,11990,11269,23259,5,0.3635,0.390083,154.49051,0.021649,0.023837,9,0.000445,0,29,0.729638,0.161984
6043,Mariposa County,,CA,1545,18220,19765,7,6,13,645,736,1381,6,0.328971,0.346273,3.231424,0.002554,0.001791,9,0.000114,0,29,0.904762,0.018609
6045,Mendocino County,,CA,4245,91664,95909,21,16,37,2124,2255,4379,6,0.333448,0.352612,3.513704,0.010134,0.007021,9,0.000241,0,29,0.950593,0.074251
6047,Merced County,,CA,16897,256931,273828,34,43,77,11429,13953,25382,6,0.350102,0.376155,158.80169,0.013831,0.018344,9,0.000363,0,29,0.746829,0.100439
6049,Modoc County,,CA,576,8855,9431,1,2,3,57,102,159,7,0.256397,0.266353,0,0.000139,0.000187,9,0.000061,0,29,1,0.001104
6051,Mono County,,CA,1497,13117,14614,9,7,16,639,619,1258,6,0.332839,0.350697,3.604727,0.005491,0.004286,9,0.000136,0,29,0.805556,0.038709
6053,Monterey County,,CA,27340,462263,489603,76,95,171,16755,20363,37118,5,0.374038,0.407882,1441.735817,0.035213,0.040994,9,0.000826,0,29,0.498287,0.268129
6055,Napa County,,CA,8546,151577,160123,28,27,55,6703,6286,12989,6,0.341452,0.363466,14.704958,0.014314,0.013292,9,0.000307,0,29,0.949425,0.105343
6057,Nevada County,,CA,6395,106948,113343,29,25,54,4710,4241,8951,6,0.341332,0.363066,606.069342,0.011467,0.012073,9,0.000337,0,29,0.878024,0.084509
6059,Orange County,,CA,155659,3354199,3509858,237,276,513,137594,142154,279748,5,0.44095,0.490118,39624.68588,0.098878,0.104057,9,0.002507,0,29,0.26112,0.706103
6061,Placer County,,CA,26487,371378,397865,63,61,124,27243,21885,49128,6,0.354313,0.383385,965.94476,0.024284,0.026352,9,0.000715,0,29,0.599765,0.187032
6063,Plumas County,,CA,1654,22044,23698,4,5,9,364,594,958,6,0.293537,0.307396,2948,0.001007,0.001004,9,0.0001,0,29,0.65,0.007691
6065,Riverside County,,CA,137145,2183084,2320229,190,236,426,141085,122783,263868,5,0.43117,0.477201,36077.148903,0.078056,0.085487,9,0.002168,0,29,0.255301,0.572394
6067,Sacramento County,,CA,80887,1529032,1609919,161,173,334,71799,71433,143232,5,0.413852,0.455115,33861.33498,0.068273,0.067577,9,0.001813,0,29,0.336147,0.5017
6069,San Benito County,,CA,4431,61725,66156,10,12,22,2875,3245,6120,6,0.337422,0.356893,0,0.005181,0.005486,9,0.000137,0,29,1,0.037831
6071,San Bernardino County,,CA,148595,2119858,2268453,183,252,435,119745,132796,252541,5,0.438496,0.485614,31169.513912,0.077765,0.090514,9,0.002059,0,29,0.259517,0.574623
6073,San Diego County,,CA,174615,3407490,3582105,453,468,921,149195,149886,299081,5,0.481585,0.542547,357485.786754,0.132082,0.131758,9,0.00531,0,29,0.126278,0.951829
6075,San Francisco County,,CA,70028,846300,916328,146,111,257,63338,62893,126231,5,0.393575,0.42939,4140.435537,0.07204,0.054862,9,0.001473,0,29,0.49311,0.508528
6077,San Joaquin County,,CA,40355,719514,759869,64,78,142,33837,34577,68414,6,0.364318,0.396736,2037.953453,0.025164,0.030523,9,0.000718,0,29,0.534137,0.192866
6079,San Luis Obispo County,,CA,14990,273340,288330,48,48,96,11918,10969,22887,6,0.345784,0.371582,248.413949,0.020411,0.019668,9,0.000523,0,29,0.727273,0.154047
6081,San Mateo County,,CA,51675,800581,852256,102,93,195,47790,45797,93587,5,0.378112,0.41142,1792.338087,0.053681,0.04609,9,0.001037,0,29,0.563378,0.387534
6083,Santa Barbara County,,CA,23453,433056,456509,64,76,140,15393,17369,32762,5,0.371844,0.403292,1575.774115,0.031037,0.036338,9,0.000719,0,29,0.597414,0.235612
6085,Santa Clara County,,CA,96208,2032646,2128854,203,199,402,81296,85605,166901,5,0.416452,0.460705,19948.743187,0.088315,0.085497,9,0.002151,0,29,0.331958,0.629427
6087,Santa Cruz County,,CA,14371,282419,296790,51,51,102,11144,11066,22210,6,0.354745,0.382247,289.895847,0.019902,0.021124,9,0.000548,0,29,0.68515,0.148976
6089,Shasta County,,CA,9348,185360,194708,48,50,98,6718,6253,12971,6,0.344233,0.369839,9010.299425,0.016871,0.017314,9,0.000596,0,29,0.606734,0.127777
6091,Sierra County,,CA,298,3211,3509,1,2,3,50,108,158,7,0.272015,0.284325,0.25,0.000008,0.000367,9,0.000068,0,29,0.666667,0.000147
6093,Siskiyou County,,CA,2573,46348,48921,14,8,22,1186,969,2155,6,0.325883,0.343256,1.429314,0.006123,0.002411,9,0.000186,0,29,0.871429,0.045628
6095,Solano County,,CA,31729,455580,487309,73,73,146,23788,24927,48715,5,0.370333,0.401206,2200.855532,0.032523,0.032333,9,0.000829,0,29,0.573472,0.248076
6097,Sonoma County,,CA,21097,531974,553071,62,68,130,17349,16023,33372,6,0.359423,0.389878,568.207612,0.025926,0.028687,9,0.000676,0,29,0.607738,0.197033
6099,Stanislaus County,,CA,29765,549142,578907,60,69,129,22477,24488,46965,6,0.361966,0.392347,986.756022,0.023325,0.027801,9,0.000669,0,29,0.564386,0.178669
6101,Sutter County,,CA,8117,99361,107478,22,19,41,5438,6020,11458,6,0.339583,0.360202,206.046794,0.009976,0.00769,9,0.000259,0,29,0.893281,0.072005
6103,Tehama County,,CA,4001,62406,66407,15,16,31,2427,2460,4887,6,0.333295,0.352452,125.529091,0.006212,0.005295,9,0.000191,0,29,0.781579,0.044256
6105,Trinity County,,CA,848,11449,12297,2,2,4,254,286,540,7,0.256239,0.26601,0,0.000271,0.000261,9,0.00007,0,29,1,0.002121
6107,Tulare County,,CA,16497,447334,463831,38,40,78,13658,11995,25653,6,0.348262,0.373554,49.309775,0.017404,0.018059,9,0.00041,0,29,0.785461,0.129069
6109,Tuolumne County,,CA,3302,57321,60623,15,14,29,1835,1723,3558,6,0.326029,0.34417,27.136669,0.007223,0.004708,9,0.000192,0,29,0.874269,0.053155
6111,Ventura County,,CA,41996,943941,985937,99,131,230,32509,33460,65969,5,0.400935,0.438632,2955.758576,0.049313,0.059644,9,0.001042,0,29,0.46347,0.363279
6113,Yolo County,,CA,17239,195815,213054,43,45,88,13809,13747,27556,6,0.35427,0.380961,590.558164,0.018432,0.019309,9,0.000455,0,29,0.787697,0.1358
6115,Yuba County,,CA,9842,69463,79305,27,21,48,6534,6800,13334,6,0.338873,0.360077,33.927558,0.012178,0.009846,9,0.000316,0,29,0.823892,0.09022
8001,Adams County,,CO,45997,466546,512543,76,75,151,45384,38330,83714,5,0.381077,0.411883,15858.07449,0.032064,0.032207,7,0.001187,0,29,0.414797,0.246017
8003,Alamosa County,,CO,1561,14812,16373,6,8,14,632,683,1315,6,0.311972,0.326543,5871.911551,0.001811,0.002389,7,0.000185,0,29,0.607143,0.015009
8005,Arapahoe County,,CO,65169,608120,673289,150,134,284,59536,55854,115390,5,0.415681,0.451789,37811.325367,0.067506,0.062239,7,0.00199,0,29,0.392134,0.495527
8007,Archuleta County,,CO,1193,11942,13135,2,1,3,140,133,273,7,0.25669,0.265279,0,0.001149,0.000069,7,0.00008,0,29,1,0.009039
8009,Baca County,,CO,281,4017,4298,0,0,0,0,0,0,0,0,0,0,0,0,10,0.000051,8,38,0,0
8011,Bent County,,CO,314,4409,4723,2,2,4,132,85,217,7,0.258144,0.267228,0.333333,0.000015,0.000108,7,0.000108,0,29,0.666667,0.000291
8013,Boulder County,,CO,26683,305211,331894,99,71,170,18485,19374,37859,5,0.38048,0.410951,7693.511401,0.05189,0.038114,7,0.001236,0,29,0.569741,0.383549
8014,Broomfield County,,CO,13407,100850,114257,23,17,40,10936,10558,21494,6,0.34793,0.370353,6.805924,0.014489,0.010878,7,0.000348,0,29,0.958498,0.115645
8015,Chaffee County,,CO,1395,17835,19230,8,6,14,488,427,915,6,0.311738,0.325914,2971.612685,0.001693,0.002231,7,0.000185,0,29,0.581818,0.015029
8017,Cheyenne County,,CO,160,2106,2266,0,0,0,0,0,0,0,0,0,0,0,0,11,0.000051,9,39,0,0
8019,Clear Creek County,,CO,1114,9540,10654,4,4,8,411,468,879,6,0.2992,0.311648,0,0.001566,0.001812,7,0.000106,0,29,1,0.013476
8021,Conejos County,,CO,603,8071,8674,1,1,2,105,197,302,7,0.237808,0.243999,0,0.000019,0.000015,7,0.00007,0,29,0,0.000204
8023,Costilla County,,CO,273,3118,3391,0,0,0,0,0,0,0,0,0,0,0,0,12,0.000051,10,40,0,0
8025,Crowley County,,CO,340,2927,3267,1,2,3,73,183,256,7,0.258167,0.267285,0,0.000008,0.00011,7,0.000072,0,29,1,0.000153
8027,Custer County,,CO,340,4035,4375,1,1,2,47,61,108,7,0.237788,0.243999,0,0.000023,0.000033,7,0.000078,0,29,0,0.000359
8029,Delta County,,CO,2022,32345,34367,8,3,11,1017,736,1753,6,0.309226,0.322691,0.895455,0.001917,0.000917,7,0.000189,0,29,0.930556,0.017103
8031,Denver County,,CO,78599,591065,669664,174,137,311,74280,69519,143799,5,0.417406,0.453835,50041.386564,0.07589,0.063776,7,0.002281,0,29,0.361829,0.555598
8033,Dolores County,,CO,156,2134,2290,0,1,1,0,45,45,7,0.249444,0.256834,0,0,0.000021,7,0.000051,0,41,0,0
8035,Douglas County,,CO,27417,305712,333129,96,66,162,24379,20867,45246,5,0.375773,0.405138,3805.161245,0.047452,0.035798,7,0.001249,0,29,0.538169,0.357899
8037,Eagle County,,CO,5632,51485,57117,24,20,44,2501,2620,5121,6,0.347308,0.369244,1552.358174,0.013169,0.009774,7,0.000368,0,29,0.739316,0.099583
8039,Elbert County,,CO,1860,23657,25517,6,5,11,1350,1010,2360,6,0.311605,0.325572,0,0.002544,0.002676,7,0.000134,0,29,1,0.021865
8041,El Paso County,,CO,53379,663882,717261,269,248,517,39316,37457,76773,5,0.446828,0.491364,167465.290694,0.092303,0.08612,7,0.003561,0,29,0.207549,0.680493
8043,Fremont County,,CO,2908,42150,45058,12,9,21,1232,1199,2431,6,0.311938,0.3266,5896.536931,0.004085,0.002826,7,0.000288,0,29,0.74359,0.034548
8045,Garfield County,,CO,5695,55660,61355,23,20,43,3000,2895,5895,6,0.342133,0.363409,2399.857114,0.010518,0.008402,7,0.000397,0,29,0.645,0.082189
8047,Gilpin County,,CO,480,4145,4625,4,3,7,455,257,712,6,0.285044,0.296731,0,0.001372,0.001077,7,0.000108,0,29,1,0.012567
8049,Grand County,,CO,1634,14108,15742,7,5,12,468,406,874,6,0.299261,0.311906,0,0.002187,0.002277,7,0.00015,0,29,1,0.019352
8051,Gunnison County,,CO,1606,14318,15924,4,8,12,202,454,656,6,0.312039,0.326658,0.722222,0.001513,0.002972,7,0.000119,0,29,0.910714,0.01296
8053,Hinsdale County,,CO,82,831,913,0,0,0,0,0,0,0,0,0,0,0,0,13,0.000051,11,42,0,0
8055,Huerfano County,,CO,676,6523,7199,1,2,3,77,221,298,6,0.308931,0.322062,0,0.0001,0.000842,7,0.000069,0,29,1,0.000868
8057,Jackson County,,CO,155,1462,1617,0,0,0,0,0,0,0,0,0,0,0,0,14,0.000051,12,43,0,0
8059,Jefferson County,,CO,49010,560646,609656,108,83,191,40723,40586,81309,5,0.381925,0.413917,15651.916527,0.050246,0.036842,7,0.001491,0,29,0.471389,0.378889
8061,Kiowa County,,CO,145,1526,1671,0,0,0,0,0,0,0,0,0,0,0,0,15,0.000051,13,44,0,0
8063,Kit Carson County,,CO,542,8295,8837,0,0,0,0,0,0,0,0,0,0,0,0,16,0.000051,14,45,0,0
8065,Lake County,,CO,881,6886,7767,3,4,7,202,222,424,6,0.294665,0.306727,2.02548,0.000267,0.000771,7,0.000096,0,29,0.65,0.002609
8067,La Plata County,,CO,4191,50473,54664,20,18,38,1820,1827,3647,6,0.345293,0.367404,3095.701705,0.008584,0.008477,7,0.000386,0,29,0.688312,0.069542
8069,Larimer County,,CO,23347,320041,343388,90,75,165,16187,15648,31835,6,0.379292,0.411648,18192.827684,0.038091,0.034153,7,0.001382,0,29,0.45,0.291562
8071,Las Animas County,,CO,1117,15868,16985,5,5,10,380,322,702,6,0.310015,0.323948,152.357616,0.001604,0.001646,7,0.000128,0,29,0.714286,0.013985
8073,Lincoln County,,CO,417,4963,5380,1,2,3,52,94,146,6,0.309653,0.323005,0,0.000691,0.001283,7,0.000063,0,29,1,0.00552
8075,Logan County,,CO,1331,20960,22291,10,3,13,623,315,938,7,0.275276,0.287106,5171.686393,0.001893,0.000489,7,0.000285,0,29,0.366667,0.015865
8077,Mesa County,,CO,9298,158670,167968,54,37,91,7713,4532,12245,6,0.350987,0.376412,6624.126248,0.01653,0.013716,7,0.00093,0,29,0.414478,0.132227
8079,Mineral County,,CO,94,875,969,0,0,0,0,0,0,0,0,0,0,0,0,17,0.000051,15,46,0,0
8081,Moffat County,,CO,1362,14918,16280,4,4,8,278,386,664,6,0.309193,0.322748,200.643943,0.001476,0.000911,7,0.000119,0,29,0.666667,0.01197
8083,Montezuma County,,CO,1824,25608,27432,8,5,13,688,607,1295,6,0.332232,0.350246,2918.762475,0.002607,0.001445,7,0.000193,0,29,0.571429,0.020484
8085,Montrose County,,CO,2690,43456,46146,14,11,25,1440,1181,2621,6,0.335211,0.35435,9164.971675,0.005368,0.003265,7,0.000361,0,29,0.609524,0.042999
8087,Morgan County,,CO,2201,30380,32581,8,8,16,830,1049,1879,6,0.299569,0.312763,2973.480757,0.003073,0.002291,7,0.00023,0,29,0.680556,0.025801
8089,Otero County,,CO,1292,19784,21076,4,5,9,432,525,957,6,0.309259,0.322948,4755.673929,0.001051,0.001001,7,0.000125,0,29,0.466667,0.008502
8091,Ouray County,,CO,500,4250,4750,2,1,3,120,94,214,7,0.251076,0.258729,0,0.00003,0.000043,7,0.000101,0,29,1,0.000518
8093,Park County,,CO,1689,15188,16877,7,9,16,656,908,1564,6,0.311838,0.326429,10.963188,0.002585,0.002996,7,0.000148,0,29,0.722222,0.022298
8095,Phillips County,,CO,373,4716,5089,0,1,1,0,44,44,8,0.215914,0.221562,0,0,0.000015,7,0.000051,0,47,0,0
8097,Pitkin County,,CO,1742,15228,16970,5,3,8,557,596,1153,6,0.294724,0.30667,0,0.002817,0.000799,7,0.000116,0,29,1,0.02226
8099,Prowers County,,CO,950,13079,14029,3,3,6,207,235,442,6,0.308997,0.322291,1453.557167,0.000792,0.000842,7,0.000127,0,29,0.5,0.006478
8101,Pueblo County,,CO,7803,169078,176881,31,27,58,4908,4218,9126,6,0.347847,0.371211,10331.771445,0.012609,0.012457,7,0.000577,0,29,0.522282,0.099267
8103,Rio Blanco County,,CO,764,6763,7527,3,3,6,193,233,426,7,0.260055,0.27008,1.40303,0.000185,0.000246,7,0.000114,0,29,0.5,0.002063
8105,Rio Grande County,,CO,1277,14983,16260,2,4,6,244,376,620,6,0.309259,0.322862,0,0.00071,0.000989,7,0.000082,0,29,0.916667,0.005724
8107,Routt County,,CO,2388,23348,25736,12,9,21,928,756,1684,6,0.312105,0.326886,11.948839,0.004471,0.003321,7,0.000238,0,29,0.871212,0.038364
8109,Saguache County,,CO,340,3625,3965,1,0,1,40,0,40,0,0,0,0,0.000018,0,7,0.000077,0,1,0,0.000207
8111,San Juan County,,CO,91,595,686,0,0,0,0,0,0,0,0,0,0,0,0,18,0.000051,16,48,0,0
8113,San Miguel County,,CO,913,6591,7504,1,3,4,52,217,269,6,0.275875,0.286894,0.222222,0.000026,0.00046,7,0.000078,0,29,0.333333,0.000429
8115,Sedgwick County,,CO,222,2575,2797,0,0,0,0,0,0,0,0,0,0,0,0,19,0.000051,17,49,0,0
8117,Summit County,,CO,4060,29636,33696,13,15,28,1326,1677,3003,6,0.335288,0.354921,574.409087,0.005313,0.00508,7,0.000235,0,29,0.695833,0.044262
8119,Teller County,,CO,2429,25274,27703,2,3,5,978,939,1917,6,0.334519,0.352406,12.650582,0.000715,0.002228,7,0.000077,0,29,0.833333,0.005777
8121,Washington County,,CO,384,4741,5125,2,2,4,101,106,207,8,0.21592,0.221753,0.5,0.00002,0.000016,7,0.000107,0,29,0.5,0.000386
8123,Weld County,,CO,20087,263026,283113,46,42,88,16701,14014,30715,6,0.360222,0.387334,13283.215025,0.019736,0.018409,7,0.000808,0,29,0.489168,0.156001
8125,Yuma County,,CO,746,10555,11301,2,3,5,128,168,296,7,0.264922,0.275229,750.890943,0.000148,0.000174,7,0.000112,0,29,0.5,0.001408
9001,Fairfield County,,CT,41826,994523,1036349,119,154,273,31994,34543,66537,5,0.401487,0.441941,5010.346125,0.063961,0.074867,135,0.001047,0,29,0.490128,0.435536
9003,Hartford County,,CT,41768,1063133,1104901,133,161,294,31473,33843,65316,5,0.401266,0.443033,14035.518761,0.068158,0.075884,135,0.00119,0,29,0.433084,0.462661
9005,Litchfield County,,CT,9877,228914,238791,15,22,37,6271,6188,12459,6,0.342777,0.364866,55.822246,0.007438,0.012206,135,0.00015,0,29,0.783333,0.045924
9007,Middlesex County,,CT,10730,197243,207973,15,19,34,7701,7351,15052,6,0.347681,0.370696,75.491421,0.007031,0.011326,135,0.00016,0,29,0.752964,0.046903
9009,New Haven County,,CT,41224,985211,1026435,117,139,256,29849,33264,63113,5,0.396627,0.436157,4435.784862,0.062458,0.069253,135,0.001022,0,29,0.499913,0.423144
9011,New London County,,CT,18378,322866,341244,70,71,141,11374,11688,23062,5,0.365964,0.396468,1053.199737,0.034991,0.036577,135,0.000614,0,29,0.545442,0.2336
9013,Tolland County,,CT,10230,166445,176675,13,17,30,7194,7098,14292,6,0.338755,0.359779,56.737509,0.005805,0.008433,135,0.000147,0,29,0.872549,0.038507
9015,Windham County,,CT,7060,135795,142855,9,14,23,3771,4598,8369,6,0.312842,0.330144,2.35267,0.002503,0.005164,135,0.000112,0,29,0.857143,0.015527
10001,Kent County,,DE,10313,180320,190633,35,29,64,6984,3549,10533,5,0.35561,0.379921,841.980323,0.015324,0.014924,135,0.000338,0,29,0.632664,0.098805
10003,New Castle County,,DE,26602,625755,652357,98,104,202,18893,18754,37647,5,0.384038,0.419342,5729.906382,0.052382,0.054915,135,0.000876,0,29,0.598291,0.353251
10005,Sussex County,,DE,9029,214023,223052,45,25,70,5432,4316,9748,5,0.344762,0.366535,1264.620352,0.017046,0.010598,135,0.000451,0,29,0.536565,0.110832
11001,District of Columbia,,DC,58001,575642,633643,190,136,326,52688,49212,101900,5,0.410994,0.448388,15868.139492,0.089135,0.070746,54,0.001961,0,29,0.407804,0.620229
12001,Alachua County,,FL,22250,231611,253861,67,89,156,13123,15540,28663,5,0.388334,0.421102,14189.543405,0.031215,0.046063,20,0.000782,0,29,0.513438,0.225845
12003,Baker County,,FL,1700,26882,28582,5,7,12,1101,991,2092,6,0.306883,0.321536,5.545008,0.001147,0.001144,20,0.000112,0,29,0.571429,0.008214
12005,Bay County,,FL,15284,183899,199183,65,64,129,6976,7102,14078,5,0.371087,0.401149,22503.209897,0.030292,0.028939,20,0.000843,0,29,0.492008,0.221736
12007,Bradford County,,FL,1980,25229,27209,6,6,12,1142,1161,2303,6,0.306915,0.321479,29.436495,0.001474,0.00141,20,0.000135,0,29,0.738095,0.009928
12009,Brevard County,,FL,33113,617994,651107,159,149,308,21786,20982,42768,5,0.410878,0.449931,14142.817395,0.074318,0.072338,20,0.001534,0,29,0.385082,0.508927
12011,Broward County,,FL,121299,1915575,2036874,257,304,561,101965,108297,210262,5,0.44903,0.499526,74519.248359,0.104501,0.113277,20,0.002668,0,29,0.24548,0.737619
12013,Calhoun County,,FL,923,12289,13212,3,5,8,413,503,916,6,0.28563,0.298131,12.744499,0.000245,0.000524,20,0.000102,0,29,0.6,0.002174
12015,Charlotte County,,FL,13442,166724,180166,40,28,68,7399,7469,14868,5,0.356305,0.379961,289.367539,0.022516,0.017234,20,0.000355,0,29,0.764734,0.144976
12017,Citrus County,,FL,9485,151401,160886,31,25,56,5183,4490,9673,5,0.343463,0.364449,79.024925,0.016273,0.013135,20,0.000322,0,29,0.827652,0.107517
12019,Clay County,,FL,20890,214450,235340,56,61,117,14804,13872,28676,5,0.366378,0.39505,3074.64448,0.027546,0.028476,20,0.000636,0,29,0.52,0.200039
12021,Collier County,,FL,23567,341377,364944,94,86,180,15042,15508,30550,5,0.393363,0.426217,1609.115504,0.049474,0.046774,20,0.000809,0,29,0.566912,0.32309
12023,Columbia County,,FL,4906,65465,70371,21,20,41,2943,2636,5579,6,0.320969,0.339872,3386.324461,0.008278,0.008076,20,0.000343,0,29,0.491667,0.056209
12027,DeSoto County,,FL,2185,28473,30658,6,9,15,840,1072,1912,6,0.310709,0.326938,6.332915,0.001707,0.003928,20,0.000111,0,29,0.847222,0.011778
12029,Dixie County,,FL,1074,13003,14077,5,4,9,386,367,753,6,0.279927,0.291587,29.505627,0.001137,0.000377,20,0.000121,0,29,0.595238,0.008209
12031,Duval County,,FL,69199,973599,1042798,243,258,501,51900,54702,106602,5,0.442019,0.488917,123427.507939,0.098517,0.100257,20,0.002701,0,29,0.255852,0.699835
12033,Escambia County,,FL,27190,318206,345396,107,106,213,15008,17222,32230,5,0.393948,0.428915,12151.474606,0.050168,0.05038,20,0.001239,0,29,0.446,0.367738
12035,Flagler County,,FL,8807,102331,111138,29,23,52,5708,4681,10389,6,0.323067,0.343101,16.107912,0.016803,0.012433,20,0.000268,0,29,0.825806,0.107759
12037,Franklin County,,FL,712,9719,10431,4,3,7,221,236,457,6,0.285546,0.297731,0.333333,0.000618,0.000497,20,0.000128,0,29,0.833333,0.003923
12039,Gadsden County,,FL,3451,50186,53637,8,9,17,2320,2371,4691,6,0.314767,0.331647,1194.911323,0.003839,0.002824,20,0.000168,0,29,0.4,0.025511
12041,Gilchrist County,,FL,1565,15135,16700,4,5,9,775,817,1592,6,0.280008,0.291872,2.510673,0.000489,0.000434,20,0.000112,0,29,0.65,0.002984
12043,Glades County,,FL,989,8633,9622,3,5,8,376,498,874,6,0.303877,0.318861,0.70558,0.000762,0.00156,20,0.000078,0,29,0.8,0.004911
12045,Gulf County,,FL,1110,13231,14341,3,3,6,444,454,898,6,0.285546,0.297731,0.333333,0.000614,0.000497,20,0.000088,0,29,0.75,0.003788
12047,Hamilton County,,FL,943,12156,13099,5,3,8,489,371,860,6,0.257188,0.26749,2.386169,0.001109,0.000257,20,0.000126,0,29,0.7,0.008492
12049,Hardee County,,FL,1972,25158,27130,5,5,10,834,971,1805,6,0.309554,0.324286,8.38748,0.00186,0.001881,20,0.000097,0,29,0.85,0.013069
12051,Hendry County,,FL,3544,36728,40272,7,10,17,1689,1873,3562,6,0.318202,0.334882,49.366586,0.004509,0.005788,20,0.000109,0,29,0.844444,0.029548
12053,Hernando County,,FL,13650,180852,194502,35,32,67,8943,8045,16988,5,0.341372,0.364072,41.055945,0.020238,0.017227,20,0.000329,0,29,0.829878,0.131511
12055,Highlands County,,FL,6304,97943,104247,20,24,44,2870,2931,5801,5,0.334519,0.355556,194.338526,0.009117,0.012062,20,0.000232,0,29,0.716923,0.061742
12057,Hillsborough County,,FL,90764,1309952,1400716,300,286,586,77847,74937,152784,5,0.447514,0.496405,86447.764793,0.110633,0.110568,20,0.00323,0,29,0.220859,0.783157
12059,Holmes County,,FL,1501,18137,19638,5,7,12,719,997,1716,6,0.282449,0.295456,61.111343,0.000268,0.000679,20,0.000138,0,29,0.690476,0.002607
12061,Indian River County,,FL,9462,150685,160147,29,28,57,5622,4635,10257,5,0.361428,0.385185,93.328935,0.016247,0.017232,20,0.000269,0,29,0.835714,0.104175
12063,Jackson County,,FL,2967,47092,50059,10,11,21,1373,1435,2808,6,0.293478,0.308356,501.830411,0.002881,0.001343,20,0.00018,0,29,0.480769,0.019542
12065,Jefferson County,,FL,1086,14212,15298,3,3,6,569,598,1167,6,0.281821,0.293553,2.0171,0.000385,0.000272,20,0.00011,0,29,0.5,0.002141
12067,Lafayette County,,FL,371,6108,6479,2,1,3,135,136,271,7,0.241131,0.248403,0,0.000105,0.000051,20,0.000082,0,29,1,0.000944
12069,Lake County,,FL,25549,321813,347362,74,61,135,20137,16740,36877,5,0.37875,0.408253,885.503901,0.041172,0.033723,20,0.000676,0,29,0.656303,0.273849
12071,Lee County,,FL,47948,647577,695525,191,199,390,32227,34036,66263,5,0.418785,0.463134,24550.762421,0.080658,0.084458,20,0.001736,0,29,0.301276,0.533245
12073,Leon County,,FL,23972,261046,285018,75,97,172,14461,17666,32127,5,0.392094,0.425909,55602.70415,0.031045,0.047009,20,0.001022,0,29,0.453624,0.225114
12075,Levy County,,FL,3361,40098,43459,15,13,28,2020,2051,4071,6,0.318271,0.335888,478.259933,0.007034,0.006446,20,0.000211,0,29,0.783088,0.047792
12077,Liberty County,,FL,525,6686,7211,3,3,6,236,270,506,6,0.281766,0.293439,5.613666,0.000404,0.000282,20,0.000093,0,29,0.5,0.002247
12079,Madison County,,FL,1077,18396,19473,5,6,11,320,443,763,6,0.283299,0.295936,113.958902,0.001344,0.000455,20,0.000122,0,29,0.47619,0.009064
12081,Manatee County,,FL,24170,338371,362541,89,75,164,16412,14593,31005,5,0.386276,0.418124,2586.994676,0.046862,0.04304,20,0.000808,0,29,0.585151,0.308529
12083,Marion County,,FL,21510,355561,377071,79,69,148,14459,12574,27033,5,0.378063,0.408305,2892.623572,0.041284,0.037015,20,0.000735,0,29,0.585778,0.272761
12085,Martin County,,FL,11433,150412,161845,31,28,59,7579,7024,14603,5,0.353112,0.376172,111.722318,0.018015,0.015611,20,0.000291,0,29,0.841176,0.117028
12086,Miami-Dade County,,FL,119866,2685923,2805789,212,273,485,80165,106792,186957,5,0.438364,0.48834,54628.334094,0.097294,0.105243,20,0.002135,0,29,0.274101,0.684925
12087,Monroe County,,FL,8902,78808,87710,25,33,58,3160,4003,7163,5,0.35587,0.379727,28.046244,0.015088,0.018881,20,0.000265,0,29,0.853175,0.104033
12089,Nassau County,,FL,5913,81310,87223,11,12,23,3654,3038,6692,6,0.317405,0.334602,66.661878,0.004354,0.005109,20,0.000171,0,29,0.631868,0.029499
12091,Okaloosa County,,FL,23365,209742,233107,91,96,187,10984,13655,24639,5,0.391094,0.424954,12946.85766,0.041106,0.04383,20,0.001121,0,29,0.414569,0.304144
12093,Okeechobee County,,FL,2835,37417,40252,10,11,21,1205,1193,2398,6,0.316681,0.333173,40.771136,0.004402,0.004701,20,0.000134,0,29,0.825758,0.028879
12095,Orange County,,FL,113618,1210804,1324422,263,286,549,91407,98118,189525,5,0.445055,0.49469,63309.796592,0.106909,0.109665,20,0.002673,0,29,0.244549,0.746919
12097,Osceola County,,FL,36359,283555,319914,81,89,170,28365,28390,56755,5,0.382627,0.416067,900.495174,0.043642,0.049268,20,0.000713,0,29,0.626772,0.291321
12099,Palm Beach County,,FL,73987,1387864,1461851,221,241,462,64342,61003,125345,5,0.429265,0.476497,31677.0603,0.095607,0.100703,20,0.002136,0,29,0.291786,0.661904
12101,Pasco County,,FL,39140,484953,524093,114,107,221,31794,28003,59797,5,0.395443,0.431201,3084.130932,0.058144,0.05553,20,0.001036,0,29,0.478873,0.387792
12103,Pinellas County,,FL,58761,1001505,1060266,228,230,458,44568,44769,89337,5,0.432513,0.477858,39148.086834,0.097105,0.096648,20,0.002244,0,29,0.291432,0.667626
12105,Polk County,,FL,42793,637653,680446,143,126,269,30828,29763,60591,5,0.400275,0.437791,9018.813884,0.066072,0.062122,20,0.00133,0,29,0.408758,0.441868
12107,Putnam County,,FL,5140,74083,79223,17,16,33,2702,2897,5599,6,0.317855,0.335774,32.865345,0.008631,0.007327,20,0.000206,0,29,0.877193,0.057674
12109,St. Johns County,,FL,15340,196487,211827,65,45,110,12787,9447,22234,5,0.37156,0.398703,577.997524,0.036188,0.02823,20,0.00063,0,29,0.67666,0.249703
12111,St. Lucie County,,FL,23524,295533,319057,67,65,132,17168,15996,33164,5,0.369394,0.39924,441.744412,0.036186,0.036135,20,0.000573,0,29,0.668473,0.236142
12113,Santa Rosa County,,FL,15987,157256,173243,52,50,102,9838,9311,19149,5,0.365459,0.393821,3102.3266,0.026171,0.02479,20,0.000634,0,29,0.536298,0.191853
12115,Sarasota County,,FL,28611,408468,437079,116,101,217,20531,19178,39709,5,0.391725,0.426675,3088.493867,0.058236,0.053936,20,0.000999,0,29,0.492758,0.379801
12117,Seminole County,,FL,46548,456336,502884,105,115,220,36232,37214,73446,5,0.400055,0.436323,2925.665711,0.057838,0.061919,20,0.001021,0,29,0.548693,0.400162
12119,Sumter County,,FL,4839,86146,90985,38,13,51,4629,2655,7284,6,0.316957,0.334025,13.781014,0.021759,0.006902,20,0.000348,0,29,0.810811,0.140992
12121,Suwannee County,,FL,3010,39445,42455,15,15,30,1717,1647,3364,6,0.317716,0.335488,5025.558157,0.006378,0.005019,20,0.000289,0,29,0.549708,0.042389
12123,Taylor County,,FL,1145,20983,22128,3,4,7,191,331,522,6,0.310015,0.324829,27.250152,0.000421,0.001157,20,0.000093,0,29,0.5,0.002434
12125,Union County,,FL,998,11437,12435,6,3,9,668,510,1178,6,0.279873,0.291358,0.591158,0.001488,0.000329,20,0.000123,0,29,0.833333,0.009927
12127,Volusia County,,FL,35741,539654,575395,113,135,248,22400,24214,46614,5,0.405563,0.443187,4096.391757,0.058958,0.066931,20,0.001027,0,29,0.478312,0.398232
12129,Wakulla County,,FL,2283,29549,31832,5,4,9,1756,1140,2896,6,0.285574,0.297902,13.636447,0.000638,0.0005,20,0.000154,0,29,0.5,0.00419
12131,Walton County,,FL,4997,50675,55672,12,10,22,2980,2356,5336,6,0.311805,0.328464,664.904147,0.004061,0.002311,20,0.000195,0,29,0.544872,0.028232
12133,Washington County,,FL,2095,22502,24597,5,6,11,1209,1237,2446,6,0.282421,0.295285,2.871995,0.000307,0.000678,20,0.000125,0,29,0.8,0.002931
13001,Appling County,,GA,983,18508,19491,3,4,7,315,365,680,7,0.22297,0.230101,190.419778,0.000007,0.000015,0,0.000152,0,29,0,0.000371
13003,Atkinson County,,GA,631,8449,9080,1,1,2,190,239,429,7,0.23537,0.241899,0,0.000008,0.000001,20,0.000089,0,29,0,0.000116
13005,Bacon County,,GA,613,10637,11250,3,4,7,207,239,446,7,0.236209,0.243706,37.198133,0.00002,0.000023,20,0.000149,0,29,0.333333,0.000411
13007,Baker County,,GA,293,3365,3658,2,2,4,98,140,238,7,0.252905,0.262026,0,0.000079,0.000093,0,0.000105,0,29,1,0.000856
13009,Baldwin County,,GA,2797,43356,46153,12,12,24,1464,1556,3020,6,0.310279,0.326395,8339.029501,0.003127,0.002612,0,0.000322,0,29,0.423077,0.023881
13011,Banks County,,GA,1738,18091,19829,8,8,16,1424,1241,2665,6,0.300619,0.315341,110.862254,0.000832,0.00088,0,0.00021,0,29,0.696429,0.006938
13013,Barrow County,,GA,6093,73883,79976,14,11,25,5347,3868,9215,6,0.309817,0.325509,289.439339,0.004731,0.003498,0,0.000259,0,29,0.725275,0.035792
13015,Bartow County,,GA,7996,108770,116766,19,17,36,5342,4514,9856,6,0.314801,0.332956,1192.797734,0.005171,0.004653,0,0.00031,0,29,0.515152,0.039126
13017,Ben Hill County,,GA,1362,18315,19677,4,4,8,475,575,1050,7,0.237285,0.245146,154.416564,0.000023,0.000003,20,0.000206,0,29,0.5,0.000425
13019,Berrien County,,GA,1622,17653,19275,5,4,9,744,786,1530,6,0.256645,0.26677,55.473985,0.00013,0.000143,20,0.00023,0,29,0.55,0.001515
13021,Bibb County,,GA,10602,165345,175947,31,31,62,6190,6596,12786,5,0.337032,0.360202,16734.095291,0.009075,0.008991,0,0.00059,0,29,0.355105,0.067945
13023,Bleckley County,,GA,730,12676,13406,5,4,9,371,345,716,6,0.270677,0.281802,8.252303,0.000205,0.000258,0,0.000161,0,29,0.633333,0.001869
13025,Brantley County,,GA,1216,16299,17515,5,5,10,801,731,1532,7,0.254428,0.264193,12.923243,0.000927,0.000147,20,0.000156,0,29,0.8,0.006931
13027,Brooks County,,GA,1482,16192,17674,3,3,6,747,830,1577,6,0.2566,0.266512,1.42619,0.000131,0.000159,20,0.000124,0,29,0.833333,0.00153
13029,Bryan County,,GA,4300,33589,37889,14,6,20,2379,1950,4329,6,0.306399,0.321251,1657.504239,0.0056,0.001542,0,0.000238,0,29,0.641667,0.043045
13031,Bulloch County,,GA,4924,55928,60852,24,19,43,2928,2580,5508,6,0.312775,0.33051,12960.352291,0.005176,0.00404,0,0.000512,0,29,0.347826,0.040353
13033,Burke County,,GA,1687,25649,27336,5,8,13,857,1115,1972,6,0.274421,0.286934,263.224966,0.000461,0.000514,0,0.000141,0,29,0.446429,0.003742
13035,Butts County,,GA,2117,23539,25656,7,8,15,1490,1331,2821,6,0.306754,0.321942,53.394384,0.001428,0.002194,0,0.000152,0,29,0.714286,0.011006
13037,Calhoun County,,GA,368,5450,5818,2,1,3,133,92,225,7,0.252862,0.261798,2915,0.000078,0.000092,0,0.000131,0,29,0.5,0.000841
13039,Camden County,,GA,7064,52145,59209,22,21,43,2971,2968,5939,6,0.335404,0.356316,2537.467218,0.007652,0.007766,20,0.000327,0,29,0.461957,0.05588
13043,Candler County,,GA,809,10194,11003,3,3,6,446,343,789,7,0.238391,0.246112,1.333333,0.000044,0.000047,0,0.000117,0,29,0.666667,0.000666
13045,Carroll County,,GA,8967,114268,123235,22,22,44,5562,5503,11065,6,0.3162,0.335517,5740.716477,0.00626,0.005924,0,0.000368,0,29,0.494302,0.047141
13047,Catoosa County,,GA,5222,65814,71036,9,9,18,4200,3492,7692,6,0.302427,0.31805,894.852045,0.001014,0.001007,50,0.000218,0,29,0.444444,0.008247
13049,Charlton County,,GA,819,9446,10265,4,5,9,400,426,826,6,0.307109,0.321451,6.061412,0.000917,0.000911,20,0.000098,0,29,0.65,0.006588
13051,Chatham County,,GA,21626,262847,284473,120,95,215,15169,13066,28235,5,0.393788,0.427292,60082.605113,0.052334,0.045027,0,0.001605,0,29,0.402963,0.381704
13053,Chattahoochee County,,GA,3769,6740,10509,17,16,33,1816,1946,3762,5,0.334903,0.354778,76.492777,0.006387,0.00672,0,0.00025,0,29,0.783333,0.050931
13055,Chattooga County,,GA,1384,26089,27473,5,7,12,635,851,1486,7,0.264274,0.274755,39.267381,0.000061,0.00013,50,0.000153,0,29,0.52381,0.000913
13057,Cherokee County,,GA,15995,228883,244878,52,41,93,13880,10474,24354,5,0.367254,0.393381,3782.421155,0.024036,0.020181,0,0.000673,0,29,0.498185,0.175581
13059,Clarke County,,GA,12578,94831,107409,45,39,84,6574,7585,14159,5,0.360668,0.386523,20082.790974,0.013901,0.016314,0,0.00075,0,29,0.393431,0.103229
13061,Clay County,,GA,207,3136,3343,0,0,0,0,0,0,0,0,0,0,0,0,21,0.000051,18,50,0,0
13063,Clayton County,,GA,41226,278030,319256,84,94,178,30413,35265,65678,5,0.394481,0.428275,20571.7872,0.040721,0.042543,0,0.001011,0,29,0.449458,0.289103
13065,Clinch County,,GA,380,6760,7140,2,1,3,100,60,160,7,0.235846,0.242545,0,0.000125,0.000015,20,0.000096,0,29,1,0.001293
13067,Cobb County,,GA,71001,753097,824098,226,213,439,58213,60719,118932,5,0.431425,0.475011,84319.344263,0.093578,0.088579,0,0.002599,0,29,0.296112,0.664443
13069,Coffee County,,GA,2279,40674,42953,9,9,18,855,864,1719,6,0.30779,0.323097,22066.991689,0.00014,0.000947,20,0.000406,0,29,0.211111,0.001971
13071,Colquitt County,,GA,2243,44306,46549,10,8,18,959,930,1889,6,0.259223,0.270542,1599.65015,0.002299,0.000255,20,0.000276,0,29,0.4,0.016562
13073,Columbia County,,GA,11239,129528,140767,39,38,77,7930,6230,14160,5,0.362461,0.388735,13479.712017,0.018483,0.020759,0,0.000561,0,29,0.58555,0.140553
13075,Cook County,,GA,1308,16919,18227,5,5,10,664,621,1285,6,0.25669,0.266998,7.085714,0.000132,0.000162,20,0.000209,0,29,0.566667,0.001646
13077,Coweta County,,GA,9389,138108,147497,33,25,58,7430,5231,12661,6,0.335172,0.358008,5304.553979,0.01476,0.008689,0,0.000467,0,29,0.565873,0.111706
13079,Crawford County,,GA,1196,13105,14301,3,4,7,546,761,1307,6,0.270601,0.281687,0.622222,0.000248,0.000256,0,0.000123,0,29,0.833333,0.002122
13081,Crisp County,,GA,1476,22277,23753,8,7,15,714,656,1370,6,0.271559,0.283596,6142.333583,0.00028,0.000272,0,0.000313,0,29,0.285714,0.002754
13083,Dade County,,GA,1144,16346,17490,5,6,11,680,756,1436,6,0.27388,0.285122,6.176905,0.000227,0.000256,50,0.000153,0,29,0.666667,0.002406
13085,Dawson County,,GA,2009,21893,23902,7,8,15,1503,1220,2723,6,0.306367,0.321508,7.395099,0.001857,0.002041,0,0.000155,0,29,0.803571,0.014913
13087,Decatur County,,GA,1672,29153,30825,6,6,12,691,667,1358,6,0.281984,0.294239,11001.435279,0.000419,0.000301,20,0.000251,0,29,0.366667,0.002652
13089,DeKalb County,,GA,87934,696335,784269,205,195,400,73058,78812,151870,5,0.431106,0.472679,56799.267845,0.087455,0.084663,0,0.002349,0,29,0.329013,0.623162
13091,Dodge County,,GA,1096,19605,20701,5,5,10,431,450,881,6,0.270025,0.281247,4718.127375,0.000274,0.000186,0,0.000185,0,29,0.466667,0.002387
13093,Dooly County,,GA,829,10793,11622,3,2,5,350,370,720,6,0.26985,0.280476,3.064854,0.000177,0.000177,0,0.000129,0,29,0.666667,0.001596
13095,Dougherty County,,GA,7758,97257,105015,32,32,64,4510,4964,9474,6,0.338401,0.361746,50191.476102,0.011469,0.009711,0,0.000758,0,29,0.391141,0.083663
13097,Douglas County,,GA,16228,136795,153023,40,35,75,12129,11683,23812,5,0.365139,0.390449,1646.138617,0.020576,0.016374,0,0.00048,0,29,0.584087,0.142684
13099,Early County,,GA,655,11725,12380,2,3,5,143,236,379,7,0.25523,0.265644,725.257813,0.00004,0.000139,20,0.00011,0,29,0.166667,0.000531
13101,Echols County,,GA,206,3186,3392,1,1,2,124,98,222,6,0.256442,0.265941,0,0.000113,0.00014,20,0.000068,0,29,0,0.001091
13103,Effingham County,,GA,4252,55982,60234,9,6,15,3009,2210,5219,6,0.287744,0.300754,52.539532,0.002385,0.001118,0,0.000218,0,29,0.541667,0.01948
13105,Elbert County,,GA,1230,23266,24496,4,6,10,444,577,1021,6,0.300619,0.315112,162.188584,0.000136,0.000929,0,0.000144,0,29,0.666667,0.001386
13107,Emanuel County,,GA,1532,23891,25423,7,11,18,514,799,1313,6,0.285602,0.299257,796.761231,0.000069,0.000728,0,0.000233,0,29,0.3,0.001129
13109,Evans County,,GA,890,11046,11936,3,4,7,309,428,737,6,0.282887,0.29481,1.690523,0.000051,0.00047,0,0.000133,0,29,0.8,0.00098
13111,Fannin County,,GA,1349,23765,25114,7,6,13,592,513,1105,6,0.30202,0.316135,6561.276592,0.000902,0.000805,0,0.000214,0,29,0.333333,0.007628
13113,Fayette County,,GA,9426,119008,128434,26,19,45,5409,5524,10933,6,0.34318,0.364803,1116.55124,0.013533,0.007948,0,0.000349,0,29,0.694253,0.099565
13115,Floyd County,,GA,5170,101934,107104,15,14,29,2700,2696,5396,6,0.310345,0.326652,3813.442897,0.003453,0.003603,0,0.000285,0,29,0.511029,0.02687
13117,Forsyth County,,GA,11777,182114,193891,42,29,71,11313,6939,18252,5,0.357572,0.381813,2324.188285,0.021352,0.013874,0,0.000559,0,29,0.579227,0.155828
13119,Franklin County,,GA,1834,24474,26308,9,7,16,1170,1071,2241,6,0.265429,0.27604,85.778204,0.000961,0.000167,0,0.000221,0,29,0.638889,0.00779
13121,Fulton County,,GA,107644,869068,976712,256,232,488,101587,97434,199021,5,0.4362,0.481173,106303.332693,0.100516,0.095753,0,0.003088,0,29,0.274877,0.72067
13123,Gilmer County,,GA,2019,28841,30860,9,8,17,771,905,1676,6,0.302333,0.316792,388.309229,0.002505,0.001193,0,0.000196,0,29,0.618182,0.019781
13125,Glascock County,,GA,183,2983,3166,0,0,0,0,0,0,0,0,0,0,0,0,22,0.000051,19,51,0,0
13127,Glynn County,,GA,5782,82704,88486,19,19,38,2369,2340,4709,6,0.317889,0.337231,3839.910657,0.006492,0.00588,20,0.000383,0,29,0.471429,0.048104
13129,Gordon County,,GA,3868,61910,65778,11,9,20,2081,2040,4121,6,0.304989,0.320359,1298.000108,0.001898,0.00177,0,0.000219,0,29,0.557692,0.015087
13131,Grady County,,GA,1577,24896,26473,5,4,9,738,816,1554,6,0.281957,0.293953,79.388502,0.00042,0.000271,20,0.000173,0,29,0.6,0.002579
13133,Greene County,,GA,1078,17109,18187,5,5,10,402,447,849,6,0.301707,0.315169,131.22495,0.0016,0.000895,0,0.000131,0,29,0.714286,0.012079
13135,Gwinnett County,,GA,69928,861106,931034,219,219,438,63652,59032,122684,5,0.429013,0.474108,104784.693315,0.08946,0.085872,0,0.00253,0,29,0.276314,0.62981
13137,Habersham County,,GA,2798,44816,47614,7,8,15,1668,1496,3164,6,0.30065,0.315398,110.690261,0.000829,0.000983,0,0.000202,0,29,0.678571,0.006761
13139,Hall County,,GA,12901,196155,209056,31,34,65,7937,8233,16170,5,0.358672,0.383573,13012.243022,0.012337,0.011606,0,0.000527,0,29,0.418051,0.092396
13141,Hancock County,,GA,563,9245,9808,1,1,2,114,192,306,7,0.236823,0.243591,0,0.000021,0.000025,0,0.000073,0,29,0,0.000279
13143,Haralson County,,GA,2246,29697,31943,6,6,12,1620,1420,3040,6,0.30177,0.315764,382.908301,0.000989,0.001092,0,0.000142,0,29,0.733333,0.008109
13145,Harris County,,GA,2444,33308,35752,6,6,12,1755,1398,3153,6,0.277635,0.289752,15.57528,0.000406,0.000462,0,0.000168,0,29,0.633333,0.003992
13147,Hart County,,GA,1566,26744,28310,6,6,12,785,804,1589,6,0.265816,0.2766,89.413713,0.000877,0.000212,0,0.000166,0,29,0.595238,0.007052
13149,Heard County,,GA,1056,10987,12043,3,4,7,555,648,1203,7,0.252402,0.262392,6.589068,0.000148,0.000198,0,0.000099,0,29,0.833333,0.001742
13151,Henry County,,GA,20691,214507,235198,70,58,128,18670,14977,33647,5,0.371844,0.401012,12356.161138,0.030454,0.025597,0,0.000886,0,29,0.470626,0.218114
13153,Houston County,,GA,12689,154552,167241,58,60,118,8013,6597,14610,5,0.368927,0.397994,73990.046599,0.02172,0.021645,0,0.000972,0,29,0.352832,0.162567
13155,Irwin County,,GA,866,9193,10059,3,4,7,495,498,993,7,0.237305,0.245203,3.231818,0.000023,0.000004,20,0.00016,0,29,0.666667,0.000338
13157,Jackson County,,GA,5361,63722,69083,15,15,30,4252,3646,7898,6,0.308637,0.324606,720.078224,0.003285,0.002737,0,0.000322,0,29,0.529167,0.025857
13159,Jasper County,,GA,1189,14989,16178,6,6,12,714,618,1332,6,0.301645,0.315169,140.851284,0.000377,0.001127,0,0.000148,0,29,0.619048,0.003621
13161,Jeff Davis County,,GA,911,14428,15339,3,3,6,380,325,705,7,0.235808,0.24298,62.018666,0.000008,0.000001,0,0.000171,0,29,0.166667,0.000301
13163,Jefferson County,,GA,989,20112,21101,5,5,10,389,492,881,6,0.273238,0.284859,65.308315,0.000433,0.000403,0,0.000142,0,29,0.466667,0.003442
13165,Jenkins County,,GA,561,8438,8999,4,4,8,262,304,566,6,0.27329,0.284848,4.672888,0.000046,0.000292,0,0.000141,0,29,0.7,0.00077
13167,Johnson County,,GA,524,8391,8915,3,3,6,265,303,568,7,0.238196,0.245866,2.033333,0.000034,0.00001,0,0.000125,0,29,0.666667,0.000386
13169,Jones County,,GA,2221,30570,32791,7,6,13,1529,1439,2968,6,0.270677,0.282087,84.930209,0.000284,0.000282,0,0.000195,0,29,0.547619,0.002844
13171,Lamar County,,GA,1389,17464,18853,7,6,13,996,802,1798,6,0.283354,0.29557,28.040075,0.001371,0.000624,0,0.000157,0,29,0.785714,0.010699
13173,Lanier County,,GA,1032,7858,8890,3,2,5,506,508,1014,6,0.256464,0.266112,0,0.000115,0.000141,20,0.000153,0,29,1,0.001301
13175,Laurens County,,GA,2525,54314,56839,14,16,30,1043,1180,2223,6,0.311605,0.328658,9312.646311,0.001021,0.003212,0,0.000378,0,29,0.327485,0.008993
13177,Lee County,,GA,3210,31950,35160,5,5,10,2097,1612,3709,7,0.253015,0.262655,13.370792,0.000092,0.000096,0,0.000219,0,29,0.4,0.001173
13179,Liberty County,,GA,14015,61188,75203,64,61,125,6604,8607,15211,5,0.36744,0.397136,12320.641548,0.031683,0.023686,0,0.00083,0,29,0.495618,0.235554
13181,Lincoln County,,GA,525,8686,9211,2,4,6,181,324,505,6,0.272983,0.284259,2948,0.000419,0.000398,0,0.000076,0,29,0.583333,0.003097
13183,Long County,,GA,1568,9179,10747,3,4,7,1157,661,1818,6,0.28496,0.297239,2.09329,0.000203,0.000691,0,0.000109,0,29,0.833333,0.002246
13185,Lowndes County,,GA,9621,102824,112445,46,42,88,4918,4498,9416,5,0.344844,0.370279,53364.781955,0.017402,0.014028,20,0.000874,0,29,0.376327,0.127198
13187,Lumpkin County,,GA,2597,26917,29514,9,7,16,1497,1305,2802,6,0.306335,0.321336,21.027484,0.00312,0.002011,0,0.000177,0,29,0.736111,0.024911
13189,McDuffie County,,GA,1430,25005,26435,5,4,9,753,761,1514,6,0.273008,0.284288,4.420951,0.000428,0.0004,0,0.000157,0,29,0.6,0.003428
13191,McIntosh County,,GA,907,11933,12840,4,2,6,459,388,847,6,0.282723,0.294239,0,0.000606,0.000472,20,0.000115,0,29,1,0.005656
13193,Macon County,,GA,839,12901,13740,3,4,7,208,462,670,6,0.270576,0.28163,5.869351,0.000186,0.000251,0,0.000112,0,29,0.55,0.00159
13195,Madison County,,GA,2246,30203,32449,10,8,18,1816,1465,3281,6,0.265405,0.276126,154.090698,0.000968,0.000207,0,0.000255,0,29,0.536364,0.007976
13197,Marion County,,GA,562,7257,7819,1,2,3,140,190,330,6,0.27632,0.287323,21.321351,0.000245,0.000308,0,0.000064,0,29,0.5,0.002295
13199,Meriwether County,,GA,2037,24126,26163,11,10,21,1223,1403,2626,6,0.305949,0.321176,225.603007,0.001568,0.001739,0,0.000241,0,29,0.527273,0.013407
13201,Miller County,,GA,452,5812,6264,2,3,5,180,248,428,7,0.221261,0.227649,12.496345,0.000002,0.000004,20,0.000155,0,29,0.5,0.000207
13205,Mitchell County,,GA,1503,22888,24391,6,6,12,724,772,1496,7,0.253103,0.262941,29.621034,0.0001,0.000133,0,0.000246,0,29,0.4,0.001497
13207,Monroe County,,GA,2076,26988,29064,9,9,18,1179,1173,2352,6,0.306045,0.321176,164.165189,0.000852,0.001679,0,0.000209,0,29,0.555556,0.007045
13209,Montgomery County,,GA,705,8233,8938,1,3,4,296,312,608,7,0.220943,0.227098,2041.915633,0.000004,0.000004,0,0.000076,0,29,0.166667,0.000127
13211,Morgan County,,GA,1246,20316,21562,7,8,15,678,645,1323,6,0.30566,0.32069,185.573599,0.000981,0.001303,0,0.000168,0,29,0.611111,0.007786
13213,Murray County,,GA,3414,42841,46255,6,7,13,2307,2252,4559,6,0.275614,0.287243,15.78009,0.00016,0.000327,50,0.000159,0,29,0.571429,0.001588
13215,Muscogee County,,GA,20872,202178,223050,88,76,164,14193,13687,27880,5,0.381376,0.412409,33372.563199,0.038113,0.03051,0,0.001196,0,29,0.422121,0.280449
13217,Newton County,,GA,9994,103381,113375,21,21,42,8039,6698,14737,6,0.320123,0.339512,411.979306,0.007409,0.007245,0,0.000326,0,29,0.558333,0.053134
13219,Oconee County,,GA,2548,35040,37588,10,8,18,1775,1333,3108,6,0.306335,0.321479,436.315219,0.002364,0.001743,0,0.000229,0,29,0.666667,0.01814
13221,Oglethorpe County,,GA,1120,14853,15973,4,4,8,704,653,1357,6,0.265187,0.275154,0.2,0.000169,0.000176,0,0.000137,0,29,0.9,0.001615
13223,Paulding County,,GA,12042,148452,160494,27,24,51,10411,7817,18228,5,0.346483,0.369364,686.325459,0.013065,0.010297,0,0.000353,0,29,0.649194,0.091357
13225,Peach County,,GA,2669,27074,29743,5,3,8,1655,1548,3203,6,0.270501,0.281344,2.450624,0.000251,0.000249,0,0.000149,0,29,0.6,0.002314
13227,Pickens County,,GA,2320,32355,34675,9,9,18,1564,1313,2877,6,0.306721,0.321896,35.115398,0.002512,0.002021,0,0.000195,0,29,0.655556,0.019878
13229,Pierce County,,GA,1341,18980,20321,6,4,10,968,733,1701,7,0.241511,0.250033,15.916442,0.000872,0.000086,20,0.000184,0,29,0.633333,0.006681
13231,Pike County,,GA,1482,19148,20630,7,7,14,1028,967,1995,6,0.271382,0.282785,2.717593,0.000723,0.000535,0,0.00016,0,29,0.785714,0.006632
13233,Polk County,,GA,2662,43653,46315,10,9,19,1703,1728,3431,6,0.306657,0.321868,1135.421136,0.002506,0.001956,0,0.000196,0,29,0.711111,0.01954
13235,Pulaski County,,GA,629,9759,10388,2,3,5,215,288,503,6,0.269576,0.28019,1.7,0.000175,0.000177,0,0.000096,0,29,0.666667,0.001489
13237,Putnam County,,GA,1681,22648,24329,8,6,14,714,698,1412,6,0.252402,0.262357,141.312202,0.001716,0.000124,0,0.000175,0,29,0.433333,0.013232
13239,Quitman County,,GA,225,2319,2544,1,1,2,86,85,171,7,0.219744,0.225824,0,0.000006,0.000003,0,0.000071,0,29,0,0.000121
13241,Rabun County,,GA,1051,17306,18357,5,3,8,331,284,615,6,0.26425,0.27388,52.736265,0.000801,0.000108,0,0.000158,0,29,0.6,0.006267
13243,Randolph County,,GA,411,7681,8092,1,1,2,61,53,114,8,0.201855,0.206404,0,0.000078,0.000001,0,0.000071,0,29,1,0.000749
13245,Richmond County,,GA,20860,205524,226384,73,71,144,12202,13609,25811,5,0.375096,0.405847,37823.057642,0.030689,0.031496,0,0.001055,0,29,0.399898,0.233421
13247,Rockdale County,,GA,10647,86355,97002,19,18,37,7543,7628,15171,5,0.344966,0.366061,619.645034,0.009504,0.007802,0,0.000256,0,29,0.646667,0.065833
13249,Schley County,,GA,366,4542,4908,1,1,2,157,134,291,7,0.235085,0.241762,0,0.000011,0.000002,0,0.00008,0,29,0,0.000117
13251,Screven County,,GA,880,15340,16220,5,4,9,447,449,896,6,0.282777,0.29461,178.134872,0.000409,0.000481,0,0.000164,0,29,0.55,0.003962
13253,Seminole County,,GA,675,9189,9864,3,2,5,292,270,562,7,0.220009,0.22582,6.630056,0.000004,0.000003,20,0.000161,0,29,0.5,0.000296
13255,Spalding County,,GA,5516,67124,72640,14,16,30,4040,3727,7767,6,0.310675,0.327246,299.567058,0.003589,0.003968,0,0.000263,0,29,0.566667,0.028082
13257,Stephens County,,GA,1915,28457,30372,8,9,17,877,944,1821,6,0.300712,0.315626,146.333547,0.000829,0.000984,0,0.000209,0,29,0.466667,0.006874
13259,Stewart County,,GA,322,4776,5098,1,1,2,73,82,155,6,0.27611,0.286808,0,0.000245,0.000306,0,0.000064,0,29,0,0.002295
13261,Sumter County,,GA,2131,32290,34421,7,8,15,546,870,1416,6,0.307303,0.322908,6359.945208,0.000259,0.001384,0,0.000279,0,29,0.291667,0.00264
13263,Talbot County,,GA,579,7063,7642,3,3,6,305,306,611,6,0.276215,0.287266,0,0.000263,0.000322,0,0.000108,0,29,1,0.002622
13265,Taliaferro County,,GA,131,1770,1901,0,0,0,0,0,0,0,0,0,0,0,0,23,0.000051,20,52,0,0
13267,Tattnall County,,GA,1410,19876,21286,7,7,14,739,648,1387,6,0.285072,0.29784,666.513852,0.000597,0.000722,0,0.00021,0,29,0.452381,0.005849
13269,Taylor County,,GA,587,9044,9631,1,3,4,42,211,253,6,0.269576,0.28019,0,0.000174,0.000178,0,0.000064,0,29,0.833333,0.001378
13271,Telfair County,,GA,777,10880,11657,3,4,7,252,368,620,7,0.236381,0.243923,3872.313479,0.000001,0.000003,0,0.000234,0,29,0.166667,0.000293
13273,Terrell County,,GA,699,10929,11628,2,2,4,276,335,611,7,0.252884,0.261969,0,0.000079,0.000093,0,0.000108,0,29,1,0.000852
13275,Thomas County,,GA,3041,47703,50744,11,10,21,1621,1490,3111,6,0.308278,0.32444,1785.643311,0.002229,0.002066,20,0.000316,0,29,0.403846,0.015469
13277,Tift County,,GA,2967,41618,44585,11,13,24,1251,1377,2628,6,0.310709,0.327926,14354.461288,0.000206,0.001855,20,0.000416,0,29,0.282051,0.00289
13279,Toombs County,,GA,2115,27638,29753,7,7,14,760,820,1580,6,0.283244,0.295839,10031.398208,0.000409,0.000475,0,0.000213,0,29,0.319444,0.004026
13281,Towns County,,GA,666,11041,11707,2,2,4,206,197,403,7,0.209227,0.214281,253.468966,0.000001,0.000012,0,0.00016,0,29,0.5,0.000263
13283,Treutlen County,,GA,350,6243,6593,4,0,4,252,0,252,0,0,0,0,0.000035,0,0,0.000136,0,2,0.583333,0.000496
13285,Troup County,,GA,4070,71044,75114,16,14,30,2227,2163,4390,6,0.311772,0.328561,1384.130022,0.003424,0.003885,0,0.000299,0,29,0.503676,0.026932
13287,Turner County,,GA,650,9821,10471,1,3,4,111,301,412,7,0.237788,0.245643,0,0.000015,0.000005,20,0.000078,0,29,1,0.000127
13289,Twiggs County,,GA,842,10379,11221,3,5,8,434,589,1023,6,0.270626,0.281859,2.766722,0.000248,0.000259,0,0.000108,0,29,0.75,0.00213
13291,Union County,,GA,1239,22205,23444,5,6,11,408,407,815,6,0.264538,0.274823,11418.865448,0.001504,0.000114,0,0.000206,0,29,0.267857,0.010646
13293,Upson County,,GA,1506,28977,30483,7,7,14,700,670,1370,6,0.283768,0.296445,23.973826,0.001371,0.000702,0,0.00016,0,29,0.714286,0.010748
13295,Walker County,,GA,4520,69008,73528,9,9,18,3231,3225,6456,6,0.303371,0.318427,332.403023,0.000316,0.001078,50,0.000228,0,29,0.439394,0.00319
13297,Walton County,,GA,6037,88169,94206,18,15,33,4868,3836,8704,6,0.310411,0.326715,386.49432,0.004099,0.00399,0,0.000328,0,29,0.611111,0.032172
13299,Ware County,,GA,2597,35640,38237,11,11,22,1251,1430,2681,6,0.308604,0.32444,9006.220511,0.001833,0.001492,20,0.000356,0,29,0.358974,0.013483
13301,Warren County,,GA,505,6542,7047,2,2,4,221,271,492,6,0.272829,0.283716,0,0.000256,0.00025,0,0.000097,0,29,1,0.002038
13303,Washington County,,GA,976,22373,23349,5,4,9,350,326,676,6,0.273341,0.284894,253.434035,0.000122,0.00028,0,0.000169,0,29,0.4,0.001301
13305,Wayne County,,GA,1938,28638,30576,9,10,19,798,855,1653,6,0.286023,0.299697,5210.119637,0.001423,0.000858,20,0.000251,0,29,0.401515,0.011748
13307,Webster County,,GA,158,2603,2761,0,0,0,0,0,0,0,0,0,0,0,0,24,0.000051,21,53,0,0
13309,Wheeler County,,GA,305,4934,5239,2,1,3,157,67,224,8,0.191201,0.195083,10.369048,0,0,0,0.000122,0,29,0,0.000179
13311,White County,,GA,2082,26306,28388,9,8,17,1148,1115,2263,6,0.300588,0.315283,217.248151,0.000964,0.00106,0,0.000219,0,29,0.555556,0.008409
13313,Whitfield County,,GA,7717,120299,128016,15,23,38,3657,4683,8340,6,0.355523,0.379315,5454.270618,0.004245,0.009725,50,0.000293,0,29,0.398462,0.03261
13315,Wilcox County,,GA,457,7158,7615,2,2,4,177,144,321,7,0.21372,0.219633,10.409942,0.000002,0.000002,0,0.000132,0,29,0,0.000215
13317,Wilkes County,,GA,555,11161,11716,1,2,3,62,147,209,6,0.276006,0.287283,3.03004,0.000003,0.000358,0,0.000067,0,29,0.666667,0.00011
13319,Wilkinson County,,GA,728,11295,12023,4,4,8,428,431,859,6,0.252271,0.261786,1.807461,0.000121,0.000108,0,0.000137,0,29,0.833333,0.001208
13321,Worth County,,GA,1596,23413,25009,6,5,11,1009,952,1961,7,0.253213,0.263084,47.366309,0.000098,0.000115,0,0.000225,0,29,0.5,0.001408
15001,Hawaii County,,HI,9034,192486,201520,32,31,63,4786,4790,9576,5,0.352984,0.377115,28.949152,0.01741,0.017308,9,0.000377,0,29,0.829487,0.133622
15003,Honolulu County,,HI,68102,1083165,1151267,255,279,534,45283,50959,96242,5,0.444512,0.493404,63294.560833,0.099261,0.10071,9,0.002841,0,29,0.239503,0.721142
15005,Kalawao County,,HI,-2,-2,-4,0,0,0,0,0,0,0,0,0,0,0,0,25,0.000051,22,54,0,0
15007,Kauai County,,HI,3149,75932,79081,6,9,15,500,1193,1693,6,0.341212,0.36098,0,0.005419,0.007406,9,0.000109,0,29,1,0.040228
15009,Maui County,,HI,8754,168375,177129,26,31,57,3884,4789,8673,6,0.354227,0.379275,25.503063,0.01577,0.018705,9,0.000315,0,29,0.891266,0.121338
16001,Ada County,,ID,26914,427250,454164,102,109,211,21113,19902,41015,5,0.378063,0.413832,72863.323785,0.033597,0.03468,28,0.001548,0,29,0.314903,0.263508
16003,Adams County,,ID,347,4178,4525,1,2,3,50,130,180,6,0.274421,0.28666,0,0.000003,0.000273,28,0.000073,0,29,1,0.000114
16005,Bannock County,,ID,6489,86737,93226,26,27,53,3853,3634,7487,6,0.338165,0.360465,16518.701536,0.005574,0.006345,7,0.000584,0,29,0.356061,0.046235
16007,Bear Lake County,,ID,462,6858,7320,0,2,2,0,110,110,7,0.255787,0.264902,0,0,0.000107,7,0.000051,0,55,1,0
16009,Benewah County,,ID,782,10072,10854,2,3,5,210,320,530,6,0.268163,0.280195,0,0.000353,0.000374,28,0.000082,0,29,1,0.002998
16011,Bingham County,,ID,3549,50131,53680,13,9,22,2222,2346,4568,6,0.299692,0.314563,1653.398689,0.003653,0.001414,7,0.000289,0,29,0.775641,0.028943
16013,Blaine County,,ID,1803,25531,27334,6,6,12,530,620,1150,6,0.332573,0.350886,1671.471503,0.002236,0.002896,28,0.000152,0,29,0.607143,0.016536
16015,Boise County,,ID,727,7281,8008,2,2,4,338,355,693,6,0.274654,0.286917,0,0.0004,0.000392,28,0.000076,0,29,1,0.003242
16017,Bonner County,,ID,3004,43222,46226,12,7,19,1346,1279,2625,6,0.3088,0.324503,1218.042399,0.004565,0.001561,28,0.000273,0,29,0.583333,0.036671
16019,Bonneville County,,ID,7970,114234,122204,29,23,52,5637,4729,10366,6,0.341093,0.362866,13737.257285,0.008692,0.006347,7,0.000591,0,29,0.448276,0.067572
16021,Boundary County,,ID,828,11686,12514,2,2,4,185,258,443,7,0.256374,0.265576,0,0.000111,0.000146,28,0.000101,0,29,1,0.001316
16023,Butte County,,ID,233,3172,3405,0,1,1,0,47,47,7,0.254404,0.262862,0,0,0.00007,7,0.000051,0,56,0,0
16025,Camas County,,ID,90,1086,1176,0,0,0,0,0,0,0,0,0,0,0,0,26,0.000051,23,57,0,0
16027,Canyon County,,ID,15089,198524,213613,49,52,101,10906,10870,21776,6,0.345539,0.371696,12725.084523,0.01521,0.015103,28,0.000806,0,29,0.381148,0.117635
16029,Caribou County,,ID,502,7998,8500,1,1,2,112,117,229,7,0.25273,0.261335,0,0.000051,0.000045,7,0.000069,0,29,0,0.000476
16031,Cassia County,,ID,2038,24061,26099,7,7,14,964,1314,2278,6,0.286219,0.300697,13.440907,0.001478,0.000798,28,0.000173,0,29,0.733333,0.012033
16033,Clark County,,ID,99,1051,1150,0,0,0,0,0,0,0,0,0,0,0,0,27,0.000051,24,58,0,0
16035,Clearwater County,,ID,610,8819,9429,1,1,2,103,125,228,7,0.217433,0.224059,0,0.000008,0.000006,28,0.000078,0,29,0,0.000148
16037,Custer County,,ID,412,4588,5000,1,0,1,54,0,54,0,0,0,0,0.000278,0,28,0.000063,0,19,0,0.002203
16039,Elmore County,,ID,4762,29077,33839,7,15,22,764,1680,2444,6,0.341732,0.363329,256.246147,0.003183,0.006072,28,0.000133,0,29,0.545833,0.024532
16041,Franklin County,,ID,918,14574,15492,3,5,8,384,483,867,6,0.298985,0.312517,0,0.00049,0.001208,7,0.000097,0,29,1,0.003643
16043,Fremont County,,ID,1270,14421,15691,4,3,7,567,558,1125,7,0.255767,0.26485,0.333333,0.000157,0.000122,7,0.000125,0,29,0.75,0.001637
16045,Gem County,,ID,1565,18124,19689,3,3,6,758,866,1624,6,0.27468,0.287088,0,0.000403,0.000395,28,0.000105,0,29,1,0.003365
16047,Gooding County,,ID,1443,16557,18000,5,5,10,679,857,1536,6,0.274499,0.287174,76.592578,0.001405,0.000385,28,0.000152,0,29,0.595238,0.011552
16049,Idaho County,,ID,818,15315,16133,2,2,4,161,257,418,7,0.21745,0.22423,905.086138,0.000286,0.000006,28,0.00009,0,29,0.666667,0.002351
16051,Jefferson County,,ID,2214,28003,30217,8,5,13,1811,1316,3127,7,0.256307,0.266222,3.225836,0.001384,0.00025,7,0.000204,0,29,0.847222,0.011128
16053,Jerome County,,ID,2023,23598,25621,10,6,16,1470,1242,2712,6,0.274783,0.28766,624.335668,0.002561,0.000481,28,0.000218,0,29,0.544444,0.019953
16055,Kootenai County,,ID,8832,153793,162625,40,34,74,6559,5317,11876,6,0.34464,0.368496,11021.249351,0.013637,0.012271,28,0.000684,0,29,0.536078,0.105799
16057,Latah County,,ID,4026,34812,38838,14,14,28,1652,1899,3551,6,0.334941,0.355075,727.920584,0.002492,0.004005,28,0.000307,0,29,0.566176,0.020933
16059,Lemhi County,,ID,646,8367,9013,2,1,3,85,57,142,7,0.254361,0.262781,0,0.000329,0.00007,7,0.000084,0,29,1,0.002843
16061,Lewis County,,ID,370,4785,5155,2,1,3,178,139,317,7,0.217433,0.224059,0,0.000008,0.000006,28,0.000116,0,29,1,0.000253
16063,Lincoln County,,ID,580,5310,5890,3,4,7,267,296,563,7,0.254361,0.263152,0.833333,0.000068,0.000115,28,0.000124,0,29,0.75,0.001064
16065,Madison County,,ID,5504,28512,34016,17,19,36,2056,3243,5299,6,0.339939,0.361671,4326.508964,0.00515,0.006667,7,0.000351,0,29,0.614286,0.04188
16067,Minidoka County,,ID,1741,22689,24430,7,7,14,1242,1079,2321,6,0.286332,0.300897,9.745508,0.001479,0.000858,28,0.000177,0,29,0.839286,0.012103
16069,Nez Perce County,,ID,3075,43423,46498,9,11,20,1926,1959,3885,6,0.27782,0.292655,13749.814408,0.000719,0.000964,28,0.000357,0,29,0.409091,0.006289
16071,Oneida County,,ID,274,4814,5088,1,1,2,77,48,125,7,0.252774,0.261421,0,0.000011,0.000045,7,0.000065,0,29,0.5,0.00029
16073,Owyhee County,,ID,1279,11741,13020,3,2,5,678,809,1487,6,0.274654,0.286917,0,0.000448,0.000392,28,0.000083,0,29,1,0.003523
16075,Payette County,,ID,2156,24541,26697,6,5,11,1236,1158,2394,6,0.274757,0.287489,2.833333,0.000413,0.000403,28,0.000172,0,29,0.666667,0.003717
16077,Power County,,ID,734,8718,9452,2,2,4,264,379,643,7,0.252752,0.261506,0,0.000062,0.000074,7,0.000096,0,29,1,0.000801
16079,Shoshone County,,ID,1125,13317,14442,2,3,5,347,539,886,6,0.268064,0.280024,0,0.000353,0.000391,28,0.000082,0,29,1,0.002998
16081,Teton County,,ID,999,9891,10890,2,4,6,273,294,567,7,0.256171,0.265622,3.708959,0.000069,0.000139,7,0.000089,0,29,0.5,0.000922
16083,Twin Falls County,,ID,5769,83112,88881,26,20,46,3831,3305,7136,6,0.337305,0.358465,5270.098617,0.00812,0.00507,28,0.000502,0,29,0.46164,0.062187
16085,Valley County,,ID,1360,10509,11869,3,4,7,464,624,1088,6,0.274731,0.287317,2949.207232,0.000402,0.000395,28,0.000107,0,29,0.583333,0.003329
16087,Washington County,,ID,786,10492,11278,4,4,8,379,348,727,6,0.274731,0.287317,0,0.000407,0.000399,28,0.000122,0,29,1,0.003493
17001,Adams County,,IL,3054,81771,84825,12,13,25,1221,1072,2293,6,0.329157,0.347765,21514.481147,0.001724,0.002134,62,0.000361,0,29,0.254167,0.013008
17003,Alexander County,,IL,634,8115,8749,2,3,5,166,303,469,7,0.24668,0.255065,19.054377,0.000019,0.000017,62,0.000114,0,29,0.666667,0.000334
17005,Bond County,,IL,1216,18637,19853,4,5,9,468,651,1119,6,0.278297,0.289672,31.421807,0.000102,0.000293,62,0.000135,0,29,0.6,0.001149
17007,Boone County,,IL,4726,68510,73236,9,10,19,3074,3245,6319,6,0.339504,0.358968,18.314559,0.002825,0.003174,29,0.000134,0,29,0.818182,0.018205
17009,Brown County,,IL,294,6119,6413,1,1,2,48,58,106,7,0.247664,0.255151,0,0.000017,0.000014,62,0.000074,0,29,0,0.000204
17011,Bureau County,,IL,2113,44062,46175,7,8,15,1104,1082,2186,6,0.325919,0.342947,1834.535608,0.001361,0.001277,29,0.000153,0,29,0.541667,0.009839
17013,Calhoun County,,IL,251,6048,6299,1,2,3,59,94,153,7,0.26413,0.274115,0,0.000093,0.000102,62,0.000066,0,29,1,0.000818
17015,Carroll County,,IL,989,20102,21091,5,5,10,378,458,836,7,0.248044,0.256648,4.278644,0.001053,0.000074,29,0.000129,0,29,0.6,0.008112
17017,Cass County,,IL,1281,16103,17384,4,4,8,434,593,1027,7,0.26223,0.272457,1154.067246,0.000926,0.000086,29,0.000117,0,29,0.15,0.006332
17019,Champaign County,,IL,14329,199746,214075,49,59,108,7830,8372,16202,5,0.382778,0.412454,25574.483971,0.016147,0.028391,29,0.000705,0,29,0.438576,0.113674
17021,Christian County,,IL,1909,41371,43280,5,4,9,891,987,1878,7,0.264514,0.274658,47.153748,0.000122,0.000113,29,0.000161,0,29,0.45,0.00131
17023,Clark County,,IL,1014,20042,21056,5,4,9,431,495,926,7,0.256487,0.265982,1859.405386,0.000044,0.000036,29,0.000189,0,29,0.35,0.000759
17025,Clay County,,IL,889,16907,17796,4,4,8,369,376,745,7,0.247517,0.255762,1527.098678,0.000021,0.000016,29,0.00016,0,29,0.083333,0.000501
17027,Clinton County,,IL,2104,44446,46550,5,7,12,1152,1192,2344,6,0.303308,0.316735,78.970543,0.000312,0.000855,62,0.00014,0,29,0.642857,0.002677
17029,Coles County,,IL,3434,52808,56242,11,15,26,1585,1836,3421,6,0.327714,0.346165,8755.651048,0.001359,0.001665,29,0.000287,0,29,0.37619,0.01013
17031,Cook County,,IL,219405,6072075,6291480,438,465,903,175010,201146,376156,5,0.482223,0.542461,632659.867441,0.123754,0.124405,29,0.005333,0,29,0.119494,0.885883
17033,Crawford County,,IL,858,23292,24150,4,3,7,281,190,471,7,0.255498,0.264393,236.015244,0,0.000023,29,0.000199,0,29,0.3,0.000377
17035,Cumberland County,,IL,841,13265,14106,2,4,6,375,519,894,7,0.247265,0.255402,4.191919,0.000024,0.000025,29,0.000087,0,29,0.666667,0.000373
17037,DeKalb County,,IL,8534,112049,120583,15,19,34,5788,5718,11506,6,0.341013,0.362168,131.868372,0.003236,0.004647,29,0.000226,0,29,0.55,0.021391
17039,De Witt County,,IL,1312,19958,21270,4,5,9,569,667,1236,6,0.280898,0.292318,12.920512,0.000364,0.000267,29,0.000116,0,29,0.7,0.002246
17041,Douglas County,,IL,1504,25952,27456,5,5,10,704,861,1565,6,0.277239,0.288437,90.135566,0.000244,0.000145,29,0.000155,0,29,0.6,0.001513
17043,DuPage County,,IL,70821,1122818,1193639,141,169,310,55121,60070,115191,5,0.421997,0.461437,25720.213804,0.065674,0.075381,29,0.001548,0,29,0.379977,0.456566
17045,Edgar County,,IL,1108,22006,23114,6,6,12,453,577,1030,6,0.278006,0.289815,177.803534,0.000293,0.000182,29,0.000181,0,29,0.466667,0.001903
17047,Edwards County,,IL,381,8173,8554,2,3,5,112,146,258,8,0.210238,0.216023,32.364866,0,0,29,0.000115,0,29,0.166667,0.000182
17049,Effingham County,,IL,2061,44003,46064,9,10,19,917,1031,1948,6,0.327089,0.344805,17926.718234,0.00165,0.001265,29,0.000236,0,29,0.333333,0.012116
17051,Fayette County,,IL,1231,25008,26239,6,6,12,556,554,1110,7,0.264586,0.275435,56.358404,0.000118,0.000115,29,0.000177,0,29,0.380952,0.001444
17053,Ford County,,IL,1218,17085,18303,6,6,12,630,770,1400,6,0.279043,0.290724,3.482183,0.001366,0.000302,29,0.000136,0,29,0.785714,0.009722
17055,Franklin County,,IL,2219,44416,46635,8,6,14,1158,1116,2274,7,0.258053,0.267445,4236.126282,0.001077,0.000058,62,0.000249,0,29,0.482143,0.008464
17057,Fulton County,,IL,1858,42901,44759,6,6,12,980,1026,2006,6,0.274576,0.285545,100.254126,0.000172,0.000271,29,0.000164,0,29,0.52381,0.001821
17059,Gallatin County,,IL,471,6513,6984,1,2,3,91,212,303,8,0.211749,0.217286,0,0,0,62,0.000085,0,29,1,0.000099
17061,Greene County,,IL,836,16224,17060,4,5,9,383,476,859,7,0.266156,0.277361,6.886229,0.000109,0.000195,62,0.000141,0,29,0.75,0.001269
17063,Grundy County,,IL,4346,62124,66470,8,9,17,3136,2896,6032,6,0.339346,0.358653,16.01209,0.002335,0.00323,29,0.000136,0,29,0.819444,0.015691
17065,Hamilton County,,IL,412,9592,10004,3,3,6,172,172,344,7,0.248297,0.256179,992.710985,0.000015,0.00002,62,0.000146,0,29,0.5,0.000452
17067,Hancock County,,IL,1301,23407,24708,5,4,9,481,556,1037,7,0.249465,0.258214,75.623411,0.000046,0.000036,30,0.000169,0,29,0.35,0.000769
17069,Hardin County,,IL,264,4493,4757,0,1,1,0,66,66,8,0.205018,0.20959,0,0,0,62,0.000051,0,59,0,0
17071,Henderson County,,IL,629,8691,9320,2,3,5,203,335,538,7,0.247475,0.255265,2.689583,0.000015,0.000012,30,0.000105,0,29,0.5,0.0003
17073,Henry County,,IL,3548,63069,66617,10,10,20,1994,2083,4077,6,0.326065,0.343404,621.034726,0.001428,0.001574,29,0.000244,0,29,0.488889,0.012294
17075,Iroquois County,,IL,2053,37150,39203,7,6,13,1070,1089,2159,6,0.32581,0.342547,68.860443,0.001621,0.001194,29,0.000137,0,29,0.607143,0.011165
17077,Jackson County,,IL,5993,53332,59325,17,19,36,2288,2860,5148,6,0.34558,0.366901,14973.11016,0.003086,0.004728,62,0.000409,0,29,0.367754,0.021512
17079,Jasper County,,IL,629,12611,13240,2,3,5,162,248,410,7,0.246972,0.254768,2101.160716,0.00001,0.000013,29,0.000103,0,29,0.166667,0.000286
17081,Jefferson County,,IL,2328,43636,45964,12,11,23,1086,1087,2173,6,0.328934,0.347085,16010.026286,0.001368,0.001743,62,0.000333,0,29,0.391026,0.011005
17083,Jersey County,,IL,1555,27572,29127,5,5,10,884,921,1805,6,0.301427,0.314546,255.459342,0.000728,0.000851,62,0.000152,0,29,0.533333,0.005169
17085,Jo Daviess County,,IL,1284,28785,30069,5,6,11,644,659,1303,6,0.325883,0.342633,517.251354,0.001052,0.001153,29,0.000136,0,29,0.404762,0.008122
17087,Johnson County,,IL,731,12777,13508,3,4,7,267,372,639,7,0.257302,0.266159,262.645059,0.000015,0.000045,62,0.000194,0,29,0.5,0.000441
17089,Kane County,,IL,33318,607688,641006,55,77,132,27302,25877,53179,5,0.389892,0.421153,4806.53892,0.026404,0.035696,29,0.00065,0,29,0.493829,0.183379
17091,Kankakee County,,IL,5802,132070,137872,12,13,25,3358,3100,6458,6,0.341332,0.361854,362.225644,0.003852,0.004553,29,0.000191,0,29,0.585714,0.025981
17093,Kendall County,,IL,9319,135235,144554,15,13,28,9567,6639,16206,6,0.345825,0.367273,123.997357,0.00647,0.005289,29,0.000198,0,29,0.748366,0.045328
17095,Knox County,,IL,2871,59394,62265,9,10,19,1346,1283,2629,6,0.326138,0.343519,1655.727363,0.001221,0.001556,29,0.000229,0,29,0.533333,0.009719
17097,Lake County,,IL,42171,834515,876686,108,127,235,29733,32328,62061,5,0.411923,0.447765,7073.474793,0.057137,0.062896,29,0.001126,0,29,0.459914,0.40305
17099,LaSalle County,,IL,6233,141151,147384,15,20,35,3475,3710,7185,6,0.340138,0.361054,4685.311587,0.002591,0.003771,29,0.000267,0,29,0.489474,0.018086
17101,Lawrence County,,IL,891,16980,17871,3,3,6,315,383,698,7,0.2313,0.238147,636.785957,0.000006,0.000005,29,0.000163,0,29,0.333333,0.000329
17103,Lee County,,IL,2253,42641,44894,9,9,18,1431,1342,2773,6,0.325774,0.342833,3.53043,0.002167,0.001937,29,0.000155,0,29,0.805556,0.014503
17105,Livingston County,,IL,2231,45907,48138,9,9,18,1166,1255,2421,6,0.325919,0.343061,77.742161,0.001533,0.00159,29,0.000177,0,29,0.611111,0.011382
17107,Logan County,,IL,1851,32795,34646,6,7,13,709,926,1635,6,0.276976,0.288369,37.93597,0.00024,0.000363,29,0.000161,0,29,0.571429,0.002362
17109,McDonough County,,IL,2266,30215,32481,9,11,20,800,840,1640,6,0.326613,0.34429,6080.307416,0.001236,0.001346,29,0.000241,0,29,0.4,0.00968
17111,McHenry County,,IL,18000,391676,409676,24,35,59,12768,12601,25369,5,0.363183,0.388289,273.177238,0.012836,0.019228,29,0.000265,0,29,0.649798,0.087137
17113,McLean County,,IL,10591,188413,199004,41,37,78,6584,5868,12452,6,0.356349,0.381653,8490.820843,0.012403,0.011972,29,0.0006,0,29,0.357843,0.085827
17115,Macon County,,IL,6175,129999,136174,20,21,41,2663,3084,5747,6,0.335211,0.356379,11416.093843,0.004179,0.004875,29,0.000388,0,29,0.403162,0.028002
17117,Macoupin County,,IL,3224,57280,60504,8,8,16,1763,2015,3778,6,0.30356,0.317278,439.356531,0.001012,0.000932,62,0.00021,0,29,0.535714,0.007508
17119,Madison County,,IL,15253,322309,337562,43,42,85,9805,9840,19645,6,0.358848,0.385568,34891.550286,0.011923,0.011571,62,0.00077,0,29,0.283183,0.087578
17121,Marion County,,IL,2330,47114,49444,7,11,18,931,1098,2029,6,0.327493,0.34525,2516.433007,0.00032,0.00134,62,0.000203,0,29,0.418182,0.002963
17123,Marshall County,,IL,943,15899,16842,5,4,9,510,510,1020,6,0.272167,0.282533,41.992756,0.000187,0.000181,29,0.000139,0,29,0.65,0.001781
17125,Mason County,,IL,1111,17839,18950,5,5,10,501,693,1194,6,0.273315,0.284031,6.180113,0.000231,0.000231,29,0.000145,0,29,0.75,0.002154
17127,Massac County,,IL,994,17884,18878,3,2,5,338,329,667,7,0.239566,0.246706,2998.845586,0.000017,0.000012,50,0.000174,0,29,0,0.000378
17129,Menard County,,IL,967,15798,16765,2,1,3,537,539,1076,7,0.261759,0.271206,0,0.000082,0.000077,29,0.000087,0,29,1,0.000773
17131,Mercer County,,IL,1215,21323,22538,6,6,12,661,803,1464,6,0.279123,0.290203,174.368478,0.000279,0.00042,29,0.000178,0,29,0.6,0.003565
17133,Monroe County,,IL,1958,41911,43869,6,6,12,1547,1261,2808,6,0.303339,0.316621,33.934765,0.001212,0.001109,62,0.000142,0,29,0.833333,0.008576
17135,Montgomery County,,IL,1752,34253,36005,6,6,12,756,971,1727,7,0.266204,0.277561,37.537839,0.000184,0.000184,62,0.000187,0,29,0.5,0.001944
17137,Morgan County,,IL,2264,40267,42531,8,8,16,947,1094,2041,7,0.266545,0.278436,7366.846739,0.001089,0.000203,29,0.000253,0,29,0.311111,0.008649
17139,Moultrie County,,IL,1201,17771,18972,5,5,10,659,612,1271,7,0.251423,0.260586,7.273096,0.000055,0.000049,29,0.00016,0,29,0.6,0.000826
17141,Ogle County,,IL,4048,66842,70890,12,9,21,2458,2346,4804,6,0.325701,0.342718,645.680576,0.00235,0.001941,29,0.000193,0,29,0.643939,0.015673
17143,Peoria County,,IL,12495,221742,234237,46,41,87,8618,8106,16724,5,0.373367,0.400126,22193.981378,0.014313,0.015641,29,0.000719,0,29,0.38273,0.100016
17145,Perry County,,IL,1163,23681,24844,6,6,12,655,688,1343,7,0.258053,0.267473,12.104389,0.000265,0.00007,62,0.000187,0,29,0.642857,0.002447
17147,Piatt County,,IL,1306,20410,21716,5,5,10,884,775,1659,6,0.279203,0.290243,88.756837,0.000271,0.000168,29,0.00015,0,29,0.6,0.001658
17149,Pike County,,IL,913,18800,19713,3,5,8,227,396,623,7,0.262514,0.273,32.372432,0.000021,0.000104,62,0.000137,0,29,0.45,0.000484
17151,Pope County,,IL,258,4289,4547,0,1,1,0,44,44,8,0.19332,0.197104,0,0,0,50,0.000051,0,60,0,0
17153,Pulaski County,,IL,406,6796,7202,2,3,5,109,173,282,7,0.24668,0.255065,19.054377,0.000019,0.000017,62,0.000114,0,29,0.666667,0.000334
17155,Putnam County,,IL,464,7499,7963,2,3,5,218,248,466,7,0.253941,0.262455,0.404147,0.000041,0.000033,29,0.000078,0,29,0.666667,0.000417
17157,Randolph County,,IL,1724,36568,38292,7,8,15,953,1054,2007,6,0.303245,0.316821,231.568982,0.000351,0.000883,62,0.000203,0,29,0.5,0.003137
17159,Richland County,,IL,873,19478,20351,4,5,9,296,284,580,7,0.231668,0.239028,202.511267,0,0.000006,29,0.000193,0,29,0.166667,0.000367
17161,Rock Island County,,IL,9205,179582,188787,21,21,42,5065,5504,10569,6,0.347391,0.369542,3338.48089,0.005213,0.005789,29,0.00037,0,29,0.413333,0.03917
17163,St. Clair County,,IL,17830,309330,327160,63,61,124,11078,11280,22358,5,0.384291,0.41398,28600.168525,0.02394,0.02531,62,0.000902,0,29,0.369009,0.17876
17165,Saline County,,IL,1356,27708,29064,5,6,11,443,477,920,7,0.257802,0.267119,8549.104323,0.000015,0.000053,62,0.000242,0,29,0.238095,0.00068
17167,Sangamon County,,IL,10126,242149,252275,36,35,71,6374,5484,11858,6,0.354529,0.379835,27692.314715,0.009597,0.009912,29,0.000695,0,29,0.353078,0.068462
17169,Schuyler County,,IL,629,8401,9030,2,5,7,193,306,499,7,0.248086,0.256637,8.097843,0.000012,0.000041,29,0.000094,0,29,0.35,0.000312
17171,Scott County,,IL,304,6285,6589,1,1,2,126,122,248,8,0.210466,0.216034,0,0.000002,0.000009,29,0.000077,0,29,0,0.000165
17173,Shelby County,,IL,1377,26599,27976,6,6,12,840,835,1675,7,0.25164,0.261135,38.797214,0.000064,0.00006,29,0.000182,0,29,0.428571,0.000998
17175,Stark County,,IL,446,7466,7912,2,2,4,154,255,409,6,0.27199,0.281904,0,0.000138,0.000126,29,0.000086,0,29,1,0.001107
17177,Stephenson County,,IL,2630,58377,61007,8,8,16,1319,1227,2546,6,0.326394,0.343661,665.735474,0.001855,0.001574,29,0.000167,0,29,0.511111,0.012857
17179,Tazewell County,,IL,8379,166444,174823,23,17,40,6409,5449,11858,6,0.328415,0.347337,2572.530299,0.004409,0.00262,29,0.000396,0,29,0.436594,0.030743
17181,Union County,,IL,899,20348,21247,5,4,9,387,363,750,7,0.262042,0.271972,159.8537,0.000053,0.000061,62,0.000202,0,29,0.433333,0.000798
17183,Vermilion County,,IL,4164,92507,96671,12,15,27,1649,2018,3667,6,0.328415,0.347405,3686.932194,0.002116,0.002643,29,0.00027,0,29,0.395238,0.015032
17185,Wabash County,,IL,705,14625,15330,1,3,4,55,206,261,7,0.264442,0.274281,108.456724,0,0.000036,29,0.000084,0,29,0.333333,0.000109
17187,Warren County,,IL,1070,20333,21403,6,5,11,491,507,998,7,0.247917,0.256408,94.043053,0.000074,0.000034,29,0.000184,0,29,0.238095,0.001116
17189,Washington County,,IL,1190,18429,19619,7,7,14,696,744,1440,6,0.278563,0.290358,60.10636,0.000335,0.000309,62,0.000185,0,29,0.642857,0.002995
17191,Wayne County,,IL,887,19635,20522,4,4,8,261,317,578,7,0.24853,0.256711,3956.70103,0.000014,0.000011,29,0.000193,0,29,0.083333,0.000472
17193,White County,,IL,871,17519,18390,5,4,9,330,243,573,7,0.264754,0.274967,4299.113622,0.000001,0.000037,62,0.000236,0,29,0.166667,0.000464
17195,Whiteside County,,IL,3234,74742,77976,13,12,25,1680,1711,3391,6,0.326029,0.343576,660.200799,0.002403,0.002121,29,0.000234,0,29,0.519231,0.017669
17197,Will County,,IL,42402,825758,868160,65,84,149,35029,33708,68737,5,0.394267,0.426092,7082.54924,0.034301,0.040266,29,0.000756,0,29,0.508181,0.24161
17199,Williamson County,,IL,4042,73393,77435,15,12,27,2551,1983,4534,6,0.328674,0.346965,13771.038612,0.002484,0.00178,62,0.000378,0,29,0.366667,0.018252
17201,Winnebago County,,IL,15462,360978,376440,35,49,84,8745,9436,18181,5,0.381027,0.409122,3076.574349,0.013551,0.020694,29,0.000431,0,29,0.455975,0.091433
17203,Woodford County,,IL,2787,47009,49796,7,7,14,1823,1747,3570,6,0.325846,0.342718,278.354323,0.001286,0.001278,29,0.000166,0,29,0.738095,0.009931
18001,Adams County,,IN,1610,42510,44120,5,6,11,830,778,1608,6,0.299692,0.313672,127.484678,0.000198,0.00101,29,0.000138,0,29,0.404762,0.001749
18003,Allen County,,IN,17328,429351,446679,59,61,120,9967,10120,20087,5,0.377036,0.40671,45870.092547,0.021501,0.021809,29,0.000739,0,29,0.338431,0.144857
18005,Bartholomew County,,IN,5423,95987,101410,14,12,26,2859,2974,5833,6,0.329976,0.348685,688.465939,0.002973,0.002469,29,0.000266,0,29,0.466667,0.02022
18007,Benton County,,IN,897,10549,11446,4,3,7,416,497,913,6,0.275901,0.2865,4.186334,0.000182,0.000107,29,0.000121,0,29,0.416667,0.001271
18009,Blackford County,,IN,934,15961,16895,4,4,8,495,504,999,6,0.257347,0.266409,3.125943,0.000049,0.000033,29,0.000125,0,29,0.5,0.000645
18011,Boone County,,IN,3985,65601,69586,9,9,18,3430,2351,5781,6,0.32753,0.345376,163.51508,0.002114,0.002046,29,0.000181,0,29,0.688889,0.01559
18013,Brown County,,IN,1259,18247,19506,5,5,10,802,843,1645,6,0.299108,0.3125,0.388889,0.000768,0.00073,29,0.000127,0,29,0.9,0.005725
18015,Carroll County,,IN,1636,24905,26541,5,6,11,920,1022,1942,6,0.299323,0.313014,1.326812,0.000205,0.000693,29,0.000127,0,29,0.833333,0.001497
18017,Cass County,,IN,2530,48052,50582,10,9,19,1347,1433,2780,6,0.299538,0.313757,218.474178,0.000972,0.000971,29,0.000193,0,29,0.527273,0.007155
18019,Clark County,,IN,8396,128885,137281,16,13,29,6897,5642,12539,6,0.330313,0.349246,5262.052434,0.002499,0.002148,50,0.000375,0,29,0.323529,0.020358
18021,Clay County,,IN,1939,31848,33787,10,9,19,1186,1246,2432,6,0.299384,0.313443,432.838023,0.000844,0.000743,29,0.000242,0,29,0.644444,0.006729
18023,Clinton County,,IN,2265,41392,43657,6,7,13,1134,1315,2449,6,0.299445,0.313357,76.780622,0.001039,0.000965,29,0.000133,0,29,0.761905,0.007346
18025,Crawford County,,IN,765,12151,12916,4,4,8,374,422,796,7,0.250107,0.258448,44.914405,0.000036,0.000037,50,0.000144,0,29,0.5,0.00064
18027,Daviess County,,IN,1228,36104,37332,7,8,15,590,633,1223,6,0.275328,0.286923,2246.133444,0.000663,0.000145,29,0.000185,0,29,0.513889,0.005045
18029,Dearborn County,,IN,3509,62248,65757,10,12,22,2548,2418,4966,6,0.301832,0.317335,1007.305427,0.001039,0.001373,131,0.000206,0,29,0.5,0.007223
18031,Decatur County,,IN,2043,32306,34349,9,10,19,1031,1285,2316,6,0.299476,0.313757,40.273966,0.000689,0.000674,29,0.000202,0,29,0.463636,0.005683
18033,DeKalb County,,IN,3127,51764,54891,7,7,14,1924,2000,3924,6,0.299722,0.313843,67.053522,0.000211,0.000747,29,0.000154,0,29,0.517857,0.002005
18035,Delaware County,,IN,7005,121080,128085,19,19,38,3640,3973,7613,5,0.346113,0.367907,7406.322999,0.002763,0.004192,29,0.000315,0,29,0.438735,0.01945
18037,Dubois County,,IN,2348,54460,56808,10,12,22,1006,1237,2243,6,0.300185,0.314923,5014.992333,0.000667,0.000695,29,0.000269,0,29,0.320513,0.00533
18039,Elkhart County,,IN,12380,244567,256947,18,30,48,6014,6899,12913,5,0.360356,0.3855,2689.841452,0.005014,0.011168,29,0.000244,0,29,0.471264,0.034801
18041,Fayette County,,IN,1528,28050,29578,7,6,13,833,777,1610,6,0.2992,0.312786,105.463896,0.00062,0.000584,29,0.00018,0,29,0.5,0.004878
18043,Floyd County,,IN,6672,87155,93827,11,8,19,4927,4714,9641,6,0.315346,0.332505,1087.298829,0.001497,0.001945,50,0.000282,0,29,0.409091,0.011274
18045,Fountain County,,IN,1480,21718,23198,6,7,13,750,1023,1773,6,0.299507,0.313443,361.562194,0.000196,0.00068,29,0.000175,0,29,0.5,0.001499
18047,Franklin County,,IN,1658,29869,31527,7,8,15,932,1056,1988,6,0.301395,0.316164,101.062907,0.000783,0.001218,131,0.000167,0,29,0.517857,0.005203
18049,Fulton County,,IN,1612,25170,26782,9,9,18,969,926,1895,6,0.28106,0.293347,122.602344,0.000884,0.000351,29,0.000169,0,29,0.490909,0.006021
18051,Gibson County,,IN,1955,40436,42391,8,6,14,1090,944,2034,7,0.264418,0.274692,3066.608586,0.000088,0.000048,29,0.000233,0,29,0.482143,0.001219
18053,Grant County,,IN,3745,78383,82128,11,11,22,1600,1885,3485,6,0.3,0.314815,1009.813649,0.00113,0.00116,29,0.000209,0,29,0.598485,0.008679
18055,Greene County,,IN,2003,37563,39566,10,10,20,1281,1341,2622,6,0.29963,0.313917,381.843475,0.000765,0.00075,29,0.00025,0,29,0.5,0.006059
18057,Hamilton County,,IN,20803,311237,332040,84,69,153,20645,14464,35109,5,0.389267,0.419765,21833.310995,0.034734,0.03148,29,0.001035,0,29,0.398992,0.238885
18059,Hancock County,,IN,5370,83440,88810,12,11,23,4329,3671,8000,6,0.299569,0.314043,50.445113,0.001204,0.001169,29,0.000232,0,29,0.549451,0.009028
18061,Harrison County,,IN,2574,46832,49406,7,6,13,1680,1710,3390,6,0.303024,0.317638,668.130005,0.000557,0.001055,50,0.000209,0,29,0.517857,0.004472
18063,Hendricks County,,IN,11823,168977,180800,26,21,47,10729,8135,18864,6,0.352174,0.376075,4075.473998,0.006044,0.006528,29,0.000423,0,29,0.441379,0.043347
18065,Henry County,,IN,3008,57989,60997,8,9,17,1674,1883,3557,6,0.299415,0.313529,13.30753,0.000922,0.000948,29,0.000179,0,29,0.625,0.007098
18067,Howard County,,IN,5382,103154,108536,12,16,28,2414,2983,5397,6,0.336022,0.356527,398.606838,0.001278,0.002454,29,0.00023,0,29,0.5,0.009441
18069,Huntington County,,IN,2301,47153,49454,5,9,14,1055,1240,2295,6,0.299722,0.314072,83.323629,0.000194,0.001066,29,0.000137,0,29,0.611111,0.001797
18071,Jackson County,,IN,3004,55552,58556,9,11,20,1879,1834,3713,6,0.303245,0.31861,122.47355,0.000673,0.00123,29,0.000227,0,29,0.5,0.005623
18073,Jasper County,,IN,2366,40076,42442,7,9,16,1517,1393,2910,6,0.327567,0.345433,385.245904,0.001525,0.001907,29,0.000133,0,29,0.638889,0.010313
18075,Jay County,,IN,1285,26355,27640,6,7,13,667,769,1436,6,0.299476,0.313386,251.963205,0.000057,0.000595,29,0.000167,0,29,0.333333,0.000869
18077,Jefferson County,,IN,1912,37996,39908,10,12,22,856,933,1789,6,0.303371,0.318953,1027.613434,0.000557,0.001111,29,0.000264,0,29,0.371212,0.004875
18079,Jennings County,,IN,2173,33684,35857,8,8,16,1268,1485,2753,6,0.299445,0.313472,44.153199,0.000677,0.000659,29,0.000189,0,29,0.625,0.005517
18081,Johnson County,,IN,13451,164250,177701,30,26,56,10870,9902,20772,6,0.347102,0.369919,3282.886322,0.00652,0.005026,29,0.000497,0,29,0.349432,0.046839
18083,Knox County,,IN,1906,42402,44308,9,10,19,842,931,1773,6,0.300371,0.314923,10111.927689,0.000658,0.000721,29,0.000279,0,29,0.378788,0.0052
18085,Kosciusko County,,IN,5164,97194,102358,13,17,30,2536,2913,5449,6,0.328378,0.347605,1091.950411,0.00237,0.002397,29,0.000217,0,29,0.470588,0.016792
18087,LaGrange County,,IN,2555,45760,48315,6,7,13,1387,1590,2977,6,0.280979,0.292947,10.745458,0.000296,0.000361,29,0.000134,0,29,0.595238,0.002236
18089,Lake County,,IN,27085,580076,607161,41,66,107,18960,20376,39336,5,0.386891,0.417135,6584.171118,0.019046,0.033358,29,0.000501,0,29,0.539289,0.133034
18091,LaPorte County,,IN,5392,129528,134920,10,13,23,3321,2892,6213,6,0.341732,0.362426,225.973824,0.002498,0.003682,29,0.000156,0,29,0.762821,0.016032
18093,Lawrence County,,IN,2390,54653,57043,7,6,13,1221,1203,2424,6,0.299323,0.313014,1956.849173,0.000728,0.000681,29,0.000171,0,29,0.392857,0.005451
18095,Madison County,,IN,7387,152405,159792,16,15,31,4447,4340,8787,6,0.341852,0.362826,570.228096,0.001449,0.003376,29,0.000287,0,29,0.482456,0.011036
18097,Marion County,,IN,64338,1057922,1122260,198,193,391,51410,54077,105487,5,0.426316,0.468153,230064.407203,0.069059,0.072198,29,0.002624,0,29,0.238716,0.492832
18099,Marshall County,,IN,3084,57170,60254,8,9,17,1748,1737,3485,6,0.299599,0.313872,49.147085,0.000959,0.00112,29,0.000147,0,29,0.6,0.006181
18101,Martin County,,IN,595,12484,13079,2,4,6,167,285,452,7,0.231282,0.238462,2.142857,0.000007,0.000017,29,0.000089,0,29,0.5,0.000278
18103,Miami County,,IN,2783,40263,43046,8,10,18,1442,1610,3052,6,0.299692,0.314158,24.277595,0.00082,0.000999,29,0.000163,0,29,0.681818,0.006341
18105,Monroe County,,IN,11101,120246,131347,40,39,79,5493,5881,11374,5,0.364591,0.391358,10708.362705,0.01133,0.014836,29,0.000624,0,29,0.343537,0.079757
18107,Montgomery County,,IN,2442,46730,49172,7,8,15,1194,1263,2457,6,0.299476,0.313529,181.423584,0.000826,0.001009,29,0.000173,0,29,0.607143,0.00594
18109,Morgan County,,IN,5828,84009,89837,11,12,23,3954,4136,8090,6,0.299569,0.314129,20.776528,0.001114,0.00109,29,0.000235,0,29,0.519048,0.008773
18111,Newton County,,IN,1169,16922,18091,4,8,12,525,741,1266,6,0.326029,0.343118,389.709715,0.001283,0.001369,29,0.000114,0,29,0.535714,0.008747
18113,Noble County,,IN,3423,56562,59985,7,8,15,2327,2262,4589,6,0.299692,0.3139,47.616863,0.000301,0.000802,29,0.000151,0,29,0.642857,0.002375
18115,Ohio County,,IN,642,7404,8046,4,3,7,405,406,811,6,0.292038,0.304275,298.322845,0.00053,0.000479,131,0.000112,0,29,0.916667,0.00372
18117,Orange County,,IN,1251,22368,23619,5,7,12,554,670,1224,6,0.299661,0.31366,1026.06573,0.000016,0.000595,29,0.000169,0,29,0.375,0.000598
18119,Owen County,,IN,1750,24710,26460,7,7,14,1310,1220,2530,6,0.299292,0.313043,1.075,0.000778,0.000698,29,0.000175,0,29,0.857143,0.005904
18121,Parke County,,IN,1253,17967,19220,7,7,14,631,792,1423,7,0.261384,0.271869,336.392658,0.000634,0.000095,29,0.000196,0,29,0.589286,0.004999
18123,Perry County,,IN,1022,21336,22358,6,5,11,529,509,1038,7,0.265356,0.275658,152.325337,0.000101,0.00005,29,0.00021,0,29,0.666667,0.001029
18125,Pike County,,IN,950,15271,16221,4,5,9,424,626,1050,7,0.264394,0.274578,2.137637,0.000073,0.000052,29,0.000138,0,29,0.85,0.000767
18127,Porter County,,IN,11406,194916,206322,24,24,48,8643,7328,15971,6,0.353027,0.377018,3102.896409,0.008797,0.009263,29,0.000295,0,29,0.513547,0.058674
18129,Posey County,,IN,1704,31894,33598,4,4,8,899,1088,1987,7,0.265019,0.274875,23.907053,0.000075,0.000047,29,0.00017,0,29,0.55,0.000724
18131,Pulaski County,,IN,1049,16023,17072,6,9,15,536,700,1236,6,0.284488,0.297005,16.1127,0.000109,0.000383,29,0.000149,0,29,0.486111,0.001434
18133,Putnam County,,IN,2843,39957,42800,11,10,21,1553,1829,3382,6,0.299415,0.313615,97.790707,0.001102,0.000802,29,0.000246,0,29,0.663636,0.008774
18135,Randolph County,,IN,1965,31413,33378,6,7,13,1150,1281,2431,6,0.299415,0.3133,366.952557,0.000646,0.00061,29,0.000143,0,29,0.52381,0.00485
18137,Ripley County,,IN,2001,33249,35250,8,11,19,1129,1229,2358,6,0.301614,0.316907,910.701857,0.001129,0.001157,131,0.000183,0,29,0.4,0.008165
18139,Rush County,,IN,1341,20986,22327,6,6,12,811,789,1600,6,0.299138,0.312671,4.278521,0.000615,0.00059,29,0.000156,0,29,0.633333,0.00481
18141,St. Joseph County,,IN,16213,312608,328821,37,59,96,7981,10183,18164,5,0.387508,0.416644,7128.929963,0.014575,0.028862,29,0.000427,0,29,0.51226,0.09574
18143,Scott County,,IN,1633,27074,28707,7,7,14,1109,1024,2133,6,0.293567,0.306699,35.72777,0.000544,0.000516,50,0.000201,0,29,0.642857,0.004408
18145,Shelby County,,IN,3368,54761,58129,9,11,20,2260,2237,4497,6,0.299445,0.313815,15.872997,0.000969,0.001083,29,0.00021,0,29,0.590909,0.00784
18147,Spencer County,,IN,1510,25857,27367,5,5,10,867,958,1825,7,0.265356,0.275658,5.521218,0.000101,0.000055,29,0.000164,0,29,0.85,0.000939
18149,Starke County,,IN,1585,27304,28889,9,6,15,1126,918,2044,6,0.28193,0.293599,295.31114,0.001632,0.000369,29,0.00015,0,29,0.597222,0.010695
18151,Steuben County,,IN,2638,39295,41933,10,8,18,1544,1395,2939,6,0.299815,0.314129,275.363071,0.001184,0.000766,29,0.000172,0,29,0.422222,0.007548
18153,Sullivan County,,IN,1285,23233,24518,4,5,9,666,711,1377,6,0.299353,0.312832,3.987785,0.000046,0.000595,29,0.00014,0,29,0.85,0.000725
18155,Switzerland County,,IN,734,9899,10633,5,5,10,357,341,698,7,0.234217,0.242297,59.148607,0.000542,0.000027,131,0.000139,0,29,0.433333,0.003856
18157,Tippecanoe County,,IN,13784,169635,183419,47,57,104,7532,7862,15394,5,0.380729,0.409722,25626.097055,0.011819,0.02052,29,0.000703,0,29,0.32634,0.084303
18159,Tipton County,,IN,1210,19865,21075,4,4,8,744,680,1424,6,0.299138,0.312443,0,0.000879,0.000855,29,0.000103,0,29,1,0.006416
18161,Union County,,IN,552,8401,8953,5,4,9,386,360,746,6,0.277107,0.288157,7.184474,0.000272,0.000187,29,0.000132,0,29,0.5,0.001801
18163,Vanderburgh County,,IN,10522,204191,214713,25,32,57,6256,6510,12766,6,0.358716,0.383808,50064.140186,0.004447,0.008168,29,0.000609,0,29,0.265079,0.033265
18165,Vermillion County,,IN,1099,19668,20767,4,4,8,743,569,1312,7,0.255722,0.264976,4.438828,0.000056,0.000046,29,0.000133,0,29,0.666667,0.000744
18167,Vigo County,,IN,6788,113917,120705,23,20,43,3264,3277,6541,6,0.342535,0.36414,15875.865294,0.002783,0.003561,29,0.000515,0,29,0.326667,0.020449
18169,Wabash County,,IN,1918,40061,41979,8,8,16,920,995,1915,6,0.29963,0.313786,147.266868,0.000804,0.000772,29,0.000162,0,29,0.642857,0.006226
18171,Warren County,,IN,722,10423,11145,4,4,8,455,487,942,6,0.276136,0.287014,4.786579,0.000192,0.000115,29,0.000132,0,29,0.666667,0.001232
18173,Warrick County,,IN,4645,70545,75190,8,10,18,3194,3003,6197,6,0.30375,0.319244,1479.376798,0.000679,0.001075,29,0.000243,0,29,0.466667,0.005183
18175,Washington County,,IN,1945,32730,34675,7,7,14,1043,1291,2334,6,0.293537,0.306613,913.532786,0.000543,0.000511,50,0.000211,0,29,0.571429,0.004357
18177,Wayne County,,IN,3706,81714,85420,9,10,19,1389,1582,2971,6,0.302709,0.317718,217.237089,0.001067,0.001274,29,0.000198,0,29,0.363636,0.007248
18179,Wells County,,IN,1821,33308,35129,5,5,10,955,1007,1962,6,0.274034,0.285202,164.954541,0.000197,0.000177,29,0.00014,0,29,0.4,0.001678
18181,White County,,IN,2229,30467,32696,9,7,16,1019,1330,2349,6,0.299415,0.3133,955.733998,0.002117,0.000673,29,0.000162,0,29,0.533333,0.014429
18183,Whitley County,,IN,2352,42060,44412,6,6,12,1525,1543,3068,6,0.274009,0.285259,4.375275,0.000221,0.000204,29,0.000137,0,29,0.633333,0.001981
19001,Adair County,,IA,603,9210,9813,3,3,6,208,205,413,6,0.281875,0.293307,3.7,0.000261,0.000231,30,0.000166,0,29,0.666667,0.002089
19003,Adams County,,IA,281,5020,5301,1,1,2,44,66,110,7,0.219992,0.225488,0,0.000002,0.000002,30,0.000097,0,29,0,0.000114
19005,Allamakee County,,IA,947,17436,18383,3,4,7,205,318,523,7,0.260287,0.270743,36.345974,0.000008,0.000088,30,0.000126,0,29,0.15,0.000296
19007,Appanoose County,,IA,748,14649,15397,3,5,8,141,269,410,6,0.282012,0.293793,1470.989928,0.000008,0.000231,30,0.000152,0,29,0.4,0.000314
19009,Audubon County,,IA,405,7581,7986,1,1,2,69,41,110,6,0.281794,0.292878,0,0.000002,0.000227,62,0.000083,0,29,0.5,0.000112
19011,Benton County,,IA,1911,31398,33309,6,6,12,1347,1207,2554,7,0.271888,0.283268,16.973603,0.000286,0.000275,30,0.000198,0,29,0.6,0.002744
19013,Black Hawk County,,IA,7485,143558,151043,34,27,61,4319,4117,8436,6,0.349347,0.372908,35566.871197,0.005889,0.005358,30,0.000771,0,29,0.231746,0.046718
19015,Boone County,,IA,1812,31464,33276,5,3,8,783,868,1651,6,0.281794,0.293136,0.25,0.000339,0.000299,30,0.000172,0,29,0.85,0.00289
19017,Bremer County,,IA,1853,27823,29676,4,7,11,833,1037,1870,6,0.284238,0.296959,126.483829,0.00005,0.000498,30,0.000153,0,29,0.571429,0.000804
19019,Buchanan County,,IA,1439,25188,26627,5,4,9,699,742,1441,7,0.268089,0.278779,2.15,0.000158,0.000153,30,0.000171,0,29,0.7,0.001729
19021,Buena Vista County,,IA,1738,23616,25354,6,8,14,433,580,1013,6,0.328267,0.345948,16034.190619,0.002081,0.001262,30,0.000173,0,29,0.208333,0.015526
19023,Butler County,,IA,1275,18034,19309,3,3,6,430,680,1110,7,0.25897,0.268222,1,0.000049,0.000048,30,0.000124,0,29,0.666667,0.000701
19025,Calhoun County,,IA,742,12159,12901,3,2,5,223,227,450,6,0.281848,0.293136,347.25625,0.000005,0.00023,30,0.000117,0,29,0.333333,0.000302
19027,Carroll County,,IA,1307,26205,27512,5,5,10,341,458,799,6,0.294219,0.306784,395.758759,0.000321,0.000605,30,0.000151,0,29,0.4,0.002547
19029,Cass County,,IA,880,16704,17584,3,3,6,239,279,518,6,0.282066,0.293679,2948,0.000411,0.000244,62,0.000115,0,29,0.6,0.003038
19031,Cedar County,,IA,1346,22790,24136,4,4,8,752,814,1566,6,0.280817,0.29205,0,0.000444,0.000578,30,0.00013,0,29,1,0.004578
19033,Cerro Gordo County,,IA,2728,52926,55654,8,12,20,1026,1160,2186,6,0.309128,0.325257,15440.308799,0.000303,0.001156,30,0.000268,0,29,0.294872,0.002916
19035,Cherokee County,,IA,738,14814,15552,3,4,7,206,245,451,7,0.263224,0.273109,15.067075,0.000059,0.000055,30,0.000118,0,29,0.416667,0.000702
19037,Chickasaw County,,IA,728,15526,16254,3,5,8,186,371,557,6,0.282312,0.294296,440.433553,0.000047,0.000276,30,0.000112,0,29,0.55,0.000689
19039,Clarke County,,IA,863,10833,11696,3,5,8,291,422,713,6,0.28193,0.29365,5.842857,0.000261,0.000236,30,0.000161,0,29,0.55,0.002082
19041,Clay County,,IA,1196,20946,22142,4,6,10,370,441,811,6,0.282285,0.294393,4547.956806,0.000013,0.000244,30,0.000239,0,29,0.233333,0.000504
19043,Clayton County,,IA,1098,22323,23421,6,6,12,451,523,974,7,0.267719,0.278619,2257.205358,0.00015,0.000132,29,0.000189,0,29,0.266667,0.001621
19045,Clinton County,,IA,2815,59344,62159,9,12,21,1398,1615,3013,6,0.328378,0.346576,808.562392,0.001529,0.001941,29,0.000207,0,29,0.613636,0.012934
19047,Crawford County,,IA,1095,20409,21504,4,5,9,244,324,568,6,0.29413,0.306642,47.687366,0.00041,0.000579,30,0.000132,0,29,0.366667,0.003122
19049,Dallas County,,IA,5843,72482,78325,19,12,31,5470,3743,9213,6,0.334404,0.353332,2692.543841,0.004993,0.002742,30,0.000496,0,29,0.432749,0.038896
19051,Davis County,,IA,530,9930,10460,2,1,3,209,189,398,7,0.223243,0.229295,0,0.000008,0.000002,30,0.000101,0,29,1,0.000211
19053,Decatur County,,IA,562,8440,9002,2,2,4,124,175,299,6,0.281766,0.292964,0,0.000259,0.000229,30,0.000099,0,29,1,0.001971
19055,Delaware County,,IA,998,22065,23063,5,6,11,511,589,1100,7,0.268212,0.279322,13.372916,0.000186,0.000177,29,0.00017,0,29,0.6,0.001908
19057,Des Moines County,,IA,2687,48186,50873,10,10,20,1428,1192,2620,6,0.328267,0.346176,10169.788103,0.001436,0.001797,30,0.000278,0,29,0.345455,0.012363
19059,Dickinson County,,IA,1345,20660,22005,4,4,8,348,341,689,6,0.282394,0.294364,3043.30009,0.000003,0.000265,30,0.000256,0,29,0.333333,0.000379
19061,Dubuque County,,IA,4565,113276,117841,16,18,34,2108,2254,4362,6,0.345784,0.367713,4260.583134,0.00291,0.004041,29,0.000377,0,29,0.415033,0.023931
19063,Emmet County,,IA,742,11985,12727,4,2,6,227,149,376,7,0.220275,0.226031,30.58697,0.000009,0,30,0.000248,0,29,0.333333,0.000381
19065,Fayette County,,IA,1286,23504,24790,7,8,15,683,672,1355,6,0.284294,0.297217,2340.185704,0.000161,0.000499,30,0.000231,0,29,0.416667,0.001895
19067,Floyd County,,IA,1006,19396,20402,2,4,6,251,381,632,7,0.259246,0.268937,26.671342,0.000011,0.00005,30,0.000089,0,29,0.416667,0.000217
19069,Franklin County,,IA,750,12440,13190,3,4,7,229,292,521,7,0.2592,0.268879,4.156227,0.000014,0.000055,30,0.000115,0,29,0.5,0.000358
19071,Fremont County,,IA,721,8832,9553,4,6,10,243,413,656,6,0.323748,0.340935,209.243897,0.00003,0.00145,62,0.000158,0,29,0.4,0.000591
19073,Greene County,,IA,605,11469,12074,1,4,5,56,238,294,6,0.281875,0.293421,0,0.000257,0.000272,30,0.000072,0,29,0.666667,0.001865
19075,Grundy County,,IA,922,15115,16037,5,5,10,638,518,1156,6,0.282148,0.294039,79.960991,0.000054,0.000282,30,0.000177,0,29,0.666667,0.000976
19077,Guthrie County,,IA,972,13168,14140,4,3,7,482,440,922,6,0.281794,0.293136,1.5,0.000283,0.000269,30,0.00017,0,29,0.583333,0.002484
19079,Hamilton County,,IA,1093,18949,20042,5,6,11,528,618,1146,6,0.282039,0.293993,3.256227,0.00032,0.00027,30,0.000159,0,29,0.666667,0.0026
19081,Hancock County,,IA,793,14152,14945,3,5,8,220,375,595,6,0.282175,0.29405,224.337827,0.000012,0.000234,30,0.000107,0,29,0.5,0.000328
19083,Hardin County,,IA,1281,20199,21480,7,7,14,458,586,1044,6,0.282203,0.294382,1245.289208,0.000364,0.000313,30,0.000216,0,29,0.52381,0.003188
19085,Harrison County,,IA,903,17809,18712,3,2,5,458,390,848,6,0.292302,0.303509,0.866667,0.000411,0.00036,62,0.000117,0,29,0.666667,0.00304
19087,Henry County,,IA,1595,22814,24409,6,8,14,571,775,1346,7,0.271913,0.283531,3960.263172,0.000155,0.000244,30,0.000183,0,29,0.410714,0.00167
19089,Howard County,,IA,576,12189,12765,2,1,3,122,65,187,8,0.211504,0.216714,0,0.000002,0,30,0.000107,0,29,0.5,0.000194
19091,Humboldt County,,IA,752,12041,12793,2,2,4,195,210,405,6,0.281848,0.293136,0,0.000005,0.00023,30,0.00009,0,29,1,0.000236
19093,Ida County,,IA,583,8871,9454,1,1,2,45,98,143,7,0.262868,0.272052,0,0.000046,0.000038,30,0.000076,0,29,0,0.000395
19095,Iowa County,,IA,1142,20614,21756,5,5,10,604,612,1216,7,0.271584,0.282639,658.693967,0.000244,0.000226,30,0.000171,0,29,0.45,0.002233
19097,Jackson County,,IA,1161,24642,25803,4,6,10,508,743,1251,6,0.280952,0.292564,13.6628,0.000348,0.000604,29,0.000122,0,29,0.866667,0.003861
19099,Jasper County,,IA,2679,43502,46181,6,10,16,1215,1626,2841,6,0.284155,0.297188,17.935158,0.000324,0.000534,30,0.000193,0,29,0.555556,0.002721
19101,Jefferson County,,IA,1080,17238,18318,3,7,10,328,446,774,6,0.283217,0.295782,1060.030323,0.000008,0.000352,30,0.000131,0,29,0.452381,0.000316
19103,Johnson County,,IA,11845,131710,143555,51,42,93,7470,6525,13995,6,0.368414,0.395639,35949.946439,0.014865,0.01611,30,0.000955,0,29,0.305658,0.112193
19105,Jones County,,IA,1281,23678,24959,5,4,9,650,691,1341,7,0.271458,0.282296,6.371896,0.000276,0.000246,30,0.000148,0,29,0.75,0.002429
19107,Keokuk County,,IA,732,12696,13428,5,5,10,298,359,657,7,0.2697,0.280565,15.788092,0.000017,0.000128,30,0.00018,0,29,0.366667,0.000552
19109,Kossuth County,,IA,798,19895,20693,4,3,7,193,156,349,6,0.281957,0.293393,4605.679814,0.000259,0.000259,30,0.000184,0,29,0.25,0.002145
19111,Lee County,,IA,2063,41214,43277,5,8,13,680,984,1664,6,0.28496,0.298062,6188.81757,0.000124,0.000475,30,0.00021,0,29,0.357143,0.00138
19113,Linn County,,IA,12067,252095,264162,46,41,87,7242,7153,14395,6,0.364819,0.391741,49529.468148,0.012708,0.01343,30,0.000918,0,29,0.286028,0.09628
19115,Louisa County,,IA,1264,13449,14713,4,5,9,374,780,1154,7,0.269576,0.280336,525.54871,0.00103,0.000146,30,0.000124,0,29,0.6,0.007825
19117,Lucas County,,IA,669,10317,10986,4,3,7,206,253,459,6,0.281848,0.29325,4391.593405,0.000262,0.00023,30,0.000196,0,29,0.5,0.00219
19119,Lyon County,,IA,717,14245,14962,2,3,5,221,305,526,7,0.268781,0.279505,113.544731,0.000113,0.000104,30,0.000125,0,29,0.666667,0.001059
19121,Madison County,,IA,1221,18391,19612,5,4,9,613,722,1335,6,0.281821,0.293307,4.838095,0.000285,0.000302,30,0.000223,0,29,0.633333,0.002622
19123,Mahaska County,,IA,1660,25546,27206,7,6,13,735,707,1442,6,0.282066,0.294021,843.611505,0.000276,0.000236,30,0.000213,0,29,0.452381,0.00253
19125,Marion County,,IA,2142,39332,41474,5,6,11,759,976,1735,6,0.28193,0.293764,5.491667,0.000268,0.000269,30,0.000182,0,29,0.52381,0.002328
19127,Marshall County,,IA,2695,47489,50184,10,11,21,1061,1382,2443,6,0.284266,0.297531,118.989905,0.000485,0.000579,30,0.000277,0,29,0.492424,0.004327
19129,Mills County,,IA,1256,17138,18394,4,5,9,537,675,1212,6,0.293596,0.305373,644.070253,0.000549,0.000518,62,0.000139,0,29,0.6,0.004298
19131,Mitchell County,,IA,579,13012,13591,3,2,5,138,99,237,7,0.236535,0.24386,18.921791,0.000006,0.000008,30,0.000129,0,29,0.333333,0.000319
19133,Monona County,,IA,547,11007,11554,1,1,2,113,164,277,7,0.262868,0.272052,0,0.000046,0.000038,30,0.000076,0,29,0,0.000395
19135,Monroe County,,IA,543,8867,9410,3,5,8,164,326,490,6,0.282012,0.293793,1470.141414,0.000265,0.000234,30,0.000122,0,29,0.65,0.002076
19137,Montgomery County,,IA,750,12752,13502,3,3,6,185,181,366,6,0.292419,0.303824,1.533333,0.000025,0.00036,62,0.000132,0,29,0.666667,0.000462
19139,Muscatine County,,IA,2692,52317,55009,9,9,18,1466,1440,2906,6,0.328046,0.345719,515.701522,0.001499,0.001842,30,0.000222,0,29,0.588889,0.01272
19141,O'Brien County,,IA,1030,17570,18600,6,5,11,426,361,787,7,0.263224,0.273252,5112.142403,0.000052,0.000041,30,0.000236,0,29,0.238095,0.000895
19143,Osceola County,,IA,507,7961,8468,1,3,4,73,190,263,7,0.268781,0.279505,23.595287,0,0.000101,30,0.000091,0,29,0.166667,0.000102
19145,Page County,,IA,1108,17677,18785,5,6,11,333,381,714,6,0.294397,0.30727,3072.861906,0.000042,0.000574,62,0.000217,0,29,0.333333,0.000646
19147,Palo Alto County,,IA,645,11321,11966,4,3,7,230,164,394,7,0.220225,0.226157,207.444681,0.000004,0.000002,30,0.000267,0,29,0.083333,0.000389
19149,Plymouth County,,IA,1663,31126,32789,3,5,8,673,686,1359,6,0.282312,0.294336,77.954982,0.000048,0.00027,30,0.000141,0,29,0.45,0.000616
19151,Pocahontas County,,IA,634,9022,9656,2,3,5,97,158,255,7,0.247328,0.255031,300.215144,0.000013,0.000017,30,0.00009,0,29,0.166667,0.000334
19153,Polk County,,IA,24658,502800,527458,105,92,197,19567,17343,36910,5,0.392199,0.425051,232905.052623,0.028284,0.03202,30,0.002318,0,29,0.217598,0.21459
19155,Pottawattamie County,,IA,6103,106479,112582,14,13,27,3660,3719,7379,6,0.337032,0.356853,8882.187863,0.002164,0.002001,62,0.000409,0,29,0.309524,0.017076
19157,Poweshiek County,,IA,1414,21178,22592,6,7,13,437,592,1029,6,0.284072,0.296674,46.875687,0.000273,0.000459,30,0.000189,0,29,0.553571,0.002466
19159,Ringgold County,,IA,356,5513,5869,2,1,3,84,53,137,7,0.219992,0.225488,4.333333,0.000002,0.000002,30,0.000159,0,29,0.5,0.000206
19161,Sac County,,IA,605,12689,13294,2,4,6,132,237,369,6,0.282093,0.293793,127.739172,0.000015,0.000246,30,0.000095,0,29,0.333333,0.000325
19163,Scott County,,IA,12502,195634,208136,91,51,142,13477,7086,20563,5,0.384595,0.412774,22708.9573,0.042941,0.023949,29,0.00119,0,29,0.464614,0.304681
19165,Shelby County,,IA,948,14973,15921,3,5,8,236,377,613,6,0.294219,0.306813,3.124603,0.000411,0.000593,62,0.000117,0,29,0.65,0.00304
19167,Sioux County,,IA,1664,39197,40861,7,6,13,569,626,1195,7,0.270401,0.281991,667.02697,0.00043,0.000151,30,0.000284,0,29,0.404762,0.003694
19169,Story County,,IA,8448,84284,92732,25,27,52,3846,4394,8240,6,0.356785,0.381453,8731.175408,0.003983,0.006814,30,0.000671,0,29,0.297379,0.032388
19171,Tama County,,IA,1373,21828,23201,5,7,12,491,812,1303,6,0.283327,0.295788,103.736677,0.000415,0.000385,30,0.000165,0,29,0.619048,0.00351
19173,Taylor County,,IA,433,7345,7778,3,2,5,165,111,276,7,0.227528,0.233504,58.74946,0.000018,0,30,0.000146,0,29,0.333333,0.000335
19175,Union County,,IA,930,14275,15205,6,7,13,360,429,789,6,0.282012,0.29405,12667.217727,0.000269,0.000234,30,0.000382,0,29,0.142857,0.002404
19177,Van Buren County,,IA,546,8712,9258,2,2,4,136,141,277,7,0.223328,0.229666,2.226623,0.000005,0.000002,30,0.000086,0,29,0.666667,0.0002
19179,Wapello County,,IA,2362,40917,43279,8,11,19,837,1111,1948,6,0.287376,0.301029,12105.416936,0.000267,0.000802,30,0.000318,0,29,0.257576,0.002549
19181,Warren County,,IA,3427,53779,57206,8,6,14,2475,2245,4720,6,0.281903,0.293707,11.833333,0.000346,0.000306,30,0.000301,0,29,0.482143,0.003211
19183,Washington County,,IA,1541,26291,27832,6,5,11,762,728,1490,6,0.284072,0.296445,748.88208,0.000244,0.00045,30,0.000176,0,29,0.428571,0.002353
19185,Wayne County,,IA,395,7234,7629,2,2,4,129,92,221,7,0.220042,0.225705,2.583333,0.000004,0.000002,30,0.000132,0,29,0,0.000201
19187,Webster County,,IA,2297,43210,45507,7,10,17,771,1037,1808,6,0.282503,0.295296,4761.128259,0.000363,0.000354,30,0.000247,0,29,0.366667,0.003153
19189,Winnebago County,,IA,830,13415,14245,3,5,8,184,326,510,7,0.236784,0.244751,123.610177,0.00002,0.000012,30,0.000108,0,29,0.25,0.00037
19191,Winneshiek County,,IA,1103,24147,25250,4,5,9,297,343,640,7,0.268212,0.27915,3013.97141,0.000005,0.000151,30,0.000213,0,29,0.266667,0.000393
19193,Woodbury County,,IA,6336,118408,124744,23,25,48,3360,3651,7011,6,0.356566,0.380836,45638.824992,0.004696,0.005777,30,0.000735,0,29,0.235222,0.03561
19195,Worth County,,IA,526,9335,9861,2,2,4,189,236,425,7,0.236266,0.2433,19.321378,0.000009,0.000002,30,0.000088,0,29,0.5,0.000214
19197,Wright County,,IA,926,15581,16507,6,8,14,329,467,796,6,0.282367,0.294839,3514.681475,0.000274,0.000312,30,0.000177,0,29,0.444444,0.002407
20001,Allen County,,KS,972,15380,16352,3,5,8,245,338,583,6,0.282805,0.294845,5876.373213,0.000006,0.000316,62,0.000169,0,29,0.233333,0.000299
20003,Anderson County,,KS,642,9657,10299,3,4,7,197,257,454,6,0.294011,0.305927,5774.220262,0.00048,0.000409,62,0.000104,0,29,0.5,0.00333
20005,Atchison County,,KS,1119,18541,19660,6,9,15,414,587,1001,6,0.299016,0.312934,1509.13778,0.00065,0.001096,62,0.000184,0,29,0.513889,0.00515
20007,Barber County,,KS,400,5649,6049,0,1,1,0,48,48,7,0.220301,0.225728,0,0,0.000003,62,0.000051,0,61,0,0
20009,Barton County,,KS,2000,32145,34145,10,12,22,678,860,1538,6,0.299877,0.314255,11590.471475,0.001418,0.000953,62,0.000341,0,29,0.345833,0.011932
20011,Bourbon County,,KS,1000,16973,17973,5,5,10,335,441,776,6,0.294456,0.30687,50.28775,0.000489,0.000481,62,0.00017,0,29,0.4,0.003572
20013,Brown County,,KS,771,11838,12609,5,4,9,293,236,529,7,0.267523,0.277887,124.784394,0.000122,0.000083,62,0.000193,0,29,0.266667,0.001179
20015,Butler County,,KS,5114,71741,76855,14,13,27,3350,3187,6537,6,0.302364,0.317541,757.901024,0.002203,0.001459,62,0.000322,0,29,0.415033,0.017691
20017,Chase County,,KS,224,3112,3336,1,1,2,57,58,115,7,0.25445,0.263312,0,0.000034,0.000017,62,0.000057,0,29,0,0.00021
20019,Chautauqua County,,KS,274,4043,4317,1,1,2,41,53,94,7,0.230989,0.237556,0,0.00001,0.00001,62,0.000068,0,29,0,0.00017
20021,Cherokee County,,KS,1644,23389,25033,5,5,10,871,997,1868,7,0.261127,0.271309,6.155225,0.000087,0.000092,62,0.000164,0,29,0.7,0.00126
20023,Cheyenne County,,KS,233,3290,3523,0,0,0,0,0,0,0,0,0,0,0,0,31,0.000051,25,62,0,0
20025,Clark County,,KS,177,2451,2628,0,0,0,0,0,0,0,0,0,0,0,0,32,0.000051,26,63,0,0
20027,Clay County,,KS,782,10464,11246,2,3,5,168,223,391,6,0.273623,0.284082,721.871139,0.00026,0.000215,62,0.000074,0,29,0.5,0.001846
20029,Cloud County,,KS,788,10790,11578,5,4,9,264,254,518,6,0.285686,0.297965,6369.530579,0.000031,0.000404,62,0.000271,0,29,0.285714,0.000563
20031,Coffey County,,KS,705,10270,10975,1,4,5,116,250,366,6,0.294784,0.307127,0.611111,0.000034,0.000496,62,0.000057,0,29,0.75,0.00021
20033,Comanche County,,KS,170,2091,2261,0,0,0,0,0,0,0,0,0,0,0,0,33,0.000051,27,64,0,0
20035,Cowley County,,KS,2993,40151,43144,5,6,11,981,1458,2439,6,0.297399,0.310317,25.450487,0.000374,0.00076,62,0.000151,0,29,0.5,0.003173
20037,Crawford County,,KS,2963,40560,43523,12,14,26,1297,1498,2795,6,0.302552,0.318656,2686.887643,0.001289,0.001676,62,0.000315,0,29,0.333333,0.010052
20039,Decatur County,,KS,295,3529,3824,0,0,0,0,0,0,0,0,0,0,0,0,34,0.000051,28,65,0,0
20041,Dickinson County,,KS,2115,23638,25753,3,5,8,564,863,1427,6,0.287064,0.299811,0,0.00029,0.000607,62,0.000099,0,29,1,0.002043
20043,Doniphan County,,KS,718,8745,9463,2,3,5,251,352,603,7,0.234048,0.241297,7.813877,0.000022,0.000031,62,0.000098,0,29,0.5,0.000437
20045,Douglas County,,KS,10041,105564,115605,29,30,59,5279,5811,11090,6,0.362416,0.388129,9992.688265,0.006915,0.012309,62,0.000584,0,29,0.381916,0.052169
20047,Edwards County,,KS,313,3603,3916,0,1,1,0,66,66,7,0.229794,0.235807,0,0,0.000032,62,0.000051,0,66,0,0
20049,Elk County,,KS,236,3230,3466,0,0,0,0,0,0,0,0,0,0,0,0,35,0.000051,29,67,0,0
20051,Ellis County,,KS,2313,31503,33816,11,10,21,704,791,1495,6,0.299784,0.313855,30709.704167,0.000814,0.000946,62,0.000538,0,29,0.241758,0.0067
20053,Ellsworth County,,KS,442,6844,7286,1,2,3,49,153,202,7,0.256262,0.265244,2.7,0.00003,0.000022,62,0.000076,0,29,0.5,0.000197
20055,Finney County,,KS,3064,44222,47286,14,12,26,1109,1015,2124,6,0.305212,0.321028,21964.596483,0.004081,0.001454,62,0.000462,0,29,0.257353,0.0319
20057,Ford County,,KS,2677,38132,40809,14,8,22,1629,748,2377,6,0.298251,0.311837,9169.241989,0.00397,0.000831,62,0.000389,0,29,0.279412,0.030351
20059,Franklin County,,KS,2140,30176,32316,7,8,15,1068,1185,2253,6,0.298251,0.311746,67.650934,0.000645,0.001029,62,0.000169,0,29,0.541667,0.004729
20061,Geary County,,KS,11615,33134,44749,34,41,75,4178,5856,10034,5,0.356741,0.383099,8712.573792,0.015335,0.013935,62,0.000488,0,29,0.582126,0.119459
20063,Gove County,,KS,178,3349,3527,0,0,0,0,0,0,0,0,0,0,0,0,36,0.000051,30,68,0,0
20065,Graham County,,KS,263,3325,3588,0,1,1,0,44,44,7,0.230702,0.236864,0,0,0.000007,62,0.000051,0,69,0,0
20067,Grant County,,KS,657,9027,9684,1,2,3,63,130,193,6,0.282887,0.294376,0,0.000012,0.000334,62,0.000083,0,29,1,0.000351
20069,Gray County,,KS,575,7006,7581,3,2,5,216,154,370,7,0.234123,0.241211,3.452381,0.000019,0.000065,62,0.000146,0,29,0.5,0.000771
20071,Greeley County,,KS,137,1501,1638,0,0,0,0,0,0,0,0,0,0,0,0,37,0.000051,31,70,0,0
20073,Greenwood County,,KS,587,7382,7969,2,3,5,153,240,393,6,0.28286,0.294599,0,0.000339,0.000336,62,0.000075,0,29,0.833333,0.002622
20075,Hamilton County,,KS,235,2912,3147,0,0,0,0,0,0,0,0,0,0,0,0,38,0.000051,32,71,0,0
20077,Harper County,,KS,528,6985,7513,1,1,2,107,167,274,6,0.282312,0.293456,0,0.000305,0.000302,62,0.000068,0,29,0,0.002413
20079,Harvey County,,KS,2352,40397,42749,7,7,14,1445,1302,2747,6,0.282805,0.295142,29.460253,0.000835,0.000401,62,0.000182,0,29,0.722222,0.006318
20081,Haskell County,,KS,460,4687,5147,0,2,2,0,104,104,7,0.233921,0.240843,0,0,0.000033,62,0.000051,0,72,1,0
20083,Hodgeman County,,KS,163,2349,2512,0,1,1,0,54,54,7,0.229794,0.235807,0,0,0.000032,62,0.000051,0,73,0,0
20085,Jackson County,,KS,1013,16099,17112,4,1,5,534,432,966,7,0.267376,0.27723,0,0.000114,0.00008,62,0.000165,0,29,0.666667,0.001093
20087,Jefferson County,,KS,1560,22314,23874,6,5,11,963,1025,1988,6,0.275693,0.286706,79.346013,0.000785,0.000239,62,0.00015,0,29,0.571429,0.0054
20089,Jewell County,,KS,246,3928,4174,0,1,1,0,47,47,8,0.203943,0.208432,0,0,0,62,0.000051,0,74,0,0
20091,Johnson County,,KS,39476,633505,672981,132,128,260,32487,30431,62918,5,0.415918,0.451446,130292.951945,0.049172,0.057832,62,0.002084,0,29,0.3273,0.370491
20093,Kearny County,,KS,359,4672,5031,1,1,2,149,111,260,7,0.23386,0.240582,0,0.000012,0.000033,62,0.000083,0,29,0,0.000351
20095,Kingman County,,KS,616,9372,9988,3,2,5,281,273,554,6,0.282367,0.293684,0,0.000319,0.000311,62,0.000131,0,29,1,0.002709
20097,Kiowa County,,KS,262,2511,2773,1,0,1,49,0,49,0,0,0,0,0.000003,0,62,0.000089,0,23,0,0.000116
20099,Labette County,,KS,1337,25855,27192,5,6,11,474,521,995,6,0.28352,0.296011,110.285991,0.000083,0.000389,62,0.000164,0,29,0.633333,0.001182
20101,Lane County,,KS,138,2137,2275,0,0,0,0,0,0,0,0,0,0,0,0,39,0.000051,33,75,0,0
20103,Leavenworth County,,KS,9608,77206,86814,37,34,71,5396,5321,10717,5,0.348762,0.373394,2761.959024,0.012092,0.012571,62,0.000551,0,29,0.493031,0.09369
20105,Lincoln County,,KS,321,3879,4200,1,1,2,70,81,151,7,0.256059,0.264701,0,0.00003,0.000011,62,0.000076,0,29,0,0.000197
20107,Linn County,,KS,751,10676,11427,4,3,7,386,359,745,6,0.293863,0.305556,1.75,0.000538,0.000407,62,0.000129,0,29,0.666667,0.004016
20109,Logan County,,KS,246,3293,3539,1,1,2,58,50,108,8,0.187548,0.191021,0,0,0,62,0.000125,0,76,0,0.000089
20111,Lyon County,,KS,4616,37187,41803,8,28,36,666,2563,3229,6,0.341252,0.364323,13904.933104,0.002061,0.00424,62,0.000209,0,29,0.211823,0.014854
20113,McPherson County,,KS,2132,35026,37158,6,8,14,802,1026,1828,6,0.29749,0.310774,233.548405,0.000354,0.000782,62,0.000193,0,29,0.607143,0.003142
20115,Marion County,,KS,882,14348,15230,4,4,8,352,455,807,6,0.282421,0.294027,0.366667,0.000327,0.000329,62,0.000132,0,29,0.833333,0.002918
20117,Marshall County,,KS,728,13149,13877,3,3,6,149,199,348,6,0.272294,0.282573,5872.640098,0.000152,0.000092,62,0.000177,0,29,0,0.000999
20119,Meade County,,KS,379,5272,5651,1,0,1,47,0,47,0,0,0,0,0.000011,0,62,0.000076,0,10,0,0.000134
20121,Miami County,,KS,2546,37231,39777,8,8,16,1602,1639,3241,6,0.298068,0.311403,76.246482,0.001101,0.000967,62,0.000201,0,29,0.589286,0.007931
20123,Mitchell County,,KS,449,7473,7922,2,2,4,88,102,190,7,0.256104,0.26493,2916,0.00003,0.000011,62,0.000119,0,29,0.333333,0.000281
20125,Montgomery County,,KS,2742,39602,42344,9,13,22,959,1314,2273,6,0.30034,0.315684,7595.455272,0.00121,0.001292,62,0.00027,0,29,0.333333,0.009381
20127,Morris County,,KS,456,6972,7428,1,1,2,43,44,87,6,0.272193,0.282087,0,0.000034,0.000092,62,0.000057,0,29,0.5,0.00021
20129,Morton County,,KS,296,3858,4154,0,0,0,0,0,0,0,0,0,0,0,0,40,0.000051,34,77,0,0
20131,Nemaha County,,KS,725,12982,13707,3,5,8,155,298,453,6,0.294248,0.30647,168.421164,0.000109,0.000478,62,0.000162,0,29,0.35,0.000958
20133,Neosho County,,KS,1213,18918,20131,5,5,10,493,498,991,6,0.28275,0.29473,124.090055,0.000032,0.000315,62,0.000172,0,29,0.566667,0.000656
20135,Ness County,,KS,265,3781,4046,0,0,0,0,0,0,0,0,0,0,0,0,41,0.000051,35,78,0,0
20137,Norton County,,KS,404,5931,6335,0,1,1,0,45,45,1,1,1,0,0,0,43,0.000051,36,80,0,0
20139,Osage County,,KS,1460,19477,20937,3,5,8,592,910,1502,6,0.294248,0.306413,1.138034,0.000215,0.000542,62,0.000105,0,29,0.8,0.001421
20141,Osborne County,,KS,281,4870,5151,0,0,0,0,0,0,0,0,0,0,0,0,42,0.000051,37,81,0,0
20143,Ottawa County,,KS,605,7435,8040,1,2,3,259,292,551,7,0.256104,0.26493,0,0.00003,0.000011,62,0.000076,0,29,1,0.000197
20145,Pawnee County,,KS,585,7502,8087,1,2,3,97,154,251,6,0.282421,0.293799,0,0.000008,0.000313,62,0.000075,0,29,1,0.000194
20147,Phillips County,,KS,353,7028,7381,1,0,1,45,0,45,0,0,0,0,0,0,43,0.000094,36,79,0,0.000084
20149,Pottawatomie County,,KS,1977,24700,26677,5,6,11,860,947,1807,6,0.299292,0.312511,67.095309,0.000834,0.000926,62,0.000138,0,29,0.738095,0.005747
20151,Pratt County,,KS,913,10832,11745,5,4,9,235,283,518,6,0.282449,0.294084,6111.376585,0.000324,0.000314,62,0.00018,0,29,0.309524,0.002959
20153,Rawlins County,,KS,199,3023,3222,0,0,0,0,0,0,0,0,0,0,0,0,44,0.000051,38,82,0,0
20155,Reno County,,KS,3525,74606,78131,15,14,29,1689,1885,3574,6,0.302364,0.317684,2637.699842,0.001225,0.001381,62,0.000392,0,29,0.420833,0.009071
20157,Republic County,,KS,294,6353,6647,1,1,2,63,49,112,7,0.222222,0.227841,0,0.000003,0,62,0.000108,0,29,0,0.000098
20159,Rice County,,KS,899,11041,11940,3,4,7,244,454,698,6,0.282476,0.294142,1.416667,0.000025,0.000326,62,0.000119,0,29,0.833333,0.000494
20161,Riley County,,KS,12300,53748,66048,40,50,90,5097,6784,11881,5,0.373846,0.401475,32180.176344,0.01141,0.018485,62,0.000789,0,29,0.383545,0.089029
20163,Rooks County,,KS,446,6223,6669,1,1,2,67,82,149,7,0.23066,0.236773,0,0.000008,0.000007,62,0.000096,0,29,0,0.000154
20165,Rush County,,KS,306,4013,4319,1,2,3,55,113,168,7,0.230787,0.237259,0,0.000008,0.000018,62,0.000096,0,29,1,0.000154
20167,Russell County,,KS,518,7942,8460,1,1,2,101,101,202,7,0.23066,0.236773,0,0.000008,0.000007,62,0.000096,0,29,0,0.000154
20169,Saline County,,KS,4054,66439,70493,19,19,38,2022,2157,4179,6,0.344152,0.366398,32146.134033,0.001327,0.003677,62,0.00056,0,29,0.313853,0.010388
20171,Scott County,,KS,378,5955,6333,1,1,2,54,58,112,7,0.23386,0.240582,0,0.000012,0.000033,62,0.000083,0,29,0,0.000351
20173,Sedgwick County,,KS,23857,574017,597874,112,98,210,18072,15507,33579,5,0.39331,0.426663,126413.533609,0.037572,0.038049,62,0.002058,0,29,0.301181,0.288974
20175,Seward County,,KS,2278,26764,29042,6,9,15,710,882,1592,6,0.304479,0.320136,11857.775901,0.000507,0.001431,62,0.000274,0,29,0.291667,0.005317
20177,Shawnee County,,KS,9805,210768,220573,39,38,77,5876,5712,11588,6,0.364911,0.39169,31328.947712,0.009972,0.013458,62,0.000908,0,29,0.306198,0.080021
20179,Sheridan County,,KS,178,3383,3561,0,0,0,0,0,0,0,0,0,0,0,0,45,0.000051,39,83,0,0
20181,Sherman County,,KS,590,6669,7259,1,1,2,53,41,94,8,0.187548,0.191021,0,0,0,62,0.000125,0,76,0,0.000089
20183,Smith County,,KS,287,4939,5226,0,0,0,0,0,0,0,0,0,0,0,0,46,0.000051,40,84,0,0
20185,Stafford County,,KS,374,5104,5478,1,3,4,62,147,209,7,0.232351,0.239362,0,0.000008,0.000024,62,0.000075,0,29,0.833333,0.000194
20187,Stanton County,,KS,252,2637,2889,0,0,0,0,0,0,0,0,0,0,0,0,47,0.000051,41,85,0,0
20189,Stevens County,,KS,434,6484,6918,1,1,2,75,61,136,7,0.233429,0.240148,0,0.000011,0.000004,62,0.000076,0,29,0,0.000134
20191,Sumner County,,KS,1935,28375,30310,3,3,6,890,1129,2019,6,0.282367,0.293799,0,0.000323,0.000322,62,0.000111,0,29,1,0.002772
20193,Thomas County,,KS,830,8382,9212,2,3,5,91,154,245,7,0.230824,0.237386,5836,0,0.000007,62,0.000263,0,76,0,0.000173
20195,Trego County,,KS,215,3823,4038,0,1,1,0,59,59,7,0.230702,0.236864,0,0,0.000007,62,0.000051,0,86,0,0
20197,Wabaunsee County,,KS,627,8473,9100,3,3,6,313,305,618,6,0.275172,0.285963,0,0.000264,0.000178,62,0.000104,0,29,1,0.00171
20199,Wallace County,,KS,122,1748,1870,0,0,0,0,0,0,0,0,0,0,0,0,48,0.000051,42,87,0,0
20201,Washington County,,KS,381,7425,7806,1,1,2,60,54,114,7,0.214034,0.218943,0,0.000001,0.000001,62,0.000101,0,29,0,0.000097
20203,Wichita County,,KS,225,2742,2967,0,0,0,0,0,0,0,0,0,0,0,0,49,0.000051,43,88,0,0
20205,Wilson County,,KS,822,11098,11920,3,3,6,253,322,575,6,0.282613,0.294216,287.927107,0.000318,0.000312,62,0.000115,0,29,0.666667,0.002682
20207,Woodson County,,KS,242,3619,3861,1,1,2,44,46,90,7,0.220475,0.225995,0,0.000003,0,62,0.000079,0,29,0,0.000092
20209,Wyandotte County,,KS,13432,165891,179323,23,22,45,9931,10385,20316,6,0.352046,0.375623,1727.386496,0.010155,0.007776,62,0.000379,0,29,0.539683,0.07649
21001,Adair County,,KY,930,17444,18374,4,2,6,383,311,694,7,0.228867,0.235175,23.5632,0.000494,0.000009,50,0.000208,0,29,0.416667,0.003744
21003,Allen County,,KY,1221,19806,21027,5,5,10,646,666,1312,7,0.244017,0.253256,17.470963,0.000064,0.000129,50,0.000213,0,29,0.5,0.001468
21005,Anderson County,,KY,1575,25548,27123,7,7,14,1252,964,2216,6,0.294933,0.308339,43.331509,0.000771,0.000759,50,0.000243,0,29,0.678571,0.006152
21007,Ballard County,,KY,626,9264,9890,1,2,3,256,301,557,7,0.239232,0.246169,0,0.000016,0.000012,50,0.00009,0,29,1,0.000201
21009,Barren County,,KY,2468,46311,48779,9,8,17,1471,1383,2854,6,0.304734,0.319222,8739.060896,0.000623,0.001118,50,0.000338,0,29,0.266667,0.005065
21011,Bath County,,KY,880,11783,12663,2,2,4,338,422,760,7,0.221077,0.227043,0,0.000005,0.000004,50,0.000137,0,29,1,0.000243
21013,Bell County,,KY,1340,25738,27078,4,5,9,545,588,1133,6,0.286585,0.298543,101.369491,0.00001,0.000378,50,0.000185,0,29,0.333333,0.000438
21015,Boone County,,KY,11638,133575,145213,19,20,39,9166,7902,17068,5,0.348512,0.370462,8552.769789,0.005698,0.005395,131,0.000368,0,29,0.469697,0.041725
21017,Bourbon County,,KY,1518,21885,23403,7,6,13,973,1011,1984,6,0.283272,0.295153,2957.487633,0.000287,0.000281,50,0.000291,0,29,0.5,0.002805
21019,Boyd County,,KY,2976,51818,54794,9,7,16,1900,1669,3569,6,0.285574,0.297897,10592.195589,0.000799,0.000294,50,0.000317,0,29,0.305556,0.006384
21021,Boyle County,,KY,2373,29437,31810,9,10,19,1351,1414,2765,6,0.295172,0.309111,2090.959418,0.00077,0.000761,50,0.000341,0,29,0.472727,0.006382
21023,Bracken County,,KY,715,9980,10695,4,4,8,419,371,790,6,0.258122,0.266987,4.94119,0.000064,0.000077,131,0.000131,0,29,0.666667,0.000925
21025,Breathitt County,,KY,548,13396,13944,1,2,3,70,131,201,7,0.221278,0.227163,8.891342,0.000002,0.000002,50,0.000083,0,29,0,0.000115
21027,Breckinridge County,,KY,1267,21241,22508,4,6,10,596,802,1398,6,0.295201,0.308522,1078.551977,0.000635,0.000591,50,0.000119,0,29,0.5,0.004611
21029,Bullitt County,,KY,5441,86607,92048,9,11,20,4961,4113,9074,6,0.296764,0.311105,65.536326,0.00069,0.000907,50,0.000247,0,29,0.463636,0.005503
21031,Butler County,,KY,751,13493,14244,4,4,8,367,455,822,7,0.238703,0.246729,3.339881,0.000027,0.000027,50,0.000168,0,29,0.65,0.000617
21033,Caldwell County,,KY,788,14130,14918,5,5,10,366,359,725,7,0.267892,0.278379,3315.270684,0.000106,0.000135,50,0.000187,0,29,0.333333,0.001439
21035,Calloway County,,KY,2523,35340,37863,5,7,12,831,977,1808,6,0.305628,0.320239,944.235665,0.000048,0.00123,50,0.000207,0,29,0.446429,0.000746
21037,Campbell County,,KY,7043,99360,106403,13,12,25,5636,5313,10949,6,0.309357,0.326863,1235.076898,0.002548,0.002376,131,0.000249,0,29,0.641026,0.017915
21039,Carlisle County,,KY,292,5777,6069,3,2,5,155,122,277,7,0.23935,0.246415,2.683824,0.000022,0.000012,50,0.000157,0,29,0.666667,0.00039
21041,Carroll County,,KY,1031,12876,13907,7,6,13,492,439,931,6,0.293478,0.306413,319.997886,0.000545,0.000478,131,0.000213,0,29,0.428571,0.004431
21043,Carter County,,KY,1270,29529,30799,6,4,10,614,559,1173,7,0.222578,0.2291,2682.483549,0.000007,0.000015,50,0.000273,0,29,0.233333,0.000681
21045,Casey County,,KY,670,15886,16556,5,4,9,355,310,665,7,0.228151,0.234992,5.982135,0.000279,0.000017,50,0.000271,0,29,0.7,0.002582
21047,Christian County,,KY,10856,72358,83214,36,28,64,4744,5262,10006,6,0.362732,0.387832,20968.992263,0.014702,0.011803,50,0.000617,0,29,0.464646,0.113736
21049,Clark County,,KY,2511,39719,42230,7,7,14,1509,1394,2903,6,0.295112,0.308682,156.877949,0.00029,0.000752,50,0.000311,0,29,0.553571,0.002865
21051,Clay County,,KY,781,18263,19044,2,2,4,290,354,644,7,0.221026,0.226911,17.848721,0.000002,0.000008,50,0.000136,0,29,0.5,0.000258
21053,Clinton County,,KY,575,9876,10451,2,1,3,157,310,467,8,0.185685,0.189092,36.557911,0,0,50,0.000209,0,29,0,0.000177
21055,Crittenden County,,KY,591,9518,10109,2,5,7,115,280,395,7,0.239862,0.247655,14.489758,0.000001,0.000013,50,0.000125,0,29,0.3,0.000197
21057,Cumberland County,,KY,335,6923,7258,0,1,1,0,43,43,7,0.233622,0.239925,0,0,0.000005,50,0.000051,0,89,0,0
21059,Daviess County,,KY,4158,111911,116069,15,17,32,2308,2153,4461,6,0.329939,0.349954,14507.571611,0.00096,0.002607,29,0.000448,0,29,0.27193,0.00826
21061,Edmonson County,,KY,742,12836,13578,3,3,6,424,447,871,7,0.238664,0.246558,1.333333,0.000035,0.000032,50,0.000144,0,29,0.666667,0.000555
21063,Elliott County,,KY,258,6248,6506,2,2,4,136,95,231,7,0.221177,0.227071,4.168864,0,0.000002,50,0.000144,0,29,0.666667,0.00019
21065,Estill County,,KY,668,15506,16174,2,3,5,311,331,642,7,0.231318,0.238753,2.534524,0.000012,0.000012,50,0.000126,0,29,0.666667,0.000296
21067,Fayette County,,KY,21662,305242,326904,99,89,188,14507,14300,28807,5,0.394641,0.427309,265054.420682,0.033282,0.03299,50,0.002106,0,29,0.255452,0.24104
21069,Fleming County,,KY,875,16374,17249,3,4,7,279,392,671,6,0.283409,0.295153,390.693024,0.000005,0.00027,131,0.000133,0,29,0.5,0.000312
21071,Floyd County,,KY,1664,38616,40280,5,6,11,758,870,1628,6,0.283713,0.295719,8657.212373,0.000273,0.000277,50,0.000205,0,29,0.285714,0.002434
21073,Franklin County,,KY,3432,57812,61244,9,8,17,1672,1858,3530,6,0.294992,0.308568,277.537394,0.000787,0.000764,50,0.000299,0,29,0.533333,0.006457
21075,Fulton County,,KY,657,6489,7146,2,5,7,197,405,602,7,0.242334,0.250524,7.196767,0.00001,0.000028,61,0.000111,0,29,0.45,0.000237
21077,Gallatin County,,KY,846,8351,9197,6,5,11,558,554,1112,6,0.261431,0.27093,69.137791,0.000091,0.000111,131,0.000188,0,29,0.466667,0.001402
21079,Garrard County,,KY,1561,17288,18849,6,6,12,1043,1152,2195,6,0.283217,0.295039,1.780159,0.000288,0.000292,50,0.000242,0,29,0.9,0.00277
21081,Grant County,,KY,2575,27922,30497,8,9,17,1597,1784,3381,6,0.292624,0.30599,417.216465,0.001099,0.000599,131,0.000211,0,29,0.522222,0.008151
21083,Graves County,,KY,1941,40061,42002,6,8,14,883,1006,1889,6,0.30152,0.314798,1680.327861,0.000032,0.000644,50,0.000272,0,29,0.303571,0.000718
21085,Grayson County,,KY,1138,27465,28603,7,6,13,676,553,1229,6,0.295112,0.308379,1415.701558,0.000633,0.000579,50,0.000206,0,29,0.392857,0.004926
21087,Green County,,KY,620,11859,12479,2,3,5,174,262,436,6,0.293272,0.30567,0.619048,0.000011,0.000475,50,0.000106,0,29,0.666667,0.000271
21089,Greenup County,,KY,2242,40808,43050,6,6,12,1396,1410,2806,6,0.285602,0.29784,3957.950457,0.000781,0.000303,50,0.000221,0,29,0.428571,0.005888
21091,Hancock County,,KY,612,10106,10718,3,2,5,348,334,682,7,0.248212,0.256397,1.317857,0.000026,0.000009,29,0.000126,0,29,0.5,0.000403
21093,Hardin County,,KY,11962,110626,122588,36,43,79,6166,6685,12851,5,0.362957,0.388997,13505.702145,0.010927,0.014336,50,0.000618,0,29,0.416667,0.08676
21095,Harlan County,,KY,864,28484,29348,5,4,9,285,267,552,6,0.283547,0.295216,1848.675254,0.000282,0.000276,50,0.000213,0,29,0.4,0.002586
21097,Harrison County,,KY,1148,20759,21907,6,4,10,647,552,1199,6,0.283217,0.29481,39.498148,0.000285,0.000281,50,0.000219,0,29,0.4,0.002703
21099,Hart County,,KY,1118,19280,20398,5,5,10,513,655,1168,6,0.269675,0.280281,1541.285626,0.000612,0.00012,50,0.000166,0,29,0.6,0.00454
21101,Henderson County,,KY,2718,52242,54960,8,8,16,1354,1573,2927,6,0.29586,0.309877,1885.897037,0.000587,0.000786,29,0.000243,0,29,0.472222,0.00453
21103,Henry County,,KY,1086,17306,18392,5,6,11,820,768,1588,6,0.293331,0.306127,4.128361,0.000507,0.000492,50,0.000165,0,29,0.6,0.003944
21105,Hickman County,,KY,299,5164,5463,3,1,4,140,43,183,7,0.234292,0.240339,0,0.00001,0.000005,61,0.00013,0,29,1,0.000327
21107,Hopkins County,,KY,2466,51910,54376,11,11,22,1087,1189,2276,6,0.297581,0.312277,5624.614634,0.000714,0.000925,29,0.000328,0,29,0.313187,0.006473
21109,Jackson County,,KY,602,12762,13364,2,2,4,173,313,486,7,0.231208,0.238405,0,0.000012,0.000016,50,0.000129,0,29,1,0.000352
21111,Jefferson County,,KY,36514,840374,876888,152,147,299,26388,27070,53458,5,0.414617,0.452578,208352.668834,0.057813,0.060186,50,0.002364,0,29,0.29325,0.415347
21113,Jessamine County,,KY,4214,49583,53797,10,10,20,2720,2386,5106,6,0.283382,0.295839,94.566567,0.00079,0.000309,50,0.000362,0,29,0.530303,0.006591
21115,Johnson County,,KY,1174,22750,23924,5,6,11,573,570,1143,6,0.28374,0.295748,6641.003715,0.000008,0.000272,50,0.000297,0,29,0.333333,0.000503
21117,Kenton County,,KY,14740,179698,194438,21,21,42,11594,11398,22992,5,0.347515,0.36913,16483.37758,0.006387,0.004726,131,0.000367,0,29,0.415,0.043783
21119,Knott County,,KY,617,14731,15348,3,3,6,313,282,595,7,0.221581,0.22786,10.252457,0.000007,0.000004,50,0.000145,0,29,0.333333,0.000325
21121,Knox County,,KY,1655,31166,32821,3,4,7,915,996,1911,6,0.283299,0.294953,23.499946,0.000008,0.000278,50,0.00015,0,29,0.666667,0.000373
21123,Larue County,,KY,1096,15520,16616,4,6,10,667,738,1405,6,0.294963,0.308093,1196.134008,0.000606,0.000571,50,0.00013,0,29,0.533333,0.004464
21125,Laurel County,,KY,3130,59610,62740,14,10,24,2128,1615,3743,6,0.283658,0.296313,11890.404443,0.001044,0.000291,50,0.00054,0,29,0.225275,0.007797
21127,Lawrence County,,KY,844,15606,16450,4,5,9,368,406,774,7,0.222646,0.229254,1914.998761,0.000005,0.000007,50,0.000193,0,29,0.3,0.000435
21129,Lee County,,KY,304,6348,6652,0,1,1,0,45,45,7,0.231086,0.23798,0,0,0.000008,50,0.000051,0,90,0,0
21131,Leslie County,,KY,475,10982,11457,2,3,5,131,247,378,7,0.221395,0.227649,8.894709,0.000002,0.000011,50,0.000141,0,29,0.666667,0.000205
21133,Letcher County,,KY,793,23653,24446,5,6,11,313,432,745,6,0.284155,0.296405,1748.578331,0.000011,0.000274,50,0.000232,0,29,0.3,0.000548
21135,Lewis County,,KY,696,13921,14617,2,6,8,215,412,627,7,0.235999,0.244579,21.236745,0.000005,0.000019,131,0.000102,0,29,0.333333,0.000196
21137,Lincoln County,,KY,1540,26365,27905,9,8,17,1156,1050,2206,6,0.283299,0.29541,709.076758,0.000295,0.000296,50,0.000396,0,29,0.597222,0.003147
21139,Livingston County,,KY,727,10327,11054,3,3,6,424,448,872,7,0.23937,0.246626,228.013093,0.000016,0.000012,50,0.000151,0,29,0.5,0.000389
21141,Logan County,,KY,1575,29569,31144,6,6,12,875,875,1750,7,0.239154,0.247649,23.045346,0.00004,0.000045,50,0.00025,0,29,0.333333,0.000964
21143,Lyon County,,KY,603,7728,8331,4,3,7,278,236,514,7,0.23937,0.246626,14.580971,0.000009,0.000013,50,0.000169,0,29,0.4,0.000445
21145,McCracken County,,KY,4558,73872,78430,15,12,27,2416,2233,4649,6,0.314394,0.330687,40876.743665,0.00144,0.002027,50,0.000553,0,29,0.1875,0.012061
21147,McCreary County,,KY,698,14541,15239,3,2,5,252,270,522,7,0.230824,0.237519,21.627953,0.000011,0.000009,50,0.000167,0,29,0,0.000382
21149,McLean County,,KY,653,10626,11279,3,3,6,318,467,785,7,0.248382,0.25686,1.316667,0.000022,0.000018,29,0.00013,0,29,0.833333,0.000404
21151,Madison County,,KY,5852,81425,87277,19,18,37,2862,3067,5929,6,0.300433,0.316695,13574.669861,0.000946,0.001258,50,0.000682,0,29,0.199275,0.008543
21153,Magoffin County,,KY,309,11957,12266,3,1,4,185,103,288,7,0.221043,0.22654,12.144979,0.000004,0,50,0.000157,0,29,0.333333,0.000299
21155,Marion County,,KY,922,20444,21366,4,5,9,416,499,915,6,0.294903,0.308053,16.133389,0.000022,0.000752,50,0.000166,0,29,0.666667,0.000581
21157,Marshall County,,KY,2142,35585,37727,5,5,10,1069,1023,2092,7,0.239547,0.247243,42.99792,0.000032,0.000012,50,0.000234,0,29,0.45,0.00059
21159,Martin County,,KY,542,10141,10683,2,4,6,108,265,373,7,0.223277,0.229906,21.340929,0.000002,0.000002,50,0.000125,0,29,0.333333,0.000193
21161,Mason County,,KY,1371,19183,20554,6,6,12,649,643,1292,6,0.283658,0.295896,3696.642746,0.00006,0.00033,131,0.000164,0,29,0.238095,0.001037
21163,Meade County,,KY,4156,30788,34944,10,11,21,1779,2101,3880,6,0.326833,0.344879,455.38758,0.003299,0.003993,50,0.00018,0,29,0.608974,0.026144
21165,Menifee County,,KY,497,6230,6727,1,1,2,120,187,307,7,0.220926,0.226557,0,0.000002,0.000002,50,0.000092,0,29,0,0.000124
21167,Mercer County,,KY,1495,24731,26226,7,6,13,708,775,1483,6,0.283162,0.294925,4.329798,0.000286,0.000291,50,0.00026,0,29,0.619048,0.00286
21169,Metcalfe County,,KY,744,10637,11381,3,4,7,365,443,808,7,0.238703,0.246758,2.701544,0.00001,0.000032,50,0.000164,0,29,0.666667,0.000361
21171,Monroe County,,KY,513,11893,12406,4,3,7,319,243,562,7,0.238645,0.2465,78.115201,0.000016,0.000027,50,0.000175,0,29,0.35,0.000479
21173,Montgomery County,,KY,1972,28100,30072,9,9,18,1301,1151,2452,6,0.283547,0.296011,9242.496931,0.000288,0.000291,50,0.000442,0,29,0.344444,0.002962
21175,Morgan County,,KY,559,12083,12642,2,4,6,115,231,346,7,0.221127,0.227403,358.59105,0.000002,0.000002,50,0.000165,0,29,0.083333,0.000212
21177,Muhlenberg County,,KY,1293,33973,35266,8,7,15,666,636,1302,7,0.26718,0.278224,1757.233185,0.000534,0.000154,29,0.000272,0,29,0.444444,0.004398
21179,Nelson County,,KY,2391,51791,54182,9,8,17,1572,1375,2947,6,0.296613,0.310477,864.468746,0.000893,0.00084,50,0.000243,0,29,0.472222,0.006993
21181,Nicholas County,,KY,518,7961,8479,1,3,4,134,270,404,6,0.283107,0.294467,0,0.000002,0.000272,50,0.000092,0,29,1,0.000119
21183,Ohio County,,KY,1448,25863,27311,4,6,10,504,849,1353,7,0.250172,0.259752,41.026655,0.000044,0.00004,29,0.00017,0,29,0.533333,0.000686
21185,Oldham County,,KY,4567,63577,68144,7,9,16,2634,2650,5284,6,0.299722,0.314449,105.16313,0.000786,0.001242,50,0.000203,0,29,0.486111,0.006243
21187,Owen County,,KY,724,10840,11564,7,6,13,431,402,833,6,0.258924,0.268519,17.34533,0.000103,0.000073,131,0.000232,0,29,0.47619,0.001593
21189,Owsley County,,KY,155,3807,3962,0,0,0,0,0,0,0,0,0,0,0,0,51,0.000051,44,91,0,0
21191,Pendleton County,,KY,1120,16280,17400,7,7,14,771,865,1636,6,0.292448,0.305418,198.384389,0.000617,0.000595,131,0.000202,0,29,0.595238,0.004779
21193,Perry County,,KY,1181,30221,31402,6,7,13,577,641,1218,6,0.283879,0.296091,13589.506775,0.000269,0.000278,50,0.000265,0,29,0.238095,0.002575
21195,Pike County,,KY,2100,60726,62826,6,8,14,929,1006,1935,6,0.296885,0.310688,8713.413706,0.000274,0.000741,50,0.000235,0,29,0.236111,0.00256
21197,Powell County,,KY,961,13663,14624,5,5,10,440,575,1015,6,0.283272,0.29501,6854.772993,0.000273,0.000272,50,0.000256,0,29,0.35,0.002466
21199,Pulaski County,,KY,2932,65590,68522,12,10,22,1308,1094,2402,6,0.295261,0.309282,20409.605392,0.000833,0.000756,50,0.00062,0,29,0.314103,0.006919
21201,Robertson County,,KY,112,2175,2287,0,0,0,0,0,0,0,0,0,0,0,0,52,0.000051,45,92,0,0
21203,Rockcastle County,,KY,825,16967,17792,5,4,9,433,489,922,7,0.231373,0.239091,2.29127,0.000286,0.000025,50,0.000244,0,29,0.85,0.002676
21205,Rowan County,,KY,1612,20759,22371,8,7,15,739,623,1362,6,0.28352,0.295725,16490.1557,0.00027,0.000272,50,0.000368,0,29,0.208333,0.002715
21207,Russell County,,KY,814,17814,18628,4,3,7,357,300,657,7,0.228098,0.234678,25.974904,0.000271,0.000013,50,0.000269,0,29,0.416667,0.002431
21209,Scott County,,KY,3642,50655,54297,14,11,25,2587,1982,4569,6,0.295261,0.309425,480.21726,0.00084,0.000811,50,0.000479,0,29,0.39011,0.00739
21211,Shelby County,,KY,2913,45064,47977,9,9,18,1984,1698,3682,6,0.295022,0.308739,67.749455,0.000802,0.000771,50,0.000264,0,29,0.511111,0.00653
21213,Simpson County,,KY,1394,19570,20964,6,4,10,846,730,1576,7,0.243935,0.252913,486.754607,0.000641,0.000113,50,0.000214,0,29,0.666667,0.006028
21215,Spencer County,,KY,1281,19039,20320,5,4,9,1042,832,1874,6,0.293242,0.305727,0.540909,0.000513,0.000483,50,0.000153,0,29,0.85,0.003986
21217,Taylor County,,KY,1338,25453,26791,7,6,13,682,613,1295,6,0.296552,0.310134,5522.092103,0.000878,0.000823,50,0.000261,0,29,0.380952,0.006654
21219,Todd County,,KY,822,13200,14022,3,3,6,458,492,950,6,0.282203,0.293216,381.847547,0.000354,0.000413,50,0.000119,0,29,0.333333,0.00333
21221,Trigg County,,KY,963,14915,15878,2,3,5,318,344,662,6,0.282175,0.29313,39.036896,0.000354,0.000414,50,0.000083,0,29,0.666667,0.003227
21223,Trimble County,,KY,863,9741,10604,5,5,10,445,545,990,6,0.293449,0.306241,4.379037,0.00051,0.000483,50,0.000156,0,29,0.7,0.003934
21225,Union County,,KY,869,16361,17230,4,4,8,378,439,817,7,0.265187,0.275172,172.279094,0.000072,0.000046,29,0.000142,0,29,0.55,0.000695
21227,Warren County,,KY,6938,115401,122339,23,20,43,3891,3336,7227,6,0.313245,0.331459,23790.885248,0.002753,0.002711,50,0.000671,0,29,0.241538,0.021137
21229,Washington County,,KY,763,12649,13412,4,5,9,305,449,754,6,0.283217,0.294925,696.205639,0.000761,0.000283,50,0.000138,0,29,0.633333,0.005687
21231,Wayne County,,KY,894,20006,20900,2,2,4,444,328,772,7,0.228008,0.234335,5810.705247,0.000006,0.000007,50,0.000281,0,29,0,0.000247
21233,Webster County,,KY,907,14981,15888,3,4,7,514,565,1079,7,0.265187,0.275172,4.401348,0.000014,0.000047,29,0.000132,0,29,0.916667,0.000383
21235,Whitley County,,KY,2034,35653,37687,4,7,11,1021,1133,2154,6,0.283465,0.295639,2179.881508,0.000272,0.000289,50,0.000182,0,29,0.285714,0.002435
21237,Wolfe County,,KY,416,6765,7181,3,2,5,142,129,271,7,0.220959,0.226746,16.409957,0.000002,0.000002,50,0.000164,0,29,0,0.000288
21239,Woodford County,,KY,1988,28685,30673,7,6,13,1270,1159,2429,6,0.294903,0.308168,12.441191,0.000779,0.000757,50,0.000246,0,29,0.833333,0.006233
22001,Acadia Parish,,LA,3445,65080,68525,10,10,20,2366,2397,4763,6,0.321641,0.339363,5.493783,0.001512,0.001601,53,0.00022,0,29,0.833333,0.01335
22003,Allen Parish,,LA,1619,23236,24855,7,7,14,920,960,1880,6,0.321075,0.338192,7.689526,0.000239,0.001325,53,0.000175,0,29,0.678571,0.002856
22005,Ascension Parish,,LA,7074,113938,121012,19,17,36,5743,4781,10524,6,0.322139,0.340878,562.503137,0.002384,0.002568,53,0.000378,0,29,0.555263,0.022181
22007,Assumption Parish,,LA,1482,25413,26895,6,5,11,858,957,1815,6,0.279444,0.291472,0.214286,0.000641,0.000361,53,0.000144,0,29,0.933333,0.005805
22009,Avoyelles Parish,,LA,1801,44327,46128,8,9,17,907,1112,2019,6,0.321854,0.339506,682.751232,0.000742,0.002238,53,0.000193,0,29,0.611111,0.006563
22011,Beauregard Parish,,LA,2834,35110,37944,4,5,9,1462,1401,2863,6,0.320827,0.337591,398.949719,0.000158,0.001274,53,0.000126,0,29,0.7,0.001878
22013,Bienville Parish,,LA,1058,15321,16379,7,7,14,643,692,1335,7,0.266862,0.278264,120.714501,0.000279,0.000258,53,0.000192,0,29,0.547619,0.002766
22015,Bossier Parish,,LA,13289,120817,134106,38,38,76,8809,8337,17146,6,0.359734,0.386568,10660.813454,0.012273,0.014982,53,0.00062,0,29,0.408235,0.099394
22017,Caddo Parish,,LA,16144,274940,291084,44,41,85,11140,11163,22303,6,0.358936,0.385477,15809.180843,0.014897,0.014604,53,0.000729,0,29,0.390731,0.12026
22019,Calcasieu Parish,,LA,9252,208233,217485,37,36,73,5956,5775,11731,6,0.330575,0.353315,7847.536785,0.009452,0.008363,53,0.000635,0,29,0.382927,0.081472
22021,Caldwell Parish,,LA,564,10430,10994,2,2,4,185,179,364,7,0.255655,0.265193,7.156914,0.000064,0.000048,53,0.000097,0,29,0.5,0.000626
22023,Cameron Parish,,LA,1064,7331,8395,2,3,5,260,768,1028,7,0.248509,0.257545,0.333333,0.000078,0.000087,53,0.000084,0,29,0.833333,0.000938
22025,Catahoula Parish,,LA,651,10629,11280,3,5,8,198,357,555,7,0.255969,0.266279,8.79412,0.000007,0.000091,53,0.00013,0,29,0.5,0.000311
22027,Claiborne Parish,,LA,878,15258,16136,3,5,8,283,451,734,7,0.266789,0.277864,0,0.000039,0.000258,53,0.000113,0,29,1,0.000633
22029,Concordia Parish,,LA,1295,20418,21713,5,6,11,657,609,1266,6,0.281875,0.294999,2637.528139,0.000384,0.000772,61,0.00015,0,29,0.428571,0.002976
22031,De Soto Parish,,LA,2006,29752,31758,4,7,11,1161,1364,2525,6,0.321358,0.33842,71.903987,0.000259,0.001331,53,0.000113,0,29,0.571429,0.002233
22033,East Baton Rouge Parish,,LA,28992,452238,481230,97,99,196,20900,23152,44052,5,0.387405,0.421353,75491.711273,0.033496,0.037042,53,0.001549,0,29,0.327355,0.255464
22035,East Carroll Parish,,LA,382,7505,7887,1,2,3,76,202,278,7,0.25561,0.265079,0,0,0.000049,53,0.000083,0,29,1,0.000098
22037,East Feliciana Parish,,LA,1584,21088,22672,4,3,7,1139,1058,2197,6,0.27931,0.291015,1.5,0.000356,0.00029,53,0.000144,0,29,0.666667,0.002862
22039,Evangeline Parish,,LA,1860,35229,37089,10,9,19,1144,1278,2422,6,0.321712,0.339363,179.860159,0.001534,0.001589,53,0.000217,0,29,0.733333,0.013347
22041,Franklin Parish,,LA,1240,21230,22470,4,4,8,418,612,1030,7,0.2557,0.265536,298.092409,0.000065,0.000049,53,0.000149,0,29,0.416667,0.000811
22043,Grant Parish,,LA,1720,20402,22122,4,5,9,1168,1143,2311,7,0.246575,0.255802,6.308818,0.000065,0.000066,53,0.000134,0,29,0.5,0.000909
22045,Iberia Parish,,LA,4672,83929,88601,15,13,28,3089,3448,6537,6,0.322068,0.340306,31.556621,0.00292,0.002388,53,0.000278,0,29,0.632353,0.025603
22047,Iberville Parish,,LA,2385,34130,36515,5,8,13,1341,1836,3177,6,0.321677,0.339106,138.719098,0.000344,0.002124,53,0.000148,0,29,0.75,0.002938
22049,Jackson Parish,,LA,1131,16318,17449,4,4,8,520,582,1102,7,0.255767,0.265707,15.571069,0.0001,0.000071,53,0.000135,0,29,0.416667,0.001022
22051,Jefferson Parish,,LA,35649,455848,491497,95,76,171,24949,29466,54415,5,0.384089,0.415129,21419.722626,0.039603,0.031733,53,0.001328,0,29,0.386065,0.300354
22053,Jefferson Davis Parish,,LA,2062,33726,35788,8,9,17,1256,1455,2711,6,0.320933,0.33822,865.973037,0.001173,0.0013,53,0.000198,0,29,0.6,0.010581
22055,Lafayette Parish,,LA,15049,228349,243398,41,43,84,12011,11313,23324,6,0.353626,0.38047,2338.479931,0.010944,0.014468,53,0.000682,0,29,0.394133,0.09287
22057,Lafourche Parish,,LA,5733,104178,109911,14,15,29,3620,3753,7373,6,0.321961,0.340364,242.514651,0.002739,0.002502,53,0.000281,0,29,0.636029,0.02386
22059,La Salle Parish,,LA,693,14288,14981,4,5,9,259,333,592,7,0.255902,0.266165,222.934578,0.00004,0.000088,53,0.000154,0,29,0.4,0.000732
22061,Lincoln Parish,,LA,3404,40204,43608,14,15,29,1762,1851,3613,6,0.326211,0.346051,5645.619661,0.002585,0.004289,53,0.000316,0,29,0.514706,0.022135
22063,Livingston Parish,,LA,8446,130416,138862,19,19,38,7098,5609,12707,6,0.322424,0.341564,1012.722098,0.002317,0.002651,53,0.000402,0,29,0.469048,0.021655
22065,Madison Parish,,LA,877,11818,12695,2,3,5,109,376,485,7,0.255857,0.265707,14.355531,0.000011,0.000055,53,0.000101,0,29,0.333333,0.000246
22067,Morehouse Parish,,LA,1801,31633,33434,5,8,13,672,1016,1688,6,0.323928,0.342193,4766.130724,0.00101,0.002317,53,0.000165,0,29,0.430556,0.009072
22069,Natchitoches Parish,,LA,2583,38810,41393,12,13,25,1145,1396,2541,6,0.324505,0.343479,4409.606083,0.002445,0.003114,53,0.000254,0,29,0.489011,0.020878
22071,Orleans Parish,,LA,23788,258599,282387,117,70,187,32899,18618,51517,5,0.382677,0.413037,21434.859434,0.051363,0.035208,53,0.001551,0,29,0.422135,0.384204
22073,Ouachita Parish,,LA,8572,163207,171779,32,31,63,5280,4971,10251,6,0.343261,0.36757,50870.821093,0.005969,0.00784,53,0.000723,0,29,0.265182,0.051478
22075,Plaquemines Parish,,LA,3030,23306,26336,10,10,20,1149,1646,2795,6,0.338283,0.358385,103.784086,0.003703,0.004216,53,0.000206,0,29,0.788462,0.030572
22077,Pointe Coupee Parish,,LA,1449,24442,25891,5,5,10,735,878,1613,6,0.279364,0.291358,2.491667,0.000356,0.000299,53,0.00014,0,29,0.7,0.0028
22079,Rapides Parish,,LA,7482,145418,152900,27,25,52,3954,4553,8507,6,0.326869,0.348165,11667.416847,0.00487,0.00475,53,0.000514,0,29,0.368966,0.042132
22081,Red River Parish,,LA,625,9563,10188,4,4,8,294,378,672,7,0.266715,0.277607,1.663696,0.000155,0.00024,53,0.000119,0,29,0.75,0.001551
22083,Richland Parish,,LA,1556,21456,23012,4,5,9,729,898,1627,7,0.255789,0.26585,159.501284,0.000064,0.000057,53,0.000162,0,29,0.45,0.000814
22085,Sabine Parish,,LA,1273,24398,25671,4,6,10,340,624,964,6,0.272574,0.284236,5.787556,0.000233,0.000385,53,0.000111,0,29,0.766667,0.00234
22087,St. Bernard Parish,,LA,1740,25813,27553,12,7,19,3431,1078,4509,6,0.282915,0.295868,38.815692,0.002188,0.001227,53,0.000246,0,29,0.757576,0.019788
22089,St. Charles Parish,,LA,4328,59298,63626,10,12,22,2835,3111,5946,6,0.321854,0.339849,28.781394,0.001115,0.002403,53,0.000219,0,29,0.818182,0.010865
22091,St. Helena Parish,,LA,1055,14576,15631,3,3,6,641,743,1384,6,0.27931,0.291015,0,0.000353,0.000313,53,0.0001,0,29,1,0.002758
22093,St. James Parish,,LA,1358,26486,27844,7,7,14,799,998,1797,6,0.282777,0.295582,0.196429,0.000913,0.001078,53,0.000168,0,29,0.952381,0.008801
22095,St. John the Baptist Parish,,LA,4301,52215,56516,12,10,22,2597,3155,5752,6,0.321783,0.339506,163.287892,0.003631,0.002323,53,0.00024,0,29,0.75,0.031722
22097,St. Landry Parish,,LA,4895,94228,99123,16,17,33,3497,3636,7133,6,0.32221,0.340992,219.726035,0.001992,0.002527,53,0.000319,0,29,0.54386,0.018185
22099,St. Martin Parish,,LA,3620,57086,60706,9,8,17,2778,2698,5476,6,0.32157,0.33902,1.364919,0.001695,0.001577,53,0.000194,0,29,0.877778,0.014882
22101,St. Mary Parish,,LA,3940,62561,66501,10,12,22,1571,2478,4049,6,0.321925,0.339963,124.923033,0.00177,0.002392,53,0.000214,0,29,0.604396,0.016081
22103,St. Tammany Parish,,LA,14299,239535,253834,50,49,99,9907,9322,19229,5,0.366056,0.392998,6185.724118,0.020519,0.018479,53,0.000738,0,29,0.434028,0.15847
22105,Tangipahoa Parish,,LA,7480,116847,124327,20,19,39,5361,5159,10520,6,0.325519,0.345679,880.180077,0.00318,0.004337,53,0.000399,0,29,0.506494,0.02867
22107,Tensas Parish,,LA,470,5279,5749,2,3,5,85,161,246,7,0.2557,0.265364,0.825,0.000063,0.000052,53,0.000102,0,29,0.666667,0.000626
22109,Terrebonne Parish,,LA,6989,124463,131452,18,18,36,3472,4308,7780,6,0.324939,0.344736,374.553403,0.004592,0.00362,53,0.000325,0,29,0.498024,0.039305
22111,Union Parish,,LA,1610,23331,24941,4,3,7,809,889,1698,7,0.256307,0.266313,18.704566,0.000127,0.000071,53,0.000126,0,29,0.416667,0.001088
22113,Vermilion Parish,,LA,3172,62314,65486,9,9,18,2068,2282,4350,6,0.321606,0.339192,4.308069,0.001499,0.001588,53,0.000199,0,29,0.888889,0.013149
22115,Vernon Parish,,LA,7676,48254,55930,35,28,63,3621,3152,6773,5,0.345907,0.36965,5400.942889,0.013217,0.009956,53,0.000495,0,29,0.555769,0.103165
22117,Washington Parish,,LA,2222,44857,47079,7,10,17,1232,1328,2560,6,0.321961,0.339792,591.325381,0.001057,0.002301,53,0.000164,0,29,0.577778,0.009836
22119,Webster Parish,,LA,2763,43548,46311,9,8,17,1510,1700,3210,7,0.267892,0.280013,7014.715669,0.002124,0.00029,53,0.000202,0,29,0.5,0.017982
22121,West Baton Rouge Parish,,LA,2221,25734,27955,5,5,10,1636,1578,3214,6,0.279364,0.291358,0.5,0.000359,0.000312,53,0.00014,0,29,0.9,0.002938
22123,West Carroll Parish,,LA,788,12134,12922,4,4,8,312,368,680,7,0.2557,0.265536,2951,0.000082,0.000057,53,0.000151,0,29,0.5,0.000876
22125,West Feliciana Parish,,LA,907,10979,11886,2,2,4,311,492,803,6,0.279284,0.290844,0,0.0003,0.000272,53,0.000105,0,29,1,0.002252
22127,Winn Parish,,LA,891,14500,15391,4,5,9,301,430,731,7,0.255947,0.266279,16.614245,0.000064,0.000108,53,0.000136,0,29,0.5,0.000911
23001,Androscoggin County,,ME,7236,121039,128275,12,17,29,4069,4580,8649,6,0.334634,0.355047,954.866886,0.001813,0.003316,55,0.000198,0,29,0.481579,0.012318
23003,Aroostook County,,ME,2873,82065,84938,9,7,16,891,1221,2112,6,0.275875,0.287814,46.288666,0.00158,0.000382,55,0.000145,0,29,0.655556,0.009694
23005,Cumberland County,,ME,19548,326746,346294,66,72,138,13844,13548,27392,5,0.377867,0.408979,32598.256721,0.027745,0.034243,55,0.000708,0,29,0.465766,0.193536
23007,Franklin County,,ME,1867,32159,34026,6,7,13,972,1087,2059,6,0.275875,0.287814,0.333333,0.000474,0.000393,55,0.000122,0,29,0.952381,0.003005
23009,Hancock County,,ME,3085,61814,64899,9,8,17,1469,1338,2807,6,0.294456,0.310185,116.063786,0.001238,0.001147,55,0.000157,0,29,0.763889,0.008788
23011,Kennebec County,,ME,7191,140880,148071,18,21,39,4677,4593,9270,6,0.33641,0.357476,1461.393315,0.002325,0.004874,55,0.000274,0,29,0.463203,0.015871
23013,Knox County,,ME,2387,45322,47709,7,7,14,995,1166,2161,6,0.275875,0.287814,94.763092,0.00112,0.000377,55,0.00013,0,29,0.861111,0.007951
23015,Lincoln County,,ME,2465,41154,43619,8,8,16,1280,1354,2634,6,0.294426,0.310128,24.908863,0.00053,0.001074,55,0.000144,0,29,0.833333,0.003497
23017,Oxford County,,ME,3628,62867,66495,9,8,17,1826,2194,4020,6,0.294516,0.310271,20.42191,0.001139,0.001175,55,0.000142,0,29,0.777778,0.007207
23019,Penobscot County,,ME,8457,166674,175131,25,26,51,5096,4953,10049,6,0.305628,0.324423,4720.014336,0.004768,0.005483,55,0.000344,0,29,0.417204,0.032843
23021,Piscataquis County,,ME,1130,18527,19657,2,4,6,413,599,1012,6,0.275797,0.2873,0,0.000047,0.00035,55,0.000079,0,29,1,0.000499
23023,Sagadahoc County,,ME,3793,42413,46206,7,9,16,2086,2234,4320,6,0.328786,0.346776,177.734739,0.000517,0.002277,55,0.000132,0,29,0.611111,0.003375
23025,Somerset County,,ME,3444,55180,58624,9,8,17,2168,2280,4448,6,0.275901,0.287986,69.301867,0.000518,0.000388,55,0.000165,0,29,0.708333,0.0036
23027,Waldo County,,ME,2492,42711,45203,8,9,17,1437,1496,2933,6,0.275927,0.288157,2.564103,0.000503,0.000407,55,0.000156,0,29,0.805556,0.003472
23029,Washington County,,ME,1746,36084,37830,4,6,10,446,802,1248,6,0.275849,0.287643,0,0.000331,0.000388,55,0.000104,0,29,1,0.002318
23031,York County,,ME,12643,235629,248272,38,39,77,8656,8613,17269,6,0.351156,0.377292,10335.424519,0.010631,0.015036,55,0.00045,0,29,0.429521,0.072431
24001,Allegany County,,MD,2707,76491,79198,11,11,22,1297,1298,2595,6,0.301177,0.317084,4487.85182,0.002635,0.002004,54,0.000241,0,29,0.410256,0.018863
24003,Anne Arundel County,,MD,42629,612559,655188,151,137,288,35139,32117,67256,5,0.398034,0.436848,22886.097778,0.070241,0.063556,54,0.001555,0,29,0.401591,0.494659
24005,Baltimore County,,MD,60376,928091,988467,130,141,271,50531,52172,102703,5,0.405,0.443273,18476.026957,0.064645,0.071134,54,0.001287,0,29,0.486386,0.446305
24009,Calvert County,,MD,5701,106159,111860,13,14,27,3555,2957,6512,6,0.311505,0.329121,7.559699,0.006442,0.005901,54,0.000171,0,29,0.797794,0.046586
24011,Caroline County,,MD,2601,37007,39608,10,10,20,1734,1818,3552,6,0.29819,0.31334,9.409697,0.001717,0.002503,54,0.000175,0,29,0.727273,0.013407
24013,Carroll County,,MD,9141,206099,215240,12,16,28,5816,5806,11622,6,0.311206,0.328744,9.951281,0.003915,0.00571,54,0.000165,0,29,0.791667,0.027612
24015,Cecil County,,MD,6256,113918,120174,16,14,30,4214,3795,8009,6,0.301926,0.318901,27.235256,0.006233,0.004892,135,0.000181,0,29,0.801471,0.040332
24017,Charles County,,MD,12724,169840,182564,23,30,53,8611,8264,16875,5,0.345825,0.368656,277.937619,0.01188,0.015638,54,0.000296,0,29,0.679144,0.090963
24019,Dorchester County,,MD,2264,37153,39417,9,7,16,1296,1354,2650,6,0.297187,0.311854,1.48424,0.002288,0.001863,54,0.000155,0,29,0.902778,0.016816
24021,Frederick County,,MD,16904,276562,293466,35,51,86,10803,11367,22170,5,0.369816,0.397377,4753.941979,0.016731,0.026061,54,0.000428,0,29,0.557792,0.126732
24023,Garrett County,,MD,1307,34386,35693,4,5,9,309,558,867,6,0.298312,0.312906,563.907522,0.000233,0.000755,54,0.00013,0,29,0.366667,0.001555
24025,Harford County,,MD,16749,297493,314242,48,49,97,11588,10941,22529,5,0.366654,0.394622,1118.467664,0.022738,0.028133,54,0.000506,0,29,0.599454,0.163279
24027,Howard County,,MD,25118,322026,347144,72,73,145,21336,19260,40596,5,0.382878,0.414226,3704.217777,0.043067,0.04163,54,0.000721,0,29,0.638662,0.304675
24029,Kent County,,MD,1149,21775,22924,5,6,11,520,505,1025,6,0.28681,0.301217,1.313937,0.001133,0.001198,54,0.000101,0,29,0.733333,0.008293
24031,Montgomery County,,MD,69298,1090986,1160284,216,200,416,59869,58881,118750,5,0.42218,0.465684,44074.360877,0.095591,0.089792,54,0.002223,0,29,0.342934,0.664547
24033,Prince George's County,,MD,71110,974155,1045265,146,153,299,53721,62808,116529,5,0.405676,0.445622,29805.819294,0.071035,0.069215,54,0.001542,0,29,0.39853,0.500066
24035,Queen Anne's County,,MD,3007,54371,57378,11,11,22,2100,1931,4031,6,0.298251,0.313569,23.998072,0.003365,0.002804,54,0.000169,0,29,0.724359,0.024293
24037,St. Mary's County,,MD,8014,119138,127152,29,23,52,4669,3730,8399,5,0.336565,0.357242,195.366234,0.012758,0.011093,54,0.000327,0,29,0.564171,0.092975
24039,Somerset County,,MD,1550,22316,23866,5,4,9,791,921,1712,6,0.288427,0.301212,0.539306,0.001281,0.000725,54,0.000109,0,29,0.9,0.009148
24041,Talbot County,,MD,2465,42025,44490,8,9,17,1465,1318,2783,6,0.301115,0.316672,7.929283,0.002359,0.003006,54,0.000146,0,29,0.861111,0.017165
24043,Washington County,,MD,9267,169318,178585,19,20,39,5816,5960,11776,6,0.313414,0.332265,6589.262484,0.005984,0.005919,54,0.000305,0,29,0.561265,0.043803
24045,Wicomico County,,MD,6717,103747,110464,20,19,39,4022,3919,7941,6,0.310411,0.328229,157.80489,0.005096,0.005167,54,0.000278,0,29,0.556277,0.036201
24047,Worcester County,,MD,4030,60072,64102,12,11,23,2284,2182,4466,6,0.300031,0.315872,49.10039,0.003481,0.003479,54,0.000181,0,29,0.598485,0.024729
24510,Baltimore city,,MD,48869,593410,642279,117,108,225,37918,42837,80755,5,0.396465,0.431636,8840.958579,0.060474,0.057048,54,0.001142,0,29,0.539225,0.416867
25001,Barnstable County,,MA,11385,267528,278913,39,43,82,7175,7015,14190,5,0.364181,0.390586,1269.610139,0.020818,0.024039,55,0.000367,0,29,0.701569,0.139389
25003,Berkshire County,,MA,4955,152724,157679,20,23,43,2114,2269,4383,6,0.340336,0.362186,1435.621234,0.007505,0.009189,55,0.000202,0,29,0.656667,0.048747
25005,Bristol County,,MA,23116,637693,660809,46,60,106,17951,18240,36191,5,0.363727,0.392421,830.012407,0.024501,0.03076,55,0.000407,0,29,0.664423,0.163276
25007,Dukes County,,MA,920,19567,20487,3,5,8,184,315,499,6,0.294754,0.309728,0,0.001438,0.002203,55,0.000077,0,29,1,0.010619
25009,Essex County,,MA,36128,861478,897606,92,99,191,30256,29806,60062,5,0.37949,0.414123,6077.390539,0.048447,0.051103,55,0.000841,0,29,0.565892,0.331271
25011,Franklin County,,MA,4744,83051,87795,10,12,22,2721,2909,5630,6,0.295561,0.311986,4.26168,0.002896,0.003786,55,0.000128,0,29,0.801282,0.018648
25013,Hampden County,,MA,17626,531580,549206,52,57,109,11158,12242,23400,5,0.367023,0.395342,855.962721,0.028125,0.031454,55,0.000455,0,29,0.672773,0.187963
25015,Hampshire County,,MA,11279,163635,174914,27,28,55,7284,7866,15150,6,0.34513,0.368536,275.370131,0.013223,0.014883,55,0.000259,0,29,0.762032,0.088716
25017,Middlesex County,,MA,96490,1698030,1794520,232,212,444,90672,86460,177132,5,0.415385,0.461911,74225.7106,0.095044,0.090081,55,0.002287,0,29,0.302309,0.660833
25019,Nantucket County,,MA,1013,12182,13195,2,3,5,107,236,343,6,0.294694,0.309385,0,0.000715,0.001544,55,0.000068,0,29,1,0.00533
25021,Norfolk County,,MA,49488,765047,814535,108,102,210,44265,43284,87549,5,0.389892,0.424954,6082.383961,0.056831,0.055663,55,0.000982,0,29,0.563575,0.387149
25023,Plymouth County,,MA,24291,585183,609474,46,55,101,20600,19667,40267,5,0.365688,0.393936,689.354152,0.025355,0.03049,55,0.000418,0,29,0.670251,0.170551
25025,Suffolk County,,MA,71477,695925,767402,165,132,297,61887,64456,126343,5,0.400494,0.43858,18512.679871,0.076435,0.065034,55,0.001535,0,29,0.424351,0.522314
25027,Worcester County,,MA,34165,935473,969638,92,113,205,24904,26796,51700,5,0.385612,0.422068,5242.177826,0.04854,0.057561,55,0.000817,0,29,0.547514,0.329419
26001,Alcona County,,MI,715,12982,13697,4,2,6,284,259,543,7,0.236286,0.243363,2.799865,0.001566,0.000032,57,0.000109,0,29,0.833333,0.007695
26003,Alger County,,MI,463,10596,11059,1,1,2,107,170,277,7,0.248255,0.256162,0,0.000022,0.000034,29,0.000071,0,29,0,0.000317
26005,Allegan County,,MI,8134,136841,144975,11,12,23,5230,5357,10587,6,0.342495,0.362997,129.066047,0.003511,0.003682,57,0.000142,0,29,0.763736,0.01962
26007,Alpena County,,MI,1721,36028,37749,7,5,12,512,366,878,6,0.3088,0.324263,3396.680844,0.001515,0.001348,57,0.000198,0,29,0.527778,0.00695
26009,Antrim County,,MI,2053,28138,30191,8,9,17,1016,1088,2104,6,0.309259,0.32532,559.95867,0.002493,0.001569,57,0.00015,0,29,0.7,0.011792
26011,Arenac County,,MI,1169,18966,20135,6,5,11,615,553,1168,6,0.279203,0.290884,0,0.001193,0.000257,57,0.000107,0,29,1,0.005855
26013,Baraga County,,MI,390,9137,9527,2,2,4,140,164,304,7,0.248657,0.256825,0,0.00003,0.000034,29,0.000102,0,29,1,0.000411
26015,Barry County,,MI,4283,72294,76577,8,8,16,2511,2735,5246,6,0.289688,0.302972,1.608591,0.001236,0.000734,57,0.000113,0,29,0.839286,0.005541
26017,Bay County,,MI,5189,134764,139953,15,19,34,2974,3025,5999,6,0.342334,0.36374,496.353429,0.003272,0.004528,57,0.000189,0,29,0.640351,0.014978
26019,Benzie County,,MI,1431,21070,22501,4,4,8,693,720,1413,7,0.255342,0.264404,11.270805,0.000812,0.000083,57,0.000128,0,29,0.65,0.004465
26021,Berrien County,,MI,9404,183328,192732,26,27,53,4647,5094,9741,5,0.361338,0.385814,454.829935,0.010061,0.009901,29,0.000264,0,29,0.58172,0.059663
26023,Branch County,,MI,3011,50849,53860,7,7,14,1314,1484,2798,6,0.307238,0.322645,26.320816,0.001116,0.000875,57,0.000122,0,29,0.535714,0.005582
26025,Calhoun County,,MI,8253,156661,164914,20,24,44,3832,4789,8621,5,0.357528,0.381556,867.481786,0.00597,0.008528,57,0.000224,0,29,0.561538,0.03414
26027,Cass County,,MI,3770,59566,63336,7,8,15,2524,2477,5001,6,0.326833,0.34429,1.526083,0.001624,0.001656,29,0.000114,0,29,0.892857,0.010318
26029,Charlevoix County,,MI,1969,31759,33728,8,6,14,940,839,1779,6,0.289314,0.302172,6.721136,0.001564,0.000408,57,0.00015,0,29,0.732143,0.008004
26031,Cheboygan County,,MI,1876,31278,33154,7,6,13,581,682,1263,6,0.30627,0.320999,878.031848,0.002044,0.000571,57,0.000162,0,29,0.535714,0.009531
26033,Chippewa County,,MI,2104,39491,41595,6,8,14,433,495,928,6,0.304798,0.320485,5882.363789,0.001526,0.001279,57,0.000159,0,29,0.5,0.00678
26035,Clare County,,MI,2274,33448,35722,12,12,24,1241,1065,2306,6,0.309226,0.325634,55.896296,0.003261,0.001712,57,0.000146,0,29,0.690476,0.014456
26037,Clinton County,,MI,5795,88095,93890,11,21,32,3592,4034,7626,6,0.342414,0.364083,187.821604,0.002784,0.004747,57,0.000137,0,29,0.707143,0.013003
26039,Crawford County,,MI,1039,15339,16378,2,4,6,169,304,473,6,0.290815,0.303092,0.959256,0.000025,0.000302,57,0.000081,0,29,0.583333,0.000372
26041,Delta County,,MI,1853,45521,47374,5,5,10,405,539,944,7,0.26555,0.276624,3335.88714,0.000552,0.000117,29,0.000154,0,29,0.366667,0.003333
26043,Dickinson County,,MI,1454,32916,34370,6,6,12,456,494,950,7,0.265574,0.276796,8819.686776,0.000033,0.000127,29,0.000236,0,29,0.404762,0.000853
26045,Eaton County,,MI,10317,129666,139983,20,25,45,6822,7296,14118,6,0.343949,0.366284,889.629041,0.006225,0.005883,57,0.000209,0,29,0.633333,0.034795
26047,Emmet County,,MI,2701,39531,42232,10,12,22,1325,1296,2621,6,0.329045,0.347565,276.409326,0.00252,0.003039,57,0.000179,0,29,0.659341,0.012183
26049,Genesee County,,MI,23044,502402,525446,49,81,130,10873,15518,26391,5,0.386891,0.418964,12059.240852,0.01698,0.033425,57,0.000516,0,29,0.372829,0.113152
26051,Gladwin County,,MI,1707,29730,31437,9,9,18,996,924,1920,6,0.308964,0.324834,0.927083,0.002492,0.001374,57,0.000116,0,29,0.888889,0.01132
26053,Gogebic County,,MI,845,16894,17739,2,1,3,159,93,252,1,1,1,1,0,0,29,0.000415,0,93,0,0.000171
26055,Grand Traverse County,,MI,6331,103947,110278,29,23,52,4075,3213,7288,6,0.342575,0.36454,9361.387127,0.006217,0.00466,57,0.000443,0,29,0.374384,0.035972
26057,Gratiot County,,MI,2653,44680,47333,10,8,18,1426,1471,2897,6,0.289774,0.303144,4.114989,0.001051,0.000595,57,0.000138,0,29,0.690909,0.005162
26059,Hillsdale County,,MI,3109,53439,56548,10,10,20,1633,1698,3331,6,0.30939,0.325709,106.488765,0.00245,0.001628,57,0.00014,0,29,0.581818,0.012106
26061,Houghton County,,MI,2207,36364,38571,3,5,8,323,418,741,6,0.30685,0.322628,6477.148008,0.000022,0.00098,29,0.000183,0,29,0.3,0.000495
26063,Huron County,,MI,1733,43186,44919,8,8,16,835,876,1711,6,0.308931,0.324663,0.704015,0.002243,0.001515,57,0.000104,0,29,0.888889,0.010325
26065,Ingham County,,MI,23824,291141,314965,54,84,138,14339,17098,31437,5,0.389527,0.422257,11587.635376,0.016575,0.041182,57,0.00057,0,29,0.428964,0.107663
26067,Ionia County,,MI,4229,70680,74909,9,12,21,2487,2907,5394,6,0.304225,0.320285,28.432057,0.001775,0.001284,57,0.000126,0,29,0.681818,0.008482
26069,Iosco County,,MI,1856,30473,32329,9,10,19,898,844,1742,6,0.308997,0.325006,1646.086469,0.002418,0.001529,57,0.000167,0,29,0.655556,0.01104
26071,Iron County,,MI,605,13911,14516,1,3,4,54,180,234,7,0.265477,0.276224,0,0.000001,0.000116,29,0.000084,0,29,0.833333,0.000102
26073,Isabella County,,MI,5061,61806,66867,20,19,39,2843,2645,5488,6,0.329231,0.348651,322.963165,0.003861,0.003484,57,0.000238,0,29,0.584416,0.01856
26075,Jackson County,,MI,7942,181400,189342,19,20,39,4101,4514,8615,6,0.344315,0.366198,195.441534,0.005347,0.006319,57,0.000183,0,29,0.637681,0.026948
26077,Kalamazoo County,,MI,15995,275895,291890,43,52,95,10996,10003,20999,5,0.381426,0.409608,4089.03701,0.013113,0.023659,57,0.000441,0,29,0.439836,0.081311
26079,Kalkaska County,,MI,1595,19173,20768,3,3,6,596,689,1285,7,0.255297,0.264175,0.47781,0.00051,0.000089,57,0.000085,0,29,0.583333,0.002113
26081,Kent County,,MI,33472,717185,750657,97,128,225,23171,25121,48292,5,0.406241,0.44301,64048.142182,0.035452,0.054247,57,0.001124,0,29,0.350745,0.243971
26083,Keweenaw County,,MI,150,2506,2656,1,1,2,93,85,178,7,0.23482,0.241619,0,0.000008,0,29,0.000082,0,29,0,0.000093
26085,Lake County,,MI,945,11306,12251,7,7,14,472,493,965,6,0.289114,0.301915,17.423265,0.001272,0.000425,57,0.00015,0,29,0.611111,0.006484
26087,Lapeer County,,MI,6341,108488,114829,9,13,22,3425,4056,7481,6,0.329008,0.347685,20.988984,0.002911,0.003359,57,0.000109,0,29,0.833333,0.013174
26089,Leelanau County,,MI,1588,26105,27693,4,3,7,695,739,1434,6,0.289056,0.301343,82.215745,0.001242,0.000341,57,0.000107,0,29,0.75,0.006393
26091,Lenawee County,,MI,5953,118543,124496,11,16,27,2756,3112,5868,6,0.340933,0.362529,334.730781,0.003193,0.005398,57,0.000133,0,29,0.636029,0.014285
26093,Livingston County,,MI,12021,220855,232876,21,21,42,8458,7423,15881,6,0.348054,0.370416,282.90052,0.007245,0.008869,57,0.000204,0,29,0.658462,0.042473
26095,Luce County,,MI,392,6528,6920,0,0,0,0,0,0,0,0,0,0,0,0,56,0.000051,46,94,0,0
26097,Mackinac County,,MI,941,13634,14575,1,1,2,153,146,299,7,0.233616,0.240356,0,0.00001,0.000012,57,0.000067,0,29,0,0.000145
26099,Macomb County,,MI,47980,1032270,1080250,63,128,191,38464,39098,77562,5,0.409436,0.445588,19094.357605,0.026471,0.057315,57,0.000624,0,29,0.399116,0.17971
26101,Manistee County,,MI,1556,28419,29975,5,5,10,498,574,1072,6,0.289142,0.301743,87.236066,0.000485,0.000371,57,0.000147,0,29,0.55,0.002933
26103,Marquette County,,MI,3451,73504,76955,15,16,31,1280,1016,2296,6,0.3302,0.350023,30889.295095,0.004209,0.002704,29,0.000377,0,29,0.242857,0.027272
26105,Mason County,,MI,1695,34303,35998,7,6,13,698,674,1372,6,0.289085,0.301743,26.71544,0.001382,0.000404,57,0.000141,0,29,0.571429,0.007043
26107,Mecosta County,,MI,3239,41286,44525,15,11,26,1859,1719,3578,6,0.309128,0.32552,124.290726,0.003003,0.001718,57,0.0002,0,29,0.55,0.01422
26109,Menominee County,,MI,1286,28869,30155,4,4,8,516,691,1207,7,0.264035,0.274486,59.737266,0.000124,0.000093,29,0.000129,0,29,0.75,0.001332
26111,Midland County,,MI,5377,101637,107014,15,18,33,2808,2788,5596,6,0.348304,0.370959,463.988015,0.00428,0.00573,57,0.000181,0,29,0.654971,0.022331
26113,Missaukee County,,MI,1178,16891,18069,3,4,7,464,514,978,7,0.255431,0.264633,3.449446,0.000023,0.000102,57,0.00011,0,29,0.333333,0.000533
26115,Monroe County,,MI,9025,187275,196300,11,17,28,5704,5735,11439,5,0.348304,0.370022,26.40914,0.004165,0.006943,57,0.000129,0,29,0.80719,0.021138
26117,Montcalm County,,MI,4879,70801,75680,12,9,21,3217,3112,6329,6,0.289631,0.302972,22.565145,0.001855,0.000621,57,0.000162,0,29,0.666667,0.008903
26119,Montmorency County,,MI,740,11240,11980,5,3,8,298,201,499,6,0.303434,0.317856,3.012753,0.002284,0.00057,57,0.000086,0,29,0.733333,0.010076
26121,Muskegon County,,MI,8593,198369,206962,11,19,30,3955,4893,8848,6,0.348304,0.371073,925.308106,0.003663,0.005331,57,0.000163,0,29,0.535088,0.019696
26123,Newaygo County,,MI,3660,56786,60446,7,8,15,1934,2211,4145,6,0.289573,0.302743,4.464162,0.000629,0.000572,57,0.000141,0,29,0.696429,0.003517
26125,Oakland County,,MI,83669,1418351,1502020,157,255,412,67174,72621,139795,5,0.435354,0.483173,100807.703393,0.067418,0.095792,57,0.001667,0,29,0.26662,0.471377
26127,Oceana County,,MI,1957,31434,33391,5,5,10,853,1018,1871,6,0.289028,0.301515,0.4,0.000611,0.000401,57,0.000109,0,29,0.9,0.003137
26129,Ogemaw County,,MI,1385,24548,25933,10,8,18,858,603,1461,6,0.308964,0.32472,43.891056,0.002442,0.001314,57,0.000145,0,29,0.8,0.011268
26131,Ontonagon County,,MI,360,7773,8133,0,2,2,0,87,87,7,0.248404,0.256584,0,0,0.000034,29,0.000051,0,95,0,0
26133,Osceola County,,MI,1844,26455,28299,7,7,14,884,946,1830,6,0.289142,0.301972,665.986342,0.00125,0.000395,57,0.000157,0,29,0.535714,0.006484
26135,Oscoda County,,MI,575,9694,10269,2,0,2,98,0,98,0,0,0,0,0.001543,0,57,0.000061,0,24,1,0.007365
26137,Otsego County,,MI,2062,29132,31194,10,11,21,830,732,1562,6,0.309095,0.325463,1359.230355,0.002092,0.0016,57,0.000194,0,29,0.55303,0.010252
26139,Ottawa County,,MI,17132,310871,328003,33,39,72,11286,11734,23020,5,0.363138,0.388969,4948.696815,0.008824,0.015573,57,0.000388,0,29,0.442918,0.054786
26141,Presque Isle County,,MI,753,16357,17110,3,2,5,245,197,442,7,0.236113,0.243128,1.576923,0.000784,0.000029,57,0.000113,0,29,0.5,0.004116
26143,Roscommon County,,MI,1852,27571,29423,9,8,17,872,628,1500,6,0.308997,0.324777,3396.628986,0.002818,0.001469,57,0.000142,0,29,0.555556,0.012774
26145,Saginaw County,,MI,9975,235417,245392,30,38,68,5295,6180,11475,5,0.364227,0.389735,3207.89991,0.006906,0.012068,57,0.000331,0,29,0.423077,0.041099
26147,St. Clair County,,MI,10499,201852,212351,12,24,36,5029,5932,10961,6,0.348554,0.371553,461.742467,0.006741,0.00956,57,0.000139,0,29,0.61413,0.040068
26149,St. Joseph County,,MI,4159,73648,77807,11,10,21,1897,2313,4210,6,0.326979,0.344747,308.659366,0.002138,0.00163,57,0.00016,0,29,0.609091,0.012977
26151,Sanilac County,,MI,2978,52190,55168,8,9,17,1422,1812,3234,6,0.309259,0.32532,1.429408,0.002403,0.001794,57,0.000102,0,29,0.888889,0.010863
26153,Schoolcraft County,,MI,348,9844,10192,1,0,1,51,0,51,0,0,0,0,0.000001,0,29,0.000077,0,5,0,0.000119
26155,Shiawassee County,,MI,4934,86503,91437,10,13,23,2340,2907,5247,6,0.30962,0.326223,22.473703,0.00241,0.002393,57,0.000124,0,29,0.802198,0.011144
26157,Tuscola County,,MI,3726,69047,72773,10,12,22,1955,2320,4275,6,0.30939,0.325892,2.84604,0.002535,0.001988,57,0.000119,0,29,0.814103,0.011524
26159,Van Buren County,,MI,5342,90131,95473,10,10,20,3481,3425,6906,6,0.340495,0.36034,29.93925,0.002184,0.002747,57,0.000142,0,29,0.790909,0.013152
26161,Washtenaw County,,MI,29221,360452,389673,90,100,190,20224,21784,42008,5,0.396034,0.430476,5787.150589,0.04229,0.053191,57,0.000865,0,29,0.494603,0.287744
26163,Wayne County,,MI,101713,2037729,2139442,147,260,407,53614,89522,143136,5,0.440617,0.488032,89991.936501,0.062702,0.096448,57,0.001565,0,29,0.260292,0.440003
26165,Wexford County,,MI,2717,37607,40324,12,8,20,1363,1113,2476,6,0.304067,0.319542,2077.512005,0.002372,0.001033,57,0.000243,0,29,0.401515,0.011763
27001,Aitkin County,,MN,1002,17483,18485,5,6,11,381,441,822,6,0.30467,0.318821,0.201681,0.001081,0.001125,30,0.000124,0,29,0.952381,0.007642
27003,Anoka County,,MN,25821,400189,426010,36,43,79,21770,20935,42705,6,0.360579,0.387523,7207.123535,0.007309,0.011363,30,0.000637,0,29,0.304422,0.055508
27005,Becker County,,MN,2118,38012,40130,8,8,16,1016,1108,2124,6,0.305468,0.320307,5870.768923,0.00078,0.000762,30,0.000281,0,29,0.513889,0.00635
27007,Beltrami County,,MN,2772,47035,49807,16,15,31,1514,1322,2836,6,0.306013,0.321965,6952.731737,0.001516,0.001317,30,0.000417,0,29,0.474265,0.011269
27009,Benton County,,MN,4612,43964,48576,12,11,23,3589,3352,6941,6,0.304861,0.319707,6.599258,0.00119,0.001112,30,0.000224,0,29,0.673077,0.009134
27011,Big Stone County,,MN,337,6329,6666,0,1,1,0,40,40,8,0.211807,0.216988,0,0,0,30,0.000051,0,96,0,0
27013,Blue Earth County,,MN,5832,65932,71764,23,19,42,3601,3742,7343,6,0.306689,0.323268,8916.75582,0.001745,0.001442,30,0.000514,0,29,0.351449,0.012971
27015,Brown County,,MN,1560,32985,34545,5,5,10,438,570,1008,6,0.304734,0.318793,5.542496,0.00067,0.00093,30,0.000138,0,29,0.633333,0.005253
27017,Carlton County,,MN,1942,40025,41967,6,6,12,1146,1074,2220,6,0.304734,0.318907,1.782283,0.001132,0.001123,30,0.000149,0,29,0.857143,0.008071
27019,Carver County,,MN,6752,107248,114000,14,15,29,5386,4462,9848,6,0.340495,0.361094,555.926712,0.002889,0.003498,30,0.000244,0,29,0.629167,0.02151
27021,Cass County,,MN,2295,33623,35918,10,9,19,1236,1227,2463,6,0.304861,0.319479,7.824245,0.001124,0.00103,30,0.000218,0,29,0.745455,0.008244
27023,Chippewa County,,MN,958,15620,16578,6,4,10,399,318,717,7,0.235332,0.242477,6074.469969,0.00006,0.000008,30,0.000334,0,29,0.3,0.001006
27025,Chisago County,,MN,4020,64142,68162,11,13,24,2951,3100,6051,6,0.335404,0.355235,96.703768,0.001522,0.0024,30,0.00022,0,29,0.642857,0.0106
27027,Clay County,,MN,4433,61935,66368,15,11,26,3183,2731,5914,6,0.305885,0.321279,1029.02645,0.001226,0.000835,30,0.000408,0,29,0.419118,0.009875
27029,Clearwater County,,MN,577,9781,10358,2,2,4,198,193,391,7,0.234386,0.241316,0,0.000017,0.000018,30,0.000103,0,29,1,0.000347
27031,Cook County,,MN,434,6422,6856,0,1,1,0,53,53,7,0.260586,0.269707,0,0,0.000044,30,0.000051,0,97,0,0
27033,Cottonwood County,,MN,771,14174,14945,2,3,5,120,164,284,6,0.304607,0.318336,901.772709,0.000005,0.000626,30,0.000103,0,29,0.166667,0.000236
27035,Crow Wing County,,MN,3806,72960,76766,18,20,38,2318,2307,4625,6,0.336682,0.35775,1181.514972,0.001611,0.002479,30,0.000346,0,29,0.504329,0.011995
27037,Dakota County,,MN,33350,489067,522417,69,78,147,26472,26320,52792,5,0.385663,0.416387,32279.290764,0.019874,0.029681,30,0.001131,0,29,0.295066,0.147534
27039,Dodge County,,MN,1544,24403,25947,4,6,10,770,953,1723,6,0.304893,0.319107,2.585653,0.000112,0.00071,30,0.000118,0,29,0.766667,0.000964
27041,Douglas County,,MN,2385,44589,46974,12,13,25,1232,1294,2526,6,0.305724,0.321308,4846.250029,0.001196,0.001258,30,0.000315,0,29,0.445055,0.009289
27043,Faribault County,,MN,1003,18440,19443,4,5,9,340,402,742,6,0.30483,0.31885,6.205191,0.000035,0.000656,30,0.000146,0,29,0.65,0.000635
27045,Fillmore County,,MN,1235,25525,26760,4,5,9,471,670,1141,7,0.265767,0.276258,3713.655963,0.000107,0.000074,30,0.000119,0,29,0.3,0.000947
27047,Freeborn County,,MN,1668,38897,40565,10,10,20,818,860,1678,6,0.305436,0.320422,4385.798316,0.000938,0.001144,30,0.000236,0,29,0.507576,0.007059
27049,Goodhue County,,MN,3037,57126,60163,9,11,20,1707,1866,3573,6,0.305149,0.320165,469.940275,0.001435,0.001282,30,0.000181,0,29,0.6,0.009682
27051,Grant County,,MN,523,7513,8036,2,2,4,165,167,332,7,0.234292,0.241236,0,0.00002,0.000019,30,0.000096,0,29,1,0.00036
27053,Hennepin County,,MN,86998,1333531,1420529,239,237,476,74095,76597,150692,5,0.437509,0.48263,394194.153547,0.077975,0.079501,30,0.003549,0,29,0.206805,0.557121
27055,Houston County,,MN,1118,24080,25198,2,6,8,396,650,1046,6,0.305308,0.319879,745.927317,0.000046,0.000734,29,0.000091,0,29,0.566667,0.000665
27057,Hubbard County,,MN,1582,22669,24251,7,9,16,653,761,1414,6,0.305532,0.320508,519.927369,0.000757,0.000805,30,0.000204,0,29,0.666667,0.006229
27059,Isanti County,,MN,3130,44291,47421,11,11,22,2399,2337,4736,6,0.304798,0.319622,3.948319,0.001284,0.001287,30,0.000208,0,29,0.788462,0.00951
27061,Itasca County,,MN,1832,52135,53967,9,8,17,960,874,1834,6,0.304766,0.319222,4.260568,0.001181,0.001191,30,0.000201,0,29,0.788889,0.008645
27063,Jackson County,,MN,790,12972,13762,2,3,5,154,260,414,7,0.234518,0.241379,25.020487,0.000011,0.000009,30,0.000112,0,29,0,0.000244
27065,Kanabec County,,MN,1378,18909,20287,6,9,15,625,894,1519,6,0.304702,0.319222,1.420833,0.000777,0.001084,30,0.000144,0,29,0.819444,0.00589
27067,Kandiyohi County,,MN,2664,51099,53763,10,12,22,1088,1268,2356,6,0.307562,0.323211,12130.31445,0.000954,0.001498,30,0.000318,0,29,0.371795,0.007287
27069,Kittson County,,MN,250,5646,5896,0,0,0,0,0,0,0,0,0,0,0,0,58,0.000051,47,98,0,0
27071,Koochiching County,,MN,701,15451,16152,1,2,3,49,157,206,7,0.260753,0.270171,0,0.000011,0.000056,30,0.000074,0,29,1,0.000201
27073,Lac qui Parle County,,MN,441,9152,9593,1,1,2,71,52,123,8,0.190514,0.19421,0,0,0,30,0.000122,0,29,0,0.000103
27075,Lake County,,MN,639,12936,13575,2,1,3,326,261,587,7,0.260543,0.269628,0,0.000701,0.000044,30,0.000085,0,29,1,0.005055
27077,Lake of the Woods County,,MN,278,4955,5233,1,1,2,40,46,86,8,0.210238,0.215617,0,0.000001,0,30,0.000071,0,29,0,0.000093
27079,Le Sueur County,,MN,2206,34310,36516,9,9,18,1357,1471,2828,6,0.30483,0.319422,6.043347,0.000992,0.000877,30,0.000192,0,29,0.680556,0.007295
27081,Lincoln County,,MN,411,7268,7679,2,2,4,123,104,227,7,0.23537,0.242602,8.794818,0.000016,0.000008,30,0.000121,0,29,0,0.000278
27083,Lyon County,,MN,2199,30130,32329,8,12,20,579,855,1434,6,0.306335,0.321982,13747.764999,0.000806,0.001187,30,0.000297,0,29,0.282051,0.00653
27085,McLeod County,,MN,2879,46928,49807,11,13,24,1338,1681,3019,6,0.305949,0.321594,34.186018,0.001353,0.001433,30,0.000217,0,29,0.538462,0.009836
27087,Mahnomen County,,MN,406,6050,6456,1,1,2,85,141,226,7,0.23401,0.24039,0,0.000006,0.000006,30,0.00008,0,29,0,0.000148
27089,Marshall County,,MN,684,11974,12658,2,3,5,192,306,498,7,0.258099,0.267668,0,0.000049,0.000032,30,0.000125,0,29,1,0.000425
27091,Martin County,,MN,1422,26183,27605,4,5,9,312,371,683,6,0.30483,0.318879,2503.279794,0.000017,0.000641,30,0.000196,0,29,0.233333,0.00051
27093,Meeker County,,MN,1730,28375,30105,5,7,12,852,938,1790,6,0.30483,0.319164,1.904762,0.00072,0.00099,30,0.000128,0,29,0.833333,0.005628
27095,Mille Lacs County,,MN,2137,30086,32223,12,11,23,1419,1418,2837,6,0.304861,0.319707,7.112236,0.001205,0.001079,30,0.00022,0,29,0.727273,0.009209
27097,Morrison County,,MN,2081,40815,42896,8,11,19,1076,1319,2395,6,0.304861,0.319707,463.278948,0.000748,0.00106,30,0.000181,0,29,0.709091,0.006109
27099,Mower County,,MN,2306,48320,50626,7,8,15,872,1029,1901,6,0.305244,0.31985,4644.222835,0.000749,0.000708,30,0.000207,0,29,0.482143,0.005686
27101,Murray County,,MN,508,10937,11445,2,3,5,140,151,291,7,0.234726,0.241848,3.941342,0.000015,0.000016,30,0.000104,0,29,0.166667,0.000303
27103,Nicollet County,,MN,3468,36430,39898,8,9,17,2178,2115,4293,6,0.304861,0.319479,2093.224133,0.001003,0.001093,30,0.0002,0,29,0.444444,0.007579
27105,Nobles County,,MN,1619,25214,26833,6,6,12,497,515,1012,6,0.305917,0.320582,6982.777774,0.001073,0.000742,30,0.000228,0,29,0.309524,0.007903
27107,Norman County,,MN,539,8148,8687,2,2,4,150,215,365,7,0.25803,0.267656,0,0.000057,0.000065,30,0.000114,0,29,1,0.00078
27109,Olmsted County,,MN,9702,178951,188653,28,35,63,5334,5385,10719,6,0.360846,0.38658,15516.886936,0.00596,0.01076,30,0.0005,0,29,0.359649,0.044181
27111,Otter Tail County,,MN,3454,69072,72526,15,14,29,1604,1849,3453,6,0.305789,0.321536,4567.210907,0.001161,0.001201,30,0.000415,0,29,0.425,0.009049
27113,Pennington County,,MN,990,16416,17406,7,5,12,477,426,903,7,0.26122,0.271914,4873.35656,0.000745,0.000082,30,0.000313,0,29,0.452381,0.005885
27115,Pine County,,MN,1906,31416,33322,12,10,22,1292,1239,2531,6,0.304734,0.319393,389.210522,0.00153,0.001117,30,0.000245,0,29,0.674242,0.010685
27117,Pipestone County,,MN,760,11762,12522,4,2,6,210,201,411,7,0.268484,0.278887,142.108938,0.000123,0.000101,30,0.000192,0,29,0.5,0.001271
27119,Polk County,,MN,2173,36513,38686,8,9,17,1120,1060,2180,6,0.305628,0.320622,4117.20129,0.000756,0.000773,30,0.000304,0,29,0.455556,0.006177
27121,Pope County,,MN,897,13568,14465,3,4,7,322,376,698,6,0.304607,0.31845,1169.631932,0.000686,0.000676,30,0.000099,0,29,0.75,0.0052
27123,Ramsey County,,MN,49621,563251,612872,104,107,211,38840,42433,81273,5,0.40066,0.435019,64740.845209,0.034103,0.040088,30,0.001554,0,29,0.278476,0.247707
27125,Red Lake County,,MN,252,4988,5240,2,1,3,162,53,215,8,0.207132,0.21228,0,0.000007,0.000006,30,0.000133,0,29,1,0.000288
27127,Redwood County,,MN,1133,19746,20879,5,6,11,367,420,787,6,0.304925,0.319222,2949.916539,0.000982,0.000652,30,0.000144,0,29,0.428571,0.007121
27129,Renville County,,MN,1183,19974,21157,5,5,10,399,486,885,6,0.304734,0.318764,47.27269,0.000861,0.000693,30,0.00014,0,29,0.533333,0.007432
27131,Rice County,,MN,4277,69417,73694,11,13,24,2224,2423,4647,6,0.335906,0.355836,170.212574,0.001474,0.002366,30,0.00022,0,29,0.660256,0.010276
27133,Rock County,,MN,610,11884,12494,3,3,6,265,285,550,7,0.268706,0.279362,3.064683,0.000119,0.00011,30,0.000199,0,29,0.666667,0.001189
27135,Roseau County,,MN,891,20199,21090,2,6,8,93,321,414,7,0.26618,0.277556,5863,0.000051,0.000134,30,0.000142,0,29,0.466667,0.000678
27137,St. Louis County,,MN,9456,225187,234643,36,30,66,5642,5654,11296,6,0.352302,0.376417,19439.291852,0.005426,0.007885,30,0.000771,0,29,0.27561,0.041271
27139,Scott County,,MN,10371,153419,163790,18,22,40,8735,7364,16099,6,0.345539,0.367684,715.736402,0.002813,0.004613,30,0.000311,0,29,0.564935,0.020846
27141,Sherburne County,,MN,8011,101016,109027,16,18,34,6157,5884,12041,6,0.336022,0.356636,149.798751,0.001651,0.002542,30,0.000288,0,29,0.634503,0.01201
27143,Sibley County,,MN,1163,18979,20142,5,8,13,367,676,1043,6,0.304766,0.319193,3.278521,0.000722,0.000718,30,0.000121,0,29,0.678571,0.005477
27145,Stearns County,,MN,10946,168931,179877,31,33,64,7340,8019,15359,6,0.347557,0.371479,9118.080349,0.005008,0.004727,30,0.00058,0,29,0.334921,0.038013
27147,Steele County,,MN,2755,46575,49330,11,10,21,1299,1464,2763,6,0.305212,0.320107,244.265615,0.001378,0.001153,30,0.00023,0,29,0.654545,0.0097
27149,Stevens County,,MN,715,10444,11159,2,2,4,112,97,209,6,0.304479,0.318021,0,0.000016,0.000636,30,0.000092,0,29,1,0.000306
27151,Swift County,,MN,661,12186,12847,2,2,4,163,169,332,7,0.235294,0.242134,0,0.000012,0.000008,30,0.000144,0,29,1,0.000261
27153,Todd County,,MN,1734,28204,29938,9,9,18,779,1023,1802,6,0.3055,0.32045,502.87451,0.00083,0.000769,30,0.000203,0,29,0.677778,0.006589
27155,Traverse County,,MN,260,4290,4550,0,0,0,0,0,0,0,0,0,0,0,0,59,0.000051,48,99,0,0
27157,Wabasha County,,MN,1442,27413,28855,4,5,9,731,823,1554,6,0.304893,0.319021,163.451376,0.000107,0.000865,30,0.000119,0,29,0.7,0.000986
27159,Wadena County,,MN,1100,15964,17064,5,6,11,423,559,982,6,0.304702,0.318879,3.819444,0.000051,0.000667,30,0.000143,0,29,0.642857,0.000834
27161,Waseca County,,MN,1444,22792,24236,7,7,14,683,729,1412,6,0.30483,0.319136,3.630891,0.000703,0.000686,30,0.000177,0,29,0.738095,0.005646
27163,Washington County,,MN,19684,284104,303788,34,39,73,16173,15421,31594,6,0.361876,0.388792,4216.228625,0.008969,0.013541,30,0.00055,0,29,0.395349,0.065976
27165,Watonwan County,,MN,730,13400,14130,4,2,6,275,213,488,7,0.23482,0.241905,4.033333,0.000031,0.000014,30,0.000155,0,29,0.333333,0.000568
27167,Wilkin County,,MN,601,8241,8842,4,3,7,274,298,572,7,0.258144,0.268056,0.388889,0.000068,0.000065,30,0.000172,0,29,0.916667,0.001059
27169,Winona County,,MN,3065,55123,58188,13,10,23,1316,1604,2920,6,0.3055,0.320679,4532.041729,0.002457,0.001157,30,0.000256,0,29,0.442308,0.017592
27171,Wright County,,MN,9037,148935,157972,16,18,34,7268,6393,13661,6,0.33579,0.35635,347.568321,0.002723,0.002508,30,0.000278,0,29,0.627451,0.020166
27173,Yellow Medicine County,,MN,713,12850,13563,2,2,4,194,188,382,7,0.234575,0.241431,15.772782,0.00001,0.000007,30,0.000143,0,29,0.5,0.000252
28001,Adams County,,MS,2067,31967,34034,7,11,18,626,992,1618,6,0.325555,0.344564,5098.704168,0.000427,0.002841,61,0.000204,0,29,0.378205,0.003495
28003,Alcorn County,,MS,2083,36849,38932,7,9,16,931,1086,2017,6,0.30566,0.319719,1935.380643,0.000727,0.000661,61,0.00021,0,29,0.5,0.005428
28005,Amite County,,MS,986,13343,14329,3,3,6,382,394,776,6,0.279525,0.291387,1.303114,0.000311,0.000289,53,0.000112,0,29,0.833333,0.002489
28007,Attala County,,MS,1058,20108,21166,6,7,13,481,510,991,7,0.269302,0.280854,338.150453,0.000222,0.000194,61,0.000173,0,29,0.517857,0.002109
28009,Benton County,,MS,692,8665,9357,4,5,9,431,427,858,6,0.305308,0.318633,0.5,0.000643,0.000636,61,0.000142,0,29,0.9,0.004569
28011,Bolivar County,,MS,2277,36503,38780,9,9,18,912,1143,2055,6,0.306625,0.320993,199.119644,0.00187,0.000836,61,0.000188,0,29,0.522727,0.013654
28013,Calhoun County,,MS,715,15804,16519,4,5,9,242,323,565,7,0.237788,0.246015,25.245471,0.000013,0.000028,61,0.000144,0,29,0.428571,0.00047
28015,Carroll County,,MS,845,11130,11975,3,3,6,410,414,824,7,0.234953,0.241756,7.70342,0.000013,0.000012,61,0.000114,0,29,0.833333,0.000369
28017,Chickasaw County,,MS,1190,20065,21255,6,5,11,695,687,1382,7,0.235427,0.2429,26.071695,0.00001,0.000021,61,0.000199,0,29,0.466667,0.00076
28019,Choctaw County,,MS,631,8728,9359,3,4,7,222,320,542,7,0.248975,0.258203,6.445379,0.000029,0.000014,61,0.000129,0,29,0.5,0.000391
28021,Claiborne County,,MS,873,10730,11603,3,3,6,398,517,915,7,0.266594,0.277241,161.615623,0.000121,0.000093,61,0.000113,0,29,0.833333,0.001043
28023,Clarke County,,MS,1117,18725,19842,4,4,8,562,561,1123,7,0.256532,0.266056,105.71788,0.000051,0.000035,61,0.000133,0,29,0.666667,0.00068
28025,Clay County,,MS,1257,22007,23264,6,5,11,593,646,1239,7,0.260055,0.269948,106.888386,0.000062,0.00005,61,0.000191,0,29,0.633333,0.000999
28027,Coahoma County,,MS,1707,28537,30244,8,7,15,729,736,1465,6,0.30611,0.320119,1611.475278,0.000739,0.000731,61,0.000197,0,29,0.513889,0.005519
28029,Copiah County,,MS,1774,31711,33485,4,6,10,770,1058,1828,7,0.269227,0.280568,5.124534,0.000168,0.000175,61,0.00013,0,29,0.666667,0.001488
28031,Covington County,,MS,1219,20826,22045,6,6,12,679,751,1430,7,0.249295,0.258957,9.254812,0.000075,0.000029,61,0.000186,0,29,0.6,0.000917
28033,DeSoto County,,MS,13551,179255,192806,38,37,75,11148,8644,19792,5,0.362822,0.38818,17844.063672,0.006921,0.010012,61,0.00075,0,29,0.236232,0.053728
28035,Forrest County,,MS,7504,72133,79637,27,24,51,5064,4687,9751,6,0.329194,0.350303,9776.528248,0.00094,0.003916,61,0.000604,0,29,0.25,0.009808
28037,Franklin County,,MS,499,8850,9349,2,3,5,108,203,311,7,0.245972,0.254453,1.946032,0.000033,0.000022,61,0.000084,0,29,0.333333,0.000236
28039,George County,,MS,1308,22880,24188,4,3,7,708,597,1305,6,0.278006,0.28906,3.394019,0.000525,0.000378,0,0.000126,0,29,0.75,0.005007
28041,Greene County,,MS,684,12177,12861,6,5,11,399,352,751,6,0.27745,0.288837,335.410642,0.000331,0.000271,61,0.00019,0,29,0.466667,0.00349
28043,Grenada County,,MS,1583,24532,26115,8,12,20,658,773,1431,6,0.306883,0.321822,10821.386479,0.00064,0.000765,61,0.000221,0,29,0.326923,0.004851
28045,Hancock County,,MS,3172,39267,42439,6,8,14,1561,1588,3149,6,0.284933,0.2982,7.161197,0.001,0.0013,0,0.000145,0,29,0.803571,0.010017
28047,Harrison County,,MS,17816,186657,204473,72,64,136,9647,9966,19613,5,0.381226,0.41122,24181.429921,0.031805,0.028448,0,0.000969,0,29,0.424373,0.235858
28049,Hinds County,,MS,17047,265309,282356,50,53,103,10903,12806,23709,6,0.363229,0.391678,57655.132423,0.010659,0.013719,61,0.000921,0,29,0.240085,0.083418
28051,Holmes County,,MS,1279,21188,22467,6,6,12,515,768,1283,7,0.269252,0.280596,379.568218,0.001193,0.000181,61,0.000151,0,29,0.666667,0.008973
28053,Humphreys County,,MS,673,9985,10658,4,5,9,218,269,487,7,0.26696,0.278087,2.596713,0.00016,0.000162,61,0.000109,0,29,0.65,0.001363
28055,Issaquena County,,MS,96,1077,1173,0,0,0,0,0,0,0,0,0,0,0,0,60,0.000051,49,100,0,0
28057,Itawamba County,,MS,1727,25014,26741,6,8,14,991,1199,2190,7,0.236708,0.245409,68.761395,0.00001,0.000036,61,0.00021,0,29,0.375,0.00081
28059,Jackson County,,MS,10730,148180,158910,35,28,63,5990,5688,11678,6,0.34562,0.369422,7153.244037,0.014888,0.008415,0,0.000565,0,29,0.44926,0.11396
28061,Jasper County,,MS,1347,19261,20608,3,6,9,655,916,1571,7,0.258419,0.268777,15.68843,0.000013,0.000042,61,0.000126,0,29,0.466667,0.000352
28063,Jefferson County,,MS,481,8494,8975,3,4,7,257,237,494,7,0.266691,0.277556,3.456746,0.000034,0.000097,61,0.000121,0,29,0.75,0.000369
28065,Jefferson Davis County,,MS,839,13514,14353,6,8,14,426,594,1020,7,0.267253,0.279059,40.133515,0.000063,0.000154,61,0.000197,0,29,0.589286,0.000894
28067,Jones County,,MS,3935,68741,72676,13,13,26,2148,2193,4341,6,0.323067,0.341478,6646.52875,0.000555,0.00155,61,0.000322,0,29,0.417582,0.005574
28069,Kemper County,,MS,536,9507,10043,2,2,4,255,277,532,7,0.256374,0.265427,0,0.000039,0.00003,61,0.000099,0,29,1,0.000439
28071,Lafayette County,,MS,3651,37913,41564,15,16,31,1440,1509,2949,6,0.310742,0.327252,6884.092275,0.000992,0.001585,61,0.000361,0,29,0.363971,0.007864
28073,Lamar County,,MS,5811,51759,57570,20,19,39,3996,3527,7523,6,0.327236,0.347908,8058.993937,0.001756,0.003592,61,0.000422,0,29,0.405797,0.014993
28075,Lauderdale County,,MS,4500,83770,88270,21,24,45,2051,2055,4106,6,0.344599,0.367558,21827.441492,0.003486,0.004763,61,0.000466,0,29,0.285714,0.02694
28077,Lawrence County,,MS,791,14145,14936,5,5,10,374,346,720,7,0.266813,0.278013,75.948051,0.000135,0.000097,61,0.000139,0,29,0.619048,0.001363
28079,Leake County,,MS,1113,22750,23863,6,7,13,734,715,1449,7,0.269227,0.280682,18.261714,0.000223,0.000177,61,0.000177,0,29,0.666667,0.002074
28081,Lee County,,MS,5630,90814,96444,19,18,37,3673,3369,7042,6,0.30753,0.323651,15656.412022,0.00177,0.001029,61,0.000475,0,29,0.307359,0.013496
28083,Leflore County,,MS,2155,32844,34999,8,9,17,729,981,1710,6,0.306238,0.320576,4688.119553,0.000814,0.000786,61,0.000206,0,29,0.444444,0.006038
28085,Lincoln County,,MS,1843,37273,39116,7,9,16,920,900,1820,6,0.322995,0.340849,2714.884209,0.000171,0.00128,61,0.000191,0,29,0.422222,0.001893
28087,Lowndes County,,MS,4509,63276,67785,13,15,28,1591,1389,2980,6,0.342736,0.363146,14248.179077,0.0023,0.003052,61,0.000334,0,29,0.297386,0.017804
28089,Madison County,,MS,8528,98910,107438,30,27,57,6624,5775,12399,6,0.358583,0.383293,12819.140052,0.005749,0.007745,61,0.000572,0,29,0.321321,0.045113
28091,Marion County,,MS,1566,27827,29393,7,5,12,633,745,1378,7,0.266886,0.278099,489.529075,0.000457,0.000108,61,0.000175,0,29,0.428571,0.004094
28093,Marshall County,,MS,2889,39207,42096,7,7,14,2007,1881,3888,6,0.305404,0.319033,7.089633,0.000741,0.000654,61,0.0002,0,29,0.642857,0.005447
28095,Monroe County,,MS,2141,41177,43318,9,8,17,1177,1224,2401,7,0.260241,0.27072,2322.744079,0.000691,0.000046,61,0.000273,0,29,0.458333,0.005316
28097,Montgomery County,,MS,821,11985,12806,2,3,5,241,315,556,7,0.234953,0.241756,0,0.000006,0.000012,61,0.000098,0,29,1,0.000228
28099,Neshoba County,,MS,1664,31927,33591,8,7,15,865,803,1668,7,0.267769,0.278836,424.202076,0.000199,0.000117,61,0.000267,0,29,0.472222,0.002094
28101,Newton County,,MS,1361,24483,25844,6,4,10,702,640,1342,7,0.259454,0.269645,12.527028,0.000089,0.00007,61,0.000179,0,29,0.533333,0.001208
28103,Noxubee County,,MS,635,13634,14269,1,2,3,95,223,318,7,0.259777,0.268948,0,0.000025,0.00003,61,0.000069,0,29,1,0.00024
28105,Oktibbeha County,,MS,4017,39221,43238,18,19,37,1592,1729,3321,6,0.330988,0.352412,21956.870373,0.001428,0.00362,61,0.000443,0,29,0.331169,0.011035
28107,Panola County,,MS,2322,38431,40753,10,9,19,1209,1350,2559,6,0.3055,0.319433,3140.767361,0.000749,0.000645,61,0.000249,0,29,0.488889,0.005704
28109,Pearl River County,,MS,3413,55374,58787,10,11,21,1828,1823,3651,6,0.321961,0.339878,165.369976,0.001016,0.00229,53,0.000233,0,29,0.572727,0.010001
28111,Perry County,,MS,962,13018,13980,4,5,9,422,557,979,6,0.276739,0.28818,6.10704,0.000075,0.000284,61,0.000144,0,29,0.7,0.000716
28113,Pike County,,MS,2676,43487,46163,12,14,26,1380,1543,2923,6,0.287064,0.302423,4218.626845,0.002171,0.001434,53,0.000271,0,29,0.352941,0.018119
28115,Pontotoc County,,MS,1924,31709,33633,7,8,15,1241,1193,2434,7,0.250645,0.260992,88.671466,0.000027,0.000051,61,0.000229,0,29,0.444444,0.000984
28117,Prentiss County,,MS,1357,25939,27296,6,6,12,911,858,1769,7,0.235617,0.243471,7.723062,0.000025,0.000037,61,0.000198,0,29,0.633333,0.000885
28119,Quitman County,,MS,625,8144,8769,2,4,6,160,299,459,6,0.266374,0.276189,0,0.000011,0.000073,61,0.000098,0,29,1,0.000286
28121,Rankin County,,MS,10750,147850,158600,38,33,71,8660,7072,15732,6,0.33425,0.357876,22301.065345,0.004921,0.005847,61,0.000759,0,29,0.243939,0.040122
28123,Scott County,,MS,1786,30015,31801,5,7,12,860,1042,1902,7,0.269277,0.280796,79.976603,0.000159,0.000176,61,0.00017,0,29,0.595238,0.001582
28125,Sharkey County,,MS,395,5428,5823,1,0,1,83,0,83,0,0,0,0,0.00003,0,61,0.000062,0,8,0,0.000314
28127,Simpson County,,MS,1781,27370,29151,8,7,15,1057,1018,2075,7,0.267131,0.278745,250.704766,0.000193,0.000136,61,0.000222,0,29,0.5,0.001989
28129,Smith County,,MS,952,15916,16868,6,6,12,619,566,1185,7,0.250796,0.260866,251.543496,0.000062,0.000047,61,0.000183,0,29,0.4,0.001027
28131,Stone County,,MS,1205,16452,17657,5,5,10,906,625,1531,6,0.277081,0.288523,0.380762,0.000375,0.000405,0,0.000139,0,29,0.9,0.003558
28133,Sunflower County,,MS,1751,27758,29509,6,8,14,662,890,1552,6,0.306238,0.320433,1222.73131,0.000782,0.000756,61,0.000143,0,29,0.589286,0.005703
28135,Tallahatchie County,,MS,934,13831,14765,4,7,11,231,524,755,6,0.3055,0.319204,529.200051,0.000018,0.000651,61,0.000129,0,29,0.571429,0.000521
28137,Tate County,,MS,1997,30206,32203,6,6,12,1649,1252,2901,6,0.305404,0.318919,2.430556,0.000736,0.000644,61,0.000172,0,29,0.8,0.005289
28139,Tippah County,,MS,1217,24030,25247,9,7,16,708,690,1398,6,0.3055,0.319204,1278.791456,0.000743,0.00065,61,0.000241,0,29,0.5,0.005666
28141,Tishomingo County,,MS,1178,20400,21578,6,6,12,635,652,1287,7,0.236765,0.245146,1347.5568,0.000641,0.000027,61,0.000185,0,29,0.428571,0.004739
28143,Tunica County,,MS,1415,13267,14682,7,6,13,794,862,1656,6,0.305404,0.318919,105.567749,0.000732,0.000644,61,0.000189,0,29,0.607143,0.005409
28145,Union County,,MS,1607,29713,31320,11,9,20,1299,1027,2326,6,0.305596,0.319604,2682.100278,0.000751,0.000658,61,0.000292,0,29,0.509091,0.005943
28147,Walthall County,,MS,987,15691,16678,3,4,7,381,488,869,7,0.247938,0.256997,5.313782,0.000031,0.00003,53,0.000111,0,29,0.4,0.000538
28149,Warren County,,MS,3339,56474,59813,8,8,16,1106,1165,2271,6,0.322781,0.340364,5851.706421,0.000879,0.001257,61,0.000211,0,29,0.444444,0.006471
28151,Washington County,,MS,3407,57947,61354,9,14,23,920,1534,2454,6,0.329827,0.349897,4900.34844,0.003605,0.003731,61,0.000182,0,29,0.447619,0.028177
28153,Wayne County,,MS,1040,22449,23489,5,5,10,400,479,879,7,0.247938,0.257111,122.339269,0.00028,0.000017,61,0.000162,0,29,0.47619,0.002639
28155,Webster County,,MS,788,11093,11881,3,6,9,231,371,602,7,0.249124,0.258803,39.149143,0.000035,0.000018,61,0.000113,0,29,0.3,0.00043
28157,Wilkinson County,,MS,551,9901,10452,3,3,6,186,227,413,6,0.279498,0.291329,2.058584,0.000311,0.000275,53,0.000112,0,29,0.666667,0.002489
28159,Winston County,,MS,958,20710,21668,4,3,7,350,335,685,7,0.248848,0.257831,7.331349,0.000032,0.000013,61,0.000151,0,29,0.333333,0.000523
28161,Yalobusha County,,MS,793,13924,14717,5,5,10,517,433,950,7,0.237421,0.245329,229.632742,0.00011,0.000019,61,0.000142,0,29,0.566667,0.001107
28163,Yazoo County,,MS,1459,25447,26906,5,7,12,527,800,1327,6,0.3311,0.34868,558.559908,0.000222,0.001738,61,0.000143,0,29,0.666667,0.002006
29001,Adair County,,MO,1980,23556,25536,10,8,18,662,599,1261,6,0.336565,0.355567,18756.117499,0.002136,0.002157,62,0.000364,0,29,0.219697,0.015328
29003,Andrew County,,MO,1828,20770,22598,5,4,9,1243,1220,2463,7,0.268459,0.279167,128.859359,0.000131,0.000255,62,0.000174,0,29,0.566667,0.001747
29005,Atchison County,,MO,307,6897,7204,0,1,1,0,40,40,7,0.232227,0.23846,0,0,0.000004,62,0.000051,0,101,0,0
29007,Audrain County,,MO,1789,28069,29858,7,7,14,698,851,1549,6,0.30152,0.314958,1200.421947,0.000162,0.00069,62,0.000214,0,29,0.347222,0.001571
29009,Barry County,,MO,2971,36753,39724,10,11,21,1427,1781,3208,7,0.277055,0.290524,70.862013,0.000563,0.000658,62,0.000287,0,29,0.6,0.006075
29011,Barton County,,MO,973,14228,15201,4,5,9,390,537,927,7,0.271433,0.283586,6.278519,0.000077,0.000242,62,0.00013,0,29,0.65,0.001053
29013,Bates County,,MO,1319,18864,20183,4,6,10,499,690,1189,6,0.298099,0.311374,12.508514,0.00047,0.000894,62,0.000123,0,29,0.547619,0.003562
29015,Benton County,,MO,1428,19520,20948,5,6,11,518,639,1157,6,0.292477,0.304784,2.907612,0.000584,0.000472,62,0.000142,0,29,0.714286,0.004736
29017,Bollinger County,,MO,795,13060,13855,5,5,10,408,479,887,7,0.246492,0.255168,15.605321,0.00003,0.000023,62,0.000202,0,29,0.5,0.000682
29019,Boone County,,MO,12548,162130,174678,55,50,105,7459,6791,14250,6,0.373129,0.401309,70214.455389,0.011738,0.017322,62,0.001204,0,29,0.250248,0.091371
29021,Buchanan County,,MO,5722,96007,101729,21,15,36,3392,3182,6574,6,0.304162,0.319702,20743.422674,0.003131,0.001635,62,0.000534,0,29,0.307143,0.024098
29023,Butler County,,MO,2815,44405,47220,11,11,22,1487,1372,2859,6,0.302898,0.317473,16979.943994,0.000828,0.000766,62,0.000417,0,29,0.30303,0.006463
29025,Caldwell County,,MO,769,10202,10971,5,6,11,369,448,817,6,0.292624,0.305041,938.393988,0.00012,0.000555,62,0.000183,0,29,0.571429,0.001635
29027,Callaway County,,MO,3605,47051,50656,10,8,18,2111,1956,4067,6,0.302552,0.316644,1206.591025,0.001489,0.00103,62,0.000259,0,29,0.545455,0.010433
29029,Camden County,,MO,3820,44753,48573,18,15,33,1984,1903,3887,6,0.307465,0.32352,754.661773,0.003182,0.00219,62,0.000359,0,29,0.418421,0.022897
29031,Cape Girardeau County,,MO,4834,82461,87295,24,18,42,3150,2427,5577,6,0.326686,0.346439,40315.781135,0.002029,0.002377,62,0.000663,0,29,0.213846,0.015387
29033,Carroll County,,MO,690,11122,11812,2,4,6,101,280,381,6,0.292507,0.304584,2.721561,0.00001,0.000418,62,0.000104,0,29,0.5,0.000266
29035,Carter County,,MO,464,6344,6808,1,2,3,104,198,302,7,0.232517,0.238919,0,0.000006,0.000007,62,0.000083,0,29,1,0.000153
29037,Cass County,,MO,8027,114331,122358,13,16,29,5935,5253,11188,6,0.336487,0.356664,551.341249,0.002429,0.003466,62,0.000278,0,29,0.483333,0.018841
29039,Cedar County,,MO,1188,14493,15681,4,4,8,356,454,810,7,0.271029,0.282768,2.738889,0.000182,0.000174,62,0.000139,0,29,0.5,0.001756
29041,Chariton County,,MO,500,9300,9800,1,3,4,44,208,252,7,0.27199,0.282488,0.94359,0.000004,0.000096,62,0.000071,0,29,0.5,0.000104
29043,Christian County,,MO,8001,82046,90047,22,19,41,6185,5294,11479,6,0.311073,0.329012,4998.04997,0.00403,0.002783,62,0.00052,0,29,0.330484,0.031352
29045,Clark County,,MO,454,8262,8716,1,1,2,92,107,199,7,0.221783,0.227677,0,0.000004,0.000001,30,0.000073,0,29,0,0.000104
29047,Clay County,,MO,19348,256116,275464,51,41,92,16894,13846,30740,6,0.365826,0.392947,26654.749327,0.017121,0.01312,62,0.000918,0,29,0.350251,0.127927
29049,Clinton County,,MO,2080,23944,26024,8,7,15,1193,1292,2485,6,0.292683,0.305298,2556.495569,0.000632,0.000656,62,0.000242,0,29,0.535714,0.005657
29051,Cole County,,MO,5470,86508,91978,18,16,34,3261,3303,6564,6,0.331251,0.350463,7391.452573,0.003384,0.00321,62,0.000421,0,29,0.432749,0.024314
29053,Cooper County,,MO,1375,18591,19966,4,5,9,557,627,1184,7,0.27199,0.282843,4.94127,0.000154,0.00011,62,0.000179,0,29,0.6,0.001279
29055,Crawford County,,MO,1695,26537,28232,8,9,17,1045,1001,2046,6,0.30227,0.316329,1294.750171,0.000957,0.000984,62,0.000187,0,29,0.611111,0.006735
29057,Dade County,,MO,676,8496,9172,3,5,8,218,373,591,7,0.27113,0.283111,25.668318,0.000225,0.000232,62,0.000111,0,29,0.55,0.002078
29059,Dallas County,,MO,1608,17747,19355,5,7,12,667,932,1599,7,0.271054,0.283197,4.62061,0.000184,0.00023,62,0.00016,0,29,0.595238,0.00185
29061,Daviess County,,MO,669,9531,10200,4,5,9,221,287,508,7,0.226679,0.233204,12.121825,0.000011,0.000014,62,0.00018,0,29,0.35,0.000483
29063,DeKalb County,,MO,845,10643,11488,4,5,9,381,465,846,7,0.268212,0.278996,201.860916,0.000023,0.000169,62,0.000167,0,29,0.566667,0.000646
29065,Dent County,,MO,935,15365,16300,2,2,4,214,243,457,7,0.235313,0.242308,0,0.00002,0.000018,62,0.000094,0,29,1,0.000328
29067,Douglas County,,MO,870,13299,14169,5,4,9,352,406,758,7,0.270903,0.282511,1.533333,0.000194,0.000194,62,0.000151,0,29,0.6,0.002023
29069,Dunklin County,,MO,2249,31403,33652,8,10,18,995,1326,2321,7,0.252206,0.26345,366.610361,0.000036,0.000051,61,0.000281,0,29,0.388889,0.001058
29071,Franklin County,,MO,6054,125222,131276,15,16,31,3911,3970,7881,6,0.338362,0.358573,1239.299083,0.002233,0.003018,62,0.000303,0,29,0.486928,0.016131
29073,Gasconade County,,MO,1183,17968,19151,5,7,12,536,719,1255,6,0.30096,0.314129,1420.078535,0.00066,0.00059,62,0.000142,0,29,0.404762,0.004585
29075,Gentry County,,MO,463,7541,8004,2,2,4,84,141,225,7,0.233373,0.240211,6.157576,0.000024,0.000029,62,0.000099,0,29,0.5,0.000426
29077,Greene County,,MO,21727,294292,316019,76,69,145,15117,14327,29444,6,0.37137,0.402949,92554.044365,0.019728,0.020787,62,0.001481,0,29,0.258353,0.151447
29079,Grundy County,,MO,712,11238,11950,3,2,5,160,186,346,7,0.226538,0.232404,2953.785394,0.000005,0.000004,62,0.000147,0,29,0,0.000333
29081,Harrison County,,MO,620,9993,10613,3,3,6,160,137,297,7,0.233467,0.240582,3204.223428,0.000433,0.000025,62,0.000137,0,29,0.2,0.003232
29083,Henry County,,MO,1669,24895,26564,8,8,16,905,838,1743,6,0.299046,0.312763,30.72244,0.000688,0.001025,62,0.000198,0,29,0.597222,0.005527
29085,Hickory County,,MO,723,9177,9900,5,5,10,303,359,662,6,0.293478,0.306001,58.370832,0.000611,0.000573,62,0.000152,0,29,0.65,0.004772
29087,Holt County,,MO,359,5977,6336,2,3,5,106,179,285,7,0.233373,0.240337,0,0.000024,0.00003,62,0.000099,0,29,1,0.000426
29089,Howard County,,MO,750,10978,11728,3,2,5,404,375,779,7,0.271787,0.282042,0.5,0.000144,0.000095,62,0.000122,0,29,0.666667,0.001079
29091,Howell County,,MO,2570,42255,44825,7,8,15,837,1025,1862,7,0.271433,0.283969,8896.549957,0.000196,0.000217,62,0.000258,0,29,0.277778,0.002234
29093,Iron County,,MO,835,10702,11537,2,4,6,287,415,702,7,0.254384,0.26333,0.916667,0.000018,0.000055,62,0.000088,0,29,0.7,0.00032
29095,Jackson County,,MO,44300,745191,789491,134,128,262,33919,35321,69240,5,0.412856,0.448685,133486.883717,0.050182,0.05388,62,0.002133,0,29,0.310651,0.370408
29097,Jasper County,,MO,8339,124185,132524,33,29,62,5576,4972,10548,6,0.352557,0.377212,17677.740656,0.008231,0.007011,62,0.00068,0,29,0.344595,0.064427
29099,Jefferson County,,MO,13638,263709,277347,24,23,47,10905,9941,20846,6,0.340694,0.362277,11538.959676,0.004895,0.004102,62,0.000489,0,29,0.369048,0.036151
29101,Johnson County,,MO,5867,52378,58245,14,13,27,2169,2235,4404,6,0.334059,0.353961,632.435333,0.004039,0.004391,62,0.000269,0,29,0.578431,0.030666
29103,Knox County,,MO,334,4636,4970,1,1,2,46,61,107,7,0.251879,0.259552,15.903107,0,0.000017,62,0.000082,0,29,0,0.00009
29105,Laclede County,,MO,2486,39207,41693,7,8,15,991,1070,2061,6,0.29568,0.308819,124.036835,0.000301,0.000733,62,0.00018,0,29,0.5,0.00302
29107,Lafayette County,,MO,2656,38444,41100,6,8,14,1295,1739,3034,6,0.298007,0.311431,16.756468,0.00061,0.001005,62,0.000171,0,29,0.642857,0.005039
29109,Lawrence County,,MO,3146,41438,44584,7,8,15,1828,1922,3750,6,0.294575,0.308145,64.551345,0.000265,0.000918,62,0.00021,0,29,0.666667,0.002943
29111,Lewis County,,MO,650,11079,11729,2,3,5,219,289,508,7,0.247875,0.255808,2948,0.00002,0.000015,62,0.00011,0,29,0.333333,0.00032
29113,Lincoln County,,MO,3943,60487,64430,8,8,16,3054,2529,5583,6,0.301895,0.315529,59.595964,0.001256,0.00114,62,0.00019,0,29,0.677778,0.008819
29115,Linn County,,MO,910,14923,15833,4,3,7,235,203,438,7,0.272116,0.282745,146.441892,0.000107,0.0001,62,0.00015,0,29,0.233333,0.001411
29117,Livingston County,,MO,969,16024,16993,7,7,14,599,424,1023,6,0.2928,0.305498,9638.977604,0.000547,0.000567,62,0.000267,0,29,0.214286,0.004664
29119,McDonald County,,MO,1934,22309,24243,8,6,14,1276,1145,2421,7,0.273162,0.284826,21.299674,0.000409,0.000455,62,0.000211,0,29,0.589286,0.004539
29121,Macon County,,MO,1043,18264,19307,5,5,10,388,461,849,7,0.272116,0.283003,2207.44483,0.000161,0.000113,62,0.000203,0,29,0.25,0.001383
29123,Madison County,,MO,869,13137,14006,3,4,7,227,453,680,7,0.258809,0.268479,49.92174,0.000043,0.000065,62,0.000123,0,29,0.666667,0.00067
29125,Maries County,,MO,702,9456,10158,3,4,7,270,333,603,7,0.249316,0.257814,6.460734,0.000023,0.000044,62,0.000129,0,29,0.416667,0.000408
29127,Marion County,,MO,2003,32790,34793,9,7,16,920,893,1813,6,0.281114,0.292856,6072.174292,0.000182,0.000308,62,0.000293,0,29,0.222222,0.001871
29129,Mercer County,,MO,311,4092,4403,1,0,1,49,0,49,0,0,0,0,0,0,62,0.000113,0,6,0,0.000092
29131,Miller County,,MO,2018,25731,27749,6,9,15,1098,1135,2233,6,0.281766,0.294502,55.124072,0.000296,0.000434,62,0.000184,0,29,0.555556,0.002636
29133,Mississippi County,,MO,778,13425,14203,2,3,5,245,427,672,7,0.246409,0.254688,0,0.000006,0.000017,62,0.000107,0,29,1,0.000207
29135,Moniteau County,,MO,1123,17176,18299,6,5,11,612,595,1207,7,0.272015,0.2829,5.10635,0.000184,0.000135,62,0.000188,0,29,0.7,0.001687
29137,Monroe County,,MO,695,10508,11203,3,5,8,197,349,546,7,0.272116,0.283043,1962.065488,0.000143,0.000098,62,0.000122,0,29,0.45,0.001066
29139,Montgomery County,,MO,1055,14022,15077,5,7,12,413,595,1008,6,0.280466,0.291952,21.549448,0.000263,0.000329,62,0.000155,0,29,0.428571,0.002071
29141,Morgan County,,MO,1789,21817,23606,7,7,14,806,1032,1838,6,0.293095,0.30583,95.936007,0.000494,0.000561,62,0.000199,0,29,0.642857,0.004153
29143,New Madrid County,,MO,1316,19323,20639,6,6,12,774,741,1515,7,0.247119,0.256185,1284.083352,0.000025,0.000017,62,0.000219,0,29,0.566667,0.000747
29145,Newton County,,MO,5010,61006,66016,13,11,24,3113,3216,6329,6,0.297551,0.312729,486.047363,0.00097,0.00129,62,0.000334,0,29,0.527473,0.009501
29147,Nodaway County,,MO,1521,21866,23387,6,11,17,418,727,1145,6,0.302364,0.316781,7252.978719,0.000453,0.001394,62,0.000234,0,29,0.325758,0.00373
29149,Oregon County,,MO,698,9891,10589,2,3,5,164,270,434,7,0.271231,0.28294,109.246275,0.000002,0.00016,62,0.000115,0,29,0.5,0.000213
29151,Osage County,,MO,675,16232,16907,5,3,8,486,351,837,7,0.249018,0.257151,29.979023,0.000063,0.000039,62,0.000161,0,29,0.35,0.00093
29153,Ozark County,,MO,664,9520,10184,2,5,7,114,335,449,7,0.271306,0.28334,6.989651,0.000007,0.000188,62,0.000112,0,29,0.45,0.000358
29155,Pemiscot County,,MO,1298,18305,19603,4,5,9,448,594,1042,7,0.251011,0.260729,108.341454,0.000018,0.00003,61,0.000149,0,29,0.4,0.000507
29157,Perry County,,MO,1009,22078,23087,7,5,12,570,468,1038,6,0.301177,0.314215,1083.485922,0.000674,0.000575,62,0.000218,0,29,0.47619,0.004872
29159,Pettis County,,MO,2923,47671,50594,13,13,26,1432,1368,2800,6,0.299753,0.314466,396.535332,0.000935,0.00127,62,0.000342,0,29,0.445055,0.007919
29161,Phelps County,,MO,3537,44241,47778,12,16,28,1303,1579,2882,6,0.307433,0.323548,7305.692968,0.001349,0.00226,62,0.000292,0,29,0.481618,0.009895
29163,Pike County,,MO,1077,19082,20159,7,6,13,478,536,1014,6,0.301645,0.314958,1515.69923,0.000394,0.000854,62,0.000213,0,29,0.392857,0.002933
29165,Platte County,,MO,11652,97932,109584,31,21,52,8559,8262,16821,6,0.357967,0.381796,4474.479694,0.011102,0.008689,62,0.000559,0,29,0.529412,0.080743
29167,Polk County,,MO,2484,31121,33605,8,7,15,1459,1343,2802,6,0.296221,0.309156,191.870883,0.000633,0.000601,62,0.000219,0,29,0.411111,0.005318
29169,Pulaski County,,MO,8279,42020,50299,38,33,71,4690,3463,8153,5,0.362011,0.386734,6772.417047,0.013613,0.013495,53,0.000562,0,29,0.561585,0.10726
29171,Putnam County,,MO,389,5524,5913,0,2,2,0,81,81,7,0.2519,0.25972,0,0,0.000017,62,0.000051,0,102,1,0
29173,Ralls County,,MO,791,11910,12701,1,3,4,329,417,746,7,0.232184,0.238708,0.583333,0.000002,0.000006,62,0.000086,0,29,0.666667,0.000116
29175,Randolph County,,MO,1883,26906,28789,5,7,12,682,828,1510,6,0.293154,0.305944,3062.282866,0.000147,0.000502,62,0.000172,0,29,0.285714,0.001272
29177,Ray County,,MO,1799,27483,29282,6,7,13,968,1209,2177,6,0.292624,0.305184,1594.088441,0.000623,0.00064,62,0.000172,0,29,0.52381,0.00525
29179,Reynolds County,,MO,368,6637,7005,0,1,1,0,54,54,7,0.232616,0.239026,0,0,0.00001,62,0.000051,0,103,0,0
29181,Ripley County,,MO,806,13912,14718,2,1,3,308,308,616,7,0.232499,0.238748,0,0.000006,0.000007,62,0.000118,0,29,1,0.000241
29183,St. Charles County,,MO,22354,433070,455424,58,63,121,19586,15507,35093,5,0.384798,0.413763,25766.520411,0.024443,0.029554,62,0.000909,0,29,0.45671,0.175757
29185,St. Clair County,,MO,719,9242,9961,5,6,11,307,378,685,6,0.293508,0.306173,66.908168,0.000614,0.000577,62,0.000159,0,29,0.5,0.00477
29186,Ste. Genevieve County,,MO,1410,22188,23598,5,6,11,702,925,1627,6,0.301395,0.314586,1.78013,0.000692,0.00085,62,0.000168,0,29,0.833333,0.004951
29187,St. Francois County,,MO,3507,65030,68537,12,14,26,2546,2220,4766,6,0.303024,0.318016,6582.470295,0.001203,0.001221,62,0.000326,0,29,0.366667,0.008716
29189,St. Louis County,,MO,70746,1194159,1264905,170,182,352,55716,60634,116350,5,0.429708,0.469553,168996.230165,0.068555,0.077901,62,0.002411,0,29,0.317018,0.494487
29195,Saline County,,MO,1532,24796,26328,7,5,12,526,508,1034,6,0.292977,0.305373,104.090707,0.000699,0.000511,62,0.000197,0,29,0.52381,0.005545
29197,Schuyler County,,MO,275,4387,4662,2,1,3,110,95,205,7,0.251835,0.259466,0,0.000017,0.000017,62,0.000111,0,29,0.5,0.000299
29199,Scotland County,,MO,250,5527,5777,0,0,0,0,0,0,0,0,0,0,0,0,63,0.000051,50,104,0,0
29201,Scott County,,MO,2885,44252,47137,7,9,16,1626,1706,3332,6,0.302051,0.316044,3970.742919,0.000026,0.000674,62,0.000266,0,29,0.422222,0.0009
29203,Shannon County,,MO,473,8305,8778,1,1,2,163,145,308,8,0.213501,0.219325,0,0.000002,0.000002,62,0.000078,0,29,0,0.000115
29205,Shelby County,,MO,433,7732,8165,2,3,5,93,150,243,7,0.21976,0.225785,2.991667,0.000002,0.000004,62,0.000106,0,29,0.166667,0.000202
29207,Stoddard County,,MO,2009,32504,34513,7,7,14,934,1031,1965,7,0.246909,0.256162,28.861484,0.000032,0.000024,62,0.000265,0,29,0.571429,0.000911
29209,Stone County,,MO,3101,33328,36429,8,6,14,1641,1618,3259,7,0.271029,0.283026,150.214878,0.001281,0.000208,62,0.000221,0,29,0.589286,0.009333
29211,Sullivan County,,MO,696,7405,8101,1,3,4,62,187,249,7,0.252053,0.260152,71.304063,0.000017,0.000018,62,0.000089,0,29,0,0.000215
29213,Taney County,,MO,4938,49832,54770,13,9,22,2050,1890,3940,6,0.327935,0.346325,1061.204567,0.000992,0.002316,62,0.000334,0,29,0.447619,0.009352
29215,Texas County,,MO,1661,24732,26393,7,6,13,680,683,1363,6,0.277503,0.289763,1761.716062,0.000922,0.000282,62,0.000198,0,29,0.452381,0.006786
29217,Vernon County,,MO,1402,22003,23405,7,8,15,596,608,1204,6,0.293952,0.307162,248.813338,0.00067,0.000647,62,0.000201,0,29,0.410714,0.005467
29219,Warren County,,MO,2595,37345,39940,8,7,15,2193,1718,3911,6,0.301645,0.315101,67.138337,0.001275,0.00091,62,0.000175,0,29,0.763889,0.00893
29221,Washington County,,MO,1465,23967,25432,6,5,11,899,955,1854,6,0.300836,0.313672,200.019697,0.000701,0.000625,62,0.000152,0,29,0.733333,0.005045
29223,Wayne County,,MO,903,12284,13187,5,4,9,409,397,806,7,0.246513,0.255168,46.192952,0.00005,0.000033,62,0.000171,0,29,0.566667,0.00092
29225,Webster County,,MO,3081,39156,42237,6,8,14,1701,1948,3649,7,0.271004,0.283197,5.283333,0.0002,0.000211,62,0.000183,0,29,0.571429,0.002157
29227,Worth County,,MO,93,2532,2625,0,0,0,0,0,0,0,0,0,0,0,0,64,0.000051,51,105,0,0
29229,Wright County,,MO,1503,18944,20447,5,7,12,465,905,1370,7,0.27113,0.28334,10.121221,0.000178,0.000205,62,0.000167,0,29,0.595238,0.001839
29510,St. Louis city,,MO,36551,311146,347697,58,57,115,27661,30911,58572,5,0.393894,0.422354,15170.22496,0.028504,0.031276,62,0.00082,0,29,0.554382,0.207041
30001,Beaverhead County,,MT,885,9376,10261,3,5,8,157,233,390,7,0.260916,0.271566,5.728619,0.000201,0.000203,28,0.000105,0,29,0.7,0.001733
30003,Big Horn County,,MT,759,12954,13713,3,2,5,359,314,673,7,0.25803,0.267936,2.972678,0.000196,0.000098,28,0.000115,0,29,0.666667,0.001816
30005,Blaine County,,MT,479,7065,7544,2,2,4,132,182,314,7,0.25803,0.267936,0,0.000103,0.000099,28,0.000095,0,29,1,0.000994
30007,Broadwater County,,MT,363,5505,5868,2,1,3,202,105,307,7,0.245848,0.253402,0,0.000114,0.000021,28,0.000094,0,29,1,0.001092
30009,Carbon County,,MT,884,10507,11391,1,3,4,253,371,624,7,0.258099,0.268222,0,0.0001,0.000099,28,0.000075,0,29,0.666667,0.000877
30011,Carter County,,MT,56,1332,1388,0,0,0,0,0,0,0,0,0,0,0,0,65,0.000051,52,106,0,0
30013,Cascade County,,MT,6856,93633,100489,23,28,51,2590,2905,5495,6,0.347805,0.371839,22498.620811,0.008127,0.010488,28,0.000511,0,29,0.435961,0.064148
30015,Chouteau County,,MT,354,5341,5695,1,1,2,59,109,168,7,0.258076,0.267228,0,0.000084,0.000065,28,0.000066,0,29,0,0.000605
30017,Custer County,,MT,812,13026,13838,2,2,4,183,173,356,7,0.25803,0.267936,0,0.000101,0.000098,28,0.000166,0,29,1,0.000982
30019,Daniels County,,MT,95,2204,2299,0,0,0,0,0,0,0,0,0,0,0,0,66,0.000051,53,107,0,0
30021,Dawson County,,MT,574,10161,10735,1,1,2,46,57,103,7,0.258007,0.267765,0,0.0001,0.000096,28,0.000075,0,29,0,0.000877
30023,Deer Lodge County,,MT,686,9761,10447,2,4,6,171,313,484,7,0.26052,0.270623,0.333333,0.000109,0.000112,28,0.00009,0,29,0.833333,0.00092
30025,Fallon County,,MT,227,3360,3587,0,0,0,0,0,0,0,0,0,0,0,0,67,0.000051,54,108,0,0
30027,Fergus County,,MT,760,13358,14118,3,2,5,203,189,392,7,0.259916,0.270468,0,0.000277,0.000161,28,0.000106,0,29,1,0.002294
30029,Flathead County,,MT,6181,102567,108748,28,26,54,2672,2682,5354,6,0.345416,0.368553,8876.769119,0.010514,0.009883,28,0.000535,0,29,0.537879,0.080999
30031,Gallatin County,,MT,9149,95472,104621,34,39,73,3339,4183,7522,6,0.351072,0.376646,27866.007555,0.011344,0.011578,28,0.000689,0,29,0.366667,0.089946
30033,Garfield County,,MT,57,1396,1453,0,0,0,0,0,0,0,0,0,0,0,0,68,0.000051,55,109,0,0
30035,Glacier County,,MT,782,13906,14688,4,4,8,269,309,578,7,0.262372,0.27308,13.701077,0.00027,0.000237,28,0.000136,0,29,0.75,0.002221
30037,Golden Valley County,,MT,79,1151,1230,0,0,0,0,0,0,0,0,0,0,0,0,69,0.000051,56,110,0,0
30039,Granite County,,MT,198,3076,3274,1,1,2,41,51,92,7,0.260404,0.269994,0,0.000105,0.000086,28,0.000068,0,29,0,0.000786
30041,Hill County,,MT,1234,19097,20331,5,7,12,371,586,957,7,0.263319,0.275327,30.137649,0.000383,0.000445,28,0.000164,0,29,0.761905,0.003175
30043,Jefferson County,,MT,978,12471,13449,3,4,7,449,439,888,7,0.260893,0.271394,0,0.000117,0.000202,28,0.000115,0,29,1,0.001226
30045,Judith Basin County,,MT,142,2269,2411,0,0,0,0,0,0,0,0,0,0,0,0,70,0.000051,57,111,0,0
30047,Lake County,,MT,1858,28866,30724,8,4,12,775,647,1422,7,0.260963,0.271537,218.561246,0.001493,0.000263,28,0.000219,0,29,0.75,0.012324
30049,Lewis and Clark County,,MT,4218,73050,77268,16,13,29,2282,1879,4161,6,0.325956,0.34461,5957.655421,0.002607,0.002595,28,0.000429,0,29,0.424837,0.02194
30051,Liberty County,,MT,115,2086,2201,0,0,0,0,0,0,0,0,0,0,0,0,71,0.000051,58,112,0,0
30053,Lincoln County,,MT,1326,20240,21566,2,2,4,320,358,678,7,0.260497,0.270308,0,0.000184,0.000171,28,0.000086,0,29,1,0.00152
30055,McCone County,,MT,135,2005,2140,0,0,0,0,0,0,0,0,0,0,0,0,72,0.000051,59,113,0,0
30057,Madison County,,MT,615,7914,8529,2,1,3,129,88,217,7,0.25987,0.2694,0,0.000095,0.000091,28,0.000083,0,29,1,0.000916
30059,Meagher County,,MT,142,2018,2160,0,0,0,0,0,0,0,0,0,0,0,0,73,0.000051,60,114,0,0
30061,Mineral County,,MT,397,4373,4770,1,1,2,104,157,261,7,0.260404,0.269994,0,0.000105,0.000086,28,0.000068,0,29,0,0.000786
30063,Missoula County,,MT,9304,115244,124548,36,40,76,5088,5215,10303,6,0.352046,0.377846,43766.952822,0.010773,0.013076,28,0.000834,0,29,0.356039,0.085406
30065,Musselshell County,,MT,383,4485,4868,1,1,2,118,139,257,7,0.258007,0.267765,0,0.0001,0.000096,28,0.000075,0,29,0,0.000877
30067,Park County,,MT,1530,17689,19219,2,3,5,331,482,813,7,0.261384,0.272183,0,0.000193,0.000273,28,0.00009,0,29,1,0.00169
30069,Petroleum County,,MT,-2,-2,-4,0,0,0,0,0,0,0,0,0,0,0,0,74,0.000051,61,115,0,0
30071,Phillips County,,MT,203,4853,5056,0,0,0,0,0,0,0,0,0,0,0,0,75,0.000051,62,116,0,0
30073,Pondera County,,MT,494,7135,7629,3,3,6,144,171,315,7,0.262277,0.272766,9.813268,0.000087,0.000154,28,0.000123,0,29,0.666667,0.000803
30075,Powder River County,,MT,134,1675,1809,0,0,0,0,0,0,0,0,0,0,0,0,76,0.000051,63,117,0,0
30077,Powell County,,MT,466,6320,6786,3,2,5,176,107,283,7,0.260473,0.27028,0,0.000127,0.000107,28,0.000115,0,29,0.833333,0.00116
30079,Prairie County,,MT,78,1320,1398,0,0,0,0,0,0,0,0,0,0,0,0,77,0.000051,64,118,0,0
30081,Ravalli County,,MT,3175,43839,47014,8,8,16,1126,1158,2284,6,0.309029,0.32496,7.560336,0.00389,0.001543,28,0.000166,0,29,0.854545,0.030583
30083,Richland County,,MT,720,11684,12404,2,1,3,144,102,246,7,0.258007,0.267765,0,0.000101,0.000096,28,0.000108,0,29,1,0.000972
30085,Roosevelt County,,MT,639,10636,11275,2,3,5,112,159,271,7,0.259292,0.269685,69.129725,0.000101,0.000104,28,0.000117,0,29,0.333333,0.001029
30087,Rosebud County,,MT,849,10548,11397,4,2,6,302,245,547,7,0.25803,0.267936,6.288339,0.000206,0.000097,28,0.000212,0,29,0.5,0.001861
30089,Sanders County,,MT,824,11531,12355,3,3,6,209,198,407,7,0.26052,0.27048,0,0.000186,0.000183,28,0.000132,0,29,1,0.001714
30091,Sheridan County,,MT,192,4349,4541,0,0,0,0,0,0,0,0,0,0,0,0,78,0.000051,65,119,0,0
30093,Silver Bow County,,MT,2145,37151,39296,9,9,18,867,891,1758,7,0.263367,0.27567,71.181654,0.000486,0.000447,28,0.000231,0,29,0.597222,0.004391
30095,Stillwater County,,MT,855,10141,10996,2,1,3,334,333,667,7,0.258007,0.267765,0,0.000101,0.000096,28,0.000097,0,29,1,0.000969
30097,Sweet Grass County,,MT,334,4080,4414,0,1,1,0,53,53,7,0.25805,0.267844,0,0,0.000096,28,0.000051,0,120,0,0
30099,Teton County,,MT,500,7472,7972,1,2,3,92,217,309,7,0.258099,0.267399,0,0.000084,0.000066,28,0.000066,0,29,1,0.000605
30101,Toole County,,MT,366,5529,5895,0,0,0,0,0,0,0,0,0,0,0,0,79,0.000051,66,121,0,0
30103,Treasure County,,MT,-2,-2,-4,0,0,0,0,0,0,0,0,0,0,0,0,80,0.000051,67,122,0,0
30105,Valley County,,MT,561,8521,9082,0,1,1,0,46,46,7,0.25805,0.267844,0,0,0.000096,28,0.000051,0,123,0,0
30107,Wheatland County,,MT,149,2398,2547,0,0,0,0,0,0,0,0,0,0,0,0,81,0.000051,68,124,0,0
30109,Wibaux County,,MT,59,1066,1125,0,0,0,0,0,0,0,0,0,0,0,0,82,0.000051,69,125,0,0
30111,Yellowstone County,,MT,8888,169915,178803,47,47,94,5483,4957,10440,6,0.347681,0.37404,78517.095233,0.011945,0.012439,28,0.001368,0,29,0.278114,0.095406
31001,Adams County,,NE,2159,35496,37655,8,7,15,828,936,1764,6,0.294933,0.307425,15750.286702,0.000578,0.000529,62,0.000457,0,29,0.267857,0.004844
31003,Antelope County,,NE,412,8138,8550,2,2,4,148,102,250,7,0.228742,0.234779,3.063254,0.00001,0.000018,62,0.000131,0,29,0,0.000324
31005,Arthur County,,NE,-2,-2,-4,0,0,0,0,0,0,0,0,0,0,0,0,83,0.000051,70,126,0,0
31007,Banner County,,NE,53,720,773,0,0,0,0,0,0,0,0,0,0,0,0,84,0.000051,71,127,0,0
31009,Blaine County,,NE,-2,-2,-4,0,0,0,0,0,0,0,0,0,0,0,0,85,0.000051,72,128,0,0
31011,Boone County,,NE,358,7036,7394,1,2,3,52,90,142,7,0.273726,0.285226,0,0.000005,0.000159,62,0.000089,0,29,1,0.000243
31013,Box Butte County,,NE,985,14070,15055,1,4,5,44,247,291,7,0.275875,0.288581,12.150378,0.000014,0.000293,62,0.000069,0,29,0.416667,0.000262
31015,Boyd County,,NE,127,2471,2598,0,0,0,0,0,0,0,0,0,0,0,0,86,0.000051,73,129,0,0
31017,Brown County,,NE,244,3624,3868,0,0,0,0,0,0,0,0,0,0,0,0,87,0.000051,74,130,0,0
31019,Buffalo County,,NE,3667,50662,54329,13,12,25,1772,1752,3524,6,0.296372,0.309745,14776.37216,0.000591,0.000722,62,0.000618,0,29,0.274725,0.005573
31021,Burt County,,NE,483,8331,8814,2,2,4,174,178,352,6,0.292184,0.303309,0,0.000395,0.000347,62,0.000094,0,29,1,0.002808
31023,Butler County,,NE,626,10422,11048,3,5,8,329,337,666,6,0.294813,0.306967,55.590695,0.000179,0.000511,62,0.000143,0,29,0.65,0.00163
31025,Cass County,,NE,2420,30461,32881,6,5,11,1367,1440,2807,6,0.296041,0.308288,3.777023,0.000718,0.000669,62,0.000189,0,29,0.766667,0.005747
31027,Cedar County,,NE,542,11177,11719,2,3,5,105,168,273,6,0.292536,0.304081,103.936433,0.000005,0.000356,62,0.00012,0,29,0.416667,0.000191
31029,Chase County,,NE,232,4470,4702,0,0,0,0,0,0,0,0,0,0,0,0,88,0.000051,75,131,0,0
31031,Cherry County,,NE,486,6518,7004,0,0,0,0,0,0,0,0,0,0,0,0,89,0.000051,76,132,0,0
31033,Cheyenne County,,NE,1012,12001,13013,1,3,4,41,129,170,7,0.2737,0.285255,6.051606,0.000014,0.000162,62,0.000069,0,29,0.166667,0.000262
31035,Clay County,,NE,527,7691,8218,1,2,3,112,192,304,7,0.273597,0.284969,0,0.000004,0.000151,62,0.000106,0,29,1,0.000136
31037,Colfax County,,NE,807,11918,12725,5,5,10,383,461,844,6,0.294813,0.306967,17.438586,0.000055,0.000516,62,0.000182,0,29,0.595238,0.000905
31039,Cuming County,,NE,655,11385,12040,2,4,6,102,244,346,6,0.294873,0.306939,0,0.000396,0.000508,62,0.000093,0,29,1,0.002832
31041,Custer County,,NE,692,13246,13938,3,3,6,155,184,339,7,0.273649,0.285197,0,0.00018,0.000186,62,0.000151,0,29,1,0.001725
31043,Dakota County,,NE,2280,24670,26950,6,6,12,1196,1306,2502,6,0.295351,0.307842,1219.134156,0.001109,0.000529,30,0.000184,0,29,0.303571,0.008063
31045,Dawes County,,NE,890,8658,9548,3,3,6,157,141,298,7,0.275146,0.287324,4558.277541,0.000078,0.000238,62,0.000227,0,29,0.25,0.001189
31047,Dawson County,,NE,2131,28707,30838,10,8,18,798,846,1644,6,0.294933,0.307539,9347.653048,0.003333,0.000536,62,0.000312,0,29,0.386364,0.024675
31049,Deuel County,,NE,197,2184,2381,0,0,0,0,0,0,0,0,0,0,0,0,90,0.000051,77,133,0,0
31051,Dixon County,,NE,428,7389,7817,2,3,5,96,171,267,7,0.263557,0.273258,119.501521,0.000051,0.000047,30,0.000102,0,29,0.333333,0.00055
31053,Dodge County,,NE,2569,43261,45830,9,9,18,1289,1443,2732,6,0.296341,0.309316,315.745666,0.000749,0.000694,62,0.000258,0,29,0.433333,0.006124
31055,Douglas County,,NE,32923,594245,627168,121,116,237,26116,24607,50723,5,0.41268,0.446674,178666.265277,0.042658,0.048582,62,0.002411,0,29,0.312117,0.324032
31057,Dundy County,,NE,106,2167,2273,0,0,0,0,0,0,0,0,0,0,0,0,91,0.000051,78,134,0,0
31059,Fillmore County,,NE,425,7313,7738,2,2,4,99,128,227,7,0.273546,0.284854,0,0.000174,0.000148,62,0.000103,0,29,1,0.001393
31061,Franklin County,,NE,251,3761,4012,0,1,1,0,47,47,8,0.186176,0.18949,0,0,0,62,0.000051,0,135,0,0
31063,Frontier County,,NE,273,2958,3231,0,0,0,0,0,0,0,0,0,0,0,0,92,0.000051,79,136,0,0
31065,Furnas County,,NE,405,5664,6069,1,2,3,41,97,138,7,0.22867,0.234676,0,0.000006,0.000006,62,0.000094,0,29,1,0.00015
31067,Gage County,,NE,1659,26748,28407,3,4,7,556,707,1263,6,0.294665,0.306567,27.733053,0.000175,0.000495,62,0.000153,0,29,0.666667,0.001507
31069,Garden County,,NE,192,2238,2430,0,0,0,0,0,0,0,0,0,0,0,0,93,0.000051,80,137,0,0
31071,Garfield County,,NE,123,2103,2226,0,0,0,0,0,0,0,0,0,0,0,0,94,0.000051,81,138,0,0
31073,Gosper County,,NE,245,2380,2625,1,1,2,57,77,134,7,0.227777,0.233361,0,0.000004,0.000027,62,0.000084,0,29,0,0.000288
31075,Grant County,,NE,-2,-2,-4,0,0,0,0,0,0,0,0,0,0,0,0,95,0.000051,82,139,0,0
31077,Greeley County,,NE,262,2903,3165,0,2,2,0,81,81,7,0.237135,0.244039,0,0,0.000035,62,0.000051,0,140,1,0
31079,Hall County,,NE,4229,66566,70795,19,12,31,2306,2005,4311,6,0.310709,0.326686,13189.361297,0.004386,0.001338,62,0.000645,0,29,0.273684,0.033269
31081,Hamilton County,,NE,770,11595,12365,4,5,9,344,401,745,6,0.294754,0.306853,547.219669,0.000185,0.000527,62,0.000203,0,29,0.65,0.001868
31083,Harlan County,,NE,254,3797,4051,0,0,0,0,0,0,0,0,0,0,0,0,96,0.000051,83,141,0,0
31085,Hayes County,,NE,52,1159,1211,0,0,0,0,0,0,0,0,0,0,0,0,97,0.000051,84,142,0,0
31087,Hitchcock County,,NE,291,3412,3703,1,1,2,60,43,103,8,0.21487,0.220356,0,0.000001,0.000001,62,0.000134,0,29,0,0.000107
31089,Holt County,,NE,634,12460,13094,3,3,6,132,181,313,6,0.294665,0.306453,1951.192738,0.00056,0.000489,62,0.000147,0,29,0.333333,0.004062
31091,Hooker County,,NE,-2,-2,-4,0,0,0,0,0,0,0,0,0,0,0,0,98,0.000051,85,143,0,0
31093,Howard County,,NE,545,7616,8161,2,1,3,236,229,465,7,0.237073,0.24378,0,0.000011,0.000035,62,0.000118,0,29,0.5,0.000453
31095,Jefferson County,,NE,584,9004,9588,2,2,4,199,242,441,7,0.27352,0.284797,0,0.000174,0.000148,62,0.000107,0,29,1,0.001387
31097,Johnson County,,NE,453,5328,5781,2,2,4,142,149,291,7,0.273546,0.284854,0,0.000175,0.000151,62,0.0001,0,29,1,0.001414
31099,Kearney County,,NE,757,7521,8278,4,2,6,301,372,673,7,0.228688,0.234733,2917,0.000011,0.000009,62,0.000229,0,29,0.333333,0.000461
31101,Keith County,,NE,760,9482,10242,2,3,5,115,221,336,7,0.230005,0.236653,2949,0.000178,0.00001,62,0.000096,0,29,0.5,0.001429
31103,Keya Paha County,,NE,74,1053,1127,0,0,0,0,0,0,0,0,0,0,0,0,99,0.000051,86,144,0,0
31105,Kimball County,,NE,327,4159,4486,2,0,2,101,0,101,0,0,0,0,0.000088,0,7,0.000087,0,4,0,0.000906
31107,Knox County,,NE,476,10379,10855,1,2,3,42,101,143,6,0.292389,0.303681,0,0.000006,0.000355,62,0.000089,0,29,1,0.000204
31109,Lancaster County,,NE,17178,320504,337682,74,71,145,10564,10658,21222,6,0.376404,0.40811,130992.816716,0.018238,0.021148,62,0.001965,0,29,0.207482,0.143485
31111,Lincoln County,,NE,2426,43247,45673,7,10,17,684,900,1584,6,0.298373,0.31238,1839.230665,0.000712,0.000995,62,0.000263,0,29,0.477778,0.006153
31113,Logan County,,NE,-2,-2,-4,0,0,0,0,0,0,0,0,0,0,0,0,100,0.000051,87,145,0,0
31115,Loup County,,NE,-2,-2,-4,0,0,0,0,0,0,0,0,0,0,0,0,101,0.000051,88,146,0,0
31117,McPherson County,,NE,-2,-2,-4,0,0,0,0,0,0,0,0,0,0,0,0,102,0.000051,89,147,0,0
31119,Madison County,,NE,2663,41534,44197,14,12,26,1289,1337,2626,6,0.296492,0.309945,22346.005205,0.001625,0.000709,62,0.000542,0,29,0.176471,0.012867
31121,Merrick County,,NE,572,9063,9635,4,3,7,271,256,527,7,0.237363,0.244683,2.661111,0.00019,0.000057,62,0.000193,0,29,0.75,0.002004
31123,Morrill County,,NE,514,5577,6091,1,1,2,121,240,361,7,0.230223,0.236556,0,0.000014,0.000021,62,0.000069,0,29,0,0.000262
31125,Nance County,,NE,254,4228,4482,1,1,2,46,46,92,7,0.228634,0.234378,0,0.000005,0.00002,62,0.000089,0,29,0,0.000243
31127,Nemaha County,,NE,735,7856,8591,2,3,5,99,219,318,6,0.294665,0.306453,0,0.000175,0.000493,62,0.0001,0,29,1,0.001414
31129,Nuckolls County,,NE,313,5598,5911,0,1,1,0,47,47,7,0.227819,0.233424,0,0,0.000005,62,0.000051,0,148,0,0
31131,Otoe County,,NE,1392,18723,20115,6,7,13,648,675,1323,6,0.296071,0.308573,385.271834,0.000582,0.000656,62,0.000217,0,29,0.428571,0.004403
31133,Pawnee County,,NE,172,3129,3301,0,0,0,0,0,0,0,0,0,0,0,0,103,0.000051,90,149,0,0
31135,Perkins County,,NE,271,3448,3719,1,0,1,49,0,49,0,0,0,0,0,0,62,0.000078,0,16,0,0.000099
31137,Phelps County,,NE,755,11109,11864,2,3,5,141,268,409,7,0.273623,0.28514,57.494702,0.00001,0.000151,62,0.000127,0,29,0.666667,0.000438
31139,Pierce County,,NE,625,8781,9406,1,1,2,159,246,405,7,0.228706,0.23455,0,0.000006,0.000013,62,0.000089,0,29,0,0.000204
31141,Platte County,,NE,2251,39905,42156,12,10,22,1249,1182,2431,6,0.296372,0.309488,15422.783032,0.002514,0.000664,62,0.000451,0,29,0.285714,0.018426
31143,Polk County,,NE,407,6618,7025,2,2,4,120,120,240,7,0.22876,0.234864,1.936015,0.00001,0.000022,62,0.000118,0,29,0,0.000349
31145,Red Willow County,,NE,870,12840,13710,5,3,8,271,182,453,7,0.273649,0.285197,6347.909571,0.000184,0.000151,62,0.000294,0,29,0.4,0.001754
31147,Richardson County,,NE,524,9982,10506,2,2,4,139,134,273,7,0.273597,0.284969,86.615889,0.00017,0.000147,62,0.000115,0,29,0,0.001389
31149,Rock County,,NE,79,1523,1602,0,0,0,0,0,0,0,0,0,0,0,0,104,0.000051,91,150,0,0
31151,Saline County,,NE,1169,16004,17173,4,4,8,540,595,1135,6,0.294665,0.306567,46.043989,0.000568,0.000492,62,0.000158,0,29,0.666667,0.004177
31153,Sarpy County,,NE,19027,184691,203718,48,36,84,14124,12558,26682,5,0.368741,0.394599,17759.527668,0.019703,0.016347,62,0.000898,0,29,0.437037,0.148992
31155,Saunders County,,NE,1650,24537,26187,4,5,9,990,1096,2086,6,0.29595,0.308145,0.321429,0.000697,0.000659,62,0.000137,0,29,0.9,0.005394
31157,Scotts Bluff County,,NE,2321,41611,43932,11,13,24,959,909,1868,6,0.299046,0.313803,13291.211537,0.002583,0.001743,62,0.000281,0,29,0.363971,0.021117
31159,Seward County,,NE,1426,19036,20462,4,4,8,553,741,1294,6,0.294694,0.306624,2.116667,0.000182,0.000495,62,0.000161,0,29,0.6,0.001618
31161,Sheridan County,,NE,460,6251,6711,2,1,3,115,69,184,8,0.215792,0.221534,0.5,0.000003,0.000001,62,0.000149,0,29,0,0.000191
31163,Sherman County,,NE,235,3590,3825,0,1,1,0,42,42,7,0.228677,0.234538,0,0,0.000005,62,0.000051,0,151,0,0
31165,Sioux County,,NE,106,1287,1393,0,0,0,0,0,0,0,0,0,0,0,0,105,0.000051,92,152,0,0
31167,Stanton County,,NE,441,7267,7708,1,1,2,112,127,239,7,0.228706,0.23455,0,0.000006,0.000013,62,0.000089,0,29,0,0.000204
31169,Thayer County,,NE,430,6329,6759,1,0,1,56,0,56,0,0,0,0,0.00017,0,62,0.000074,0,17,0,0.001286
31171,Thomas County,,NE,72,757,829,0,0,0,0,0,0,0,0,0,0,0,0,106,0.000051,93,153,0,0
31173,Thurston County,,NE,481,7403,7884,2,2,4,123,181,304,7,0.263319,0.272743,0,0.000051,0.000047,30,0.000102,0,29,1,0.00055
31175,Valley County,,NE,312,4929,5241,0,0,0,0,0,0,0,0,0,0,0,0,107,0.000051,94,154,0,0
31177,Washington County,,NE,1660,23739,25399,4,5,9,932,993,1925,6,0.29595,0.308145,13.853541,0.00053,0.000656,62,0.000154,0,29,0.7,0.004216
31179,Wayne County,,NE,820,9399,10219,2,4,6,137,341,478,6,0.294933,0.307053,381.795104,0.000006,0.000502,62,0.000118,0,29,0.4,0.000296
31181,Webster County,,NE,282,4277,4559,1,1,2,66,58,124,7,0.227777,0.233333,0,0.000004,0.000005,62,0.000106,0,29,0,0.000136
31183,Wheeler County,,NE,-2,-2,-4,0,0,0,0,0,0,0,0,0,0,0,0,108,0.000051,95,155,0,0
31185,York County,,NE,1289,16008,17297,5,7,12,399,634,1033,6,0.294813,0.307196,1508.939713,0.000179,0.000528,62,0.000236,0,29,0.380952,0.001685
32001,Churchill County,,NV,2813,27346,30159,10,8,18,1059,1032,2091,6,0.33227,0.350572,19.08143,0.003981,0.003224,9,0.000157,0,29,0.609091,0.029009
32003,Clark County,,NV,117346,2157497,2274843,414,423,837,99791,98473,198264,5,0.473761,0.531802,302667.28165,0.124744,0.121719,9,0.005003,0,29,0.13575,0.897462
32005,Douglas County,,NV,4936,54640,59576,17,15,32,3027,3050,6077,6,0.340296,0.360494,20.851236,0.009373,0.007839,9,0.000224,0,29,0.846405,0.067885
32007,Elko County,,NV,4099,54690,58789,22,13,35,2133,1522,3655,6,0.336371,0.356293,6560.970823,0.007251,0.004768,9,0.000424,0,29,0.456522,0.054504
32009,Esmeralda County,,NV,115,798,913,0,0,0,0,0,0,0,0,0,0,0,0,109,0.000051,96,156,0,0
32011,Eureka County,,NV,203,1696,1899,0,1,1,0,52,52,7,0.251769,0.259725,0,0,0.000058,9,0.000051,0,157,0,0
32013,Humboldt County,,NV,1533,19130,20663,6,4,10,547,399,946,7,0.272116,0.284754,154.345334,0.001383,0.000405,9,0.000181,0,29,0.571429,0.010733
32015,Lander County,,NV,647,6304,6951,3,2,5,185,157,342,7,0.25177,0.259872,0,0.000357,0.000069,9,0.000126,0,29,1,0.002873
32017,Lincoln County,,NV,362,4659,5021,1,1,2,153,107,260,6,0.321499,0.337128,0,0.000977,0.001001,9,0.000061,0,29,0,0.007352
32019,Lyon County,,NV,6440,56510,62950,20,13,33,4254,3861,8115,6,0.340575,0.360637,1511.911418,0.008574,0.006642,9,0.000301,0,29,0.560606,0.062864
32021,Mineral County,,NV,382,5032,5414,1,1,2,72,47,119,7,0.271964,0.284097,0,0.000315,0.000275,9,0.00006,0,29,0,0.002171
32023,Nye County,,NV,4382,45270,49652,11,12,23,2646,2155,4801,6,0.340098,0.359865,61.518613,0.006835,0.006058,9,0.000175,0,29,0.679167,0.049334
32027,Pershing County,,NV,475,5137,5612,1,3,4,65,193,258,7,0.272015,0.28444,0,0.000315,0.000355,9,0.00006,0,29,0.833333,0.002171
32029,Storey County,,NV,438,4109,4547,1,2,3,200,235,435,7,0.27199,0.284268,0,0.000315,0.000344,9,0.00006,0,29,1,0.002171
32031,Washoe County,,NV,28187,470596,498783,93,110,203,17962,20072,38034,6,0.373511,0.409351,30627.408532,0.034294,0.039301,9,0.00122,0,29,0.396175,0.262006
32033,White Pine County,,NV,773,9870,10643,2,3,5,238,189,427,6,0.321961,0.338072,0,0.001293,0.001335,9,0.00007,0,29,1,0.009523
32510,Carson City,,NV,6012,61289,67301,12,14,26,3539,3966,7505,6,0.340257,0.360322,20.733483,0.005843,0.006611,9,0.000185,0,29,0.783333,0.04358
33001,Belknap County,,NH,4999,74048,79047,12,11,23,3412,3254,6666,6,0.297096,0.313266,23.235425,0.00275,0.002654,55,0.000164,0,29,0.858974,0.018771
33003,Carroll County,,NH,3335,57170,60505,14,13,27,1906,1896,3802,6,0.297187,0.313666,208.656151,0.003631,0.002659,55,0.000186,0,29,0.790476,0.024409
33005,Cheshire County,,NH,4972,89464,94436,12,16,28,2183,2533,4716,6,0.313178,0.331487,54.420598,0.00325,0.004517,55,0.00016,0,29,0.639706,0.021469
33007,Coos County,,NH,2208,39128,41336,6,9,15,689,966,1655,6,0.275198,0.287872,3249.887415,0.000387,0.000646,55,0.000134,0,29,0.633333,0.002664
33009,Grafton County,,NH,7654,97238,104892,26,23,49,4359,4507,8866,6,0.340813,0.362654,3412.526135,0.006407,0.006649,55,0.000329,0,29,0.493386,0.04401
33011,Hillsborough County,,NH,25645,486924,512569,64,78,142,18283,19051,37334,5,0.377232,0.408425,7482.759041,0.033073,0.041959,55,0.000628,0,29,0.562696,0.231261
33013,Merrimack County,,NH,11297,171900,183197,21,22,43,7632,7599,15231,5,0.343868,0.365615,1864.646408,0.005623,0.008365,55,0.000263,0,29,0.589231,0.038206
33015,Rockingham County,,NH,21645,367127,388772,42,50,92,16486,16800,33286,5,0.359379,0.386557,5300.124961,0.018175,0.024826,55,0.000419,0,29,0.594805,0.123247
33017,Strafford County,,NH,9274,138675,147949,17,17,34,6452,6000,12452,6,0.338048,0.358779,621.26533,0.005426,0.005686,55,0.000205,0,29,0.731579,0.036581
33019,Sullivan County,,NH,3038,50895,53933,7,9,16,1550,1585,3135,6,0.295231,0.310802,69.065196,0.001254,0.001332,55,0.000124,0,29,0.666667,0.008701
34001,Atlantic County,,NJ,13685,341291,354976,37,53,90,8792,9410,18202,5,0.361428,0.389209,612.132248,0.019774,0.027875,135,0.000315,0,29,0.703008,0.125784
34003,Bergen County,,NJ,50344,1057215,1107559,103,129,232,43392,43994,87386,5,0.397059,0.434774,3192.297241,0.056985,0.065941,135,0.000877,0,29,0.561131,0.384519
34005,Burlington County,,NJ,27850,545627,573477,75,100,175,20193,20695,40888,5,0.384038,0.419096,2405.764113,0.040993,0.052588,135,0.00066,0,29,0.580409,0.279099
34007,Camden County,,NJ,29040,611356,640396,58,77,135,21311,23525,44836,5,0.37558,0.407247,1009.506507,0.032467,0.043073,135,0.000478,0,29,0.728549,0.211393
34009,Cape May County,,NJ,5930,116327,122257,13,19,32,3313,3347,6660,6,0.317232,0.335637,2.416156,0.004689,0.008181,135,0.000134,0,29,0.902632,0.027729
34011,Cumberland County,,NJ,6860,177316,184176,19,17,36,4458,4287,8745,6,0.318723,0.337569,62.155405,0.008778,0.007291,135,0.000175,0,29,0.84585,0.054022
34013,Essex County,,NJ,49292,851007,900299,90,121,211,37249,43224,80473,5,0.385765,0.423468,1669.963397,0.049601,0.061981,135,0.000753,0,29,0.582222,0.328847
34015,Gloucester County,,NJ,15343,349414,364757,23,34,57,12359,11761,24120,5,0.350523,0.374274,175.241274,0.009823,0.018555,135,0.000199,0,29,0.824324,0.058351
34017,Hudson County,,NJ,58180,686632,744812,121,131,252,47838,51765,99603,5,0.394641,0.433088,3246.53255,0.064716,0.067628,135,0.00107,0,29,0.553749,0.439426
34019,Hunterdon County,,NJ,7315,154030,161345,22,23,45,5089,4195,9284,5,0.344477,0.366707,25.37785,0.009394,0.011036,135,0.000184,0,29,0.888889,0.055254
34021,Mercer County,,NJ,22345,410237,432582,62,74,136,15611,17054,32665,5,0.372938,0.403904,530.036906,0.036309,0.043324,135,0.000529,0,29,0.762025,0.244292
34023,Middlesex County,,NJ,58995,961050,1020045,119,152,271,45830,51911,97741,5,0.398524,0.439449,5235.054254,0.063438,0.074188,135,0.001036,0,29,0.487539,0.426829
34025,Monmouth County,,NJ,30152,746466,776618,68,104,172,23420,24495,47915,5,0.37655,0.411591,844.832648,0.037269,0.05372,135,0.000553,0,29,0.592338,0.245932
34027,Morris County,,NJ,30978,591310,622288,79,110,189,23014,25504,48518,5,0.385918,0.421925,1714.741838,0.045577,0.057176,135,0.000673,0,29,0.597712,0.306433
34029,Ocean County,,NJ,23806,682846,706652,64,97,161,21196,18393,39589,5,0.373702,0.407676,1007.461805,0.032581,0.044861,135,0.000504,0,29,0.552465,0.208878
34031,Passaic County,,NJ,30217,597635,627852,56,76,132,22182,25257,47439,5,0.371891,0.403115,513.128635,0.030955,0.040021,135,0.000442,0,29,0.720095,0.199206
34033,Salem County,,NJ,3814,80939,84753,8,8,16,2542,2441,4983,6,0.293508,0.308499,0,0.002671,0.002335,135,0.000103,0,29,1,0.015818
34035,Somerset County,,NJ,23729,383423,407152,58,68,126,20710,18746,39456,5,0.372842,0.403075,528.316801,0.034543,0.039584,135,0.000487,0,29,0.75045,0.229733
34037,Sussex County,,NJ,8694,183388,192082,19,20,39,5555,5145,10700,6,0.336643,0.357785,19.84615,0.008238,0.007912,135,0.000167,0,29,0.891775,0.048534
34039,Union County,,NJ,35830,624006,659836,63,89,152,30337,30847,61184,5,0.376307,0.409419,763.579465,0.036196,0.049176,135,0.000525,0,29,0.689808,0.239718
34041,Warren County,,NJ,7129,132490,139619,19,23,42,4784,4696,9480,6,0.315039,0.334797,10.865533,0.007051,0.009382,135,0.000164,0,29,0.88,0.03979
35001,Bernalillo County,,NM,41060,708661,749721,142,147,289,31440,31372,62812,5,0.406015,0.445508,65743.343786,0.055889,0.062224,7,0.001978,0,29,0.350028,0.424402
35003,Catron County,,NM,250,3178,3428,0,0,0,0,0,0,0,0,0,0,0,0,110,0.000051,97,158,0,0
35005,Chaves County,,NM,3819,66371,70190,17,16,33,1914,1799,3713,6,0.343787,0.365123,288.512184,0.007252,0.00506,7,0.000292,0,29,0.632035,0.057769
35006,Cibola County,,NM,1787,24258,26045,6,7,13,945,1104,2049,6,0.333448,0.351549,0.125,0.001861,0.002063,7,0.000136,0,29,0.952381,0.014691
35007,Colfax County,,NM,1171,14232,15403,2,4,6,135,307,442,6,0.288942,0.302109,2955.212941,0.000513,0.000608,7,0.000084,0,29,0.166667,0.003629
35009,Curry County,,NM,5855,48011,53866,24,27,51,2776,2729,5505,6,0.344437,0.368118,7147.587042,0.006749,0.007004,7,0.000442,0,29,0.342857,0.054994
35011,De Baca County,,NM,163,2221,2384,1,0,1,45,0,45,0,0,0,0,0.000056,0,7,0.000064,0,26,0,0.000536
35013,Dona Ana County,,NM,12571,212030,224601,52,41,93,9669,8038,17707,6,0.354745,0.38147,7016.94716,0.022781,0.017854,53,0.000793,0,29,0.468672,0.180625
35015,Eddy County,,NM,3116,57743,60859,15,12,27,1668,1298,2966,6,0.326942,0.346668,66.81247,0.004469,0.003856,7,0.000284,0,29,0.683824,0.038024
35017,Grant County,,NM,2122,32985,35107,7,6,13,639,846,1485,6,0.334596,0.352864,415.797184,0.002883,0.003042,53,0.000166,0,29,0.738095,0.023109
35019,Guadalupe County,,NM,349,4660,5009,1,1,2,54,68,122,6,0.288799,0.30148,0,0.000499,0.000449,7,0.000062,0,29,0,0.003435
35021,Harding County,,NM,38,733,771,0,0,0,0,0,0,0,0,0,0,0,0,111,0.000051,98,159,0,0
35023,Hidalgo County,,NM,456,5299,5755,2,2,4,88,107,195,7,0.2619,0.271966,0,0.000627,0.000206,53,0.00008,0,29,1,0.005795
35025,Lea County,,NM,4260,67305,71565,24,22,46,2386,2271,4657,6,0.345702,0.368861,3523.970994,0.009208,0.007034,7,0.000421,0,29,0.54064,0.073488
35027,Lincoln County,,NM,1651,20957,22608,6,6,12,548,627,1175,6,0.300867,0.315106,0,0.002315,0.00137,53,0.000131,0,29,0.97619,0.018832
35028,Los Alamos County,,NM,1773,22391,24164,5,4,9,449,425,874,6,0.288884,0.301995,0,0.001849,0.000752,7,0.000129,0,29,0.95,0.014414
35029,Luna County,,NM,2061,27935,29996,6,6,12,696,833,1529,6,0.334596,0.352864,2.184199,0.003787,0.003034,53,0.000133,0,29,0.928571,0.029649
35031,McKinley County,,NM,8140,88542,96682,12,13,25,5878,6742,12620,6,0.33498,0.354378,12.096099,0.00425,0.00412,7,0.00021,0,29,0.680952,0.033101
35033,Mora County,,NM,331,5109,5440,1,1,2,68,121,189,7,0.22417,0.230142,0,0.000006,0.000006,7,0.000086,0,29,0,0.000134
35035,Otero County,,NM,6634,63318,69952,18,18,36,2377,2456,4833,6,0.344762,0.36689,211.090531,0.009073,0.008298,53,0.000289,0,29,0.664032,0.072088
35037,Quay County,,NM,754,9046,9800,2,3,5,169,230,399,6,0.289401,0.302583,1.896071,0.000556,0.000513,7,0.000076,0,29,0.833333,0.00397
35039,Rio Arriba County,,NM,2194,42804,44998,7,6,13,1150,1482,2632,6,0.288999,0.302452,2.087698,0.001939,0.000869,7,0.000179,0,29,0.785714,0.015501
35041,Roosevelt County,,NM,1942,18478,20420,6,5,11,738,839,1577,6,0.290815,0.305155,38.8768,0.00124,0.000782,7,0.00015,0,29,0.660714,0.010381
35043,Sandoval County,,NM,12035,138832,150867,36,31,67,10718,8235,18953,6,0.353069,0.378184,3863.059274,0.017646,0.01573,7,0.000572,0,29,0.589147,0.138544
35045,San Juan County,,NM,10212,148657,158869,35,29,64,8673,7023,15696,6,0.349305,0.37372,1177.909592,0.012672,0.010619,7,0.000561,0,29,0.512802,0.09983
35047,San Miguel County,,NM,1743,27896,29639,4,4,8,644,929,1573,6,0.288913,0.302052,5863,0.000761,0.000736,7,0.000166,0,29,0.5,0.005884
35049,Santa Fe County,,NM,9111,152265,161376,36,30,66,5616,5536,11152,6,0.357791,0.383162,5066.56586,0.018205,0.016835,7,0.000546,0,29,0.590012,0.142115
35051,Sierra County,,NM,763,11427,12190,2,2,4,179,208,387,6,0.288884,0.301766,0,0.000643,0.000631,53,0.000078,0,29,1,0.004943
35053,Socorro County,,NM,1324,18066,19390,3,3,6,421,567,988,6,0.288913,0.301938,0,0.000679,0.00068,7,0.000096,0,29,1,0.005389
35055,Taos County,,NM,2062,34409,36471,6,4,10,600,710,1310,6,0.288884,0.301995,0.306592,0.001992,0.000752,7,0.000146,0,29,0.9,0.015923
35057,Torrance County,,NM,1187,15064,16251,2,4,6,678,653,1331,6,0.288884,0.301995,0,0.000635,0.000785,7,0.000077,0,29,1,0.004627
35059,Union County,,NM,331,4258,4589,1,0,1,46,0,46,0,0,0,0,0.000005,0,7,0.000068,0,18,0,0.000114
35061,Valencia County,,NM,5050,77843,82893,14,12,26,3369,3297,6666,6,0.336915,0.35675,416.511274,0.005994,0.004496,7,0.000246,0,29,0.617647,0.04517
36001,Albany County,,NY,21651,343520,365171,58,71,129,15828,16597,32425,5,0.371465,0.402132,18370.671949,0.023237,0.034539,113,0.000572,0,29,0.506167,0.154037
36003,Allegany County,,NY,2666,50394,53060,9,9,18,1305,1365,2670,6,0.290149,0.304435,1981.378823,0.00123,0.000983,113,0.000196,0,29,0.511111,0.007625
36005,Bronx County,,NY,99741,1398879,1498620,133,173,306,73645,86693,160338,5,0.407035,0.449594,9542.367442,0.065714,0.077233,135,0.00116,0,29,0.418631,0.442112
36007,Broome County,,NY,9519,227539,237058,30,39,69,4738,5097,9835,5,0.354917,0.380418,5707.738559,0.008471,0.018163,113,0.00035,0,29,0.481159,0.05287
36009,Cattaraugus County,,NY,4420,90550,94970,8,8,16,2349,2552,4901,6,0.290438,0.304835,1075.531001,0.001244,0.001145,113,0.000178,0,29,0.541667,0.007597
36011,Cayuga County,,NY,4007,89828,93835,10,11,21,2096,2384,4480,6,0.290583,0.305464,17.803548,0.001734,0.001561,113,0.000163,0,29,0.628788,0.010297
36013,Chautauqua County,,NY,5084,150389,155473,10,11,21,1937,2262,4199,5,0.341252,0.361328,630.893117,0.004041,0.004425,113,0.000176,0,29,0.583333,0.027349
36015,Chemung County,,NY,4044,101035,105079,11,10,21,2142,1900,4042,6,0.290699,0.305521,1002.060666,0.002502,0.001447,113,0.000193,0,29,0.536364,0.013985
36017,Chenango County,,NY,2936,58939,61875,7,8,15,1358,1494,2852,6,0.278244,0.291747,15.449753,0.000976,0.000665,113,0.000122,0,29,0.597222,0.005365
36019,Clinton County,,NY,3381,92338,95719,10,12,22,1066,1240,2306,6,0.303024,0.32049,368.441373,0.001314,0.002014,113,0.000173,0,29,0.467949,0.008199
36021,Columbia County,,NY,3408,71138,74546,10,13,23,1735,2066,3801,6,0.307141,0.323708,2.606429,0.003623,0.003656,113,0.000122,0,29,0.807692,0.021886
36023,Cortland County,,NY,2803,51954,54757,7,8,15,1337,1483,2820,6,0.290438,0.304835,15.808203,0.000734,0.00144,113,0.000124,0,29,0.625,0.004195
36025,Delaware County,,NY,2915,49915,52830,13,10,23,1450,1492,2942,6,0.288942,0.305064,99.682752,0.004267,0.001228,113,0.00016,0,29,0.637363,0.026056
36027,Dutchess County,,NY,14542,335791,350333,36,52,88,10378,9737,20115,5,0.366931,0.394787,758.501396,0.017973,0.027721,135,0.000313,0,29,0.690236,0.115426
36029,Erie County,,NY,29952,1074176,1104128,117,139,256,18911,22096,41007,5,0.399616,0.438277,35195.041018,0.057118,0.06889,113,0.001177,0,29,0.452511,0.39247
36031,Essex County,,NY,2163,42998,45161,7,8,15,975,1072,2047,6,0.289114,0.303601,34.42848,0.000495,0.000949,113,0.00014,0,29,0.5,0.003066
36033,Franklin County,,NY,2161,52529,54690,4,6,10,790,1011,1801,6,0.289056,0.303046,3.407019,0.000219,0.000991,113,0.000095,0,29,0.761905,0.001517
36035,Fulton County,,NY,2983,64652,67635,6,6,12,1601,1550,3151,6,0.272167,0.284116,3.901712,0.00054,0.000488,113,0.000114,0,29,0.761905,0.003301
36037,Genesee County,,NY,3283,71663,74946,7,6,13,1820,1995,3815,6,0.289774,0.303435,1.933333,0.001221,0.000998,113,0.00015,0,29,0.738095,0.00741
36039,Greene County,,NY,2755,53032,55787,14,11,25,1855,1463,3318,6,0.306883,0.323022,41.602428,0.005336,0.002943,113,0.00015,0,29,0.780952,0.03185
36041,Hamilton County,,NY,368,5841,6209,0,0,0,0,0,0,0,0,0,0,0,0,112,0.000051,99,160,0,0
36043,Herkimer County,,NY,3176,73468,76644,6,7,13,1674,1785,3459,6,0.278297,0.291747,22.48864,0.000568,0.000645,113,0.000119,0,29,0.547619,0.003548
36045,Jefferson County,,NY,15348,124197,139545,64,63,127,6369,7000,13369,5,0.376696,0.406453,8719.21398,0.030111,0.028564,113,0.000736,0,29,0.508601,0.219908
36047,Kings County,,NY,145306,2541329,2686635,237,243,480,118555,134727,253282,5,0.427691,0.476052,38903.046097,0.099554,0.098146,135,0.00225,0,29,0.295237,0.687647
36049,Lewis County,,NY,1353,29014,30367,3,4,7,633,745,1378,6,0.28275,0.296136,0,0.000366,0.000674,113,0.000077,0,29,1,0.002615
36051,Livingston County,,NY,3854,71278,75132,8,10,18,2373,2613,4986,6,0.29012,0.304492,12.940107,0.00117,0.001055,113,0.00017,0,29,0.588889,0.00722
36053,Madison County,,NY,4546,77616,82162,6,9,15,2525,2729,5254,6,0.290409,0.304921,19.968508,0.000568,0.001369,113,0.000117,0,29,0.611111,0.003535
36055,Monroe County,,NY,29396,875466,904862,119,143,262,19095,22186,41281,5,0.403041,0.441638,49859.368009,0.054929,0.069783,113,0.001223,0,29,0.430008,0.378539
36057,Montgomery County,,NY,3317,58805,62122,7,8,15,1858,2048,3906,6,0.272243,0.284516,6.902256,0.000622,0.00052,113,0.000125,0,29,0.660714,0.003796
36059,Nassau County,,NY,58950,1605722,1664672,103,160,263,51391,52674,104065,5,0.389111,0.431499,4227.842774,0.055896,0.073948,135,0.000899,0,29,0.458515,0.384031
36061,New York County,,NY,180177,1578940,1759117,255,239,494,141049,162724,303773,5,0.434511,0.48043,55090.788556,0.103001,0.098663,135,0.002519,0,29,0.290158,0.715225
36063,Niagara County,,NY,9654,258721,268375,16,18,34,6224,5874,12098,5,0.347847,0.36921,2046.950012,0.008656,0.009065,113,0.000232,0,29,0.573123,0.05945
36065,Oneida County,,NY,9255,265871,275126,27,31,58,4838,5082,9920,5,0.348096,0.371999,3802.754208,0.010475,0.014062,113,0.000303,0,29,0.520168,0.070381
36067,Onondaga County,,NY,21231,539316,560547,86,106,192,13442,14687,28129,5,0.384089,0.419839,26950.877347,0.042067,0.052073,113,0.000845,0,29,0.494548,0.28607
36069,Ontario County,,NY,6542,126607,133149,11,11,22,4503,3949,8452,6,0.290438,0.305178,103.982329,0.002514,0.001419,113,0.000187,0,29,0.55303,0.016001
36071,Orange County,,NY,21327,433403,454730,61,86,147,15612,14979,30591,5,0.376988,0.409636,2732.710904,0.032987,0.043272,135,0.000542,0,29,0.543571,0.224514
36073,Orleans County,,NY,2454,48194,50648,5,4,9,1383,1506,2889,6,0.289717,0.303092,0,0.001202,0.000979,113,0.000112,0,29,0.95,0.007047
36075,Oswego County,,NY,6779,138509,145288,9,11,20,3565,3917,7482,6,0.293892,0.309562,34.699416,0.001931,0.00186,113,0.000135,0,29,0.654545,0.01159
36077,Otsego County,,NY,3728,67077,70805,12,11,23,1570,1630,3200,6,0.302333,0.319353,98.472268,0.002808,0.002193,113,0.000164,0,29,0.576923,0.015161
36079,Putnam County,,NY,6109,116176,122285,12,16,28,4650,4234,8884,6,0.311938,0.330281,0.44409,0.006306,0.006777,135,0.000121,0,29,0.882353,0.036913
36081,Queens County,,NY,132549,2457856,2590405,187,219,406,111074,123362,234436,5,0.421266,0.46769,18881.553432,0.088171,0.094311,135,0.001714,0,29,0.354566,0.608576
36083,Rensselaer County,,NY,11818,183291,195109,27,28,55,7882,8238,16120,6,0.337149,0.359539,2890.354048,0.008482,0.010212,113,0.000282,0,29,0.532773,0.051084
36085,Richmond County,,NY,19504,531156,550660,36,55,91,16562,15340,31902,5,0.368741,0.397045,196.594641,0.021581,0.02996,135,0.000294,0,29,0.77193,0.137432
36087,Rockland County,,NY,13380,351064,364444,33,52,85,8837,9760,18597,5,0.367347,0.39533,192.921663,0.018453,0.027513,135,0.000266,0,29,0.760885,0.115111
36089,St. Lawrence County,,NY,4631,116689,121320,8,14,22,1434,1696,3130,6,0.301645,0.319742,161.498456,0.001365,0.002933,113,0.000135,0,29,0.516484,0.008378
36091,Saratoga County,,NY,15406,263251,278657,49,48,97,12459,10222,22681,5,0.362777,0.390152,12083.405352,0.01914,0.021449,113,0.000486,0,29,0.453917,0.124738
36093,Schenectady County,,NY,9947,181411,191358,24,27,51,6913,6643,13556,6,0.339464,0.362443,1481.483117,0.00879,0.009126,113,0.000252,0,29,0.575862,0.053815
36095,Schoharie County,,NY,1870,35662,37532,8,9,17,851,982,1833,6,0.287744,0.303406,25.206287,0.001245,0.001052,113,0.00013,0,29,0.633333,0.007313
36097,Schuyler County,,NY,1322,21569,22891,5,5,10,640,768,1408,6,0.264011,0.274171,3.755452,0.000171,0.000156,113,0.000133,0,29,0.5,0.001476
36099,Seneca County,,NY,2052,39017,41069,8,7,15,1056,1104,2160,6,0.288656,0.302361,90.711064,0.001154,0.000935,113,0.000159,0,29,0.660714,0.006971
36101,Steuben County,,NY,4964,114073,119037,13,13,26,2433,2457,4890,6,0.290844,0.306121,969.863561,0.00173,0.001495,113,0.000247,0,29,0.423077,0.010401
36103,Suffolk County,,NY,53992,1822708,1876700,126,197,323,40651,45910,86561,5,0.402151,0.447342,17278.709245,0.063144,0.083089,135,0.001123,0,29,0.367277,0.432078
36105,Sullivan County,,NY,4860,83569,88429,14,16,30,2809,2695,5504,6,0.310874,0.328784,21.863194,0.006485,0.005909,135,0.000139,0,29,0.75817,0.037959
36107,Tioga County,,NY,3416,62181,65597,4,7,11,1853,2078,3931,6,0.288028,0.301698,18.143118,0.000296,0.000669,113,0.000105,0,29,0.714286,0.001724
36109,Tompkins County,,NY,7943,92778,100721,29,32,61,3437,3817,7254,5,0.358055,0.383088,11456.258295,0.013473,0.016923,113,0.00036,0,29,0.575397,0.093338
36111,Ulster County,,NY,9902,203563,213465,23,38,61,5840,6253,12093,5,0.351919,0.376429,649.455872,0.008277,0.017963,135,0.000228,0,29,0.678138,0.050033
36113,Warren County,,NY,5211,78951,84162,9,8,17,3066,3283,6349,6,0.303782,0.318844,60.257256,0.001852,0.001325,113,0.000138,0,29,0.644444,0.010403
36115,Washington County,,NY,4044,69611,73655,9,7,16,2975,2747,5722,6,0.272243,0.284516,49.298806,0.000658,0.000435,113,0.000145,0,29,0.527778,0.004106
36117,Wayne County,,NY,5481,114478,119959,8,9,17,3472,3592,7064,6,0.290265,0.304635,9.871384,0.001586,0.00131,113,0.000143,0,29,0.652778,0.009393
36119,Westchester County,,NY,47922,1052501,1100423,108,145,253,39525,41105,80630,5,0.395015,0.435374,5380.204864,0.058589,0.068896,135,0.000938,0,29,0.491025,0.396894
36121,Wyoming County,,NY,2350,47381,49731,7,6,13,1503,1632,3135,6,0.289861,0.303578,2.455263,0.001219,0.000938,113,0.000149,0,29,0.809524,0.007356
36123,Yates County,,NY,1528,28682,30210,5,5,10,689,817,1506,6,0.287546,0.300612,55.39891,0.000595,0.000486,113,0.000125,0,29,0.666667,0.003722
37001,Alamance County,,NC,8010,166322,174332,21,19,40,5709,4809,10518,5,0.329492,0.349651,375.320074,0.005313,0.005363,114,0.000366,0,29,0.552536,0.045342
37003,Alexander County,,NC,2141,41220,43361,5,6,11,1504,1335,2839,6,0.30293,0.318107,0.620635,0.000204,0.001087,114,0.000135,0,29,0.9,0.002282
37005,Alleghany County,,NC,576,11731,12307,3,3,6,194,184,378,7,0.236324,0.243785,5.127083,0.00031,0.000038,114,0.000121,0,29,0.666667,0.002812
37007,Anson County,,NC,1270,26266,27536,5,5,10,697,773,1470,6,0.302741,0.317707,2.136717,0.000932,0.001055,114,0.000122,0,29,0.65,0.00788
37009,Ashe County,,NC,1024,28088,29112,4,3,7,445,286,731,7,0.236746,0.244482,42.233164,0.000824,0.000041,114,0.000132,0,29,0.583333,0.006681
37011,Avery County,,NC,1011,17228,18239,4,4,8,333,348,681,7,0.238196,0.246648,20.110481,0.00006,0.000042,114,0.00015,0,29,0.166667,0.000754
37013,Beaufort County,,NC,2606,52230,54836,7,5,12,1207,1277,2484,6,0.303402,0.317638,1649.411716,0.000952,0.001111,114,0.000218,0,29,0.380952,0.008554
37015,Bertie County,,NC,1129,21769,22898,6,6,12,540,628,1168,6,0.303371,0.317667,2239.458693,0.000835,0.000968,114,0.00021,0,29,0.433333,0.007443
37017,Bladen County,,NC,1912,32794,34706,7,8,15,907,1096,2003,6,0.309817,0.325251,5.669791,0.001631,0.002401,114,0.000169,0,29,0.847222,0.014303
37019,Brunswick County,,NC,7319,108271,115590,33,15,48,5785,3613,9398,6,0.3162,0.333722,121.667357,0.01147,0.004514,114,0.000448,0,29,0.467023,0.08263
37021,Buncombe County,,NC,15928,255558,271486,82,69,151,9976,9598,19574,5,0.37621,0.406813,41851.9529,0.036479,0.028696,114,0.001161,0,29,0.427186,0.271109
37023,Burke County,,NC,4909,98553,103462,13,13,26,2818,2944,5762,6,0.308997,0.325566,1802.444019,0.001362,0.00237,114,0.00027,0,29,0.543956,0.012192
37025,Cabarrus County,,NC,13649,198644,212293,41,30,71,10308,8909,19217,5,0.354357,0.378607,1150.839046,0.018858,0.011487,114,0.000528,0,29,0.554965,0.135458
37027,Caldwell County,,NC,4187,90875,95062,13,12,25,2692,2472,5164,6,0.308833,0.325223,219.419011,0.00245,0.002785,114,0.000253,0,29,0.675824,0.0213
37029,Camden County,,NC,1000,10881,11881,4,5,9,560,497,1057,6,0.29568,0.309894,0.25,0.000911,0.000867,54,0.000105,0,29,0.8,0.006316
37031,Carteret County,,NC,4504,70956,75460,15,10,25,2507,1769,4276,6,0.317129,0.334174,23.641307,0.0048,0.004126,114,0.000253,0,29,0.746324,0.039923
37033,Caswell County,,NC,1593,24529,26122,7,7,14,1030,1054,2084,6,0.281033,0.294056,7.5356,0.000629,0.000732,114,0.000194,0,29,0.619048,0.005954
37035,Catawba County,,NC,10353,181628,191981,30,28,58,6834,6549,13383,5,0.344518,0.366495,2041.199734,0.009506,0.00811,114,0.00047,0,29,0.457207,0.071928
37037,Chatham County,,NC,4681,68399,73080,13,10,23,3637,2950,6587,6,0.30916,0.325109,4.19796,0.004101,0.003113,114,0.000222,0,29,0.782051,0.033073
37039,Cherokee County,,NC,1586,27404,28990,3,4,7,210,378,588,7,0.232295,0.239199,2751.871476,0.000007,0.000019,0,0.00019,0,29,0.25,0.000415
37041,Chowan County,,NC,827,16075,16902,5,4,9,316,293,609,6,0.254806,0.264169,74.666916,0.000035,0.000116,54,0.000221,0,29,0.266667,0.000707
37043,Clay County,,NC,687,10439,11126,3,2,5,304,169,473,8,0.188543,0.192355,1.5,0.000001,0,0,0.000188,0,29,0.666667,0.000353
37045,Cleveland County,,NC,5358,108406,113764,14,13,27,3292,3388,6680,6,0.314733,0.33183,58.164053,0.002263,0.003733,114,0.000265,0,29,0.658333,0.021857
37047,Columbus County,,NC,2449,56796,59245,8,7,15,1342,1358,2700,6,0.310114,0.32548,7.621347,0.001889,0.002326,114,0.000183,0,29,0.821429,0.017278
37049,Craven County,,NC,12189,110096,122285,40,36,76,5134,5619,10753,5,0.354184,0.379372,8159.616698,0.018479,0.016329,114,0.000555,0,29,0.472248,0.137114
37051,Cumberland County,,NC,46446,326593,373039,213,181,394,30388,32957,63345,5,0.419568,0.46126,48055.407273,0.084142,0.069705,114,0.002476,0,29,0.273636,0.60363
37053,Currituck County,,NC,2047,24993,27040,7,6,13,1204,973,2177,6,0.29586,0.310351,3.117761,0.001437,0.001257,54,0.000142,0,29,0.761905,0.009948
37055,Dare County,,NC,2746,38448,41194,9,8,17,760,772,1532,6,0.308148,0.32396,4936.461119,0.002758,0.002045,54,0.000183,0,29,0.411111,0.021578
37057,Davidson County,,NC,9576,185835,195411,22,19,41,6690,6371,13061,6,0.314767,0.332687,212.818974,0.004219,0.004438,114,0.000376,0,29,0.565217,0.037262
37059,Davie County,,NC,2481,46563,49044,8,7,15,1588,1486,3074,6,0.303213,0.318707,30.901155,0.001625,0.001836,114,0.000174,0,29,0.875,0.013925
37061,Duplin County,,NC,3192,54334,57526,9,11,20,1614,1964,3578,6,0.311972,0.328086,8.686688,0.002207,0.003189,114,0.00019,0,29,0.772727,0.019496
37063,Durham County,,NC,25909,281060,306969,118,99,217,20860,19935,40795,5,0.391935,0.426457,14205.656715,0.05811,0.048609,114,0.001341,0,29,0.469231,0.413639
37065,Edgecombe County,,NC,4792,60052,64844,5,10,15,3110,3700,6810,6,0.31419,0.330887,44.350947,0.000894,0.002901,114,0.000132,0,29,0.533333,0.007838
37067,Forsyth County,,NC,21131,388624,409755,92,72,164,15228,14428,29656,5,0.385663,0.416541,20153.153437,0.041186,0.03583,114,0.00117,0,29,0.445545,0.298272
37069,Franklin County,,NC,4027,59563,63590,9,8,17,3307,2545,5852,6,0.303213,0.317638,25.019643,0.002108,0.001556,114,0.000185,0,29,0.694444,0.017802
37071,Gaston County,,NC,11746,229608,241354,27,30,57,8714,7923,16637,5,0.335674,0.358168,465.11831,0.009298,0.008732,114,0.00041,0,29,0.507937,0.072957
37073,Gates County,,NC,864,12286,13150,5,5,10,401,332,733,6,0.29574,0.310008,517.405758,0.000978,0.000908,54,0.00012,0,29,0.466667,0.006833
37075,Graham County,,NC,394,8756,9150,2,0,2,96,0,96,0,0,0,0,0,0,0,0.000113,0,3,0,0.000201
37077,Granville County,,NC,3704,59244,62948,8,12,20,2540,2458,4998,6,0.308735,0.325051,35.594864,0.001396,0.003017,114,0.00018,0,29,0.560606,0.012335
37079,Greene County,,NC,1389,19113,20502,4,4,8,808,906,1714,6,0.263058,0.273034,0.414669,0.00021,0.000221,114,0.000114,0,29,0.833333,0.002118
37081,Guilford County,,NC,31066,528482,559548,150,109,259,24403,22848,47251,5,0.389892,0.42556,59020.248055,0.058069,0.047146,114,0.00194,0,29,0.331444,0.412718
37083,Halifax County,,NC,3025,58157,61182,7,8,15,1370,1707,3077,6,0.305308,0.320462,1569.901074,0.001445,0.002181,114,0.000162,0,29,0.513889,0.012552
37085,Harnett County,,NC,11248,107727,118975,39,28,67,9344,6574,15918,5,0.341013,0.363889,792.858015,0.016383,0.011393,114,0.000537,0,29,0.53252,0.129192
37087,Haywood County,,NC,2914,63863,66777,7,7,14,1254,1056,2310,6,0.308997,0.324766,2077.029139,0.002532,0.002546,114,0.000158,0,29,0.666667,0.018731
37089,Henderson County,,NC,6592,116714,123306,24,14,38,4125,3158,7283,6,0.315311,0.333596,566.32224,0.009775,0.004708,114,0.000398,0,29,0.512821,0.071603
37091,Hertford County,,NC,1363,22227,23590,5,6,11,477,597,1074,6,0.303434,0.317781,553.747791,0.000743,0.001035,114,0.000152,0,29,0.47619,0.005506
37093,Hoke County,,NC,6139,42175,48314,15,15,30,3987,3162,7149,5,0.335751,0.356116,182.20156,0.005925,0.007338,114,0.00025,0,29,0.719298,0.048617
37095,Hyde County,,NC,319,4914,5233,0,2,2,0,100,100,7,0.235793,0.242913,0,0,0.00003,114,0.000051,0,161,0,0
37097,Iredell County,,NC,10925,180096,191021,38,29,67,6632,6191,12823,5,0.349473,0.373045,4093.278546,0.014542,0.009432,114,0.000547,0,29,0.493129,0.108459
37099,Jackson County,,NC,2617,33598,36215,5,7,12,798,1053,1851,6,0.303182,0.31865,1040.46972,0.001021,0.001255,114,0.000161,0,29,0.547619,0.008708
37101,Johnston County,,NC,10197,177844,188041,29,22,51,8898,6420,15318,5,0.333944,0.355064,330.010393,0.009536,0.007121,114,0.000434,0,29,0.475045,0.069597
37103,Jones County,,NC,817,10913,11730,3,3,6,638,482,1120,6,0.291047,0.304241,0,0.000701,0.000801,114,0.000088,0,29,1,0.005808
37105,Lee County,,NC,4203,63173,67376,9,11,20,2356,2288,4644,5,0.330762,0.349731,33.838669,0.002825,0.00518,114,0.00018,0,29,0.839744,0.024404
37107,Lenoir County,,NC,3502,64545,68047,11,14,25,1922,2161,4083,6,0.312473,0.329258,496.823277,0.002581,0.003789,114,0.000231,0,29,0.695238,0.02191
37109,Lincoln County,,NC,5869,85388,91257,12,14,26,4250,3844,8094,6,0.310543,0.328081,15.794102,0.002634,0.003912,114,0.000217,0,29,0.7,0.02017
37111,McDowell County,,NC,2066,48029,50095,7,8,15,1046,1000,2046,6,0.303308,0.318936,166.944637,0.001059,0.001341,114,0.000186,0,29,0.527778,0.00912
37113,Macon County,,NC,1969,36637,38606,4,3,7,417,396,813,6,0.27352,0.284608,199.014288,0.000242,0.000307,114,0.000151,0,29,0.416667,0.002614
37115,Madison County,,NC,1240,20462,21702,1,2,3,713,584,1297,6,0.273418,0.284265,0,0.00023,0.000371,114,0.000065,0,29,1,0.002209
37117,Martin County,,NC,1411,27132,28543,6,5,11,665,825,1490,6,0.303213,0.317295,520.08227,0.000852,0.00097,114,0.0002,0,29,0.6,0.007529
37119,Mecklenburg County,,NC,69357,985586,1054943,318,264,582,68083,59455,127538,5,0.433799,0.482676,222438.106385,0.105933,0.095566,114,0.003738,0,29,0.196284,0.742951
37121,Mitchell County,,NC,837,16491,17328,4,4,8,357,336,693,6,0.27352,0.284722,184.986114,0.000244,0.000304,114,0.000143,0,29,0.416667,0.002575
37123,Montgomery County,,NC,1628,29507,31135,7,6,13,689,919,1608,6,0.303434,0.317781,3.117642,0.001363,0.001444,114,0.000152,0,29,0.75,0.011867
37125,Moore County,,NC,5426,95777,101203,20,18,38,2604,2381,4985,6,0.314631,0.33243,225.260903,0.006334,0.004614,114,0.000334,0,29,0.492095,0.052112
37127,Nash County,,NC,7956,108203,116159,14,15,29,5533,5532,11065,6,0.31538,0.333122,82.741264,0.003457,0.004474,114,0.000253,0,29,0.621324,0.02926
37129,New Hanover County,,NC,17074,197137,214211,70,57,127,10490,11117,21607,5,0.368927,0.397531,4992.969768,0.028728,0.023616,114,0.000933,0,29,0.451228,0.214714
37131,Northampton County,,NC,1477,21895,23372,3,4,7,673,748,1421,6,0.30315,0.317038,2.176473,0.000034,0.000888,114,0.000119,0,29,0.583333,0.000473
37133,Onslow County,,NC,33869,168570,202439,177,157,334,19362,19264,38626,5,0.410127,0.450389,24644.305521,0.078776,0.067155,114,0.001855,0,29,0.336822,0.549124
37135,Orange County,,NC,13403,126267,139670,43,37,80,8489,9172,17661,5,0.362056,0.387923,3097.656908,0.023304,0.020065,114,0.000561,0,29,0.605714,0.176558
37137,Pamlico County,,NC,775,13443,14218,1,2,3,232,314,546,6,0.261689,0.271285,0,0.000131,0.000156,114,0.000064,0,29,1,0.001158
37139,Pasquotank County,,NC,3623,42058,45681,9,13,22,1393,1733,3126,6,0.308278,0.32476,4035.431998,0.001429,0.002323,54,0.000256,0,29,0.371795,0.01018
37141,Pender County,,NC,4173,51008,55181,8,7,15,3032,2419,5451,6,0.306786,0.321651,35.878075,0.003535,0.00188,114,0.000161,0,29,0.722222,0.029274
37143,Perquimans County,,NC,1052,14138,15190,5,2,7,582,388,970,7,0.235713,0.242824,487.907568,0.000909,0.000012,54,0.00015,0,29,0.7,0.006384
37145,Person County,,NC,1798,43062,44860,8,8,16,1160,1062,2222,6,0.303497,0.318124,1319.689484,0.001744,0.002043,114,0.000188,0,29,0.625,0.015155
37147,Pitt County,,NC,10402,158909,169311,42,35,77,6863,6047,12910,5,0.341332,0.36406,14621.281499,0.011302,0.009287,114,0.000743,0,29,0.321462,0.087985
37149,Polk County,,NC,1372,20884,22256,5,5,10,752,773,1525,6,0.283024,0.295622,0.298546,0.000743,0.000982,114,0.000136,0,29,0.95,0.007448
37151,Randolph County,,NC,7914,161952,169866,16,18,34,5162,5267,10429,6,0.312272,0.329933,51.344507,0.003907,0.004751,114,0.000291,0,29,0.571429,0.033848
37153,Richmond County,,NC,2090,48901,50991,10,11,21,979,1019,1998,6,0.31419,0.330916,162.227569,0.002284,0.003401,114,0.000211,0,29,0.551282,0.019841
37155,Robeson County,,NC,5324,129107,134431,17,17,34,2906,3055,5961,6,0.314394,0.331944,138.88769,0.003664,0.004457,114,0.000326,0,29,0.54902,0.032577
37157,Rockingham County,,NC,4436,106176,110612,10,12,22,2682,2716,5398,6,0.308767,0.325166,294.200226,0.001516,0.002644,114,0.000249,0,29,0.515152,0.013455
37159,Rowan County,,NC,8566,154966,163532,16,18,34,5375,5133,10508,6,0.313683,0.331847,69.319922,0.004245,0.005457,114,0.000278,0,29,0.692105,0.036246
37161,Rutherford County,,NC,2917,68391,71308,9,11,20,1369,1472,2841,6,0.30375,0.319965,51.8971,0.001267,0.001952,114,0.00021,0,29,0.618182,0.011543
37163,Sampson County,,NC,3595,67847,71442,12,11,23,2102,2157,4259,6,0.310048,0.325937,22.602882,0.003539,0.003046,114,0.000222,0,29,0.642857,0.02805
37165,Scotland County,,NC,2331,37840,40171,9,9,18,1144,1270,2414,6,0.313886,0.33023,123.524953,0.002606,0.003007,114,0.000186,0,29,0.708333,0.022119
37167,Stanly County,,NC,3103,67298,70401,9,12,21,1530,1747,3277,6,0.308604,0.32488,23.285702,0.001722,0.002803,114,0.000193,0,29,0.711538,0.015264
37169,Stokes County,,NC,2929,51863,54792,6,7,13,2052,2035,4087,6,0.303308,0.318821,9.003501,0.000759,0.001715,114,0.00015,0,29,0.809524,0.006753
37171,Surry County,,NC,3734,81024,84758,12,13,25,2044,2215,4259,6,0.309029,0.325623,19186.679049,0.002257,0.0027,114,0.000299,0,29,0.406593,0.019255
37173,Swain County,,NC,1012,18641,19653,3,4,7,378,453,831,7,0.236247,0.24359,2860.772516,0.000261,0.00003,114,0.000103,0,29,0.5,0.002599
37175,Transylvania County,,NC,1840,33081,34921,5,3,8,657,641,1298,6,0.282942,0.295222,2.224747,0.00108,0.000821,114,0.000137,0,29,0.7,0.009377
37177,Tyrrell County,,NC,313,4068,4381,2,1,3,106,68,174,7,0.203008,0.207523,0.816667,0.000017,0.000001,114,0.00011,0,29,0,0.000359
37179,Union County,,NC,11904,219429,231333,41,30,71,9713,7377,17090,5,0.35929,0.383648,1947.971641,0.020146,0.01205,114,0.000498,0,29,0.529255,0.140527
37181,Vance County,,NC,2821,48718,51539,5,6,11,1361,1711,3072,6,0.303371,0.317667,2.296597,0.001171,0.001834,114,0.000126,0,29,0.8,0.010056
37183,Wake County,,NC,57881,977817,1035698,321,234,555,64416,47497,111913,5,0.434381,0.479378,199371.605665,0.107628,0.09178,114,0.00379,0,29,0.210425,0.759045
37185,Warren County,,NC,1319,19689,21008,6,7,13,678,762,1440,6,0.303276,0.317581,8.934127,0.001196,0.000955,114,0.000143,0,29,0.589286,0.010242
37187,Washington County,,NC,739,14582,15321,4,5,9,242,355,597,6,0.254695,0.263997,2986.2432,0.000091,0.000106,114,0.000233,0,29,0.35,0.001203
37189,Watauga County,,NC,3918,39587,43505,15,17,32,1278,1901,3179,6,0.309784,0.327281,6910.566071,0.003186,0.004283,114,0.00032,0,29,0.476608,0.027893
37191,Wayne County,,NC,8715,125604,134319,28,26,54,3712,3820,7532,5,0.345866,0.368593,3684.586522,0.009365,0.009501,114,0.000426,0,29,0.461676,0.075868
37193,Wilkes County,,NC,2970,74459,77429,11,12,23,1189,1495,2684,6,0.308931,0.325337,2840.36902,0.001611,0.002779,114,0.000269,0,29,0.551282,0.01409
37195,Wilson County,,NC,4538,89759,94297,13,11,24,2728,2632,5360,6,0.314123,0.330801,573.294746,0.004303,0.003601,114,0.00023,0,29,0.711538,0.03472
37197,Yadkin County,,NC,2386,43215,45601,7,9,16,1615,1675,3290,6,0.303402,0.319222,4.048966,0.000471,0.001848,114,0.000175,0,29,0.819444,0.004567
37199,Yancey County,,NC,826,19070,19896,2,3,5,269,356,625,6,0.273469,0.284494,0,0.000233,0.000303,114,0.000095,0,29,1,0.002319
38001,Adams County,,ND,157,2807,2964,0,0,0,0,0,0,0,0,0,0,0,0,115,0.000051,100,162,0,0
38003,Barnes County,,ND,664,12915,13579,3,2,5,269,247,516,7,0.25803,0.267656,0,0.000068,0.000056,30,0.000165,0,29,1,0.000947
38005,Benson County,,ND,384,7116,7500,1,3,4,118,212,330,7,0.26115,0.271514,0,0.000001,0.000076,30,0.000087,0,29,1,0.000098
38007,Billings County,,ND,96,967,1063,0,0,0,0,0,0,0,0,0,0,0,0,116,0.000051,101,163,0,0
38009,Bottineau County,,ND,420,7705,8125,1,2,3,112,168,280,7,0.26087,0.271314,0,0.000049,0.000097,30,0.000077,0,29,1,0.000434
38011,Bowman County,,ND,235,3822,4057,0,0,0,0,0,0,0,0,0,0,0,0,117,0.000051,102,164,0,0
38013,Burke County,,ND,132,2423,2555,1,0,1,43,0,43,0,0,0,0,0.000049,0,30,0.000077,0,12,0,0.000434
38015,Burleigh County,,ND,5536,94868,100404,19,20,39,3782,3230,7012,6,0.338912,0.360482,45478.611366,0.002196,0.002053,30,0.000898,0,29,0.170996,0.01769
38017,Cass County,,ND,11038,167368,178406,51,41,92,8560,6724,15284,6,0.347681,0.37308,97030.055463,0.006848,0.00631,30,0.001524,0,29,0.146589,0.054208
38019,Cavalier County,,ND,262,5134,5396,0,2,2,0,94,94,7,0.261146,0.271364,0,0,0.000075,30,0.000051,0,165,1,0
38021,Dickey County,,ND,454,6077,6531,0,2,2,0,86,86,7,0.258737,0.268759,0,0,0.000057,30,0.000051,0,166,0,0
38023,Divide County,,ND,124,2458,2582,0,0,0,0,0,0,0,0,0,0,0,0,118,0.000051,103,167,0,0
38025,Dunn County,,ND,201,3962,4163,1,1,2,54,53,107,8,0.207102,0.212523,0,0.000001,0.000001,30,0.000088,0,29,0,0.000103
38027,Eddy County,,ND,196,2785,2981,0,0,0,0,0,0,0,0,0,0,0,0,119,0.000051,104,168,0,0
38029,Emmons County,,ND,182,4286,4468,1,1,2,44,78,122,7,0.253147,0.261575,0,0.000016,0.000018,30,0.000089,0,29,0,0.000255
38031,Foster County,,ND,292,4112,4404,0,1,1,0,54,54,7,0.25805,0.267565,0,0,0.000055,30,0.000051,0,169,0,0
38033,Golden Valley County,,ND,133,1971,2104,0,0,0,0,0,0,0,0,0,0,0,0,120,0.000051,105,170,0,0
38035,Grand Forks County,,ND,7910,70769,78679,22,28,50,2695,3648,6343,6,0.347681,0.371839,29705.622902,0.002508,0.006076,30,0.000707,0,29,0.219758,0.020697
38037,Grant County,,ND,163,2898,3061,0,0,0,0,0,0,0,0,0,0,0,0,121,0.000051,106,171,0,0
38039,Griggs County,,ND,184,2974,3158,0,0,0,0,0,0,0,0,0,0,0,0,122,0.000051,107,172,0,0
38041,Hettinger County,,ND,163,2922,3085,1,1,2,61,62,123,8,0.207102,0.212523,0,0.000001,0.000001,30,0.000088,0,29,0,0.000103
38043,Kidder County,,ND,219,2939,3158,1,1,2,47,77,124,7,0.253147,0.261575,0,0.000016,0.000018,30,0.000089,0,29,0,0.000255
38045,LaMoure County,,ND,291,5023,5314,0,2,2,0,118,118,7,0.258073,0.267736,0,0,0.000056,30,0.000051,0,173,1,0
38047,Logan County,,ND,128,2400,2528,0,0,0,0,0,0,0,0,0,0,0,0,123,0.000051,108,174,0,0
38049,McHenry County,,ND,440,6503,6943,1,1,2,146,211,357,7,0.257256,0.266159,0,0.000049,0.000042,30,0.000077,0,29,0,0.000434
38051,McIntosh County,,ND,193,3447,3640,0,0,0,0,0,0,0,0,0,0,0,0,124,0.000051,109,175,0,0
38053,McKenzie County,,ND,364,5857,6221,1,1,2,52,55,107,8,0.208003,0.213497,0,0.000001,0.000007,30,0.000092,0,29,0,0.000152
38055,McLean County,,ND,685,10608,11293,2,3,5,238,328,566,7,0.257916,0.267519,0,0.000065,0.000061,30,0.000116,0,29,1,0.000689
38057,Mercer County,,ND,567,10552,11119,3,1,4,182,125,307,7,0.253147,0.261575,0,0.000018,0.000018,30,0.000167,0,29,1,0.000468
38059,Morton County,,ND,2525,32163,34688,6,5,11,1554,1605,3159,7,0.261127,0.272257,88.131733,0.000166,0.000115,30,0.000239,0,29,0.571429,0.001761
38061,Mountrail County,,ND,582,8157,8739,2,2,4,147,208,355,7,0.257893,0.267348,0,0.000065,0.000059,30,0.000116,0,29,1,0.000689
38063,Nelson County,,ND,220,3944,4164,0,0,0,0,0,0,0,0,0,0,0,0,125,0.000051,110,176,0,0
38065,Oliver County,,ND,149,2274,2423,0,0,0,0,0,0,0,0,0,0,0,0,126,0.000051,111,177,0,0
38067,Pembina County,,ND,575,9543,10118,2,3,5,135,254,389,7,0.261127,0.271457,0,0.000049,0.000076,30,0.00011,0,29,1,0.000381
38069,Pierce County,,ND,292,5165,5457,0,1,1,0,49,49,7,0.257299,0.266239,0,0,0.000042,30,0.000051,0,178,0,0
38071,Ramsey County,,ND,915,13558,14473,3,3,6,265,316,581,7,0.26115,0.271514,2948,0.0001,0.000075,30,0.000128,0,29,0.666667,0.000962
38073,Ransom County,,ND,456,6803,7259,1,1,2,60,128,188,7,0.258007,0.267485,0,0.000051,0.000055,30,0.000082,0,29,0,0.000592
38075,Renville County,,ND,257,2925,3182,1,1,2,100,145,245,7,0.257256,0.266159,0,0.000049,0.000042,30,0.000077,0,29,0,0.000434
38077,Richland County,,ND,1443,19286,20729,3,4,7,423,648,1071,7,0.258167,0.268228,0.333333,0.000061,0.000075,30,0.000156,0,29,0.916667,0.000875
38079,Rolette County,,ND,667,14562,15229,4,4,8,296,336,632,7,0.262089,0.273143,0,0.000165,0.000134,30,0.000169,0,29,1,0.001565
38081,Sargent County,,ND,306,5103,5409,1,1,2,52,78,130,7,0.258007,0.267485,0,0.000051,0.000055,30,0.000082,0,29,0,0.000592
38083,Sheridan County,,ND,65,1686,1751,0,0,0,0,0,0,0,0,0,0,0,0,127,0.000051,112,179,0,0
38085,Sioux County,,ND,224,3667,3891,1,1,2,87,89,176,7,0.253147,0.261575,0,0.000016,0.000018,30,0.000089,0,29,0,0.000255
38087,Slope County,,ND,68,811,879,0,0,0,0,0,0,0,0,0,0,0,0,128,0.000051,113,180,0,0
38089,Stark County,,ND,1754,27909,29663,5,7,12,430,636,1066,7,0.261173,0.2726,11753.139452,0.000068,0.000116,30,0.000311,0,29,0.357143,0.00113
38091,Steele County,,ND,158,2390,2548,0,0,0,0,0,0,0,0,0,0,0,0,129,0.000051,114,181,0,0
38093,Stutsman County,,ND,1265,24131,25396,4,4,8,439,457,896,7,0.261619,0.272395,25.932832,0.000068,0.000093,30,0.000212,0,29,0.5,0.001029
38095,Towner County,,ND,194,2764,2958,0,0,0,0,0,0,0,0,0,0,0,0,130,0.000051,115,182,0,0
38097,Traill County,,ND,663,9451,10114,2,2,4,218,323,541,7,0.261103,0.271286,0,0.000099,0.000075,30,0.000104,0,29,1,0.000875
38099,Walsh County,,ND,731,13631,14362,3,3,6,252,352,604,7,0.261127,0.271457,28.50273,0.0001,0.000075,30,0.000135,0,29,0.833333,0.000966
38101,Ward County,,ND,6134,69514,75648,22,22,44,2248,2156,4404,6,0.346318,0.369422,40067.208685,0.005178,0.006099,30,0.000696,0,29,0.235385,0.041277
38103,Wells County,,ND,261,5394,5655,0,1,1,0,49,49,7,0.25319,0.261657,0,0,0.000018,30,0.000051,0,183,0,0
38105,Williams County,,ND,1374,25089,26463,7,6,13,539,525,1064,7,0.262608,0.274172,6218.055545,0.000857,0.000135,30,0.000292,0,29,0.357143,0.007267
39001,Adams County,,OH,1561,31006,32567,7,9,16,767,980,1747,6,0.304893,0.320828,265.284518,0.000968,0.001467,131,0.000135,0,29,0.655556,0.006349
39003,Allen County,,OH,5897,123568,129465,15,18,33,2670,3226,5896,6,0.315414,0.334402,781.23559,0.003091,0.003236,131,0.000231,0,29,0.460784,0.018278
39005,Ashland County,,OH,3256,61795,65051,10,11,21,1964,1895,3859,6,0.304734,0.320993,126.572277,0.002142,0.001848,131,0.000167,0,29,0.636364,0.012924
39007,Ashtabula County,,OH,5048,118601,123649,9,13,22,2430,2833,5263,5,0.336993,0.356727,114.862441,0.002373,0.003297,131,0.000135,0,29,0.717949,0.013946
39009,Athens County,,OH,4242,52705,56947,16,15,31,1664,1967,3631,5,0.331854,0.350812,1117.904813,0.002557,0.003397,131,0.000348,0,29,0.356209,0.016716
39011,Auglaize County,,OH,3093,58979,62072,9,9,18,1826,1973,3799,6,0.305692,0.321491,88.989479,0.001297,0.00112,131,0.000164,0,29,0.6,0.008712
39013,Belmont County,,OH,2934,78673,81607,8,9,17,1707,1592,3299,6,0.307336,0.324074,4686.736951,0.000837,0.001531,135,0.000226,0,29,0.361111,0.006502
39015,Brown County,,OH,3216,50675,53891,9,9,18,2372,2394,4766,6,0.293537,0.30679,369.019077,0.001401,0.000893,131,0.00016,0,29,0.722222,0.008612
39017,Butler County,,OH,24623,414979,439602,47,63,110,18018,17952,35970,5,0.382527,0.412043,16577.656693,0.020813,0.030097,131,0.000582,0,29,0.48882,0.142122
39019,Carroll County,,OH,1929,33680,35609,5,6,11,1236,1335,2571,6,0.283796,0.296039,24.389543,0.000605,0.000398,131,0.000111,0,29,0.666667,0.003012
39021,Champaign County,,OH,2799,47523,50322,9,9,18,1886,1962,3848,6,0.3055,0.321176,8.176422,0.001396,0.001235,131,0.000171,0,29,0.722222,0.009429
39023,Clark County,,OH,6825,163347,170172,10,12,22,3815,4093,7908,5,0.3375,0.35699,229.226221,0.002118,0.003084,131,0.000178,0,29,0.643939,0.013734
39025,Clermont County,,OH,13678,232389,246067,17,21,38,9673,9905,19578,5,0.340177,0.361603,724.126033,0.004725,0.006245,131,0.000255,0,29,0.595238,0.032291
39027,Clinton County,,OH,3539,50142,53681,12,10,22,2335,2345,4680,6,0.306431,0.322508,34.266322,0.002299,0.001994,131,0.000192,0,29,0.712121,0.014977
39029,Columbiana County,,OH,4793,124279,129072,13,13,26,2655,3008,5663,6,0.307822,0.325314,199.301641,0.003078,0.002637,131,0.000188,0,29,0.557692,0.019141
39031,Coshocton County,,OH,1734,42244,43978,7,7,14,1018,964,1982,6,0.30375,0.31905,74.508195,0.000848,0.000814,131,0.000168,0,29,0.553571,0.006289
39033,Crawford County,,OH,2781,53486,56267,7,8,15,1469,1687,3156,6,0.303718,0.319107,6.151681,0.000838,0.000883,131,0.000144,0,29,0.607143,0.006256
39035,Cuyahoga County,,OH,57938,1484640,1542578,158,197,355,36255,48353,84608,5,0.424269,0.466815,47053.016127,0.073408,0.088111,131,0.001628,0,29,0.363833,0.506562
39037,Darke County,,OH,2861,65842,68703,7,9,16,1570,1694,3264,6,0.305821,0.321719,62.553295,0.000716,0.001222,131,0.000137,0,29,0.511111,0.004193
39039,Defiance County,,OH,2580,48650,51230,8,10,18,1321,1412,2733,6,0.305085,0.321468,99.625462,0.000517,0.001136,131,0.000153,0,29,0.522222,0.003003
39041,Delaware County,,OH,13045,195740,208785,29,27,56,11171,8691,19862,5,0.354745,0.378081,2492.511493,0.009719,0.01016,131,0.000369,0,29,0.433183,0.062043
39043,Erie County,,OH,5221,94379,99600,10,10,20,2534,3123,5657,6,0.304989,0.321336,3.574786,0.002061,0.001923,131,0.000155,0,29,0.763636,0.012512
39045,Fairfield County,,OH,10326,167760,178086,15,17,32,8114,7196,15310,5,0.350354,0.372497,1446.246227,0.00392,0.005153,131,0.000252,0,29,0.452381,0.026445
39047,Fayette County,,OH,2047,33186,35233,9,8,17,1339,1348,2687,6,0.3055,0.321062,13.2936,0.001406,0.00122,131,0.000178,0,29,0.625,0.00955
39049,Franklin County,,OH,73053,1329835,1402888,265,266,531,61716,61817,123533,5,0.435614,0.484579,311468.304142,0.091835,0.094983,131,0.003214,0,29,0.215086,0.643584
39051,Fulton County,,OH,2932,54098,57030,6,7,13,1744,1794,3538,6,0.304098,0.319679,7.741179,0.000428,0.000986,131,0.000112,0,29,0.666667,0.002109
39053,Gallia County,,OH,1482,32688,34170,5,5,10,603,711,1314,6,0.303845,0.318896,392.444291,0.000782,0.000758,131,0.000188,0,29,0.4,0.005775
39055,Geauga County,,OH,5425,111933,117358,6,9,15,3420,3604,7024,5,0.343503,0.36322,15.06664,0.001343,0.003853,131,0.000098,0,29,0.902778,0.007314
39057,Greene County,,OH,15584,175876,191460,34,33,67,9675,9931,19606,5,0.369722,0.395593,3762.161193,0.015232,0.015944,131,0.000429,0,29,0.479268,0.109162
39059,Guernsey County,,OH,2093,46993,49086,9,6,15,983,1008,1991,6,0.303877,0.319096,1959.459553,0.00194,0.000777,131,0.00019,0,29,0.411111,0.011869
39061,Hamilton County,,OH,46809,923926,970735,128,134,262,32607,37772,70379,5,0.412155,0.449126,66390.440368,0.058089,0.063436,131,0.001465,0,29,0.38739,0.406635
39063,Hancock County,,OH,4883,89837,94720,12,14,26,2690,2363,5053,5,0.340296,0.36074,737.30444,0.002419,0.003683,131,0.000194,0,29,0.471429,0.015199
39065,Hardin County,,OH,2099,34205,36304,8,8,16,1077,1245,2322,6,0.30375,0.319164,8.891414,0.00086,0.000824,131,0.000163,0,29,0.589286,0.006494
39067,Harrison County,,OH,1008,17528,18536,5,5,10,516,577,1093,6,0.270526,0.281407,10.42213,0.000232,0.000155,131,0.000125,0,29,0.5,0.001501
39069,Henry County,,OH,2031,36553,38584,7,8,15,1047,1289,2336,6,0.304098,0.319793,12.747082,0.0004,0.000981,131,0.000134,0,29,0.625,0.002114
39071,Highland County,,OH,3066,48528,51594,12,13,25,2100,2172,4272,6,0.306528,0.323022,72.225496,0.002299,0.002015,131,0.000196,0,29,0.615385,0.014977
39073,Hocking County,,OH,1961,32392,34353,8,7,15,1293,1418,2711,6,0.303655,0.318879,4.6,0.000899,0.000817,131,0.000184,0,29,0.660714,0.006609
39075,Holmes County,,OH,1724,44715,46439,7,7,14,1096,1149,2245,6,0.30375,0.31905,5.609573,0.000272,0.000919,131,0.000151,0,29,0.642857,0.001978
39077,Huron County,,OH,4002,74857,78859,10,13,23,2195,2428,4623,6,0.305053,0.321794,15.185316,0.002008,0.001784,131,0.000159,0,29,0.628205,0.012185
39079,Jackson County,,OH,1827,36517,38344,7,7,14,1077,989,2066,6,0.303813,0.319096,10.447898,0.000828,0.000794,131,0.000206,0,29,0.547619,0.006211
39081,Jefferson County,,OH,3061,80081,83142,10,11,21,1429,1661,3090,6,0.3074,0.324446,707.26365,0.001566,0.001884,135,0.000216,0,29,0.469697,0.011609
39083,Knox County,,OH,3342,67220,70562,11,8,19,1872,1788,3660,6,0.303718,0.319107,80.197327,0.001032,0.000889,131,0.000205,0,29,0.481818,0.007576
39085,Lake County,,OH,11921,289233,301154,21,24,45,8452,8158,16610,5,0.36409,0.388369,418.029239,0.010386,0.012722,131,0.000228,0,29,0.698462,0.068238
39087,Lawrence County,,OH,2878,68607,71485,7,7,14,1739,1688,3427,6,0.304511,0.319959,1343.417942,0.000815,0.00078,50,0.000244,0,29,0.452381,0.006136
39089,Licking County,,OH,9945,196388,206333,13,19,32,6692,6614,13306,5,0.344885,0.366124,863.945569,0.002574,0.004869,131,0.000245,0,29,0.373684,0.016701
39091,Logan County,,OH,3068,56697,59765,11,11,22,1716,1834,3550,6,0.305628,0.321634,19.824531,0.00131,0.001151,131,0.000199,0,29,0.6,0.009008
39093,Lorain County,,OH,14176,357588,371764,29,36,65,9468,9030,18498,5,0.371181,0.397377,1713.294626,0.013083,0.019032,131,0.000318,0,29,0.599303,0.083627
39095,Lucas County,,OH,22221,497738,519959,48,79,127,11868,15472,27340,5,0.388748,0.420685,15434.442145,0.018731,0.036769,131,0.000509,0,29,0.457831,0.121018
39097,Madison County,,OH,3283,45678,48961,11,8,19,2370,2230,4600,6,0.303687,0.31905,12.054435,0.001532,0.00089,131,0.000198,0,29,0.581818,0.01031
39099,Mahoning County,,OH,11707,274771,286478,28,33,61,6435,7651,14086,5,0.365826,0.391187,1384.778919,0.012479,0.01684,131,0.000307,0,29,0.548781,0.083094
39101,Marion County,,OH,3509,73526,77035,9,10,19,1817,2031,3848,6,0.303782,0.31945,15.238889,0.000917,0.000889,131,0.000182,0,29,0.522222,0.006963
39103,Medina County,,OH,10566,212166,222732,19,18,37,8757,6831,15588,5,0.352813,0.374874,533.891097,0.005573,0.008454,131,0.000227,0,29,0.589231,0.034514
39105,Meigs County,,OH,993,24820,25813,5,5,10,592,470,1062,6,0.304289,0.319387,401.030976,0.000803,0.000772,131,0.00018,0,29,0.566667,0.005867
39107,Mercer County,,OH,2171,53466,55637,8,9,17,991,1247,2238,6,0.305821,0.321719,924.493013,0.001261,0.001089,131,0.000158,0,29,0.488889,0.008358
39109,Miami County,,OH,6898,125581,132479,15,16,31,4285,4264,8549,6,0.311272,0.329344,191.315228,0.002598,0.002706,131,0.000223,0,29,0.514706,0.016245
39111,Monroe County,,OH,787,16920,17707,2,3,5,178,302,480,7,0.235922,0.243882,479.409276,0.000019,0.000013,135,0.000097,0,29,0,0.00029
39113,Montgomery County,,OH,32708,625195,657903,84,114,198,20151,23921,44072,5,0.398089,0.434094,29024.536114,0.037008,0.052223,131,0.000968,0,29,0.398256,0.257884
39115,Morgan County,,OH,710,16000,16710,5,5,10,390,397,787,6,0.303718,0.318696,3.438889,0.000814,0.000781,131,0.000142,0,29,0.75,0.005926
39117,Morrow County,,OH,2517,39100,41617,7,7,14,1929,1752,3681,6,0.303687,0.318936,2.733333,0.000931,0.000878,131,0.000146,0,29,0.761905,0.006747
39119,Muskingum County,,OH,4160,100349,104509,8,10,18,2052,2440,4492,6,0.30467,0.320765,15.953971,0.001249,0.001443,131,0.000182,0,29,0.490909,0.008008
39121,Noble County,,OH,641,14029,14670,2,3,5,267,367,634,6,0.303655,0.318353,0.5,0.000013,0.000759,131,0.000103,0,29,0.833333,0.00033
39123,Ottawa County,,OH,2666,51612,54278,9,8,17,1705,1541,3246,6,0.304861,0.320879,1.381247,0.002037,0.001679,131,0.000143,0,29,0.902778,0.012299
39125,Paulding County,,OH,1207,23925,25132,5,6,11,647,758,1405,6,0.30483,0.320553,31.545264,0.000209,0.00092,131,0.000116,0,29,0.595238,0.001729
39127,Perry County,,OH,2269,40026,42295,7,7,14,1675,1682,3357,6,0.303655,0.318879,2.9,0.000895,0.000834,131,0.000166,0,29,0.738095,0.006465
39129,Pickaway County,,OH,4024,59211,63235,8,8,16,3093,2823,5916,6,0.303687,0.31905,10.283523,0.000928,0.000834,131,0.000183,0,29,0.522222,0.006969
39131,Pike County,,OH,1698,30620,32318,6,4,10,940,1029,1969,6,0.303687,0.318524,1.799866,0.000811,0.000761,131,0.000154,0,29,0.7,0.006071
39133,Portage County,,OH,10982,177819,188801,16,16,32,8045,7507,15552,5,0.34322,0.364335,230.129579,0.004476,0.005251,131,0.000201,0,29,0.663399,0.029087
39135,Preble County,,OH,2724,50781,53505,7,8,15,1544,1853,3397,6,0.291163,0.303921,49.028773,0.001346,0.000749,131,0.000126,0,29,0.597222,0.008092
39137,Putnam County,,OH,1814,45203,47017,7,9,16,805,1116,1921,6,0.304162,0.320022,18.21396,0.000151,0.001004,131,0.000147,0,29,0.569444,0.0014
39139,Richland County,,OH,6300,146864,153164,13,17,30,3043,3611,6654,5,0.337617,0.357916,479.620882,0.002487,0.003332,131,0.000206,0,29,0.470588,0.014627
39141,Ross County,,OH,3733,83447,87180,10,13,23,2234,2315,4549,6,0.305757,0.322022,40.638237,0.000872,0.001179,131,0.000249,0,29,0.455128,0.006825
39143,Sandusky County,,OH,3463,76093,79556,8,9,17,2009,2089,4098,6,0.304893,0.321051,1.319048,0.001207,0.001616,131,0.000142,0,29,0.875,0.007747
39145,Scioto County,,OH,3039,79469,82508,9,10,19,1411,1539,2950,6,0.304989,0.320999,1876.20539,0.001224,0.001258,131,0.00023,0,29,0.280303,0.008324
39147,Seneca County,,OH,3303,68556,71859,10,11,21,1629,2001,3630,6,0.304957,0.321393,13.483361,0.00122,0.001629,131,0.000174,0,29,0.672727,0.008026
39149,Shelby County,,OH,2950,61919,64869,9,10,19,1705,1734,3439,6,0.306399,0.322508,36.710863,0.001276,0.001706,131,0.000166,0,29,0.654545,0.008646
39151,Stark County,,OH,16479,455828,472307,33,48,81,9607,10703,20310,5,0.369769,0.397519,11019.051089,0.014205,0.023297,131,0.000391,0,29,0.504525,0.096246
39153,Summit County,,OH,28771,638482,667253,59,91,150,19154,21521,40675,5,0.394961,0.428092,11544.755996,0.028458,0.047419,131,0.000629,0,29,0.507723,0.192813
39155,Trumbull County,,OH,9916,255112,265028,18,27,45,5465,6331,11796,5,0.35354,0.377315,1038.469651,0.00752,0.010533,131,0.000219,0,29,0.563218,0.050328
39157,Tuscarawas County,,OH,4274,115422,119696,10,12,22,2418,2673,5091,6,0.30483,0.321279,454.439748,0.002077,0.0018,131,0.000198,0,29,0.492424,0.012633
39159,Union County,,OH,3738,58026,61764,9,9,18,2575,2252,4827,6,0.3055,0.321176,13.147432,0.000948,0.001178,131,0.000181,0,29,0.588889,0.0071
39161,Van Wert County,,OH,1720,36717,38437,7,7,14,844,899,1743,6,0.304893,0.320782,64.837642,0.000242,0.000949,131,0.000152,0,29,0.482143,0.00216
39163,Vinton County,,OH,845,13903,14748,5,5,10,558,566,1124,6,0.303592,0.318536,0.7,0.000812,0.000779,131,0.000144,0,29,0.85,0.005926
39165,Warren County,,OH,16932,243343,260275,36,39,75,13438,11673,25111,5,0.381675,0.407516,4931.519928,0.015617,0.016706,131,0.000449,0,29,0.513298,0.107804
39167,Washington County,,OH,3195,72869,76064,7,8,15,1363,1574,2937,6,0.304479,0.320045,4694.643968,0.000815,0.000794,131,0.000241,0,29,0.305556,0.006056
39169,Wayne County,,OH,6299,139404,145703,12,11,23,3467,3686,7153,6,0.304766,0.321051,126.931345,0.00237,0.001911,131,0.000186,0,29,0.651515,0.014082
39171,Williams County,,OH,2358,47482,49840,7,12,19,1033,1351,2384,6,0.305244,0.321982,91.017551,0.000514,0.00119,131,0.000137,0,29,0.416667,0.003028
39173,Wood County,,OH,10986,139612,150598,27,24,51,6999,7101,14100,5,0.355047,0.379029,5621.370553,0.007588,0.007879,131,0.000329,0,29,0.396552,0.046512
39175,Wyandot County,,OH,1451,28010,29461,6,7,13,922,942,1864,6,0.303782,0.319107,5.661544,0.000826,0.000848,131,0.000134,0,29,0.619048,0.006069
40001,Adair County,,OK,1420,23084,24504,6,6,12,770,890,1660,6,0.290844,0.303858,3.864351,0.00071,0.000794,62,0.000174,0,29,0.833333,0.006674
40003,Alfalfa County,,OK,373,5084,5457,2,1,3,121,52,173,7,0.256217,0.264941,0,0.00005,0.000049,62,0.000097,0,29,1,0.000601
40005,Atoka County,,OK,1012,13898,14910,4,5,9,328,466,794,7,0.242899,0.251742,772.6898,0.000437,0.000057,53,0.000153,0,29,0.4,0.004303
40007,Beaver County,,OK,555,5596,6151,2,2,4,195,145,340,7,0.233804,0.24112,13.783333,0.000017,0.000008,62,0.000104,0,29,0.333333,0.000301
40009,Beckham County,,OK,1798,21264,23062,7,7,14,692,842,1534,6,0.289774,0.303018,6587.681885,0.000463,0.000714,62,0.00028,0,29,0.392857,0.005045
40011,Blaine County,,OK,906,10569,11475,5,6,11,326,477,803,6,0.28989,0.303064,135.232952,0.000506,0.000617,62,0.000165,0,29,0.6,0.005271
40013,Bryan County,,OK,2999,37547,40546,16,15,31,1773,1703,3476,6,0.319947,0.33858,9090.167407,0.003389,0.004271,53,0.000371,0,29,0.400735,0.030375
40015,Caddo County,,OK,2137,28270,30407,7,8,15,1077,1298,2375,6,0.292565,0.306327,10.807688,0.00082,0.000903,62,0.000197,0,29,0.660714,0.00765
40017,Canadian County,,OK,9173,119541,128714,28,20,48,8621,6449,15070,6,0.34399,0.366775,5052.988753,0.008817,0.005185,62,0.000614,0,29,0.399015,0.072285
40019,Carter County,,OK,3009,50516,53525,16,16,32,1782,1650,3432,6,0.320334,0.339198,7268.957138,0.003156,0.003695,62,0.000425,0,29,0.400735,0.027959
40021,Cherokee County,,OK,3305,42291,45596,11,12,23,1794,1883,3677,6,0.296341,0.311168,57.973673,0.001171,0.00149,62,0.000277,0,29,0.564103,0.011244
40023,Choctaw County,,OK,966,14367,15333,4,5,9,386,467,853,6,0.290092,0.303332,204.637508,0.000079,0.00055,53,0.000132,0,29,0.5,0.000938
40025,Cimarron County,,OK,211,2979,3190,0,0,0,0,0,0,0,0,0,0,0,0,132,0.000051,116,184,0,0
40027,Cleveland County,,OK,23441,251083,274524,56,54,110,18914,17222,36136,5,0.368927,0.397085,22200.117558,0.018563,0.020223,62,0.001064,0,29,0.313659,0.148182
40029,Coal County,,OK,384,5222,5606,2,2,4,209,130,339,7,0.228133,0.234796,0.666667,0.00001,0.000018,62,0.000102,0,29,0.5,0.000357
40031,Comanche County,,OK,14446,113144,127590,52,57,109,7426,7468,14894,5,0.369067,0.397948,12545.816567,0.021678,0.023566,62,0.000768,0,29,0.490217,0.17049
40033,Cotton County,,OK,479,6248,6727,3,3,6,299,241,540,6,0.274628,0.286403,1.144692,0.000365,0.000318,62,0.000094,0,29,0.833333,0.00278
40035,Craig County,,OK,1082,14318,15400,5,5,10,515,665,1180,6,0.289717,0.302109,0.660504,0.00042,0.000445,62,0.000162,0,29,0.9,0.003924
40037,Creek County,,OK,6197,73428,79625,13,11,24,4966,4490,9456,6,0.295172,0.309419,33.816954,0.001138,0.001155,62,0.000307,0,29,0.557692,0.010647
40039,Custer County,,OK,2509,26070,28579,9,9,18,1084,1320,2404,6,0.295231,0.309305,72.194038,0.00064,0.001126,62,0.000285,0,29,0.477778,0.006559
40041,Delaware County,,OK,2893,37343,40236,13,12,25,1862,1681,3543,6,0.29125,0.305344,127.129237,0.001222,0.000898,62,0.000334,0,29,0.505495,0.011885
40043,Dewey County,,OK,375,5015,5390,1,1,2,73,73,146,7,0.224879,0.230972,0,0.000006,0.000004,62,0.00009,0,29,0,0.000135
40045,Ellis County,,OK,343,4096,4439,1,1,2,149,98,247,7,0.224879,0.230972,0,0.000006,0.000004,62,0.00009,0,29,0,0.000135
40047,Garfield County,,OK,4891,65581,70472,22,23,45,2221,2083,4304,6,0.344437,0.367078,24204.350613,0.006165,0.005651,62,0.000615,0,29,0.336923,0.051261
40049,Garvin County,,OK,1921,28751,30672,7,8,15,885,1078,1963,6,0.289861,0.303304,6.944899,0.000625,0.000711,62,0.000219,0,29,0.678571,0.006092
40051,Grady County,,OK,3896,52006,55902,10,9,19,2719,2566,5285,6,0.297916,0.312128,30.011225,0.001234,0.001312,62,0.000259,0,29,0.666667,0.011206
40053,Grant County,,OK,467,4682,5149,1,2,3,95,233,328,7,0.258213,0.267553,0,0.000045,0.000061,62,0.000073,0,29,1,0.000508
40055,Greer County,,OK,440,5050,5490,2,3,5,143,186,329,7,0.242112,0.249881,5.623129,0.000029,0.000029,62,0.00011,0,29,0.333333,0.0004
40057,Harmon County,,OK,216,2808,3024,1,1,2,49,50,99,7,0.241931,0.249166,0,0.000023,0.00002,62,0.000076,0,29,0,0.000265
40059,Harper County,,OK,327,3976,4303,1,1,2,40,90,130,7,0.224879,0.230972,0,0.000006,0.000004,62,0.00009,0,29,0,0.000135
40061,Haskell County,,OK,768,12587,13355,3,5,8,225,341,566,7,0.240654,0.249141,0.820635,0.000035,0.000053,62,0.000117,0,29,0.65,0.000631
40063,Hughes County,,OK,846,12110,12956,7,6,13,541,422,963,6,0.289803,0.302961,910.751763,0.000836,0.000537,62,0.000204,0,29,0.625,0.007905
40065,Jackson County,,OK,3085,27914,30999,10,9,19,734,716,1450,6,0.319107,0.336574,10734.579904,0.002541,0.002876,62,0.000268,0,29,0.373626,0.021989
40067,Jefferson County,,OK,509,5794,6303,2,2,4,183,175,358,7,0.242757,0.250747,0,0.000048,0.000043,62,0.000094,0,29,1,0.000563
40069,Johnston County,,OK,944,10238,11182,6,6,12,469,502,971,6,0.289832,0.303018,3.661204,0.000244,0.000562,62,0.000202,0,29,0.761905,0.002455
40071,Kay County,,OK,3208,50763,53971,12,11,23,1470,1475,2945,6,0.32581,0.344536,1264.543035,0.001398,0.002527,62,0.00031,0,29,0.474359,0.012326
40073,Kingfisher County,,OK,1005,16580,17585,4,5,9,405,601,1006,6,0.28989,0.302949,0.678767,0.000499,0.000655,62,0.000145,0,29,0.95,0.005193
40075,Kiowa County,,OK,787,9409,10196,5,6,11,250,410,660,6,0.292565,0.306099,355.478384,0.000603,0.000692,62,0.000164,0,29,0.5,0.005584
40077,Latimer County,,OK,899,12052,12951,3,2,5,359,377,736,7,0.22833,0.235047,4.455995,0.000019,0.000021,62,0.000116,0,29,0.333333,0.000483
40079,Le Flore County,,OK,2945,48536,51481,9,9,18,1383,1545,2928,6,0.295471,0.309676,3137.158324,0.000873,0.001133,62,0.000266,0,29,0.444444,0.008463
40081,Lincoln County,,OK,2636,33806,36442,9,10,19,1694,1895,3589,6,0.295112,0.309191,1121.045007,0.001071,0.001187,62,0.000243,0,29,0.666667,0.009943
40083,Logan County,,OK,3288,39432,42720,9,7,16,2407,2081,4488,6,0.294992,0.308619,356.787214,0.001931,0.001144,62,0.00023,0,29,0.666667,0.01673
40085,Love County,,OK,855,9464,10319,2,2,4,321,376,697,7,0.242939,0.251039,0.798066,0.000057,0.000057,62,0.000093,0,29,0.5,0.000675
40087,McClain County,,OK,3221,35071,38292,7,6,13,2613,2275,4888,6,0.289688,0.302732,1.42381,0.000642,0.000735,62,0.000211,0,29,0.809524,0.006546
40089,McCurtain County,,OK,1754,32459,34213,8,8,16,552,603,1155,6,0.29595,0.310248,2577.419495,0.001667,0.000981,53,0.000221,0,29,0.309091,0.014277
40091,McIntosh County,,OK,1489,18637,20126,8,7,15,934,781,1715,6,0.295052,0.308733,352.057841,0.001023,0.00095,62,0.000198,0,29,0.680556,0.009176
40093,Major County,,OK,597,8288,8885,2,1,3,169,200,369,7,0.256217,0.264941,0,0.00005,0.000049,62,0.000097,0,29,1,0.000641
40095,Marshall County,,OK,1162,14449,15611,5,4,9,431,441,872,6,0.289746,0.302618,24.155229,0.000633,0.000539,62,0.000157,0,29,0.9,0.00584
40097,Mayes County,,OK,2940,42665,45605,9,9,18,1573,1805,3378,6,0.295082,0.309019,35.431138,0.000623,0.000975,62,0.000242,0,29,0.644444,0.005762
40099,Murray County,,OK,1047,12804,13851,6,5,11,546,479,1025,6,0.289746,0.302732,24.655229,0.000614,0.000532,62,0.000185,0,29,0.866667,0.005877
40101,Muskogee County,,OK,4465,72415,76880,15,14,29,2809,2777,5586,6,0.315961,0.333871,2903.367353,0.001936,0.002036,62,0.000353,0,29,0.480952,0.017446
40103,Noble County,,OK,1046,12058,13104,5,4,9,510,583,1093,6,0.28989,0.302835,8.227288,0.00012,0.00058,62,0.00017,0,29,0.666667,0.001465
40105,Nowata County,,OK,1019,11066,12085,4,4,8,451,640,1091,6,0.290005,0.302355,2.611601,0.000438,0.000447,62,0.000122,0,29,0.833333,0.003812
40107,Okfuskee County,,OK,953,10599,11552,3,7,10,248,643,891,6,0.294963,0.308562,6.703768,0.000022,0.000932,62,0.000118,0,29,0.696429,0.00049
40109,Oklahoma County,,OK,48856,735753,784609,182,140,322,40097,38185,78282,5,0.407433,0.445702,172796.220952,0.060411,0.050127,62,0.002948,0,29,0.250648,0.460389
40111,Okmulgee County,,OK,2969,39672,42641,8,10,18,1634,1843,3477,6,0.295082,0.309134,930.057804,0.000876,0.000978,62,0.00021,0,29,0.6,0.008173
40113,Osage County,,OK,3968,43862,47830,9,9,18,2754,2855,5609,6,0.295052,0.308962,16.612745,0.000937,0.001002,62,0.000232,0,29,0.736111,0.008629
40115,Ottawa County,,OK,2273,33593,35866,10,9,19,1216,1349,2565,6,0.290092,0.303309,305.590727,0.00092,0.000519,62,0.000264,0,29,0.439394,0.008664
40117,Pawnee County,,OK,1502,16321,17823,5,6,11,993,1027,2020,6,0.289746,0.302281,51.883505,0.00046,0.000463,62,0.000159,0,29,0.714286,0.004179
40119,Payne County,,OK,6886,64091,70977,23,20,43,3386,3824,7210,6,0.328526,0.349308,2485.319599,0.004322,0.00517,62,0.000523,0,29,0.412308,0.03765
40121,Pittsburg County,,OK,2876,45759,48635,11,13,24,1149,1242,2391,6,0.295381,0.310048,5730.098924,0.001786,0.001163,62,0.000309,0,29,0.385714,0.016179
40123,Pontotoc County,,OK,2547,37867,40414,14,13,27,1337,1372,2709,6,0.295261,0.309819,6080.179162,0.001861,0.001177,62,0.000394,0,29,0.379167,0.016544
40125,Pottawatomie County,,OK,4839,69890,74729,13,11,24,3327,3164,6491,6,0.295172,0.309419,118.39882,0.001882,0.001192,62,0.000333,0,29,0.532967,0.017423
40127,Pushmataha County,,OK,768,11325,12093,3,5,8,232,354,586,7,0.242818,0.251416,13.873949,0.000039,0.000045,53,0.00012,0,29,0.4,0.00056
40129,Roger Mills County,,OK,318,3864,4182,1,1,2,128,112,240,7,0.224688,0.230629,0,0.000006,0.000004,62,0.000085,0,29,0,0.000135
40131,Rogers County,,OK,6947,93504,100451,18,14,32,5232,4754,9986,6,0.295261,0.309934,734.731375,0.00287,0.001159,62,0.000412,0,29,0.421053,0.026007
40133,Seminole County,,OK,1833,23825,25658,8,6,14,1070,1131,2201,6,0.289746,0.302846,2.588095,0.000997,0.000679,62,0.000216,0,29,0.732143,0.009064
40135,Sequoyah County,,OK,2495,41919,44414,10,8,18,1512,1335,2847,6,0.295411,0.309448,402.788639,0.001037,0.000999,62,0.000257,0,29,0.533333,0.010401
40137,Stephens County,,OK,2874,46547,49421,11,11,22,1238,1517,2755,6,0.315961,0.333065,2418.506344,0.002142,0.002283,62,0.000274,0,29,0.525641,0.018529
40139,Texas County,,OK,2105,24123,26228,6,6,12,472,638,1110,6,0.291163,0.304961,2155.899544,0.001016,0.000648,62,0.000193,0,29,0.444444,0.009731
40141,Tillman County,,OK,693,7915,8608,1,4,5,72,252,324,6,0.293922,0.307699,0,0.000189,0.000806,62,0.000062,0,29,0.833333,0.001436
40143,Tulsa County,,OK,40567,650900,691467,141,127,268,33503,31699,65202,5,0.40749,0.443856,102699.655635,0.049775,0.04877,62,0.002265,0,29,0.287857,0.37626
40145,Wagoner County,,OK,7097,73408,80505,14,15,29,6215,5272,11487,6,0.340535,0.361871,821.393155,0.002684,0.004062,62,0.000317,0,29,0.495833,0.023594
40147,Washington County,,OK,3953,57320,61273,9,15,24,1736,2217,3953,6,0.326467,0.345868,527.318366,0.00183,0.003291,62,0.000235,0,29,0.471429,0.016511
40149,Washita County,,OK,1228,11710,12938,4,4,8,559,545,1104,6,0.289659,0.302446,1,0.000423,0.000499,62,0.000153,0,29,0.833333,0.004199
40151,Woods County,,OK,687,8240,8927,2,4,6,100,238,338,6,0.289918,0.302892,2.642857,0.000051,0.000539,62,0.000112,0,29,0.666667,0.000643
40153,Woodward County,,OK,1554,21446,23000,8,9,17,636,666,1302,6,0.290092,0.303807,18623.669303,0.000461,0.00076,62,0.000415,0,29,0.233333,0.004882
41001,Baker County,,OR,1123,17248,18371,4,5,9,304,351,655,6,0.275536,0.289146,0.271882,0.000866,0.000768,28,0.000103,0,29,0.833333,0.007957
41003,Benton County,,OR,8013,82527,90540,29,24,53,4954,5408,10362,6,0.341013,0.362837,185.848311,0.010015,0.009218,28,0.000397,0,29,0.707661,0.08021
41005,Clackamas County,,OR,29370,409814,439184,72,62,134,26965,24439,51404,6,0.359645,0.389335,5434.145984,0.026099,0.023156,28,0.000919,0,29,0.496917,0.200582
41007,Clatsop County,,OR,3231,37780,41011,14,15,29,1439,1473,2912,6,0.334059,0.353961,82.528516,0.004269,0.004344,28,0.000224,0,29,0.783088,0.03602
41009,Columbia County,,OR,3320,54738,58058,9,11,20,2233,1996,4229,6,0.333906,0.353275,0.755069,0.002456,0.004094,28,0.000164,0,29,0.954545,0.021866
41011,Coos County,,OR,3965,64910,68875,20,16,36,1887,1831,3718,6,0.334097,0.353709,181.012843,0.007448,0.005468,28,0.0003,0,29,0.867965,0.060126
41013,Crook County,,OR,1921,22502,24423,6,7,13,801,1000,1801,6,0.288228,0.301515,0.690737,0.001047,0.00141,28,0.000122,0,29,0.928571,0.009223
41015,Curry County,,OR,1668,23130,24798,11,6,17,803,555,1358,7,0.266691,0.278596,15.666807,0.002806,0.000691,28,0.00019,0,29,0.833333,0.02385
41017,Deschutes County,,OR,12820,169933,182753,55,60,115,8759,8856,17615,6,0.346031,0.373382,18795.156674,0.017856,0.017764,28,0.000809,0,29,0.444908,0.137897
41019,Douglas County,,OR,5979,112909,118888,25,27,52,3059,3633,6692,6,0.342938,0.365438,36.938157,0.010858,0.009836,28,0.000335,0,29,0.789655,0.084393
41021,Gilliam County,,OR,222,1982,2204,0,0,0,0,0,0,0,0,0,0,0,0,133,0.000051,117,185,0,0
41023,Grant County,,OR,539,7523,8062,1,1,2,45,41,86,7,0.257098,0.26705,0,0.000143,0.000143,28,0.000062,0,29,0,0.001194
41025,Harney County,,OR,590,7688,8278,2,1,3,138,57,195,7,0.257098,0.26705,1.302842,0.000146,0.000143,28,0.000079,0,29,0.5,0.001322
41027,Hood River County,,OR,1519,25260,26779,7,7,14,756,807,1563,6,0.288,0.301858,23.34531,0.001768,0.001514,28,0.000176,0,29,0.75,0.016431
41029,Jackson County,,OR,11353,222544,233897,55,49,104,7761,7421,15182,6,0.345048,0.370753,817.083983,0.019021,0.018165,28,0.000665,0,29,0.595494,0.14567
41031,Jefferson County,,OR,2034,22418,24452,5,8,13,670,1103,1773,6,0.329752,0.347645,32.296776,0.000922,0.002674,28,0.000115,0,29,0.910714,0.008629
41033,Josephine County,,OR,4952,86117,91069,26,24,50,2856,2975,5831,6,0.341532,0.363266,393.599715,0.010801,0.008822,28,0.000351,0,29,0.746237,0.082013
41035,Klamath County,,OR,4469,69724,74193,20,21,41,1805,2133,3938,6,0.337735,0.358808,2319.636897,0.006473,0.005742,28,0.000323,0,29,0.664855,0.051877
41037,Lake County,,OR,599,7902,8501,2,2,4,139,126,265,7,0.257143,0.267279,0,0.000189,0.000195,28,0.000075,0,29,1,0.0017
41039,Lane County,,OR,19197,368444,387641,81,68,149,13634,13542,27176,6,0.358627,0.388877,4435.384078,0.027732,0.026197,28,0.000978,0,29,0.482397,0.213433
41041,Lincoln County,,OR,3776,46504,50280,20,18,38,2149,2238,4387,6,0.336061,0.35655,88.557991,0.006293,0.00559,28,0.000296,0,29,0.83004,0.051162
41043,Linn County,,OR,8098,124319,132417,30,24,54,6392,5500,11892,6,0.342093,0.363952,192.387682,0.010857,0.009165,28,0.000399,0,29,0.721774,0.084522
41045,Malheur County,,OR,2271,29066,31337,5,7,12,774,1147,1921,6,0.274939,0.288117,41.541298,0.000549,0.000476,28,0.000142,0,29,0.5,0.004677
41047,Marion County,,OR,18342,340096,358438,54,56,110,14953,14349,29302,6,0.351114,0.377886,2949.165526,0.018071,0.019292,28,0.000697,0,29,0.517451,0.140383
41049,Morrow County,,OR,926,12484,13410,2,2,4,427,543,970,7,0.261431,0.271446,0,0.000143,0.00022,28,0.000085,0,29,1,0.001924
41051,Multnomah County,,OR,55399,771470,826869,191,131,322,54667,46969,101636,5,0.40011,0.438232,41549.700803,0.074148,0.053215,28,0.002291,0,29,0.315948,0.542049
41053,Polk County,,OR,6869,77292,84161,19,19,38,5262,5274,10536,6,0.340138,0.361123,126.65565,0.00675,0.007263,28,0.000285,0,29,0.902632,0.055817
41055,Sherman County,,OR,139,1912,2051,0,1,1,0,40,40,7,0.223645,0.229871,0,0,0.000012,28,0.000051,0,186,0,0
41057,Tillamook County,,OR,1869,26717,28586,10,10,20,864,884,1748,6,0.289861,0.303869,0.550505,0.001686,0.001946,28,0.00018,0,29,0.945455,0.015792
41059,Umatilla County,,OR,4617,79751,84368,25,22,47,2724,2628,5352,6,0.313346,0.331899,1510.903071,0.008335,0.004926,28,0.00041,0,29,0.656322,0.069155
41061,Union County,,OR,2019,27823,29842,8,12,20,641,853,1494,6,0.292624,0.308533,2946.660504,0.00123,0.002186,28,0.000195,0,29,0.566667,0.011957
41063,Wallowa County,,OR,519,7947,8466,0,1,1,0,69,69,7,0.22644,0.233405,0,0,0.00001,28,0.000051,0,187,0,0
41065,Wasco County,,OR,1711,25911,27622,9,6,15,958,690,1648,6,0.287972,0.301686,2918.550871,0.001523,0.001511,28,0.000211,0,29,0.597222,0.014294
41067,Washington County,,OR,41191,583038,624229,128,105,233,37823,34053,71876,5,0.383836,0.418398,14632.61537,0.052209,0.0414,28,0.001547,0,29,0.380172,0.39216
41069,Wheeler County,,OR,152,1274,1426,0,0,0,0,0,0,0,0,0,0,0,0,134,0.000051,118,188,0,0
41071,Yamhill County,,OR,6306,102850,109156,24,18,42,4556,4315,8871,6,0.339425,0.360351,135.962898,0.008949,0.006758,28,0.000333,0,29,0.809231,0.070317
42001,Adams County,,PA,5854,124535,130389,12,12,24,3719,3738,7457,6,0.300991,0.31733,71.952959,0.003892,0.002944,135,0.000167,0,29,0.737179,0.02723
42003,Allegheny County,,PA,49375,1454650,1504025,219,214,433,41106,40270,81376,5,0.422854,0.467781,180610.662166,0.088592,0.08804,135,0.002487,0,29,0.295665,0.612134
42005,Armstrong County,,PA,3282,84970,88252,6,6,12,1885,2260,4145,6,0.29743,0.311843,2.565909,0.000939,0.000861,135,0.00013,0,29,0.766667,0.006443
42007,Beaver County,,PA,7493,212644,220137,12,14,26,4138,4358,8496,5,0.341452,0.361448,479.674283,0.003158,0.003994,135,0.000188,0,29,0.557143,0.023184
42009,Bedford County,,PA,2012,62540,64552,8,8,16,879,953,1832,6,0.298373,0.31326,496.45624,0.000805,0.000837,135,0.000177,0,29,0.446429,0.006464
42011,Berks County,,PA,17882,503572,521454,49,59,108,12383,12133,24516,5,0.361383,0.389358,2912.748678,0.024091,0.02944,135,0.00044,0,29,0.638625,0.15671
42013,Blair County,,PA,4270,151534,155804,11,11,22,1964,1874,3838,6,0.298312,0.313975,104.340456,0.002292,0.001604,135,0.000181,0,29,0.593407,0.01521
42015,Bradford County,,PA,2941,74931,77872,12,10,22,1277,1364,2641,6,0.268607,0.281476,3494.497356,0.001476,0.00033,113,0.000241,0,29,0.295455,0.010255
42017,Bucks County,,PA,33024,787954,820978,87,107,194,26696,26496,53192,5,0.38048,0.416335,7761.165446,0.04753,0.052162,135,0.000751,0,29,0.542716,0.320548
42019,Butler County,,PA,9550,225364,234914,20,22,42,6189,5754,11943,5,0.351919,0.374148,1795.119129,0.004202,0.007477,135,0.000304,0,29,0.39886,0.028458
42021,Cambria County,,PA,5537,170275,175812,15,16,31,2572,3061,5633,5,0.332687,0.352046,352.290256,0.003229,0.003837,135,0.000235,0,29,0.471053,0.023721
42023,Cameron County,,PA,298,6467,6765,0,1,1,0,51,51,7,0.229342,0.235723,0,0,0,135,0.000051,0,189,0,0
42025,Carbon County,,PA,3755,77093,80848,14,10,24,2946,2466,5412,6,0.292624,0.308282,1.773591,0.006285,0.002638,135,0.000144,0,29,0.9,0.038323
42027,Centre County,,PA,9112,139283,148395,39,46,85,3981,4462,8443,5,0.3645,0.391935,11607.990871,0.01455,0.022372,135,0.000472,0,29,0.507407,0.103095
42029,Chester County,,PA,28058,593318,621376,93,98,191,23776,21490,45266,5,0.38495,0.419496,2751.993914,0.050254,0.051779,135,0.000847,0,29,0.606419,0.342508
42031,Clarion County,,PA,1943,44951,46894,7,8,15,867,1009,1876,6,0.29749,0.312186,4286.999435,0.00095,0.000785,135,0.000166,0,29,0.472222,0.006623
42033,Clearfield County,,PA,3413,94736,98149,9,10,19,1691,1825,3516,6,0.297855,0.3131,1137.34997,0.001179,0.001299,135,0.000179,0,29,0.507576,0.008461
42035,Clinton County,,PA,1900,43211,45111,2,2,4,845,944,1789,6,0.267425,0.277772,0,0.000204,0.000144,135,0.000075,0,29,1,0.001196
42037,Columbia County,,PA,3137,73188,76325,9,8,17,1748,1559,3307,6,0.277609,0.290838,54.435957,0.001507,0.000905,135,0.000154,0,29,0.690909,0.009784
42039,Crawford County,,PA,3993,102142,106135,9,7,16,2100,1959,4059,6,0.29746,0.312014,12.008288,0.001217,0.000905,135,0.000162,0,29,0.569444,0.008006
42041,Cumberland County,,PA,15584,284140,299724,53,47,100,12121,10048,22169,5,0.356174,0.382436,9583.398477,0.020414,0.020989,135,0.000596,0,29,0.478517,0.13823
42043,Dauphin County,,PA,18156,328765,346921,61,60,121,12045,13122,25167,5,0.372319,0.40196,13636.930835,0.025201,0.02873,135,0.000652,0,29,0.518149,0.168583
42045,Delaware County,,PA,30138,656936,687074,75,83,158,24273,24939,49212,5,0.37447,0.406819,2183.211344,0.040326,0.045166,135,0.000691,0,29,0.65958,0.27738
42047,Elk County,,PA,1138,42379,43517,4,5,9,346,458,804,6,0.29749,0.311843,2921.271465,0.000024,0.00085,135,0.000151,0,29,0.433333,0.000532
42049,Erie County,,PA,10095,324325,334420,36,44,80,4199,4823,9022,5,0.36409,0.391072,7322.159069,0.014467,0.020268,135,0.000466,0,29,0.438721,0.096748
42051,Fayette County,,PA,5001,158434,163435,10,8,18,2719,2881,5600,6,0.299108,0.314506,137.981627,0.002694,0.000972,135,0.00019,0,29,0.466667,0.017896
42053,Forest County,,PA,370,5642,6012,1,2,3,82,92,174,7,0.22939,0.23609,0,0.000006,0.000015,135,0.000068,0,29,1,0.000146
42055,Franklin County,,PA,6824,189577,196401,21,17,38,4243,3462,7705,6,0.307141,0.324989,2613.58239,0.00564,0.003423,135,0.000294,0,29,0.460474,0.039417
42057,Fulton County,,PA,767,18852,19619,4,5,9,404,467,871,7,0.240217,0.249215,10.406695,0.000085,0.000108,135,0.000116,0,29,0.5,0.001136
42059,Greene County,,PA,1795,41954,43749,4,4,8,846,1038,1884,6,0.298251,0.312677,0,0.000782,0.000787,135,0.000122,0,29,1,0.005799
42061,Huntingdon County,,PA,1772,50927,52699,9,8,17,970,934,1904,6,0.270979,0.282779,152.847604,0.000917,0.000366,135,0.000177,0,29,0.5,0.006325
42063,Indiana County,,PA,4077,96065,100142,10,12,22,1989,2100,4089,6,0.298007,0.313546,22.349554,0.001179,0.001396,135,0.000187,0,29,0.5,0.008139
42065,Jefferson County,,PA,2457,55432,57889,6,7,13,1266,1402,2668,6,0.29746,0.312014,846.379444,0.000748,0.000838,135,0.000151,0,29,0.595238,0.00563
42067,Juniata County,,PA,936,29087,30023,7,5,12,633,496,1129,6,0.272931,0.284351,5.573456,0.000637,0.000388,135,0.00016,0,29,0.714286,0.004774
42069,Lackawanna County,,PA,8895,248754,257649,27,36,63,4847,5293,10140,5,0.350228,0.374,2936.887021,0.010289,0.016153,135,0.000288,0,29,0.657895,0.06442
42071,Lancaster County,,PA,19457,648996,668453,70,82,152,13526,12879,26405,5,0.376404,0.409019,14543.260525,0.029358,0.036999,135,0.000669,0,29,0.482581,0.193634
42073,Lawrence County,,PA,3598,107814,111412,9,10,19,1859,2101,3960,6,0.307109,0.323885,10.324494,0.001365,0.001911,135,0.000141,0,29,0.733333,0.008793
42075,Lebanon County,,PA,6650,168636,175286,21,14,35,5092,3992,9084,6,0.30356,0.320936,139.759697,0.008204,0.004174,135,0.00023,0,29,0.814286,0.05364
42077,Lehigh County,,PA,22821,419725,442546,66,77,143,17749,17158,34907,5,0.376064,0.407865,1681.976108,0.032844,0.039321,135,0.00055,0,29,0.640449,0.213535
42079,Luzerne County,,PA,12086,377526,389612,55,55,110,9237,7869,17106,5,0.360178,0.388209,15634.248931,0.022931,0.022806,135,0.000539,0,29,0.557214,0.145585
42081,Lycoming County,,PA,4518,137547,142065,18,17,35,2294,2136,4430,6,0.301582,0.318964,5349.314354,0.003424,0.00308,135,0.000309,0,29,0.436842,0.023004
42083,McKean County,,PA,1769,49988,51757,8,7,15,634,645,1279,6,0.297703,0.312471,3599.985863,0.000936,0.000855,113,0.000196,0,29,0.410714,0.006728
42085,Mercer County,,PA,5236,137766,143002,10,12,22,2586,2814,5400,6,0.302741,0.318679,29.840543,0.001217,0.001797,135,0.000176,0,29,0.583333,0.00825
42087,Mifflin County,,PA,1703,56110,57813,10,7,17,819,751,1570,6,0.277002,0.289929,18.828565,0.001123,0.000736,135,0.000193,0,29,0.655556,0.007489
42089,Monroe County,,PA,10868,187999,198867,39,47,86,8803,7265,16068,5,0.34872,0.373891,397.142243,0.01532,0.019354,135,0.000314,0,29,0.658431,0.090873
42091,Montgomery County,,PA,47775,961246,1009021,115,134,249,41026,40472,81498,5,0.392674,0.431659,10424.130571,0.060618,0.065639,135,0.001052,0,29,0.512021,0.413137
42093,Montour County,,PA,1483,22001,23484,5,4,9,815,738,1553,6,0.265019,0.275697,1.041443,0.000238,0.000245,135,0.000116,0,29,0.85,0.002043
42095,Northampton County,,PA,17772,359243,377015,53,51,104,14726,13161,27887,5,0.364,0.391472,1287.034369,0.023833,0.024596,135,0.000447,0,29,0.693804,0.15222
42097,Northumberland County,,PA,4592,110341,114933,15,14,29,3174,2963,6137,6,0.29283,0.309168,291.905014,0.002636,0.002345,135,0.000229,0,29,0.633333,0.017974
42099,Perry County,,PA,2635,57754,60389,8,8,16,2091,1929,4020,6,0.276687,0.289546,10.265185,0.000978,0.000912,135,0.000161,0,29,0.694444,0.006876
42101,Philadelphia County,,PA,75974,1502490,1578464,186,183,369,61894,67408,129302,5,0.410069,0.453704,28788.551805,0.086379,0.083276,135,0.001736,0,29,0.390244,0.590624
42103,Pike County,,PA,4036,65900,69936,24,21,45,3541,2287,5828,6,0.308278,0.326195,40.270113,0.009877,0.007079,135,0.000209,0,29,0.759259,0.057889
42105,Potter County,,PA,1116,20176,21292,3,4,7,343,335,678,7,0.230861,0.238628,9.035584,0.000015,0.000032,113,0.00012,0,29,0.5,0.00043
42107,Schuylkill County,,PA,5746,175757,181503,19,18,37,3971,3619,7590,6,0.293213,0.310311,25.178593,0.004838,0.003973,135,0.000217,0,29,0.75,0.030752
42109,Snyder County,,PA,2031,44872,46903,8,7,15,1127,1127,2254,6,0.273034,0.284808,9.773953,0.000592,0.000412,135,0.000175,0,29,0.666667,0.004106
42111,Somerset County,,PA,2818,91964,94782,8,8,16,1320,1385,2705,6,0.297885,0.312774,116.621797,0.000933,0.000891,135,0.000175,0,29,0.446429,0.006839
42113,Sullivan County,,PA,382,7215,7597,1,2,3,99,145,244,7,0.232184,0.240025,0,0.000003,0.000039,135,0.000071,0,29,1,0.000181
42115,Susquehanna County,,PA,2449,50809,53258,7,6,13,1280,1415,2695,6,0.268459,0.280527,23.285938,0.000891,0.00039,135,0.000142,0,29,0.571429,0.005535
42117,Tioga County,,PA,1880,47602,49482,7,5,12,706,721,1427,7,0.232963,0.241962,325.242401,0.000585,0.000073,113,0.000158,0,29,0.285714,0.003869
42119,Union County,,PA,2534,42813,45347,4,8,12,1106,1443,2549,6,0.27455,0.286997,5.836453,0.000344,0.00055,135,0.000108,0,29,0.666667,0.00227
42121,Venango County,,PA,2464,66740,69204,7,7,14,1053,1252,2305,6,0.29746,0.312014,1583.285976,0.000958,0.000896,135,0.00016,0,29,0.607143,0.006667
42123,Warren County,,PA,1687,49853,51540,6,5,11,706,688,1394,6,0.297521,0.3119,5.47872,0.000926,0.000877,135,0.000146,0,29,0.7,0.00654
42125,Washington County,,PA,9178,251267,260445,18,20,38,6152,5861,12013,5,0.344477,0.365947,5882.736555,0.004977,0.00494,135,0.000332,0,29,0.348485,0.037924
42127,Wayne County,,PA,3097,58069,61166,15,7,22,2019,1465,3484,6,0.283465,0.297474,33.578983,0.005102,0.001154,135,0.000161,0,29,0.714286,0.030129
42129,Westmoreland County,,PA,15152,454816,469968,30,40,70,10035,10560,20595,5,0.368182,0.394759,5367.698063,0.011579,0.018443,135,0.000413,0,29,0.447734,0.082634
42131,Wyoming County,,PA,1883,34289,36172,4,4,8,1126,1131,2257,6,0.265646,0.27656,0.880201,0.000319,0.000286,135,0.000106,0,29,0.833333,0.00215
42133,York County,,PA,20005,544021,564026,65,61,126,15882,13453,29335,5,0.369722,0.399274,7708.919722,0.02806,0.027183,135,0.00064,0,29,0.500791,0.190942
44001,Bristol County,,RI,3365,55997,59362,5,8,13,1591,2141,3732,6,0.296703,0.312306,0.195747,0.001999,0.002984,55,0.000088,0,29,0.910714,0.013175
44003,Kent County,,RI,11755,204275,216030,17,22,39,8810,8274,17084,5,0.344274,0.365369,168.489221,0.00891,0.011138,55,0.000181,0,29,0.813846,0.060205
44005,Newport County,,RI,8067,92830,100897,27,29,56,3370,4250,7620,5,0.346895,0.36965,266.302127,0.013342,0.01608,55,0.000272,0,29,0.662185,0.092437
44007,Providence County,,RI,32756,702368,735124,85,108,193,20740,26147,46887,5,0.388956,0.424428,4512.782374,0.048211,0.056415,55,0.000776,0,29,0.581559,0.332599
44009,Washington County,,RI,7599,146435,154034,12,20,32,4632,4737,9369,6,0.330837,0.351195,8.763993,0.004651,0.009491,55,0.000133,0,29,0.834211,0.028958
45001,Abbeville County,,SC,1387,27192,28579,4,4,8,755,919,1674,6,0.289573,0.302846,0,0.000521,0.001016,114,0.000128,0,29,1,0.005378
45003,Aiken County,,SC,8694,172971,181665,27,25,52,5227,5059,10286,5,0.346442,0.368507,4247.819638,0.008772,0.008651,0,0.000428,0,29,0.494652,0.068802
45005,Allendale County,,SC,685,9689,10374,3,4,7,207,382,589,6,0.286782,0.299566,78.409443,0.000447,0.000541,114,0.000096,0,29,0.5,0.003632
45007,Anderson County,,SC,9622,205849,215471,27,17,44,6897,6009,12906,6,0.315482,0.334305,849.294729,0.009594,0.004993,114,0.000448,0,29,0.574074,0.075548
45009,Bamberg County,,SC,960,14989,15949,3,5,8,396,551,947,6,0.28681,0.299737,62.831463,0.000485,0.000732,114,0.000093,0,29,0.9,0.003852
45011,Barnwell County,,SC,1347,23945,25292,4,6,10,488,763,1251,6,0.286867,0.299966,4.352477,0.000126,0.000739,114,0.000115,0,29,0.7,0.001198
45013,Beaufort County,,SC,14726,165052,179778,78,57,135,8281,7155,15436,5,0.37655,0.405653,8095.619817,0.044034,0.03225,114,0.00085,0,29,0.582811,0.307088
45015,Berkeley County,,SC,19668,181535,201203,61,50,111,14142,13485,27627,5,0.356785,0.384465,3118.318201,0.031449,0.021673,114,0.000733,0,29,0.543892,0.229364
45017,Calhoun County,,SC,1024,15883,16907,3,3,6,684,668,1352,6,0.286697,0.299308,0,0.000621,0.000661,114,0.000094,0,29,1,0.005075
45019,Charleston County,,SC,30591,351715,382306,134,97,231,23243,21895,45138,5,0.395175,0.428709,16089.212767,0.062799,0.049026,114,0.001593,0,29,0.447302,0.45552
45021,Cherokee County,,SC,2705,59781,62486,8,7,15,1661,1646,3307,6,0.289774,0.303589,32.567921,0.001462,0.001345,114,0.000175,0,29,0.722222,0.013525
45023,Chester County,,SC,2254,37121,39375,5,6,11,1130,1426,2556,6,0.305372,0.321102,73.617669,0.00134,0.001601,114,0.000132,0,29,0.566667,0.011756
45025,Chesterfield County,,SC,2093,47848,49941,9,11,20,1104,1256,2360,6,0.30566,0.322131,65.034162,0.001288,0.002282,114,0.000202,0,29,0.6,0.011808
45027,Clarendon County,,SC,1997,34968,36965,7,6,13,945,1017,1962,6,0.289774,0.303081,2.885861,0.001209,0.001137,114,0.000148,0,29,0.857143,0.010633
45029,Colleton County,,SC,2395,42531,44926,8,9,17,1144,1266,2410,6,0.291309,0.30551,43.538236,0.001742,0.002162,114,0.000158,0,29,0.811111,0.015797
45031,Darlington County,,SC,3913,74413,78326,11,11,22,2157,2352,4509,6,0.306013,0.322617,111.611604,0.002321,0.00258,114,0.000221,0,29,0.712121,0.020794
45033,Dillon County,,SC,1561,34339,35900,6,6,12,767,816,1583,6,0.288827,0.302561,10.439737,0.000838,0.000982,114,0.000143,0,29,0.6,0.007452
45035,Dorchester County,,SC,14654,141508,156162,37,34,71,10907,9405,20312,5,0.356741,0.381904,864.663224,0.017961,0.016346,114,0.000466,0,29,0.603723,0.130515
45037,Edgefield County,,SC,1643,25402,27045,5,5,10,1200,1092,2292,6,0.274034,0.28586,10.330297,0.000636,0.000492,0,0.00013,0,29,0.7,0.005192
45039,Fairfield County,,SC,1421,25573,26994,5,6,11,754,1033,1787,6,0.287064,0.300366,2.96105,0.000616,0.00092,114,0.000142,0,29,0.666667,0.005395
45041,Florence County,,SC,7812,147754,155566,24,25,49,4834,4838,9672,6,0.318933,0.338832,917.23735,0.006604,0.006194,114,0.000404,0,29,0.478632,0.054626
45043,Georgetown County,,SC,3801,69067,72868,7,10,17,1624,2118,3742,6,0.314394,0.331379,42.895699,0.002124,0.004486,114,0.000147,0,29,0.881818,0.01854
45045,Greenville County,,SC,27039,486989,514028,131,92,223,22502,18825,41327,5,0.39183,0.425263,28877.288582,0.056073,0.044427,114,0.001607,0,29,0.401086,0.397845
45047,Greenwood County,,SC,3400,76168,79568,16,12,28,2067,2028,4095,6,0.30627,0.323102,3321.302591,0.002682,0.002691,114,0.000349,0,29,0.533333,0.024221
45049,Hampton County,,SC,1167,21734,22901,4,6,10,468,538,1006,6,0.28837,0.301658,6.330027,0.000291,0.001012,114,0.000117,0,29,0.566667,0.002943
45051,Horry County,,SC,17578,287087,304665,137,87,224,12894,9554,22448,5,0.381526,0.414426,15610.928664,0.052492,0.036983,114,0.001439,0,29,0.340819,0.352518
45053,Jasper County,,SC,1829,21596,23425,4,5,9,1166,896,2062,6,0.291658,0.305287,38.519785,0.001061,0.001263,114,0.000107,0,29,0.65,0.009073
45055,Kershaw County,,SC,3789,67822,71611,14,10,24,2450,1977,4427,6,0.305821,0.322217,131.848267,0.002928,0.002356,114,0.000267,0,29,0.67033,0.026229
45057,Lancaster County,,SC,3784,75973,79757,13,12,25,3537,2363,5900,6,0.306045,0.322817,29.230932,0.003721,0.00303,114,0.000238,0,29,0.6375,0.03061
45059,Laurens County,,SC,3994,70583,74577,8,10,18,2572,2873,5445,6,0.306206,0.322759,22.160088,0.001005,0.002727,114,0.000198,0,29,0.781818,0.009465
45061,Lee County,,SC,1384,18993,20377,5,6,11,579,910,1489,6,0.287206,0.300286,0.25,0.000624,0.000802,114,0.00013,0,29,0.933333,0.005189
45063,Lexington County,,SC,16916,282892,299808,58,42,100,15128,11595,26723,5,0.360936,0.387054,8158.904194,0.020532,0.017601,114,0.000846,0,29,0.430048,0.155981
45065,McCormick County,,SC,564,10151,10715,1,2,3,120,185,305,6,0.266301,0.276377,0.862529,0.000022,0.00017,114,0.000075,0,29,0,0.00029
45067,Marion County,,SC,2151,36170,38321,4,6,10,823,1225,2048,6,0.305789,0.321645,11.989355,0.000787,0.002303,114,0.000111,0,29,0.866667,0.006972
45069,Marlboro County,,SC,1470,29680,31150,7,7,14,748,744,1492,6,0.286951,0.30028,17.126824,0.000581,0.000596,114,0.000163,0,29,0.404762,0.00505
45071,Newberry County,,SC,1896,41957,43853,8,8,16,1118,1126,2244,6,0.289746,0.303675,16.261717,0.00109,0.001273,114,0.000195,0,29,0.696429,0.00988
45073,Oconee County,,SC,3631,80266,83897,8,8,16,1607,1760,3367,6,0.306303,0.322674,63.15465,0.002575,0.002539,114,0.000174,0,29,0.733333,0.020752
45075,Orangeburg County,,SC,5362,96422,101784,17,19,36,2586,3560,6146,6,0.318549,0.337729,1059.666984,0.003551,0.005802,114,0.000305,0,29,0.575758,0.029855
45077,Pickens County,,SC,8194,119541,127735,15,12,27,4988,5330,10318,6,0.31244,0.329904,49.887924,0.004009,0.003774,114,0.000281,0,29,0.753676,0.035702
45079,Richland County,,SC,31742,377511,409253,149,130,279,26310,24180,50490,5,0.401598,0.439198,77285.533983,0.058261,0.053903,114,0.001906,0,29,0.320555,0.421861
45081,Saluda County,,SC,1209,20888,22097,6,6,12,817,850,1667,6,0.286895,0.300023,15.60377,0.000679,0.000738,114,0.000162,0,29,0.7,0.005968
45083,Spartanburg County,,SC,13937,313663,327600,49,39,88,10404,8674,19078,6,0.329268,0.353018,3274.033759,0.018783,0.012798,114,0.000711,0,29,0.448148,0.14073
45085,Sumter County,,SC,8416,117388,125804,29,29,58,3187,3792,6979,5,0.35354,0.377578,2924.553128,0.009328,0.012665,114,0.000456,0,29,0.454116,0.074924
45087,Union County,,SC,1284,31036,32320,4,6,10,543,816,1359,6,0.289659,0.303275,2.008733,0.000483,0.001333,114,0.000121,0,29,0.690476,0.004784
45089,Williamsburg County,,SC,1925,36061,37986,7,7,14,766,1232,1998,6,0.289573,0.303595,4.54153,0.0011,0.001296,114,0.00015,0,29,0.809524,0.009781
45091,York County,,SC,13427,250708,264135,70,38,108,12357,8185,20542,5,0.350734,0.375406,3424.068659,0.030431,0.013538,114,0.000898,0,29,0.439652,0.221566
46003,Aurora County,,SD,197,3410,3607,1,1,2,45,58,103,8,0.212428,0.217966,0,0.000002,0.000001,30,0.000096,0,29,0,0.000114
46005,Beadle County,,SD,1086,19425,20511,3,3,6,297,264,561,7,0.268632,0.279345,120.957976,0.000436,0.000103,30,0.000132,0,29,0.55,0.003158
46007,Bennett County,,SD,211,3162,3373,0,1,1,0,50,50,7,0.260516,0.27009,0,0,0.000091,30,0.000051,0,190,0,0
46009,Bon Homme County,,SD,404,7144,7548,2,1,3,132,98,230,8,0.211842,0.217051,0,0.000113,0.000001,30,0.00013,0,29,1,0.001034
46011,Brookings County,,SD,2918,30249,33167,12,10,22,1013,1256,2269,6,0.307012,0.322514,11494.820919,0.000199,0.000833,30,0.000583,0,29,0.269231,0.002884
46013,Brown County,,SD,2283,43205,45488,12,9,21,908,749,1657,6,0.307044,0.322457,19516.933703,0.000192,0.000832,30,0.000593,0,29,0.208791,0.002845
46015,Brule County,,SD,437,6059,6496,1,2,3,42,108,150,7,0.268558,0.27903,2915,0,0.0001,30,0.00018,0,29,0,0.000089
46017,Buffalo County,,SD,189,1941,2130,0,0,0,0,0,0,0,0,0,0,0,0,136,0.000051,119,191,0,0
46019,Butte County,,SD,1017,11040,12057,3,4,7,393,458,851,7,0.261173,0.271554,0,0.000076,0.000143,30,0.000154,0,29,1,0.001172
46021,Campbell County,,SD,83,1806,1889,0,0,0,0,0,0,0,0,0,0,0,0,137,0.000051,120,192,0,0
46023,Charles Mix County,,SD,502,9549,10051,1,1,2,75,106,181,7,0.268459,0.278716,0,0.000112,0.0001,30,0.000085,0,29,0,0.000933
46025,Clark County,,SD,250,3934,4184,1,1,2,49,74,123,8,0.213611,0.219915,0,0.000002,0.000002,30,0.000085,0,29,0,0.000123
46027,Clay County,,SD,1720,11933,13653,5,6,11,405,663,1068,7,0.271205,0.283237,92.071452,0.000224,0.000243,30,0.000238,0,29,0.6,0.002378
46029,Codington County,,SD,2178,32381,34559,10,13,23,905,1116,2021,7,0.27161,0.285575,18748.562253,0.000192,0.000265,30,0.000527,0,29,0.205128,0.002562
46031,Corson County,,SD,304,3516,3820,1,2,3,40,113,153,7,0.253191,0.261804,2949,0.000016,0.000018,30,0.000089,0,29,0,0.000255
46033,Custer County,,SD,809,8649,9458,1,2,3,182,299,481,7,0.260497,0.270183,0,0.000064,0.000092,30,0.000081,0,29,1,0.000838
46035,Davison County,,SD,1710,22540,24250,7,7,14,519,630,1149,7,0.2697,0.281522,11760.362877,0.000178,0.000206,30,0.000374,0,29,0.25,0.002239
46037,Day County,,SD,399,6827,7226,2,3,5,100,156,256,7,0.268706,0.279516,0,0.000009,0.000104,30,0.000141,0,29,1,0.000252
46039,Deuel County,,SD,408,5451,5859,1,2,3,61,122,183,7,0.235541,0.242757,0,0.000002,0.000003,30,0.000085,0,29,1,0.000123
46041,Dewey County,,SD,418,6445,6863,1,2,3,77,129,206,7,0.26052,0.27024,2949,0.000064,0.000091,30,0.000081,0,29,0,0.000838
46043,Douglas County,,SD,177,3670,3847,0,0,0,0,0,0,0,0,0,0,0,0,138,0.000051,121,193,0,0
46045,Edmunds County,,SD,366,4425,4791,1,1,2,103,165,268,7,0.234934,0.241511,0,0.000007,0.000002,30,0.000107,0,29,0,0.000129
46047,Fall River County,,SD,641,7767,8408,2,1,3,164,125,289,7,0.260473,0.270011,0,0.000064,0.000091,30,0.000116,0,29,1,0.00093
46049,Faulk County,,SD,153,2443,2596,0,1,1,0,45,45,7,0.234977,0.241599,0,0,0.000002,30,0.000051,0,194,0,0
46051,Grant County,,SD,432,9528,9960,2,2,4,82,114,196,7,0.268632,0.27923,2916,0.000002,0.000102,30,0.000128,0,29,0.333333,0.000207
46053,Gregory County,,SD,281,5123,5404,0,1,1,0,44,44,7,0.268501,0.278792,0,0,0.0001,30,0.000051,0,195,0,0
46055,Haakon County,,SD,120,2535,2655,0,0,0,0,0,0,0,0,0,0,0,0,139,0.000051,122,196,0,0
46057,Hamlin County,,SD,406,6511,6917,2,2,4,179,168,347,7,0.235541,0.242757,0,0.000009,0.000003,30,0.000135,0,29,1,0.000252
46059,Hand County,,SD,191,4139,4330,0,0,0,0,0,0,0,0,0,0,0,0,140,0.000051,123,197,0,0
46061,Hanson County,,SD,485,5495,5980,1,2,3,51,110,161,7,0.268533,0.279002,0,0.000002,0.000102,30,0.000096,0,29,1,0.000114
46063,Harding County,,SD,88,1543,1631,0,0,0,0,0,0,0,0,0,0,0,0,141,0.000051,124,198,0,0
46065,Hughes County,,SD,1571,20212,21783,3,6,9,372,623,995,7,0.269725,0.281437,11755,0.000176,0.000205,30,0.000181,0,29,0.4,0.001858
46067,Hutchinson County,,SD,465,8597,9062,2,2,4,120,172,292,7,0.268533,0.279002,0,0.000114,0.000102,30,0.000131,0,29,1,0.001048
46069,Hyde County,,SD,106,1674,1780,0,0,0,0,0,0,0,0,0,0,0,0,142,0.000051,125,199,0,0
46071,Jackson County,,SD,189,2695,2884,0,0,0,0,0,0,0,0,0,0,0,0,143,0.000051,126,200,0,0
46073,Jerauld County,,SD,136,2198,2334,0,0,0,0,0,0,0,0,0,0,0,0,144,0.000051,127,201,0,0
46075,Jones County,,SD,70,1253,1323,0,0,0,0,0,0,0,0,0,0,0,0,145,0.000051,128,202,0,0
46077,Kingsbury County,,SD,408,6289,6697,1,2,3,96,162,258,7,0.268558,0.279059,0,0.000007,0.000102,30,0.0001,0,29,1,0.000129
46079,Lake County,,SD,1115,13159,14274,3,3,6,254,451,705,7,0.268582,0.27923,0,0.00013,0.000114,30,0.000188,0,29,1,0.001269
46081,Lawrence County,,SD,2398,26243,28641,6,6,12,981,1041,2022,6,0.334327,0.352864,3307.275441,0.000185,0.001349,30,0.000252,0,29,0.52381,0.002575
46083,Lincoln County,,SD,4905,50075,54980,17,11,28,4403,3100,7503,6,0.311439,0.327829,3227.156513,0.001446,0.001316,30,0.000689,0,29,0.290441,0.011972
46085,Lyman County,,SD,272,4217,4489,2,1,3,112,42,154,8,0.211719,0.216794,2948,0.000002,0,30,0.000153,0,29,0,0.000191
46087,McCook County,,SD,535,6569,7104,1,1,2,190,173,363,7,0.268459,0.278716,0,0.000112,0.0001,30,0.000085,0,29,0,0.000933
46089,McPherson County,,SD,142,2731,2873,0,0,0,0,0,0,0,0,0,0,0,0,146,0.000051,129,203,0,0
46091,Marshall County,,SD,332,4906,5238,0,2,2,0,116,116,7,0.235015,0.241828,0,0,0.000002,30,0.000051,0,204,0,0
46093,Meade County,,SD,4293,29198,33491,6,5,11,1756,2131,3887,7,0.270175,0.281894,743.818535,0.001932,0.000229,30,0.000215,0,29,0.571429,0.016367
46095,Mellette County,,SD,113,1890,2003,1,0,1,48,0,48,0,0,0,0,0.000002,0,30,0.000074,0,13,0,0.000092
46097,Miner County,,SD,170,2766,2936,0,0,0,0,0,0,0,0,0,0,0,0,147,0.000051,130,205,0,0
46099,Minnehaha County,,SD,13987,209132,223119,60,50,110,9863,8475,18338,6,0.366931,0.395285,167366.805456,0.012516,0.013987,30,0.002032,0,29,0.159204,0.098269
46101,Moody County,,SD,587,7716,8303,2,2,4,203,286,489,7,0.268558,0.279059,0,0.000119,0.000102,30,0.000135,0,29,1,0.001063
46103,Pennington County,,SD,9059,114857,123916,41,33,74,5134,4125,9259,6,0.352174,0.377526,86951.749018,0.01135,0.007914,30,0.001196,0,29,0.242929,0.091393
46105,Perkins County,,SD,169,3525,3694,0,0,0,0,0,0,0,0,0,0,0,0,148,0.000051,131,206,0,0
46107,Potter County,,SD,172,2970,3142,0,0,0,0,0,0,0,0,0,0,0,0,149,0.000051,132,207,0,0
46109,Roberts County,,SD,720,11563,12283,2,2,4,111,167,278,7,0.268632,0.27923,282.774287,0.000002,0.000102,30,0.000106,0,29,0.333333,0.000207
46111,Sanborn County,,SD,175,2911,3086,0,1,1,0,51,51,8,0.21247,0.218062,0,0,0.000001,30,0.000051,0,208,0,0
46113,Shannon County,,SD,760,11692,12452,1,2,3,206,334,540,7,0.26052,0.27024,1313.411078,0.000064,0.000091,30,0.000081,0,29,0,0.000838
46115,Spink County,,SD,366,7400,7766,1,1,2,44,76,120,7,0.234934,0.241511,0,0.000007,0.000002,30,0.000107,0,29,0,0.000129
46117,Stanley County,,SD,380,3510,3890,1,1,2,178,189,367,8,0.212444,0.217954,0,0.000002,0.000001,30,0.000076,0,29,0,0.000104
46119,Sully County,,SD,86,1756,1842,0,0,0,0,0,0,0,0,0,0,0,0,150,0.000051,133,209,0,0
46121,Todd County,,SD,544,8709,9253,1,3,4,61,166,227,7,0.269501,0.280608,2949,0.000064,0.000192,30,0.000081,0,29,0.333333,0.000838
46123,Tripp County,,SD,375,6818,7193,0,2,2,0,100,100,7,0.269494,0.280454,0,0,0.000192,30,0.000051,0,210,1,0
46125,Turner County,,SD,705,9851,10556,2,2,4,292,357,649,7,0.268484,0.278887,0,0.000123,0.000112,30,0.000138,0,29,1,0.00114
46127,Union County,,SD,1343,17384,18727,6,4,10,905,657,1562,7,0.270225,0.281419,24.22498,0.000178,0.000152,30,0.000247,0,29,0.466667,0.001897
46129,Walworth County,,SD,438,6451,6889,1,0,1,61,0,61,0,0,0,0,0,0,30,0.000088,0,11,0,0.000088
46135,Yankton County,,SD,1462,25513,26975,4,5,9,430,547,977,7,0.268756,0.279688,5638.924876,0.000117,0.000115,30,0.000263,0,29,0.3,0.00123
46137,Ziebach County,,SD,113,1231,1344,1,0,1,41,0,41,0,0,0,0,0.000001,0,30,0.000085,0,14,0,0.000092
47001,Anderson County,,TN,5572,82498,88070,10,11,21,3568,3481,7049,6,0.302427,0.31677,182.730899,0.000379,0.001379,50,0.000329,0,29,0.391026,0.004831
47003,Bedford County,,TN,3230,50666,53896,10,8,18,1911,1722,3633,6,0.310411,0.326492,2543.712627,0.001785,0.001617,50,0.000235,0,29,0.418182,0.013415
47005,Benton County,,TN,958,17471,18429,3,4,7,356,373,729,6,0.300929,0.313455,4.528752,0.000019,0.000649,61,0.000134,0,29,0.583333,0.000456
47007,Bledsoe County,,TN,744,11745,12489,4,4,8,313,417,730,6,0.273649,0.284436,4.309524,0.000213,0.000253,50,0.000166,0,29,0.666667,0.002265
47009,Blount County,,TN,7264,138883,146147,23,13,36,4495,3961,8456,6,0.302741,0.317427,1185.560346,0.007817,0.001601,50,0.000465,0,29,0.405,0.056859
47011,Bradley County,,TN,6162,106309,112471,13,14,27,3090,2904,5994,6,0.30293,0.317884,1129.649396,0.001889,0.001566,50,0.000327,0,29,0.347619,0.014792
47013,Campbell County,,TN,1925,39726,41651,6,5,11,930,972,1902,6,0.286247,0.29804,121.958602,0.000758,0.000375,50,0.0002,0,29,0.266667,0.005336
47015,Cannon County,,TN,1222,15079,16301,4,5,9,738,815,1553,6,0.30096,0.313626,1.702836,0.000236,0.000866,50,0.000147,0,29,0.8,0.002513
47017,Carroll County,,TN,2000,31602,33602,7,7,14,1054,1210,2264,6,0.301458,0.314626,645.975022,0.000711,0.000694,61,0.000204,0,29,0.678571,0.005244
47019,Carter County,,TN,3494,58816,62310,8,7,15,2064,2168,4232,6,0.2865,0.298697,961.713841,0.000382,0.000457,50,0.000288,0,29,0.482143,0.004169
47021,Cheatham County,,TN,3183,45191,48374,8,8,16,2309,2223,4532,6,0.303245,0.316804,1.402156,0.001243,0.00156,50,0.000209,0,29,0.888889,0.011791
47023,Chester County,,TN,1326,16969,18295,5,6,11,657,718,1375,6,0.30534,0.318776,1.416667,0.000694,0.000621,61,0.000144,0,29,0.766667,0.004891
47025,Claiborne County,,TN,1674,33098,34772,7,6,13,693,833,1526,6,0.28636,0.298325,4128.16376,0.000337,0.000376,50,0.000249,0,29,0.309524,0.003422
47027,Clay County,,TN,485,7950,8435,2,4,6,101,246,347,7,0.233841,0.241345,24.480632,0.000006,0.000026,50,0.00012,0,29,0.25,0.000256
47029,Cocke County,,TN,1900,38063,39963,5,5,10,921,971,1892,6,0.285995,0.297639,0.216667,0.000353,0.000452,50,0.000177,0,29,0.95,0.003773
47031,Coffee County,,TN,3898,58866,62764,9,10,19,2291,2077,4368,6,0.303087,0.317255,2064.737118,0.000828,0.001534,50,0.000259,0,29,0.5,0.007267
47033,Crockett County,,TN,1062,16199,17261,4,4,8,563,606,1169,7,0.257688,0.267056,1.349802,0.000073,0.000051,61,0.000144,0,29,0.75,0.000799
47035,Cumberland County,,TN,2838,62539,65377,11,10,21,1136,976,2112,6,0.30249,0.31673,4213.827284,0.001898,0.001254,50,0.000346,0,29,0.363636,0.013904
47037,Davidson County,,TN,54244,662241,716485,206,172,378,41535,43012,84547,5,0.429898,0.468827,221609.464156,0.077946,0.072253,50,0.003045,0,29,0.273828,0.567237
47039,Decatur County,,TN,737,12293,13030,3,3,6,334,286,620,7,0.257483,0.266582,5151.231147,0.000051,0.000037,61,0.000128,0,29,0.333333,0.000575
47041,DeKalb County,,TN,1441,19919,21360,8,8,16,919,823,1742,6,0.301177,0.3143,1001.339055,0.000843,0.00094,50,0.000258,0,29,0.642857,0.00758
47043,Dickson County,,TN,3397,54888,58285,10,10,20,2064,2016,4080,6,0.303339,0.317204,176.571476,0.001857,0.001529,50,0.000269,0,29,0.627273,0.015815
47045,Dyer County,,TN,2533,42933,45466,10,11,21,1400,1268,2668,6,0.309128,0.324291,5844.93174,0.000722,0.001261,61,0.000303,0,29,0.390909,0.005545
47047,Fayette County,,TN,2826,43304,46130,7,6,13,2791,1937,4728,6,0.305308,0.318747,63.633056,0.001318,0.000647,61,0.000188,0,29,0.547619,0.009858
47049,Fentress County,,TN,746,18111,18857,4,3,7,292,302,594,7,0.233523,0.240653,19.298393,0.000032,0.000034,50,0.000182,0,29,0.5,0.000685
47051,Franklin County,,TN,2441,45135,47576,9,9,18,1137,1371,2508,6,0.302993,0.31697,3087.256481,0.001295,0.001524,50,0.000242,0,29,0.583333,0.011925
47053,Gibson County,,TN,3068,55673,58741,11,12,23,2244,1920,4164,6,0.30916,0.324491,1043.649001,0.0013,0.001489,61,0.0003,0,29,0.442308,0.010205
47055,Giles County,,TN,1825,33199,35024,7,9,16,981,1109,2090,6,0.302521,0.316112,28.990523,0.000922,0.001351,50,0.00021,0,29,0.638889,0.008799
47057,Grainger County,,TN,1511,23155,24666,6,6,12,1050,1053,2103,6,0.286107,0.297954,8.200433,0.000343,0.000385,50,0.000213,0,29,0.6,0.003412
47059,Greene County,,TN,3060,75324,78384,10,9,19,1404,1410,2814,6,0.286472,0.298897,450.963459,0.001293,0.000467,50,0.000318,0,29,0.527273,0.01078
47061,Grundy County,,TN,815,14731,15546,4,5,9,279,482,761,6,0.273854,0.285008,18.33875,0.000034,0.000257,50,0.000151,0,29,0.45,0.00061
47063,Hamblen County,,TN,4336,68378,72714,10,11,21,2600,2601,5201,6,0.286613,0.299383,1510.476116,0.000407,0.000544,50,0.000335,0,29,0.435897,0.005164
47065,Hamilton County,,TN,18102,365040,383142,78,64,142,12037,11310,23347,5,0.376355,0.40563,65752.336748,0.02887,0.024367,50,0.00135,0,29,0.325332,0.216445
47067,Hancock County,,TN,252,6212,6464,1,2,3,41,87,128,7,0.222868,0.228858,0,0.000004,0.000006,50,0.000084,0,29,1,0.000136
47069,Hardeman County,,TN,1542,28208,29750,5,8,13,638,992,1630,6,0.3088,0.323405,30.092642,0.000689,0.001251,61,0.000152,0,29,0.482143,0.004908
47071,Hardin County,,TN,1520,27975,29495,6,6,12,538,601,1139,6,0.30566,0.31929,879.698487,0.00069,0.000624,61,0.000174,0,29,0.452381,0.004994
47073,Hawkins County,,TN,3589,61693,65282,10,9,19,2372,2364,4736,6,0.2865,0.298954,5139.184763,0.000394,0.000465,50,0.000349,0,29,0.454545,0.004475
47075,Haywood County,,TN,1419,22202,23621,8,6,14,820,891,1711,6,0.30534,0.318776,387.544642,0.000722,0.000619,61,0.000219,0,29,0.5,0.005348
47077,Henderson County,,TN,1801,30788,32589,8,8,16,955,986,1941,6,0.3055,0.31929,1317.044648,0.000999,0.000625,61,0.000215,0,29,0.430556,0.007348
47079,Henry County,,TN,1827,35483,37310,8,7,15,789,735,1524,6,0.301551,0.314769,2465.450242,0.001296,0.000682,61,0.000219,0,29,0.571429,0.009746
47081,Hickman County,,TN,1749,24386,26135,6,6,12,1006,1066,2072,6,0.30096,0.31374,851.625836,0.000946,0.00114,50,0.000184,0,29,0.595238,0.0087
47083,Houston County,,TN,547,8495,9042,4,4,8,325,303,628,6,0.280736,0.291855,3.25,0.000281,0.000319,50,0.000162,0,29,0.666667,0.002709
47085,Humphreys County,,TN,1118,20890,22008,6,5,11,536,476,1012,6,0.303119,0.316232,1070.569351,0.000868,0.000938,50,0.000191,0,29,0.5,0.007408
47087,Jackson County,,TN,846,11479,12325,2,2,4,375,427,802,7,0.233429,0.240253,0,0.000019,0.000019,50,0.00012,0,29,1,0.000361
47089,Jefferson County,,TN,4701,53531,58232,9,10,19,3016,3184,6200,6,0.301863,0.315712,191.508703,0.001157,0.001143,50,0.000292,0,29,0.5,0.010021
47091,Johnson County,,TN,691,17067,17758,3,5,8,211,322,533,7,0.241631,0.250975,30.190011,0.000073,0.00011,50,0.000126,0,29,0.5,0.000973
47093,Knox County,,TN,26986,459835,486821,110,91,201,19114,17536,36650,5,0.400165,0.433008,119864.840461,0.045381,0.039804,50,0.001811,0,29,0.393104,0.333961
47095,Lake County,,TN,453,5577,6030,2,2,4,211,273,484,7,0.236305,0.243025,0,0.000015,0.000011,61,0.000106,0,29,1,0.000281
47097,Lauderdale County,,TN,1614,26459,28073,5,6,11,819,946,1765,6,0.308767,0.32312,9.581517,0.000699,0.00124,61,0.000157,0,29,0.733333,0.004924
47099,Lawrence County,,TN,1802,44507,46309,8,8,16,902,914,1816,6,0.301333,0.314512,2991.96541,0.001113,0.001144,50,0.000228,0,29,0.513889,0.010284
47101,Lewis County,,TN,725,12382,13107,3,3,6,233,270,503,7,0.234537,0.241676,712.293095,0.00003,0.000044,50,0.000132,0,29,0.333333,0.000561
47103,Lincoln County,,TN,1890,37572,39462,10,9,19,1242,1027,2269,6,0.302458,0.316027,597.501458,0.001126,0.001327,50,0.000271,0,29,0.566667,0.010597
47105,Loudon County,,TN,3623,54493,58116,9,7,16,2506,2084,4590,6,0.286079,0.29804,53.111708,0.001344,0.000507,50,0.000255,0,29,0.625,0.011515
47107,McMinn County,,TN,3179,55840,59019,8,10,18,1681,1779,3460,6,0.286838,0.299754,77.196921,0.000552,0.0007,50,0.00026,0,29,0.577778,0.005826
47109,McNairy County,,TN,1563,27286,28849,7,6,13,858,760,1618,6,0.305404,0.31889,10.607543,0.000704,0.000614,61,0.000183,0,29,0.642857,0.005156
47111,Macon County,,TN,1388,23679,25067,8,8,16,770,778,1548,6,0.301209,0.314329,6110.838933,0.000838,0.000789,50,0.000263,0,29,0.402778,0.008047
47113,Madison County,,TN,7057,107194,114251,23,26,49,4171,4333,8504,6,0.346524,0.369376,17556.829739,0.003603,0.005745,61,0.000546,0,29,0.283069,0.028166
47115,Marion County,,TN,1472,31581,33053,6,6,12,878,859,1737,6,0.273829,0.285037,181.433852,0.000215,0.000248,50,0.000195,0,29,0.452381,0.002425
47117,Marshall County,,TN,2110,34866,36976,7,7,14,1267,1155,2422,6,0.30096,0.313855,4.394577,0.000968,0.001148,50,0.000195,0,29,0.714286,0.008931
47119,Maury County,,TN,5529,91565,97094,17,16,33,3785,3173,6958,6,0.306045,0.321902,5171.494949,0.003434,0.002602,50,0.000379,0,29,0.397619,0.02539
47121,Meigs County,,TN,947,12250,13197,5,4,9,676,580,1256,6,0.273597,0.284351,2.975273,0.000223,0.000256,50,0.000168,0,29,0.75,0.002461
47123,Monroe County,,TN,2911,47031,49942,6,6,12,1481,1572,3053,6,0.286163,0.298068,2.906822,0.000359,0.000462,50,0.000198,0,29,0.8,0.003955
47125,Montgomery County,,TN,19123,174867,193990,86,75,161,12385,10307,22692,5,0.389996,0.421005,34543.058855,0.036765,0.032251,50,0.00122,0,29,0.428361,0.273136
47127,Moore County,,TN,473,7048,7521,3,4,7,230,304,534,7,0.238177,0.245939,0,0.000038,0.00004,50,0.00012,0,29,1,0.000543
47129,Morgan County,,TN,1226,20997,22223,5,5,10,678,767,1445,6,0.286191,0.297914,197.091578,0.000348,0.000387,50,0.000191,0,29,0.5,0.003331
47131,Obion County,,TN,2162,36545,38707,8,9,17,1077,1064,2141,6,0.305949,0.319993,12433.480326,0.000665,0.000619,61,0.000334,0,29,0.375,0.005009
47133,Overton County,,TN,1300,23075,24375,5,5,10,728,752,1480,7,0.233598,0.241025,5942.829097,0.000019,0.000019,50,0.000245,0,29,0.25,0.000627
47135,Perry County,,TN,460,8063,8523,1,2,3,43,111,154,8,0.205236,0.210275,2.324242,0,0.000001,50,0.000087,0,29,0,0.000094
47137,Pickett County,,TN,279,5324,5603,1,2,3,76,96,172,8,0.189585,0.193698,87.01933,0,0,50,0.000092,0,29,0,0.000098
47139,Polk County,,TN,1407,18042,19449,4,4,8,847,904,1751,6,0.273829,0.284751,56.974643,0.00022,0.000259,50,0.000141,0,29,0.5,0.002326
47141,Putnam County,,TN,5268,73296,78564,18,17,35,2774,2809,5583,6,0.304257,0.31993,25606.806786,0.002324,0.00235,50,0.000551,0,29,0.304762,0.01979
47143,Rhea County,,TN,1782,33057,34839,8,7,15,1064,867,1931,6,0.286782,0.299297,63.745313,0.000551,0.000634,50,0.000255,0,29,0.589286,0.005472
47145,Roane County,,TN,3495,59554,63049,10,10,20,1930,2064,3994,6,0.286472,0.299028,52.186197,0.000571,0.000487,50,0.000315,0,29,0.484848,0.006132
47147,Robertson County,,TN,5078,75924,81002,10,10,20,3928,3400,7328,6,0.303623,0.317633,1602.587268,0.001352,0.001572,50,0.000273,0,29,0.581818,0.013184
47149,Rutherford County,,TN,20813,283006,303819,68,61,129,17294,13756,31050,5,0.387457,0.416775,31167.309412,0.027401,0.024424,50,0.00113,0,29,0.375316,0.196747
47151,Scott County,,TN,787,22557,23344,4,4,8,286,324,610,6,0.286107,0.297657,1676.422184,0.000334,0.000373,50,0.000198,0,29,0.5,0.003089
47153,Sequatchie County,,TN,868,14685,15553,3,3,6,579,446,1025,6,0.273546,0.284122,1.333333,0.0002,0.000235,50,0.000131,0,29,0.666667,0.002037
47155,Sevier County,,TN,7048,96374,103422,21,12,33,3539,3352,6891,6,0.306818,0.322234,1089.201579,0.008051,0.001965,50,0.00041,0,29,0.466403,0.059019
47157,Shelby County,,TN,49955,1060669,1110624,189,214,403,29908,38705,68613,5,0.438958,0.48143,306093.800439,0.070091,0.078193,61,0.002669,0,29,0.244201,0.508335
47159,Smith County,,TN,1296,21217,22513,8,6,14,837,740,1577,6,0.301177,0.314043,251.123722,0.000862,0.000937,50,0.000249,0,29,0.767857,0.008268
47161,Stewart County,,TN,960,14451,15411,2,2,4,382,357,739,6,0.280627,0.291398,0,0.000261,0.000297,50,0.000099,0,29,1,0.002348
47163,Sullivan County,,TN,9072,176030,185102,21,15,36,6035,5705,11740,6,0.312272,0.329475,33556.380374,0.003051,0.002232,50,0.000708,0,29,0.246667,0.025526
47165,Sumner County,,TN,11584,177707,189291,29,20,49,8699,7081,15780,6,0.315448,0.334065,8951.625087,0.011177,0.003197,50,0.000588,0,29,0.441379,0.082785
47167,Tipton County,,TN,4407,68282,72689,7,7,14,2995,2511,5506,6,0.308767,0.323262,72.702502,0.001385,0.001272,61,0.00019,0,29,0.517857,0.009596
47169,Trousdale County,,TN,740,8458,9198,5,4,9,547,483,1030,7,0.2497,0.258734,0,0.000834,0.000163,50,0.00016,0,29,0.933333,0.007701
47171,Unicoi County,,TN,1139,19216,20355,3,3,6,601,681,1282,7,0.240773,0.249134,0,0.000042,0.000084,50,0.00014,0,29,1,0.000839
47173,Union County,,TN,1290,19609,20899,4,5,9,886,881,1767,6,0.286051,0.297725,3.056306,0.000337,0.000437,50,0.000158,0,29,0.6,0.003105
47175,Van Buren County,,TN,372,5853,6225,2,2,4,151,182,333,7,0.231649,0.237681,0,0.000007,0.000007,50,0.000114,0,29,1,0.000254
47177,Warren County,,TN,1999,43664,45663,9,9,18,1042,1023,2065,6,0.301271,0.314586,7580.608093,0.000824,0.00088,50,0.000293,0,29,0.416667,0.007212
47179,Washington County,,TN,8752,127868,136620,24,21,45,5731,5063,10794,6,0.316853,0.33634,32104.840217,0.007024,0.004359,50,0.000605,0,29,0.347884,0.054594
47181,Wayne County,,TN,646,15677,16323,3,4,7,196,260,456,7,0.239252,0.247746,7.65034,0.000033,0.00006,50,0.000123,0,29,0.416667,0.000557
47183,Weakley County,,TN,2157,33942,36099,9,8,17,1035,1057,2092,6,0.308997,0.323748,907.776357,0.001292,0.001255,61,0.000241,0,29,0.597222,0.00992
47185,White County,,TN,1499,27509,29008,5,5,10,880,716,1596,7,0.233542,0.241048,56.474839,0.000044,0.000047,50,0.000211,0,29,0.5,0.000867
47187,Williamson County,,TN,13678,195768,209446,59,33,92,11332,8833,20165,5,0.37289,0.39832,8214.792269,0.03046,0.017018,50,0.000881,0,29,0.563115,0.224755
47189,Wilson County,,TN,8468,126906,135374,21,15,36,6565,5258,11823,6,0.326869,0.346273,3460.97912,0.007412,0.003211,50,0.000453,0,29,0.501976,0.05763
48001,Anderson County,,TX,3155,46938,50093,11,11,22,1519,1586,3105,6,0.32418,0.342821,19.123335,0.003123,0.00336,53,0.000238,0,29,0.642857,0.028227
48003,Andrews County,,TX,1164,15940,17104,3,3,6,324,453,777,7,0.263629,0.275172,0,0.000243,0.000381,53,0.000112,0,29,1,0.002828
48005,Angelina County,,TX,5073,90979,96052,27,24,51,3119,3117,6236,6,0.328526,0.349028,3946.875297,0.005773,0.00718,53,0.000553,0,29,0.47931,0.054841
48007,Aransas County,,TX,2387,22850,25237,7,9,16,1198,1177,2375,6,0.325192,0.342713,0.355742,0.003562,0.004328,53,0.00015,0,29,0.918182,0.030465
48009,Archer County,,TX,878,9170,10048,2,2,4,418,427,845,7,0.26618,0.277178,0,0.000167,0.000145,53,0.000097,0,29,1,0.001351
48011,Armstrong County,,TX,252,1929,2181,1,2,3,53,131,184,7,0.259108,0.26928,0,0.000085,0.00018,53,0.000071,0,29,1,0.000875
48013,Atascosa County,,TX,3392,46616,50008,8,6,14,2373,2223,4596,6,0.314563,0.329693,48.009095,0.002766,0.002105,53,0.000189,0,29,0.696429,0.024619
48015,Austin County,,TX,2304,30531,32835,7,8,15,1302,1477,2779,6,0.321358,0.338535,4.895834,0.001459,0.002646,53,0.000182,0,29,0.638889,0.014637
48017,Bailey County,,TX,747,7069,7816,4,5,9,220,326,546,7,0.264922,0.27683,16.618414,0.000216,0.000222,7,0.000126,0,29,0.5,0.00218
48019,Bandera County,,TX,1761,19615,21376,4,5,9,904,901,1805,6,0.324252,0.341112,0.583333,0.001804,0.002036,53,0.000108,0,29,0.8,0.015528
48021,Bastrop County,,TX,5818,71735,77553,16,14,30,4669,3917,8586,6,0.328786,0.348,81.073396,0.006859,0.005722,53,0.000271,0,29,0.764706,0.058412
48023,Baylor County,,TX,310,3718,4028,0,1,1,0,54,54,7,0.266174,0.277026,0,0,0.000126,53,0.000051,0,211,0,0
48025,Bee County,,TX,1895,25561,27456,10,9,19,956,1005,1961,6,0.325265,0.342798,722.963935,0.002964,0.00261,53,0.000208,0,29,0.581818,0.026662
48027,Bell County,,TX,51875,304229,356104,170,203,373,29126,34868,63994,5,0.425197,0.469136,44823.179266,0.067332,0.075442,53,0.002208,0,29,0.272586,0.500066
48029,Bexar County,,TX,89715,1809293,1899008,344,290,634,84692,74821,159513,5,0.451044,0.499137,185544.706504,0.108835,0.095871,53,0.004502,0,29,0.176454,0.799735
48031,Blanco County,,TX,825,9989,10814,5,5,10,376,384,760,6,0.314021,0.328835,0,0.001625,0.001982,53,0.00014,0,29,1,0.015177
48033,Borden County,,TX,66,578,644,0,0,0,0,0,0,0,0,0,0,0,0,151,0.000051,134,212,0,0
48035,Bosque County,,TX,1631,17747,19378,8,6,14,969,861,1830,6,0.316681,0.333248,101.309106,0.00235,0.002075,53,0.000194,0,29,0.666667,0.020652
48037,Bowie County,,TX,6579,96294,102873,25,21,46,4094,3891,7985,6,0.330912,0.351858,17095.097778,0.005402,0.007241,53,0.000548,0,29,0.343915,0.047732
48039,Brazoria County,,TX,21265,320524,341789,51,48,99,19991,15790,35781,6,0.360178,0.387963,1600.703018,0.022603,0.018733,53,0.000736,0,29,0.486251,0.179645
48041,Brazos County,,TX,15538,151866,167404,56,46,102,10062,10186,20248,5,0.366562,0.393313,3218.988997,0.017505,0.019793,53,0.000941,0,29,0.420398,0.146662
48043,Brewster County,,TX,1025,8774,9799,8,6,14,412,304,716,6,0.312909,0.328149,2984.648668,0.002113,0.0017,53,0.000238,0,29,0.583333,0.019893
48045,Briscoe County,,TX,154,1658,1812,0,0,0,0,0,0,0,0,0,0,0,0,152,0.000051,135,213,0,0
48047,Brooks County,,TX,528,8157,8685,3,4,7,197,295,492,6,0.274991,0.286746,0,0.000312,0.000579,53,0.000093,0,29,1,0.002433
48049,Brown County,,TX,2672,38692,41364,19,16,35,1347,1246,2593,6,0.32979,0.3498,9252.557569,0.006007,0.006066,53,0.000459,0,29,0.433333,0.052529
48051,Burleson County,,TX,1341,17993,19334,5,4,9,643,771,1414,6,0.32058,0.337077,0.333333,0.001788,0.001606,53,0.000136,0,29,0.8,0.01613
48053,Burnet County,,TX,3505,43787,47292,13,11,24,2103,1897,4000,6,0.325846,0.343827,88.255223,0.004548,0.004212,53,0.000278,0,29,0.708791,0.040809
48055,Caldwell County,,TX,3334,36086,39420,8,10,18,2360,2386,4746,6,0.326942,0.345256,3.623066,0.002949,0.004643,53,0.000182,0,29,0.866667,0.027562
48057,Calhoun County,,TX,1590,22749,24339,6,5,11,611,757,1368,6,0.321004,0.337791,2.039594,0.001582,0.001393,53,0.000139,0,29,0.809524,0.014077
48059,Callahan County,,TX,1271,13903,15174,3,3,6,669,542,1211,6,0.31338,0.328144,2.820513,0.000203,0.001077,53,0.000107,0,29,0.7,0.001938
48061,Cameron County,,TX,15876,415338,431214,46,41,87,9812,10177,19989,5,0.361428,0.387329,976.831011,0.022602,0.020456,53,0.000623,0,29,0.535639,0.177111
48063,Camp County,,TX,1126,13191,14317,5,6,11,500,601,1101,6,0.311672,0.327475,1.566667,0.0009,0.001043,53,0.000136,0,29,0.733333,0.00756
48065,Carson County,,TX,564,6448,7012,4,3,7,245,284,529,7,0.259154,0.269508,0,0.000205,0.000196,53,0.00014,0,29,1,0.002089
48067,Cass County,,TX,2189,32708,34897,12,9,21,1261,1238,2499,6,0.317129,0.334305,62.608062,0.003057,0.002163,53,0.000259,0,29,0.659091,0.026884
48069,Castro County,,TX,765,7557,8322,4,5,9,245,355,600,7,0.263462,0.275224,1.135065,0.00019,0.000339,53,0.000132,0,29,0.85,0.001974
48071,Chambers County,,TX,2428,30330,32758,7,5,12,3490,1533,5023,6,0.320616,0.337249,0.211111,0.001672,0.00128,53,0.000148,0,29,0.928571,0.015799
48073,Cherokee County,,TX,3239,50514,53753,14,12,26,1905,1965,3870,6,0.324216,0.342993,15.762698,0.004464,0.003717,53,0.000282,0,29,0.774725,0.040392
48075,Childress County,,TX,523,6089,6612,1,1,2,44,45,89,7,0.251487,0.260834,2917,0,0.000094,53,0.000094,0,214,0,0.000084
48077,Clay County,,TX,989,11442,12431,2,2,4,468,521,989,7,0.266156,0.277121,0,0.000179,0.000145,53,0.00008,0,29,1,0.001346
48079,Cochran County,,TX,314,3428,3742,1,0,1,67,0,67,0,0,0,0,0.000003,0,53,0.000072,0,7,0,0.000111
48081,Coke County,,TX,375,3348,3723,1,1,2,95,164,259,6,0.264562,0.274571,0,0.000156,0.000136,53,0.000067,0,29,0,0.001202
48083,Coleman County,,TX,737,8641,9378,2,2,4,197,178,375,7,0.265043,0.275738,0,0.000193,0.000192,53,0.000091,0,29,1,0.001769
48085,Collin County,,TX,65750,799640,865390,221,173,394,74293,56103,130396,5,0.42218,0.462574,48272.9053,0.086733,0.072209,53,0.002802,0,29,0.289125,0.628346
48087,Collingsworth County,,TX,263,3081,3344,0,0,0,0,0,0,0,0,0,0,0,0,153,0.000051,136,215,0,0
48089,Colorado County,,TX,1324,22495,23819,6,7,13,723,722,1445,6,0.321322,0.338363,17.861072,0.002057,0.002475,53,0.00015,0,29,0.607143,0.019136
48091,Comal County,,TX,8607,110964,119571,35,21,56,8500,5672,14172,6,0.330014,0.350429,246.281787,0.014389,0.008967,53,0.000569,0,29,0.622372,0.120562
48093,Comanche County,,TX,991,13910,14901,4,4,8,364,345,709,6,0.311872,0.327,1.733333,0.000893,0.001009,53,0.000121,0,29,0.75,0.007931
48095,Concho County,,TX,258,2597,2855,0,0,0,0,0,0,0,0,0,0,0,0,154,0.000051,137,216,0,0
48097,Cooke County,,TX,3109,41449,44558,10,10,20,1852,1886,3738,6,0.31737,0.334791,3124.449546,0.003896,0.003392,53,0.000228,0,29,0.645455,0.033781
48099,Coryell County,,TX,14592,61907,76499,37,46,83,7613,8584,16197,5,0.369114,0.396193,2904.724812,0.015734,0.019777,53,0.000539,0,29,0.53098,0.125955
48101,Cottle County,,TX,135,1589,1724,0,0,0,0,0,0,0,0,0,0,0,0,155,0.000051,138,217,0,0
48103,Crane County,,TX,429,4670,5099,1,2,3,98,153,251,7,0.260753,0.271074,0,0.000075,0.000235,53,0.000075,0,29,1,0.001019
48105,Crockett County,,TX,338,4240,4578,0,1,1,0,63,63,6,0.264604,0.274649,0,0,0.000136,53,0.000051,0,218,0,0
48107,Crosby County,,TX,713,6281,6994,1,1,2,220,397,617,7,0.262987,0.273681,0,0.000155,0.000147,53,0.000071,0,29,0,0.001367
48109,Culberson County,,TX,327,2671,2998,0,1,1,0,55,55,7,0.25714,0.266433,0,0,0.000114,53,0.000051,0,219,0,0
48111,Dallam County,,TX,751,7148,7899,1,3,4,51,177,228,7,0.259131,0.269451,0,0.000085,0.000214,53,0.000071,0,29,1,0.000875
48113,Dallas County,,TX,168583,2494655,2663238,364,326,690,144964,153821,298785,5,0.452374,0.505521,273678.553209,0.111663,0.103613,53,0.004948,0,29,0.156983,0.813872
48115,Dawson County,,TX,995,12936,13931,4,4,8,355,398,753,7,0.263629,0.275287,8.819163,0.000303,0.000311,53,0.000158,0,29,0.666667,0.003048
48117,Deaf Smith County,,TX,1716,21487,23203,5,6,11,619,796,1415,6,0.312741,0.329161,113.538374,0.000239,0.001234,53,0.000148,0,29,0.714286,0.002504
48119,Delta County,,TX,535,5032,5567,4,4,8,278,292,570,6,0.311672,0.327246,0,0.000945,0.000992,53,0.000117,0,29,1,0.007775
48121,Denton County,,TX,61516,666970,728486,182,145,327,63513,51494,115007,5,0.408175,0.446519,35766.552191,0.072594,0.058363,53,0.002406,0,29,0.311106,0.529875
48123,DeWitt County,,TX,1144,19742,20886,4,4,8,495,490,985,6,0.324252,0.340998,4.779367,0.001804,0.002017,53,0.000118,0,29,0.916667,0.01552
48125,Dickens County,,TX,176,2053,2229,0,0,0,0,0,0,0,0,0,0,0,0,156,0.000051,139,220,0,0
48127,Dimmit County,,TX,761,9974,10735,4,3,7,306,241,547,6,0.313953,0.328492,7.501966,0.001438,0.001706,53,0.000123,0,29,0.833333,0.012962
48129,Donley County,,TX,291,3476,3767,1,1,2,52,67,119,7,0.257985,0.267548,0,0.000092,0.000086,53,0.000071,0,29,0,0.000813
48131,Duval County,,TX,790,12289,13079,2,3,5,309,440,749,6,0.311405,0.325543,0,0.000265,0.001117,53,0.00008,0,29,1,0.002116
48133,Eastland County,,TX,1390,18035,19425,6,9,15,454,634,1088,6,0.313616,0.32923,105.951213,0.001087,0.001253,53,0.000176,0,29,0.513889,0.009892
48135,Ector County,,TX,8211,149821,158032,43,32,75,6822,5295,12117,6,0.346031,0.370433,26479.831651,0.014145,0.009344,53,0.000935,0,29,0.366578,0.115486
48137,Edwards County,,TX,237,2060,2297,0,0,0,0,0,0,0,0,0,0,0,0,157,0.000051,140,221,0,0
48139,Ellis County,,TX,11185,159349,170534,30,22,52,9992,7776,17768,6,0.330126,0.350743,143.364701,0.011485,0.008128,53,0.000511,0,29,0.636089,0.096882
48141,El Paso County,,TX,43932,867618,911550,188,165,353,31862,32060,63922,5,0.410242,0.451029,68783.364859,0.071217,0.06021,53,0.002498,0,29,0.281048,0.530857
48143,Erath County,,TX,3154,32965,36119,13,17,30,1410,1713,3123,6,0.326906,0.346748,355.512714,0.0026,0.005377,53,0.000303,0,29,0.54902,0.023458
48145,Falls County,,TX,1305,15750,17055,3,3,6,519,742,1261,6,0.322745,0.339546,0,0.001566,0.00175,53,0.00009,0,29,1,0.011875
48147,Fannin County,,TX,2559,32747,35306,7,8,15,1368,1712,3080,6,0.316991,0.333991,0.981348,0.002823,0.003286,53,0.000156,0,29,0.910714,0.024522
48149,Fayette County,,TX,1464,25240,26704,6,9,15,619,754,1373,6,0.324866,0.342284,9.745274,0.001828,0.003043,53,0.000139,0,29,0.566667,0.016876
48151,Fisher County,,TX,347,3885,4232,1,0,1,59,0,59,0,0,0,0,0.000018,0,53,0.000069,0,9,0,0.000229
48153,Floyd County,,TX,591,7145,7736,1,2,3,140,268,408,7,0.263058,0.273966,0,0.000032,0.000149,53,0.000064,0,29,1,0.000121
48155,Foard County,,TX,100,1273,1373,0,0,0,0,0,0,0,0,0,0,0,0,158,0.000051,141,222,0,0
48157,Fort Bend County,,TX,40277,576593,616870,138,72,210,53379,33654,87033,5,0.376452,0.407259,7917.166985,0.064838,0.034478,53,0.001675,0,29,0.43109,0.467049
48159,Franklin County,,TX,1103,10697,11800,5,7,12,484,572,1056,6,0.311905,0.327961,3.968329,0.000927,0.001702,53,0.000136,0,29,0.619048,0.007771
48161,Freestone County,,TX,1364,19241,20605,7,8,15,770,672,1442,6,0.324,0.342221,5.006556,0.002789,0.003136,53,0.000161,0,29,0.767857,0.023968
48163,Frio County,,TX,952,14596,15548,4,4,8,350,493,843,6,0.311007,0.325143,151.729879,0.00082,0.000911,53,0.000137,0,29,0.583333,0.007106
48165,Gaines County,,TX,1040,17234,18274,5,6,11,393,428,821,7,0.263844,0.276001,11.688253,0.000327,0.000465,7,0.000168,0,29,0.633333,0.003438
48167,Galveston County,,TX,28456,297937,326393,50,61,111,16495,21821,38316,5,0.366608,0.395433,2508.202383,0.023475,0.019465,53,0.000726,0,29,0.417237,0.188547
48169,Garza County,,TX,398,4542,4940,1,1,2,103,150,253,7,0.262987,0.273681,0,0.000155,0.000147,53,0.000071,0,29,0,0.001367
48171,Gillespie County,,TX,1352,25869,27221,5,3,8,541,415,956,6,0.313987,0.328549,0,0.002442,0.00174,53,0.000123,0,29,1,0.021572
48173,Glasscock County,,TX,116,1338,1454,1,0,1,43,0,43,0,0,0,0,0.000112,0,53,0.00007,0,25,0,0.001138
48175,Goliad County,,TX,562,6966,7528,1,1,2,162,233,395,7,0.248297,0.256619,0,0.000069,0.000053,53,0.000068,0,29,0,0.000584
48177,Gonzales County,,TX,1238,20124,21362,6,8,14,504,653,1157,6,0.324903,0.342227,8.109209,0.002529,0.003157,53,0.000152,0,29,0.785714,0.022641
48179,Gray County,,TX,1969,23722,25691,8,8,16,568,798,1366,6,0.324685,0.343193,4443.677245,0.00196,0.0031,53,0.000235,0,29,0.583333,0.017055
48181,Grayson County,,TX,7676,127231,134907,22,18,40,5108,4617,9725,6,0.331251,0.352058,241.964625,0.010084,0.008281,53,0.000371,0,29,0.682971,0.08464
48183,Gregg County,,TX,10288,133934,144222,36,33,69,7898,7489,15387,6,0.329939,0.352,786.550826,0.01071,0.009214,53,0.000616,0,29,0.440385,0.091058
48185,Grimes County,,TX,2096,24424,26520,8,7,15,1473,1296,2769,6,0.320686,0.337591,2.418011,0.001726,0.001688,53,0.000213,0,29,0.767857,0.017372
48187,Guadalupe County,,TX,11638,136809,148447,48,29,77,10605,7539,18144,6,0.351072,0.376063,1002.738919,0.019878,0.014784,53,0.000702,0,29,0.538824,0.160848
48189,Hale County,,TX,2897,37165,40062,6,12,18,1122,1523,2645,6,0.326833,0.346668,3924.937042,0.000338,0.004046,53,0.000183,0,29,0.590909,0.00335
48191,Hall County,,TX,322,3239,3561,0,1,1,0,44,44,8,0.201006,0.205775,0,0,0,53,0.000051,0,223,0,0
48193,Hamilton County,,TX,843,8635,9478,4,4,8,265,290,555,6,0.273136,0.284591,3.229893,0.001001,0.000294,53,0.000116,0,29,0.633333,0.008485
48195,Hansford County,,TX,468,6065,6533,0,2,2,0,106,106,7,0.258073,0.267856,0,0,0.000088,53,0.000051,0,224,1,0
48197,Hardeman County,,TX,408,4122,4530,1,2,3,54,124,178,7,0.26618,0.277178,0,0.000016,0.000134,53,0.000073,0,29,1,0.00015
48199,Hardin County,,TX,4311,57598,61909,12,13,25,3474,2866,6340,6,0.321641,0.339563,17.500305,0.002897,0.002834,53,0.000242,0,29,0.653846,0.025789
48201,Harris County,,TX,199724,4235159,4434883,554,429,983,202259,181610,383869,5,0.471539,0.531059,623752.622783,0.134692,0.117468,53,0.00752,0,29,0.097382,0.984763
48203,Harrison County,,TX,5261,70079,75340,15,14,29,3518,3351,6869,6,0.324975,0.344164,112.614164,0.004908,0.004206,53,0.000279,0,29,0.641667,0.04138
48205,Hartley County,,TX,380,4283,4663,0,1,1,0,59,59,7,0.251487,0.260834,0,0,0.000094,53,0.000051,0,225,0,0
48207,Haskell County,,TX,542,5586,6128,2,2,4,113,150,263,7,0.265019,0.275681,2948,0.000145,0.000144,53,0.000107,0,29,0.5,0.001347
48209,Hays County,,TX,15127,140084,155211,43,35,78,14711,11589,26300,6,0.347184,0.372405,485.442267,0.016313,0.013971,53,0.000691,0,29,0.59697,0.136604
48211,Hemphill County,,TX,328,4135,4463,1,0,1,41,0,41,0,0,0,0,0.000085,0,53,0.000071,0,22,0,0.000875
48213,Henderson County,,TX,6213,76183,82396,17,17,34,4434,4148,8582,6,0.324903,0.344422,17.106346,0.005398,0.005874,53,0.000315,0,29,0.686842,0.047234
48215,Hidalgo County,,TX,22247,747688,769935,96,57,153,16786,13457,30243,5,0.367764,0.396182,16403.7116,0.038554,0.024219,53,0.001325,0,29,0.370931,0.286625
48217,Hill County,,TX,3083,35245,38328,11,9,20,1885,1833,3718,6,0.319562,0.336997,12.487221,0.003961,0.002755,53,0.000239,0,29,0.75641,0.034911
48219,Hockley County,,TX,2089,24383,26472,4,6,10,797,1180,1977,7,0.263724,0.275744,2961.179783,0.000233,0.000391,53,0.000155,0,29,0.366667,0.002646
48221,Hood County,,TX,4410,51793,56203,14,10,24,2697,2517,5214,6,0.318167,0.33574,65.796788,0.004382,0.004134,53,0.000303,0,29,0.680952,0.039543
48223,Hopkins County,,TX,2175,36834,39009,13,11,24,1374,1164,2538,6,0.316957,0.334276,50.45576,0.003031,0.003385,53,0.000262,0,29,0.602564,0.026784
48225,Houston County,,TX,1365,20635,22000,8,7,15,613,721,1334,6,0.320686,0.337591,6.118145,0.002195,0.001605,53,0.000196,0,29,0.75,0.019652
48227,Howard County,,TX,2295,31420,33715,14,12,26,966,1012,1978,6,0.326576,0.346016,3996.092025,0.005242,0.0044,53,0.00032,0,29,0.609524,0.044904
48229,Hudspeth County,,TX,289,3488,3777,1,1,2,101,103,204,6,0.290931,0.303801,0,0.000483,0.000572,53,0.000063,0,29,0,0.004287
48231,Hunt County,,TX,7135,85696,92831,21,20,41,4971,4782,9753,6,0.325084,0.34505,244.145086,0.005901,0.006125,53,0.000394,0,29,0.585145,0.051977
48233,Hutchinson County,,TX,1668,24844,26512,5,6,11,574,604,1178,7,0.26351,0.275452,179.67415,0.00116,0.000378,53,0.000164,0,29,0.714286,0.010533
48235,Irion County,,TX,194,1639,1833,1,0,1,76,0,76,0,0,0,0,0.000156,0,53,0.000067,0,28,0,0.001202
48237,Jack County,,TX,828,7815,8643,5,5,10,301,411,712,6,0.311838,0.327058,1.533333,0.000908,0.001076,53,0.000161,0,29,0.75,0.008556
48239,Jackson County,,TX,1091,15789,16880,5,4,9,564,575,1139,6,0.320651,0.337191,0.25,0.001071,0.001171,53,0.000145,0,29,0.9,0.009563
48241,Jasper County,,TX,2520,36020,38540,10,9,19,1535,1554,3089,6,0.320757,0.337934,551.017413,0.001416,0.001696,53,0.000243,0,29,0.663636,0.012945
48243,Jeff Davis County,,TX,243,2237,2480,0,1,1,0,53,53,7,0.238395,0.244904,0,0,0.000017,53,0.000051,0,226,0,0
48245,Jefferson County,,TX,15564,259036,274600,43,46,89,9998,11451,21449,6,0.352131,0.378812,1791.342509,0.016204,0.015773,53,0.000667,0,29,0.451782,0.131646
48247,Jim Hogg County,,TX,295,5479,5774,1,1,2,47,76,123,7,0.259708,0.268519,0,0.000087,0.000104,53,0.000072,0,29,0,0.000898
48249,Jim Wells County,,TX,2742,44374,47116,9,10,19,1585,1788,3373,6,0.32581,0.343513,725.390481,0.002281,0.003425,53,0.000197,0,29,0.590909,0.020169
48251,Johnson County,,TX,12737,160805,173542,31,22,53,10489,8688,19177,6,0.330014,0.350829,423.441892,0.010008,0.007781,53,0.000582,0,29,0.530303,0.083654
48253,Jones County,,TX,1569,16085,17654,2,2,4,684,732,1416,7,0.266156,0.277601,3.071429,0.000153,0.00029,53,0.000096,0,29,0.666667,0.001364
48255,Karnes County,,TX,852,12856,13708,3,5,8,272,376,648,6,0.311239,0.325657,1.016667,0.000817,0.001127,53,0.000097,0,29,0.65,0.007045
48257,Kaufman County,,TX,9147,109912,119059,16,17,33,8832,6867,15699,6,0.324903,0.344422,81.44267,0.00688,0.005676,53,0.000296,0,29,0.640476,0.058666
48259,Kendall County,,TX,2497,34212,36709,7,9,16,1836,1457,3293,6,0.327273,0.34557,13.699124,0.003329,0.004128,53,0.000162,0,29,0.755556,0.029165
48261,Kenedy County,,TX,-2,-2,-4,0,0,0,0,0,0,0,0,0,0,0,0,159,0.000051,142,227,0,0
48263,Kent County,,TX,83,808,891,0,0,0,0,0,0,0,0,0,0,0,0,160,0.000051,143,228,0,0
48265,Kerr County,,TX,3548,51572,55120,13,17,30,1557,1688,3245,6,0.329566,0.349571,3057.484523,0.005035,0.007303,53,0.000283,0,29,0.607895,0.045674
48267,Kimble County,,TX,341,4780,5121,1,0,1,43,0,43,0,0,0,0,0.000059,0,53,0.000065,0,20,0,0.000447
48269,King County,,TX,-2,-2,-4,0,0,0,0,0,0,0,0,0,0,0,0,161,0.000051,144,229,0,0
48271,Kinney County,,TX,259,3262,3521,1,0,1,57,0,57,0,0,0,0,0.000071,0,53,0.000061,0,21,0,0.000464
48273,Kleberg County,,TX,3263,30940,34203,10,13,23,1387,1956,3343,6,0.33986,0.360505,517.759683,0.003251,0.005868,53,0.0002,0,29,0.642857,0.028987
48275,Knox County,,TX,292,3798,4090,1,2,3,45,86,131,7,0.265019,0.275681,0,0.000001,0.000145,53,0.000096,0,29,1,0.000098
48277,Lamar County,,TX,2896,53147,56043,13,15,28,1301,1403,2704,6,0.324505,0.343793,2137.929334,0.002954,0.00459,53,0.000285,0,29,0.455882,0.02611
48279,Lamb County,,TX,1377,14789,16166,4,5,9,360,696,1056,7,0.263438,0.275224,8.168849,0.000192,0.000266,53,0.000127,0,29,0.55,0.001707
48281,Lampasas County,,TX,2022,20440,22462,5,5,10,915,844,1759,6,0.306335,0.321731,0.430952,0.001733,0.001978,53,0.000124,0,29,0.9,0.01498
48283,La Salle County,,TX,375,5649,6024,2,3,5,102,168,270,6,0.31104,0.325086,2.777778,0.000094,0.000984,53,0.000101,0,29,0.666667,0.001043
48285,Lavaca County,,TX,1061,21486,22547,6,6,12,494,497,991,6,0.32483,0.341884,6.689421,0.001098,0.002869,53,0.000156,0,29,0.642857,0.009769
48287,Lee County,,TX,1148,17408,18556,5,8,13,474,654,1128,6,0.323353,0.340889,1.726188,0.001948,0.003121,53,0.000128,0,29,0.75,0.018476
48289,Leon County,,TX,1547,17708,19255,8,8,16,692,747,1439,6,0.322602,0.340249,12.075051,0.002393,0.002558,53,0.000184,0,29,0.583333,0.02131
48291,Liberty County,,TX,6575,72877,79452,10,15,25,4722,4791,9513,6,0.323856,0.34285,35.312684,0.002506,0.004421,53,0.000214,0,29,0.652381,0.023408
48293,Limestone County,,TX,1802,22439,24241,7,8,15,878,921,1799,6,0.326029,0.344547,5.718062,0.002784,0.003664,53,0.000161,0,29,0.75,0.023968
48295,Lipscomb County,,TX,337,3250,3587,1,1,2,49,75,124,8,0.20583,0.210902,0,0.000001,0.000001,53,0.000109,0,29,0,0.000105
48297,Live Oak County,,TX,803,9465,10268,2,4,6,196,380,576,6,0.27166,0.282928,0.166667,0.000258,0.000323,53,0.000083,0,29,0.916667,0.002165
48299,Llano County,,TX,1627,17256,18883,6,5,11,800,772,1572,6,0.324722,0.341598,0,0.003472,0.003266,53,0.000147,0,29,0.966667,0.031602
48301,Loving County,,TX,-2,-2,-4,0,0,0,0,0,0,0,0,0,0,0,0,162,0.000051,145,230,0,0
48303,Lubbock County,,TX,17371,268307,285678,74,62,136,13217,11410,24627,6,0.356785,0.386414,59094.501376,0.018268,0.019255,53,0.001495,0,29,0.275492,0.155251
48305,Lynn County,,TX,685,6287,6972,2,2,4,303,374,677,7,0.263011,0.273852,0,0.000157,0.000149,53,0.000105,0,29,1,0.001481
48307,McCulloch County,,TX,715,8526,9241,2,2,4,107,156,263,6,0.264706,0.275029,0,0.000204,0.000184,53,0.000091,0,29,1,0.001711
48309,McLennan County,,TX,13407,237617,251024,50,42,92,8697,8805,17502,6,0.358451,0.385305,2879.180394,0.015954,0.015977,53,0.000851,0,29,0.474843,0.135677
48311,McMullen County,,TX,80,831,911,0,0,0,0,0,0,0,0,0,0,0,0,163,0.000051,146,231,0,0
48313,Madison County,,TX,989,11301,12290,6,6,12,547,578,1125,6,0.320651,0.33742,0.9,0.001429,0.00166,53,0.000165,0,29,0.866667,0.01329
48315,Marion County,,TX,997,9667,10664,4,5,9,423,549,972,6,0.311638,0.327303,0.125,0.000962,0.00107,53,0.000112,0,29,0.9,0.008209
48317,Martin County,,TX,434,4816,5250,2,2,4,267,206,473,7,0.260683,0.270931,0,0.000147,0.000163,53,0.000093,0,29,1,0.001583
48319,Mason County,,TX,224,3939,4163,0,0,0,0,0,0,0,0,0,0,0,0,164,0.000051,147,232,0,0
48321,Matagorda County,,TX,2643,39252,41895,10,10,20,1201,1513,2714,6,0.325011,0.342598,31.689976,0.003045,0.003242,53,0.000228,0,29,0.709091,0.028765
48323,Maverick County,,TX,2869,64782,67651,17,9,26,1908,1411,3319,6,0.327383,0.345485,106.647071,0.006375,0.004603,53,0.000313,0,29,0.588235,0.056156
48325,Medina County,,TX,3350,44616,47966,6,8,14,2237,2133,4370,6,0.325229,0.342655,82.14712,0.001776,0.00317,53,0.000172,0,29,0.569444,0.015664
48327,Menard County,,TX,184,2167,2351,0,0,0,0,0,0,0,0,0,0,0,0,165,0.000051,148,233,0,0
48329,Midland County,,TX,10186,142857,153043,55,47,102,7982,7045,15027,6,0.352472,0.379755,28531.870601,0.015094,0.013906,53,0.0011,0,29,0.312084,0.128669
48331,Milam County,,TX,2039,26118,28157,6,7,13,738,1012,1750,6,0.323389,0.340832,5.427104,0.002656,0.003174,53,0.000142,0,29,0.833333,0.023175
48333,Mills County,,TX,397,4800,5197,0,1,1,0,67,67,7,0.248065,0.256103,0,0,0.000048,53,0.000051,0,234,0,0
48335,Mitchell County,,TX,563,7234,7797,3,3,6,179,148,327,7,0.265067,0.27591,1.158009,0.000066,0.000169,53,0.000108,0,29,0.666667,0.000838
48337,Montague County,,TX,1608,20635,22243,7,8,15,787,876,1663,6,0.317094,0.334105,560.462895,0.002313,0.002677,53,0.000177,0,29,0.732143,0.019838
48339,Montgomery County,,TX,32429,440402,472831,113,74,187,36055,24750,60805,5,0.370898,0.401457,9958.538452,0.044693,0.029628,53,0.00164,0,29,0.369118,0.33971
48341,Moore County,,TX,2053,23049,25102,11,7,18,875,792,1667,6,0.315824,0.332556,3384.912896,0.004206,0.001847,53,0.000267,0,29,0.474359,0.034779
48343,Morris County,,TX,1328,14360,15688,7,7,14,712,812,1524,6,0.311872,0.327904,4.823748,0.001034,0.001232,53,0.000179,0,29,0.75,0.009017
48345,Motley County,,TX,100,1073,1173,0,0,0,0,0,0,0,0,0,0,0,0,166,0.000051,149,235,0,0
48347,Nacogdoches County,,TX,4812,58090,62902,22,20,42,2526,3011,5537,6,0.325337,0.345393,1503.909446,0.00632,0.006578,53,0.000406,0,29,0.549231,0.056919
48349,Navarro County,,TX,3500,50111,53611,12,14,26,2007,2177,4184,6,0.324794,0.343907,12.730606,0.003977,0.005586,53,0.000245,0,29,0.752381,0.035188
48351,Newton County,,TX,961,12163,13124,4,4,8,534,457,991,6,0.32058,0.337077,0,0.001136,0.001248,53,0.000113,0,29,1,0.009922
48353,Nolan County,,TX,1460,16042,17502,7,8,15,438,672,1110,6,0.319002,0.336077,3818.779009,0.00209,0.002297,53,0.000177,0,29,0.569444,0.01772
48355,Nueces County,,TX,22394,348353,370747,77,77,154,15200,16287,31487,5,0.372747,0.403835,21470.573369,0.02809,0.029593,53,0.001176,0,29,0.36398,0.223449
48357,Ochiltree County,,TX,747,10947,11694,4,3,7,241,150,391,7,0.259154,0.269508,5866.532656,0.000178,0.00018,53,0.000206,0,29,0.25,0.00186
48359,Oldham County,,TX,257,2064,2321,1,2,3,41,103,144,7,0.259108,0.26928,0,0.000092,0.00018,53,0.000071,0,29,1,0.000813
48361,Orange County,,TX,7259,89966,97225,14,20,34,3368,4769,8137,6,0.327273,0.346856,92.715,0.003214,0.006563,53,0.000294,0,29,0.57381,0.030162
48363,Palo Pinto County,,TX,2226,28317,30543,8,9,17,1039,1232,2271,6,0.316819,0.333819,19.466513,0.002237,0.0026,53,0.000197,0,29,0.633333,0.019634
48365,Panola County,,TX,1765,25560,27325,8,9,17,829,966,1795,6,0.32418,0.342621,11.928358,0.002189,0.003343,53,0.000175,0,29,0.805556,0.019088
48367,Parker County,,TX,9850,117878,127728,27,21,48,8414,6679,15093,6,0.326467,0.346931,520.602453,0.009285,0.006361,53,0.000501,0,29,0.560606,0.077931
48369,Parmer County,,TX,1115,11050,12165,6,7,13,581,621,1202,7,0.265284,0.277859,562.521589,0.001237,0.000386,53,0.000161,0,29,0.607143,0.010142
48371,Pecos County,,TX,1267,14276,15543,6,6,12,418,496,914,6,0.292126,0.30643,274.583669,0.001767,0.000961,53,0.000195,0,29,0.642857,0.015233
48373,Polk County,,TX,5341,54485,59826,18,20,38,2365,2456,4821,6,0.342495,0.364689,340.512063,0.005642,0.006864,53,0.00035,0,29,0.601449,0.051614
48375,Potter County,,TX,13239,119521,132760,36,33,69,8638,9835,18473,6,0.347639,0.372891,35610.839417,0.010763,0.011478,53,0.000797,0,29,0.362626,0.089056
48377,Presidio County,,TX,1111,10560,11671,4,4,8,373,629,1002,6,0.291542,0.305287,0,0.000684,0.000823,53,0.000142,0,29,1,0.006689
48379,Rains County,,TX,940,9938,10878,4,5,9,469,526,995,6,0.311638,0.327303,0.125,0.000946,0.001033,53,0.000115,0,29,0.9,0.007844
48381,Randall County,,TX,11981,125143,137124,38,36,74,10375,8522,18897,6,0.335867,0.360202,39656.341813,0.011664,0.010621,53,0.000882,0,29,0.340426,0.096923
48383,Reagan County,,TX,374,3867,4241,0,0,0,0,0,0,0,0,0,0,0,0,167,0.000051,150,236,0,0
48385,Real County,,TX,265,3230,3495,1,0,1,45,0,45,0,0,0,0,0.000023,0,53,0.00007,0,0,0,0.000263
48387,Red River County,,TX,1021,13459,14480,3,4,7,333,530,863,6,0.311805,0.327446,12.979974,0.000103,0.000985,53,0.000112,0,29,0.65,0.000991
48389,Reeves County,,TX,749,11502,12251,4,3,7,318,321,639,7,0.260776,0.271246,0.333333,0.000672,0.000249,53,0.000149,0,29,0.85,0.006554
48391,Refugio County,,TX,611,8404,9015,3,2,5,172,217,389,6,0.271736,0.28287,0,0.000327,0.000279,53,0.000101,0,29,1,0.002749
48393,Roberts County,,TX,127,872,999,0,0,0,0,0,0,0,0,0,0,0,0,168,0.000051,151,237,0,0
48395,Robertson County,,TX,1620,16770,18390,3,5,8,658,877,1535,6,0.320722,0.33742,0.142857,0.001127,0.00173,53,0.0001,0,29,0.85,0.009789
48397,Rockwall County,,TX,6735,78058,84793,14,12,26,6718,4635,11353,6,0.327972,0.346828,16.160903,0.006501,0.006473,53,0.000259,0,29,0.852381,0.056078
48399,Runnels County,,TX,926,11337,12263,2,2,4,242,374,616,6,0.2697,0.280613,0,0.0003,0.00028,53,0.000083,0,29,1,0.002463
48401,Rusk County,,TX,3635,51505,55140,11,12,23,2186,2328,4514,6,0.324216,0.342993,10.657715,0.003524,0.004057,53,0.000224,0,29,0.787879,0.031042
48403,Sabine County,,TX,695,10793,11488,6,3,9,402,218,620,7,0.247391,0.255836,1.608333,0.001194,0.000066,53,0.000168,0,29,0.766667,0.01063
48405,San Augustine County,,TX,588,8709,9297,5,4,9,289,293,582,7,0.247664,0.256454,4.342963,0.001072,0.000115,53,0.000168,0,29,0.75,0.009686
48407,San Jacinto County,,TX,2392,22654,25046,6,5,11,1877,1620,3497,6,0.320616,0.337249,0.166667,0.001483,0.001552,53,0.00014,0,29,0.933333,0.013875
48409,San Patricio County,,TX,8257,74105,82362,18,21,39,4088,5037,9125,6,0.344071,0.366335,616.576751,0.006876,0.009178,53,0.000313,0,29,0.596667,0.057905
48411,San Saba County,,TX,418,5501,5919,0,1,1,0,62,62,7,0.248065,0.256103,0,0,0.000048,53,0.000051,0,238,0,0
48413,Schleicher County,,TX,299,3247,3546,1,0,1,51,0,51,0,0,0,0,0.000156,0,53,0.000067,0,27,0,0.001202
48415,Scurry County,,TX,1288,16739,18027,4,7,11,267,499,766,6,0.314495,0.33043,449.254303,0.001091,0.001496,53,0.000131,0,29,0.738095,0.009694
48417,Shackelford County,,TX,306,3560,3866,1,2,3,88,141,229,7,0.264995,0.275624,0,0.000144,0.000151,53,0.000066,0,29,1,0.00126
48419,Shelby County,,TX,1505,25806,27311,6,8,14,732,775,1507,6,0.322781,0.340506,619.848535,0.001092,0.002255,53,0.000168,0,29,0.571429,0.009857
48421,Sherman County,,TX,291,2847,3138,0,1,1,0,56,56,7,0.240082,0.247164,0,0,0.000034,53,0.000051,0,239,0,0
48423,Smith County,,TX,13718,217469,231187,61,55,116,10871,9660,20531,6,0.357222,0.386043,2881.179886,0.018951,0.017297,53,0.000985,0,29,0.391791,0.15696
48425,Somervell County,,TX,836,8282,9118,4,4,8,391,409,800,6,0.316612,0.332905,0.2,0.000903,0.001943,53,0.00014,0,29,0.9,0.00839
48427,Starr County,,TX,2695,67075,69770,7,6,13,1390,1687,3077,6,0.324866,0.341912,158.134361,0.003227,0.002552,53,0.000159,0,29,0.805556,0.028018
48429,Stephens County,,TX,762,8938,9700,4,3,7,225,149,374,6,0.31338,0.328144,122.646521,0.000946,0.001084,53,0.000125,0,29,0.666667,0.008496
48431,Sterling County,,TX,124,1148,1272,0,0,0,0,0,0,0,0,0,0,0,0,169,0.000051,152,240,0,0
48433,Stonewall County,,TX,111,1549,1660,0,0,0,0,0,0,0,0,0,0,0,0,170,0.000051,153,241,0,0
48435,Sutton County,,TX,594,4964,5558,2,3,5,134,202,336,6,0.268979,0.280464,0.425553,0.000227,0.000301,53,0.000078,0,29,0.666667,0.001666
48437,Swisher County,,TX,783,7668,8451,3,4,7,238,406,644,7,0.263462,0.275109,0,0.00021,0.000329,53,0.000105,0,29,1,0.001809
48439,Tarrant County,,TX,114939,1933303,2048242,394,318,712,115995,99975,215970,5,0.452725,0.50435,275574.771601,0.116056,0.098539,53,0.00532,0,29,0.147983,0.849651
48441,Taylor County,,TX,12453,138130,150583,52,56,108,6511,7308,13819,6,0.360445,0.389415,38416.995359,0.01792,0.017949,53,0.001027,0,29,0.379672,0.14629
48443,Terrell County,,TX,108,900,1008,0,0,0,0,0,0,0,0,0,0,0,0,171,0.000051,154,242,0,0
48445,Terry County,,TX,1053,12016,13069,4,3,7,444,489,933,7,0.263058,0.274081,214.213708,0.000952,0.000151,53,0.000131,0,29,0.5,0.008568
48447,Throckmorton County,,TX,126,1626,1752,0,0,0,0,0,0,0,0,0,0,0,0,172,0.000051,155,243,0,0
48449,Titus County,,TX,2202,33072,35274,11,12,23,1214,1212,2426,6,0.31706,0.334534,132.254416,0.00274,0.002787,53,0.000253,0,29,0.528571,0.02384
48451,Tom Green County,,TX,10209,115360,125569,50,48,98,5122,5410,10532,5,0.359689,0.387163,27520.463219,0.0169,0.019398,53,0.000934,0,29,0.3812,0.138981
48453,Travis County,,TX,83317,980539,1063856,290,209,499,80441,72193,152634,5,0.427441,0.471553,85160.663323,0.102868,0.079452,53,0.003748,0,29,0.229038,0.748706
48455,Trinity County,,TX,1230,13556,14786,6,6,12,742,697,1439,6,0.320651,0.33742,0.678788,0.001362,0.001596,53,0.000161,0,29,0.866667,0.012821
48457,Tyler County,,TX,1437,19016,20453,9,7,16,911,875,1786,6,0.320686,0.337591,1.655357,0.00148,0.001363,53,0.000191,0,29,0.791667,0.01337
48459,Upshur County,,TX,3508,38537,42045,11,12,23,2317,2409,4726,6,0.316888,0.334276,101.906139,0.002922,0.002794,53,0.000227,0,29,0.589744,0.025785
48461,Upton County,,TX,341,3399,3740,2,1,3,81,41,122,7,0.257098,0.266353,0,0.000187,0.000114,53,0.000095,0,29,1,0.002157
48463,Uvalde County,,TX,1894,29045,30939,7,8,15,619,828,1447,6,0.324866,0.34217,3038.657189,0.002479,0.002864,53,0.000181,0,29,0.444444,0.022142
48465,Val Verde County,,TX,4568,53658,58226,11,19,30,1465,1905,3370,6,0.347184,0.370319,4430.038334,0.005537,0.008828,53,0.000234,0,29,0.608225,0.04844
48467,Van Zandt County,,TX,3958,52087,56045,13,11,24,2524,2538,5062,6,0.316888,0.334162,9.583777,0.004057,0.003581,53,0.000255,0,29,0.814103,0.035999
48469,Victoria County,,TX,5721,97153,102874,27,28,55,3859,3874,7733,6,0.330275,0.351629,7038.889136,0.006661,0.008588,53,0.000578,0,29,0.443548,0.061056
48471,Walker County,,TX,4882,47399,52281,19,17,36,3267,3315,6582,6,0.328934,0.348685,149.430983,0.005841,0.00691,53,0.000368,0,29,0.594737,0.05229
48473,Waller County,,TX,3479,36326,39805,8,7,15,2543,2468,5011,6,0.320686,0.337591,10.828501,0.002985,0.002152,53,0.000202,0,29,0.763889,0.02823
48475,Ward County,,TX,996,11579,12575,4,3,7,306,349,655,7,0.260776,0.271246,0.583333,0.000196,0.00024,53,0.000144,0,29,0.7,0.00246
48477,Washington County,,TX,1946,34519,36465,11,9,20,1180,1127,2307,6,0.321393,0.338706,21.774914,0.003194,0.002919,53,0.000262,0,29,0.590909,0.030858
48479,Webb County,,TX,7920,270562,278482,28,21,49,4513,4929,9442,6,0.350776,0.373771,10575.917202,0.012919,0.01078,53,0.000527,0,29,0.566667,0.102591
48481,Wharton County,,TX,2516,46538,49054,8,9,17,1401,1636,3037,6,0.324433,0.341855,17.513011,0.001516,0.002771,53,0.000204,0,29,0.652778,0.014993
48483,Wheeler County,,TX,434,5730,6164,1,2,3,52,90,142,7,0.251488,0.26098,0,0.000025,0.000109,53,0.000075,0,29,1,0.000226
48485,Wichita County,,TX,11792,130794,142586,38,56,94,4380,6448,10828,6,0.362596,0.392467,21347.22171,0.01574,0.019605,53,0.0007,0,29,0.389071,0.128251
48487,Wilbarger County,,TX,1109,14358,15467,3,4,7,303,358,661,6,0.316957,0.333419,3151.296758,0.000949,0.001954,53,0.000106,0,29,0.583333,0.00816
48489,Willacy County,,TX,1155,20458,21613,3,5,8,561,725,1286,6,0.325084,0.342055,0,0.001302,0.002671,53,0.000098,0,29,1,0.012082
48491,Williamson County,,TX,38780,426327,465107,133,87,220,41679,30921,72600,5,0.377622,0.410019,9984.975001,0.05595,0.03699,53,0.001819,0,29,0.393834,0.422924
48493,Wilson County,,TX,3217,44109,47326,5,8,13,2036,2140,4176,6,0.325156,0.342541,53.584884,0.002078,0.00331,53,0.000129,0,29,0.75,0.01813
48495,Winkler County,,TX,586,7630,8216,1,3,4,113,243,356,7,0.260776,0.271246,0,0.000075,0.000236,53,0.000075,0,29,1,0.001019
48497,Wise County,,TX,4989,60440,65429,13,11,24,3436,3221,6657,6,0.324469,0.34325,101.3289,0.004117,0.004526,53,0.000279,0,29,0.673077,0.036157
48499,Wood County,,TX,3106,42032,45138,13,15,28,1986,1965,3951,6,0.324252,0.343421,132.231258,0.003976,0.004667,53,0.00026,0,29,0.657143,0.035187
48501,Yoakum County,,TX,679,8990,9669,3,4,7,169,277,446,7,0.263748,0.275544,0,0.000215,0.000344,7,0.000111,0,29,1,0.002157
48503,Young County,,TX,1228,19488,20716,8,5,13,549,343,892,6,0.312406,0.327772,445.699801,0.00233,0.001147,53,0.00021,0,29,0.611111,0.020223
48505,Zapata County,,TX,518,13462,13980,3,2,5,254,219,473,6,0.268979,0.279321,0,0.000301,0.000413,53,0.000114,0,29,1,0.003564
48507,Zavala County,,TX,908,11617,12525,3,4,7,221,445,666,6,0.311007,0.325143,1,0.000806,0.000956,53,0.000118,0,29,0.75,0.006964
49001,Beaver County,,UT,443,7355,7798,3,1,4,192,100,292,7,0.251011,0.258791,0,0.001103,0.000048,7,0.000095,0,29,1,0.008492
49003,Box Elder County,,UT,3639,57927,61566,7,8,15,2498,2416,4914,6,0.2992,0.31326,2948,0.00337,0.001399,7,0.000135,0,29,0.8,0.025761
49005,Cache County,,UT,8991,116616,125607,30,25,55,5805,5454,11259,6,0.342615,0.364781,3147.58807,0.007745,0.00732,7,0.000504,0,29,0.4082,0.059268
49007,Carbon County,,UT,1459,22639,24098,7,7,14,803,677,1480,6,0.298587,0.312649,6.882896,0.001468,0.001251,7,0.000148,0,29,0.708333,0.011413
49009,Daggett County,,UT,62,906,968,0,0,0,0,0,0,0,0,0,0,0,0,173,0.000051,156,244,0,0
49011,Davis County,,UT,27525,338864,366389,60,60,120,21270,20849,42119,5,0.364227,0.393158,5824.977454,0.023561,0.024423,7,0.000862,0,29,0.428915,0.184883
49013,Duchesne County,,UT,1120,19340,20460,8,3,11,1256,558,1814,6,0.298007,0.311163,0.111111,0.002274,0.000941,7,0.000167,0,29,0.875,0.017562
49015,Emery County,,UT,756,11960,12716,3,4,7,375,414,789,6,0.298099,0.311448,0,0.000948,0.00098,7,0.000091,0,29,0.916667,0.007133
49017,Garfield County,,UT,417,5259,5676,1,1,2,63,83,146,7,0.251033,0.258849,0,0.000097,0.000048,7,0.000061,0,29,1,0.000695
49019,Grand County,,UT,846,9915,10761,2,3,5,141,219,360,6,0.297187,0.310471,1.277639,0.000667,0.00073,7,0.000083,0,29,0.666667,0.005519
49021,Iron County,,UT,4030,38215,42245,17,13,30,2807,2373,5180,6,0.335095,0.354635,6096.381412,0.006009,0.003544,7,0.000373,0,29,0.513072,0.044467
49023,Juab County,,UT,766,10796,11562,3,2,5,488,424,912,6,0.297977,0.310991,0,0.000948,0.000912,7,0.000091,0,29,1,0.007183
49025,Kane County,,UT,720,6890,7610,3,5,8,227,352,579,6,0.322388,0.338889,0.111111,0.001205,0.001825,7,0.00008,0,29,0.9,0.008925
49027,Millard County,,UT,907,13740,14647,4,4,8,369,383,752,6,0.298129,0.311505,0,0.001064,0.001041,7,0.000108,0,29,1,0.008093
49029,Morgan County,,UT,804,10541,11345,3,3,6,477,500,977,6,0.297612,0.310625,0,0.000872,0.000887,7,0.000086,0,29,1,0.006838
49031,Piute County,,UT,92,1491,1583,0,0,0,0,0,0,0,0,0,0,0,0,174,0.000051,157,245,0,0
49033,Rich County,,UT,233,2299,2532,0,0,0,0,0,0,0,0,0,0,0,0,175,0.000051,158,246,0,0
49035,Salt Lake County,,UT,60077,1178477,1238554,188,186,374,48591,49746,98337,5,0.421997,0.463495,90214.16158,0.073243,0.06942,7,0.002512,0,29,0.281909,0.541662
49037,San Juan County,,UT,1256,10255,11511,7,4,11,592,538,1130,6,0.297521,0.311014,4.623476,0.001217,0.000789,7,0.000152,0,29,0.52381,0.009592
49039,Sanpete County,,UT,1836,25649,27485,8,8,16,1198,1180,2378,6,0.299016,0.312917,24.188231,0.002312,0.001318,7,0.000165,0,29,0.805556,0.017803
49041,Sevier County,,UT,1425,22465,23890,7,7,14,818,766,1584,6,0.322495,0.339289,11.700361,0.002247,0.002123,7,0.000147,0,29,0.982143,0.017229
49043,Summit County,,UT,3756,41275,45031,12,11,23,1947,1952,3899,6,0.340455,0.360237,38.977215,0.008062,0.006327,7,0.000179,0,29,0.851648,0.060434
49045,Tooele County,,UT,4651,63705,68356,11,12,23,3496,2808,6304,6,0.339188,0.359008,23.972333,0.00531,0.004673,7,0.000188,0,29,0.775641,0.039402
49047,Uintah County,,UT,2228,32039,34267,13,7,20,1790,895,2685,6,0.299292,0.31326,115.470714,0.003633,0.001395,7,0.000285,0,29,0.653846,0.028674
49049,Utah County,,UT,34752,516680,551432,113,121,234,28459,26700,55159,5,0.394694,0.431819,31194.147544,0.040349,0.047416,7,0.001612,0,29,0.337704,0.31421
49051,Wasatch County,,UT,2293,24119,26412,7,8,15,1562,1367,2929,6,0.322531,0.33946,9.720995,0.00334,0.002168,7,0.00013,0,29,0.833333,0.025515
49053,Washington County,,UT,11180,140260,151440,29,39,68,6833,7573,14406,6,0.349682,0.37524,4694.102247,0.010076,0.012117,7,0.000458,0,29,0.376887,0.075422
49055,Wayne County,,UT,289,2835,3124,1,1,2,42,51,93,6,0.296794,0.309556,0,0.000557,0.000588,7,0.000062,0,29,0,0.004366
49057,Weber County,,UT,16773,259614,276387,32,33,65,13868,11956,25824,6,0.350903,0.375897,1237.04892,0.013668,0.014819,7,0.000458,0,29,0.565854,0.105257
50001,Addison County,,VT,2391,43504,45895,5,7,12,1000,1205,2205,6,0.29413,0.309711,54.551414,0.000206,0.000939,55,0.000134,0,29,0.571429,0.001663
50003,Bennington County,,VT,2043,44299,46342,5,9,14,642,828,1470,6,0.294308,0.310282,27.356325,0.000186,0.00108,113,0.000106,0,29,0.513889,0.001423
50005,Caledonia County,,VT,1965,36523,38488,8,8,16,977,1072,2049,6,0.264154,0.275251,1427.38762,0.000238,0.000202,55,0.00021,0,29,0.472222,0.00216
50007,Chittenden County,,VT,10719,181938,192657,45,48,93,6132,6104,12236,5,0.358275,0.385191,40043.854854,0.016912,0.020732,55,0.000575,0,29,0.435017,0.116051
50009,Essex County,,VT,621,7296,7917,3,3,6,303,294,597,7,0.216771,0.223343,3.094141,0.000008,0.000006,55,0.000112,0,29,0.5,0.000339
50011,Franklin County,,VT,2580,59174,61754,8,6,14,1545,1338,2883,6,0.264298,0.275074,22.451427,0.000212,0.000152,55,0.000205,0,29,0.472222,0.001902
50013,Grand Isle County,,VT,818,8829,9647,2,2,4,372,475,847,6,0.26382,0.273765,0,0.000168,0.000137,55,0.00009,0,29,1,0.001128
50015,Lamoille County,,VT,1863,29477,31340,5,5,10,861,885,1746,6,0.263915,0.274337,0.833333,0.000179,0.000149,55,0.000157,0,29,0.85,0.001513
50017,Orange County,,VT,2366,34934,37300,7,6,13,1460,1364,2824,6,0.264562,0.275572,4.891163,0.00027,0.000263,55,0.000151,0,29,0.607143,0.002274
50019,Orleans County,,VT,1452,32803,34255,6,6,12,533,598,1131,6,0.264035,0.274737,1200.928089,0.000178,0.000168,55,0.000189,0,29,0.571429,0.001603
50021,Rutland County,,VT,3366,76309,79675,8,12,20,1146,1333,2479,6,0.295531,0.311717,245.641985,0.00084,0.001269,55,0.000155,0,29,0.435897,0.005609
50023,Washington County,,VT,3935,72743,76678,11,11,22,1869,1919,3788,6,0.294248,0.310397,691.662895,0.000996,0.000988,55,0.000232,0,29,0.477273,0.007778
50025,Windham County,,VT,3079,53090,56169,9,11,20,1200,1323,2523,6,0.295321,0.311471,307.486761,0.001615,0.002096,55,0.000142,0,29,0.545455,0.011113
50027,Windsor County,,VT,4661,69783,74444,15,13,28,2283,2513,4796,6,0.305692,0.322194,564.51976,0.002538,0.002503,55,0.000235,0,29,0.431373,0.016783
51001,Accomack County,,VA,1839,37924,39763,5,7,12,525,622,1147,6,0.296191,0.311037,21.435813,0.000809,0.001427,54,0.000121,0,29,0.357143,0.006062
51003,Albemarle County,,VA,10300,98608,108908,38,38,76,5379,6399,11778,5,0.360713,0.386946,26276.472324,0.015226,0.017341,54,0.000599,0,29,0.464734,0.115509
51005,Alleghany County,,VA,724,18858,19582,3,3,6,240,226,466,7,0.242092,0.250786,5905.307235,0.000001,0.000029,54,0.000162,0,29,0.15,0.000273
51007,Amelia County,,VA,891,14696,15587,5,4,9,567,469,1036,6,0.279954,0.292261,4.390689,0.000978,0.000536,54,0.000128,0,29,0.85,0.006914
51009,Amherst County,,VA,2086,35982,38068,5,5,10,1316,1275,2591,7,0.242515,0.251712,21.765436,0.000054,0.000053,54,0.000179,0,29,0.6,0.000884
51011,Appomattox County,,VA,951,17240,18191,5,5,10,574,512,1086,7,0.242495,0.251655,40.070159,0.00006,0.000044,54,0.000174,0,29,0.466667,0.000879
51013,Arlington County,,VA,38485,215322,253807,149,97,246,32415,31521,63936,5,0.393363,0.427458,8022.215876,0.074817,0.05471,54,0.001511,0,29,0.487016,0.522529
51015,Augusta County,,VA,4156,86076,90232,8,8,16,2777,2336,5113,6,0.30818,0.323897,10796.675005,0.001022,0.001057,54,0.000262,0,29,0.517857,0.008278
51017,Bath County,,VA,386,5627,6013,0,1,1,0,40,40,8,0.194961,0.199458,0,0,0,54,0.000051,0,247,0,0
51019,Bedford County,,VA,4704,79031,83735,13,12,25,3513,2922,6435,6,0.261337,0.272537,4143.563972,0.001704,0.000167,54,0.000362,0,29,0.406593,0.013079
51021,Bland County,,VA,409,6974,7383,2,3,5,97,188,285,7,0.235161,0.243165,88.998286,0.000008,0.000001,50,0.000106,0,29,0.333333,0.000214
51023,Botetourt County,,VA,2518,39815,42333,8,7,15,1617,1481,3098,6,0.26108,0.271393,821.308672,0.00016,0.000144,54,0.000311,0,29,0.553571,0.001893
51025,Brunswick County,,VA,1156,17382,18538,4,4,8,326,462,788,7,0.233973,0.241298,2049.809273,0.000253,0.000023,54,0.000135,0,29,0.3,0.002107
51027,Buchanan County,,VA,1031,23512,24543,6,4,10,421,522,943,8,0.195626,0.201064,298.471079,0.000007,0.000001,50,0.000301,0,29,0.3,0.000613
51029,Buckingham County,,VA,773,15737,16510,5,4,9,405,307,712,6,0.26538,0.275692,15.260563,0.000233,0.000147,54,0.000145,0,29,0.4,0.002
51031,Campbell County,,VA,4208,62253,66461,7,7,14,2595,2719,5314,7,0.242636,0.252255,43.317428,0.000061,0.000049,54,0.000244,0,29,0.47619,0.001059
51033,Caroline County,,VA,2923,32271,35194,10,10,20,2004,1784,3788,6,0.308866,0.325183,10.999387,0.002666,0.002425,54,0.000171,0,29,0.781818,0.0202
51035,Carroll County,,VA,1322,31774,33096,4,4,8,554,536,1090,7,0.236708,0.244488,3873.791233,0.000022,0.000019,114,0.000168,0,29,0.416667,0.000533
51036,Charles City County,,VA,535,8407,8942,3,2,5,234,224,458,6,0.281875,0.293513,0,0.000743,0.000393,54,0.000091,0,29,1,0.005188
51037,Charlotte County,,VA,721,13908,14629,3,3,6,181,222,403,7,0.234254,0.24163,10.454755,0.000022,0.000022,54,0.00013,0,29,0.25,0.000454
51041,Chesterfield County,,VA,26438,368536,394974,91,99,190,19418,19693,39111,5,0.384646,0.419467,54412.960129,0.03861,0.043632,54,0.001198,0,29,0.394032,0.276891
51043,Clarke County,,VA,1250,15535,16785,4,6,10,666,785,1451,6,0.308082,0.323314,0.166667,0.001269,0.001477,54,0.000115,0,29,0.966667,0.010094
51045,Craig County,,VA,357,5643,6000,2,3,5,110,151,261,7,0.243324,0.251929,0,0.000067,0.00006,54,0.00009,0,29,1,0.000647
51047,Culpeper County,,VA,4345,50582,54927,13,15,28,2509,2756,5265,6,0.309226,0.326383,1810.979501,0.002263,0.003054,54,0.000259,0,29,0.545833,0.018731
51049,Cumberland County,,VA,669,10456,11125,5,5,10,370,334,704,6,0.280088,0.292661,46.43616,0.000597,0.000541,54,0.000152,0,29,0.6,0.004311
51051,Dickenson County,,VA,591,15257,15848,3,3,6,201,268,469,8,0.195797,0.201156,8.989013,0.000001,0.000001,50,0.000202,0,29,0.666667,0.000316
51053,Dinwiddie County,,VA,2192,31017,33209,10,9,19,1504,1371,2875,6,0.284516,0.297965,926.90259,0.001062,0.00099,54,0.00025,0,29,0.6,0.007983
51057,Essex County,,VA,773,12722,13495,6,5,11,429,276,705,6,0.282148,0.294399,1689.55888,0.000431,0.000419,54,0.0002,0,29,0.366667,0.003568
51059,Fairfax County,,VA,108523,1198588,1307111,314,292,606,95970,95304,191274,5,0.443971,0.494153,241579.046216,0.111998,0.105409,54,0.003614,0,29,0.207415,0.798206
51061,Fauquier County,,VA,5378,73712,79090,18,16,34,3727,3467,7194,6,0.309719,0.326972,3624.127717,0.006311,0.003881,54,0.000315,0,29,0.559524,0.05046
51063,Floyd County,,VA,908,16636,17544,3,3,6,342,374,716,6,0.259085,0.268341,0.25,0.000125,0.000102,54,0.000112,0,29,0.916667,0.001013
51065,Fluvanna County,,VA,1992,28392,30384,7,8,15,1183,985,2168,6,0.284266,0.297628,286.667655,0.001457,0.00091,54,0.000168,0,29,0.625,0.011173
51067,Franklin County,,VA,2930,60822,63752,10,8,18,1656,1459,3115,7,0.24369,0.253473,2667.870979,0.001015,0.000082,54,0.000282,0,29,0.427273,0.008441
51069,Frederick County,,VA,6736,89268,96004,16,12,28,5193,4187,9380,6,0.308637,0.324914,5723.444962,0.003411,0.002094,54,0.000315,0,29,0.470588,0.026545
51071,Giles County,,VA,931,19482,20413,4,4,8,462,480,942,6,0.260846,0.27061,1472.997198,0.000098,0.000064,54,0.000153,0,29,0.333333,0.000884
51073,Gloucester County,,VA,2782,43776,46558,11,10,21,1803,1334,3137,6,0.29749,0.313512,4911.417812,0.00202,0.002015,54,0.000237,0,29,0.538462,0.013616
51075,Goochland County,,VA,1358,23157,24515,5,5,10,1060,741,1801,6,0.2841,0.296914,0,0.001007,0.000946,54,0.000114,0,29,1,0.007157
51077,Grayson County,,VA,776,16768,17544,3,4,7,249,345,594,7,0.208256,0.214113,55.497805,0.000001,0.000001,114,0.000152,0,29,0.5,0.000288
51079,Greene County,,VA,1431,20860,22291,5,6,11,862,707,1569,6,0.266277,0.277,2.91272,0.000238,0.000231,54,0.00014,0,29,0.766667,0.002055
51081,Greensville County,,VA,472,9360,9832,3,2,5,186,96,282,7,0.217807,0.223855,0.889624,0.000003,0.000003,54,0.000212,0,29,0.5,0.000322
51083,Halifax County,,VA,1453,39657,41110,6,6,12,436,476,912,6,0.281196,0.294227,464.348932,0.00004,0.000505,114,0.000225,0,29,0.285714,0.000896
51085,Hanover County,,VA,7246,117763,125009,13,17,30,4625,4732,9357,6,0.315892,0.335351,505.232734,0.003102,0.00405,54,0.000249,0,29,0.470588,0.023099
51087,Henrico County,,VA,28900,349213,378113,107,103,210,23231,22744,45975,5,0.39241,0.426829,63070.470421,0.047197,0.047607,54,0.001421,0,29,0.421217,0.338239
51089,Henry County,,VA,2882,62161,65043,7,8,15,1338,1623,2961,6,0.281386,0.294747,1512.037131,0.000441,0.000524,114,0.000218,0,29,0.392857,0.004356
51091,Highland County,,VA,141,2778,2919,0,0,0,0,0,0,0,0,0,0,0,0,176,0.000051,159,248,0,0
51093,Isle of Wight County,,VA,3127,42030,45157,11,11,22,2075,1784,3859,6,0.296673,0.312197,2789.360399,0.002206,0.00194,54,0.00021,0,29,0.627273,0.014602
51095,James City County,,VA,5723,74908,80631,22,17,39,3780,2560,6340,6,0.31244,0.330727,384.969301,0.008452,0.005711,54,0.000301,0,29,0.664032,0.061901
51097,King and Queen County,,VA,566,7254,7820,3,4,7,240,265,505,6,0.282093,0.29417,6.791363,0.000025,0.000407,54,0.000124,0,29,0.583333,0.000477
51099,King George County,,VA,2709,26308,29017,11,12,23,1500,1415,2915,5,0.331778,0.350171,215.048976,0.002936,0.004523,54,0.000193,0,29,0.648352,0.022259
51101,King William County,,VA,1350,19306,20656,7,7,14,1077,801,1878,6,0.282586,0.29537,771.482859,0.001055,0.000705,54,0.000157,0,29,0.569444,0.007767
51103,Lancaster County,,VA,712,13849,14561,2,2,4,136,140,276,7,0.220142,0.22599,7.890934,0.000003,0.000016,54,0.000165,0,29,0,0.000291
51105,Lee County,,VA,833,22651,23484,3,4,7,322,330,652,7,0.238528,0.246488,25.228246,0.000004,0.000028,50,0.000157,0,29,0.5,0.000332
51107,Loudoun County,,VA,28936,346358,375294,110,92,202,28050,20289,48339,5,0.385918,0.419547,14008.182624,0.055993,0.048626,54,0.001224,0,29,0.493182,0.397872
51109,Louisa County,,VA,2438,36246,38684,13,12,25,1764,1318,3082,6,0.286303,0.30072,95.449171,0.002361,0.001479,54,0.000236,0,29,0.576923,0.018048
51111,Lunenburg County,,VA,677,12109,12786,3,4,7,219,268,487,7,0.234048,0.241441,3.118983,0.000252,0.000029,54,0.000107,0,29,0.55,0.001967
51113,Madison County,,VA,998,14958,15956,4,4,8,508,489,997,6,0.265405,0.275777,1.279052,0.000182,0.000158,54,0.000117,0,29,0.833333,0.00158
51115,Mathews County,,VA,569,10264,10833,1,3,4,157,222,379,6,0.280736,0.292427,0,0.000016,0.000319,54,0.000071,0,29,0.833333,0.000202
51117,Mecklenburg County,,VA,1692,34773,36465,10,8,18,761,684,1445,6,0.305021,0.320302,9281.107834,0.001736,0.00177,54,0.000248,0,29,0.244444,0.013573
51119,Middlesex County,,VA,741,12008,12749,6,3,9,404,190,594,6,0.282066,0.293999,4004.014213,0.001113,0.000395,54,0.000191,0,29,0.433333,0.007572
51121,Montgomery County,,VA,7828,77538,85366,26,30,56,3317,3872,7189,5,0.349431,0.373022,37509.28819,0.00774,0.011175,54,0.000527,0,29,0.444129,0.060374
51125,Nelson County,,VA,953,17167,18120,6,5,11,540,461,1001,6,0.266447,0.277086,682.328815,0.00107,0.000194,54,0.000171,0,29,0.533333,0.008355
51127,New Kent County,,VA,1366,20870,22236,9,8,17,1274,759,2033,6,0.287659,0.301663,22.270418,0.001771,0.001303,54,0.000175,0,29,0.644444,0.011939
51131,Northampton County,,VA,790,14051,14841,2,3,5,232,306,538,6,0.29577,0.309837,0,0.000658,0.000998,54,0.000073,0,29,0.833333,0.004456
51133,Northumberland County,,VA,686,14462,15148,4,3,7,266,248,514,7,0.224705,0.23145,2866.70551,0.000854,0.000015,54,0.000211,0,29,0.25,0.006833
51135,Nottoway County,,VA,1050,16051,17101,5,7,12,458,531,989,6,0.284155,0.297285,609.714251,0.000593,0.000928,54,0.000146,0,29,0.595238,0.004303
51137,Orange County,,VA,3018,38233,41251,14,12,26,2215,1819,4034,6,0.308245,0.324468,569.955505,0.001945,0.002043,54,0.000264,0,29,0.505495,0.016172
51139,Page County,,VA,1260,27904,29164,4,4,8,492,550,1042,7,0.238216,0.246454,2.918468,0.000063,0.000053,54,0.000136,0,29,0.666667,0.000803
51141,Patrick County,,VA,845,19648,20493,2,4,6,329,358,687,7,0.23665,0.244585,24.274323,0.000026,0.00003,114,0.000093,0,29,0.416667,0.000378
51143,Pittsylvania County,,VA,3317,72105,75422,10,9,19,2118,1948,4066,6,0.281549,0.29509,712.044085,0.000471,0.000532,114,0.000295,0,29,0.377778,0.004867
51145,Powhatan County,,VA,1656,30528,32184,6,5,11,1293,937,2230,6,0.284044,0.296828,9.215162,0.001004,0.000915,54,0.00015,0,29,0.7,0.007186
51147,Prince Edward County,,VA,1403,19049,20452,8,8,16,607,625,1232,6,0.284294,0.297685,2397.557222,0.000976,0.000914,54,0.000218,0,29,0.291667,0.007197
51149,Prince George County,,VA,5047,34655,39702,18,15,33,3243,2749,5992,5,0.331892,0.3512,2149.715319,0.005371,0.005827,54,0.000316,0,29,0.539474,0.041561
51153,Prince William County,,VA,47546,433160,480706,152,129,281,47091,38345,85436,5,0.397926,0.435014,28236.57857,0.066921,0.060998,54,0.001753,0,29,0.376321,0.483596
51155,Pulaski County,,VA,1960,37690,39650,6,6,12,1094,976,2070,6,0.261337,0.271405,78.627,0.000166,0.0001,54,0.0002,0,29,0.5,0.001573
51157,Rappahannock County,,VA,690,8412,9102,3,3,6,245,308,553,7,0.236784,0.244539,0.285714,0.000074,0.000084,54,0.000102,0,29,0.833333,0.000948
51159,Richmond County,,VA,635,8540,9175,3,3,6,293,286,579,7,0.226011,0.233051,5.209109,0.000011,0.000025,54,0.000175,0,29,0.666667,0.000478
51161,Roanoke County,,VA,8549,108897,117446,16,18,34,5529,5738,11267,6,0.317509,0.3369,9354.360308,0.003916,0.004253,54,0.000381,0,29,0.429825,0.030106
51163,Rockbridge County,,VA,1406,24808,26214,6,4,10,579,514,1093,7,0.236228,0.243813,11738.425566,0.000043,0.000009,54,0.000342,0,29,0.2,0.000871
51165,Rockingham County,,VA,4620,90874,95494,8,8,16,2792,2517,5309,6,0.30805,0.323668,4215.075449,0.000894,0.001065,54,0.000227,0,29,0.444444,0.007429
51167,Russell County,,VA,1019,28175,29194,6,6,12,823,597,1420,7,0.238918,0.247168,2269.830798,0.000019,0.000026,50,0.000347,0,29,0.566667,0.000829
51169,Scott County,,VA,1033,23586,24619,4,5,9,570,692,1262,7,0.241151,0.25006,86.551082,0.000023,0.000085,50,0.000195,0,29,0.7,0.000651
51171,Shenandoah County,,VA,2964,48969,51933,12,9,21,1556,1498,3054,6,0.308441,0.324228,1803.732803,0.00188,0.001557,54,0.000276,0,29,0.537879,0.015658
51173,Smyth County,,VA,1343,35453,36796,3,4,7,601,610,1211,7,0.238723,0.246734,457.46939,0.000001,0.000026,50,0.000163,0,29,0.4,0.000309
51175,Southampton County,,VA,1202,19514,20716,5,7,12,576,634,1210,6,0.29586,0.310465,138.658214,0.000971,0.00138,54,0.000118,0,29,0.833333,0.006832
51177,Spotsylvania County,,VA,13118,138157,151275,31,31,62,8945,8711,17656,5,0.348138,0.372011,1359.356321,0.01084,0.012268,54,0.000437,0,29,0.545045,0.082808
51179,Stafford County,,VA,16770,136686,153456,58,46,104,12134,11845,23979,5,0.358099,0.384934,4689.560606,0.028539,0.021749,54,0.000722,0,29,0.538402,0.213719
51181,Surry County,,VA,530,7718,8248,3,2,5,201,92,293,7,0.229588,0.236973,18.215355,0.000381,0.000021,54,0.000118,0,29,0.333333,0.002521
51183,Sussex County,,VA,1019,11377,12396,7,7,14,437,535,972,6,0.278404,0.291261,10114.421217,0.000431,0.000387,54,0.000349,0,29,0.333333,0.003395
51185,Tazewell County,,VA,2116,45097,47213,6,5,11,966,944,1910,7,0.242112,0.251032,1194.04059,0.000008,0.000026,50,0.000288,0,29,0.357143,0.000606
51187,Warren County,,VA,3086,42505,45591,11,11,22,1591,1737,3328,6,0.308148,0.324154,2653.960027,0.001866,0.002258,54,0.00026,0,29,0.544872,0.01553
51191,Washington County,,VA,3059,58131,61190,9,8,17,1712,1753,3465,7,0.241811,0.251306,5385.196913,0.000055,0.000082,50,0.000456,0,29,0.347222,0.001542
51193,Westmoreland County,,VA,1372,19523,20895,11,8,19,889,716,1605,6,0.289602,0.303847,6567.610232,0.001889,0.000937,54,0.000289,0,29,0.484848,0.015228
51195,Wise County,,VA,1785,39943,41728,9,10,19,938,1055,1993,7,0.243,0.253233,11103.315393,0.000057,0.000085,50,0.000444,0,29,0.266667,0.001519
51197,Wythe County,,VA,1581,32906,34487,6,6,12,602,644,1246,6,0.260032,0.270085,7658.777636,0.000091,0.000064,50,0.000227,0,29,0.166667,0.001048
51199,York County,,VA,10080,74293,84373,21,33,54,5001,5542,10543,5,0.348846,0.373331,1976.945142,0.009557,0.014179,54,0.000299,0,29,0.564723,0.070633
51510,Alexandria city,,VA,28595,143857,172452,97,63,160,24407,22583,46990,5,0.377232,0.40755,2664.084035,0.055602,0.037653,54,0.001024,0,29,0.627356,0.396223
51515,Bedford city,,VA,642,6851,7493,3,3,6,283,335,618,7,0.242112,0.250969,6.782862,0.000052,0.000042,54,0.00012,0,29,0.833333,0.000627
51520,Bristol city,,VA,1885,17542,19427,4,2,6,1324,1196,2520,7,0.238216,0.245602,0,0.000054,0.000025,50,0.000198,0,29,0.75,0.001042
51530,Buena Vista city,,VA,641,6848,7489,2,2,4,333,288,621,8,0.191113,0.195172,0,0,0,54,0.000214,0,29,1,0.000192
51540,Charlottesville city,,VA,6236,37756,43992,21,21,42,3542,3668,7210,5,0.346072,0.36829,7369.682822,0.007573,0.009259,54,0.000355,0,29,0.487692,0.058358
51550,Chesapeake city,,VA,25483,246660,272143,61,64,125,19123,17900,37023,5,0.371986,0.401503,10134.294492,0.027909,0.029331,54,0.000713,0,29,0.479152,0.200482
51570,Colonial Heights city,,VA,2478,20372,22850,7,7,14,1669,1555,3224,6,0.284377,0.297451,0,0.001051,0.000984,54,0.000164,0,29,1,0.007637
51580,Covington city,,VA,504,7155,7659,1,2,3,122,201,323,7,0.242072,0.250615,0,0,0.000027,54,0.000096,0,29,0.5,0.000092
51590,Danville city,,VA,3061,46265,49326,8,6,14,1588,1665,3253,6,0.281359,0.294347,388.922693,0.000772,0.000517,114,0.000235,0,29,0.430556,0.006424
51595,Emporia city,,VA,518,6512,7030,3,2,5,224,96,320,7,0.217807,0.223855,0.889624,0.000003,0.000003,54,0.000212,0,29,0.5,0.000322
51600,Fairfax city,,VA,3869,24869,28738,9,8,17,2485,2680,5165,6,0.308866,0.324743,0.144082,0.00435,0.004453,54,0.000158,0,29,0.986111,0.035312
51610,Falls Church city,,VA,2042,11849,13891,7,7,14,1405,1212,2617,6,0.308833,0.324571,0,0.003756,0.004415,54,0.000133,0,29,1,0.03095
51620,Franklin city,,VA,954,9451,10405,3,4,7,363,379,742,6,0.280979,0.293136,0,0.000096,0.00047,54,0.000094,0,29,0.916667,0.000904
51630,Fredericksburg city,,VA,5213,20032,25245,10,13,23,3593,3689,7282,6,0.30939,0.326269,80.657361,0.002095,0.003194,54,0.000202,0,29,0.692308,0.016731
51640,Galax city,,VA,610,7761,8371,2,3,5,255,267,522,7,0.2364,0.243848,239.769697,0,0.000018,114,0.000119,0,29,0.666667,0.000188
51650,Hampton city,,VA,21237,145311,166548,47,60,107,12035,14157,26192,5,0.374374,0.403789,5199.647107,0.024476,0.031288,54,0.00057,0,29,0.55158,0.180501
51660,Harrisonburg city,,VA,4597,33474,38071,10,14,24,2037,2598,4635,6,0.311738,0.329578,3064.818375,0.002005,0.003026,54,0.000253,0,29,0.386029,0.014988
51670,Hopewell city,,VA,3147,24576,27723,8,7,15,1650,1961,3611,6,0.284377,0.297451,1,0.001084,0.000984,54,0.000176,0,29,0.857143,0.007909
51678,Lexington city,,VA,639,5323,5962,2,2,4,133,160,293,8,0.191113,0.195172,0,0,0,54,0.000214,0,29,1,0.000192
51680,Lynchburg city,,VA,6580,68731,75311,16,21,37,3339,3981,7320,6,0.319632,0.340152,16591.461006,0.003673,0.006288,54,0.000359,0,29,0.458498,0.027808
51683,Manassas city,,VA,6994,38922,45916,15,13,28,6960,5417,12377,6,0.309291,0.326086,14.584928,0.004715,0.00471,54,0.000255,0,29,0.728571,0.038963
51685,Manassas Park city,,VA,2855,13382,16237,7,6,13,2445,2230,4675,6,0.308408,0.32404,0.588248,0.002536,0.002544,54,0.000144,0,29,0.964286,0.021623
51690,Martinsville city,,VA,1231,15287,16518,3,3,6,655,581,1236,6,0.280952,0.293318,330.595044,0.000005,0.000476,114,0.000123,0,29,0.5,0.000386
51700,Newport News city,,VA,28616,190963,219579,79,94,173,17170,19795,36965,5,0.389996,0.423531,19126.516305,0.036619,0.045085,54,0.000944,0,29,0.442454,0.268891
51710,Norfolk city,,VA,37758,222253,260011,99,100,199,22250,26551,48801,5,0.390361,0.424886,13003.659987,0.047268,0.05218,54,0.001112,0,29,0.468636,0.342548
51720,Norton city,,VA,460,4210,4670,1,1,2,216,253,469,8,0.195508,0.200431,0,0.000001,0,50,0.000088,0,29,0,0.000113
51730,Petersburg city,,VA,4843,33670,38513,11,12,23,2570,2888,5458,6,0.317889,0.335522,840.708789,0.002758,0.003177,54,0.000242,0,29,0.571429,0.021326
51735,Poquoson city,,VA,1097,14482,15579,3,3,6,547,481,1028,6,0.281304,0.293118,0,0.000727,0.000567,54,0.000075,0,29,1,0.004324
51740,Portsmouth city,,VA,12988,103841,116829,24,25,49,8568,8757,17325,5,0.348345,0.371782,869.719904,0.01001,0.011689,54,0.000312,0,29,0.606061,0.071743
51750,Radford city,,VA,1820,10776,12596,6,5,11,839,907,1746,6,0.308213,0.3234,476.401479,0.001004,0.001021,54,0.000176,0,29,0.733333,0.007857
51760,Richmond city,,VA,23986,184424,208410,71,70,141,17994,19442,37436,5,0.374518,0.404778,28799.408302,0.026553,0.028738,54,0.000984,0,29,0.387011,0.196247
51770,Roanoke city,,VA,9684,103746,113430,20,20,40,6626,6524,13150,6,0.319072,0.33966,26177.299266,0.003416,0.004073,54,0.000516,0,29,0.286232,0.026016
51775,Salem city,,VA,2714,27561,30275,7,6,13,1787,1899,3686,6,0.260986,0.271051,33.502366,0.00016,0.000144,54,0.000224,0,29,0.785714,0.001795
51790,Staunton city,,VA,2439,26217,28656,5,6,11,1208,1415,2623,6,0.258236,0.268118,150.552283,0.000182,0.000095,54,0.000155,0,29,0.595238,0.00164
51800,Suffolk city,,VA,8594,91641,100235,22,20,42,6217,4905,11122,5,0.339267,0.360545,3584.918041,0.008108,0.008638,54,0.000312,0,29,0.596014,0.058859
51810,Virginia Beach city,,VA,54472,491303,545775,178,201,379,37064,40193,77257,5,0.419387,0.463592,75526.716897,0.076268,0.080555,54,0.001942,0,29,0.298477,0.540081
51820,Waynesboro city,,VA,2354,24321,26675,7,7,14,1446,1441,2887,6,0.266447,0.277401,18.083916,0.000257,0.000225,54,0.000197,0,29,0.642857,0.002333
51830,Williamsburg city,,VA,1663,9177,10840,4,6,10,658,803,1461,6,0.309193,0.325057,0,0.001168,0.001747,54,0.00009,0,29,0.97619,0.00772
51840,Winchester city,,VA,4341,26761,31102,9,9,18,2543,2977,5520,6,0.308441,0.324228,1256.754524,0.001358,0.001998,54,0.00022,0,29,0.688889,0.011461
53001,Adams County,,WA,1316,21195,22511,5,5,10,651,714,1365,6,0.308408,0.323137,0,0.001539,0.001458,28,0.000134,0,29,0.966667,0.013117
53003,Asotin County,,WA,2109,22849,24958,5,5,10,1139,1204,2343,6,0.307757,0.322588,55.275887,0.000618,0.001216,28,0.00014,0,29,0.9,0.005087
53005,Benton County,,WA,12349,187539,199888,58,37,95,11590,8660,20250,6,0.353369,0.378972,8039.285974,0.019073,0.012839,28,0.000824,0,29,0.462366,0.148326
53007,Chelan County,,WA,5417,81696,87113,21,17,38,4060,3828,7888,6,0.33498,0.355321,62.008174,0.008092,0.005203,28,0.000311,0,29,0.780632,0.063339
53009,Clallam County,,WA,4014,79294,83308,15,17,32,1937,1845,3782,6,0.340654,0.361374,66.418679,0.006993,0.007703,28,0.000229,0,29,0.824561,0.055968
53011,Clark County,,WA,25172,476974,502146,96,90,186,22751,18992,41743,5,0.367857,0.400692,8182.885366,0.031716,0.031246,28,0.001293,0,29,0.388802,0.25007
53013,Columbia County,,WA,307,4284,4591,1,1,2,97,100,197,7,0.237808,0.244748,0,0.000031,0.000048,28,0.000072,0,29,0,0.000485
53015,Cowlitz County,,WA,6129,112522,118651,22,25,47,3975,4112,8087,6,0.342013,0.363952,5662.649043,0.007145,0.009236,28,0.000383,0,29,0.635385,0.059199
53017,Douglas County,,WA,3477,38982,42459,11,10,21,2827,2623,5450,6,0.311439,0.327441,12.375474,0.004413,0.002826,28,0.000198,0,29,0.935897,0.035879
53019,Ferry County,,WA,541,6715,7256,3,2,5,186,190,376,6,0.267892,0.279595,0.142857,0.000291,0.000266,28,0.000111,0,29,0.666667,0.002603
53021,Franklin County,,WA,6417,80504,86921,25,14,39,6869,4826,11695,6,0.334826,0.35443,104.422984,0.011313,0.00563,28,0.000358,0,29,0.766154,0.086963
53023,Garfield County,,WA,140,2302,2442,0,0,0,0,0,0,0,0,0,0,0,0,177,0.000051,160,249,0,0
53025,Grant County,,WA,5208,95551,100759,26,22,48,3921,3400,7321,6,0.340296,0.361637,794.661143,0.007713,0.006847,28,0.000438,0,29,0.603989,0.063355
53027,Grays Harbor County,,WA,4155,74188,78343,18,16,34,2600,2582,5182,6,0.334903,0.355093,40.69534,0.006403,0.004609,28,0.000281,0,29,0.8,0.05103
53029,Island County,,WA,9950,86821,96771,24,33,57,4947,5295,10242,5,0.359956,0.384745,157.514281,0.012551,0.016986,28,0.000299,0,29,0.668168,0.092758
53031,Jefferson County,,WA,2073,32874,34947,5,8,13,786,1078,1864,6,0.311173,0.327149,0,0.002079,0.003268,28,0.000106,0,29,1,0.017015
53033,King County,,WA,119404,2179798,2299202,339,275,614,115294,105724,221018,5,0.44269,0.490992,177258.869878,0.113006,0.097824,28,0.004193,0,29,0.197812,0.811627
53035,Kitsap County,,WA,21423,276967,298390,72,80,152,13477,14016,27493,5,0.376939,0.40843,3029.225122,0.029916,0.035194,28,0.00086,0,29,0.467291,0.228192
53037,Kittitas County,,WA,3466,37168,40634,13,12,25,2092,2132,4224,6,0.334711,0.354321,0.842944,0.004117,0.004267,28,0.000221,0,29,0.928571,0.033922
53039,Klickitat County,,WA,1481,21833,23314,9,8,17,743,702,1445,6,0.308213,0.323617,85.543295,0.002266,0.002172,28,0.000207,0,29,0.644444,0.020843
53041,Lewis County,,WA,4966,81960,86926,15,15,30,3470,2993,6463,6,0.335134,0.355293,42.243016,0.006579,0.005084,28,0.000232,0,29,0.846405,0.052931
53043,Lincoln County,,WA,790,11693,12483,3,2,5,375,365,740,6,0.267892,0.279595,0,0.001095,0.000307,28,0.000095,0,29,1,0.009252
53045,Mason County,,WA,4367,63165,67532,14,8,22,3420,2836,6256,6,0.334289,0.353321,2.594086,0.006201,0.003875,28,0.000215,0,29,0.928571,0.048665
53047,Okanogan County,,WA,2363,43937,46300,11,11,22,1345,1200,2545,6,0.311472,0.327612,126.117663,0.002704,0.002842,28,0.000208,0,29,0.818182,0.023807
53049,Pacific County,,WA,1637,22295,23932,8,10,18,644,821,1465,6,0.310841,0.326949,544.988101,0.002173,0.002839,28,0.000151,0,29,0.736364,0.018633
53051,Pend Oreille County,,WA,1179,13600,14779,4,3,7,676,571,1247,6,0.268064,0.280024,0.2,0.001066,0.000391,28,0.000141,0,29,0.9,0.009294
53053,Pierce County,,WA,65733,891433,957166,217,195,412,56410,52426,108836,5,0.414558,0.45839,44883.660179,0.080984,0.069347,28,0.002571,0,29,0.267263,0.593322
53055,San Juan County,,WA,1105,16504,17609,4,4,8,382,411,793,6,0.307141,0.321645,0,0.001387,0.001583,28,0.0001,0,29,1,0.011846
53057,Skagit County,,WA,7806,132450,140256,25,23,48,5224,5001,10225,6,0.341892,0.363552,198.606044,0.011417,0.009377,28,0.000345,0,29,0.694581,0.087244
53059,Skamania County,,WA,825,11065,11890,4,5,9,393,467,860,6,0.286303,0.299726,0.80119,0.000708,0.00094,28,0.000121,0,29,0.75,0.006936
53061,Snohomish County,,WA,47730,809398,857128,130,127,257,43125,38975,82100,5,0.387097,0.424937,13151.660603,0.053586,0.048967,28,0.001587,0,29,0.367456,0.398032
53063,Spokane County,,WA,25219,521640,546859,108,95,203,20773,18061,38834,5,0.365826,0.399383,34733.654263,0.030511,0.031713,28,0.001657,0,29,0.331712,0.242795
53065,Stevens County,,WA,3115,46481,49596,9,6,15,1751,1747,3498,6,0.307855,0.322845,201.493239,0.002609,0.001703,28,0.000206,0,29,0.677778,0.022137
53067,Thurston County,,WA,21796,282317,304113,80,71,151,18580,15430,34010,5,0.373129,0.403584,2977.705973,0.029279,0.030889,28,0.000994,0,29,0.458974,0.226433
53069,Wahkiakum County,,WA,359,4269,4628,2,1,3,158,107,265,7,0.254873,0.263312,0,0.000097,0.000057,28,0.000076,0,29,1,0.000799
53071,Walla Walla County,,WA,3609,59951,63560,17,13,30,2132,1989,4121,6,0.311972,0.328641,5882.751466,0.005978,0.003804,28,0.000327,0,29,0.732026,0.050165
53073,Whatcom County,,WA,12041,215159,227200,46,39,85,8123,7715,15838,6,0.355393,0.381619,1123.433702,0.019185,0.016645,28,0.000608,0,29,0.595777,0.14856
53075,Whitman County,,WA,4789,35195,39984,18,17,35,2292,2655,4947,6,0.335365,0.355864,878.017718,0.004711,0.005668,28,0.000328,0,29,0.726316,0.039394
53077,Yakima County,,WA,9591,267702,277293,50,40,90,7936,6531,14467,6,0.343868,0.368124,529.848344,0.017221,0.013799,28,0.000658,0,29,0.577778,0.133275
54001,Barbour County,,WV,684,16769,17453,4,3,7,421,316,737,7,0.230587,0.237856,2.583333,0.000007,0.000002,135,0.000236,0,29,0.583333,0.00042
54003,Berkeley County,,WV,6941,117926,124867,23,20,43,5261,3875,9136,6,0.312172,0.330476,13948.085234,0.005464,0.004666,54,0.000423,0,29,0.367692,0.041075
54005,Boone County,,WV,983,25703,26686,4,4,8,541,618,1159,7,0.247812,0.257679,1.80119,0.00006,0.000047,50,0.000159,0,29,0.666667,0.000756
54007,Braxton County,,WV,675,14184,14859,5,4,9,249,239,488,7,0.247833,0.257736,6565.833316,0.000053,0.000045,50,0.000274,0,29,0.3,0.000814
54009,Brooke County,,WV,1109,28075,29184,4,5,9,726,629,1355,6,0.297551,0.31186,0.25,0.000068,0.000783,135,0.000121,0,29,0.95,0.000919
54011,Cabell County,,WV,5783,98152,103935,15,16,31,3465,3139,6604,6,0.322068,0.342455,14503.465518,0.00166,0.003927,50,0.000498,0,29,0.259524,0.012712
54013,Calhoun County,,WV,383,7321,7704,1,3,4,42,157,199,7,0.236286,0.244259,5.194444,0,0.000008,50,0.000088,0,29,0.333333,0.000098
54015,Clay County,,WV,514,9686,10200,1,3,4,95,238,333,7,0.247791,0.257508,0,0.000052,0.000045,50,0.000075,0,29,1,0.000441
54017,Doddridge County,,WV,343,5276,5619,2,2,4,149,183,332,7,0.230532,0.237599,3.416667,0.000006,0.000001,135,0.00016,0,29,0.5,0.000219
54019,Fayette County,,WV,2263,45758,48021,4,4,8,902,1160,2062,7,0.247896,0.257851,10.35,0.000061,0.000046,50,0.000173,0,29,0.666667,0.000757
54021,Gilmer County,,WV,451,6425,6876,2,2,4,106,111,217,8,0.198773,0.204044,3.25,0,0,50,0.000134,0,29,0.333333,0.000187
54023,Grant County,,WV,666,13705,14371,3,2,5,240,228,468,8,0.195128,0.200237,25.299743,0.000001,0.000001,54,0.000152,0,29,0.166667,0.000278
54025,Greenbrier County,,WV,1821,37850,39671,6,7,13,535,518,1053,7,0.248699,0.259771,10501.130725,0.00006,0.000061,50,0.000227,0,29,0.25,0.000926
54027,Hampshire County,,WV,1297,25607,26904,6,7,13,552,622,1174,7,0.238372,0.247231,2969.352573,0.000087,0.000119,54,0.00021,0,29,0.428571,0.001345
54029,Hancock County,,WV,1733,37620,39353,6,7,13,1040,1016,2056,6,0.297642,0.31226,126.20212,0.000821,0.000827,135,0.000136,0,29,0.690476,0.00614
54031,Hardy County,,WV,768,15892,16660,2,4,6,257,265,522,7,0.236439,0.24407,715.338552,0.000001,0.000029,54,0.00014,0,29,0.5,0.000198
54033,Harrison County,,WV,3458,79848,83306,12,12,24,1586,1719,3305,6,0.299507,0.315552,27039.160655,0.000131,0.000779,135,0.000583,0,29,0.230769,0.002047
54035,Jackson County,,WV,1319,32693,34012,5,5,10,610,681,1291,7,0.24798,0.258194,9.159463,0.000066,0.000054,50,0.000246,0,29,0.65,0.000922
54037,Jefferson County,,WV,3894,59101,62995,15,10,25,3048,2192,5240,6,0.310675,0.327246,66.892121,0.005766,0.002959,54,0.000226,0,29,0.672794,0.043276
54039,Kanawha County,,WV,9023,220918,229941,28,30,58,5397,5088,10485,6,0.329194,0.353058,110509.564612,0.005542,0.006491,50,0.000846,0,29,0.1875,0.041299
54041,Lewis County,,WV,819,19548,20367,4,3,7,455,396,851,7,0.23066,0.238027,263.841642,0.000007,0.000002,135,0.000266,0,29,0.333333,0.000414
54043,Lincoln County,,WV,1027,22163,23190,4,5,9,540,732,1272,7,0.247959,0.258057,5.467195,0.000084,0.00006,50,0.000166,0,29,0.7,0.000849
54045,Logan County,,WV,1291,36965,38256,6,6,12,553,755,1308,7,0.248107,0.258445,1320.248804,0.000085,0.000059,50,0.000222,0,29,0.466667,0.001039
54047,McDowell County,,WV,841,18123,18964,2,4,6,192,465,657,7,0.234745,0.242708,29.006742,0.000007,0.000001,50,0.000105,0,29,0.5,0.000209
54049,Marion County,,WV,2777,63484,66261,6,7,13,1329,1376,2705,7,0.248636,0.259765,445.700473,0.000087,0.000068,135,0.000263,0,29,0.5,0.001096
54051,Marshall County,,WV,1623,37179,38802,4,4,8,729,846,1575,6,0.297855,0.312146,1581.438016,0.000047,0.000731,135,0.000164,0,29,0.5,0.000669
54053,Mason County,,WV,1207,27933,29140,7,6,13,709,646,1355,7,0.248022,0.258342,74.735416,0.000109,0.000072,50,0.000298,0,29,0.428571,0.001298
54055,Mercer County,,WV,2599,65128,67727,9,12,21,1197,1124,2321,6,0.305885,0.322799,20152.54754,0.00006,0.000925,50,0.000334,0,29,0.212121,0.00122
54057,Mineral County,,WV,1355,32664,34019,6,4,10,799,578,1377,7,0.242132,0.251575,5279.519178,0.000083,0.000036,54,0.000234,0,29,0.366667,0.001189
54059,Mingo County,,WV,1127,25616,26743,5,6,11,572,634,1206,7,0.249146,0.259914,669.805681,0.000007,0.000061,50,0.000199,0,29,0.238095,0.000505
54061,Monongalia County,,WV,6289,84105,90394,23,22,45,2917,2694,5611,6,0.317647,0.338637,41853.491576,0.0018,0.003503,135,0.000712,0,29,0.153941,0.015221
54063,Monroe County,,WV,692,13967,14659,4,4,8,316,380,696,7,0.234802,0.242668,33.460535,0.000008,0.000002,50,0.000169,0,29,0.5,0.000407
54065,Morgan County,,WV,991,19443,20434,3,2,5,403,287,690,7,0.23933,0.24762,5.657515,0.000086,0.000092,54,0.000101,0,29,0.666667,0.000956
54067,Nicholas County,,WV,1040,28098,29138,5,5,10,435,427,862,7,0.248382,0.258937,5881.321953,0.000053,0.00006,50,0.000273,0,29,0.3,0.000815
54069,Ohio County,,WV,2511,51521,54032,9,8,17,1443,1454,2897,6,0.299261,0.314638,1849.338042,0.001583,0.00083,135,0.000222,0,29,0.511111,0.011481
54071,Pendleton County,,WV,536,8842,9378,0,2,2,0,122,122,7,0.235774,0.242787,0,0,0.000007,54,0.000051,0,250,0,0
54073,Pleasants County,,WV,489,8402,8891,2,3,5,165,283,448,7,0.236305,0.244345,3.577778,0.000013,0.000014,131,0.000154,0,29,0.666667,0.000263
54075,Pocahontas County,,WV,482,9491,9973,0,2,2,0,99,99,8,0.199412,0.205351,0,0,0.000001,50,0.000051,0,251,0,0
54077,Preston County,,WV,1541,34858,36399,4,4,8,727,758,1485,7,0.241231,0.250295,30.298549,0.000035,0.000017,135,0.000164,0,29,0.583333,0.000544
54079,Putnam County,,WV,3922,63501,67423,7,4,11,2578,2232,4810,7,0.247938,0.257885,22.709039,0.000121,0.000059,50,0.000265,0,29,0.547619,0.001309
54081,Raleigh County,,WV,3390,81434,84824,9,11,20,1509,1417,2926,6,0.305596,0.322257,6433.27379,0.00012,0.000926,50,0.000315,0,29,0.309091,0.00149
54083,Randolph County,,WV,1278,31734,33012,5,5,10,485,427,912,7,0.23066,0.238285,6282.949829,0.000028,0.000002,135,0.000313,0,29,0.357143,0.000608
54085,Ritchie County,,WV,633,12126,12759,4,3,7,259,270,529,7,0.236209,0.244059,198.512615,0.000019,0.000007,131,0.000239,0,29,0.5,0.000471
54087,Roane County,,WV,750,15549,16299,4,4,8,366,413,779,7,0.247938,0.257965,3002.13925,0.000065,0.000052,50,0.000177,0,29,0.583333,0.000796
54089,Summers County,,WV,474,11607,12081,4,4,8,316,239,555,7,0.234481,0.242296,14.298659,0.000015,0.000002,50,0.000162,0,29,0.666667,0.000422
54091,Taylor County,,WV,917,17701,18618,4,5,9,512,586,1098,7,0.241311,0.250609,268.401382,0.000035,0.000017,135,0.000186,0,29,0.6,0.000564
54093,Tucker County,,WV,391,8205,8596,1,1,2,74,101,175,8,0.18744,0.191378,0,0,0,135,0.000104,0,29,0,0.000098
54095,Tyler County,,WV,564,10216,10780,1,2,3,135,236,371,7,0.236247,0.24403,6.810862,0,0.000007,135,0.000092,0,29,0,0.000095
54097,Upshur County,,WV,1153,25170,26323,6,5,11,468,532,1000,7,0.241351,0.250695,653.663307,0.000035,0.000016,135,0.000347,0,29,0.5,0.000757
54099,Wayne County,,WV,2126,42567,44693,5,5,10,1127,1375,2502,7,0.244098,0.253387,343.227004,0.000041,0.000026,50,0.000206,0,29,0.45,0.000691
54101,Webster County,,WV,375,9055,9430,1,1,2,80,111,191,8,0.198976,0.204164,0,0,0,50,0.000097,0,29,0,0.0001
54103,Wetzel County,,WV,832,19010,19842,4,4,8,330,283,613,7,0.241371,0.250581,3033.1869,0.000012,0.000016,135,0.000193,0,29,0.15,0.000397
54105,Wirt County,,WV,390,5537,5927,1,1,2,130,211,341,7,0.236152,0.243659,0,0.000012,0.000007,131,0.000086,0,29,0,0.000168
54107,Wood County,,WV,4052,99366,103418,15,14,29,2190,1833,4023,6,0.309128,0.327126,26237.80487,0.00089,0.001551,131,0.00059,0,29,0.189542,0.007314
54109,Wyoming County,,WV,930,22777,23707,5,5,10,344,526,870,7,0.23482,0.243016,87.525504,0.000016,0.000002,50,0.000181,0,29,0.3,0.000515
55001,Adams County,,WI,1531,21821,23352,9,7,16,809,777,1586,6,0.287574,0.300572,77.929263,0.002175,0.00049,29,0.000191,0,29,0.688889,0.015768
55003,Ashland County,,WI,1074,18935,20009,2,4,6,241,382,623,7,0.26183,0.272423,14.953055,0.000004,0.000084,30,0.000103,0,29,0.25,0.000191
55005,Barron County,,WI,2895,57035,59930,12,10,22,1365,1443,2808,6,0.305212,0.320222,2176.736667,0.001062,0.000995,30,0.000299,0,29,0.44697,0.008478
55007,Bayfield County,,WI,992,18313,19305,3,4,7,285,437,722,7,0.260963,0.270771,281.21526,0.00001,0.000052,30,0.000121,0,29,0.25,0.000339
55009,Brown County,,WI,12892,308348,321240,45,43,88,9077,8382,17459,6,0.358319,0.385134,29456.000202,0.01022,0.011552,29,0.000755,0,29,0.291373,0.077925
55011,Buffalo County,,WI,965,17053,18018,4,6,10,349,560,909,7,0.257188,0.267353,21.262162,0.000051,0.000108,30,0.000143,0,29,0.466667,0.00092
55013,Burnett County,,WI,935,19120,20055,6,4,10,429,306,735,7,0.252271,0.261243,4.312342,0.000671,0.000049,30,0.000152,0,29,0.589286,0.004464
55015,Calumet County,,WI,3880,60970,64850,8,8,16,2618,2801,5419,6,0.296915,0.310665,0,0.001188,0.001101,29,0.00016,0,29,1,0.008778
55017,Chippewa County,,WI,3898,74867,78765,11,11,22,2497,2522,5019,6,0.306592,0.322525,2343.830064,0.001504,0.001139,30,0.000251,0,29,0.492424,0.011289
55019,Clark County,,WI,2206,40648,42854,6,7,13,1090,1352,2442,6,0.288,0.301343,126.264018,0.000099,0.0005,29,0.000172,0,29,0.642857,0.001375
55021,Columbia County,,WI,4664,71692,76356,13,14,27,2978,3262,6240,6,0.297127,0.311763,596.444274,0.002297,0.001197,29,0.000244,0,29,0.519048,0.016856
55023,Crawford County,,WI,1075,20008,21083,5,5,10,466,558,1024,6,0.288028,0.300932,152.309318,0.000474,0.000456,29,0.000152,0,29,0.5,0.003829
55025,Dane County,,WI,30436,591919,622355,145,132,277,24476,22707,47183,5,0.403096,0.440341,107733.641562,0.050442,0.052788,29,0.002031,0,29,0.297079,0.363466
55027,Dodge County,,WI,6337,106750,113087,13,14,27,3861,4435,8296,6,0.297127,0.311751,463.387906,0.002396,0.001355,29,0.000208,0,29,0.669118,0.017321
55029,Door County,,WI,1603,36057,37660,6,7,13,544,733,1277,6,0.326833,0.344176,437.033846,0.002067,0.00201,29,0.000134,0,29,0.785714,0.015028
55031,Douglas County,,WI,2424,51191,53615,6,8,14,1091,1266,2357,6,0.304893,0.319422,3996.068805,0.001033,0.001121,30,0.000168,0,29,0.464286,0.007504
55033,Dunn County,,WI,3112,45659,48771,10,12,22,1574,1860,3434,6,0.306625,0.322697,800.280973,0.001797,0.001515,30,0.000218,0,29,0.642857,0.012561
55035,Eau Claire County,,WI,7435,110212,117647,32,32,64,5144,4933,10077,6,0.344925,0.368541,33319.73631,0.004913,0.004623,30,0.00064,0,29,0.298319,0.03667
55037,Florence County,,WI,303,5521,5824,1,1,2,78,83,161,8,0.20986,0.215194,0,0.000001,0,29,0.000084,0,29,0,0.000102
55039,Fond du Lac County,,WI,5702,127203,132905,17,18,35,3527,3818,7345,6,0.341172,0.362197,1049.606055,0.002456,0.003452,29,0.000288,0,29,0.586842,0.018613
55041,Forest County,,WI,582,10977,11559,2,3,5,103,138,241,7,0.263915,0.274143,0.799603,0.000604,0.000098,29,0.000074,0,29,0.833333,0.004034
55043,Grant County,,WI,3062,57530,60592,11,12,23,1463,1745,3208,6,0.298038,0.312837,295.442641,0.000776,0.001014,29,0.000261,0,29,0.335165,0.006088
55045,Green County,,WI,2433,47185,49618,6,5,11,1477,1435,2912,6,0.288285,0.301149,12.835918,0.000672,0.000468,29,0.000141,0,29,0.52381,0.004764
55047,Green Lake County,,WI,1446,23843,25289,6,7,13,789,892,1681,6,0.287631,0.300657,4.119925,0.000102,0.000512,29,0.000147,0,29,0.690476,0.001436
55049,Iowa County,,WI,1800,29560,31360,5,5,10,977,1157,2134,6,0.287631,0.300343,1.444444,0.000457,0.000442,29,0.00015,0,29,0.8,0.003688
55051,Iron County,,WI,412,7260,7672,1,1,2,93,116,209,1,1,1,0,0,0,29,0.000403,0,93,0,0.000089
55053,Jackson County,,WI,1470,23010,24480,6,5,11,603,747,1350,7,0.257075,0.26701,78.947987,0.000514,0.000098,30,0.000172,0,29,0.633333,0.004291
55055,Jefferson County,,WI,6180,100420,106600,10,12,22,4254,4247,8501,6,0.340614,0.360768,89.436217,0.002348,0.003322,29,0.000159,0,29,0.780303,0.01668
55057,Juneau County,,WI,2054,30258,32312,9,8,17,1075,1128,2203,6,0.287659,0.300829,7.229309,0.000588,0.000537,29,0.000216,0,29,0.583333,0.00532
55059,Kenosha County,,WI,10493,195375,205868,18,19,37,7131,6421,13552,6,0.353841,0.377269,370.329011,0.00925,0.008552,29,0.000218,0,29,0.690217,0.063793
55061,Kewaunee County,,WI,1132,25923,27055,3,4,7,576,714,1290,6,0.295561,0.308105,0.2,0.000124,0.000569,29,0.000096,0,29,0.916667,0.001146
55063,La Crosse County,,WI,6600,130585,137185,31,27,58,4443,3772,8215,6,0.345089,0.368056,9395.740524,0.004916,0.004603,29,0.00059,0,29,0.339785,0.036975
55065,Lafayette County,,WI,1178,21606,22784,6,5,11,771,726,1497,6,0.288142,0.301103,17.875441,0.000481,0.000444,29,0.000169,0,29,0.5,0.003867
55067,Langlade County,,WI,1231,24750,25981,7,6,13,531,536,1067,7,0.26425,0.275258,10.453676,0.000602,0.000161,29,0.00018,0,29,0.652778,0.004679
55069,Lincoln County,,WI,1681,36759,38440,4,4,8,686,795,1481,6,0.287631,0.300286,22.175166,0.000558,0.000441,29,0.000121,0,29,0.85,0.003872
55071,Manitowoc County,,WI,3747,104709,108456,12,13,25,1896,2262,4158,6,0.309554,0.325829,180.612666,0.001425,0.001917,29,0.00022,0,29,0.695238,0.01048
55073,Marathon County,,WI,6993,169452,176445,25,24,49,4358,4254,8612,6,0.344559,0.367112,6348.895405,0.002551,0.00436,29,0.000477,0,29,0.421958,0.01961
55075,Marinette County,,WI,2667,51137,53804,7,9,16,1325,1433,2758,6,0.297096,0.311065,1145.63872,0.000838,0.001068,29,0.000181,0,29,0.6,0.006016
55077,Marquette County,,WI,1299,18888,20187,7,6,13,732,747,1479,6,0.287517,0.300343,138.898087,0.000976,0.00047,29,0.000164,0,29,0.619048,0.007271
55078,Menominee County,,WI,346,4502,4848,1,1,2,111,172,283,7,0.22386,0.229969,0,0.000005,0.000006,29,0.000071,0,29,0,0.000145
55079,Milwaukee County,,WI,47158,1084894,1132052,133,154,287,33704,38635,72339,5,0.418785,0.457064,75731.881253,0.057188,0.063755,29,0.001623,0,29,0.335529,0.403723
55081,Monroe County,,WI,3336,53448,56784,9,8,17,1452,1430,2882,6,0.296733,0.310448,188.92692,0.001253,0.000959,29,0.000219,0,29,0.625,0.00897
55083,Oconto County,,WI,2416,47086,49502,6,6,12,1595,1575,3170,6,0.29577,0.308676,10.547885,0.000699,0.000649,29,0.000144,0,29,0.866667,0.005296
55085,Oneida County,,WI,2546,47171,49717,11,11,22,1121,1202,2323,6,0.297127,0.31138,219.968233,0.001347,0.001224,29,0.000247,0,29,0.608974,0.009972
55087,Outagamie County,,WI,13307,221378,234685,34,28,62,10231,9691,19922,6,0.344762,0.36777,3278.852675,0.007285,0.004461,29,0.000539,0,29,0.398413,0.054226
55089,Ozaukee County,,WI,5955,108129,114084,13,14,27,4172,3835,8007,6,0.343544,0.364598,109.632584,0.00413,0.004045,29,0.000202,0,29,0.8125,0.029529
55091,Pepin County,,WI,575,9153,9728,4,4,8,249,275,524,7,0.256713,0.266216,2.066667,0.00006,0.000066,30,0.000121,0,29,0.666667,0.000897
55093,Pierce County,,WI,2987,45412,48399,10,10,20,1541,1841,3382,6,0.305244,0.320279,640.975762,0.0014,0.001225,30,0.000208,0,29,0.722222,0.009947
55095,Polk County,,WI,2657,54634,57291,12,11,23,1764,1661,3425,6,0.305212,0.320336,444.634281,0.001508,0.001282,30,0.000251,0,29,0.681818,0.010724
55097,Portage County,,WI,4412,80593,85005,17,14,31,2269,2385,4654,6,0.331892,0.350874,465.384743,0.001502,0.00317,29,0.00033,0,29,0.613158,0.011884
55099,Price County,,WI,912,18245,19157,4,4,8,253,232,485,6,0.287858,0.300743,2790.732394,0.000074,0.000445,29,0.000125,0,29,0.5,0.000889
55101,Racine County,,WI,11078,241051,252129,18,24,42,6767,7019,13786,6,0.356131,0.380373,179.836347,0.005997,0.009967,29,0.000251,0,29,0.641304,0.043488
55103,Richland County,,WI,1173,20820,21993,5,6,11,572,673,1245,6,0.287744,0.300657,2.6,0.000457,0.000482,29,0.000151,0,29,0.8,0.003698
55105,Rock County,,WI,8964,198308,207272,20,29,49,5023,5187,10210,6,0.35548,0.379578,1346.197821,0.004778,0.007038,29,0.00029,0,29,0.404234,0.033403
55107,Rusk County,,WI,832,17515,18347,3,3,6,293,310,603,7,0.256555,0.265839,0,0.000054,0.00006,30,0.000112,0,29,1,0.000783
55109,St. Croix County,,WI,5820,102539,108359,14,15,29,4096,3689,7785,6,0.336837,0.35755,1964.510418,0.001946,0.002834,30,0.000284,0,29,0.5875,0.013991
55111,Sauk County,,WI,4678,77925,82603,19,17,36,3107,2826,5933,6,0.327346,0.346033,998.487864,0.002925,0.002183,29,0.000367,0,29,0.415789,0.021335
55113,Sawyer County,,WI,1056,20608,21664,4,4,8,244,274,518,7,0.256668,0.266239,94.182347,0.000046,0.000048,30,0.000143,0,29,0.5,0.000784
55115,Shawano County,,WI,2497,49959,52456,9,10,19,1727,1699,3426,6,0.288399,0.302195,5891.307872,0.000735,0.000636,29,0.000246,0,29,0.636364,0.00582
55117,Sheboygan County,,WI,5776,149174,154950,15,16,31,2946,3299,6245,6,0.344722,0.366427,322.007483,0.003582,0.004464,29,0.000241,0,29,0.738971,0.02678
55119,Taylor County,,WI,1147,23931,25078,4,6,10,471,575,1046,7,0.256894,0.26701,3.491667,0.000052,0.000092,29,0.000134,0,29,0.7,0.000675
55121,Trempealeau County,,WI,1951,38240,40191,8,6,14,1304,1094,2398,6,0.288028,0.301229,338.612709,0.00103,0.000508,30,0.000199,0,29,0.5,0.007798
55123,Vernon County,,WI,1708,34480,36188,8,7,15,987,1005,1992,6,0.287659,0.300657,7.600726,0.000554,0.00049,29,0.000202,0,29,0.625,0.00464
55125,Vilas County,,WI,1362,26621,27983,7,4,11,649,514,1163,6,0.296613,0.309762,31.094549,0.002262,0.000895,29,0.000142,0,29,0.928571,0.015916
55127,Walworth County,,WI,6982,118600,125582,15,18,33,4279,4575,8854,6,0.341093,0.362111,31.403006,0.005076,0.004861,29,0.000187,0,29,0.681579,0.03394
55129,Washburn County,,WI,1166,20003,21169,4,5,9,425,500,925,7,0.256713,0.266467,8.147289,0.000054,0.000062,30,0.000141,0,29,0.4,0.000843
55131,Washington County,,WI,8217,169206,177423,17,15,32,6523,5815,12338,6,0.341053,0.361683,145.493477,0.003684,0.00347,29,0.000259,0,29,0.72549,0.027617
55133,Waukesha County,,WI,24821,492973,517794,48,61,109,19786,18833,38619,5,0.373655,0.402886,6269.68431,0.017526,0.023701,29,0.000617,0,29,0.406237,0.12302
55135,Waupaca County,,WI,3160,63572,66732,10,10,20,1770,2041,3811,6,0.297127,0.311265,24.254552,0.00137,0.001104,29,0.000202,0,29,0.827273,0.009875
55137,Waushara County,,WI,1654,28721,30375,8,9,17,796,973,1769,6,0.29568,0.308933,90.273621,0.000662,0.000624,29,0.000183,0,29,0.597222,0.005153
55139,Winnebago County,,WI,11631,195679,207310,33,31,64,9137,8616,17753,6,0.346277,0.369885,4661.17879,0.004595,0.005571,29,0.000543,0,29,0.385714,0.035709
55141,Wood County,,WI,4559,94815,99374,19,16,35,2516,2693,5209,6,0.309883,0.326715,1211.270224,0.002304,0.001976,29,0.000382,0,29,0.507143,0.018184
56001,Albany County,,WY,4178,31551,35729,19,16,35,1663,1663,3326,6,0.333868,0.353847,2677.149749,0.004583,0.00369,7,0.000422,0,29,0.452381,0.038152
56003,Big Horn County,,WY,889,12350,13239,2,3,5,207,286,493,7,0.258122,0.268279,18.683263,0.000103,0.000099,7,0.000112,0,29,0.5,0.001008
56005,Campbell County,,WY,3573,49995,53568,25,15,40,2062,1214,3276,6,0.281794,0.296691,10483.092994,0.004375,0.000724,7,0.000729,0,29,0.275385,0.035495
56007,Carbon County,,WY,1861,17492,19353,5,6,11,311,550,861,7,0.260357,0.2712,0.71474,0.000491,0.000303,7,0.000148,0,29,0.857143,0.004839
56009,Converse County,,WY,1315,15648,16963,4,3,7,463,431,894,7,0.257734,0.267719,2.022222,0.000066,0.000198,7,0.000145,0,29,0.8,0.001279
56011,Crook County,,WY,648,7769,8417,1,3,4,141,286,427,7,0.25164,0.2601,0,0.000006,0.000037,7,0.000092,0,29,0.666667,0.000397
56013,Fremont County,,WY,2558,44166,46724,11,10,21,719,773,1492,6,0.3336,0.352875,1222.891494,0.001498,0.001631,7,0.000284,0,29,0.454167,0.013236
56015,Goshen County,,WY,940,13451,14391,4,6,10,261,395,656,7,0.259016,0.269668,17.868616,0.000159,0.000222,7,0.000122,0,29,0.6,0.001857
56017,Hot Springs County,,WY,376,5342,5718,1,0,1,48,0,48,0,0,0,0,0.000056,0,7,0.000069,0,15,0,0.000675
56019,Johnson County,,WY,794,9167,9961,3,3,6,212,211,423,7,0.25445,0.26385,0,0.000066,0.000109,7,0.000135,0,29,1,0.001198
56021,Laramie County,,WY,7958,104973,112931,34,30,64,3534,3356,6890,6,0.344233,0.368101,13803.781827,0.011456,0.010807,7,0.000607,0,29,0.428475,0.091237
56023,Lincoln County,,WY,1501,19786,21287,9,9,18,577,485,1062,6,0.298434,0.312649,297.900013,0.002092,0.001163,7,0.000212,0,29,0.509091,0.016631
56025,Natrona County,,WY,5503,85536,91039,30,30,60,2810,2590,5400,6,0.340774,0.36394,24922.70596,0.00885,0.007038,7,0.000656,0,29,0.385027,0.072209
56027,Niobrara County,,WY,228,2634,2862,0,0,0,0,0,0,0,0,0,0,0,0,178,0.000051,161,252,0,0
56029,Park County,,WY,2304,33085,35389,10,7,17,745,586,1331,7,0.263248,0.275235,121.074423,0.000303,0.000343,7,0.000303,0,29,0.411111,0.003774
56031,Platte County,,WY,751,9802,10553,3,5,8,207,356,563,7,0.257711,0.267891,2.444817,0.000145,0.000202,7,0.000104,0,29,0.75,0.001598
56033,Sheridan County,,WY,2270,33106,35376,8,9,17,676,681,1357,7,0.264706,0.277344,140.115337,0.000299,0.000426,7,0.000264,0,29,0.436364,0.003559
56035,Sublette County,,WY,1034,9644,10678,4,3,7,223,201,424,7,0.255969,0.26521,0.166667,0.000623,0.000085,7,0.00012,0,29,0.8,0.005388
56037,Sweetwater County,,WY,4316,50732,55048,26,18,44,2069,1508,3577,6,0.342938,0.365061,4299.066098,0.007013,0.005434,7,0.000491,0,29,0.439153,0.056632
56039,Teton County,,WY,2588,24469,27057,6,7,13,357,638,995,6,0.309982,0.32636,1416.156159,0.003261,0.002211,7,0.000133,0,29,0.5,0.02469
56041,Uinta County,,WY,1956,24611,26567,9,11,20,769,748,1517,6,0.299753,0.31442,48.161889,0.002472,0.001612,7,0.000189,0,29,0.522727,0.019018
56043,Washakie County,,WY,652,9768,10420,2,3,5,101,138,239,7,0.254384,0.263678,6.106754,0.000057,0.000076,7,0.000101,0,29,0.583333,0.000771
56045,Weston County,,WY,641,8187,8828,3,1,4,163,88,251,7,0.21986,0.226386,0,0.00007,0.000035,7,0.000149,0,29,0.666667,0.001323
