Id,Label,timeset,state,totalmig,totalnonmig,population,indegree,outdegree,Degree,weighted indegree,weighted outdegree,Weighted Degree,Eccentricity,closnesscentrality,harmonicclosnesscentrality,betweenesscentrality,componentnumber,Authority,Hub,modularity_class,pageranks,strongcompnum,clustering,eigencentrality
1001,Autauga County,,AL,5037,51544,56581,11,14,25,2871,2683,5554,6,0.325618,0.343611,294.933329,0,0.002016,0.003636,18,0.000192,30,0.470588,0.015433
1003,Baldwin County,,AL,9172,156087,165259,39,27,66,6397,4348,10745,6,0.352941,0.37722,4735.39687,0,0.013418,0.010171,18,0.00056,30,0.452381,0.097517
1005,Barbour County,,AL,1907,28251,30158,9,10,19,735,836,1571,7,0.287158,0.300992,5982.280752,0,0.000444,0.000608,18,0.000276,30,0.433333,0.003413
1007,Bibb County,,AL,1532,21321,22853,4,4,8,907,1004,1911,6,0.288215,0.301058,1.334921,0,0.000599,0.000498,18,0.000108,30,0.833333,0.00401
1009,Blount County,,AL,3275,54610,57885,7,8,15,2906,2255,5161,6,0.288674,0.302076,5.163337,0,0.000571,0.000497,18,0.000157,30,0.642857,0.004235
1011,Bullock County,,AL,726,10223,10949,4,3,7,264,348,612,7,0.278066,0.289536,1.166667,0,0.000264,0.000217,18,0.000125,30,0.666667,0.002035
1013,Butler County,,AL,1186,22687,23873,5,6,11,312,464,776,7,0.278226,0.290226,378.15417,0,0.000519,0.000236,18,0.000142,30,0.452381,0.003689
1015,Calhoun County,,AL,7136,131396,138532,22,25,47,3511,3580,7091,6,0.318847,0.339027,9388.018756,0,0.002646,0.005627,18,0.000427,30,0.386243,0.019955
1017,Chambers County,,AL,2517,43441,45958,7,8,15,1431,1516,2947,6,0.307872,0.322757,250.921929,0,0.000753,0.001096,18,0.000173,30,0.5,0.005454
1019,Cherokee County,,AL,1319,24800,26119,6,6,12,812,774,1586,7,0.245095,0.254778,43.686776,0,0.000107,0.000114,18,0.00018,30,0.4,0.001468
1021,Chilton County,,AL,1982,40063,42045,7,9,16,1417,1093,2510,6,0.290439,0.304515,14.359391,0,0.000861,0.000823,18,0.000144,30,0.611111,0.005779
1023,Choctaw County,,AL,829,16677,17506,2,6,8,101,344,445,6,0.289539,0.303364,885.2174,0,0.00031,0.000629,18,0.000076,30,0.366667,0.002169
1025,Clarke County,,AL,1584,30853,32437,6,8,14,595,782,1377,6,0.291286,0.305584,613.70901,0,0.000355,0.000905,18,0.00018,30,0.464286,0.003046
1027,Clay County,,AL,897,16545,17442,4,4,8,431,419,850,7,0.241944,0.25067,2.306359,0,0.000064,0.000043,18,0.00012,30,0.666667,0.000744
1029,Cleburne County,,AL,807,14460,15267,4,3,7,559,465,1024,7,0.24245,0.251363,3.496663,0,0.000088,0.000075,18,0.000133,30,0.666667,0.001001
1031,Coffee County,,AL,5153,44364,49517,19,17,36,2563,2445,5008,6,0.32694,0.346112,2313.589256,0,0.005761,0.004758,18,0.000292,30,0.456522,0.040085
1033,Colbert County,,AL,3430,59795,63225,7,8,15,2020,2094,4114,6,0.289945,0.303594,1135.246128,0,0.000324,0.000699,18,0.000171,30,0.541667,0.003157
1035,Conecuh County,,AL,940,14683,15623,4,6,10,294,532,826,6,0.292049,0.3062,30.124343,0,0.000029,0.00093,18,0.000125,30,0.595238,0.000595
1037,Coosa County,,AL,1229,13799,15028,4,4,8,620,770,1390,6,0.288789,0.301478,0.166667,0,0.000675,0.000381,18,0.000107,30,0.9,0.00463
1039,Covington County,,AL,1963,38323,40286,11,10,21,826,796,1622,6,0.290235,0.304394,1739.039447,0,0.001415,0.000948,18,0.00024,30,0.365385,0.011915
1041,Crenshaw County,,AL,996,15689,16685,6,5,11,536,584,1120,7,0.278734,0.290646,5.488849,0,0.000325,0.000276,18,0.000148,30,0.547619,0.002511
1043,Cullman County,,AL,3774,83794,87568,12,11,23,2316,2060,4376,6,0.290381,0.304497,50.375469,0,0.000929,0.000849,18,0.000245,30,0.484848,0.007337
1045,Dale County,,AL,7725,48390,56115,24,27,51,3690,4057,7747,6,0.339583,0.361761,7328.646106,0,0.006483,0.00857,18,0.000359,30,0.536782,0.045592
1047,Dallas County,,AL,2667,49434,52101,6,14,20,703,1493,2196,6,0.307382,0.324011,4218.458687,0,0.0007,0.001748,18,0.000139,30,0.417582,0.004842
1049,DeKalb County,,AL,4159,71909,76068,11,14,25,2174,2610,4784,6,0.302221,0.317932,861.890418,0,0.000996,0.001299,18,0.000235,30,0.342857,0.007661
1051,Elmore County,,AL,5443,71942,77385,13,15,28,4238,3417,7655,6,0.325948,0.344502,783.885285,0,0.001173,0.003509,18,0.000242,30,0.383333,0.008564
1053,Escambia County,,AL,2001,38656,40657,6,7,13,932,1016,1948,6,0.296683,0.311123,908.949678,0,0.000956,0.001381,18,0.000141,30,0.690476,0.007961
1055,Etowah County,,AL,5058,105868,110926,12,15,27,2957,3163,6120,6,0.292964,0.308776,476.566066,0,0.001173,0.001437,18,0.000233,30,0.570833,0.008832
1057,Fayette County,,AL,1141,21787,22928,4,5,9,563,611,1174,6,0.288444,0.301547,61.569251,0,0.000069,0.000397,18,0.000119,30,0.7,0.000764
1059,Franklin County,,AL,1943,32405,34348,7,8,15,782,1123,1905,7,0.250065,0.260162,165.271615,0,0.000035,0.000051,18,0.000186,30,0.375,0.000915
1061,Geneva County,,AL,1919,25596,27515,5,6,11,1109,1172,2281,7,0.270791,0.283098,9.204745,0,0.000181,0.000401,18,0.000128,30,0.5,0.001486
1063,Greene County,,AL,544,9804,10348,3,3,6,243,306,549,7,0.252285,0.261648,0.958333,0,0.000066,0.000042,18,0.000125,30,0.833333,0.00064
1065,Hale County,,AL,1055,18615,19670,3,3,6,510,644,1154,6,0.288243,0.301001,0.340909,0,0.000065,0.000392,18,0.000115,30,0.666667,0.000626
1067,Henry County,,AL,1248,18127,19375,3,3,6,741,702,1443,7,0.257074,0.266916,0,0,0.000134,0.000076,18,0.000096,30,1,0.00086
1069,Houston County,,AL,6461,96915,103376,18,28,46,3601,3683,7284,6,0.324197,0.34579,14281.1179,0,0.002429,0.00723,18,0.00036,30,0.41133,0.018887
1071,Jackson County,,AL,2903,57981,60884,7,9,16,1408,1710,3118,6,0.291315,0.305602,153.028314,0,0.000828,0.000898,18,0.00017,30,0.4,0.005415
1073,Jefferson County,,AL,37494,728766,766260,120,125,245,24136,29504,53640,5,0.404297,0.441724,113209.425089,0,0.04312,0.050048,18,0.001707,30,0.286507,0.310389
1075,Lamar County,,AL,975,17298,18273,4,6,10,337,553,890,7,0.263455,0.274104,40.346966,0,0.000056,0.000066,18,0.00012,30,0.433333,0.000612
1077,Lauderdale County,,AL,4861,94558,99419,11,16,27,2313,2653,4966,6,0.315206,0.331993,5722.901957,0,0.001312,0.002378,18,0.000262,30,0.367647,0.010335
1079,Lawrence County,,AL,2075,37828,39903,5,7,12,1198,1481,2679,7,0.279433,0.291428,281.668804,0,0.000323,0.000349,18,0.00013,30,0.714286,0.002901
1081,Lee County,,AL,9486,106567,116053,32,28,60,6285,5192,11477,6,0.317868,0.339159,3045.802783,0,0.004935,0.006409,18,0.000546,30,0.314565,0.036982
1083,Limestone County,,AL,3961,73422,77383,8,7,15,2588,2411,4999,6,0.289684,0.303077,27.276407,0,0.000749,0.000707,18,0.000178,30,0.611111,0.005849
1085,Lowndes County,,AL,885,13845,14730,3,3,6,508,624,1132,7,0.278119,0.289651,2.094127,0,0.000267,0.00022,18,0.000092,30,0.666667,0.001922
1087,Macon County,,AL,1527,21270,22797,3,4,7,524,741,1265,7,0.278199,0.28991,1.652769,0,0.000331,0.000262,18,0.000094,30,0.666667,0.002263
1089,Madison County,,AL,16037,321071,337108,83,71,154,11112,9214,20326,6,0.386503,0.417708,37767.62545,0,0.03681,0.033509,18,0.001123,30,0.428964,0.265493
1091,Marengo County,,AL,1210,23779,24989,8,6,14,502,460,962,6,0.288444,0.301691,1163.303696,0,0.000497,0.000393,18,0.000227,30,0.339286,0.003675
1093,Marion County,,AL,1575,26258,27833,6,9,15,590,849,1439,6,0.28876,0.302611,847.799011,0,0.000421,0.000411,18,0.000156,30,0.416667,0.003181
1095,Marshall County,,AL,5041,84205,89246,11,10,21,3479,3229,6708,6,0.29041,0.304469,53.423083,0,0.001028,0.000769,18,0.00022,30,0.568182,0.00785
1097,Mobile County,,AL,18450,424695,443145,65,76,141,8031,11154,19185,6,0.383536,0.415585,36221.056972,0,0.027636,0.031496,18,0.000897,30,0.387196,0.200414
1099,Monroe County,,AL,1265,25801,27066,6,8,14,462,580,1042,6,0.292137,0.306602,832.222874,0,0.000367,0.001035,18,0.00016,30,0.553571,0.003065
1101,Montgomery County,,AL,17967,237207,255174,74,76,150,10422,11942,22364,6,0.384912,0.417058,61792.542956,0,0.025763,0.030772,18,0.001126,30,0.339888,0.192401
1103,Morgan County,,AL,7276,124518,131794,16,18,34,3854,4311,8165,6,0.329768,0.350132,2913.87199,0,0.00274,0.003061,18,0.000306,30,0.406926,0.019932
1105,Perry County,,AL,580,10528,11108,1,4,5,64,212,276,6,0.288301,0.301231,0.794444,0,0.000014,0.000395,18,0.000059,30,0.666667,0.000134
1107,Pickens County,,AL,1057,22392,23449,3,3,6,469,529,998,6,0.288904,0.301748,37.854372,0,0.000103,0.000412,18,0.000101,30,0.666667,0.000783
1109,Pike County,,AL,2045,26356,28401,9,10,19,862,1020,1882,6,0.291286,0.305722,75.591143,0,0.000463,0.000741,18,0.000218,30,0.518182,0.003542
1111,Randolph County,,AL,1250,22759,24009,7,7,14,601,628,1229,7,0.243796,0.254055,99.5373,0,0.000194,0.000145,18,0.000181,30,0.333333,0.002161
1113,Russell County,,AL,5563,50486,56049,7,5,12,3570,3778,7348,7,0.286732,0.299698,75.450876,0,0.001235,0.000531,18,0.000171,30,0.619048,0.009085
1115,St. Clair County,,AL,4545,63681,68226,6,8,14,3862,3069,6931,6,0.289858,0.303537,4.46051,0,0.000605,0.00084,18,0.000136,30,0.785714,0.004247
1117,Shelby County,,AL,13450,156037,169487,38,39,77,12405,9215,21620,6,0.35187,0.37917,7113.776152,0,0.012566,0.015457,18,0.000568,30,0.453656,0.091527
1119,Sumter County,,AL,985,14083,15068,4,5,9,228,385,613,6,0.288847,0.302266,144.412521,0,0.000118,0.000443,18,0.000131,30,0.533333,0.001077
1121,Talladega County,,AL,4116,79055,83171,12,12,24,2656,2504,5160,6,0.292137,0.307241,1541.4043,0,0.001661,0.001277,18,0.000235,30,0.549451,0.012256
1123,Tallapoosa County,,AL,2498,41288,43786,9,11,20,1071,1469,2540,6,0.290497,0.30486,587.622601,0,0.000808,0.000777,18,0.000203,30,0.554545,0.00573
1125,Tuscaloosa County,,AL,9442,168792,178234,34,27,61,5184,4726,9910,6,0.336898,0.359886,17903.00142,0,0.004562,0.007241,18,0.000619,30,0.27027,0.034147
1127,Walker County,,AL,3110,69542,72652,8,9,17,1745,1702,3447,6,0.289482,0.303623,193.815898,0,0.000613,0.000735,18,0.000184,30,0.527778,0.004507
1129,Washington County,,AL,968,18784,19752,3,3,6,531,492,1023,7,0.277506,0.289053,734.473503,0,0.000269,0.000228,18,0.000091,30,0.416667,0.001929
1131,Wilcox County,,AL,680,13256,13936,4,4,8,265,290,555,7,0.278306,0.29014,6.906231,0,0.000033,0.00022,18,0.000127,30,0.45,0.000506
1133,Winston County,,AL,1481,24964,26445,5,6,11,797,781,1578,6,0.288387,0.301547,356.546102,0,0.000424,0.00039,18,0.000133,30,0.566667,0.003148
2013,Aleutians East Borough,,AK,328,1496,1824,0,1,1,0,64,64,7,0.28162,0.293527,0,0,0,0.000374,183,0.000051,31,0,0
2016,Aleutians West Census Area,,AK,727,3974,4701,2,2,4,99,151,250,6,0.311881,0.326927,0,0,0.001065,0.001231,183,0.000076,30,1,0.007899
2020,Anchorage Municipality,,AK,24428,280105,304533,127,107,234,16212,15159,31371,6,0.391886,0.427415,80569.24092,0,0.045932,0.040224,183,0.001981,30,0.296617,0.332568
2050,Bethel Census Area,,AK,854,15479,16333,3,4,7,261,417,678,7,0.283312,0.295872,4.22662,0,0.000478,0.000556,183,0.000118,30,0.666667,0.004036
2060,Bristol Bay Borough,,AK,197,1267,1464,0,1,1,0,48,48,7,0.28162,0.293527,0,0,0,0.000374,183,0.000051,32,0,0
2068,Denali Borough,,AK,384,2101,2485,2,2,4,102,93,195,7,0.283257,0.295526,0,0,0.000475,0.000514,183,0.000079,30,1,0.003925
2070,Dillingham Census Area,,AK,373,4451,4824,1,1,2,79,111,190,7,0.281578,0.293456,0,0,0.000328,0.000374,183,0.000066,30,0,0.002796
2090,Fairbanks North Star Borough,,AK,11945,90264,102209,49,53,102,5741,5731,11472,6,0.360269,0.388653,16207.257584,0,0.017203,0.018111,183,0.000805,30,0.390999,0.126944
2100,Haines Borough,,AK,281,2554,2835,0,1,1,0,40,40,7,0.238738,0.245586,0,0,0,0.000017,183,0.000051,33,0,0
2105,Hoonah-Angoon Census Area,,AK,0,0,0,0,0,0,0,0,0,0,0,0,0,1,0,0,0,0.000051,34,0,0
2110,Juneau City and Borough,,AK,2957,33747,36704,11,9,20,911,955,1866,6,0.313501,0.329653,20570.09484,0,0.002069,0.001512,183,0.000367,30,0.198718,0.015738
2122,Kenai Peninsula Borough,,AK,3937,52363,56300,11,7,18,1624,1551,3175,6,0.332416,0.350851,633.31424,0,0.003453,0.003092,183,0.000256,30,0.490909,0.027215
2130,Ketchikan Gateway Borough,,AK,1583,14316,15899,2,6,8,133,461,594,6,0.312352,0.328163,2986.900001,0,0.000016,0.001675,183,0.000104,30,0.6,0.000313
2150,Kodiak Island Borough,,AK,1885,15165,17050,1,4,5,141,528,669,7,0.281797,0.294232,0,0,0.000328,0.000458,183,0.000066,30,0.75,0.002796
2164,Lake and Peninsula Borough,,AK,231,1314,1545,0,1,1,0,73,73,7,0.28162,0.293527,0,0,0,0.000374,183,0.000051,35,0,0
2170,Matanuska-Susitna Borough,,AK,4518,61666,66184,15,8,23,3994,2071,6065,6,0.333679,0.35245,877.195679,0,0.004819,0.004092,183,0.000317,30,0.485714,0.037831
2180,Nome Census Area,,AK,643,8344,8987,2,2,4,158,247,405,7,0.283257,0.295526,0,0,0.000475,0.000514,183,0.000079,30,1,0.003925
2185,North Slope Borough,,AK,697,7043,7740,2,2,4,89,275,364,7,0.283257,0.295526,0,0,0.000475,0.000514,183,0.000079,30,1,0.003925
2188,Northwest Arctic Borough,,AK,564,6264,6828,1,3,4,110,288,398,7,0.283284,0.295699,0,0,0.000328,0.000542,183,0.000066,30,1,0.002796
2195,Petersburg Census Area,,AK,0,0,0,0,0,0,0,0,0,0,0,0,0,2,0,0,1,0.000051,36,0,0
2220,Sitka City and Borough,,AK,970,9543,10513,3,3,6,151,190,341,7,0.28177,0.29406,0.8,0,0.001172,0.000419,183,0.000112,30,0.833333,0.009014
2230,Skagway Municipality,,AK,0,0,0,1,1,2,49,99,148,7,0.238695,0.245498,0,0,0.000012,0.000017,183,0.000085,30,0,0.000224
2240,Southeast Fairbanks Census Area,,AK,712,5972,6684,1,3,4,78,234,312,7,0.283284,0.295699,0,0,0.000148,0.000553,183,0.000064,30,1,0.001129
2261,Valdez-Cordova Census Area,,AK,1327,10797,12124,4,4,8,376,589,965,7,0.283312,0.295872,0,0,0.000534,0.000582,183,0.000144,30,1,0.00464
2270,Wade Hampton Census Area,,AK,366,6396,6762,2,2,4,162,182,344,7,0.281605,0.293629,0,0,0.000332,0.000378,183,0.000092,30,1,0.002918
2282,Yakutat City and Borough,,AK,150,573,723,0,0,0,0,0,0,0,0,0,0,3,0,0,2,0.000051,37,0,0
2290,Yukon-Koyukuk Census Area,,AK,616,5913,6529,2,2,4,228,348,576,7,0.283257,0.295526,0,0,0.000475,0.000514,183,0.000079,30,1,0.003925
4001,Apache County,,AZ,8169,56268,64437,14,14,28,6102,6872,12974,6,0.331921,0.351265,192.203713,0,0.005235,0.00387,5,0.000263,30,0.628676,0.041324
4003,Cochise County,,AZ,13404,112947,126351,52,48,100,6853,7321,14174,6,0.357072,0.383885,1309.490871,0,0.022045,0.019405,5,0.000665,30,0.490395,0.160984
4005,Coconino County,,AZ,12993,119978,132971,32,32,64,8954,8506,17460,6,0.345082,0.36845,1050.953198,0,0.01477,0.01438,5,0.000493,30,0.600996,0.109784
4007,Gila County,,AZ,4167,51592,55759,11,9,20,2960,2681,5641,6,0.330482,0.348562,9.558663,0,0.005382,0.002716,5,0.000197,30,0.810606,0.041061
4009,Graham County,,AZ,2243,26278,28521,6,8,14,873,1386,2259,6,0.330407,0.348332,1128.634788,0,0.001989,0.00249,5,0.000137,30,0.777778,0.016541
4011,Greenlee County,,AZ,1151,8405,9556,2,5,7,143,621,764,6,0.329993,0.347412,1.146645,0,0.000048,0.00221,5,0.000081,30,0.7,0.000531
4012,La Paz County,,AZ,1776,14023,15799,8,8,16,687,835,1522,6,0.337016,0.355613,0,0,0.004818,0.005128,5,0.000145,30,1,0.035574
4013,Maricopa County,,AZ,156355,3247031,3403386,613,525,1138,178508,133887,312395,5,0.491937,0.556746,867808.749556,0,0.140616,0.134232,5,0.008236,30,0.081672,1
4015,Mohave County,,AZ,12456,150428,162884,54,33,87,11563,7157,18720,6,0.347649,0.371912,345.010996,0,0.023647,0.014646,5,0.000657,30,0.592636,0.169801
4017,Navajo County,,AZ,7469,87124,94593,19,14,33,7258,5400,12658,6,0.332416,0.351628,72.514107,0,0.007076,0.004706,5,0.00031,30,0.655263,0.055496
4019,Pima County,,AZ,46196,881119,927315,250,193,443,40932,32756,73688,5,0.430609,0.472222,48864.671608,0,0.099474,0.081809,5,0.002887,30,0.269368,0.684167
4021,Pinal County,,AZ,12923,141089,154012,31,22,53,14069,8454,22523,6,0.35,0.372999,240.90434,0,0.016305,0.010771,5,0.000409,30,0.643393,0.115797
4023,Santa Cruz County,,AZ,2551,45408,47959,6,5,11,1352,1797,3149,6,0.336585,0.354906,0,0,0.004593,0.003641,5,0.000116,30,1,0.034118
4025,Yavapai County,,AZ,12291,167131,179422,51,27,78,12036,7201,19237,6,0.348234,0.371687,343.570158,0,0.025963,0.014125,5,0.000624,30,0.662013,0.185345
4027,Yuma County,,AZ,12249,166852,179101,38,41,79,7134,6989,14123,6,0.354756,0.380889,231.687585,0,0.019206,0.020918,5,0.000464,30,0.663636,0.138998
5001,Arkansas County,,AR,1401,22418,23819,4,5,9,339,557,896,7,0.286081,0.298448,4.216667,0,0.000395,0.00032,3,0.000138,30,0.6,0.002763
5003,Ashley County,,AR,1316,25448,26764,6,6,12,483,477,960,7,0.286845,0.299857,58.561187,0,0.00042,0.000374,3,0.000194,30,0.4,0.003381
5005,Baxter County,,AR,2923,40847,43770,11,11,22,989,1021,2010,7,0.292934,0.307638,10499.384101,0,0.00157,0.000822,3,0.000289,30,0.324176,0.011412
5007,Benton County,,AR,12434,175419,187853,66,36,102,10568,7071,17639,6,0.359152,0.385553,26875.418217,0,0.023763,0.012294,3,0.001144,30,0.332055,0.172461
5009,Boone County,,AR,2596,37075,39671,11,10,21,1254,1141,2395,7,0.292609,0.306919,10092.055033,0,0.000813,0.000821,3,0.000365,30,0.327273,0.007373
5011,Bradley County,,AR,799,12842,13641,4,2,6,257,204,461,7,0.285968,0.297873,96.877923,0,0.000349,0.000301,3,0.000129,30,0.333333,0.002608
5013,Calhoun County,,AR,356,5673,6029,1,2,3,87,112,199,7,0.243202,0.250603,0,0,0.00001,0.000017,3,0.000069,30,1,0.000123
5015,Carroll County,,AR,1914,25038,26952,6,5,11,596,701,1297,7,0.273525,0.284392,19.936525,0,0.00025,0.00034,3,0.000222,30,0.533333,0.003255
5017,Chicot County,,AR,1258,13128,14386,5,6,11,373,581,954,7,0.286619,0.299414,36.335005,0,0.000394,0.000343,3,0.00016,30,0.533333,0.002918
5019,Clark County,,AR,1936,22996,24932,8,7,15,643,811,1454,7,0.286307,0.299138,3238.548367,0,0.000425,0.000391,3,0.000239,30,0.357143,0.003706
5021,Clay County,,AR,1191,17185,18376,5,6,11,539,616,1155,7,0.249355,0.258896,163.847754,0,0.000027,0.000023,3,0.000207,30,0.466667,0.000739
5023,Cleburne County,,AR,1995,29110,31105,9,6,15,1228,962,2190,7,0.286222,0.298851,908.692683,0,0.00107,0.000347,3,0.000243,30,0.541667,0.007941
5025,Cleveland County,,AR,689,9743,10432,2,3,5,278,274,552,7,0.257715,0.266625,0.833333,0,0.000045,0.000015,3,0.000079,30,0.333333,0.000301
5027,Columbia County,,AR,1492,26100,27592,6,10,16,549,702,1251,6,0.320186,0.337267,4675.480925,0,0.001258,0.001258,3,0.00015,30,0.366667,0.009189
5029,Conway County,,AR,1543,23015,24558,6,5,11,871,876,1747,7,0.286137,0.298563,5.083308,0,0.000388,0.000341,3,0.000213,30,0.6,0.003166
5031,Craighead County,,AR,5988,83439,89427,27,24,51,4036,3381,7417,6,0.327051,0.347291,29426.525547,0,0.001371,0.002304,3,0.000682,30,0.230296,0.011912
5033,Crawford County,,AR,4211,57315,61526,10,9,19,3036,2681,5717,7,0.288645,0.302157,272.499848,0,0.000793,0.000715,3,0.000264,30,0.563636,0.006969
5035,Crittenden County,,AR,3943,54364,58307,10,11,21,1923,2233,4156,6,0.334603,0.353439,6825.704162,0,0.002129,0.002102,143,0.000246,30,0.454545,0.014971
5037,Cross County,,AR,1576,20503,22079,5,7,12,655,775,1430,6,0.311178,0.325443,375.540755,0,0.000047,0.000963,3,0.000166,30,0.619048,0.000838
5039,Dallas County,,AR,598,8186,8784,1,5,6,62,282,344,7,0.286137,0.298563,3.415909,0,0.00001,0.000316,3,0.000069,30,0.5,0.000123
5041,Desha County,,AR,1223,16544,17767,5,5,10,391,544,935,7,0.286137,0.298534,312.86617,0,0.000394,0.000317,3,0.000165,30,0.8,0.002855
5043,Drew County,,AR,1577,18169,19746,7,7,14,640,649,1289,7,0.286222,0.298937,326.728073,0,0.000399,0.000323,3,0.000246,30,0.52381,0.003087
5045,Faulkner County,,AR,7940,94232,102172,24,22,46,5217,4667,9884,6,0.328646,0.349419,6217.275692,0,0.002608,0.003596,3,0.000572,30,0.285057,0.021868
5047,Franklin County,,AR,1258,17147,18405,5,5,10,623,750,1373,7,0.271806,0.282414,23.226116,0,0.000212,0.0002,3,0.000159,30,0.75,0.002016
5049,Fulton County,,AR,1044,12151,13195,5,6,11,421,525,946,7,0.247989,0.257435,374.287527,0,0.000026,0.000032,3,0.000208,30,0.366667,0.000719
5051,Garland County,,AR,5993,97979,103972,30,23,53,3432,2613,6045,6,0.353285,0.376311,19657.619448,0,0.009234,0.007159,3,0.000624,30,0.365927,0.06953
5053,Grant County,,AR,1655,20505,22160,5,5,10,900,985,1885,7,0.286166,0.298621,0.959524,0,0.000454,0.000399,3,0.000145,30,0.9,0.003494
5055,Greene County,,AR,2244,39275,41519,7,7,14,1148,1017,2165,7,0.248159,0.257694,39.1126,0,0.000032,0.000027,3,0.000252,30,0.52381,0.00095
5057,Hempstead County,,AR,1720,24602,26322,6,6,12,680,699,1379,7,0.28642,0.299196,946.506624,0,0.000081,0.000357,174,0.00017,30,0.357143,0.001071
5059,Hot Spring County,,AR,1819,28172,29991,5,6,11,1001,1101,2102,7,0.286194,0.298793,1.401681,0,0.000415,0.000412,3,0.00016,30,0.8,0.003413
5061,Howard County,,AR,1055,13909,14964,4,6,10,337,458,795,7,0.25054,0.259719,36.310266,0,0.000056,0.000057,174,0.000157,30,0.433333,0.000743
5063,Independence County,,AR,2553,37496,40049,10,11,21,1079,1183,2262,7,0.288847,0.302733,6353.252608,0,0.000415,0.000667,3,0.000317,30,0.386364,0.003752
5065,Izard County,,AR,921,11540,12461,3,5,8,287,339,626,7,0.247608,0.256734,17.77407,0,0.000012,0.000028,3,0.000127,30,0.7,0.000432
5067,Jackson County,,AR,1219,17578,18797,5,6,11,536,625,1161,7,0.286505,0.299339,160.546854,0,0.000388,0.000352,3,0.000153,30,0.642857,0.002996
5069,Jefferson County,,AR,5236,84349,89585,17,21,38,2032,2978,5010,6,0.347024,0.369306,11028.021295,0,0.001499,0.005195,3,0.000399,30,0.316667,0.012141
5071,Johnson County,,AR,1520,22993,24513,5,6,11,514,666,1180,7,0.271857,0.282644,273.747555,0,0.000179,0.000209,3,0.00017,30,0.642857,0.002491
5073,Lafayette County,,AR,549,7489,8038,1,3,4,98,261,359,7,0.243796,0.25184,0,0,0.00001,0.000023,174,0.000063,30,0.666667,0.000168
5075,Lawrence County,,AR,1463,17642,19105,7,5,12,748,805,1553,7,0.246617,0.255342,32.081979,0,0.000045,0.000015,3,0.000253,30,0.52381,0.001031
5077,Lee County,,AR,777,10481,11258,3,4,7,230,339,569,7,0.251018,0.259281,3.108333,0,0.000033,0.000034,3,0.000103,30,0.333333,0.000503
5079,Lincoln County,,AR,755,8194,8949,4,4,8,313,387,700,7,0.286053,0.298275,97.16959,0,0.000048,0.000317,3,0.000147,30,0.7,0.000546
5081,Little River County,,AR,903,13968,14871,5,3,8,477,413,890,7,0.250389,0.258971,12.498353,0,0.000088,0.000055,174,0.000147,30,0.6,0.00102
5083,Logan County,,AR,1641,22898,24539,7,8,15,838,800,1638,7,0.267467,0.278599,51.787803,0,0.00009,0.000276,3,0.00022,30,0.5,0.001339
5085,Lonoke County,,AR,5172,60348,65520,9,12,21,3936,3127,7063,7,0.288962,0.303078,53.475684,0,0.000466,0.000788,3,0.000259,30,0.590909,0.003859
5087,Madison County,,AR,1202,13679,14881,3,3,6,684,815,1499,7,0.273293,0.283645,0,0,0.000236,0.000329,3,0.000134,30,1,0.002732
5089,Marion County,,AR,1512,14942,16454,2,3,5,502,650,1152,7,0.271755,0.282069,0,0,0.000013,0.000153,3,0.000104,30,1,0.000359
5091,Miller County,,AR,3762,39661,43423,10,10,20,2549,2492,5041,6,0.321785,0.339614,5329.926964,0,0.001447,0.0023,174,0.00024,30,0.378205,0.010836
5093,Mississippi County,,AR,3672,53191,56863,8,14,22,867,1724,2591,6,0.317519,0.334081,6854.932268,0,0.001044,0.001484,3,0.000222,30,0.302198,0.007648
5095,Monroe County,,AR,806,9952,10758,4,3,7,204,225,429,7,0.286024,0.298103,141.008216,0,0.000354,0.00031,3,0.000135,30,0.5,0.00267
5097,Montgomery County,,AR,662,8562,9224,3,2,5,189,258,447,7,0.261175,0.270121,0.717022,0,0.000063,0.000076,3,0.000127,30,0.666667,0.000883
5099,Nevada County,,AR,827,9814,10641,2,3,5,259,352,611,7,0.242836,0.250558,3.090909,0,0.000006,0.000007,174,0.000104,30,0.5,0.000236
5101,Newton County,,AR,620,7814,8434,1,1,2,194,265,459,8,0.226389,0.232688,0,0,0.000007,0.000007,3,0.000082,30,0,0.000164
5103,Ouachita County,,AR,1841,28975,30816,7,9,16,608,820,1428,6,0.320115,0.337037,9473.154599,0,0.000371,0.001236,3,0.000197,30,0.311111,0.003064
5105,Perry County,,AR,887,9816,10703,4,4,8,599,505,1104,7,0.286109,0.298391,0.701681,0,0.000382,0.000337,3,0.000141,30,0.8,0.002909
5107,Phillips County,,AR,1836,25404,27240,3,9,12,203,804,1007,6,0.311379,0.326018,1006.013251,0,0.000673,0.001017,3,0.000097,30,0.416667,0.004672
5109,Pike County,,AR,737,9740,10477,4,4,8,346,319,665,7,0.261434,0.270927,56.765373,0,0.000063,0.00008,3,0.000179,30,0.333333,0.001005
5111,Poinsett County,,AR,1818,24676,26494,6,5,11,927,1068,1995,7,0.256437,0.265946,1005.978791,0,0.000715,0.000038,3,0.00017,30,0.7,0.00526
5113,Polk County,,AR,1244,19745,20989,4,7,11,205,367,572,7,0.273965,0.285428,112.75976,0,0.000144,0.000476,3,0.000128,30,0.446429,0.001506
5115,Pope County,,AR,3901,53793,57694,14,12,26,1952,1779,3731,7,0.28902,0.303193,3633.652717,0,0.001845,0.000802,3,0.000363,30,0.419048,0.014946
5117,Prairie County,,AR,631,9467,10098,4,3,7,284,286,570,7,0.286024,0.298103,0.611111,0,0.00037,0.000319,3,0.000127,30,0.833333,0.002786
5119,Pulaski County,,AR,28486,397754,426240,108,111,219,18649,19976,38625,6,0.400332,0.435818,167083.339277,0,0.036595,0.042202,3,0.001917,30,0.27913,0.269306
5121,Randolph County,,AR,1179,17778,18957,4,4,8,539,485,1024,7,0.24668,0.255244,2.416423,0,0.000019,0.000012,3,0.000178,30,0.833333,0.00055
5123,St. Francis County,,AR,1867,25613,27480,7,7,14,752,1030,1782,6,0.311178,0.325443,1693.828698,0,0.001049,0.000952,3,0.000201,30,0.547619,0.007505
5125,Saline County,,AR,5460,73179,78639,11,13,24,4103,3576,7679,7,0.288703,0.302761,260.506551,0,0.001299,0.000778,3,0.000271,30,0.505495,0.009775
5127,Scott County,,AR,821,11364,12185,3,4,7,325,406,731,7,0.279811,0.29222,47.902559,0,0.000078,0.00037,3,0.000113,30,0.333333,0.000813
5129,Searcy County,,AR,519,6511,7030,1,3,4,43,141,184,7,0.248435,0.257384,1.87619,0,0.000007,0.000031,3,0.000082,30,0.5,0.000164
5131,Sebastian County,,AR,9674,119158,128832,23,24,47,5594,6009,11603,6,0.355104,0.378819,13054.873352,0,0.007045,0.008392,3,0.000469,30,0.430769,0.052723
5133,Sevier County,,AR,1108,14870,15978,5,5,10,300,391,691,7,0.272189,0.283104,156.108818,0,0.000039,0.000151,174,0.000161,30,0.233333,0.000694
5135,Sharp County,,AR,1201,12517,13718,6,4,10,560,483,1043,7,0.246743,0.255417,8.717298,0,0.000037,0.000015,3,0.000207,30,0.5,0.000832
5137,Stone County,,AR,706,11264,11970,1,3,4,49,170,219,8,0.224234,0.230857,0.87619,0,0.000005,0.000015,3,0.000075,30,0.666667,0.000135
5139,Union County,,AR,2567,48535,51102,8,9,17,794,939,1733,6,0.321001,0.337963,2871.386573,0,0.001686,0.001403,3,0.000204,30,0.3,0.011989
5141,Van Buren County,,AR,1056,13261,14317,6,4,10,436,388,824,7,0.286024,0.298218,902.179207,0,0.000379,0.000331,3,0.000203,30,0.4,0.00307
5143,Washington County,,AR,13984,151031,165015,53,45,98,8976,8617,17593,6,0.372637,0.399816,37104.893611,0,0.016414,0.016391,3,0.001001,30,0.299539,0.1209
5145,White County,,AR,4417,64044,68461,14,15,29,2361,2197,4558,6,0.325399,0.344393,5791.40948,0,0.002139,0.002132,3,0.000341,30,0.459559,0.015845
5147,Woodruff County,,AR,599,7720,8319,2,4,6,113,299,412,7,0.286109,0.298391,4.328948,0,0.000025,0.000319,3,0.00009,30,0.583333,0.000337
5149,Yell County,,AR,1681,20083,21764,3,4,7,544,891,1435,7,0.286166,0.298506,44.966996,0,0.00001,0.000317,3,0.000124,30,0.6,0.000453
6001,Alameda County,,CA,139084,1565389,1704473,177,223,400,91430,128584,220014,5,0.431443,0.47672,18300.345493,0,0.084036,0.0929,5,0.001803,30,0.324932,0.568704
6003,Alpine County,,CA,127,1061,1188,0,0,0,0,0,0,0,0,0,0,4,0,0,4,0.000051,38,0,0
6005,Amador County,,CA,2067,35257,37324,13,7,20,2216,1021,3237,6,0.328385,0.34556,9.674331,0,0.006063,0.00247,5,0.000159,30,0.961538,0.039528
6007,Butte County,,CA,11387,199055,210442,51,51,102,10930,8480,19410,6,0.345411,0.370997,1291.798332,0,0.017298,0.018449,5,0.000598,30,0.63468,0.121617
6009,Calaveras County,,CA,2824,42682,45506,15,10,25,3408,1580,4988,6,0.3047,0.320462,1.580028,0,0.006833,0.003347,5,0.000176,30,0.9125,0.04355
6011,Colusa County,,CA,1182,20948,22130,6,6,12,481,570,1051,6,0.292639,0.305975,1.470283,0,0.001249,0.00103,5,0.000119,30,0.809524,0.008969
6013,Contra Costa County,,CA,72500,1057536,1130036,127,162,289,65165,64154,129319,5,0.412116,0.452479,7595.172426,0,0.063785,0.073478,5,0.00132,30,0.407338,0.434928
6015,Del Norte County,,CA,1789,21774,23563,9,6,15,683,487,1170,6,0.292786,0.306263,6.356718,0,0.003991,0.001161,5,0.000151,30,0.818182,0.029255
6017,El Dorado County,,CA,12179,175117,187296,42,37,79,13354,9043,22397,6,0.341907,0.364982,111.259886,0,0.017814,0.015347,5,0.00046,30,0.768182,0.122451
6019,Fresno County,,CA,30625,813457,844082,74,84,158,28287,24118,52405,6,0.378725,0.41114,6834.615087,0,0.032896,0.035187,5,0.000781,30,0.543011,0.228145
6021,Glenn County,,CA,1685,27818,29503,7,5,12,923,937,1860,6,0.292668,0.305918,21.79818,0,0.002836,0.000924,5,0.000132,30,0.803571,0.019674
6023,Humboldt County,,CA,7485,124506,131991,43,45,88,5203,4853,10056,6,0.342756,0.367023,2907.042032,0,0.016136,0.017258,5,0.000468,30,0.71216,0.112169
6025,Imperial County,,CA,9402,171525,180927,22,25,47,6121,7357,13478,6,0.340101,0.361255,5.670847,0,0.011616,0.012438,5,0.00026,30,0.874339,0.081649
6027,Inyo County,,CA,1445,20281,21726,8,6,14,883,488,1371,6,0.332416,0.350121,1.46517,0,0.005047,0.003459,5,0.000128,30,0.928571,0.035319
6029,Kern County,,CA,28876,661047,689923,89,88,177,26433,19951,46384,6,0.375486,0.408753,2151.855271,0,0.038688,0.037264,5,0.000984,30,0.46341,0.276509
6031,Kings County,,CA,9321,114140,123461,40,36,76,6965,5787,12752,6,0.353113,0.378295,267.943248,0,0.018254,0.017861,5,0.000438,30,0.658081,0.128438
6033,Lake County,,CA,3368,53281,56649,23,18,41,3890,1782,5672,6,0.335883,0.355958,4.454653,0,0.010902,0.008089,5,0.000245,30,0.978261,0.073394
6035,Lassen County,,CA,2009,25882,27891,15,9,24,1063,910,1973,6,0.328683,0.34625,494.762945,0,0.00659,0.002541,5,0.000217,30,0.783333,0.044835
6037,Los Angeles County,,CA,358167,9806886,10165053,437,492,929,254749,335882,590631,5,0.487961,0.550098,408141.981497,0,0.131909,0.133839,5,0.005266,30,0.11953,0.922666
6039,Madera County,,CA,7020,113159,120179,28,23,51,7365,5000,12365,6,0.339901,0.360824,23.928081,0,0.013353,0.011328,5,0.000287,30,0.903941,0.090492
6041,Marin County,,CA,20475,251862,272337,42,62,104,12912,16420,29332,6,0.367021,0.396676,237.683559,0,0.023657,0.031222,5,0.000415,30,0.689236,0.160416
6043,Mariposa County,,CA,1439,16971,18410,10,7,17,831,604,1435,6,0.332568,0.350282,0.208333,0,0.004752,0.002899,5,0.000134,30,0.955556,0.031959
6045,Mendocino County,,CA,4837,89427,94264,22,27,49,3046,2787,5833,6,0.339543,0.361036,6.107795,0,0.010095,0.011079,5,0.000232,30,0.859606,0.065675
6047,Merced County,,CA,11791,216327,228118,33,39,72,12308,8955,21263,6,0.354192,0.379308,103.139306,0,0.014962,0.017025,5,0.000338,30,0.815912,0.10158
6049,Modoc County,,CA,710,8629,9339,3,1,4,138,67,205,7,0.253388,0.26165,0.3,0,0.000223,0.000081,5,0.000098,30,0.666667,0.002325
6051,Mono County,,CA,1642,11163,12805,6,9,15,608,807,1415,6,0.332606,0.350753,0.968015,0,0.004269,0.004478,5,0.000111,30,0.809091,0.029201
6053,Monterey County,,CA,30960,419023,449983,73,99,172,17508,23505,41013,6,0.37754,0.411841,1800.916925,0,0.034623,0.042054,5,0.000754,30,0.454212,0.244528
6055,Napa County,,CA,9481,141842,151323,32,35,67,8742,7185,15927,6,0.341826,0.364637,12.584437,0,0.015241,0.014693,5,0.000326,30,0.937302,0.103957
6057,Nevada County,,CA,7167,105129,112296,36,30,66,6726,4920,11646,6,0.341343,0.363555,2976.422844,0,0.015715,0.012775,5,0.000367,30,0.804318,0.107518
6059,Orange County,,CA,172458,3105670,3278128,241,302,543,132913,158694,291607,5,0.451895,0.501881,57206.4163,0,0.102609,0.111776,5,0.002641,30,0.232189,0.706826
6061,Placer County,,CA,21035,286942,307977,63,58,121,30924,17070,47994,6,0.351699,0.379497,679.656781,0,0.026686,0.022832,5,0.000685,30,0.604833,0.1878
6063,Plumas County,,CA,1668,21528,23196,11,5,16,850,638,1488,6,0.293231,0.306671,18.644267,0,0.004534,0.001202,5,0.00018,30,0.810606,0.03089
6065,Riverside County,,CA,91503,1618970,1710473,196,177,373,138571,79019,217590,5,0.423498,0.464435,24297.325373,0,0.082245,0.072405,5,0.002248,30,0.302393,0.572913
6067,Sacramento County,,CA,70515,1323675,1394190,158,159,317,83426,60738,144164,5,0.41335,0.453313,28088.439111,0,0.068191,0.066954,5,0.001887,30,0.360994,0.483064
6069,San Benito County,,CA,5060,60057,65117,11,23,34,3501,3655,7156,6,0.340061,0.360967,0.089831,0,0.006576,0.009946,5,0.000137,30,0.967391,0.043608
6071,San Bernardino County,,CA,113951,1738405,1852356,192,230,422,122892,98636,221528,5,0.439157,0.483494,30898.743946,0,0.081879,0.089641,5,0.002136,30,0.279647,0.568221
6073,San Diego County,,CA,186432,3120327,3306759,441,470,911,149701,158269,307970,5,0.483161,0.544324,338657.353857,0,0.131576,0.133299,5,0.00532,30,0.125043,0.924984
6075,San Francisco County,,CA,91462,834751,926213,131,154,285,56386,83523,139909,5,0.409496,0.449574,5284.343311,0,0.07093,0.074906,5,0.001282,30,0.47412,0.476704
6077,San Joaquin County,,CA,32075,592275,624350,63,79,142,38988,26223,65211,6,0.362885,0.394295,1217.969438,0,0.028144,0.030548,5,0.000653,30,0.537255,0.196354
6079,San Luis Obispo County,,CA,15720,249435,265155,46,53,99,13059,11964,25023,6,0.346526,0.372751,63.885108,0,0.019302,0.021923,5,0.000467,30,0.732456,0.135061
6081,San Mateo County,,CA,77959,781784,859743,92,135,227,48589,71379,119968,6,0.402165,0.440787,3096.827009,0,0.050892,0.065296,5,0.000918,30,0.485766,0.345132
6083,Santa Barbara County,,CA,27961,410418,438379,73,80,153,16842,21221,38063,6,0.37651,0.408989,2416.910891,0,0.035029,0.03683,5,0.000796,30,0.557054,0.247791
6085,Santa Clara County,,CA,160854,1912170,2073024,187,234,421,76886,147586,224472,5,0.42927,0.476116,24909.320458,0,0.084962,0.095638,5,0.001974,30,0.292728,0.578758
6087,Santa Cruz County,,CA,20635,270227,290862,43,73,116,11231,16657,27888,6,0.36744,0.398585,370.685825,0,0.019466,0.030102,5,0.000427,30,0.596081,0.134566
6089,Shasta County,,CA,8296,171846,180142,54,47,101,9853,5479,15332,6,0.342877,0.367455,5043.111013,0,0.019213,0.016524,5,0.000625,30,0.594974,0.135517
6091,Sierra County,,CA,325,3364,3689,1,2,3,87,122,209,7,0.274562,0.286515,0,0,0.000104,0.000333,5,0.000061,30,0.833333,0.000952
6093,Siskiyou County,,CA,2858,43495,46353,17,10,27,1455,1148,2603,6,0.328646,0.346308,255.891081,0,0.007997,0.003304,5,0.000216,30,0.80117,0.053007
6095,Solano County,,CA,33904,424229,458133,79,95,174,27398,26821,54219,6,0.381466,0.415614,4493.725758,0,0.033243,0.039488,5,0.000881,30,0.444205,0.237283
6097,Sonoma County,,CA,27858,506455,534313,63,88,151,18937,21939,40876,6,0.37002,0.402703,1226.483815,0,0.030687,0.036776,5,0.00066,30,0.524194,0.214843
6099,Stanislaus County,,CA,24152,477998,502150,57,68,125,30077,19135,49212,6,0.361798,0.391621,815.528406,0,0.023664,0.027827,5,0.000611,30,0.603678,0.166977
6101,Sutter County,,CA,6230,81915,88145,20,23,43,5406,4448,9854,6,0.340021,0.360996,214.396611,0,0.008488,0.010566,5,0.000241,30,0.886154,0.057952
6103,Tehama County,,CA,3253,49200,52453,20,10,30,2458,1648,4106,6,0.332721,0.351041,95.982557,0,0.007553,0.004971,5,0.000247,30,0.807895,0.049886
6105,Trinity County,,CA,720,11169,11889,2,3,5,260,301,561,7,0.255623,0.265308,0,0,0.000275,0.000353,5,0.000071,30,1,0.002191
6107,Tulare County,,CA,16376,365260,381636,43,51,94,12357,11786,24143,6,0.360134,0.387693,2152.633701,0,0.019509,0.022288,5,0.000433,30,0.676346,0.133834
6109,Tuolumne County,,CA,3349,54323,57672,17,18,35,2991,1927,4918,6,0.339702,0.359961,46.537698,0,0.007547,0.009055,5,0.000193,30,0.880952,0.048697
6111,Ventura County,,CA,43869,835902,879771,106,112,218,37282,34453,71735,6,0.391304,0.42707,2395.466662,0,0.054332,0.052126,5,0.001095,30,0.479194,0.375409
6113,Yolo County,,CA,15296,169023,184319,44,43,87,14084,11765,25849,6,0.342715,0.366736,461.508775,0,0.018881,0.016919,5,0.000454,30,0.774379,0.130326
6115,Yuba County,,CA,6682,52422,59104,23,15,38,4390,3831,8221,6,0.342472,0.362928,205.612079,0,0.010754,0.008409,5,0.00028,30,0.808333,0.076015
8001,Adams County,,CO,48485,400289,448774,81,91,172,47210,39519,86729,6,0.389883,0.423309,25510.019924,0,0.0353,0.039047,96,0.001227,30,0.397894,0.252466
8003,Alamosa County,,CO,1486,14672,16158,5,6,11,564,623,1187,6,0.312925,0.326835,8805.507015,0,0.001393,0.001144,96,0.00018,30,0.380952,0.010375
8005,Arapahoe County,,CO,75454,561865,637319,147,158,305,63940,64494,128434,5,0.42288,0.461295,41843.905469,0,0.070704,0.072067,96,0.001887,30,0.381072,0.491545
8007,Archuleta County,,CO,1034,10145,11179,2,2,4,134,159,293,7,0.259887,0.269431,0,0,0.000161,0.000156,96,0.000081,30,1,0.001361
8009,Baca County,,CO,398,4788,5186,0,0,0,0,0,0,0,0,0,0,5,0,0,6,0.000051,39,0,0
8011,Bent County,,CO,488,5548,6036,3,4,7,149,250,399,6,0.311982,0.325351,37.071304,0,0.000338,0.000868,96,0.000115,30,0.65,0.002417
8013,Boulder County,,CO,36498,316333,352831,125,104,229,24461,27569,52030,6,0.40334,0.437957,12427.015087,0,0.064772,0.050522,96,0.001439,30,0.45364,0.439778
8014,Broomfield County,,CO,0,0,0,0,0,0,0,0,0,0,0,0,0,6,0,0,7,0.000051,40,0,0
8015,Chaffee County,,CO,1409,16980,18389,7,5,12,556,421,977,6,0.313738,0.327669,58.490841,0,0.002741,0.001915,96,0.000145,30,0.714286,0.020537
8017,Cheyenne County,,CO,245,2349,2594,0,0,0,0,0,0,0,0,0,0,7,0,0,8,0.000051,41,0,0
8019,Clear Creek County,,CO,2610,22865,25475,8,7,15,1584,1286,2870,6,0.30371,0.317713,0.233967,0,0.003682,0.00281,96,0.000139,30,0.930556,0.026398
8021,Conejos County,,CO,486,8267,8753,1,1,2,95,189,284,7,0.238362,0.244313,0,0,0.000009,0.000011,96,0.000076,30,0,0.000173
8023,Costilla County,,CO,287,3250,3537,1,0,1,50,0,50,0,0,0,0,0,0.000009,0,96,0.000076,13,0,0.000173
8025,Crowley County,,CO,348,3407,3755,2,2,4,130,147,277,7,0.257348,0.266234,0,0,0.000087,0.000113,96,0.000099,30,1,0.001029
8027,Custer County,,CO,378,3632,4010,1,1,2,79,83,162,7,0.250022,0.257594,0,0,0.000031,0.00003,96,0.000074,30,0,0.000322
8029,Delta County,,CO,2069,28230,30299,13,5,18,1347,843,2190,6,0.298026,0.311071,2.782401,0,0.004518,0.001071,96,0.00024,30,0.852564,0.034724
8031,Denver County,,CO,91116,526319,617435,149,150,299,63576,81084,144660,5,0.424927,0.462158,43210.386503,0,0.069403,0.067745,96,0.001856,30,0.366565,0.474022
8033,Dolores County,,CO,178,1948,2126,1,1,2,61,48,109,7,0.248329,0.255604,0,0,0.000013,0.000021,5,0.000083,30,0,0.000264
8035,Douglas County,,CO,23994,212589,236583,79,74,153,29853,17602,47455,6,0.384963,0.416092,4204.103456,0,0.041008,0.040373,96,0.001024,30,0.572161,0.29764
8037,Eagle County,,CO,6363,43749,50112,22,24,46,2625,3109,5734,6,0.349409,0.371779,2428.677341,0,0.010826,0.011361,96,0.000318,30,0.676923,0.078246
8039,Elbert County,,CO,2184,19244,21428,6,6,12,2037,1199,3236,6,0.315206,0.329555,0,0,0.002941,0.002973,96,0.000118,30,1,0.021118
8041,El Paso County,,CO,59048,590243,649291,266,257,523,41585,40201,81786,5,0.452671,0.497228,180688.07465,0,0.092692,0.09164,96,0.003597,30,0.206212,0.660491
8043,Fremont County,,CO,3385,40321,43706,13,11,24,1933,1475,3408,6,0.333333,0.35218,5915.019133,0,0.003736,0.003828,96,0.000296,30,0.690476,0.028897
8045,Garfield County,,CO,4426,42457,46883,16,16,32,2431,2222,4653,6,0.339782,0.359875,157.041965,0,0.006925,0.007168,96,0.000289,30,0.781046,0.052604
8047,Gilpin County,,CO,1393,8114,9507,4,5,9,899,806,1705,6,0.303519,0.317138,0,0,0.00169,0.002412,96,0.000096,30,1,0.012781
8049,Grand County,,CO,1595,12727,14322,8,5,13,628,388,1016,6,0.303202,0.316707,0,0,0.002918,0.002225,96,0.000148,30,1,0.022241
8051,Gunnison County,,CO,1928,12987,14915,5,7,12,282,433,715,6,0.314795,0.329181,0.083333,0,0.002209,0.002305,96,0.000115,30,0.839286,0.017044
8053,Hinsdale County,,CO,109,801,910,0,0,0,0,0,0,0,0,0,0,8,0,0,9,0.000051,42,0,0
8055,Huerfano County,,CO,578,6496,7074,3,2,5,208,169,377,6,0.311881,0.324948,0,0,0.001408,0.000853,96,0.000096,30,1,0.010287
8057,Jackson County,,CO,181,1757,1938,0,0,0,0,0,0,0,0,0,0,9,0,0,10,0.000051,43,0,0
8059,Jefferson County,,CO,65237,573374,638611,117,120,237,50908,54175,105083,6,0.403846,0.440183,30610.662901,0,0.055962,0.050237,96,0.001556,30,0.388501,0.394477
8061,Kiowa County,,CO,192,1922,2114,0,0,0,0,0,0,0,0,0,0,10,0,0,11,0.000051,44,0,0
8063,Kit Carson County,,CO,586,8714,9300,0,1,1,0,42,42,7,0.259349,0.268539,0,0,0,0.000138,96,0.000051,45,0,0
8065,Lake County,,CO,933,6963,7896,2,4,6,160,239,399,7,0.27558,0.287081,0.333333,0,0.000153,0.000515,96,0.000074,30,0.5,0.001261
8067,La Plata County,,CO,4176,45181,49357,17,18,35,1701,1861,3562,6,0.342028,0.362767,2607.824669,0,0.007913,0.009519,96,0.000313,30,0.721053,0.060608
8069,Larimer County,,CO,25043,279265,304308,99,69,168,17670,16068,33738,6,0.379966,0.411146,23890.885368,0,0.041867,0.0308,96,0.001455,30,0.395163,0.295872
8071,Las Animas County,,CO,1077,15136,16213,5,3,8,338,267,605,6,0.312891,0.326317,29.414979,0,0.001696,0.001308,96,0.000126,30,0.7,0.012401
8073,Lincoln County,,CO,375,4812,5187,1,1,2,51,46,97,6,0.311646,0.324488,0,0,0.000746,0.000755,96,0.000063,30,0,0.005464
8075,Logan County,,CO,1711,22581,24292,12,11,23,763,803,1566,6,0.302758,0.317133,9054.537133,0,0.002368,0.002058,96,0.000299,30,0.455128,0.018458
8077,Mesa County,,CO,7498,131023,138521,39,29,68,5864,3899,9763,6,0.343487,0.366074,10275.341483,0,0.013622,0.011074,96,0.000659,30,0.454268,0.102033
8079,Mineral County,,CO,76,789,865,0,0,0,0,0,0,0,0,0,0,11,0,0,12,0.000051,46,0,0
8081,Moffat County,,CO,1333,14141,15474,4,3,7,383,389,772,7,0.259747,0.26961,10.791815,0,0.000127,0.000279,96,0.000132,30,0.25,0.001429
8083,Montezuma County,,CO,1954,23897,25851,10,7,17,792,777,1569,6,0.330332,0.34816,5876.596395,0,0.002622,0.001575,5,0.000265,30,0.422222,0.020639
8085,Montrose County,,CO,2605,36719,39324,13,11,24,1551,1077,2628,6,0.333295,0.352122,7976.96638,0,0.004972,0.003694,96,0.000367,30,0.591667,0.037308
8087,Morgan County,,CO,2260,29224,31484,7,9,16,926,1088,2014,6,0.315858,0.330763,11.987656,0,0.002244,0.003665,96,0.000156,30,0.930556,0.017032
8089,Otero County,,CO,1704,20201,21905,6,6,12,486,758,1244,6,0.313535,0.327553,655.073161,0,0.001825,0.00157,96,0.000173,30,0.571429,0.013723
8091,Ouray County,,CO,407,3305,3712,2,1,3,95,116,211,7,0.25,0.257565,0,0,0.00003,0.00004,96,0.000123,30,1,0.000581
8093,Park County,,CO,2097,15627,17724,8,9,17,1752,1080,2832,6,0.315343,0.33013,3.724577,0,0.003028,0.0031,96,0.000145,30,0.861111,0.021993
8095,Phillips County,,CO,440,4531,4971,1,2,3,44,117,161,7,0.259422,0.268833,0,0,0.000017,0.000158,96,0.000074,30,1,0.000244
8097,Pitkin County,,CO,1920,12437,14357,4,5,9,531,792,1323,6,0.32694,0.344042,0.63093,0,0.001793,0.002309,96,0.000097,30,0.966667,0.01279
8099,Prowers County,,CO,1149,14023,15172,2,3,5,103,199,302,6,0.311948,0.325178,1.234524,0,0.000081,0.000855,96,0.000098,30,0.666667,0.00094
8101,Pueblo County,,CO,6950,154294,161244,34,24,58,5659,3674,9333,6,0.346402,0.369099,10940.526516,0,0.012001,0.009113,96,0.000658,30,0.424242,0.090721
8103,Rio Blanco County,,CO,630,6266,6896,1,2,3,64,155,219,7,0.255736,0.264531,0,0,0.00009,0.000112,96,0.00007,30,1,0.000921
8105,Rio Grande County,,CO,1340,16183,17523,3,5,8,315,452,767,6,0.332721,0.350598,48.675774,0,0.000493,0.002575,96,0.000111,30,0.833333,0.004232
8107,Routt County,,CO,2418,20421,22839,9,9,18,752,789,1541,6,0.330445,0.348257,920.956292,0,0.003674,0.003893,96,0.000181,30,0.820513,0.026984
8109,Saguache County,,CO,228,2332,2560,0,0,0,0,0,0,0,0,0,0,12,0,0,13,0.000051,47,0,0
8111,San Juan County,,CO,97,620,717,0,0,0,0,0,0,0,0,0,0,13,0,0,14,0.000051,48,0,0
8113,San Miguel County,,CO,864,6425,7289,3,2,5,142,130,272,7,0.250022,0.257738,836.224496,0,0.001535,0.000041,96,0.000104,30,0.583333,0.012583
8115,Sedgwick County,,CO,228,2891,3119,1,0,1,52,0,52,0,0,0,0,0,0.000318,0,96,0.000062,22,0,0.002122
8117,Summit County,,CO,4655,25201,29856,16,17,33,1443,1973,3416,6,0.341102,0.361473,1732.896865,0,0.007814,0.007438,96,0.000246,30,0.707895,0.057765
8119,Teller County,,CO,3002,21111,24113,8,8,16,1610,1501,3111,6,0.33295,0.351259,40.230277,0,0.00406,0.003184,96,0.000145,30,0.9,0.030009
8121,Washington County,,CO,331,4016,4347,0,1,1,0,54,54,7,0.232459,0.238687,0,0,0,0.000019,96,0.000051,49,0,0
8123,Weld County,,CO,15362,190832,206194,44,31,75,18144,9806,27950,6,0.350042,0.374287,11143.332549,0,0.016974,0.013595,96,0.00077,30,0.446003,0.124233
8125,Yuma County,,CO,849,10420,11269,3,3,6,133,233,366,7,0.275606,0.286995,0,0,0.000446,0.000499,96,0.000106,30,1,0.003467
9001,Fairfield County,,CT,50958,981720,1032678,131,179,310,34987,42967,77954,5,0.407194,0.450276,9665.919359,0,0.070632,0.082799,15,0.001244,30,0.405848,0.472024
9003,Hartford County,,CT,42816,1020181,1062997,139,143,282,33273,34491,67764,6,0.39846,0.437997,9883.748341,0,0.071541,0.071849,15,0.001398,30,0.461258,0.484807
9005,Litchfield County,,CT,11016,221421,232437,20,29,49,9301,7193,16494,6,0.341584,0.364228,73.970294,0,0.012946,0.015771,15,0.000201,30,0.738655,0.08071
9007,Middlesex County,,CT,11828,189554,201382,26,24,50,10349,8230,18579,6,0.344467,0.366511,97.542098,0,0.014822,0.014174,15,0.000236,30,0.808378,0.089603
9009,New Haven County,,CT,41614,940576,982190,126,139,265,33686,33768,67454,6,0.395848,0.435432,5424.471842,0,0.067511,0.069732,15,0.001211,30,0.476808,0.450887
9011,New London County,,CT,18628,300968,319596,72,66,138,12738,11716,24454,6,0.359464,0.389516,1052.042268,0,0.040295,0.034116,15,0.000676,30,0.575104,0.265124
9013,Tolland County,,CT,10520,151898,162418,15,15,30,8656,7322,15978,6,0.308331,0.326386,40.039931,0,0.007394,0.006426,15,0.000171,30,0.823529,0.048755
9015,Windham County,,CT,6525,126349,132874,10,14,24,4478,4154,8632,6,0.30945,0.326858,1.936738,0,0.003142,0.005362,15,0.000131,30,0.880952,0.020143
10001,Kent County,,DE,9302,149800,159102,34,20,54,6177,2848,9025,6,0.336,0.356861,892.557699,0,0.014502,0.009577,126,0.000419,30,0.546154,0.09915
10003,New Castle County,,DE,26698,581614,608312,103,99,202,18332,18548,36880,6,0.38764,0.422659,5664.938407,0,0.056249,0.054003,126,0.000989,30,0.598143,0.371826
10005,Sussex County,,DE,8073,178345,186418,39,19,58,7114,3940,11054,6,0.313806,0.332798,340.067734,0,0.014169,0.006906,126,0.000463,30,0.536585,0.096107
11001,District of Columbia,,DC,64978,553765,618743,148,140,288,43925,54664,98589,5,0.414,0.452001,10219.778045,0,0.07974,0.072294,181,0.001529,30,0.476497,0.534485
12001,Alachua County,,FL,20769,207047,227816,75,74,149,12834,14258,27092,5,0.383029,0.4147,9522.777227,0,0.035111,0.041311,15,0.001257,30,0.532834,0.273841
12003,Baker County,,FL,1379,23151,24530,4,4,8,1005,770,1775,6,0.301091,0.315315,0.942989,0,0.000996,0.001171,15,0.000123,30,0.75,0.00897
12005,Bay County,,FL,13620,162787,176407,78,60,138,7341,6446,13787,6,0.36554,0.395112,21746.32463,0,0.032506,0.029643,15,0.00118,30,0.425026,0.245881
12007,Bradford County,,FL,1684,20986,22670,5,5,10,964,970,1934,6,0.301122,0.315488,0.867989,0,0.001309,0.001458,15,0.000141,30,0.85,0.010875
12009,Brevard County,,FL,29367,545980,575347,211,138,349,28519,18345,46864,6,0.407022,0.445756,16129.798941,0,0.09163,0.072322,15,0.002441,30,0.348807,0.638656
12011,Broward County,,FL,114365,1750428,1864793,284,297,581,116177,101402,217579,5,0.449442,0.499672,80350.910327,0,0.112907,0.111685,15,0.003121,30,0.214797,0.782409
12013,Calhoun County,,FL,760,10462,11222,3,5,8,320,448,768,7,0.284118,0.296645,15.861758,0,0.00027,0.000605,15,0.000127,30,0.5,0.002525
12015,Charlotte County,,FL,11597,150029,161626,78,28,106,9927,6062,15989,6,0.348401,0.371572,515.310046,0,0.039489,0.017612,15,0.000838,30,0.599819,0.266277
12017,Citrus County,,FL,7975,124387,132362,42,23,65,6061,3779,9840,6,0.318252,0.337951,56.698096,0,0.02115,0.013441,15,0.000603,30,0.743902,0.157726
12019,Clay County,,FL,16826,169017,185843,65,41,106,15521,10931,26452,6,0.350042,0.376058,2258.921786,0,0.032248,0.020796,15,0.000906,30,0.548122,0.240693
12021,Collier County,,FL,18634,272405,291039,134,67,201,19094,11017,30111,5,0.386348,0.417403,2653.667244,0,0.065393,0.038182,15,0.001382,30,0.466237,0.438115
12023,Columbia County,,FL,4093,54029,58122,18,20,38,2469,2201,4670,6,0.317833,0.336859,1707.545524,0,0.007779,0.008873,15,0.00041,30,0.542857,0.062191
12027,DeSoto County,,FL,2201,26518,28719,6,7,13,864,919,1783,6,0.291755,0.305095,2.448911,0,0.00143,0.002874,15,0.000174,30,0.857143,0.016096
12029,Dixie County,,FL,964,12793,13757,8,2,10,478,248,726,7,0.238401,0.245308,3.211603,0,0.002918,0.000075,15,0.000235,30,0.642857,0.023109
12031,Duval County,,FL,63156,876534,939690,266,218,484,52273,48907,101180,5,0.430417,0.475776,134956.439899,0,0.102558,0.089475,15,0.003461,30,0.249964,0.722994
12033,Escambia County,,FL,33367,310533,343900,127,119,246,17230,22761,39991,6,0.395308,0.432494,23503.527916,0,0.058892,0.054094,15,0.001623,30,0.376758,0.432802
12035,Flagler County,,FL,4429,62909,67338,31,14,45,5119,2278,7397,6,0.315755,0.333322,9.182673,0,0.018471,0.008104,15,0.000364,30,0.810606,0.122734
12037,Franklin County,,FL,665,9470,10135,2,3,5,134,223,357,7,0.284062,0.2963,1.686404,0,0.000573,0.000574,15,0.000083,30,0.666667,0.004391
12039,Gadsden County,,FL,3352,47849,51201,7,10,17,1771,2281,4052,6,0.314419,0.331205,670.278449,0,0.00292,0.003971,15,0.000167,30,0.462121,0.021505
12041,Gilchrist County,,FL,1067,12515,13582,7,4,11,796,561,1357,6,0.277347,0.288872,223.776688,0,0.002912,0.000425,15,0.000257,30,0.738095,0.022545
12043,Glades County,,FL,1190,10395,11585,7,5,12,711,570,1281,6,0.302474,0.317409,2.343668,0,0.003405,0.001735,15,0.000148,30,0.857143,0.026929
12045,Gulf County,,FL,1083,12136,13219,2,1,3,363,432,795,7,0.267714,0.27829,0,0,0.000246,0.000265,15,0.000089,30,1,0.002167
12047,Hamilton County,,FL,1041,11620,12661,3,3,6,254,429,683,7,0.260964,0.271435,8.669763,0,0.00022,0.000229,15,0.000125,30,0.333333,0.002005
12049,Hardee County,,FL,1810,23689,25499,6,5,11,709,839,1548,6,0.307057,0.321273,11.437157,0,0.00202,0.002131,15,0.000154,30,0.9,0.019255
12051,Hendry County,,FL,3078,33202,36280,8,12,20,1558,1742,3300,6,0.317624,0.335024,32.662936,0,0.005018,0.00669,15,0.000165,30,0.765152,0.039567
12053,Hernando County,,FL,9405,139754,149159,47,24,71,9814,5114,14928,6,0.321037,0.342052,25.922396,0,0.025474,0.014475,15,0.000565,30,0.718528,0.1748
12055,Highlands County,,FL,5943,82931,88874,24,25,49,3211,2731,5942,6,0.317207,0.336571,180.361046,0,0.009588,0.013843,15,0.000432,30,0.674877,0.08298
12057,Hillsborough County,,FL,76123,1119193,1195316,325,244,569,79493,62268,141761,5,0.440895,0.486732,89700.467662,0,0.11831,0.102507,15,0.003868,30,0.218829,0.823352
12059,Holmes County,,FL,1608,19363,20971,6,7,13,882,918,1800,7,0.282181,0.29513,103.03249,0,0.000613,0.000745,15,0.000163,30,0.547619,0.005893
12061,Indian River County,,FL,7342,126477,133819,38,19,57,5690,3291,8981,6,0.319691,0.338762,50.050893,0,0.022485,0.011164,15,0.000469,30,0.767073,0.158413
12063,Jackson County,,FL,2734,43916,46650,12,12,24,1308,1348,2656,6,0.31306,0.330136,514.569296,0,0.004351,0.003264,15,0.000231,30,0.545833,0.033727
12065,Jefferson County,,FL,981,14373,15354,1,2,3,729,460,1189,7,0.28,0.291595,0,0,0.000331,0.00031,15,0.000066,30,1,0.002335
12067,Lafayette County,,FL,344,4472,4816,1,1,2,53,91,144,7,0.237094,0.243686,0,0,0.00002,0.000052,15,0.000088,30,0,0.000471
12069,Lake County,,FL,18577,246673,265250,94,36,130,21570,11121,32691,6,0.357204,0.382528,545.283597,0,0.048958,0.020744,15,0.001132,30,0.592982,0.343203
12071,Lee County,,FL,29319,485562,514881,236,118,354,35810,17775,53585,5,0.402724,0.439257,24716.094752,0,0.092773,0.059071,15,0.002617,30,0.291709,0.629378
12073,Leon County,,FL,21913,234027,255940,87,82,169,14451,15602,30053,6,0.38868,0.421917,50277.181953,0,0.036826,0.040668,15,0.001452,30,0.440605,0.282919
12075,Levy County,,FL,2679,34138,36817,13,8,21,2006,1378,3384,6,0.312891,0.328732,2760.46873,0,0.006333,0.003601,15,0.000365,30,0.785714,0.051123
12077,Liberty County,,FL,406,5617,6023,3,2,5,252,126,378,7,0.28,0.291624,7.142227,0,0.000368,0.000302,15,0.000102,30,0.5,0.002703
12079,Madison County,,FL,1086,17310,18396,5,4,9,265,362,627,7,0.283368,0.295845,23.304551,0,0.00121,0.000481,15,0.000164,30,0.533333,0.009758
12081,Manatee County,,FL,20596,291023,311619,128,61,189,20371,12467,32838,5,0.378329,0.408661,3802.814105,0,0.065539,0.034996,15,0.001429,30,0.520241,0.449853
12083,Marion County,,FL,15723,274918,290641,93,44,137,15323,8341,23664,6,0.361212,0.388435,1209.656524,0,0.047757,0.024501,15,0.001212,30,0.586674,0.344494
12085,Martin County,,FL,11648,143620,155268,48,27,75,10107,7074,17181,6,0.350635,0.373695,279.899165,0,0.028658,0.017616,15,0.000555,30,0.774887,0.197771
12086,Miami-Dade County,,FL,112100,2386924,2499024,213,230,443,66724,99015,165739,5,0.432086,0.478359,42547.964581,0,0.097908,0.099489,15,0.002429,30,0.311209,0.682892
12087,Monroe County,,FL,10496,81312,91808,30,37,67,3782,5359,9141,6,0.343487,0.366465,65.48182,0,0.01889,0.020815,15,0.000407,30,0.728019,0.142795
12089,Nassau County,,FL,5181,67913,73094,13,9,22,3635,2747,6382,6,0.303138,0.318582,147.718433,0,0.007334,0.003139,15,0.000239,30,0.705882,0.056792
12091,Okaloosa County,,FL,20590,192992,213582,112,84,196,12607,11448,24055,6,0.388576,0.421521,18773.770579,0,0.046471,0.039072,15,0.001489,30,0.393978,0.345582
12093,Okeechobee County,,FL,2373,30703,33076,9,7,16,1087,812,1899,6,0.302284,0.317299,4.151916,0,0.003877,0.002224,15,0.000178,30,0.772727,0.02914
12095,Orange County,,FL,96429,1002138,1098567,278,241,519,86559,82584,169143,5,0.439557,0.485421,49022.445226,0,0.111788,0.102703,15,0.003177,30,0.265157,0.778345
12097,Osceola County,,FL,21835,189537,211372,83,46,129,21574,15307,36881,6,0.363796,0.391028,308.450308,0,0.046308,0.028976,15,0.000901,30,0.665793,0.317014
12099,Palm Beach County,,FL,69944,1235432,1305376,250,239,489,81933,58152,140085,5,0.431186,0.478382,49880.495468,0,0.101707,0.100747,15,0.002725,30,0.258135,0.701378
12101,Pasco County,,FL,28395,355850,384245,134,65,199,34442,18803,53245,5,0.380765,0.411588,3223.804313,0,0.065579,0.037492,15,0.001446,30,0.477001,0.446787
12103,Pinellas County,,FL,64092,994909,1059001,299,231,530,55251,50898,106149,5,0.435005,0.480619,77412.95356,0,0.111447,0.097297,15,0.003446,30,0.229859,0.768946
12105,Polk County,,FL,30452,518750,549202,141,90,231,24218,18478,42696,5,0.394339,0.427812,25694.415238,0,0.066718,0.045899,15,0.0017,30,0.414141,0.466016
12107,Putnam County,,FL,4459,68119,72578,17,15,32,2870,2419,5289,6,0.314761,0.332154,41.842322,0,0.007933,0.007636,15,0.000331,30,0.888889,0.067128
12109,St. Johns County,,FL,12012,136259,148271,66,29,95,11894,7320,19214,6,0.35089,0.374304,438.545609,0,0.03772,0.018223,15,0.000857,30,0.699683,0.275197
12111,St. Lucie County,,FL,13647,210839,224486,77,38,115,15078,8133,23211,6,0.353587,0.379842,488.123121,0,0.040512,0.021526,15,0.000862,30,0.652806,0.277239
12113,Santa Rosa County,,FL,10859,122779,133638,50,35,85,11480,6180,17660,6,0.357734,0.383759,1781.117793,0,0.026048,0.019691,15,0.000672,30,0.621916,0.196122
12115,Sarasota County,,FL,24721,358954,383675,167,82,249,24922,16194,41116,5,0.388368,0.421348,6769.502817,0,0.076688,0.047935,15,0.001721,30,0.413709,0.515219
12117,Seminole County,,FL,44306,397543,441849,146,95,241,40578,35549,76127,5,0.397858,0.431292,3690.828615,0,0.076529,0.054833,15,0.001681,30,0.508772,0.531687
12119,Sumter County,,FL,3434,45805,49239,25,10,35,3614,1950,5564,6,0.312049,0.327927,0.190183,0,0.014065,0.005313,15,0.000399,30,0.933846,0.109923
12121,Suwannee County,,FL,2378,34438,36816,14,8,22,1487,1017,2504,6,0.310744,0.326225,6582.290761,0,0.00636,0.00246,15,0.000351,30,0.580952,0.048924
12123,Taylor County,,FL,1149,19541,20690,4,5,9,264,353,617,6,0.301938,0.316626,22.836529,0,0.001899,0.001497,15,0.000128,30,0.619048,0.015126
12125,Union County,,FL,938,10317,11255,5,5,10,533,556,1089,6,0.301153,0.315545,1.398459,0,0.001159,0.001458,15,0.000146,30,0.8,0.009037
12127,Volusia County,,FL,28983,472066,501049,163,109,272,27920,18941,46861,5,0.394769,0.430837,7746.068089,0,0.076691,0.059204,15,0.001821,30,0.425124,0.526794
12129,Wakulla County,,FL,1796,22990,24786,4,2,6,1391,953,2344,6,0.301718,0.315879,14.095975,0,0.001097,0.001135,15,0.000117,30,0.583333,0.008602
12131,Walton County,,FL,3436,36241,39677,13,8,21,2528,1715,4243,7,0.292875,0.307577,142.507792,0,0.004882,0.001761,15,0.00024,30,0.648352,0.037753
12133,Washington County,,FL,1645,18832,20477,4,5,9,831,990,1821,7,0.288904,0.302637,10.05307,0,0.000605,0.001085,15,0.000119,30,0.75,0.004889
13001,Appling County,,GA,986,18081,19067,5,5,10,395,347,742,7,0.233842,0.242037,110.296004,0,0.000027,0.00001,18,0.000248,30,0.2,0.000595
13003,Atkinson County,,GA,549,7816,8365,1,1,2,186,207,393,7,0.232212,0.238903,0,0,0.000008,0.000004,18,0.000102,30,0,0.00015
13005,Bacon County,,GA,755,10849,11604,4,3,7,287,279,566,7,0.232547,0.239846,3.45,0,0.000023,0.000012,18,0.000196,30,0.583333,0.000548
13007,Baker County,,GA,356,4022,4378,2,2,4,111,118,229,7,0.252022,0.261099,0,0,0.000067,0.000067,18,0.000103,30,1,0.000697
13009,Baldwin County,,GA,2687,43538,46225,12,11,23,1217,1381,2598,6,0.310112,0.326087,10633.124444,0,0.003341,0.002711,18,0.000325,30,0.448718,0.026746
13011,Banks County,,GA,1588,17091,18679,6,7,13,1288,1048,2336,6,0.301498,0.315695,2.602778,0,0.000795,0.000917,18,0.000193,30,0.714286,0.006972
13013,Barrow County,,GA,4441,50493,54934,16,11,27,5188,2746,7934,6,0.308955,0.324505,89.449586,0,0.004292,0.002732,18,0.000332,30,0.536765,0.033451
13015,Bartow County,,GA,7324,95381,102705,19,16,35,6516,4350,10866,6,0.310978,0.327996,132.899647,0,0.005046,0.003999,18,0.000382,30,0.55,0.040751
13017,Ben Hill County,,GA,1271,18721,19992,4,4,8,483,489,972,7,0.232678,0.240289,270.548924,0,0.000009,0.000006,18,0.000263,30,0.416667,0.000461
13019,Berrien County,,GA,1468,16108,17576,4,5,9,823,714,1537,7,0.260448,0.27097,264.087573,0,0.000131,0.000118,18,0.000212,30,0.5,0.001289
13021,Bibb County,,GA,11231,173127,184358,35,30,65,6118,6893,13011,6,0.32369,0.34602,21861.120567,0,0.010171,0.008435,18,0.000779,30,0.315244,0.077331
13023,Bleckley County,,GA,777,13405,14182,5,5,10,410,346,756,7,0.260074,0.27095,879.317802,0,0.000186,0.000284,18,0.000235,30,0.466667,0.002509
13025,Brantley County,,GA,1224,17564,18788,4,4,8,899,637,1536,7,0.253788,0.263329,4.546929,0,0.000128,0.000113,15,0.000136,30,0.5,0.001218
13027,Brooks County,,GA,2233,19712,21945,3,4,7,1029,1080,2109,7,0.260448,0.270826,1.391667,0,0.000146,0.000124,18,0.000123,30,0.833333,0.001199
13029,Bryan County,,GA,3249,26953,30202,5,5,10,1986,1534,3520,7,0.28287,0.295368,16.351296,0,0.000731,0.000633,18,0.000152,30,0.5,0.005727
13031,Bulloch County,,GA,3849,44835,48684,15,16,31,1718,1841,3559,6,0.31215,0.329653,11720.88488,0,0.00349,0.004024,18,0.000487,30,0.3125,0.026842
13033,Burke County,,GA,2020,28234,30254,5,6,11,1095,1293,2388,7,0.273113,0.285163,378.492105,0,0.000414,0.000425,108,0.000139,30,0.333333,0.003456
13035,Butts County,,GA,1739,22285,24024,13,7,20,2086,1021,3107,7,0.277879,0.290023,97.635141,0,0.00275,0.000586,18,0.000316,30,0.634615,0.022627
13037,Calhoun County,,GA,372,6328,6700,2,2,4,152,132,284,7,0.252197,0.261375,83.103809,0,0.000066,0.000067,18,0.000099,30,0,0.000686
13039,Camden County,,GA,7177,45080,52257,20,23,43,3235,3188,6423,6,0.335922,0.357114,3997.910532,0,0.007588,0.009184,15,0.000333,30,0.508333,0.057381
13043,Candler County,,GA,574,9009,9583,4,2,6,413,215,628,7,0.238146,0.245765,0.861706,0,0.000372,0.000032,18,0.000151,30,0.833333,0.003131
13045,Carroll County,,GA,6708,96363,103071,22,18,40,6885,4254,11139,6,0.310079,0.32718,5675.409728,0,0.005677,0.003994,18,0.000427,30,0.486166,0.044228
13047,Catoosa County,,GA,4884,56975,61859,9,7,16,4576,3391,7967,7,0.275083,0.287132,95.481063,0,0.001065,0.000297,18,0.000235,30,0.569444,0.008633
13049,Charlton County,,GA,661,9019,9680,3,3,6,274,323,597,6,0.30106,0.315143,0,0,0.000829,0.000957,15,0.000099,30,1,0.006961
13051,Chatham County,,GA,19938,240321,260259,93,86,179,10721,12154,22875,6,0.388889,0.421808,55130.849512,0,0.043785,0.040618,18,0.001355,30,0.4311,0.311329
13053,Chattahoochee County,,GA,351,3089,3440,1,1,2,153,141,294,7,0.280325,0.291618,0,0,0.000305,0.000268,18,0.000062,30,0,0.002004
13055,Chattooga County,,GA,1280,26802,28082,7,4,11,884,707,1591,7,0.23758,0.2455,151.732957,0,0.000876,0.000066,18,0.000189,30,0.642857,0.007458
13057,Cherokee County,,GA,16195,179806,196001,54,46,100,17761,11176,28937,6,0.361753,0.389205,7312.176418,0,0.026787,0.019868,18,0.000864,30,0.500264,0.199576
13059,Clarke County,,GA,11824,90083,101907,38,38,76,5502,6886,12388,6,0.363294,0.389539,13517.615305,0,0.009556,0.015958,18,0.000795,30,0.391401,0.074981
13061,Clay County,,GA,260,3414,3674,0,0,0,0,0,0,0,0,0,0,14,0,0,16,0.000051,50,0,0
13063,Clayton County,,GA,36544,242853,279397,90,70,160,30353,29808,60161,6,0.383943,0.415689,22809.037882,0,0.043983,0.032053,18,0.001179,30,0.430208,0.30234
13065,Clinch County,,GA,376,6673,7049,1,1,2,42,55,97,8,0.206572,0.211538,1.5,0,0.000008,0.000001,18,0.000079,30,0,0.000157
13067,Cobb County,,GA,77507,654798,732305,241,224,465,64222,66694,130916,5,0.438825,0.482649,107054.09621,0,0.098885,0.091384,18,0.003009,30,0.263756,0.690131
13069,Coffee County,,GA,2273,35913,38186,11,9,20,933,854,1787,6,0.302411,0.317863,31033.197863,0,0.000512,0.000957,18,0.000543,30,0.181818,0.005682
13071,Colquitt County,,GA,2372,42216,44588,10,7,17,1049,904,1953,7,0.261741,0.27319,319.209782,0,0.000551,0.000189,18,0.000299,30,0.455556,0.004676
13073,Columbia County,,GA,10296,112629,122925,33,30,63,7504,5597,13101,6,0.335029,0.359081,11625.506988,0,0.014072,0.012924,108,0.000522,30,0.498258,0.103589
13075,Cook County,,GA,1242,17016,18258,5,5,10,629,652,1281,7,0.260471,0.271028,5.720238,0,0.000133,0.000122,18,0.000203,30,0.65,0.001427
13077,Coweta County,,GA,7643,101545,109188,19,21,40,6332,4475,10807,6,0.328199,0.349586,2901.352222,0,0.005059,0.007224,18,0.000349,30,0.552536,0.040576
13079,Crawford County,,GA,845,10418,11263,3,3,6,527,466,993,7,0.259817,0.270213,0,0,0.000184,0.000271,18,0.000135,30,1,0.002322
13081,Crisp County,,GA,1409,22637,24046,6,6,12,514,443,957,7,0.260776,0.27191,7004.209394,0,0.000079,0.000259,18,0.000292,30,0.261905,0.00112
13083,Dade County,,GA,1128,15485,16613,5,6,11,787,693,1480,7,0.27451,0.286413,6.807039,0,0.000253,0.000227,18,0.000146,30,0.633333,0.002182
13085,Dawson County,,GA,1968,17666,19634,8,6,14,1911,1253,3164,6,0.308298,0.32301,0.245455,0,0.003255,0.002075,18,0.000187,30,0.946429,0.025709
13087,Decatur County,,GA,1731,27485,29216,7,7,14,698,697,1395,7,0.28177,0.294695,6241.272436,0,0.000386,0.000395,15,0.000294,30,0.375,0.00314
13089,DeKalb County,,GA,97153,669678,766831,208,208,416,71780,87756,159536,5,0.433832,0.476984,87157.581496,0,0.090304,0.085549,18,0.002637,30,0.294317,0.624127
13091,Dodge County,,GA,929,17701,18630,3,4,7,314,350,664,7,0.233974,0.241032,4666.492315,0,0.000011,0.000016,18,0.000182,30,0.25,0.00042
13093,Dooly County,,GA,904,13044,13948,4,3,7,375,407,782,7,0.258105,0.268189,80.227287,0,0.000129,0.000188,18,0.000177,30,0.75,0.001834
13095,Dougherty County,,GA,8190,103807,111997,28,30,58,4083,4732,8815,6,0.336703,0.359645,50676.531343,0,0.008181,0.008083,18,0.000737,30,0.315966,0.06105
13097,Douglas County,,GA,11442,98789,110231,23,22,45,9432,8128,17560,6,0.332721,0.354831,2662.601563,0,0.011766,0.009023,18,0.000364,30,0.608602,0.086473
13099,Early County,,GA,766,12544,13310,3,4,7,181,254,435,7,0.245219,0.254386,116.790025,0,0.00006,0.000021,15,0.000131,30,0.25,0.000452
13101,Echols County,,GA,266,2624,2890,1,1,2,77,116,193,7,0.260237,0.270021,0,0,0.000128,0.000114,18,0.00007,30,0,0.00096
13103,Effingham County,,GA,2711,40227,42938,6,4,10,2522,1335,3857,7,0.280135,0.291819,7.06351,0,0.000895,0.000394,18,0.000189,30,0.633333,0.007229
13105,Elbert County,,GA,955,21265,22220,5,5,10,382,377,759,6,0.303011,0.316816,9.258032,0,0.000825,0.000854,18,0.000171,30,0.833333,0.006574
13107,Emanuel County,,GA,1437,24624,26061,7,8,15,475,575,1050,7,0.280732,0.293275,1873.11274,0,0.000384,0.000408,18,0.000312,30,0.25,0.003536
13109,Evans County,,GA,707,10320,11027,4,2,6,452,221,673,7,0.23797,0.24542,0.25,0,0.000374,0.000033,18,0.000144,30,0.833333,0.003143
13111,Fannin County,,GA,1044,20888,21932,9,4,13,814,329,1143,7,0.265969,0.276674,1116.556809,0,0.003061,0.000284,18,0.000283,30,0.486111,0.024069
13113,Fayette County,,GA,9660,105039,114699,25,26,51,6361,6047,12408,6,0.346113,0.368697,1702.552807,0,0.012605,0.011642,18,0.000399,30,0.546219,0.093244
13115,Floyd County,,GA,4844,94905,99749,18,16,34,2782,2522,5304,6,0.311011,0.328054,5073.268391,0,0.005834,0.00375,18,0.000368,30,0.465789,0.044167
13117,Forsyth County,,GA,11908,128174,140082,49,29,78,13826,7319,21145,6,0.352641,0.377116,2384.707561,0,0.026649,0.013243,18,0.000732,30,0.523701,0.195166
13119,Franklin County,,GA,1720,24970,26690,13,10,23,1214,1043,2257,6,0.301749,0.3165,53.114117,0,0.002439,0.00102,18,0.00034,30,0.505495,0.01887
13121,Fulton County,,GA,111221,721526,832747,239,234,473,85536,101045,186581,5,0.44123,0.485812,109640.73094,0,0.096846,0.094862,18,0.003035,30,0.268936,0.67536
13123,Gilmer County,,GA,1479,24272,25751,11,7,18,1243,656,1899,6,0.305503,0.319559,257.945874,0,0.003235,0.001175,18,0.000289,30,0.537879,0.026114
13125,Glascock County,,GA,206,2791,2997,2,0,2,97,0,97,0,0,0,0,0,0.000005,0,108,0.000115,8,0.5,0.000236
13127,Glynn County,,GA,5239,71997,77236,14,13,27,1873,2063,3936,6,0.314624,0.332643,5165.483127,0,0.004614,0.004695,15,0.000328,30,0.47619,0.035857
13129,Gordon County,,GA,3420,50216,53636,11,11,22,2356,1932,4288,6,0.306797,0.321785,808.945029,0,0.001271,0.001436,18,0.000295,30,0.545455,0.011108
13131,Grady County,,GA,2178,27550,29728,5,8,13,1087,1256,2343,7,0.283895,0.297254,140.299465,0,0.000385,0.000517,18,0.000166,30,0.607143,0.002955
13133,Greene County,,GA,928,16502,17430,7,4,11,480,314,794,6,0.302885,0.316471,5.025445,0,0.003031,0.000851,18,0.000182,30,0.761905,0.022603
13135,Gwinnett County,,GA,65601,647802,713403,230,211,441,66604,55983,122587,5,0.431058,0.474994,130535.667075,0,0.091656,0.082457,18,0.003111,30,0.257447,0.644387
13137,Habersham County,,GA,2303,36879,39182,8,7,15,1499,1199,2698,6,0.301529,0.315723,991.950008,0,0.001584,0.000894,18,0.00024,30,0.569444,0.013404
13139,Hall County,,GA,10623,151042,161665,32,29,61,7964,6614,14578,6,0.351998,0.376248,8682.30169,0,0.009623,0.010408,18,0.000667,30,0.396159,0.074967
13141,Hancock County,,GA,464,9189,9653,1,1,2,130,145,275,7,0.236726,0.24347,0,0,0.000022,0.000027,18,0.000076,30,0,0.000305
13143,Haralson County,,GA,1716,25830,27546,6,6,12,1649,1131,2780,6,0.305342,0.319214,495.054227,0,0.000894,0.001016,18,0.000182,30,0.7,0.007639
13145,Harris County,,GA,2444,30013,32457,8,6,14,2327,1499,3826,7,0.281277,0.293809,34.658771,0,0.001191,0.000366,18,0.000195,30,0.553571,0.00884
13147,Hart County,,GA,1223,23775,24998,6,6,12,670,575,1245,6,0.301592,0.315752,12.692444,0,0.001561,0.00091,18,0.000168,30,0.666667,0.011917
13149,Heard County,,GA,965,10633,11598,3,4,7,479,562,1041,7,0.247989,0.257505,0.429193,0,0.000124,0.000119,18,0.000101,30,0.833333,0.001191
13151,Henry County,,GA,12416,146425,158841,46,28,74,17142,8222,25364,6,0.318532,0.338964,3484.758897,0,0.018421,0.007703,18,0.000751,30,0.434694,0.133701
13153,Houston County,,GA,10545,129029,139574,63,40,103,7066,5042,12108,6,0.347191,0.372746,52802.844546,0,0.022876,0.013933,18,0.001231,30,0.357989,0.172927
13155,Irwin County,,GA,900,9723,10623,4,3,7,548,506,1054,7,0.232622,0.24003,9.90412,0,0.00001,0.000006,18,0.000228,30,0.583333,0.000473
13157,Jackson County,,GA,3639,41120,44759,11,11,22,3697,2447,6144,6,0.308462,0.323873,45.405261,0,0.003168,0.002012,18,0.000268,30,0.660256,0.024059
13159,Jasper County,,GA,1077,13949,15026,9,5,14,1104,572,1676,6,0.301435,0.31535,24.32862,0,0.001801,0.00087,18,0.000244,30,0.736111,0.015584
13161,Jeff Davis County,,GA,860,14193,15053,3,3,6,348,311,659,7,0.232584,0.239875,1271.8608,0,0.000008,0.000004,18,0.000182,30,0.5,0.000345
13163,Jefferson County,,GA,917,20465,21382,5,6,11,327,412,739,7,0.273036,0.284962,1772.285125,0,0.000354,0.000249,108,0.000154,30,0.261905,0.003012
13165,Jenkins County,,GA,452,8067,8519,2,3,5,138,186,324,7,0.238244,0.246029,3.798449,0,0.000036,0.000035,18,0.000096,30,0.5,0.000433
13167,Johnson County,,GA,421,7998,8419,3,3,6,239,249,488,7,0.234182,0.241233,11.394706,0,0.000013,0.000017,18,0.000162,30,0.5,0.000433
13169,Jones County,,GA,1606,21108,22714,3,6,9,1279,1007,2286,7,0.260074,0.271162,31.23303,0,0.000204,0.00032,18,0.000124,30,0.566667,0.002515
13171,Lamar County,,GA,1453,17321,18774,7,7,14,1096,908,2004,7,0.277799,0.28985,166.274826,0,0.00038,0.000568,18,0.000228,30,0.738095,0.004631
13173,Lanier County,,GA,859,6665,7524,3,2,5,427,416,843,7,0.260284,0.270251,2897,0,0.000129,0.000115,18,0.000173,30,0.333333,0.001153
13175,Laurens County,,GA,2092,49293,51385,12,7,19,892,567,1459,6,0.304572,0.319019,18450.323642,0,0.001682,0.001008,18,0.000441,30,0.224359,0.013791
13177,Lee County,,GA,2482,21615,24097,5,4,9,1791,1328,3119,7,0.252066,0.261501,513.578561,0,0.000823,0.000072,18,0.000171,30,0.4,0.006529
13179,Liberty County,,GA,16117,58734,74851,62,65,127,6465,7786,14251,6,0.371538,0.40226,13022.942193,0,0.02918,0.029846,18,0.000806,30,0.524265,0.209034
13181,Lincoln County,,GA,471,8864,9335,3,3,6,244,200,444,7,0.272548,0.283696,2960.463703,0,0.000346,0.000354,108,0.000099,30,0.333333,0.002758
13183,Long County,,GA,1515,7473,8988,3,3,6,722,671,1393,7,0.28298,0.295224,10.549317,0,0.000586,0.000597,18,0.000091,30,0.833333,0.004427
13185,Lowndes County,,GA,8772,83067,91839,42,41,83,4366,4588,8954,6,0.351742,0.378042,54019.977828,0,0.013998,0.015668,18,0.000934,30,0.328737,0.107418
13187,Lumpkin County,,GA,2040,19461,21501,10,7,17,1524,1079,2603,6,0.308363,0.323211,555.290476,0,0.003265,0.00192,18,0.000275,30,0.744444,0.026344
13189,McDuffie County,,GA,1472,22975,24447,5,4,9,737,736,1473,7,0.272599,0.283927,7316.963835,0,0.000348,0.000354,108,0.0002,30,0.2,0.002965
13191,McIntosh County,,GA,770,10579,11349,2,1,3,323,303,626,7,0.239346,0.246829,0,0,0.000369,0.000038,15,0.000086,30,1,0.002937
13193,Macon County,,GA,843,12028,12871,4,5,9,301,429,730,7,0.258082,0.268419,742.015292,0,0.000129,0.000193,18,0.00019,30,0.45,0.001839
13195,Madison County,,GA,1891,26564,28455,12,8,20,1736,1222,2958,6,0.301498,0.31581,248.637293,0,0.000971,0.00092,18,0.00035,30,0.515152,0.008452
13197,Marion County,,GA,426,5822,6248,1,2,3,96,113,209,7,0.280352,0.291791,0,0,0.000305,0.000271,18,0.000062,30,1,0.002004
13199,Meriwether County,,GA,1709,23495,25204,8,9,17,1232,1096,2328,6,0.309087,0.324103,780.365634,0,0.00153,0.001626,18,0.000183,30,0.522222,0.011825
13201,Miller County,,GA,423,5731,6154,3,1,4,184,104,288,8,0.219845,0.225773,1.566667,0,0.000004,0.000003,15,0.000141,30,0.666667,0.000315
13205,Mitchell County,,GA,1532,23285,24817,6,6,12,670,832,1502,7,0.252219,0.262076,30.7841,0,0.000093,0.000082,18,0.000224,30,0.533333,0.001199
13207,Monroe County,,GA,1387,20277,21664,8,6,14,1118,683,1801,7,0.260565,0.272025,31.592715,0,0.000549,0.000472,18,0.00024,30,0.642857,0.006695
13209,Montgomery County,,GA,763,9340,10103,2,2,4,336,311,647,7,0.232435,0.239248,1631.739646,0,0.00001,0.000003,18,0.000125,30,0.166667,0.00021
13211,Morgan County,,GA,1161,16648,17809,10,8,18,887,640,1527,6,0.301498,0.31581,20.156056,0,0.00239,0.000984,18,0.000266,30,0.655556,0.018282
13213,Murray County,,GA,3035,36755,39790,7,7,14,2513,1944,4457,7,0.275135,0.287247,11.392162,0,0.000327,0.000327,18,0.000208,30,0.714286,0.003144
13215,Muscogee County,,GA,24794,200069,224863,80,89,169,12454,15488,27942,6,0.389464,0.422717,44476.385883,0,0.032907,0.037468,18,0.001181,30,0.401818,0.238279
13217,Newton County,,GA,5505,72904,78409,12,13,25,7588,3613,11201,6,0.309582,0.325742,122.398118,0,0.003368,0.003836,18,0.000292,30,0.653846,0.027359
13219,Oconee County,,GA,2165,21580,23745,8,7,15,1395,1135,2530,6,0.301467,0.315637,226.693637,0,0.000879,0.000915,18,0.000251,30,0.678571,0.007426
13221,Oglethorpe County,,GA,894,12908,13802,3,3,6,646,484,1130,7,0.266556,0.276502,0,0,0.000145,0.000093,18,0.000136,30,1,0.00104
13223,Paulding County,,GA,7831,87185,95016,18,15,33,9746,5349,15095,6,0.309781,0.326317,80.887537,0,0.005875,0.004271,18,0.000347,30,0.692982,0.046976
13225,Peach County,,GA,2336,24296,26632,4,4,8,1507,1349,2856,7,0.259864,0.270443,7.766991,0,0.000186,0.000272,18,0.000169,30,0.666667,0.002427
13227,Pickens County,,GA,1791,25159,26950,9,6,15,2025,1016,3041,6,0.305245,0.319042,7.322834,0,0.003209,0.001318,18,0.000212,30,0.777778,0.02562
13229,Pierce County,,GA,1191,15900,17091,4,5,9,668,686,1354,6,0.301592,0.316051,2931.747094,0,0.00075,0.000844,15,0.000137,30,0.366667,0.006259
13231,Pike County,,GA,1255,16741,17996,7,5,12,1395,748,2143,7,0.277746,0.289505,194.784452,0,0.000525,0.00054,18,0.00018,30,0.761905,0.005446
13233,Polk County,,GA,2155,37351,39506,10,7,17,1513,1254,2767,6,0.305471,0.319559,577.28575,0,0.002427,0.000996,18,0.000229,30,0.7,0.018979
13235,Pulaski County,,GA,539,9886,10425,3,2,5,208,190,398,7,0.257829,0.267574,146.774369,0,0.000116,0.000188,18,0.000156,30,0.666667,0.001696
13237,Putnam County,,GA,1362,19610,20972,10,6,16,768,584,1352,6,0.303297,0.317305,94.080488,0,0.002271,0.000904,18,0.000276,30,0.5,0.018274
13239,Quitman County,,GA,231,2406,2637,1,1,2,74,80,154,8,0.223112,0.229288,0,0,0.000005,0.000004,18,0.000074,30,0,0.00013
13241,Rabun County,,GA,885,15785,16670,4,3,7,268,208,476,7,0.234276,0.24164,14.61895,0,0.001384,0.000057,18,0.000148,30,0.45,0.010889
13243,Randolph County,,GA,498,7718,8216,2,1,3,88,78,166,7,0.251912,0.260754,0,0,0.000066,0.000067,18,0.000102,30,1,0.000686
13245,Richmond County,,GA,20874,188351,209225,61,66,127,10439,13483,23922,6,0.374322,0.404923,34871.193053,0,0.029414,0.029527,108,0.000833,30,0.495886,0.210076
13247,Rockdale County,,GA,9279,70378,79657,19,18,37,6759,6540,13299,6,0.31384,0.331401,151.480595,0,0.006765,0.005304,18,0.000357,30,0.52,0.050454
13249,Schley County,,GA,290,3923,4213,2,1,3,167,112,279,7,0.236823,0.243436,0,0,0.000013,0.000004,18,0.00011,30,1,0.000241
13251,Screven County,,GA,850,15084,15934,5,3,8,426,370,796,7,0.280108,0.291647,182.730271,0,0.000371,0.000392,18,0.000177,30,0.5,0.003239
13253,Seminole County,,GA,691,9613,10304,3,4,7,226,348,574,7,0.245281,0.254558,105.333666,0,0.000062,0.000023,15,0.000125,30,0.416667,0.00048
13255,Spalding County,,GA,5023,57357,62380,14,14,28,3458,3500,6958,6,0.30988,0.326375,2531.047191,0,0.003405,0.003846,18,0.000327,30,0.557143,0.027302
13257,Stephens County,,GA,1774,26060,27834,7,7,14,677,630,1307,6,0.301561,0.31581,1159.09663,0,0.000798,0.000966,18,0.000232,30,0.472222,0.007124
13259,Stewart County,,GA,350,5672,6022,1,1,2,50,84,134,7,0.280325,0.291618,0,0,0.000305,0.000268,18,0.000062,30,0,0.002004
13261,Sumter County,,GA,2162,33531,35693,7,10,17,594,824,1418,6,0.310278,0.325886,6107.577599,0,0.000489,0.001402,18,0.000312,30,0.366667,0.00453
13263,Talbot County,,GA,556,7491,8047,2,3,5,243,325,568,7,0.280488,0.292193,1.830409,0,0.000307,0.00029,18,0.000088,30,0.666667,0.002107
13265,Taliaferro County,,GA,128,1820,1948,0,0,0,0,0,0,0,0,0,0,15,0,0,17,0.000051,51,0,0
13267,Tattnall County,,GA,1385,17668,19053,5,6,11,404,623,1027,7,0.283035,0.295713,312.512967,0,0.000617,0.000632,18,0.000198,30,0.5,0.004865
13269,Taylor County,,GA,384,9377,9761,1,1,2,48,40,88,7,0.25776,0.267355,0,0,0.000069,0.000186,18,0.000073,30,1,0.000724
13271,Telfair County,,GA,717,11523,12240,3,4,7,172,306,478,7,0.232622,0.240134,4246.271644,0,0,0.000004,18,0.000179,30,0.166667,0.000279
13273,Terrell County,,GA,825,11871,12696,2,3,5,370,419,789,7,0.251956,0.261099,0.5,0,0.000066,0.000074,18,0.000108,30,0.666667,0.000734
13275,Thomas County,,GA,2892,38164,41056,7,10,17,1328,1598,2926,6,0.311915,0.328531,1011.799583,0,0.000532,0.002117,18,0.000218,30,0.5,0.004352
13277,Tift County,,GA,2842,38986,41828,9,10,19,1313,1316,2629,7,0.261883,0.273869,5306.043088,0,0.000198,0.000192,18,0.000399,30,0.311111,0.002294
13279,Toombs County,,GA,1730,23715,25445,6,7,13,582,680,1262,6,0.302726,0.31792,10056.763359,0,0.00034,0.001242,18,0.000302,30,0.25,0.003107
13281,Towns County,,GA,700,9549,10249,3,2,5,208,213,421,8,0.206956,0.21204,1118.545217,0,0.000673,0.000038,18,0.000203,30,0.166667,0.005709
13283,Treutlen County,,GA,388,6143,6531,3,2,5,166,119,285,7,0.237172,0.244453,18.984926,0,0.000012,0.000016,18,0.000191,30,0.583333,0.000429
13285,Troup County,,GA,4117,62069,66186,14,15,29,2198,2242,4440,6,0.311915,0.329049,2359.728816,0,0.003622,0.003964,18,0.00028,30,0.528571,0.027916
13287,Turner County,,GA,639,9918,10557,2,2,4,205,225,430,8,0.210917,0.217196,1.277778,0,0.000002,0.000002,18,0.000116,30,0.666667,0.000226
13289,Twiggs County,,GA,572,9741,10313,3,3,6,522,353,875,7,0.259887,0.270317,17.488556,0,0.000072,0.000271,18,0.000111,30,0.6,0.000933
13291,Union County,,GA,1121,17009,18130,11,5,16,678,354,1032,7,0.260893,0.270992,3753.107995,0,0.004644,0.000153,18,0.000373,30,0.469697,0.034682
13293,Upson County,,GA,1413,28840,30253,4,7,11,447,594,1041,6,0.307122,0.321463,56.905093,0,0.000054,0.001415,18,0.000146,30,0.678571,0.000775
13295,Walker County,,GA,4909,64713,69622,10,10,20,3669,3631,7300,7,0.275423,0.28811,368.543765,0,0.000932,0.000354,18,0.000262,30,0.424242,0.007871
13297,Walton County,,GA,3811,51950,55761,13,13,26,4187,2562,6749,6,0.30912,0.325023,40.552663,0,0.003291,0.002762,18,0.000298,30,0.648352,0.025828
13299,Ware County,,GA,2357,32271,34628,7,8,15,968,1164,2132,6,0.302221,0.317489,5965.422464,0,0.00091,0.000998,15,0.000264,30,0.303571,0.007714
13301,Warren County,,GA,464,6724,7188,1,1,2,151,188,339,8,0.214222,0.219587,0,0,0.000003,0.000003,108,0.000093,30,0,0.000118
13303,Washington County,,GA,990,21449,22439,3,5,8,177,380,557,7,0.24497,0.254796,82.362629,0,0.000024,0.000127,18,0.000144,30,0.3,0.000519
13305,Wayne County,,GA,1541,25432,26973,4,8,12,434,519,953,6,0.303583,0.319186,1606.377381,0,0.000286,0.00154,15,0.000151,30,0.428571,0.002354
13307,Webster County,,GA,159,2145,2304,0,0,0,0,0,0,0,0,0,0,16,0,0,19,0.000051,52,0,0
13309,Wheeler County,,GA,368,4806,5174,1,2,3,77,117,194,8,0.189263,0.19365,3.987646,0,0,0,18,0.000089,30,0,0.000094
13311,White County,,GA,1605,21564,23169,9,6,15,1452,785,2237,6,0.301435,0.315465,24.298115,0,0.003108,0.000877,18,0.000224,30,0.644444,0.02439
13313,Whitfield County,,GA,7467,97913,105380,19,19,38,3586,4567,8153,6,0.345658,0.368007,3108.150381,0,0.007325,0.006473,18,0.000369,30,0.46558,0.053562
13315,Wilcox County,,GA,570,7333,7903,2,2,4,115,211,326,8,0.207192,0.212972,11.604313,0,0.000002,0.000001,18,0.000148,30,0,0.000205
13317,Wilkes County,,GA,597,11631,12228,1,3,4,60,168,228,7,0.266753,0.276876,4.139202,0,0.000003,0.000083,108,0.000079,30,0,0.000112
13319,Wilkinson County,,GA,644,10704,11348,2,4,6,253,370,623,7,0.244784,0.254249,2.457143,0,0.000091,0.000124,18,0.000098,30,0.5,0.001029
13321,Worth County,,GA,1487,18639,20126,5,6,11,715,933,1648,7,0.252329,0.26222,748.401223,0,0.000072,0.00008,18,0.00022,30,0.433333,0.001103
15001,Hawaii County,,HI,6524,153832,160356,28,19,47,4672,3559,8231,6,0.341745,0.362808,9.005282,0,0.016263,0.012439,5,0.000324,30,0.887097,0.113127
15003,Honolulu County,,HI,60446,988588,1049034,220,225,445,41519,44956,86475,6,0.434678,0.479768,45468.549238,0,0.090598,0.09058,5,0.002469,30,0.282983,0.626208
15005,Kalawao County,,HI,0,0,0,0,0,0,0,0,0,0,0,0,0,17,0,0,20,0.000051,53,0,0
15007,Kauai County,,HI,2662,65563,68225,6,7,13,499,1197,1696,6,0.339344,0.358178,0,0,0.005569,0.005865,5,0.000107,30,0.988889,0.03901
15009,Maui County,,HI,7277,145332,152609,25,20,45,3896,3843,7739,6,0.341343,0.362405,1.064403,0,0.015738,0.012449,5,0.000279,30,0.917241,0.108809
16001,Ada County,,ID,23741,349599,373340,112,93,205,20616,17609,38225,6,0.374274,0.408098,62329.391015,0,0.033588,0.032066,183,0.001697,30,0.309375,0.24726
16003,Adams County,,ID,343,3818,4161,2,0,2,92,0,92,0,0,0,0,0,0.000371,0,183,0.000084,3,1,0.003219
16005,Bannock County,,ID,6944,80672,87616,24,28,52,3272,4007,7279,6,0.341102,0.363676,19512.731626,0,0.005886,0.007732,183,0.000511,30,0.396552,0.045423
16007,Bear Lake County,,ID,563,7004,7567,0,1,1,0,66,66,7,0.25441,0.263107,0,0,0,0.000048,183,0.000051,54,0,0
16009,Benewah County,,ID,714,10036,10750,1,2,3,160,293,453,7,0.27283,0.284902,0,0,0.00008,0.000412,183,0.000075,30,1,0.001073
16011,Bingham County,,ID,3652,48065,51717,12,11,23,1897,2229,4126,6,0.316894,0.334254,1452.559035,0,0.002791,0.002481,183,0.000237,30,0.725275,0.020859
16013,Blaine County,,ID,1622,20590,22212,6,5,11,454,467,921,6,0.330784,0.348441,767.358298,0,0.003735,0.002267,183,0.00012,30,0.666667,0.0259
16015,Boise County,,ID,716,6275,6991,2,2,4,425,411,836,7,0.272676,0.28447,0,0,0.000371,0.000406,183,0.000084,30,1,0.003219
16017,Bonner County,,ID,2720,38855,41575,11,8,19,1508,1233,2741,6,0.332111,0.350707,1135.469552,0,0.005265,0.002719,183,0.000221,30,0.666667,0.038629
16019,Bonneville County,,ID,6800,91281,98081,25,20,45,4317,3965,8282,6,0.338038,0.359092,2992.782403,0,0.009337,0.00525,183,0.000395,30,0.521164,0.069098
16021,Boundary County,,ID,700,10212,10912,2,3,5,127,257,384,7,0.272856,0.285074,0,0,0.000102,0.000455,183,0.000098,30,1,0.001473
16023,Butte County,,ID,200,3021,3221,0,0,0,0,0,0,0,0,0,0,18,0,0,21,0.000051,55,0,0
16025,Camas County,,ID,99,933,1032,0,0,0,0,0,0,0,0,0,0,19,0,0,22,0.000051,56,0,0
16027,Canyon County,,ID,10384,142121,152505,50,39,89,11147,7036,18183,6,0.349199,0.374517,12075.1314,0,0.016274,0.013485,183,0.000803,30,0.398377,0.119999
16029,Caribou County,,ID,663,8125,8788,1,1,2,114,117,231,7,0.254367,0.263025,0,0,0.000063,0.000048,183,0.000066,30,0,0.000478
16031,Cassia County,,ID,2433,26609,29042,6,10,16,1105,1494,2599,6,0.297781,0.313239,210.898257,0,0.000973,0.00139,183,0.000166,30,0.6,0.007196
16033,Clark County,,ID,131,952,1083,0,0,0,0,0,0,0,0,0,0,20,0,0,23,0.000051,57,0,0
16035,Clearwater County,,ID,892,8980,9872,2,3,5,164,307,471,7,0.255871,0.265055,0.7,0,0.000017,0.000174,183,0.000094,30,0.75,0.00037
16037,Custer County,,ID,493,4210,4703,0,0,0,0,0,0,0,0,0,0,21,0,0,24,0.000051,58,0,0
16039,Elmore County,,ID,4590,27490,32080,12,12,24,1206,1455,2661,6,0.33792,0.358632,699.033064,0,0.004692,0.005613,183,0.000221,30,0.577206,0.036487
16041,Franklin County,,ID,801,12782,13583,2,2,4,358,352,710,7,0.256801,0.266216,0,0,0.000144,0.000097,5,0.00008,30,1,0.000973
16043,Fremont County,,ID,1408,14333,15741,6,8,14,582,792,1374,6,0.297139,0.312353,204.423307,0,0.000494,0.001103,183,0.00014,30,0.666667,0.00381
16045,Gem County,,ID,1523,15948,17471,3,3,6,875,809,1684,7,0.272727,0.2847,1.47607,0,0.000374,0.000417,183,0.000106,30,0.75,0.00334
16047,Gooding County,,ID,1372,14522,15894,4,4,8,575,778,1353,7,0.272471,0.284551,79.227659,0,0.000313,0.000339,183,0.000142,30,0.75,0.002925
16049,Idaho County,,ID,1072,15104,16176,4,5,9,231,367,598,7,0.272625,0.285011,662.590719,0,0.000296,0.000315,183,0.000137,30,0.533333,0.002665
16051,Jefferson County,,ID,1950,21567,23517,8,9,17,1316,1361,2677,6,0.331731,0.350403,69.433808,0,0.001177,0.002402,183,0.000164,30,0.866667,0.008225
16053,Jerome County,,ID,2142,19537,21679,6,5,11,1189,1281,2470,7,0.272496,0.284723,49.693564,0,0.000328,0.000349,183,0.000182,30,0.733333,0.003191
16055,Kootenai County,,ID,8457,118314,126771,48,26,74,6531,4695,11226,6,0.343365,0.365787,10247.850016,0,0.016349,0.009845,183,0.000727,30,0.48,0.120127
16057,Latah County,,ID,4185,33292,37477,17,15,32,1676,2039,3715,6,0.332874,0.352663,1090.284833,0,0.002568,0.004014,183,0.000332,30,0.447619,0.020782
16059,Lemhi County,,ID,576,7797,8373,0,0,0,0,0,0,0,0,0,0,22,0,0,25,0.000051,59,0,0
16061,Lewis County,,ID,297,4190,4487,2,2,4,149,154,303,7,0.236707,0.243847,0,0,0.000017,0.000023,183,0.000094,30,1,0.00037
16063,Lincoln County,,ID,566,5022,5588,4,4,8,260,251,511,7,0.253056,0.261858,1.5,0,0.000081,0.00007,183,0.000132,30,0.6,0.001119
16065,Madison County,,ID,2517,18823,21340,9,10,19,1098,1688,2786,6,0.29775,0.313239,25.151727,0,0.001647,0.001323,183,0.000171,30,0.754545,0.011512
16067,Minidoka County,,ID,1613,16286,17899,5,5,10,783,1008,1791,7,0.272779,0.285046,60.853886,0,0.000324,0.000479,183,0.000156,30,0.7,0.003077
16069,Nez Perce County,,ID,3175,39442,42617,11,11,22,1836,1794,3630,6,0.310046,0.326628,8476.889729,0,0.002491,0.001734,183,0.000258,30,0.525641,0.019895
16071,Oneida County,,ID,297,4447,4744,0,2,2,0,100,100,7,0.254499,0.263423,0,0,0,0.000059,5,0.000051,60,0,0
16073,Owyhee County,,ID,1271,9955,11226,3,3,6,552,875,1427,7,0.273242,0.285299,0,0,0.000417,0.000444,183,0.000099,30,1,0.003603
16075,Payette County,,ID,1926,20953,22879,4,5,9,1110,1141,2251,7,0.272753,0.284988,0.666667,0,0.000389,0.000418,183,0.000133,30,0.8,0.003492
16077,Power County,,ID,684,7106,7790,2,2,4,222,318,540,7,0.254389,0.263198,0,0,0.000083,0.000071,183,0.000085,30,1,0.000747
16079,Shoshone County,,ID,1364,13052,14416,3,5,8,340,632,972,7,0.273499,0.286432,58.266971,0,0.000369,0.00046,183,0.000108,30,0.2,0.003525
16081,Teton County,,ID,663,6923,7586,1,3,4,199,161,360,7,0.253543,0.262496,1.275,0,0.000024,0.000092,5,0.000061,30,0.5,0.000175
16083,Twin Falls County,,ID,5454,68960,74414,24,22,46,3493,3265,6758,6,0.338631,0.360087,7786.867828,0,0.007591,0.00594,183,0.000437,30,0.464286,0.056357
16085,Valley County,,ID,1028,8695,9723,2,2,4,282,379,661,7,0.272676,0.28447,0,0,0.000371,0.000406,183,0.000084,30,1,0.003219
16087,Washington County,,ID,832,9836,10668,4,4,8,356,420,776,7,0.272727,0.284815,0,0,0.000389,0.000415,183,0.000128,30,1,0.003492
17001,Adams County,,IL,3192,81435,84627,12,13,25,1145,1140,2285,6,0.342877,0.363337,17712.45597,0,0.00239,0.003843,59,0.000298,30,0.3125,0.016195
17003,Alexander County,,IL,684,9098,9782,3,4,7,246,333,579,7,0.259213,0.268759,1671.676604,0,0.000017,0.000041,59,0.000152,30,0.416667,0.000394
17005,Bond County,,IL,1170,18711,19881,6,5,11,774,515,1289,7,0.276923,0.2882,142.299904,0,0.000976,0.000284,59,0.000175,30,0.633333,0.007041
17007,Boone County,,IL,4149,53165,57314,9,10,19,4314,2701,7015,6,0.340181,0.359656,2.067956,0,0.003152,0.003831,27,0.000127,30,0.772727,0.018949
17009,Brown County,,IL,392,5933,6325,1,2,3,57,87,144,7,0.255578,0.263974,0,0,0.000031,0.00002,59,0.00007,30,0.5,0.000232
17011,Bureau County,,IL,2434,43016,45450,12,10,22,1492,1367,2859,6,0.327791,0.345537,1878.180442,0,0.002268,0.001908,27,0.000233,30,0.516484,0.014997
17013,Calhoun County,,IL,281,5991,6272,1,2,3,48,121,169,7,0.265652,0.27535,0,0,0.0001,0.000098,59,0.000068,30,1,0.00078
17015,Carroll County,,IL,1180,20668,21848,6,5,11,518,501,1019,7,0.256052,0.265263,5.761276,0,0.001167,0.000095,27,0.000132,30,0.6,0.007997
17017,Cass County,,IL,1112,16787,17899,4,3,7,370,488,858,7,0.265312,0.275264,275.744761,0,0.000093,0.000091,27,0.000173,30,0.333333,0.001098
17019,Champaign County,,IL,14684,185121,199805,50,60,110,7262,8329,15591,6,0.38207,0.412836,22822.652755,0,0.019041,0.027251,27,0.00073,30,0.410664,0.130392
17021,Christian County,,IL,2282,45771,48053,7,6,13,1324,1160,2484,7,0.266458,0.277173,407.698437,0,0.001209,0.000158,27,0.000186,30,0.517857,0.008697
17023,Clark County,,IL,1109,20184,21293,5,5,10,613,508,1121,7,0.250801,0.260302,2375.333163,0,0.000042,0.000051,27,0.00017,30,0.35,0.000856
17025,Clay County,,IL,922,16720,17642,4,4,8,322,367,689,7,0.235571,0.242933,2905.003163,0,0.000015,0.000011,52,0.000202,30,0.166667,0.000481
17027,Clinton County,,IL,2115,43998,46113,6,7,13,1252,1332,2584,6,0.305728,0.319697,195.351257,0,0.000979,0.000931,59,0.000171,30,0.642857,0.007016
17029,Coles County,,IL,3721,53380,57101,14,14,28,1698,1806,3504,6,0.328571,0.34709,10303.63364,0,0.002175,0.002014,27,0.000336,30,0.352381,0.014797
17031,Cook County,,IL,276318,5936081,6212399,389,489,878,149885,255854,405739,5,0.486242,0.548625,594459.383643,0,0.119418,0.129033,27,0.004736,30,0.113991,0.827254
17033,Crawford County,,IL,1123,23429,24552,3,5,8,240,353,593,7,0.250497,0.259738,225.391585,0,0.000001,0.000039,27,0.000166,30,0.3,0.000293
17035,Cumberland County,,IL,903,13255,14158,4,4,8,511,532,1043,7,0.24899,0.257464,9.845754,0,0.000024,0.000027,27,0.000153,30,0.666667,0.000599
17037,DeKalb County,,IL,9017,99385,108402,15,19,34,6807,5899,12706,6,0.341423,0.362445,49.55513,0,0.003651,0.004686,27,0.000202,30,0.607895,0.022275
17039,De Witt County,,IL,1362,20341,21703,6,5,11,726,793,1519,7,0.279784,0.291607,5.245511,0,0.000408,0.000304,27,0.000144,30,0.766667,0.002876
17041,Douglas County,,IL,1563,26663,28226,6,5,11,846,743,1589,7,0.277826,0.289582,37.705204,0,0.000296,0.00021,27,0.000159,30,0.6,0.002044
17043,DuPage County,,IL,97196,1234000,1331196,181,230,411,77331,85935,163266,5,0.435593,0.480722,57741.631746,0,0.078277,0.089901,27,0.002069,30,0.27319,0.535346
17045,Edgar County,,IL,1144,22544,23688,4,6,10,331,560,891,6,0.279946,0.292207,109.463839,0,0.000068,0.000232,27,0.000134,30,0.433333,0.000924
17047,Edwards County,,IL,503,8614,9117,3,3,6,170,217,387,8,0.207178,0.212517,104.180066,0,0,0,52,0.000162,30,0.166667,0.000285
17049,Effingham County,,IL,2202,43478,45680,8,9,17,851,940,1791,6,0.305858,0.320468,16152.21807,0,0.001078,0.000818,27,0.000276,30,0.255556,0.00778
17051,Fayette County,,IL,1208,23944,25152,6,6,12,528,560,1088,7,0.266409,0.277104,76.735204,0,0.000119,0.000118,59,0.000203,30,0.366667,0.001476
17053,Ford County,,IL,1368,17964,19332,6,6,12,855,824,1679,6,0.327532,0.344674,0.786113,0,0.001421,0.00129,27,0.00013,30,0.9,0.009584
17055,Franklin County,,IL,2076,44933,47009,8,5,13,1125,916,2041,7,0.256347,0.265585,757.176559,0,0.000169,0.000065,59,0.000272,30,0.410714,0.00193
17057,Fulton County,,IL,2282,44684,46966,5,7,12,951,1224,2175,7,0.271806,0.283389,6.963075,0,0.000163,0.000345,27,0.000129,30,0.714286,0.001567
17059,Gallatin County,,IL,444,6941,7385,1,2,3,97,182,279,8,0.207712,0.213276,37.14696,0,0.000001,0,59,0.000082,30,0,0.000101
17061,Greene County,,IL,889,17217,18106,5,6,11,475,530,1005,7,0.269406,0.280411,1633.523427,0,0.000123,0.000198,59,0.000214,30,0.566667,0.001293
17063,Grundy County,,IL,3692,51922,55614,9,9,18,2901,2367,5268,6,0.337802,0.356988,47.446166,0,0.002451,0.003018,27,0.000147,30,0.745455,0.015716
17065,Hamilton County,,IL,466,8378,8844,2,2,4,119,154,273,8,0.217355,0.22317,10.128809,0,0.000003,0.000012,52,0.000105,30,0.333333,0.000265
17067,Hancock County,,IL,1477,24882,26359,4,4,8,517,596,1113,7,0.25728,0.266557,82.173845,0,0.00005,0.000031,27,0.000122,30,0.3,0.000592
17069,Hardin County,,IL,301,4780,5081,1,1,2,58,64,122,8,0.204156,0.20884,0,0,0.000001,0,59,0.000082,30,0,0.000101
17071,Henderson County,,IL,617,10160,10777,2,4,6,206,295,501,7,0.24899,0.257458,5.655437,0,0.000004,0.000023,27,0.000093,30,0.333333,0.000214
17073,Henry County,,IL,4102,67103,71205,9,10,19,2313,2404,4717,6,0.328014,0.345853,742.782377,0,0.001418,0.001348,27,0.000173,30,0.533333,0.009573
17075,Iroquois County,,IL,2358,39877,42235,8,8,16,1317,1326,2643,6,0.327791,0.345307,231.666717,0,0.001609,0.001486,27,0.000156,30,0.625,0.010481
17077,Jackson County,,IL,5792,53396,59188,16,18,34,2447,2745,5192,6,0.343772,0.365091,20160.878367,0,0.003691,0.004792,59,0.000406,30,0.395238,0.024439
17079,Jasper County,,IL,616,12708,13324,3,3,6,284,245,529,7,0.23496,0.241978,2192.306456,0,0.000007,0.000009,27,0.000153,30,0,0.000353
17081,Jefferson County,,IL,2338,42439,44777,9,9,18,1012,917,1929,7,0.277533,0.289626,14511.987267,0,0.001248,0.000326,59,0.00032,30,0.363636,0.009113
17083,Jersey County,,IL,1551,28351,29902,5,4,9,1271,927,2198,6,0.304284,0.317667,280.069878,0,0.000799,0.000743,59,0.000168,30,0.6,0.005599
17085,Jo Daviess County,,IL,1567,27820,29387,9,6,15,969,758,1727,6,0.327791,0.345077,438.407334,0,0.00266,0.001036,27,0.000173,30,0.388889,0.016517
17087,Johnson County,,IL,807,12866,13673,4,3,7,323,296,619,7,0.249055,0.257148,125.897606,0,0.000018,0.000023,59,0.000227,30,0.333333,0.000549
17089,Kane County,,IL,31666,404982,436648,58,66,124,34912,24847,59759,6,0.387071,0.417443,4051.53795,0,0.029083,0.032975,27,0.000671,30,0.53047,0.201125
17091,Kankakee County,,IL,6094,120602,126696,11,14,25,3508,3113,6621,6,0.343813,0.364579,231.254735,0,0.003979,0.00439,27,0.000178,30,0.642857,0.02601
17093,Kendall County,,IL,5654,68436,74090,8,8,16,7746,3893,11639,6,0.327791,0.345278,1.110148,0,0.003013,0.002622,27,0.000127,30,0.910714,0.01867
17095,Knox County,,IL,3248,62810,66058,12,12,24,1464,1493,2957,6,0.328385,0.34663,6090.103917,0,0.002517,0.00151,27,0.000224,30,0.461905,0.018302
17097,Lake County,,IL,50252,753425,803677,122,161,283,41853,38968,80821,5,0.418001,0.457436,15949.406733,0,0.062321,0.074552,27,0.00135,30,0.378371,0.42686
17099,LaSalle County,,IL,6443,131714,138157,19,22,41,4278,3845,8123,6,0.342149,0.363469,5187.419526,0,0.003971,0.00539,27,0.000335,30,0.472332,0.027769
17101,Lawrence County,,IL,915,16888,17803,3,3,6,318,388,706,7,0.230898,0.237878,1453.13325,0,0.000006,0.000006,52,0.000152,30,0.166667,0.00034
17103,Lee County,,IL,2442,43284,45726,9,8,17,1544,1403,2947,6,0.327569,0.344962,1.808966,0,0.002402,0.001846,27,0.000147,30,0.875,0.01517
17105,Livingston County,,IL,2421,43741,46162,9,9,18,1308,1310,2618,6,0.32768,0.34525,123.779689,0,0.001726,0.001525,27,0.000171,30,0.644444,0.011477
17107,Logan County,,IL,2058,33525,35583,7,10,17,868,1126,1994,6,0.328051,0.345911,392.139182,0,0.001302,0.00149,27,0.000171,30,0.666667,0.009364
17109,McDonough County,,IL,2255,32158,34413,7,12,19,706,910,1616,6,0.328646,0.346917,9438.061571,0,0.001168,0.00191,27,0.000199,30,0.435897,0.008349
17111,McHenry County,,IL,19259,293761,313020,27,45,72,19753,13549,33302,6,0.367114,0.394145,607.979674,0,0.014632,0.024738,27,0.000331,30,0.600177,0.102099
17113,McLean County,,IL,10133,170109,180242,44,31,75,6770,5261,12031,6,0.360179,0.385789,6247.660851,0,0.012567,0.010804,27,0.00064,30,0.331429,0.086472
17115,Macon County,,IL,7107,132657,139764,18,23,41,2332,3364,5696,6,0.346858,0.369398,9666.95916,0,0.004175,0.005516,27,0.000371,30,0.416667,0.029589
17117,Macoupin County,,IL,3158,55315,58473,10,8,18,1993,1932,3925,6,0.305922,0.320198,624.753377,0,0.001113,0.001015,59,0.000285,30,0.466667,0.008429
17119,Madison County,,IL,14616,309396,324012,38,38,76,9424,9464,18888,6,0.361662,0.387589,29961.438725,0,0.011246,0.012228,59,0.00076,30,0.313527,0.081833
17121,Marion County,,IL,2644,47639,50283,9,11,20,928,1095,2023,6,0.306569,0.321394,3486.741469,0,0.000253,0.00103,59,0.000286,30,0.384615,0.00275
17123,Marshall County,,IL,1180,18504,19684,7,6,13,837,754,1591,7,0.266605,0.277449,480.780805,0,0.001334,0.000184,27,0.000157,30,0.696429,0.009508
17125,Mason County,,IL,1416,21957,23373,6,7,13,905,904,1809,7,0.268931,0.280141,43.423131,0,0.000231,0.000224,27,0.000168,30,0.47619,0.002188
17127,Massac County,,IL,895,17318,18213,3,2,5,327,303,630,7,0.238009,0.245362,547.111387,0,0.000013,0.000027,143,0.000179,30,0,0.000477
17129,Menard County,,IL,1017,15505,16522,2,2,4,612,580,1192,7,0.265142,0.274815,0,0,0.000084,0.000091,27,0.000092,30,1,0.00089
17131,Mercer County,,IL,1292,21775,23067,6,6,12,815,772,1587,7,0.269858,0.280905,82.758259,0,0.000234,0.000164,27,0.000142,30,0.6,0.00174
17133,Monroe County,,IL,1654,36714,38368,6,6,12,1803,1048,2851,6,0.305406,0.319203,1.448485,0,0.001233,0.00117,59,0.000143,30,0.866667,0.00874
17135,Montgomery County,,IL,1597,34767,36364,7,6,13,847,790,1637,7,0.269506,0.280543,121.265712,0,0.000883,0.000209,59,0.000214,30,0.52381,0.0066
17137,Morgan County,,IL,2343,40646,42989,8,8,16,1061,1105,2166,6,0.328311,0.346055,5747.094926,0,0.000125,0.001165,27,0.000306,30,0.311111,0.001663
17139,Moultrie County,,IL,1048,15377,16425,4,5,9,565,599,1164,7,0.277852,0.28964,33.964854,0,0.000064,0.00021,27,0.000139,30,0.8,0.000796
17141,Ogle County,,IL,3983,62497,66480,11,14,25,2983,2513,5496,6,0.340821,0.361036,727.597846,0,0.002587,0.00383,27,0.000171,30,0.647619,0.016107
17143,Peoria County,,IL,12986,210446,223432,37,37,74,7530,8297,15827,6,0.362794,0.389268,15545.048627,0,0.012201,0.01244,27,0.000526,30,0.39852,0.081865
17145,Perry County,,IL,1425,23583,25008,5,5,10,536,698,1234,7,0.274276,0.285192,66.937349,0,0.000242,0.000239,59,0.000177,30,0.7,0.002218
17147,Piatt County,,IL,1368,18408,19776,4,5,9,846,762,1608,6,0.327569,0.344617,175.800454,0,0.000271,0.001167,27,0.000126,30,0.7,0.001743
17149,Pike County,,IL,930,18730,19660,3,4,7,236,301,537,7,0.265677,0.275977,15.829074,0,0.000048,0.000117,59,0.000126,30,0.416667,0.000495
17151,Pope County,,IL,277,3969,4246,1,1,2,47,57,104,8,0.204156,0.20884,0,0,0.000001,0,59,0.000082,30,0,0.000101
17153,Pulaski County,,IL,524,7372,7896,2,3,5,138,231,369,8,0.209106,0.214526,11.706112,0,0.000001,0.000001,59,0.000126,30,0.333333,0.000202
17155,Putnam County,,IL,431,6049,6480,3,2,5,288,224,512,7,0.255038,0.263508,0,0,0.000061,0.000051,27,0.000106,30,1,0.00073
17157,Randolph County,,IL,1904,35571,37475,6,8,14,880,1102,1982,6,0.305728,0.319864,111.599194,0,0.001017,0.000981,59,0.000165,30,0.571429,0.007208
17159,Richland County,,IL,1003,19386,20389,4,4,8,313,260,573,8,0.192635,0.197668,68.676555,0,0,0,52,0.000226,30,0,0.000382
17161,Rock Island County,,IL,9647,172516,182163,21,30,51,5253,5782,11035,6,0.35234,0.375983,5692.362172,0,0.005332,0.009547,27,0.000315,30,0.397504,0.034487
17163,St. Clair County,,IL,17424,293574,310998,66,52,118,10830,10614,21444,6,0.376461,0.404647,33014.370579,0,0.02166,0.02183,59,0.00104,30,0.325913,0.158917
17165,Saline County,,IL,1443,27076,28519,5,8,13,465,549,1014,7,0.256506,0.266275,16163.128316,0,0.000017,0.000064,59,0.000298,30,0.214286,0.00063
17167,Sangamon County,,IL,10444,232355,242799,43,33,76,6685,5788,12473,6,0.360672,0.386203,28404.330932,0,0.010974,0.010073,27,0.000806,30,0.302035,0.079807
17169,Schuyler County,,IL,454,7963,8417,2,2,4,154,124,278,7,0.247481,0.255106,5.764413,0,0.000016,0.00001,27,0.000114,30,0,0.000266
17171,Scott County,,IL,356,5714,6070,2,2,4,208,195,403,7,0.247227,0.254663,0,0,0.000011,0.000002,27,0.000114,30,1,0.000221
17173,Shelby County,,IL,1370,22778,24148,7,7,14,811,745,1556,7,0.258151,0.268069,74.755746,0,0.000072,0.000072,27,0.000222,30,0.428571,0.00121
17175,Stark County,,IL,600,7860,8460,2,4,6,263,344,607,7,0.266483,0.276932,0.378739,0,0.000112,0.000152,27,0.000078,30,0.583333,0.000952
17177,Stephenson County,,IL,3209,60938,64147,7,11,18,1301,1686,2987,6,0.340661,0.360461,829.321791,0,0.002023,0.003389,27,0.000153,30,0.572727,0.012943
17179,Tazewell County,,IL,9390,158366,167756,18,17,35,6219,5947,12166,6,0.342432,0.363538,2631.142015,0,0.00274,0.003894,27,0.000311,30,0.430952,0.018525
17181,Union County,,IL,939,19685,20624,6,5,11,406,397,803,7,0.256279,0.265412,3914.046806,0,0.000073,0.000053,59,0.000251,30,0.3,0.001027
17183,Vermilion County,,IL,4110,92608,96718,11,14,25,1499,1620,3119,6,0.343691,0.364619,5129.590312,0,0.002958,0.003444,27,0.000234,30,0.409524,0.020289
17185,Wabash County,,IL,725,14624,15349,3,3,6,204,228,432,7,0.260284,0.269417,5764.24957,0,0.000051,0.000025,52,0.00014,30,0.333333,0.000502
17187,Warren County,,IL,1163,17155,18318,5,5,10,401,562,963,7,0.249097,0.257832,1262.806522,0,0.000107,0.000033,27,0.000129,30,0.4,0.001009
17189,Washington County,,IL,1009,18393,19402,4,5,9,492,551,1043,7,0.277055,0.288389,1.246703,0,0.000196,0.000288,59,0.000141,30,0.85,0.001852
17191,Wayne County,,IL,880,18723,19603,4,3,7,316,269,585,8,0.219795,0.226195,3072.710334,0,0.000003,0.00001,52,0.000194,30,0.083333,0.000457
17193,White County,,IL,902,17504,18406,2,5,7,105,333,438,7,0.260658,0.270274,1828.237519,0,0,0.000025,52,0.000141,30,0.1,0.000187
17195,Whiteside County,,IL,3717,72389,76106,13,14,27,1732,1823,3555,6,0.340421,0.360461,718.995951,0,0.002588,0.003341,27,0.000206,30,0.56044,0.016309
17197,Will County,,IL,27422,507227,534649,50,60,110,41553,20418,61971,6,0.37534,0.405343,4025.771818,0,0.022756,0.030423,27,0.000619,30,0.499598,0.158438
17199,Williamson County,,IL,4019,67268,71287,12,12,24,2114,1953,4067,6,0.330709,0.34962,25029.978489,0,0.002773,0.002008,59,0.000368,30,0.4,0.018276
17201,Winnebago County,,IL,14933,329040,343973,35,51,86,9223,8714,17937,6,0.372685,0.401547,2904.473265,0,0.013846,0.023854,27,0.000448,30,0.51451,0.095654
17203,Woodford County,,IL,2343,35940,38283,6,6,12,1631,1450,3081,7,0.269481,0.280657,2.939838,0,0.001317,0.000281,27,0.000139,30,0.809524,0.009289
18001,Adams County,,IN,1812,41531,43343,5,6,11,696,919,1615,6,0.298886,0.313055,327.477021,0,0.00026,0.000768,52,0.000143,30,0.404762,0.0019
18003,Allen County,,IN,18988,404035,423023,68,74,142,10622,11566,22188,5,0.38733,0.419111,55702.138343,0,0.023763,0.029206,52,0.000906,30,0.344026,0.163359
18005,Bartholomew County,,IN,6139,92974,99113,11,17,28,2757,3448,6205,6,0.305471,0.322458,153.843424,0,0.001106,0.001852,52,0.000239,30,0.430147,0.008252
18007,Benton County,,IN,944,12186,13130,3,3,6,432,566,998,7,0.27464,0.285557,5.917428,0,0.00019,0.000074,52,0.000092,30,0.583333,0.000898
18009,Blackford County,,IN,1146,19711,20857,5,5,10,668,662,1330,7,0.259259,0.269053,9.248746,0,0.000056,0.00004,52,0.000157,30,0.45,0.000786
18011,Boone County,,IN,4193,62787,66980,11,9,20,3786,2338,6124,6,0.329393,0.347573,182.54421,0,0.00256,0.002107,52,0.000212,30,0.647436,0.016595
18013,Brown County,,IN,1983,24003,25986,5,7,12,1375,1391,2766,6,0.298486,0.312365,1.642857,0,0.000805,0.000742,52,0.00013,30,0.785714,0.005426
18015,Carroll County,,IN,2139,31360,33499,6,6,12,1376,1378,2754,6,0.298455,0.31225,7.522285,0,0.000827,0.000698,52,0.000139,30,0.766667,0.005499
18017,Cass County,,IN,3090,48076,51166,10,10,20,1338,1654,2992,6,0.299102,0.313918,505.48502,0,0.002974,0.001187,52,0.000184,30,0.515152,0.02027
18019,Clark County,,IN,8711,114351,123062,13,13,26,6297,5906,12203,6,0.314658,0.332241,2005.213689,0,0.002367,0.002057,123,0.000314,30,0.366667,0.016886
18021,Clay County,,IN,2396,34037,36433,8,8,16,1306,1429,2735,6,0.298517,0.312537,123.442928,0,0.000654,0.000672,52,0.000214,30,0.555556,0.005242
18023,Clinton County,,IN,2390,38505,40895,6,7,13,1066,1304,2370,6,0.298455,0.312365,2.686152,0,0.001093,0.000989,52,0.000143,30,0.738095,0.007435
18025,Crawford County,,IN,849,12492,13341,6,5,11,586,506,1092,7,0.239901,0.248358,132.843285,0,0.000519,0.000042,123,0.000188,30,0.466667,0.004372
18027,Daviess County,,IN,1414,34177,35591,7,9,16,586,719,1305,6,0.299226,0.313676,1250.066491,0,0.000068,0.000688,52,0.000235,30,0.527778,0.001058
18029,Dearborn County,,IN,3971,62254,66225,12,13,25,3173,2791,5964,6,0.302316,0.318133,4052.018847,0,0.001746,0.001632,123,0.000262,30,0.423077,0.011386
18031,Decatur County,,IN,1913,34183,36096,9,10,19,1115,1168,2283,6,0.301875,0.317098,74.072013,0,0.000667,0.001096,52,0.000203,30,0.454545,0.005303
18033,DeKalb County,,IN,3160,49366,52526,7,7,14,2041,1865,3906,6,0.279784,0.291862,12.911441,0,0.000285,0.000218,52,0.000157,30,0.571429,0.002199
18035,Delaware County,,IN,7796,125067,132863,20,22,42,3600,4392,7992,6,0.349325,0.372539,11630.904768,0,0.003065,0.004693,52,0.000333,30,0.416667,0.019468
18037,Dubois County,,IN,2404,54582,56986,11,11,22,1172,1267,2439,6,0.299195,0.313964,4540.217199,0,0.000678,0.000607,52,0.000321,30,0.327273,0.005401
18039,Elkhart County,,IN,12123,218475,230598,15,36,51,5616,7111,12727,6,0.36293,0.389159,2105.797941,0,0.003819,0.012386,52,0.000201,30,0.40873,0.024607
18041,Fayette County,,IN,1683,29496,31179,6,8,14,780,1006,1786,6,0.298486,0.312537,552.750035,0,0.000654,0.000618,52,0.000144,30,0.517857,0.00487
18043,Floyd County,,IN,7084,81293,88377,10,9,19,4875,5102,9977,6,0.30438,0.319582,754.575629,0,0.001398,0.001113,123,0.000264,30,0.490909,0.010445
18045,Fountain County,,IN,1478,23130,24608,6,7,13,918,939,1857,6,0.29864,0.312624,453.551347,0,0.000813,0.000675,52,0.000166,30,0.5,0.005318
18047,Franklin County,,IN,2436,38734,41170,8,10,18,1662,1514,3176,6,0.302158,0.317501,1188.007642,0,0.001531,0.001271,123,0.000166,30,0.444444,0.009483
18049,Fulton County,,IN,1845,25828,27673,9,10,19,1051,1043,2094,6,0.298732,0.313228,282.042821,0,0.001385,0.000813,52,0.000158,30,0.472727,0.009212
18051,Gibson County,,IN,2200,40074,42274,8,9,17,1155,1266,2421,6,0.299226,0.313665,482.848423,0,0.000081,0.000612,52,0.000263,30,0.527778,0.001162
18053,Grant County,,IN,4120,81361,85481,11,12,23,1529,2010,3539,6,0.299195,0.31432,1030.489394,0,0.001249,0.001223,52,0.000221,30,0.560606,0.009113
18055,Greene County,,IN,2315,36785,39100,10,10,20,1483,1403,2886,6,0.298886,0.313371,337.86623,0,0.0008,0.000716,52,0.000258,30,0.5,0.006061
18057,Hamilton County,,IN,18132,230895,249027,86,68,154,22249,12406,34655,5,0.385731,0.416396,20035.938298,0,0.03719,0.032827,52,0.001104,30,0.435743,0.254881
18059,Hancock County,,IN,5340,76171,81511,10,11,21,5109,3647,8756,6,0.298794,0.3134,17.808333,0,0.001037,0.001155,52,0.000221,30,0.613636,0.00814
18061,Harrison County,,IN,2421,42616,45037,6,5,11,1728,1538,3266,6,0.293885,0.30685,255.019782,0,0.000514,0.000534,123,0.000189,30,0.633333,0.004386
18063,Hendricks County,,IN,10153,134469,144622,25,14,39,11710,6929,18639,6,0.302284,0.318484,633.831764,0,0.005144,0.001916,52,0.000412,30,0.44,0.03401
18065,Henry County,,IN,3091,60575,63666,9,8,17,1713,1838,3551,6,0.298547,0.312652,407.79476,0,0.00098,0.000944,52,0.00019,30,0.583333,0.007501
18067,Howard County,,IN,5644,106571,112215,16,15,31,2870,3026,5896,6,0.342472,0.363423,639.483433,0,0.001848,0.003401,52,0.000276,30,0.467836,0.011869
18069,Huntington County,,IN,2353,49044,51397,9,7,16,1496,1376,2872,6,0.298855,0.313112,339.285688,0,0.000305,0.000779,52,0.000214,30,0.466667,0.002515
18071,Jackson County,,IN,2772,44473,47245,9,10,19,1514,1717,3231,6,0.307938,0.324195,145.209105,0,0.000673,0.001353,52,0.000227,30,0.44697,0.005375
18073,Jasper County,,IN,2505,39561,42066,7,10,17,1795,1473,3268,6,0.329281,0.347723,808.417219,0,0.001616,0.001844,27,0.000134,30,0.511111,0.00944
18075,Jay County,,IN,1488,24915,26403,5,6,11,654,813,1467,7,0.261222,0.271522,29.943412,0,0.000062,0.000034,52,0.000138,30,0.3,0.000717
18077,Jefferson County,,IN,2115,38785,40900,11,13,24,1061,1119,2180,6,0.304636,0.320503,1566.592147,0,0.00115,0.001151,52,0.00029,30,0.333333,0.009
18079,Jennings County,,IN,2128,31150,33278,9,7,16,1466,1295,2761,6,0.298517,0.312451,33.477653,0,0.000677,0.000633,52,0.000201,30,0.522222,0.005297
18081,Johnson County,,IN,11687,139705,151392,25,19,44,10920,8298,19218,6,0.347274,0.369059,1859.961833,0,0.003877,0.005645,52,0.000444,30,0.37963,0.028016
18083,Knox County,,IN,2088,41431,43519,10,10,20,825,958,1783,6,0.299473,0.314165,8620.519898,0,0.000693,0.000715,52,0.000295,30,0.4,0.005515
18085,Kosciusko County,,IN,5201,90556,95757,11,16,27,2350,2845,5195,6,0.331162,0.350627,955.61448,0,0.002305,0.003113,52,0.000182,30,0.483333,0.014715
18087,LaGrange County,,IN,2572,42253,44825,6,7,13,1555,1534,3089,6,0.284676,0.29709,16.189187,0,0.000383,0.000394,52,0.000121,30,0.571429,0.002301
18089,Lake County,,IN,26896,559227,586123,37,75,112,18203,19620,37823,6,0.3879,0.419617,11300.651431,0,0.018262,0.037375,27,0.000445,30,0.503759,0.124777
18091,LaPorte County,,IN,5869,128716,134585,10,14,24,3171,3097,6268,6,0.343772,0.364257,150.915808,0,0.003614,0.004881,27,0.000146,30,0.708791,0.023609
18093,Lawrence County,,IN,2398,54376,56774,8,7,15,1160,1196,2356,6,0.298609,0.312595,2522.398264,0,0.000777,0.000662,52,0.000217,30,0.410714,0.005544
18095,Madison County,,IN,7572,152337,159909,14,14,28,3779,4275,8054,6,0.342391,0.363193,790.573227,0,0.002541,0.003399,52,0.000277,30,0.571429,0.018903
18097,Marion County,,IN,69672,948379,1018051,197,191,388,48468,59024,107492,5,0.424678,0.466833,231638.2397,0,0.069647,0.073854,52,0.002716,30,0.24234,0.490023
18099,Marshall County,,IN,3521,54732,58253,10,11,21,2027,2109,4136,6,0.330558,0.349189,367.472367,0,0.002264,0.002055,52,0.000155,30,0.618182,0.013958
18101,Martin County,,IN,663,11964,12627,4,3,7,271,241,512,7,0.230586,0.237538,4.053821,0,0.000021,0.000012,52,0.000145,30,0.5,0.000508
18103,Miami County,,IN,2785,39646,42431,6,9,15,1485,1643,3128,6,0.299102,0.313803,48.721493,0,0.000662,0.001196,52,0.000136,30,0.680556,0.00502
18105,Monroe County,,IN,11537,106148,117685,37,41,78,5411,6409,11820,6,0.371824,0.399494,13134.200513,0,0.009504,0.016381,52,0.000602,30,0.319184,0.064233
18107,Montgomery County,,IN,2405,40765,43170,8,8,16,1241,1221,2462,6,0.298517,0.312595,9.963324,0,0.000833,0.001021,52,0.000201,30,0.583333,0.005919
18109,Morgan County,,IN,4977,68849,73826,11,9,20,3926,3420,7346,6,0.298547,0.31271,10.599475,0,0.001119,0.001047,52,0.000244,30,0.627273,0.008688
18111,Newton County,,IN,1113,13173,14286,4,5,9,610,622,1232,6,0.285068,0.297009,38.742954,0,0.000332,0.000246,27,0.00011,30,0.45,0.001545
18113,Noble County,,IN,3945,53967,57912,7,12,19,2209,2666,4875,6,0.313535,0.330613,286.206061,0,0.000377,0.001896,52,0.000149,30,0.393939,0.002446
18115,Ohio County,,IN,605,6665,7270,3,3,6,439,351,790,7,0.232267,0.23941,0.333333,0,0.000612,0.000024,123,0.000112,30,0.75,0.00342
18117,Orange County,,IN,1147,20689,21836,5,7,12,520,562,1082,6,0.298763,0.312854,589.46708,0,0.000149,0.000665,52,0.000173,30,0.380952,0.00121
18119,Owen County,,IN,1630,22425,24055,7,9,16,1479,1095,2574,6,0.298671,0.312882,3.054413,0,0.000777,0.000778,52,0.000189,30,0.791667,0.00575
18121,Parke County,,IN,1148,16762,17910,6,6,12,672,657,1329,6,0.298424,0.312135,278.84418,0,0.000644,0.000619,52,0.000168,30,0.595238,0.00495
18123,Perry County,,IN,1049,21193,22242,4,5,9,461,549,1010,7,0.261222,0.27093,162.40941,0,0.000052,0.000037,52,0.000142,30,0.6,0.00064
18125,Pike County,,IN,771,13145,13916,5,5,10,501,458,959,7,0.260307,0.269831,2.097774,0,0.000068,0.000036,52,0.000166,30,0.9,0.000813
18127,Porter County,,IN,10721,161904,172625,17,20,37,8479,6505,14984,6,0.352212,0.375805,891.420786,0,0.006283,0.009432,27,0.000216,30,0.617754,0.038939
18129,Posey County,,IN,2145,35704,37849,5,4,9,1382,1315,2697,6,0.298794,0.312411,296.886412,0,0.000068,0.0006,52,0.00016,30,0.533333,0.000792
18131,Pulaski County,,IN,1179,16653,17832,7,8,15,661,671,1332,7,0.275344,0.287339,9.747087,0,0.000367,0.000215,52,0.00014,30,0.513889,0.002264
18133,Putnam County,,IN,2684,38184,40868,10,10,20,1827,1692,3519,6,0.298671,0.312997,12.241118,0,0.000824,0.000799,52,0.000248,30,0.6,0.006439
18135,Randolph County,,IN,1994,31428,33422,5,7,12,1122,1255,2377,6,0.298671,0.312767,154.793729,0,0.00008,0.00064,52,0.000133,30,0.52381,0.000869
18137,Ripley County,,IN,1372,18440,19812,6,6,12,978,896,1874,6,0.295594,0.308805,690.883712,0,0.00064,0.000496,123,0.000158,30,0.452381,0.003908
18139,Rush County,,IN,1339,18947,20286,6,6,12,713,870,1583,6,0.298363,0.312077,3.553211,0,0.00064,0.0006,52,0.000147,30,0.7,0.004832
18141,St. Joseph County,,IN,16614,295458,312072,39,61,100,8152,10571,18723,5,0.389307,0.419387,5142.510923,0,0.017697,0.031463,52,0.00045,30,0.544557,0.118375
18143,Scott County,,IN,1627,25837,27464,8,9,17,1183,1074,2257,6,0.304444,0.319697,68.453369,0,0.000549,0.001126,52,0.000211,30,0.652778,0.004761
18145,Shelby County,,IN,3288,45751,49039,7,10,17,1787,2186,3973,6,0.298517,0.312825,9.57725,0,0.000691,0.00095,52,0.000165,30,0.533333,0.005187
18147,Spencer County,,IN,1610,23050,24660,5,5,10,938,987,1925,7,0.261293,0.271045,13.099767,0,0.000075,0.000045,52,0.00016,30,0.7,0.000867
18149,Starke County,,IN,1798,25291,27089,9,8,17,1287,1076,2363,6,0.298732,0.312969,121.371128,0,0.001768,0.000973,52,0.00014,30,0.655556,0.010437
18151,Steuben County,,IN,2969,37819,40788,8,8,16,1313,1534,2847,6,0.299226,0.313831,91.298729,0,0.000614,0.000808,52,0.000148,30,0.458333,0.003796
18153,Sullivan County,,IN,1329,22871,24200,5,5,10,751,807,1558,6,0.298547,0.312221,1.702778,0,0.000642,0.000617,52,0.000152,30,0.9,0.004863
18155,Switzerland County,,IN,744,7626,8370,4,3,7,421,324,745,7,0.234884,0.242619,11.80488,0,0.000621,0.000029,123,0.000127,30,0.5,0.003592
18157,Tippecanoe County,,IN,13094,141578,154672,43,52,95,6504,7178,13682,6,0.378329,0.407804,21131.570815,0,0.008518,0.02128,52,0.000674,30,0.316692,0.059148
18159,Tipton County,,IN,1184,17724,18908,4,4,8,762,760,1522,6,0.29824,0.311617,0,0,0.000924,0.000906,52,0.000109,30,1,0.006701
18161,Union County,,IN,299,4411,4710,3,1,4,181,107,288,7,0.237833,0.245181,0,0,0.000036,0.000013,52,0.000095,30,1,0.0005
18163,Vanderburgh County,,IN,10745,190631,201376,22,25,47,6100,6481,12581,6,0.351358,0.374304,44661.415126,0,0.002952,0.005666,52,0.000546,30,0.220899,0.022032
18165,Vermillion County,,IN,1283,19401,20684,4,5,9,612,702,1314,7,0.25845,0.268112,5.465746,0,0.000062,0.000074,52,0.000128,30,0.45,0.000869
18167,Vigo County,,IN,6859,109686,116545,22,20,42,3171,3489,6660,6,0.333295,0.354135,13448.857839,0,0.00401,0.00282,52,0.000453,30,0.322464,0.027103
18169,Wabash County,,IN,2119,39061,41180,6,9,15,935,1107,2042,6,0.298948,0.313515,12.01655,0,0.000296,0.000827,52,0.000139,30,0.597222,0.002271
18171,Warren County,,IN,565,9037,9602,4,3,7,465,345,810,7,0.275371,0.286448,4.244622,0,0.000207,0.0001,52,0.000122,30,0.583333,0.001119
18173,Warrick County,,IN,4634,60836,65470,9,11,20,3129,3023,6152,6,0.304988,0.320848,1696.570441,0,0.000946,0.001548,52,0.000251,30,0.431818,0.007293
18175,Washington County,,IN,1531,30866,32397,9,8,17,1138,976,2114,6,0.294094,0.307597,196.161674,0,0.000545,0.000547,123,0.000249,30,0.430556,0.004807
18177,Wayne County,,IN,4072,79638,83710,12,16,28,1808,2069,3877,6,0.312016,0.329768,5124.245146,0,0.001655,0.002531,52,0.00028,30,0.316176,0.011254
18179,Wells County,,IN,1703,29960,31663,5,4,9,1109,945,2054,6,0.279352,0.290833,161.912021,0,0.000251,0.000199,52,0.000154,30,0.55,0.001881
18181,White County,,IN,2056,26080,28136,7,7,14,966,1150,2116,6,0.298671,0.312739,145.284266,0,0.001561,0.000832,52,0.000137,30,0.642857,0.009321
18183,Whitley County,,IN,2321,38236,40557,7,5,12,1837,1490,3327,6,0.279649,0.291345,4.965926,0,0.000394,0.00022,52,0.000144,30,0.619048,0.002438
19001,Adair County,,IA,656,10993,11649,4,4,8,313,273,586,7,0.28563,0.297309,2.5,0,0.00032,0.00025,27,0.000194,30,0.7,0.002365
19003,Adams County,,IA,300,5568,5868,0,0,0,0,0,0,0,0,0,0,23,0,0,26,0.000051,61,0,0
19005,Allamakee County,,IA,879,16993,17872,4,5,9,273,355,628,7,0.272062,0.283021,650.73711,0,0.000146,0.000076,27,0.000134,30,0.2,0.000938
19007,Appanoose County,,IA,907,14490,15397,2,5,7,143,325,468,7,0.285883,0.297913,551.507286,0,0.000002,0.00025,27,0.000117,30,0.35,0.000187
19009,Audubon County,,IA,436,8776,9212,1,2,3,53,122,175,7,0.285714,0.297223,1.333333,0,0.000005,0.000245,27,0.000069,30,0.5,0.000111
19011,Benton County,,IA,1978,33861,35839,6,6,12,1640,1242,2882,7,0.287643,0.300363,70.478096,0,0.000346,0.000456,27,0.000151,30,0.547619,0.002159
19013,Black Hawk County,,IA,8412,138483,146895,28,30,58,3375,4443,7818,6,0.357822,0.382534,36401.332307,0,0.006564,0.007553,27,0.000576,30,0.296032,0.0477
19015,Boone County,,IA,2519,37006,39525,6,6,12,1192,1320,2512,7,0.285799,0.297856,4.588889,0,0.000394,0.000305,27,0.000186,30,0.7,0.002819
19017,Bremer County,,IA,1617,25844,27461,4,6,10,770,840,1610,7,0.286675,0.299282,142.210537,0,0.000065,0.000369,27,0.000152,30,0.5,0.000822
19019,Buchanan County,,IA,1496,25524,27020,4,6,10,637,802,1439,7,0.272138,0.283297,7.628815,0,0.000202,0.000131,27,0.000117,30,0.666667,0.001353
19021,Buena Vista County,,IA,1843,22283,24126,9,7,16,746,450,1196,6,0.302095,0.316385,14897.036017,0,0.002598,0.00088,5,0.000226,30,0.288889,0.018375
19023,Butler County,,IA,970,18630,19600,5,4,9,488,440,928,7,0.263694,0.273464,229.252706,0,0.000067,0.000055,27,0.000187,30,0.2,0.000903
19025,Calhoun County,,IA,915,13620,14535,3,3,6,285,287,572,7,0.285771,0.297453,366.555172,0,0.000006,0.000248,27,0.000116,30,0.5,0.000331
19027,Carroll County,,IA,1356,26927,28283,6,7,13,411,528,939,7,0.285855,0.298114,2171.109675,0,0.000308,0.000308,27,0.000204,30,0.25,0.002431
19029,Cass County,,IA,954,16028,16982,2,4,6,157,310,467,6,0.298547,0.310956,2942,0,0.000464,0.000602,96,0.000085,30,0.583333,0.002771
19031,Cedar County,,IA,1535,23839,25374,6,5,11,973,864,1837,7,0.276368,0.288105,5.102586,0,0.000437,0.000248,27,0.000142,30,0.7,0.002462
19033,Cerro Gordo County,,IA,3155,55470,58625,12,13,25,1201,1364,2565,6,0.336117,0.356292,29191.470857,0,0.001406,0.002289,27,0.000353,30,0.302198,0.009317
19035,Cherokee County,,IA,1029,16877,17906,3,5,8,243,376,619,7,0.261623,0.271369,1065.00587,0,0.000066,0.000059,96,0.000113,30,0.25,0.000723
19037,Chickasaw County,,IA,909,15947,16856,4,5,9,261,378,639,7,0.263862,0.273924,2002.302107,0,0.000065,0.000054,27,0.00016,30,0.25,0.000801
19039,Clarke County,,IA,878,10556,11434,3,5,8,265,381,646,7,0.285714,0.297568,3.559524,0,0.0003,0.000253,27,0.000153,30,0.533333,0.002106
19041,Clay County,,IA,1473,20965,22438,6,6,12,506,418,924,7,0.289974,0.302865,11611.283613,0,0.000065,0.000339,96,0.000309,30,0.178571,0.001003
19043,Clayton County,,IA,1231,23127,24358,7,6,13,537,596,1133,7,0.272087,0.283222,48.245664,0,0.000182,0.000097,27,0.000184,30,0.428571,0.001411
19045,Clinton County,,IA,2949,59661,62610,9,11,20,1448,1438,2886,6,0.342391,0.362296,1264.897754,0,0.001867,0.002664,27,0.000173,30,0.563636,0.011599
19047,Crawford County,,IA,1148,18913,20061,4,6,10,216,353,569,6,0.299133,0.312112,412.315932,0,0.001096,0.000645,96,0.000143,30,0.482143,0.008027
19049,Dallas County,,IA,4717,49893,54610,14,12,26,4595,2872,7467,6,0.336117,0.35528,1760.133396,0,0.00272,0.002363,27,0.000355,30,0.360294,0.01854
19051,Davis County,,IA,591,10361,10952,3,1,4,242,124,366,8,0.223508,0.229525,0,0,0.000006,0.000007,27,0.000151,30,0.5,0.000353
19053,Decatur County,,IA,696,8113,8809,2,2,4,183,144,327,7,0.285574,0.296964,0,0,0.000298,0.000245,27,0.000097,30,1,0.001993
19055,Delaware County,,IA,1033,21354,22387,6,7,13,572,601,1173,7,0.275869,0.287772,19.009911,0,0.000178,0.000235,27,0.00016,30,0.625,0.001296
19057,Des Moines County,,IA,2769,49498,52267,7,8,15,851,1014,1865,7,0.288215,0.301502,2981.777183,0,0.000154,0.000471,27,0.00019,30,0.322222,0.001321
19059,Dickinson County,,IA,1452,20008,21460,5,5,10,382,498,880,7,0.286477,0.298546,7800.331762,0,0.000006,0.000243,96,0.000228,30,0.142857,0.000484
19061,Dubuque County,,IA,4572,108180,112752,14,17,31,1837,2249,4086,6,0.346319,0.368018,3071.37662,0,0.002308,0.004387,27,0.000288,30,0.477941,0.015139
19063,Emmet County,,IA,759,12333,13092,1,4,5,79,219,298,7,0.236649,0.2442,10.894654,0,0.000002,0.00001,96,0.000089,30,0.333333,0.0001
19065,Fayette County,,IA,1423,23542,24965,6,8,14,585,719,1304,7,0.286732,0.299656,1102.177143,0,0.000205,0.000372,27,0.00017,30,0.464286,0.001551
19067,Floyd County,,IA,996,18349,19345,4,4,8,366,339,705,7,0.251912,0.260711,2962.768746,0,0.00002,0.000013,27,0.000165,30,0.083333,0.000474
19069,Franklin County,,IA,828,14551,15379,3,5,8,273,391,664,7,0.285968,0.298057,8.874603,0,0.000024,0.000258,27,0.000118,30,0.3,0.000399
19071,Fremont County,,IA,816,10301,11117,5,4,9,342,349,691,6,0.295383,0.307085,7.627814,0,0.000476,0.000348,96,0.000151,30,0.5,0.003137
19073,Greene County,,IA,703,11709,12412,5,5,10,327,313,640,7,0.285742,0.297654,4.541667,0,0.000307,0.000302,27,0.00017,30,0.619048,0.002353
19075,Grundy County,,IA,890,15130,16020,4,3,7,544,361,905,7,0.263718,0.273406,3.086905,0,0.000068,0.000059,27,0.000152,30,0.583333,0.000862
19077,Guthrie County,,IA,931,11893,12824,3,4,7,455,486,941,7,0.28563,0.297309,1.166667,0,0.000317,0.00027,27,0.000137,30,0.666667,0.002252
19079,Hamilton County,,IA,1134,18777,19911,6,6,12,593,538,1131,7,0.285883,0.298028,391.036893,0,0.000377,0.000283,27,0.000178,30,0.666667,0.002669
19081,Hancock County,,IA,799,14029,14828,4,4,8,296,342,638,7,0.251759,0.260366,2440.581968,0,0.000025,0.000012,27,0.000186,30,0.25,0.000473
19083,Hardin County,,IA,1273,19239,20512,5,7,12,364,524,888,7,0.286053,0.29846,562.227881,0,0.000374,0.000336,27,0.000159,30,0.5,0.002559
19085,Harrison County,,IA,1174,18248,19422,4,5,9,496,609,1105,6,0.295443,0.307287,149.35919,0,0.000474,0.000373,96,0.000122,30,0.366667,0.003049
19087,Henry County,,IA,1569,23230,24799,5,8,13,554,730,1284,7,0.2879,0.300984,500.758377,0,0.000146,0.000404,27,0.000165,30,0.464286,0.001054
19089,Howard County,,IA,640,13239,13879,3,3,6,185,155,340,8,0.224512,0.230926,8.606707,0,0.000004,0.000002,27,0.000129,30,0.5,0.00031
19091,Humboldt County,,IA,748,12770,13518,2,3,5,154,217,371,7,0.285771,0.297453,1119.172745,0,0.000004,0.000246,27,0.000092,30,0.25,0.000212
19093,Ida County,,IA,534,8936,9470,3,2,5,173,98,271,7,0.286053,0.297746,491.010271,0,0.000056,0.00028,96,0.000109,30,0.333333,0.000572
19095,Iowa County,,IA,1165,19630,20795,4,6,10,499,666,1165,7,0.275685,0.287283,318.403912,0,0.000288,0.000166,27,0.000124,30,0.5,0.001578
19097,Jackson County,,IA,1225,22748,23973,4,6,10,481,679,1160,7,0.276474,0.28845,3.907666,0,0.00019,0.000261,27,0.000109,30,0.8,0.001109
19099,Jasper County,,IA,2530,44466,46996,8,5,13,1248,1275,2523,7,0.285799,0.297741,13.41728,0,0.000516,0.000285,27,0.000277,30,0.589286,0.003501
19101,Jefferson County,,IA,1313,17457,18770,4,6,10,344,423,767,7,0.286053,0.298287,936.063644,0,0.000008,0.000253,27,0.000187,30,0.4,0.000481
19103,Johnson County,,IA,11862,115119,126981,40,45,85,6333,6416,12749,6,0.373743,0.401714,38179.26373,0,0.010597,0.017852,27,0.000722,30,0.339286,0.072473
19105,Jones County,,IA,1163,21811,22974,6,6,12,826,754,1580,7,0.275554,0.287093,20.518515,0,0.000323,0.000182,27,0.000151,30,0.633333,0.001897
19107,Keokuk County,,IA,663,13497,14160,5,3,8,349,211,560,8,0.223611,0.230072,12.652235,0,0.00001,0.000012,27,0.000209,30,0.35,0.000601
19109,Kossuth County,,IA,967,20941,21908,2,2,4,99,93,192,7,0.285714,0.297223,153.258814,0,0.000002,0.000243,27,0.000116,30,0.166667,0.00019
19111,Lee County,,IA,2416,41895,44311,5,9,14,680,1025,1705,7,0.288444,0.301876,6383.843086,0,0.000153,0.000422,27,0.000186,30,0.277778,0.001115
19113,Linn County,,IA,12151,225734,237885,38,48,86,7027,7464,14491,6,0.372829,0.400742,50384.57626,0,0.008667,0.016661,27,0.000724,30,0.287013,0.060879
19115,Louisa County,,IA,1040,15460,16500,4,4,8,420,523,943,7,0.272317,0.28305,15.039564,0,0.000215,0.000111,27,0.00011,30,0.566667,0.001317
19117,Lucas County,,IA,650,10250,10900,5,4,9,267,240,507,7,0.285742,0.297511,3581.061565,0,0.000305,0.000248,27,0.000217,30,0.5,0.002332
19119,Lyon County,,IA,780,14915,15695,3,3,6,259,265,524,7,0.267442,0.277604,2,0,0.000126,0.000112,96,0.000154,30,0.833333,0.001148
19121,Madison County,,IA,1149,16819,17968,5,5,10,898,659,1557,7,0.285658,0.297482,7.033333,0,0.000322,0.000273,27,0.000245,30,0.566667,0.002491
19123,Mahaska County,,IA,1829,27630,29459,6,6,12,756,819,1575,7,0.28594,0.298143,1994.593711,0,0.000305,0.00026,27,0.000274,30,0.47619,0.002493
19125,Marion County,,IA,2169,35491,37660,8,6,14,1035,928,1963,7,0.285827,0.297913,2148.094656,0,0.000328,0.000255,27,0.000338,30,0.410714,0.002883
19127,Marshall County,,IA,2508,47274,49782,9,9,18,854,1087,1941,7,0.286279,0.299121,269.971075,0,0.000574,0.000346,27,0.000275,30,0.466667,0.003916
19129,Mills County,,IA,1085,16398,17483,4,5,9,703,649,1352,6,0.297505,0.309363,9.749147,0,0.000622,0.000497,96,0.000131,30,0.65,0.003931
19131,Mitchell County,,IA,531,12550,13081,1,3,4,49,143,192,7,0.253145,0.262114,9.267116,0,0,0.000021,27,0.000086,30,0.333333,0.000098
19133,Monona County,,IA,688,11532,12220,2,2,4,319,205,524,7,0.26087,0.269995,7.922113,0,0.000059,0.000046,96,0.000088,30,0.5,0.000498
19135,Monroe County,,IA,605,8984,9589,3,4,7,190,271,461,8,0.22368,0.230388,2302.688435,0,0.000008,0.000012,27,0.000157,30,0.5,0.00038
19137,Montgomery County,,IA,973,13475,14448,4,4,8,239,317,556,6,0.298609,0.311042,11.738847,0,0.000472,0.000606,96,0.000128,30,0.65,0.00301
19139,Muscatine County,,IA,2877,47950,50827,8,7,15,1276,1452,2728,7,0.276579,0.288766,1282.23752,0,0.002542,0.000275,27,0.000172,30,0.569444,0.018335
19141,O'Brien County,,IA,1087,17546,18633,4,4,8,308,323,631,8,0.226247,0.233223,2241.381003,0,0.000006,0.000002,96,0.000193,30,0.2,0.000404
19143,Osceola County,,IA,437,6996,7433,2,2,4,98,128,226,8,0.22282,0.228634,0.75,0,0.000002,0,96,0.00013,30,0.5,0.000197
19145,Page County,,IA,1171,16250,17421,4,6,10,328,411,739,6,0.298886,0.311634,4525.02278,0,0.000446,0.000584,96,0.000144,30,0.266667,0.0028
19147,Palo Alto County,,IA,788,11066,11854,3,1,4,164,100,264,8,0.224808,0.230629,7.817982,0,0.000003,0.000001,96,0.000136,30,0.166667,0.000285
19149,Plymouth County,,IA,1565,28587,30152,4,6,10,662,681,1343,6,0.296349,0.308701,3142.933097,0,0.000073,0.000374,96,0.000124,30,0.285714,0.000744
19151,Pocahontas County,,IA,602,9906,10508,1,3,4,57,167,224,7,0.232193,0.238919,802.981129,0,0.000007,0.000021,96,0.000078,30,0,0.000242
19153,Polk County,,IA,24997,439821,464818,109,97,206,17802,17162,34964,6,0.399614,0.433282,213550.849216,0,0.029779,0.036359,27,0.002278,30,0.223312,0.211599
19155,Pottawattamie County,,IA,6042,98618,104660,14,14,28,3755,3620,7375,6,0.336664,0.356516,2185.873291,0,0.00315,0.003151,96,0.000338,30,0.329167,0.023741
19157,Poweshiek County,,IA,1369,20617,21986,7,8,15,571,649,1220,7,0.287586,0.300507,155.524822,0,0.000442,0.000414,27,0.000237,30,0.428571,0.003101
19159,Ringgold County,,IA,375,5408,5783,0,1,1,0,46,46,8,0.222214,0.227624,0,0,0,0.000002,27,0.000051,62,0,0
19161,Sac County,,IA,784,12663,13447,2,4,6,105,286,391,7,0.232398,0.239523,92.880248,0,0.00001,0.000024,5,0.000103,30,0.166667,0.000359
19163,Scott County,,IA,11232,182014,193246,27,42,69,5300,6389,11689,6,0.368281,0.395451,11702.416874,0,0.008263,0.016056,27,0.000431,30,0.436364,0.057037
19165,Shelby County,,IA,803,15507,16310,3,2,5,239,222,461,6,0.295202,0.306539,0,0,0.000467,0.00036,96,0.000106,30,1,0.002888
19167,Sioux County,,IA,1764,37100,38864,5,7,12,437,644,1081,7,0.288215,0.301324,4357.328646,0,0.000169,0.000392,96,0.000196,30,0.357143,0.001532
19169,Story County,,IA,7935,72901,80836,24,28,52,3278,3960,7238,6,0.363294,0.388291,9015.275666,0,0.003842,0.008624,27,0.000563,30,0.34879,0.02517
19171,Tama County,,IA,1129,18381,19510,4,5,9,431,520,951,7,0.272113,0.283125,3.932615,0,0.000071,0.000135,27,0.00014,30,0.65,0.000882
19173,Taylor County,,IA,561,7762,8323,1,3,4,54,162,216,7,0.233747,0.240696,0.833333,0,0.000005,0.000006,96,0.000071,30,0.166667,0.000115
19175,Union County,,IA,859,13249,14108,6,3,9,320,229,549,7,0.285602,0.297137,3287.430402,0,0.000303,0.000248,27,0.000243,30,0.266667,0.002396
19177,Van Buren County,,IA,451,8813,9264,4,3,7,243,145,388,8,0.223577,0.229985,15.380987,0,0.000012,0.000007,27,0.00015,30,0.4,0.000471
19179,Wapello County,,IA,2748,37278,40026,14,12,26,1000,1201,2201,7,0.287814,0.301398,21146.768863,0,0.000849,0.00044,27,0.000537,30,0.178363,0.006562
19181,Warren County,,IA,3162,42291,45453,7,6,13,2117,1929,4046,7,0.285771,0.297798,9.576984,0,0.000394,0.000304,27,0.000275,30,0.5,0.002927
19183,Washington County,,IA,1444,23530,24974,7,5,12,721,662,1383,7,0.275659,0.28711,1385.023453,0,0.000289,0.000158,27,0.000221,30,0.333333,0.001853
19185,Wayne County,,IA,481,7109,7590,2,3,5,125,200,325,7,0.285742,0.297396,643.620825,0,0.000004,0.000245,27,0.000117,30,0.5,0.000206
19187,Webster County,,IA,2411,42921,45332,7,10,17,690,1050,1740,7,0.287443,0.300691,5173.097888,0,0.000377,0.000423,27,0.000224,30,0.366667,0.002737
19189,Winnebago County,,IA,849,13590,14439,4,4,8,284,264,548,7,0.285883,0.297769,375.835238,0,0.000029,0.000254,27,0.000178,30,0.35,0.000519
19191,Winneshiek County,,IA,1153,21517,22670,5,6,11,340,366,706,7,0.286335,0.298833,2157.601184,0,0.000005,0.0003,27,0.000181,30,0.261905,0.000516
19193,Woodbury County,,IA,7699,117145,124844,22,28,50,3168,4312,7480,6,0.352683,0.376185,39871.186661,0,0.004545,0.006817,96,0.000556,30,0.264113,0.032536
19195,Worth County,,IA,583,8875,9458,3,2,5,292,255,547,7,0.251606,0.259791,1.583333,0,0.000031,0.000012,27,0.000124,30,0.5,0.000424
19197,Wright County,,IA,1023,15598,16621,5,6,11,291,408,699,7,0.28594,0.298143,207.843469,0,0.000027,0.00028,27,0.000178,30,0.5,0.000616
20001,Allen County,,KS,1027,15674,16701,3,3,6,325,221,546,6,0.296744,0.308431,2902.687646,0,0.000011,0.000511,59,0.000173,30,0.25,0.000315
20003,Anderson County,,KS,725,10078,10803,5,3,8,321,246,567,6,0.296713,0.308374,2903.92756,0,0.0005,0.000517,59,0.000185,30,0.55,0.00425
20005,Atchison County,,KS,1177,19294,20471,6,9,15,463,574,1037,6,0.301686,0.315539,179.498806,0,0.00068,0.001311,59,0.000176,30,0.638889,0.005774
20007,Barber County,,KS,377,5995,6372,0,1,1,0,51,51,7,0.285757,0.29731,0,0,0,0.000268,59,0.000051,63,0,0
20009,Barton County,,KS,2010,30990,33000,8,12,20,527,887,1414,6,0.300155,0.314211,10789.796272,0,0.00037,0.000978,59,0.00031,30,0.320513,0.002839
20011,Bourbon County,,KS,1151,17553,18704,5,5,10,335,358,693,6,0.296926,0.308977,30.146689,0,0.000833,0.000536,59,0.000148,30,0.4,0.006167
20013,Brown County,,KS,997,12661,13658,5,6,11,274,407,681,7,0.27301,0.283901,34.435969,0,0.000136,0.000176,59,0.000198,30,0.366667,0.001235
20015,Butler County,,KS,4915,66944,71859,8,11,19,3245,2969,6214,6,0.334063,0.353129,400.248931,0,0.000972,0.002447,59,0.000205,30,0.445055,0.007199
20017,Chase County,,KS,255,3259,3514,1,1,2,86,47,133,7,0.231747,0.23799,0,0,0.000011,0.00001,59,0.000074,30,0,0.000177
20019,Chautauqua County,,KS,395,5272,5667,1,1,2,85,89,174,7,0.234012,0.240411,0,0,0.000011,0.000007,59,0.000068,30,0,0.000145
20021,Cherokee County,,KS,1839,25135,26974,5,5,10,854,1019,1873,7,0.255713,0.265225,7.838771,0,0.000072,0.000089,59,0.000147,30,0.6,0.001191
20023,Cheyenne County,,KS,233,3645,3878,0,0,0,0,0,0,0,0,0,0,24,0,0,28,0.000051,64,0,0
20025,Clark County,,KS,203,2640,2843,1,0,1,48,0,48,0,0,0,0,0,0.000022,0,59,0.000063,6,0,0.000145
20027,Clay County,,KS,782,11588,12370,2,3,5,152,195,347,7,0.273216,0.283757,0,0,0.000235,0.000122,59,0.000072,30,1,0.001038
20029,Cloud County,,KS,871,10509,11380,2,3,5,150,183,333,7,0.285968,0.297959,5838,0,0.000018,0.000285,59,0.000127,30,0.25,0.000325
20031,Coffey County,,KS,745,11024,11769,2,3,5,247,256,503,7,0.231859,0.238536,0.495671,0,0.00002,0.000025,59,0.000099,30,0.833333,0.000351
20033,Comanche County,,KS,132,2166,2298,0,0,0,0,0,0,0,0,0,0,25,0,0,29,0.000051,65,0,0
20035,Cowley County,,KS,2588,38271,40859,7,7,14,1257,1197,2454,6,0.304956,0.318933,80.280961,0,0.00045,0.001247,59,0.000192,30,0.444444,0.003162
20037,Crawford County,,KS,2884,36035,38919,9,12,21,1095,1345,2440,6,0.302001,0.316862,2605.804568,0,0.000879,0.001445,59,0.000245,30,0.393939,0.007076
20039,Decatur County,,KS,282,4175,4457,0,0,0,0,0,0,0,0,0,0,26,0,0,30,0.000051,66,0,0
20041,Dickinson County,,KS,1760,22427,24187,6,8,14,792,804,1596,6,0.302316,0.315977,67.916388,0,0.000604,0.001079,59,0.000155,30,0.655556,0.003594
20043,Doniphan County,,KS,594,8734,9328,1,1,2,202,237,439,7,0.233597,0.240264,0,0,0.000015,0.000012,59,0.000077,30,0,0.000214
20045,Douglas County,,KS,10358,96866,107224,38,28,66,6022,5864,11886,6,0.36936,0.394646,12209.723436,0,0.009341,0.012202,59,0.000748,30,0.309179,0.067533
20047,Edwards County,,KS,330,3840,4170,0,0,0,0,0,0,0,0,0,0,27,0,0,31,0.000051,67,0,0
20049,Elk County,,KS,225,2924,3149,0,0,0,0,0,0,0,0,0,0,28,0,0,32,0.000051,68,0,0
20051,Ellis County,,KS,2429,29971,32400,11,14,25,703,939,1642,6,0.318252,0.335036,31415.463778,0,0.00088,0.00216,59,0.000445,30,0.287582,0.006821
20053,Ellsworth County,,KS,491,7391,7882,2,2,4,114,146,260,7,0.250692,0.258899,3.333333,0,0.000026,0.00002,59,0.000106,30,0.5,0.000362
20055,Finney County,,KS,4933,41688,46621,11,26,37,865,2306,3171,6,0.348108,0.371624,27615.879205,0,0.003054,0.005979,59,0.000356,30,0.249288,0.022257
20057,Ford County,,KS,3211,32408,35619,7,13,20,656,1048,1704,6,0.339822,0.360312,10010.511974,0,0.000926,0.00266,59,0.00019,30,0.328571,0.006029
20059,Franklin County,,KS,2037,27537,29574,9,9,18,1208,1150,2358,6,0.29938,0.313009,2677.912061,0,0.001204,0.001116,59,0.000273,30,0.522222,0.009323
20061,Geary County,,KS,11896,34768,46664,32,46,78,3373,5017,8390,6,0.373021,0.400679,9100.998311,0,0.011726,0.019988,59,0.000448,30,0.59372,0.083587
20063,Gove County,,KS,242,4096,4338,0,0,0,0,0,0,0,0,0,0,29,0,0,33,0.000051,69,0,0
20065,Graham County,,KS,242,3718,3960,0,0,0,0,0,0,0,0,0,0,30,0,0,34,0.000051,70,0,0
20067,Grant County,,KS,733,8976,9709,1,1,2,65,99,164,7,0.258243,0.267217,0,0,0.000049,0.000025,59,0.000062,30,0,0.000279
20069,Gray County,,KS,516,7291,7807,2,2,4,165,176,341,7,0.258335,0.267562,1.5,0,0.000022,0.000032,59,0.00009,30,0.666667,0.000235
20071,Greeley County,,KS,197,1682,1879,0,0,0,0,0,0,0,0,0,0,31,0,0,35,0.000051,71,0,0
20073,Greenwood County,,KS,686,7981,8667,3,4,7,278,334,612,7,0.285996,0.298132,784.715635,0,0.000369,0.000285,59,0.000103,30,0.5,0.002384
20075,Hamilton County,,KS,270,2768,3038,0,0,0,0,0,0,0,0,0,0,32,0,0,36,0.000051,72,0,0
20077,Harper County,,KS,493,6961,7454,1,1,2,102,114,216,7,0.285714,0.29724,0,0,0.000338,0.000268,59,0.000065,30,0,0.00205
20079,Harvey County,,KS,2599,39593,42192,6,7,13,1449,1348,2797,6,0.299535,0.312514,20.465426,0,0.000396,0.000873,59,0.000192,30,0.660714,0.00285
20081,Haskell County,,KS,478,4334,4812,1,2,3,59,95,154,7,0.258289,0.267447,90.308243,0,0.000049,0.000025,59,0.000062,30,0.5,0.000279
20083,Hodgeman County,,KS,144,2397,2541,1,0,1,66,0,66,0,0,0,0,0,0.000022,0,59,0.000063,7,0,0.000145
20085,Jackson County,,KS,1011,16046,17057,5,3,8,598,511,1109,7,0.272727,0.283136,1.45,0,0.000139,0.000168,59,0.000164,30,0.533333,0.001252
20087,Jefferson County,,KS,1521,20376,21897,6,6,12,1045,1002,2047,6,0.299411,0.311911,95.878697,0,0.000903,0.000803,59,0.000146,30,0.690476,0.006852
20089,Jewell County,,KS,312,4466,4778,0,0,0,0,0,0,0,0,0,0,33,0,0,37,0.000051,73,0,0
20091,Johnson County,,KS,38491,545459,583950,165,135,300,37548,29462,67010,5,0.421466,0.457126,155757.580327,0,0.062239,0.058159,59,0.002523,30,0.28076,0.440414
20093,Kearny County,,KS,573,4622,5195,1,1,2,127,125,252,7,0.258243,0.267217,0,0,0.000049,0.000025,59,0.000062,30,0,0.000279
20095,Kingman County,,KS,771,10447,11218,2,3,5,255,382,637,7,0.285827,0.2977,0,0,0.00035,0.000279,59,0.000081,30,1,0.002219
20097,Kiowa County,,KS,351,3508,3859,0,0,0,0,0,0,0,0,0,0,34,0,0,38,0.000051,74,0,0
20099,Labette County,,KS,1427,24786,26213,6,7,13,483,543,1026,6,0.300062,0.313463,689.390873,0,0.000405,0.000861,59,0.000171,30,0.642857,0.003198
20101,Lane County,,KS,210,2550,2760,0,0,0,0,0,0,0,0,0,0,35,0,0,39,0.000051,75,0,0
20103,Leavenworth County,,KS,9982,71670,81652,38,39,77,5975,5332,11307,6,0.358974,0.384978,4391.565475,0,0.014999,0.014919,59,0.00051,30,0.490646,0.105906
20105,Lincoln County,,KS,327,4437,4764,1,1,2,98,77,175,7,0.250432,0.258238,0,0,0.000018,0.000017,59,0.000084,30,0,0.000239
20107,Linn County,,KS,752,9590,10342,5,5,10,457,390,847,6,0.296713,0.308632,16.021927,0,0.000985,0.000534,59,0.000139,30,0.52381,0.007648
20109,Logan County,,KS,311,3666,3977,1,0,1,40,0,40,0,0,0,0,0,0,0,59,0.000091,76,0,0.000089
20111,Lyon County,,KS,3491,37842,41333,10,12,22,807,1530,2337,6,0.301624,0.316172,12300.008647,0,0.001185,0.001376,59,0.000321,30,0.307692,0.009487
20113,McPherson County,,KS,2132,33680,35812,7,7,14,736,884,1620,6,0.299721,0.312831,489.929898,0,0.000388,0.000807,59,0.000215,30,0.553571,0.002912
20115,Marion County,,KS,843,14154,14997,4,3,7,345,311,656,7,0.285799,0.297643,0.47619,0,0.000371,0.000274,59,0.00013,30,0.833333,0.002449
20117,Marshall County,,KS,759,13202,13961,1,4,5,59,217,276,7,0.268259,0.278748,2944.560286,0,0.000072,0.000113,59,0.000064,30,0.333333,0.000264
20119,Meade County,,KS,407,5237,5644,0,0,0,0,0,0,0,0,0,0,36,0,0,40,0.000051,77,0,0
20121,Miami County,,KS,2064,27356,29420,7,8,15,1382,1252,2634,6,0.29904,0.31229,30.247885,0,0.001089,0.001115,59,0.000191,30,0.527778,0.008486
20123,Mitchell County,,KS,498,8014,8512,2,1,3,81,46,127,7,0.250454,0.258296,2898,0,0.000002,0.000017,59,0.00013,30,0.333333,0.000179
20125,Montgomery County,,KS,2822,38000,40822,8,13,21,792,1215,2007,6,0.305471,0.320543,9158.158697,0,0.000829,0.001324,59,0.000263,30,0.333333,0.005643
20127,Morris County,,KS,487,7430,7917,1,2,3,44,97,141,7,0.264585,0.274194,1.444664,0,0.000011,0.000031,59,0.000074,30,0,0.000177
20129,Morton County,,KS,413,3962,4375,0,0,0,0,0,0,0,0,0,0,37,0,0,41,0.000051,78,0,0
20131,Nemaha County,,KS,585,11675,12260,4,4,8,236,218,454,6,0.296835,0.308747,97.236291,0,0.000121,0.0006,59,0.000145,30,0.366667,0.001081
20133,Neosho County,,KS,1327,17408,18735,5,6,11,436,533,969,6,0.299597,0.312514,89.287868,0,0.000036,0.000785,59,0.000188,30,0.52381,0.000614
20135,Ness County,,KS,235,4025,4260,0,0,0,0,0,0,0,0,0,0,38,0,0,42,0.000051,79,0,0
20137,Norton County,,KS,385,5840,6225,0,1,1,0,41,41,7,0.241483,0.248431,0,0,0,0.000007,59,0.000051,80,0,0
20139,Osage County,,KS,1599,19432,21031,6,4,10,1034,940,1974,7,0.272907,0.283596,201.225716,0,0.000711,0.000186,59,0.000183,30,0.733333,0.005566
20141,Osborne County,,KS,310,5025,5335,0,1,1,0,41,41,8,0.200346,0.204428,0,0,0,0,59,0.000051,81,0,0
20143,Ottawa County,,KS,609,9473,10082,1,1,2,291,240,531,7,0.250432,0.258238,0,0,0.000018,0.000017,59,0.000084,30,0,0.000239
20145,Pawnee County,,KS,516,7326,7842,1,1,2,89,114,203,7,0.23088,0.236938,0,0,0.000008,0.000003,59,0.000073,30,0,0.000124
20147,Phillips County,,KS,427,7253,7680,0,0,0,0,0,0,0,0,0,0,39,0,0,43,0.000051,82,0,0
20149,Pottawatomie County,,KS,2431,25195,27626,5,8,13,1025,1279,2304,6,0.302127,0.31566,133.756535,0,0.000372,0.001061,59,0.000158,30,0.597222,0.002156
20151,Pratt County,,KS,829,10696,11525,5,2,7,305,205,510,7,0.285799,0.297528,629.186041,0,0.00036,0.000276,59,0.000163,30,0.65,0.002543
20153,Rawlins County,,KS,199,3312,3511,0,0,0,0,0,0,0,0,0,0,40,0,0,44,0.000051,83,0,0
20155,Reno County,,KS,4251,71029,75280,12,18,30,1613,2146,3759,6,0.302474,0.318271,4869.438731,0,0.001046,0.001437,59,0.000342,30,0.347953,0.007844
20157,Republic County,,KS,490,6425,6915,0,1,1,0,93,93,8,0.222435,0.228028,0,0,0,0,59,0.000051,84,0,0
20159,Rice County,,KS,847,10674,11521,3,4,7,272,345,617,7,0.285912,0.297988,1.5,0,0.000026,0.000282,59,0.000115,30,0.833333,0.000415
20161,Riley County,,KS,7518,40804,48322,18,24,42,2539,3487,6026,6,0.359152,0.383448,12662.876203,0,0.002613,0.008868,59,0.000368,30,0.401149,0.018917
20163,Rooks County,,KS,416,6335,6751,1,1,2,50,85,135,7,0.24144,0.248345,0,0,0.000018,0.000007,59,0.000078,30,0,0.000159
20165,Rush County,,KS,287,4151,4438,1,2,3,69,118,187,7,0.241581,0.248862,0,0,0.000018,0.00001,59,0.000078,30,1,0.000159
20167,Russell County,,KS,572,7514,8086,1,1,2,77,96,173,7,0.24144,0.248345,0,0,0.000018,0.000007,59,0.000078,30,0,0.000159
20169,Saline County,,KS,4279,58520,62799,19,16,35,2017,2062,4079,6,0.334063,0.353732,29194.404434,0,0.002136,0.002227,59,0.000618,30,0.285714,0.015257
20171,Scott County,,KS,532,5770,6302,1,1,2,42,90,132,7,0.258243,0.267217,0,0,0.000049,0.000025,59,0.000062,30,0,0.000279
20173,Sedgwick County,,KS,26373,511979,538352,100,107,207,16297,17008,33305,6,0.399945,0.434737,120616.243401,0,0.032874,0.041484,59,0.001743,30,0.30499,0.236855
20175,Seward County,,KS,2580,22028,24608,7,8,15,798,645,1443,6,0.307382,0.32316,8902.356265,0,0.001668,0.001304,59,0.000229,30,0.4,0.011599
20177,Shawnee County,,KS,10890,189872,200762,40,39,79,5825,6368,12193,6,0.364941,0.391414,30156.019399,0,0.011158,0.014471,59,0.000778,30,0.329796,0.081275
20179,Sheridan County,,KS,228,3258,3486,0,0,0,0,0,0,0,0,0,0,41,0,0,45,0.000051,85,0,0
20181,Sherman County,,KS,785,6630,7415,0,1,1,0,63,63,8,0.194607,0.198383,0,0,0,0,59,0.000051,87,0,0
20183,Smith County,,KS,256,4678,4934,0,0,0,0,0,0,0,0,0,0,42,0,0,46,0.000051,88,0,0
20185,Stafford County,,KS,395,5041,5436,2,2,4,101,100,201,7,0.230898,0.23711,0,0,0.00002,0.000006,59,0.000089,30,0.833333,0.000293
20187,Stanton County,,KS,223,2572,2795,0,0,0,0,0,0,0,0,0,0,43,0,0,47,0.000051,89,0,0
20189,Stevens County,,KS,588,5623,6211,0,1,1,0,133,133,7,0.235175,0.241987,0,0,0,0.000014,59,0.000051,90,0,0
20191,Sumner County,,KS,2000,25422,27422,3,2,5,884,1069,1953,7,0.285742,0.297413,0,0,0.000368,0.000271,59,0.000104,30,1,0.002331
20193,Thomas County,,KS,804,8552,9356,1,2,3,63,108,171,7,0.241546,0.24869,2900,0,0,0.000007,59,0.000094,86,0,0.000086
20195,Trego County,,KS,281,3474,3755,1,1,2,41,67,108,7,0.24144,0.248345,0,0,0.000018,0.000007,59,0.000078,30,0,0.000159
20197,Wabaunsee County,,KS,551,6925,7476,2,2,4,168,267,435,7,0.267442,0.277333,0,0,0.000127,0.000094,59,0.000084,30,1,0.000895
20199,Wallace County,,KS,135,1984,2119,0,0,0,0,0,0,0,0,0,0,44,0,0,48,0.000051,91,0,0
20201,Washington County,,KS,399,7416,7815,1,0,1,55,0,55,0,0,0,0,0,0.000001,0,59,0.000064,5,0,0.00009
20203,Wichita County,,KS,221,2805,3026,0,0,0,0,0,0,0,0,0,0,45,0,0,49,0.000051,92,0,0
20205,Wilson County,,KS,843,10143,10986,3,3,6,232,297,529,7,0.285968,0.297959,5.704001,0,0.00002,0.000275,59,0.000117,30,0.5,0.000356
20207,Woodson County,,KS,300,3590,3890,0,1,1,0,68,68,7,0.228899,0.23424,0,0,0,0,59,0.000051,93,0,0
20209,Wyandotte County,,KS,14081,152424,166505,21,25,46,7974,10800,18774,6,0.356853,0.38105,1812.130961,0,0.009369,0.009827,59,0.000364,30,0.514943,0.067235
21001,Adair County,,KY,940,17688,18628,4,7,11,302,481,783,7,0.240538,0.249597,1921.811916,0,0.000491,0.000036,123,0.000161,30,0.339286,0.003972
21003,Allen County,,KY,1705,25247,26952,8,8,16,1098,966,2064,7,0.270462,0.282164,2264.266058,0,0.001284,0.000194,123,0.000217,30,0.290909,0.009792
21005,Anderson County,,KY,1906,28592,30498,6,7,13,1153,1100,2253,6,0.282016,0.29464,38.81581,0,0.000772,0.000245,123,0.000178,30,0.607143,0.005783
21007,Ballard County,,KY,565,9743,10308,1,2,3,154,222,376,7,0.237366,0.244615,0,0,0.000013,0.000027,143,0.000079,30,1,0.000287
21009,Barren County,,KY,2372,44642,47014,10,10,20,1387,1291,2678,6,0.295202,0.309616,4525.834521,0,0.000648,0.000753,123,0.000376,30,0.327273,0.005521
21011,Bath County,,KY,750,13325,14075,5,5,10,491,436,927,6,0.282044,0.294439,2916.438134,0,0.000278,0.000221,123,0.000202,30,0.65,0.002139
21013,Bell County,,KY,1379,25746,27125,6,6,12,711,660,1371,6,0.288933,0.30268,642.578421,0,0.000015,0.000571,144,0.000247,30,0.392857,0.000746
21015,Boone County,,KY,11101,111867,122968,22,20,42,9921,7488,17409,6,0.336195,0.359018,5886.146281,0,0.007552,0.005338,123,0.00037,30,0.450142,0.052293
21017,Bourbon County,,KY,1753,23382,25135,5,8,13,925,1188,2113,6,0.282071,0.29487,8.441779,0,0.000284,0.000247,123,0.00017,30,0.5,0.002205
21019,Boyd County,,KY,3231,55195,58426,11,10,21,1886,1732,3618,6,0.308265,0.325753,6604.514883,0,0.001527,0.001507,123,0.000356,30,0.381818,0.011646
21021,Boyle County,,KY,2282,29763,32045,10,8,18,1407,1272,2679,6,0.294992,0.308983,1704.480967,0,0.001257,0.000729,123,0.000314,30,0.466667,0.010475
21023,Bracken County,,KY,741,10527,11268,4,4,8,462,391,853,7,0.259794,0.269086,84.932863,0,0.000074,0.00007,123,0.000134,30,0.583333,0.000871
21025,Breathitt County,,KY,889,16096,16985,2,6,8,110,302,412,6,0.282154,0.294755,8772.995238,0,0.000002,0.000221,123,0.000108,30,0.266667,0.000201
21027,Breckinridge County,,KY,1269,24503,25772,6,6,12,916,759,1675,6,0.295805,0.309374,814.002927,0,0.000641,0.000629,123,0.000155,30,0.5,0.004894
21029,Bullitt County,,KY,5776,77828,83604,9,10,19,5790,4331,10121,6,0.295775,0.309748,56.917866,0,0.000936,0.000661,123,0.000242,30,0.472727,0.007049
21031,Butler County,,KY,739,13982,14721,3,4,7,330,435,765,7,0.240239,0.248591,23.251917,0,0.000029,0.000021,123,0.000139,30,0.416667,0.000485
21033,Caldwell County,,KY,855,15046,15901,2,4,6,201,297,498,6,0.278012,0.289274,587.412888,0,0.000013,0.000182,143,0.000113,30,0.166667,0.000252
21035,Calloway County,,KY,2313,33694,36007,6,6,12,800,801,1601,6,0.305987,0.320549,2392.831814,0,0.000707,0.001157,143,0.000209,30,0.47619,0.005613
21037,Campbell County,,KY,7104,98080,105184,13,13,26,4945,5305,10250,6,0.302284,0.318294,1411.042959,0,0.002613,0.001758,123,0.00027,30,0.56044,0.017589
21039,Carlisle County,,KY,422,6373,6795,3,3,6,168,253,421,7,0.237522,0.245063,2237.323496,0,0.000013,0.000027,143,0.000142,30,0.333333,0.000482
21041,Carroll County,,KY,886,12011,12897,8,6,14,499,404,903,6,0.294034,0.307281,203.957351,0,0.000599,0.000516,123,0.000224,30,0.410714,0.005134
21043,Carter County,,KY,1189,29883,31072,7,5,12,660,536,1196,6,0.282154,0.294669,6476.533333,0,0.000754,0.000237,123,0.000343,30,0.339286,0.005998
21045,Casey County,,KY,889,17781,18670,4,5,9,385,437,822,6,0.282154,0.294571,635.052602,0,0.000008,0.000242,123,0.00018,30,0.466667,0.000557
21047,Christian County,,KY,19088,78044,97132,48,60,108,7724,10043,17767,5,0.383689,0.413446,23928.647671,0,0.021555,0.025151,144,0.000677,30,0.462704,0.154366
21049,Clark County,,KY,2708,38601,41309,10,10,20,1653,1512,3165,6,0.295082,0.309386,193.243188,0,0.000296,0.000744,123,0.000315,30,0.401515,0.002835
21051,Clay County,,KY,734,18312,19046,1,3,4,113,375,488,7,0.228207,0.23495,0,0,0.000006,0.000012,123,0.000089,30,0.666667,0.000195
21053,Clinton County,,KY,490,10360,10850,1,2,3,69,163,232,8,0.186787,0.190681,2943,0,0,0,123,0.000106,30,0,0.000092
21055,Crittenden County,,KY,511,9319,9830,3,1,4,178,51,229,8,0.191857,0.195698,6.682479,0,0.000002,0,143,0.000182,30,0,0.000284
21057,Cumberland County,,KY,358,7174,7532,1,0,1,50,0,50,0,0,0,0,0,0,0,123,0.000096,23,0,0.000089
21059,Daviess County,,KY,4783,106748,111531,13,14,27,1976,2368,4344,6,0.307872,0.32427,12765.159993,0,0.000841,0.001389,52,0.000362,30,0.290476,0.006819
21061,Edmonson County,,KY,807,13720,14527,5,3,8,551,415,966,7,0.240199,0.248332,0.9,0,0.000514,0.000026,123,0.000197,30,0.7,0.00423
21063,Elliott County,,KY,267,5586,5853,2,1,3,111,94,205,7,0.220079,0.225849,0,0,0.000004,0.000006,123,0.000136,30,1,0.000261
21065,Estill County,,KY,919,18755,19674,4,4,8,544,538,1082,6,0.281907,0.294065,1.059524,0,0.000284,0.000229,123,0.00016,30,0.916667,0.002141
21067,Fayette County,,KY,22878,271151,294029,90,97,187,13355,15936,29291,5,0.392258,0.426846,237119.295473,0,0.026274,0.032908,123,0.00199,30,0.228201,0.190926
21069,Fleming County,,KY,754,15567,16321,3,3,6,321,284,605,7,0.220514,0.2272,21.175017,0,0.000004,0.000002,123,0.00014,30,0.333333,0.000312
21071,Floyd County,,KY,1749,39424,41173,6,5,11,738,790,1528,6,0.282071,0.294496,4427.211391,0,0.000286,0.000219,123,0.00027,30,0.366667,0.002318
21073,Franklin County,,KY,3484,52704,56188,10,9,19,1743,1907,3650,6,0.306732,0.322021,327.462821,0,0.000784,0.00136,123,0.000292,30,0.418182,0.0064
21075,Fulton County,,KY,864,7982,8846,3,4,7,333,519,852,7,0.238166,0.245155,708.672139,0,0.000021,0.000012,143,0.000128,30,0.416667,0.000384
21077,Gallatin County,,KY,653,5629,6282,3,5,8,299,356,655,7,0.26379,0.273911,2.972558,0,0.000104,0.00012,123,0.000113,30,0.7,0.001055
21079,Garrard County,,KY,1578,20124,21702,7,6,13,1568,1005,2573,6,0.281989,0.294467,521.490639,0,0.000293,0.000244,123,0.000251,30,0.714286,0.002581
21081,Grant County,,KY,2336,24222,26558,10,9,19,1969,1670,3639,6,0.298701,0.313078,254.462456,0,0.000993,0.000807,123,0.000252,30,0.533333,0.006583
21083,Graves County,,KY,2152,40666,42818,6,7,13,998,925,1923,7,0.242166,0.250748,253.731541,0,0.000033,0.000044,143,0.000243,30,0.333333,0.000858
21085,Grayson County,,KY,1184,22164,23348,4,7,11,624,740,1364,6,0.295714,0.309317,2375.25358,0,0.000625,0.000622,123,0.000128,30,0.452381,0.004611
21087,Green County,,KY,831,13975,14806,6,5,11,444,450,894,7,0.273036,0.283866,84.131663,0,0.000638,0.000124,123,0.000173,30,0.547619,0.004919
21089,Greenup County,,KY,2420,37682,40102,8,6,14,1331,1321,2652,6,0.282346,0.295186,2473.153211,0,0.001057,0.000249,123,0.000279,30,0.535714,0.007899
21091,Hancock County,,KY,645,9071,9716,2,4,6,316,423,739,7,0.236533,0.244177,8.645965,0,0.000012,0.000013,52,0.000097,30,0.416667,0.000263
21093,Hardin County,,KY,13059,106675,119734,39,46,85,6461,6679,13140,6,0.374951,0.402818,17983.16744,0,0.012533,0.017333,123,0.000651,30,0.404223,0.087983
21095,Harlan County,,KY,1045,27760,28805,4,5,9,229,382,611,6,0.282126,0.294611,1196.338498,0,0.00028,0.000236,123,0.000172,30,0.5,0.002082
21097,Harrison County,,KY,1336,18600,19936,5,6,11,719,776,1495,6,0.281989,0.294439,44.77437,0,0.000284,0.000239,123,0.000158,30,0.466667,0.002248
21099,Hart County,,KY,903,15957,16860,7,4,11,737,437,1174,7,0.273861,0.284797,105.275176,0,0.000656,0.000127,123,0.000249,30,0.642857,0.005172
21101,Henderson County,,KY,2561,51607,54168,7,8,15,1377,1406,2783,6,0.294752,0.308552,2711.07276,0,0.000561,0.000541,52,0.000213,30,0.482143,0.004532
21103,Henry County,,KY,1341,16519,17860,5,6,11,872,876,1748,6,0.293855,0.306936,4.404401,0,0.0005,0.000523,123,0.000172,30,0.6,0.004127
21105,Hickman County,,KY,249,4578,4827,2,0,2,117,0,117,0,0,0,0,0,0,0,143,0.000118,10,0,0.000191
21107,Hopkins County,,KY,2436,50247,52683,11,13,24,1169,1309,2478,6,0.310578,0.327093,12159.008889,0,0.000785,0.001552,52,0.000314,30,0.357143,0.006418
21109,Jackson County,,KY,576,12991,13567,3,2,5,243,250,493,7,0.229127,0.236388,7.193856,0,0.000014,0.000022,123,0.000149,30,0.666667,0.0005
21111,Jefferson County,,KY,38284,799469,837753,153,150,303,25598,29357,54955,5,0.415603,0.454354,234996.619979,0,0.060731,0.058733,123,0.002412,30,0.279715,0.430535
21113,Jessamine County,,KY,4029,41353,45382,11,8,19,2862,2235,5097,6,0.295022,0.309041,129.123279,0,0.000787,0.000739,123,0.000319,30,0.5,0.006543
21115,Johnson County,,KY,1162,20861,22023,5,5,10,496,490,986,6,0.282099,0.294554,4110.410727,0,0.00027,0.000222,123,0.000231,30,0.3,0.002124
21117,Kenton County,,KY,15527,165852,181379,20,22,42,10909,11900,22809,6,0.350423,0.373062,12975.869447,0,0.005225,0.006905,123,0.000394,30,0.378462,0.036132
21119,Knott County,,KY,737,15423,16160,3,4,7,374,376,750,6,0.282044,0.294295,6.866667,0,0.000005,0.000219,123,0.000157,30,0.583333,0.000326
21121,Knox County,,KY,1776,31796,33572,4,5,9,823,1132,1955,6,0.282126,0.294582,228.779066,0,0.000281,0.000239,123,0.00017,30,0.7,0.002095
21123,Larue County,,KY,981,13195,14176,4,5,9,665,624,1289,6,0.295503,0.308684,34.591804,0,0.000627,0.000615,123,0.000135,30,0.65,0.004674
21125,Laurel County,,KY,2826,54382,57208,15,11,26,2014,1384,3398,6,0.295443,0.310064,15832.641314,0,0.001465,0.000737,123,0.000497,30,0.238095,0.010684
21127,Lawrence County,,KY,786,13906,14692,4,5,9,390,366,756,7,0.235993,0.24437,32.618143,0,0.000014,0.000027,123,0.000182,30,0.3,0.000543
21129,Lee County,,KY,334,6083,6417,1,1,2,46,46,92,7,0.229,0.235899,1.069048,0,0.000002,0.00001,123,0.000066,30,0,0.000092
21131,Leslie County,,KY,485,11333,11818,3,2,5,181,199,380,7,0.228279,0.235008,9.7,0,0.000008,0.000014,123,0.000144,30,0.5,0.000397
21133,Letcher County,,KY,883,23915,24798,4,5,9,316,377,693,6,0.282126,0.294554,25.659322,0,0.000011,0.000221,123,0.00018,30,0.45,0.000436
21135,Lewis County,,KY,666,13189,13855,4,4,8,205,298,503,7,0.220514,0.227258,140.350047,0,0.000016,0.000015,123,0.000175,30,0.3,0.000526
21137,Lincoln County,,KY,1511,23598,25109,9,8,17,1185,1074,2259,6,0.282209,0.29506,812.962861,0,0.000304,0.000251,123,0.000318,30,0.541667,0.002851
21139,Livingston County,,KY,723,9894,10617,3,3,6,421,394,815,7,0.237385,0.244787,5064.843016,0,0.000013,0.000027,143,0.000277,30,0.333333,0.000483
21141,Logan County,,KY,1494,29349,30843,6,5,11,734,621,1355,7,0.240498,0.249045,46.817059,0,0.000044,0.000034,123,0.000212,30,0.233333,0.000875
21143,Lyon County,,KY,689,7457,8146,3,3,6,232,224,456,7,0.237405,0.244845,87.196258,0,0.000014,0.000027,143,0.000147,30,0.333333,0.000481
21145,McCracken County,,KY,4919,70787,75706,14,15,29,2199,2350,4549,6,0.311145,0.328117,44582.822626,0,0.003255,0.001553,143,0.000498,30,0.246324,0.023131
21147,McCreary County,,KY,610,14783,15393,2,2,4,113,270,383,7,0.229635,0.236561,56.309777,0,0.000012,0.000011,144,0.000119,30,0,0.000273
21149,McLean County,,KY,577,10764,11341,3,4,7,397,386,783,7,0.237249,0.244896,2.533661,0,0.000026,0.000014,52,0.00012,30,0.833333,0.000424
21151,Madison County,,KY,5711,64978,70689,23,18,41,3372,3010,6382,6,0.296896,0.313026,10218.90484,0,0.001272,0.001023,123,0.000738,30,0.179487,0.011041
21153,Magoffin County,,KY,401,10760,11161,2,2,4,164,133,297,7,0.220112,0.226107,0,0,0.000004,0.000005,123,0.000136,30,1,0.000229
21155,Marion County,,KY,830,19822,20652,6,6,12,540,477,1017,6,0.294902,0.308581,29.607599,0,0.00077,0.000735,123,0.000198,30,0.6,0.005838
21157,Marshall County,,KY,2001,31965,33966,5,5,10,966,1015,1981,7,0.237619,0.245552,23.203112,0,0.000023,0.000033,143,0.000258,30,0.5,0.000723
21159,Martin County,,KY,589,10218,10807,3,4,7,154,292,446,7,0.229472,0.236736,1014.298557,0,0.000739,0.000011,123,0.000132,30,0.25,0.005447
21161,Mason County,,KY,1122,17787,18909,4,6,10,569,578,1147,6,0.282291,0.295071,2750.110943,0,0.000008,0.00027,123,0.000176,30,0.233333,0.000475
21163,Meade County,,KY,1975,25341,27316,4,5,9,1498,1315,2813,6,0.295473,0.308627,3.975528,0,0.00063,0.000614,123,0.000119,30,0.6,0.004672
21165,Menifee County,,KY,446,6148,6594,2,2,4,160,221,381,7,0.220062,0.226021,0,0,0.000004,0.000005,123,0.000116,30,1,0.000231
21167,Mercer County,,KY,1415,22920,24335,6,9,15,817,893,1710,6,0.282044,0.294928,19.136916,0,0.000288,0.000253,123,0.000222,30,0.486111,0.002405
21169,Metcalfe County,,KY,606,8308,8914,2,3,5,215,334,549,7,0.240199,0.248332,1.276923,0,0.000006,0.000021,123,0.000102,30,0.666667,0.000271
21171,Monroe County,,KY,436,10302,10738,3,2,5,158,160,318,7,0.240179,0.24816,0,0,0.000008,0.000021,123,0.000135,30,0.75,0.000415
21173,Montgomery County,,KY,1683,22497,24180,7,7,14,1003,1000,2003,6,0.282099,0.294784,2931.936918,0,0.000282,0.000226,123,0.000254,30,0.5,0.002359
21175,Morgan County,,KY,541,12398,12939,2,1,3,121,59,180,7,0.22023,0.226251,8.421429,0,0.000002,0.000002,123,0.000106,30,0,0.000204
21177,Muhlenberg County,,KY,1396,34506,35902,6,7,13,457,685,1142,6,0.278949,0.291023,483.539551,0,0.000027,0.000205,52,0.000218,30,0.410714,0.000737
21179,Nelson County,,KY,2388,46546,48934,10,8,18,1821,1479,3300,6,0.296683,0.310904,111.226567,0,0.00092,0.000836,123,0.000272,30,0.433333,0.007017
21181,Nicholas County,,KY,289,5347,5636,3,0,3,192,0,192,0,0,0,0,0,0.000272,0,123,0.000109,11,1,0.001912
21183,Ohio County,,KY,1228,24507,25735,6,4,10,801,654,1455,7,0.240678,0.249235,29.000482,0,0.000018,0.000023,52,0.00019,30,0.380952,0.000681
21185,Oldham County,,KY,3954,48362,52316,8,8,16,3153,2447,5600,6,0.296713,0.310962,82.998301,0,0.000792,0.000852,123,0.000224,30,0.513889,0.00623
21187,Owen County,,KY,670,10019,10689,8,5,13,546,348,894,6,0.282044,0.294467,60.805586,0,0.000397,0.00024,123,0.000224,30,0.553571,0.00331
21189,Owsley County,,KY,186,3432,3618,0,0,0,0,0,0,0,0,0,0,46,0,0,50,0.000051,94,0,0
21191,Pendleton County,,KY,1231,15393,16624,7,6,13,1044,892,1936,7,0.26391,0.274199,126.183547,0,0.000721,0.000136,123,0.000182,30,0.619048,0.004632
21193,Perry County,,KY,1293,26340,27633,5,6,11,519,638,1157,6,0.282209,0.29487,12278.454059,0,0.000274,0.000226,123,0.000209,30,0.3,0.002064
21195,Pike County,,KY,2455,59888,62343,7,6,13,870,958,1828,6,0.295594,0.309415,4111.813512,0,0.000281,0.000728,123,0.000261,30,0.196429,0.002483
21197,Powell County,,KY,1028,12699,13727,5,5,10,465,502,967,6,0.281961,0.294295,4.546429,0,0.00028,0.000231,123,0.000175,30,0.6,0.002134
21199,Pulaski County,,KY,2701,57120,59821,11,10,21,1154,1049,2203,6,0.297934,0.313262,23365.220522,0,0.001364,0.001091,123,0.000402,30,0.275641,0.009392
21201,Robertson County,,KY,141,1953,2094,0,0,0,0,0,0,0,0,0,0,47,0,0,51,0.000051,95,0,0
21203,Rockcastle County,,KY,741,14813,15554,3,5,8,310,409,719,7,0.230824,0.239126,3.419048,0,0.000012,0.000038,123,0.000155,30,0.7,0.000462
21205,Rowan County,,KY,1693,17551,19244,6,10,16,528,753,1281,6,0.282401,0.295761,10731.259658,0,0.000274,0.00025,123,0.000322,30,0.255556,0.002248
21207,Russell County,,KY,723,15710,16433,4,3,7,240,271,511,7,0.229763,0.237021,585.084513,0,0.00049,0.000015,123,0.000149,30,0.416667,0.003963
21209,Scott County,,KY,2785,33699,36484,11,12,23,2082,1657,3739,6,0.295202,0.309846,179.005439,0,0.000834,0.000814,123,0.000313,30,0.44697,0.00689
21211,Shelby County,,KY,2574,36064,38638,8,8,16,2105,1553,3658,6,0.294932,0.308868,58.022242,0,0.00078,0.000743,123,0.000229,30,0.527778,0.0061
21213,Simpson County,,KY,1372,18565,19937,5,6,11,696,769,1465,6,0.301844,0.315056,901.341857,0,0.000652,0.000694,123,0.000175,30,0.633333,0.005325
21215,Spencer County,,KY,908,12291,13199,4,4,8,1257,624,1881,6,0.293736,0.306476,0.45,0,0.000497,0.000516,123,0.000138,30,0.833333,0.004026
21217,Taylor County,,KY,1135,21903,23038,5,6,11,578,492,1070,6,0.296683,0.310674,510.264821,0,0.000754,0.000826,123,0.000159,30,0.5,0.005647
21219,Todd County,,KY,853,10647,11500,3,4,7,369,450,819,6,0.282704,0.294306,963.734301,0,0.000428,0.000355,144,0.000108,30,0.416667,0.002806
21221,Trigg County,,KY,946,13600,14546,2,2,4,277,349,626,6,0.282401,0.29353,0,0,0.000428,0.000354,144,0.000072,30,1,0.002701
21223,Trimble County,,KY,577,9096,9673,5,5,10,547,345,892,6,0.293974,0.307051,5.349732,0,0.000503,0.000519,123,0.000163,30,0.7,0.004154
21225,Union County,,KY,884,16265,17149,3,4,7,367,431,798,7,0.260237,0.269515,555.688779,0,0.000017,0.000029,52,0.000134,30,0.55,0.00039
21227,Warren County,,KY,6568,90190,96758,25,19,44,3329,3346,6675,6,0.315858,0.334673,20529.087119,0,0.00191,0.002916,123,0.000725,30,0.213054,0.015628
21229,Washington County,,KY,561,10808,11369,4,4,8,300,273,573,6,0.293855,0.306706,13.569753,0,0.000283,0.000511,123,0.000146,30,0.7,0.002102
21231,Wayne County,,KY,644,18882,19526,2,2,4,279,239,518,7,0.229635,0.236532,8780,0,0.000009,0.000011,123,0.00013,30,0,0.000267
21233,Webster County,,KY,1004,15168,16172,4,3,7,586,555,1141,7,0.237172,0.244522,52.059367,0,0.000063,0.000011,52,0.000141,30,0.833333,0.000682
21235,Whitley County,,KY,1931,30585,32516,4,5,9,1010,980,1990,6,0.282154,0.29464,308.742883,0,0.000279,0.000231,123,0.00017,30,0.55,0.00211
21237,Wolfe County,,KY,285,3399,3684,1,2,3,43,97,140,7,0.220196,0.226257,1.833333,0,0.000002,0,123,0.000066,30,0,0.000092
21239,Woodford County,,KY,2056,23915,25971,6,7,13,1286,1274,2560,6,0.294962,0.308811,25.228683,0,0.000296,0.000745,123,0.000194,30,0.714286,0.002415
22001,Acadia Parish,,LA,3237,67395,70632,9,9,18,2054,2289,4343,6,0.322466,0.340131,115.00136,0,0.001508,0.001423,143,0.000184,30,0.766667,0.011235
22003,Allen Parish,,LA,1529,23243,24772,7,9,16,817,978,1795,6,0.322538,0.34016,13.095179,0,0.000307,0.001345,174,0.000148,30,0.694444,0.002486
22005,Ascension Parish,,LA,5323,89979,95302,18,14,32,4881,3304,8185,6,0.322681,0.341051,569.065398,0,0.002464,0.002144,143,0.000306,30,0.519608,0.017889
22007,Assumption Parish,,LA,1734,30412,32146,6,6,12,1048,1210,2258,7,0.28095,0.293226,1.588889,0,0.000381,0.000354,143,0.000131,30,0.738095,0.002625
22009,Avoyelles Parish,,LA,1707,42517,44224,7,6,13,736,913,1649,6,0.32243,0.339729,98.524379,0,0.001429,0.001363,174,0.000151,30,0.785714,0.010672
22011,Beauregard Parish,,LA,2829,31456,34285,4,7,11,1424,1465,2889,6,0.323005,0.34062,293.524634,0,0.001214,0.001439,174,0.000097,30,0.642857,0.009028
22013,Bienville Parish,,LA,1181,16955,18136,7,8,15,695,738,1433,6,0.318532,0.335036,81.127893,0,0.000303,0.001142,174,0.000162,30,0.622222,0.002518
22015,Bossier Parish,,LA,12683,107786,120469,32,38,70,8271,7750,16021,6,0.353199,0.379239,9014.124389,0,0.009851,0.012269,174,0.000519,30,0.390338,0.074499
22017,Caddo Parish,,LA,17267,262278,279545,43,46,89,9880,12040,21920,6,0.368047,0.395077,17146.989914,0,0.014646,0.015834,174,0.000678,30,0.39098,0.108803
22019,Calcasieu Parish,,LA,10181,204916,215097,31,39,70,5390,6300,11690,6,0.346983,0.371923,9360.948717,0,0.007671,0.009871,174,0.000519,30,0.341463,0.057298
22021,Caldwell Parish,,LA,674,11025,11699,2,2,4,293,239,532,7,0.250931,0.259972,0,0,0.000053,0.000041,174,0.000113,30,1,0.000536
22023,Cameron Parish,,LA,610,8734,9344,1,1,2,224,296,520,7,0.257623,0.266958,0,0,0.00008,0.000062,174,0.000062,30,0,0.00058
22025,Catahoula Parish,,LA,643,11015,11658,3,5,8,248,379,627,7,0.251301,0.261128,5.122974,0,0.000038,0.000087,174,0.000122,30,0.55,0.000596
22027,Claiborne Parish,,LA,897,15615,16512,6,4,10,396,361,757,7,0.271806,0.282598,5.540766,0,0.000167,0.000221,174,0.000143,30,0.547619,0.001542
22029,Concordia Parish,,LA,1330,20305,21635,3,5,8,445,621,1066,7,0.281633,0.294347,77.97812,0,0.000054,0.000286,174,0.000098,30,0.5,0.000594
22031,De Soto Parish,,LA,1808,28011,29819,6,5,11,1407,1150,2557,7,0.271959,0.283087,135.0181,0,0.002103,0.000231,174,0.000139,30,0.619048,0.015764
22033,East Baton Rouge Parish,,LA,27542,419281,446823,84,97,181,16788,21214,38002,6,0.39025,0.424442,75245.441061,0,0.025285,0.036573,143,0.001317,30,0.292216,0.187374
22035,East Carroll Parish,,LA,626,8049,8675,1,4,5,131,344,475,6,0.312959,0.328537,290.447392,0,0,0.00091,174,0.000087,30,0.416667,0.000101
22037,East Feliciana Parish,,LA,1380,20182,21562,3,4,7,754,922,1676,7,0.280923,0.292979,726.329271,0,0.000313,0.000224,143,0.000136,30,0.416667,0.001985
22039,Evangeline Parish,,LA,1693,32669,34362,8,10,18,941,1234,2175,6,0.322645,0.340534,17.990805,0,0.000551,0.001452,143,0.000172,30,0.777778,0.004046
22041,Franklin Parish,,LA,1253,21956,23209,4,3,7,372,500,872,6,0.317728,0.333282,882.120266,0,0.000937,0.000918,174,0.000149,30,0.416667,0.006948
22043,Grant Parish,,LA,1742,21162,22904,3,4,7,1027,1032,2059,7,0.247629,0.256677,10.404132,0,0.000055,0.000058,174,0.000106,30,0.5,0.00073
22045,Iberia Parish,,LA,4228,83070,87298,13,9,22,2436,2918,5354,6,0.322502,0.340189,10.302241,0,0.002331,0.001525,143,0.000224,30,0.660256,0.016949
22047,Iberville Parish,,LA,2010,34718,36728,4,7,11,1065,1496,2561,6,0.322286,0.339614,45.323085,0,0.000328,0.001268,143,0.000117,30,0.714286,0.002135
22049,Jackson Parish,,LA,1982,24085,26067,7,8,15,1059,1141,2200,6,0.326094,0.344347,1151.723759,0,0.000227,0.00207,174,0.000186,30,0.527778,0.002093
22051,Jefferson Parish,,LA,33538,489469,523007,70,86,156,23679,27086,50765,5,0.393429,0.426305,20330.142236,0,0.035072,0.039198,143,0.000892,30,0.451262,0.250366
22053,Jefferson Davis Parish,,LA,1942,31064,33006,7,7,14,1045,1293,2338,6,0.322394,0.339786,16.100398,0,0.000517,0.001398,174,0.000152,30,0.805556,0.003576
22055,Lafayette Parish,,LA,14320,207556,221876,37,36,73,10270,10087,20357,6,0.347941,0.372625,3629.388883,0,0.010259,0.011164,143,0.00056,30,0.379227,0.074346
22057,Lafourche Parish,,LA,5139,107829,112968,11,14,25,3561,3482,7043,6,0.322681,0.341051,107.615216,0,0.00135,0.002183,143,0.000199,30,0.67033,0.009122
22059,La Salle Parish,,LA,716,14103,14819,5,4,9,335,258,593,7,0.251214,0.260841,27.215125,0,0.000089,0.000079,174,0.000181,30,0.45,0.001115
22061,Lincoln Parish,,LA,2955,30387,33342,9,13,22,1256,1539,2795,6,0.327754,0.347366,1571.548177,0,0.001491,0.003263,174,0.000216,30,0.576923,0.010552
22063,Livingston Parish,,LA,6187,104618,110805,16,11,27,7083,3935,11018,6,0.322753,0.340793,815.518656,0,0.001941,0.001704,143,0.000308,30,0.411765,0.01454
22065,Madison Parish,,LA,940,12680,13620,2,4,6,171,383,554,7,0.252395,0.262169,2952.145414,0,0.000032,0.000043,174,0.000082,30,0.2,0.000209
22067,Morehouse Parish,,LA,1921,32913,34834,7,6,13,800,1061,1861,6,0.318007,0.334018,4401.427923,0,0.001919,0.000923,174,0.000231,30,0.380952,0.014632
22069,Natchitoches Parish,,LA,2570,37811,40381,11,12,23,1059,1393,2452,6,0.327088,0.346302,6527.552493,0,0.002277,0.002386,174,0.000233,30,0.434066,0.01738
22071,Orleans Parish,,LA,32896,453270,486166,82,89,171,18273,26345,44618,5,0.399229,0.432333,21003.392343,0,0.041274,0.04583,143,0.000991,30,0.493205,0.287505
22073,Ouachita Parish,,LA,8758,155560,164318,34,28,62,5063,4934,9997,6,0.334874,0.357666,32229.955549,0,0.004955,0.006409,174,0.000775,30,0.238976,0.036657
22075,Plaquemines Parish,,LA,2351,28844,31195,4,7,11,1480,1268,2748,6,0.313162,0.329325,2.72311,0,0.000898,0.001669,143,0.000095,30,0.785714,0.005749
22077,Pointe Coupee Parish,,LA,1346,23412,24758,5,7,12,616,894,1510,7,0.280977,0.293399,3.436447,0,0.000345,0.000342,143,0.000136,30,0.589286,0.002314
22079,Rapides Parish,,LA,7013,136121,143134,25,23,48,3652,3961,7613,6,0.328758,0.349925,13832.397724,0,0.004678,0.004297,174,0.00043,30,0.372308,0.034133
22081,Red River Parish,,LA,503,8843,9346,3,4,7,230,272,502,7,0.271781,0.282569,0,0,0.000248,0.000221,174,0.000091,30,0.916667,0.001945
22083,Richland Parish,,LA,1453,20230,21683,5,4,9,615,726,1341,7,0.251018,0.260363,4.934314,0,0.000068,0.000064,174,0.000203,30,0.45,0.000984
22085,Sabine Parish,,LA,1190,23352,24542,5,5,10,484,486,970,7,0.281059,0.293223,13.001714,0,0.000375,0.000329,174,0.000124,30,0.55,0.002907
22087,St. Bernard Parish,,LA,3483,73032,76515,7,8,15,2172,2435,4607,6,0.322466,0.340016,36.675868,0,0.00122,0.002013,143,0.000136,30,0.722222,0.007784
22089,St. Charles Parish,,LA,4045,58607,62652,9,11,20,3095,2856,5951,6,0.322573,0.340534,69.235365,0,0.002231,0.002072,143,0.000156,30,0.795455,0.015551
22091,St. Helena Parish,,LA,984,14652,15636,4,3,7,687,682,1369,7,0.280787,0.292605,0,0,0.000518,0.00024,143,0.000114,30,1,0.003256
22093,St. James Parish,,LA,1081,26079,27160,6,5,11,605,641,1246,6,0.285686,0.298142,0.25,0,0.000686,0.000539,143,0.000126,30,0.9,0.004594
22095,St. John the Baptist Parish,,LA,2960,43668,46628,8,11,19,2178,1953,4131,6,0.322573,0.340534,84.627206,0,0.002025,0.002082,143,0.000161,30,0.790909,0.014401
22097,St. Landry Parish,,LA,4003,81565,85568,13,13,26,2427,2750,5177,6,0.322789,0.341109,308.444945,0,0.001667,0.001576,143,0.000252,30,0.56044,0.012866
22099,St. Martin Parish,,LA,2700,51878,54578,6,7,13,2084,1975,4059,6,0.322322,0.339671,0.819048,0,0.001409,0.001364,143,0.000138,30,0.821429,0.010469
22101,St. Mary Parish,,LA,3343,56906,60249,8,11,19,1321,1965,3286,6,0.322681,0.340706,170.86388,0,0.001741,0.002055,143,0.000159,30,0.718182,0.012668
22103,St. Tammany Parish,,LA,13123,210924,224047,49,55,104,12264,8200,20464,6,0.367068,0.395911,7701.611107,0,0.017183,0.023166,143,0.000716,30,0.436298,0.128308
22105,Tangipahoa Parish,,LA,5819,92722,98541,14,14,28,3898,3449,7347,6,0.322897,0.341368,475.386447,0,0.002267,0.002167,143,0.000269,30,0.533333,0.016335
22107,Tensas Parish,,LA,434,6047,6481,1,1,2,65,48,113,7,0.250953,0.259846,0,0,0,0.00004,174,0.000068,30,0.5,0.000092
22109,Terrebonne Parish,,LA,5392,105073,110465,11,14,25,3095,3572,6667,6,0.322789,0.341224,184.176706,0,0.002383,0.002608,143,0.000184,30,0.657143,0.016695
22111,Union Parish,,LA,1500,21755,23255,5,5,10,729,811,1540,7,0.251825,0.261634,14.417478,0,0.000115,0.000084,174,0.00016,30,0.4,0.001137
22113,Vermilion Parish,,LA,2577,58128,60705,7,7,14,1475,1666,3141,6,0.321821,0.338923,60.922619,0,0.001483,0.00159,143,0.000154,30,0.763889,0.011009
22115,Vernon Parish,,LA,11626,49166,60792,37,45,82,3720,5196,8916,6,0.373694,0.401484,6341.626744,0,0.013676,0.017714,174,0.000479,30,0.511837,0.096355
22117,Washington Parish,,LA,2115,41832,43947,7,8,15,1005,1154,2159,6,0.290789,0.303922,100.919432,0,0.001209,0.001013,143,0.000144,30,0.607143,0.00776
22119,Webster Parish,,LA,2574,41779,44353,7,8,15,1362,1386,2748,6,0.318742,0.335294,372.339376,0,0.00116,0.001133,174,0.00016,30,0.638889,0.008602
22121,West Baton Rouge Parish,,LA,1947,24045,25992,5,6,11,1383,1489,2872,6,0.322251,0.339441,44.906418,0,0.000342,0.001265,143,0.000135,30,0.833333,0.00236
22123,West Carroll Parish,,LA,798,12546,13344,4,4,8,404,404,808,7,0.251061,0.26045,2957.287082,0,0.000068,0.000057,174,0.000168,30,0.583333,0.000837
22125,West Feliciana Parish,,LA,751,10492,11243,3,2,5,423,370,793,7,0.280814,0.292519,0.5,0,0.000301,0.000208,143,0.000118,30,0.666667,0.001861
22127,Winn Parish,,LA,884,13774,14658,3,4,7,292,349,641,7,0.251083,0.260605,11.859028,0,0.000037,0.000061,174,0.00011,30,0.416667,0.000455
23001,Androscoggin County,,ME,6041,115046,121087,18,17,35,4433,3897,8330,6,0.305438,0.323269,970.56774,0,0.005256,0.002781,101,0.000292,30,0.452381,0.036031
23003,Aroostook County,,ME,3121,81189,84310,8,6,14,948,1277,2225,7,0.266213,0.277554,1.343413,0,0.001414,0.000508,101,0.000152,30,0.75,0.0101
23005,Cumberland County,,ME,19176,310662,329838,77,65,142,14692,13401,28093,6,0.361302,0.390424,25818.201118,0,0.034344,0.030832,101,0.000927,30,0.454307,0.233973
23007,Franklin County,,ME,1771,31478,33249,7,7,14,1035,992,2027,7,0.266238,0.277727,0.533333,0,0.000482,0.000523,101,0.000164,30,0.928571,0.004236
23009,Hancock County,,ME,3392,58116,61508,10,10,20,1590,1468,3058,6,0.310411,0.32741,290.418564,0,0.001746,0.001986,101,0.00021,30,0.575758,0.011938
23011,Kennebec County,,ME,6563,140691,147254,23,19,42,4518,4156,8674,6,0.308824,0.326725,804.86799,0,0.004374,0.003783,101,0.000382,30,0.456522,0.029193
23013,Knox County,,ME,2268,45443,47711,10,7,17,1210,1140,2350,6,0.282539,0.29575,30.387884,0,0.00181,0.001017,101,0.0002,30,0.690909,0.012708
23015,Lincoln County,,ME,2226,40142,42368,8,8,16,1355,1211,2566,7,0.266262,0.277899,9.175397,0,0.001297,0.000542,101,0.00017,30,0.819444,0.009469
23017,Oxford County,,ME,2997,60359,63356,9,7,16,2075,1694,3769,7,0.266262,0.277784,31.753738,0,0.002234,0.000534,101,0.000163,30,0.788889,0.014888
23019,Penobscot County,,ME,8385,161372,169757,28,26,54,5045,4861,9906,6,0.337408,0.359075,6533.967267,0,0.005496,0.007459,101,0.000434,30,0.431373,0.038168
23021,Piscataquis County,,ME,1113,18654,19767,2,5,7,437,588,1025,7,0.265677,0.276795,0,0,0.000065,0.000462,101,0.000088,30,1,0.000599
23023,Sagadahoc County,,ME,3886,40025,43911,9,9,18,2399,2300,4699,6,0.331124,0.349293,282.879034,0,0.003082,0.003092,101,0.00017,30,0.688889,0.022777
23025,Somerset County,,ME,2752,48484,51236,11,8,19,1789,1631,3420,7,0.266262,0.277899,206.642833,0,0.001243,0.000506,101,0.000218,30,0.654545,0.009205
23027,Waldo County,,ME,2292,41171,43463,9,6,15,1663,1298,2961,7,0.265579,0.276709,1.146749,0,0.000921,0.000399,101,0.000199,30,0.736111,0.007032
23029,Washington County,,ME,1794,36708,38502,4,6,10,429,804,1233,7,0.265701,0.276968,0.2,0,0.000436,0.000477,101,0.000107,30,0.966667,0.003313
23031,York County,,ME,11984,221478,233462,41,38,79,11622,8239,19861,6,0.342391,0.365775,6227.549121,0,0.011213,0.013235,101,0.000543,30,0.439626,0.078885
24001,Allegany County,,MD,3200,77833,81033,12,12,24,1355,1525,2880,6,0.303614,0.319962,9766.304365,0,0.002737,0.002953,181,0.000319,30,0.378788,0.020836
24003,Anne Arundel County,,MD,45551,583946,629497,157,144,301,38197,35331,73528,5,0.401052,0.440522,25773.033935,0,0.075702,0.06751,181,0.001744,30,0.385889,0.519802
24005,Baltimore County,,MD,62192,904659,966851,146,133,279,58190,54371,112561,6,0.397858,0.436399,20007.742473,0,0.072459,0.066482,181,0.001583,30,0.448042,0.492859
24009,Calvert County,,MD,5353,90126,95479,15,12,27,6135,3137,9272,6,0.311245,0.328324,5.924556,0,0.007538,0.005442,181,0.000209,30,0.904167,0.055987
24011,Caroline County,,MD,2375,34747,37122,11,9,20,1989,1711,3700,6,0.29111,0.30555,10.864318,0,0.002305,0.001571,126,0.000219,30,0.727273,0.01841
24013,Carroll County,,MD,10309,202977,213286,15,19,34,11856,7084,18940,6,0.316341,0.335024,30.202781,0,0.005284,0.006168,181,0.000234,30,0.654762,0.039585
24015,Cecil County,,MD,5586,100787,106373,16,13,29,5160,3489,8649,6,0.295112,0.311048,28.424201,0,0.005473,0.003799,126,0.000221,30,0.686275,0.038035
24017,Charles County,,MD,11407,150052,161459,27,27,54,10163,7284,17447,6,0.345,0.367909,199.679101,0,0.013173,0.013796,181,0.000363,30,0.63369,0.097775
24019,Dorchester County,,MD,1767,33599,35366,8,6,14,1033,955,1988,6,0.290905,0.304888,0.45402,0,0.00158,0.001414,126,0.000167,30,0.839286,0.012973
24021,Frederick County,,MD,15151,237630,252781,52,49,101,15190,9960,25150,6,0.367673,0.395899,3676.856163,0,0.026584,0.023755,181,0.000681,30,0.539939,0.19105
24023,Garrett County,,MD,1244,33124,34368,6,3,9,480,389,869,7,0.235897,0.24372,1379.559537,0,0.002098,0.000031,181,0.000184,30,0.466667,0.014621
24025,Harford County,,MD,15814,264933,280747,45,44,89,13728,10274,24002,6,0.353889,0.380113,922.523529,0,0.024774,0.020518,181,0.000495,30,0.574108,0.171105
24027,Howard County,,MD,27457,278913,306370,83,69,152,22576,21380,43956,6,0.372925,0.403732,3084.285272,0,0.048513,0.03933,181,0.000864,30,0.607401,0.329764
24029,Kent County,,MD,1328,25795,27123,7,6,13,700,623,1323,6,0.288703,0.302881,2.892533,0,0.001164,0.001291,126,0.000151,30,0.619048,0.009382
24031,Montgomery County,,MD,75794,1031741,1107535,214,213,427,59583,65639,125222,5,0.426365,0.47113,56475.772881,0,0.095237,0.094695,181,0.002374,30,0.31233,0.646173
24033,Prince George's County,,MD,73917,895943,969860,160,158,318,62506,63844,126350,6,0.409264,0.450173,24426.977416,0,0.07742,0.072616,181,0.001764,30,0.370119,0.530109
24035,Queen Anne's County,,MD,2931,42982,45913,11,13,24,3111,2000,5111,6,0.303138,0.319358,65.696045,0,0.00427,0.003777,126,0.000191,30,0.685714,0.031675
24037,St. Mary's County,,MD,7120,99259,106379,28,23,51,5441,3636,9077,6,0.336195,0.357373,99.934941,0,0.013595,0.010498,181,0.000355,30,0.652874,0.099298
24039,Somerset County,,MD,1317,21328,22645,5,3,8,949,749,1698,6,0.28642,0.29954,1.91063,0,0.000687,0.000697,126,0.000142,30,0.8,0.005807
24041,Talbot County,,MD,2682,39245,41927,11,10,21,1604,1486,3090,6,0.301216,0.31673,58.900173,0,0.004403,0.002632,126,0.000192,30,0.698718,0.032101
24043,Washington County,,MD,7272,150896,158168,19,19,38,5523,4302,9825,6,0.316825,0.335714,5019.541224,0,0.005183,0.005917,181,0.000362,30,0.474308,0.039447
24045,Wicomico County,,MD,5897,91753,97650,19,19,38,3748,3425,7173,6,0.313976,0.332568,250.759922,0,0.004591,0.00583,126,0.000345,30,0.52381,0.034828
24047,Worcester County,,MD,4387,57169,61556,17,11,28,3268,2439,5707,6,0.303106,0.319071,95.18575,0,0.005251,0.003647,126,0.000284,30,0.698529,0.039169
24510,Baltimore city,,MD,48489,582906,631395,94,84,178,32646,42433,75079,6,0.384401,0.417627,5231.057643,0,0.051635,0.044939,181,0.000995,30,0.564331,0.349098
25001,Barnstable County,,MA,13008,264082,277090,53,52,105,11670,8387,20057,6,0.35072,0.377237,6660.364,0,0.028557,0.024145,101,0.000566,30,0.54829,0.188116
25003,Berkshire County,,MA,6062,153189,159251,23,23,46,2406,2808,5214,6,0.342756,0.364763,935.614227,0,0.010737,0.010993,101,0.000244,30,0.702299,0.063614
25005,Bristol County,,MA,23834,613197,637031,42,55,97,21403,18892,40295,6,0.350127,0.376898,719.725061,0,0.02391,0.028765,101,0.00043,30,0.645089,0.160268
25007,Dukes County,,MA,1072,17522,18594,5,3,8,315,247,562,6,0.298609,0.313371,0,0,0.00242,0.001576,101,0.000087,30,1,0.01476
25009,Essex County,,MA,43651,831797,875448,90,121,211,34531,37047,71578,6,0.381266,0.419002,6921.991216,0,0.049613,0.059589,101,0.000896,30,0.489186,0.330126
25011,Franklin County,,MA,4664,80991,85655,17,11,28,3355,2730,6085,6,0.29969,0.315879,5.417311,0,0.006465,0.003336,101,0.000192,30,0.834559,0.04044
25013,Hampden County,,MA,17385,512006,529391,50,61,111,11745,12111,23856,6,0.354495,0.382775,686.610538,0,0.028018,0.030252,101,0.000482,30,0.620704,0.184172
25015,Hampshire County,,MA,11145,157494,168639,28,27,55,7912,7724,15636,6,0.351145,0.374701,315.700004,0,0.013514,0.015874,101,0.000284,30,0.779857,0.085336
25017,Middlesex County,,MA,122979,1676895,1799874,215,233,448,84697,112331,197028,5,0.425051,0.472579,73206.908022,0,0.09344,0.097041,101,0.002292,30,0.28907,0.634956
25019,Nantucket County,,MA,863,10697,11560,1,1,2,51,94,145,7,0.259677,0.269362,0,0,0.000197,0.000233,101,0.00006,30,0,0.001563
25021,Norfolk County,,MA,57275,739757,797032,99,125,224,45696,51314,97010,5,0.397968,0.435559,4822.012191,0,0.056659,0.066094,101,0.00093,30,0.553142,0.372513
25023,Plymouth County,,MA,27696,556833,584529,36,70,106,24845,22848,47693,6,0.360897,0.390476,714.8752,0,0.022577,0.035316,101,0.000357,30,0.58809,0.148023
25025,Suffolk County,,MA,80701,676197,756898,144,149,293,54609,73723,128332,5,0.403116,0.443467,14145.147938,0,0.071463,0.074469,101,0.00141,30,0.453191,0.470252
25027,Worcester County,,MA,36814,880349,917163,110,131,241,31707,29211,60918,6,0.392843,0.43155,11612.938063,0,0.059066,0.064132,101,0.001071,30,0.458523,0.395332
26001,Alcona County,,MI,1140,15316,16456,6,3,9,621,366,987,6,0.301875,0.316258,0.525,0,0.002037,0.000671,52,0.000117,30,0.933333,0.012414
26003,Alger County,,MI,641,10852,11493,1,2,3,125,162,287,7,0.251453,0.25973,0,0,0.000034,0.000032,27,0.000075,30,1,0.000264
26005,Allegan County,,MI,9070,141195,150265,17,17,34,7672,6574,14246,6,0.332187,0.352053,266.096205,0,0.004108,0.003446,52,0.000235,30,0.573099,0.026738
26007,Alpena County,,MI,1869,39580,41449,7,9,16,622,609,1231,6,0.30856,0.324017,1638.790966,0,0.002016,0.002221,52,0.000187,30,0.611111,0.012561
26009,Antrim County,,MI,2395,35250,37645,13,8,21,1784,1230,3014,6,0.3026,0.317984,263.381669,0,0.003267,0.00124,52,0.000248,30,0.692308,0.019779
26011,Arenac County,,MI,1381,22378,23759,8,7,15,914,796,1710,6,0.302064,0.317035,0.125,0,0.002134,0.00094,52,0.000134,30,0.958333,0.013161
26013,Baraga County,,MI,513,9638,10151,2,2,4,144,158,302,7,0.251453,0.25973,0,0,0.000047,0.000032,27,0.0001,30,1,0.0004
26015,Barry County,,MI,4600,75495,80095,11,9,20,3804,3136,6940,6,0.286024,0.299574,7.582988,0,0.001837,0.000822,52,0.000165,30,0.795455,0.011445
26017,Bay County,,MI,5989,138130,144119,18,21,39,3688,3851,7539,6,0.342675,0.364332,448.727811,0,0.003349,0.005075,52,0.000254,30,0.599567,0.021027
26019,Benzie County,,MI,1501,22363,23864,8,3,11,1132,740,1872,7,0.258128,0.267179,4.140073,0,0.002448,0.000064,52,0.00021,30,0.714286,0.015159
26021,Berrien County,,MI,10026,187499,197525,30,30,60,4939,5591,10530,6,0.361482,0.386772,742.224936,0,0.011799,0.012901,52,0.000341,30,0.533033,0.076994
26023,Branch County,,MI,3313,54728,58041,10,11,21,1807,1798,3605,6,0.310911,0.327444,122.519943,0,0.001629,0.00202,52,0.000149,30,0.551282,0.01019
26025,Calhoun County,,MI,8019,152304,160323,23,23,46,4862,4818,9680,6,0.343528,0.365741,300.012886,0,0.005251,0.005806,52,0.000269,30,0.56746,0.032021
26027,Cass County,,MI,3922,57772,61694,7,9,16,2863,2583,5446,6,0.329356,0.347234,2.41628,0,0.001725,0.001763,52,0.000114,30,0.833333,0.010339
26029,Charlevoix County,,MI,1977,25996,27973,9,6,15,1016,915,1931,6,0.302474,0.317552,0.625,0,0.002271,0.001073,52,0.000195,30,0.833333,0.014342
26031,Cheboygan County,,MI,1993,36547,38540,12,8,20,1264,852,2116,6,0.308528,0.323844,1314.949282,0,0.002745,0.001809,52,0.00026,30,0.606061,0.016898
26033,Chippewa County,,MI,2144,38498,40642,10,7,17,725,498,1223,6,0.308528,0.323729,2193.240155,0,0.002393,0.002031,52,0.000198,30,0.598485,0.01436
26035,Clare County,,MI,2590,40568,43158,17,16,33,1966,1542,3508,6,0.308791,0.325224,72.845089,0,0.003009,0.002399,52,0.000242,30,0.578947,0.018876
26037,Clinton County,,MI,7232,103204,110436,19,20,39,6540,5338,11878,6,0.303233,0.320485,155.703908,0,0.004637,0.002483,52,0.000233,30,0.648551,0.028957
26039,Crawford County,,MI,1363,18535,19898,7,4,11,795,375,1170,6,0.308265,0.322924,1.045238,0,0.002092,0.001273,52,0.000138,30,0.880952,0.012805
26041,Delta County,,MI,1771,45665,47436,7,4,11,563,392,955,7,0.262357,0.272847,3107.339665,0,0.000871,0.000108,27,0.000239,30,0.333333,0.005833
26043,Dickinson County,,MI,1520,32345,33865,7,7,14,613,587,1200,7,0.262429,0.273365,8877.990632,0,0.000574,0.000127,27,0.000296,30,0.357143,0.003993
26045,Eaton County,,MI,11375,125929,137304,24,24,48,9126,8556,17682,6,0.344795,0.366989,474.616645,0,0.005005,0.005897,52,0.000291,30,0.60114,0.03142
26047,Emmet County,,MI,2096,33062,35158,11,9,20,1256,1046,2302,6,0.302632,0.318156,26.035176,0,0.002544,0.001408,52,0.000226,30,0.685897,0.016147
26049,Genesee County,,MI,21786,523999,545785,65,78,143,16067,15316,31383,6,0.375535,0.407712,14721.377094,0,0.021333,0.027533,52,0.000886,30,0.301922,0.157463
26051,Gladwin County,,MI,1736,25387,27123,11,9,20,1460,988,2448,6,0.302221,0.317552,2.122319,0,0.002212,0.001275,52,0.000172,30,0.872727,0.014127
26053,Gogebic County,,MI,1054,17310,18364,2,3,5,140,238,378,7,0.251583,0.260093,2957.365803,0,0,0.000025,27,0.000181,96,0,0.000178
26055,Grand Traverse County,,MI,6154,100690,106844,27,28,55,4254,3745,7999,6,0.347732,0.370623,10100.137043,0,0.00476,0.007103,52,0.000583,30,0.369318,0.031095
26057,Gratiot County,,MI,3395,56861,60256,12,14,26,2086,2149,4235,6,0.302726,0.318933,24.003451,0,0.001635,0.001427,52,0.000186,30,0.697802,0.010659
26059,Hillsdale County,,MI,3087,54894,57981,11,15,26,2090,1976,4066,6,0.309947,0.32695,215.961824,0,0.002413,0.002589,52,0.000159,30,0.566667,0.014482
26061,Houghton County,,MI,2149,35237,37386,5,6,11,450,451,901,6,0.308791,0.323959,6874.34851,0,0.000856,0.001589,27,0.000177,30,0.339286,0.005402
26063,Huron County,,MI,1952,46916,48868,9,10,19,1045,1144,2189,6,0.308462,0.323959,1.199206,0,0.002191,0.001841,52,0.000132,30,0.888889,0.013392
26065,Ingham County,,MI,25059,269617,294676,55,71,126,16161,18815,34976,6,0.383943,0.415413,10809.729437,0,0.017695,0.031756,52,0.000659,30,0.384222,0.119844
26067,Ionia County,,MI,4075,65340,69415,12,12,24,3060,2943,6003,6,0.302695,0.318645,18.859881,0,0.000934,0.001392,52,0.000196,30,0.717949,0.006648
26069,Iosco County,,MI,2253,29842,32095,9,9,18,1303,880,2183,6,0.308429,0.323787,13.275421,0,0.002132,0.001807,52,0.000168,30,0.819444,0.013347
26071,Iron County,,MI,675,13916,14591,1,2,3,52,121,173,7,0.251519,0.259903,0,0,0.000001,0.000029,27,0.000087,30,1,0.00013
26073,Isabella County,,MI,4976,59778,64754,18,19,37,2955,2941,5896,6,0.309153,0.326173,64.223764,0,0.002953,0.002971,52,0.000254,30,0.671053,0.018897
26075,Jackson County,,MI,7678,181349,189027,19,20,39,5648,4595,10243,6,0.331959,0.352473,284.836348,0,0.006048,0.005714,52,0.000222,30,0.686147,0.03854
26077,Kalamazoo County,,MI,16236,265048,281284,46,47,93,10820,10321,21141,6,0.369549,0.39782,2970.568952,0,0.014727,0.020431,52,0.000507,30,0.440094,0.096135
26079,Kalkaska County,,MI,1098,13227,14325,3,2,5,537,402,939,7,0.258059,0.266892,0,0,0.000747,0.000065,52,0.000103,30,0.833333,0.004808
26081,Kent County,,MI,35041,675787,710828,109,113,222,24729,27457,52186,5,0.393216,0.429768,53076.880758,0,0.04026,0.046916,52,0.001483,30,0.322966,0.285417
26083,Keweenaw County,,MI,157,2169,2326,1,0,1,80,0,80,0,0,0,0,0,0.000013,0,27,0.000076,26,0,0.000136
26085,Lake County,,MI,1222,13612,14834,8,6,14,648,641,1289,6,0.282401,0.295296,5.401923,0,0.000471,0.000414,52,0.000224,30,0.553571,0.003988
26087,Lapeer County,,MI,6593,111618,118211,10,12,22,5557,4563,10120,6,0.334372,0.353778,97.553469,0,0.003216,0.003797,52,0.000141,30,0.796703,0.020236
26089,Leelanau County,,MI,1328,18459,19787,4,2,6,592,666,1258,7,0.258059,0.266892,0,0,0.001185,0.000059,52,0.000148,30,0.833333,0.007472
26091,Lenawee County,,MI,5477,110896,116373,11,15,26,3747,3182,6929,6,0.335261,0.355389,166.649647,0,0.003023,0.003823,52,0.000146,30,0.716667,0.017324
26093,Livingston County,,MI,12430,202701,215131,22,31,53,13639,8699,22338,6,0.351571,0.375713,1007.034044,0,0.007295,0.009505,52,0.000258,30,0.546237,0.047352
26095,Luce County,,MI,478,6606,7084,1,2,3,53,102,155,7,0.238695,0.245957,0,0,0.000007,0.000034,52,0.000073,30,1,0.000179
26097,Mackinac County,,MI,1206,14208,15414,5,5,10,361,421,782,6,0.302253,0.317006,3706.256052,0,0.001831,0.00086,52,0.000131,30,0.47619,0.011347
26099,Macomb County,,MI,44228,981930,1026158,74,109,183,40013,36533,76546,5,0.390356,0.42615,16777.591219,0,0.033005,0.043712,52,0.0009,30,0.348254,0.236479
26101,Manistee County,,MI,1513,28492,30005,9,6,15,883,640,1523,6,0.282484,0.295468,90.254598,0,0.001966,0.000426,52,0.000249,30,0.611111,0.012865
26103,Marquette County,,MI,3617,69620,73237,15,15,30,1054,1295,2349,6,0.335805,0.356223,23507.70371,0,0.003036,0.004129,27,0.000433,30,0.278947,0.01979
26105,Mason County,,MI,1655,32730,34385,8,6,14,888,604,1492,6,0.282401,0.295296,33.31731,0,0.001946,0.000473,52,0.000192,30,0.642857,0.012546
26107,Mecosta County,,MI,3656,46116,49772,19,16,35,2831,2229,5060,6,0.308856,0.325339,215.136517,0,0.003004,0.002349,52,0.000309,30,0.558442,0.019315
26109,Menominee County,,MI,1461,28249,29710,4,5,9,637,827,1464,7,0.262381,0.27302,4.85754,0,0.0001,0.00013,27,0.000174,30,0.75,0.00117
26111,Midland County,,MI,5802,90365,96167,20,17,37,3210,3234,6444,6,0.340301,0.361347,862.637393,0,0.006426,0.00512,52,0.000265,30,0.545455,0.042424
26113,Missaukee County,,MI,1164,16769,17933,7,5,12,660,536,1196,6,0.282511,0.295411,4.937436,0,0.001853,0.000416,52,0.000162,30,0.678571,0.011925
26115,Monroe County,,MI,9449,184602,194051,12,16,28,7529,6261,13790,6,0.347565,0.369278,76.381369,0,0.003069,0.006509,52,0.00015,30,0.735294,0.018202
26117,Montcalm County,,MI,4105,49813,53918,11,9,20,3452,3011,6463,6,0.28594,0.299402,15.535596,0,0.001523,0.000645,52,0.000184,30,0.636364,0.010072
26119,Montmorency County,,MI,839,10678,11517,5,5,10,403,312,715,6,0.302632,0.316557,9.640802,0,0.001802,0.000813,52,0.000113,30,0.714286,0.010954
26121,Muskegon County,,MI,7595,196882,204477,18,22,40,4709,4689,9398,6,0.343609,0.365683,1034.546908,0,0.004573,0.005557,52,0.000278,30,0.531667,0.029625
26123,Newaygo County,,MI,3362,52785,56147,9,7,16,2399,2179,4578,6,0.282429,0.295468,18.978224,0,0.001506,0.000494,52,0.00017,30,0.677778,0.009612
26125,Oakland County,,MI,92452,1412977,1505429,193,243,436,68076,81081,149157,5,0.432215,0.479543,124953.068586,0,0.0782,0.091447,52,0.00237,30,0.255,0.544886
26127,Oceana County,,MI,1405,22743,24148,6,5,11,1030,816,1846,6,0.282374,0.295123,11.808228,0,0.000762,0.000475,52,0.000147,30,0.766667,0.00609
26129,Ogemaw County,,MI,1418,21297,22715,10,10,20,958,727,1685,6,0.308462,0.323959,7.842527,0,0.002152,0.001828,52,0.000172,30,0.844444,0.013579
26131,Ontonagon County,,MI,462,8553,9015,1,2,3,53,108,161,7,0.236103,0.242908,2,0,0,0.000007,27,0.000102,96,0,0.000092
26133,Osceola County,,MI,1586,20360,21946,8,6,14,994,867,1861,6,0.282456,0.295411,14.213852,0,0.001188,0.000416,52,0.0002,30,0.589286,0.008144
26135,Oscoda County,,MI,556,6873,7429,2,3,5,103,127,230,6,0.301938,0.316345,3.564923,0,0.000751,0.000825,52,0.000078,30,0.666667,0.004644
26137,Otsego County,,MI,1658,25555,27213,9,10,19,844,685,1529,6,0.308593,0.324189,15.11726,0,0.002104,0.001876,52,0.000204,30,0.672727,0.013255
26139,Ottawa County,,MI,16400,274048,290448,33,34,67,11828,11928,23756,6,0.355278,0.380268,3574.067248,0,0.010029,0.010363,52,0.00045,30,0.469219,0.068081
26141,Presque Isle County,,MI,826,14140,14966,5,2,7,395,237,632,7,0.235917,0.242803,0.458333,0,0.001813,0.000039,52,0.000119,30,0.85,0.011055
26143,Roscommon County,,MI,1626,24047,25673,10,8,18,1100,624,1724,6,0.308396,0.323614,42.576723,0,0.00237,0.001778,52,0.000186,30,0.677778,0.014417
26145,Saginaw County,,MI,10083,241542,251625,31,35,66,5736,6519,12255,6,0.348904,0.373033,1610.956625,0,0.006067,0.007235,52,0.000398,30,0.426426,0.040634
26147,St. Clair County,,MI,9070,196330,205400,10,20,30,7078,5827,12905,6,0.345452,0.367506,122.195743,0,0.002994,0.006869,52,0.000142,30,0.7,0.018236
26149,St. Joseph County,,MI,4118,68319,72437,10,13,23,2032,2332,4364,6,0.330784,0.349735,236.731759,0,0.001789,0.002459,52,0.000147,30,0.621795,0.011058
26151,Sanilac County,,MI,2902,52006,54908,8,9,17,2112,1970,4082,6,0.308429,0.323787,0.392857,0,0.002122,0.001814,52,0.000121,30,0.944444,0.012922
26153,Schoolcraft County,,MI,424,9470,9894,0,1,1,0,72,72,8,0.207888,0.212999,0,0,0,0.000007,27,0.000051,97,0,0
26155,Shiawassee County,,MI,4254,71824,76078,9,12,21,2708,2701,5409,6,0.308856,0.32485,5.087429,0,0.002123,0.002499,52,0.000133,30,0.909091,0.012972
26157,Tuscola County,,MI,3553,59784,63337,9,11,20,2293,2281,4574,6,0.30856,0.324247,1.803401,0,0.002165,0.001989,52,0.000136,30,0.818182,0.013409
26159,Van Buren County,,MI,5061,68672,73733,12,10,22,3698,3383,7081,6,0.342108,0.362089,127.145933,0,0.002892,0.003136,52,0.000181,30,0.724359,0.019635
26161,Washtenaw County,,MI,30702,315627,346329,101,113,214,22692,23539,46231,5,0.400055,0.43591,10630.441204,0,0.048171,0.057685,52,0.001059,30,0.47149,0.321225
26163,Wayne County,,MI,95307,2109624,2204931,176,223,399,55437,83238,138675,5,0.433378,0.477876,94708.163015,0,0.073582,0.083365,52,0.002074,30,0.256317,0.509106
26165,Wexford County,,MI,2392,32692,35084,11,9,20,1356,1225,2581,6,0.302632,0.318156,110.414029,0,0.002477,0.001246,52,0.000248,30,0.606061,0.015753
27001,Aitkin County,,MN,941,16522,17463,9,6,15,799,473,1272,6,0.304924,0.319398,1.394444,0,0.001589,0.000992,113,0.000204,30,0.875,0.010615
27003,Anoka County,,MN,28045,371277,399322,42,57,99,25365,23273,48638,6,0.360717,0.388659,13856.37755,0,0.012424,0.012846,113,0.000766,30,0.264465,0.090462
27005,Becker County,,MN,1935,40282,42217,8,8,16,1199,908,2107,6,0.306213,0.321239,5946.179903,0,0.000903,0.000764,113,0.000283,30,0.444444,0.006684
27007,Beltrami County,,MN,2666,44297,46963,15,14,29,1418,1314,2732,6,0.306537,0.322504,5642.957203,0,0.001635,0.001373,113,0.000384,30,0.411765,0.011312
27009,Benton County,,MN,5157,52246,57403,19,11,30,4805,3861,8666,6,0.305213,0.320462,20.344624,0,0.001815,0.001386,113,0.000384,30,0.555556,0.013333
27011,Big Stone County,,MN,305,7243,7548,0,0,0,0,0,0,0,0,0,0,48,0,0,53,0.000051,98,0,0
27013,Blue Earth County,,MN,5253,61467,66720,22,17,39,3397,3326,6723,6,0.305664,0.321871,4850.876975,0,0.001828,0.00158,113,0.000448,30,0.343333,0.013678
27015,Brown County,,MN,1577,34043,35620,7,4,11,519,497,1016,6,0.304956,0.319197,637.05391,0,0.000971,0.00069,113,0.000175,30,0.428571,0.007762
27017,Carlton County,,MN,1906,38592,40498,7,7,14,1552,1075,2627,6,0.305117,0.31983,3.592929,0,0.001539,0.001297,113,0.000168,30,0.880952,0.009964
27019,Carver County,,MN,7017,92525,99542,17,14,31,6935,4569,11504,6,0.333871,0.353543,423.493679,0,0.00493,0.002612,113,0.000309,30,0.631579,0.034387
27021,Cass County,,MN,2831,37948,40779,15,11,26,2202,1537,3739,6,0.305278,0.320577,18.318315,0,0.001742,0.001277,113,0.000351,30,0.642857,0.012384
27023,Chippewa County,,MN,1016,18059,19075,5,5,10,343,359,702,6,0.305053,0.319485,6137.080424,0,0.000726,0.00067,113,0.00015,30,0.285714,0.00523
27025,Chisago County,,MN,3934,60294,64228,10,12,22,4443,2839,7282,6,0.33364,0.352996,86.514755,0,0.001649,0.002571,113,0.000209,30,0.704545,0.011099
27027,Clay County,,MN,4024,54113,58137,10,11,21,2508,2363,4871,6,0.306472,0.322044,1073.882841,0,0.00097,0.001223,113,0.000324,30,0.442857,0.00732
27029,Clearwater County,,MN,471,8356,8827,1,2,3,153,148,301,7,0.234979,0.24203,0,0,0.000011,0.000015,113,0.000074,30,1,0.000203
27031,Cook County,,MN,390,6015,6405,2,1,3,123,89,212,7,0.258266,0.267586,0,0,0.000745,0.000042,113,0.000084,30,1,0.005127
27033,Cottonwood County,,MN,763,14762,15525,3,1,4,139,92,231,1,1,1,0.5,0,0.000009,0,96,0.000783,1,0.166667,0.000356
27035,Crow Wing County,,MN,3407,56962,60369,19,13,32,2886,1984,4870,6,0.305278,0.320807,192.498572,0,0.002858,0.001463,113,0.00041,30,0.599415,0.021484
27037,Dakota County,,MN,36227,446387,482614,89,98,187,30443,29421,59864,6,0.395038,0.429175,53489.990183,0,0.028202,0.034583,113,0.001447,30,0.265774,0.199978
27039,Dodge County,,MN,1586,26042,27628,6,6,12,1171,895,2066,6,0.305117,0.319686,3.183333,0,0.000422,0.0008,113,0.000151,30,0.803571,0.003302
27041,Douglas County,,MN,2158,42568,44726,12,12,24,1379,1042,2421,6,0.306375,0.321986,887.99828,0,0.001556,0.001359,113,0.000287,30,0.495238,0.010575
27043,Faribault County,,MN,989,20308,21297,3,4,7,266,311,577,6,0.305021,0.319312,3.819048,0,0.000031,0.000688,113,0.000108,30,0.75,0.000531
27045,Fillmore County,,MN,1277,26509,27786,6,6,12,652,677,1329,7,0.266042,0.276485,3422.482327,0,0.000135,0.000119,113,0.000181,30,0.333333,0.001417
27047,Freeborn County,,MN,2088,38414,40502,6,11,17,604,888,1492,6,0.305471,0.320807,3049.683593,0,0.000822,0.001274,113,0.000156,30,0.454545,0.006043
27049,Goodhue County,,MN,2959,52267,55226,12,9,21,1875,1666,3541,6,0.305245,0.320232,37.093184,0,0.001753,0.001358,113,0.00024,30,0.636364,0.012166
27051,Grant County,,MN,495,8220,8715,3,2,5,218,171,389,7,0.250757,0.258957,0,0,0.000721,0.000026,113,0.000109,30,1,0.005082
27053,Hennepin County,,MN,101809,1269776,1371585,254,247,501,70268,90662,160930,5,0.438228,0.484806,377075.296297,0,0.080782,0.085043,113,0.003718,30,0.189332,0.556177
27055,Houston County,,MN,1264,24906,26170,4,6,10,611,644,1255,6,0.305438,0.320261,213.319104,0,0.000065,0.000811,27,0.000133,30,0.533333,0.000804
27057,Hubbard County,,MN,1169,15926,17095,7,4,11,518,390,908,6,0.305053,0.31937,5.820116,0,0.001217,0.000693,113,0.000187,30,0.619048,0.008076
27059,Isanti County,,MN,2960,39472,42432,11,11,22,3640,2094,5734,6,0.305085,0.320261,3.545635,0,0.001641,0.001193,113,0.000219,30,0.780303,0.011163
27061,Itasca County,,MN,2286,50232,52518,10,11,21,1165,1180,2345,6,0.333679,0.352939,418.764667,0,0.001645,0.002483,113,0.000232,30,0.719697,0.011048
27063,Jackson County,,MN,662,13029,13691,5,1,6,406,51,457,1,1,1,46.309153,0,0.000032,0,96,0.000813,1,0.05,0.000701
27065,Kanabec County,,MN,1182,17012,18194,8,7,15,945,703,1648,6,0.304956,0.319571,0.983333,0,0.001247,0.001054,113,0.000172,30,0.857143,0.008388
27067,Kandiyohi County,,MN,3225,51530,54755,12,17,29,1081,1671,2752,6,0.312318,0.329865,5399.581604,0,0.001494,0.001714,113,0.000276,30,0.373684,0.010905
27069,Kittson County,,MN,312,6068,6380,0,0,0,0,0,0,0,0,0,0,49,0,0,54,0.000051,99,0,0
27071,Koochiching County,,MN,875,16472,17347,3,5,8,155,264,419,6,0.305053,0.319485,0,0,0.000083,0.000957,113,0.000112,30,1,0.000833
27073,Lac qui Parle County,,MN,427,9059,9486,1,0,1,63,0,63,0,0,0,0,0,0.000005,0,113,0.000076,19,0,0.000136
27075,Lake County,,MN,700,14083,14783,3,1,4,346,217,563,7,0.258266,0.267586,0,0,0.00113,0.000042,113,0.000096,30,1,0.006981
27077,Lake of the Woods County,,MN,325,4594,4919,0,0,0,0,0,0,0,0,0,0,50,0,0,55,0.000051,100,0,0
27079,Le Sueur County,,MN,2372,34682,37054,9,9,18,1769,1353,3122,6,0.305213,0.320204,5.09359,0,0.001433,0.001217,113,0.000195,30,0.722222,0.009572
27081,Lincoln County,,MN,436,6930,7366,1,1,2,81,88,169,7,0.234979,0.241854,0,0,0.000011,0.000006,113,0.000067,30,0,0.000138
27083,Lyon County,,MN,2336,30500,32836,6,15,21,461,1186,1647,6,0.307122,0.323516,13040.720001,0,0.000699,0.001325,113,0.000284,30,0.304762,0.005209
27085,McLeod County,,MN,2821,44802,47623,12,15,27,1705,1658,3363,6,0.307578,0.323833,133.85625,0,0.001597,0.001655,113,0.000236,30,0.45,0.011158
27087,Mahnomen County,,MN,361,4720,5081,1,1,2,54,64,118,7,0.234447,0.240903,0,0,0.000006,0.000007,113,0.000081,30,0,0.000154
27089,Marshall County,,MN,918,12492,13410,4,4,8,495,498,993,7,0.255759,0.265226,8.177802,0,0.000064,0.00005,113,0.000155,30,0.666667,0.000793
27091,Martin County,,MN,1352,26485,27837,6,6,12,330,389,719,6,0.305149,0.319744,5157.643128,0,0.001097,0.000903,113,0.00016,30,0.303571,0.007056
27093,Meeker County,,MN,1527,27674,29201,6,7,13,968,896,1864,6,0.305117,0.31983,0.983105,0,0.001055,0.000989,113,0.000141,30,0.910714,0.007472
27095,Mille Lacs County,,MN,1756,23339,25095,11,12,23,1792,1232,3024,6,0.305117,0.320434,5.736544,0,0.001568,0.001152,113,0.000251,30,0.737179,0.010789
27097,Morrison County,,MN,1894,38511,40405,11,8,19,1383,1120,2503,6,0.304988,0.319744,1.776984,0,0.001569,0.000858,113,0.000257,30,0.840909,0.010878
27099,Mower County,,MN,2542,45068,47610,8,11,19,904,1236,2140,6,0.309748,0.325937,1422.701762,0,0.001097,0.001579,113,0.000193,30,0.454545,0.007887
27101,Murray County,,MN,565,11729,12294,2,2,4,165,152,317,7,0.237463,0.244942,4.45,0,0.000019,0.000015,113,0.000088,30,0,0.000298
27103,Nicollet County,,MN,3086,30008,33094,8,10,18,1880,2145,4025,6,0.305342,0.320491,10.46658,0,0.001033,0.001314,113,0.000203,30,0.6,0.007523
27105,Nobles County,,MN,1653,23948,25601,4,7,11,261,608,869,6,0.310611,0.326472,7932.332395,0,0.0012,0.001061,96,0.000177,30,0.25,0.008745
27107,Norman County,,MN,478,8941,9419,2,2,4,162,145,307,7,0.262429,0.271767,0,0,0.000077,0.00004,113,0.000106,30,1,0.000576
27109,Olmsted County,,MN,9515,153488,163003,37,34,71,5342,5309,10651,6,0.360179,0.385306,13737.503159,0,0.012245,0.011573,113,0.000621,30,0.371564,0.082925
27111,Otter Tail County,,MN,3187,63580,66767,15,13,28,1854,1554,3408,6,0.334295,0.353945,3403.027285,0,0.001632,0.00216,113,0.000389,30,0.441176,0.011313
27113,Pennington County,,MN,1014,15093,16107,7,6,13,678,500,1178,7,0.264464,0.27512,2782.419462,0,0.000357,0.000087,113,0.00024,30,0.464286,0.002828
27115,Pine County,,MN,1860,26983,28843,10,10,20,1586,1120,2706,6,0.305181,0.32029,4.023741,0,0.001657,0.001411,113,0.000207,30,0.811111,0.011076
27117,Pipestone County,,MN,718,10736,11454,2,3,5,111,192,303,7,0.267689,0.278133,33.674254,0,0.00012,0.000106,96,0.000093,30,0.5,0.00099
27119,Polk County,,MN,2216,33770,35986,9,8,17,949,985,1934,6,0.306699,0.321831,4530.066527,0,0.000146,0.000755,113,0.000314,30,0.388889,0.001737
27121,Pope County,,MN,782,12463,13245,4,4,8,330,332,662,6,0.30486,0.319053,2942,0,0.00074,0.000696,113,0.000122,30,0.75,0.005307
27123,Ramsey County,,MN,55556,554785,610341,101,119,220,36974,48180,85154,5,0.406965,0.442529,60339.580893,0,0.029715,0.047355,113,0.001639,30,0.283437,0.209822
27125,Red Lake County,,MN,286,4577,4863,2,2,4,114,112,226,7,0.234751,0.241397,0,0,0.000007,0.000004,113,0.000118,30,1,0.00024
27127,Redwood County,,MN,1204,20882,22086,5,6,11,357,482,839,6,0.305213,0.319887,64.878676,0,0.001103,0.000701,113,0.000147,30,0.52381,0.006957
27129,Renville County,,MN,1206,19938,21144,5,6,11,426,473,899,6,0.309219,0.324528,68.366996,0,0.000282,0.001,113,0.00013,30,0.5,0.002975
27131,Rice County,,MN,3655,58948,62603,12,12,24,2351,2084,4435,6,0.305374,0.320779,35.409765,0,0.001734,0.001419,113,0.000242,30,0.642857,0.012175
27133,Rock County,,MN,639,11845,12484,3,2,5,277,206,483,7,0.267738,0.277822,1.610834,0,0.000119,0.000109,96,0.000125,30,0.666667,0.001111
27135,Roseau County,,MN,985,20044,21029,2,5,7,119,253,372,6,0.305085,0.319542,604.206733,0,0.000693,0.000676,113,0.000096,30,0.65,0.004788
27137,St. Louis County,,MN,10079,218696,228775,29,30,59,5386,6032,11418,6,0.34815,0.372694,10827.272232,0,0.005181,0.006385,113,0.000721,30,0.34492,0.038228
27139,Scott County,,MN,8135,108186,116321,16,16,32,11095,5587,16682,6,0.333948,0.353888,690.241927,0,0.004393,0.002643,113,0.000294,30,0.544737,0.032053
27141,Sherburne County,,MN,6132,72548,78680,16,16,32,7946,4519,12465,6,0.305374,0.321325,15.411303,0,0.001766,0.001574,113,0.000338,30,0.630719,0.01302
27143,Sibley County,,MN,1013,14864,15877,6,8,14,521,598,1119,6,0.305149,0.320002,44.834633,0,0.00077,0.000756,113,0.000147,30,0.541667,0.005969
27145,Stearns County,,MN,10330,141113,151443,30,25,55,7153,7573,14726,6,0.344836,0.36711,2017.136925,0,0.003118,0.003753,113,0.000628,30,0.377016,0.024617
27147,Steele County,,MN,2728,39766,42494,10,10,20,1334,1422,2756,6,0.305374,0.320549,34.304025,0,0.001519,0.001286,113,0.000211,30,0.688889,0.010123
27149,Stevens County,,MN,770,9877,10647,1,4,5,50,191,241,6,0.30486,0.319053,0,0,0.000006,0.000702,113,0.000077,30,1,0.000135
27151,Swift County,,MN,672,11789,12461,2,2,4,173,123,296,7,0.238068,0.245535,0,0,0.000019,0.000018,113,0.00009,30,1,0.000329
27153,Todd County,,MN,1712,24488,26200,9,11,20,823,1109,1932,6,0.305117,0.320319,88.00337,0,0.000892,0.001041,113,0.000243,30,0.689394,0.007082
27155,Traverse County,,MN,249,4341,4590,0,0,0,0,0,0,0,0,0,0,51,0,0,56,0.000051,101,0,0
27157,Wabasha County,,MN,1452,25666,27118,5,6,11,762,804,1566,6,0.305213,0.31983,291.462084,0,0.001098,0.001012,113,0.000133,30,0.666667,0.007611
27159,Wadena County,,MN,852,12037,12889,4,6,10,309,407,716,6,0.304988,0.319513,2.855556,0,0.000137,0.000719,113,0.000137,30,0.619048,0.001376
27161,Waseca County,,MN,1460,21996,23456,8,8,16,708,759,1467,6,0.309318,0.324902,79.918865,0,0.001001,0.001251,113,0.000184,30,0.597222,0.008084
27163,Washington County,,MN,19533,231392,250925,39,40,79,16992,15191,32183,6,0.354799,0.380124,4191.300725,0,0.010885,0.011119,113,0.000676,30,0.34949,0.0765
27165,Watonwan County,,MN,876,13440,14316,2,4,6,165,295,460,7,0.234258,0.241627,44.922908,0,0.00002,0.000032,113,0.000096,30,0.333333,0.000387
27167,Wilkin County,,MN,622,8422,9044,4,3,7,349,316,665,7,0.262524,0.272141,1.861111,0,0.0001,0.000046,113,0.000151,30,0.833333,0.000877
27169,Winona County,,MN,3234,51474,54708,10,11,21,1095,1647,2742,6,0.332797,0.35149,2719.855969,0,0.001144,0.002256,113,0.000238,30,0.44697,0.008401
27171,Wright County,,MN,6855,102338,109193,19,20,39,8824,5118,13942,6,0.334063,0.354549,473.627791,0,0.002928,0.002749,113,0.000379,30,0.549407,0.022012
27173,Yellow Medicine County,,MN,659,10841,11500,2,1,3,141,87,228,7,0.234979,0.241854,2.666667,0,0.000016,0.000006,113,0.000092,30,0.5,0.000273
28001,Adams County,,MS,2132,34886,37018,4,11,15,483,978,1461,6,0.328646,0.347901,8315.842105,0,0.000142,0.002268,174,0.000134,30,0.372727,0.001173
28003,Alcorn County,,MS,2025,38162,40187,6,8,14,900,961,1861,6,0.30856,0.322401,2186.890105,0,0.000677,0.000701,143,0.000193,30,0.446429,0.005191
28005,Amite County,,MS,1180,15787,16967,5,5,10,558,586,1144,7,0.281168,0.293525,278.839738,0,0.000008,0.000215,143,0.000192,30,0.3,0.000561
28007,Attala County,,MS,1260,21220,22480,5,6,11,420,534,954,7,0.273422,0.284921,1771.900746,0,0.000191,0.000188,143,0.000195,30,0.428571,0.001648
28009,Benton County,,MS,750,8253,9003,5,6,11,465,568,1033,6,0.308232,0.321595,713.336888,0,0.000699,0.000685,143,0.000172,30,0.5,0.005251
28011,Bolivar County,,MS,2729,39980,42709,9,10,19,1010,1386,2396,6,0.332759,0.351323,288.27459,0,0.001986,0.001835,143,0.000168,30,0.572727,0.013509
28013,Calhoun County,,MS,1085,18344,19429,6,7,13,439,584,1023,7,0.238362,0.246426,81.199702,0,0.000029,0.000028,143,0.000186,30,0.333333,0.000848
28015,Carroll County,,MS,1166,13230,14396,3,5,8,561,670,1231,6,0.308396,0.321739,1405.129133,0,0.000013,0.00064,143,0.000135,30,0.45,0.000353
28017,Chickasaw County,,MS,1514,22803,24317,6,7,13,790,990,1780,7,0.250779,0.26076,51.645926,0,0.000015,0.000058,143,0.000184,30,0.547619,0.000771
28019,Choctaw County,,MS,501,7401,7902,4,2,6,257,132,389,7,0.239564,0.246783,70.132965,0,0.000017,0.000011,143,0.000184,30,0.333333,0.000487
28021,Claiborne County,,MS,603,10782,11385,3,3,6,238,291,529,7,0.271704,0.282627,1512.64685,0,0.000164,0.000109,143,0.000104,30,0.5,0.001105
28023,Clarke County,,MS,1673,27062,28735,5,4,9,895,894,1789,7,0.258266,0.267876,158.514013,0,0.00006,0.000054,143,0.000195,30,0.45,0.000911
28025,Clay County,,MS,1356,23461,24817,5,6,11,629,685,1314,7,0.27477,0.286865,100.07964,0,0.000072,0.000157,143,0.000145,30,0.633333,0.000913
28027,Coahoma County,,MS,1974,32856,34830,6,10,16,680,1055,1735,6,0.332606,0.351035,961.9812,0,0.000698,0.001781,143,0.000149,30,0.5,0.005149
28029,Copiah County,,MS,1846,33349,35195,4,6,10,846,1116,1962,7,0.273474,0.285036,4.630242,0,0.000197,0.000181,143,0.000157,30,0.633333,0.001531
28031,Covington County,,MS,1175,19890,21065,8,8,16,855,754,1609,7,0.277986,0.29115,1194.828846,0,0.00036,0.000321,143,0.000246,30,0.553571,0.003218
28033,DeSoto County,,MS,9697,135361,145058,33,20,53,10536,5654,16190,6,0.333218,0.354308,8974.610004,0,0.004949,0.003583,143,0.000649,30,0.203453,0.036355
28035,Forrest County,,MS,7965,84932,92897,27,25,52,4454,4370,8824,6,0.332035,0.353543,21879.675074,0,0.002693,0.003664,143,0.000602,30,0.265121,0.020626
28037,Franklin County,,MS,437,7551,7988,2,3,5,108,165,273,7,0.247544,0.255855,5.884524,0,0.00002,0.000003,143,0.000094,30,0.5,0.000204
28039,George County,,MS,1412,23208,24620,4,5,9,983,627,1610,7,0.285405,0.298491,3094.243104,0,0.000644,0.000613,143,0.000105,30,0.65,0.004609
28041,Greene County,,MS,628,9019,9647,2,4,6,157,347,504,7,0.249441,0.258466,3.142857,0,0.000005,0.000028,143,0.000101,30,0.333333,0.000224
28043,Grenada County,,MS,1489,25167,26656,7,9,16,642,627,1269,6,0.309483,0.323729,5378.172965,0,0.000164,0.000739,143,0.000215,30,0.354545,0.001572
28045,Hancock County,,MS,3556,45726,49282,8,7,15,2382,1913,4295,6,0.29329,0.306579,4.000044,0,0.001324,0.001159,143,0.000154,30,0.839286,0.009028
28047,Harrison County,,MS,20315,191390,211705,74,83,157,10280,11982,22262,6,0.380165,0.413469,40136.289928,0,0.031164,0.03272,143,0.001051,30,0.368925,0.227982
28049,Hinds County,,MS,17207,259675,276882,52,55,107,10526,12504,23030,6,0.372733,0.402174,86971.062229,0,0.013038,0.017202,143,0.000946,30,0.257809,0.093816
28051,Holmes County,,MS,1236,19095,20331,7,6,13,551,645,1196,6,0.309384,0.323096,641.840664,0,0.001208,0.000775,143,0.000183,30,0.430556,0.008378
28053,Humphreys County,,MS,868,12200,13068,3,5,8,139,339,478,7,0.271781,0.283001,5.130271,0,0.000155,0.000155,143,0.000108,30,0.55,0.0012
28055,Issaquena County,,MS,140,1490,1630,0,0,0,0,0,0,0,0,0,0,52,0,0,57,0.000051,102,0,0
28057,Itawamba County,,MS,1787,29210,30997,7,7,14,1290,1175,2465,7,0.237716,0.245644,65.877921,0,0.000015,0.000023,143,0.000214,30,0.47619,0.000909
28059,Jackson County,,MS,11243,134413,145656,31,34,65,5785,6153,11938,6,0.359108,0.384794,5240.377228,0,0.013719,0.014788,143,0.000465,30,0.580297,0.099848
28061,Jasper County,,MS,1129,17789,18918,5,4,9,525,582,1107,7,0.249441,0.258466,123.227747,0,0.00006,0.000026,143,0.000182,30,0.466667,0.000912
28063,Jefferson County,,MS,329,7189,7518,2,3,5,104,192,296,7,0.250432,0.259058,2.453735,0,0.000019,0.000005,143,0.000091,30,0.5,0.000204
28065,Jefferson Davis County,,MS,858,13851,14709,4,6,10,275,479,754,7,0.249505,0.258868,8.655585,0,0.000036,0.000035,143,0.000149,30,0.5,0.000647
28067,Jones County,,MS,3381,61238,64619,10,13,23,1747,1805,3552,7,0.283839,0.298281,3498.854315,0,0.000424,0.000588,143,0.000341,30,0.378205,0.003889
28069,Kemper County,,MS,730,12332,13062,2,3,5,319,398,717,7,0.258174,0.267531,54.469412,0,0.000055,0.000052,143,0.000096,30,0.666667,0.000586
28071,Lafayette County,,MS,3387,33181,36568,14,13,27,1400,1355,2755,6,0.311881,0.3273,5603.621786,0,0.00123,0.001121,143,0.000338,30,0.37619,0.009481
28073,Lamar County,,MS,2823,33610,36433,10,8,18,1981,1433,3414,7,0.278092,0.29138,175.988214,0,0.000692,0.000364,143,0.000243,30,0.436364,0.005453
28075,Lauderdale County,,MS,5294,76014,81308,23,25,48,2417,2621,5038,6,0.34769,0.370991,23118.559414,0,0.006101,0.006532,143,0.000444,30,0.319355,0.044858
28077,Lawrence County,,MS,958,17423,18381,7,6,13,454,431,885,7,0.271857,0.283346,1014.035586,0,0.000149,0.000115,143,0.000223,30,0.410714,0.001564
28079,Leake County,,MS,1281,22281,23562,6,8,14,718,759,1477,7,0.27381,0.285773,216.403216,0,0.000248,0.000183,143,0.000185,30,0.535714,0.002009
28081,Lee County,,MS,5758,90407,96165,19,19,38,3328,3300,6628,6,0.310711,0.326651,20253.991331,0,0.001924,0.000902,143,0.000464,30,0.294737,0.014472
28083,Leflore County,,MS,2428,34004,36432,7,11,18,880,1311,2191,6,0.309814,0.324419,2956.698909,0,0.000845,0.000869,143,0.000168,30,0.463636,0.006126
28085,Lincoln County,,MS,1823,33073,34896,9,7,16,1088,829,1917,7,0.273965,0.285974,644.036182,0,0.00025,0.000169,143,0.000256,30,0.416667,0.002236
28087,Lowndes County,,MS,5227,60543,65770,13,19,32,1757,1911,3668,6,0.346941,0.368772,16121.479262,0,0.002844,0.005399,143,0.000312,30,0.355263,0.022135
28089,Madison County,,MS,7834,79327,87161,28,21,49,5889,4889,10778,6,0.334719,0.357137,5832.115207,0,0.004392,0.005313,143,0.000514,30,0.333333,0.031099
28091,Marion County,,MS,1577,29983,31560,6,8,14,565,805,1370,7,0.276053,0.28897,1526.458532,0,0.000182,0.000297,143,0.000185,30,0.375,0.001688
28093,Marshall County,,MS,1947,27401,29348,5,6,11,1265,1384,2649,6,0.308265,0.321653,141.580834,0,0.00071,0.000685,143,0.000158,30,0.547619,0.005358
28095,Monroe County,,MS,2520,42126,44646,8,9,17,1192,1409,2601,6,0.30912,0.323223,2120.780454,0,0.000069,0.000674,143,0.000212,30,0.472222,0.001219
28097,Montgomery County,,MS,787,12292,13079,3,2,5,211,222,433,7,0.236417,0.242728,5.47619,0,0.000011,0.000001,143,0.00012,30,0.333333,0.0003
28099,Neshoba County,,MS,1436,28893,30329,8,7,15,865,699,1564,7,0.273448,0.28541,1598.617468,0,0.000259,0.000162,143,0.00025,30,0.517857,0.002286
28101,Newton County,,MS,1414,23816,25230,5,7,12,636,771,1407,7,0.275135,0.287245,38.847142,0,0.000118,0.000195,143,0.000156,30,0.553571,0.001212
28103,Noxubee County,,MS,755,13164,13919,1,1,2,86,218,304,7,0.2576,0.266036,0,0,0.000044,0.000023,143,0.000065,30,0,0.000277
28105,Oktibbeha County,,MS,3828,34896,38724,12,16,28,1080,1485,2565,6,0.314897,0.331867,15225.551158,0,0.001386,0.001834,143,0.000321,30,0.341912,0.00976
28107,Panola County,,MS,2191,39120,41311,9,8,17,1434,1276,2710,6,0.308429,0.322142,1565.787285,0,0.000739,0.00069,143,0.00025,30,0.513889,0.005803
28109,Pearl River County,,MS,2784,48323,51107,10,10,20,1920,1382,3302,6,0.293379,0.307097,44.591122,0,0.001228,0.001185,143,0.000197,30,0.6,0.008577
28111,Perry County,,MS,819,13419,14238,3,3,6,445,463,908,7,0.249462,0.258408,79.618155,0,0.000035,0.000025,143,0.000115,30,0.5,0.000523
28113,Pike County,,MS,2339,36130,38469,10,9,19,1102,1169,2271,7,0.283978,0.297971,4825.392222,0,0.000506,0.00039,143,0.000289,30,0.336364,0.003846
28115,Pontotoc County,,MS,1777,22666,24443,7,8,15,1245,1110,2355,7,0.250801,0.260933,76.566099,0,0.000023,0.000068,143,0.000221,30,0.535714,0.000961
28117,Prentiss County,,MS,1148,20602,21750,5,5,10,726,685,1411,7,0.237405,0.244885,4.698266,0,0.000019,0.000032,143,0.000169,30,0.7,0.000756
28119,Quitman County,,MS,724,9098,9822,4,5,9,318,401,719,6,0.308232,0.321452,0.90202,0,0.000031,0.000646,143,0.000131,30,0.85,0.000562
28121,Rankin County,,MS,10030,126865,136895,36,32,68,8588,6306,14894,6,0.353587,0.378318,20060.878194,0,0.004196,0.00664,143,0.000748,30,0.22833,0.031239
28123,Scott County,,MS,1896,25942,27838,6,7,13,773,1062,1835,6,0.305599,0.321095,728.211248,0,0.000252,0.000943,143,0.000169,30,0.464286,0.002096
28125,Sharkey County,,MS,383,6402,6785,2,0,2,104,0,104,0,0,0,0,0,0.000066,0,143,0.000073,9,0.5,0.000371
28127,Simpson County,,MS,1502,21298,22800,8,5,13,1049,872,1921,7,0.273474,0.284893,527.885435,0,0.00023,0.000145,143,0.000241,30,0.464286,0.002131
28129,Smith County,,MS,931,15818,16749,5,5,10,417,580,997,7,0.261552,0.271681,28.754453,0,0.000016,0.000043,143,0.000199,30,0.433333,0.0006
28131,Stone County,,MS,757,8206,8963,3,3,6,372,354,726,7,0.275737,0.287734,0.166667,0,0.000417,0.000281,143,0.000094,30,0.833333,0.00311
28133,Sunflower County,,MS,2111,29577,31688,7,8,15,788,1061,1849,6,0.324161,0.341707,634.192103,0,0.00178,0.001693,143,0.000139,30,0.566667,0.012199
28135,Tallahatchie County,,MS,1000,16128,17128,6,10,16,342,679,1021,6,0.308593,0.322659,1649.914158,0,0.000697,0.000714,143,0.000157,30,0.433333,0.005081
28137,Tate County,,MS,2045,25831,27876,5,4,9,1421,1332,2753,6,0.308167,0.32125,0.805556,0,0.000704,0.000675,143,0.000167,30,0.8,0.005292
28139,Tippah County,,MS,1154,22376,23530,6,7,13,626,634,1260,6,0.308429,0.322055,1935.742182,0,0.000678,0.00066,143,0.000193,30,0.452381,0.00516
28141,Tishomingo County,,MS,927,18840,19767,7,6,13,542,519,1061,7,0.23905,0.247168,1947.899423,0,0.000678,0.000024,143,0.000196,30,0.428571,0.005252
28143,Tunica County,,MS,1039,11007,12046,7,6,13,811,656,1467,6,0.308232,0.321595,754.654234,0,0.000727,0.00068,143,0.000196,30,0.619048,0.005512
28145,Union County,,MS,1678,25497,27175,7,5,12,1052,934,1986,7,0.238205,0.245793,28.840212,0,0.000063,0.000037,143,0.000215,30,0.547619,0.001365
28147,Walthall County,,MS,718,10312,11030,3,3,6,250,285,535,8,0.223749,0.230993,0.992063,0,0.000007,0.000007,143,0.000129,30,0.666667,0.00036
28149,Warren County,,MS,3311,56789,60100,8,13,21,928,1301,2229,6,0.333065,0.352968,9081.116863,0,0.000299,0.002984,143,0.000199,30,0.358333,0.002302
28151,Washington County,,MS,4128,64473,68601,9,16,25,829,1806,2635,6,0.349199,0.37113,5246.952804,0,0.002773,0.005104,143,0.000179,30,0.401961,0.019331
28153,Wayne County,,MS,849,19520,20369,5,3,8,309,257,566,7,0.249419,0.258293,18.821868,0,0.000012,0.000026,143,0.000172,30,0.2,0.000543
28155,Webster County,,MS,742,12820,13562,2,3,5,217,235,452,7,0.239643,0.24707,143.605104,0,0.000015,0.000012,143,0.00009,30,0.166667,0.000289
28157,Wilkinson County,,MS,420,8563,8983,2,3,5,123,184,307,7,0.280896,0.292806,694.118445,0,0.0003,0.000208,143,0.000095,30,0.5,0.00175
28159,Winston County,,MS,1009,19944,20953,5,3,8,365,264,629,8,0.216075,0.222314,11.548412,0,0.000018,0.000004,143,0.000223,30,0.3,0.000612
28161,Yalobusha County,,MS,1027,14591,15618,5,5,10,497,535,1032,6,0.308462,0.321854,554.842238,0,0.000027,0.00064,143,0.000156,30,0.566667,0.000688
28163,Yazoo County,,MS,1416,26683,28099,6,5,11,603,639,1242,7,0.27337,0.284691,10.769765,0,0.000269,0.000187,143,0.000163,30,0.6,0.00205
29001,Adair County,,MO,2025,22635,24660,8,8,16,567,632,1199,6,0.334758,0.353485,14747.401166,0,0.001343,0.002306,59,0.000313,30,0.305556,0.009693
29003,Andrew County,,MO,1953,21421,23374,4,5,9,1448,1250,2698,7,0.271196,0.282026,313.539423,0,0.000024,0.000209,59,0.000176,30,0.533333,0.000512
29005,Atchison County,,MO,451,6855,7306,1,0,1,47,0,47,0,0,0,0,0,0,0,59,0.000073,18,0,0.00009
29007,Audrain County,,MO,1766,29627,31393,8,5,13,764,728,1492,7,0.27621,0.287929,678.468013,0,0.000837,0.000365,59,0.000249,30,0.472222,0.006125
29009,Barry County,,MO,3028,37854,40882,10,11,21,1574,1743,3317,7,0.280298,0.293272,93.328554,0,0.000494,0.000644,59,0.000304,30,0.536364,0.005669
29011,Barton County,,MO,1120,16528,17648,5,5,10,692,518,1210,7,0.25524,0.264696,14.599393,0,0.000061,0.000087,59,0.000168,30,0.4,0.001156
29013,Bates County,,MO,1263,19758,21021,6,4,10,769,551,1320,6,0.298917,0.3116,19.312378,0,0.000935,0.000946,59,0.000165,30,0.566667,0.007406
29015,Benton County,,MO,1402,17514,18916,9,5,14,872,581,1453,7,0.291373,0.30396,6.919353,0,0.001208,0.00058,59,0.000197,30,0.75,0.009581
29017,Bollinger County,,MO,825,13086,13911,4,4,8,474,423,897,7,0.241118,0.24875,1.781746,0,0.000028,0.000028,59,0.000168,30,0.666667,0.000617
29019,Boone County,,MO,11465,139929,151394,46,45,91,6283,6052,12335,6,0.369596,0.396682,41436.917563,0,0.012245,0.013511,59,0.000946,30,0.282268,0.087324
29021,Buchanan County,,MO,6088,91686,97774,17,16,33,3065,3568,6633,6,0.304764,0.320623,30315.496143,0,0.001525,0.001799,59,0.000503,30,0.283626,0.012589
29023,Butler County,,MO,2808,43130,45938,14,11,25,1599,1256,2855,6,0.306213,0.32125,16862.597587,0,0.001329,0.000879,59,0.000502,30,0.304762,0.01022
29025,Caldwell County,,MO,884,11095,11979,6,6,12,535,559,1094,7,0.291227,0.303874,607.663583,0,0.000565,0.000552,59,0.000208,30,0.6,0.004561
29027,Callaway County,,MO,3090,43365,46455,11,9,20,2144,1827,3971,6,0.306569,0.3214,1737.138731,0,0.001463,0.001209,59,0.000309,30,0.477273,0.010868
29029,Camden County,,MO,3781,39426,43207,19,15,34,2199,1816,4015,6,0.313297,0.329739,822.05024,0,0.004281,0.003014,59,0.000393,30,0.471053,0.032088
29031,Cape Girardeau County,,MO,4995,75472,80467,16,17,33,2471,2479,4950,6,0.31745,0.334696,18119.522396,0,0.001287,0.002057,59,0.000451,30,0.277778,0.010453
29033,Carroll County,,MO,687,11568,12255,4,6,10,259,315,574,7,0.291432,0.304092,5.917899,0,0.000561,0.000548,59,0.000125,30,0.633333,0.004257
29035,Carter County,,MO,420,6220,6640,1,1,2,108,93,201,7,0.234447,0.240857,0,0,0.000007,0.000011,59,0.00009,30,0,0.00019
29037,Cass County,,MO,7417,97932,105349,13,14,27,6691,4981,11672,6,0.335106,0.354739,277.559481,0,0.002437,0.00283,59,0.000277,30,0.455882,0.017268
29039,Cedar County,,MO,1193,13942,15135,5,6,11,443,579,1022,7,0.292284,0.305599,178.41078,0,0.000192,0.000653,59,0.000196,30,0.52381,0.001806
29041,Chariton County,,MO,506,9893,10399,2,3,5,143,157,300,7,0.270008,0.280192,4.713504,0,0.000008,0.000105,59,0.000119,30,0.333333,0.00024
29043,Christian County,,MO,7215,70013,77228,21,17,38,6459,4766,11225,6,0.337291,0.357804,3765.341771,0,0.00442,0.003177,59,0.000496,30,0.373188,0.03263
29045,Clark County,,MO,419,8743,9162,1,1,2,114,93,207,8,0.223888,0.229893,0,0,0.000003,0.000001,27,0.000068,30,0,0.000105
29047,Clay County,,MO,19216,227373,246589,47,46,93,15670,13855,29525,6,0.368702,0.395738,20499.762711,0,0.014276,0.015285,59,0.000887,30,0.332393,0.103123
29049,Clinton County,,MO,1967,20251,22218,8,9,17,1435,1266,2701,6,0.299257,0.312779,3513.01007,0,0.001099,0.001144,59,0.000246,30,0.541667,0.008929
29051,Cole County,,MO,5589,81193,86782,20,21,41,3144,3392,6536,6,0.345989,0.367874,11778.938611,0,0.003535,0.004722,59,0.000451,30,0.398551,0.026153
29053,Cooper County,,MO,1233,17457,18690,6,7,13,702,696,1398,7,0.292491,0.305749,370.21985,0,0.000549,0.000555,59,0.000191,30,0.553571,0.00444
29055,Crawford County,,MO,1609,26025,27634,8,7,15,1249,856,2105,6,0.304316,0.318099,1075.473628,0,0.001003,0.000966,59,0.000183,30,0.533333,0.007214
29057,Dade County,,MO,729,8907,9636,3,4,7,294,331,625,7,0.273732,0.285063,54.863059,0,0.000218,0.000164,59,0.000118,30,0.5,0.002045
29059,Dallas County,,MO,1284,16607,17891,5,4,9,736,636,1372,7,0.273654,0.284919,1.95,0,0.000215,0.000169,59,0.000188,30,0.666667,0.002048
29061,Daviess County,,MO,755,9722,10477,6,5,11,436,333,769,7,0.233955,0.241512,1660.499434,0,0.000557,0.00003,59,0.000246,30,0.47619,0.00452
29063,DeKalb County,,MO,689,7844,8533,3,4,7,310,357,667,7,0.233729,0.241012,2.235714,0,0.000026,0.000022,59,0.000131,30,0.583333,0.000482
29065,Dent County,,MO,967,13961,14928,3,2,5,214,211,425,7,0.23723,0.24439,1.053211,0,0.000031,0.000014,59,0.000114,30,0.666667,0.000476
29067,Douglas County,,MO,973,14423,15396,5,6,11,400,549,949,7,0.273861,0.285552,118.069529,0,0.00021,0.000227,59,0.000163,30,0.517857,0.001999
29069,Dunklin County,,MO,2161,32945,35106,8,9,17,1003,1139,2142,7,0.251018,0.261691,365.745353,0,0.000044,0.000048,59,0.000263,30,0.402778,0.001137
29071,Franklin County,,MO,5788,113562,119350,13,17,30,4372,3803,8175,6,0.308692,0.325236,150.749737,0,0.00159,0.00217,59,0.000288,30,0.529412,0.012138
29073,Gasconade County,,MO,1189,17885,19074,7,8,15,673,646,1319,6,0.30438,0.318329,668.840185,0,0.000936,0.000714,59,0.000176,30,0.5,0.007074
29075,Gentry County,,MO,583,8183,8766,3,4,7,163,238,401,7,0.233691,0.240897,1370.225992,0,0.000015,0.000016,59,0.000166,30,0.5,0.000427
29077,Greene County,,MO,20817,259421,280238,72,70,142,13850,13950,27800,6,0.376559,0.407488,82068.879708,0,0.019242,0.022059,59,0.00148,30,0.275345,0.142272
29079,Grundy County,,MO,902,10879,11781,4,3,7,208,201,409,8,0.226353,0.232879,2927.501522,0,0.000129,0.000012,59,0.000181,30,0.1,0.001302
29081,Harrison County,,MO,580,9051,9631,3,2,5,186,97,283,8,0.18966,0.193813,598.879325,0,0.000419,0.000005,59,0.000142,30,0.166667,0.003265
29083,Henry County,,MO,1861,24859,26720,8,10,18,1015,1142,2157,6,0.300467,0.314441,39.232806,0,0.001102,0.001273,59,0.0002,30,0.633333,0.0087
29085,Hickory County,,MO,691,8557,9248,4,2,6,270,154,424,7,0.273603,0.284574,0,0,0.000601,0.000162,59,0.000174,30,0.75,0.004592
29087,Holt County,,MO,447,6452,6899,1,3,4,61,170,231,7,0.233653,0.240667,2943,0,0.000015,0.000013,59,0.000077,30,0.333333,0.000214
29089,Howard County,,MO,935,10964,11899,3,3,6,423,484,907,7,0.269983,0.280134,1.688034,0,0.000119,0.000105,59,0.000123,30,0.666667,0.001077
29091,Howell County,,MO,2771,42781,45552,9,9,18,1005,1060,2065,7,0.277055,0.289779,11530.49449,0,0.000875,0.000309,59,0.000279,30,0.257576,0.006473
29093,Iron County,,MO,951,11237,12188,3,5,8,296,471,767,6,0.304188,0.317639,427.569434,0,0.00027,0.000666,59,0.000102,30,0.547619,0.002136
29095,Jackson County,,MO,46257,718068,764325,134,127,261,33037,36945,69982,6,0.410423,0.447096,133178.207368,0,0.05077,0.051343,59,0.002164,30,0.29242,0.362825
29097,Jasper County,,MO,8297,115340,123637,31,26,57,5042,4569,9611,6,0.341866,0.364044,15692.84662,0,0.008786,0.004594,59,0.000632,30,0.349798,0.06472
29099,Jefferson County,,MO,14057,238651,252708,26,25,51,12820,10449,23269,6,0.336742,0.358161,8534.63246,0,0.005838,0.003338,59,0.000598,30,0.339947,0.044297
29101,Johnson County,,MO,6026,48945,54971,17,19,36,2614,2788,5402,6,0.328014,0.346722,861.984333,0,0.003866,0.00466,59,0.000316,30,0.365613,0.029407
29103,Knox County,,MO,357,5055,5412,2,2,4,91,103,194,7,0.25104,0.258882,15.385499,0,0.000019,0.000011,59,0.000126,30,0,0.00027
29105,Laclede County,,MO,2500,35579,38079,7,9,16,908,1111,2019,7,0.294273,0.308066,134.553311,0,0.000292,0.000755,59,0.000216,30,0.444444,0.002894
29107,Lafayette County,,MO,2364,34742,37106,7,8,15,1597,1464,3061,6,0.300435,0.313958,20.001117,0,0.000631,0.001185,59,0.000178,30,0.633333,0.00498
29109,Lawrence County,,MO,2760,35046,37806,7,6,13,1805,1621,3426,7,0.273939,0.285753,6.782786,0,0.000256,0.000289,59,0.000217,30,0.642857,0.002925
29111,Lewis County,,MO,706,10654,11360,3,3,6,302,351,653,7,0.255984,0.264584,68.822663,0,0.00004,0.000027,59,0.00015,30,0.333333,0.000478
29113,Lincoln County,,MO,2954,47401,50355,8,8,16,3379,1922,5301,6,0.304444,0.318415,15.261464,0,0.001274,0.001254,59,0.000188,30,0.680556,0.009519
29115,Linn County,,MO,973,16293,17266,6,5,11,327,312,639,7,0.291549,0.304334,2993.585119,0,0.000549,0.000431,59,0.000222,30,0.214286,0.00444
29117,Livingston County,,MO,1076,15436,16512,5,6,11,364,391,755,7,0.291315,0.304018,5482.988827,0,0.000431,0.000544,59,0.000201,30,0.466667,0.003532
29119,McDonald County,,MO,2073,20378,22451,7,8,15,1010,1305,2315,7,0.284146,0.297781,119.302723,0,0.000534,0.000722,59,0.000196,30,0.625,0.006023
29121,Macon County,,MO,1102,17965,19067,5,5,10,408,448,856,7,0.270235,0.280882,3214.739623,0,0.000137,0.000116,59,0.000194,30,0.2,0.00134
29123,Madison County,,MO,864,12777,13641,4,2,6,417,284,701,7,0.251978,0.260475,0.25,0,0.000732,0.000057,59,0.00012,30,0.833333,0.005213
29125,Maries County,,MO,646,8575,9221,4,4,8,258,311,569,7,0.257303,0.26643,47.002196,0,0.000145,0.000048,59,0.00012,30,0.6,0.001441
29127,Marion County,,MO,2089,32334,34423,8,9,17,882,1039,1921,6,0.305085,0.31941,7590.2606,0,0.000922,0.001021,59,0.000271,30,0.288889,0.007026
29129,Mercer County,,MO,364,3820,4184,0,1,1,0,51,51,9,0.184626,0.188182,0,0,0,0.000001,59,0.000051,103,0,0
29131,Miller County,,MO,1729,24286,26015,7,8,15,1046,994,2040,6,0.306829,0.321498,36.367474,0,0.001264,0.001086,59,0.000189,30,0.736111,0.009335
29133,Mississippi County,,MO,884,13866,14750,3,3,6,347,413,760,7,0.241078,0.24852,0,0,0.000022,0.000016,59,0.000125,30,1,0.000436
29135,Moniteau County,,MO,970,15303,16273,4,5,9,489,449,938,7,0.258496,0.267908,3.455519,0,0.000057,0.000066,59,0.000151,30,0.55,0.000844
29137,Monroe County,,MO,680,11144,11824,4,3,7,283,245,528,7,0.27026,0.280554,231.006857,0,0.000123,0.000108,59,0.000149,30,0.333333,0.001188
29139,Montgomery County,,MO,1006,13430,14436,5,7,12,435,602,1037,6,0.30486,0.318806,8.400959,0,0.000911,0.001022,59,0.000152,30,0.553571,0.006794
29141,Morgan County,,MO,1643,19468,21111,9,6,15,876,671,1547,7,0.291461,0.304248,748.723883,0,0.001779,0.00047,59,0.000213,30,0.644444,0.013112
29143,New Madrid County,,MO,1566,19970,21536,6,7,13,605,935,1540,7,0.241581,0.250021,67.938743,0,0.000028,0.000034,59,0.00021,30,0.547619,0.00078
29145,Newton County,,MO,4007,48460,52467,9,10,19,2480,2449,4929,7,0.280379,0.29333,203.671956,0,0.000353,0.000581,59,0.000251,30,0.577778,0.004301
29147,Nodaway County,,MO,1408,20335,21743,7,6,13,391,485,876,6,0.299164,0.312261,6806.055455,0,0.000021,0.00113,59,0.000248,30,0.281818,0.000789
29149,Oregon County,,MO,735,9160,9895,2,2,4,198,277,475,8,0.217421,0.223751,9.28786,0,0.000003,0.000007,59,0.000107,30,0.5,0.000254
29151,Osage County,,MO,675,14519,15194,4,2,6,375,323,698,7,0.257143,0.265797,1.10119,0,0.000055,0.000041,59,0.000142,30,0.583333,0.000768
29153,Ozark County,,MO,658,8937,9595,2,4,6,127,315,442,7,0.245364,0.253781,6.150648,0,0.000009,0.000045,59,0.000099,30,0.25,0.000347
29155,Pemiscot County,,MO,1358,19789,21147,4,7,11,527,664,1191,6,0.309781,0.323787,879.474579,0,0.000018,0.000659,59,0.000145,30,0.452381,0.000525
29157,Perry County,,MO,999,20456,21455,7,5,12,553,490,1043,6,0.304348,0.317869,1141.022383,0,0.000758,0.000708,59,0.00021,30,0.52381,0.005697
29159,Pettis County,,MO,3242,43823,47065,12,15,27,1390,1637,3027,6,0.305535,0.321756,598.578264,0,0.000832,0.001927,59,0.000297,30,0.422794,0.006886
29161,Phelps County,,MO,3584,41416,45000,15,16,31,1681,1588,3269,6,0.310578,0.326921,5308.319102,0,0.001375,0.002474,59,0.000349,30,0.401961,0.011103
29163,Pike County,,MO,1191,18189,19380,6,7,13,489,551,1040,6,0.304412,0.318214,2278.164503,0,0.000904,0.000912,59,0.000192,30,0.380952,0.006835
29165,Platte County,,MO,10940,83289,94229,28,19,47,8597,7581,16178,6,0.350508,0.373482,4003.766313,0,0.009852,0.007694,59,0.000514,30,0.47957,0.072203
29167,Polk County,,MO,2139,24211,26350,8,5,13,1215,1027,2242,7,0.273706,0.285149,56.47413,0,0.000635,0.000201,59,0.000298,30,0.410714,0.005281
29169,Pulaski County,,MO,8122,35877,43999,35,30,65,3330,3209,6539,6,0.348736,0.37236,6899.542275,0,0.011961,0.009919,59,0.000479,30,0.502845,0.083014
29171,Putnam County,,MO,368,5667,6035,0,0,0,0,0,0,0,0,0,0,53,0,0,58,0.000051,104,0,0
29173,Ralls County,,MO,666,10225,10891,2,2,4,406,328,734,7,0.233898,0.240327,0,0,0.000016,0.000014,59,0.0001,30,0.833333,0.000302
29175,Randolph County,,MO,1657,22498,24155,6,7,13,609,753,1362,7,0.292225,0.305415,587.524498,0,0.000117,0.000523,59,0.000255,30,0.261905,0.001387
29177,Ray County,,MO,1551,21327,22878,7,5,12,1115,949,2064,6,0.298917,0.311715,14.770463,0,0.000633,0.001046,59,0.000194,30,0.642857,0.005253
29179,Reynolds County,,MO,431,6217,6648,2,0,2,100,0,100,0,0,0,0,0,0.000016,0,59,0.000089,2,1,0.000288
29181,Ripley County,,MO,859,13160,14019,2,1,3,317,241,558,7,0.234447,0.240857,0,0,0.000007,0.000011,59,0.000119,30,1,0.000293
29183,St. Charles County,,MO,20916,356998,377914,65,53,118,21854,14677,36531,6,0.373694,0.402536,20177.227955,0,0.030039,0.023672,59,0.00101,30,0.453166,0.214604
29185,St. Clair County,,MO,772,8607,9379,3,4,7,330,319,649,7,0.29199,0.304823,27.175708,0,0.000452,0.000581,59,0.000099,30,0.7,0.003446
29186,Ste. Genevieve County,,MO,1341,22142,23483,5,4,9,911,775,1686,6,0.304156,0.317466,0.65,0,0.000965,0.000705,59,0.000148,30,0.85,0.006728
29187,St. Francois County,,MO,3599,57364,60963,12,14,26,2870,2314,5184,6,0.305825,0.321078,3678.469911,0,0.0012,0.001355,59,0.000342,30,0.385714,0.009479
29189,St. Louis County,,MO,79472,1215919,1295391,191,213,404,60388,68967,129355,5,0.436643,0.479428,221748.760261,0,0.078786,0.084562,59,0.00262,30,0.283065,0.542104
29195,Saline County,,MO,1869,23689,25558,7,10,17,501,804,1305,6,0.331617,0.349914,422.447204,0,0.0006,0.001727,59,0.000174,30,0.336364,0.004771
29197,Schuyler County,,MO,246,4451,4697,1,1,2,66,83,149,7,0.250822,0.258376,0,0,0.000019,0.000011,59,0.000084,30,0,0.000174
29199,Scotland County,,MO,317,5020,5337,0,0,0,0,0,0,0,0,0,0,54,0,0,60,0.000051,105,0,0
29201,Scott County,,MO,3174,44746,47920,6,7,13,1632,1723,3355,6,0.304604,0.318501,4304.311791,0,0.000706,0.00067,59,0.000213,30,0.571429,0.005087
29203,Shannon County,,MO,565,8088,8653,1,2,3,117,207,324,8,0.219912,0.226286,0,0,0.000003,0.000009,59,0.000077,30,1,0.000152
29205,Shelby County,,MO,500,7657,8157,1,3,4,74,144,218,7,0.234031,0.240759,4.763743,0,0.000001,0.00001,59,0.000084,30,0.333333,0.000107
29207,Stoddard County,,MO,1880,31983,33863,8,7,15,1188,1048,2236,7,0.24152,0.249906,1831.660619,0,0.00072,0.000034,59,0.000271,30,0.5,0.005423
29209,Stone County,,MO,2737,26735,29472,9,6,15,1495,1493,2988,7,0.273784,0.285437,247.622195,0,0.002147,0.000224,59,0.000234,30,0.533333,0.015416
29211,Sullivan County,,MO,653,6681,7334,4,3,7,209,199,408,7,0.252791,0.261522,425.432175,0,0.000532,0.000022,59,0.000158,30,0.033333,0.003508
29213,Taney County,,MO,4056,39951,44007,12,8,20,1563,1696,3259,6,0.318917,0.336272,2391.851314,0,0.002886,0.001907,59,0.000293,30,0.467033,0.021019
29215,Texas County,,MO,1576,19403,20979,7,9,16,631,818,1449,7,0.278842,0.29174,1975.594016,0,0.000285,0.000314,59,0.000234,30,0.377778,0.002718
29217,Vernon County,,MO,1403,20140,21543,7,7,14,541,594,1135,7,0.292314,0.305772,292.791812,0,0.000653,0.000658,59,0.000221,30,0.380952,0.005488
29219,Warren County,,MO,2063,26799,28862,8,6,14,2207,1358,3565,6,0.304156,0.317696,3.577453,0,0.001183,0.001121,59,0.00018,30,0.714286,0.008894
29221,Washington County,,MO,1323,20639,21962,5,5,10,792,860,1652,6,0.304188,0.317639,0.25,0,0.000977,0.00072,59,0.000127,30,0.9,0.006788
29223,Wayne County,,MO,901,10934,11835,5,4,9,315,329,644,7,0.252395,0.261493,16.122745,0,0.000734,0.000074,59,0.000174,30,0.7,0.005438
29225,Webster County,,MO,2287,28969,31256,5,6,11,1383,1425,2808,7,0.273706,0.285264,3.227778,0,0.000215,0.000204,59,0.000163,30,0.619048,0.002019
29227,Worth County,,MO,143,2266,2409,0,1,1,0,50,50,7,0.230335,0.236172,0,0,0,0,59,0.000051,106,0,0
29229,Wright County,,MO,1455,18186,19641,6,6,12,779,791,1570,7,0.273887,0.285609,10.875404,0,0.000194,0.000172,59,0.000184,30,0.6,0.001919
29510,St. Louis city,,MO,37773,320142,357915,49,57,106,24401,32562,56963,6,0.391252,0.420687,16872.267372,0,0.025082,0.028473,59,0.000699,30,0.492067,0.174508
30001,Beaverhead County,,MT,946,8829,9775,2,4,6,99,191,290,7,0.259677,0.269748,0,0,0.000106,0.000229,183,0.000094,30,1,0.001035
30003,Big Horn County,,MT,938,12541,13479,2,4,6,288,445,733,7,0.264175,0.275039,5.164598,0,0.000107,0.000222,183,0.000118,30,0.5,0.000985
30005,Blaine County,,MT,490,7007,7497,1,2,3,117,142,259,7,0.261931,0.271962,0,0,0.000004,0.000102,183,0.000064,30,1,0.000104
30007,Broadwater County,,MT,388,4416,4804,2,1,3,116,97,213,7,0.252307,0.260533,0,0,0.000146,0.000027,183,0.000093,30,1,0.001219
30009,Carbon County,,MT,987,10240,11227,1,1,2,301,311,612,7,0.26186,0.271674,0,0,0.000107,0.0001,183,0.000075,30,0,0.000885
30011,Carter County,,MT,87,1317,1404,0,0,0,0,0,0,0,0,0,0,55,0,0,61,0.000051,107,0,0
30013,Cascade County,,MT,7579,89539,97118,29,30,59,2869,3231,6100,6,0.343284,0.367179,31248.140156,0,0.008367,0.010942,183,0.000698,30,0.382591,0.06337
30015,Chouteau County,,MT,412,5404,5816,1,1,2,57,102,159,7,0.255578,0.264708,0,0,0.000089,0.000068,183,0.000071,30,0,0.000621
30017,Custer County,,MT,960,12578,13538,2,2,4,131,232,363,7,0.261883,0.271847,0,0,0.000107,0.000101,183,0.000118,30,1,0.000985
30019,Daniels County,,MT,173,2529,2702,0,0,0,0,0,0,0,0,0,0,56,0,0,62,0.000051,108,0,0
30021,Dawson County,,MT,770,10103,10873,2,1,3,89,122,211,7,0.26186,0.271674,0,0,0.000107,0.0001,183,0.00009,30,0.5,0.000971
30023,Deer Lodge County,,MT,765,9743,10508,1,4,5,92,331,423,7,0.259422,0.26923,2942,0,0.000003,0.00012,183,0.000074,30,0.666667,0.000131
30025,Fallon County,,MT,216,3305,3521,0,0,0,0,0,0,0,0,0,0,57,0,0,63,0.000051,109,0,0
30027,Fergus County,,MT,955,13196,14151,4,3,7,227,252,479,7,0.26575,0.27677,0,0,0.000342,0.000278,183,0.000137,30,1,0.002725
30029,Flathead County,,MT,5352,87525,92877,26,23,49,2624,2213,4837,6,0.341665,0.363527,4206.192032,0,0.010314,0.008699,183,0.000453,30,0.564039,0.077522
30031,Gallatin County,,MT,7378,72978,80356,37,32,69,3465,3256,6721,6,0.348778,0.372671,30676.067182,0,0.013406,0.012623,183,0.000746,30,0.381607,0.099142
30033,Garfield County,,MT,94,1394,1488,0,0,0,0,0,0,0,0,0,0,58,0,0,64,0.000051,110,0,0
30035,Glacier County,,MT,903,13830,14733,4,6,10,256,415,671,7,0.261718,0.272617,4364.967821,0,0.00019,0.000351,183,0.000141,30,0.428571,0.001648
30037,Golden Valley County,,MT,83,1065,1148,1,0,1,107,0,107,0,0,0,0,0,0.000107,0,183,0.000075,24,0,0.000885
30039,Granite County,,MT,399,2989,3388,1,1,2,140,80,220,7,0.258473,0.267591,0,0,0.000086,0.00009,183,0.000071,30,0,0.000785
30041,Hill County,,MT,1482,18437,19919,3,8,11,247,726,973,7,0.266067,0.278092,4495.178529,0,0.000197,0.000478,183,0.000122,30,0.571429,0.001595
30043,Jefferson County,,MT,1193,11592,12785,3,4,7,604,573,1177,7,0.259677,0.269748,0,0,0.00015,0.000229,183,0.000116,30,1,0.00135
30045,Judith Basin County,,MT,164,2428,2592,0,1,1,0,51,51,7,0.255621,0.264789,0,0,0,0.000068,183,0.000051,111,0,0
30047,Lake County,,MT,2093,24943,27036,4,8,12,578,907,1485,6,0.331807,0.350219,758.61788,0,0.00099,0.00174,183,0.000142,30,0.625,0.007603
30049,Lewis and Clark County,,MT,4752,63300,68052,17,17,34,2276,2295,4571,6,0.337408,0.358282,8134.191177,0,0.003255,0.005345,183,0.000439,30,0.414286,0.025583
30051,Liberty County,,MT,158,2340,2498,0,0,0,0,0,0,0,0,0,0,59,0,0,65,0.000051,112,0,0
30053,Lincoln County,,MT,1528,18440,19968,2,5,7,237,431,668,7,0.27477,0.288117,0,0,0.000157,0.000686,183,0.000088,30,0.95,0.001505
30055,McCone County,,MT,152,1825,1977,0,0,0,0,0,0,0,0,0,0,60,0,0,66,0.000051,113,0,0
30057,Madison County,,MT,557,6652,7209,1,1,2,61,80,141,7,0.258611,0.26762,0,0,0.000103,0.000109,183,0.000071,30,0,0.000904
30059,Meagher County,,MT,164,2326,2490,0,0,0,0,0,0,0,0,0,0,61,0,0,67,0.000051,114,0,0
30061,Mineral County,,MT,512,4343,4855,1,1,2,122,136,258,7,0.258473,0.267591,0,0,0.000086,0.00009,183,0.000071,30,0,0.000785
30063,Missoula County,,MT,9158,100392,109550,35,31,66,5129,4827,9956,6,0.348527,0.372636,31659.351617,0,0.011042,0.010588,183,0.000737,30,0.402564,0.083648
30065,Musselshell County,,MT,470,4429,4899,1,1,2,107,189,296,7,0.26186,0.271674,0,0,0.000107,0.0001,183,0.000075,30,0,0.000885
30067,Park County,,MT,1613,16270,17883,4,2,6,428,461,889,7,0.264031,0.274492,14.093298,0,0.000215,0.00021,183,0.000143,30,0.333333,0.002037
30069,Petroleum County,,MT,0,0,0,0,0,0,0,0,0,0,0,0,0,62,0,0,68,0.000051,115,0,0
30071,Phillips County,,MT,337,5001,5338,0,0,0,0,0,0,0,0,0,0,63,0,0,69,0.000051,116,0,0
30073,Pondera County,,MT,602,7584,8186,2,2,4,162,177,339,7,0.255646,0.264996,1.066667,0,0.000007,0.00007,183,0.000084,30,0.666667,0.000211
30075,Powder River County,,MT,107,1651,1758,0,0,0,0,0,0,0,0,0,0,64,0,0,70,0.000051,117,0,0
30077,Powell County,,MT,551,6098,6649,1,2,3,41,120,161,7,0.259329,0.26877,0,0,0.000001,0.000116,183,0.000066,30,0.666667,0.000089
30079,Prairie County,,MT,108,1441,1549,0,0,0,0,0,0,0,0,0,0,65,0,0,71,0.000051,118,0,0
30081,Ravalli County,,MT,2788,36410,39198,11,5,16,1382,832,2214,6,0.309285,0.324603,3.971795,0,0.004768,0.001336,183,0.000213,30,0.772727,0.035851
30083,Richland County,,MT,704,11577,12281,0,3,3,0,166,166,7,0.262543,0.272886,0,0,0,0.000102,183,0.000051,119,0.333333,0
30085,Roosevelt County,,MT,936,11725,12661,2,3,5,140,219,359,7,0.262524,0.272865,2970.393612,0,0.000107,0.000102,183,0.00011,30,0.166667,0.000974
30087,Rosebud County,,MT,910,10797,11707,3,3,6,254,342,596,7,0.261907,0.272019,1,0,0.000109,0.000102,183,0.00015,30,0.666667,0.00108
30089,Sanders County,,MT,920,10168,11088,3,2,5,171,175,346,7,0.258496,0.267763,0,0,0.000171,0.000098,183,0.000103,30,1,0.001656
30091,Sheridan County,,MT,280,4639,4919,0,0,0,0,0,0,0,0,0,0,66,0,0,72,0.000051,120,0,0
30093,Silver Bow County,,MT,2542,36201,38743,8,8,16,771,924,1695,7,0.266091,0.278121,5962.630098,0,0.000433,0.000396,183,0.000217,30,0.553571,0.003799
30095,Stillwater County,,MT,968,9350,10318,2,1,3,234,306,540,7,0.26186,0.271674,7.215135,0,0.00011,0.0001,183,0.000094,30,0,0.001003
30097,Sweet Grass County,,MT,388,3700,4088,0,1,1,0,52,52,7,0.258655,0.2677,0,0,0,0.000109,183,0.000051,121,0,0
30099,Teton County,,MT,528,7590,8118,1,1,2,96,177,273,7,0.255578,0.264708,0,0,0.000089,0.000068,183,0.000071,30,0,0.000621
30101,Toole County,,MT,468,5608,6076,1,1,2,49,46,95,7,0.255601,0.264766,0,0,0.000003,0.000068,183,0.000071,30,1,0.000107
30103,Treasure County,,MT,0,0,0,0,0,0,0,0,0,0,0,0,0,67,0,0,73,0.000051,122,0,0
30105,Valley County,,MT,667,8681,9348,1,2,3,52,178,230,7,0.261931,0.271962,0,0,0.000001,0.000101,183,0.000082,30,1,0.000098
30107,Wheatland County,,MT,166,2250,2416,0,1,1,0,41,41,7,0.261903,0.271753,0,0,0,0.0001,183,0.000051,123,0,0
30109,Wibaux County,,MT,69,1166,1235,0,0,0,0,0,0,0,0,0,0,68,0,0,74,0.000051,124,0,0
30111,Yellowstone County,,MT,8945,148038,156983,49,45,94,5550,4673,10223,6,0.354712,0.381372,83269.146229,0,0.012328,0.013086,183,0.001298,30,0.251566,0.093495
31001,Adams County,,NE,2303,34473,36776,7,6,13,794,890,1684,6,0.296319,0.308839,11707.598902,0,0.000671,0.000495,96,0.000302,30,0.309524,0.004294
31003,Antelope County,,NE,511,8671,9182,1,2,3,147,178,325,7,0.275005,0.285989,0,0,0.000008,0.000171,96,0.000083,30,1,0.000326
31005,Arthur County,,NE,53,624,677,0,0,0,0,0,0,0,0,0,0,69,0,0,75,0.000051,125,0,0
31007,Banner County,,NE,118,964,1082,0,1,1,0,49,49,7,0.250562,0.258247,0,0,0,0.000006,96,0.000051,126,0,0
31009,Blaine County,,NE,53,605,658,0,0,0,0,0,0,0,0,0,0,70,0,0,76,0.000051,127,0,0
31011,Boone County,,NE,378,7570,7948,0,0,0,0,0,0,0,0,0,0,71,0,0,77,0.000051,128,0,0
31013,Box Butte County,,NE,980,14987,15967,1,4,5,40,205,245,7,0.275237,0.28652,44.95539,0,0.000001,0.000146,96,0.000075,129,0.5,0.000092
31015,Boyd County,,NE,154,2841,2995,0,0,0,0,0,0,0,0,0,0,72,0,0,78,0.000051,130,0,0
31017,Brown County,,NE,267,4043,4310,0,0,0,0,0,0,0,0,0,0,73,0,0,79,0.000051,131,0,0
31019,Buffalo County,,NE,3523,47274,50797,13,13,26,1711,1579,3290,6,0.333756,0.353163,13822.849386,0,0.000716,0.002354,96,0.000415,30,0.231618,0.005074
31021,Burt County,,NE,728,9333,10061,4,5,9,271,382,653,6,0.296047,0.308236,129.809134,0,0.000462,0.000495,96,0.000119,30,0.75,0.002901
31023,Butler County,,NE,756,12539,13295,4,5,9,367,417,784,6,0.296047,0.308236,80.720452,0,0.000196,0.000482,96,0.000178,30,0.6,0.001545
31025,Cass County,,NE,2455,29546,32001,4,6,10,1699,1495,3194,6,0.29824,0.310599,4.947703,0,0.000784,0.000642,96,0.000126,30,0.733333,0.00484
31027,Cedar County,,NE,698,13213,13911,2,4,6,106,290,396,6,0.296319,0.308581,197.655953,0,0.000001,0.000506,96,0.000115,30,0.3,0.000198
31029,Chase County,,NE,309,4994,5303,0,0,0,0,0,0,0,0,0,0,74,0,0,80,0.000051,132,0,0
31031,Cherry County,,NE,519,7105,7624,1,0,1,56,0,56,0,0,0,0,0,0.000001,0,96,0.000086,25,0,0.000093
31033,Cheyenne County,,NE,814,11861,12675,1,0,1,41,0,41,0,0,0,0,0,0.000017,0,96,0.000074,14,0,0.000244
31035,Clay County,,NE,629,8134,8763,1,2,3,170,199,369,7,0.274588,0.285408,0,0,0.000004,0.000146,96,0.000093,30,1,0.000133
31037,Colfax County,,NE,1044,14584,15628,5,6,11,304,642,946,6,0.296228,0.308696,5.44394,0,0.000035,0.000528,96,0.000185,30,0.714286,0.000875
31039,Cuming County,,NE,853,13065,13918,3,6,9,215,392,607,6,0.296198,0.308638,3.515775,0,0.000027,0.000525,96,0.000122,30,0.766667,0.00065
31041,Custer County,,NE,793,14057,14850,1,5,6,64,295,359,7,0.274874,0.286357,0,0,0.000019,0.000179,96,0.000078,30,0.95,0.000151
31043,Dakota County,,NE,2452,23753,26205,4,8,12,1062,1380,2442,6,0.334488,0.352996,4807.25249,0,0.001146,0.001649,96,0.000124,30,0.388889,0.008263
31045,Dawes County,,NE,856,9085,9941,2,4,6,103,183,286,7,0.276602,0.28837,55.463966,0,0.000002,0.000208,96,0.000091,129,0.4,0.00018
31047,Dawson County,,NE,2440,28534,30974,7,9,16,533,967,1500,6,0.330746,0.348798,8850.61675,0,0.001154,0.00158,96,0.000263,30,0.4,0.00849
31049,Deuel County,,NE,187,2408,2595,0,0,0,0,0,0,0,0,0,0,75,0,0,81,0.000051,133,0,0
31051,Dixon County,,NE,544,7203,7747,2,4,6,130,230,360,7,0.261128,0.270656,290.449228,0,0.000018,0.00005,96,0.000088,30,0.166667,0.000271
31053,Dodge County,,NE,2831,42099,44930,10,11,21,1277,1676,2953,6,0.332759,0.35161,2299.1101,0,0.001901,0.001802,96,0.000254,30,0.462121,0.013312
31055,Douglas County,,NE,34997,555238,590235,119,125,244,23318,25979,49297,5,0.418726,0.453686,160227.600852,0,0.040997,0.053764,96,0.002067,30,0.29955,0.289658
31057,Dundy County,,NE,189,2438,2627,0,0,0,0,0,0,0,0,0,0,76,0,0,82,0.000051,134,0,0
31059,Fillmore County,,NE,519,8718,9237,2,2,4,120,183,303,7,0.274536,0.285293,0,0,0.00019,0.000142,96,0.000113,30,1,0.001307
31061,Franklin County,,NE,260,4264,4524,1,0,1,52,0,52,0,0,0,0,0,0.000019,0,96,0.000078,15,0,0.000151
31063,Frontier County,,NE,324,3395,3719,0,1,1,0,48,48,7,0.250129,0.257781,0,0,0,0.000008,96,0.000051,135,0,0
31065,Furnas County,,NE,484,6127,6611,1,0,1,60,0,60,0,0,0,0,0,0.000004,0,96,0.000069,136,0,0.000089
31067,Gage County,,NE,1517,26999,28516,4,5,9,735,696,1431,6,0.295986,0.308121,84.296705,0,0.00019,0.000479,96,0.000234,30,0.4,0.001509
31069,Garden County,,NE,192,2437,2629,0,0,0,0,0,0,0,0,0,0,77,0,0,83,0.000051,137,0,0
31071,Garfield County,,NE,147,2476,2623,0,0,0,0,0,0,0,0,0,0,78,0,0,84,0.000051,138,0,0
31073,Gosper County,,NE,253,2139,2392,1,1,2,60,70,130,7,0.248563,0.255882,0,0,0.000013,0.000009,96,0.000076,30,0,0.000165
31075,Grant County,,NE,139,1248,1387,0,0,0,0,0,0,0,0,0,0,79,0,0,85,0.000051,139,0,0
31077,Greeley County,,NE,233,3561,3794,0,0,0,0,0,0,0,0,0,0,80,0,0,86,0.000051,140,0,0
31079,Hall County,,NE,4347,61445,65792,12,14,26,1569,2144,3713,6,0.339066,0.35919,10519.66579,0,0.001819,0.003227,96,0.000375,30,0.316667,0.012634
31081,Hamilton County,,NE,801,11775,12576,4,4,8,367,355,722,7,0.274692,0.285839,185.223399,0,0.000218,0.000157,96,0.000166,30,0.583333,0.001606
31083,Harlan County,,NE,318,4039,4357,0,1,1,0,50,50,8,0.215587,0.220903,0,0,0,0,96,0.000051,141,0,0
31085,Hayes County,,NE,77,1349,1426,0,0,0,0,0,0,0,0,0,0,81,0,0,87,0.000051,142,0,0
31087,Hitchcock County,,NE,294,3427,3721,1,1,2,55,74,129,7,0.228587,0.234122,0,0,0.000004,0,96,0.000069,143,0,0.000089
31089,Holt County,,NE,700,12878,13578,0,2,2,0,110,110,7,0.275047,0.286063,0,0,0,0.000171,96,0.000051,144,1,0
31091,Hooker County,,NE,88,1104,1192,0,0,0,0,0,0,0,0,0,0,82,0,0,88,0.000051,145,0,0
31093,Howard County,,NE,490,7434,7924,1,1,2,193,220,413,7,0.253233,0.261178,0,0,0.000026,0.000015,96,0.000074,30,0,0.000206
31095,Jefferson County,,NE,561,9707,10268,2,2,4,182,257,439,7,0.274536,0.285293,0,0,0.00019,0.000142,96,0.000115,30,1,0.001304
31097,Johnson County,,NE,335,5253,5588,3,2,5,157,127,284,7,0.274536,0.285293,0.833333,0,0.000194,0.000142,96,0.000138,30,0.666667,0.001432
31099,Kearney County,,NE,601,6965,7566,1,3,4,114,298,412,7,0.274718,0.285782,0,0,0.000019,0.000147,96,0.000078,30,0.833333,0.000151
31101,Keith County,,NE,833,9842,10675,3,2,5,176,155,331,7,0.274614,0.285437,149.92136,0,0.000425,0.000149,96,0.000112,30,0.416667,0.003471
31103,Keya Paha County,,NE,78,1165,1243,0,0,0,0,0,0,0,0,0,0,83,0,0,89,0.000051,146,0,0
31105,Kimball County,,NE,335,4441,4776,0,0,0,0,0,0,0,0,0,0,84,0,0,90,0.000051,147,0,0
31107,Knox County,,NE,445,9587,10032,1,2,3,52,108,160,7,0.234352,0.241308,18.844702,0,0.000008,0.000032,96,0.000083,30,0,0.000326
31109,Lancaster County,,NE,16335,288684,305019,77,65,142,10599,9305,19904,6,0.378329,0.408558,122424.419838,0,0.017267,0.022876,96,0.001879,30,0.195652,0.127708
31111,Lincoln County,,NE,2654,40442,43096,10,9,19,764,849,1613,6,0.333448,0.3523,6150.761093,0,0.001003,0.001946,96,0.000301,30,0.325758,0.006695
31113,Logan County,,NE,107,945,1052,0,0,0,0,0,0,0,0,0,0,85,0,0,91,0.000051,148,0,0
31115,Loup County,,NE,0,0,0,0,0,0,0,0,0,0,0,0,0,86,0,0,92,0.000051,149,0,0
31117,McPherson County,,NE,0,0,0,0,0,0,0,0,0,0,0,0,0,87,0,0,93,0.000051,150,0,0
31119,Madison County,,NE,3449,44767,48216,20,14,34,1940,1662,3602,6,0.303774,0.318996,22039.619143,0,0.00377,0.000969,96,0.000524,30,0.19697,0.026609
31121,Merrick County,,NE,578,8571,9149,2,3,5,221,269,490,7,0.274666,0.285667,0,0,0.000028,0.000157,96,0.000109,30,1,0.000313
31123,Morrill County,,NE,531,5572,6103,1,1,2,99,160,259,7,0.250519,0.258163,0,0,0.000021,0.000006,96,0.000077,30,0,0.000152
31125,Nance County,,NE,393,4654,5047,1,1,2,90,70,160,7,0.228693,0.234393,0,0,0.000004,0.000005,96,0.000086,30,0,0.000137
31127,Nemaha County,,NE,706,9032,9738,3,4,7,164,253,417,6,0.296016,0.308063,21.310372,0,0.000628,0.000481,96,0.000113,30,0.666667,0.003799
31129,Nuckolls County,,NE,430,5844,6274,0,1,1,0,53,53,7,0.228646,0.234284,0,0,0,0.000005,96,0.000051,151,0,0
31131,Otoe County,,NE,1137,17639,18776,5,6,11,544,566,1110,6,0.296016,0.308293,36.883783,0,0.000636,0.000492,96,0.000163,30,0.466667,0.004044
31133,Pawnee County,,NE,199,3193,3392,0,0,0,0,0,0,0,0,0,0,88,0,0,94,0.000051,152,0,0
31135,Perkins County,,NE,289,3425,3714,0,2,2,0,85,85,7,0.250151,0.257953,0,0,0,0.000012,96,0.000051,153,1,0
31137,Phelps County,,NE,842,11436,12278,4,3,7,265,249,514,7,0.274744,0.285839,2899,0,0.000033,0.000156,96,0.000168,30,0.4,0.000492
31139,Pierce County,,NE,554,8352,8906,1,2,3,161,189,350,7,0.275005,0.285989,0,0,0.000008,0.000171,96,0.000083,30,1,0.000326
31141,Platte County,,NE,2438,37451,39889,8,8,16,843,1180,2023,6,0.296471,0.309357,7542.899618,0,0.000655,0.000515,96,0.000334,30,0.388889,0.004608
31143,Polk County,,NE,348,6157,6505,3,2,5,157,105,262,7,0.228802,0.234825,1.777778,0,0.000194,0.000007,96,0.000148,30,0.666667,0.001445
31145,Red Willow County,,NE,934,12851,13785,1,5,6,74,280,354,6,0.296293,0.308635,2900,0,0,0.00048,96,0.00011,143,0.3,0.000089
31147,Richardson County,,NE,594,10122,10716,3,3,6,128,149,277,7,0.27477,0.285839,128.741874,0,0.000192,0.000143,96,0.000127,30,0.333333,0.001425
31149,Rock County,,NE,110,1691,1801,0,0,0,0,0,0,0,0,0,0,89,0,0,95,0.000051,154,0,0
31151,Saline County,,NE,1134,14444,15578,4,3,7,463,555,1018,7,0.274562,0.285465,3,0,0.000204,0.000144,96,0.000181,30,0.416667,0.001576
31153,Sarpy County,,NE,16186,125156,141342,40,42,82,11556,10061,21617,6,0.3713,0.397734,9249.41545,0,0.015973,0.019101,96,0.000675,30,0.396303,0.116485
31155,Saunders County,,NE,1561,20032,21593,5,4,9,849,899,1748,6,0.29824,0.310369,0.503968,0,0.0008,0.00062,96,0.000141,30,0.9,0.005051
31157,Scotts Bluff County,,NE,2626,40329,42955,10,11,21,812,884,1696,6,0.334218,0.353267,10145.419287,0,0.000685,0.002534,96,0.000344,30,0.319048,0.006064
31159,Seward County,,NE,1341,18330,19671,4,4,8,508,646,1154,7,0.274614,0.285695,3.644444,0,0.000195,0.000145,96,0.000194,30,0.5,0.00152
31161,Sheridan County,,NE,529,6674,7203,2,3,5,91,137,228,7,0.259551,0.269055,11.508576,0,0.000003,0.000062,96,0.000086,129,0.333333,0.00018
31163,Sherman County,,NE,258,4103,4361,0,1,1,0,59,59,7,0.250302,0.258103,0,0,0,0.000006,96,0.000051,155,0,0
31165,Sioux County,,NE,73,952,1025,0,0,0,0,0,0,0,0,0,0,90,0,0,97,0.000051,156,0,0
31167,Stanton County,,NE,276,3582,3858,1,1,2,114,111,225,7,0.233014,0.239474,0,0,0.000008,0.000031,96,0.000083,30,0,0.000326
31169,Thayer County,,NE,432,6869,7301,0,1,1,0,60,60,7,0.274553,0.285194,0,0,0,0.000141,96,0.000051,157,0,0
31171,Thomas County,,NE,105,961,1066,0,0,0,0,0,0,0,0,0,0,91,0,0,98,0.000051,158,0,0
31173,Thurston County,,NE,487,7234,7721,1,2,3,68,124,192,7,0.260987,0.27011,0,0,0.000056,0.000046,96,0.000068,30,1,0.000381
31175,Valley County,,NE,320,4670,4990,0,1,1,0,42,42,7,0.274553,0.285194,0,0,0,0.000141,96,0.000051,159,0,0
31177,Washington County,,NE,1664,21056,22720,4,6,10,939,952,1891,6,0.298363,0.310829,10.012481,0,0.000612,0.000628,96,0.000118,30,0.633333,0.003837
31179,Wayne County,,NE,769,7976,8745,3,4,7,177,290,467,6,0.296258,0.308494,778.226706,0,0.000446,0.000505,96,0.000115,30,0.5,0.002892
31181,Webster County,,NE,372,4403,4775,1,1,2,66,112,178,7,0.228603,0.234192,0,0,0.000004,0.000005,96,0.000093,30,0,0.000133
31183,Wheeler County,,NE,85,813,898,0,0,0,0,0,0,0,0,0,0,92,0,0,99,0.000051,160,0,0
31185,York County,,NE,1294,16103,17397,5,6,11,375,526,901,6,0.296047,0.308351,1501.545118,0,0.00019,0.000481,96,0.000263,30,0.3,0.001616
32001,Churchill County,,NV,3478,24911,28389,10,13,23,929,1426,2355,6,0.338077,0.357574,586.977272,0,0.00551,0.006357,5,0.00019,30,0.6375,0.042564
32003,Clark County,,NV,83579,1534886,1618465,408,333,741,109723,66607,176330,5,0.456666,0.509363,232925.075418,0,0.124155,0.109843,5,0.005147,30,0.148924,0.870919
32005,Douglas County,,NV,4939,48021,52960,23,12,35,4074,3078,7152,6,0.339106,0.358592,12.469923,0,0.011965,0.007491,5,0.000298,30,0.855072,0.083332
32007,Elko County,,NV,5164,48644,53808,18,22,40,1689,2357,4046,6,0.335378,0.356746,3552.54746,0,0.005589,0.007071,5,0.000328,30,0.376984,0.04304
32009,Esmeralda County,,NV,130,819,949,0,0,0,0,0,0,0,0,0,0,93,0,0,100,0.000051,161,0,0
32011,Eureka County,,NV,201,1677,1878,0,1,1,0,46,46,7,0.251213,0.259621,0,0,0,0.000046,5,0.000051,162,0,0
32013,Humboldt County,,NV,1991,18064,20055,4,7,11,258,621,879,6,0.332416,0.350794,22.554788,0,0.001265,0.002938,5,0.000099,30,0.696429,0.010037
32015,Lander County,,NV,788,6129,6917,0,4,4,0,217,217,6,0.314153,0.329677,0,0,0,0.001363,5,0.000051,163,1,0
32017,Lincoln County,,NV,277,3930,4207,1,1,2,181,106,287,6,0.313535,0.328353,0,0,0.000895,0.001011,5,0.000064,30,0,0.007266
32019,Lyon County,,NV,4193,39351,43544,23,9,32,4295,2462,6757,6,0.337055,0.355814,420.461067,0,0.009477,0.004324,5,0.000328,30,0.588333,0.066284
32021,Mineral County,,NV,513,5042,5555,2,2,4,96,137,233,7,0.274536,0.286457,0,0,0.000353,0.000373,5,0.000075,30,1,0.002663
32023,Nye County,,NV,3694,32870,36564,11,10,21,2662,1708,4370,6,0.338947,0.358132,12.265717,0,0.007176,0.005626,5,0.000173,30,0.782051,0.052796
32027,Pershing County,,NV,416,4527,4943,1,1,2,51,64,115,7,0.27451,0.286284,0,0,0.000301,0.000296,5,0.000063,30,0,0.002237
32029,Storey County,,NV,1002,9327,10329,4,3,7,690,592,1282,6,0.313976,0.329331,0,0,0.001172,0.001397,5,0.000125,30,0.9,0.008265
32031,Washoe County,,NV,23879,382169,406048,105,98,203,23566,16843,40409,6,0.378329,0.412905,20389.584128,0,0.036337,0.036996,5,0.001396,30,0.397901,0.263175
32033,White Pine County,,NV,817,8714,9531,2,3,5,183,239,422,6,0.314078,0.329446,0,0,0.000952,0.001353,5,0.000077,30,1,0.007713
32510,Carson City,,NV,5870,55647,61517,23,12,35,4482,3714,8196,6,0.339106,0.358592,227.204,0,0.011023,0.006989,5,0.000341,30,0.689723,0.077862
33001,Belknap County,,NH,5053,70996,76049,16,13,29,4857,3175,8032,6,0.308462,0.325489,67.032361,0,0.004743,0.00371,101,0.000207,30,0.805147,0.029794
33003,Carroll County,,NH,3140,51161,54301,15,12,27,2489,1673,4162,6,0.298917,0.315068,60.288216,0,0.004358,0.002337,101,0.000208,30,0.783088,0.027514
33005,Cheshire County,,NH,4842,84395,89237,15,18,33,2857,2549,5406,6,0.300685,0.318208,17.754314,0,0.004695,0.004714,101,0.000206,30,0.657143,0.030225
33007,Coos County,,NH,2059,39575,41634,10,8,18,1144,1000,2144,7,0.273887,0.286592,2249.827777,0,0.00208,0.000802,101,0.000182,30,0.777778,0.013805
33009,Grafton County,,NH,7312,91710,99022,27,24,51,4656,4384,9040,6,0.339424,0.361146,4798.759972,0,0.008282,0.007257,101,0.000338,30,0.532258,0.052983
33011,Hillsborough County,,NH,29822,462638,492460,75,87,162,23297,22807,46104,6,0.375535,0.408569,10395.360729,0,0.040184,0.04325,101,0.000817,30,0.511066,0.272431
33013,Merrimack County,,NH,10724,156424,167148,24,22,46,9896,7307,17203,6,0.339702,0.360852,802.448153,0,0.007973,0.008397,101,0.0003,30,0.648148,0.05362
33015,Rockingham County,,NH,24789,345713,370502,54,56,110,22612,19519,42131,6,0.352126,0.379589,3593.935764,0,0.027822,0.027017,101,0.000596,30,0.586699,0.190028
33017,Strafford County,,NH,9327,127998,137325,18,18,36,7231,6066,13297,6,0.334719,0.354837,344.016493,0,0.005029,0.006784,101,0.000236,30,0.740476,0.032146
33019,Sullivan County,,NH,3104,47089,50193,9,9,18,1939,1566,3505,6,0.298855,0.314608,42.839421,0,0.001839,0.001753,101,0.00016,30,0.736364,0.012279
34001,Atlantic County,,NJ,13112,315968,329080,44,48,92,11625,9148,20773,6,0.350635,0.376507,411.292831,0,0.024496,0.026544,15,0.000379,30,0.753247,0.151359
34003,Bergen County,,NJ,60081,1031920,1092001,91,143,234,46019,53569,99588,6,0.394715,0.435036,2613.833118,0,0.053752,0.073265,15,0.0008,30,0.533381,0.348201
34005,Burlington County,,NJ,29983,516710,546693,88,106,194,29556,22870,52426,6,0.386143,0.421567,3275.376771,0,0.050056,0.0573,15,0.00087,30,0.555408,0.33856
34007,Camden County,,NJ,32052,581004,613056,62,81,143,25694,27092,52786,6,0.374225,0.406533,1237.933917,0,0.036586,0.045115,15,0.000576,30,0.671569,0.24083
34009,Cape May County,,NJ,7111,114764,121875,18,23,41,4721,4674,9395,6,0.315308,0.334156,23.173308,0,0.008456,0.010382,15,0.000187,30,0.773333,0.053749
34011,Cumberland County,,NJ,5902,157371,163273,12,15,27,3511,3705,7216,6,0.315206,0.332925,22.834194,0,0.004939,0.007151,15,0.000139,30,0.784314,0.029355
34013,Essex County,,NJ,53584,822382,875966,82,121,203,37593,47424,85017,6,0.392364,0.429923,1438.977648,0,0.048999,0.064083,15,0.000723,30,0.58546,0.317635
34015,Gloucester County,,NJ,14672,295953,310625,26,28,54,15495,11213,26708,6,0.339225,0.361255,213.075391,0,0.012835,0.014108,15,0.000242,30,0.777778,0.078637
34017,Hudson County,,NJ,60797,635983,696780,93,119,212,37496,54626,92122,6,0.394662,0.43185,1682.906254,0,0.054476,0.063426,15,0.000815,30,0.596184,0.349715
34019,Hunterdon County,,NJ,9459,150187,159646,23,24,47,7981,6030,14011,6,0.31323,0.333644,38.762506,0,0.011324,0.009959,15,0.000198,30,0.883005,0.06583
34021,Mercer County,,NJ,24364,398634,422998,69,79,148,18515,18963,37478,6,0.371777,0.403704,700.236697,0,0.041734,0.045589,15,0.000594,30,0.712943,0.263922
34023,Middlesex County,,NJ,65244,885915,951159,108,149,257,52160,58351,110511,5,0.405826,0.445445,4132.223285,0,0.062262,0.076497,15,0.000973,30,0.512149,0.405946
34025,Monmouth County,,NJ,36810,708831,745641,86,112,198,32554,30525,63079,6,0.380115,0.416615,1198.761037,0,0.050392,0.058923,15,0.000783,30,0.587096,0.332061
34027,Morris County,,NJ,38275,567641,605916,84,121,205,31175,32226,63401,6,0.384963,0.423171,1798.289399,0,0.050227,0.06387,15,0.000727,30,0.571524,0.320672
34029,Ocean County,,NJ,24538,602707,627245,71,89,160,34890,19465,54355,6,0.361121,0.393754,803.827441,0,0.038312,0.044184,15,0.000676,30,0.589943,0.254882
34031,Passaic County,,NJ,34155,556426,590581,45,84,129,22518,29222,51740,6,0.377688,0.411174,392.375753,0,0.025307,0.044426,15,0.000361,30,0.670178,0.152259
34033,Salem County,,NJ,3652,75729,79381,10,9,19,2621,2311,4932,6,0.293558,0.308305,2.090852,0,0.002796,0.002956,15,0.000131,30,0.863636,0.017409
34035,Somerset County,,NJ,28341,337618,365959,66,79,145,24477,23630,48107,6,0.374515,0.406637,643.192665,0,0.040865,0.044934,15,0.000569,30,0.735568,0.259223
34037,Sussex County,,NJ,10409,173875,184284,23,30,53,9690,6848,16538,6,0.342959,0.365206,36.795508,0,0.010289,0.014624,15,0.000183,30,0.821008,0.053663
34039,Union County,,NJ,41118,594250,635368,58,92,150,30355,35873,66228,6,0.380115,0.414228,607.430639,0,0.035209,0.051234,15,0.00049,30,0.677741,0.221983
34041,Warren County,,NJ,7886,116370,124256,18,21,39,7423,5247,12670,6,0.335611,0.35624,7.325224,0,0.007219,0.008104,15,0.000159,30,0.87013,0.039251
35001,Bernalillo County,,NM,37791,544782,582573,161,136,297,32311,28084,60395,5,0.409553,0.447579,64714.228846,0,0.066139,0.059404,174,0.002152,30,0.345156,0.472034
35003,Catron County,,NM,345,2738,3083,0,0,0,0,0,0,0,0,0,0,94,0,0,102,0.000051,164,0,0
35005,Chaves County,,NM,4215,56638,60853,15,17,32,1452,2005,3457,6,0.347649,0.369905,235.94457,0,0.005585,0.008206,174,0.00026,30,0.65,0.042696
35006,Cibola County,,NM,1868,21968,23836,7,6,13,1157,1108,2265,6,0.290964,0.304083,1.251229,0,0.001978,0.000976,174,0.000169,30,0.880952,0.016204
35007,Colfax County,,NM,1097,14893,15990,1,3,4,69,220,289,6,0.291139,0.303968,2.670322,0,0.000484,0.00065,96,0.000064,30,0.5,0.003877
35009,Curry County,,NM,5749,44182,49931,17,23,40,1635,2232,3867,6,0.345452,0.368375,6463.638724,0,0.007834,0.008669,174,0.00031,30,0.526154,0.060656
35011,De Baca County,,NM,180,2216,2396,0,0,0,0,0,0,0,0,0,0,95,0,0,103,0.000051,165,0,0
35013,Dona Ana County,,NM,13138,168972,182110,44,47,91,8071,8843,16914,6,0.363158,0.390741,7763.925406,0,0.016915,0.020444,174,0.000712,30,0.415094,0.126222
35015,Eddy County,,NM,3261,49123,52384,14,13,27,1545,1461,3006,6,0.337762,0.357937,174.691905,0,0.003674,0.003693,174,0.000252,30,0.67619,0.028236
35017,Grant County,,NM,2554,31036,33590,8,9,17,728,1143,1871,6,0.331921,0.350374,2143.864139,0,0.003351,0.003366,5,0.000167,30,0.618182,0.026989
35019,Guadalupe County,,NM,356,4153,4509,1,2,3,46,101,147,6,0.290643,0.303077,0,0,0.000484,0.000544,174,0.000064,30,1,0.003877
35021,Harding County,,NM,55,692,747,0,0,0,0,0,0,0,0,0,0,96,0,0,104,0.000051,166,0,0
35023,Hidalgo County,,NM,509,5156,5665,0,2,2,0,157,157,7,0.266526,0.276778,0,0,0,0.000165,5,0.000051,167,1,0
35025,Lea County,,NM,3633,56994,60627,17,17,34,1489,1632,3121,6,0.342837,0.364918,3095.907805,0,0.005446,0.005528,174,0.000328,30,0.539216,0.041522
35027,Lincoln County,,NM,1964,16202,18166,9,8,17,770,719,1489,6,0.333065,0.351628,3.194134,0,0.003673,0.00254,174,0.000167,30,0.911111,0.027131
35028,Los Alamos County,,NM,1554,17642,19196,6,4,10,542,507,1049,6,0.290672,0.303364,3.416605,0,0.001297,0.000864,174,0.000144,30,0.766667,0.010786
35029,Luna County,,NM,2062,24313,26375,7,8,15,737,978,1715,6,0.331807,0.350086,1.849336,0,0.003832,0.003316,174,0.000141,30,0.875,0.029883
35031,McKinley County,,NM,10637,84835,95472,10,14,24,6029,9070,15099,6,0.336938,0.356878,108.191328,0,0.00362,0.005886,5,0.000204,30,0.758242,0.027953
35033,Mora County,,NM,315,4615,4930,1,2,3,109,167,276,6,0.290643,0.303077,0,0,0.000016,0.000544,174,0.000074,30,1,0.000134
35035,Otero County,,NM,6559,52331,58890,19,22,41,1909,2287,4196,6,0.349241,0.371946,248.00183,0,0.009524,0.009964,174,0.000295,30,0.606838,0.072615
35037,Quay County,,NM,841,9298,10139,1,3,4,88,221,309,6,0.291081,0.303767,0,0,0.000071,0.000608,174,0.000062,30,1,0.000578
35039,Rio Arriba County,,NM,2648,39725,42373,7,8,15,1180,1859,3039,6,0.33052,0.348533,51.660531,0,0.000976,0.002254,174,0.000179,30,0.767857,0.008542
35041,Roosevelt County,,NM,1900,16531,18431,6,6,12,662,694,1356,6,0.294602,0.308512,9.713472,0,0.000701,0.000948,174,0.000139,30,0.714286,0.005752
35043,Sandoval County,,NM,9028,88427,97455,30,20,50,7797,6078,13875,6,0.349367,0.372021,1540.346146,0,0.015689,0.010512,174,0.000475,30,0.57957,0.114223
35045,San Juan County,,NM,11075,125537,136612,32,29,61,10354,8104,18458,6,0.347732,0.371889,4795.352755,0,0.011244,0.010224,5,0.000537,30,0.438655,0.085168
35047,San Miguel County,,NM,1696,24884,26580,4,5,9,565,811,1376,6,0.330369,0.347958,3100.866592,0,0.000626,0.002002,174,0.00014,30,0.5,0.005482
35049,Santa Fe County,,NM,9155,113637,122792,42,30,72,6191,5322,11513,6,0.354019,0.378939,3666.10351,0,0.023327,0.016355,174,0.00058,30,0.613636,0.165978
35051,Sierra County,,NM,1001,10285,11286,2,2,4,217,263,480,6,0.290643,0.303077,0,0,0.00065,0.000676,174,0.000077,30,1,0.004994
35053,Socorro County,,NM,1344,14821,16165,3,3,6,324,550,874,6,0.290672,0.303249,0,0,0.000668,0.000727,174,0.000108,30,1,0.005468
35055,Taos County,,NM,1932,28082,30014,4,5,9,550,663,1213,6,0.330332,0.347901,18.076129,0,0.001519,0.00201,174,0.000111,30,0.866667,0.011755
35057,Torrance County,,NM,1400,11802,13202,2,4,6,598,724,1322,6,0.290672,0.303364,0,0,0.000617,0.000907,174,0.000081,30,1,0.005277
35059,Union County,,NM,337,4309,4646,0,0,0,0,0,0,0,0,0,0,97,0,0,105,0.000051,168,0,0
35061,Valencia County,,NM,4925,62242,67167,13,7,20,3184,3247,6431,6,0.330407,0.348246,310.563888,0,0.00622,0.002161,174,0.000252,30,0.679487,0.047881
36001,Albany County,,NY,21473,336767,358240,61,70,131,16526,16897,33423,6,0.369266,0.40019,16375.674815,0,0.02693,0.035456,107,0.000637,30,0.522689,0.164515
36003,Allegany County,,NY,3150,54954,58104,9,9,18,1514,1692,3206,6,0.292461,0.30708,3022.660315,0,0.001359,0.000969,107,0.000175,30,0.477778,0.007419
36005,Bronx County,,NY,83269,1233415,1316684,95,156,251,61129,76874,138003,5,0.402948,0.444272,4694.871268,0,0.052215,0.073029,15,0.000889,30,0.457862,0.342104
36007,Broome County,,NY,9602,233628,243230,31,44,75,4678,5112,9790,6,0.353027,0.379359,9462.99489,0,0.011602,0.019905,107,0.000376,30,0.47534,0.070086
36009,Cattaraugus County,,NY,4675,90945,95620,7,7,14,2682,2674,5356,6,0.292314,0.306562,16.232293,0,0.001375,0.001004,107,0.000132,30,0.619048,0.007206
36011,Cayuga County,,NY,4256,91976,96232,11,10,21,2549,2503,5052,6,0.292491,0.30731,46.420305,0,0.002123,0.001408,107,0.000169,30,0.636364,0.011201
36013,Chautauqua County,,NY,5495,149645,155140,8,12,20,2087,2362,4449,6,0.340341,0.360772,223.551447,0,0.002806,0.005499,107,0.000129,30,0.653846,0.01534
36015,Chemung County,,NY,5073,104130,109203,11,12,23,2253,2460,4713,6,0.293171,0.308575,342.289962,0,0.001989,0.001481,107,0.000192,30,0.467949,0.01063
36017,Chenango County,,NY,2947,54481,57428,8,7,15,1525,1478,3003,7,0.279595,0.292929,14.35433,0,0.001523,0.000582,107,0.000134,30,0.625,0.007871
36019,Clinton County,,NY,3028,90349,93377,14,7,21,1539,879,2418,7,0.274328,0.287483,74.660059,0,0.002044,0.000693,107,0.000224,30,0.423077,0.011106
36021,Columbia County,,NY,3406,72167,75573,15,9,24,2554,1823,4377,6,0.299721,0.315419,3.11611,0,0.005505,0.002164,15,0.000162,30,0.795238,0.029843
36023,Cortland County,,NY,2956,51693,54649,8,7,15,1621,1509,3130,6,0.288732,0.302996,10.544933,0,0.000799,0.001033,107,0.000142,30,0.638889,0.004376
36025,Delaware County,,NY,3024,48933,51957,16,11,27,1743,1640,3383,6,0.296077,0.312238,83.066389,0,0.006018,0.001663,107,0.000185,30,0.617647,0.03157
36027,Dutchess County,,NY,15530,314509,330039,46,61,107,13076,10605,23681,6,0.357999,0.387509,1035.848874,0,0.024464,0.031331,15,0.000421,30,0.617434,0.151302
36029,Erie County,,NY,32116,1072062,1104178,106,142,248,17744,23695,41439,5,0.405315,0.444531,33181.030074,0,0.052735,0.070786,107,0.00112,30,0.443893,0.35721
36031,Essex County,,NY,2099,38986,41085,8,7,15,951,1039,1990,7,0.274276,0.287368,30.834557,0,0.000569,0.000701,107,0.000189,30,0.513889,0.00397
36033,Franklin County,,NY,2321,50560,52881,6,7,13,876,1119,1995,6,0.289366,0.303974,40.710137,0,0.001338,0.001245,107,0.000132,30,0.732143,0.006886
36035,Fulton County,,NY,2636,59240,61876,6,5,11,1512,1391,2903,7,0.272958,0.285056,4.453468,0,0.000704,0.000556,107,0.000118,30,0.8,0.004391
36037,Genesee County,,NY,3695,76328,80023,6,7,13,2207,2191,4398,6,0.292137,0.306274,2.55,0,0.001328,0.000999,107,0.000122,30,0.690476,0.006988
36039,Greene County,,NY,2823,49496,52319,16,11,27,1992,1646,3638,6,0.299783,0.316477,21.007259,0,0.00643,0.002189,15,0.000172,30,0.786765,0.034148
36041,Hamilton County,,NY,372,5715,6087,0,0,0,0,0,0,0,0,0,0,98,0,0,106,0.000051,169,0,0
36043,Herkimer County,,NY,3629,71105,74734,6,9,15,1808,2141,3949,6,0.289424,0.304319,32.428017,0,0.00062,0.001362,107,0.000129,30,0.611111,0.003372
36045,Jefferson County,,NY,16168,117513,133681,48,67,115,5250,7228,12478,6,0.370399,0.401271,6229.912179,0,0.020046,0.030002,107,0.00054,30,0.479851,0.134212
36047,Kings County,,NY,151163,2301759,2452922,167,227,394,91573,141294,232867,5,0.425488,0.472418,26168.413901,0,0.084119,0.096808,15,0.001614,30,0.338927,0.56268
36049,Lewis County,,NY,1648,28589,30237,4,4,8,528,670,1198,7,0.284452,0.297755,0,0,0.000852,0.000562,107,0.000082,30,1,0.003969
36051,Livingston County,,NY,4244,72951,77195,9,8,17,2743,2635,5378,6,0.292343,0.306735,9.462717,0,0.00128,0.000976,107,0.000168,30,0.638889,0.007228
36053,Madison County,,NY,4906,78513,83419,8,11,19,2909,3080,5989,6,0.295292,0.310812,30.555417,0,0.000815,0.001557,107,0.000142,30,0.606061,0.004132
36055,Monroe County,,NY,32543,866638,899181,123,156,279,20045,25035,45080,5,0.399724,0.440913,52545.244246,0,0.057842,0.074767,107,0.001306,30,0.405532,0.389763
36057,Montgomery County,,NY,3609,63203,66812,9,7,16,2072,2371,4443,7,0.273061,0.285516,39.999348,0,0.001509,0.000646,107,0.000158,30,0.652778,0.00935
36059,Nassau County,,NY,75689,1598712,1674401,96,171,267,59357,69228,128585,6,0.40334,0.446515,4370.48559,0,0.055683,0.081424,15,0.000905,30,0.445154,0.367464
36061,New York County,,NY,161506,1488384,1649890,209,219,428,123962,147260,271222,5,0.425301,0.471411,35259.001214,0,0.095313,0.095373,15,0.00208,30,0.335425,0.639543
36063,Niagara County,,NY,10026,256168,266194,12,25,37,5806,6170,11976,6,0.347024,0.369968,1644.288733,0,0.006408,0.014639,107,0.000186,30,0.66,0.044995
36065,Oneida County,,NY,9780,257642,267422,25,37,62,4607,5555,10162,6,0.348904,0.373441,2163.59123,0,0.010684,0.016507,107,0.000278,30,0.578073,0.063065
36067,Onondaga County,,NY,22869,519725,542594,77,108,185,13476,16067,29543,6,0.386864,0.422786,26969.424986,0,0.036335,0.055426,107,0.00083,30,0.499085,0.243785
36069,Ontario County,,NY,6820,121082,127902,12,12,24,4968,4338,9306,6,0.306602,0.323027,77.339307,0,0.001868,0.002324,107,0.000201,30,0.510989,0.010293
36071,Orange County,,NY,21619,395517,417136,57,101,158,19951,15118,35069,6,0.377442,0.412135,2234.795899,0,0.031991,0.04928,15,0.000486,30,0.5115,0.196987
36073,Orleans County,,NY,2549,46794,49343,4,5,9,1453,1580,3033,6,0.292078,0.305929,0.2,0,0.001313,0.000974,107,0.000086,30,0.9,0.00669
36075,Oswego County,,NY,6857,134911,141768,12,13,25,4030,4040,8070,6,0.334488,0.353928,161.71387,0,0.003281,0.003784,107,0.000164,30,0.604762,0.018493
36077,Otsego County,,NY,3509,64745,68254,16,11,27,2022,1567,3589,6,0.289713,0.305067,135.269809,0,0.005197,0.00148,107,0.000192,30,0.584211,0.027913
36079,Putnam County,,NY,7631,111360,118991,15,17,32,6787,5318,12105,6,0.337644,0.358241,2.550098,0,0.008124,0.008542,15,0.000132,30,0.931579,0.041744
36081,Queens County,,NY,155503,2230359,2385862,144,224,368,89715,146409,236124,5,0.423622,0.470819,14895.358235,0,0.074712,0.097234,15,0.001391,30,0.354808,0.500366
36083,Rensselaer County,,NY,10946,174245,185191,28,26,54,7828,7732,15560,6,0.308265,0.328502,1242.716675,0,0.010392,0.007946,107,0.000322,30,0.526891,0.058225
36085,Richmond County,,NY,23465,484811,508276,34,74,108,21208,19755,40963,6,0.369737,0.401236,389.484339,0,0.020633,0.037922,15,0.000302,30,0.661261,0.12715
36087,Rockland County,,NY,17087,332275,349362,37,60,97,11333,13200,24533,6,0.360897,0.389516,166.918396,0,0.0215,0.032459,15,0.000296,30,0.764939,0.124941
36089,St. Lawrence County,,NY,4839,113447,118286,10,13,23,1272,1715,2987,6,0.304124,0.321722,127.369918,0,0.001961,0.002715,107,0.000168,30,0.565934,0.010412
36091,Saratoga County,,NY,16375,242026,258401,62,61,123,13692,11533,25225,6,0.363705,0.393823,14417.547448,0,0.027224,0.028282,107,0.000689,30,0.46514,0.174239
36093,Schenectady County,,NY,9625,159801,169426,27,30,57,7210,6512,13722,6,0.343568,0.366603,1931.818532,0,0.012025,0.012686,107,0.000297,30,0.592949,0.069196
36095,Schoharie County,,NY,1923,28480,30403,8,7,15,1225,1050,2275,7,0.273164,0.285718,3.935617,0,0.001399,0.000727,107,0.000143,30,0.680556,0.008389
36097,Schuyler County,,NY,1374,21886,23260,5,5,10,790,788,1578,7,0.26379,0.273894,3.034191,0,0.000184,0.000177,107,0.000119,30,0.55,0.001533
36099,Seneca County,,NY,2109,36364,38473,7,8,15,1119,1184,2303,6,0.292402,0.306907,107.520167,0,0.000805,0.00138,107,0.000145,30,0.680556,0.004872
36101,Steuben County,,NY,5697,111394,117091,12,15,27,2825,2898,5723,6,0.303455,0.321509,462.860143,0,0.001724,0.002481,107,0.000217,30,0.395833,0.009464
36103,Suffolk County,,NY,62517,1717750,1780267,126,209,335,54202,54092,108294,5,0.409033,0.456004,15975.630333,0,0.066973,0.089396,15,0.001277,30,0.354981,0.456009
36105,Sullivan County,,NY,4840,75124,79964,17,19,36,3271,2734,6005,6,0.32943,0.349068,292.122466,0,0.007628,0.008583,15,0.000173,30,0.809524,0.039438
36107,Tioga County,,NY,3463,59617,63080,5,8,13,2102,2043,4145,6,0.288991,0.303543,64.756121,0,0.000316,0.001052,107,0.000121,30,0.611111,0.00209
36109,Tompkins County,,NY,8207,87197,95404,32,31,63,3557,3835,7392,6,0.357425,0.382143,10122.287505,0,0.01661,0.0167,107,0.00036,30,0.598862,0.103557
36111,Ulster County,,NY,8399,181116,189515,28,30,58,6886,5086,11972,6,0.336859,0.359081,416.752514,0,0.013103,0.011542,15,0.000258,30,0.653782,0.074119
36113,Warren County,,NY,4707,74047,78754,11,7,18,3125,2771,5896,7,0.273061,0.285516,37.576965,0,0.003322,0.000657,107,0.00018,30,0.654545,0.01707
36115,Washington County,,NY,3635,61471,65106,9,7,16,2598,2529,5127,7,0.273216,0.285861,33.17905,0,0.001435,0.000589,107,0.000179,30,0.513889,0.008518
36117,Wayne County,,NY,5681,109953,115634,10,12,22,3793,3718,7511,6,0.308791,0.325472,87.069014,0,0.001742,0.002901,107,0.000173,30,0.544872,0.009333
36119,Westchester County,,NY,57252,1025584,1082836,90,156,246,40702,50189,90891,6,0.397204,0.438992,5695.650412,0,0.051129,0.075889,15,0.000822,30,0.476101,0.331525
36121,Wyoming County,,NY,2236,42707,44943,6,6,12,1653,1540,3193,6,0.292225,0.306274,2.321493,0,0.001218,0.000944,107,0.00013,30,0.8,0.006709
36123,Yates County,,NY,1437,23562,24999,5,6,11,756,835,1591,6,0.285799,0.29981,56.990804,0,0.000662,0.000523,107,0.000118,30,0.690476,0.003841
37001,Alamance County,,NC,8136,163985,172121,21,19,40,5243,4712,9955,6,0.31323,0.33147,461.632358,0,0.008262,0.004637,108,0.000344,30,0.541667,0.061684
37003,Alexander County,,NC,2479,39467,41946,6,6,12,1880,1543,3423,6,0.302442,0.317069,0.880826,0,0.000922,0.000972,108,0.000133,30,0.933333,0.00735
37005,Alleghany County,,NC,592,11715,12307,4,3,7,217,181,398,7,0.234447,0.241971,1788.973718,0,0.000032,0.000016,108,0.00019,30,0.333333,0.000625
37007,Anson County,,NC,1351,27662,29013,5,5,10,828,782,1610,6,0.301938,0.316368,1.2,0,0.000823,0.000935,108,0.000126,30,0.75,0.006932
37009,Ashe County,,NC,1070,26423,27493,5,3,8,473,382,855,7,0.234675,0.24246,888.539874,0,0.000775,0.000039,108,0.000179,30,0.5,0.006443
37011,Avery County,,NC,1397,18114,19511,5,4,9,492,506,998,7,0.26663,0.277761,67.872972,0,0.00088,0.000321,108,0.000159,30,0.3,0.006479
37013,Beaufort County,,NC,3026,54818,57844,9,9,18,1534,1584,3118,6,0.29938,0.3147,9836.586295,0,0.001772,0.001486,108,0.000217,30,0.44697,0.012333
37015,Bertie County,,NC,1211,22907,24118,2,5,7,354,593,947,7,0.244165,0.253755,16.343744,0,0.000014,0.000068,108,0.000093,30,0.3,0.000242
37017,Bladen County,,NC,3313,44834,48147,9,13,22,1868,2197,4065,6,0.310978,0.327979,30.211954,0,0.001668,0.003146,108,0.000191,30,0.621795,0.013267
37019,Brunswick County,,NC,5004,77318,82322,25,11,36,3721,2312,6033,6,0.312824,0.329946,111.26531,0,0.008296,0.003861,108,0.000357,30,0.51,0.058419
37021,Buncombe County,,NC,14361,237058,251419,80,61,141,9293,8291,17584,6,0.36293,0.392086,42702.742523,0,0.035154,0.024529,108,0.001302,30,0.405372,0.266106
37023,Burke County,,NC,5738,101256,106994,13,17,30,2893,3535,6428,6,0.306245,0.323735,235.039077,0,0.001649,0.003546,108,0.000242,30,0.526316,0.014055
37025,Cabarrus County,,NC,13812,186743,200555,43,26,69,11917,8763,20680,6,0.32351,0.345129,678.996271,0,0.017362,0.008879,108,0.000567,30,0.505797,0.120306
37027,Caldwell County,,NC,4535,94646,99181,8,10,18,2854,2567,5421,6,0.305599,0.321779,10.878467,0,0.001362,0.00211,108,0.00017,30,0.763636,0.010735
37029,Camden County,,NC,787,10053,10840,6,3,9,705,340,1045,7,0.234694,0.241946,1435.804731,0,0.001279,0.000023,181,0.000191,30,0.7,0.009434
37031,Carteret County,,NC,4848,65497,70345,14,12,26,2118,2108,4226,6,0.331086,0.349649,40.746906,0,0.004541,0.004062,5,0.000235,30,0.728758,0.03391
37033,Caswell County,,NC,2009,30124,32133,8,6,14,1569,1451,3020,6,0.287643,0.300661,2117.685842,0,0.001587,0.000533,108,0.000179,30,0.607143,0.012808
37035,Catawba County,,NC,12278,188567,200845,26,32,58,7413,7973,15386,6,0.343406,0.366598,2697.210004,0,0.006604,0.010262,108,0.000414,30,0.44239,0.051529
37037,Chatham County,,NC,6458,80505,86963,18,14,32,7589,4077,11666,6,0.315171,0.333184,61.049899,0,0.006154,0.004153,108,0.000288,30,0.679739,0.046009
37039,Cherokee County,,NC,1349,24587,25936,6,5,11,353,329,682,7,0.226548,0.234167,7626.093484,0,0.002108,0.0001,18,0.000254,30,0.194444,0.016377
37041,Chowan County,,NC,915,16158,17073,4,4,8,281,345,626,6,0.298979,0.313406,962.677272,0,0.000024,0.000852,181,0.000164,30,0.266667,0.000502
37043,Clay County,,NC,541,8821,9362,2,2,4,201,147,348,8,0.184739,0.188918,4.072111,0,0.000001,0.000023,18,0.00018,30,0,0.000351
37045,Cleveland County,,NC,6513,123346,129859,13,18,31,4120,4243,8363,6,0.311848,0.330049,212.452825,0,0.002024,0.004517,108,0.00024,30,0.568421,0.017366
37047,Columbus County,,NC,2275,53396,55671,6,8,14,1038,1259,2297,6,0.310711,0.326973,1.361732,0,0.001113,0.002894,108,0.000146,30,0.928571,0.009375
37049,Craven County,,NC,13003,102003,115006,39,43,82,4752,5907,10659,6,0.363933,0.390919,5795.081257,0,0.016507,0.020221,5,0.000532,30,0.50549,0.115209
37051,Cumberland County,,NC,49414,313574,362988,197,185,382,29040,31737,60777,5,0.421834,0.464004,50112.806347,0,0.079458,0.07493,108,0.002298,30,0.295466,0.557213
37053,Currituck County,,NC,1551,18612,20163,8,5,13,1487,833,2320,6,0.298394,0.312129,815.927596,0,0.001403,0.000981,181,0.000219,30,0.678571,0.010621
37055,Dare County,,NC,2289,33732,36021,12,7,19,871,602,1473,6,0.315755,0.332637,3034.139265,0,0.003885,0.002678,181,0.00028,30,0.530303,0.029
37057,Davidson County,,NC,11103,201930,213033,22,24,46,8340,7462,15802,6,0.33871,0.359978,3452.520127,0,0.005211,0.005998,108,0.000368,30,0.466931,0.039681
37059,Davie County,,NC,2435,39686,42121,8,8,16,1780,1331,3111,6,0.302821,0.317874,21.47668,0,0.002265,0.001753,108,0.00016,30,0.888889,0.017927
37061,Duplin County,,NC,2885,52572,55457,11,11,22,1630,1847,3477,6,0.309252,0.325431,22.45896,0,0.003079,0.00272,108,0.000183,30,0.689394,0.022192
37063,Durham County,,NC,23134,237530,260664,108,86,194,17421,16937,34358,6,0.383587,0.416977,15750.843299,0,0.054522,0.043694,108,0.001292,30,0.486148,0.370345
37065,Edgecombe County,,NC,5146,66334,71480,8,9,17,3363,3843,7206,6,0.305503,0.321682,417.314866,0,0.001384,0.002201,108,0.000177,30,0.622222,0.010519
37067,Forsyth County,,NC,21495,331931,353426,87,63,150,14707,14666,29373,6,0.378774,0.409282,21215.363068,0,0.038163,0.028977,108,0.00118,30,0.41917,0.273235
37069,Franklin County,,NC,4305,58878,63183,12,8,20,4535,2563,7098,6,0.298948,0.313837,279.303161,0,0.002659,0.001379,108,0.000266,30,0.507576,0.02173
37071,Gaston County,,NC,13184,220427,233611,26,26,52,8557,9081,17638,6,0.31641,0.336865,413.822109,0,0.008639,0.006465,108,0.000403,30,0.554435,0.068259
37073,Gates County,,NC,628,10248,10876,5,4,9,323,225,548,6,0.298517,0.312215,864.810914,0,0.00071,0.000729,181,0.000116,30,0.47619,0.005432
37075,Graham County,,NC,325,8300,8625,2,0,2,91,0,91,0,0,0,0,0,0.000004,0,108,0.000129,12,0,0.000317
37077,Granville County,,NC,3436,51596,55032,11,7,18,3099,2077,5176,6,0.298948,0.313722,304.736319,0,0.002469,0.001454,108,0.000259,30,0.490909,0.020375
37079,Greene County,,NC,2142,25283,27425,5,6,11,1460,1446,2906,6,0.300062,0.314792,0.582479,0,0.000265,0.000992,108,0.00012,30,0.9,0.00199
37081,Guilford County,,NC,32372,463982,496354,136,122,258,21956,24001,45957,5,0.402277,0.439159,66905.761205,0,0.053109,0.052125,108,0.001772,30,0.311452,0.371771
37083,Halifax County,,NC,3256,60301,63557,10,12,22,1392,1838,3230,6,0.300591,0.316874,6863.279399,0,0.001939,0.002075,108,0.000263,30,0.368132,0.014332
37085,Harnett County,,NC,9220,111082,120302,19,17,36,10056,5732,15788,6,0.317554,0.33595,124.903277,0,0.006025,0.005292,108,0.000298,30,0.536797,0.04444
37087,Haywood County,,NC,3030,59420,62450,11,6,17,1432,1032,2464,6,0.305245,0.320991,1716.417329,0,0.00505,0.001963,108,0.000263,30,0.575758,0.039804
37089,Henderson County,,NC,5449,89961,95410,17,10,27,3012,2246,5258,6,0.305728,0.322285,572.113631,0,0.006404,0.00277,108,0.000363,30,0.496732,0.050279
37091,Hertford County,,NC,1468,22561,24029,4,6,10,503,618,1121,6,0.299164,0.313923,3119.098521,0,0.000731,0.000868,108,0.000146,30,0.333333,0.005818
37093,Hoke County,,NC,5053,36735,41788,14,9,23,3377,2596,5973,6,0.325911,0.34257,134.344738,0,0.0048,0.003892,108,0.000225,30,0.543956,0.03543
37095,Hyde County,,NC,328,5112,5440,1,1,2,90,42,132,7,0.24004,0.247188,0.535354,0,0.000012,0.000032,108,0.000071,30,0,0.000195
37097,Iredell County,,NC,8673,144514,153187,25,26,51,5919,5123,11042,6,0.338354,0.359765,6163.272338,0,0.00729,0.005216,108,0.000375,30,0.378788,0.051161
37099,Jackson County,,NC,2376,29754,32130,7,6,13,911,950,1861,7,0.266581,0.277888,507.482072,0,0.001757,0.000425,108,0.000243,30,0.535714,0.01526
37101,Johnston County,,NC,9092,139990,149082,26,20,46,8923,5818,14741,6,0.315446,0.334633,1190.168342,0,0.007128,0.005144,108,0.00042,30,0.460317,0.051356
37103,Jones County,,NC,1027,12523,13550,3,3,6,530,496,1026,6,0.292875,0.306136,0,0,0.000782,0.000615,5,0.000079,30,1,0.004455
37105,Lee County,,NC,6292,43106,49398,5,8,13,1483,4539,6022,6,0.310777,0.327059,0.952877,0,0.001438,0.003286,108,0.000122,30,0.964286,0.011398
37107,Lenoir County,,NC,3460,62234,65694,8,14,22,1613,2130,3743,6,0.313297,0.330924,220.456655,0,0.001671,0.003919,108,0.000159,30,0.615385,0.011236
37109,Lincoln County,,NC,2892,37806,40698,5,7,12,2237,2060,4297,6,0.302411,0.317156,0.321501,0,0.000947,0.00118,108,0.000111,30,0.904762,0.00765
37111,McDowell County,,NC,2021,41687,43708,4,7,11,955,1001,1956,7,0.267417,0.279165,10.154876,0,0.000246,0.000383,108,0.000131,30,0.571429,0.002718
37113,Macon County,,NC,2058,32020,34078,10,5,15,671,434,1105,6,0.289597,0.303249,6057.326858,0,0.004621,0.001068,108,0.000262,30,0.469697,0.036569
37115,Madison County,,NC,1460,19767,21227,2,4,6,858,797,1655,7,0.266605,0.277715,7.827469,0,0.000202,0.000383,108,0.000102,30,0.4,0.002314
37117,Martin County,,NC,1396,26222,27618,5,6,11,641,785,1426,6,0.299133,0.313895,655.771374,0,0.000102,0.000867,108,0.000154,30,0.466667,0.001076
37119,Mecklenburg County,,NC,61247,763706,824953,290,234,524,56146,51837,107983,5,0.43215,0.478439,209866.718113,0,0.101276,0.08985,108,0.003563,30,0.214741,0.694288
37121,Mitchell County,,NC,805,16734,17539,4,4,8,360,314,674,7,0.266434,0.27737,6.542361,0,0.000208,0.000297,108,0.000152,30,0.5,0.002572
37123,Montgomery County,,NC,1689,30351,32040,6,6,12,780,905,1685,6,0.302379,0.317202,3.197836,0,0.001255,0.001367,108,0.000137,30,0.733333,0.010023
37125,Moore County,,NC,4557,80879,85436,18,17,35,2533,1966,4499,6,0.311211,0.328842,267.386373,0,0.006523,0.003978,108,0.000299,30,0.510823,0.047736
37127,Nash County,,NC,8157,100683,108840,17,13,30,5575,5457,11032,6,0.306732,0.323499,78.813251,0,0.004521,0.003252,108,0.000294,30,0.578947,0.034434
37129,New Hanover County,,NC,13675,168197,181872,65,56,121,9223,8260,17483,6,0.369784,0.398953,6527.756753,0,0.026141,0.023629,108,0.000861,30,0.412587,0.18341
37131,Northampton County,,NC,1483,22176,23659,5,3,8,722,691,1413,6,0.298855,0.313061,1471.582071,0,0.000684,0.000807,108,0.000147,30,0.366667,0.0052
37133,Onslow County,,NC,32205,147407,179612,125,160,285,14559,17577,32136,5,0.413704,0.454239,27710.082059,0,0.057391,0.071862,5,0.001459,30,0.361779,0.400999
37135,Orange County,,NC,16970,88702,105672,39,36,75,6564,12001,18565,6,0.367533,0.39472,1544.949375,0,0.020598,0.020443,108,0.000494,30,0.620748,0.140768
37137,Pamlico County,,NC,829,12830,13659,3,2,5,355,337,692,7,0.266998,0.277102,0,0,0.000895,0.000149,5,0.000095,30,1,0.006656
37139,Pasquotank County,,NC,2507,33892,36399,9,10,19,1253,1136,2389,6,0.306569,0.322889,7816.297106,0,0.001361,0.002186,181,0.000303,30,0.477778,0.010355
37141,Pender County,,NC,2912,37906,40818,6,6,12,2280,1786,4066,6,0.304092,0.319191,2.011952,0,0.001575,0.001572,108,0.000139,30,0.866667,0.011323
37143,Perquimans County,,NC,901,11393,12294,3,3,6,433,438,871,7,0.234694,0.241946,1.25,0,0.000025,0.000022,181,0.000166,30,0.666667,0.000444
37145,Person County,,NC,1731,37281,39012,7,8,15,1333,983,2316,6,0.29969,0.314832,1288.50758,0,0.001298,0.00193,108,0.000183,30,0.589286,0.010815
37147,Pitt County,,NC,9287,128304,137591,30,31,61,5555,5201,10756,6,0.32243,0.344456,10974.894099,0,0.006814,0.008699,108,0.000548,30,0.342817,0.050295
37149,Polk County,,NC,1337,21489,22826,5,5,10,723,706,1429,6,0.282181,0.294968,0.526396,0,0.000658,0.000847,108,0.000147,30,0.9,0.006596
37151,Randolph County,,NC,7469,125348,132817,13,12,25,4983,4791,9774,6,0.305406,0.321883,23.98898,0,0.00335,0.002949,108,0.000237,30,0.620879,0.026247
37153,Richmond County,,NC,2303,50110,52413,12,12,24,1057,1205,2262,6,0.310978,0.327864,686.500361,0,0.002643,0.002851,108,0.000224,30,0.5,0.020599
37155,Robeson County,,NC,4917,115838,120755,15,15,30,2543,2872,5415,6,0.311379,0.328899,247.00904,0,0.003438,0.003956,108,0.00026,30,0.514706,0.027483
37157,Rockingham County,,NC,4431,91673,96104,12,11,23,2866,2760,5626,6,0.305793,0.322343,288.212541,0,0.00226,0.002518,108,0.00025,30,0.537879,0.018577
37159,Rowan County,,NC,7593,122852,130445,13,20,33,4718,4825,9543,6,0.318007,0.337687,58.860347,0,0.002818,0.00643,108,0.000233,30,0.666667,0.023338
37161,Rutherford County,,NC,2887,61437,64324,9,10,19,1359,1536,2895,6,0.302916,0.318639,134.335633,0,0.001165,0.001774,108,0.000206,30,0.581818,0.01084
37163,Sampson County,,NC,3023,51406,54429,7,10,17,1439,1778,3217,6,0.311044,0.327663,4.889356,0,0.001558,0.003101,108,0.000143,30,0.833333,0.011941
37165,Scotland County,,NC,2421,38642,41063,7,10,17,900,1346,2246,6,0.310911,0.327519,342.609785,0,0.00148,0.002869,108,0.000152,30,0.711111,0.011829
37167,Stanly County,,NC,3454,59454,62908,7,10,17,1627,2176,3803,6,0.305342,0.321538,16.651011,0,0.000959,0.002357,108,0.000162,30,0.655556,0.008392
37169,Stokes County,,NC,4196,56217,60413,7,8,15,2941,3061,6002,6,0.288818,0.302243,2525.800243,0,0.000754,0.000824,108,0.000181,30,0.535714,0.00649
37171,Surry County,,NC,3945,67452,71397,10,10,20,2824,2619,5443,6,0.302821,0.318352,10019.766734,0,0.001519,0.001634,108,0.000271,30,0.454545,0.012725
37173,Swain County,,NC,994,16785,17779,3,4,7,359,500,859,7,0.266458,0.277399,51.305783,0,0.000028,0.000342,108,0.000167,30,0.5,0.000987
37175,Transylvania County,,NC,1836,31707,33543,4,4,8,547,678,1225,6,0.282154,0.294767,14.003239,0,0.000958,0.000722,108,0.000147,30,0.8,0.008641
37177,Tyrrell County,,NC,294,4111,4405,1,1,2,43,47,90,8,0.196169,0.200832,0,0,0.000001,0,108,0.000086,30,0,0.000095
37179,Union County,,NC,8267,136046,144313,24,19,43,9345,4936,14281,6,0.307643,0.325518,373.256178,0,0.008487,0.004271,108,0.000356,30,0.562678,0.060646
37181,Vance County,,NC,3294,48095,51389,6,6,12,1411,2221,3632,6,0.298794,0.313348,6.11676,0,0.001528,0.001335,108,0.000172,30,0.714286,0.012235
37183,Wake County,,NC,51662,675324,726986,262,217,479,49406,42145,91551,5,0.425676,0.471187,172394.494137,0,0.09639,0.088157,108,0.003351,30,0.2388,0.664486
37185,Warren County,,NC,883,14128,15011,4,5,9,434,573,1007,6,0.298824,0.313262,2.086806,0,0.000757,0.000855,108,0.000135,30,0.8,0.00613
37187,Washington County,,NC,780,14407,15187,3,4,7,195,334,529,7,0.244022,0.253336,5839,0,0.000019,0.000071,108,0.000166,30,0.5,0.000388
37189,Watauga County,,NC,3515,35119,38634,15,14,29,1357,1544,2901,6,0.306148,0.32316,4026.558078,0,0.003614,0.003025,108,0.000321,30,0.518382,0.028699
37191,Wayne County,,NC,9207,106813,116020,22,33,55,3388,4508,7896,6,0.346734,0.369859,2379.005478,0,0.006432,0.011887,108,0.000343,30,0.424925,0.048842
37193,Wilkes County,,NC,2912,73769,76681,11,13,24,1529,1616,3145,6,0.305761,0.322412,6427.301993,0,0.001168,0.002249,108,0.000303,30,0.480769,0.010302
37195,Wilson County,,NC,4195,72303,76498,13,11,24,2615,2616,5231,6,0.306569,0.32301,290.89239,0,0.003378,0.002916,108,0.000225,30,0.6375,0.023905
37197,Yadkin County,,NC,2010,40525,42535,8,8,16,1594,1416,3010,6,0.302411,0.31746,15.893326,0,0.000804,0.001284,108,0.000183,30,0.763889,0.007067
37199,Yancey County,,NC,879,18681,19560,3,3,6,287,353,640,7,0.266409,0.277198,1.309524,0,0.000205,0.00029,108,0.000117,30,0.666667,0.002431
38001,Adams County,,ND,189,2776,2965,0,0,0,0,0,0,0,0,0,0,99,0,0,109,0.000051,170,0,0
38003,Barnes County,,ND,807,13209,14016,2,2,4,181,299,480,7,0.262381,0.271681,0,0,0.000073,0.000032,113,0.00011,30,1,0.000512
38005,Benson County,,ND,523,7689,8212,1,2,3,72,171,243,7,0.251519,0.259825,0,0,0.000001,0.000018,113,0.000079,30,0.5,0.0001
38007,Billings County,,ND,69,1058,1127,0,0,0,0,0,0,0,0,0,0,100,0,0,110,0.000051,171,0,0
38009,Bottineau County,,ND,530,8262,8792,1,1,2,79,149,228,7,0.257852,0.266726,0,0,0.000062,0.000022,113,0.000071,30,0,0.000282
38011,Bowman County,,ND,223,4138,4361,0,0,0,0,0,0,0,0,0,0,101,0,0,111,0.000051,172,0,0
38013,Burke County,,ND,194,3002,3196,0,0,0,0,0,0,0,0,0,0,102,0,0,112,0.000051,173,0,0
38015,Burleigh County,,ND,5070,83087,88157,23,16,39,3473,2684,6157,6,0.335844,0.356246,46862.655869,0,0.002091,0.002202,113,0.000853,30,0.129231,0.016936
38017,Cass County,,ND,10867,143614,154481,43,38,81,6911,6404,13315,6,0.355626,0.380366,73809.597966,0,0.003896,0.008193,113,0.00135,30,0.146052,0.031244
38019,Cavalier County,,ND,295,6013,6308,0,1,1,0,45,45,7,0.255689,0.264674,0,0,0,0.00004,113,0.000051,174,0,0
38021,Dickey County,,ND,515,6504,7019,0,2,2,0,108,108,7,0.263019,0.272685,0,0,0,0.000033,96,0.000051,175,0.5,0
38023,Divide County,,ND,127,2655,2782,0,0,0,0,0,0,0,0,0,0,103,0,0,114,0.000051,176,0,0
38025,Dunn County,,ND,231,3942,4173,1,1,2,42,72,114,8,0.211194,0.216439,0,0,0.000001,0,113,0.000076,30,0,0.000096
38027,Eddy County,,ND,206,2898,3104,0,0,0,0,0,0,0,0,0,0,104,0,0,115,0.000051,177,0,0
38029,Emmons County,,ND,242,4806,5048,0,1,1,0,47,47,7,0.251475,0.259592,0,0,0,0.000017,113,0.000051,178,0,0
38031,Foster County,,ND,278,4301,4579,0,0,0,0,0,0,0,0,0,0,105,0,0,116,0.000051,179,0,0
38033,Golden Valley County,,ND,130,2175,2305,0,0,0,0,0,0,0,0,0,0,106,0,0,117,0.000051,180,0,0
38035,Grand Forks County,,ND,7470,69415,76885,23,27,50,2506,3058,5564,6,0.343406,0.366718,34979.687125,0,0.004947,0.006352,113,0.00064,30,0.21371,0.038579
38037,Grant County,,ND,196,3367,3563,0,1,1,0,42,42,7,0.251475,0.259592,0,0,0,0.000017,113,0.000051,181,0,0
38039,Griggs County,,ND,212,3134,3346,0,1,1,0,45,45,7,0.2624,0.271587,0,0,0,0.000032,113,0.000051,182,0,0
38041,Hettinger County,,ND,153,3284,3437,1,0,1,44,0,44,0,0,0,0,0,0.000001,0,113,0.000076,21,0,0.000096
38043,Kidder County,,ND,200,3153,3353,0,1,1,0,49,49,7,0.251475,0.259592,0,0,0,0.000017,113,0.000051,183,0,0
38045,LaMoure County,,ND,262,5557,5819,0,1,1,0,49,49,7,0.2624,0.271587,0,0,0,0.000032,113,0.000051,184,0,0
38047,Logan County,,ND,143,2579,2722,0,0,0,0,0,0,0,0,0,0,107,0,0,118,0.000051,185,0,0
38049,McHenry County,,ND,481,6808,7289,1,1,2,148,160,308,7,0.257852,0.266726,0,0,0.000062,0.000022,113,0.000071,30,0,0.000282
38051,McIntosh County,,ND,206,3956,4162,0,1,1,0,40,40,7,0.251475,0.259592,0,0,0,0.000017,113,0.000051,186,0,0
38053,McKenzie County,,ND,343,5293,5636,1,1,2,58,49,107,8,0.205488,0.210202,0,0,0,0.000001,113,0.000092,30,0,0.000097
38055,McLean County,,ND,698,11146,11844,2,3,5,168,340,508,7,0.258565,0.268014,16.450487,0,0.00008,0.000039,113,0.000116,30,0.666667,0.000546
38057,Mercer County,,ND,664,10755,11419,3,3,6,178,223,401,7,0.262786,0.272463,14.524524,0,0.000019,0.00005,113,0.000181,30,0.666667,0.00047
38059,Morton County,,ND,2382,29276,31658,6,4,10,1304,1368,2672,7,0.264633,0.274982,58.150734,0,0.000199,0.000089,113,0.000243,30,0.666667,0.001578
38061,Mountrail County,,ND,575,7890,8465,3,4,7,145,276,421,7,0.258611,0.268244,5839,0,0.00008,0.00004,113,0.000194,30,0.5,0.000635
38063,Nelson County,,ND,303,4286,4589,0,1,1,0,54,54,7,0.2624,0.271587,0,0,0,0.000032,113,0.000051,187,0,0
38065,Oliver County,,ND,160,2621,2781,0,1,1,0,81,81,7,0.251475,0.259592,0,0,0,0.000017,113,0.000051,188,0,0
38067,Pembina County,,ND,589,10453,11042,1,3,4,60,206,266,7,0.264247,0.274257,0,0,0.000001,0.000072,113,0.000077,30,0.833333,0.000094
38069,Pierce County,,ND,339,5469,5808,0,0,0,0,0,0,0,0,0,0,108,0,0,119,0.000051,189,0,0
38071,Ramsey County,,ND,906,13836,14742,3,4,7,225,328,553,7,0.264658,0.275039,3003.007318,0,0.000119,0.000089,113,0.000135,30,0.583333,0.000929
38073,Ransom County,,ND,390,6490,6880,2,1,3,133,123,256,7,0.262357,0.271508,0,0,0.000067,0.000032,113,0.000095,30,0.5,0.0005
38075,Renville County,,ND,196,3207,3403,1,1,2,93,75,168,7,0.257852,0.266726,0,0,0.000062,0.000022,113,0.000071,30,0,0.000282
38077,Richland County,,ND,1645,19792,21437,3,6,9,460,754,1214,6,0.306342,0.321153,286.281447,0,0.000067,0.000729,113,0.000138,30,0.547619,0.000601
38079,Rolette County,,ND,801,14527,15328,3,5,8,170,382,552,7,0.267639,0.278524,2943,0,0.00018,0.000111,113,0.000121,30,0.6,0.001122
38081,Sargent County,,ND,292,5453,5745,0,3,3,0,131,131,7,0.262448,0.271932,0,0,0,0.000033,113,0.000051,190,0.666667,0
38083,Sheridan County,,ND,100,1996,2096,0,0,0,0,0,0,0,0,0,0,109,0,0,120,0.000051,191,0,0
38085,Sioux County,,ND,239,3469,3708,1,1,2,70,65,135,7,0.251432,0.259509,0,0,0.000018,0.000017,113,0.000096,30,0,0.000264
38087,Slope County,,ND,39,663,702,0,0,0,0,0,0,0,0,0,0,110,0,0,121,0.000051,192,0,0
38089,Stark County,,ND,1647,26379,28026,3,7,10,221,568,789,7,0.267714,0.278926,8784.560229,0,0.000019,0.000113,113,0.00021,30,0.446429,0.000461
38091,Steele County,,ND,201,3022,3223,0,1,1,0,47,47,7,0.2624,0.271587,0,0,0,0.000032,113,0.000051,193,0,0
38093,Stutsman County,,ND,1455,24632,26087,3,5,8,299,551,850,6,0.306764,0.321515,172.643174,0,0.000085,0.000748,113,0.000173,30,0.7,0.000772
38095,Towner County,,ND,233,3451,3684,1,0,1,42,0,42,0,0,0,0,0,0.000001,0,113,0.000071,20,0,0.000102
38097,Traill County,,ND,607,9237,9844,2,2,4,206,240,446,7,0.264199,0.274027,0,0,0.000118,0.000072,113,0.000101,30,1,0.00084
38099,Walsh County,,ND,918,14445,15363,2,3,5,187,380,567,7,0.264247,0.274257,2942,0,0.000052,0.000072,113,0.000093,30,0.666667,0.000516
38101,Ward County,,ND,6934,66752,73686,18,25,43,1767,2497,4264,6,0.347399,0.3706,34687.653957,0,0.002711,0.007577,113,0.000586,30,0.279557,0.021395
38103,Wells County,,ND,297,5882,6179,0,0,0,0,0,0,0,0,0,0,111,0,0,122,0.000051,194,0,0
38105,Williams County,,ND,1148,23344,24492,6,4,10,340,304,644,7,0.266851,0.277339,272.729299,0,0.000148,0.000071,113,0.000233,30,0.333333,0.00124
39001,Adams County,,OH,1845,36842,38687,8,10,18,1380,1256,2636,6,0.307317,0.323211,32.667148,0,0.001068,0.001891,123,0.000171,30,0.709091,0.006395
39003,Allen County,,OH,6162,132727,138889,15,20,35,2853,3329,6182,6,0.33565,0.356999,914.30887,0,0.003157,0.00479,123,0.000237,30,0.455263,0.020143
39005,Ashland County,,OH,3846,65199,69045,11,12,23,2485,2367,4852,6,0.306148,0.322521,236.32681,0,0.002304,0.002036,123,0.000183,30,0.621212,0.014777
39007,Ashtabula County,,OH,5495,123627,129122,12,12,24,3226,2992,6218,6,0.334874,0.354285,127.623692,0,0.003746,0.003283,123,0.000157,30,0.75,0.024088
39009,Athens County,,OH,4579,58014,62593,17,17,34,1948,2301,4249,6,0.333448,0.353307,1084.461347,0,0.003086,0.003411,123,0.000368,30,0.344737,0.020326
39011,Auglaize County,,OH,3295,57451,60746,10,10,20,1903,2030,3933,6,0.305987,0.321814,146.233244,0,0.001274,0.001202,123,0.000187,30,0.622222,0.009236
39013,Belmont County,,OH,3166,84575,87741,11,10,21,2090,1757,3847,6,0.30748,0.324442,6843.601251,0,0.001729,0.001792,126,0.000241,30,0.371795,0.012357
39015,Brown County,,OH,3377,48674,52051,10,8,18,3169,2620,5789,6,0.295684,0.309035,2900.425509,0,0.001616,0.000954,123,0.00019,30,0.7,0.010201
39017,Butler County,,OH,26370,394387,420757,52,68,120,19936,19137,39073,5,0.389726,0.420715,13950.455143,0,0.025164,0.034322,123,0.000692,30,0.508468,0.176013
39019,Carroll County,,OH,2540,39675,42215,9,7,16,2049,1860,3909,6,0.302537,0.31784,114.769318,0,0.002201,0.001183,123,0.000151,30,0.708333,0.01391
39021,Champaign County,,OH,3851,55939,59790,9,10,19,2849,2744,5593,6,0.305728,0.321383,15.864941,0,0.001382,0.001567,123,0.000174,30,0.7,0.010235
39023,Clark County,,OH,8604,163379,171983,16,17,33,4855,5333,10188,6,0.338117,0.358931,809.772657,0,0.004858,0.004668,123,0.000266,30,0.521053,0.03531
39025,Clermont County,,OH,17238,249538,266776,29,33,62,14275,12475,26750,6,0.36375,0.389257,2538.004871,0,0.013484,0.015798,123,0.000405,30,0.611862,0.091606
39027,Clinton County,,OH,3852,55439,59291,11,11,22,2947,2625,5572,6,0.30735,0.323384,50.113358,0,0.002425,0.002219,123,0.000197,30,0.754545,0.016153
39029,Columbiana County,,OH,5659,130330,135989,13,15,28,3400,3424,6824,6,0.313602,0.332327,130.858213,0,0.00315,0.004194,123,0.000188,30,0.5125,0.019682
39031,Coshocton County,,OH,2303,50336,52639,10,9,19,1633,1412,3045,6,0.302537,0.31807,133.255042,0,0.001373,0.000994,123,0.000199,30,0.590909,0.009403
39033,Crawford County,,OH,3624,66651,70275,9,8,17,2104,2208,4312,6,0.302442,0.317782,500.300343,0,0.001033,0.001036,123,0.000184,30,0.541667,0.008072
39035,Cuyahoga County,,OH,66634,1577230,1643864,179,206,385,38908,56107,95015,5,0.427686,0.471446,52676.415668,0,0.081779,0.088824,123,0.001924,30,0.331192,0.556622
39037,Darke County,,OH,2843,68290,71133,9,10,19,1579,1739,3318,6,0.307578,0.323671,335.164598,0,0.000635,0.001629,123,0.000172,30,0.481818,0.004836
39039,Defiance County,,OH,2952,52255,55207,9,10,19,1450,1672,3122,6,0.30406,0.32056,150.024658,0,0.000623,0.001226,52,0.000179,30,0.536364,0.003904
39041,Delaware County,,OH,17958,202454,220412,63,51,114,24210,13181,37391,5,0.370683,0.398666,9477.606506,0,0.025861,0.023735,123,0.000793,30,0.435883,0.177659
39043,Erie County,,OH,5629,99863,105492,11,14,25,3045,3271,6316,6,0.347774,0.369237,305.997654,0,0.002558,0.005531,123,0.000173,30,0.675,0.01589
39045,Fairfield County,,OH,12456,173930,186386,22,19,41,11739,8775,20514,6,0.33733,0.358109,729.359837,0,0.003813,0.00477,123,0.000365,30,0.388333,0.024608
39047,Fayette County,,OH,2163,33543,35706,8,8,16,1310,1409,2719,6,0.303805,0.319203,13.509815,0,0.000967,0.001003,123,0.000173,30,0.535714,0.007673
39049,Franklin County,,OH,82136,1185711,1267847,266,253,519,61082,70725,131807,5,0.43299,0.481315,298502.871125,0,0.092523,0.090545,123,0.003346,30,0.205744,0.63109
39051,Fulton County,,OH,3033,54172,57205,7,7,14,2149,1863,4012,6,0.302916,0.318473,14.125753,0,0.000444,0.00105,52,0.000131,30,0.625,0.002781
39053,Gallia County,,OH,1805,36187,37992,7,7,14,877,888,1765,6,0.302758,0.318127,252.836197,0,0.000783,0.000813,123,0.000239,30,0.482143,0.006153
39055,Geauga County,,OH,6297,111546,117843,7,11,18,4886,3970,8856,6,0.331693,0.350541,11.48404,0,0.002158,0.003065,123,0.000111,30,0.9,0.01315
39057,Greene County,,OH,16163,168129,184292,38,35,73,10847,10835,21682,5,0.365356,0.391379,3853.240886,0,0.017586,0.016231,123,0.000506,30,0.510145,0.125763
39059,Guernsey County,,OH,2338,50100,52438,11,10,21,1317,1265,2582,6,0.302695,0.318403,3023.162709,0,0.002086,0.001215,123,0.000221,30,0.469697,0.013767
39061,Hamilton County,,OH,56645,934020,990665,119,151,270,30912,47187,78099,5,0.418242,0.456499,55604.415298,0,0.055125,0.073455,123,0.001424,30,0.386791,0.378128
39063,Hancock County,,OH,4789,88607,93396,12,14,26,2743,2480,5223,6,0.313128,0.33162,1347.440641,0,0.002323,0.002759,52,0.000205,30,0.472527,0.015438
39065,Hardin County,,OH,2196,35617,37813,8,8,16,1138,1256,2394,6,0.302695,0.318185,403.028086,0,0.00085,0.000838,123,0.000168,30,0.571429,0.006528
39067,Harrison County,,OH,1110,18451,19561,5,6,11,719,735,1454,6,0.3026,0.317771,4.054348,0,0.000216,0.000941,123,0.000128,30,0.733333,0.001769
39069,Henry County,,OH,1929,36373,38302,7,8,15,1385,1175,2560,6,0.303011,0.31876,4.968171,0,0.000421,0.001048,52,0.000142,30,0.714286,0.002677
39071,Highland County,,OH,2736,41434,44170,13,12,25,2318,1976,4294,6,0.307382,0.323556,82.208539,0,0.002441,0.002033,123,0.000237,30,0.608974,0.016485
39073,Hocking County,,OH,2104,31418,33522,7,7,14,1728,1597,3325,6,0.302379,0.317552,3.116667,0,0.000834,0.000842,123,0.000177,30,0.714286,0.006448
39075,Holmes County,,OH,1688,41676,43364,6,5,11,1109,1079,2188,7,0.267319,0.277994,1.7,0,0.000228,0.000192,123,0.000135,30,0.666667,0.001961
39077,Huron County,,OH,4358,80485,84843,13,12,25,3022,2741,5763,6,0.306504,0.323154,19.482083,0,0.002194,0.001897,123,0.000206,30,0.634615,0.014413
39079,Jackson County,,OH,1855,37534,39389,10,7,17,1208,1051,2259,6,0.302537,0.317782,13.808538,0,0.000859,0.00082,123,0.000251,30,0.533333,0.006916
39081,Jefferson County,,OH,3523,77789,81312,9,12,21,1417,1869,3286,6,0.30748,0.324701,224.331493,0,0.001582,0.001959,126,0.000208,30,0.515152,0.011397
39083,Knox County,,OH,3494,66848,70342,10,10,20,2506,2012,4518,6,0.302505,0.318127,82.565428,0,0.001101,0.001334,123,0.000197,30,0.507576,0.008579
39085,Lake County,,OH,13093,282383,295476,21,28,49,9278,9139,18417,6,0.361617,0.386404,252.462228,0,0.009161,0.015344,123,0.000247,30,0.710685,0.060565
39087,Lawrence County,,OH,3273,66469,69742,7,8,15,1904,1716,3620,6,0.302916,0.318473,979.281762,0,0.000789,0.000812,123,0.000242,30,0.535714,0.006235
39089,Licking County,,OH,9250,166777,176027,14,17,31,7006,5851,12857,6,0.336234,0.356625,1075.454005,0,0.003165,0.004265,123,0.000276,30,0.470588,0.023048
39091,Logan County,,OH,3005,52966,55971,13,12,25,2130,1888,4018,6,0.30589,0.3219,29.561932,0,0.001527,0.001466,123,0.000229,30,0.544872,0.011474
39093,Lorain County,,OH,15115,339492,354607,31,40,71,11135,9816,20951,6,0.365955,0.392518,1851.825446,0,0.013704,0.020388,123,0.000369,30,0.578283,0.093915
39095,Lucas County,,OH,24677,520507,545184,62,87,149,13634,17610,31244,5,0.389464,0.422659,20858.480735,0,0.024505,0.037829,52,0.000714,30,0.394625,0.169166
39097,Madison County,,OH,3522,40726,44248,7,8,15,2511,2617,5128,6,0.302411,0.317725,4.992857,0,0.001007,0.001069,123,0.000156,30,0.625,0.007805
39099,Mahoning County,,OH,12772,291331,304103,23,37,60,6841,8566,15407,6,0.358176,0.383282,1376.555059,0,0.009539,0.015939,123,0.000282,30,0.537112,0.067107
39101,Marion County,,OH,3743,76912,80655,9,11,20,2019,2151,4170,6,0.306084,0.322291,517.438748,0,0.001014,0.001711,123,0.000198,30,0.5,0.007977
39103,Medina County,,OH,10987,191679,202666,19,20,39,10611,7417,18028,6,0.34231,0.364205,338.239962,0,0.006063,0.007735,123,0.000238,30,0.652174,0.03957
39105,Meigs County,,OH,1038,22271,23309,5,4,9,597,445,1042,6,0.302379,0.317207,238.110157,0,0.000783,0.000786,123,0.000165,30,0.55,0.00592
39107,Mercer County,,OH,2059,50775,52834,7,12,19,1033,1217,2250,6,0.307024,0.323643,800.372716,0,0.000489,0.001528,123,0.000153,30,0.477273,0.003593
39109,Miami County,,OH,6770,121425,128195,13,15,28,4389,3997,8386,6,0.332683,0.35218,330.405466,0,0.001768,0.003225,123,0.000224,30,0.483333,0.013013
39111,Monroe County,,OH,937,16819,17756,3,5,8,275,507,782,6,0.302758,0.317788,3219.558171,0,0.000025,0.000793,123,0.000116,30,0.466667,0.000452
39113,Montgomery County,,OH,36587,645251,681838,99,110,209,22402,26922,49324,5,0.40886,0.443478,37439.174593,0,0.045028,0.050143,123,0.001199,30,0.391034,0.316415
39115,Morgan County,,OH,1130,20092,21222,6,6,12,624,695,1319,6,0.302474,0.317541,2.677381,0,0.000826,0.000833,123,0.000157,30,0.766667,0.0063
39117,Morrow County,,OH,2506,29394,31900,6,6,12,2083,1744,3827,6,0.302411,0.317495,0.888095,0,0.000996,0.001016,123,0.000139,30,0.9,0.007543
39119,Muskingum County,,OH,4203,96085,100288,11,9,20,2547,2554,5101,6,0.302663,0.318231,20.505853,0,0.00162,0.001077,123,0.000234,30,0.49359,0.011673
39121,Noble County,,OH,546,10079,10625,2,3,5,236,281,517,7,0.233898,0.241408,2.581323,0,0.00002,0.000025,123,0.000089,30,0.666667,0.000369
39123,Ottawa County,,OH,2848,50574,53422,9,9,18,1888,1658,3546,6,0.306375,0.322579,3.366816,0,0.002073,0.001854,52,0.000151,30,0.875,0.013352
39125,Paulding County,,OH,1245,23050,24295,5,5,10,588,743,1331,6,0.279568,0.291379,13.683177,0,0.000273,0.00021,52,0.000125,30,0.55,0.001954
39127,Perry County,,OH,1803,29355,31158,7,7,14,1429,1387,2816,6,0.302379,0.317552,2.586111,0,0.000861,0.000862,123,0.000176,30,0.738095,0.006597
39129,Pickaway County,,OH,3737,51710,55447,8,10,18,3212,2771,5983,6,0.302505,0.318127,10.313585,0,0.000849,0.00107,123,0.00019,30,0.511111,0.006643
39131,Pike County,,OH,2423,39298,41721,8,8,16,1766,1597,3363,6,0.302568,0.317955,19.893298,0,0.000843,0.000849,123,0.000197,30,0.589286,0.006599
39133,Portage County,,OH,11927,169409,181336,16,19,35,8925,8165,17090,6,0.346485,0.368156,244.880868,0,0.004524,0.00605,123,0.000199,30,0.692982,0.028409
39135,Preble County,,OH,2682,47823,50505,6,7,13,1876,1767,3643,6,0.298763,0.312319,6.050499,0,0.000841,0.001196,123,0.000127,30,0.714286,0.005707
39137,Putnam County,,OH,1881,44903,46784,7,8,15,948,1102,2050,6,0.302821,0.318444,58.25725,0,0.000444,0.00087,52,0.000143,30,0.569444,0.002792
39139,Richland County,,OH,6836,136576,143412,17,18,35,3813,4136,7949,6,0.335844,0.356338,297.140896,0,0.003266,0.003987,123,0.000261,30,0.544737,0.021019
39141,Ross County,,OH,3620,72136,75756,12,11,23,2465,2252,4717,6,0.302663,0.318473,34.91235,0,0.001475,0.000881,123,0.00027,30,0.492424,0.010241
39143,Sandusky County,,OH,3689,72227,75916,9,9,18,2119,2287,4406,6,0.306375,0.322579,3.630369,0,0.001931,0.001762,52,0.000155,30,0.861111,0.01273
39145,Scioto County,,OH,3496,67992,71488,9,11,20,1677,2004,3681,6,0.304316,0.320445,1731.668898,0,0.001203,0.001475,123,0.000254,30,0.340909,0.009007
39147,Seneca County,,OH,3569,67304,70873,10,10,20,1810,2220,4030,6,0.30298,0.318933,504.973526,0,0.001228,0.001111,52,0.000185,30,0.633333,0.008511
39149,Shelby County,,OH,3021,57082,60103,9,10,19,1655,1808,3463,6,0.305922,0.321699,55.619639,0,0.001271,0.001243,123,0.000166,30,0.7,0.00915
39151,Stark County,,OH,17108,456604,473712,40,48,88,10552,11619,22171,6,0.364345,0.39173,12681.26268,0,0.015379,0.019705,123,0.000516,30,0.43165,0.106696
39153,Summit County,,OH,30888,633727,664615,66,91,157,22002,23028,45030,5,0.399669,0.432534,11456.530772,0,0.030305,0.04621,123,0.000781,30,0.465444,0.212522
39155,Trumbull County,,OH,10748,262726,273474,17,31,48,5984,7027,13011,6,0.352298,0.376846,620.95588,0,0.005519,0.014659,123,0.000224,30,0.625,0.038626
39157,Tuscarawas County,,OH,4326,108318,112644,11,12,23,2856,2728,5584,6,0.306148,0.322521,350.396747,0,0.002101,0.001911,123,0.000204,30,0.530303,0.013873
39159,Union County,,OH,3246,38322,41568,8,8,16,2229,2208,4437,6,0.302442,0.317782,5.557937,0,0.001023,0.001051,123,0.000169,30,0.696429,0.008003
39161,Van Wert County,,OH,1507,35583,37090,7,7,14,717,704,1421,6,0.30371,0.31964,91.172608,0,0.000314,0.000992,123,0.000155,30,0.464286,0.002352
39163,Vinton County,,OH,762,10918,11680,5,6,11,521,521,1042,6,0.302379,0.317437,1.809524,0,0.000786,0.000811,123,0.000153,30,0.766667,0.006001
39165,Warren County,,OH,14175,180475,194650,38,26,64,16652,9681,26333,6,0.353458,0.377473,2916.889171,0,0.017473,0.011379,123,0.000505,30,0.572939,0.118685
39167,Washington County,,OH,3704,68356,72060,9,11,20,1745,1886,3631,6,0.304956,0.321285,5611.603326,0,0.000962,0.001302,123,0.000254,30,0.318681,0.007269
39169,Wayne County,,OH,6648,134696,141344,12,13,25,4070,3997,8067,6,0.306148,0.322636,233.400936,0,0.002376,0.002074,123,0.000187,30,0.615385,0.015179
39171,Williams County,,OH,2398,47121,49519,10,11,21,1230,1257,2487,6,0.304092,0.320733,181.296668,0,0.000659,0.001246,52,0.000191,30,0.454545,0.004329
39173,Wood County,,OH,10438,131743,142181,24,24,48,7002,6992,13994,6,0.340581,0.36279,2384.641152,0,0.007156,0.006693,52,0.000313,30,0.433333,0.04525
39175,Wyandot County,,OH,1459,24283,25742,5,6,11,883,998,1881,6,0.302442,0.317552,3.529004,0,0.000061,0.000806,52,0.000132,30,0.666667,0.000875
40001,Adair County,,OK,1518,22497,24015,7,6,13,876,864,1740,7,0.294602,0.307641,7.931148,0,0.000706,0.000726,3,0.000188,30,0.738095,0.006125
40003,Alfalfa County,,OK,405,5566,5971,2,2,4,112,148,260,7,0.257303,0.266294,289.640745,0,0.000048,0.000051,3,0.0001,30,0.5,0.000582
40005,Atoka County,,OK,787,12674,13461,5,3,8,384,227,611,7,0.295022,0.30794,2220.67229,0,0.0005,0.000475,174,0.000193,30,0.25,0.004072
40007,Beaver County,,OK,589,5281,5870,1,1,2,66,86,152,7,0.235132,0.241898,0,0,0.000011,0.000014,59,0.000075,30,0,0.000187
40009,Beckham County,,OK,1570,19130,20700,7,6,13,678,608,1286,7,0.295082,0.3084,6702.519869,0,0.000529,0.000638,3,0.00026,30,0.291667,0.004189
40011,Blaine County,,OK,973,11919,12892,5,5,10,341,391,732,7,0.295714,0.309009,3.658692,0,0.00056,0.000556,3,0.00014,30,0.733333,0.004592
40013,Bryan County,,OK,2579,32224,34803,13,14,27,1531,1439,2970,6,0.320575,0.338601,2336.163474,0,0.003323,0.003169,174,0.000313,30,0.45,0.025263
40015,Caddo County,,OK,2403,31334,33737,6,9,15,1090,1349,2439,7,0.301592,0.316152,12.476971,0,0.000862,0.001199,3,0.000154,30,0.638889,0.006604
40017,Canadian County,,OK,8290,94937,103227,20,18,38,6929,5548,12477,6,0.339464,0.360881,2057.491965,0,0.0057,0.00467,3,0.0004,30,0.454762,0.043502
40019,Carter County,,OK,2963,46641,49604,18,16,34,1700,1610,3310,6,0.322143,0.340908,10190.847838,0,0.004489,0.003328,3,0.000412,30,0.395425,0.034189
40021,Cherokee County,,OK,3025,37011,40036,15,12,27,1763,1655,3418,7,0.299876,0.31468,152.303183,0,0.002247,0.001255,3,0.000315,30,0.5125,0.017977
40023,Choctaw County,,OK,947,13902,14849,5,5,10,429,408,837,7,0.295443,0.308889,1433.124866,0,0.000541,0.000523,174,0.000144,30,0.35,0.004301
40025,Cimarron County,,OK,329,3193,3522,0,1,1,0,53,53,8,0.232721,0.239259,0,0,0,0.000017,59,0.000051,195,0,0
40027,Cleveland County,,OK,22283,218485,240768,53,51,104,17688,15962,33650,6,0.370257,0.398384,17820.021894,0,0.016922,0.01816,3,0.00092,30,0.288702,0.125729
40029,Coal County,,OK,496,5001,5497,2,2,4,145,193,338,8,0.230641,0.23733,1.033333,0,0.000013,0.00002,174,0.000126,30,0,0.000353
40031,Comanche County,,OK,15407,107310,122717,50,62,112,6202,7329,13531,6,0.371872,0.401892,12875.146838,0,0.021413,0.024815,3,0.000663,30,0.475916,0.152428
40033,Cotton County,,OK,607,6145,6752,2,2,4,215,264,479,7,0.276053,0.288165,0,0,0.000372,0.000335,3,0.000073,30,1,0.002603
40035,Craig County,,OK,1339,16171,17510,5,6,11,681,766,1447,7,0.293171,0.305979,1.777778,0,0.0005,0.000424,3,0.000135,30,0.733333,0.003601
40037,Creek County,,OK,6376,74542,80918,12,16,28,4755,4706,9461,6,0.33733,0.357862,340.611345,0,0.0011,0.003012,3,0.000247,30,0.452206,0.008303
40039,Custer County,,OK,2522,24604,27126,7,8,15,802,1155,1957,7,0.295835,0.309585,1037.602993,0,0.000668,0.000699,3,0.00021,30,0.553571,0.005455
40041,Delaware County,,OK,2843,32599,35442,13,14,27,1835,1686,3521,7,0.30131,0.31663,203.341127,0,0.001249,0.00131,3,0.000307,30,0.494505,0.010815
40043,Dewey County,,OK,450,5286,5736,1,1,2,60,89,149,8,0.228387,0.234521,0,0,0.000005,0.000004,3,0.000087,30,0,0.000124
40045,Ellis County,,OK,275,4008,4283,1,1,2,107,86,193,8,0.228387,0.234521,0,0,0.000005,0.000004,3,0.000087,30,0,0.000124
40047,Garfield County,,OK,5305,62056,67361,22,23,45,2053,2263,4316,6,0.346154,0.368915,22783.923036,0,0.006281,0.005872,3,0.000518,30,0.297619,0.047606
40049,Garvin County,,OK,2250,30364,32614,8,8,16,1156,1186,2342,7,0.295232,0.308917,7.936182,0,0.000689,0.000675,3,0.000214,30,0.696429,0.005764
40051,Grady County,,OK,3592,48256,51848,12,9,21,2985,2211,5196,7,0.301561,0.316095,38.132663,0,0.001433,0.001204,3,0.000252,30,0.575758,0.010737
40053,Grant County,,OK,438,5268,5706,2,2,4,115,150,265,7,0.258866,0.26806,0,0,0.000067,0.000072,3,0.000086,30,1,0.000736
40055,Greer County,,OK,424,5031,5455,1,1,2,47,106,153,7,0.253588,0.262088,0,0,0.000005,0.000026,3,0.000068,30,1,0.000132
40057,Harmon County,,OK,251,2987,3238,1,1,2,41,63,104,7,0.253565,0.26203,0,0,0.000054,0.000026,3,0.000063,30,0,0.000298
40059,Harper County,,OK,342,4339,4681,1,1,2,81,68,149,8,0.228387,0.234521,0,0,0.000005,0.000004,3,0.000087,30,0,0.000124
40061,Haskell County,,OK,833,11701,12534,4,5,9,258,366,624,7,0.293142,0.305806,1.490848,0,0.000491,0.000416,3,0.000121,30,0.75,0.003393
40063,Hughes County,,OK,958,12028,12986,6,6,12,459,394,853,7,0.295112,0.308457,2.363095,0,0.000521,0.000635,3,0.000173,30,0.690476,0.004298
40065,Jackson County,,OK,4169,28498,32667,10,19,29,847,1395,2242,6,0.339662,0.361301,9826.076788,0,0.003204,0.006677,3,0.000266,30,0.448617,0.02536
40067,Jefferson County,,OK,575,6150,6725,2,2,4,163,166,329,7,0.248435,0.256804,0,0,0.000053,0.000051,3,0.00009,30,1,0.000584
40069,Johnston County,,OK,955,9671,10626,4,4,8,329,374,703,7,0.244022,0.252542,1.381319,0,0.000066,0.000093,3,0.00014,30,0.666667,0.001094
40071,Kay County,,OK,3462,52219,55681,11,13,24,1338,1658,2996,6,0.32768,0.346728,2315.396274,0,0.002506,0.002356,3,0.000244,30,0.442308,0.01806
40073,Kingfisher County,,OK,1130,15324,16454,5,4,9,536,555,1091,7,0.295654,0.308779,0.645775,0,0.000581,0.000586,3,0.000142,30,0.85,0.004829
40075,Kiowa County,,OK,830,9890,10720,4,5,9,284,357,641,7,0.298455,0.312075,4063.818504,0,0.000725,0.000649,3,0.0001,30,0.4,0.005123
40077,Latimer County,,OK,974,11650,12624,4,4,8,372,382,754,7,0.295112,0.308227,1334.39558,0,0.000482,0.000474,3,0.000143,30,0.333333,0.003849
40079,Le Flore County,,OK,2998,44105,47103,10,9,19,1425,1569,2994,7,0.299659,0.314019,377.576986,0,0.001169,0.000909,3,0.00024,30,0.436364,0.00866
40081,Lincoln County,,OK,3391,39175,42566,10,10,20,2267,2260,4527,7,0.299349,0.313645,13.935262,0,0.00124,0.001098,3,0.000212,30,0.677778,0.009079
40083,Logan County,,OK,4350,43343,47693,12,13,25,2807,2720,5527,6,0.328982,0.348591,578.679886,0,0.004908,0.003877,3,0.000242,30,0.657143,0.037328
40085,Love County,,OK,693,8463,9156,2,2,4,325,322,647,7,0.243816,0.251766,0,0,0.000052,0.00006,3,0.000092,30,1,0.000653
40087,McClain County,,OK,2453,21930,24383,5,5,10,1566,1707,3273,7,0.294992,0.308112,0.7,0,0.00066,0.000613,3,0.000146,30,0.833333,0.005285
40089,McCurtain County,,OK,1977,31887,33864,6,13,19,453,872,1325,6,0.316376,0.334259,4847.520132,0,0.001834,0.001938,174,0.000156,30,0.302198,0.013095
40091,McIntosh County,,OK,1478,18266,19744,7,5,12,787,700,1487,7,0.299164,0.312725,8.546306,0,0.000978,0.000855,3,0.000173,30,0.714286,0.007044
40093,Major County,,OK,596,8241,8837,1,2,3,116,226,342,7,0.257211,0.266151,0,0,0.000048,0.000052,3,0.00007,30,1,0.00049
40095,Marshall County,,OK,948,12224,13172,6,5,11,515,401,916,7,0.295202,0.308515,489.101764,0,0.001544,0.000571,3,0.000162,30,0.690476,0.011591
40097,Mayes County,,OK,2976,39933,42909,10,9,19,1905,1645,3550,7,0.29938,0.313587,42.071554,0,0.001032,0.00091,3,0.000212,30,0.627273,0.007834
40099,Murray County,,OK,992,11134,12126,5,5,10,408,536,944,7,0.295142,0.3084,0,0,0.000648,0.000644,3,0.000146,30,1,0.005243
40101,Muskogee County,,OK,4876,69536,74412,14,20,34,2499,3043,5542,6,0.337802,0.359207,670.687662,0,0.002062,0.004127,3,0.000301,30,0.413158,0.015578
40103,Noble County,,OK,965,11829,12794,3,5,8,384,452,836,7,0.299907,0.313622,0,0,0.000135,0.000913,3,0.000099,30,1,0.001064
40105,Nowata County,,OK,830,10799,11629,5,3,8,522,458,980,7,0.293171,0.305605,4.752113,0,0.000518,0.00039,3,0.000135,30,0.7,0.003618
40107,Okfuskee County,,OK,920,10839,11759,5,7,12,374,491,865,7,0.299226,0.31307,4.906429,0,0.000934,0.000856,3,0.000131,30,0.714286,0.006628
40109,Oklahoma County,,OK,49765,661054,710819,168,157,325,38093,38597,76690,6,0.418121,0.457833,179623.093423,0,0.055007,0.056329,3,0.002585,30,0.24812,0.397385
40111,Okmulgee County,,OK,2748,35113,37861,10,8,18,1576,1440,3016,7,0.299287,0.3133,16.133732,0,0.001015,0.000887,3,0.000213,30,0.484848,0.007701
40113,Osage County,,OK,5226,51968,57194,10,11,21,3808,3852,7660,6,0.320256,0.337739,79.3403,0,0.001119,0.001828,3,0.000206,30,0.590909,0.008067
40115,Ottawa County,,OK,2557,31286,33843,8,11,19,920,1287,2207,7,0.300935,0.316233,472.186873,0,0.000505,0.001305,3,0.000209,30,0.469697,0.004272
40117,Pawnee County,,OK,1584,16708,18292,4,4,8,866,968,1834,7,0.293023,0.305461,0,0,0.000542,0.000411,3,0.000106,30,1,0.00343
40119,Payne County,,OK,6781,58553,65334,19,23,42,2669,3645,6314,6,0.350423,0.373718,2490.894462,0,0.00349,0.0083,3,0.000362,30,0.435897,0.026663
40121,Pittsburg County,,OK,2721,41840,44561,13,11,24,1177,1028,2205,6,0.320256,0.337739,392.174744,0,0.002057,0.001885,3,0.000294,30,0.412088,0.015286
40123,Pontotoc County,,OK,2656,33133,35789,13,14,27,1205,1361,2566,7,0.299628,0.314623,5484.335592,0,0.002015,0.001078,3,0.000346,30,0.419048,0.01511
40125,Pottawatomie County,,OK,4937,62189,67126,13,14,27,3012,3188,6200,6,0.338551,0.359184,465.351678,0,0.001252,0.00312,3,0.000283,30,0.46732,0.009621
40127,Pushmataha County,,OK,755,10020,10775,3,3,6,173,202,375,8,0.228297,0.234883,4.569314,0,0.000024,0.000012,174,0.000116,30,0.166667,0.000449
40129,Roger Mills County,,OK,305,3365,3670,1,1,2,62,103,165,8,0.227866,0.233825,0,0,0.000005,0.000004,3,0.000088,30,0,0.000132
40131,Rogers County,,OK,6907,85770,92677,17,16,33,6208,4527,10735,6,0.330294,0.350449,994.711803,0,0.003955,0.004508,3,0.000315,30,0.450292,0.029578
40133,Seminole County,,OK,1931,22922,24853,7,6,13,992,1062,2054,7,0.295082,0.3084,2.630891,0,0.000662,0.000627,3,0.000177,30,0.714286,0.005354
40135,Sequoyah County,,OK,2590,37958,40548,8,10,18,1466,1516,2982,7,0.300997,0.315594,42.167938,0,0.000699,0.001199,3,0.000208,30,0.6,0.005354
40137,Stephens County,,OK,2785,44242,47027,9,11,20,1086,1327,2413,6,0.329618,0.348884,2451.915789,0,0.001744,0.003235,3,0.000228,30,0.590909,0.013168
40139,Texas County,,OK,2330,19218,21548,6,5,11,442,394,836,7,0.303202,0.318027,2984.80224,0,0.002066,0.001007,59,0.000175,30,0.5,0.014562
40141,Tillman County,,OK,803,8234,9037,1,4,5,47,252,299,7,0.300124,0.314053,0,0,0.000202,0.000809,3,0.00006,30,0.916667,0.001323
40143,Tulsa County,,OK,43083,574022,617105,129,135,264,30272,33130,63402,6,0.414178,0.451495,93396.265356,0,0.044808,0.053349,3,0.00197,30,0.295362,0.325903
40145,Wagoner County,,OK,5763,57446,63209,9,10,19,5283,4071,9354,7,0.299318,0.313587,194.157148,0,0.002812,0.001053,3,0.000187,30,0.674242,0.021015
40147,Washington County,,OK,3839,52070,55909,12,12,24,1751,1867,3618,6,0.341463,0.362463,742.788446,0,0.002239,0.00396,3,0.000266,30,0.408333,0.017472
40149,Washita County,,OK,1007,10886,11893,3,3,6,401,463,864,7,0.294992,0.307882,1.166667,0,0.000016,0.000458,3,0.000127,30,0.666667,0.000405
40151,Woods County,,OK,607,8631,9238,2,2,4,103,104,207,7,0.25744,0.266582,7.142857,0,0.000006,0.000055,3,0.000129,30,0.5,0.000219
40153,Woodward County,,OK,1527,19426,20953,5,8,13,385,587,972,7,0.295956,0.309815,20335.781666,0,0.000459,0.000641,3,0.000342,30,0.178571,0.003714
41001,Baker County,,OR,1359,16443,17802,3,5,8,202,393,595,7,0.272984,0.285787,8.080222,0,0.000563,0.000513,183,0.000098,30,0.738095,0.005132
41003,Benton County,,OR,8425,84083,92508,28,25,53,4676,5585,10261,6,0.341786,0.363699,45.998072,0,0.010792,0.011547,183,0.000427,30,0.724432,0.081778
41005,Clackamas County,,OR,33696,391804,425500,75,66,141,32803,28323,61126,6,0.363477,0.393645,6356.881646,0,0.02897,0.025123,183,0.001016,30,0.500463,0.212464
41007,Clatsop County,,OR,2873,34467,37340,14,13,27,1295,1310,2605,6,0.309054,0.325627,66.773754,0,0.003969,0.003121,183,0.00026,30,0.790476,0.033084
41009,Columbia County,,OR,2986,48973,51959,11,9,20,2779,1819,4598,6,0.286505,0.300978,0.693107,0,0.003685,0.002157,183,0.000196,30,0.939394,0.03017
41011,Coos County,,OR,4030,60160,64190,24,17,41,2277,2069,4346,6,0.328832,0.348062,68.053648,0,0.008913,0.005231,183,0.000392,30,0.851449,0.070527
41013,Crook County,,OR,1857,19374,21231,8,7,15,1118,935,2053,6,0.284424,0.298303,85.293219,0,0.001494,0.001482,183,0.000191,30,0.75,0.014194
41015,Curry County,,OR,1811,21903,23714,12,8,20,861,710,1571,7,0.278226,0.291497,7.044666,0,0.004484,0.001348,183,0.000218,30,0.791209,0.035472
41017,Deschutes County,,OR,9209,130134,139343,68,37,105,10308,5692,16000,6,0.342432,0.365942,17328.366476,0,0.021344,0.012174,183,0.001031,30,0.477612,0.158522
41019,Douglas County,,OR,5604,105965,111569,33,24,57,3677,3321,6998,6,0.341262,0.362779,215.124318,0,0.013986,0.009772,183,0.000478,30,0.762185,0.104301
41021,Gilliam County,,OR,184,2026,2210,0,0,0,0,0,0,0,0,0,0,112,0,0,124,0.000051,196,0,0
41023,Grant County,,OR,645,7665,8310,1,1,2,48,49,97,7,0.255106,0.263962,0,0,0.000099,0.000174,183,0.000074,30,0,0.001391
41025,Harney County,,OR,725,7575,8300,1,2,3,49,110,159,7,0.255128,0.264135,0,0,0.000099,0.000186,183,0.000074,30,1,0.001391
41027,Hood River County,,OR,1709,22547,24256,7,6,13,761,805,1566,6,0.286194,0.3,5.858605,0,0.002098,0.001488,183,0.000154,30,0.833333,0.017146
41029,Jackson County,,OR,10618,194040,204658,64,44,108,9366,6919,16285,6,0.344099,0.369019,790.565842,0,0.022476,0.017083,183,0.000796,30,0.603919,0.163351
41031,Jefferson County,,OR,1349,17253,18602,7,4,11,640,484,1124,6,0.284257,0.297613,0,0,0.001444,0.001134,183,0.000165,30,0.97619,0.013568
41033,Josephine County,,OR,4242,75980,80222,32,18,50,3790,2484,6274,6,0.334874,0.354883,209.833957,0,0.013941,0.00689,183,0.000434,30,0.772727,0.101911
41035,Klamath County,,OR,4655,64342,68997,24,25,49,2081,2344,4425,6,0.339344,0.360749,6038.219134,0,0.009924,0.00834,183,0.000457,30,0.718391,0.074053
41037,Lake County,,OR,646,7377,8023,2,2,4,115,142,257,7,0.255285,0.264451,0,0,0.000167,0.000255,183,0.00009,30,1,0.002076
41039,Lane County,,OR,19706,333549,353255,86,70,156,14672,13843,28515,6,0.356721,0.386606,5366.23303,0,0.031148,0.025048,183,0.001107,30,0.458231,0.228273
41041,Lincoln County,,OR,3863,42814,46677,25,20,45,2530,2291,4821,6,0.331579,0.351162,130.708692,0,0.008621,0.005979,183,0.000401,30,0.803077,0.069396
41043,Linn County,,OR,7348,106216,113564,28,21,49,5510,4980,10490,6,0.340261,0.361284,349.296871,0,0.010118,0.007475,183,0.000442,30,0.775132,0.079072
41045,Malheur County,,OR,2493,27777,30270,7,7,14,865,1330,2195,6,0.331049,0.349166,317.962594,0,0.000728,0.001781,183,0.000178,30,0.583333,0.006925
41047,Marion County,,OR,18392,290983,309375,63,52,115,15448,14336,29784,6,0.344959,0.370963,3108.846141,0,0.021393,0.017385,183,0.000901,30,0.50995,0.158696
41049,Morrow County,,OR,1001,10715,11716,1,1,2,431,365,796,7,0.252417,0.260754,0,0,0.00006,0.000049,183,0.000066,30,0,0.000501
41051,Multnomah County,,OR,60055,692256,752311,165,131,296,51687,51898,103585,5,0.396497,0.435185,44458.765106,0,0.067485,0.053318,183,0.002069,30,0.33786,0.469499
41053,Polk County,,OR,6466,64557,71023,18,18,36,5045,4982,10027,6,0.339027,0.359397,76.684941,0,0.007253,0.007272,183,0.000299,30,0.907143,0.057861
41055,Sherman County,,OR,209,1663,1872,0,1,1,0,56,56,7,0.222777,0.229329,0,0,0,0.000012,183,0.000051,197,0,0
41057,Tillamook County,,OR,1851,25198,27049,9,10,19,840,850,1690,6,0.28625,0.300604,0.434499,0,0.001732,0.002009,183,0.000177,30,0.945455,0.015602
41059,Umatilla County,,OR,4946,71926,76872,23,24,47,2639,2887,5526,6,0.337605,0.359081,6470.798768,0,0.006063,0.007425,183,0.000433,30,0.60468,0.049103
41061,Union County,,OR,2094,26019,28113,8,12,20,758,918,1676,6,0.289164,0.304526,5877.689541,0,0.001316,0.002334,183,0.000224,30,0.583333,0.011616
41063,Wallowa County,,OR,615,7692,8307,1,1,2,61,60,121,7,0.224321,0.231056,0,0,0.000019,0.000011,183,0.000067,30,0,0.000188
41065,Wasco County,,OR,2115,24214,26329,9,10,19,900,949,1849,6,0.286534,0.30115,2904.701886,0,0.001502,0.002144,183,0.000227,30,0.627273,0.014036
41067,Washington County,,OR,42825,476847,519672,121,102,223,37624,35867,73491,6,0.384503,0.419755,16713.164163,0,0.049606,0.042762,183,0.001535,30,0.408587,0.356956
41069,Wheeler County,,OR,118,1362,1480,0,0,0,0,0,0,0,0,0,0,113,0,0,125,0.000051,198,0,0
41071,Yamhill County,,OR,5989,82361,88350,19,23,42,4519,4331,8850,6,0.341102,0.362434,166.007195,0,0.006817,0.00907,183,0.000319,30,0.811594,0.054394
42001,Adams County,,PA,6191,131062,137253,16,9,25,5420,3745,9165,6,0.300529,0.316063,6.088146,0,0.005324,0.002502,126,0.000233,30,0.8125,0.03944
42003,Allegheny County,,PA,54055,1504085,1558140,212,221,433,36823,44783,81606,5,0.426553,0.472354,175029.187563,0,0.08805,0.092484,126,0.002429,30,0.299357,0.603036
42005,Armstrong County,,PA,3644,93975,97619,6,6,12,2412,2466,4878,6,0.299287,0.313941,3.486601,0,0.000992,0.000906,126,0.00013,30,0.7,0.006692
42007,Beaver County,,PA,7888,211452,219340,11,18,29,4253,4341,8594,6,0.342959,0.364211,297.470383,0,0.002112,0.007293,126,0.000172,30,0.51634,0.013139
42009,Bedford County,,PA,2134,63091,65225,7,11,18,884,1185,2069,6,0.30028,0.316115,632.090003,0,0.000892,0.00139,126,0.000169,30,0.490909,0.006126
42011,Berks County,,PA,16442,468429,484871,53,51,104,14001,10666,24667,6,0.359687,0.386571,1590.610865,0,0.025371,0.027066,126,0.000503,30,0.622915,0.159917
42013,Blair County,,PA,5019,149301,154320,10,19,29,1801,2517,4318,6,0.339583,0.360737,421.588844,0,0.001807,0.00613,126,0.000168,30,0.608187,0.012211
42015,Bradford County,,PA,3110,74099,77209,13,9,22,1412,1437,2849,7,0.264007,0.27649,1916.110177,0,0.002208,0.000276,107,0.000239,30,0.365385,0.014068
42017,Bucks County,,PA,38984,785585,824569,101,123,224,35032,31741,66773,6,0.389778,0.42749,9319.282214,0,0.055081,0.059207,126,0.000937,30,0.487014,0.361244
42019,Butler County,,PA,9250,214549,223799,24,22,46,7321,5254,12575,6,0.341463,0.363682,2235.589417,0,0.008774,0.006873,126,0.000328,30,0.444581,0.060594
42021,Cambria County,,PA,5892,175065,180957,17,20,37,2621,3053,5674,6,0.319304,0.339861,376.990309,0,0.00488,0.006592,126,0.000232,30,0.583004,0.032671
42023,Cameron County,,PA,288,7122,7410,1,0,1,40,0,40,0,0,0,0,0,0,0,126,0.000073,4,0,0.000096
42025,Carbon County,,PA,3531,74103,77634,14,9,23,3090,2144,5234,6,0.291637,0.307005,1.553598,0,0.005998,0.002635,126,0.000146,30,0.862637,0.033886
42027,Centre County,,PA,9256,132841,142097,33,44,77,3968,4561,8529,6,0.369501,0.397493,11626.804818,0,0.010104,0.020052,126,0.000406,30,0.508865,0.066828
42029,Chester County,,PA,30266,537040,567306,110,99,209,28625,23467,52092,6,0.384095,0.419053,4282.952427,0,0.057159,0.053198,126,0.001045,30,0.532618,0.375589
42031,Clarion County,,PA,2104,45045,47149,6,8,14,791,1009,1800,6,0.29938,0.314343,4378.684348,0,0.000831,0.000922,126,0.000157,30,0.535714,0.006028
42033,Clearfield County,,PA,3554,91907,95461,9,11,20,1984,1759,3743,6,0.300373,0.316385,1192.997754,0,0.001478,0.001399,126,0.000152,30,0.522727,0.009085
42035,Clinton County,,PA,2077,39991,42068,2,2,4,825,1061,1886,7,0.270084,0.280597,0,0,0.000189,0.000104,126,0.000075,30,1,0.0009
42037,Columbia County,,PA,3311,77878,81189,10,13,23,1737,1783,3520,6,0.29199,0.30804,812.157365,0,0.001929,0.002172,126,0.000169,30,0.631868,0.013081
42039,Crawford County,,PA,4571,104734,109305,10,11,21,2260,2357,4617,6,0.334372,0.353324,212.269186,0,0.0019,0.002889,126,0.000168,30,0.590909,0.012092
42041,Cumberland County,,PA,16088,266893,282981,55,47,102,12021,10631,22652,6,0.35234,0.378704,10792.260303,0,0.02186,0.02072,126,0.000666,30,0.461202,0.151907
42043,Dauphin County,,PA,16928,322511,339439,58,50,108,11707,11923,23630,6,0.361032,0.388607,11288.258768,0,0.02463,0.020196,126,0.00064,30,0.473881,0.160994
42045,Delaware County,,PA,33573,637155,670728,73,78,151,26219,27756,53975,6,0.375146,0.407126,1775.216266,0,0.040635,0.043483,126,0.000696,30,0.688088,0.266212
42047,Elk County,,PA,1383,43737,45120,3,5,8,346,521,867,6,0.299411,0.314027,5.240153,0,0.000029,0.000836,126,0.000096,30,0.7,0.000457
42049,Erie County,,PA,10948,322712,333660,32,42,74,4106,4947,9053,6,0.367953,0.395158,6201.957001,0,0.011327,0.02173,126,0.000409,30,0.427451,0.076559
42051,Fayette County,,PA,5274,171252,176526,8,6,14,2920,2947,5867,6,0.299783,0.314562,36.529505,0,0.001828,0.000862,126,0.000166,30,0.464286,0.011617
42053,Forest County,,PA,377,5583,5960,1,2,3,42,121,163,7,0.230476,0.237233,0,0,0.000008,0.000015,126,0.000067,30,1,0.000142
42055,Franklin County,,PA,5852,160287,166139,20,12,32,3751,2854,6605,6,0.305342,0.322021,2553.616803,0,0.005873,0.002679,126,0.000317,30,0.552632,0.042786
42057,Fulton County,,PA,709,17309,18018,3,4,7,401,415,816,7,0.242876,0.251596,2.584104,0,0.000081,0.000105,126,0.000103,30,0.583333,0.000992
42059,Greene County,,PA,1865,41876,43741,4,5,9,913,994,1907,6,0.299628,0.314257,0.84478,0,0.000845,0.000862,126,0.000121,30,0.9,0.005616
42061,Huntingdon County,,PA,1851,49540,51391,9,6,15,1022,807,1829,7,0.273087,0.284881,83.192114,0,0.000902,0.000334,126,0.00017,30,0.583333,0.006101
42063,Indiana County,,PA,4363,98554,102917,10,9,19,2068,2107,4175,6,0.299938,0.315407,23.151815,0,0.002157,0.001237,126,0.000159,30,0.515152,0.013501
42065,Jefferson County,,PA,2447,53843,56290,6,7,13,1247,1409,2656,6,0.29938,0.314228,831.467052,0,0.000796,0.000854,126,0.000138,30,0.547619,0.005673
42067,Juniata County,,PA,984,28453,29437,6,5,11,589,480,1069,7,0.269883,0.282181,9.614728,0,0.000626,0.000461,126,0.000139,30,0.8,0.004923
42069,Lackawanna County,,PA,8002,243223,251225,26,30,56,4203,4465,8668,6,0.344508,0.368035,3780.001605,0,0.009686,0.014434,126,0.00029,30,0.614103,0.056727
42071,Lancaster County,,PA,18626,585852,604478,79,78,157,12901,12145,25046,6,0.366696,0.399103,21206.909052,0,0.032857,0.033886,126,0.000862,30,0.433252,0.217257
42073,Lawrence County,,PA,3613,108909,112522,6,9,15,1851,1980,3831,6,0.299473,0.314631,1.227356,0,0.001139,0.00108,126,0.000106,30,0.736111,0.006958
42075,Lebanon County,,PA,5797,144740,150537,14,9,23,3755,3229,6984,6,0.292875,0.308057,0.986122,0,0.004931,0.002745,126,0.000168,30,0.868132,0.030812
42077,Lehigh County,,PA,20276,374958,395234,65,65,130,16095,14978,31073,6,0.367487,0.397401,1397.588988,0,0.034631,0.034406,126,0.000578,30,0.653956,0.21932
42079,Luzerne County,,PA,10790,361301,372091,42,48,90,6381,6548,12929,6,0.348443,0.374155,11188.908862,0,0.015767,0.019064,126,0.000445,30,0.524576,0.095695
42081,Lycoming County,,PA,5286,138788,144074,19,18,37,2398,2465,4863,6,0.302253,0.319864,6591.106847,0,0.00268,0.003114,126,0.000337,30,0.447619,0.018342
42083,McKean County,,PA,2159,50958,53117,7,8,15,697,698,1395,6,0.301718,0.317363,5295.76567,0,0.00096,0.00127,126,0.000158,30,0.357143,0.006279
42085,Mercer County,,PA,5324,134784,140108,13,13,26,2764,2715,5479,6,0.30912,0.32657,87.477969,0,0.002268,0.002588,126,0.000194,30,0.593407,0.013629
42087,Mifflin County,,PA,1722,54661,56383,6,8,14,742,880,1622,7,0.277533,0.290646,28.424461,0,0.000505,0.000927,126,0.00015,30,0.642857,0.003751
42089,Monroe County,,PA,9732,155579,165311,42,47,89,12281,6457,18738,6,0.346154,0.371808,970.839171,0,0.017386,0.021358,126,0.000355,30,0.623377,0.098703
42091,Montgomery County,,PA,51844,866844,918688,136,138,274,47243,44712,91955,6,0.393269,0.433466,13255.03697,0,0.069332,0.070453,126,0.001329,30,0.471895,0.46322
42093,Montour County,,PA,1339,18339,19678,5,4,9,727,636,1363,7,0.232267,0.240281,0.683803,0,0.000227,0.000056,126,0.000112,30,0.9,0.001645
42095,Northampton County,,PA,15483,316915,332398,47,44,91,15485,10957,26442,6,0.353976,0.38082,640.199518,0,0.022538,0.020981,126,0.000399,30,0.665985,0.135689
42097,Northumberland County,,PA,4491,104838,109329,12,16,28,2642,2928,5570,6,0.29329,0.309668,1110.398587,0,0.001717,0.003003,126,0.000204,30,0.675,0.012122
42099,Perry County,,PA,2600,54625,57225,6,6,12,1726,1767,3493,7,0.276,0.288564,15.331985,0,0.000817,0.000838,126,0.000136,30,0.733333,0.0061
42101,Philadelphia County,,PA,78562,1455680,1534242,164,170,334,48740,71062,119802,5,0.408112,0.450489,26250.260682,0,0.080013,0.081353,126,0.001612,30,0.41661,0.535719
42103,Pike County,,PA,3746,51973,55719,29,18,47,4771,2029,6800,6,0.309715,0.328019,125.141373,0,0.012059,0.006518,15,0.000233,30,0.772414,0.061675
42105,Potter County,,PA,1194,20601,21795,3,4,7,311,468,779,7,0.233127,0.241156,2949.946204,0,0.000021,0.000026,126,0.000106,30,0.166667,0.000446
42107,Schuylkill County,,PA,5069,170707,175776,15,19,34,3128,3168,6296,6,0.302221,0.319951,33.706683,0,0.003443,0.004659,126,0.000198,30,0.747368,0.023101
42109,Snyder County,,PA,1934,40613,42547,8,7,15,1120,1075,2195,7,0.265677,0.276801,11.705086,0,0.000505,0.000256,126,0.000168,30,0.569444,0.004137
42111,Somerset County,,PA,2767,89076,91843,7,7,14,1291,1214,2505,6,0.299628,0.314533,853.345192,0,0.001008,0.000905,126,0.00019,30,0.47619,0.006776
42113,Sullivan County,,PA,418,6268,6686,2,2,4,157,159,316,7,0.232528,0.240402,0,0,0.000028,0.00004,126,0.000089,30,1,0.000472
42115,Susquehanna County,,PA,2640,51184,53824,6,7,13,1272,1410,2682,7,0.263838,0.275886,19.194392,0,0.000444,0.000383,126,0.000142,30,0.595238,0.002785
42117,Tioga County,,PA,2351,47620,49971,7,6,13,901,909,1810,7,0.269707,0.282796,1550.60644,0,0.000818,0.000338,107,0.000154,30,0.261905,0.005687
42119,Union County,,PA,2825,41557,44382,7,8,15,1450,1479,2929,7,0.27438,0.286624,159.546728,0,0.000509,0.000518,126,0.00015,30,0.680556,0.00337
42121,Venango County,,PA,2710,65177,67887,8,7,15,1304,1244,2548,6,0.299318,0.314113,1467.270242,0,0.001046,0.00093,126,0.00017,30,0.607143,0.007002
42123,Warren County,,PA,2096,50101,52197,6,6,12,705,846,1551,6,0.299597,0.314372,12.444516,0,0.001016,0.000864,126,0.000128,30,0.633333,0.00634
42125,Washington County,,PA,9261,231320,240581,17,18,35,6693,5455,12148,6,0.339543,0.36091,927.273273,0,0.003522,0.005346,126,0.000317,30,0.37747,0.024166
42127,Wayne County,,PA,2919,51426,54345,19,7,26,2097,1397,3494,7,0.264609,0.277102,163.413179,0,0.007166,0.000607,126,0.000188,30,0.636842,0.037375
42129,Westmoreland County,,PA,15122,419677,434799,32,41,73,10603,9968,20571,6,0.366187,0.393242,4890.621924,0,0.010579,0.019454,126,0.000438,30,0.424638,0.074784
42131,Wyoming County,,PA,1872,30461,32333,4,4,8,1111,1091,2202,7,0.259538,0.269802,0.2,0,0.000278,0.000229,126,0.000107,30,0.916667,0.001741
42133,York County,,PA,16849,460542,477391,53,56,109,13534,10995,24529,6,0.359955,0.387606,5773.187713,0,0.022357,0.024845,126,0.000607,30,0.495031,0.152825
44001,Bristol County,,RI,3350,56246,59596,5,5,10,1715,1995,3710,6,0.298424,0.313343,0.041667,0,0.002469,0.001592,101,0.000087,30,0.833333,0.015214
44003,Kent County,,RI,12198,198371,210569,23,25,48,10108,9288,19396,6,0.343895,0.365908,215.889657,0,0.011811,0.015332,101,0.000236,30,0.784091,0.075924
44005,Newport County,,RI,9595,93822,103417,35,0,35,4985,0,4985,0,0,0,0,0,0.019078,0,101,0.000375,0,0.673109,0.130716
44007,Providence County,,RI,29265,661085,690350,82,86,168,24367,23126,47493,6,0.378873,0.411732,2484.593738,0,0.04726,0.04712,101,0.00079,30,0.61917,0.312614
44009,Washington County,,RI,8047,141142,149189,21,20,41,5992,5060,11052,6,0.340221,0.361439,37.590498,0,0.01114,0.011056,101,0.000208,30,0.827635,0.069677
45001,Abbeville County,,SC,1500,28830,30330,4,4,8,872,913,1785,6,0.281633,0.293731,0,0,0.000421,0.00044,108,0.00012,30,1,0.003522
45003,Aiken County,,SC,8651,168839,177490,26,27,53,4906,4874,9780,6,0.321215,0.342662,5213.569981,0,0.007909,0.008133,108,0.000439,30,0.419355,0.059894
45005,Allendale County,,SC,620,10824,11444,2,4,6,190,307,497,7,0.284062,0.296662,21.279941,0,0.000008,0.000434,108,0.000091,30,0.416667,0.000216
45007,Anderson County,,SC,10322,201529,211851,23,19,42,7518,6282,13800,6,0.315893,0.334754,658.006581,0,0.006261,0.005802,108,0.000413,30,0.518116,0.049533
45009,Bamberg County,,SC,1002,16512,17514,2,5,7,362,552,914,7,0.284201,0.296875,17.520166,0,0.000035,0.000616,108,0.000083,30,0.85,0.000435
45011,Barnwell County,,SC,1201,22390,23591,4,5,9,464,594,1058,7,0.263886,0.27484,411.089713,0,0.000108,0.00025,108,0.000112,30,0.55,0.001094
45013,Beaufort County,,SC,14248,135189,149437,78,62,140,8005,6508,14513,6,0.376706,0.406637,12909.104931,0,0.042627,0.034364,5,0.000877,30,0.569989,0.287081
45015,Berkeley County,,SC,19474,158802,178276,47,51,98,11764,12932,24696,6,0.362477,0.391534,2906.874852,0,0.022183,0.02347,108,0.00061,30,0.504495,0.162438
45017,Calhoun County,,SC,1121,16179,17300,3,3,6,631,741,1372,7,0.284006,0.296271,0,0,0.000596,0.000551,108,0.00009,30,1,0.004253
45019,Charleston County,,SC,28464,324312,352776,137,100,237,21011,19979,40990,5,0.396715,0.43105,20037.870562,0,0.063025,0.050131,108,0.001666,30,0.411565,0.441622
45021,Cherokee County,,SC,2698,61105,63803,8,8,16,1981,1720,3701,6,0.302379,0.317489,149.255828,0,0.001335,0.001543,108,0.000162,30,0.666667,0.011338
45023,Chester County,,SC,2143,40305,42448,5,7,12,1220,1392,2612,6,0.304316,0.319519,158.657999,0,0.000833,0.001439,108,0.000122,30,0.571429,0.006858
45025,Chesterfield County,,SC,2529,48231,50760,11,11,22,1399,1524,2923,6,0.304508,0.320324,286.364521,0,0.001404,0.001691,108,0.000216,30,0.522727,0.011641
45027,Clarendon County,,SC,2241,36514,38755,7,7,14,1107,1225,2332,7,0.286081,0.299399,3.924087,0,0.000931,0.000997,108,0.000143,30,0.839286,0.006924
45029,Colleton County,,SC,2205,41959,44164,6,7,13,1184,1098,2282,6,0.290555,0.304302,38.911199,0,0.000954,0.001482,108,0.000139,30,0.785714,0.008151
45031,Darlington County,,SC,3831,78811,82642,10,12,22,2171,2387,4558,6,0.306181,0.322498,359.651737,0,0.001484,0.002701,108,0.000197,30,0.604396,0.011954
45033,Dillon County,,SC,1669,34630,36299,5,7,12,722,864,1586,7,0.2849,0.298117,35.247219,0,0.000331,0.000771,108,0.000118,30,0.642857,0.003173
45035,Dorchester County,,SC,8664,88245,96909,13,11,24,6836,5253,12089,6,0.313908,0.331878,200.951729,0,0.004758,0.004326,108,0.000221,30,0.728571,0.036951
45037,Edgefield County,,SC,1202,19324,20526,7,4,11,974,714,1688,7,0.272907,0.28453,33.259556,0,0.000591,0.00032,108,0.000176,30,0.666667,0.004926
45039,Fairfield County,,SC,1452,26644,28096,4,5,9,907,892,1799,7,0.284006,0.29653,4.454635,0,0.000593,0.000551,108,0.000109,30,0.6,0.004307
45041,Florence County,,SC,7414,135464,142878,24,23,47,4342,4400,8742,6,0.317624,0.336985,2679.217901,0,0.005732,0.005634,108,0.000382,30,0.457265,0.044596
45043,Georgetown County,,SC,3724,67062,70786,8,10,18,2047,1939,3986,6,0.306699,0.322889,34.247868,0,0.002321,0.00312,108,0.000163,30,0.866667,0.018683
45045,Greenville County,,SC,27132,428971,456103,110,94,204,19204,18835,38039,5,0.391622,0.425759,33994.773323,0,0.045387,0.041688,108,0.001469,30,0.363675,0.320278
45047,Greenwood County,,SC,3672,72964,76636,15,15,30,2082,2164,4246,6,0.305987,0.322803,571.752301,0,0.001267,0.002526,108,0.000347,30,0.496324,0.010781
45049,Hampton County,,SC,1197,22024,23221,4,5,9,369,509,878,7,0.284369,0.297254,2555.761724,0,0.000301,0.000726,5,0.000127,30,0.4,0.002721
45051,Horry County,,SC,14487,212293,226780,102,62,164,9941,7216,17157,6,0.364758,0.394962,14465.208513,0,0.038625,0.027096,108,0.0012,30,0.370709,0.25827
45053,Jasper County,,SC,823,8884,9707,3,3,6,490,473,963,6,0.283118,0.295215,34.045862,0,0.000617,0.000706,5,0.000098,30,0.666667,0.00502
45055,Kershaw County,,SC,3530,64298,67828,13,12,25,2167,2038,4205,6,0.30531,0.3214,137.607203,0,0.00212,0.002196,108,0.000244,30,0.608974,0.017182
45057,Lancaster County,,SC,3427,69245,72672,7,10,17,2092,2061,4153,6,0.305632,0.321653,9.690291,0,0.001291,0.002334,108,0.000154,30,0.655556,0.010299
45059,Laurens County,,SC,3798,71621,75419,9,10,19,2513,2606,5119,6,0.292757,0.307051,23.282417,0,0.001096,0.001624,108,0.000214,30,0.788889,0.008885
45061,Lee County,,SC,1578,23520,25098,5,5,10,1158,984,2142,7,0.284816,0.297473,0.69547,0,0.000582,0.000522,108,0.000121,30,0.95,0.004277
45063,Lexington County,,SC,18828,263424,282252,54,48,102,13999,13324,27323,6,0.357601,0.385099,11724.387687,0,0.018573,0.018721,108,0.000814,30,0.389292,0.141125
45065,McCormick County,,SC,627,9859,10486,4,3,7,230,251,481,7,0.251214,0.261124,2.457402,0,0.000433,0.00013,108,0.00011,30,0.75,0.00344
45067,Marion County,,SC,1951,37062,39013,3,7,10,794,1059,1853,6,0.304412,0.319692,12.709167,0,0.000273,0.001719,108,0.000096,30,0.833333,0.002752
45069,Marlboro County,,SC,1630,32112,33742,6,11,17,662,983,1645,6,0.308758,0.325138,34.291671,0,0.000135,0.002287,108,0.000139,30,0.609091,0.001422
45071,Newberry County,,SC,1730,39801,41531,10,6,16,1094,891,1985,6,0.28951,0.302876,10.153964,0,0.001102,0.001036,108,0.000209,30,0.622222,0.008939
45073,Oconee County,,SC,3382,75844,79226,9,9,18,1683,1582,3265,6,0.305825,0.321854,85.807203,0,0.002743,0.002292,108,0.000191,30,0.745455,0.021771
45075,Orangeburg County,,SC,4847,93862,98709,17,18,35,2450,2945,5395,6,0.313094,0.331366,4267.079836,0,0.004116,0.004054,108,0.000287,30,0.489474,0.029204
45077,Pickens County,,SC,8119,107495,115614,12,14,26,4839,5308,10147,6,0.313908,0.331303,50.405865,0,0.002516,0.003784,108,0.000239,30,0.742857,0.020981
45079,Richland County,,SC,28779,315668,344447,117,113,230,22328,21256,43584,6,0.395902,0.431752,55469.899728,0,0.044981,0.050446,108,0.001526,30,0.351644,0.321759
45081,Saluda County,,SC,917,14356,15273,5,6,11,475,663,1138,7,0.284173,0.296932,13.18117,0,0.000653,0.000606,108,0.000148,30,0.8,0.004828
45083,Spartanburg County,,SC,12045,270773,282818,43,35,78,8023,7482,15505,6,0.322861,0.346164,5297.444529,0,0.015897,0.010082,108,0.000669,30,0.43665,0.119955
45085,Sumter County,,SC,8755,107595,116350,31,29,60,3530,3894,7424,6,0.348485,0.371549,2818.810464,0,0.009728,0.010485,108,0.000453,30,0.389339,0.07397
45087,Union County,,SC,1315,33470,34785,3,7,10,462,790,1252,6,0.28951,0.302991,3.919985,0,0.000106,0.000972,108,0.000099,30,0.642857,0.001389
45089,Williamsburg County,,SC,1907,36459,38366,5,7,12,696,1089,1785,6,0.290818,0.304474,5.144843,0,0.000711,0.001448,108,0.000124,30,0.833333,0.005709
45091,York County,,SC,10308,187140,197448,33,29,62,8119,5966,14085,6,0.3215,0.342759,894.686709,0,0.009865,0.008622,108,0.000492,30,0.47155,0.076711
46003,Aurora County,,SD,303,3973,4276,1,2,3,51,125,176,7,0.267343,0.277356,0,0,0.000001,0.000101,96,0.000093,30,1,0.000121
46005,Beadle County,,SD,1386,19762,21148,3,7,10,171,472,643,7,0.269606,0.281187,2965.357277,0,0.000111,0.000173,96,0.000142,30,0.428571,0.001062
46007,Bennett County,,SD,231,3241,3472,0,0,0,0,0,0,0,0,0,0,114,0,0,127,0.000051,199,0,0
46009,Bon Homme County,,SD,532,7320,7852,1,2,3,83,189,272,7,0.267343,0.277356,0,0,0.000001,0.0001,96,0.000096,30,1,0.000106
46011,Brookings County,,SD,2853,28639,31492,10,11,21,808,1059,1867,6,0.335339,0.354911,15368.949903,0,0.000893,0.001979,96,0.000439,30,0.25,0.006924
46013,Brown County,,SD,2440,41502,43942,10,11,21,718,894,1612,6,0.336195,0.356004,16043.241086,0,0.000187,0.002011,96,0.000421,30,0.2125,0.002205
46015,Brule County,,SD,497,5401,5898,1,2,3,63,107,170,7,0.26738,0.277395,2899,0,0,0.000099,96,0.000147,200,0,0.000089
46017,Buffalo County,,SD,170,1908,2078,0,0,0,0,0,0,0,0,0,0,115,0,0,128,0.000051,201,0,0
46019,Butte County,,SD,956,10193,11149,2,4,6,254,473,727,7,0.259934,0.269845,0,0,0.000028,0.000088,96,0.000112,30,0.916667,0.000262
46021,Campbell County,,SD,137,2478,2615,0,0,0,0,0,0,0,0,0,0,116,0,0,129,0.000051,202,0,0
46023,Charles Mix County,,SD,611,10139,10750,0,2,2,0,136,136,7,0.267386,0.277433,0,0,0,0.000101,96,0.000051,203,1,0
46025,Clark County,,SD,298,4420,4718,1,1,2,46,64,110,7,0.235514,0.242274,0,0,0.000007,0.000001,96,0.000092,30,0,0.00012
46027,Clay County,,SD,1873,12023,13896,6,6,12,495,665,1160,7,0.27074,0.282383,124.13815,0,0.000235,0.000211,96,0.000255,30,0.47619,0.002148
46029,Codington County,,SD,2154,30826,32980,10,11,21,788,932,1720,6,0.308036,0.324005,22213.068996,0,0.000143,0.000809,96,0.000539,30,0.185897,0.001777
46031,Corson County,,SD,325,3990,4315,1,1,2,61,73,134,8,0.211032,0.215952,0,0,0.000001,0,96,0.000086,204,0,0.000089
46033,Custer County,,SD,867,7401,8268,3,2,5,311,266,577,7,0.259352,0.268557,2.953514,0,0.000094,0.000062,96,0.00017,30,0.666667,0.000839
46035,Davison County,,SD,1752,20967,22719,9,8,17,664,663,1327,7,0.269456,0.280956,11751.798087,0,0.000197,0.000175,96,0.000393,30,0.218182,0.002123
46037,Day County,,SD,438,7110,7548,2,2,4,97,142,239,7,0.251803,0.260096,28.571159,0,0.000007,0.000003,96,0.000107,30,0.5,0.000206
46039,Deuel County,,SD,391,6198,6589,2,2,4,111,124,235,7,0.251737,0.259981,0,0,0.000023,0.000008,96,0.000126,30,1,0.000279
46041,Dewey County,,SD,486,6480,6966,2,2,4,104,113,217,7,0.259375,0.268615,5839,0,0.000068,0.000062,96,0.000199,30,0,0.000687
46043,Douglas County,,SD,213,4189,4402,0,0,0,0,0,0,0,0,0,0,117,0,0,130,0.000051,205,0,0
46045,Edmunds County,,SD,322,4787,5109,1,1,2,82,126,208,7,0.251628,0.259549,0,0,0.000016,0.000002,96,0.000083,30,0,0.000123
46047,Fall River County,,SD,777,7465,8242,2,2,4,114,193,307,7,0.259352,0.268557,0,0,0.000068,0.000062,96,0.000156,30,1,0.000697
46049,Faulk County,,SD,167,2706,2873,0,0,0,0,0,0,0,0,0,0,118,0,0,131,0.000051,206,0,0
46051,Grant County,,SD,481,9951,10432,1,1,2,61,57,118,7,0.235514,0.242274,0,0,0.000007,0.000001,96,0.000092,30,0,0.00012
46053,Gregory County,,SD,309,5666,5975,0,0,0,0,0,0,0,0,0,0,119,0,0,132,0.000051,207,0,0
46055,Haakon County,,SD,185,2804,2989,0,1,1,0,45,45,7,0.259372,0.268464,0,0,0,0.000062,96,0.000051,208,0,0
46057,Hamlin County,,SD,419,5830,6249,2,1,3,158,111,269,7,0.235514,0.242274,0,0,0.000023,0.000001,96,0.000126,30,1,0.000279
46059,Hand County,,SD,223,4504,4727,0,0,0,0,0,0,0,0,0,0,120,0,0,133,0.000051,209,0,0
46061,Hanson County,,SD,321,4236,4557,1,1,2,88,79,167,8,0.212277,0.217628,0,0,0.000001,0.000002,96,0.000093,30,0,0.000121
46063,Harding County,,SD,91,1644,1735,0,0,0,0,0,0,0,0,0,0,121,0,0,134,0.000051,210,0,0
46065,Hughes County,,SD,1593,19423,21016,5,5,10,556,605,1161,7,0.269356,0.280381,5846.94621,0,0.000195,0.000174,96,0.000266,30,0.47619,0.001783
46067,Hutchinson County,,SD,555,9046,9601,2,2,4,95,222,317,7,0.267343,0.277356,0,0,0.000111,0.000101,96,0.000119,30,1,0.000973
46069,Hyde County,,SD,140,1841,1981,0,0,0,0,0,0,0,0,0,0,122,0,0,135,0.000051,211,0,0
46071,Jackson County,,SD,179,2784,2963,0,0,0,0,0,0,0,0,0,0,123,0,0,136,0.000051,212,0,0
46073,Jerauld County,,SD,189,2494,2683,1,0,1,40,0,40,0,0,0,0,0,0.000001,0,96,0.000068,16,0,0.000101
46075,Jones County,,SD,89,1364,1453,0,0,0,0,0,0,0,0,0,0,124,0,0,137,0.000051,213,0,0
46077,Kingsbury County,,SD,388,6328,6716,1,1,2,46,63,109,7,0.251148,0.258986,0,0,0.000016,0.000007,96,0.000085,30,0,0.000159
46079,Lake County,,SD,900,12466,13366,2,3,5,221,362,583,7,0.267417,0.277644,2942,0,0.000125,0.000107,96,0.000111,30,0.5,0.001011
46081,Lawrence County,,SD,2627,23259,25886,7,6,13,935,1022,1957,7,0.269883,0.281325,1073.347761,0,0.000217,0.000185,96,0.000288,30,0.428571,0.002149
46083,Lincoln County,,SD,3245,33336,36581,14,8,22,3934,2116,6050,6,0.333948,0.352346,2877.960907,0,0.001345,0.001651,96,0.000502,30,0.329167,0.009563
46085,Lyman County,,SD,336,4334,4670,1,1,2,41,63,104,8,0.210986,0.215837,0,0,0.000001,0,96,0.000113,200,0,0.000089
46087,McCook County,,SD,526,6578,7104,1,1,2,165,170,335,7,0.267269,0.277069,0,0,0.000109,0.000099,96,0.000077,30,0,0.000852
46089,McPherson County,,SD,163,2888,3051,0,0,0,0,0,0,0,0,0,0,125,0,0,138,0.000051,214,0,0
46091,Marshall County,,SD,319,5594,5913,1,1,2,45,45,90,7,0.251671,0.259632,28.571159,0,0,0.000002,96,0.000065,215,0,0.000086
46093,Meade County,,SD,4883,31083,35966,7,9,16,1942,2185,4127,6,0.335922,0.355141,3799.618554,0,0.000765,0.003211,96,0.000212,30,0.435897,0.00603
46095,Mellette County,,SD,174,2046,2220,0,0,0,0,0,0,0,0,0,0,126,0,0,139,0.000051,216,0,0
46097,Miner County,,SD,174,2599,2773,1,1,2,46,43,89,7,0.267294,0.277126,0,0,0.000001,0.000099,96,0.000082,30,1,0.000098
46099,Minnehaha County,,SD,13708,179971,193679,53,50,103,8102,8411,16513,6,0.364712,0.391885,149892.104632,0,0.012195,0.013392,96,0.001546,30,0.1875,0.087449
46101,Moody County,,SD,609,7211,7820,2,2,4,222,254,476,7,0.267368,0.277414,0,0,0.000125,0.000107,96,0.000111,30,1,0.001011
46103,Pennington County,,SD,8756,97172,105928,35,29,64,4583,3965,8548,6,0.350085,0.374005,67060.325616,0,0.007564,0.008318,96,0.001127,30,0.221795,0.058703
46105,Perkins County,,SD,228,4092,4320,0,0,0,0,0,0,0,0,0,0,127,0,0,140,0.000051,217,0,0
46107,Potter County,,SD,189,3198,3387,0,0,0,0,0,0,0,0,0,0,128,0,0,141,0.000051,218,0,0
46109,Roberts County,,SD,734,10204,10938,0,3,3,0,172,172,7,0.235638,0.242796,0,0,0,0.000001,96,0.000051,219,0.333333,0
46111,Sanborn County,,SD,182,2887,3069,0,1,1,0,47,47,8,0.212319,0.217725,0,0,0,0.000002,96,0.000051,220,0,0
46113,Shannon County,,SD,560,10538,11098,1,1,2,186,132,318,7,0.259329,0.268385,0,0,0.000068,0.000062,96,0.000084,30,0,0.000598
46115,Spink County,,SD,526,7449,7975,1,3,4,76,212,288,7,0.267393,0.277586,3,0,0.000016,0.000102,96,0.000083,30,0.833333,0.000123
46117,Stanley County,,SD,439,3290,3729,1,1,2,193,247,440,8,0.212214,0.217426,0,0,0.000001,0.000002,96,0.000096,30,0,0.00011
46119,Sully County,,SD,115,1700,1815,0,0,0,0,0,0,0,0,0,0,129,0,0,142,0.000051,221,0,0
46121,Todd County,,SD,534,7707,8241,1,2,3,49,112,161,7,0.259375,0.268615,2943,0,0.000068,0.000062,96,0.000084,30,0,0.000598
46123,Tripp County,,SD,372,6896,7268,0,2,2,0,88,88,7,0.269249,0.279767,0,0,0,0.000161,96,0.000051,222,1,0
46125,Turner County,,SD,767,9204,9971,2,3,5,291,415,706,7,0.267319,0.277414,0.25,0,0.000123,0.000112,96,0.00013,30,0.833333,0.00104
46127,Union County,,SD,1526,14235,15761,6,4,10,894,660,1554,7,0.268707,0.279473,15.034085,0,0.000196,0.000149,96,0.000214,30,0.533333,0.001792
46129,Walworth County,,SD,515,6612,7127,1,3,4,73,144,217,7,0.267454,0.277682,2899,0,0,0.000101,96,0.000124,204,0.333333,0.000089
46135,Yankton County,,SD,1640,24252,25892,5,4,9,504,465,969,7,0.267565,0.277931,5857.553171,0,0.000116,0.000101,96,0.000213,30,0.15,0.001239
46137,Ziebach County,,SD,141,1171,1312,1,1,2,42,56,98,8,0.20597,0.210554,0,0,0.000001,0.000001,96,0.000135,30,0,0.000096
47001,Anderson County,,TN,5892,87951,93843,13,12,25,3309,3701,7010,6,0.303138,0.317777,486.201381,0,0.00118,0.001369,144,0.000397,30,0.340659,0.010466
47003,Bedford County,,TN,2537,43258,45795,9,9,18,1716,1461,3177,6,0.301373,0.314769,1762.590465,0,0.000888,0.000977,144,0.000262,30,0.597222,0.007808
47005,Benton County,,TN,1142,18086,19228,5,4,9,464,458,922,7,0.237872,0.244776,49.292502,0,0.000686,0.000035,143,0.000208,30,0.35,0.005071
47007,Bledsoe County,,TN,653,10385,11038,3,4,7,241,301,542,7,0.273991,0.285482,4.024603,0,0.000237,0.000222,18,0.000124,30,0.666667,0.001763
47009,Blount County,,TN,6678,125827,132505,20,15,35,4531,3678,8209,6,0.303583,0.318772,2117.668609,0,0.006716,0.001389,144,0.000468,30,0.409524,0.048931
47011,Bradley County,,TN,5984,97599,103583,14,16,30,2853,3115,5968,6,0.310611,0.327548,1589.531318,0,0.002533,0.00214,18,0.00034,30,0.3125,0.019757
47013,Campbell County,,TN,1823,38813,40636,5,5,10,835,903,1738,6,0.283201,0.295324,1486.895901,0,0.00033,0.000353,144,0.000203,30,0.3,0.003083
47015,Cannon County,,TN,1305,16787,18092,6,5,11,891,835,1726,6,0.301247,0.314107,2.427884,0,0.000742,0.000745,144,0.00018,30,0.8,0.006063
47017,Carroll County,,TN,2945,41034,43979,7,8,15,1355,1606,2961,6,0.311613,0.326029,1619.513143,0,0.000713,0.001306,143,0.000255,30,0.589286,0.00553
47019,Carter County,,TN,3675,59038,62713,8,7,15,2083,2210,4293,6,0.283673,0.29625,588.948104,0,0.000391,0.000407,144,0.000286,30,0.428571,0.003836
47021,Cheatham County,,TN,3828,45157,48985,9,9,18,3029,2708,5737,6,0.304604,0.318392,9.423609,0,0.001345,0.001211,144,0.000213,30,0.733333,0.010677
47023,Chester County,,TN,1441,18067,19508,7,6,13,894,830,1724,6,0.301655,0.314855,218.059472,0,0.000714,0.000665,143,0.000248,30,0.660714,0.005489
47025,Claiborne County,,TN,1734,32312,34046,7,5,12,759,890,1649,6,0.28334,0.295526,3364.396269,0,0.000329,0.000344,144,0.000252,30,0.333333,0.003262
47027,Clay County,,TN,442,8655,9097,2,3,5,87,210,297,7,0.233071,0.240051,5.207538,0,0.000007,0.000029,144,0.000111,30,0.333333,0.000237
47029,Cocke County,,TN,1575,37685,39260,7,5,12,1017,794,1811,6,0.282953,0.294893,15.661817,0,0.000537,0.000381,144,0.000239,30,0.666667,0.006023
47031,Coffee County,,TN,3542,54639,58181,9,10,19,2151,1962,4113,6,0.3026,0.316626,3533.306722,0,0.000739,0.001098,144,0.00029,30,0.455556,0.006276
47033,Crockett County,,TN,1323,17975,19298,6,6,12,722,732,1454,6,0.308265,0.321624,70.458713,0,0.000292,0.000671,143,0.000195,30,0.619048,0.003167
47035,Cumberland County,,TN,2544,57040,59584,14,10,24,1181,955,2136,6,0.303202,0.317633,6900.566784,0,0.002937,0.001291,144,0.000358,30,0.285714,0.020172
47037,Davidson County,,TN,57093,620772,677865,192,178,370,36928,45952,82880,5,0.430481,0.470169,240314.565508,0,0.075628,0.071631,144,0.002899,30,0.273246,0.531907
47039,Decatur County,,TN,827,12640,13467,4,3,7,411,336,747,7,0.235859,0.242228,5.199084,0,0.000665,0.000017,143,0.000183,30,0.5,0.004861
47041,DeKalb County,,TN,1352,20996,22348,8,8,16,887,848,1735,6,0.301373,0.314654,286.368719,0,0.000758,0.000793,144,0.000237,30,0.660714,0.006439
47043,Dickson County,,TN,3310,48106,51416,11,9,20,2347,1991,4338,6,0.304604,0.318392,254.183798,0,0.001804,0.00118,144,0.00028,30,0.618182,0.013981
47045,Dyer County,,TN,2557,41320,43877,10,8,18,1209,1071,2280,6,0.308692,0.322418,3780.441625,0,0.000736,0.000667,143,0.000284,30,0.366667,0.00577
47047,Fayette County,,TN,4107,51309,55416,6,7,13,4296,2710,7006,6,0.308462,0.322055,50.530929,0,0.001293,0.000898,143,0.000178,30,0.5,0.009692
47049,Fentress County,,TN,660,17810,18470,2,3,5,172,228,400,7,0.232958,0.239902,9.713577,0,0.000023,0.000048,144,0.000107,30,0.833333,0.00055
47051,Franklin County,,TN,2299,40998,43297,10,8,18,1140,1161,2301,6,0.302379,0.315994,4404.713788,0,0.001238,0.001043,144,0.000271,30,0.455556,0.009855
47053,Gibson County,,TN,3051,56393,59444,11,10,21,1972,1681,3653,6,0.311781,0.326518,705.381118,0,0.001318,0.001296,143,0.000327,30,0.472727,0.010188
47055,Giles County,,TN,2248,36496,38744,7,8,15,1131,1345,2476,6,0.302411,0.316023,73.479222,0,0.000902,0.001065,144,0.000193,30,0.517857,0.007377
47057,Grainger County,,TN,1258,20820,22078,6,6,12,921,816,1737,6,0.283063,0.295238,1367.798455,0,0.000326,0.000353,144,0.000214,30,0.5,0.003186
47059,Greene County,,TN,3044,73476,76520,9,9,18,1713,1414,3127,6,0.283645,0.296452,151.219342,0,0.000405,0.000413,144,0.000301,30,0.511111,0.004038
47061,Grundy County,,TN,546,14927,15473,4,4,8,279,289,568,7,0.233409,0.240592,18.111022,0,0.000025,0.000024,144,0.000166,30,0.333333,0.000596
47063,Hamblen County,,TN,4443,64869,69312,10,11,21,1894,2660,4554,6,0.283728,0.296854,33.724466,0,0.000416,0.000502,144,0.000343,30,0.563636,0.00475
47065,Hamilton County,,TN,19118,354399,373517,66,69,135,10626,12419,23045,6,0.376755,0.407827,63331.171604,0,0.023774,0.028265,18,0.001166,30,0.358326,0.178649
47067,Hancock County,,TN,268,5750,6018,1,2,3,46,88,134,7,0.221053,0.227109,0,0,0.000003,0.000006,144,0.000077,30,1,0.000131
47069,Hardeman County,,TN,1609,27122,28731,8,7,15,943,935,1878,6,0.311479,0.325713,106.023781,0,0.001294,0.001287,143,0.000226,30,0.430556,0.009801
47071,Hardin County,,TN,1489,28494,29983,9,7,16,708,675,1383,6,0.308298,0.321825,4553.631991,0,0.000718,0.000666,143,0.000314,30,0.361111,0.005673
47073,Hawkins County,,TN,3506,56737,60243,8,9,17,2312,2333,4645,6,0.283645,0.296452,4674.334857,0,0.000395,0.000408,144,0.000275,30,0.555556,0.003834
47075,Haywood County,,TN,1550,22218,23768,7,7,14,735,1015,1750,6,0.3082,0.321653,35.158711,0,0.000716,0.000678,143,0.000207,30,0.571429,0.005442
47077,Henderson County,,TN,1530,26440,27970,7,6,13,1004,846,1850,7,0.251061,0.259793,88.355722,0,0.000713,0.000054,143,0.000268,30,0.619048,0.005449
47079,Henry County,,TN,1911,34051,35962,8,6,14,878,715,1593,6,0.311579,0.325742,1460.673773,0,0.002346,0.001261,143,0.000235,30,0.482143,0.016553
47081,Hickman County,,TN,1440,21472,22912,7,6,13,1224,821,2045,6,0.301279,0.314251,1411.439459,0,0.000878,0.000859,144,0.000208,30,0.607143,0.007596
47083,Houston County,,TN,593,9146,9739,4,4,8,327,366,693,7,0.279218,0.290405,8.271002,0,0.000245,0.000207,144,0.000156,30,0.5,0.001861
47085,Humphreys County,,TN,1199,19038,20237,5,5,10,521,495,1016,6,0.301216,0.31405,689.643175,0,0.000602,0.000749,144,0.000198,30,0.433333,0.004984
47087,Jackson County,,TN,1077,14895,15972,5,3,8,587,562,1149,7,0.232902,0.239798,933.917136,0,0.00061,0.00003,144,0.000171,30,0.6,0.005042
47089,Jefferson County,,TN,4847,52708,57555,11,10,21,3426,3204,6630,6,0.283617,0.296509,31.831567,0,0.00038,0.000506,144,0.00037,30,0.55303,0.004712
47091,Johnson County,,TN,709,15932,16641,3,5,8,260,305,565,7,0.245906,0.255658,38.046356,0,0.000051,0.00007,144,0.000131,30,0.433333,0.000793
47093,Knox County,,TN,25799,411108,436907,102,87,189,18266,17178,35444,5,0.394286,0.427646,123067.439849,0,0.041536,0.038208,144,0.001836,30,0.358425,0.307496
47095,Lake County,,TN,349,6088,6437,2,2,4,174,198,372,7,0.23799,0.244499,0,0,0.000016,0.000012,143,0.000104,30,1,0.000289
47097,Lauderdale County,,TN,1490,26182,27672,5,7,12,784,845,1629,6,0.308298,0.321797,31.148892,0,0.000681,0.000674,143,0.000167,30,0.714286,0.004988
47099,Lawrence County,,TN,1801,43839,45640,7,6,13,1201,878,2079,6,0.301467,0.314568,2374.207803,0,0.000753,0.00065,144,0.000213,30,0.428571,0.006073
47101,Lewis County,,TN,764,11210,11974,4,5,9,363,397,760,6,0.301216,0.314021,5840.166667,0,0.00003,0.000645,144,0.000206,30,0.5,0.000608
47103,Lincoln County,,TN,1559,33870,35429,6,9,15,911,905,1816,6,0.302379,0.316109,275.735387,0,0.000315,0.001065,144,0.000186,30,0.625,0.00302
47105,Loudon County,,TN,3007,46324,49331,7,6,13,2038,1926,3964,6,0.283035,0.295181,80.7874,0,0.001091,0.000413,144,0.000217,30,0.666667,0.008122
47107,McMinn County,,TN,2837,54028,56865,9,9,18,1731,1519,3250,6,0.284146,0.297395,90.868713,0,0.000585,0.000626,18,0.000265,30,0.555556,0.005503
47109,McNairy County,,TN,1507,25462,26969,6,6,12,833,801,1634,6,0.308232,0.321595,23.100857,0,0.000708,0.000671,143,0.000209,30,0.633333,0.005305
47111,Macon County,,TN,1360,22727,24087,5,9,14,725,887,1612,6,0.301561,0.315028,3956.000624,0,0.000653,0.00082,144,0.000154,30,0.430556,0.005316
47113,Madison County,,TN,6423,91379,97802,18,17,35,3741,3609,7350,6,0.334681,0.354394,3438.541962,0,0.002531,0.002784,143,0.000505,30,0.3,0.019
47115,Marion County,,TN,1519,29894,31413,6,5,11,878,776,1654,7,0.273913,0.285522,378.74815,0,0.000244,0.000211,18,0.000195,30,0.428571,0.002166
47117,Marshall County,,TN,1843,31523,33366,7,7,14,1169,1125,2294,6,0.30131,0.314424,29.702889,0,0.000879,0.000968,144,0.000189,30,0.738095,0.007539
47119,Maury County,,TN,4815,82079,86894,11,11,22,3368,2676,6044,6,0.316376,0.333172,3706.539164,0,0.001944,0.002192,144,0.00029,30,0.469697,0.014814
47121,Meigs County,,TN,907,10567,11474,3,5,8,547,603,1150,7,0.273939,0.28558,4.734451,0,0.000253,0.000225,18,0.000108,30,0.7,0.001949
47123,Monroe County,,TN,2166,40802,42968,7,6,13,1414,1248,2662,6,0.283146,0.295411,13.305991,0,0.000354,0.00043,144,0.000217,30,0.690476,0.003864
47125,Montgomery County,,TN,19210,137897,157107,60,66,126,10648,11047,21695,6,0.386916,0.417552,20245.399645,0,0.021939,0.027352,144,0.000884,30,0.436842,0.157125
47127,Moore County,,TN,374,5369,5743,4,3,7,332,206,538,7,0.233033,0.239701,0,0,0.000034,0.000023,144,0.000146,30,1,0.000612
47129,Morgan County,,TN,1447,25224,26671,4,5,9,756,894,1650,6,0.283118,0.295181,1478.00148,0,0.000337,0.000375,144,0.000156,30,0.6,0.003154
47131,Obion County,,TN,2111,35588,37699,7,9,16,1108,1199,2307,6,0.311881,0.326576,7655.282679,0,0.000686,0.001282,143,0.000246,30,0.430556,0.005206
47133,Overton County,,TN,1300,23893,25193,5,5,10,694,688,1382,7,0.233014,0.240304,5891.198832,0,0.000014,0.000053,144,0.000269,30,0.3,0.000696
47135,Perry County,,TN,501,7820,8321,1,1,2,61,55,116,7,0.231507,0.237176,0,0,0.000005,0,144,0.000086,30,0,0.000099
47137,Pickett County,,TN,226,4331,4557,1,1,2,40,57,97,8,0.188992,0.192729,0,0,0,0,144,0.000097,30,0,0.000101
47139,Polk County,,TN,1331,15866,17197,4,5,9,714,873,1587,7,0.274146,0.285982,75.66525,0,0.000255,0.000261,18,0.000168,30,0.35,0.002228
47141,Putnam County,,TN,4628,60319,64947,17,15,32,2442,2502,4944,6,0.303392,0.318582,16625.732761,0,0.002943,0.00158,144,0.000461,30,0.327485,0.022646
47143,Rhea County,,TN,1624,30918,32542,5,6,11,732,737,1469,6,0.284034,0.296848,24.488847,0,0.000264,0.000581,18,0.000169,30,0.566667,0.00231
47145,Roane County,,TN,2681,46032,48713,10,9,19,1744,1686,3430,6,0.283284,0.295986,53.754758,0,0.000366,0.000448,144,0.000309,30,0.444444,0.004278
47147,Robertson County,,TN,5072,69112,74184,9,8,17,4155,3202,7357,6,0.304604,0.318248,1419.044757,0,0.001137,0.001191,144,0.000234,30,0.666667,0.009385
47149,Rutherford County,,TN,15481,205545,221026,47,42,89,13572,9867,23439,6,0.367766,0.394531,16118.535965,0,0.013641,0.014465,144,0.000932,30,0.29292,0.102732
47151,Scott County,,TN,772,20832,21604,3,4,7,295,274,569,6,0.283118,0.294979,616.532926,0,0.000006,0.000351,144,0.000163,30,0.5,0.000329
47153,Sequatchie County,,TN,660,10388,11048,3,3,6,499,361,860,7,0.273758,0.284976,1.833333,0,0.000234,0.000198,18,0.000125,30,0.666667,0.001764
47155,Sevier County,,TN,5614,68609,74223,13,7,20,3065,2796,5861,6,0.283534,0.295991,310.544666,0,0.004016,0.00044,144,0.000327,30,0.480769,0.03167
47157,Shelby County,,TN,51091,1016215,1067306,211,226,437,33480,39671,73151,5,0.444956,0.48767,339742.865957,0,0.076407,0.08085,143,0.003074,30,0.216467,0.534975
47159,Smith County,,TN,1232,18887,20119,7,9,16,907,841,1748,6,0.301373,0.314769,1056.205359,0,0.000672,0.000839,144,0.000216,30,0.625,0.005787
47161,Stewart County,,TN,1061,12428,13489,4,3,7,612,499,1111,6,0.304316,0.317213,88.45217,0,0.001013,0.000797,144,0.000119,30,0.666667,0.007183
47163,Sullivan County,,TN,9437,173307,182744,24,22,46,6067,5933,12000,6,0.312184,0.331315,38610.468068,0,0.003216,0.002795,144,0.000681,30,0.216524,0.026935
47165,Sumner County,,TN,10596,135733,146329,22,22,44,8217,6611,14828,6,0.351188,0.374229,6260.365836,0,0.005167,0.005277,144,0.000495,30,0.426154,0.038747
47167,Tipton County,,TN,3849,50646,54495,5,6,11,2881,2297,5178,6,0.308298,0.321682,6.450015,0,0.000706,0.000691,143,0.000157,30,0.6,0.005311
47169,Trousdale County,,TN,489,6802,7291,5,2,7,387,239,626,7,0.260004,0.269035,0,0,0.000659,0.000066,144,0.000137,30,1,0.00536
47171,Unicoi County,,TN,1208,19150,20358,4,3,7,709,705,1414,7,0.245427,0.254456,0,0,0.000079,0.00006,144,0.000165,30,1,0.000942
47173,Union County,,TN,1382,18091,19473,4,5,9,1019,1006,2025,6,0.28298,0.294951,3.341667,0,0.000328,0.000356,144,0.00017,30,0.65,0.003
47175,Van Buren County,,TN,321,4981,5302,2,2,4,146,169,315,7,0.231784,0.237883,0,0,0.000012,0.000006,144,0.000108,30,1,0.000255
47177,Warren County,,TN,1856,38653,40509,9,9,18,876,897,1773,6,0.301498,0.314999,6217.341124,0,0.000741,0.00077,144,0.000301,30,0.458333,0.006348
47179,Washington County,,TN,8176,109491,117667,20,19,39,5230,4737,9967,6,0.324488,0.34529,23394.092001,0,0.003769,0.006128,144,0.000563,30,0.367692,0.029303
47181,Wayne County,,TN,697,14867,15564,3,3,6,243,307,550,7,0.239921,0.247456,12.627673,0,0.00003,0.000023,144,0.000133,30,0.5,0.000477
47183,Weakley County,,TN,2080,32991,35071,7,8,15,947,946,1893,6,0.311713,0.326202,3974.240742,0,0.000701,0.0013,143,0.000231,30,0.527778,0.00533
47185,White County,,TN,1112,20253,21365,5,6,11,649,582,1231,6,0.301435,0.31451,1388.591722,0,0.000036,0.000676,144,0.000207,30,0.6,0.000943
47187,Williamson County,,TN,12245,135499,147744,50,33,83,10193,7835,18028,6,0.371634,0.397613,9124.33815,0,0.02549,0.016515,144,0.000787,30,0.542353,0.185067
47189,Wilson County,,TN,7687,103084,110771,15,17,32,6345,4943,11288,6,0.314863,0.331654,1338.548164,0,0.002952,0.002397,144,0.000366,30,0.470588,0.023165
48001,Anderson County,,TX,3256,43412,46668,15,14,29,1831,1811,3642,6,0.328199,0.347424,53.541195,0,0.004411,0.005165,174,0.000279,30,0.672794,0.035445
48003,Andrews County,,TX,994,14185,15179,3,3,6,275,395,670,7,0.266875,0.278144,0,0,0.000316,0.000306,174,0.000104,30,1,0.002715
48005,Angelina County,,TX,5356,84657,90013,22,26,48,2815,3226,6041,6,0.332759,0.353686,398.811341,0,0.006139,0.006888,174,0.000406,30,0.464387,0.048196
48007,Aransas County,,TX,2146,20779,22925,7,5,12,1193,885,2078,6,0.326021,0.343133,0,0,0.003696,0.002862,174,0.000142,30,1,0.027701
48009,Archer County,,TX,1121,10429,11550,2,2,4,850,591,1441,7,0.267319,0.278395,0.922222,0,0.000179,0.000162,174,0.000088,30,0.666667,0.001493
48011,Armstrong County,,TX,257,2134,2391,1,2,3,40,127,167,7,0.262168,0.272094,0,0,0.000084,0.000177,174,0.000067,30,1,0.000642
48013,Atascosa County,,TX,3469,44581,48050,8,6,14,2832,2237,5069,6,0.326058,0.343306,81.352893,0,0.003543,0.002827,174,0.00021,30,0.589286,0.027159
48015,Austin County,,TX,2047,28219,30266,8,8,16,1508,1222,2730,6,0.322538,0.339723,3.794187,0,0.002171,0.002285,174,0.000173,30,0.708333,0.017153
48017,Bailey County,,TX,693,7227,7920,4,4,8,226,258,484,7,0.267565,0.278903,9.722625,0,0.000222,0.000204,174,0.000136,30,0.583333,0.001984
48019,Bandera County,,TX,1569,18346,19915,6,3,9,1250,756,2006,6,0.309582,0.32385,0.75,0,0.002544,0.000931,174,0.000152,30,0.866667,0.019593
48021,Bastrop County,,TX,5869,62418,68287,16,14,30,6042,3871,9913,6,0.330294,0.349661,67.218554,0,0.005887,0.006133,174,0.000288,30,0.774854,0.046044
48023,Baylor County,,TX,351,3797,4148,0,1,1,0,57,57,7,0.267337,0.278299,0,0,0,0.000161,174,0.000051,223,0,0
48025,Bee County,,TX,2133,24491,26624,10,11,21,1054,1038,2092,6,0.328014,0.346072,242.207717,0,0.002893,0.003414,174,0.000216,30,0.634615,0.022411
48027,Bell County,,TX,47541,258526,306067,164,163,327,27514,29356,56870,5,0.425613,0.464884,34659.385896,0,0.064758,0.065945,174,0.002017,30,0.299677,0.460154
48029,Bexar County,,TX,81631,1561489,1643120,316,275,591,74231,66251,140482,5,0.448121,0.496331,174744.986304,0,0.104317,0.093604,174,0.004225,30,0.189502,0.738526
48031,Blanco County,,TX,1167,11971,13138,7,6,13,818,538,1356,6,0.315893,0.331407,1.053968,0,0.002655,0.001971,174,0.000173,30,0.875,0.02084
48033,Borden County,,TX,0,0,0,0,0,0,0,0,0,0,0,0,0,130,0,0,145,0.000051,224,0,0
48035,Bosque County,,TX,1690,17998,19688,9,8,17,1136,994,2130,6,0.321322,0.338486,299.628252,0,0.002943,0.002546,174,0.000205,30,0.644444,0.022766
48037,Bowie County,,TX,6668,92344,99012,21,21,42,3763,3817,7580,6,0.332912,0.353681,11920.238779,0,0.005269,0.006339,174,0.000406,30,0.381667,0.040595
48039,Brazoria County,,TX,18032,268330,286362,44,46,90,17796,12697,30493,6,0.355583,0.382551,2227.601051,0,0.015894,0.015413,174,0.000649,30,0.426599,0.119264
48041,Brazos County,,TX,14674,123905,138579,44,47,91,7452,9638,17090,6,0.36554,0.393283,2726.009672,0,0.012311,0.018594,174,0.000735,30,0.442424,0.09522
48043,Brewster County,,TX,1027,8370,9397,4,6,10,233,363,596,6,0.312184,0.327628,242.155573,0,0.001564,0.00146,174,0.000111,30,0.714286,0.011383
48045,Briscoe County,,TX,121,1885,2006,0,0,0,0,0,0,0,0,0,0,131,0,0,146,0.000051,225,0,0
48047,Brooks County,,TX,418,7783,8201,2,4,6,127,237,364,7,0.28476,0.297401,0,0,0.000249,0.000584,174,0.00008,30,1,0.002072
48049,Brown County,,TX,2757,36555,39312,16,18,34,1297,1340,2637,6,0.332301,0.352657,7046.669072,0,0.004355,0.006231,174,0.000371,30,0.55,0.03349
48051,Burleson County,,TX,1512,17280,18792,3,6,9,719,801,1520,6,0.322466,0.339378,0.45,0,0.001155,0.001872,174,0.000093,30,0.8,0.008565
48053,Burnet County,,TX,3451,36036,39487,13,13,26,2465,2025,4490,6,0.330595,0.350121,153.491794,0,0.005776,0.005553,174,0.000258,30,0.7,0.044442
48055,Caldwell County,,TX,3919,36623,40542,11,10,21,3740,2625,6365,6,0.326094,0.34391,6.01108,0,0.004077,0.003689,174,0.000209,30,0.863636,0.031556
48057,Calhoun County,,TX,1951,21988,23939,5,10,15,502,1015,1517,6,0.327976,0.345899,13.728993,0,0.001794,0.003696,174,0.000124,30,0.844444,0.013347
48059,Callahan County,,TX,1225,13029,14254,4,4,8,655,625,1280,6,0.313535,0.328813,178.469821,0,0.001044,0.001027,174,0.000138,30,0.65,0.0078
48061,Cameron County,,TX,16493,348242,364735,48,47,95,9990,10159,20149,6,0.364208,0.391534,2451.516692,0,0.020667,0.022409,174,0.000695,30,0.445554,0.159293
48063,Camp County,,TX,1244,14838,16082,6,9,15,593,722,1315,6,0.319974,0.336807,253.548864,0,0.001014,0.002054,174,0.000172,30,0.680556,0.007933
48065,Carson County,,TX,666,7498,8164,4,4,8,486,335,821,7,0.262239,0.272497,0,0,0.000219,0.00018,174,0.00012,30,1,0.001776
48067,Cass County,,TX,2335,35085,37420,10,12,22,1281,1399,2680,6,0.327162,0.346037,920.906581,0,0.002061,0.00309,174,0.000219,30,0.560606,0.015671
48069,Castro County,,TX,827,8134,8961,4,6,10,229,409,638,7,0.267343,0.279145,4.737064,0,0.000295,0.000342,174,0.000128,30,0.733333,0.002507
48071,Chambers County,,TX,4416,46527,50943,8,6,14,3806,2950,6756,6,0.321607,0.338463,0.233766,0,0.001503,0.00168,174,0.000176,30,0.875,0.012465
48073,Cherokee County,,TX,3302,46994,50296,10,12,22,1767,1884,3651,6,0.327199,0.345986,2.942528,0,0.003745,0.00418,174,0.000186,30,0.863636,0.028114
48075,Childress County,,TX,565,6309,6874,0,0,0,0,0,0,0,0,0,0,132,0,0,147,0.000051,226,0,0
48077,Clay County,,TX,1056,11402,12458,3,1,4,813,537,1350,7,0.267294,0.278222,0,0,0.000192,0.000161,174,0.000119,30,0.666667,0.001629
48079,Cochran County,,TX,424,3677,4101,1,2,3,46,195,241,7,0.266556,0.277339,0,0,0.000147,0.000135,174,0.000069,30,1,0.001169
48081,Coke County,,TX,373,3736,4109,1,1,2,87,137,224,7,0.262334,0.272624,0,0,0.000152,0.000114,174,0.000067,30,0,0.000971
48083,Coleman County,,TX,846,9054,9900,4,3,7,224,257,481,7,0.268756,0.280471,0,0,0.001236,0.00029,174,0.000109,30,1,0.008822
48085,Collin County,,TX,61196,580404,641600,193,167,360,74958,50703,125661,5,0.42649,0.465764,41371.980669,0,0.080917,0.069737,174,0.002407,30,0.299254,0.565408
48087,Collingsworth County,,TX,281,3086,3367,0,0,0,0,0,0,0,0,0,0,133,0,0,148,0.000051,227,0,0
48089,Colorado County,,TX,1276,20827,22103,6,7,13,798,686,1484,6,0.322502,0.33955,2.42619,0,0.002017,0.002176,174,0.000146,30,0.714286,0.015816
48091,Comal County,,TX,7508,88617,96125,25,19,44,7213,4722,11935,6,0.344631,0.366707,231.957222,0,0.009436,0.007739,174,0.000416,30,0.715385,0.074616
48093,Comanche County,,TX,1164,14461,15625,4,4,8,390,423,813,6,0.312284,0.327599,0,0,0.000918,0.000954,174,0.000121,30,1,0.007216
48095,Concho County,,TX,292,2617,2909,1,0,1,90,0,90,0,0,0,0,0,0.000152,0,174,0.000067,29,0,0.000971
48097,Cooke County,,TX,2936,40033,42969,9,9,18,2106,1760,3866,6,0.319691,0.336738,2391.121994,0,0.002875,0.003072,174,0.00021,30,0.611111,0.022567
48099,Coryell County,,TX,14954,54554,69508,36,40,76,8313,8112,16425,6,0.356721,0.383454,3072.472511,0,0.016083,0.016621,174,0.00048,30,0.608696,0.116384
48101,Cottle County,,TX,170,1900,2070,0,0,0,0,0,0,0,0,0,0,134,0,0,149,0.000051,228,0,0
48103,Crane County,,TX,392,4225,4617,1,2,3,43,152,195,7,0.259747,0.269846,0,0,0.000081,0.000172,174,0.000068,30,1,0.000706
48105,Crockett County,,TX,292,4016,4308,0,0,0,0,0,0,0,0,0,0,135,0,0,150,0.000051,229,0,0
48107,Crosby County,,TX,829,7942,8771,1,1,2,295,423,718,7,0.266532,0.277167,0,0,0.000147,0.000133,174,0.000069,30,0,0.001169
48109,Culberson County,,TX,318,3101,3419,0,0,0,0,0,0,0,0,0,0,136,0,0,151,0.000051,230,0,0
48111,Dallam County,,TX,848,7229,8077,3,4,7,143,235,378,7,0.262286,0.272612,2944.643436,0,0.000193,0.000183,174,0.00012,30,0.583333,0.001647
48113,Dallas County,,TX,193758,2287707,2481465,350,361,711,128521,177057,305578,5,0.464646,0.51903,340400.219285,0,0.107671,0.108473,174,0.004726,30,0.145155,0.755339
48115,Dawson County,,TX,1300,13424,14724,3,6,9,256,635,891,6,0.31306,0.329152,6.864421,0,0.000252,0.001128,174,0.000112,30,0.566667,0.002309
48117,Deaf Smith County,,TX,1547,19651,21198,5,6,11,435,715,1150,6,0.313263,0.329469,91.618244,0,0.000345,0.001187,174,0.000142,30,0.666667,0.002968
48119,Delta County,,TX,551,5054,5605,4,3,7,295,255,550,7,0.246996,0.255435,0,0,0.000989,0.000098,174,0.000115,30,1,0.007378
48121,Denton County,,TX,50824,455255,506079,166,133,299,58631,40652,99283,5,0.418061,0.454446,35652.301614,0,0.064519,0.055578,174,0.002202,30,0.299105,0.458958
48123,DeWitt County,,TX,1416,20924,22340,6,6,12,647,763,1410,6,0.325764,0.342961,6.605044,0,0.002013,0.002639,174,0.000145,30,0.660714,0.015062
48125,Dickens County,,TX,256,2111,2367,1,1,2,73,64,137,7,0.266532,0.277167,0,0,0.000147,0.000133,174,0.000069,30,0,0.001169
48127,Dimmit County,,TX,693,10059,10752,3,3,6,196,237,433,6,0.315789,0.330889,0.5,0,0.000882,0.00156,174,0.000096,30,0.833333,0.00705
48129,Donley County,,TX,288,3543,3831,2,1,3,93,64,157,7,0.26186,0.271456,0,0,0.000192,0.000108,174,0.000087,30,1,0.001558
48131,Duval County,,TX,905,14849,15754,2,4,6,241,513,754,6,0.310079,0.324626,0,0,0.000249,0.001132,174,0.00008,30,1,0.002072
48133,Eastland County,,TX,1436,17422,18858,8,7,15,639,520,1159,6,0.31367,0.329388,35.787099,0,0.001967,0.001102,174,0.000203,30,0.571429,0.014939
48135,Ector County,,TX,7954,132321,140275,32,32,64,4762,4813,9575,6,0.348317,0.373062,24041.66269,0,0.009489,0.009966,174,0.000635,30,0.405882,0.07373
48137,Edwards County,,TX,285,4139,4424,0,0,0,0,0,0,0,0,0,0,137,0,0,152,0.000051,231,0,0
48139,Ellis County,,TX,9745,124043,133788,18,20,38,9495,6597,16092,6,0.34231,0.363699,111.108172,0,0.008363,0.008209,174,0.000288,30,0.709957,0.062696
48141,El Paso County,,TX,44169,775213,819382,127,161,288,21748,32049,53797,6,0.414118,0.454704,50747.199812,0,0.052981,0.061333,174,0.001614,30,0.319221,0.37437
48143,Erath County,,TX,3136,30537,33673,14,16,30,1478,1549,3027,6,0.321393,0.340022,531.714333,0,0.004043,0.003744,174,0.000294,30,0.509804,0.03142
48145,Falls County,,TX,1380,15853,17233,3,4,7,537,750,1287,6,0.310811,0.325638,1.906053,0,0.000686,0.001355,174,0.000096,30,0.666667,0.004997
48147,Fannin County,,TX,2258,29190,31448,8,8,16,1710,1394,3104,6,0.31955,0.336393,3.018334,0,0.00291,0.00309,174,0.000166,30,0.875,0.02264
48149,Fayette County,,TX,1549,24630,26179,9,8,17,934,735,1669,6,0.322538,0.339723,6.581746,0,0.002188,0.002225,174,0.000207,30,0.572727,0.01725
48151,Fisher County,,TX,356,4082,4438,2,1,3,97,40,137,7,0.266532,0.277141,0,0,0.000028,0.00014,174,0.000079,30,0.666667,0.000318
48153,Floyd County,,TX,735,7734,8469,2,2,4,216,308,524,7,0.266581,0.277397,0,0,0.000177,0.00016,174,0.000088,30,1,0.001472
48155,Foard County,,TX,175,1593,1768,0,0,0,0,0,0,0,0,0,0,138,0,0,153,0.000051,232,0,0
48157,Fort Bend County,,TX,32253,418539,450792,98,71,169,44705,26067,70772,6,0.383283,0.414383,7813.992525,0,0.048092,0.032913,174,0.001203,30,0.453617,0.332634
48159,Franklin County,,TX,1142,12196,13338,7,5,12,649,473,1122,7,0.255917,0.265904,15.163457,0,0.002364,0.000153,174,0.000168,30,0.732143,0.01819
48161,Freestone County,,TX,1343,17740,19083,8,8,16,842,709,1551,6,0.326204,0.344462,15.818988,0,0.002927,0.002987,174,0.000179,30,0.732143,0.02225
48163,Frio County,,TX,1078,14202,15280,3,3,6,332,488,820,6,0.309549,0.323792,1,0,0.000792,0.000906,174,0.000103,30,0.583333,0.00651
48165,Gaines County,,TX,1231,14581,15812,4,5,9,232,444,676,7,0.266949,0.278547,5.06978,0,0.000203,0.000351,174,0.000131,30,0.666667,0.001821
48167,Galveston County,,TX,20697,277708,298405,55,40,95,18400,14468,32868,6,0.353976,0.379687,1513.671728,0,0.023194,0.01671,174,0.000773,30,0.483078,0.17073
48169,Garza County,,TX,418,3700,4118,1,1,2,122,129,251,7,0.266532,0.277167,0,0,0.000147,0.000133,174,0.000069,30,0,0.001169
48171,Gillespie County,,TX,1451,23873,25324,7,3,10,875,398,1273,6,0.315824,0.330947,0.222222,0,0.003481,0.001594,174,0.000158,30,0.904762,0.026521
48173,Glasscock County,,TX,155,2581,2736,0,0,0,0,0,0,0,0,0,0,139,0,0,154,0.000051,233,0,0
48175,Goliad County,,TX,934,10174,11108,5,1,6,693,414,1107,7,0.24972,0.258068,0,0,0.00131,0.000048,174,0.000128,30,0.85,0.010163
48177,Gonzales County,,TX,1173,18925,20098,6,8,14,590,578,1168,6,0.325801,0.343248,9.823907,0,0.002632,0.002806,174,0.000138,30,0.732143,0.020376
48179,Gray County,,TX,1788,22260,24048,4,6,10,471,571,1042,6,0.313263,0.329469,82.878514,0,0.000211,0.001183,174,0.000128,30,0.766667,0.001776
48181,Grayson County,,TX,7526,114746,122272,16,18,34,4808,4445,9253,6,0.344959,0.367409,533.398305,0,0.00718,0.008393,174,0.000294,30,0.644737,0.055415
48183,Gregg County,,TX,10540,135180,145720,39,35,74,6959,7061,14020,6,0.343406,0.367472,7238.798138,0,0.009674,0.009303,174,0.000657,30,0.363108,0.075712
48185,Grimes County,,TX,1894,22604,24498,7,7,14,1500,1104,2604,6,0.321607,0.338578,2.975805,0,0.002112,0.001527,174,0.000169,30,0.732143,0.016485
48187,Guadalupe County,,TX,8466,91455,99921,20,18,38,6434,5448,11882,6,0.345865,0.367581,322.561165,0,0.008615,0.008714,174,0.000355,30,0.695238,0.065869
48189,Hale County,,TX,3420,37051,40471,11,12,23,1284,1694,2978,6,0.327236,0.345813,2735.77495,0,0.003279,0.003741,174,0.000271,30,0.532051,0.0255
48191,Hall County,,TX,373,3394,3767,0,0,0,0,0,0,0,0,0,0,140,0,0,155,0.000051,234,0,0
48193,Hamilton County,,TX,575,6694,7269,3,3,6,176,193,369,7,0.263311,0.273926,0.782331,0,0.000994,0.000188,174,0.000089,30,0.666667,0.00766
48195,Hansford County,,TX,564,5702,6266,1,2,3,41,96,137,7,0.25799,0.267506,0,0,0.000084,0.000076,174,0.000067,30,1,0.000642
48197,Hardeman County,,TX,425,4630,5055,1,2,3,52,128,180,7,0.267343,0.278452,0,0,0.000008,0.000176,174,0.000086,30,1,0.0002
48199,Hardin County,,TX,4042,52537,56579,12,9,21,3055,2656,5711,6,0.321714,0.338981,15.379212,0,0.002422,0.001674,174,0.000247,30,0.698718,0.019794
48201,Harris County,,TX,191854,3584495,3776349,460,431,891,159232,173177,332409,5,0.473529,0.533322,515335.97642,0,0.124901,0.120107,174,0.006207,30,0.112632,0.881462
48203,Harrison County,,TX,4258,55582,59840,12,15,27,2400,2889,5289,6,0.327384,0.346728,1312.612012,0,0.003189,0.004488,174,0.000247,30,0.647619,0.024752
48205,Hartley County,,TX,358,3423,3781,1,2,3,42,89,131,7,0.261907,0.271686,0,0,0.000001,0.000109,174,0.000076,30,1,0.000105
48207,Haskell County,,TX,548,6043,6591,2,3,5,113,166,279,7,0.266581,0.277486,5839,0,0.00015,0.000141,174,0.000142,30,0.333333,0.001255
48209,Hays County,,TX,10970,92436,103406,33,26,59,11782,8109,19891,6,0.344426,0.367196,340.95524,0,0.013118,0.009235,174,0.000511,30,0.627731,0.100146
48211,Hemphill County,,TX,340,3498,3838,0,0,0,0,0,0,0,0,0,0,141,0,0,156,0.000051,235,0,0
48213,Henderson County,,TX,6043,75160,81203,17,20,37,5237,3902,9139,6,0.330482,0.350431,33.527722,0,0.005491,0.006468,174,0.000291,30,0.647186,0.042638
48215,Hidalgo County,,TX,23931,587369,611300,112,88,200,17722,14607,32329,6,0.385731,0.419065,46669.869306,0,0.03708,0.029745,174,0.001581,30,0.234375,0.267983
48217,Hill County,,TX,2619,32357,34976,9,9,18,1916,1477,3393,6,0.327162,0.345727,6.77193,0,0.003564,0.003618,174,0.000181,30,0.866667,0.027623
48219,Hockley County,,TX,2059,23500,25559,4,4,8,893,1033,1926,6,0.31279,0.328462,305.341709,0,0.000151,0.001006,174,0.000188,30,0.4,0.00148
48221,Hood County,,TX,3806,43555,47361,12,10,22,2949,2118,5067,6,0.321072,0.338814,45.254022,0,0.004621,0.003842,174,0.000241,30,0.712121,0.035777
48223,Hopkins County,,TX,2396,32591,34987,11,11,22,1283,1291,2574,6,0.319585,0.336795,902.302601,0,0.002872,0.002699,174,0.00027,30,0.590909,0.022973
48225,Houston County,,TX,1302,20651,21953,8,7,15,730,605,1335,6,0.321678,0.338693,3.056523,0,0.001505,0.001329,174,0.000177,30,0.666667,0.012753
48227,Howard County,,TX,2243,30421,32664,11,8,19,813,824,1637,6,0.321108,0.33863,2799.624769,0,0.003319,0.002169,174,0.000237,30,0.581818,0.025201
48229,Hudspeth County,,TX,405,3312,3717,1,1,2,117,105,222,7,0.292875,0.305714,0,0,0.0005,0.000432,174,0.000059,30,0,0.003093
48231,Hunt County,,TX,7083,79292,86375,19,20,39,5752,4712,10464,6,0.327532,0.347424,1324.059478,0,0.0051,0.005275,174,0.000363,30,0.558442,0.040605
48233,Hutchinson County,,TX,2040,25518,27558,5,9,14,577,907,1484,6,0.327051,0.345842,301.138811,0,0.00021,0.002233,174,0.000156,30,0.527778,0.001916
48235,Irion County,,TX,399,1882,2281,1,1,2,134,121,255,7,0.262334,0.272624,0,0,0.000152,0.000114,174,0.000067,30,0,0.000971
48237,Jack County,,TX,664,7341,8005,5,6,11,346,358,704,6,0.312284,0.32783,1.4,0,0.000942,0.001512,174,0.000142,30,0.766667,0.007552
48239,Jackson County,,TX,1104,15288,16392,6,5,11,586,504,1090,6,0.321607,0.338348,0.342857,0,0.001832,0.00149,174,0.00013,30,0.928571,0.013579
48241,Jasper County,,TX,2733,37803,40536,10,10,20,1569,1584,3153,6,0.323727,0.34177,581.529536,0,0.00218,0.002158,174,0.000233,30,0.575758,0.016807
48243,Jeff Davis County,,TX,269,2108,2377,0,0,0,0,0,0,0,0,0,0,142,0,0,157,0.000051,236,0,0
48245,Jefferson County,,TX,14706,256518,271224,39,40,79,7846,10340,18186,6,0.351486,0.377065,5435.543076,0,0.012854,0.012802,174,0.000642,30,0.474747,0.098348
48247,Jim Hogg County,,TX,342,5327,5669,0,0,0,0,0,0,0,0,0,0,143,0,0,158,0.000051,237,0,0
48249,Jim Wells County,,TX,2660,39600,42260,11,11,22,1676,1699,3375,6,0.328051,0.34613,976.937372,0,0.003883,0.00327,174,0.000217,30,0.621795,0.030228
48251,Johnson County,,TX,11254,143256,154510,27,20,47,10928,7851,18779,6,0.331731,0.352053,403.582476,0,0.010983,0.00637,174,0.000437,30,0.59127,0.083043
48253,Jones County,,TX,1499,15418,16917,3,3,6,694,694,1388,7,0.268682,0.280298,16.419044,0,0.000159,0.000263,174,0.000134,30,0.5,0.001419
48255,Karnes County,,TX,890,12998,13888,3,3,6,225,256,481,6,0.309582,0.32385,1.571429,0,0.00085,0.000888,174,0.000096,30,0.666667,0.006886
48257,Kaufman County,,TX,6925,76239,83164,12,14,26,7176,5079,12255,6,0.327717,0.347027,13.036426,0,0.004753,0.005616,174,0.000217,30,0.824176,0.036676
48259,Kendall County,,TX,1972,25131,27103,8,7,15,1539,1141,2680,6,0.325801,0.343133,40.742117,0,0.004282,0.002737,174,0.000192,30,0.75,0.03249
48261,Kenedy County,,TX,0,0,0,0,0,0,0,0,0,0,0,0,0,144,0,0,159,0.000051,238,0,0
48263,Kent County,,TX,70,959,1029,0,0,0,0,0,0,0,0,0,0,145,0,0,160,0.000051,239,0,0
48265,Kerr County,,TX,3450,44785,48235,12,14,26,1503,1563,3066,6,0.332606,0.352341,6045.298197,0,0.005682,0.005431,174,0.000327,30,0.633333,0.044479
48267,Kimble County,,TX,393,4331,4724,1,1,2,46,42,88,7,0.249612,0.257504,0,0,0.000044,0.000046,174,0.000071,30,0,0.000449
48269,King County,,TX,0,0,0,0,0,0,0,0,0,0,0,0,0,146,0,0,161,0.000051,240,0,0
48271,Kinney County,,TX,346,3203,3549,1,0,1,62,0,62,0,0,0,0,0,0.000058,0,174,0.000064,27,0,0.000557
48273,Kleberg County,,TX,3142,30008,33150,12,12,24,1306,1658,2964,6,0.340381,0.360139,269.171705,0,0.003718,0.005346,174,0.00022,30,0.536765,0.029112
48275,Knox County,,TX,365,3969,4334,1,1,2,46,43,89,8,0.210488,0.215745,0,0,0.000001,0.000001,174,0.000091,30,0,0.0001
48277,Lamar County,,TX,3091,51462,54553,14,15,29,1666,1597,3263,6,0.327532,0.34682,1649.977433,0,0.004005,0.005007,174,0.000296,30,0.507353,0.031724
48279,Lamb County,,TX,1270,14695,15965,5,4,9,544,520,1064,7,0.266654,0.277799,4.302871,0,0.00019,0.000163,174,0.000175,30,0.5,0.0018
48281,Lampasas County,,TX,1624,16903,18527,6,5,11,1016,669,1685,6,0.310678,0.325523,0.191667,0,0.002644,0.001676,174,0.000126,30,0.966667,0.019711
48283,La Salle County,,TX,393,5564,5957,1,3,4,45,167,212,6,0.309615,0.323907,0.833333,0,0.000107,0.000946,174,0.000062,30,0.666667,0.000747
48285,Lavaca County,,TX,1043,19974,21017,7,5,12,607,543,1150,6,0.322502,0.33932,2.958838,0,0.001833,0.001798,174,0.000165,30,0.642857,0.013784
48287,Lee County,,TX,1218,16047,17265,7,6,13,713,549,1262,6,0.322466,0.339378,1.188095,0,0.002161,0.002154,174,0.000155,30,0.761905,0.016182
48289,Leon County,,TX,1287,15673,16960,7,6,13,748,522,1270,6,0.321571,0.338406,7.844495,0,0.002287,0.001501,174,0.000165,30,0.714286,0.017801
48291,Liberty County,,TX,5574,66153,71727,16,12,28,5192,3929,9121,6,0.323799,0.342115,42.94286,0,0.004511,0.002816,174,0.000305,30,0.669118,0.0363
48293,Limestone County,,TX,1528,20534,22062,7,6,13,855,760,1615,6,0.325508,0.343225,112.275262,0,0.002892,0.002069,174,0.000156,30,0.761905,0.021767
48295,Lipscomb County,,TX,248,3048,3296,1,0,1,41,0,41,0,0,0,0,147,0,0,167,0.000094,241,0,0.000086
48297,Live Oak County,,TX,969,9962,10931,5,4,9,384,402,786,7,0.273861,0.285235,0.142857,0,0.002065,0.000352,174,0.00012,30,0.966667,0.016242
48299,Llano County,,TX,1318,13561,14879,8,5,13,888,484,1372,6,0.315858,0.331234,2898.452497,0,0.003288,0.001889,174,0.000197,30,0.678571,0.025148
48301,Loving County,,TX,0,0,0,0,0,0,0,0,0,0,0,0,0,148,0,0,162,0.000051,242,0,0
48303,Lubbock County,,TX,18163,242216,260379,71,70,141,12196,12520,24716,6,0.36334,0.393409,74692.460897,0,0.016391,0.018049,174,0.001463,30,0.252334,0.125705
48305,Lynn County,,TX,651,6539,7190,1,1,2,286,316,602,7,0.266532,0.277167,0,0,0.000147,0.000133,174,0.000069,30,0,0.001169
48307,McCulloch County,,TX,788,8293,9081,1,2,3,40,105,145,7,0.262476,0.273084,0,0,0.000715,0.00015,174,0.000062,30,1,0.004929
48309,McLennan County,,TX,12927,215742,228669,43,45,88,7790,8267,16057,6,0.354756,0.381274,1759.283235,0,0.013071,0.016222,174,0.000687,30,0.461216,0.101815
48311,McMullen County,,TX,68,777,845,0,0,0,0,0,0,0,0,0,0,149,0,0,163,0.000051,243,0,0
48313,Madison County,,TX,1013,10441,11454,6,6,12,590,527,1117,6,0.321571,0.338406,0.95,0,0.001388,0.001509,174,0.000158,30,0.866667,0.011544
48315,Marion County,,TX,744,7912,8656,3,3,6,371,351,722,7,0.255736,0.265185,0,0,0.000137,0.000122,174,0.000096,30,1,0.001254
48317,Martin County,,TX,411,4374,4785,1,2,3,150,194,344,7,0.258036,0.26773,0,0,0.000088,0.000122,174,0.000069,30,1,0.00084
48319,Mason County,,TX,297,3547,3844,0,0,0,0,0,0,0,0,0,0,150,0,0,164,0.000051,244,0,0
48321,Matagorda County,,TX,2743,39428,42171,8,11,19,1171,1558,2729,6,0.326241,0.344168,17.00706,0,0.002958,0.003591,174,0.000157,30,0.781818,0.02323
48323,Maverick County,,TX,3451,55567,59018,13,10,23,1461,1776,3237,6,0.332721,0.35184,112.86117,0,0.004871,0.005303,174,0.000233,30,0.598901,0.037239
48325,Medina County,,TX,2960,37717,40677,7,7,14,2184,1743,3927,6,0.325764,0.343076,89.299354,0,0.003346,0.002649,174,0.00018,30,0.571429,0.025537
48327,Menard County,,TX,260,2242,2502,0,0,0,0,0,0,0,0,0,0,151,0,0,165,0.000051,245,0,0
48329,Midland County,,TX,8992,124098,133090,42,36,78,5984,5420,11404,6,0.347649,0.372901,22963.996029,0,0.011633,0.010781,174,0.000786,30,0.348751,0.089225
48331,Milam County,,TX,1736,25000,26736,7,7,14,1230,890,2120,6,0.323474,0.340729,7.21998,0,0.00264,0.002746,174,0.000159,30,0.696429,0.019537
48333,Mills County,,TX,308,4608,4916,1,1,2,65,64,129,7,0.249441,0.257517,0,0,0.000051,0.000035,174,0.000068,30,0,0.000369
48335,Mitchell County,,TX,605,6925,7530,3,4,7,132,205,337,7,0.266654,0.277774,3.435232,0,0.000046,0.000186,174,0.000104,30,0.416667,0.000618
48337,Montague County,,TX,1495,18415,19910,7,7,14,900,792,1692,6,0.321144,0.337882,259.025449,0,0.002544,0.002483,174,0.000149,30,0.571429,0.01962
48339,Montgomery County,,TX,24407,305496,329903,93,57,150,29162,17278,46440,6,0.370873,0.399758,6469.698215,0,0.038379,0.023924,174,0.001276,30,0.402903,0.275066
48341,Moore County,,TX,2161,21270,23431,8,7,15,607,845,1452,7,0.294602,0.30947,268.009087,0,0.000768,0.000898,174,0.000206,30,0.366667,0.005446
48343,Morris County,,TX,1163,15418,16581,6,5,11,622,612,1234,6,0.317937,0.333523,2.558518,0,0.001082,0.00099,174,0.00014,30,0.8,0.008035
48345,Motley County,,TX,121,1217,1338,0,0,0,0,0,0,0,0,0,0,152,0,0,166,0.000051,246,0,0
48347,Nacogdoches County,,TX,4603,54604,59207,17,22,39,2176,2929,5105,6,0.330558,0.350776,153.43993,0,0.005176,0.006962,174,0.000307,30,0.577899,0.04048
48349,Navarro County,,TX,3108,44340,47448,12,11,23,1992,1721,3713,6,0.326315,0.344979,8.400977,0,0.004832,0.004244,174,0.000216,30,0.75,0.036212
48351,Newton County,,TX,975,9729,10704,4,3,7,460,563,1023,7,0.260167,0.270012,0.916667,0,0.000176,0.000154,174,0.00011,30,0.5,0.001638
48353,Nolan County,,TX,1439,16160,17599,4,7,11,291,543,834,6,0.322072,0.339153,3813.118436,0,0.001863,0.002135,174,0.00011,30,0.52381,0.01386
48355,Nueces County,,TX,23358,332668,356026,74,75,149,14242,16062,30304,6,0.376902,0.408264,18305.576013,0,0.027076,0.027342,174,0.001069,30,0.343972,0.202743
48357,Ochiltree County,,TX,829,9434,10263,0,1,1,0,41,41,1,1,1,0,147,0,0,167,0.000051,247,0,0
48359,Oldham County,,TX,245,2169,2414,1,1,2,48,64,112,7,0.26186,0.271456,0,0,0.000108,0.000108,174,0.000071,30,0,0.000916
48361,Orange County,,TX,5783,92871,98654,13,16,29,3314,3537,6851,6,0.330031,0.349632,1223.421405,0,0.003917,0.005182,174,0.000268,30,0.566176,0.03018
48363,Palo Pinto County,,TX,2207,26804,29011,8,7,15,1141,1069,2210,6,0.319409,0.336048,26.726549,0,0.002305,0.002391,174,0.000185,30,0.732143,0.018028
48365,Panola County,,TX,1567,24171,25738,7,8,15,799,780,1579,6,0.326204,0.344197,17.854037,0,0.002138,0.002283,174,0.000154,30,0.785714,0.016251
48367,Parker County,,TX,8981,100806,109787,19,18,37,8415,6203,14618,6,0.339742,0.361077,304.909459,0,0.007072,0.007202,174,0.000334,30,0.608225,0.054444
48369,Parmer County,,TX,1108,10445,11553,5,6,11,356,475,831,7,0.267887,0.279852,61.438484,0,0.00063,0.000379,174,0.000131,30,0.553571,0.004178
48371,Pecos County,,TX,1187,14229,15416,3,3,6,221,352,573,7,0.264031,0.275494,1.577778,0,0.000181,0.000286,174,0.000102,30,0.75,0.001726
48373,Polk County,,TX,5288,53634,58922,21,19,40,2865,2290,5155,6,0.343976,0.365844,609.063158,0,0.009428,0.007664,174,0.000363,30,0.578333,0.07402
48375,Potter County,,TX,13170,120615,133785,41,35,76,9200,9458,18658,6,0.354712,0.380389,37834.514976,0,0.013202,0.013257,174,0.000827,30,0.333333,0.09946
48377,Presidio County,,TX,1050,9966,11016,5,5,10,343,432,775,7,0.293558,0.307411,51.287495,0,0.000682,0.000661,174,0.000131,30,0.666667,0.004916
48379,Rains County,,TX,1000,9419,10419,8,5,13,1005,511,1516,6,0.317415,0.333052,0.599206,0,0.002496,0.001008,174,0.000187,30,0.910714,0.019744
48381,Randall County,,TX,11057,95650,106707,30,29,59,8347,7786,16133,6,0.346858,0.371233,23746.423583,0,0.008529,0.010275,174,0.000562,30,0.369748,0.06573
48383,Reagan County,,TX,289,3607,3896,1,1,2,45,55,100,7,0.262334,0.272624,0,0,0.000152,0.000114,174,0.000067,30,0,0.000971
48385,Real County,,TX,357,2944,3301,0,1,1,0,43,43,7,0.24867,0.256191,0,0,0,0.000028,174,0.000051,248,0,0
48387,Red River County,,TX,1065,13782,14847,4,3,7,466,485,951,6,0.317519,0.332965,0.578842,0,0.001005,0.000952,174,0.000109,30,0.666667,0.007274
48389,Reeves County,,TX,1116,12789,13905,2,4,6,128,516,644,7,0.259794,0.270191,0.333333,0,0.000083,0.000179,174,0.000098,30,0.833333,0.000811
48391,Refugio County,,TX,627,8452,9079,2,3,5,154,216,370,7,0.273965,0.28535,0,0,0.000282,0.000345,174,0.000079,30,1,0.002225
48393,Roberts County,,TX,98,847,945,0,0,0,0,0,0,0,0,0,0,153,0,0,168,0.000051,249,0,0
48395,Robertson County,,TX,1562,16314,17876,5,3,8,732,911,1643,6,0.321464,0.337888,6.596169,0,0.002863,0.001139,174,0.000119,30,0.8,0.021179
48397,Rockwall County,,TX,4415,41196,45611,8,7,15,5383,2857,8240,6,0.320966,0.338297,0.105758,0,0.004514,0.003709,174,0.000153,30,0.982143,0.034214
48399,Runnels County,,TX,1040,12061,13101,2,2,4,305,410,715,7,0.268657,0.280126,0,0,0.000302,0.000255,174,0.00008,30,1,0.002137
48401,Rusk County,,TX,3199,42680,45879,11,10,21,2012,2015,4027,6,0.326719,0.345146,20.688049,0,0.003081,0.003117,174,0.000207,30,0.681818,0.023768
48403,Sabine County,,TX,818,10338,11156,6,4,10,346,272,618,6,0.321536,0.338118,0.905556,0,0.001208,0.00119,174,0.000142,30,0.733333,0.009578
48405,San Augustine County,,TX,609,8341,8950,4,5,9,274,332,606,6,0.321536,0.338233,0.75,0,0.001101,0.001129,174,0.000108,30,0.8,0.008541
48407,San Jacinto County,,TX,1851,18867,20718,5,5,10,1551,1174,2725,6,0.321536,0.338233,0,0,0.001297,0.001486,174,0.000139,30,1,0.011279
48409,San Patricio County,,TX,6867,66170,73037,22,20,42,4016,3886,7902,6,0.344918,0.366782,1194.572675,0,0.009353,0.009116,174,0.000364,30,0.54529,0.070627
48411,San Saba County,,TX,454,5612,6066,0,1,1,0,45,45,7,0.240103,0.24668,0,0,0,0.000027,174,0.000051,250,0,0
48413,Schleicher County,,TX,257,3166,3423,1,1,2,64,96,160,7,0.262334,0.272624,0,0,0.000152,0.000114,174,0.000067,30,0,0.000971
48415,Scurry County,,TX,1227,15329,16556,4,7,11,250,425,675,6,0.315103,0.33151,505.976838,0,0.000386,0.001353,174,0.000123,30,0.52381,0.003272
48417,Shackelford County,,TX,271,3577,3848,1,0,1,84,0,84,0,0,0,0,0,0.00015,0,174,0.000064,28,0,0.001166
48419,Shelby County,,TX,1376,23886,25262,7,7,14,601,686,1287,6,0.321643,0.338636,94.601112,0,0.001196,0.001178,174,0.000162,30,0.553571,0.0097
48421,Sherman County,,TX,251,2496,2747,0,0,0,0,0,0,0,0,0,0,154,0,0,169,0.000051,251,0,0
48423,Smith County,,TX,12321,186984,199305,54,43,97,9402,8294,17696,6,0.353199,0.379319,2228.126076,0,0.015916,0.013226,174,0.000836,30,0.404719,0.122007
48425,Somervell County,,TX,705,7057,7762,5,4,9,398,317,715,6,0.312184,0.327427,0.4,0,0.001815,0.00102,174,0.000135,30,0.9,0.014018
48427,Starr County,,TX,2941,56427,59368,8,10,18,1337,1826,3163,6,0.333679,0.353433,741.564889,0,0.004139,0.004824,174,0.000139,30,0.718182,0.02957
48429,Stephens County,,TX,821,9528,10349,4,4,8,219,247,466,6,0.313568,0.32887,5.779044,0,0.000995,0.001042,174,0.000126,30,0.666667,0.007875
48431,Sterling County,,TX,141,1266,1407,0,0,0,0,0,0,0,0,0,0,155,0,0,170,0.000051,252,0,0
48433,Stonewall County,,TX,182,1624,1806,0,0,0,0,0,0,0,0,0,0,156,0,0,171,0.000051,253,0,0
48435,Sutton County,,TX,399,4660,5059,1,1,2,67,87,154,7,0.262334,0.272624,0,0,0.000152,0.000114,174,0.000067,30,0,0.000971
48437,Swisher County,,TX,831,7905,8736,3,4,7,225,373,598,7,0.267269,0.278742,0,0,0.000222,0.000337,174,0.000107,30,1,0.00186
48439,Tarrant County,,TX,110596,1564205,1674801,351,318,669,105870,95184,201054,5,0.453592,0.505722,240041.576986,0,0.106729,0.101643,174,0.004722,30,0.15128,0.749836
48441,Taylor County,,TX,12994,129159,142153,48,57,105,6058,7464,13522,6,0.363294,0.392639,36090.349824,0,0.017213,0.018391,174,0.000911,30,0.355245,0.131309
48443,Terrell County,,TX,119,945,1064,0,0,0,0,0,0,0,0,0,0,157,0,0,172,0.000051,254,0,0
48445,Terry County,,TX,992,12029,13021,3,2,5,397,337,734,7,0.266556,0.277339,0.5,0,0.000164,0.000135,174,0.000124,30,0.666667,0.001385
48447,Throckmorton County,,TX,208,1799,2007,0,0,0,0,0,0,0,0,0,0,158,0,0,173,0.000051,255,0,0
48449,Titus County,,TX,1997,24229,26226,8,12,20,911,1106,2017,6,0.326498,0.345353,539.581681,0,0.00114,0.003546,174,0.000199,30,0.532051,0.009215
48451,Tom Green County,,TX,10731,108158,118889,41,49,90,4521,5791,10312,6,0.355583,0.383615,41940.593654,0,0.014052,0.018713,174,0.000908,30,0.339988,0.106837
48453,Travis County,,TX,93654,841093,934747,237,244,481,65227,82195,147422,5,0.440426,0.486473,101080.152237,0,0.085702,0.087816,174,0.003131,30,0.227698,0.595972
48455,Trinity County,,TX,1134,12731,13865,6,6,12,766,631,1397,6,0.321571,0.338406,0.697558,0,0.001341,0.001512,174,0.000152,30,0.833333,0.011578
48457,Tyler County,,TX,1423,17531,18954,8,7,15,985,854,1839,6,0.321643,0.338636,1.744887,0,0.0014,0.001318,174,0.000176,30,0.75,0.011437
48459,Upshur County,,TX,2702,32896,35598,11,7,18,2169,1587,3756,6,0.319903,0.336462,27.581122,0,0.003562,0.002022,174,0.000225,30,0.718182,0.027843
48461,Upton County,,TX,357,3526,3883,2,2,4,102,157,259,7,0.259747,0.269846,0,0,0.000169,0.000172,174,0.000086,30,1,0.001546
48463,Uvalde County,,TX,1901,27959,29860,10,9,19,868,808,1676,6,0.33086,0.349293,2960.637848,0,0.003499,0.003886,174,0.000229,30,0.590909,0.026579
48465,Val Verde County,,TX,4607,45943,50550,14,15,29,1458,1816,3274,6,0.34537,0.36711,3022.114055,0,0.007749,0.007066,174,0.000241,30,0.683007,0.058588
48467,Van Zandt County,,TX,3265,43690,46955,11,11,22,3002,2016,5018,6,0.32008,0.33721,13.669743,0,0.003984,0.003318,174,0.000232,30,0.825758,0.031448
48469,Victoria County,,TX,6140,89143,95283,26,29,55,3727,4229,7956,6,0.332797,0.354325,3966.234461,0,0.005904,0.007305,174,0.00054,30,0.428427,0.046953
48471,Walker County,,TX,4578,43183,47761,19,16,35,2813,2968,5781,6,0.326867,0.346279,143.003619,0,0.005235,0.00476,174,0.00036,30,0.584211,0.042102
48473,Waller County,,TX,2324,24184,26508,8,7,15,1974,1613,3587,6,0.325508,0.34334,30.142074,0,0.003096,0.002651,174,0.000174,30,0.714286,0.024425
48475,Ward County,,TX,1042,10947,11989,3,3,6,266,365,631,7,0.259771,0.270019,3.945611,0,0.00017,0.000173,174,0.000107,30,0.833333,0.001642
48477,Washington County,,TX,2124,31099,33223,8,9,17,1014,1136,2150,6,0.325838,0.343421,22.685462,0,0.002181,0.003127,174,0.000175,30,0.566667,0.016899
48479,Webb County,,TX,8378,220992,229370,23,27,50,4091,5307,9398,6,0.358797,0.383402,6594.073909,0,0.011089,0.013112,174,0.000356,30,0.603448,0.082159
48481,Wharton County,,TX,2551,45535,48086,9,9,18,1303,1674,2977,6,0.322645,0.34001,6.734608,0,0.002224,0.002358,174,0.000187,30,0.722222,0.017599
48483,Wheeler County,,TX,541,5310,5851,0,3,3,0,170,170,7,0.262424,0.272748,0,0,0,0.000181,174,0.000051,256,0.333333,0
48485,Wichita County,,TX,13842,126046,139888,53,62,115,5937,8101,14038,6,0.364758,0.395238,25395.547049,0,0.019752,0.020872,174,0.000937,30,0.332099,0.145492
48487,Wilbarger County,,TX,1111,14391,15502,4,3,7,306,297,603,6,0.319268,0.3348,3074.232183,0,0.001883,0.001038,174,0.000124,30,0.583333,0.013966
48489,Willacy County,,TX,1329,19342,20671,4,4,8,535,697,1232,6,0.326719,0.343777,0,0,0.002118,0.002337,174,0.000102,30,1,0.016043
48491,Williamson County,,TX,30069,249271,279340,81,66,147,32846,23254,56100,6,0.379121,0.409265,6617.46314,0,0.033511,0.028633,174,0.00115,30,0.426855,0.244311
48493,Wilson County,,TX,2077,32534,34611,6,3,9,1935,1238,3173,6,0.309549,0.323792,3.333931,0,0.00181,0.000949,174,0.000167,30,0.533333,0.014208
48495,Winkler County,,TX,683,7350,8033,1,2,3,95,210,305,7,0.259747,0.269846,0,0,0.000081,0.000172,174,0.000068,30,1,0.000706
48497,Wise County,,TX,4359,48504,52863,10,11,21,3726,2853,6579,6,0.321322,0.33863,28.763111,0,0.00307,0.003328,174,0.000206,30,0.7,0.024272
48499,Wood County,,TX,2292,28350,30642,15,9,24,1885,1215,3100,6,0.319974,0.336807,280.118134,0,0.004081,0.002079,174,0.000316,30,0.638095,0.032769
48501,Yoakum County,,TX,710,8073,8783,3,3,6,186,197,383,7,0.266679,0.277684,0,0,0.000195,0.00018,174,0.000107,30,1,0.001714
48503,Young County,,TX,1414,17242,18656,7,6,13,455,522,977,6,0.313976,0.329693,232.788182,0,0.00198,0.001066,174,0.000173,30,0.5,0.014955
48505,Zapata County,,TX,543,11653,12196,2,2,4,224,193,417,7,0.279973,0.291581,0,0,0.000146,0.000392,174,0.000074,30,1,0.001071
48507,Zavala County,,TX,782,11185,11967,4,5,9,239,394,633,6,0.315858,0.331234,4.973969,0,0.001522,0.001623,174,0.000124,30,0.75,0.011502
49001,Beaver County,,UT,519,6438,6957,1,2,3,88,200,288,7,0.254635,0.263128,0,0,0.00005,0.000132,5,0.000071,30,1,0.00048
49003,Box Elder County,,UT,3154,50169,53323,6,6,12,2147,1837,3984,6,0.29821,0.312451,244.951552,0,0.001365,0.001261,5,0.000127,30,0.714286,0.009033
49005,Cache County,,UT,8634,95095,103729,30,31,61,4939,5246,10185,6,0.342675,0.365626,4795.131412,0,0.005981,0.00991,5,0.000499,30,0.334008,0.046192
49007,Carbon County,,UT,1630,21568,23198,4,9,13,634,893,1527,6,0.31641,0.333276,20.334065,0,0.001178,0.002276,5,0.000102,30,0.680556,0.00759
49009,Daggett County,,UT,132,824,956,0,0,0,0,0,0,0,0,0,0,159,0,0,175,0.000051,257,0,0
49011,Davis County,,UT,24821,277999,302820,56,68,124,19316,18743,38059,6,0.366975,0.3982,6898.089521,0,0.023001,0.026977,5,0.000741,30,0.413021,0.167944
49013,Duchesne County,,UT,1205,16240,17445,4,5,9,708,618,1326,6,0.296683,0.310795,0.5,0,0.001179,0.000958,5,0.000098,30,0.9,0.00762
49015,Emery County,,UT,850,11815,12665,3,3,6,306,357,663,6,0.296562,0.310335,0,0,0.00097,0.000829,5,0.00008,30,1,0.00616
49017,Garfield County,,UT,481,4912,5393,1,2,3,49,142,191,7,0.254635,0.263128,0,0,0.000076,0.000132,5,0.00007,30,1,0.000687
49019,Grand County,,UT,720,8559,9279,3,1,4,175,66,241,6,0.295744,0.309115,0,0,0.000692,0.000525,5,0.000094,30,0.666667,0.00485
49021,Iron County,,UT,3638,32697,36335,17,13,30,2317,2128,4445,6,0.339862,0.359771,5925.375198,0,0.006566,0.006129,5,0.000312,30,0.535948,0.047588
49023,Juab County,,UT,661,8917,9578,2,3,5,432,408,840,6,0.296562,0.310335,0,0,0.000951,0.000838,5,0.00007,30,1,0.00601
49025,Kane County,,UT,601,5881,6482,4,4,8,233,262,495,6,0.295986,0.309892,0.347222,0,0.000836,0.000778,5,0.000113,30,0.833333,0.005912
49027,Millard County,,UT,951,12992,13943,3,4,7,265,441,706,6,0.296653,0.310622,0,0,0.001027,0.000952,5,0.000089,30,1,0.006697
49029,Morgan County,,UT,618,8490,9108,3,3,6,373,387,760,6,0.297292,0.310944,0,0,0.000926,0.000839,5,0.000082,30,1,0.006217
49031,Piute County,,UT,119,1366,1485,0,0,0,0,0,0,0,0,0,0,160,0,0,176,0.000051,258,0,0
49033,Rich County,,UT,161,2015,2176,0,0,0,0,0,0,0,0,0,0,161,0,0,177,0.000051,259,0,0
49035,Salt Lake County,,UT,60951,993210,1054161,163,191,354,38442,50412,88854,5,0.419878,0.46313,92213.490834,0,0.064457,0.072871,5,0.002135,30,0.295648,0.457315
49037,San Juan County,,UT,1224,8870,10094,5,7,12,649,643,1292,6,0.29717,0.31183,11.231493,0,0.001147,0.001038,5,0.000115,30,0.464286,0.007719
49039,Sanpete County,,UT,1737,21685,23422,8,8,16,964,1093,2057,6,0.316065,0.332643,18.634602,0,0.002246,0.002217,5,0.00016,30,0.805556,0.016255
49041,Sevier County,,UT,1298,19989,21287,7,8,15,670,838,1508,6,0.316031,0.332586,0.376623,0,0.002209,0.002157,5,0.000149,30,0.944444,0.016108
49043,Summit County,,UT,3489,31537,35026,10,13,23,1864,1885,3749,6,0.339822,0.359714,112.602345,0,0.005371,0.006263,5,0.000161,30,0.807692,0.038493
49045,Tooele County,,UT,4092,48278,52370,8,8,16,3925,2286,6211,6,0.316031,0.332586,1.360137,0,0.003407,0.002318,5,0.00014,30,0.902778,0.024358
49047,Uintah County,,UT,1728,25784,27512,7,6,13,852,675,1527,6,0.297322,0.311945,8.098115,0,0.001391,0.001004,5,0.000132,30,0.597222,0.009246
49049,Utah County,,UT,30691,384014,414705,98,112,210,20517,23440,43957,6,0.386709,0.42347,24938.752826,0,0.036134,0.043896,5,0.001274,30,0.364,0.264133
49051,Wasatch County,,UT,1480,16170,17650,5,7,12,1202,872,2074,6,0.315996,0.332413,0,0,0.002315,0.002189,5,0.000103,30,0.982143,0.016478
49053,Washington County,,UT,7117,90712,97829,32,23,55,7498,4553,12051,6,0.341504,0.363009,7378.569784,0,0.009679,0.009273,5,0.000507,30,0.405042,0.071744
49055,Wayne County,,UT,252,2648,2900,0,0,0,0,0,0,0,0,0,0,162,0,0,178,0.000051,260,0,0
49057,Weber County,,UT,16335,216561,232896,34,32,66,11805,11659,23464,6,0.345989,0.369657,1592.840363,0,0.015574,0.013864,5,0.000469,30,0.541812,0.113675
50001,Addison County,,VT,2387,41015,43402,7,6,13,1215,1162,2377,7,0.263574,0.274435,41.987447,0,0.001026,0.000281,101,0.000165,30,0.541667,0.007506
50003,Bennington County,,VT,2268,42755,45023,7,6,13,828,801,1629,7,0.264151,0.275614,19.771744,0,0.001633,0.000434,107,0.000146,30,0.482143,0.010832
50005,Caledonia County,,VT,1875,33565,35440,8,8,16,991,829,1820,7,0.263598,0.274722,621.124324,0,0.000293,0.000335,101,0.000214,30,0.571429,0.002929
50007,Chittenden County,,VT,11816,180708,192524,55,52,107,6586,7048,13634,6,0.357337,0.384581,35539.372408,0,0.023802,0.022342,101,0.000699,30,0.46532,0.153941
50009,Essex County,,VT,571,7367,7938,4,3,7,366,306,672,8,0.215497,0.222122,4.817362,0,0.00007,0.000021,101,0.00013,30,0.5,0.000967
50011,Franklin County,,VT,2370,46352,48722,4,7,11,1435,1322,2757,7,0.263526,0.274435,6.580952,0,0.000187,0.000248,101,0.000132,30,0.52381,0.001687
50013,Grand Isle County,,VT,797,8056,8853,2,3,5,622,496,1118,7,0.263407,0.273687,0,0,0.000184,0.000212,101,0.000078,30,0.833333,0.00143
50015,Lamoille County,,VT,1926,25782,27708,6,6,12,1004,936,1940,7,0.263455,0.274147,165.049474,0,0.000999,0.000226,101,0.000155,30,0.642857,0.007037
50017,Orange County,,VT,2358,34179,36537,8,8,16,1397,1377,2774,7,0.26367,0.274895,47.931673,0,0.001086,0.000389,101,0.000186,30,0.666667,0.008053
50019,Orleans County,,VT,1430,30290,31720,6,6,12,527,578,1105,7,0.263455,0.274147,491.334216,0,0.000209,0.000225,101,0.00018,30,0.633333,0.002027
50021,Rutland County,,VT,3373,73433,76806,11,9,20,1304,1268,2572,7,0.274146,0.287403,63.643123,0,0.002308,0.000655,101,0.000225,30,0.5,0.015712
50023,Washington County,,VT,3933,65360,69293,13,11,24,2186,1943,4129,6,0.332721,0.35207,2222.32711,0,0.002216,0.002464,101,0.000262,30,0.457143,0.015116
50025,Windham County,,VT,3240,50350,53590,16,11,27,1474,1413,2887,6,0.299102,0.315212,151.99344,0,0.004594,0.002149,101,0.000241,30,0.573529,0.030407
50027,Windsor County,,VT,4529,67544,72073,18,16,34,2622,2458,5080,6,0.299814,0.316897,484.145862,0,0.004466,0.003006,101,0.00029,30,0.547619,0.029461
51001,Accomack County,,VA,1801,37955,39756,6,7,13,490,718,1208,6,0.299721,0.314245,2969.079054,0,0.002023,0.00148,126,0.000188,30,0.375,0.01429
51003,Albemarle County,,VA,11145,107161,118306,41,43,84,6118,6725,12843,6,0.364528,0.392219,34000.006225,0,0.016942,0.018714,181,0.000675,30,0.439405,0.12165
51005,Alleghany County,,VA,858,20769,21627,3,4,7,203,315,518,7,0.245302,0.254281,11676,0,0.000001,0.000034,108,0.000267,30,0.166667,0.000293
51007,Amelia County,,VA,977,14479,15456,6,6,12,730,589,1319,7,0.27911,0.292032,15.118778,0,0.000812,0.000949,181,0.000175,30,0.733333,0.007034
51009,Amherst County,,VA,2138,33608,35746,5,5,10,1265,1339,2604,7,0.239742,0.24847,72.818136,0,0.00005,0.000029,108,0.000169,30,0.55,0.000715
51011,Appomattox County,,VA,937,16604,17541,4,5,9,376,563,939,7,0.239782,0.248625,20.116295,0,0.00004,0.000023,108,0.000134,30,0.6,0.000454
51013,Arlington County,,VA,41056,203144,244200,112,99,211,27586,34454,62040,6,0.393216,0.427634,7493.002805,0,0.063745,0.055355,181,0.001169,30,0.559806,0.429776
51015,Augusta County,,VA,4532,94833,99365,10,9,19,2976,2412,5388,7,0.268756,0.280752,6455.319353,0,0.001747,0.000215,181,0.000297,30,0.333333,0.012835
51017,Bath County,,VA,332,6166,6498,1,1,2,71,42,113,8,0.196995,0.201514,0,0,0,0,108,0.000108,30,0,0.000094
51019,Bedford County,,VA,6059,85426,91485,15,11,26,4609,3573,8182,6,0.313331,0.330855,12739.467876,0,0.002043,0.001723,108,0.000394,30,0.341667,0.015758
51021,Bland County,,VA,439,6999,7438,2,2,4,128,150,278,8,0.218206,0.224799,22.550389,0,0.000004,0.000002,144,0.000115,30,0,0.000223
51023,Botetourt County,,VA,3205,43695,46900,8,7,15,2523,1959,4482,7,0.254971,0.265133,8900.754559,0,0.000165,0.000113,108,0.000278,30,0.535714,0.001665
51025,Brunswick County,,VA,1265,18412,19677,4,5,9,455,561,1016,7,0.277029,0.289663,1374.027344,0,0.000295,0.000576,181,0.000139,30,0.428571,0.003033
51027,Buchanan County,,VA,1354,24188,25542,4,7,11,301,766,1067,7,0.240818,0.250756,697.766669,0,0.000007,0.00003,144,0.000179,30,0.285714,0.000415
51029,Buckingham County,,VA,769,14436,15205,5,5,10,295,332,627,7,0.267986,0.278952,25.255367,0,0.000217,0.000177,181,0.00015,30,0.4,0.001752
51031,Campbell County,,VA,5351,67382,72733,7,11,18,3554,3409,6963,6,0.312284,0.33036,2369.891011,0,0.00011,0.001906,108,0.000201,30,0.416667,0.001257
51033,Caroline County,,VA,2087,27277,29364,10,7,17,1669,1220,2889,7,0.279622,0.292809,16.685053,0,0.002435,0.001148,181,0.000213,30,0.777778,0.019837
51035,Carroll County,,VA,1672,36442,38114,6,7,13,688,739,1427,7,0.23339,0.241653,1705.317741,0,0.000022,0.000021,108,0.00022,30,0.238095,0.000763
51036,Charles City County,,VA,714,9595,10309,4,5,9,396,423,819,7,0.279029,0.291745,0,0,0.000834,0.001023,181,0.000116,30,1,0.007249
51037,Charlotte County,,VA,636,14441,15077,4,4,8,287,232,519,7,0.231488,0.239208,17.692586,0,0.000019,0.000016,181,0.000178,30,0.333333,0.000526
51041,Chesterfield County,,VA,23959,324882,348841,100,80,180,20314,17079,37393,6,0.377442,0.409604,60013.310848,0,0.045409,0.033848,181,0.00137,30,0.400869,0.314715
51043,Clarke County,,VA,1259,13775,15034,5,6,11,986,776,1762,6,0.308791,0.324488,0.45,0,0.001696,0.001415,181,0.00014,30,0.833333,0.013443
51045,Craig County,,VA,271,5527,5798,1,1,2,49,50,99,7,0.245136,0.253534,0,0,0.000052,0.000033,108,0.000075,30,0,0.000364
51047,Culpeper County,,VA,2635,39685,42320,10,10,20,2554,1390,3944,6,0.309219,0.325638,1092.180299,0,0.001923,0.002206,181,0.000244,30,0.568182,0.016365
51049,Cumberland County,,VA,701,9470,10171,5,5,10,313,341,654,7,0.279003,0.291687,64.829152,0,0.000616,0.000772,181,0.000151,30,0.5,0.005696
51051,Dickenson County,,VA,607,14881,15488,2,3,5,149,241,390,8,0.199216,0.205165,4.534079,0,0.000001,0.000001,144,0.000105,30,0.666667,0.000205
51053,Dinwiddie County,,VA,1834,25927,27761,6,9,15,1373,1202,2575,7,0.281223,0.294609,15.022358,0,0.000687,0.001009,181,0.00015,30,0.666667,0.006193
51057,Essex County,,VA,684,11585,12269,3,3,6,183,169,352,7,0.2765,0.288495,1497.432596,0,0.00033,0.00042,181,0.000152,30,0.333333,0.003057
51059,Fairfax County,,VA,123255,1132536,1255791,288,302,590,90490,109367,199857,5,0.446121,0.498004,209693.229133,0,0.108821,0.109465,181,0.003516,30,0.213202,0.756475
51061,Fauquier County,,VA,5467,64697,70164,15,14,29,5228,3294,8522,6,0.309516,0.326559,1355.806809,0,0.00406,0.003878,181,0.000311,30,0.566176,0.032426
51063,Floyd County,,VA,916,17022,17938,5,5,10,619,479,1098,7,0.254792,0.264529,161.555768,0,0.000147,0.000084,108,0.000159,30,0.633333,0.001233
51065,Fluvanna County,,VA,1591,20166,21757,6,7,13,1339,902,2241,7,0.277906,0.290819,63.429957,0,0.000538,0.0006,181,0.000165,30,0.619048,0.004557
51067,Franklin County,,VA,2970,55777,58747,8,9,17,1898,1629,3527,6,0.288416,0.302162,233.126147,0,0.000186,0.000505,108,0.000236,30,0.488889,0.001746
51069,Frederick County,,VA,5752,82373,88125,14,14,28,4726,3324,8050,6,0.312487,0.329641,3705.043282,0,0.00321,0.002788,181,0.000381,30,0.4125,0.025135
51071,Giles County,,VA,830,19201,20031,3,4,7,408,352,760,7,0.254144,0.263634,917.83937,0,0.000063,0.000052,108,0.000132,30,0.416667,0.000672
51073,Gloucester County,,VA,2680,40277,42957,9,9,18,1672,1163,2835,6,0.300903,0.31612,168.993176,0,0.001672,0.002157,181,0.000254,30,0.544444,0.013103
51075,Goochland County,,VA,2196,24820,27016,7,5,12,1741,1324,3065,7,0.279003,0.291687,2.261137,0,0.000996,0.000982,181,0.000177,30,0.785714,0.008396
51077,Grayson County,,VA,872,20150,21022,3,3,6,308,306,614,8,0.191022,0.196314,32.162786,0,0.000001,0.000001,108,0.000162,30,0.333333,0.000306
51079,Greene County,,VA,1142,14773,15915,5,6,11,781,646,1427,7,0.267936,0.279038,8.064206,0,0.000223,0.000205,181,0.00015,30,0.5,0.001846
51081,Greensville County,,VA,795,13299,14094,5,6,11,338,348,686,7,0.23279,0.241635,5881.669524,0,0.000026,0.000034,181,0.000217,30,0.142857,0.000675
51083,Halifax County,,VA,1621,40627,42248,6,7,13,448,558,1006,7,0.274822,0.287437,411.623404,0,0.000057,0.000398,108,0.000189,30,0.190476,0.000822
51085,Hanover County,,VA,6866,102514,109380,15,12,27,6414,4264,10678,6,0.317033,0.334737,506.849708,0,0.00346,0.004089,181,0.000347,30,0.516667,0.027568
51087,Henrico County,,VA,29711,320522,350233,110,92,202,23066,23435,46501,6,0.381868,0.415873,71378.192948,0,0.048065,0.040083,181,0.001594,30,0.389446,0.330883
51089,Henry County,,VA,3337,69275,72612,8,11,19,1679,1894,3573,6,0.303328,0.319134,5317.253927,0,0.000499,0.001637,108,0.000247,30,0.345455,0.004068
51091,Highland County,,VA,153,2745,2898,0,0,0,0,0,0,0,0,0,0,163,0,0,179,0.000051,261,0,0
51093,Isle of Wight County,,VA,2544,34926,37470,11,11,22,2035,1591,3626,6,0.300155,0.315085,1783.878085,0,0.002008,0.002048,181,0.000236,30,0.581818,0.015004
51095,James City County,,VA,5362,65448,70810,25,17,42,4016,2541,6557,6,0.31367,0.331729,3422.862057,0,0.009684,0.004721,181,0.000433,30,0.527066,0.068842
51097,King and Queen County,,VA,485,6564,7049,2,3,5,146,186,332,7,0.276448,0.28838,0.433333,0,0.000332,0.000412,181,0.00009,30,0.666667,0.002873
51099,King George County,,VA,2295,19324,21619,14,11,25,1551,1091,2642,6,0.33318,0.351978,813.879743,0,0.005772,0.004294,181,0.000254,30,0.647619,0.041606
51101,King William County,,VA,945,16276,17221,5,5,10,804,552,1356,7,0.276685,0.28907,8.335668,0,0.000832,0.000673,181,0.000144,30,0.666667,0.007039
51103,Lancaster County,,VA,719,13981,14700,3,2,5,206,128,334,7,0.276395,0.287995,15.532647,0,0.001221,0.000353,181,0.000121,30,0.666667,0.009046
51105,Lee County,,VA,778,22219,22997,3,5,8,269,281,550,7,0.239782,0.248996,67.409663,0,0.000004,0.00003,144,0.000163,30,0.4,0.000339
51107,Loudoun County,,VA,20746,215325,236071,96,65,161,27127,14179,41306,6,0.378725,0.409035,10412.020433,0,0.051873,0.036183,181,0.001157,30,0.533835,0.359075
51109,Louisa County,,VA,1720,26663,28383,12,9,21,1450,947,2397,7,0.278279,0.291739,70.271097,0,0.002497,0.000909,181,0.00026,30,0.628788,0.019782
51111,Lunenburg County,,VA,628,11913,12541,4,3,7,270,238,508,7,0.231193,0.238438,5.218723,0,0.00002,0.000019,181,0.000177,30,0.333333,0.000565
51113,Madison County,,VA,813,13442,14255,4,4,8,502,373,875,7,0.267417,0.278221,2.307964,0,0.000188,0.000175,181,0.00013,30,0.75,0.001652
51115,Mathews County,,VA,639,9600,10239,3,2,5,236,191,427,7,0.276316,0.287851,0.712159,0,0.000528,0.000359,181,0.000099,30,0.833333,0.004176
51117,Mecklenburg County,,VA,1869,32816,34685,9,8,17,865,770,1635,6,0.300467,0.316138,10350.263441,0,0.001533,0.00135,181,0.000273,30,0.319444,0.012748
51119,Middlesex County,,VA,647,10461,11108,4,2,6,288,135,423,7,0.276421,0.288208,0.712159,0,0.000944,0.000405,181,0.000116,30,0.833333,0.007976
51121,Montgomery County,,VA,7803,70530,78333,21,25,46,2959,3674,6633,6,0.338314,0.360392,42536.82086,0,0.006053,0.007666,108,0.000456,30,0.345238,0.045694
51125,Nelson County,,VA,966,15754,16720,6,4,10,593,459,1052,7,0.267986,0.278837,1128.069181,0,0.001096,0.00018,181,0.000172,30,0.433333,0.007947
51127,New Kent County,,VA,1215,15689,16904,8,5,13,1157,688,1845,7,0.279029,0.291745,1.057588,0,0.001278,0.00104,181,0.00019,30,0.75,0.011021
51131,Northampton County,,VA,700,13820,14520,2,1,3,258,170,428,7,0.230622,0.236984,0,0,0.000672,0.000016,126,0.000084,30,1,0.004861
51133,Northumberland County,,VA,664,12589,13253,3,3,6,249,213,462,7,0.2765,0.288495,2048.527996,0,0.000895,0.000402,181,0.000162,30,0.333333,0.006436
51135,Nottoway County,,VA,1009,15461,16470,7,5,12,444,437,881,7,0.275528,0.287673,1255.155807,0,0.000816,0.000551,181,0.000208,30,0.52381,0.007127
51137,Orange County,,VA,2374,30894,33268,13,10,23,2015,1351,3366,6,0.309219,0.325638,639.319446,0,0.00238,0.001935,181,0.000282,30,0.461538,0.019012
51139,Page County,,VA,1099,28523,29622,6,4,10,566,405,971,7,0.239504,0.247683,7.520862,0,0.001428,0.000053,181,0.000181,30,0.690476,0.010887
51141,Patrick County,,VA,838,17534,18372,5,2,7,480,273,753,7,0.233071,0.240301,15.243193,0,0.000038,0.000016,108,0.000161,30,0.4,0.000701
51143,Pittsylvania County,,VA,4236,89922,94158,10,12,22,2372,2433,4805,6,0.300778,0.316805,1170.713284,0,0.000512,0.001308,108,0.00024,30,0.339744,0.004299
51145,Powhatan County,,VA,1434,22565,23999,5,6,11,1487,879,2366,7,0.279029,0.29186,1.834449,0,0.000809,0.000953,181,0.000144,30,0.733333,0.006898
51147,Prince Edward County,,VA,1114,14905,16019,7,8,15,592,460,1052,7,0.27579,0.288536,3053.669798,0,0.000296,0.000562,181,0.000237,30,0.285714,0.003335
51149,Prince George County,,VA,6025,33361,39386,21,22,43,3166,3144,6310,6,0.331655,0.352818,2619.446536,0,0.006011,0.007428,181,0.000316,30,0.516923,0.042689
51153,Prince William County,,VA,43783,340618,384401,144,133,277,44434,33840,78274,6,0.394769,0.433322,26870.243148,0,0.068744,0.058763,181,0.001679,30,0.362267,0.47565
51155,Pulaski County,,VA,2225,38418,40643,7,8,15,1215,1271,2486,7,0.255195,0.26561,245.579285,0,0.000117,0.000096,108,0.000228,30,0.428571,0.001336
51157,Rappahannock County,,VA,670,7785,8455,4,3,7,338,314,652,7,0.23661,0.244296,0.390909,0,0.000957,0.000067,181,0.000133,30,0.916667,0.007005
51159,Richmond County,,VA,548,8573,9121,3,3,6,252,231,483,8,0.217323,0.223643,5.347619,0,0.00001,0.000029,181,0.000177,30,0.166667,0.00049
51161,Roanoke County,,VA,10724,122552,133276,24,21,45,7343,7076,14419,6,0.324706,0.345721,35781.395631,0,0.004035,0.006361,108,0.000606,30,0.293103,0.031168
51163,Rockbridge County,,VA,1585,27853,29438,3,5,8,394,505,899,7,0.245572,0.254977,8744.248176,0,0.000002,0.00005,181,0.000193,30,0.166667,0.000376
51165,Rockingham County,,VA,5609,91561,97170,11,14,25,3102,3185,6287,6,0.314556,0.332637,14266.046403,0,0.00155,0.003344,181,0.000346,30,0.309524,0.012237
51167,Russell County,,VA,1451,30176,31627,5,6,11,729,795,1524,7,0.238479,0.247424,1126.886386,0,0.000031,0.000028,144,0.000201,30,0.566667,0.00076
51169,Scott County,,VA,1082,23156,24238,6,5,11,603,784,1387,7,0.245739,0.255313,247.068244,0,0.000077,0.00006,144,0.000217,30,0.533333,0.001112
51171,Shenandoah County,,VA,2230,41545,43775,9,8,17,1542,1033,2575,6,0.309153,0.325236,555.413842,0,0.00175,0.001537,181,0.000264,30,0.597222,0.014218
51173,Smyth County,,VA,1559,39476,41035,5,4,9,641,578,1219,7,0.233465,0.241118,927.106608,0,0.00003,0.000001,144,0.000223,30,0.3,0.000752
51175,Southampton County,,VA,1196,19042,20238,7,5,12,593,494,1087,7,0.248308,0.256788,984.467553,0,0.000649,0.000062,181,0.000183,30,0.404762,0.005246
51177,Spotsylvania County,,VA,9356,110519,119875,35,24,59,10658,5653,16311,6,0.334526,0.355527,2002.40846,0,0.014688,0.008457,181,0.000529,30,0.515873,0.104782
51179,Stafford County,,VA,12390,107001,119391,48,33,81,12531,7855,20386,6,0.339901,0.36294,3064.537496,0,0.021997,0.014339,181,0.000652,30,0.530543,0.159004
51181,Surry County,,VA,447,7095,7542,4,3,7,233,147,380,7,0.239168,0.247286,10.83303,0,0.000383,0.000098,181,0.000126,30,0.333333,0.003436
51183,Sussex County,,VA,723,10106,10829,5,6,11,225,346,571,7,0.276553,0.288852,792.184123,0,0.000346,0.000432,181,0.000165,30,0.3,0.003427
51185,Tazewell County,,VA,2230,39847,42077,6,6,12,1117,919,2036,6,0.30279,0.317777,5395.89211,0,0.000005,0.000827,144,0.00025,30,0.261905,0.000638
51187,Warren County,,VA,2713,35702,38415,14,9,23,2390,1591,3981,6,0.309054,0.325207,1398.984722,0,0.002257,0.001976,181,0.000347,30,0.483516,0.018725
51191,Washington County,,VA,3493,60202,63695,10,9,19,2095,1971,4066,7,0.246115,0.256469,3887.217429,0,0.000081,0.000061,144,0.000365,30,0.318182,0.001476
51193,Westmoreland County,,VA,1185,17563,18748,9,5,14,649,479,1128,7,0.254277,0.263945,2391.649701,0,0.00231,0.000349,181,0.000216,30,0.544444,0.018133
51195,Wise County,,VA,1788,39561,41349,7,8,15,684,888,1572,7,0.245885,0.255934,9990.66771,0,0.000024,0.000058,144,0.000305,30,0.339286,0.000937
51197,Wythe County,,VA,1538,27765,29303,5,6,11,713,663,1376,7,0.253565,0.263356,3317.661617,0,0.000063,0.000051,144,0.000213,30,0.233333,0.000873
51199,York County,,VA,9138,58792,67930,31,22,53,5837,4705,10542,6,0.341383,0.362946,1931.965596,0,0.012395,0.009648,181,0.000468,30,0.461345,0.094323
51510,Alexandria city,,VA,32543,129275,161818,86,62,148,21705,26798,48503,6,0.387071,0.417219,2450.903623,0,0.05203,0.037108,181,0.000908,30,0.667251,0.351393
51515,Bedford city,,VA,311,3583,3894,1,1,2,74,91,165,7,0.238597,0.245928,0,0,0.000014,0.000017,108,0.000081,30,0,0.000232
51520,Bristol city,,VA,1627,11699,13326,3,3,6,983,1176,2159,7,0.245552,0.254635,109.123714,0,0.000023,0.000058,144,0.000159,30,0.75,0.000554
51530,Buena Vista city,,VA,437,4969,5406,1,1,2,159,161,320,8,0.19717,0.201848,0,0,0,0,181,0.000084,30,0,0.000095
51540,Charlottesville city,,VA,5044,23382,28426,12,15,27,2170,2830,5000,6,0.334488,0.354923,2476.826304,0,0.003397,0.005953,181,0.000258,30,0.5375,0.024932
51550,Chesapeake city,,VA,24093,218601,242694,61,58,119,18055,17005,35060,6,0.361843,0.39024,8397.536873,0,0.030466,0.024448,181,0.000791,30,0.483333,0.213381
51570,Colonial Heights city,,VA,1899,16034,17933,6,7,13,1198,1346,2544,7,0.281086,0.29412,2.201496,0,0.000687,0.001,181,0.000147,30,0.952381,0.006193
51580,Covington city,,VA,392,6191,6583,1,1,2,99,108,207,8,0.196995,0.201514,0,0,0,0,108,0.000108,30,0,0.000094
51590,Danville city,,VA,2448,30769,33217,4,6,10,1367,1598,2965,6,0.287786,0.30092,23.597486,0,0.000032,0.000473,108,0.000135,30,0.666667,0.000572
51595,Emporia city,,VA,275,3746,4021,1,1,2,60,100,160,8,0.188844,0.193313,0,0,0,0,181,0.000081,30,0,0.000101
51600,Fairfax city,,VA,3073,17310,20383,6,6,12,1899,2150,4049,6,0.310312,0.32611,0,0,0.003189,0.003587,181,0.000118,30,1,0.024437
51610,Falls Church city,,VA,1897,9360,11257,5,7,12,1065,1240,2305,6,0.310511,0.326541,0,0,0.003005,0.004237,181,0.000102,30,1,0.021967
51620,Franklin city,,VA,741,7631,8372,3,4,7,253,332,585,6,0.298455,0.3121,262.924502,0,0.000046,0.000744,181,0.000115,30,0.833333,0.000742
51630,Fredericksburg city,,VA,3471,13304,16775,7,8,15,1968,2400,4368,6,0.309054,0.325121,22.413023,0,0.001616,0.00185,181,0.000176,30,0.767857,0.013214
51640,Galax city,,VA,129,1730,1859,0,0,0,0,0,0,0,0,0,0,164,0,0,180,0.000051,262,0,0
51650,Hampton city,,VA,19706,141119,160825,49,53,102,11416,13190,24606,6,0.362703,0.390729,4720.476957,0,0.022707,0.02882,181,0.000633,30,0.564789,0.163241
51660,Harrisonburg city,,VA,3257,15313,18570,6,6,12,1524,1870,3394,6,0.309615,0.325811,1533.268857,0,0.000934,0.00132,181,0.000219,30,0.52381,0.007077
51670,Hopewell city,,VA,2634,22534,25168,7,7,14,1622,1684,3306,7,0.281086,0.29412,2.620364,0,0.00088,0.000998,181,0.000159,30,0.928571,0.007477
51678,Lexington city,,VA,297,2406,2703,0,1,1,0,57,57,8,0.197211,0.201951,0,0,0,0,181,0.000051,263,0,0
51680,Lynchburg city,,VA,5450,46481,51931,7,13,20,2600,3456,6056,6,0.302253,0.319456,2575.67169,0,0.000286,0.002356,108,0.000204,30,0.461538,0.002339
51683,Manassas city,,VA,3943,23269,27212,9,10,19,2969,2821,5790,6,0.310445,0.3268,7.662671,0,0.003825,0.002883,181,0.000166,30,0.737179,0.02928
51685,Manassas Park city,,VA,1395,7237,8632,5,5,10,1022,959,1981,6,0.308824,0.324373,0,0,0.002139,0.001529,181,0.000111,30,0.928571,0.0167
51690,Martinsville city,,VA,982,11380,12362,1,3,4,398,517,915,6,0.287586,0.300201,0,0,0.000013,0.000441,108,0.00007,30,1,0.000133
51700,Newport News city,,VA,27734,183061,210795,91,85,176,17486,18775,36261,6,0.381667,0.414734,24795.478371,0,0.042413,0.039821,181,0.001173,30,0.431222,0.298481
51710,Norfolk city,,VA,34172,212049,246221,91,101,192,20920,24142,45062,5,0.392949,0.427847,15711.362857,0,0.044579,0.048479,181,0.001059,30,0.44135,0.311643
51720,Norton city,,VA,333,4086,4419,1,1,2,213,167,380,8,0.197371,0.202265,0,0,0,0,144,0.000083,30,0,0.000108
51730,Petersburg city,,VA,3677,32802,36479,8,8,16,1775,2352,4127,7,0.28125,0.294522,1076.426592,0,0.000558,0.001003,181,0.000197,30,0.625,0.004991
51735,Poquoson city,,VA,1192,13706,14898,3,3,6,641,537,1178,7,0.278681,0.290485,0,0,0.000638,0.000631,181,0.000091,30,1,0.004695
51740,Portsmouth city,,VA,12131,99103,111234,18,24,42,7551,8443,15994,6,0.338038,0.359829,540.839528,0,0.009137,0.009942,181,0.000244,30,0.593915,0.063144
51750,Radford city,,VA,1672,9393,11065,3,4,7,571,805,1376,7,0.254724,0.264213,0.558824,0,0.000064,0.000094,108,0.000118,30,0.9,0.000681
51760,Richmond city,,VA,21929,158050,179979,59,57,116,15197,17702,32899,6,0.367161,0.396762,19627.779133,0,0.021121,0.023731,181,0.000934,30,0.378089,0.149836
51770,Roanoke city,,VA,9266,75467,84733,12,15,27,5122,6672,11794,6,0.318637,0.337681,3782.108946,0,0.001386,0.003865,108,0.000311,30,0.418301,0.010766
51775,Salem city,,VA,2168,18577,20745,6,6,12,1541,1485,3026,7,0.254904,0.264845,3.899659,0,0.000165,0.000113,108,0.000195,30,0.933333,0.001481
51790,Staunton city,,VA,1488,15056,16544,6,4,10,848,860,1708,7,0.239702,0.247815,16.148271,0,0.000194,0.000036,181,0.000204,30,0.6,0.001817
51800,Suffolk city,,VA,5962,71952,77914,14,14,28,6110,3450,9560,6,0.329393,0.348045,4940.479877,0,0.005236,0.003478,181,0.000251,30,0.566176,0.037259
51810,Virginia Beach city,,VA,55201,462766,517967,192,192,384,38987,40834,79821,5,0.424615,0.46719,75712.538168,0,0.08349,0.080971,181,0.002267,30,0.312835,0.574585
51820,Waynesboro city,,VA,1653,16732,18385,4,5,9,971,983,1954,7,0.268036,0.279021,61.156394,0,0.000182,0.000175,181,0.000156,30,0.75,0.001577
51830,Williamsburg city,,VA,975,4092,5067,2,2,4,232,463,695,7,0.276368,0.287966,0,0,0.000363,0.000424,181,0.000084,30,1,0.003098
51840,Winchester city,,VA,2759,16638,19397,9,7,16,1612,1823,3435,6,0.308988,0.324919,406.410562,0,0.001761,0.001007,181,0.000253,30,0.633333,0.014776
53001,Adams County,,WA,1455,18462,19917,5,7,12,590,830,1420,7,0.293825,0.308848,2.837743,0,0.001268,0.001311,183,0.000123,30,0.803571,0.010277
53003,Asotin County,,WA,2218,22146,24364,6,11,17,1126,1355,2481,6,0.313196,0.330124,72.257245,0,0.001277,0.002574,183,0.000144,30,0.727273,0.010282
53005,Benton County,,WA,10660,161644,172304,55,34,89,9551,7032,16583,6,0.342959,0.366345,1856.440065,0,0.019897,0.010953,183,0.000733,30,0.450696,0.147609
53007,Chelan County,,WA,6044,71494,77538,14,20,34,3808,4110,7918,6,0.336742,0.357356,77.582988,0,0.004967,0.006378,183,0.000211,30,0.764286,0.036508
53009,Clallam County,,WA,3738,71481,75219,24,13,37,2794,1654,4448,6,0.329019,0.347452,104.983167,0,0.011311,0.004274,183,0.00036,30,0.738333,0.083695
53011,Clark County,,WA,23210,396605,419815,96,87,183,24582,17079,41661,6,0.364941,0.397631,8313.72859,0,0.032895,0.030871,183,0.001305,30,0.375313,0.243567
53013,Columbia County,,WA,494,5192,5686,1,1,2,135,167,302,7,0.249914,0.257835,0,0,0.000043,0.000047,183,0.000067,30,0,0.000464
53015,Cowlitz County,,WA,5496,100421,105917,22,27,49,3648,3488,7136,6,0.338512,0.360404,6032.040181,0,0.008031,0.009425,183,0.000382,30,0.699735,0.062977
53017,Douglas County,,WA,3366,34073,37439,8,11,19,2520,2436,4956,6,0.328832,0.346935,7.437847,0,0.002329,0.003516,183,0.000137,30,0.909091,0.016818
53019,Ferry County,,WA,756,7570,8326,5,2,7,360,311,671,7,0.272676,0.284643,0.166667,0,0.001523,0.000296,183,0.000114,30,0.9,0.011522
53021,Franklin County,,WA,4513,49042,53555,15,12,27,3810,3182,6992,6,0.335533,0.354342,143.897987,0,0.004967,0.00446,183,0.000237,30,0.702206,0.037654
53023,Garfield County,,WA,75,1157,1232,0,0,0,0,0,0,0,0,0,0,165,0,0,182,0.000051,264,0,0
53025,Grant County,,WA,4974,73231,78205,18,21,39,2658,2908,5566,6,0.340701,0.361916,823.307185,0,0.005019,0.006674,183,0.000302,30,0.59058,0.038838
53027,Grays Harbor County,,WA,4261,69373,73634,18,15,33,2816,2509,5325,6,0.332378,0.3518,66.566963,0,0.006703,0.004604,183,0.000297,30,0.827485,0.052898
53029,Island County,,WA,10585,75457,86042,32,29,61,7093,5591,12684,6,0.346237,0.36937,147.268605,0,0.016964,0.014787,183,0.000416,30,0.70084,0.126105
53031,Jefferson County,,WA,2098,29118,31216,8,7,15,1249,1015,2264,6,0.328236,0.345876,0.109521,0,0.003856,0.00331,183,0.000152,30,0.958333,0.029361
53033,King County,,WA,133876,2002594,2136470,293,292,585,99336,120086,219422,5,0.445435,0.495963,166638.768574,0,0.105223,0.102138,183,0.00361,30,0.20446,0.727889
53035,Kitsap County,,WA,21781,259007,280788,83,73,156,16337,14318,30655,6,0.370115,0.401001,2910.205385,0,0.035748,0.0315,183,0.000999,30,0.460879,0.260874
53037,Kittitas County,,WA,3016,31316,34332,13,11,24,2348,1714,4062,6,0.312891,0.329434,1.425351,0,0.002949,0.003167,183,0.000204,30,0.857143,0.022758
53039,Klickitat County,,WA,1681,19970,21651,8,7,15,746,755,1501,6,0.2873,0.301927,37.585085,0,0.002275,0.001226,183,0.000175,30,0.625,0.017228
53041,Lewis County,,WA,4587,73143,77730,17,17,34,3299,2909,6208,6,0.332759,0.352576,52.621304,0,0.005193,0.005387,183,0.000277,30,0.802632,0.04146
53043,Lincoln County,,WA,847,11165,12012,3,2,5,392,472,864,7,0.273036,0.284988,0,0,0.001143,0.00032,183,0.000088,30,1,0.008586
53045,Mason County,,WA,4117,54217,58334,12,10,22,3519,2783,6302,6,0.332073,0.350765,6.347114,0,0.005014,0.003895,183,0.000208,30,0.929487,0.037926
53047,Okanogan County,,WA,2870,39349,42219,10,13,23,1270,1442,2712,6,0.312487,0.329089,4.25125,0,0.002644,0.002668,183,0.000166,30,0.747619,0.020117
53049,Pacific County,,WA,1489,20082,21571,10,7,17,846,683,1529,6,0.308528,0.324045,1.229053,0,0.00301,0.001528,183,0.00018,30,0.872727,0.023582
53051,Pend Oreille County,,WA,1380,15445,16825,4,4,8,863,830,1693,6,0.308856,0.323867,0.5,0,0.001131,0.001196,183,0.000117,30,0.833333,0.008793
53053,Pierce County,,WA,57846,775997,833843,175,185,360,52073,43998,96071,6,0.420183,0.462411,36244.440217,0,0.065357,0.069828,183,0.002177,30,0.295287,0.470504
53055,San Juan County,,WA,1107,15446,16553,3,4,7,473,400,873,6,0.308331,0.323355,0,0,0.001346,0.001497,183,0.000086,30,1,0.010199
53057,Skagit County,,WA,7928,121858,129786,21,23,44,5888,4886,10774,6,0.341222,0.362422,195.417608,0,0.008995,0.009921,183,0.000322,30,0.65812,0.068689
53059,Skamania County,,WA,706,8667,9373,3,3,6,359,366,725,6,0.284341,0.297642,0,0,0.000696,0.000836,183,0.000098,30,1,0.006174
53061,Snohomish County,,WA,50733,695448,746181,120,126,246,44763,41659,86422,6,0.38816,0.426162,15513.689519,0,0.048235,0.048156,183,0.001498,30,0.34727,0.345482
53063,Spokane County,,WA,25080,463704,488784,112,97,209,19989,17824,37813,6,0.374806,0.409346,30991.303895,0,0.034245,0.031506,183,0.001658,30,0.307077,0.252197
53065,Stevens County,,WA,3005,36638,39643,7,9,16,1536,1673,3209,6,0.312284,0.32837,94.940761,0,0.002151,0.002551,183,0.000188,30,0.666667,0.01657
53067,Thurston County,,WA,17731,235255,252986,63,47,110,15692,12149,27841,6,0.35089,0.377231,1154.565679,0,0.025642,0.020202,183,0.000802,30,0.528946,0.187683
53069,Wahkiakum County,,WA,259,3764,4023,1,1,2,66,73,139,7,0.252924,0.261363,0,0,0.000077,0.000065,183,0.000063,30,0,0.000602
53071,Walla Walla County,,WA,3719,52845,56564,16,16,32,2219,2063,4282,6,0.333142,0.353065,5847.788983,0,0.005784,0.005227,183,0.000305,30,0.787582,0.046012
53073,Whatcom County,,WA,10945,174952,185897,49,36,85,8817,6863,15680,6,0.343446,0.366966,812.061505,0,0.021298,0.014972,183,0.000633,30,0.597605,0.1547
53075,Whitman County,,WA,4420,31955,36375,13,17,30,1995,2308,4303,6,0.338749,0.359207,106.080189,0,0.003085,0.006421,183,0.000224,30,0.722222,0.024032
53077,Yakima County,,WA,11264,234532,245796,38,52,90,5344,7858,13202,6,0.350763,0.377789,1144.364205,0,0.011556,0.01864,183,0.00053,30,0.534941,0.088505
54001,Barbour County,,WV,721,15730,16451,4,3,7,335,243,578,7,0.231414,0.238729,2.366667,0,0.000007,0.000008,123,0.000254,30,0.666667,0.000454
54003,Berkeley County,,WV,4880,91108,95988,22,13,35,4840,2456,7296,6,0.311546,0.3286,5056.398022,0,0.005869,0.002524,181,0.000465,30,0.440711,0.045311
54005,Boone County,,WV,1413,29139,30552,4,5,9,721,789,1510,7,0.264924,0.275481,5.463127,0,0.000118,0.000079,123,0.000162,30,0.65,0.000991
54007,Braxton County,,WV,626,14084,14710,3,4,7,174,201,375,7,0.264875,0.27532,5917.004757,0,0.000092,0.000059,123,0.000163,30,0.25,0.000735
54009,Brooke County,,WV,1541,34366,35907,6,5,11,818,763,1581,6,0.299318,0.313814,4.290018,0,0.000838,0.00078,126,0.000157,30,0.666667,0.005829
54011,Cabell County,,WV,6831,105416,112247,18,17,35,3546,3586,7132,6,0.315308,0.335093,7327.470761,0,0.001686,0.002244,123,0.000566,30,0.230952,0.01302
54013,Calhoun County,,WV,408,7121,7529,2,1,3,102,44,146,8,0.209363,0.214326,1.95,0,0.000014,0.000001,123,0.000144,30,0,0.000263
54015,Clay County,,WV,437,9513,9950,1,2,3,125,152,277,7,0.264754,0.274802,0,0,0.000091,0.000059,123,0.00007,30,1,0.000541
54017,Doddridge County,,WV,667,9346,10013,1,2,3,228,290,518,7,0.231396,0.238556,8.871536,0,0.000007,0.000007,123,0.000092,30,0,0.000157
54019,Fayette County,,WV,2549,48286,50835,5,5,10,984,1277,2261,6,0.266998,0.277686,146.802719,0,0.00013,0.000091,123,0.000229,30,0.6,0.0012
54021,Gilmer County,,WV,504,6052,6556,1,2,3,46,105,151,8,0.209544,0.21489,0,0,0,0.000001,123,0.000085,30,0.5,0.000098
54023,Grant County,,WV,670,13649,14319,3,3,6,234,266,500,8,0.194171,0.199185,6.464812,0,0.000001,0.000001,181,0.000145,30,0.416667,0.00028
54025,Greenbrier County,,WV,1568,35052,36620,5,4,9,467,374,841,7,0.23903,0.247391,991.038997,0,0.000112,0.000019,123,0.000214,30,0.5,0.00107
54027,Hampshire County,,WV,1190,23153,24343,8,5,13,768,558,1326,7,0.239603,0.248209,1290.643242,0,0.000077,0.000097,181,0.000315,30,0.339286,0.001654
54029,Hancock County,,WV,1718,35240,36958,6,6,12,916,960,1876,6,0.299287,0.313941,2.79359,0,0.000913,0.000808,126,0.000135,30,0.7,0.006001
54031,Hardy County,,WV,742,14187,14929,4,3,7,336,260,596,7,0.239583,0.247654,1802.915021,0,0.000028,0.000013,181,0.000181,30,0.25,0.000493
54033,Harrison County,,WV,3555,76994,80549,11,11,22,1626,1736,3362,6,0.300935,0.317063,30691.94631,0,0.0009,0.0008,123,0.000532,30,0.281818,0.006527
54035,Jackson County,,WV,1345,31751,33096,4,6,10,652,620,1272,6,0.267121,0.27806,28.488158,0,0.000105,0.000083,123,0.0002,30,0.633333,0.000913
54037,Jefferson County,,WV,3191,48773,51964,16,7,23,3287,1787,5074,6,0.299628,0.31432,10.674265,0,0.005826,0.001545,181,0.000268,30,0.6875,0.044349
54039,Kanawha County,,WV,11370,231715,243085,30,38,68,5219,6472,11691,6,0.359955,0.386634,93259.476581,0,0.007128,0.011196,123,0.000883,30,0.202658,0.053054
54041,Lewis County,,WV,875,17552,18427,4,2,6,418,357,775,7,0.231359,0.238441,120.254193,0,0.000007,0.000007,123,0.000216,30,0.333333,0.000439
54043,Lincoln County,,WV,1068,20469,21537,5,5,10,573,678,1251,6,0.2669,0.277484,15.200184,0,0.000118,0.000076,123,0.000215,30,0.75,0.001096
54045,Logan County,,WV,1399,32808,34207,7,7,14,648,689,1337,6,0.303678,0.319341,576.663011,0,0.00022,0.000835,123,0.000214,30,0.3,0.002014
54047,McDowell County,,WV,1302,19128,20430,3,3,6,269,568,837,7,0.239821,0.24849,828.48733,0,0.000046,0.000019,144,0.000119,30,0.3,0.000734
54049,Marion County,,WV,2817,63056,65873,7,6,13,1253,1129,2382,7,0.265287,0.276384,1400.262561,0,0.000152,0.000081,123,0.000306,30,0.392857,0.001372
54051,Marshall County,,WV,1788,37300,39088,3,5,8,676,901,1577,6,0.299504,0.314102,8341.544284,0,0.000027,0.000752,126,0.000146,30,0.5,0.000486
54053,Mason County,,WV,1232,28174,29406,6,6,12,633,570,1203,6,0.266974,0.277772,46.054193,0,0.000124,0.000087,123,0.000255,30,0.466667,0.001268
54055,Mercer County,,WV,2906,63129,66035,10,9,19,1292,989,2281,7,0.278788,0.292395,11100.137994,0,0.000168,0.000436,144,0.000358,30,0.128788,0.001871
54057,Mineral County,,WV,1379,30398,31777,3,5,8,744,685,1429,7,0.239544,0.248094,2882.394219,0,0.000025,0.000097,181,0.000168,30,0.55,0.000469
54059,Mingo County,,WV,1311,25392,26703,5,5,10,452,523,975,6,0.268085,0.278893,1016.243438,0,0.000751,0.000076,123,0.000187,30,0.333333,0.005707
54061,Monongalia County,,WV,5612,73882,79494,15,19,34,1957,2376,4333,6,0.324306,0.345836,19599.995903,0,0.001866,0.005053,123,0.000504,30,0.257143,0.013855
54063,Monroe County,,WV,661,12906,13567,4,4,8,321,312,633,8,0.218174,0.225029,36.598886,0,0.000004,0.000003,123,0.000193,30,0.333333,0.000418
54065,Morgan County,,WV,1009,15963,16972,4,3,7,426,435,861,7,0.241359,0.249635,163.735644,0,0.000863,0.000091,181,0.00013,30,0.7,0.006388
54067,Nicholas County,,WV,1208,27250,28458,5,4,9,498,368,866,7,0.264851,0.275262,5847.48229,0,0.000112,0.00006,123,0.000263,30,0.4,0.001063
54069,Ohio County,,WV,2966,53028,55994,9,8,17,1479,1660,3139,6,0.307611,0.324385,3259.277369,0,0.00171,0.001549,126,0.000215,30,0.541667,0.011832
54071,Pendleton County,,WV,689,9078,9767,0,3,3,0,214,214,7,0.239488,0.247454,0,0,0,0.000013,181,0.000051,265,0.666667,0
54073,Pleasants County,,WV,334,8555,8889,2,2,4,132,141,273,7,0.236668,0.244859,7.638115,0,0.000013,0.000015,123,0.000133,30,0.666667,0.000257
54075,Pocahontas County,,WV,410,9383,9793,0,1,1,0,53,53,8,0.19693,0.201731,0,0,0,0,123,0.000051,266,0,0
54077,Preston County,,WV,1085,32421,33506,4,3,7,617,422,1039,7,0.245115,0.254235,57.688,0,0.000042,0.000034,123,0.000208,30,0.5,0.000633
54079,Putnam County,,WV,4091,49061,53152,9,4,13,2986,2137,5123,6,0.266875,0.277312,16.236974,0,0.000173,0.000074,123,0.000298,30,0.527778,0.001675
54081,Raleigh County,,WV,3712,77884,81596,14,12,26,1998,1408,3406,6,0.31384,0.332614,17252.745798,0,0.00212,0.002441,123,0.000404,30,0.246324,0.015552
54083,Randolph County,,WV,1281,30667,31948,6,5,11,435,393,828,7,0.245136,0.254621,8839.456339,0,0.000007,0.000023,123,0.000406,30,0.261905,0.000636
54085,Ritchie County,,WV,631,12686,13317,3,2,5,256,245,501,7,0.236013,0.243792,20.532115,0,0.000013,0.000008,123,0.000143,30,0.333333,0.000342
54087,Roane County,,WV,907,14846,15753,4,3,7,333,389,722,7,0.264778,0.274975,3056.678865,0,0.000092,0.000059,123,0.000251,30,0.333333,0.000827
54089,Summers County,,WV,730,10290,11020,3,4,7,233,393,626,7,0.239583,0.248237,172.123851,0,0.00002,0.00002,123,0.000166,30,0.666667,0.000432
54091,Taylor County,,WV,747,14056,14803,4,5,9,355,410,765,7,0.245136,0.254621,75.193102,0,0.000048,0.000024,123,0.00023,30,0.6,0.000584
54093,Tucker County,,WV,385,8251,8636,1,1,2,76,79,155,8,0.196888,0.201628,0,0,0,0,123,0.00012,30,0,0.000103
54095,Tyler County,,WV,641,10633,11274,1,1,2,151,200,351,8,0.187974,0.191822,0,0,0,0,126,0.000102,30,0,0.000094
54097,Upshur County,,WV,1076,22195,23271,3,4,7,275,317,592,7,0.231414,0.238844,5.333333,0,0.000007,0.000008,123,0.000253,30,0.666667,0.000357
54099,Wayne County,,WV,2245,36759,39004,5,5,10,1161,1417,2578,7,0.241038,0.25039,50.227428,0,0.000038,0.000039,123,0.000198,30,0.45,0.0008
54101,Webster County,,WV,402,8560,8962,1,1,2,99,132,231,8,0.209408,0.214441,0,0,0,0.000001,123,0.000107,30,0,0.000104
54103,Wetzel County,,WV,899,18831,19730,3,3,6,322,303,625,7,0.23147,0.238775,5850.57371,0,0.000013,0.000001,126,0.000182,30,0,0.000281
54105,Wirt County,,WV,642,7421,8063,1,2,3,281,386,667,7,0.236013,0.243792,0,0,0.000013,0.000008,123,0.000073,30,1,0.000163
54107,Wood County,,WV,4565,97810,102375,11,15,26,1915,2092,4007,6,0.308856,0.327134,20048.686331,0,0.000934,0.001602,123,0.000388,30,0.22381,0.00718
54109,Wyoming County,,WV,1231,22581,23812,2,4,6,189,603,792,7,0.265555,0.276177,4.677208,0,0.000023,0.000078,123,0.000113,30,0.666667,0.00035
55001,Adams County,,WI,1906,25235,27141,13,8,21,1607,990,2597,6,0.297781,0.311341,49.049177,0,0.002476,0.000934,27,0.000234,30,0.628205,0.017344
55003,Ashland County,,WI,1214,20784,21998,3,3,6,410,348,758,7,0.235036,0.242191,842.949014,0,0.000531,0.000015,113,0.000154,30,0.25,0.003316
55005,Barron County,,WI,3089,57604,60693,16,14,30,1923,1712,3635,6,0.307154,0.323648,1970.89863,0,0.002751,0.001446,113,0.0004,30,0.505848,0.019171
55007,Bayfield County,,WI,1050,15546,16596,2,2,4,374,405,779,7,0.234998,0.241961,2.342026,0,0.000011,0.000015,113,0.000125,30,0.5,0.000287
55009,Brown County,,WI,12992,288538,301530,43,43,86,9177,8893,18070,6,0.352555,0.378134,28630.773401,0,0.009549,0.011024,27,0.000756,30,0.323188,0.068421
55011,Buffalo County,,WI,1160,19709,20869,5,5,10,598,588,1186,7,0.25728,0.267097,36.97787,0,0.000068,0.000095,113,0.00016,30,0.433333,0.000976
55013,Burnett County,,WI,1151,20274,21425,10,5,15,852,429,1281,6,0.289539,0.301835,97.989247,0,0.001616,0.000294,113,0.000236,30,0.681818,0.010927
55015,Calumet County,,WI,4519,60935,65454,11,10,21,4153,3361,7514,6,0.298056,0.312031,1.631208,0,0.00147,0.001281,27,0.000192,30,0.881818,0.010325
55017,Chippewa County,,WI,3738,70760,74498,13,11,24,2605,2363,4968,6,0.307154,0.323275,1383.734718,0,0.001778,0.001386,113,0.000284,30,0.480952,0.012681
55019,Clark County,,WI,2410,40981,43391,6,8,14,1064,1379,2443,7,0.285545,0.29925,11.981805,0,0.000126,0.000519,27,0.000157,30,0.607143,0.001427
55021,Columbia County,,WI,4657,66039,70696,11,12,23,3270,3221,6491,6,0.297934,0.312089,65.960616,0,0.002282,0.001261,27,0.000228,30,0.647436,0.015908
55023,Crawford County,,WI,1424,21263,22687,7,6,13,696,819,1515,7,0.285574,0.298905,146.592864,0,0.000456,0.000445,27,0.000204,30,0.452381,0.003826
55025,Dane County,,WI,28984,512591,541575,139,124,263,24876,21416,46292,6,0.398405,0.435737,90759.664695,0,0.047246,0.048374,27,0.001952,30,0.278279,0.323284
55027,Dodge County,,WI,6331,105801,112132,16,18,34,4957,4374,9331,6,0.341584,0.362503,246.379928,0,0.002729,0.003595,27,0.000248,30,0.615789,0.019061
55029,Door County,,WI,1789,36042,37831,7,6,13,762,773,1535,6,0.297934,0.311341,523.163554,0,0.002314,0.001166,27,0.000143,30,0.767857,0.015275
55031,Douglas County,,WI,2667,49728,52395,9,8,17,1323,1218,2541,6,0.306992,0.322671,7875.615329,0,0.00126,0.001388,113,0.000289,30,0.424242,0.008682
55033,Dunn County,,WI,3327,43728,47055,13,13,26,1999,1978,3977,6,0.309715,0.32611,2131.636886,0,0.001984,0.002206,113,0.00028,30,0.628571,0.013783
55035,Eau Claire County,,WI,7353,98599,105952,34,28,62,5009,4948,9957,6,0.345494,0.368432,23974.723115,0,0.005209,0.004838,113,0.000727,30,0.316667,0.037912
55037,Florence County,,WI,386,5837,6223,1,1,2,103,112,215,8,0.207891,0.213073,0,0,0.000001,0.000005,27,0.000087,30,0,0.00013
55039,Fond du Lac County,,WI,5795,119078,124873,16,19,35,3433,3813,7246,6,0.344795,0.366506,431.569751,0,0.002581,0.004207,27,0.000257,30,0.634211,0.018135
55041,Forest County,,WI,469,10461,10930,2,0,2,84,0,84,0,0,0,0,0,0.000017,0,27,0.000082,17,1,0.000378
55043,Grant County,,WI,3211,59884,63095,12,12,24,1547,1859,3406,6,0.298671,0.31321,138.848979,0,0.001079,0.000997,27,0.000291,30,0.378205,0.008105
55045,Green County,,WI,2405,43530,45935,7,6,13,1627,1387,3014,7,0.285742,0.299152,18.505621,0,0.001195,0.000575,27,0.000152,30,0.571429,0.007713
55047,Green Lake County,,WI,1604,24089,25693,9,9,18,949,1018,1967,7,0.285292,0.298847,5.654455,0,0.001101,0.00057,27,0.000181,30,0.733333,0.007874
55049,Iowa County,,WI,1623,26673,28296,5,5,10,1147,1040,2187,7,0.285068,0.297927,1.333333,0,0.000419,0.000425,27,0.000158,30,0.8,0.003449
55051,Iron County,,WI,463,7327,7790,1,1,2,140,94,234,8,0.201026,0.205305,0,0,0,0,27,0.000102,96,0,0.000092
55053,Jackson County,,WI,1290,21907,23197,5,6,11,628,654,1282,7,0.285489,0.298876,44.583741,0,0.000097,0.00048,113,0.000154,30,0.566667,0.001241
55055,Jefferson County,,WI,6497,94483,100980,13,11,24,4934,4377,9311,6,0.328683,0.346917,59.623251,0,0.002575,0.002289,27,0.000208,30,0.794872,0.017881
55057,Juneau County,,WI,1913,30174,32087,12,9,21,1274,1017,2291,7,0.285405,0.299049,156.290716,0,0.00225,0.000518,27,0.000238,30,0.510989,0.015715
55059,Kenosha County,,WI,10699,180710,191409,20,22,42,8190,6553,14743,6,0.34815,0.370629,306.884963,0,0.009021,0.007765,27,0.00026,30,0.584615,0.061412
55061,Kewaunee County,,WI,960,22375,23335,3,3,6,723,598,1321,7,0.260729,0.270466,0.2,0,0.00012,0.000106,27,0.000097,30,0.833333,0.00107
55063,La Crosse County,,WI,6723,122605,129328,27,28,55,3752,3892,7644,6,0.345535,0.36849,10185.02426,0,0.005185,0.005511,27,0.00051,30,0.357863,0.036889
55065,Lafayette County,,WI,994,18602,19596,4,5,9,603,590,1193,7,0.285124,0.298042,4.482455,0,0.00041,0.000428,27,0.000133,30,0.6,0.00321
55067,Langlade County,,WI,1255,24268,25523,6,7,13,481,574,1055,7,0.261105,0.271818,410.648987,0,0.000685,0.000189,27,0.000132,30,0.652778,0.004797
55069,Lincoln County,,WI,1736,38345,40081,6,4,10,951,696,1647,7,0.285433,0.298502,20.751168,0,0.001209,0.000515,27,0.000126,30,0.857143,0.008123
55071,Manitowoc County,,WI,4078,100651,104729,8,14,22,1522,2408,3930,6,0.332301,0.351754,569.94711,0,0.00115,0.002484,27,0.000173,30,0.681319,0.008113
55073,Marathon County,,WI,7022,156257,163279,24,29,53,3808,4453,8261,6,0.345452,0.368547,2880.877858,0,0.003999,0.004817,27,0.000412,30,0.417241,0.027589
55075,Marinette County,,WI,2807,51690,54497,9,8,17,1694,1455,3149,6,0.298026,0.311744,777.120516,0,0.001988,0.001008,27,0.000202,30,0.645455,0.013376
55077,Marquette County,,WI,1282,15518,16800,10,7,17,934,732,1666,7,0.285208,0.298445,7.378762,0,0.001256,0.000517,27,0.000201,30,0.7,0.008972
55078,Menominee County,,WI,293,5181,5474,2,2,4,111,169,280,7,0.260729,0.270351,0,0,0.000099,0.000086,27,0.000082,30,1,0.000852
55079,Milwaukee County,,WI,53742,1049474,1103216,126,156,282,32416,44862,77278,5,0.419757,0.458402,81246.765538,0,0.053894,0.065079,27,0.00157,30,0.329776,0.373519
55081,Monroe County,,WI,2890,48032,50922,7,6,13,1232,1159,2391,6,0.297934,0.31137,162.312096,0,0.001009,0.000889,27,0.000169,30,0.642857,0.006944
55083,Oconto County,,WI,2352,41448,43800,7,7,14,1984,1647,3631,6,0.297934,0.311456,0.97381,0,0.000748,0.00102,27,0.000151,30,0.839286,0.00527
55085,Oneida County,,WI,2800,44929,47729,13,13,26,1388,1323,2711,6,0.309715,0.326081,2825.210785,0,0.002489,0.001941,27,0.000239,30,0.554167,0.017341
55087,Outagamie County,,WI,13008,199501,212509,30,32,62,10282,9769,20051,6,0.345452,0.368892,2760.133077,0,0.004978,0.005529,27,0.000486,30,0.433155,0.035958
55089,Ozaukee County,,WI,6678,106087,112765,15,13,28,4950,4219,9169,6,0.344344,0.365183,73.344692,0,0.005023,0.004677,27,0.000211,30,0.808824,0.033774
55091,Pepin County,,WI,434,7524,7958,3,4,7,177,250,427,7,0.256938,0.266235,2.125455,0,0.00003,0.000073,113,0.000119,30,0.666667,0.000521
55093,Pierce County,,WI,2990,43954,46944,12,10,22,2161,1835,3996,6,0.30531,0.32052,1624.372237,0,0.001663,0.001322,113,0.000262,30,0.704545,0.011554
55095,Polk County,,WI,2672,47909,50581,12,12,24,2237,1734,3971,6,0.305406,0.320922,37.478311,0,0.001667,0.001457,113,0.000276,30,0.711538,0.011626
55097,Portage County,,WI,4535,78146,82681,18,16,34,2326,2539,4865,6,0.309947,0.326829,231.870824,0,0.003289,0.002063,27,0.000298,30,0.588095,0.022993
55099,Price County,,WI,1062,18433,19495,5,3,8,236,210,446,7,0.257006,0.266263,63.425077,0,0.000589,0.000052,27,0.000148,30,0.5,0.003928
55101,Racine County,,WI,11356,224920,236276,22,28,50,8051,7292,15343,6,0.355626,0.379566,680.44803,0,0.008919,0.012091,27,0.0003,30,0.532258,0.062177
55103,Richland County,,WI,1345,21486,22831,7,6,13,799,725,1524,7,0.28518,0.298215,4.546729,0,0.000427,0.000429,27,0.000209,30,0.666667,0.003812
55105,Rock County,,WI,8204,176866,185070,21,20,41,4716,4480,9196,6,0.345658,0.367828,757.284254,0,0.005963,0.00457,27,0.00031,30,0.470769,0.041014
55107,Rusk County,,WI,930,17240,18170,4,4,8,331,334,665,7,0.256938,0.266206,0.583333,0,0.000063,0.000094,113,0.000162,30,0.833333,0.001112
55109,St. Croix County,,WI,4752,76719,81471,12,13,25,5181,2936,8117,6,0.307219,0.32362,19.227215,0,0.002052,0.00184,113,0.000255,30,0.737179,0.014202
55111,Sauk County,,WI,4111,66533,70644,16,13,29,2792,2411,5203,6,0.29821,0.312693,251.706191,0,0.002985,0.001228,27,0.000323,30,0.454248,0.020505
55113,Sawyer County,,WI,1073,19098,20171,6,4,10,373,278,651,7,0.256938,0.266206,491.901483,0,0.001796,0.000072,113,0.0002,30,0.666667,0.012563
55115,Shawano County,,WI,2392,43634,46026,10,11,21,1609,1502,3111,6,0.298117,0.312261,301.609603,0,0.000998,0.00108,27,0.000214,30,0.674242,0.007192
55117,Sheboygan County,,WI,5752,139572,145324,17,17,34,2982,3258,6240,6,0.344672,0.366103,196.928323,0,0.004102,0.004177,27,0.000253,30,0.694737,0.027501
55119,Taylor County,,WI,1134,21775,22909,5,7,12,464,590,1054,7,0.285545,0.299106,176.4068,0,0.000602,0.000492,27,0.000141,30,0.678571,0.003875
55121,Trempealeau County,,WI,1696,31236,32932,6,6,12,1051,929,1980,7,0.257303,0.26727,10.24949,0,0.000119,0.00011,113,0.000178,30,0.5,0.001457
55123,Vernon County,,WI,1610,28334,29944,7,7,14,952,995,1947,7,0.285349,0.298675,7.6941,0,0.000466,0.000485,27,0.000205,30,0.660714,0.003993
55125,Vilas County,,WI,1511,23268,24779,8,5,13,903,450,1353,6,0.328534,0.345997,17.268737,0,0.003026,0.001849,27,0.000135,30,0.803571,0.01954
55127,Walworth County,,WI,6673,104192,110865,15,16,31,5571,4189,9760,6,0.341544,0.362187,43.179171,0,0.005553,0.005057,27,0.000199,30,0.764706,0.036403
55129,Washburn County,,WI,967,16433,17400,6,4,10,505,386,891,7,0.256938,0.266206,5.059867,0,0.000758,0.000093,113,0.000223,30,0.633333,0.005952
55131,Washington County,,WI,8788,148624,157412,14,20,34,7543,6483,14026,6,0.344631,0.366391,42.249469,0,0.0027,0.004374,27,0.000219,30,0.671053,0.018614
55133,Waukesha County,,WI,26968,447451,474419,64,71,135,24197,21519,45716,6,0.379667,0.410594,11133.890561,0,0.025712,0.028009,27,0.00081,30,0.392492,0.17772
55135,Waupaca County,,WI,3133,59121,62254,13,10,23,2112,2058,4170,6,0.298056,0.312031,16.619425,0,0.001457,0.001082,27,0.000229,30,0.724359,0.010596
55137,Waushara County,,WI,1607,23967,25574,9,10,19,1010,1005,2015,6,0.297842,0.311686,17.578682,0,0.000788,0.001009,27,0.000185,30,0.672727,0.005732
55139,Winnebago County,,WI,11960,179555,191515,37,31,68,8817,8906,17723,6,0.346485,0.369887,2921.092925,0,0.006617,0.005667,27,0.000576,30,0.362369,0.048121
55141,Wood County,,WI,4827,90844,95671,14,20,34,2156,3011,5167,6,0.335805,0.357022,665.909029,0,0.001462,0.003482,27,0.000266,30,0.514286,0.01096
56001,Albany County,,WY,4479,29750,34229,17,19,36,1451,1781,3232,6,0.335805,0.356464,5187.168521,0,0.0035,0.006004,96,0.00037,30,0.439394,0.027353
56003,Big Horn County,,WY,858,11554,12412,1,4,5,109,303,412,7,0.251956,0.260769,0,0,0.000002,0.000043,96,0.00008,30,0.666667,0.000129
56005,Campbell County,,WY,3097,40738,43835,19,14,33,1714,1066,2780,6,0.333027,0.352134,15360.119568,0,0.002205,0.001497,96,0.00058,30,0.257143,0.017354
56007,Carbon County,,WY,1715,16587,18302,5,8,13,406,685,1091,7,0.278761,0.291403,27.035016,0,0.00024,0.000547,96,0.000146,30,0.642857,0.001948
56009,Converse County,,WY,1352,14213,15565,3,2,5,489,559,1048,7,0.25189,0.260234,0,0,0.000167,0.000083,96,0.000132,30,1,0.001535
56011,Crook County,,WY,542,5812,6354,2,2,4,157,201,358,7,0.250584,0.25852,0,0,0.000014,0.00002,96,0.000127,30,1,0.000375
56013,Fremont County,,WY,2690,39490,42180,8,11,19,649,878,1527,7,0.291139,0.305614,3020.003479,0,0.000275,0.000776,96,0.000219,30,0.462121,0.0025
56015,Goshen County,,WY,1039,13099,14138,4,3,7,237,341,578,7,0.26134,0.271378,2902.827431,0,0.000139,0.000146,96,0.000152,30,0.4,0.001025
56017,Hot Springs County,,WY,546,5094,5640,1,2,3,40,86,126,7,0.25189,0.260262,0,0,0.000006,0.000068,96,0.000068,30,1,0.000121
56019,Johnson County,,WY,635,7720,8355,3,2,5,212,187,399,7,0.251803,0.260032,0,0,0.000061,0.000077,96,0.000158,30,1,0.001065
56021,Laramie County,,WY,8402,94082,102484,31,38,69,3743,3563,7306,6,0.349873,0.374919,20370.082466,0,0.00927,0.014432,96,0.000637,30,0.384778,0.070409
56023,Lincoln County,,WY,1504,16684,18188,8,7,15,666,423,1089,6,0.297109,0.311715,22.163099,0,0.001372,0.000935,5,0.000146,30,0.535714,0.008839
56025,Natrona County,,WY,5097,74668,79765,29,19,48,2620,2259,4879,6,0.336468,0.357028,20251.142531,0,0.008002,0.004574,96,0.000703,30,0.350575,0.060948
56027,Niobrara County,,WY,244,2656,2900,0,1,1,0,47,47,8,0.207249,0.2122,0,0,0,0.000001,96,0.000051,267,0,0
56029,Park County,,WY,2531,29707,32238,9,8,17,670,653,1323,7,0.262405,0.273687,5991.604081,0,0.000341,0.00021,96,0.000276,30,0.409091,0.00325
56031,Platte County,,WY,670,9722,10392,2,4,6,121,261,382,7,0.260331,0.270371,51.582797,0,0.000368,0.00016,96,0.000083,30,0.65,0.003149
56033,Sheridan County,,WY,2213,30094,32307,12,8,20,913,653,1566,6,0.331921,0.350063,3478.540171,0,0.001427,0.001436,96,0.000383,30,0.424242,0.012005
56035,Sublette County,,WY,609,6773,7382,2,1,3,152,71,223,7,0.250237,0.258077,0.277778,0,0.000053,0.000016,5,0.000077,30,0,0.000398
56037,Sweetwater County,,WY,3452,44152,47604,11,15,26,1125,1358,2483,6,0.333717,0.35341,6000.054559,0,0.001936,0.003642,5,0.000281,30,0.4375,0.014838
56039,Teton County,,WY,2728,19720,22448,5,10,15,266,874,1140,6,0.33253,0.351541,5130.152206,0,0.001477,0.002899,5,0.000123,30,0.333333,0.010683
56041,Uinta County,,WY,1925,22144,24069,7,11,18,752,845,1597,6,0.31686,0.334012,27.953499,0,0.001372,0.002281,5,0.000136,30,0.576923,0.009238
56043,Washakie County,,WY,828,9605,10433,2,2,4,89,107,196,7,0.251825,0.26009,1.44728,0,0.000002,0.000077,96,0.000097,30,0.75,0.000219
56045,Weston County,,WY,525,7226,7751,1,1,2,85,75,160,7,0.249849,0.257479,0,0,0.000012,0.000018,96,0.000086,30,0,0.000258
2275,Wrangell Petersburg,,AK,667,7030,7697,1,1,2,47,100,147,7,0.238695,0.245498,0,0,0.000012,0.000017,183,0.000085,30,0,0.000224
2198,Prince Of Wales Oute,,AK,607,4950,5557,1,3,4,71,175,246,7,0.281797,0.294117,0,0,0.000014,0.000391,183,0.000065,30,0.833333,0.000093
