id,label,timeset,state,totalMig,totalNonMig,population
1001,Autauga County,,AL,5037,51544,56581
1003,Baldwin County,,AL,9172,156087,165259
1005,Barbour County,,AL,1907,28251,30158
1007,Bibb County,,AL,1532,21321,22853
1009,Blount County,,AL,3275,54610,57885
1011,Bullock County,,AL,726,10223,10949
1013,Butler County,,AL,1186,22687,23873
1015,Calhoun County,,AL,7136,131396,138532
1017,Chambers County,,AL,2517,43441,45958
1019,Cherokee County,,AL,1319,24800,26119
1021,Chilton County,,AL,1982,40063,42045
1023,Choctaw County,,AL,829,16677,17506
1025,Clarke County,,AL,1584,30853,32437
1027,Clay County,,AL,897,16545,17442
1029,Cleburne County,,AL,807,14460,15267
1031,Coffee County,,AL,5153,44364,49517
1033,Colbert County,,AL,3430,59795,63225
1035,Conecuh County,,AL,940,14683,15623
1037,Coosa County,,AL,1229,13799,15028
1039,Covington County,,AL,1963,38323,40286
1041,Crenshaw County,,AL,996,15689,16685
1043,Cullman County,,AL,3774,83794,87568
1045,Dale County,,AL,7725,48390,56115
1047,Dallas County,,AL,2667,49434,52101
1049,DeKalb County,,AL,4159,71909,76068
1051,Elmore County,,AL,5443,71942,77385
1053,Escambia County,,AL,2001,38656,40657
1055,Etowah County,,AL,5058,105868,110926
1057,Fayette County,,AL,1141,21787,22928
1059,Franklin County,,AL,1943,32405,34348
1061,Geneva County,,AL,1919,25596,27515
1063,Greene County,,AL,544,9804,10348
1065,Hale County,,AL,1055,18615,19670
1067,Henry County,,AL,1248,18127,19375
1069,Houston County,,AL,6461,96915,103376
1071,Jackson County,,AL,2903,57981,60884
1073,Jefferson County,,AL,37494,728766,766260
1075,Lamar County,,AL,975,17298,18273
1077,Lauderdale County,,AL,4861,94558,99419
1079,Lawrence County,,AL,2075,37828,39903
1081,Lee County,,AL,9486,106567,116053
1083,Limestone County,,AL,3961,73422,77383
1085,Lowndes County,,AL,885,13845,14730
1087,Macon County,,AL,1527,21270,22797
1089,Madison County,,AL,16037,321071,337108
1091,Marengo County,,AL,1210,23779,24989
1093,Marion County,,AL,1575,26258,27833
1095,Marshall County,,AL,5041,84205,89246
1097,Mobile County,,AL,18450,424695,443145
1099,Monroe County,,AL,1265,25801,27066
1101,Montgomery County,,AL,17967,237207,255174
1103,Morgan County,,AL,7276,124518,131794
1105,Perry County,,AL,580,10528,11108
1107,Pickens County,,AL,1057,22392,23449
1109,Pike County,,AL,2045,26356,28401
1111,Randolph County,,AL,1250,22759,24009
1113,Russell County,,AL,5563,50486,56049
1115,St. Clair County,,AL,4545,63681,68226
1117,Shelby County,,AL,13450,156037,169487
1119,Sumter County,,AL,985,14083,15068
1121,Talladega County,,AL,4116,79055,83171
1123,Tallapoosa County,,AL,2498,41288,43786
1125,Tuscaloosa County,,AL,9442,168792,178234
1127,Walker County,,AL,3110,69542,72652
1129,Washington County,,AL,968,18784,19752
1131,Wilcox County,,AL,680,13256,13936
1133,Winston County,,AL,1481,24964,26445
2013,Aleutians East Borough,,AK,328,1496,1824
2016,Aleutians West Census Area,,AK,727,3974,4701
2020,Anchorage Municipality,,AK,24428,280105,304533
2050,Bethel Census Area,,AK,854,15479,16333
2060,Bristol Bay Borough,,AK,197,1267,1464
2068,Denali Borough,,AK,384,2101,2485
2070,Dillingham Census Area,,AK,373,4451,4824
2090,Fairbanks North Star Borough,,AK,11945,90264,102209
2100,Haines Borough,,AK,281,2554,2835
2105,Hoonah-Angoon Census Area,,AK,0,0,0
2110,Juneau City and Borough,,AK,2957,33747,36704
2122,Kenai Peninsula Borough,,AK,3937,52363,56300
2130,Ketchikan Gateway Borough,,AK,1583,14316,15899
2150,Kodiak Island Borough,,AK,1885,15165,17050
2164,Lake and Peninsula Borough,,AK,231,1314,1545
2170,Matanuska-Susitna Borough,,AK,4518,61666,66184
2180,Nome Census Area,,AK,643,8344,8987
2185,North Slope Borough,,AK,697,7043,7740
2188,Northwest Arctic Borough,,AK,564,6264,6828
2195,Petersburg Census Area,,AK,0,0,0
2220,Sitka City and Borough,,AK,970,9543,10513
2230,Skagway Municipality,,AK,0,0,0
2240,Southeast Fairbanks Census Area,,AK,712,5972,6684
2261,Valdez-Cordova Census Area,,AK,1327,10797,12124
2270,Wade Hampton Census Area,,AK,366,6396,6762
2282,Yakutat City and Borough,,AK,150,573,723
2290,Yukon-Koyukuk Census Area,,AK,616,5913,6529
4001,Apache County,,AZ,8169,56268,64437
4003,Cochise County,,AZ,13404,112947,126351
4005,Coconino County,,AZ,12993,119978,132971
4007,Gila County,,AZ,4167,51592,55759
4009,Graham County,,AZ,2243,26278,28521
4011,Greenlee County,,AZ,1151,8405,9556
4012,La Paz County,,AZ,1776,14023,15799
4013,Maricopa County,,AZ,156355,3247031,3403386
4015,Mohave County,,AZ,12456,150428,162884
4017,Navajo County,,AZ,7469,87124,94593
4019,Pima County,,AZ,46196,881119,927315
4021,Pinal County,,AZ,12923,141089,154012
4023,Santa Cruz County,,AZ,2551,45408,47959
4025,Yavapai County,,AZ,12291,167131,179422
4027,Yuma County,,AZ,12249,166852,179101
5001,Arkansas County,,AR,1401,22418,23819
5003,Ashley County,,AR,1316,25448,26764
5005,Baxter County,,AR,2923,40847,43770
5007,Benton County,,AR,12434,175419,187853
5009,Boone County,,AR,2596,37075,39671
5011,Bradley County,,AR,799,12842,13641
5013,Calhoun County,,AR,356,5673,6029
5015,Carroll County,,AR,1914,25038,26952
5017,Chicot County,,AR,1258,13128,14386
5019,Clark County,,AR,1936,22996,24932
5021,Clay County,,AR,1191,17185,18376
5023,Cleburne County,,AR,1995,29110,31105
5025,Cleveland County,,AR,689,9743,10432
5027,Columbia County,,AR,1492,26100,27592
5029,Conway County,,AR,1543,23015,24558
5031,Craighead County,,AR,5988,83439,89427
5033,Crawford County,,AR,4211,57315,61526
5035,Crittenden County,,AR,3943,54364,58307
5037,Cross County,,AR,1576,20503,22079
5039,Dallas County,,AR,598,8186,8784
5041,Desha County,,AR,1223,16544,17767
5043,Drew County,,AR,1577,18169,19746
5045,Faulkner County,,AR,7940,94232,102172
5047,Franklin County,,AR,1258,17147,18405
5049,Fulton County,,AR,1044,12151,13195
5051,Garland County,,AR,5993,97979,103972
5053,Grant County,,AR,1655,20505,22160
5055,Greene County,,AR,2244,39275,41519
5057,Hempstead County,,AR,1720,24602,26322
5059,Hot Spring County,,AR,1819,28172,29991
5061,Howard County,,AR,1055,13909,14964
5063,Independence County,,AR,2553,37496,40049
5065,Izard County,,AR,921,11540,12461
5067,Jackson County,,AR,1219,17578,18797
5069,Jefferson County,,AR,5236,84349,89585
5071,Johnson County,,AR,1520,22993,24513
5073,Lafayette County,,AR,549,7489,8038
5075,Lawrence County,,AR,1463,17642,19105
5077,Lee County,,AR,777,10481,11258
5079,Lincoln County,,AR,755,8194,8949
5081,Little River County,,AR,903,13968,14871
5083,Logan County,,AR,1641,22898,24539
5085,Lonoke County,,AR,5172,60348,65520
5087,Madison County,,AR,1202,13679,14881
5089,Marion County,,AR,1512,14942,16454
5091,Miller County,,AR,3762,39661,43423
5093,Mississippi County,,AR,3672,53191,56863
5095,Monroe County,,AR,806,9952,10758
5097,Montgomery County,,AR,662,8562,9224
5099,Nevada County,,AR,827,9814,10641
5101,Newton County,,AR,620,7814,8434
5103,Ouachita County,,AR,1841,28975,30816
5105,Perry County,,AR,887,9816,10703
5107,Phillips County,,AR,1836,25404,27240
5109,Pike County,,AR,737,9740,10477
5111,Poinsett County,,AR,1818,24676,26494
5113,Polk County,,AR,1244,19745,20989
5115,Pope County,,AR,3901,53793,57694
5117,Prairie County,,AR,631,9467,10098
5119,Pulaski County,,AR,28486,397754,426240
5121,Randolph County,,AR,1179,17778,18957
5123,St. Francis County,,AR,1867,25613,27480
5125,Saline County,,AR,5460,73179,78639
5127,Scott County,,AR,821,11364,12185
5129,Searcy County,,AR,519,6511,7030
5131,Sebastian County,,AR,9674,119158,128832
5133,Sevier County,,AR,1108,14870,15978
5135,Sharp County,,AR,1201,12517,13718
5137,Stone County,,AR,706,11264,11970
5139,Union County,,AR,2567,48535,51102
5141,Van Buren County,,AR,1056,13261,14317
5143,Washington County,,AR,13984,151031,165015
5145,White County,,AR,4417,64044,68461
5147,Woodruff County,,AR,599,7720,8319
5149,Yell County,,AR,1681,20083,21764
6001,Alameda County,,CA,139084,1565389,1704473
6003,Alpine County,,CA,127,1061,1188
6005,Amador County,,CA,2067,35257,37324
6007,Butte County,,CA,11387,199055,210442
6009,Calaveras County,,CA,2824,42682,45506
6011,Colusa County,,CA,1182,20948,22130
6013,Contra Costa County,,CA,72500,1057536,1130036
6015,Del Norte County,,CA,1789,21774,23563
6017,El Dorado County,,CA,12179,175117,187296
6019,Fresno County,,CA,30625,813457,844082
6021,Glenn County,,CA,1685,27818,29503
6023,Humboldt County,,CA,7485,124506,131991
6025,Imperial County,,CA,9402,171525,180927
6027,Inyo County,,CA,1445,20281,21726
6029,Kern County,,CA,28876,661047,689923
6031,Kings County,,CA,9321,114140,123461
6033,Lake County,,CA,3368,53281,56649
6035,Lassen County,,CA,2009,25882,27891
6037,Los Angeles County,,CA,358167,9806886,10165053
6039,Madera County,,CA,7020,113159,120179
6041,Marin County,,CA,20475,251862,272337
6043,Mariposa County,,CA,1439,16971,18410
6045,Mendocino County,,CA,4837,89427,94264
6047,Merced County,,CA,11791,216327,228118
6049,Modoc County,,CA,710,8629,9339
6051,Mono County,,CA,1642,11163,12805
6053,Monterey County,,CA,30960,419023,449983
6055,Napa County,,CA,9481,141842,151323
6057,Nevada County,,CA,7167,105129,112296
6059,Orange County,,CA,172458,3105670,3278128
6061,Placer County,,CA,21035,286942,307977
6063,Plumas County,,CA,1668,21528,23196
6065,Riverside County,,CA,91503,1618970,1710473
6067,Sacramento County,,CA,70515,1323675,1394190
6069,San Benito County,,CA,5060,60057,65117
6071,San Bernardino County,,CA,113951,1738405,1852356
6073,San Diego County,,CA,186432,3120327,3306759
6075,San Francisco County,,CA,91462,834751,926213
6077,San Joaquin County,,CA,32075,592275,624350
6079,San Luis Obispo County,,CA,15720,249435,265155
6081,San Mateo County,,CA,77959,781784,859743
6083,Santa Barbara County,,CA,27961,410418,438379
6085,Santa Clara County,,CA,160854,1912170,2073024
6087,Santa Cruz County,,CA,20635,270227,290862
6089,Shasta County,,CA,8296,171846,180142
6091,Sierra County,,CA,325,3364,3689
6093,Siskiyou County,,CA,2858,43495,46353
6095,Solano County,,CA,33904,424229,458133
6097,Sonoma County,,CA,27858,506455,534313
6099,Stanislaus County,,CA,24152,477998,502150
6101,Sutter County,,CA,6230,81915,88145
6103,Tehama County,,CA,3253,49200,52453
6105,Trinity County,,CA,720,11169,11889
6107,Tulare County,,CA,16376,365260,381636
6109,Tuolumne County,,CA,3349,54323,57672
6111,Ventura County,,CA,43869,835902,879771
6113,Yolo County,,CA,15296,169023,184319
6115,Yuba County,,CA,6682,52422,59104
8001,Adams County,,CO,48485,400289,448774
8003,Alamosa County,,CO,1486,14672,16158
8005,Arapahoe County,,CO,75454,561865,637319
8007,Archuleta County,,CO,1034,10145,11179
8009,Baca County,,CO,398,4788,5186
8011,Bent County,,CO,488,5548,6036
8013,Boulder County,,CO,36498,316333,352831
8014,Broomfield County,,CO,0,0,0
8015,Chaffee County,,CO,1409,16980,18389
8017,Cheyenne County,,CO,245,2349,2594
8019,Clear Creek County,,CO,2610,22865,25475
8021,Conejos County,,CO,486,8267,8753
8023,Costilla County,,CO,287,3250,3537
8025,Crowley County,,CO,348,3407,3755
8027,Custer County,,CO,378,3632,4010
8029,Delta County,,CO,2069,28230,30299
8031,Denver County,,CO,91116,526319,617435
8033,Dolores County,,CO,178,1948,2126
8035,Douglas County,,CO,23994,212589,236583
8037,Eagle County,,CO,6363,43749,50112
8039,Elbert County,,CO,2184,19244,21428
8041,El Paso County,,CO,59048,590243,649291
8043,Fremont County,,CO,3385,40321,43706
8045,Garfield County,,CO,4426,42457,46883
8047,Gilpin County,,CO,1393,8114,9507
8049,Grand County,,CO,1595,12727,14322
8051,Gunnison County,,CO,1928,12987,14915
8053,Hinsdale County,,CO,109,801,910
8055,Huerfano County,,CO,578,6496,7074
8057,Jackson County,,CO,181,1757,1938
8059,Jefferson County,,CO,65237,573374,638611
8061,Kiowa County,,CO,192,1922,2114
8063,Kit Carson County,,CO,586,8714,9300
8065,Lake County,,CO,933,6963,7896
8067,La Plata County,,CO,4176,45181,49357
8069,Larimer County,,CO,25043,279265,304308
8071,Las Animas County,,CO,1077,15136,16213
8073,Lincoln County,,CO,375,4812,5187
8075,Logan County,,CO,1711,22581,24292
8077,Mesa County,,CO,7498,131023,138521
8079,Mineral County,,CO,76,789,865
8081,Moffat County,,CO,1333,14141,15474
8083,Montezuma County,,CO,1954,23897,25851
8085,Montrose County,,CO,2605,36719,39324
8087,Morgan County,,CO,2260,29224,31484
8089,Otero County,,CO,1704,20201,21905
8091,Ouray County,,CO,407,3305,3712
8093,Park County,,CO,2097,15627,17724
8095,Phillips County,,CO,440,4531,4971
8097,Pitkin County,,CO,1920,12437,14357
8099,Prowers County,,CO,1149,14023,15172
8101,Pueblo County,,CO,6950,154294,161244
8103,Rio Blanco County,,CO,630,6266,6896
8105,Rio Grande County,,CO,1340,16183,17523
8107,Routt County,,CO,2418,20421,22839
8109,Saguache County,,CO,228,2332,2560
8111,San Juan County,,CO,97,620,717
8113,San Miguel County,,CO,864,6425,7289
8115,Sedgwick County,,CO,228,2891,3119
8117,Summit County,,CO,4655,25201,29856
8119,Teller County,,CO,3002,21111,24113
8121,Washington County,,CO,331,4016,4347
8123,Weld County,,CO,15362,190832,206194
8125,Yuma County,,CO,849,10420,11269
9001,Fairfield County,,CT,50958,981720,1032678
9003,Hartford County,,CT,42816,1020181,1062997
9005,Litchfield County,,CT,11016,221421,232437
9007,Middlesex County,,CT,11828,189554,201382
9009,New Haven County,,CT,41614,940576,982190
9011,New London County,,CT,18628,300968,319596
9013,Tolland County,,CT,10520,151898,162418
9015,Windham County,,CT,6525,126349,132874
10001,Kent County,,DE,9302,149800,159102
10003,New Castle County,,DE,26698,581614,608312
10005,Sussex County,,DE,8073,178345,186418
11001,District of Columbia,,DC,64978,553765,618743
12001,Alachua County,,FL,20769,207047,227816
12003,Baker County,,FL,1379,23151,24530
12005,Bay County,,FL,13620,162787,176407
12007,Bradford County,,FL,1684,20986,22670
12009,Brevard County,,FL,29367,545980,575347
12011,Broward County,,FL,114365,1750428,1864793
12013,Calhoun County,,FL,760,10462,11222
12015,Charlotte County,,FL,11597,150029,161626
12017,Citrus County,,FL,7975,124387,132362
12019,Clay County,,FL,16826,169017,185843
12021,Collier County,,FL,18634,272405,291039
12023,Columbia County,,FL,4093,54029,58122
12027,DeSoto County,,FL,2201,26518,28719
12029,Dixie County,,FL,964,12793,13757
12031,Duval County,,FL,63156,876534,939690
12033,Escambia County,,FL,33367,310533,343900
12035,Flagler County,,FL,4429,62909,67338
12037,Franklin County,,FL,665,9470,10135
12039,Gadsden County,,FL,3352,47849,51201
12041,Gilchrist County,,FL,1067,12515,13582
12043,Glades County,,FL,1190,10395,11585
12045,Gulf County,,FL,1083,12136,13219
12047,Hamilton County,,FL,1041,11620,12661
12049,Hardee County,,FL,1810,23689,25499
12051,Hendry County,,FL,3078,33202,36280
12053,Hernando County,,FL,9405,139754,149159
12055,Highlands County,,FL,5943,82931,88874
12057,Hillsborough County,,FL,76123,1119193,1195316
12059,Holmes County,,FL,1608,19363,20971
12061,Indian River County,,FL,7342,126477,133819
12063,Jackson County,,FL,2734,43916,46650
12065,Jefferson County,,FL,981,14373,15354
12067,Lafayette County,,FL,344,4472,4816
12069,Lake County,,FL,18577,246673,265250
12071,Lee County,,FL,29319,485562,514881
12073,Leon County,,FL,21913,234027,255940
12075,Levy County,,FL,2679,34138,36817
12077,Liberty County,,FL,406,5617,6023
12079,Madison County,,FL,1086,17310,18396
12081,Manatee County,,FL,20596,291023,311619
12083,Marion County,,FL,15723,274918,290641
12085,Martin County,,FL,11648,143620,155268
12086,Miami-Dade County,,FL,112100,2386924,2499024
12087,Monroe County,,FL,10496,81312,91808
12089,Nassau County,,FL,5181,67913,73094
12091,Okaloosa County,,FL,20590,192992,213582
12093,Okeechobee County,,FL,2373,30703,33076
12095,Orange County,,FL,96429,1002138,1098567
12097,Osceola County,,FL,21835,189537,211372
12099,Palm Beach County,,FL,69944,1235432,1305376
12101,Pasco County,,FL,28395,355850,384245
12103,Pinellas County,,FL,64092,994909,1059001
12105,Polk County,,FL,30452,518750,549202
12107,Putnam County,,FL,4459,68119,72578
12109,St. Johns County,,FL,12012,136259,148271
12111,St. Lucie County,,FL,13647,210839,224486
12113,Santa Rosa County,,FL,10859,122779,133638
12115,Sarasota County,,FL,24721,358954,383675
12117,Seminole County,,FL,44306,397543,441849
12119,Sumter County,,FL,3434,45805,49239
12121,Suwannee County,,FL,2378,34438,36816
12123,Taylor County,,FL,1149,19541,20690
12125,Union County,,FL,938,10317,11255
12127,Volusia County,,FL,28983,472066,501049
12129,Wakulla County,,FL,1796,22990,24786
12131,Walton County,,FL,3436,36241,39677
12133,Washington County,,FL,1645,18832,20477
13001,Appling County,,GA,986,18081,19067
13003,Atkinson County,,GA,549,7816,8365
13005,Bacon County,,GA,755,10849,11604
13007,Baker County,,GA,356,4022,4378
13009,Baldwin County,,GA,2687,43538,46225
13011,Banks County,,GA,1588,17091,18679
13013,Barrow County,,GA,4441,50493,54934
13015,Bartow County,,GA,7324,95381,102705
13017,Ben Hill County,,GA,1271,18721,19992
13019,Berrien County,,GA,1468,16108,17576
13021,Bibb County,,GA,11231,173127,184358
13023,Bleckley County,,GA,777,13405,14182
13025,Brantley County,,GA,1224,17564,18788
13027,Brooks County,,GA,2233,19712,21945
13029,Bryan County,,GA,3249,26953,30202
13031,Bulloch County,,GA,3849,44835,48684
13033,Burke County,,GA,2020,28234,30254
13035,Butts County,,GA,1739,22285,24024
13037,Calhoun County,,GA,372,6328,6700
13039,Camden County,,GA,7177,45080,52257
13043,Candler County,,GA,574,9009,9583
13045,Carroll County,,GA,6708,96363,103071
13047,Catoosa County,,GA,4884,56975,61859
13049,Charlton County,,GA,661,9019,9680
13051,Chatham County,,GA,19938,240321,260259
13053,Chattahoochee County,,GA,351,3089,3440
13055,Chattooga County,,GA,1280,26802,28082
13057,Cherokee County,,GA,16195,179806,196001
13059,Clarke County,,GA,11824,90083,101907
13061,Clay County,,GA,260,3414,3674
13063,Clayton County,,GA,36544,242853,279397
13065,Clinch County,,GA,376,6673,7049
13067,Cobb County,,GA,77507,654798,732305
13069,Coffee County,,GA,2273,35913,38186
13071,Colquitt County,,GA,2372,42216,44588
13073,Columbia County,,GA,10296,112629,122925
13075,Cook County,,GA,1242,17016,18258
13077,Coweta County,,GA,7643,101545,109188
13079,Crawford County,,GA,845,10418,11263
13081,Crisp County,,GA,1409,22637,24046
13083,Dade County,,GA,1128,15485,16613
13085,Dawson County,,GA,1968,17666,19634
13087,Decatur County,,GA,1731,27485,29216
13089,DeKalb County,,GA,97153,669678,766831
13091,Dodge County,,GA,929,17701,18630
13093,Dooly County,,GA,904,13044,13948
13095,Dougherty County,,GA,8190,103807,111997
13097,Douglas County,,GA,11442,98789,110231
13099,Early County,,GA,766,12544,13310
13101,Echols County,,GA,266,2624,2890
13103,Effingham County,,GA,2711,40227,42938
13105,Elbert County,,GA,955,21265,22220
13107,Emanuel County,,GA,1437,24624,26061
13109,Evans County,,GA,707,10320,11027
13111,Fannin County,,GA,1044,20888,21932
13113,Fayette County,,GA,9660,105039,114699
13115,Floyd County,,GA,4844,94905,99749
13117,Forsyth County,,GA,11908,128174,140082
13119,Franklin County,,GA,1720,24970,26690
13121,Fulton County,,GA,111221,721526,832747
13123,Gilmer County,,GA,1479,24272,25751
13125,Glascock County,,GA,206,2791,2997
13127,Glynn County,,GA,5239,71997,77236
13129,Gordon County,,GA,3420,50216,53636
13131,Grady County,,GA,2178,27550,29728
13133,Greene County,,GA,928,16502,17430
13135,Gwinnett County,,GA,65601,647802,713403
13137,Habersham County,,GA,2303,36879,39182
13139,Hall County,,GA,10623,151042,161665
13141,Hancock County,,GA,464,9189,9653
13143,Haralson County,,GA,1716,25830,27546
13145,Harris County,,GA,2444,30013,32457
13147,Hart County,,GA,1223,23775,24998
13149,Heard County,,GA,965,10633,11598
13151,Henry County,,GA,12416,146425,158841
13153,Houston County,,GA,10545,129029,139574
13155,Irwin County,,GA,900,9723,10623
13157,Jackson County,,GA,3639,41120,44759
13159,Jasper County,,GA,1077,13949,15026
13161,Jeff Davis County,,GA,860,14193,15053
13163,Jefferson County,,GA,917,20465,21382
13165,Jenkins County,,GA,452,8067,8519
13167,Johnson County,,GA,421,7998,8419
13169,Jones County,,GA,1606,21108,22714
13171,Lamar County,,GA,1453,17321,18774
13173,Lanier County,,GA,859,6665,7524
13175,Laurens County,,GA,2092,49293,51385
13177,Lee County,,GA,2482,21615,24097
13179,Liberty County,,GA,16117,58734,74851
13181,Lincoln County,,GA,471,8864,9335
13183,Long County,,GA,1515,7473,8988
13185,Lowndes County,,GA,8772,83067,91839
13187,Lumpkin County,,GA,2040,19461,21501
13189,McDuffie County,,GA,1472,22975,24447
13191,McIntosh County,,GA,770,10579,11349
13193,Macon County,,GA,843,12028,12871
13195,Madison County,,GA,1891,26564,28455
13197,Marion County,,GA,426,5822,6248
13199,Meriwether County,,GA,1709,23495,25204
13201,Miller County,,GA,423,5731,6154
13205,Mitchell County,,GA,1532,23285,24817
13207,Monroe County,,GA,1387,20277,21664
13209,Montgomery County,,GA,763,9340,10103
13211,Morgan County,,GA,1161,16648,17809
13213,Murray County,,GA,3035,36755,39790
13215,Muscogee County,,GA,24794,200069,224863
13217,Newton County,,GA,5505,72904,78409
13219,Oconee County,,GA,2165,21580,23745
13221,Oglethorpe County,,GA,894,12908,13802
13223,Paulding County,,GA,7831,87185,95016
13225,Peach County,,GA,2336,24296,26632
13227,Pickens County,,GA,1791,25159,26950
13229,Pierce County,,GA,1191,15900,17091
13231,Pike County,,GA,1255,16741,17996
13233,Polk County,,GA,2155,37351,39506
13235,Pulaski County,,GA,539,9886,10425
13237,Putnam County,,GA,1362,19610,20972
13239,Quitman County,,GA,231,2406,2637
13241,Rabun County,,GA,885,15785,16670
13243,Randolph County,,GA,498,7718,8216
13245,Richmond County,,GA,20874,188351,209225
13247,Rockdale County,,GA,9279,70378,79657
13249,Schley County,,GA,290,3923,4213
13251,Screven County,,GA,850,15084,15934
13253,Seminole County,,GA,691,9613,10304
13255,Spalding County,,GA,5023,57357,62380
13257,Stephens County,,GA,1774,26060,27834
13259,Stewart County,,GA,350,5672,6022
13261,Sumter County,,GA,2162,33531,35693
13263,Talbot County,,GA,556,7491,8047
13265,Taliaferro County,,GA,128,1820,1948
13267,Tattnall County,,GA,1385,17668,19053
13269,Taylor County,,GA,384,9377,9761
13271,Telfair County,,GA,717,11523,12240
13273,Terrell County,,GA,825,11871,12696
13275,Thomas County,,GA,2892,38164,41056
13277,Tift County,,GA,2842,38986,41828
13279,Toombs County,,GA,1730,23715,25445
13281,Towns County,,GA,700,9549,10249
13283,Treutlen County,,GA,388,6143,6531
13285,Troup County,,GA,4117,62069,66186
13287,Turner County,,GA,639,9918,10557
13289,Twiggs County,,GA,572,9741,10313
13291,Union County,,GA,1121,17009,18130
13293,Upson County,,GA,1413,28840,30253
13295,Walker County,,GA,4909,64713,69622
13297,Walton County,,GA,3811,51950,55761
13299,Ware County,,GA,2357,32271,34628
13301,Warren County,,GA,464,6724,7188
13303,Washington County,,GA,990,21449,22439
13305,Wayne County,,GA,1541,25432,26973
13307,Webster County,,GA,159,2145,2304
13309,Wheeler County,,GA,368,4806,5174
13311,White County,,GA,1605,21564,23169
13313,Whitfield County,,GA,7467,97913,105380
13315,Wilcox County,,GA,570,7333,7903
13317,Wilkes County,,GA,597,11631,12228
13319,Wilkinson County,,GA,644,10704,11348
13321,Worth County,,GA,1487,18639,20126
15001,Hawaii County,,HI,6524,153832,160356
15003,Honolulu County,,HI,60446,988588,1049034
15005,Kalawao County,,HI,0,0,0
15007,Kauai County,,HI,2662,65563,68225
15009,Maui County,,HI,7277,145332,152609
16001,Ada County,,ID,23741,349599,373340
16003,Adams County,,ID,343,3818,4161
16005,Bannock County,,ID,6944,80672,87616
16007,Bear Lake County,,ID,563,7004,7567
16009,Benewah County,,ID,714,10036,10750
16011,Bingham County,,ID,3652,48065,51717
16013,Blaine County,,ID,1622,20590,22212
16015,Boise County,,ID,716,6275,6991
16017,Bonner County,,ID,2720,38855,41575
16019,Bonneville County,,ID,6800,91281,98081
16021,Boundary County,,ID,700,10212,10912
16023,Butte County,,ID,200,3021,3221
16025,Camas County,,ID,99,933,1032
16027,Canyon County,,ID,10384,142121,152505
16029,Caribou County,,ID,663,8125,8788
16031,Cassia County,,ID,2433,26609,29042
16033,Clark County,,ID,131,952,1083
16035,Clearwater County,,ID,892,8980,9872
16037,Custer County,,ID,493,4210,4703
16039,Elmore County,,ID,4590,27490,32080
16041,Franklin County,,ID,801,12782,13583
16043,Fremont County,,ID,1408,14333,15741
16045,Gem County,,ID,1523,15948,17471
16047,Gooding County,,ID,1372,14522,15894
16049,Idaho County,,ID,1072,15104,16176
16051,Jefferson County,,ID,1950,21567,23517
16053,Jerome County,,ID,2142,19537,21679
16055,Kootenai County,,ID,8457,118314,126771
16057,Latah County,,ID,4185,33292,37477
16059,Lemhi County,,ID,576,7797,8373
16061,Lewis County,,ID,297,4190,4487
16063,Lincoln County,,ID,566,5022,5588
16065,Madison County,,ID,2517,18823,21340
16067,Minidoka County,,ID,1613,16286,17899
16069,Nez Perce County,,ID,3175,39442,42617
16071,Oneida County,,ID,297,4447,4744
16073,Owyhee County,,ID,1271,9955,11226
16075,Payette County,,ID,1926,20953,22879
16077,Power County,,ID,684,7106,7790
16079,Shoshone County,,ID,1364,13052,14416
16081,Teton County,,ID,663,6923,7586
16083,Twin Falls County,,ID,5454,68960,74414
16085,Valley County,,ID,1028,8695,9723
16087,Washington County,,ID,832,9836,10668
17001,Adams County,,IL,3192,81435,84627
17003,Alexander County,,IL,684,9098,9782
17005,Bond County,,IL,1170,18711,19881
17007,Boone County,,IL,4149,53165,57314
17009,Brown County,,IL,392,5933,6325
17011,Bureau County,,IL,2434,43016,45450
17013,Calhoun County,,IL,281,5991,6272
17015,Carroll County,,IL,1180,20668,21848
17017,Cass County,,IL,1112,16787,17899
17019,Champaign County,,IL,14684,185121,199805
17021,Christian County,,IL,2282,45771,48053
17023,Clark County,,IL,1109,20184,21293
17025,Clay County,,IL,922,16720,17642
17027,Clinton County,,IL,2115,43998,46113
17029,Coles County,,IL,3721,53380,57101
17031,Cook County,,IL,276318,5936081,6212399
17033,Crawford County,,IL,1123,23429,24552
17035,Cumberland County,,IL,903,13255,14158
17037,DeKalb County,,IL,9017,99385,108402
17039,De Witt County,,IL,1362,20341,21703
17041,Douglas County,,IL,1563,26663,28226
17043,DuPage County,,IL,97196,1234000,1331196
17045,Edgar County,,IL,1144,22544,23688
17047,Edwards County,,IL,503,8614,9117
17049,Effingham County,,IL,2202,43478,45680
17051,Fayette County,,IL,1208,23944,25152
17053,Ford County,,IL,1368,17964,19332
17055,Franklin County,,IL,2076,44933,47009
17057,Fulton County,,IL,2282,44684,46966
17059,Gallatin County,,IL,444,6941,7385
17061,Greene County,,IL,889,17217,18106
17063,Grundy County,,IL,3692,51922,55614
17065,Hamilton County,,IL,466,8378,8844
17067,Hancock County,,IL,1477,24882,26359
17069,Hardin County,,IL,301,4780,5081
17071,Henderson County,,IL,617,10160,10777
17073,Henry County,,IL,4102,67103,71205
17075,Iroquois County,,IL,2358,39877,42235
17077,Jackson County,,IL,5792,53396,59188
17079,Jasper County,,IL,616,12708,13324
17081,Jefferson County,,IL,2338,42439,44777
17083,Jersey County,,IL,1551,28351,29902
17085,Jo Daviess County,,IL,1567,27820,29387
17087,Johnson County,,IL,807,12866,13673
17089,Kane County,,IL,31666,404982,436648
17091,Kankakee County,,IL,6094,120602,126696
17093,Kendall County,,IL,5654,68436,74090
17095,Knox County,,IL,3248,62810,66058
17097,Lake County,,IL,50252,753425,803677
17099,LaSalle County,,IL,6443,131714,138157
17101,Lawrence County,,IL,915,16888,17803
17103,Lee County,,IL,2442,43284,45726
17105,Livingston County,,IL,2421,43741,46162
17107,Logan County,,IL,2058,33525,35583
17109,McDonough County,,IL,2255,32158,34413
17111,McHenry County,,IL,19259,293761,313020
17113,McLean County,,IL,10133,170109,180242
17115,Macon County,,IL,7107,132657,139764
17117,Macoupin County,,IL,3158,55315,58473
17119,Madison County,,IL,14616,309396,324012
17121,Marion County,,IL,2644,47639,50283
17123,Marshall County,,IL,1180,18504,19684
17125,Mason County,,IL,1416,21957,23373
17127,Massac County,,IL,895,17318,18213
17129,Menard County,,IL,1017,15505,16522
17131,Mercer County,,IL,1292,21775,23067
17133,Monroe County,,IL,1654,36714,38368
17135,Montgomery County,,IL,1597,34767,36364
17137,Morgan County,,IL,2343,40646,42989
17139,Moultrie County,,IL,1048,15377,16425
17141,Ogle County,,IL,3983,62497,66480
17143,Peoria County,,IL,12986,210446,223432
17145,Perry County,,IL,1425,23583,25008
17147,Piatt County,,IL,1368,18408,19776
17149,Pike County,,IL,930,18730,19660
17151,Pope County,,IL,277,3969,4246
17153,Pulaski County,,IL,524,7372,7896
17155,Putnam County,,IL,431,6049,6480
17157,Randolph County,,IL,1904,35571,37475
17159,Richland County,,IL,1003,19386,20389
17161,Rock Island County,,IL,9647,172516,182163
17163,St. Clair County,,IL,17424,293574,310998
17165,Saline County,,IL,1443,27076,28519
17167,Sangamon County,,IL,10444,232355,242799
17169,Schuyler County,,IL,454,7963,8417
17171,Scott County,,IL,356,5714,6070
17173,Shelby County,,IL,1370,22778,24148
17175,Stark County,,IL,600,7860,8460
17177,Stephenson County,,IL,3209,60938,64147
17179,Tazewell County,,IL,9390,158366,167756
17181,Union County,,IL,939,19685,20624
17183,Vermilion County,,IL,4110,92608,96718
17185,Wabash County,,IL,725,14624,15349
17187,Warren County,,IL,1163,17155,18318
17189,Washington County,,IL,1009,18393,19402
17191,Wayne County,,IL,880,18723,19603
17193,White County,,IL,902,17504,18406
17195,Whiteside County,,IL,3717,72389,76106
17197,Will County,,IL,27422,507227,534649
17199,Williamson County,,IL,4019,67268,71287
17201,Winnebago County,,IL,14933,329040,343973
17203,Woodford County,,IL,2343,35940,38283
18001,Adams County,,IN,1812,41531,43343
18003,Allen County,,IN,18988,404035,423023
18005,Bartholomew County,,IN,6139,92974,99113
18007,Benton County,,IN,944,12186,13130
18009,Blackford County,,IN,1146,19711,20857
18011,Boone County,,IN,4193,62787,66980
18013,Brown County,,IN,1983,24003,25986
18015,Carroll County,,IN,2139,31360,33499
18017,Cass County,,IN,3090,48076,51166
18019,Clark County,,IN,8711,114351,123062
18021,Clay County,,IN,2396,34037,36433
18023,Clinton County,,IN,2390,38505,40895
18025,Crawford County,,IN,849,12492,13341
18027,Daviess County,,IN,1414,34177,35591
18029,Dearborn County,,IN,3971,62254,66225
18031,Decatur County,,IN,1913,34183,36096
18033,DeKalb County,,IN,3160,49366,52526
18035,Delaware County,,IN,7796,125067,132863
18037,Dubois County,,IN,2404,54582,56986
18039,Elkhart County,,IN,12123,218475,230598
18041,Fayette County,,IN,1683,29496,31179
18043,Floyd County,,IN,7084,81293,88377
18045,Fountain County,,IN,1478,23130,24608
18047,Franklin County,,IN,2436,38734,41170
18049,Fulton County,,IN,1845,25828,27673
18051,Gibson County,,IN,2200,40074,42274
18053,Grant County,,IN,4120,81361,85481
18055,Greene County,,IN,2315,36785,39100
18057,Hamilton County,,IN,18132,230895,249027
18059,Hancock County,,IN,5340,76171,81511
18061,Harrison County,,IN,2421,42616,45037
18063,Hendricks County,,IN,10153,134469,144622
18065,Henry County,,IN,3091,60575,63666
18067,Howard County,,IN,5644,106571,112215
18069,Huntington County,,IN,2353,49044,51397
18071,Jackson County,,IN,2772,44473,47245
18073,Jasper County,,IN,2505,39561,42066
18075,Jay County,,IN,1488,24915,26403
18077,Jefferson County,,IN,2115,38785,40900
18079,Jennings County,,IN,2128,31150,33278
18081,Johnson County,,IN,11687,139705,151392
18083,Knox County,,IN,2088,41431,43519
18085,Kosciusko County,,IN,5201,90556,95757
18087,LaGrange County,,IN,2572,42253,44825
18089,Lake County,,IN,26896,559227,586123
18091,LaPorte County,,IN,5869,128716,134585
18093,Lawrence County,,IN,2398,54376,56774
18095,Madison County,,IN,7572,152337,159909
18097,Marion County,,IN,69672,948379,1018051
18099,Marshall County,,IN,3521,54732,58253
18101,Martin County,,IN,663,11964,12627
18103,Miami County,,IN,2785,39646,42431
18105,Monroe County,,IN,11537,106148,117685
18107,Montgomery County,,IN,2405,40765,43170
18109,Morgan County,,IN,4977,68849,73826
18111,Newton County,,IN,1113,13173,14286
18113,Noble County,,IN,3945,53967,57912
18115,Ohio County,,IN,605,6665,7270
18117,Orange County,,IN,1147,20689,21836
18119,Owen County,,IN,1630,22425,24055
18121,Parke County,,IN,1148,16762,17910
18123,Perry County,,IN,1049,21193,22242
18125,Pike County,,IN,771,13145,13916
18127,Porter County,,IN,10721,161904,172625
18129,Posey County,,IN,2145,35704,37849
18131,Pulaski County,,IN,1179,16653,17832
18133,Putnam County,,IN,2684,38184,40868
18135,Randolph County,,IN,1994,31428,33422
18137,Ripley County,,IN,1372,18440,19812
18139,Rush County,,IN,1339,18947,20286
18141,St. Joseph County,,IN,16614,295458,312072
18143,Scott County,,IN,1627,25837,27464
18145,Shelby County,,IN,3288,45751,49039
18147,Spencer County,,IN,1610,23050,24660
18149,Starke County,,IN,1798,25291,27089
18151,Steuben County,,IN,2969,37819,40788
18153,Sullivan County,,IN,1329,22871,24200
18155,Switzerland County,,IN,744,7626,8370
18157,Tippecanoe County,,IN,13094,141578,154672
18159,Tipton County,,IN,1184,17724,18908
18161,Union County,,IN,299,4411,4710
18163,Vanderburgh County,,IN,10745,190631,201376
18165,Vermillion County,,IN,1283,19401,20684
18167,Vigo County,,IN,6859,109686,116545
18169,Wabash County,,IN,2119,39061,41180
18171,Warren County,,IN,565,9037,9602
18173,Warrick County,,IN,4634,60836,65470
18175,Washington County,,IN,1531,30866,32397
18177,Wayne County,,IN,4072,79638,83710
18179,Wells County,,IN,1703,29960,31663
18181,White County,,IN,2056,26080,28136
18183,Whitley County,,IN,2321,38236,40557
19001,Adair County,,IA,656,10993,11649
19003,Adams County,,IA,300,5568,5868
19005,Allamakee County,,IA,879,16993,17872
19007,Appanoose County,,IA,907,14490,15397
19009,Audubon County,,IA,436,8776,9212
19011,Benton County,,IA,1978,33861,35839
19013,Black Hawk County,,IA,8412,138483,146895
19015,Boone County,,IA,2519,37006,39525
19017,Bremer County,,IA,1617,25844,27461
19019,Buchanan County,,IA,1496,25524,27020
19021,Buena Vista County,,IA,1843,22283,24126
19023,Butler County,,IA,970,18630,19600
19025,Calhoun County,,IA,915,13620,14535
19027,Carroll County,,IA,1356,26927,28283
19029,Cass County,,IA,954,16028,16982
19031,Cedar County,,IA,1535,23839,25374
19033,Cerro Gordo County,,IA,3155,55470,58625
19035,Cherokee County,,IA,1029,16877,17906
19037,Chickasaw County,,IA,909,15947,16856
19039,Clarke County,,IA,878,10556,11434
19041,Clay County,,IA,1473,20965,22438
19043,Clayton County,,IA,1231,23127,24358
19045,Clinton County,,IA,2949,59661,62610
19047,Crawford County,,IA,1148,18913,20061
19049,Dallas County,,IA,4717,49893,54610
19051,Davis County,,IA,591,10361,10952
19053,Decatur County,,IA,696,8113,8809
19055,Delaware County,,IA,1033,21354,22387
19057,Des Moines County,,IA,2769,49498,52267
19059,Dickinson County,,IA,1452,20008,21460
19061,Dubuque County,,IA,4572,108180,112752
19063,Emmet County,,IA,759,12333,13092
19065,Fayette County,,IA,1423,23542,24965
19067,Floyd County,,IA,996,18349,19345
19069,Franklin County,,IA,828,14551,15379
19071,Fremont County,,IA,816,10301,11117
19073,Greene County,,IA,703,11709,12412
19075,Grundy County,,IA,890,15130,16020
19077,Guthrie County,,IA,931,11893,12824
19079,Hamilton County,,IA,1134,18777,19911
19081,Hancock County,,IA,799,14029,14828
19083,Hardin County,,IA,1273,19239,20512
19085,Harrison County,,IA,1174,18248,19422
19087,Henry County,,IA,1569,23230,24799
19089,Howard County,,IA,640,13239,13879
19091,Humboldt County,,IA,748,12770,13518
19093,Ida County,,IA,534,8936,9470
19095,Iowa County,,IA,1165,19630,20795
19097,Jackson County,,IA,1225,22748,23973
19099,Jasper County,,IA,2530,44466,46996
19101,Jefferson County,,IA,1313,17457,18770
19103,Johnson County,,IA,11862,115119,126981
19105,Jones County,,IA,1163,21811,22974
19107,Keokuk County,,IA,663,13497,14160
19109,Kossuth County,,IA,967,20941,21908
19111,Lee County,,IA,2416,41895,44311
19113,Linn County,,IA,12151,225734,237885
19115,Louisa County,,IA,1040,15460,16500
19117,Lucas County,,IA,650,10250,10900
19119,Lyon County,,IA,780,14915,15695
19121,Madison County,,IA,1149,16819,17968
19123,Mahaska County,,IA,1829,27630,29459
19125,Marion County,,IA,2169,35491,37660
19127,Marshall County,,IA,2508,47274,49782
19129,Mills County,,IA,1085,16398,17483
19131,Mitchell County,,IA,531,12550,13081
19133,Monona County,,IA,688,11532,12220
19135,Monroe County,,IA,605,8984,9589
19137,Montgomery County,,IA,973,13475,14448
19139,Muscatine County,,IA,2877,47950,50827
19141,O'Brien County,,IA,1087,17546,18633
19143,Osceola County,,IA,437,6996,7433
19145,Page County,,IA,1171,16250,17421
19147,Palo Alto County,,IA,788,11066,11854
19149,Plymouth County,,IA,1565,28587,30152
19151,Pocahontas County,,IA,602,9906,10508
19153,Polk County,,IA,24997,439821,464818
19155,Pottawattamie County,,IA,6042,98618,104660
19157,Poweshiek County,,IA,1369,20617,21986
19159,Ringgold County,,IA,375,5408,5783
19161,Sac County,,IA,784,12663,13447
19163,Scott County,,IA,11232,182014,193246
19165,Shelby County,,IA,803,15507,16310
19167,Sioux County,,IA,1764,37100,38864
19169,Story County,,IA,7935,72901,80836
19171,Tama County,,IA,1129,18381,19510
19173,Taylor County,,IA,561,7762,8323
19175,Union County,,IA,859,13249,14108
19177,Van Buren County,,IA,451,8813,9264
19179,Wapello County,,IA,2748,37278,40026
19181,Warren County,,IA,3162,42291,45453
19183,Washington County,,IA,1444,23530,24974
19185,Wayne County,,IA,481,7109,7590
19187,Webster County,,IA,2411,42921,45332
19189,Winnebago County,,IA,849,13590,14439
19191,Winneshiek County,,IA,1153,21517,22670
19193,Woodbury County,,IA,7699,117145,124844
19195,Worth County,,IA,583,8875,9458
19197,Wright County,,IA,1023,15598,16621
20001,Allen County,,KS,1027,15674,16701
20003,Anderson County,,KS,725,10078,10803
20005,Atchison County,,KS,1177,19294,20471
20007,Barber County,,KS,377,5995,6372
20009,Barton County,,KS,2010,30990,33000
20011,Bourbon County,,KS,1151,17553,18704
20013,Brown County,,KS,997,12661,13658
20015,Butler County,,KS,4915,66944,71859
20017,Chase County,,KS,255,3259,3514
20019,Chautauqua County,,KS,395,5272,5667
20021,Cherokee County,,KS,1839,25135,26974
20023,Cheyenne County,,KS,233,3645,3878
20025,Clark County,,KS,203,2640,2843
20027,Clay County,,KS,782,11588,12370
20029,Cloud County,,KS,871,10509,11380
20031,Coffey County,,KS,745,11024,11769
20033,Comanche County,,KS,132,2166,2298
20035,Cowley County,,KS,2588,38271,40859
20037,Crawford County,,KS,2884,36035,38919
20039,Decatur County,,KS,282,4175,4457
20041,Dickinson County,,KS,1760,22427,24187
20043,Doniphan County,,KS,594,8734,9328
20045,Douglas County,,KS,10358,96866,107224
20047,Edwards County,,KS,330,3840,4170
20049,Elk County,,KS,225,2924,3149
20051,Ellis County,,KS,2429,29971,32400
20053,Ellsworth County,,KS,491,7391,7882
20055,Finney County,,KS,4933,41688,46621
20057,Ford County,,KS,3211,32408,35619
20059,Franklin County,,KS,2037,27537,29574
20061,Geary County,,KS,11896,34768,46664
20063,Gove County,,KS,242,4096,4338
20065,Graham County,,KS,242,3718,3960
20067,Grant County,,KS,733,8976,9709
20069,Gray County,,KS,516,7291,7807
20071,Greeley County,,KS,197,1682,1879
20073,Greenwood County,,KS,686,7981,8667
20075,Hamilton County,,KS,270,2768,3038
20077,Harper County,,KS,493,6961,7454
20079,Harvey County,,KS,2599,39593,42192
20081,Haskell County,,KS,478,4334,4812
20083,Hodgeman County,,KS,144,2397,2541
20085,Jackson County,,KS,1011,16046,17057
20087,Jefferson County,,KS,1521,20376,21897
20089,Jewell County,,KS,312,4466,4778
20091,Johnson County,,KS,38491,545459,583950
20093,Kearny County,,KS,573,4622,5195
20095,Kingman County,,KS,771,10447,11218
20097,Kiowa County,,KS,351,3508,3859
20099,Labette County,,KS,1427,24786,26213
20101,Lane County,,KS,210,2550,2760
20103,Leavenworth County,,KS,9982,71670,81652
20105,Lincoln County,,KS,327,4437,4764
20107,Linn County,,KS,752,9590,10342
20109,Logan County,,KS,311,3666,3977
20111,Lyon County,,KS,3491,37842,41333
20113,McPherson County,,KS,2132,33680,35812
20115,Marion County,,KS,843,14154,14997
20117,Marshall County,,KS,759,13202,13961
20119,Meade County,,KS,407,5237,5644
20121,Miami County,,KS,2064,27356,29420
20123,Mitchell County,,KS,498,8014,8512
20125,Montgomery County,,KS,2822,38000,40822
20127,Morris County,,KS,487,7430,7917
20129,Morton County,,KS,413,3962,4375
20131,Nemaha County,,KS,585,11675,12260
20133,Neosho County,,KS,1327,17408,18735
20135,Ness County,,KS,235,4025,4260
20137,Norton County,,KS,385,5840,6225
20139,Osage County,,KS,1599,19432,21031
20141,Osborne County,,KS,310,5025,5335
20143,Ottawa County,,KS,609,9473,10082
20145,Pawnee County,,KS,516,7326,7842
20147,Phillips County,,KS,427,7253,7680
20149,Pottawatomie County,,KS,2431,25195,27626
20151,Pratt County,,KS,829,10696,11525
20153,Rawlins County,,KS,199,3312,3511
20155,Reno County,,KS,4251,71029,75280
20157,Republic County,,KS,490,6425,6915
20159,Rice County,,KS,847,10674,11521
20161,Riley County,,KS,7518,40804,48322
20163,Rooks County,,KS,416,6335,6751
20165,Rush County,,KS,287,4151,4438
20167,Russell County,,KS,572,7514,8086
20169,Saline County,,KS,4279,58520,62799
20171,Scott County,,KS,532,5770,6302
20173,Sedgwick County,,KS,26373,511979,538352
20175,Seward County,,KS,2580,22028,24608
20177,Shawnee County,,KS,10890,189872,200762
20179,Sheridan County,,KS,228,3258,3486
20181,Sherman County,,KS,785,6630,7415
20183,Smith County,,KS,256,4678,4934
20185,Stafford County,,KS,395,5041,5436
20187,Stanton County,,KS,223,2572,2795
20189,Stevens County,,KS,588,5623,6211
20191,Sumner County,,KS,2000,25422,27422
20193,Thomas County,,KS,804,8552,9356
20195,Trego County,,KS,281,3474,3755
20197,Wabaunsee County,,KS,551,6925,7476
20199,Wallace County,,KS,135,1984,2119
20201,Washington County,,KS,399,7416,7815
20203,Wichita County,,KS,221,2805,3026
20205,Wilson County,,KS,843,10143,10986
20207,Woodson County,,KS,300,3590,3890
20209,Wyandotte County,,KS,14081,152424,166505
21001,Adair County,,KY,940,17688,18628
21003,Allen County,,KY,1705,25247,26952
21005,Anderson County,,KY,1906,28592,30498
21007,Ballard County,,KY,565,9743,10308
21009,Barren County,,KY,2372,44642,47014
21011,Bath County,,KY,750,13325,14075
21013,Bell County,,KY,1379,25746,27125
21015,Boone County,,KY,11101,111867,122968
21017,Bourbon County,,KY,1753,23382,25135
21019,Boyd County,,KY,3231,55195,58426
21021,Boyle County,,KY,2282,29763,32045
21023,Bracken County,,KY,741,10527,11268
21025,Breathitt County,,KY,889,16096,16985
21027,Breckinridge County,,KY,1269,24503,25772
21029,Bullitt County,,KY,5776,77828,83604
21031,Butler County,,KY,739,13982,14721
21033,Caldwell County,,KY,855,15046,15901
21035,Calloway County,,KY,2313,33694,36007
21037,Campbell County,,KY,7104,98080,105184
21039,Carlisle County,,KY,422,6373,6795
21041,Carroll County,,KY,886,12011,12897
21043,Carter County,,KY,1189,29883,31072
21045,Casey County,,KY,889,17781,18670
21047,Christian County,,KY,19088,78044,97132
21049,Clark County,,KY,2708,38601,41309
21051,Clay County,,KY,734,18312,19046
21053,Clinton County,,KY,490,10360,10850
21055,Crittenden County,,KY,511,9319,9830
21057,Cumberland County,,KY,358,7174,7532
21059,Daviess County,,KY,4783,106748,111531
21061,Edmonson County,,KY,807,13720,14527
21063,Elliott County,,KY,267,5586,5853
21065,Estill County,,KY,919,18755,19674
21067,Fayette County,,KY,22878,271151,294029
21069,Fleming County,,KY,754,15567,16321
21071,Floyd County,,KY,1749,39424,41173
21073,Franklin County,,KY,3484,52704,56188
21075,Fulton County,,KY,864,7982,8846
21077,Gallatin County,,KY,653,5629,6282
21079,Garrard County,,KY,1578,20124,21702
21081,Grant County,,KY,2336,24222,26558
21083,Graves County,,KY,2152,40666,42818
21085,Grayson County,,KY,1184,22164,23348
21087,Green County,,KY,831,13975,14806
21089,Greenup County,,KY,2420,37682,40102
21091,Hancock County,,KY,645,9071,9716
21093,Hardin County,,KY,13059,106675,119734
21095,Harlan County,,KY,1045,27760,28805
21097,Harrison County,,KY,1336,18600,19936
21099,Hart County,,KY,903,15957,16860
21101,Henderson County,,KY,2561,51607,54168
21103,Henry County,,KY,1341,16519,17860
21105,Hickman County,,KY,249,4578,4827
21107,Hopkins County,,KY,2436,50247,52683
21109,Jackson County,,KY,576,12991,13567
21111,Jefferson County,,KY,38284,799469,837753
21113,Jessamine County,,KY,4029,41353,45382
21115,Johnson County,,KY,1162,20861,22023
21117,Kenton County,,KY,15527,165852,181379
21119,Knott County,,KY,737,15423,16160
21121,Knox County,,KY,1776,31796,33572
21123,Larue County,,KY,981,13195,14176
21125,Laurel County,,KY,2826,54382,57208
21127,Lawrence County,,KY,786,13906,14692
21129,Lee County,,KY,334,6083,6417
21131,Leslie County,,KY,485,11333,11818
21133,Letcher County,,KY,883,23915,24798
21135,Lewis County,,KY,666,13189,13855
21137,Lincoln County,,KY,1511,23598,25109
21139,Livingston County,,KY,723,9894,10617
21141,Logan County,,KY,1494,29349,30843
21143,Lyon County,,KY,689,7457,8146
21145,McCracken County,,KY,4919,70787,75706
21147,McCreary County,,KY,610,14783,15393
21149,McLean County,,KY,577,10764,11341
21151,Madison County,,KY,5711,64978,70689
21153,Magoffin County,,KY,401,10760,11161
21155,Marion County,,KY,830,19822,20652
21157,Marshall County,,KY,2001,31965,33966
21159,Martin County,,KY,589,10218,10807
21161,Mason County,,KY,1122,17787,18909
21163,Meade County,,KY,1975,25341,27316
21165,Menifee County,,KY,446,6148,6594
21167,Mercer County,,KY,1415,22920,24335
21169,Metcalfe County,,KY,606,8308,8914
21171,Monroe County,,KY,436,10302,10738
21173,Montgomery County,,KY,1683,22497,24180
21175,Morgan County,,KY,541,12398,12939
21177,Muhlenberg County,,KY,1396,34506,35902
21179,Nelson County,,KY,2388,46546,48934
21181,Nicholas County,,KY,289,5347,5636
21183,Ohio County,,KY,1228,24507,25735
21185,Oldham County,,KY,3954,48362,52316
21187,Owen County,,KY,670,10019,10689
21189,Owsley County,,KY,186,3432,3618
21191,Pendleton County,,KY,1231,15393,16624
21193,Perry County,,KY,1293,26340,27633
21195,Pike County,,KY,2455,59888,62343
21197,Powell County,,KY,1028,12699,13727
21199,Pulaski County,,KY,2701,57120,59821
21201,Robertson County,,KY,141,1953,2094
21203,Rockcastle County,,KY,741,14813,15554
21205,Rowan County,,KY,1693,17551,19244
21207,Russell County,,KY,723,15710,16433
21209,Scott County,,KY,2785,33699,36484
21211,Shelby County,,KY,2574,36064,38638
21213,Simpson County,,KY,1372,18565,19937
21215,Spencer County,,KY,908,12291,13199
21217,Taylor County,,KY,1135,21903,23038
21219,Todd County,,KY,853,10647,11500
21221,Trigg County,,KY,946,13600,14546
21223,Trimble County,,KY,577,9096,9673
21225,Union County,,KY,884,16265,17149
21227,Warren County,,KY,6568,90190,96758
21229,Washington County,,KY,561,10808,11369
21231,Wayne County,,KY,644,18882,19526
21233,Webster County,,KY,1004,15168,16172
21235,Whitley County,,KY,1931,30585,32516
21237,Wolfe County,,KY,285,3399,3684
21239,Woodford County,,KY,2056,23915,25971
22001,Acadia Parish,,LA,3237,67395,70632
22003,Allen Parish,,LA,1529,23243,24772
22005,Ascension Parish,,LA,5323,89979,95302
22007,Assumption Parish,,LA,1734,30412,32146
22009,Avoyelles Parish,,LA,1707,42517,44224
22011,Beauregard Parish,,LA,2829,31456,34285
22013,Bienville Parish,,LA,1181,16955,18136
22015,Bossier Parish,,LA,12683,107786,120469
22017,Caddo Parish,,LA,17267,262278,279545
22019,Calcasieu Parish,,LA,10181,204916,215097
22021,Caldwell Parish,,LA,674,11025,11699
22023,Cameron Parish,,LA,610,8734,9344
22025,Catahoula Parish,,LA,643,11015,11658
22027,Claiborne Parish,,LA,897,15615,16512
22029,Concordia Parish,,LA,1330,20305,21635
22031,De Soto Parish,,LA,1808,28011,29819
22033,East Baton Rouge Parish,,LA,27542,419281,446823
22035,East Carroll Parish,,LA,626,8049,8675
22037,East Feliciana Parish,,LA,1380,20182,21562
22039,Evangeline Parish,,LA,1693,32669,34362
22041,Franklin Parish,,LA,1253,21956,23209
22043,Grant Parish,,LA,1742,21162,22904
22045,Iberia Parish,,LA,4228,83070,87298
22047,Iberville Parish,,LA,2010,34718,36728
22049,Jackson Parish,,LA,1982,24085,26067
22051,Jefferson Parish,,LA,33538,489469,523007
22053,Jefferson Davis Parish,,LA,1942,31064,33006
22055,Lafayette Parish,,LA,14320,207556,221876
22057,Lafourche Parish,,LA,5139,107829,112968
22059,La Salle Parish,,LA,716,14103,14819
22061,Lincoln Parish,,LA,2955,30387,33342
22063,Livingston Parish,,LA,6187,104618,110805
22065,Madison Parish,,LA,940,12680,13620
22067,Morehouse Parish,,LA,1921,32913,34834
22069,Natchitoches Parish,,LA,2570,37811,40381
22071,Orleans Parish,,LA,32896,453270,486166
22073,Ouachita Parish,,LA,8758,155560,164318
22075,Plaquemines Parish,,LA,2351,28844,31195
22077,Pointe Coupee Parish,,LA,1346,23412,24758
22079,Rapides Parish,,LA,7013,136121,143134
22081,Red River Parish,,LA,503,8843,9346
22083,Richland Parish,,LA,1453,20230,21683
22085,Sabine Parish,,LA,1190,23352,24542
22087,St. Bernard Parish,,LA,3483,73032,76515
22089,St. Charles Parish,,LA,4045,58607,62652
22091,St. Helena Parish,,LA,984,14652,15636
22093,St. James Parish,,LA,1081,26079,27160
22095,St. John the Baptist Parish,,LA,2960,43668,46628
22097,St. Landry Parish,,LA,4003,81565,85568
22099,St. Martin Parish,,LA,2700,51878,54578
22101,St. Mary Parish,,LA,3343,56906,60249
22103,St. Tammany Parish,,LA,13123,210924,224047
22105,Tangipahoa Parish,,LA,5819,92722,98541
22107,Tensas Parish,,LA,434,6047,6481
22109,Terrebonne Parish,,LA,5392,105073,110465
22111,Union Parish,,LA,1500,21755,23255
22113,Vermilion Parish,,LA,2577,58128,60705
22115,Vernon Parish,,LA,11626,49166,60792
22117,Washington Parish,,LA,2115,41832,43947
22119,Webster Parish,,LA,2574,41779,44353
22121,West Baton Rouge Parish,,LA,1947,24045,25992
22123,West Carroll Parish,,LA,798,12546,13344
22125,West Feliciana Parish,,LA,751,10492,11243
22127,Winn Parish,,LA,884,13774,14658
23001,Androscoggin County,,ME,6041,115046,121087
23003,Aroostook County,,ME,3121,81189,84310
23005,Cumberland County,,ME,19176,310662,329838
23007,Franklin County,,ME,1771,31478,33249
23009,Hancock County,,ME,3392,58116,61508
23011,Kennebec County,,ME,6563,140691,147254
23013,Knox County,,ME,2268,45443,47711
23015,Lincoln County,,ME,2226,40142,42368
23017,Oxford County,,ME,2997,60359,63356
23019,Penobscot County,,ME,8385,161372,169757
23021,Piscataquis County,,ME,1113,18654,19767
23023,Sagadahoc County,,ME,3886,40025,43911
23025,Somerset County,,ME,2752,48484,51236
23027,Waldo County,,ME,2292,41171,43463
23029,Washington County,,ME,1794,36708,38502
23031,York County,,ME,11984,221478,233462
24001,Allegany County,,MD,3200,77833,81033
24003,Anne Arundel County,,MD,45551,583946,629497
24005,Baltimore County,,MD,62192,904659,966851
24009,Calvert County,,MD,5353,90126,95479
24011,Caroline County,,MD,2375,34747,37122
24013,Carroll County,,MD,10309,202977,213286
24015,Cecil County,,MD,5586,100787,106373
24017,Charles County,,MD,11407,150052,161459
24019,Dorchester County,,MD,1767,33599,35366
24021,Frederick County,,MD,15151,237630,252781
24023,Garrett County,,MD,1244,33124,34368
24025,Harford County,,MD,15814,264933,280747
24027,Howard County,,MD,27457,278913,306370
24029,Kent County,,MD,1328,25795,27123
24031,Montgomery County,,MD,75794,1031741,1107535
24033,Prince George's County,,MD,73917,895943,969860
24035,Queen Anne's County,,MD,2931,42982,45913
24037,St. Mary's County,,MD,7120,99259,106379
24039,Somerset County,,MD,1317,21328,22645
24041,Talbot County,,MD,2682,39245,41927
24043,Washington County,,MD,7272,150896,158168
24045,Wicomico County,,MD,5897,91753,97650
24047,Worcester County,,MD,4387,57169,61556
24510,Baltimore city,,MD,48489,582906,631395
25001,Barnstable County,,MA,13008,264082,277090
25003,Berkshire County,,MA,6062,153189,159251
25005,Bristol County,,MA,23834,613197,637031
25007,Dukes County,,MA,1072,17522,18594
25009,Essex County,,MA,43651,831797,875448
25011,Franklin County,,MA,4664,80991,85655
25013,Hampden County,,MA,17385,512006,529391
25015,Hampshire County,,MA,11145,157494,168639
25017,Middlesex County,,MA,122979,1676895,1799874
25019,Nantucket County,,MA,863,10697,11560
25021,Norfolk County,,MA,57275,739757,797032
25023,Plymouth County,,MA,27696,556833,584529
25025,Suffolk County,,MA,80701,676197,756898
25027,Worcester County,,MA,36814,880349,917163
26001,Alcona County,,MI,1140,15316,16456
26003,Alger County,,MI,641,10852,11493
26005,Allegan County,,MI,9070,141195,150265
26007,Alpena County,,MI,1869,39580,41449
26009,Antrim County,,MI,2395,35250,37645
26011,Arenac County,,MI,1381,22378,23759
26013,Baraga County,,MI,513,9638,10151
26015,Barry County,,MI,4600,75495,80095
26017,Bay County,,MI,5989,138130,144119
26019,Benzie County,,MI,1501,22363,23864
26021,Berrien County,,MI,10026,187499,197525
26023,Branch County,,MI,3313,54728,58041
26025,Calhoun County,,MI,8019,152304,160323
26027,Cass County,,MI,3922,57772,61694
26029,Charlevoix County,,MI,1977,25996,27973
26031,Cheboygan County,,MI,1993,36547,38540
26033,Chippewa County,,MI,2144,38498,40642
26035,Clare County,,MI,2590,40568,43158
26037,Clinton County,,MI,7232,103204,110436
26039,Crawford County,,MI,1363,18535,19898
26041,Delta County,,MI,1771,45665,47436
26043,Dickinson County,,MI,1520,32345,33865
26045,Eaton County,,MI,11375,125929,137304
26047,Emmet County,,MI,2096,33062,35158
26049,Genesee County,,MI,21786,523999,545785
26051,Gladwin County,,MI,1736,25387,27123
26053,Gogebic County,,MI,1054,17310,18364
26055,Grand Traverse County,,MI,6154,100690,106844
26057,Gratiot County,,MI,3395,56861,60256
26059,Hillsdale County,,MI,3087,54894,57981
26061,Houghton County,,MI,2149,35237,37386
26063,Huron County,,MI,1952,46916,48868
26065,Ingham County,,MI,25059,269617,294676
26067,Ionia County,,MI,4075,65340,69415
26069,Iosco County,,MI,2253,29842,32095
26071,Iron County,,MI,675,13916,14591
26073,Isabella County,,MI,4976,59778,64754
26075,Jackson County,,MI,7678,181349,189027
26077,Kalamazoo County,,MI,16236,265048,281284
26079,Kalkaska County,,MI,1098,13227,14325
26081,Kent County,,MI,35041,675787,710828
26083,Keweenaw County,,MI,157,2169,2326
26085,Lake County,,MI,1222,13612,14834
26087,Lapeer County,,MI,6593,111618,118211
26089,Leelanau County,,MI,1328,18459,19787
26091,Lenawee County,,MI,5477,110896,116373
26093,Livingston County,,MI,12430,202701,215131
26095,Luce County,,MI,478,6606,7084
26097,Mackinac County,,MI,1206,14208,15414
26099,Macomb County,,MI,44228,981930,1026158
26101,Manistee County,,MI,1513,28492,30005
26103,Marquette County,,MI,3617,69620,73237
26105,Mason County,,MI,1655,32730,34385
26107,Mecosta County,,MI,3656,46116,49772
26109,Menominee County,,MI,1461,28249,29710
26111,Midland County,,MI,5802,90365,96167
26113,Missaukee County,,MI,1164,16769,17933
26115,Monroe County,,MI,9449,184602,194051
26117,Montcalm County,,MI,4105,49813,53918
26119,Montmorency County,,MI,839,10678,11517
26121,Muskegon County,,MI,7595,196882,204477
26123,Newaygo County,,MI,3362,52785,56147
26125,Oakland County,,MI,92452,1412977,1505429
26127,Oceana County,,MI,1405,22743,24148
26129,Ogemaw County,,MI,1418,21297,22715
26131,Ontonagon County,,MI,462,8553,9015
26133,Osceola County,,MI,1586,20360,21946
26135,Oscoda County,,MI,556,6873,7429
26137,Otsego County,,MI,1658,25555,27213
26139,Ottawa County,,MI,16400,274048,290448
26141,Presque Isle County,,MI,826,14140,14966
26143,Roscommon County,,MI,1626,24047,25673
26145,Saginaw County,,MI,10083,241542,251625
26147,St. Clair County,,MI,9070,196330,205400
26149,St. Joseph County,,MI,4118,68319,72437
26151,Sanilac County,,MI,2902,52006,54908
26153,Schoolcraft County,,MI,424,9470,9894
26155,Shiawassee County,,MI,4254,71824,76078
26157,Tuscola County,,MI,3553,59784,63337
26159,Van Buren County,,MI,5061,68672,73733
26161,Washtenaw County,,MI,30702,315627,346329
26163,Wayne County,,MI,95307,2109624,2204931
26165,Wexford County,,MI,2392,32692,35084
27001,Aitkin County,,MN,941,16522,17463
27003,Anoka County,,MN,28045,371277,399322
27005,Becker County,,MN,1935,40282,42217
27007,Beltrami County,,MN,2666,44297,46963
27009,Benton County,,MN,5157,52246,57403
27011,Big Stone County,,MN,305,7243,7548
27013,Blue Earth County,,MN,5253,61467,66720
27015,Brown County,,MN,1577,34043,35620
27017,Carlton County,,MN,1906,38592,40498
27019,Carver County,,MN,7017,92525,99542
27021,Cass County,,MN,2831,37948,40779
27023,Chippewa County,,MN,1016,18059,19075
27025,Chisago County,,MN,3934,60294,64228
27027,Clay County,,MN,4024,54113,58137
27029,Clearwater County,,MN,471,8356,8827
27031,Cook County,,MN,390,6015,6405
27033,Cottonwood County,,MN,763,14762,15525
27035,Crow Wing County,,MN,3407,56962,60369
27037,Dakota County,,MN,36227,446387,482614
27039,Dodge County,,MN,1586,26042,27628
27041,Douglas County,,MN,2158,42568,44726
27043,Faribault County,,MN,989,20308,21297
27045,Fillmore County,,MN,1277,26509,27786
27047,Freeborn County,,MN,2088,38414,40502
27049,Goodhue County,,MN,2959,52267,55226
27051,Grant County,,MN,495,8220,8715
27053,Hennepin County,,MN,101809,1269776,1371585
27055,Houston County,,MN,1264,24906,26170
27057,Hubbard County,,MN,1169,15926,17095
27059,Isanti County,,MN,2960,39472,42432
27061,Itasca County,,MN,2286,50232,52518
27063,Jackson County,,MN,662,13029,13691
27065,Kanabec County,,MN,1182,17012,18194
27067,Kandiyohi County,,MN,3225,51530,54755
27069,Kittson County,,MN,312,6068,6380
27071,Koochiching County,,MN,875,16472,17347
27073,Lac qui Parle County,,MN,427,9059,9486
27075,Lake County,,MN,700,14083,14783
27077,Lake of the Woods County,,MN,325,4594,4919
27079,Le Sueur County,,MN,2372,34682,37054
27081,Lincoln County,,MN,436,6930,7366
27083,Lyon County,,MN,2336,30500,32836
27085,McLeod County,,MN,2821,44802,47623
27087,Mahnomen County,,MN,361,4720,5081
27089,Marshall County,,MN,918,12492,13410
27091,Martin County,,MN,1352,26485,27837
27093,Meeker County,,MN,1527,27674,29201
27095,Mille Lacs County,,MN,1756,23339,25095
27097,Morrison County,,MN,1894,38511,40405
27099,Mower County,,MN,2542,45068,47610
27101,Murray County,,MN,565,11729,12294
27103,Nicollet County,,MN,3086,30008,33094
27105,Nobles County,,MN,1653,23948,25601
27107,Norman County,,MN,478,8941,9419
27109,Olmsted County,,MN,9515,153488,163003
27111,Otter Tail County,,MN,3187,63580,66767
27113,Pennington County,,MN,1014,15093,16107
27115,Pine County,,MN,1860,26983,28843
27117,Pipestone County,,MN,718,10736,11454
27119,Polk County,,MN,2216,33770,35986
27121,Pope County,,MN,782,12463,13245
27123,Ramsey County,,MN,55556,554785,610341
27125,Red Lake County,,MN,286,4577,4863
27127,Redwood County,,MN,1204,20882,22086
27129,Renville County,,MN,1206,19938,21144
27131,Rice County,,MN,3655,58948,62603
27133,Rock County,,MN,639,11845,12484
27135,Roseau County,,MN,985,20044,21029
27137,St. Louis County,,MN,10079,218696,228775
27139,Scott County,,MN,8135,108186,116321
27141,Sherburne County,,MN,6132,72548,78680
27143,Sibley County,,MN,1013,14864,15877
27145,Stearns County,,MN,10330,141113,151443
27147,Steele County,,MN,2728,39766,42494
27149,Stevens County,,MN,770,9877,10647
27151,Swift County,,MN,672,11789,12461
27153,Todd County,,MN,1712,24488,26200
27155,Traverse County,,MN,249,4341,4590
27157,Wabasha County,,MN,1452,25666,27118
27159,Wadena County,,MN,852,12037,12889
27161,Waseca County,,MN,1460,21996,23456
27163,Washington County,,MN,19533,231392,250925
27165,Watonwan County,,MN,876,13440,14316
27167,Wilkin County,,MN,622,8422,9044
27169,Winona County,,MN,3234,51474,54708
27171,Wright County,,MN,6855,102338,109193
27173,Yellow Medicine County,,MN,659,10841,11500
28001,Adams County,,MS,2132,34886,37018
28003,Alcorn County,,MS,2025,38162,40187
28005,Amite County,,MS,1180,15787,16967
28007,Attala County,,MS,1260,21220,22480
28009,Benton County,,MS,750,8253,9003
28011,Bolivar County,,MS,2729,39980,42709
28013,Calhoun County,,MS,1085,18344,19429
28015,Carroll County,,MS,1166,13230,14396
28017,Chickasaw County,,MS,1514,22803,24317
28019,Choctaw County,,MS,501,7401,7902
28021,Claiborne County,,MS,603,10782,11385
28023,Clarke County,,MS,1673,27062,28735
28025,Clay County,,MS,1356,23461,24817
28027,Coahoma County,,MS,1974,32856,34830
28029,Copiah County,,MS,1846,33349,35195
28031,Covington County,,MS,1175,19890,21065
28033,DeSoto County,,MS,9697,135361,145058
28035,Forrest County,,MS,7965,84932,92897
28037,Franklin County,,MS,437,7551,7988
28039,George County,,MS,1412,23208,24620
28041,Greene County,,MS,628,9019,9647
28043,Grenada County,,MS,1489,25167,26656
28045,Hancock County,,MS,3556,45726,49282
28047,Harrison County,,MS,20315,191390,211705
28049,Hinds County,,MS,17207,259675,276882
28051,Holmes County,,MS,1236,19095,20331
28053,Humphreys County,,MS,868,12200,13068
28055,Issaquena County,,MS,140,1490,1630
28057,Itawamba County,,MS,1787,29210,30997
28059,Jackson County,,MS,11243,134413,145656
28061,Jasper County,,MS,1129,17789,18918
28063,Jefferson County,,MS,329,7189,7518
28065,Jefferson Davis County,,MS,858,13851,14709
28067,Jones County,,MS,3381,61238,64619
28069,Kemper County,,MS,730,12332,13062
28071,Lafayette County,,MS,3387,33181,36568
28073,Lamar County,,MS,2823,33610,36433
28075,Lauderdale County,,MS,5294,76014,81308
28077,Lawrence County,,MS,958,17423,18381
28079,Leake County,,MS,1281,22281,23562
28081,Lee County,,MS,5758,90407,96165
28083,Leflore County,,MS,2428,34004,36432
28085,Lincoln County,,MS,1823,33073,34896
28087,Lowndes County,,MS,5227,60543,65770
28089,Madison County,,MS,7834,79327,87161
28091,Marion County,,MS,1577,29983,31560
28093,Marshall County,,MS,1947,27401,29348
28095,Monroe County,,MS,2520,42126,44646
28097,Montgomery County,,MS,787,12292,13079
28099,Neshoba County,,MS,1436,28893,30329
28101,Newton County,,MS,1414,23816,25230
28103,Noxubee County,,MS,755,13164,13919
28105,Oktibbeha County,,MS,3828,34896,38724
28107,Panola County,,MS,2191,39120,41311
28109,Pearl River County,,MS,2784,48323,51107
28111,Perry County,,MS,819,13419,14238
28113,Pike County,,MS,2339,36130,38469
28115,Pontotoc County,,MS,1777,22666,24443
28117,Prentiss County,,MS,1148,20602,21750
28119,Quitman County,,MS,724,9098,9822
28121,Rankin County,,MS,10030,126865,136895
28123,Scott County,,MS,1896,25942,27838
28125,Sharkey County,,MS,383,6402,6785
28127,Simpson County,,MS,1502,21298,22800
28129,Smith County,,MS,931,15818,16749
28131,Stone County,,MS,757,8206,8963
28133,Sunflower County,,MS,2111,29577,31688
28135,Tallahatchie County,,MS,1000,16128,17128
28137,Tate County,,MS,2045,25831,27876
28139,Tippah County,,MS,1154,22376,23530
28141,Tishomingo County,,MS,927,18840,19767
28143,Tunica County,,MS,1039,11007,12046
28145,Union County,,MS,1678,25497,27175
28147,Walthall County,,MS,718,10312,11030
28149,Warren County,,MS,3311,56789,60100
28151,Washington County,,MS,4128,64473,68601
28153,Wayne County,,MS,849,19520,20369
28155,Webster County,,MS,742,12820,13562
28157,Wilkinson County,,MS,420,8563,8983
28159,Winston County,,MS,1009,19944,20953
28161,Yalobusha County,,MS,1027,14591,15618
28163,Yazoo County,,MS,1416,26683,28099
29001,Adair County,,MO,2025,22635,24660
29003,Andrew County,,MO,1953,21421,23374
29005,Atchison County,,MO,451,6855,7306
29007,Audrain County,,MO,1766,29627,31393
29009,Barry County,,MO,3028,37854,40882
29011,Barton County,,MO,1120,16528,17648
29013,Bates County,,MO,1263,19758,21021
29015,Benton County,,MO,1402,17514,18916
29017,Bollinger County,,MO,825,13086,13911
29019,Boone County,,MO,11465,139929,151394
29021,Buchanan County,,MO,6088,91686,97774
29023,Butler County,,MO,2808,43130,45938
29025,Caldwell County,,MO,884,11095,11979
29027,Callaway County,,MO,3090,43365,46455
29029,Camden County,,MO,3781,39426,43207
29031,Cape Girardeau County,,MO,4995,75472,80467
29033,Carroll County,,MO,687,11568,12255
29035,Carter County,,MO,420,6220,6640
29037,Cass County,,MO,7417,97932,105349
29039,Cedar County,,MO,1193,13942,15135
29041,Chariton County,,MO,506,9893,10399
29043,Christian County,,MO,7215,70013,77228
29045,Clark County,,MO,419,8743,9162
29047,Clay County,,MO,19216,227373,246589
29049,Clinton County,,MO,1967,20251,22218
29051,Cole County,,MO,5589,81193,86782
29053,Cooper County,,MO,1233,17457,18690
29055,Crawford County,,MO,1609,26025,27634
29057,Dade County,,MO,729,8907,9636
29059,Dallas County,,MO,1284,16607,17891
29061,Daviess County,,MO,755,9722,10477
29063,DeKalb County,,MO,689,7844,8533
29065,Dent County,,MO,967,13961,14928
29067,Douglas County,,MO,973,14423,15396
29069,Dunklin County,,MO,2161,32945,35106
29071,Franklin County,,MO,5788,113562,119350
29073,Gasconade County,,MO,1189,17885,19074
29075,Gentry County,,MO,583,8183,8766
29077,Greene County,,MO,20817,259421,280238
29079,Grundy County,,MO,902,10879,11781
29081,Harrison County,,MO,580,9051,9631
29083,Henry County,,MO,1861,24859,26720
29085,Hickory County,,MO,691,8557,9248
29087,Holt County,,MO,447,6452,6899
29089,Howard County,,MO,935,10964,11899
29091,Howell County,,MO,2771,42781,45552
29093,Iron County,,MO,951,11237,12188
29095,Jackson County,,MO,46257,718068,764325
29097,Jasper County,,MO,8297,115340,123637
29099,Jefferson County,,MO,14057,238651,252708
29101,Johnson County,,MO,6026,48945,54971
29103,Knox County,,MO,357,5055,5412
29105,Laclede County,,MO,2500,35579,38079
29107,Lafayette County,,MO,2364,34742,37106
29109,Lawrence County,,MO,2760,35046,37806
29111,Lewis County,,MO,706,10654,11360
29113,Lincoln County,,MO,2954,47401,50355
29115,Linn County,,MO,973,16293,17266
29117,Livingston County,,MO,1076,15436,16512
29119,McDonald County,,MO,2073,20378,22451
29121,Macon County,,MO,1102,17965,19067
29123,Madison County,,MO,864,12777,13641
29125,Maries County,,MO,646,8575,9221
29127,Marion County,,MO,2089,32334,34423
29129,Mercer County,,MO,364,3820,4184
29131,Miller County,,MO,1729,24286,26015
29133,Mississippi County,,MO,884,13866,14750
29135,Moniteau County,,MO,970,15303,16273
29137,Monroe County,,MO,680,11144,11824
29139,Montgomery County,,MO,1006,13430,14436
29141,Morgan County,,MO,1643,19468,21111
29143,New Madrid County,,MO,1566,19970,21536
29145,Newton County,,MO,4007,48460,52467
29147,Nodaway County,,MO,1408,20335,21743
29149,Oregon County,,MO,735,9160,9895
29151,Osage County,,MO,675,14519,15194
29153,Ozark County,,MO,658,8937,9595
29155,Pemiscot County,,MO,1358,19789,21147
29157,Perry County,,MO,999,20456,21455
29159,Pettis County,,MO,3242,43823,47065
29161,Phelps County,,MO,3584,41416,45000
29163,Pike County,,MO,1191,18189,19380
29165,Platte County,,MO,10940,83289,94229
29167,Polk County,,MO,2139,24211,26350
29169,Pulaski County,,MO,8122,35877,43999
29171,Putnam County,,MO,368,5667,6035
29173,Ralls County,,MO,666,10225,10891
29175,Randolph County,,MO,1657,22498,24155
29177,Ray County,,MO,1551,21327,22878
29179,Reynolds County,,MO,431,6217,6648
29181,Ripley County,,MO,859,13160,14019
29183,St. Charles County,,MO,20916,356998,377914
29185,St. Clair County,,MO,772,8607,9379
29186,Ste. Genevieve County,,MO,1341,22142,23483
29187,St. Francois County,,MO,3599,57364,60963
29189,St. Louis County,,MO,79472,1215919,1295391
29195,Saline County,,MO,1869,23689,25558
29197,Schuyler County,,MO,246,4451,4697
29199,Scotland County,,MO,317,5020,5337
29201,Scott County,,MO,3174,44746,47920
29203,Shannon County,,MO,565,8088,8653
29205,Shelby County,,MO,500,7657,8157
29207,Stoddard County,,MO,1880,31983,33863
29209,Stone County,,MO,2737,26735,29472
29211,Sullivan County,,MO,653,6681,7334
29213,Taney County,,MO,4056,39951,44007
29215,Texas County,,MO,1576,19403,20979
29217,Vernon County,,MO,1403,20140,21543
29219,Warren County,,MO,2063,26799,28862
29221,Washington County,,MO,1323,20639,21962
29223,Wayne County,,MO,901,10934,11835
29225,Webster County,,MO,2287,28969,31256
29227,Worth County,,MO,143,2266,2409
29229,Wright County,,MO,1455,18186,19641
29510,St. Louis city,,MO,37773,320142,357915
30001,Beaverhead County,,MT,946,8829,9775
30003,Big Horn County,,MT,938,12541,13479
30005,Blaine County,,MT,490,7007,7497
30007,Broadwater County,,MT,388,4416,4804
30009,Carbon County,,MT,987,10240,11227
30011,Carter County,,MT,87,1317,1404
30013,Cascade County,,MT,7579,89539,97118
30015,Chouteau County,,MT,412,5404,5816
30017,Custer County,,MT,960,12578,13538
30019,Daniels County,,MT,173,2529,2702
30021,Dawson County,,MT,770,10103,10873
30023,Deer Lodge County,,MT,765,9743,10508
30025,Fallon County,,MT,216,3305,3521
30027,Fergus County,,MT,955,13196,14151
30029,Flathead County,,MT,5352,87525,92877
30031,Gallatin County,,MT,7378,72978,80356
30033,Garfield County,,MT,94,1394,1488
30035,Glacier County,,MT,903,13830,14733
30037,Golden Valley County,,MT,83,1065,1148
30039,Granite County,,MT,399,2989,3388
30041,Hill County,,MT,1482,18437,19919
30043,Jefferson County,,MT,1193,11592,12785
30045,Judith Basin County,,MT,164,2428,2592
30047,Lake County,,MT,2093,24943,27036
30049,Lewis and Clark County,,MT,4752,63300,68052
30051,Liberty County,,MT,158,2340,2498
30053,Lincoln County,,MT,1528,18440,19968
30055,McCone County,,MT,152,1825,1977
30057,Madison County,,MT,557,6652,7209
30059,Meagher County,,MT,164,2326,2490
30061,Mineral County,,MT,512,4343,4855
30063,Missoula County,,MT,9158,100392,109550
30065,Musselshell County,,MT,470,4429,4899
30067,Park County,,MT,1613,16270,17883
30069,Petroleum County,,MT,0,0,0
30071,Phillips County,,MT,337,5001,5338
30073,Pondera County,,MT,602,7584,8186
30075,Powder River County,,MT,107,1651,1758
30077,Powell County,,MT,551,6098,6649
30079,Prairie County,,MT,108,1441,1549
30081,Ravalli County,,MT,2788,36410,39198
30083,Richland County,,MT,704,11577,12281
30085,Roosevelt County,,MT,936,11725,12661
30087,Rosebud County,,MT,910,10797,11707
30089,Sanders County,,MT,920,10168,11088
30091,Sheridan County,,MT,280,4639,4919
30093,Silver Bow County,,MT,2542,36201,38743
30095,Stillwater County,,MT,968,9350,10318
30097,Sweet Grass County,,MT,388,3700,4088
30099,Teton County,,MT,528,7590,8118
30101,Toole County,,MT,468,5608,6076
30103,Treasure County,,MT,0,0,0
30105,Valley County,,MT,667,8681,9348
30107,Wheatland County,,MT,166,2250,2416
30109,Wibaux County,,MT,69,1166,1235
30111,Yellowstone County,,MT,8945,148038,156983
31001,Adams County,,NE,2303,34473,36776
31003,Antelope County,,NE,511,8671,9182
31005,Arthur County,,NE,53,624,677
31007,Banner County,,NE,118,964,1082
31009,Blaine County,,NE,53,605,658
31011,Boone County,,NE,378,7570,7948
31013,Box Butte County,,NE,980,14987,15967
31015,Boyd County,,NE,154,2841,2995
31017,Brown County,,NE,267,4043,4310
31019,Buffalo County,,NE,3523,47274,50797
31021,Burt County,,NE,728,9333,10061
31023,Butler County,,NE,756,12539,13295
31025,Cass County,,NE,2455,29546,32001
31027,Cedar County,,NE,698,13213,13911
31029,Chase County,,NE,309,4994,5303
31031,Cherry County,,NE,519,7105,7624
31033,Cheyenne County,,NE,814,11861,12675
31035,Clay County,,NE,629,8134,8763
31037,Colfax County,,NE,1044,14584,15628
31039,Cuming County,,NE,853,13065,13918
31041,Custer County,,NE,793,14057,14850
31043,Dakota County,,NE,2452,23753,26205
31045,Dawes County,,NE,856,9085,9941
31047,Dawson County,,NE,2440,28534,30974
31049,Deuel County,,NE,187,2408,2595
31051,Dixon County,,NE,544,7203,7747
31053,Dodge County,,NE,2831,42099,44930
31055,Douglas County,,NE,34997,555238,590235
31057,Dundy County,,NE,189,2438,2627
31059,Fillmore County,,NE,519,8718,9237
31061,Franklin County,,NE,260,4264,4524
31063,Frontier County,,NE,324,3395,3719
31065,Furnas County,,NE,484,6127,6611
31067,Gage County,,NE,1517,26999,28516
31069,Garden County,,NE,192,2437,2629
31071,Garfield County,,NE,147,2476,2623
31073,Gosper County,,NE,253,2139,2392
31075,Grant County,,NE,139,1248,1387
31077,Greeley County,,NE,233,3561,3794
31079,Hall County,,NE,4347,61445,65792
31081,Hamilton County,,NE,801,11775,12576
31083,Harlan County,,NE,318,4039,4357
31085,Hayes County,,NE,77,1349,1426
31087,Hitchcock County,,NE,294,3427,3721
31089,Holt County,,NE,700,12878,13578
31091,Hooker County,,NE,88,1104,1192
31093,Howard County,,NE,490,7434,7924
31095,Jefferson County,,NE,561,9707,10268
31097,Johnson County,,NE,335,5253,5588
31099,Kearney County,,NE,601,6965,7566
31101,Keith County,,NE,833,9842,10675
31103,Keya Paha County,,NE,78,1165,1243
31105,Kimball County,,NE,335,4441,4776
31107,Knox County,,NE,445,9587,10032
31109,Lancaster County,,NE,16335,288684,305019
31111,Lincoln County,,NE,2654,40442,43096
31113,Logan County,,NE,107,945,1052
31115,Loup County,,NE,0,0,0
31117,McPherson County,,NE,0,0,0
31119,Madison County,,NE,3449,44767,48216
31121,Merrick County,,NE,578,8571,9149
31123,Morrill County,,NE,531,5572,6103
31125,Nance County,,NE,393,4654,5047
31127,Nemaha County,,NE,706,9032,9738
31129,Nuckolls County,,NE,430,5844,6274
31131,Otoe County,,NE,1137,17639,18776
31133,Pawnee County,,NE,199,3193,3392
31135,Perkins County,,NE,289,3425,3714
31137,Phelps County,,NE,842,11436,12278
31139,Pierce County,,NE,554,8352,8906
31141,Platte County,,NE,2438,37451,39889
31143,Polk County,,NE,348,6157,6505
31145,Red Willow County,,NE,934,12851,13785
31147,Richardson County,,NE,594,10122,10716
31149,Rock County,,NE,110,1691,1801
31151,Saline County,,NE,1134,14444,15578
31153,Sarpy County,,NE,16186,125156,141342
31155,Saunders County,,NE,1561,20032,21593
31157,Scotts Bluff County,,NE,2626,40329,42955
31159,Seward County,,NE,1341,18330,19671
31161,Sheridan County,,NE,529,6674,7203
31163,Sherman County,,NE,258,4103,4361
31165,Sioux County,,NE,73,952,1025
31167,Stanton County,,NE,276,3582,3858
31169,Thayer County,,NE,432,6869,7301
31171,Thomas County,,NE,105,961,1066
31173,Thurston County,,NE,487,7234,7721
31175,Valley County,,NE,320,4670,4990
31177,Washington County,,NE,1664,21056,22720
31179,Wayne County,,NE,769,7976,8745
31181,Webster County,,NE,372,4403,4775
31183,Wheeler County,,NE,85,813,898
31185,York County,,NE,1294,16103,17397
32001,Churchill County,,NV,3478,24911,28389
32003,Clark County,,NV,83579,1534886,1618465
32005,Douglas County,,NV,4939,48021,52960
32007,Elko County,,NV,5164,48644,53808
32009,Esmeralda County,,NV,130,819,949
32011,Eureka County,,NV,201,1677,1878
32013,Humboldt County,,NV,1991,18064,20055
32015,Lander County,,NV,788,6129,6917
32017,Lincoln County,,NV,277,3930,4207
32019,Lyon County,,NV,4193,39351,43544
32021,Mineral County,,NV,513,5042,5555
32023,Nye County,,NV,3694,32870,36564
32027,Pershing County,,NV,416,4527,4943
32029,Storey County,,NV,1002,9327,10329
32031,Washoe County,,NV,23879,382169,406048
32033,White Pine County,,NV,817,8714,9531
32510,Carson City,,NV,5870,55647,61517
33001,Belknap County,,NH,5053,70996,76049
33003,Carroll County,,NH,3140,51161,54301
33005,Cheshire County,,NH,4842,84395,89237
33007,Coos County,,NH,2059,39575,41634
33009,Grafton County,,NH,7312,91710,99022
33011,Hillsborough County,,NH,29822,462638,492460
33013,Merrimack County,,NH,10724,156424,167148
33015,Rockingham County,,NH,24789,345713,370502
33017,Strafford County,,NH,9327,127998,137325
33019,Sullivan County,,NH,3104,47089,50193
34001,Atlantic County,,NJ,13112,315968,329080
34003,Bergen County,,NJ,60081,1031920,1092001
34005,Burlington County,,NJ,29983,516710,546693
34007,Camden County,,NJ,32052,581004,613056
34009,Cape May County,,NJ,7111,114764,121875
34011,Cumberland County,,NJ,5902,157371,163273
34013,Essex County,,NJ,53584,822382,875966
34015,Gloucester County,,NJ,14672,295953,310625
34017,Hudson County,,NJ,60797,635983,696780
34019,Hunterdon County,,NJ,9459,150187,159646
34021,Mercer County,,NJ,24364,398634,422998
34023,Middlesex County,,NJ,65244,885915,951159
34025,Monmouth County,,NJ,36810,708831,745641
34027,Morris County,,NJ,38275,567641,605916
34029,Ocean County,,NJ,24538,602707,627245
34031,Passaic County,,NJ,34155,556426,590581
34033,Salem County,,NJ,3652,75729,79381
34035,Somerset County,,NJ,28341,337618,365959
34037,Sussex County,,NJ,10409,173875,184284
34039,Union County,,NJ,41118,594250,635368
34041,Warren County,,NJ,7886,116370,124256
35001,Bernalillo County,,NM,37791,544782,582573
35003,Catron County,,NM,345,2738,3083
35005,Chaves County,,NM,4215,56638,60853
35006,Cibola County,,NM,1868,21968,23836
35007,Colfax County,,NM,1097,14893,15990
35009,Curry County,,NM,5749,44182,49931
35011,De Baca County,,NM,180,2216,2396
35013,Dona Ana County,,NM,13138,168972,182110
35015,Eddy County,,NM,3261,49123,52384
35017,Grant County,,NM,2554,31036,33590
35019,Guadalupe County,,NM,356,4153,4509
35021,Harding County,,NM,55,692,747
35023,Hidalgo County,,NM,509,5156,5665
35025,Lea County,,NM,3633,56994,60627
35027,Lincoln County,,NM,1964,16202,18166
35028,Los Alamos County,,NM,1554,17642,19196
35029,Luna County,,NM,2062,24313,26375
35031,McKinley County,,NM,10637,84835,95472
35033,Mora County,,NM,315,4615,4930
35035,Otero County,,NM,6559,52331,58890
35037,Quay County,,NM,841,9298,10139
35039,Rio Arriba County,,NM,2648,39725,42373
35041,Roosevelt County,,NM,1900,16531,18431
35043,Sandoval County,,NM,9028,88427,97455
35045,San Juan County,,NM,11075,125537,136612
35047,San Miguel County,,NM,1696,24884,26580
35049,Santa Fe County,,NM,9155,113637,122792
35051,Sierra County,,NM,1001,10285,11286
35053,Socorro County,,NM,1344,14821,16165
35055,Taos County,,NM,1932,28082,30014
35057,Torrance County,,NM,1400,11802,13202
35059,Union County,,NM,337,4309,4646
35061,Valencia County,,NM,4925,62242,67167
36001,Albany County,,NY,21473,336767,358240
36003,Allegany County,,NY,3150,54954,58104
36005,Bronx County,,NY,83269,1233415,1316684
36007,Broome County,,NY,9602,233628,243230
36009,Cattaraugus County,,NY,4675,90945,95620
36011,Cayuga County,,NY,4256,91976,96232
36013,Chautauqua County,,NY,5495,149645,155140
36015,Chemung County,,NY,5073,104130,109203
36017,Chenango County,,NY,2947,54481,57428
36019,Clinton County,,NY,3028,90349,93377
36021,Columbia County,,NY,3406,72167,75573
36023,Cortland County,,NY,2956,51693,54649
36025,Delaware County,,NY,3024,48933,51957
36027,Dutchess County,,NY,15530,314509,330039
36029,Erie County,,NY,32116,1072062,1104178
36031,Essex County,,NY,2099,38986,41085
36033,Franklin County,,NY,2321,50560,52881
36035,Fulton County,,NY,2636,59240,61876
36037,Genesee County,,NY,3695,76328,80023
36039,Greene County,,NY,2823,49496,52319
36041,Hamilton County,,NY,372,5715,6087
36043,Herkimer County,,NY,3629,71105,74734
36045,Jefferson County,,NY,16168,117513,133681
36047,Kings County,,NY,151163,2301759,2452922
36049,Lewis County,,NY,1648,28589,30237
36051,Livingston County,,NY,4244,72951,77195
36053,Madison County,,NY,4906,78513,83419
36055,Monroe County,,NY,32543,866638,899181
36057,Montgomery County,,NY,3609,63203,66812
36059,Nassau County,,NY,75689,1598712,1674401
36061,New York County,,NY,161506,1488384,1649890
36063,Niagara County,,NY,10026,256168,266194
36065,Oneida County,,NY,9780,257642,267422
36067,Onondaga County,,NY,22869,519725,542594
36069,Ontario County,,NY,6820,121082,127902
36071,Orange County,,NY,21619,395517,417136
36073,Orleans County,,NY,2549,46794,49343
36075,Oswego County,,NY,6857,134911,141768
36077,Otsego County,,NY,3509,64745,68254
36079,Putnam County,,NY,7631,111360,118991
36081,Queens County,,NY,155503,2230359,2385862
36083,Rensselaer County,,NY,10946,174245,185191
36085,Richmond County,,NY,23465,484811,508276
36087,Rockland County,,NY,17087,332275,349362
36089,St. Lawrence County,,NY,4839,113447,118286
36091,Saratoga County,,NY,16375,242026,258401
36093,Schenectady County,,NY,9625,159801,169426
36095,Schoharie County,,NY,1923,28480,30403
36097,Schuyler County,,NY,1374,21886,23260
36099,Seneca County,,NY,2109,36364,38473
36101,Steuben County,,NY,5697,111394,117091
36103,Suffolk County,,NY,62517,1717750,1780267
36105,Sullivan County,,NY,4840,75124,79964
36107,Tioga County,,NY,3463,59617,63080
36109,Tompkins County,,NY,8207,87197,95404
36111,Ulster County,,NY,8399,181116,189515
36113,Warren County,,NY,4707,74047,78754
36115,Washington County,,NY,3635,61471,65106
36117,Wayne County,,NY,5681,109953,115634
36119,Westchester County,,NY,57252,1025584,1082836
36121,Wyoming County,,NY,2236,42707,44943
36123,Yates County,,NY,1437,23562,24999
37001,Alamance County,,NC,8136,163985,172121
37003,Alexander County,,NC,2479,39467,41946
37005,Alleghany County,,NC,592,11715,12307
37007,Anson County,,NC,1351,27662,29013
37009,Ashe County,,NC,1070,26423,27493
37011,Avery County,,NC,1397,18114,19511
37013,Beaufort County,,NC,3026,54818,57844
37015,Bertie County,,NC,1211,22907,24118
37017,Bladen County,,NC,3313,44834,48147
37019,Brunswick County,,NC,5004,77318,82322
37021,Buncombe County,,NC,14361,237058,251419
37023,Burke County,,NC,5738,101256,106994
37025,Cabarrus County,,NC,13812,186743,200555
37027,Caldwell County,,NC,4535,94646,99181
37029,Camden County,,NC,787,10053,10840
37031,Carteret County,,NC,4848,65497,70345
37033,Caswell County,,NC,2009,30124,32133
37035,Catawba County,,NC,12278,188567,200845
37037,Chatham County,,NC,6458,80505,86963
37039,Cherokee County,,NC,1349,24587,25936
37041,Chowan County,,NC,915,16158,17073
37043,Clay County,,NC,541,8821,9362
37045,Cleveland County,,NC,6513,123346,129859
37047,Columbus County,,NC,2275,53396,55671
37049,Craven County,,NC,13003,102003,115006
37051,Cumberland County,,NC,49414,313574,362988
37053,Currituck County,,NC,1551,18612,20163
37055,Dare County,,NC,2289,33732,36021
37057,Davidson County,,NC,11103,201930,213033
37059,Davie County,,NC,2435,39686,42121
37061,Duplin County,,NC,2885,52572,55457
37063,Durham County,,NC,23134,237530,260664
37065,Edgecombe County,,NC,5146,66334,71480
37067,Forsyth County,,NC,21495,331931,353426
37069,Franklin County,,NC,4305,58878,63183
37071,Gaston County,,NC,13184,220427,233611
37073,Gates County,,NC,628,10248,10876
37075,Graham County,,NC,325,8300,8625
37077,Granville County,,NC,3436,51596,55032
37079,Greene County,,NC,2142,25283,27425
37081,Guilford County,,NC,32372,463982,496354
37083,Halifax County,,NC,3256,60301,63557
37085,Harnett County,,NC,9220,111082,120302
37087,Haywood County,,NC,3030,59420,62450
37089,Henderson County,,NC,5449,89961,95410
37091,Hertford County,,NC,1468,22561,24029
37093,Hoke County,,NC,5053,36735,41788
37095,Hyde County,,NC,328,5112,5440
37097,Iredell County,,NC,8673,144514,153187
37099,Jackson County,,NC,2376,29754,32130
37101,Johnston County,,NC,9092,139990,149082
37103,Jones County,,NC,1027,12523,13550
37105,Lee County,,NC,6292,43106,49398
37107,Lenoir County,,NC,3460,62234,65694
37109,Lincoln County,,NC,2892,37806,40698
37111,McDowell County,,NC,2021,41687,43708
37113,Macon County,,NC,2058,32020,34078
37115,Madison County,,NC,1460,19767,21227
37117,Martin County,,NC,1396,26222,27618
37119,Mecklenburg County,,NC,61247,763706,824953
37121,Mitchell County,,NC,805,16734,17539
37123,Montgomery County,,NC,1689,30351,32040
37125,Moore County,,NC,4557,80879,85436
37127,Nash County,,NC,8157,100683,108840
37129,New Hanover County,,NC,13675,168197,181872
37131,Northampton County,,NC,1483,22176,23659
37133,Onslow County,,NC,32205,147407,179612
37135,Orange County,,NC,16970,88702,105672
37137,Pamlico County,,NC,829,12830,13659
37139,Pasquotank County,,NC,2507,33892,36399
37141,Pender County,,NC,2912,37906,40818
37143,Perquimans County,,NC,901,11393,12294
37145,Person County,,NC,1731,37281,39012
37147,Pitt County,,NC,9287,128304,137591
37149,Polk County,,NC,1337,21489,22826
37151,Randolph County,,NC,7469,125348,132817
37153,Richmond County,,NC,2303,50110,52413
37155,Robeson County,,NC,4917,115838,120755
37157,Rockingham County,,NC,4431,91673,96104
37159,Rowan County,,NC,7593,122852,130445
37161,Rutherford County,,NC,2887,61437,64324
37163,Sampson County,,NC,3023,51406,54429
37165,Scotland County,,NC,2421,38642,41063
37167,Stanly County,,NC,3454,59454,62908
37169,Stokes County,,NC,4196,56217,60413
37171,Surry County,,NC,3945,67452,71397
37173,Swain County,,NC,994,16785,17779
37175,Transylvania County,,NC,1836,31707,33543
37177,Tyrrell County,,NC,294,4111,4405
37179,Union County,,NC,8267,136046,144313
37181,Vance County,,NC,3294,48095,51389
37183,Wake County,,NC,51662,675324,726986
37185,Warren County,,NC,883,14128,15011
37187,Washington County,,NC,780,14407,15187
37189,Watauga County,,NC,3515,35119,38634
37191,Wayne County,,NC,9207,106813,116020
37193,Wilkes County,,NC,2912,73769,76681
37195,Wilson County,,NC,4195,72303,76498
37197,Yadkin County,,NC,2010,40525,42535
37199,Yancey County,,NC,879,18681,19560
38001,Adams County,,ND,189,2776,2965
38003,Barnes County,,ND,807,13209,14016
38005,Benson County,,ND,523,7689,8212
38007,Billings County,,ND,69,1058,1127
38009,Bottineau County,,ND,530,8262,8792
38011,Bowman County,,ND,223,4138,4361
38013,Burke County,,ND,194,3002,3196
38015,Burleigh County,,ND,5070,83087,88157
38017,Cass County,,ND,10867,143614,154481
38019,Cavalier County,,ND,295,6013,6308
38021,Dickey County,,ND,515,6504,7019
38023,Divide County,,ND,127,2655,2782
38025,Dunn County,,ND,231,3942,4173
38027,Eddy County,,ND,206,2898,3104
38029,Emmons County,,ND,242,4806,5048
38031,Foster County,,ND,278,4301,4579
38033,Golden Valley County,,ND,130,2175,2305
38035,Grand Forks County,,ND,7470,69415,76885
38037,Grant County,,ND,196,3367,3563
38039,Griggs County,,ND,212,3134,3346
38041,Hettinger County,,ND,153,3284,3437
38043,Kidder County,,ND,200,3153,3353
38045,LaMoure County,,ND,262,5557,5819
38047,Logan County,,ND,143,2579,2722
38049,McHenry County,,ND,481,6808,7289
38051,McIntosh County,,ND,206,3956,4162
38053,McKenzie County,,ND,343,5293,5636
38055,McLean County,,ND,698,11146,11844
38057,Mercer County,,ND,664,10755,11419
38059,Morton County,,ND,2382,29276,31658
38061,Mountrail County,,ND,575,7890,8465
38063,Nelson County,,ND,303,4286,4589
38065,Oliver County,,ND,160,2621,2781
38067,Pembina County,,ND,589,10453,11042
38069,Pierce County,,ND,339,5469,5808
38071,Ramsey County,,ND,906,13836,14742
38073,Ransom County,,ND,390,6490,6880
38075,Renville County,,ND,196,3207,3403
38077,Richland County,,ND,1645,19792,21437
38079,Rolette County,,ND,801,14527,15328
38081,Sargent County,,ND,292,5453,5745
38083,Sheridan County,,ND,100,1996,2096
38085,Sioux County,,ND,239,3469,3708
38087,Slope County,,ND,39,663,702
38089,Stark County,,ND,1647,26379,28026
38091,Steele County,,ND,201,3022,3223
38093,Stutsman County,,ND,1455,24632,26087
38095,Towner County,,ND,233,3451,3684
38097,Traill County,,ND,607,9237,9844
38099,Walsh County,,ND,918,14445,15363
38101,Ward County,,ND,6934,66752,73686
38103,Wells County,,ND,297,5882,6179
38105,Williams County,,ND,1148,23344,24492
39001,Adams County,,OH,1845,36842,38687
39003,Allen County,,OH,6162,132727,138889
39005,Ashland County,,OH,3846,65199,69045
39007,Ashtabula County,,OH,5495,123627,129122
39009,Athens County,,OH,4579,58014,62593
39011,Auglaize County,,OH,3295,57451,60746
39013,Belmont County,,OH,3166,84575,87741
39015,Brown County,,OH,3377,48674,52051
39017,Butler County,,OH,26370,394387,420757
39019,Carroll County,,OH,2540,39675,42215
39021,Champaign County,,OH,3851,55939,59790
39023,Clark County,,OH,8604,163379,171983
39025,Clermont County,,OH,17238,249538,266776
39027,Clinton County,,OH,3852,55439,59291
39029,Columbiana County,,OH,5659,130330,135989
39031,Coshocton County,,OH,2303,50336,52639
39033,Crawford County,,OH,3624,66651,70275
39035,Cuyahoga County,,OH,66634,1577230,1643864
39037,Darke County,,OH,2843,68290,71133
39039,Defiance County,,OH,2952,52255,55207
39041,Delaware County,,OH,17958,202454,220412
39043,Erie County,,OH,5629,99863,105492
39045,Fairfield County,,OH,12456,173930,186386
39047,Fayette County,,OH,2163,33543,35706
39049,Franklin County,,OH,82136,1185711,1267847
39051,Fulton County,,OH,3033,54172,57205
39053,Gallia County,,OH,1805,36187,37992
39055,Geauga County,,OH,6297,111546,117843
39057,Greene County,,OH,16163,168129,184292
39059,Guernsey County,,OH,2338,50100,52438
39061,Hamilton County,,OH,56645,934020,990665
39063,Hancock County,,OH,4789,88607,93396
39065,Hardin County,,OH,2196,35617,37813
39067,Harrison County,,OH,1110,18451,19561
39069,Henry County,,OH,1929,36373,38302
39071,Highland County,,OH,2736,41434,44170
39073,Hocking County,,OH,2104,31418,33522
39075,Holmes County,,OH,1688,41676,43364
39077,Huron County,,OH,4358,80485,84843
39079,Jackson County,,OH,1855,37534,39389
39081,Jefferson County,,OH,3523,77789,81312
39083,Knox County,,OH,3494,66848,70342
39085,Lake County,,OH,13093,282383,295476
39087,Lawrence County,,OH,3273,66469,69742
39089,Licking County,,OH,9250,166777,176027
39091,Logan County,,OH,3005,52966,55971
39093,Lorain County,,OH,15115,339492,354607
39095,Lucas County,,OH,24677,520507,545184
39097,Madison County,,OH,3522,40726,44248
39099,Mahoning County,,OH,12772,291331,304103
39101,Marion County,,OH,3743,76912,80655
39103,Medina County,,OH,10987,191679,202666
39105,Meigs County,,OH,1038,22271,23309
39107,Mercer County,,OH,2059,50775,52834
39109,Miami County,,OH,6770,121425,128195
39111,Monroe County,,OH,937,16819,17756
39113,Montgomery County,,OH,36587,645251,681838
39115,Morgan County,,OH,1130,20092,21222
39117,Morrow County,,OH,2506,29394,31900
39119,Muskingum County,,OH,4203,96085,100288
39121,Noble County,,OH,546,10079,10625
39123,Ottawa County,,OH,2848,50574,53422
39125,Paulding County,,OH,1245,23050,24295
39127,Perry County,,OH,1803,29355,31158
39129,Pickaway County,,OH,3737,51710,55447
39131,Pike County,,OH,2423,39298,41721
39133,Portage County,,OH,11927,169409,181336
39135,Preble County,,OH,2682,47823,50505
39137,Putnam County,,OH,1881,44903,46784
39139,Richland County,,OH,6836,136576,143412
39141,Ross County,,OH,3620,72136,75756
39143,Sandusky County,,OH,3689,72227,75916
39145,Scioto County,,OH,3496,67992,71488
39147,Seneca County,,OH,3569,67304,70873
39149,Shelby County,,OH,3021,57082,60103
39151,Stark County,,OH,17108,456604,473712
39153,Summit County,,OH,30888,633727,664615
39155,Trumbull County,,OH,10748,262726,273474
39157,Tuscarawas County,,OH,4326,108318,112644
39159,Union County,,OH,3246,38322,41568
39161,Van Wert County,,OH,1507,35583,37090
39163,Vinton County,,OH,762,10918,11680
39165,Warren County,,OH,14175,180475,194650
39167,Washington County,,OH,3704,68356,72060
39169,Wayne County,,OH,6648,134696,141344
39171,Williams County,,OH,2398,47121,49519
39173,Wood County,,OH,10438,131743,142181
39175,Wyandot County,,OH,1459,24283,25742
40001,Adair County,,OK,1518,22497,24015
40003,Alfalfa County,,OK,405,5566,5971
40005,Atoka County,,OK,787,12674,13461
40007,Beaver County,,OK,589,5281,5870
40009,Beckham County,,OK,1570,19130,20700
40011,Blaine County,,OK,973,11919,12892
40013,Bryan County,,OK,2579,32224,34803
40015,Caddo County,,OK,2403,31334,33737
40017,Canadian County,,OK,8290,94937,103227
40019,Carter County,,OK,2963,46641,49604
40021,Cherokee County,,OK,3025,37011,40036
40023,Choctaw County,,OK,947,13902,14849
40025,Cimarron County,,OK,329,3193,3522
40027,Cleveland County,,OK,22283,218485,240768
40029,Coal County,,OK,496,5001,5497
40031,Comanche County,,OK,15407,107310,122717
40033,Cotton County,,OK,607,6145,6752
40035,Craig County,,OK,1339,16171,17510
40037,Creek County,,OK,6376,74542,80918
40039,Custer County,,OK,2522,24604,27126
40041,Delaware County,,OK,2843,32599,35442
40043,Dewey County,,OK,450,5286,5736
40045,Ellis County,,OK,275,4008,4283
40047,Garfield County,,OK,5305,62056,67361
40049,Garvin County,,OK,2250,30364,32614
40051,Grady County,,OK,3592,48256,51848
40053,Grant County,,OK,438,5268,5706
40055,Greer County,,OK,424,5031,5455
40057,Harmon County,,OK,251,2987,3238
40059,Harper County,,OK,342,4339,4681
40061,Haskell County,,OK,833,11701,12534
40063,Hughes County,,OK,958,12028,12986
40065,Jackson County,,OK,4169,28498,32667
40067,Jefferson County,,OK,575,6150,6725
40069,Johnston County,,OK,955,9671,10626
40071,Kay County,,OK,3462,52219,55681
40073,Kingfisher County,,OK,1130,15324,16454
40075,Kiowa County,,OK,830,9890,10720
40077,Latimer County,,OK,974,11650,12624
40079,Le Flore County,,OK,2998,44105,47103
40081,Lincoln County,,OK,3391,39175,42566
40083,Logan County,,OK,4350,43343,47693
40085,Love County,,OK,693,8463,9156
40087,McClain County,,OK,2453,21930,24383
40089,McCurtain County,,OK,1977,31887,33864
40091,McIntosh County,,OK,1478,18266,19744
40093,Major County,,OK,596,8241,8837
40095,Marshall County,,OK,948,12224,13172
40097,Mayes County,,OK,2976,39933,42909
40099,Murray County,,OK,992,11134,12126
40101,Muskogee County,,OK,4876,69536,74412
40103,Noble County,,OK,965,11829,12794
40105,Nowata County,,OK,830,10799,11629
40107,Okfuskee County,,OK,920,10839,11759
40109,Oklahoma County,,OK,49765,661054,710819
40111,Okmulgee County,,OK,2748,35113,37861
40113,Osage County,,OK,5226,51968,57194
40115,Ottawa County,,OK,2557,31286,33843
40117,Pawnee County,,OK,1584,16708,18292
40119,Payne County,,OK,6781,58553,65334
40121,Pittsburg County,,OK,2721,41840,44561
40123,Pontotoc County,,OK,2656,33133,35789
40125,Pottawatomie County,,OK,4937,62189,67126
40127,Pushmataha County,,OK,755,10020,10775
40129,Roger Mills County,,OK,305,3365,3670
40131,Rogers County,,OK,6907,85770,92677
40133,Seminole County,,OK,1931,22922,24853
40135,Sequoyah County,,OK,2590,37958,40548
40137,Stephens County,,OK,2785,44242,47027
40139,Texas County,,OK,2330,19218,21548
40141,Tillman County,,OK,803,8234,9037
40143,Tulsa County,,OK,43083,574022,617105
40145,Wagoner County,,OK,5763,57446,63209
40147,Washington County,,OK,3839,52070,55909
40149,Washita County,,OK,1007,10886,11893
40151,Woods County,,OK,607,8631,9238
40153,Woodward County,,OK,1527,19426,20953
41001,Baker County,,OR,1359,16443,17802
41003,Benton County,,OR,8425,84083,92508
41005,Clackamas County,,OR,33696,391804,425500
41007,Clatsop County,,OR,2873,34467,37340
41009,Columbia County,,OR,2986,48973,51959
41011,Coos County,,OR,4030,60160,64190
41013,Crook County,,OR,1857,19374,21231
41015,Curry County,,OR,1811,21903,23714
41017,Deschutes County,,OR,9209,130134,139343
41019,Douglas County,,OR,5604,105965,111569
41021,Gilliam County,,OR,184,2026,2210
41023,Grant County,,OR,645,7665,8310
41025,Harney County,,OR,725,7575,8300
41027,Hood River County,,OR,1709,22547,24256
41029,Jackson County,,OR,10618,194040,204658
41031,Jefferson County,,OR,1349,17253,18602
41033,Josephine County,,OR,4242,75980,80222
41035,Klamath County,,OR,4655,64342,68997
41037,Lake County,,OR,646,7377,8023
41039,Lane County,,OR,19706,333549,353255
41041,Lincoln County,,OR,3863,42814,46677
41043,Linn County,,OR,7348,106216,113564
41045,Malheur County,,OR,2493,27777,30270
41047,Marion County,,OR,18392,290983,309375
41049,Morrow County,,OR,1001,10715,11716
41051,Multnomah County,,OR,60055,692256,752311
41053,Polk County,,OR,6466,64557,71023
41055,Sherman County,,OR,209,1663,1872
41057,Tillamook County,,OR,1851,25198,27049
41059,Umatilla County,,OR,4946,71926,76872
41061,Union County,,OR,2094,26019,28113
41063,Wallowa County,,OR,615,7692,8307
41065,Wasco County,,OR,2115,24214,26329
41067,Washington County,,OR,42825,476847,519672
41069,Wheeler County,,OR,118,1362,1480
41071,Yamhill County,,OR,5989,82361,88350
42001,Adams County,,PA,6191,131062,137253
42003,Allegheny County,,PA,54055,1504085,1558140
42005,Armstrong County,,PA,3644,93975,97619
42007,Beaver County,,PA,7888,211452,219340
42009,Bedford County,,PA,2134,63091,65225
42011,Berks County,,PA,16442,468429,484871
42013,Blair County,,PA,5019,149301,154320
42015,Bradford County,,PA,3110,74099,77209
42017,Bucks County,,PA,38984,785585,824569
42019,Butler County,,PA,9250,214549,223799
42021,Cambria County,,PA,5892,175065,180957
42023,Cameron County,,PA,288,7122,7410
42025,Carbon County,,PA,3531,74103,77634
42027,Centre County,,PA,9256,132841,142097
42029,Chester County,,PA,30266,537040,567306
42031,Clarion County,,PA,2104,45045,47149
42033,Clearfield County,,PA,3554,91907,95461
42035,Clinton County,,PA,2077,39991,42068
42037,Columbia County,,PA,3311,77878,81189
42039,Crawford County,,PA,4571,104734,109305
42041,Cumberland County,,PA,16088,266893,282981
42043,Dauphin County,,PA,16928,322511,339439
42045,Delaware County,,PA,33573,637155,670728
42047,Elk County,,PA,1383,43737,45120
42049,Erie County,,PA,10948,322712,333660
42051,Fayette County,,PA,5274,171252,176526
42053,Forest County,,PA,377,5583,5960
42055,Franklin County,,PA,5852,160287,166139
42057,Fulton County,,PA,709,17309,18018
42059,Greene County,,PA,1865,41876,43741
42061,Huntingdon County,,PA,1851,49540,51391
42063,Indiana County,,PA,4363,98554,102917
42065,Jefferson County,,PA,2447,53843,56290
42067,Juniata County,,PA,984,28453,29437
42069,Lackawanna County,,PA,8002,243223,251225
42071,Lancaster County,,PA,18626,585852,604478
42073,Lawrence County,,PA,3613,108909,112522
42075,Lebanon County,,PA,5797,144740,150537
42077,Lehigh County,,PA,20276,374958,395234
42079,Luzerne County,,PA,10790,361301,372091
42081,Lycoming County,,PA,5286,138788,144074
42083,McKean County,,PA,2159,50958,53117
42085,Mercer County,,PA,5324,134784,140108
42087,Mifflin County,,PA,1722,54661,56383
42089,Monroe County,,PA,9732,155579,165311
42091,Montgomery County,,PA,51844,866844,918688
42093,Montour County,,PA,1339,18339,19678
42095,Northampton County,,PA,15483,316915,332398
42097,Northumberland County,,PA,4491,104838,109329
42099,Perry County,,PA,2600,54625,57225
42101,Philadelphia County,,PA,78562,1455680,1534242
42103,Pike County,,PA,3746,51973,55719
42105,Potter County,,PA,1194,20601,21795
42107,Schuylkill County,,PA,5069,170707,175776
42109,Snyder County,,PA,1934,40613,42547
42111,Somerset County,,PA,2767,89076,91843
42113,Sullivan County,,PA,418,6268,6686
42115,Susquehanna County,,PA,2640,51184,53824
42117,Tioga County,,PA,2351,47620,49971
42119,Union County,,PA,2825,41557,44382
42121,Venango County,,PA,2710,65177,67887
42123,Warren County,,PA,2096,50101,52197
42125,Washington County,,PA,9261,231320,240581
42127,Wayne County,,PA,2919,51426,54345
42129,Westmoreland County,,PA,15122,419677,434799
42131,Wyoming County,,PA,1872,30461,32333
42133,York County,,PA,16849,460542,477391
44001,Bristol County,,RI,3350,56246,59596
44003,Kent County,,RI,12198,198371,210569
44005,Newport County,,RI,9595,93822,103417
44007,Providence County,,RI,29265,661085,690350
44009,Washington County,,RI,8047,141142,149189
45001,Abbeville County,,SC,1500,28830,30330
45003,Aiken County,,SC,8651,168839,177490
45005,Allendale County,,SC,620,10824,11444
45007,Anderson County,,SC,10322,201529,211851
45009,Bamberg County,,SC,1002,16512,17514
45011,Barnwell County,,SC,1201,22390,23591
45013,Beaufort County,,SC,14248,135189,149437
45015,Berkeley County,,SC,19474,158802,178276
45017,Calhoun County,,SC,1121,16179,17300
45019,Charleston County,,SC,28464,324312,352776
45021,Cherokee County,,SC,2698,61105,63803
45023,Chester County,,SC,2143,40305,42448
45025,Chesterfield County,,SC,2529,48231,50760
45027,Clarendon County,,SC,2241,36514,38755
45029,Colleton County,,SC,2205,41959,44164
45031,Darlington County,,SC,3831,78811,82642
45033,Dillon County,,SC,1669,34630,36299
45035,Dorchester County,,SC,8664,88245,96909
45037,Edgefield County,,SC,1202,19324,20526
45039,Fairfield County,,SC,1452,26644,28096
45041,Florence County,,SC,7414,135464,142878
45043,Georgetown County,,SC,3724,67062,70786
45045,Greenville County,,SC,27132,428971,456103
45047,Greenwood County,,SC,3672,72964,76636
45049,Hampton County,,SC,1197,22024,23221
45051,Horry County,,SC,14487,212293,226780
45053,Jasper County,,SC,823,8884,9707
45055,Kershaw County,,SC,3530,64298,67828
45057,Lancaster County,,SC,3427,69245,72672
45059,Laurens County,,SC,3798,71621,75419
45061,Lee County,,SC,1578,23520,25098
45063,Lexington County,,SC,18828,263424,282252
45065,McCormick County,,SC,627,9859,10486
45067,Marion County,,SC,1951,37062,39013
45069,Marlboro County,,SC,1630,32112,33742
45071,Newberry County,,SC,1730,39801,41531
45073,Oconee County,,SC,3382,75844,79226
45075,Orangeburg County,,SC,4847,93862,98709
45077,Pickens County,,SC,8119,107495,115614
45079,Richland County,,SC,28779,315668,344447
45081,Saluda County,,SC,917,14356,15273
45083,Spartanburg County,,SC,12045,270773,282818
45085,Sumter County,,SC,8755,107595,116350
45087,Union County,,SC,1315,33470,34785
45089,Williamsburg County,,SC,1907,36459,38366
45091,York County,,SC,10308,187140,197448
46003,Aurora County,,SD,303,3973,4276
46005,Beadle County,,SD,1386,19762,21148
46007,Bennett County,,SD,231,3241,3472
46009,Bon Homme County,,SD,532,7320,7852
46011,Brookings County,,SD,2853,28639,31492
46013,Brown County,,SD,2440,41502,43942
46015,Brule County,,SD,497,5401,5898
46017,Buffalo County,,SD,170,1908,2078
46019,Butte County,,SD,956,10193,11149
46021,Campbell County,,SD,137,2478,2615
46023,Charles Mix County,,SD,611,10139,10750
46025,Clark County,,SD,298,4420,4718
46027,Clay County,,SD,1873,12023,13896
46029,Codington County,,SD,2154,30826,32980
46031,Corson County,,SD,325,3990,4315
46033,Custer County,,SD,867,7401,8268
46035,Davison County,,SD,1752,20967,22719
46037,Day County,,SD,438,7110,7548
46039,Deuel County,,SD,391,6198,6589
46041,Dewey County,,SD,486,6480,6966
46043,Douglas County,,SD,213,4189,4402
46045,Edmunds County,,SD,322,4787,5109
46047,Fall River County,,SD,777,7465,8242
46049,Faulk County,,SD,167,2706,2873
46051,Grant County,,SD,481,9951,10432
46053,Gregory County,,SD,309,5666,5975
46055,Haakon County,,SD,185,2804,2989
46057,Hamlin County,,SD,419,5830,6249
46059,Hand County,,SD,223,4504,4727
46061,Hanson County,,SD,321,4236,4557
46063,Harding County,,SD,91,1644,1735
46065,Hughes County,,SD,1593,19423,21016
46067,Hutchinson County,,SD,555,9046,9601
46069,Hyde County,,SD,140,1841,1981
46071,Jackson County,,SD,179,2784,2963
46073,Jerauld County,,SD,189,2494,2683
46075,Jones County,,SD,89,1364,1453
46077,Kingsbury County,,SD,388,6328,6716
46079,Lake County,,SD,900,12466,13366
46081,Lawrence County,,SD,2627,23259,25886
46083,Lincoln County,,SD,3245,33336,36581
46085,Lyman County,,SD,336,4334,4670
46087,McCook County,,SD,526,6578,7104
46089,McPherson County,,SD,163,2888,3051
46091,Marshall County,,SD,319,5594,5913
46093,Meade County,,SD,4883,31083,35966
46095,Mellette County,,SD,174,2046,2220
46097,Miner County,,SD,174,2599,2773
46099,Minnehaha County,,SD,13708,179971,193679
46101,Moody County,,SD,609,7211,7820
46103,Pennington County,,SD,8756,97172,105928
46105,Perkins County,,SD,228,4092,4320
46107,Potter County,,SD,189,3198,3387
46109,Roberts County,,SD,734,10204,10938
46111,Sanborn County,,SD,182,2887,3069
46113,Shannon County,,SD,560,10538,11098
46115,Spink County,,SD,526,7449,7975
46117,Stanley County,,SD,439,3290,3729
46119,Sully County,,SD,115,1700,1815
46121,Todd County,,SD,534,7707,8241
46123,Tripp County,,SD,372,6896,7268
46125,Turner County,,SD,767,9204,9971
46127,Union County,,SD,1526,14235,15761
46129,Walworth County,,SD,515,6612,7127
46135,Yankton County,,SD,1640,24252,25892
46137,Ziebach County,,SD,141,1171,1312
47001,Anderson County,,TN,5892,87951,93843
47003,Bedford County,,TN,2537,43258,45795
47005,Benton County,,TN,1142,18086,19228
47007,Bledsoe County,,TN,653,10385,11038
47009,Blount County,,TN,6678,125827,132505
47011,Bradley County,,TN,5984,97599,103583
47013,Campbell County,,TN,1823,38813,40636
47015,Cannon County,,TN,1305,16787,18092
47017,Carroll County,,TN,2945,41034,43979
47019,Carter County,,TN,3675,59038,62713
47021,Cheatham County,,TN,3828,45157,48985
47023,Chester County,,TN,1441,18067,19508
47025,Claiborne County,,TN,1734,32312,34046
47027,Clay County,,TN,442,8655,9097
47029,Cocke County,,TN,1575,37685,39260
47031,Coffee County,,TN,3542,54639,58181
47033,Crockett County,,TN,1323,17975,19298
47035,Cumberland County,,TN,2544,57040,59584
47037,Davidson County,,TN,57093,620772,677865
47039,Decatur County,,TN,827,12640,13467
47041,DeKalb County,,TN,1352,20996,22348
47043,Dickson County,,TN,3310,48106,51416
47045,Dyer County,,TN,2557,41320,43877
47047,Fayette County,,TN,4107,51309,55416
47049,Fentress County,,TN,660,17810,18470
47051,Franklin County,,TN,2299,40998,43297
47053,Gibson County,,TN,3051,56393,59444
47055,Giles County,,TN,2248,36496,38744
47057,Grainger County,,TN,1258,20820,22078
47059,Greene County,,TN,3044,73476,76520
47061,Grundy County,,TN,546,14927,15473
47063,Hamblen County,,TN,4443,64869,69312
47065,Hamilton County,,TN,19118,354399,373517
47067,Hancock County,,TN,268,5750,6018
47069,Hardeman County,,TN,1609,27122,28731
47071,Hardin County,,TN,1489,28494,29983
47073,Hawkins County,,TN,3506,56737,60243
47075,Haywood County,,TN,1550,22218,23768
47077,Henderson County,,TN,1530,26440,27970
47079,Henry County,,TN,1911,34051,35962
47081,Hickman County,,TN,1440,21472,22912
47083,Houston County,,TN,593,9146,9739
47085,Humphreys County,,TN,1199,19038,20237
47087,Jackson County,,TN,1077,14895,15972
47089,Jefferson County,,TN,4847,52708,57555
47091,Johnson County,,TN,709,15932,16641
47093,Knox County,,TN,25799,411108,436907
47095,Lake County,,TN,349,6088,6437
47097,Lauderdale County,,TN,1490,26182,27672
47099,Lawrence County,,TN,1801,43839,45640
47101,Lewis County,,TN,764,11210,11974
47103,Lincoln County,,TN,1559,33870,35429
47105,Loudon County,,TN,3007,46324,49331
47107,McMinn County,,TN,2837,54028,56865
47109,McNairy County,,TN,1507,25462,26969
47111,Macon County,,TN,1360,22727,24087
47113,Madison County,,TN,6423,91379,97802
47115,Marion County,,TN,1519,29894,31413
47117,Marshall County,,TN,1843,31523,33366
47119,Maury County,,TN,4815,82079,86894
47121,Meigs County,,TN,907,10567,11474
47123,Monroe County,,TN,2166,40802,42968
47125,Montgomery County,,TN,19210,137897,157107
47127,Moore County,,TN,374,5369,5743
47129,Morgan County,,TN,1447,25224,26671
47131,Obion County,,TN,2111,35588,37699
47133,Overton County,,TN,1300,23893,25193
47135,Perry County,,TN,501,7820,8321
47137,Pickett County,,TN,226,4331,4557
47139,Polk County,,TN,1331,15866,17197
47141,Putnam County,,TN,4628,60319,64947
47143,Rhea County,,TN,1624,30918,32542
47145,Roane County,,TN,2681,46032,48713
47147,Robertson County,,TN,5072,69112,74184
47149,Rutherford County,,TN,15481,205545,221026
47151,Scott County,,TN,772,20832,21604
47153,Sequatchie County,,TN,660,10388,11048
47155,Sevier County,,TN,5614,68609,74223
47157,Shelby County,,TN,51091,1016215,1067306
47159,Smith County,,TN,1232,18887,20119
47161,Stewart County,,TN,1061,12428,13489
47163,Sullivan County,,TN,9437,173307,182744
47165,Sumner County,,TN,10596,135733,146329
47167,Tipton County,,TN,3849,50646,54495
47169,Trousdale County,,TN,489,6802,7291
47171,Unicoi County,,TN,1208,19150,20358
47173,Union County,,TN,1382,18091,19473
47175,Van Buren County,,TN,321,4981,5302
47177,Warren County,,TN,1856,38653,40509
47179,Washington County,,TN,8176,109491,117667
47181,Wayne County,,TN,697,14867,15564
47183,Weakley County,,TN,2080,32991,35071
47185,White County,,TN,1112,20253,21365
47187,Williamson County,,TN,12245,135499,147744
47189,Wilson County,,TN,7687,103084,110771
48001,Anderson County,,TX,3256,43412,46668
48003,Andrews County,,TX,994,14185,15179
48005,Angelina County,,TX,5356,84657,90013
48007,Aransas County,,TX,2146,20779,22925
48009,Archer County,,TX,1121,10429,11550
48011,Armstrong County,,TX,257,2134,2391
48013,Atascosa County,,TX,3469,44581,48050
48015,Austin County,,TX,2047,28219,30266
48017,Bailey County,,TX,693,7227,7920
48019,Bandera County,,TX,1569,18346,19915
48021,Bastrop County,,TX,5869,62418,68287
48023,Baylor County,,TX,351,3797,4148
48025,Bee County,,TX,2133,24491,26624
48027,Bell County,,TX,47541,258526,306067
48029,Bexar County,,TX,81631,1561489,1643120
48031,Blanco County,,TX,1167,11971,13138
48033,Borden County,,TX,0,0,0
48035,Bosque County,,TX,1690,17998,19688
48037,Bowie County,,TX,6668,92344,99012
48039,Brazoria County,,TX,18032,268330,286362
48041,Brazos County,,TX,14674,123905,138579
48043,Brewster County,,TX,1027,8370,9397
48045,Briscoe County,,TX,121,1885,2006
48047,Brooks County,,TX,418,7783,8201
48049,Brown County,,TX,2757,36555,39312
48051,Burleson County,,TX,1512,17280,18792
48053,Burnet County,,TX,3451,36036,39487
48055,Caldwell County,,TX,3919,36623,40542
48057,Calhoun County,,TX,1951,21988,23939
48059,Callahan County,,TX,1225,13029,14254
48061,Cameron County,,TX,16493,348242,364735
48063,Camp County,,TX,1244,14838,16082
48065,Carson County,,TX,666,7498,8164
48067,Cass County,,TX,2335,35085,37420
48069,Castro County,,TX,827,8134,8961
48071,Chambers County,,TX,4416,46527,50943
48073,Cherokee County,,TX,3302,46994,50296
48075,Childress County,,TX,565,6309,6874
48077,Clay County,,TX,1056,11402,12458
48079,Cochran County,,TX,424,3677,4101
48081,Coke County,,TX,373,3736,4109
48083,Coleman County,,TX,846,9054,9900
48085,Collin County,,TX,61196,580404,641600
48087,Collingsworth County,,TX,281,3086,3367
48089,Colorado County,,TX,1276,20827,22103
48091,Comal County,,TX,7508,88617,96125
48093,Comanche County,,TX,1164,14461,15625
48095,Concho County,,TX,292,2617,2909
48097,Cooke County,,TX,2936,40033,42969
48099,Coryell County,,TX,14954,54554,69508
48101,Cottle County,,TX,170,1900,2070
48103,Crane County,,TX,392,4225,4617
48105,Crockett County,,TX,292,4016,4308
48107,Crosby County,,TX,829,7942,8771
48109,Culberson County,,TX,318,3101,3419
48111,Dallam County,,TX,848,7229,8077
48113,Dallas County,,TX,193758,2287707,2481465
48115,Dawson County,,TX,1300,13424,14724
48117,Deaf Smith County,,TX,1547,19651,21198
48119,Delta County,,TX,551,5054,5605
48121,Denton County,,TX,50824,455255,506079
48123,DeWitt County,,TX,1416,20924,22340
48125,Dickens County,,TX,256,2111,2367
48127,Dimmit County,,TX,693,10059,10752
48129,Donley County,,TX,288,3543,3831
48131,Duval County,,TX,905,14849,15754
48133,Eastland County,,TX,1436,17422,18858
48135,Ector County,,TX,7954,132321,140275
48137,Edwards County,,TX,285,4139,4424
48139,Ellis County,,TX,9745,124043,133788
48141,El Paso County,,TX,44169,775213,819382
48143,Erath County,,TX,3136,30537,33673
48145,Falls County,,TX,1380,15853,17233
48147,Fannin County,,TX,2258,29190,31448
48149,Fayette County,,TX,1549,24630,26179
48151,Fisher County,,TX,356,4082,4438
48153,Floyd County,,TX,735,7734,8469
48155,Foard County,,TX,175,1593,1768
48157,Fort Bend County,,TX,32253,418539,450792
48159,Franklin County,,TX,1142,12196,13338
48161,Freestone County,,TX,1343,17740,19083
48163,Frio County,,TX,1078,14202,15280
48165,Gaines County,,TX,1231,14581,15812
48167,Galveston County,,TX,20697,277708,298405
48169,Garza County,,TX,418,3700,4118
48171,Gillespie County,,TX,1451,23873,25324
48173,Glasscock County,,TX,155,2581,2736
48175,Goliad County,,TX,934,10174,11108
48177,Gonzales County,,TX,1173,18925,20098
48179,Gray County,,TX,1788,22260,24048
48181,Grayson County,,TX,7526,114746,122272
48183,Gregg County,,TX,10540,135180,145720
48185,Grimes County,,TX,1894,22604,24498
48187,Guadalupe County,,TX,8466,91455,99921
48189,Hale County,,TX,3420,37051,40471
48191,Hall County,,TX,373,3394,3767
48193,Hamilton County,,TX,575,6694,7269
48195,Hansford County,,TX,564,5702,6266
48197,Hardeman County,,TX,425,4630,5055
48199,Hardin County,,TX,4042,52537,56579
48201,Harris County,,TX,191854,3584495,3776349
48203,Harrison County,,TX,4258,55582,59840
48205,Hartley County,,TX,358,3423,3781
48207,Haskell County,,TX,548,6043,6591
48209,Hays County,,TX,10970,92436,103406
48211,Hemphill County,,TX,340,3498,3838
48213,Henderson County,,TX,6043,75160,81203
48215,Hidalgo County,,TX,23931,587369,611300
48217,Hill County,,TX,2619,32357,34976
48219,Hockley County,,TX,2059,23500,25559
48221,Hood County,,TX,3806,43555,47361
48223,Hopkins County,,TX,2396,32591,34987
48225,Houston County,,TX,1302,20651,21953
48227,Howard County,,TX,2243,30421,32664
48229,Hudspeth County,,TX,405,3312,3717
48231,Hunt County,,TX,7083,79292,86375
48233,Hutchinson County,,TX,2040,25518,27558
48235,Irion County,,TX,399,1882,2281
48237,Jack County,,TX,664,7341,8005
48239,Jackson County,,TX,1104,15288,16392
48241,Jasper County,,TX,2733,37803,40536
48243,Jeff Davis County,,TX,269,2108,2377
48245,Jefferson County,,TX,14706,256518,271224
48247,Jim Hogg County,,TX,342,5327,5669
48249,Jim Wells County,,TX,2660,39600,42260
48251,Johnson County,,TX,11254,143256,154510
48253,Jones County,,TX,1499,15418,16917
48255,Karnes County,,TX,890,12998,13888
48257,Kaufman County,,TX,6925,76239,83164
48259,Kendall County,,TX,1972,25131,27103
48261,Kenedy County,,TX,0,0,0
48263,Kent County,,TX,70,959,1029
48265,Kerr County,,TX,3450,44785,48235
48267,Kimble County,,TX,393,4331,4724
48269,King County,,TX,0,0,0
48271,Kinney County,,TX,346,3203,3549
48273,Kleberg County,,TX,3142,30008,33150
48275,Knox County,,TX,365,3969,4334
48277,Lamar County,,TX,3091,51462,54553
48279,Lamb County,,TX,1270,14695,15965
48281,Lampasas County,,TX,1624,16903,18527
48283,La Salle County,,TX,393,5564,5957
48285,Lavaca County,,TX,1043,19974,21017
48287,Lee County,,TX,1218,16047,17265
48289,Leon County,,TX,1287,15673,16960
48291,Liberty County,,TX,5574,66153,71727
48293,Limestone County,,TX,1528,20534,22062
48295,Lipscomb County,,TX,248,3048,3296
48297,Live Oak County,,TX,969,9962,10931
48299,Llano County,,TX,1318,13561,14879
48301,Loving County,,TX,0,0,0
48303,Lubbock County,,TX,18163,242216,260379
48305,Lynn County,,TX,651,6539,7190
48307,McCulloch County,,TX,788,8293,9081
48309,McLennan County,,TX,12927,215742,228669
48311,McMullen County,,TX,68,777,845
48313,Madison County,,TX,1013,10441,11454
48315,Marion County,,TX,744,7912,8656
48317,Martin County,,TX,411,4374,4785
48319,Mason County,,TX,297,3547,3844
48321,Matagorda County,,TX,2743,39428,42171
48323,Maverick County,,TX,3451,55567,59018
48325,Medina County,,TX,2960,37717,40677
48327,Menard County,,TX,260,2242,2502
48329,Midland County,,TX,8992,124098,133090
48331,Milam County,,TX,1736,25000,26736
48333,Mills County,,TX,308,4608,4916
48335,Mitchell County,,TX,605,6925,7530
48337,Montague County,,TX,1495,18415,19910
48339,Montgomery County,,TX,24407,305496,329903
48341,Moore County,,TX,2161,21270,23431
48343,Morris County,,TX,1163,15418,16581
48345,Motley County,,TX,121,1217,1338
48347,Nacogdoches County,,TX,4603,54604,59207
48349,Navarro County,,TX,3108,44340,47448
48351,Newton County,,TX,975,9729,10704
48353,Nolan County,,TX,1439,16160,17599
48355,Nueces County,,TX,23358,332668,356026
48357,Ochiltree County,,TX,829,9434,10263
48359,Oldham County,,TX,245,2169,2414
48361,Orange County,,TX,5783,92871,98654
48363,Palo Pinto County,,TX,2207,26804,29011
48365,Panola County,,TX,1567,24171,25738
48367,Parker County,,TX,8981,100806,109787
48369,Parmer County,,TX,1108,10445,11553
48371,Pecos County,,TX,1187,14229,15416
48373,Polk County,,TX,5288,53634,58922
48375,Potter County,,TX,13170,120615,133785
48377,Presidio County,,TX,1050,9966,11016
48379,Rains County,,TX,1000,9419,10419
48381,Randall County,,TX,11057,95650,106707
48383,Reagan County,,TX,289,3607,3896
48385,Real County,,TX,357,2944,3301
48387,Red River County,,TX,1065,13782,14847
48389,Reeves County,,TX,1116,12789,13905
48391,Refugio County,,TX,627,8452,9079
48393,Roberts County,,TX,98,847,945
48395,Robertson County,,TX,1562,16314,17876
48397,Rockwall County,,TX,4415,41196,45611
48399,Runnels County,,TX,1040,12061,13101
48401,Rusk County,,TX,3199,42680,45879
48403,Sabine County,,TX,818,10338,11156
48405,San Augustine County,,TX,609,8341,8950
48407,San Jacinto County,,TX,1851,18867,20718
48409,San Patricio County,,TX,6867,66170,73037
48411,San Saba County,,TX,454,5612,6066
48413,Schleicher County,,TX,257,3166,3423
48415,Scurry County,,TX,1227,15329,16556
48417,Shackelford County,,TX,271,3577,3848
48419,Shelby County,,TX,1376,23886,25262
48421,Sherman County,,TX,251,2496,2747
48423,Smith County,,TX,12321,186984,199305
48425,Somervell County,,TX,705,7057,7762
48427,Starr County,,TX,2941,56427,59368
48429,Stephens County,,TX,821,9528,10349
48431,Sterling County,,TX,141,1266,1407
48433,Stonewall County,,TX,182,1624,1806
48435,Sutton County,,TX,399,4660,5059
48437,Swisher County,,TX,831,7905,8736
48439,Tarrant County,,TX,110596,1564205,1674801
48441,Taylor County,,TX,12994,129159,142153
48443,Terrell County,,TX,119,945,1064
48445,Terry County,,TX,992,12029,13021
48447,Throckmorton County,,TX,208,1799,2007
48449,Titus County,,TX,1997,24229,26226
48451,Tom Green County,,TX,10731,108158,118889
48453,Travis County,,TX,93654,841093,934747
48455,Trinity County,,TX,1134,12731,13865
48457,Tyler County,,TX,1423,17531,18954
48459,Upshur County,,TX,2702,32896,35598
48461,Upton County,,TX,357,3526,3883
48463,Uvalde County,,TX,1901,27959,29860
48465,Val Verde County,,TX,4607,45943,50550
48467,Van Zandt County,,TX,3265,43690,46955
48469,Victoria County,,TX,6140,89143,95283
48471,Walker County,,TX,4578,43183,47761
48473,Waller County,,TX,2324,24184,26508
48475,Ward County,,TX,1042,10947,11989
48477,Washington County,,TX,2124,31099,33223
48479,Webb County,,TX,8378,220992,229370
48481,Wharton County,,TX,2551,45535,48086
48483,Wheeler County,,TX,541,5310,5851
48485,Wichita County,,TX,13842,126046,139888
48487,Wilbarger County,,TX,1111,14391,15502
48489,Willacy County,,TX,1329,19342,20671
48491,Williamson County,,TX,30069,249271,279340
48493,Wilson County,,TX,2077,32534,34611
48495,Winkler County,,TX,683,7350,8033
48497,Wise County,,TX,4359,48504,52863
48499,Wood County,,TX,2292,28350,30642
48501,Yoakum County,,TX,710,8073,8783
48503,Young County,,TX,1414,17242,18656
48505,Zapata County,,TX,543,11653,12196
48507,Zavala County,,TX,782,11185,11967
49001,Beaver County,,UT,519,6438,6957
49003,Box Elder County,,UT,3154,50169,53323
49005,Cache County,,UT,8634,95095,103729
49007,Carbon County,,UT,1630,21568,23198
49009,Daggett County,,UT,132,824,956
49011,Davis County,,UT,24821,277999,302820
49013,Duchesne County,,UT,1205,16240,17445
49015,Emery County,,UT,850,11815,12665
49017,Garfield County,,UT,481,4912,5393
49019,Grand County,,UT,720,8559,9279
49021,Iron County,,UT,3638,32697,36335
49023,Juab County,,UT,661,8917,9578
49025,Kane County,,UT,601,5881,6482
49027,Millard County,,UT,951,12992,13943
49029,Morgan County,,UT,618,8490,9108
49031,Piute County,,UT,119,1366,1485
49033,Rich County,,UT,161,2015,2176
49035,Salt Lake County,,UT,60951,993210,1054161
49037,San Juan County,,UT,1224,8870,10094
49039,Sanpete County,,UT,1737,21685,23422
49041,Sevier County,,UT,1298,19989,21287
49043,Summit County,,UT,3489,31537,35026
49045,Tooele County,,UT,4092,48278,52370
49047,Uintah County,,UT,1728,25784,27512
49049,Utah County,,UT,30691,384014,414705
49051,Wasatch County,,UT,1480,16170,17650
49053,Washington County,,UT,7117,90712,97829
49055,Wayne County,,UT,252,2648,2900
49057,Weber County,,UT,16335,216561,232896
50001,Addison County,,VT,2387,41015,43402
50003,Bennington County,,VT,2268,42755,45023
50005,Caledonia County,,VT,1875,33565,35440
50007,Chittenden County,,VT,11816,180708,192524
50009,Essex County,,VT,571,7367,7938
50011,Franklin County,,VT,2370,46352,48722
50013,Grand Isle County,,VT,797,8056,8853
50015,Lamoille County,,VT,1926,25782,27708
50017,Orange County,,VT,2358,34179,36537
50019,Orleans County,,VT,1430,30290,31720
50021,Rutland County,,VT,3373,73433,76806
50023,Washington County,,VT,3933,65360,69293
50025,Windham County,,VT,3240,50350,53590
50027,Windsor County,,VT,4529,67544,72073
51001,Accomack County,,VA,1801,37955,39756
51003,Albemarle County,,VA,11145,107161,118306
51005,Alleghany County,,VA,858,20769,21627
51007,Amelia County,,VA,977,14479,15456
51009,Amherst County,,VA,2138,33608,35746
51011,Appomattox County,,VA,937,16604,17541
51013,Arlington County,,VA,41056,203144,244200
51015,Augusta County,,VA,4532,94833,99365
51017,Bath County,,VA,332,6166,6498
51019,Bedford County,,VA,6059,85426,91485
51021,Bland County,,VA,439,6999,7438
51023,Botetourt County,,VA,3205,43695,46900
51025,Brunswick County,,VA,1265,18412,19677
51027,Buchanan County,,VA,1354,24188,25542
51029,Buckingham County,,VA,769,14436,15205
51031,Campbell County,,VA,5351,67382,72733
51033,Caroline County,,VA,2087,27277,29364
51035,Carroll County,,VA,1672,36442,38114
51036,Charles City County,,VA,714,9595,10309
51037,Charlotte County,,VA,636,14441,15077
51041,Chesterfield County,,VA,23959,324882,348841
51043,Clarke County,,VA,1259,13775,15034
51045,Craig County,,VA,271,5527,5798
51047,Culpeper County,,VA,2635,39685,42320
51049,Cumberland County,,VA,701,9470,10171
51051,Dickenson County,,VA,607,14881,15488
51053,Dinwiddie County,,VA,1834,25927,27761
51057,Essex County,,VA,684,11585,12269
51059,Fairfax County,,VA,123255,1132536,1255791
51061,Fauquier County,,VA,5467,64697,70164
51063,Floyd County,,VA,916,17022,17938
51065,Fluvanna County,,VA,1591,20166,21757
51067,Franklin County,,VA,2970,55777,58747
51069,Frederick County,,VA,5752,82373,88125
51071,Giles County,,VA,830,19201,20031
51073,Gloucester County,,VA,2680,40277,42957
51075,Goochland County,,VA,2196,24820,27016
51077,Grayson County,,VA,872,20150,21022
51079,Greene County,,VA,1142,14773,15915
51081,Greensville County,,VA,795,13299,14094
51083,Halifax County,,VA,1621,40627,42248
51085,Hanover County,,VA,6866,102514,109380
51087,Henrico County,,VA,29711,320522,350233
51089,Henry County,,VA,3337,69275,72612
51091,Highland County,,VA,153,2745,2898
51093,Isle of Wight County,,VA,2544,34926,37470
51095,James City County,,VA,5362,65448,70810
51097,King and Queen County,,VA,485,6564,7049
51099,King George County,,VA,2295,19324,21619
51101,King William County,,VA,945,16276,17221
51103,Lancaster County,,VA,719,13981,14700
51105,Lee County,,VA,778,22219,22997
51107,Loudoun County,,VA,20746,215325,236071
51109,Louisa County,,VA,1720,26663,28383
51111,Lunenburg County,,VA,628,11913,12541
51113,Madison County,,VA,813,13442,14255
51115,Mathews County,,VA,639,9600,10239
51117,Mecklenburg County,,VA,1869,32816,34685
51119,Middlesex County,,VA,647,10461,11108
51121,Montgomery County,,VA,7803,70530,78333
51125,Nelson County,,VA,966,15754,16720
51127,New Kent County,,VA,1215,15689,16904
51131,Northampton County,,VA,700,13820,14520
51133,Northumberland County,,VA,664,12589,13253
51135,Nottoway County,,VA,1009,15461,16470
51137,Orange County,,VA,2374,30894,33268
51139,Page County,,VA,1099,28523,29622
51141,Patrick County,,VA,838,17534,18372
51143,Pittsylvania County,,VA,4236,89922,94158
51145,Powhatan County,,VA,1434,22565,23999
51147,Prince Edward County,,VA,1114,14905,16019
51149,Prince George County,,VA,6025,33361,39386
51153,Prince William County,,VA,43783,340618,384401
51155,Pulaski County,,VA,2225,38418,40643
51157,Rappahannock County,,VA,670,7785,8455
51159,Richmond County,,VA,548,8573,9121
51161,Roanoke County,,VA,10724,122552,133276
51163,Rockbridge County,,VA,1585,27853,29438
51165,Rockingham County,,VA,5609,91561,97170
51167,Russell County,,VA,1451,30176,31627
51169,Scott County,,VA,1082,23156,24238
51171,Shenandoah County,,VA,2230,41545,43775
51173,Smyth County,,VA,1559,39476,41035
51175,Southampton County,,VA,1196,19042,20238
51177,Spotsylvania County,,VA,9356,110519,119875
51179,Stafford County,,VA,12390,107001,119391
51181,Surry County,,VA,447,7095,7542
51183,Sussex County,,VA,723,10106,10829
51185,Tazewell County,,VA,2230,39847,42077
51187,Warren County,,VA,2713,35702,38415
51191,Washington County,,VA,3493,60202,63695
51193,Westmoreland County,,VA,1185,17563,18748
51195,Wise County,,VA,1788,39561,41349
51197,Wythe County,,VA,1538,27765,29303
51199,York County,,VA,9138,58792,67930
51510,Alexandria city,,VA,32543,129275,161818
51515,Bedford city,,VA,311,3583,3894
51520,Bristol city,,VA,1627,11699,13326
51530,Buena Vista city,,VA,437,4969,5406
51540,Charlottesville city,,VA,5044,23382,28426
51550,Chesapeake city,,VA,24093,218601,242694
51570,Colonial Heights city,,VA,1899,16034,17933
51580,Covington city,,VA,392,6191,6583
51590,Danville city,,VA,2448,30769,33217
51595,Emporia city,,VA,275,3746,4021
51600,Fairfax city,,VA,3073,17310,20383
51610,Falls Church city,,VA,1897,9360,11257
51620,Franklin city,,VA,741,7631,8372
51630,Fredericksburg city,,VA,3471,13304,16775
51640,Galax city,,VA,129,1730,1859
51650,Hampton city,,VA,19706,141119,160825
51660,Harrisonburg city,,VA,3257,15313,18570
51670,Hopewell city,,VA,2634,22534,25168
51678,Lexington city,,VA,297,2406,2703
51680,Lynchburg city,,VA,5450,46481,51931
51683,Manassas city,,VA,3943,23269,27212
51685,Manassas Park city,,VA,1395,7237,8632
51690,Martinsville city,,VA,982,11380,12362
51700,Newport News city,,VA,27734,183061,210795
51710,Norfolk city,,VA,34172,212049,246221
51720,Norton city,,VA,333,4086,4419
51730,Petersburg city,,VA,3677,32802,36479
51735,Poquoson city,,VA,1192,13706,14898
51740,Portsmouth city,,VA,12131,99103,111234
51750,Radford city,,VA,1672,9393,11065
51760,Richmond city,,VA,21929,158050,179979
51770,Roanoke city,,VA,9266,75467,84733
51775,Salem city,,VA,2168,18577,20745
51790,Staunton city,,VA,1488,15056,16544
51800,Suffolk city,,VA,5962,71952,77914
51810,Virginia Beach city,,VA,55201,462766,517967
51820,Waynesboro city,,VA,1653,16732,18385
51830,Williamsburg city,,VA,975,4092,5067
51840,Winchester city,,VA,2759,16638,19397
53001,Adams County,,WA,1455,18462,19917
53003,Asotin County,,WA,2218,22146,24364
53005,Benton County,,WA,10660,161644,172304
53007,Chelan County,,WA,6044,71494,77538
53009,Clallam County,,WA,3738,71481,75219
53011,Clark County,,WA,23210,396605,419815
53013,Columbia County,,WA,494,5192,5686
53015,Cowlitz County,,WA,5496,100421,105917
53017,Douglas County,,WA,3366,34073,37439
53019,Ferry County,,WA,756,7570,8326
53021,Franklin County,,WA,4513,49042,53555
53023,Garfield County,,WA,75,1157,1232
53025,Grant County,,WA,4974,73231,78205
53027,Grays Harbor County,,WA,4261,69373,73634
53029,Island County,,WA,10585,75457,86042
53031,Jefferson County,,WA,2098,29118,31216
53033,King County,,WA,133876,2002594,2136470
53035,Kitsap County,,WA,21781,259007,280788
53037,Kittitas County,,WA,3016,31316,34332
53039,Klickitat County,,WA,1681,19970,21651
53041,Lewis County,,WA,4587,73143,77730
53043,Lincoln County,,WA,847,11165,12012
53045,Mason County,,WA,4117,54217,58334
53047,Okanogan County,,WA,2870,39349,42219
53049,Pacific County,,WA,1489,20082,21571
53051,Pend Oreille County,,WA,1380,15445,16825
53053,Pierce County,,WA,57846,775997,833843
53055,San Juan County,,WA,1107,15446,16553
53057,Skagit County,,WA,7928,121858,129786
53059,Skamania County,,WA,706,8667,9373
53061,Snohomish County,,WA,50733,695448,746181
53063,Spokane County,,WA,25080,463704,488784
53065,Stevens County,,WA,3005,36638,39643
53067,Thurston County,,WA,17731,235255,252986
53069,Wahkiakum County,,WA,259,3764,4023
53071,Walla Walla County,,WA,3719,52845,56564
53073,Whatcom County,,WA,10945,174952,185897
53075,Whitman County,,WA,4420,31955,36375
53077,Yakima County,,WA,11264,234532,245796
54001,Barbour County,,WV,721,15730,16451
54003,Berkeley County,,WV,4880,91108,95988
54005,Boone County,,WV,1413,29139,30552
54007,Braxton County,,WV,626,14084,14710
54009,Brooke County,,WV,1541,34366,35907
54011,Cabell County,,WV,6831,105416,112247
54013,Calhoun County,,WV,408,7121,7529
54015,Clay County,,WV,437,9513,9950
54017,Doddridge County,,WV,667,9346,10013
54019,Fayette County,,WV,2549,48286,50835
54021,Gilmer County,,WV,504,6052,6556
54023,Grant County,,WV,670,13649,14319
54025,Greenbrier County,,WV,1568,35052,36620
54027,Hampshire County,,WV,1190,23153,24343
54029,Hancock County,,WV,1718,35240,36958
54031,Hardy County,,WV,742,14187,14929
54033,Harrison County,,WV,3555,76994,80549
54035,Jackson County,,WV,1345,31751,33096
54037,Jefferson County,,WV,3191,48773,51964
54039,Kanawha County,,WV,11370,231715,243085
54041,Lewis County,,WV,875,17552,18427
54043,Lincoln County,,WV,1068,20469,21537
54045,Logan County,,WV,1399,32808,34207
54047,McDowell County,,WV,1302,19128,20430
54049,Marion County,,WV,2817,63056,65873
54051,Marshall County,,WV,1788,37300,39088
54053,Mason County,,WV,1232,28174,29406
54055,Mercer County,,WV,2906,63129,66035
54057,Mineral County,,WV,1379,30398,31777
54059,Mingo County,,WV,1311,25392,26703
54061,Monongalia County,,WV,5612,73882,79494
54063,Monroe County,,WV,661,12906,13567
54065,Morgan County,,WV,1009,15963,16972
54067,Nicholas County,,WV,1208,27250,28458
54069,Ohio County,,WV,2966,53028,55994
54071,Pendleton County,,WV,689,9078,9767
54073,Pleasants County,,WV,334,8555,8889
54075,Pocahontas County,,WV,410,9383,9793
54077,Preston County,,WV,1085,32421,33506
54079,Putnam County,,WV,4091,49061,53152
54081,Raleigh County,,WV,3712,77884,81596
54083,Randolph County,,WV,1281,30667,31948
54085,Ritchie County,,WV,631,12686,13317
54087,Roane County,,WV,907,14846,15753
54089,Summers County,,WV,730,10290,11020
54091,Taylor County,,WV,747,14056,14803
54093,Tucker County,,WV,385,8251,8636
54095,Tyler County,,WV,641,10633,11274
54097,Upshur County,,WV,1076,22195,23271
54099,Wayne County,,WV,2245,36759,39004
54101,Webster County,,WV,402,8560,8962
54103,Wetzel County,,WV,899,18831,19730
54105,Wirt County,,WV,642,7421,8063
54107,Wood County,,WV,4565,97810,102375
54109,Wyoming County,,WV,1231,22581,23812
55001,Adams County,,WI,1906,25235,27141
55003,Ashland County,,WI,1214,20784,21998
55005,Barron County,,WI,3089,57604,60693
55007,Bayfield County,,WI,1050,15546,16596
55009,Brown County,,WI,12992,288538,301530
55011,Buffalo County,,WI,1160,19709,20869
55013,Burnett County,,WI,1151,20274,21425
55015,Calumet County,,WI,4519,60935,65454
55017,Chippewa County,,WI,3738,70760,74498
55019,Clark County,,WI,2410,40981,43391
55021,Columbia County,,WI,4657,66039,70696
55023,Crawford County,,WI,1424,21263,22687
55025,Dane County,,WI,28984,512591,541575
55027,Dodge County,,WI,6331,105801,112132
55029,Door County,,WI,1789,36042,37831
55031,Douglas County,,WI,2667,49728,52395
55033,Dunn County,,WI,3327,43728,47055
55035,Eau Claire County,,WI,7353,98599,105952
55037,Florence County,,WI,386,5837,6223
55039,Fond du Lac County,,WI,5795,119078,124873
55041,Forest County,,WI,469,10461,10930
55043,Grant County,,WI,3211,59884,63095
55045,Green County,,WI,2405,43530,45935
55047,Green Lake County,,WI,1604,24089,25693
55049,Iowa County,,WI,1623,26673,28296
55051,Iron County,,WI,463,7327,7790
55053,Jackson County,,WI,1290,21907,23197
55055,Jefferson County,,WI,6497,94483,100980
55057,Juneau County,,WI,1913,30174,32087
55059,Kenosha County,,WI,10699,180710,191409
55061,Kewaunee County,,WI,960,22375,23335
55063,La Crosse County,,WI,6723,122605,129328
55065,Lafayette County,,WI,994,18602,19596
55067,Langlade County,,WI,1255,24268,25523
55069,Lincoln County,,WI,1736,38345,40081
55071,Manitowoc County,,WI,4078,100651,104729
55073,Marathon County,,WI,7022,156257,163279
55075,Marinette County,,WI,2807,51690,54497
55077,Marquette County,,WI,1282,15518,16800
55078,Menominee County,,WI,293,5181,5474
55079,Milwaukee County,,WI,53742,1049474,1103216
55081,Monroe County,,WI,2890,48032,50922
55083,Oconto County,,WI,2352,41448,43800
55085,Oneida County,,WI,2800,44929,47729
55087,Outagamie County,,WI,13008,199501,212509
55089,Ozaukee County,,WI,6678,106087,112765
55091,Pepin County,,WI,434,7524,7958
55093,Pierce County,,WI,2990,43954,46944
55095,Polk County,,WI,2672,47909,50581
55097,Portage County,,WI,4535,78146,82681
55099,Price County,,WI,1062,18433,19495
55101,Racine County,,WI,11356,224920,236276
55103,Richland County,,WI,1345,21486,22831
55105,Rock County,,WI,8204,176866,185070
55107,Rusk County,,WI,930,17240,18170
55109,St. Croix County,,WI,4752,76719,81471
55111,Sauk County,,WI,4111,66533,70644
55113,Sawyer County,,WI,1073,19098,20171
55115,Shawano County,,WI,2392,43634,46026
55117,Sheboygan County,,WI,5752,139572,145324
55119,Taylor County,,WI,1134,21775,22909
55121,Trempealeau County,,WI,1696,31236,32932
55123,Vernon County,,WI,1610,28334,29944
55125,Vilas County,,WI,1511,23268,24779
55127,Walworth County,,WI,6673,104192,110865
55129,Washburn County,,WI,967,16433,17400
55131,Washington County,,WI,8788,148624,157412
55133,Waukesha County,,WI,26968,447451,474419
55135,Waupaca County,,WI,3133,59121,62254
55137,Waushara County,,WI,1607,23967,25574
55139,Winnebago County,,WI,11960,179555,191515
55141,Wood County,,WI,4827,90844,95671
56001,Albany County,,WY,4479,29750,34229
56003,Big Horn County,,WY,858,11554,12412
56005,Campbell County,,WY,3097,40738,43835
56007,Carbon County,,WY,1715,16587,18302
56009,Converse County,,WY,1352,14213,15565
56011,Crook County,,WY,542,5812,6354
56013,Fremont County,,WY,2690,39490,42180
56015,Goshen County,,WY,1039,13099,14138
56017,Hot Springs County,,WY,546,5094,5640
56019,Johnson County,,WY,635,7720,8355
56021,Laramie County,,WY,8402,94082,102484
56023,Lincoln County,,WY,1504,16684,18188
56025,Natrona County,,WY,5097,74668,79765
56027,Niobrara County,,WY,244,2656,2900
56029,Park County,,WY,2531,29707,32238
56031,Platte County,,WY,670,9722,10392
56033,Sheridan County,,WY,2213,30094,32307
56035,Sublette County,,WY,609,6773,7382
56037,Sweetwater County,,WY,3452,44152,47604
56039,Teton County,,WY,2728,19720,22448
56041,Uinta County,,WY,1925,22144,24069
56043,Washakie County,,WY,828,9605,10433
56045,Weston County,,WY,525,7226,7751
2275,Wrangell Petersburg,,AK,667,7030,7697
2230,Skagway Hoonah Ango,,AK,462,3555,4017
2198,Prince Of Wales Oute,,AK,607,4950,5557
