Id,Label,timeset,state,totalmig,totalnonmig,population,indegree,outdegree,Degree,weighted indegree,weighted outdegree,Weighted Degree,Eccentricity,closnesscentrality,harmonicclosnesscentrality,betweenesscentrality,Authority,Hub,modularity_class,pageranks,componentnumber,strongcompnum,clustering,eigencentrality
1001,Autauga County,,AL,6214,58809,65023,7,10,17,3120,3339,6459,7,0.3095,0.330189,51.906246,0.000918,0.003219,0,0.000164,0,23,0.688889,0.005547
1003,Baldwin County,,AL,12310,216835,229145,34,27,61,7740,5830,13570,7,0.335021,0.360502,6819.388807,0.011898,0.011202,0,0.000621,0,23,0.417308,0.082393
1005,Barbour County,,AL,1741,24730,26471,6,7,13,759,810,1569,8,0.267907,0.282151,2885.882775,0.000227,0.000558,0,0.000201,0,23,0.416667,0.001441
1007,Bibb County,,AL,1287,20781,22068,4,4,8,1194,914,2108,8,0.272986,0.286643,1.494036,0.000645,0.000442,0,0.000119,0,23,0.916667,0.003598
1009,Blount County,,AL,3497,59562,63059,7,8,15,2627,2498,5125,8,0.273685,0.288053,6.212221,0.000609,0.00075,0,0.000175,0,23,0.714286,0.003959
1011,Bullock County,,AL,612,9577,10189,2,2,4,214,229,443,8,0.25856,0.269947,0,0.000207,0.000192,0,0.000094,0,23,1,0.001579
1013,Butler County,,AL,1097,21193,22290,3,4,7,358,440,798,8,0.258632,0.270367,492.642469,0.00021,0.000193,0,0.000136,0,23,0.4,0.001729
1015,Calhoun County,,AL,6886,122189,129075,12,19,31,3092,3815,6907,7,0.309328,0.330483,6900.338085,0.000923,0.004465,0,0.000301,0,23,0.406433,0.006836
1017,Chambers County,,AL,2828,35899,38727,5,6,11,2519,1864,4383,7,0.303583,0.321397,241.124566,0.00049,0.00179,25,0.000142,0,23,0.5,0.002981
1019,Cherokee County,,AL,1287,24214,25501,5,4,9,785,680,1465,8,0.238438,0.248229,39.995803,0.000121,0.000051,0,0.000156,0,23,0.3,0.000946
1021,Chilton County,,AL,2727,45609,48336,7,8,15,1803,1567,3370,7,0.302657,0.321175,40.35313,0.000802,0.002088,0,0.000172,0,23,0.708333,0.005216
1023,Choctaw County,,AL,665,13780,14445,1,1,2,75,84,159,8,0.244544,0.254201,0,0.000054,0.000008,0,0.000073,0,23,0,0.000188
1025,Clarke County,,AL,1512,27199,28711,5,5,10,615,718,1333,8,0.259138,0.271014,2638.300164,0.000314,0.000285,0,0.000192,0,23,0.25,0.002535
1027,Clay County,,AL,756,14565,15321,4,3,7,397,350,747,8,0.23639,0.245638,4.696122,0.000062,0.000018,0,0.000127,0,23,0.5,0.000654
1029,Cleburne County,,AL,1092,15231,16323,3,4,7,546,629,1175,8,0.237806,0.247531,4.648903,0.000107,0.000058,0,0.000104,0,23,0.666667,0.000755
1031,Coffee County,,AL,5873,51269,57142,12,13,25,2636,2472,5108,7,0.309397,0.328798,2825.555335,0.00381,0.003871,0,0.000287,0,23,0.433333,0.026543
1033,Colbert County,,AL,3685,59706,63391,6,6,12,2209,2120,4329,8,0.273874,0.288053,1120.611561,0.000715,0.000638,0,0.000191,0,23,0.766667,0.005145
1035,Conecuh County,,AL,828,12573,13401,3,3,6,346,338,684,9,0.215644,0.223423,5.469005,0.000014,0.000019,0,0.000132,0,23,0.25,0.000419
1037,Coosa County,,AL,944,9761,10705,2,2,4,561,541,1102,9,0.21791,0.225972,0,0.00002,0.000016,0,0.000089,0,23,1,0.000342
1039,Covington County,,AL,1923,38826,40749,9,6,15,911,702,1613,8,0.267726,0.281258,988.017721,0.000823,0.000459,0,0.000279,0,23,0.3,0.006318
1041,Crenshaw County,,AL,875,14395,15270,4,3,7,517,393,910,8,0.258656,0.270277,6.955304,0.000213,0.0002,0,0.000162,0,23,0.5,0.001873
1043,Cullman County,,AL,3855,86902,90757,9,10,19,2444,2278,4722,7,0.302427,0.320995,171.230177,0.000959,0.002189,0,0.000229,0,23,0.536364,0.006454
1045,Dale County,,AL,7202,48170,55372,14,15,29,3281,3360,6641,7,0.313056,0.334291,7347.052234,0.004233,0.005065,0,0.000296,0,23,0.415033,0.026685
1047,Dallas County,,AL,2382,43538,45920,7,10,17,870,1261,2131,7,0.302921,0.321865,2254.813398,0.001679,0.0022,0,0.000216,0,23,0.477273,0.014158
1049,DeKalb County,,AL,3882,72243,76125,8,7,15,2244,2156,4400,8,0.274904,0.289765,682.095855,0.000939,0.000898,0,0.000226,0,23,0.5,0.007212
1051,Elmore County,,AL,6773,87141,93914,9,11,20,4560,4344,8904,7,0.303086,0.322225,54.838204,0.00104,0.002389,0,0.0002,0,23,0.636364,0.00658
1053,Escambia County,,AL,1864,37389,39253,6,6,12,1105,1011,2116,8,0.270726,0.28479,3209.543346,0.000939,0.000896,0,0.00018,0,23,0.6,0.006728
1055,Etowah County,,AL,5046,108595,113641,9,11,20,3055,2814,5869,7,0.302559,0.321385,839.710227,0.000892,0.002199,0,0.000226,0,23,0.563636,0.006267
1057,Fayette County,,AL,956,16758,17714,4,4,8,614,607,1221,8,0.255024,0.265773,718.884703,0.000108,0.000041,0,0.000196,0,23,0.5,0.000766
1059,Franklin County,,AL,2399,33423,35822,7,7,14,1162,1257,2419,8,0.236169,0.246022,1062.878625,0.000053,0.000026,0,0.0003,0,23,0.285714,0.001008
1061,Geneva County,,AL,1856,26174,28030,5,5,10,1145,1177,2322,8,0.243196,0.253792,19.71175,0.000135,0.000104,0,0.000179,0,23,0.45,0.001272
1063,Greene County,,AL,587,8623,9210,1,1,2,171,266,437,8,0.254814,0.264933,0,0.000104,0.000034,0,0.00007,0,23,0,0.000382
1065,Hale County,,AL,1105,16268,17373,2,2,4,544,726,1270,8,0.254884,0.265233,0,0.000107,0.000035,0,0.000099,0,23,1,0.000497
1067,Henry County,,AL,1401,17728,19129,3,3,6,843,927,1770,8,0.242771,0.252724,0,0.000098,0.000061,0,0.000112,0,23,1,0.000744
1069,Houston County,,AL,8250,110825,119075,17,22,39,4138,4899,9037,7,0.311233,0.333278,12966.679149,0.002173,0.004969,0,0.000471,0,23,0.3083,0.014594
1071,Jackson County,,AL,2819,55582,58401,6,6,12,1391,1576,2967,8,0.269361,0.28291,67.885843,0.000524,0.000577,0,0.000199,0,23,0.5,0.004703
1073,Jefferson County,,AL,39406,730881,770287,81,85,166,24783,28822,53605,7,0.374579,0.411284,75752.973583,0.034795,0.043455,0,0.0015,0,23,0.331581,0.246166
1075,Lamar County,,AL,638,14584,15222,3,3,6,313,297,610,8,0.228405,0.236238,116.953536,0.00001,0.000017,0,0.000175,0,23,0.333333,0.000456
1077,Lauderdale County,,AL,5194,96486,101680,9,10,19,2633,2819,5452,7,0.293577,0.309342,4366.663947,0.00073,0.001423,0,0.000283,0,23,0.444444,0.005586
1079,Lawrence County,,AL,1873,35559,37432,5,5,10,1288,1334,2622,8,0.266596,0.279261,399.609358,0.000331,0.000322,0,0.000162,0,23,0.8,0.00284
1081,Lee County,,AL,13951,146141,160092,26,33,59,8184,9334,17518,7,0.337996,0.364784,7878.304435,0.005302,0.014232,25,0.000507,0,23,0.36771,0.037082
1083,Limestone County,,AL,5787,97722,103509,8,8,16,4266,3465,7731,7,0.293236,0.308563,63.130974,0.000777,0.001417,0,0.000216,0,23,0.511111,0.005605
1085,Lowndes County,,AL,1103,12537,13640,2,3,5,428,729,1157,8,0.258584,0.270127,1.028822,0.000205,0.000206,0,0.000098,0,23,0.666667,0.001559
1087,Macon County,,AL,1565,18787,20352,4,3,7,732,887,1619,8,0.258921,0.270756,0,0.000367,0.000247,25,0.000115,0,23,1,0.002264
1089,Madison County,,AL,22679,404371,427050,65,56,121,12218,12801,25019,7,0.362604,0.394876,38043.735635,0.032584,0.029438,0,0.001177,0,23,0.420852,0.227676
1091,Marengo County,,AL,1216,21750,22966,4,5,9,412,539,951,8,0.273094,0.287003,426.276374,0.000107,0.000358,0,0.00017,0,23,0.3,0.000732
1093,Marion County,,AL,1643,28270,29913,6,4,10,968,819,1787,9,0.215326,0.222938,126.3618,0.000112,0.000005,0,0.000255,0,23,0.4,0.00102
1095,Marshall County,,AL,6394,104143,110537,10,12,22,3513,3942,7455,7,0.302987,0.322135,292.096444,0.001851,0.00223,0,0.00024,0,23,0.416667,0.012724
1097,Mobile County,,AL,18681,444626,463307,42,45,87,8166,10458,18624,7,0.349252,0.378659,30097.73471,0.018698,0.021983,0,0.000847,0,23,0.432181,0.132912
1099,Monroe County,,AL,1145,22357,23502,4,5,9,379,577,956,8,0.262318,0.274979,1211.613352,0.000314,0.000479,0,0.000151,0,23,0.6,0.002477
1101,Montgomery County,,AL,17818,244787,262605,46,46,92,9391,11081,20472,7,0.348551,0.378365,45332.153025,0.02053,0.022101,0,0.000903,0,23,0.363095,0.144554
1103,Morgan County,,AL,7640,136758,144398,10,13,23,4640,4639,9279,7,0.307548,0.326908,2981.348416,0.000851,0.002994,0,0.000277,0,23,0.467949,0.006081
1105,Perry County,,AL,731,9769,10500,2,3,5,198,307,505,8,0.255001,0.265653,15.739722,0.000124,0.000051,0,0.000088,0,23,0.5,0.000623
1107,Pickens County,,AL,1099,19927,21026,2,2,4,459,559,1018,8,0.256839,0.267584,0,0.000113,0.000049,0,0.000097,0,23,1,0.0006
1109,Pike County,,AL,2474,30390,32864,7,8,15,899,1132,2031,8,0.26006,0.273149,74.70789,0.00034,0.000338,0,0.000233,0,23,0.428571,0.002773
1111,Randolph County,,AL,1493,23048,24541,6,6,12,726,631,1357,8,0.253373,0.265281,110.634644,0.000164,0.000133,0,0.000178,0,23,0.404762,0.001278
1113,Russell County,,AL,9466,55665,65131,13,12,25,5723,5221,10944,7,0.317818,0.338999,786.826292,0.005207,0.00605,25,0.000244,0,23,0.554167,0.034012
1115,St. Clair County,,AL,6366,89913,96279,8,10,18,4969,4357,9326,7,0.303186,0.322225,67.297254,0.000974,0.002315,0,0.000186,0,23,0.677778,0.00629
1117,Shelby County,,AL,18042,230483,248525,30,31,61,13059,12350,25409,7,0.33969,0.365926,6546.735132,0.00874,0.013264,0,0.00056,0,23,0.422673,0.061004
1119,Sumter County,,AL,762,12611,13373,1,3,4,107,292,399,8,0.274361,0.288341,27.392233,0.000104,0.000363,0,0.00007,0,23,0.5,0.000382
1121,Talladega County,,AL,4925,83208,88133,9,11,20,3093,3147,6240,8,0.274686,0.290392,3954.679055,0.000819,0.001,0,0.000238,0,23,0.537879,0.005424
1123,Tallapoosa County,,AL,4240,43898,48138,10,12,22,1868,2783,4651,8,0.277706,0.294272,3896.123569,0.000952,0.001183,0,0.000255,0,23,0.410256,0.005947
1125,Tuscaloosa County,,AL,11027,199820,210847,25,30,55,5503,6067,11570,7,0.341905,0.368161,38487.853971,0.003702,0.011261,0,0.000628,0,23,0.284034,0.026038
1127,Walker County,,AL,3077,67141,70218,7,8,15,1525,1673,3198,8,0.273201,0.287543,424.044214,0.000656,0.000455,0,0.000214,0,23,0.5,0.004016
1129,Washington County,,AL,961,17492,18453,2,2,4,545,540,1085,8,0.258945,0.270175,0,0.000205,0.000175,0,0.000101,0,23,1,0.001458
1131,Wilcox County,,AL,784,11466,12250,2,3,5,192,283,475,8,0.272745,0.286104,16.145773,0.000006,0.000339,0,0.000114,0,23,0.416667,0.000248
1133,Winston County,,AL,1524,23561,25085,5,5,10,886,921,1807,8,0.272986,0.286703,2850.82114,0.000425,0.000337,0,0.0002,0,23,0.45,0.002943
2013,Aleutians East Borough,,AK,302,1919,2221,0,2,2,0,119,119,7,0.296375,0.313002,0,0,0.001473,9,0.000052,0,24,1,0
2016,Aleutians West Census Area,,AK,627,4902,5529,0,2,2,0,162,162,7,0.296375,0.313002,0,0,0.001473,9,0.000052,0,25,1,0
2020,Anchorage Municipality,,AK,34684,341188,375872,79,99,178,14685,19755,34440,7,0.365514,0.404777,53756.194551,0.038694,0.046997,9,0.00155,0,23,0.332945,0.276257
2050,Bethel Census Area,,AK,1066,17669,18735,2,3,5,204,518,722,8,0.267752,0.281834,0.5,0.000436,0.000403,9,0.000106,0,23,0.666667,0.002732
2060,Bristol Bay Borough,,AK,-2,1071,1069,0,0,0,0,0,0,0,0,0,0,0,0,1,0.000052,1,26,0,0
2068,Denali Borough,,AK,217,2429,2646,0,0,0,0,0,0,0,0,0,0,0,0,2,0.000052,2,27,0,0
2070,Dillingham Census Area,,AK,307,5259,5566,1,1,2,58,118,176,8,0.267701,0.281474,0,0.000433,0.000356,9,0.000065,0,23,0,0.002606
2090,Fairbanks North Star Borough,,AK,15453,104467,119920,26,36,62,3829,5575,9404,7,0.341275,0.369399,11550.301547,0.012227,0.020831,9,0.000512,0,23,0.532051,0.084037
2100,Haines Borough,,AK,174,2903,3077,0,1,1,0,55,55,8,0.229904,0.237846,0,0,0.000015,9,0.000052,0,28,0,0
2105,Hoonah-Angoon Census Area,,AK,84,2265,2349,0,0,0,0,0,0,0,0,0,0,0,0,3,0.000052,3,29,0,0
2110,Juneau City and Borough,,AK,3019,37889,40908,6,6,12,615,651,1266,7,0.298432,0.316455,5568.286313,0.001611,0.002982,9,0.00022,0,23,0.402778,0.011107
2122,Kenai Peninsula Borough,,AK,4599,65812,70411,7,6,13,1673,1400,3073,7,0.319719,0.339472,169.288854,0.002935,0.003756,9,0.000174,0,23,0.678571,0.020843
2130,Ketchikan Gateway Borough,,AK,1353,16156,17509,1,4,5,71,339,410,7,0.296482,0.313429,2780,0,0.001488,9,0.000118,0,30,0.5,0.000102
2150,Kodiak Island Borough,,AK,2024,16342,18366,2,3,5,210,410,620,7,0.301214,0.318974,0,0.001311,0.002336,9,0.00008,0,23,0.916667,0.009091
2164,Lake and Peninsula Borough,,AK,135,1681,1816,0,1,1,0,76,76,8,0.267745,0.281552,0,0,0.000356,9,0.000052,0,31,0,0
2170,Matanuska-Susitna Borough,,AK,7744,103656,111400,9,10,19,4787,3179,7966,7,0.324082,0.345529,530.631063,0.004596,0.006517,9,0.000209,0,23,0.634615,0.032891
2180,Nome Census Area,,AK,464,9629,10093,1,1,2,116,152,268,8,0.267701,0.281474,0,0.000433,0.000356,9,0.000065,0,23,0,0.002606
2185,North Slope Borough,,AK,638,7383,8021,1,2,3,99,243,342,8,0.268114,0.282151,0,0.000433,0.000469,9,0.000065,0,23,1,0.002606
2188,Northwest Arctic Borough,,AK,441,6878,7319,1,1,2,137,187,324,8,0.267701,0.281474,0,0.000433,0.000356,9,0.000065,0,23,0,0.002606
2195,Petersburg Census Area,,AK,255,4423,4678,0,0,0,0,0,0,0,0,0,0,0,0,4,0.000052,4,32,0,0
2198,Prince of Wales-Hyder Census Area,,AK,371,5303,5674,1,1,2,126,71,197,8,0.228701,0.236215,0,0.000014,0,9,0.000077,0,30,0,0.000102
2220,Sitka City and Borough,,AK,971,10310,11281,1,1,2,55,102,157,8,0.229878,0.237812,0,0.000433,0.000015,9,0.000065,0,23,1,0.002606
2230,Skagway Municipality,,AK,75,1421,1496,0,0,0,0,0,0,0,0,0,0,0,0,5,0.000052,5,33,0,0
2240,Southeast Fairbanks Census Area,,AK,742,8413,9155,1,2,3,101,231,332,8,0.268114,0.282151,0,0.000192,0.000469,9,0.000064,0,23,1,0.000871
2261,Valdez-Cordova Census Area,,AK,1400,11130,12530,1,4,5,197,577,774,8,0.268166,0.282511,0,0.000433,0.000538,9,0.000065,0,23,1,0.002606
2270,Wade Hampton Census Area,,AK,261,7790,8051,2,2,4,166,167,333,8,0.267726,0.281654,0,0.000436,0.00036,9,0.000096,0,23,1,0.002732
2275,Wrangell City and Borough,,AK,190,2399,2589,0,0,0,0,0,0,0,0,0,0,0,0,6,0.000052,6,34,0,0
2282,Yakutat City and Borough,,AK,-2,579,577,0,0,0,0,0,0,0,0,0,0,0,0,7,0.000052,7,35,0,0
2290,Yukon-Koyukuk Census Area,,AK,438,5819,6257,1,1,2,152,250,402,8,0.254464,0.265236,0,0.000192,0.000113,9,0.000064,0,23,0,0.000871
4001,Apache County,,AZ,6978,63624,70602,10,9,19,5626,5489,11115,7,0.317891,0.337319,157.386496,0.002972,0.003048,174,0.00024,0,23,0.611111,0.021485
4003,Cochise County,,AZ,13206,132841,146047,22,26,48,4869,6682,11551,7,0.3349,0.360613,270.96389,0.013711,0.015027,9,0.000373,0,23,0.654762,0.094063
4005,Coconino County,,AZ,13138,134818,147956,22,25,47,7140,8691,15831,7,0.330204,0.354927,4487.168437,0.010977,0.015349,9,0.000411,0,23,0.603989,0.076265
4007,Gila County,,AZ,3627,53348,56975,7,7,14,2561,2378,4939,7,0.317455,0.336389,1.790909,0.002526,0.00274,9,0.000174,0,23,0.857143,0.0189
4009,Graham County,,AZ,2305,31363,33668,6,6,12,1109,1337,2446,7,0.317673,0.336407,2.944407,0.002177,0.002557,9,0.000163,0,23,0.714286,0.016108
4011,Greenlee County,,AZ,759,8724,9483,3,3,6,449,408,857,7,0.317237,0.33555,0,0.001975,0.002138,9,0.000106,0,23,1,0.014429
4012,La Paz County,,AZ,1458,15752,17210,4,5,9,521,671,1192,7,0.318328,0.337073,0,0.002869,0.003143,9,0.000109,0,23,1,0.020171
4013,Maricopa County,,AZ,188107,4391659,4579766,507,431,938,197899,163452,361351,6,0.464405,0.529927,799090.578232,0.150425,0.135242,9,0.008332,0,23,0.092197,0.963005
4015,Mohave County,,AZ,14242,186698,200940,27,23,50,8539,7631,16170,7,0.330873,0.355203,122.967073,0.014846,0.01458,9,0.000458,0,23,0.703202,0.104101
4017,Navajo County,,AZ,8478,100087,108565,13,14,27,5978,5866,11844,7,0.319683,0.340018,167.7378,0.005757,0.004578,9,0.000268,0,23,0.579167,0.041379
4019,Pima County,,AZ,51559,1061395,1112954,150,137,287,33929,35096,69025,6,0.398252,0.439679,25068.029382,0.079633,0.076716,9,0.002318,0,23,0.365738,0.528379
4021,Pinal County,,AZ,32754,330313,363067,53,33,86,28186,22881,51067,7,0.343214,0.371132,869.976735,0.029477,0.022534,9,0.000826,0,23,0.582468,0.198534
4023,Santa Cruz County,,AZ,3317,55533,58850,3,4,7,1591,2495,4086,7,0.321272,0.340606,0.262527,0.00209,0.003685,9,0.000095,0,23,0.833333,0.01512
4025,Yavapai County,,AZ,15333,233180,248513,30,25,55,11643,8617,20260,7,0.334255,0.359785,322.843873,0.019199,0.017363,9,0.000493,0,23,0.720168,0.134981
4027,Yuma County,,AZ,14380,226867,241247,20,29,49,5985,8175,14160,7,0.336726,0.36327,58.264142,0.012206,0.020432,9,0.000316,0,23,0.748276,0.08237
5001,Arkansas County,,AR,1228,20376,21604,3,5,8,278,605,883,8,0.270226,0.283171,3429.817656,0.000378,0.000199,205,0.000126,0,23,0.45,0.001799
5003,Ashley County,,AR,1035,22266,23301,2,4,6,161,326,487,8,0.271679,0.285042,57.060413,0.000012,0.000219,205,0.000141,0,23,0.35,0.00024
5005,Baxter County,,AR,2655,43416,46071,5,6,11,707,742,1449,7,0.272825,0.285857,11721.495551,0.000147,0.000471,205,0.000271,0,23,0.190476,0.001627
5007,Benton County,,AR,22397,266890,289287,47,45,92,13064,10521,23585,6,0.367641,0.397511,51657.346628,0.021702,0.025882,205,0.001064,0,23,0.408106,0.155557
5009,Boone County,,AR,2476,39449,41925,7,8,15,1012,1108,2120,7,0.272959,0.286276,13470.177946,0.000399,0.000482,205,0.000321,0,23,0.25,0.003339
5011,Bradley County,,AR,506,11338,11844,2,1,3,154,68,222,9,0.212901,0.219055,0,0.000323,0.000003,205,0.000123,0,23,1,0.001638
5013,Calhoun County,,AR,260,4828,5088,1,1,2,72,78,150,9,0.212869,0.219031,0,0,0.000003,205,0.000099,0,23,1,0.000102
5015,Carroll County,,AR,2115,30241,32356,6,6,12,877,942,1819,7,0.269727,0.281928,37.138154,0.000397,0.000367,205,0.000222,0,23,0.5,0.003315
5017,Chicot County,,AR,811,10478,11289,3,3,6,221,307,528,8,0.270173,0.282781,9.985653,0.000056,0.000189,205,0.00012,0,23,0.4,0.000385
5019,Clark County,,AR,1569,20604,22173,4,5,9,391,693,1084,8,0.270331,0.283237,344.666425,0.000365,0.000238,205,0.000173,0,23,0.7,0.002088
5021,Clay County,,AR,919,15275,16194,3,4,7,408,459,867,8,0.238787,0.24875,205.726145,0.000025,0.000019,238,0.000155,0,23,0.666667,0.000514
5023,Cleburne County,,AR,2114,26488,28602,5,5,10,903,895,1798,8,0.270278,0.283261,190.469694,0.000374,0.000212,205,0.000204,0,23,0.7,0.002204
5025,Cleveland County,,AR,519,8531,9050,1,1,2,143,134,277,8,0.240419,0.249788,0,0.000055,0.00001,205,0.000075,0,23,0,0.000187
5027,Columbia County,,AR,1569,23334,24903,5,6,11,424,572,996,8,0.270884,0.284286,5858.588129,0.000338,0.000192,205,0.000267,0,23,0.233333,0.001996
5029,Conway County,,AR,1468,21773,23241,4,5,9,701,912,1613,8,0.270252,0.283231,188.348388,0.000374,0.000212,205,0.000153,0,23,0.65,0.002063
5031,Craighead County,,AR,7345,102632,109977,19,22,41,4164,4239,8403,7,0.308161,0.329793,28831.723845,0.001236,0.002644,238,0.00067,0,23,0.225108,0.009008
5033,Crawford County,,AR,4466,61480,65946,8,6,14,2547,2690,5237,7,0.269832,0.282138,470.415552,0.000444,0.00039,205,0.000281,0,23,0.464286,0.003792
5035,Crittenden County,,AR,3827,54190,58017,8,8,16,1853,1999,3852,7,0.292742,0.308329,2644.792485,0.001107,0.000818,238,0.000277,0,23,0.553571,0.006594
5037,Cross County,,AR,1299,18920,20219,3,4,7,515,557,1072,8,0.235668,0.245142,0.666667,0.000039,0.000031,238,0.000142,0,23,0.833333,0.000565
5039,Dallas County,,AR,629,7592,8221,1,2,3,76,170,246,9,0.212885,0.219211,2839,0.000002,0.000003,205,0.000109,0,23,0.5,0.000128
5041,Desha County,,AR,952,12966,13918,3,5,8,290,564,854,8,0.270252,0.283201,1045.114566,0.000325,0.000197,205,0.000157,0,23,0.5,0.001747
5043,Drew County,,AR,1233,18330,19563,5,5,10,424,450,874,8,0.270462,0.283459,5775.650545,0.000325,0.00019,205,0.000301,0,23,0.3,0.001968
5045,Faulkner County,,AR,9428,120036,129464,17,19,36,5183,5321,10504,7,0.313091,0.335305,5380.706228,0.001887,0.004895,205,0.000525,0,23,0.392105,0.014197
5047,Franklin County,,AR,1109,17656,18765,4,4,8,739,661,1400,8,0.240024,0.250058,2.758081,0.000051,0.000041,205,0.00018,0,23,0.666667,0.000761
5049,Fulton County,,AR,945,11070,12015,4,4,8,386,392,778,8,0.21491,0.221912,93.061077,0.000005,0.000002,205,0.000259,0,23,0.333333,0.000462
5051,Garland County,,AR,6705,104700,111405,15,15,30,3139,2790,5929,7,0.313976,0.33597,13622.698872,0.003084,0.004518,205,0.000466,0,23,0.429825,0.022988
5053,Grant County,,AR,1137,19166,20303,4,4,8,729,596,1325,8,0.270147,0.282871,1.366667,0.000407,0.000219,205,0.000154,0,23,0.833333,0.002122
5055,Greene County,,AR,2692,43919,46611,8,7,15,1857,1397,3254,8,0.235988,0.246125,4851.131392,0.000717,0.000022,238,0.000315,0,23,0.428571,0.004971
5057,Hempstead County,,AR,1544,22245,23789,4,4,8,521,715,1236,8,0.239157,0.249008,7316.750588,0.000086,0.000042,246,0.000237,0,23,0.25,0.000774
5059,Hot Spring County,,AR,2361,31774,34135,5,5,10,1420,1482,2902,8,0.270199,0.283081,3.119048,0.000396,0.000241,205,0.000187,0,23,0.75,0.002389
5061,Howard County,,AR,991,14189,15180,3,4,7,378,460,838,8,0.232825,0.24156,127.291856,0.000001,0.000002,246,0.000208,0,23,0.166667,0.000342
5063,Independence County,,AR,2355,38899,41254,9,8,17,1213,1026,2239,8,0.270858,0.284622,7001.500915,0.000592,0.000224,205,0.000369,0,23,0.366667,0.004024
5065,Izard County,,AR,899,11793,12692,4,4,8,317,397,714,8,0.217875,0.225468,44.426014,0.000007,0.000007,205,0.000239,0,23,0.5,0.000512
5067,Jackson County,,AR,1134,14848,15982,4,4,8,380,546,926,8,0.27062,0.283663,0,0.000352,0.000205,238,0.000168,0,23,1,0.002053
5069,Jefferson County,,AR,4649,75777,80426,11,15,26,1694,2672,4366,7,0.316479,0.339131,11649.795705,0.001117,0.005957,205,0.000406,0,23,0.395833,0.007133
5071,Johnson County,,AR,1565,25512,27077,4,4,8,526,560,1086,8,0.25955,0.271096,87.534537,0.000052,0.000153,205,0.000167,0,23,0.7,0.000777
5073,Lafayette County,,AR,498,6622,7120,1,1,2,134,106,240,9,0.213163,0.219463,0,0.000002,0.000003,205,0.00009,0,23,0,0.000129
5075,Lawrence County,,AR,1220,16047,17267,3,4,7,542,687,1229,8,0.235708,0.245232,3.666667,0.000025,0.000018,238,0.000159,0,23,0.666667,0.000496
5077,Lee County,,AR,644,7830,8474,1,1,2,158,136,294,8,0.226414,0.233237,0,0.000007,0.000009,238,0.000087,0,23,0,0.000166
5079,Lincoln County,,AR,702,10680,11382,3,2,5,373,271,644,8,0.240585,0.250298,3.333333,0.000058,0.000013,205,0.000153,0,23,0.5,0.000437
5081,Little River County,,AR,861,12601,13462,2,3,5,303,485,788,8,0.239157,0.248846,369.064652,0.000086,0.000042,246,0.000105,0,23,0.333333,0.000563
5083,Logan County,,AR,1339,22027,23366,4,6,10,538,710,1248,8,0.24019,0.250676,99.275172,0.000053,0.000049,205,0.000177,0,23,0.533333,0.000777
5085,Lonoke County,,AR,7066,75656,82722,9,8,17,4395,5979,10374,8,0.270858,0.28473,2555.803732,0.000644,0.000412,205,0.000307,0,23,0.625,0.004171
5087,Madison County,,AR,1315,16281,17596,3,3,6,815,814,1629,7,0.269466,0.280999,0,0.000388,0.000348,205,0.000128,0,23,1,0.00287
5089,Marion County,,AR,1289,15548,16837,2,2,4,457,574,1031,8,0.214578,0.221097,8.898925,0.000009,0.000005,205,0.000125,0,23,0,0.000269
5091,Miller County,,AR,4217,42621,46838,6,7,13,2688,2765,5453,7,0.302855,0.320953,5131.691964,0.000091,0.002445,246,0.00026,0,23,0.319444,0.001103
5093,Mississippi County,,AR,2945,46019,48964,8,9,17,1275,1362,2637,7,0.306868,0.326165,11226.646552,0.001025,0.002235,238,0.000325,0,23,0.444444,0.006421
5095,Monroe County,,AR,594,7712,8306,1,2,3,65,136,201,8,0.270094,0.282511,0,0.000002,0.000186,205,0.000074,0,23,1,0.000122
5097,Montgomery County,,AR,542,8079,8621,2,2,4,204,246,450,8,0.239115,0.248475,0,0.000042,0.000029,205,0.000122,0,23,1,0.000447
5099,Nevada County,,AR,602,8810,9412,1,1,2,222,184,406,9,0.193013,0.198066,0,0,0.000001,246,0.000102,0,23,0,0.000115
5101,Newton County,,AR,576,7831,8407,1,1,2,168,276,444,8,0.214446,0.220617,0,0.000004,0.000004,205,0.000086,0,23,0,0.000144
5103,Ouachita County,,AR,1508,24888,26396,5,4,9,534,541,1075,8,0.270383,0.283249,11231,0.000337,0.000189,205,0.000268,0,23,0.35,0.001967
5105,Perry County,,AR,688,10252,10940,3,3,6,499,396,895,8,0.270094,0.282631,0,0.000368,0.000204,205,0.000121,0,23,1,0.0019
5107,Phillips County,,AR,1307,19720,21027,2,4,6,176,397,573,7,0.292557,0.307489,5.718619,0.000346,0.000798,238,0.000097,0,23,0.833333,0.001733
5109,Pike County,,AR,783,10693,11476,4,4,8,381,399,780,8,0.239301,0.249134,1051.37313,0.000044,0.000032,205,0.000204,0,23,0.333333,0.000676
5111,Poinsett County,,AR,1754,23102,24856,5,4,9,998,1000,1998,8,0.235668,0.245142,1.666667,0.000053,0.000038,238,0.000207,0,23,0.7,0.000845
5113,Polk County,,AR,1132,20241,21373,1,2,3,102,156,258,8,0.240273,0.25016,160.496034,0,0.000036,246,0.000114,0,23,0,0.000113
5115,Pope County,,AR,4106,63966,68072,9,12,21,1899,2032,3931,7,0.276683,0.291182,6328.547988,0.0008,0.000641,205,0.000339,0,23,0.416667,0.005344
5117,Prairie County,,AR,452,8393,8845,3,2,5,250,168,418,9,0.213523,0.220482,0.666667,0.00001,0.000011,205,0.000138,0,23,0.5,0.000444
5119,Pulaski County,,AR,30242,436009,466251,64,74,138,19159,19642,38801,7,0.369843,0.404226,159891.918124,0.019877,0.034898,205,0.001669,0,23,0.252473,0.146723
5121,Randolph County,,AR,1092,17561,18653,3,3,6,411,491,902,8,0.235628,0.244902,0,0.000025,0.000018,238,0.00015,0,23,1,0.000496
5123,St. Francis County,,AR,1854,23339,25193,6,6,12,706,1121,1827,7,0.29265,0.307909,7002.442788,0.001025,0.000787,238,0.000245,0,23,0.533333,0.006115
5125,Saline County,,AR,8616,125161,133777,13,12,25,6484,5437,11921,7,0.308538,0.328276,1394.10192,0.002427,0.003118,205,0.000388,0,23,0.5,0.018939
5127,Scott County,,AR,749,10614,11363,1,1,2,157,275,432,8,0.239941,0.249458,0,0.000045,0.000036,205,0.00008,0,23,0,0.000378
5129,Searcy County,,AR,574,7735,8309,1,2,3,76,192,268,8,0.222409,0.229266,17.891504,0.000004,0.000008,238,0.000086,0,23,0,0.000144
5131,Sebastian County,,AR,9425,132760,142185,17,17,34,5247,5824,11071,7,0.315652,0.338729,23198.847538,0.003935,0.004897,205,0.000547,0,23,0.342105,0.027824
5133,Sevier County,,AR,998,16748,17746,4,3,7,341,280,621,8,0.217961,0.225372,3031.608202,0.000005,0.000005,246,0.000218,0,23,0,0.000462
5135,Sharp County,,AR,1515,15770,17285,5,4,9,616,674,1290,8,0.235848,0.245508,343.222548,0.000027,0.000017,205,0.000257,0,23,0.4,0.000717
5137,Stone County,,AR,693,11993,12686,0,1,1,0,77,77,9,0.21319,0.219654,0,0,0.000005,205,0.000052,0,36,0,0
5139,Union County,,AR,2430,45581,48011,4,6,10,570,734,1304,7,0.30079,0.318368,738.911318,0.000325,0.001467,205,0.000202,0,23,0.4,0.001879
5141,Van Buren County,,AR,1197,16739,17936,3,3,6,416,425,841,8,0.270094,0.282631,0.333333,0.000049,0.000204,205,0.000136,0,23,0.833333,0.000521
5143,Washington County,,AR,16404,221767,238171,41,36,77,10531,10106,20637,7,0.350132,0.378887,46105.544038,0.01575,0.015908,205,0.001013,0,23,0.302854,0.115332
5145,White County,,AR,5785,78509,84294,11,12,23,2824,2722,5546,8,0.27136,0.286092,8151.526918,0.000576,0.000426,205,0.000444,0,23,0.416667,0.004265
5147,Woodruff County,,AR,482,6929,7411,1,1,2,85,151,236,9,0.213457,0.220183,0,0.000004,0.000005,205,0.000084,0,23,0,0.000164
5149,Yell County,,AR,1664,21760,23424,2,1,3,625,743,1368,8,0.216737,0.223298,0,0.000006,0.000007,205,0.000101,0,23,1,0.000283
6001,Alameda County,,CA,110944,1818730,1929674,172,151,323,104190,100158,204348,6,0.389543,0.433381,16756.270676,0.093737,0.081445,9,0.002345,0,23,0.350986,0.6043
6003,Alpine County,,CA,-2,979,977,0,0,0,0,0,0,0,0,0,0,0,0,8,0.000052,8,37,0,0
6005,Amador County,,CA,2103,39027,41130,9,7,16,1443,1081,2524,7,0.2836,0.299542,0.236111,0.003671,0.00273,9,0.000165,0,23,0.958333,0.02594
6007,Butte County,,CA,11005,218526,229531,42,45,87,8011,7814,15825,7,0.329852,0.356936,4721.955096,0.017044,0.020502,9,0.000699,0,23,0.619807,0.12027
6009,Calaveras County,,CA,3242,47367,50609,10,11,21,2271,1942,4213,7,0.308743,0.32868,19.324765,0.004998,0.005185,9,0.000188,0,23,0.903846,0.035705
6011,Colusa County,,CA,1293,28090,29383,4,6,10,524,712,1236,7,0.275203,0.290391,49.377621,0.001138,0.001251,9,0.000104,0,23,0.766667,0.007838
6013,Contra Costa County,,CA,67012,1306779,1373791,109,103,212,66965,57693,124658,6,0.37282,0.411455,5894.034339,0.063963,0.058221,9,0.001563,0,23,0.451484,0.434063
6015,Del Norte County,,CA,1577,23146,24723,4,5,9,336,478,814,7,0.275149,0.290444,97.736238,0.002055,0.001099,9,0.000117,0,23,0.7,0.014044
6017,El Dorado County,,CA,13078,209881,222959,33,34,67,11890,9380,21270,7,0.32779,0.352726,198.784753,0.016352,0.018378,9,0.000492,0,23,0.790185,0.114828
6019,Fresno County,,CA,36534,1037171,1073705,63,68,131,28230,27846,56076,7,0.355644,0.388788,3423.262174,0.036177,0.037393,9,0.000911,0,23,0.573137,0.252531
6021,Glenn County,,CA,1644,32264,33908,3,3,6,881,805,1686,7,0.274822,0.289485,0.25,0.000209,0.000814,9,0.000123,0,23,0.75,0.001792
6023,Humboldt County,,CA,6805,129737,136542,28,32,60,3459,3629,7088,7,0.327057,0.351539,3020.234922,0.014381,0.015816,9,0.000465,0,23,0.741533,0.102112
6025,Imperial County,,CA,8802,218786,227588,11,14,25,6014,6405,12419,7,0.327365,0.34938,0.136646,0.008541,0.010956,9,0.000183,0,23,0.967033,0.057724
6027,Inyo County,,CA,1273,20369,21642,3,5,8,369,417,786,7,0.317818,0.336489,0.552162,0.002546,0.002658,9,0.000093,0,23,0.866667,0.017448
6029,Kern County,,CA,36955,915469,952424,58,70,128,26021,33571,59592,7,0.349736,0.383301,1056.681068,0.03182,0.038003,9,0.000866,0,23,0.569419,0.228412
6031,Kings County,,CA,10625,147311,157936,23,25,48,6114,6684,12798,7,0.332575,0.357284,35.979596,0.014548,0.017284,9,0.000342,0,23,0.832011,0.09959
6033,Lake County,,CA,3357,59914,63271,14,10,24,2468,1474,3942,7,0.308709,0.3285,0.425223,0.007571,0.00523,9,0.00023,0,23,0.933333,0.053487
6035,Lassen County,,CA,1764,24445,26209,6,5,11,575,690,1265,7,0.275203,0.290534,40.762873,0.00265,0.001271,9,0.000155,0,23,0.833333,0.017963
6037,Los Angeles County,,CA,383638,11297629,11681267,390,426,816,298244,359205,657449,6,0.464172,0.528943,405416.444698,0.144573,0.138911,9,0.005763,0,23,0.119765,0.917149
6039,Madera County,,CA,8557,162654,171211,19,21,40,6124,6148,12272,7,0.325677,0.34803,320.408627,0.009686,0.012061,9,0.000282,0,23,0.902597,0.065662
6041,Marin County,,CA,17169,311235,328404,39,38,77,14236,13825,28061,7,0.33779,0.365345,203.359516,0.025955,0.024376,9,0.00058,0,23,0.759514,0.181851
6043,Mariposa County,,CA,1299,18105,19404,6,5,11,599,502,1101,8,0.262517,0.275206,0.40202,0.001696,0.000803,9,0.000124,0,23,0.866667,0.011677
6045,Mendocino County,,CA,4251,93826,98077,17,15,32,2316,2147,4463,7,0.320161,0.340693,21.749954,0.009003,0.008405,9,0.000277,0,23,0.847619,0.0649
6047,Merced County,,CA,13672,276273,289945,24,31,55,10161,10478,20639,7,0.328254,0.352798,478.777572,0.01301,0.016222,9,0.000354,0,23,0.819355,0.090308
6049,Modoc County,,CA,577,8461,9038,1,1,2,94,166,260,8,0.247066,0.257032,0,0.000176,0.000157,9,0.000067,0,23,0,0.001198
6051,Mono County,,CA,1514,14743,16257,5,6,11,538,579,1117,7,0.31983,0.339044,3.588087,0.004244,0.004067,9,0.000114,0,23,0.785714,0.028202
6053,Monterey County,,CA,29033,535313,564346,58,72,130,18943,21138,40081,7,0.350928,0.38498,1032.14427,0.031669,0.037901,9,0.000789,0,23,0.53,0.216008
6055,Napa County,,CA,9078,172341,181419,26,28,54,6817,7040,13857,7,0.326672,0.350429,42.941707,0.015996,0.016092,9,0.000392,0,23,0.899015,0.11204
6057,Nevada County,,CA,8276,113261,121537,25,22,47,5687,4680,10367,7,0.321309,0.343332,8.851998,0.013109,0.011905,9,0.000368,0,23,0.893846,0.090846
6059,Orange County,,CA,168090,3708593,3876683,206,228,434,142683,151181,293864,6,0.417958,0.467632,40754.11472,0.106891,0.107755,9,0.00288,0,23,0.273149,0.689278
6061,Placer County,,CA,29281,428396,457677,49,55,104,26094,23509,49603,7,0.337339,0.36763,775.728073,0.023892,0.02819,9,0.000718,0,23,0.615537,0.167559
6063,Plumas County,,CA,1408,20647,22055,4,3,7,365,477,842,8,0.259695,0.272943,0,0.001202,0.000517,9,0.00012,0,23,1,0.008214
6065,Riverside County,,CA,138040,2432109,2570149,165,170,335,137765,120731,258496,6,0.402345,0.447649,24177.500896,0.085257,0.083691,9,0.002474,0,23,0.322498,0.573605
6067,Sacramento County,,CA,77182,1623503,1700685,129,133,262,70872,66416,137288,6,0.378765,0.421393,27053.060703,0.066286,0.067945,9,0.002043,0,23,0.373963,0.460609
6069,San Benito County,,CA,3976,69804,73780,8,10,18,3360,2751,6111,7,0.319866,0.339613,0,0.004117,0.006167,9,0.000146,0,23,1,0.028618
6071,San Bernardino County,,CA,136996,2223551,2360547,142,165,307,118828,123164,241992,6,0.401184,0.446102,23660.983194,0.071633,0.078118,9,0.002169,0,23,0.316457,0.494353
6073,San Diego County,,CA,187144,3748925,3936069,374,370,744,152604,158543,311147,6,0.444996,0.508498,261282.666355,0.141574,0.13359,9,0.005543,0,23,0.138572,0.90083
6075,San Francisco County,,CA,79716,965269,1044985,139,114,253,69027,72618,141645,6,0.382203,0.42195,5646.976826,0.084859,0.070854,9,0.001863,0,23,0.475909,0.547868
6077,San Joaquin County,,CA,35324,784242,819566,54,54,108,33880,28558,62438,7,0.336767,0.366922,1093.60475,0.027269,0.02771,9,0.000785,0,23,0.611582,0.194234
6079,San Luis Obispo County,,CA,15657,306233,321890,43,42,85,13113,10841,23954,7,0.330322,0.357134,99.725355,0.022311,0.021952,9,0.000602,0,23,0.766401,0.15592
6081,San Mateo County,,CA,58266,916875,975141,88,78,166,50099,51190,101289,7,0.361849,0.397497,2262.765323,0.057015,0.047289,9,0.00118,0,23,0.538835,0.376166
6083,Santa Barbara County,,CA,23236,500273,523509,49,54,103,16097,17275,33372,7,0.347028,0.378599,755.814616,0.02983,0.034289,9,0.000701,0,23,0.667636,0.207402
6085,Santa Clara County,,CA,112793,2274140,2386933,183,161,344,87124,100254,187378,6,0.391243,0.43662,20104.594975,0.098115,0.085657,9,0.00248,0,23,0.327876,0.628414
6087,Santa Cruz County,,CA,16431,315197,331628,43,40,83,13357,12442,25799,7,0.33107,0.357914,185.979533,0.023095,0.021973,9,0.000609,0,23,0.759091,0.162182
6089,Shasta County,,CA,10075,185870,195945,38,40,78,6218,6322,12540,7,0.328099,0.353926,9754.935928,0.017066,0.019106,9,0.000694,0,23,0.624207,0.12096
6091,Sierra County,,CA,174,3005,3179,0,1,1,0,52,52,8,0.259498,0.272185,0,0,0.000335,9,0.000052,0,38,0,0
6093,Siskiyou County,,CA,2298,45440,47738,13,6,19,1242,832,2074,7,0.27523,0.290744,10.974463,0.005311,0.001292,9,0.000237,0,23,0.820513,0.037652
6095,Solano County,,CA,30754,482995,513749,52,55,107,25677,22725,48402,7,0.34449,0.37515,1854.629524,0.027029,0.030156,9,0.000749,0,23,0.641917,0.189906
6097,Sonoma County,,CA,21963,591007,612970,55,61,116,19185,16802,35987,7,0.342917,0.374545,660.759288,0.0285,0.030794,9,0.000816,0,23,0.592308,0.201659
6099,Stanislaus County,,CA,25001,574963,599964,42,47,89,21811,19781,41592,7,0.341947,0.371354,1380.393984,0.021627,0.026029,9,0.000598,0,23,0.681569,0.150186
6101,Sutter County,,CA,7216,103762,110978,15,14,29,4717,4914,9631,7,0.320309,0.340783,160.886103,0.007308,0.007239,9,0.000246,0,23,0.854167,0.051093
6103,Tehama County,,CA,3876,62654,66530,10,4,14,2290,1846,4136,7,0.274904,0.289785,537.917157,0.005064,0.000926,9,0.000203,0,23,0.833333,0.035869
6105,Trinity County,,CA,671,11123,11794,2,2,4,204,263,467,8,0.247176,0.257452,0,0.000322,0.00029,9,0.000079,0,23,1,0.002213
6107,Tulare County,,CA,18761,494460,513221,28,32,60,12077,13703,25780,7,0.328876,0.353878,22.548394,0.016087,0.018481,9,0.000391,0,23,0.906417,0.110219
6109,Tuolumne County,,CA,3123,56176,59299,13,12,25,2042,1740,3782,7,0.31994,0.339973,176.845016,0.006687,0.006899,9,0.000221,0,23,0.840659,0.047209
6111,Ventura County,,CA,45551,1046868,1092419,77,91,168,34913,35865,70778,7,0.364268,0.401365,1750.398269,0.047055,0.053162,9,0.001113,0,23,0.529293,0.325702
6113,Yolo County,,CA,15363,211617,226980,38,38,76,11804,12026,23830,7,0.329304,0.355287,493.396998,0.018057,0.018255,9,0.000533,0,23,0.763066,0.125087
6115,Yuba County,,CA,8049,70898,78947,12,12,24,4480,4734,9214,7,0.324687,0.345541,48.853791,0.005917,0.006429,9,0.000221,0,23,0.82381,0.04168
8001,Adams County,,CO,53722,521750,575472,63,48,111,47463,43915,91378,7,0.352486,0.383055,5844.537967,0.034829,0.029795,174,0.001231,0,23,0.495524,0.248502
8003,Alamosa County,,CO,1603,15270,16873,4,6,10,516,622,1138,7,0.300692,0.316725,14083.844751,0.000859,0.002422,174,0.000232,0,23,0.309524,0.006141
8005,Arapahoe County,,CO,76182,684790,760972,130,106,236,67854,64917,132771,6,0.38927,0.427234,31814.790643,0.073805,0.063663,174,0.002236,0,23,0.410402,0.502386
8007,Archuleta County,,CO,1039,13450,14489,1,1,2,95,116,211,8,0.244911,0.253638,0,0.000066,0.000082,174,0.000079,0,23,0,0.000723
8009,Baca County,,CO,133,3892,4025,0,0,0,0,0,0,0,0,0,0,0,0,10,0.000052,9,39,0,0
8011,Bent County,,CO,236,3946,4182,1,1,2,73,66,139,8,0.229631,0.236306,0,0.000009,0.000001,174,0.000099,0,23,0,0.00011
8013,Boulder County,,CO,30209,344154,374363,82,58,140,20668,22016,42684,7,0.357336,0.390348,4973.002203,0.053705,0.037659,174,0.001304,0,23,0.548564,0.360522
8014,Broomfield County,,CO,10017,66895,76912,17,11,28,8301,7453,15754,7,0.32465,0.345367,0.482385,0.013013,0.007592,174,0.000356,0,23,0.986928,0.097113
8015,Chaffee County,,CO,1449,19919,21368,5,4,9,406,445,851,7,0.3004,0.316005,0.285714,0.002053,0.002376,174,0.000162,0,23,0.9,0.01658
8017,Cheyenne County,,CO,88,2118,2206,0,0,0,0,0,0,0,0,0,0,0,0,11,0.000052,10,40,0,0
8019,Clear Creek County,,CO,1133,9837,10970,3,2,5,530,429,959,7,0.284996,0.298799,0,0.001703,0.001489,174,0.000114,0,23,1,0.014458
8021,Conejos County,,CO,400,8112,8512,1,1,2,143,132,275,8,0.231198,0.238243,0,0.000022,0.000008,174,0.000085,0,23,0,0.00016
8023,Costilla County,,CO,171,3135,3306,0,1,1,0,67,67,8,0.231243,0.238337,0,0,0.000008,174,0.000052,0,41,0,0
8025,Crowley County,,CO,179,2757,2936,0,1,1,0,68,68,8,0.24775,0.257011,0,0,0.000074,174,0.000052,0,42,0,0
8027,Custer County,,CO,362,4454,4816,1,0,1,71,0,71,0,0,0,0,0.000029,0,174,0.000084,0,6,0,0.000337
8029,Delta County,,CO,2324,32163,34487,2,3,5,674,835,1509,7,0.284675,0.298589,0,0.000172,0.001054,174,0.000106,0,23,1,0.001336
8031,Denver County,,CO,90114,692057,782171,199,129,328,87146,79962,167108,6,0.397284,0.438029,65323.769949,0.097987,0.07502,174,0.003313,0,23,0.303753,0.632026
8033,Dolores County,,CO,92,1971,2063,0,0,0,0,0,0,0,0,0,0,0,0,12,0.000052,11,43,0,0
8035,Douglas County,,CO,32849,364272,397121,71,50,121,29358,23662,53020,7,0.358673,0.389736,2876.738256,0.044586,0.03478,174,0.001268,0,23,0.603784,0.315642
8037,Eagle County,,CO,5713,62644,68357,15,18,33,2323,3235,5558,7,0.329187,0.352114,2168.688392,0.008562,0.010483,174,0.000376,0,23,0.739766,0.068265
8039,Elbert County,,CO,2628,26772,29400,6,6,12,2259,1558,3817,7,0.301704,0.317387,0,0.003149,0.003757,174,0.000172,0,23,1,0.02554
8041,El Paso County,,CO,68598,722680,791278,216,211,427,46603,43982,90585,6,0.424081,0.471405,162239.012569,0.093194,0.09244,174,0.003693,0,23,0.216673,0.627431
8043,Fremont County,,CO,2740,41621,44361,9,7,16,1440,1022,2462,7,0.301868,0.317777,2847.105542,0.003196,0.00312,174,0.000266,0,23,0.588889,0.026314
8045,Garfield County,,CO,4959,62783,67742,14,13,27,2432,2425,4857,7,0.326135,0.347377,163.8723,0.007416,0.00728,174,0.000346,0,23,0.862637,0.057404
8047,Gilpin County,,CO,696,5407,6103,3,3,6,438,330,768,8,0.273174,0.28661,0,0.001464,0.001402,174,0.000115,0,23,1,0.013162
8049,Grand County,,CO,1682,15116,16798,5,5,10,468,427,895,7,0.286495,0.30087,0,0.002107,0.002843,174,0.000165,0,23,1,0.018287
8051,Gunnison County,,CO,1530,15956,17486,5,2,7,352,155,507,7,0.284588,0.298289,0,0.00209,0.001008,174,0.000163,0,23,0.9,0.018203
8053,Hinsdale County,,CO,-2,913,911,0,0,0,0,0,0,0,0,0,0,0,0,13,0.000052,12,44,0,0
8055,Huerfano County,,CO,567,6057,6624,1,1,2,96,134,230,8,0.247705,0.256924,0,0.000097,0.000074,174,0.000082,0,23,0,0.000679
8057,Jackson County,,CO,83,1509,1592,0,0,0,0,0,0,0,0,0,0,0,0,14,0.000052,13,45,0,0
8059,Jefferson County,,CO,58486,649862,708348,115,83,198,51161,47653,98814,7,0.372071,0.408016,26153.288607,0.063733,0.046318,174,0.002129,0,23,0.427923,0.440062
8061,Kiowa County,,CO,-2,1518,1516,0,0,0,0,0,0,0,0,0,0,0,0,15,0.000052,14,46,0,0
8063,Kit Carson County,,CO,584,8253,8837,0,0,0,0,0,0,0,0,0,0,0,0,16,0.000052,15,47,0,0
8065,Lake County,,CO,798,6977,7775,2,0,2,143,0,143,0,0,0,0,0.000153,0,174,0.000089,0,7,1,0.001257
8067,La Plata County,,CO,4543,58785,63328,16,13,29,1788,1759,3547,7,0.324309,0.345685,5772.401462,0.008894,0.00716,174,0.000408,0,23,0.694853,0.06884
8069,Larimer County,,CO,26223,357164,383387,76,46,122,19455,15931,35386,7,0.346811,0.376998,14964.600018,0.038476,0.025466,174,0.001521,0,23,0.451266,0.272344
8071,Las Animas County,,CO,1059,14146,15205,1,2,3,107,216,323,7,0.297984,0.312731,0,0.000097,0.000932,174,0.000082,0,23,1,0.000679
8073,Lincoln County,,CO,252,4939,5191,1,0,1,58,0,58,0,0,0,0,0.000851,0,174,0.000067,0,19,0,0.005834
8075,Logan County,,CO,1300,20521,21821,4,3,7,303,289,592,8,0.257601,0.269297,3.381653,0.001699,0.000537,174,0.000141,0,23,0.9,0.013278
8077,Mesa County,,CO,10254,163015,173269,27,24,51,4648,4929,9577,7,0.333934,0.359095,11087.852812,0.011482,0.014408,174,0.000681,0,23,0.482863,0.086439
8079,Mineral County,,CO,-2,938,936,0,0,0,0,0,0,0,0,0,0,0,0,17,0.000052,16,48,0,0
8081,Moffat County,,CO,1205,14164,15369,2,2,4,224,221,445,8,0.250405,0.26051,0.486742,0.000159,0.000127,174,0.000101,0,23,0.5,0.001167
8083,Montezuma County,,CO,2002,26855,28857,3,5,8,547,683,1230,7,0.317527,0.336269,0.957033,0.001378,0.001659,174,0.000109,0,23,0.7,0.010575
8085,Montrose County,,CO,2958,44980,47938,10,10,20,1312,1348,2660,7,0.321532,0.341337,12284.944645,0.005017,0.004306,174,0.000354,0,23,0.484848,0.038641
8087,Morgan County,,CO,2250,32000,34250,7,7,14,820,917,1737,7,0.286554,0.30123,60.975199,0.002386,0.00302,174,0.000226,0,23,0.809524,0.020843
8089,Otero County,,CO,1098,19256,20354,2,3,5,268,408,676,7,0.298048,0.312971,5617,0.000097,0.000933,174,0.000166,0,23,0.333333,0.000781
8091,Ouray County,,CO,459,5353,5812,1,1,2,123,122,245,8,0.243324,0.251509,0,0.00004,0.000046,174,0.000082,0,23,0,0.000449
8093,Park County,,CO,1847,15607,17454,7,7,14,1234,1007,2241,7,0.30177,0.317627,6.056381,0.003205,0.003507,174,0.000191,0,23,0.821429,0.026082
8095,Phillips County,,CO,274,5129,5403,0,0,0,0,0,0,0,0,0,0,0,0,18,0.000052,17,49,0,0
8097,Pitkin County,,CO,1982,20070,22052,5,3,8,914,789,1703,7,0.284442,0.298241,0.227881,0.00248,0.001049,174,0.000145,0,23,0.95,0.019086
8099,Prowers County,,CO,918,12771,13689,0,2,2,0,268,268,7,0.298027,0.312798,0,0,0.000932,174,0.000052,0,50,1,0
8101,Pueblo County,,CO,8746,168070,176816,22,18,40,4605,4259,8864,7,0.329226,0.352234,17896.846981,0.008089,0.010572,174,0.000623,0,23,0.42029,0.062824
8103,Rio Blanco County,,CO,625,7271,7896,0,1,1,0,114,114,8,0.250405,0.260357,0,0,0.000106,174,0.000052,0,51,0,0
8105,Rio Grande County,,CO,1301,14700,16001,2,3,5,231,379,610,7,0.298016,0.312911,5617,0.000022,0.000866,174,0.00017,0,23,0.333333,0.000262
8107,Routt County,,CO,2486,27478,29964,6,7,13,638,779,1417,7,0.285465,0.300298,563.266787,0.002285,0.002855,174,0.000204,0,23,0.785714,0.020434
8109,Saguache County,,CO,346,4039,4385,1,1,2,103,91,194,8,0.229612,0.236276,0,0.000008,0,174,0.0001,0,23,0,0.000106
8111,San Juan County,,CO,-2,698,696,0,0,0,0,0,0,0,0,0,0,0,0,19,0.000052,18,52,0,0
8113,San Miguel County,,CO,737,8563,9300,1,1,2,67,206,273,8,0.243324,0.251509,0,0.00004,0.000046,174,0.000082,0,23,0,0.000449
8115,Sedgwick County,,CO,191,2572,2763,0,0,0,0,0,0,0,0,0,0,0,0,20,0.000052,19,53,0,0
8117,Summit County,,CO,3881,34279,38160,12,13,25,1533,1767,3300,7,0.321532,0.341697,1061.283675,0.006288,0.00612,174,0.000288,0,23,0.697802,0.049565
8119,Teller County,,CO,2883,26310,29193,3,4,7,1042,1165,2207,7,0.2993,0.31459,1.233333,0.00131,0.001549,174,0.000112,0,23,0.8,0.010208
8121,Washington County,,CO,227,4974,5201,0,0,0,0,0,0,0,0,0,0,0,0,21,0.000052,20,54,0,0
8123,Weld County,,CO,24100,297520,321620,35,28,63,20812,15814,36626,7,0.335587,0.361782,4818.535958,0.01749,0.018372,174,0.000758,0,23,0.555488,0.128062
8125,Yuma County,,CO,812,11501,12313,0,1,1,0,79,79,8,0.251334,0.261604,0,0,0.000161,174,0.000052,0,55,0,0
9001,Fairfield County,,CT,51043,1105774,1156817,98,145,243,37711,45985,83696,6,0.380268,0.424685,4975.753094,0.063405,0.084401,210,0.001126,0,23,0.455139,0.391824
9003,Hartford County,,CT,46268,1070539,1116807,98,123,221,30193,36592,66785,6,0.37272,0.41443,7931.363119,0.062032,0.074536,210,0.001175,0,23,0.475792,0.389131
9005,Litchfield County,,CT,10912,227756,238668,16,22,38,7460,6714,14174,7,0.330715,0.354897,61.830883,0.010186,0.015805,210,0.000185,0,23,0.822464,0.05477
9007,Middlesex County,,CT,11922,198545,210467,14,19,33,8029,7994,16023,7,0.327519,0.350519,67.203219,0.008489,0.012862,210,0.000172,0,23,0.826316,0.046348
9009,New Haven County,,CT,44659,988211,1032870,87,124,211,29321,35478,64799,6,0.377069,0.418772,4323.654567,0.057054,0.078275,210,0.001011,0,23,0.512165,0.352949
9011,New London County,,CT,18306,320567,338873,43,65,108,9960,11985,21945,7,0.345862,0.378779,1118.743768,0.025425,0.041145,210,0.00051,0,23,0.596121,0.154919
9013,Tolland County,,CT,10504,165194,175698,11,13,24,7265,6825,14090,7,0.296585,0.316221,3.598528,0.005313,0.006402,210,0.000142,0,23,0.891026,0.027108
9015,Windham County,,CT,6866,132332,139198,11,12,23,4044,4004,8048,7,0.286909,0.30482,1.721713,0.00505,0.004565,210,0.00014,0,23,0.865385,0.025209
10001,Kent County,,DE,11950,186271,198221,23,23,46,6527,5848,12375,7,0.320753,0.344529,1015.839094,0.011536,0.012922,210,0.000322,0,23,0.634921,0.067491
10003,New Castle County,,DE,28776,632270,661046,76,85,161,19564,21006,40570,6,0.365321,0.401559,6628.223169,0.047873,0.05621,210,0.000841,0,23,0.583842,0.283786
10005,Sussex County,,DE,11337,235698,247035,48,28,76,11190,6490,17680,7,0.321049,0.345242,3288.882142,0.020716,0.015911,210,0.000558,0,23,0.464646,0.10985
11001,District of Columbia,,DC,71162,653909,725071,167,150,317,56039,61285,117324,6,0.398537,0.44182,26239.712567,0.096306,0.086988,89,0.002173,0,23,0.382885,0.600663
12001,Alachua County,,FL,21739,240698,262437,52,68,120,12116,14965,27081,6,0.363743,0.397109,18296.877622,0.027549,0.044673,26,0.000974,0,23,0.546249,0.200234
12003,Baker County,,FL,1535,26234,27769,5,2,7,869,742,1611,7,0.290842,0.305408,0.333333,0.001195,0.001159,26,0.000151,0,23,0.7,0.008771
12005,Bay County,,FL,15052,193120,208172,52,45,97,7485,6480,13965,7,0.344789,0.374551,26384.522137,0.026792,0.027707,0,0.001026,0,23,0.4436,0.190319
12007,Bradford County,,FL,1739,23763,25502,5,5,10,1194,1037,2231,7,0.291086,0.306248,73.65138,0.001552,0.001471,26,0.000147,0,23,0.7,0.010097
12009,Brevard County,,FL,32817,626902,659719,147,101,248,27188,19868,47056,6,0.378404,0.416745,7076.875835,0.086072,0.066455,26,0.001963,0,23,0.425643,0.545284
12011,Broward County,,FL,136743,2070330,2207073,242,239,481,125233,121917,247150,6,0.419282,0.470817,74085.728499,0.120116,0.114071,26,0.003328,0,23,0.259823,0.763321
12013,Calhoun County,,FL,910,12144,13054,4,3,7,488,443,931,8,0.256507,0.268109,13.39237,0.000642,0.000257,0,0.00018,0,23,0.666667,0.004155
12015,Charlotte County,,FL,15175,171098,186273,51,23,74,9586,7213,16799,7,0.332615,0.356828,395.183383,0.032096,0.018213,26,0.000674,0,23,0.653199,0.203853
12017,Citrus County,,FL,9377,145226,154603,23,23,46,5562,4394,9956,7,0.311827,0.334423,44.563532,0.013217,0.016234,26,0.000421,0,23,0.871795,0.094917
12019,Clay County,,FL,20552,222134,242686,41,33,74,14978,13470,28448,7,0.336767,0.362922,1465.378169,0.023595,0.022026,26,0.000724,0,23,0.623188,0.163637
12021,Collier County,,FL,25554,394704,420258,110,70,180,23758,20912,44670,6,0.372171,0.406057,2485.31419,0.068346,0.049232,26,0.001346,0,23,0.521005,0.415076
12023,Columbia County,,FL,4862,64009,68871,16,15,31,2780,2565,5345,7,0.308332,0.328648,2769.695965,0.008353,0.007686,26,0.000366,0,23,0.546784,0.058052
12027,DeSoto County,,FL,2112,28634,30746,6,6,12,1065,934,1999,7,0.282591,0.297257,4.941155,0.001914,0.002728,26,0.000175,0,23,0.833333,0.016941
12029,Dixie County,,FL,967,12325,13292,4,3,7,454,391,845,7,0.266801,0.279071,7.764525,0.000436,0.000294,26,0.00014,0,23,0.5,0.00248
12031,Duval County,,FL,71162,993618,1064780,206,181,387,57194,55749,112943,6,0.410003,0.455638,76434.402492,0.102284,0.094904,26,0.003096,0,23,0.297163,0.661302
12033,Escambia County,,FL,28173,320510,348683,76,78,154,15287,16954,32241,7,0.367641,0.40293,19497.2969,0.044424,0.047822,0,0.001231,0,23,0.442919,0.308826
12035,Flagler County,,FL,8883,110793,119676,28,18,46,5616,4780,10396,7,0.31085,0.33239,14.430031,0.018829,0.013138,26,0.000425,0,23,0.846059,0.121845
12037,Franklin County,,FL,676,10087,10763,1,2,3,76,158,234,8,0.267263,0.280124,0,0.000379,0.000525,26,0.000068,0,23,1,0.002055
12039,Gadsden County,,FL,3461,48697,52158,4,5,9,1749,2208,3957,7,0.301541,0.318818,240.019134,0.000389,0.001732,26,0.00016,0,23,0.333333,0.002464
12041,Gilchrist County,,FL,1572,15480,17052,5,5,10,967,951,1918,7,0.266929,0.279611,6.026984,0.000538,0.000428,26,0.000183,0,23,0.65,0.003446
12043,Glades County,,FL,1094,8312,9406,4,3,7,703,493,1196,7,0.280226,0.294433,3.964681,0.001874,0.00103,26,0.000118,0,23,0.666667,0.013585
12045,Gulf County,,FL,1132,12977,14109,1,1,2,297,360,657,8,0.256413,0.267629,0,0.000255,0.000247,0,0.000072,0,23,0,0.001819
12047,Hamilton County,,FL,923,11460,12383,3,3,6,311,353,664,8,0.247286,0.258132,23.142071,0.000238,0.000206,26,0.000122,0,23,0.333333,0.0017
12049,Hardee County,,FL,1973,26263,28236,5,5,10,969,1064,2033,7,0.296458,0.312431,11.656583,0.002045,0.002501,26,0.000145,0,23,0.8,0.015984
12051,Hendry County,,FL,3794,38846,42640,7,8,15,2142,2248,4390,7,0.309018,0.328222,113.215744,0.004642,0.007379,26,0.000177,0,23,0.819444,0.033912
12053,Hernando County,,FL,12773,178123,190896,27,24,51,8827,7546,16373,7,0.326826,0.350295,31.302494,0.017973,0.017498,26,0.000437,0,23,0.878161,0.121717
12055,Highlands County,,FL,6680,96576,103256,18,19,37,3169,3112,6281,7,0.309776,0.330831,141.515653,0.0099,0.013339,26,0.000357,0,23,0.766667,0.072683
12057,Hillsborough County,,FL,100864,1412499,1513363,271,225,496,90358,82964,173322,6,0.420806,0.470619,84675.753424,0.123663,0.112304,26,0.003751,0,23,0.232182,0.775211
12059,Holmes County,,FL,1295,16775,18070,5,5,10,854,809,1663,8,0.256626,0.268649,64.285779,0.000294,0.000297,0,0.000198,0,23,0.4,0.002588
12061,Indian River County,,FL,10318,161183,171501,35,22,57,6719,5109,11828,7,0.311757,0.334249,19.700143,0.024054,0.016015,26,0.000489,0,23,0.824324,0.154755
12063,Jackson County,,FL,2853,45176,48029,7,7,14,1439,1327,2766,8,0.267726,0.281744,96.451043,0.000703,0.000559,0,0.000256,0,23,0.404762,0.004665
12065,Jefferson County,,FL,1063,14137,15200,2,1,3,475,495,970,8,0.264013,0.276034,0,0.000382,0.000278,26,0.000097,0,23,1,0.002184
12067,Lafayette County,,FL,360,6422,6782,1,1,2,170,163,333,8,0.23511,0.243101,0,0.000035,0.000059,26,0.000084,0,23,0,0.000479
12069,Lake County,,FL,27144,343176,370320,64,41,105,24116,17834,41950,7,0.349252,0.378209,442.538693,0.042686,0.031273,26,0.000904,0,23,0.702685,0.275506
12071,Lee County,,FL,46227,717947,764174,225,133,358,46908,30448,77356,6,0.389107,0.430874,31837.422016,0.104633,0.077505,26,0.002973,0,23,0.26491,0.638745
12073,Leon County,,FL,22421,273577,295998,60,67,127,13097,15338,28435,7,0.358673,0.391943,63664.76937,0.03019,0.041133,26,0.001223,0,23,0.465653,0.217493
12075,Levy County,,FL,3720,38894,42614,8,7,15,2085,2178,4263,7,0.296585,0.312911,409.684186,0.003795,0.001978,26,0.000211,0,23,0.652778,0.026164
12077,Liberty County,,FL,515,6759,7274,3,2,5,229,253,482,8,0.264038,0.276214,12.614161,0.000397,0.000284,26,0.000146,0,23,0.5,0.002327
12079,Madison County,,FL,962,17770,18732,3,3,6,231,281,512,8,0.265653,0.278667,19.681839,0.000514,0.000352,26,0.000104,0,23,0.5,0.00278
12081,Manatee County,,FL,27360,374163,401523,104,57,161,23187,17610,40797,6,0.362463,0.394518,3680.667149,0.065634,0.040939,26,0.001372,0,23,0.535003,0.410145
12083,Marion County,,FL,22899,355730,378629,67,50,117,15387,13646,29033,7,0.352441,0.383055,1421.269237,0.041081,0.035882,26,0.001021,0,23,0.634608,0.275891
12085,Martin County,,FL,13092,167006,180098,27,21,48,9511,8119,17630,7,0.328487,0.351683,119.071554,0.019696,0.016572,26,0.000365,0,23,0.819129,0.121351
12086,Miami-Dade County,,FL,145621,2871474,3017095,219,236,455,100661,131160,231821,6,0.42337,0.473965,112610.100436,0.113171,0.113371,26,0.003237,0,23,0.263072,0.727262
12087,Monroe County,,FL,9746,89939,99685,20,27,47,3618,4460,8078,7,0.337094,0.362367,15.094818,0.015453,0.021423,26,0.000334,0,23,0.864368,0.108184
12089,Nassau County,,FL,6356,87786,94142,9,8,17,3436,3052,6488,7,0.305923,0.324162,104.875478,0.004421,0.004149,26,0.00021,0,23,0.530303,0.03099
12091,Okaloosa County,,FL,25104,221584,246688,71,71,142,12885,13302,26187,7,0.364746,0.39935,15631.688195,0.04113,0.043628,0,0.00119,0,23,0.470725,0.286616
12093,Okeechobee County,,FL,2785,36717,39502,6,8,14,1070,1154,2224,7,0.297793,0.315082,42.099921,0.00265,0.00457,26,0.000156,0,23,0.714286,0.018184
12095,Orange County,,FL,115493,1336478,1451971,243,198,441,104858,98559,203417,6,0.411399,0.459116,42946.136949,0.118613,0.107089,26,0.003337,0,23,0.278578,0.748566
12097,Osceola County,,FL,35864,320884,356748,75,56,131,31647,27853,59500,7,0.352979,0.384614,539.938625,0.05116,0.041674,26,0.000975,0,23,0.662346,0.325306
12099,Palm Beach County,,FL,86050,1552830,1638880,231,211,442,94980,73236,168216,6,0.408376,0.458684,40419.061799,0.113244,0.108108,26,0.003034,0,23,0.268303,0.71618
12101,Pasco County,,FL,39519,495305,534824,102,60,162,36559,27589,64148,6,0.362936,0.395826,1461.535007,0.065477,0.04445,26,0.001339,0,23,0.576618,0.412473
12103,Pinellas County,,FL,62256,1023495,1085751,228,173,401,57539,47246,104785,6,0.405812,0.451637,40684.723065,0.113491,0.095361,26,0.003007,0,23,0.280584,0.705079
12105,Polk County,,FL,42527,655783,698310,118,75,193,34762,28225,62987,6,0.371127,0.405548,5171.452363,0.0706,0.052852,26,0.001579,0,23,0.489297,0.445198
12107,Putnam County,,FL,4883,67404,72287,11,11,22,2669,2749,5418,7,0.306699,0.325751,37.681873,0.005849,0.006677,26,0.000236,0,23,0.856061,0.041077
12109,St. Johns County,,FL,18187,241172,259359,61,37,98,17729,11565,29294,7,0.34934,0.377435,691.096038,0.04209,0.029908,26,0.000897,0,23,0.701683,0.279918
12111,St. Lucie County,,FL,22874,307039,329913,65,47,112,18995,15244,34239,7,0.342663,0.37223,620.101341,0.042306,0.034768,26,0.000879,0,23,0.681299,0.270837
12113,Santa Rosa County,,FL,16341,171208,187549,32,29,61,9420,8538,17958,7,0.336115,0.363069,2131.829004,0.022,0.020448,0,0.000532,0,23,0.711238,0.149032
12115,Sarasota County,,FL,30628,440666,471294,136,82,218,28780,21225,50005,6,0.378095,0.413614,5662.55682,0.076995,0.055366,26,0.001716,0,23,0.437943,0.474776
12117,Seminole County,,FL,46270,485367,531637,86,71,157,38041,36532,74573,6,0.374882,0.40917,1509.421863,0.05859,0.054994,26,0.001222,0,23,0.634862,0.381704
12119,Sumter County,,FL,7475,115349,122824,42,16,58,6477,4432,10909,7,0.309018,0.329727,55.04269,0.028048,0.01226,26,0.000582,0,23,0.732004,0.178052
12121,Suwannee County,,FL,2925,39242,42167,11,8,19,1611,1414,3025,7,0.307344,0.326015,7136.400308,0.006363,0.003762,26,0.000302,0,23,0.560606,0.042782
12123,Taylor County,,FL,1052,20231,21283,1,3,4,75,245,320,8,0.264138,0.276574,8.806612,0.000379,0.000287,26,0.000068,0,23,0.333333,0.002055
12125,Union County,,FL,1031,11359,12390,3,3,6,468,517,985,7,0.266852,0.279191,0.767857,0.000496,0.000345,26,0.00011,0,23,0.666667,0.002699
12127,Volusia County,,FL,34451,543035,577486,113,87,200,28267,22476,50743,6,0.371822,0.408192,3044.292135,0.069542,0.059861,26,0.001546,0,23,0.517837,0.447127
12129,Wakulla County,,FL,2101,30788,32889,1,2,3,1105,965,2070,8,0.264038,0.276214,0,0.000379,0.000282,26,0.000068,0,23,1,0.002055
12131,Walton County,,FL,6060,61413,67473,10,8,18,3276,2743,6019,7,0.300303,0.317691,533.282883,0.004412,0.003327,0,0.000245,0,23,0.681818,0.029864
12133,Washington County,,FL,2023,21822,23845,3,3,6,1022,1113,2135,8,0.256507,0.268109,0,0.000263,0.000256,0,0.000136,0,23,1,0.002106
13001,Appling County,,GA,995,18573,19568,2,2,4,295,204,499,9,0.190395,0.19514,141.483577,0.000002,0,26,0.000118,0,23,0,0.000231
13003,Atkinson County,,GA,677,8455,9132,1,1,2,261,273,534,9,0.198118,0.203706,0,0.000001,0.000001,26,0.000087,0,23,0,0.00012
13005,Bacon County,,GA,610,10905,11515,2,2,4,202,218,420,8,0.234911,0.243197,2725.33193,0.000001,0.00001,26,0.000137,0,23,0.166667,0.000225
13007,Baker County,,GA,267,3123,3390,0,0,0,0,0,0,0,0,0,0,0,0,22,0.000052,21,56,0,0
13009,Baldwin County,,GA,2981,40925,43906,8,10,18,1192,1351,2543,7,0.297952,0.314554,12315.370056,0.001052,0.002942,25,0.00033,0,23,0.355556,0.007826
13011,Banks County,,GA,1815,17453,19268,6,3,9,1346,1225,2571,8,0.240752,0.25014,2.304445,0.000892,0.000111,25,0.00021,0,23,0.666667,0.006976
13013,Barrow County,,GA,6825,77350,84175,12,12,24,5794,4515,10309,7,0.308435,0.32707,515.89848,0.003728,0.005282,25,0.000288,0,23,0.705128,0.02695
13015,Bartow County,,GA,8157,107345,115502,11,16,27,4867,5020,9887,7,0.310122,0.329811,1577.079879,0.003743,0.005776,25,0.000233,0,23,0.558333,0.026915
13017,Ben Hill County,,GA,1224,17269,18493,3,3,6,409,445,854,7,0.30141,0.31802,1873.548891,0.000015,0.001443,26,0.000162,0,23,0.416667,0.000367
13019,Berrien County,,GA,1527,17042,18569,4,4,8,690,843,1533,8,0.246759,0.257448,5,0.000149,0.000076,26,0.000178,0,23,0.666667,0.000972
13021,Bibb County,,GA,12170,162437,174607,23,25,48,5937,7282,13219,7,0.32142,0.34568,16175.920911,0.006175,0.010468,25,0.000614,0,23,0.398148,0.043897
13023,Bleckley County,,GA,748,12186,12934,4,2,6,406,268,674,8,0.245538,0.256155,2282.974117,0.000176,0.000133,25,0.000218,0,23,0.583333,0.001383
13025,Brantley County,,GA,1259,16504,17763,4,4,8,729,716,1445,8,0.236833,0.24604,68.299967,0.000083,0.000066,26,0.000191,0,23,0.5,0.000889
13027,Brooks County,,GA,1462,15172,16634,2,3,5,762,860,1622,8,0.246781,0.257328,0,0.000168,0.000078,26,0.000091,0,23,1,0.000757
13029,Bryan County,,GA,5633,38410,44043,6,6,12,2333,2368,4701,8,0.270568,0.2853,53.270442,0.001595,0.001061,25,0.000157,0,23,0.535714,0.011249
13031,Bulloch County,,GA,5537,59738,65275,15,21,36,2539,3138,5677,7,0.311233,0.332042,26766.797436,0.002816,0.006251,25,0.000481,0,23,0.320346,0.021807
13033,Burke County,,GA,1708,23659,25367,2,4,6,759,1001,1760,7,0.301541,0.318446,1.730536,0.000391,0.001817,25,0.000088,0,23,0.666667,0.002759
13035,Butts County,,GA,1947,22641,24588,5,7,12,1227,1274,2501,8,0.264995,0.278014,26.897061,0.000543,0.000635,25,0.00015,0,23,0.595238,0.004368
13037,Calhoun County,,GA,407,5135,5542,0,1,1,0,71,71,8,0.239759,0.249079,0,0,0.000065,26,0.000052,0,57,0,0
13039,Camden County,,GA,6949,51921,58870,12,11,23,2176,2383,4559,7,0.317056,0.337358,221.307474,0.005432,0.00524,26,0.000237,0,23,0.557692,0.036078
13043,Candler County,,GA,859,10608,11467,3,2,5,563,503,1066,8,0.237542,0.246392,1.61829,0.000064,0.000027,25,0.000134,0,23,0.666667,0.00059
13045,Carroll County,,GA,9162,118180,127342,17,19,36,5502,6272,11774,7,0.309156,0.329139,6808.468165,0.004169,0.006102,25,0.000355,0,23,0.481579,0.030312
13047,Catoosa County,,GA,5692,65870,71562,7,4,11,4082,3853,7935,8,0.262839,0.274531,42.642241,0.000327,0.000273,238,0.000215,0,23,0.571429,0.002856
13049,Charlton County,,GA,696,8859,9555,3,4,7,378,399,777,7,0.290934,0.305828,0.333333,0.00096,0.001043,26,0.000107,0,23,0.75,0.006867
13051,Chatham County,,GA,25000,284725,309725,88,68,156,15047,14687,29734,7,0.364555,0.398696,41953.20424,0.047234,0.040992,25,0.00157,0,23,0.435287,0.329781
13053,Chattahoochee County,,GA,4653,5989,10642,5,11,16,702,1936,2638,7,0.312986,0.334111,8.384262,0.001995,0.005988,25,0.000116,0,23,0.772727,0.011703
13055,Chattooga County,,GA,1328,23858,25186,3,3,6,595,607,1202,8,0.236995,0.245753,6.547339,0.000107,0.00003,25,0.000107,0,23,0.333333,0.000773
13057,Cherokee County,,GA,19324,257805,277129,40,38,78,15871,12873,28744,7,0.338325,0.365372,17350.522848,0.021087,0.019489,25,0.000764,0,23,0.469082,0.14909
13059,Clarke County,,GA,11818,98535,110353,26,26,52,5825,7200,13025,7,0.334376,0.359161,21448.568636,0.006547,0.010772,25,0.000626,0,23,0.367424,0.047957
13061,Clay County,,GA,200,2980,3180,0,0,0,0,0,0,0,0,0,0,0,0,23,0.000052,22,58,0,0
13063,Clayton County,,GA,39590,273701,313291,59,54,113,30998,31959,62957,7,0.359788,0.39188,15348.466169,0.034489,0.032255,25,0.000975,0,23,0.500932,0.234747
13065,Clinch County,,GA,397,6691,7088,0,1,1,0,76,76,8,0.246651,0.256756,0,0,0.000071,26,0.000052,0,59,0,0
13067,Cobb County,,GA,76293,807179,883472,180,151,331,65302,62140,127442,6,0.402929,0.44585,68961.845995,0.091671,0.081962,25,0.002721,0,23,0.328043,0.595514
13069,Coffee County,,GA,2235,41490,43725,5,7,12,640,807,1447,8,0.247044,0.258467,16517.663337,0.000133,0.00008,26,0.000287,0,23,0.095238,0.001029
13071,Colquitt County,,GA,2611,46763,49374,7,9,16,928,1140,2068,7,0.302822,0.320653,757.942935,0.000198,0.001592,26,0.000227,0,23,0.388889,0.00136
13073,Columbia County,,GA,13542,149040,162582,34,29,63,10167,7237,17404,7,0.334981,0.362271,13290.744092,0.016395,0.017542,25,0.000653,0,23,0.462888,0.113115
13075,Cook County,,GA,1284,16241,17525,4,4,8,717,695,1412,8,0.246803,0.257568,1.17619,0.000163,0.000077,26,0.000158,0,23,0.833333,0.00099
13077,Coweta County,,GA,13348,156762,170110,20,22,42,9374,7922,17296,7,0.333213,0.357542,4260.987229,0.005641,0.010658,25,0.000402,0,23,0.538333,0.039632
13079,Crawford County,,GA,1019,12381,13400,3,3,6,810,624,1434,8,0.248658,0.259987,0,0.000243,0.000192,25,0.000145,0,23,1,0.001676
13081,Crisp County,,GA,1740,21195,22935,4,5,9,468,669,1137,7,0.302197,0.319256,7586.393962,0.00016,0.001575,25,0.000222,0,23,0.166667,0.001366
13083,Dade County,,GA,1103,15174,16277,3,5,8,504,673,1177,8,0.262889,0.274771,3.592857,0.000227,0.000266,238,0.000131,0,23,0.6,0.002154
13085,Dawson County,,GA,2214,23211,25425,8,7,15,1864,1447,3311,7,0.294823,0.310967,1.666117,0.002891,0.002337,25,0.000208,0,23,0.875,0.021275
13087,Decatur County,,GA,1697,29002,30699,6,6,12,721,737,1458,8,0.264339,0.277354,8368.094912,0.000432,0.000291,26,0.000228,0,23,0.333333,0.002679
13089,DeKalb County,,GA,99054,750778,849832,178,165,343,80400,86099,166499,6,0.41146,0.454864,80252.355959,0.09247,0.087562,25,0.002711,0,23,0.332654,0.605299
13091,Dodge County,,GA,1071,18843,19914,3,4,7,386,459,845,8,0.245733,0.256802,7994.067936,0.00003,0.000137,25,0.000357,0,23,0.416667,0.00036
13093,Dooly County,,GA,712,10440,11152,2,2,4,324,350,674,8,0.245516,0.256125,0,0.00016,0.000135,25,0.000115,0,23,1,0.001154
13095,Dougherty County,,GA,8307,92435,100742,18,21,39,3777,4730,8507,7,0.315258,0.337998,29954.840826,0.007025,0.008695,26,0.000448,0,23,0.414855,0.048434
13097,Douglas County,,GA,16223,142635,158858,24,20,44,11646,10858,22504,7,0.318839,0.341458,628.178033,0.012834,0.010864,25,0.000401,0,23,0.631034,0.08582
13099,Early County,,GA,666,10975,11641,2,1,3,137,102,239,8,0.237379,0.246429,0,0.000046,0.00002,0,0.000098,0,23,0.5,0.000369
13101,Echols County,,GA,350,3574,3924,1,1,2,209,199,408,8,0.246606,0.256668,0,0.000133,0.000071,26,0.00007,0,23,0,0.000606
13103,Effingham County,,GA,4755,59869,64624,6,6,12,3137,2347,5484,8,0.269126,0.283075,14.549431,0.000925,0.001043,25,0.000179,0,23,0.633333,0.007511
13105,Elbert County,,GA,1213,21145,22358,4,4,8,439,610,1049,8,0.25088,0.261275,1184.029851,0.00011,0.000071,25,0.000138,0,23,0.666667,0.000974
13107,Emanuel County,,GA,1456,23449,24905,5,6,11,658,586,1244,8,0.237948,0.247777,334.865792,0.000091,0.000032,25,0.000262,0,23,0.2,0.000782
13109,Evans County,,GA,942,10870,11812,2,2,4,265,409,674,8,0.23742,0.246164,0,0.000064,0.000032,25,0.000097,0,23,1,0.000472
13111,Fannin County,,GA,1382,23880,25262,5,4,9,697,444,1141,8,0.253189,0.264286,11201.224736,0.000947,0.000231,25,0.000262,0,23,0.3,0.007494
13113,Fayette County,,GA,11315,128478,139793,13,16,29,6352,6462,12814,7,0.328215,0.351008,118.395407,0.006548,0.008781,25,0.000254,0,23,0.705882,0.046022
13115,Floyd County,,GA,5503,101607,107110,10,14,24,2733,3147,5880,7,0.309983,0.329331,6806.616398,0.002826,0.005595,25,0.000243,0,23,0.521978,0.020578
13117,Forsyth County,,GA,16198,227536,243734,28,23,51,16074,9878,25952,7,0.332098,0.356406,1154.817682,0.016306,0.015556,25,0.000518,0,23,0.541889,0.113111
13119,Franklin County,,GA,1847,22067,23914,6,8,14,1233,1160,2393,7,0.288847,0.30449,2089.584183,0.000131,0.000928,25,0.000201,0,23,0.444444,0.00144
13121,Fulton County,,GA,131620,986103,1117723,241,204,445,111984,119699,231683,6,0.414962,0.462804,149161.031224,0.110132,0.099846,25,0.003681,0,23,0.242421,0.705996
13123,Gilmer County,,GA,1993,29326,31319,7,5,12,878,687,1565,7,0.287622,0.302301,2198.855119,0.002663,0.001082,25,0.000217,0,23,0.547619,0.019634
13125,Glascock County,,GA,187,2818,3005,0,0,0,0,0,0,0,0,0,0,0,0,24,0.000052,23,60,0,0
13127,Glynn County,,GA,6107,86669,92776,15,13,28,2265,2350,4615,7,0.309431,0.329529,9072.681485,0.006018,0.005818,26,0.000361,0,23,0.419118,0.042433
13129,Gordon County,,GA,3922,59941,63863,8,10,18,2268,2316,4584,7,0.307888,0.326788,1462.504829,0.001328,0.003654,25,0.000202,0,23,0.545455,0.010079
13131,Grady County,,GA,1648,26661,28309,5,4,9,826,868,1694,8,0.26439,0.277132,116.092678,0.000431,0.000289,26,0.000171,0,23,0.6,0.002591
13133,Greene County,,GA,1044,17830,18874,5,3,8,507,309,816,8,0.251016,0.261192,14.707163,0.001808,0.000094,25,0.000177,0,23,0.65,0.013103
13135,Gwinnett County,,GA,79171,968014,1047185,192,171,363,73377,67144,140521,6,0.405338,0.450534,95358.805801,0.093212,0.084529,25,0.002941,0,23,0.276549,0.602444
13137,Habersham County,,GA,2767,45323,48090,9,6,15,1787,1412,3199,7,0.288727,0.304011,4176.005847,0.001814,0.000949,25,0.000339,0,23,0.430556,0.013699
13139,Hall County,,GA,13522,215893,229415,19,19,38,9389,8243,17632,7,0.316767,0.338531,4568.29927,0.007242,0.007384,25,0.000487,0,23,0.463203,0.050793
13141,Hancock County,,GA,562,7654,8216,1,1,2,112,159,271,8,0.229575,0.236781,0,0.000027,0.00001,25,0.00008,0,23,0,0.000183
13143,Haralson County,,GA,2137,28306,30443,6,6,12,1674,1441,3115,7,0.287562,0.302373,567.90732,0.000991,0.001088,25,0.000158,0,23,0.666667,0.007646
13145,Harris County,,GA,2996,34967,37963,5,6,11,1870,1840,3710,8,0.266137,0.279603,8.289004,0.00056,0.000403,25,0.00014,0,23,0.6,0.003294
13147,Hart County,,GA,1786,25599,27385,2,5,7,649,939,1588,8,0.251539,0.262655,9.351353,0.000009,0.000115,25,0.000103,0,23,0.35,0.000243
13149,Heard County,,GA,985,10584,11569,3,3,6,618,624,1242,8,0.25027,0.260505,0,0.000204,0.000123,25,0.000102,0,23,1,0.001203
13151,Henry County,,GA,21643,229291,250934,47,37,84,17689,15245,32934,7,0.337667,0.365558,14434.033833,0.022904,0.019325,25,0.000832,0,23,0.436078,0.156335
13153,Houston County,,GA,14502,169399,183901,36,35,71,6442,7161,13603,7,0.325257,0.351714,70771.488105,0.01445,0.015775,25,0.001028,0,23,0.34878,0.101598
13155,Irwin County,,GA,833,8837,9670,3,3,6,435,466,901,8,0.232786,0.241132,17.877015,0.000029,0.000004,26,0.000162,0,23,0.5,0.000367
13157,Jackson County,,GA,5629,67746,73375,13,12,25,4611,3627,8238,7,0.297506,0.314116,2455.119734,0.002953,0.002973,25,0.000354,0,23,0.521978,0.021471
13159,Jasper County,,GA,1244,14063,15307,3,4,7,529,632,1161,8,0.252659,0.264064,1.388813,0.000237,0.00031,25,0.000114,0,23,0.75,0.002184
13161,Jeff Davis County,,GA,975,14928,15903,2,3,5,228,377,605,9,0.198273,0.204389,493.857083,0.000001,0.000001,26,0.000137,0,23,0,0.000225
13163,Jefferson County,,GA,1020,18227,19247,3,3,6,327,375,702,8,0.258728,0.270636,513.199826,0.000247,0.000374,25,0.000125,0,23,0.3,0.001882
13165,Jenkins County,,GA,545,7881,8426,1,1,2,96,117,213,8,0.237379,0.245924,0,0.000058,0.000026,25,0.000072,0,23,0,0.000316
13167,Johnson County,,GA,459,7744,8203,3,2,5,289,270,559,8,0.235489,0.243941,21.400452,0.000029,0.000003,25,0.000171,0,23,0.333333,0.000355
13169,Jones County,,GA,2072,30304,32376,5,5,10,1367,1233,2600,8,0.248836,0.260677,15.629032,0.000283,0.000206,25,0.000175,0,23,0.6,0.001988
13171,Lamar County,,GA,1474,17244,18718,7,6,13,1001,832,1833,8,0.264894,0.277654,230.69246,0.000561,0.000574,25,0.000191,0,23,0.642857,0.00465
13173,Lanier County,,GA,1223,8119,9342,2,2,4,591,609,1200,8,0.246628,0.256848,0,0.000134,0.000072,26,0.000107,0,23,1,0.000723
13175,Laurens County,,GA,2699,51792,54491,6,10,16,644,979,1623,7,0.307684,0.326705,15656.917593,0.000243,0.003082,25,0.00038,0,23,0.277778,0.001994
13177,Lee County,,GA,3234,33911,37145,5,4,9,2013,1348,3361,8,0.239983,0.249978,14.994731,0.000122,0.000067,26,0.000186,0,23,0.45,0.001005
13179,Liberty County,,GA,15226,60168,75394,40,40,80,6130,7691,13821,7,0.341484,0.370764,16402.661512,0.019823,0.020415,25,0.000711,0,23,0.5,0.13591
13181,Lincoln County,,GA,484,7909,8393,2,2,4,214,205,419,8,0.258584,0.270217,0,0.000391,0.000374,25,0.000088,0,23,1,0.002759
13183,Long County,,GA,2527,11893,14420,4,4,8,1300,1053,2353,8,0.26871,0.281983,66.25184,0.000574,0.000625,25,0.000139,0,23,0.666667,0.004685
13185,Lowndes County,,GA,11069,106890,117959,25,34,59,3811,5003,8814,7,0.327288,0.353024,61340.688598,0.007693,0.014438,26,0.000695,0,23,0.337087,0.053966
13187,Lumpkin County,,GA,2731,27564,30295,7,6,13,1358,1333,2691,7,0.294729,0.310668,18.004848,0.00212,0.002124,25,0.000193,0,23,0.833333,0.01567
13189,McDuffie County,,GA,1405,23784,25189,3,3,6,606,694,1300,8,0.258632,0.270457,5617,0.000392,0.000374,25,0.000175,0,23,0.333333,0.002862
13191,McIntosh County,,GA,964,11578,12542,1,2,3,270,447,717,8,0.254744,0.266262,0,0.000054,0.000238,26,0.000076,0,23,1,0.000486
13193,Macon County,,GA,835,11734,12569,2,3,5,251,336,587,8,0.24569,0.256574,73.1901,0.000172,0.000136,25,0.000098,0,23,0.5,0.00115
13195,Madison County,,GA,2250,29528,31778,8,8,16,1460,1544,3004,8,0.25088,0.261845,764.116918,0.00099,0.000151,25,0.000252,0,23,0.486111,0.00737
13197,Marion County,,GA,605,7262,7867,1,1,2,188,164,352,8,0.263612,0.275782,0,0.000297,0.000258,25,0.000067,0,23,0,0.001873
13199,Meriwether County,,GA,2075,22283,24358,7,7,14,1232,1304,2536,7,0.307174,0.325343,323.814323,0.001452,0.002805,25,0.000197,0,23,0.553571,0.009992
13201,Miller County,,GA,504,5740,6244,2,2,4,285,204,489,9,0.209831,0.216514,0,0.000003,0.000004,26,0.000113,0,23,1,0.000242
13205,Mitchell County,,GA,1489,22198,23687,5,5,10,736,1248,1984,8,0.239941,0.250068,22.605938,0.000146,0.000077,26,0.000169,0,23,0.5,0.001072
13207,Monroe County,,GA,2087,28463,30550,6,8,14,1230,1180,2410,7,0.294354,0.310794,179.311401,0.000433,0.001464,25,0.000192,0,23,0.517857,0.003506
13209,Montgomery County,,GA,623,7819,8442,1,1,2,332,337,669,9,0.211202,0.217551,0,0.000004,0.000001,25,0.000081,0,23,0,0.000115
13211,Morgan County,,GA,1149,20342,21491,6,6,12,724,579,1303,7,0.288877,0.30425,231.687046,0.001012,0.001054,25,0.000224,0,23,0.690476,0.007488
13213,Murray County,,GA,2722,40276,42998,3,5,8,1613,1850,3463,8,0.237745,0.24732,7.073203,0.000085,0.000063,25,0.000126,0,23,0.45,0.000675
13215,Muscogee County,,GA,27944,209310,237254,63,65,128,14400,16731,31131,7,0.357934,0.391445,37827.828786,0.028013,0.032287,25,0.001139,0,23,0.364505,0.19283
13217,Newton County,,GA,10108,107444,117552,18,14,32,7372,6838,14210,7,0.308641,0.32767,1612.697686,0.00635,0.005787,25,0.0004,0,23,0.532164,0.044837
13219,Oconee County,,GA,2878,39834,42712,7,9,16,2185,1650,3835,7,0.297346,0.313456,740.037887,0.001925,0.002891,25,0.000195,0,23,0.736111,0.013857
13221,Oglethorpe County,,GA,1052,14273,15325,3,2,5,738,550,1288,8,0.250654,0.260556,0,0.000127,0.000069,25,0.000118,0,23,1,0.000974
13223,Paulding County,,GA,13358,156249,169607,18,16,34,10586,9120,19706,7,0.308812,0.32821,236.064082,0.008427,0.006167,25,0.000329,0,23,0.657895,0.058382
13225,Peach County,,GA,2830,27186,30016,4,3,7,1707,1704,3411,8,0.248658,0.259987,4.070807,0.000245,0.000192,25,0.000167,0,23,0.666667,0.001786
13227,Pickens County,,GA,2427,33746,36173,10,8,18,1947,1398,3345,7,0.295105,0.311597,27.563259,0.003699,0.003124,25,0.000239,0,23,0.677778,0.026788
13229,Pierce County,,GA,1550,19484,21034,2,2,4,816,661,1477,8,0.234653,0.242681,0,0.000028,0.000009,26,0.000126,0,23,1,0.000288
13231,Pike County,,GA,1382,18858,20240,5,5,10,975,851,1826,8,0.256011,0.267644,213.900876,0.000544,0.000305,25,0.000154,0,23,0.766667,0.004367
13233,Polk County,,GA,2639,42550,45189,6,7,13,1586,1654,3240,7,0.303716,0.321781,24.279978,0.000982,0.00247,25,0.00015,0,23,0.690476,0.007306
13235,Pulaski County,,GA,714,9373,10087,1,2,3,180,294,474,8,0.245516,0.256095,0,0.000145,0.000135,25,0.000077,0,23,1,0.001034
13237,Putnam County,,GA,1805,22234,24039,8,5,13,822,711,1533,8,0.243537,0.254248,70.141064,0.002691,0.000151,25,0.000251,0,23,0.571429,0.019247
13239,Quitman County,,GA,137,2063,2200,0,1,1,0,76,76,9,0.211359,0.218093,0,0,0.000002,0,0.000052,0,61,0,0
13241,Rabun County,,GA,1033,17575,18608,2,2,4,172,220,392,8,0.224856,0.232241,10.455467,0.000012,0.000028,25,0.000168,0,23,0,0.000424
13243,Randolph County,,GA,491,6901,7392,0,0,0,0,0,0,0,0,0,0,0,0,27,0.000052,24,62,0,0
13245,Richmond County,,GA,21025,198369,219394,46,43,89,10900,13477,24377,7,0.346725,0.376662,24016.964928,0.024228,0.02498,25,0.000855,0,23,0.520739,0.170055
13247,Rockdale County,,GA,10719,89369,100088,14,11,25,7635,7350,14985,7,0.310954,0.330567,37.9566,0.009184,0.006854,25,0.000264,0,23,0.8,0.061269
13249,Schley County,,GA,244,4584,4828,1,1,2,137,127,264,8,0.235608,0.243623,0,0.000027,0.000001,26,0.000073,0,23,0,0.000116
13251,Screven County,,GA,891,14060,14951,3,3,6,406,449,855,8,0.267443,0.280214,0,0.000445,0.000469,25,0.000117,0,23,1,0.003563
13253,Seminole County,,GA,792,8795,9587,2,4,6,280,491,771,8,0.237664,0.247479,211.641362,0.000003,0.000024,26,0.000132,0,23,0.333333,0.000242
13255,Spalding County,,GA,5664,64961,70625,13,13,26,3613,3730,7343,7,0.308538,0.3274,3193.309496,0.003951,0.005664,25,0.000288,0,23,0.538462,0.028536
13257,Stephens County,,GA,1717,25666,27383,5,5,10,750,706,1456,8,0.241337,0.251406,256.250519,0.000865,0.000132,25,0.000175,0,23,0.428571,0.006593
13259,Stewart County,,GA,391,4194,4585,1,2,3,82,170,252,8,0.263662,0.276022,2840,0.000297,0.000258,25,0.000067,0,23,0,0.001873
13261,Sumter County,,GA,2002,31891,33893,4,8,12,357,806,1163,7,0.308196,0.32695,6609.677558,0.000082,0.002913,26,0.0002,0,23,0.357143,0.000878
13263,Talbot County,,GA,557,6442,6999,3,2,5,373,256,629,8,0.263637,0.275962,0,0.000327,0.000271,25,0.000111,0,23,1,0.002212
13265,Taliaferro County,,GA,112,1563,1675,0,0,0,0,0,0,0,0,0,0,0,0,28,0.000052,25,63,0,0
13267,Tattnall County,,GA,1571,20454,22025,6,7,13,720,815,1535,8,0.268762,0.282565,1758.245496,0.000633,0.00065,25,0.000206,0,23,0.404762,0.005089
13269,Taylor County,,GA,504,8402,8906,1,1,2,77,106,183,8,0.245451,0.255825,0,0.000145,0.000133,25,0.000077,0,23,0,0.001034
13271,Telfair County,,GA,748,10232,10980,3,1,4,300,136,436,9,0.197274,0.20281,2806.354156,0.000001,0,25,0.000211,0,23,0,0.000313
13273,Terrell County,,GA,714,10314,11028,2,2,4,351,341,692,8,0.239734,0.249169,0,0.000081,0.000066,26,0.00011,0,23,1,0.000663
13275,Thomas County,,GA,3060,47630,50690,8,10,18,1419,1756,3175,7,0.308606,0.328204,1885.526185,0.000613,0.003757,26,0.000248,0,23,0.427273,0.003832
13277,Tift County,,GA,2930,42646,45576,9,10,19,1475,1273,2748,7,0.302756,0.320713,6741.833188,0.00027,0.001582,26,0.000342,0,23,0.277778,0.001954
13279,Toombs County,,GA,2024,28156,30180,4,6,10,712,868,1580,8,0.267726,0.281132,5986.176273,0.000064,0.000468,25,0.000202,0,23,0.266667,0.000692
13281,Towns County,,GA,762,11581,12343,2,2,4,200,194,394,10,0.16818,0.171761,2807.5,0,0.00001,25,0.000272,0,23,0,0.000275
13283,Treutlen County,,GA,361,6183,6544,2,1,3,145,90,235,8,0.235309,0.243401,4.025433,0.000033,0.000002,25,0.000113,0,23,0,0.000245
13285,Troup County,,GA,5062,74489,79551,14,14,28,3140,2913,6053,7,0.310052,0.329475,3140.727192,0.003512,0.005431,25,0.000302,0,23,0.5125,0.024291
13287,Turner County,,GA,655,8840,9495,2,2,4,199,220,419,7,0.301181,0.317655,12.891003,0.000029,0.001443,26,0.000119,0,23,0.333333,0.000258
13289,Twiggs County,,GA,764,8842,9606,3,2,5,390,400,790,8,0.248636,0.259807,0,0.000243,0.00019,25,0.000128,0,23,1,0.00168
13291,Union County,,GA,1263,22715,23978,4,3,7,392,453,845,9,0.202138,0.208085,16846.186523,0.001052,0.000009,25,0.000351,0,23,0,0.007372
13293,Upson County,,GA,1686,27045,28731,3,5,8,425,613,1038,7,0.293608,0.309246,76.406566,0.00006,0.001271,25,0.000124,0,23,0.8,0.000668
13295,Walker County,,GA,4972,64769,69741,5,6,11,3455,3501,6956,8,0.262939,0.275011,274.953473,0.000266,0.000276,238,0.000194,0,23,0.5,0.002441
13297,Walton County,,GA,7287,92574,99861,14,14,28,5759,4737,10496,7,0.308641,0.32767,423.013586,0.003835,0.005577,25,0.000337,0,23,0.6,0.028107
13299,Ware County,,GA,2641,34309,36950,6,7,13,1045,1299,2344,7,0.306462,0.324635,13226.954893,0.000929,0.002944,26,0.000278,0,23,0.347222,0.006999
13301,Warren County,,GA,289,5799,6088,1,1,2,115,134,249,9,0.205502,0.211321,0,0.000003,0.000004,25,0.000102,0,23,0,0.00013
13303,Washington County,,GA,862,20844,21706,2,2,4,136,180,316,8,0.229802,0.237357,96.376595,0.000031,0.00001,25,0.000116,0,23,0,0.000305
13305,Wayne County,,GA,1929,28178,30107,4,5,9,579,625,1204,8,0.255118,0.267252,3071.120037,0.000248,0.000244,26,0.000161,0,23,0.3,0.002081
13307,Webster County,,GA,141,2368,2509,1,0,1,77,0,77,0,0,0,0,0.000002,0,25,0.000081,0,17,0,0.000117
13309,Wheeler County,,GA,301,4675,4976,0,1,1,0,93,93,10,0.164819,0.168166,0,0,0,25,0.000052,0,64,0,0
13311,White County,,GA,2083,26873,28956,4,5,9,1051,961,2012,7,0.288607,0.303681,1.833333,0.000874,0.001111,25,0.000164,0,23,0.8,0.006606
13313,Whitfield County,,GA,6403,115880,122283,9,11,20,3238,3688,6926,7,0.308196,0.327418,2061.992666,0.001145,0.004469,25,0.000261,0,23,0.484848,0.008791
13315,Wilcox County,,GA,473,7118,7591,1,1,2,79,79,158,8,0.232086,0.239567,0,0.000015,0.000001,25,0.00009,0,23,0,0.00012
13317,Wilkes County,,GA,539,10506,11045,0,0,0,0,0,0,0,0,0,0,0,0,29,0.000052,26,65,0,0
13319,Wilkinson County,,GA,724,10395,11119,2,3,5,284,328,612,8,0.243345,0.253469,0,0.000123,0.000069,25,0.000101,0,23,1,0.000702
13321,Worth County,,GA,1875,21945,23820,4,7,11,731,1248,1979,7,0.302229,0.319658,354.168258,0.00011,0.001513,26,0.00016,0,23,0.380952,0.000929
15001,Hawaii County,,HI,8861,202868,211729,29,20,49,5769,4541,10310,7,0.329773,0.353626,21.824706,0.019282,0.015142,9,0.000481,0,23,0.858871,0.137967
15003,Honolulu County,,HI,73973,1148548,1222521,190,207,397,46120,53136,99256,6,0.413173,0.462319,50209.48046,0.093779,0.096266,9,0.002736,0,23,0.269904,0.618857
15005,Kalawao County,,HI,0,0,0,0,0,0,0,0,0,0,0,0,0,0,0,30,0.000052,27,66,0,0
15007,Kauai County,,HI,3575,82049,85624,10,9,19,1527,1411,2938,7,0.326097,0.347089,0,0.008733,0.008551,9,0.000201,0,23,1,0.061526
15009,Maui County,,HI,7943,183311,191254,29,19,48,5302,3992,9294,7,0.329109,0.352516,34.203608,0.020816,0.015625,9,0.000487,0,23,0.9,0.149441
16001,Ada County,,ID,29388,476709,506097,89,76,165,23578,19261,42839,7,0.350397,0.385376,86169.590937,0.031542,0.032797,9,0.001984,0,23,0.308016,0.23246
16003,Adams County,,ID,342,3903,4245,0,1,1,0,60,60,8,0.259546,0.27226,0,0,0.00029,9,0.000052,0,67,0,0
16005,Bannock County,,ID,6170,87170,93340,11,16,27,2219,3057,5276,7,0.321049,0.342327,10552.523556,0.001358,0.004336,9,0.000333,0,23,0.525,0.010281
16007,Bear Lake County,,ID,334,6787,7121,0,0,0,0,0,0,0,0,0,0,0,0,31,0.000052,28,68,0,0
16009,Benewah County,,ID,607,9729,10336,1,2,3,192,299,491,8,0.257553,0.270196,0,0.000117,0.000414,9,0.000076,0,23,1,0.001144
16011,Bingham County,,ID,3483,51766,55249,6,9,15,1639,2160,3799,7,0.285817,0.30148,1152.341017,0.000447,0.001312,9,0.000203,0,23,0.625,0.003471
16013,Blaine County,,ID,1579,28054,29633,4,2,6,451,402,853,8,0.25955,0.272418,16.854242,0.00258,0.000312,9,0.000134,0,23,0.666667,0.018499
16015,Boise County,,ID,677,6921,7598,2,2,4,416,406,822,8,0.25955,0.272418,0,0.000417,0.000433,9,0.000098,0,23,1,0.003386
16017,Bonner County,,ID,3239,44496,47735,7,6,13,1285,1425,2710,7,0.295953,0.313408,957.24021,0.002954,0.001825,9,0.000241,0,23,0.571429,0.021699
16019,Bonneville County,,ID,8719,122487,131206,17,20,37,5884,4852,10736,7,0.326787,0.34968,12157.774467,0.005501,0.006965,9,0.000412,0,23,0.492105,0.03939
16021,Boundary County,,ID,728,12066,12794,2,2,4,249,257,506,8,0.247705,0.25759,0,0.000134,0.000174,9,0.000111,0,23,1,0.001444
16023,Butte County,,ID,166,2745,2911,0,0,0,0,0,0,0,0,0,0,0,0,32,0.000052,29,69,0,0
16025,Camas County,,ID,-2,1062,1060,0,0,0,0,0,0,0,0,0,0,0,0,33,0.000052,30,70,0,0
16027,Canyon County,,ID,15430,212343,227773,39,31,70,12071,9759,21830,7,0.328915,0.354088,11710.746979,0.015465,0.01249,9,0.00088,0,23,0.42622,0.11037
16029,Caribou County,,ID,438,7828,8266,1,1,2,58,69,127,8,0.243047,0.251725,0,0.00004,0.000012,9,0.00007,0,23,0,0.000212
16031,Cassia County,,ID,2139,26720,28859,5,3,8,1380,1116,2496,8,0.259574,0.272598,614.047836,0.00099,0.000312,9,0.000172,0,23,0.7,0.007075
16033,Clark County,,ID,-2,884,882,0,0,0,0,0,0,0,0,0,0,0,0,34,0.000052,31,71,0,0
16035,Clearwater County,,ID,542,8490,9032,1,1,2,110,125,235,9,0.206802,0.213817,0,0.000007,0.000007,9,0.000095,0,23,0,0.000176
16037,Custer County,,ID,377,4646,5023,0,0,0,0,0,0,0,0,0,0,0,0,35,0.000052,32,72,0,0
16039,Elmore County,,ID,4361,27372,31733,2,4,6,714,1096,1810,7,0.304916,0.322149,0,0.000417,0.001653,9,0.000098,0,23,0.916667,0.003386
16041,Franklin County,,ID,834,14919,15753,1,1,2,353,269,622,8,0.245864,0.254711,0,0.000051,0.00006,9,0.000076,0,23,0,0.000531
16043,Fremont County,,ID,1143,14480,15623,2,3,5,395,545,940,8,0.246365,0.25585,0,0.000104,0.000077,9,0.000084,0,23,1,0.000763
16045,Gem County,,ID,1432,17992,19424,2,2,4,726,726,1452,8,0.25955,0.272418,0,0.000417,0.000433,9,0.000098,0,23,1,0.003386
16047,Gooding County,,ID,1340,17441,18781,4,4,8,722,1253,1975,8,0.259623,0.272838,1528.297502,0.000333,0.000315,9,0.000178,0,23,0.666667,0.00279
16049,Idaho County,,ID,832,15982,16814,3,2,5,306,212,518,9,0.206832,0.214057,2839,0.000309,0.000007,9,0.00017,0,23,0.5,0.002545
16051,Jefferson County,,ID,2615,30165,32780,5,3,8,1465,2404,3869,8,0.246387,0.25591,0.533333,0.000157,0.00008,9,0.000145,0,23,0.8,0.001229
16053,Jerome County,,ID,2548,26182,28730,4,6,10,1329,1691,3020,8,0.259695,0.273257,1420.973333,0.000334,0.000466,9,0.000171,0,23,0.52381,0.002792
16055,Kootenai County,,ID,9545,167728,177273,34,26,60,6887,5360,12247,7,0.329148,0.353686,15221.649002,0.01599,0.012693,9,0.000744,0,23,0.558824,0.114813
16057,Latah County,,ID,3888,35547,39435,7,9,16,1214,1625,2839,7,0.296585,0.314908,386.874054,0.001718,0.002744,9,0.000235,0,23,0.694444,0.013445
16059,Lemhi County,,ID,454,8518,8972,0,1,1,0,55,55,8,0.259546,0.27226,0,0,0.00029,9,0.000052,0,73,0,0
16061,Lewis County,,ID,385,4533,4918,1,2,3,84,207,291,9,0.206832,0.214057,0,0,0.00001,9,0.000124,0,23,1,0.000128
16063,Lincoln County,,ID,617,5761,6378,2,2,4,184,214,398,8,0.242221,0.250979,0,0.000007,0.000025,9,0.000114,0,23,1,0.000265
16065,Madison County,,ID,5728,29817,35545,9,14,23,1667,3069,4736,7,0.320938,0.341907,3998.816049,0.002705,0.004321,9,0.00024,0,23,0.615385,0.01918
16067,Minidoka County,,ID,2104,23582,25686,2,4,6,937,1272,2209,8,0.259623,0.272838,0.533333,0.000029,0.000324,9,0.000131,0,23,0.916667,0.000456
16069,Nez Perce County,,ID,3008,43904,46912,9,8,17,1689,1721,3410,8,0.260694,0.275626,11212.891715,0.000764,0.000753,9,0.000403,0,23,0.375,0.006524
16071,Oneida County,,ID,272,4751,5023,0,0,0,0,0,0,0,0,0,0,0,0,36,0.000052,33,74,0,0
16073,Owyhee County,,ID,1129,11835,12964,2,2,4,680,699,1379,8,0.25955,0.272418,0,0.000417,0.000433,9,0.000098,0,23,1,0.003386
16075,Payette County,,ID,2127,24879,27006,4,4,8,1169,1159,2328,8,0.259598,0.272778,0,0.000425,0.000441,9,0.000171,0,23,1,0.003665
16077,Power County,,ID,617,9200,9817,2,2,4,372,355,727,8,0.243068,0.251905,0,0.000052,0.000017,9,0.000089,0,23,1,0.000356
16079,Shoshone County,,ID,990,12572,13562,1,2,3,261,369,630,8,0.257553,0.270196,0,0.000117,0.000414,9,0.000076,0,23,1,0.001144
16081,Teton County,,ID,1105,11042,12147,2,2,4,254,305,559,8,0.248036,0.257926,2.106519,0.000091,0.000068,9,0.00009,0,23,0,0.000697
16083,Twin Falls County,,ID,6277,89729,96006,15,13,28,3889,3268,7157,7,0.319535,0.340318,6546.954646,0.002334,0.002866,9,0.00047,0,23,0.356618,0.01774
16085,Valley County,,ID,944,11025,11969,2,2,4,510,393,903,8,0.25955,0.272418,0,0.000417,0.000433,9,0.000098,0,23,1,0.003386
16087,Washington County,,ID,804,10492,11296,4,4,8,382,448,830,8,0.259598,0.272778,0,0.000425,0.000441,9,0.000171,0,23,1,0.003665
17001,Adams County,,IL,2947,80616,83563,8,9,17,919,943,1862,7,0.315939,0.335187,27728.054599,0.001298,0.001856,109,0.000352,0,23,0.180556,0.009032
17003,Alexander County,,IL,686,6822,7508,2,1,3,135,149,284,8,0.224729,0.231271,0,0.00001,0.00001,109,0.000115,0,23,0.5,0.000291
17005,Bond County,,IL,1108,17752,18860,4,4,8,496,600,1096,8,0.253605,0.264151,859.359483,0.0001,0.000073,109,0.000175,0,23,0.583333,0.000972
17007,Boone County,,IL,4628,66999,71627,8,7,15,3363,2937,6300,7,0.326059,0.346147,0.603295,0.003259,0.00349,38,0.000132,0,23,0.875,0.017658
17009,Brown County,,IL,293,5874,6167,1,1,2,85,78,163,8,0.240107,0.24816,0,0.000017,0.000012,109,0.000085,0,23,0,0.000196
17011,Bureau County,,IL,2183,42167,44350,4,6,10,801,1085,1886,7,0.314153,0.332429,1775.972217,0.001232,0.001265,38,0.000139,0,23,0.533333,0.008377
17013,Calhoun County,,IL,153,5867,6020,0,0,0,0,0,0,0,0,0,0,0,0,37,0.000052,34,75,0,0
17015,Carroll County,,IL,1017,18931,19948,3,4,7,324,438,762,8,0.241275,0.250324,2.509524,0.000047,0.000055,38,0.000113,0,23,0.5,0.000604
17017,Cass County,,IL,1193,16305,17498,3,4,7,320,542,862,8,0.253281,0.263953,2869.027088,0.000112,0.000068,38,0.000213,0,23,0.333333,0.000749
17019,Champaign County,,IL,13901,203729,217630,26,43,69,5114,7079,12193,7,0.356419,0.387421,27055.702151,0.008695,0.024827,38,0.000506,0,23,0.432007,0.051765
17021,Christian County,,IL,2132,39230,41362,4,4,8,906,1185,2091,8,0.25458,0.265638,48.901238,0.000156,0.000086,38,0.000157,0,23,0.5,0.001004
17023,Clark County,,IL,887,19302,20189,5,4,9,481,426,907,8,0.241484,0.251104,4917.615525,0.000034,0.000034,38,0.000218,0,23,0.3,0.000791
17025,Clay County,,IL,823,15951,16774,3,4,7,272,407,679,9,0.211733,0.21913,2945.24378,0.000001,0,109,0.000286,0,23,0,0.000335
17027,Clinton County,,IL,2346,44153,46499,7,6,13,1407,1411,2818,7,0.289268,0.302943,1487.244924,0.000923,0.000794,109,0.000234,0,23,0.5,0.006113
17029,Coles County,,IL,3175,51425,54600,10,11,21,1350,1503,2853,7,0.315187,0.334516,23488.805514,0.00147,0.001363,38,0.000328,0,23,0.281818,0.009436
17031,Cook County,,IL,264928,6240789,6505717,354,393,747,177252,240264,417516,6,0.457223,0.519719,689466.703801,0.129805,0.128633,38,0.00546,0,23,0.125406,0.822938
17033,Crawford County,,IL,840,22479,23319,2,2,4,155,144,299,9,0.19469,0.199961,16.396266,0,0,238,0.000137,0,23,0,0.000224
17035,Cumberland County,,IL,707,12853,13560,2,4,6,340,516,856,8,0.240086,0.248963,9.15781,0.000013,0.000015,38,0.000115,0,23,0.666667,0.000326
17037,DeKalb County,,IL,8502,112052,120554,13,13,26,5639,5388,11027,7,0.32648,0.347527,85.505427,0.003754,0.004293,38,0.000214,0,23,0.631868,0.019967
17039,De Witt County,,IL,1156,19205,20361,4,5,9,599,653,1252,7,0.268476,0.281107,13.133154,0.000478,0.000152,38,0.000108,0,23,0.7,0.001365
17041,Douglas County,,IL,1334,25903,27237,3,4,7,653,751,1404,8,0.263138,0.275416,64.162353,0.000241,0.000097,38,0.00012,0,23,0.5,0.000921
17043,DuPage County,,IL,78561,1177568,1256129,104,125,229,60761,66540,127301,6,0.398766,0.437963,24084.427458,0.06016,0.072243,38,0.001514,0,23,0.405172,0.394249
17045,Edgar County,,IL,919,20611,21530,4,4,8,405,344,749,8,0.241505,0.251194,32.075619,0.000051,0.000047,38,0.000168,0,23,0.333333,0.000772
17047,Edwards County,,IL,405,7727,8132,1,3,4,96,233,329,9,0.198742,0.204564,5.202198,0,0.000001,238,0.000073,0,76,0,0.000102
17049,Effingham County,,IL,1988,43771,45759,6,7,13,965,802,1767,8,0.263537,0.276616,10136.191613,0.000014,0.000094,38,0.000307,0,23,0.214286,0.000765
17051,Fayette County,,IL,1395,23600,24995,5,6,11,623,738,1361,8,0.254022,0.265188,94.524778,0.000005,0.000067,109,0.000228,0,23,0.3,0.000608
17053,Ford County,,IL,1061,16332,17393,3,4,7,516,620,1136,7,0.268347,0.280717,2.538095,0.000255,0.000162,38,0.000097,0,23,0.583333,0.001006
17055,Franklin County,,IL,2246,42881,45127,6,4,10,1149,1108,2257,8,0.240648,0.249689,2822.235625,0.000044,0.000042,109,0.000293,0,23,0.366667,0.000952
17057,Fulton County,,IL,1785,40591,42376,5,5,10,903,896,1799,8,0.259817,0.271746,12.165256,0.000221,0.000087,38,0.000141,0,23,0.6,0.001088
17059,Gallatin County,,IL,226,5985,6211,1,1,2,112,100,212,9,0.193228,0.19753,0,0,0,109,0.000109,0,23,0,0.00011
17061,Greene County,,IL,734,15309,16043,3,3,6,305,389,694,8,0.25335,0.263635,22.820786,0.000109,0.000071,109,0.000149,0,23,0.333333,0.000829
17063,Grundy County,,IL,4444,62159,66603,8,7,15,3218,2869,6087,7,0.314153,0.332549,3.251416,0.002754,0.002082,38,0.000143,0,23,0.75,0.015121
17065,Hamilton County,,IL,354,9535,9889,1,1,2,63,60,123,9,0.193997,0.198652,0,0.000008,0,109,0.000079,0,23,1,0.000187
17067,Hancock County,,IL,1239,22308,23547,3,3,6,471,463,934,8,0.241989,0.250996,47.964355,0.000032,0.000023,43,0.00013,0,23,0.333333,0.000489
17069,Hardin County,,IL,145,4232,4377,0,0,0,0,0,0,0,0,0,0,0,0,39,0.000052,35,77,0,0
17071,Henderson County,,IL,276,8398,8674,1,2,3,104,140,244,8,0.240794,0.249191,3.352271,0.000015,0.000014,43,0.000075,0,23,0,0.000197
17073,Henry County,,IL,2939,62141,65080,9,8,17,1828,1680,3508,7,0.314473,0.333208,889.537937,0.00149,0.00135,43,0.000239,0,23,0.5,0.009706
17075,Iroquois County,,IL,1934,35413,37347,6,6,12,1033,1052,2085,7,0.314331,0.332728,468.021829,0.001903,0.001376,38,0.000136,0,23,0.619048,0.010487
17077,Jackson County,,IL,5209,53018,58227,8,12,20,1712,2309,4021,7,0.316155,0.335937,8613.701106,0.001465,0.002439,109,0.000319,0,23,0.424242,0.010086
17079,Jasper County,,IL,424,12388,12812,1,1,2,113,114,227,9,0.208587,0.214831,0,0.000001,0,38,0.000089,0,23,0,0.00012
17081,Jefferson County,,IL,2161,42580,44741,6,9,15,738,978,1716,7,0.28969,0.304011,13721.662525,0.001202,0.000818,109,0.000287,0,23,0.327273,0.00849
17083,Jersey County,,IL,1406,26065,27471,4,4,8,905,829,1734,7,0.288727,0.301899,266.932847,0.000759,0.000656,109,0.000165,0,23,0.666667,0.004772
17085,Jo Daviess County,,IL,1557,28619,30176,5,4,9,739,734,1473,7,0.314331,0.332459,119.44717,0.001893,0.001235,43,0.000138,0,23,0.4,0.012037
17087,Johnson County,,IL,761,12738,13499,1,2,3,194,300,494,8,0.239445,0.24753,0,0.000013,0.000018,109,0.000088,0,23,1,0.000229
17089,Kane County,,IL,39871,636564,676435,27,58,85,31853,30648,62501,6,0.365947,0.398291,2456.775962,0.016053,0.037503,38,0.000397,0,23,0.569268,0.105437
17091,Kankakee County,,IL,6238,129982,136220,8,10,18,3023,3098,6121,7,0.328876,0.350315,114.862111,0.004064,0.005076,38,0.000151,0,23,0.666667,0.024189
17093,Kendall County,,IL,12183,145134,157317,10,10,20,10574,8370,18944,7,0.326289,0.346867,78.978919,0.004757,0.004166,38,0.000165,0,23,0.833333,0.028008
17095,Knox County,,IL,2828,57812,60640,9,10,19,1140,1237,2377,7,0.314544,0.333568,2315.301717,0.001518,0.001391,38,0.000233,0,23,0.454545,0.009723
17097,Lake County,,IL,49924,880717,930641,78,99,177,34464,38261,72725,6,0.38485,0.422328,7523.855305,0.054033,0.06495,38,0.001048,0,23,0.537383,0.353037
17099,LaSalle County,,IL,6680,134790,141470,14,17,31,3991,3645,7636,7,0.326787,0.348486,5655.998963,0.003104,0.003816,38,0.000271,0,23,0.415441,0.016454
17101,Lawrence County,,IL,859,16297,17156,2,3,5,221,322,543,8,0.223572,0.230906,3489.478623,0.000007,0.000007,238,0.000135,0,23,0,0.000265
17103,Lee County,,IL,2408,39992,42400,7,6,13,1362,1365,2727,7,0.314153,0.332429,6.282622,0.001647,0.001368,38,0.000159,0,23,0.642857,0.010014
17105,Livingston County,,IL,2391,43143,45534,6,7,13,1021,1189,2210,7,0.314224,0.332668,780.490904,0.001859,0.001509,38,0.000131,0,23,0.52381,0.010294
17107,Logan County,,IL,1621,31677,33298,6,6,12,706,730,1436,7,0.264189,0.276534,44.06792,0.000392,0.000153,38,0.000151,0,23,0.566667,0.001605
17109,McDonough County,,IL,2158,29813,31971,5,7,12,457,721,1178,7,0.314616,0.333268,6373.074338,0.001203,0.001268,38,0.000192,0,23,0.285714,0.008334
17111,McHenry County,,IL,21210,393371,414581,20,33,53,16069,15425,31494,7,0.342115,0.369333,285.745357,0.010035,0.021838,38,0.000284,0,23,0.61943,0.061303
17113,McLean County,,IL,13211,195570,208781,20,37,57,4780,6832,11612,6,0.356236,0.384881,9786.581537,0.005167,0.021074,38,0.000356,0,23,0.428049,0.030159
17115,Macon County,,IL,6143,124032,130175,13,19,32,2004,2746,4750,7,0.330597,0.353662,11290.302523,0.00197,0.005816,38,0.000357,0,23,0.403509,0.011186
17117,Macoupin County,,IL,2948,53884,56832,6,6,12,1707,1723,3430,7,0.289419,0.303183,649.009697,0.000872,0.000722,109,0.000218,0,23,0.533333,0.005418
17119,Madison County,,IL,14717,312325,327042,25,22,47,8792,8698,17490,7,0.338985,0.364097,23687.531886,0.006848,0.009887,109,0.000629,0,23,0.310345,0.046217
17121,Marion County,,IL,2261,44951,47212,5,6,11,1127,1061,2188,8,0.259163,0.270904,3096.510668,0.000018,0.000229,109,0.00023,0,23,0.380952,0.000701
17123,Marshall County,,IL,884,14952,15836,4,4,8,496,516,1012,8,0.259623,0.27144,1.850741,0.000231,0.000093,38,0.000121,0,23,0.75,0.000984
17125,Mason County,,IL,887,16405,17292,4,5,9,402,523,925,8,0.260841,0.273032,8.478073,0.000197,0.000131,38,0.000123,0,23,0.7,0.000833
17127,Massac County,,IL,874,16654,17528,1,1,2,210,272,482,8,0.228217,0.235482,0,0.000014,0.000008,238,0.000093,0,23,0,0.000164
17129,Menard County,,IL,939,15409,16348,2,1,3,565,494,1059,8,0.253143,0.263233,0,0.000101,0.000066,38,0.000118,0,23,1,0.000635
17131,Mercer County,,IL,1028,20367,21395,5,4,9,653,628,1281,8,0.253373,0.263865,16.247038,0.000139,0.000085,43,0.000169,0,23,0.8,0.001249
17133,Monroe County,,IL,2174,43173,45347,6,7,13,1564,1516,3080,7,0.289148,0.302997,100.8887,0.001287,0.00124,109,0.000171,0,23,0.785714,0.007907
17135,Montgomery County,,IL,1593,32533,34126,6,6,12,866,872,1738,8,0.255446,0.267089,1475.555626,0.0002,0.000139,109,0.000231,0,23,0.433333,0.001594
17137,Morgan County,,IL,2088,38442,40530,5,6,11,916,908,1824,7,0.314438,0.332848,6716.68423,0.000109,0.001271,38,0.000268,0,23,0.2,0.00101
17139,Moultrie County,,IL,1159,17158,18317,4,4,8,699,649,1348,8,0.248791,0.258721,3.64097,0.000067,0.000035,38,0.000155,0,23,0.666667,0.000674
17141,Ogle County,,IL,3461,64970,68431,8,9,17,2166,2026,4192,7,0.314153,0.332788,1974.597838,0.001792,0.002053,38,0.000182,0,23,0.541667,0.010459
17143,Peoria County,,IL,14200,221910,236110,23,36,59,6665,8285,14950,7,0.349604,0.378533,18361.360758,0.004868,0.016728,38,0.000436,0,23,0.399716,0.025879
17145,Perry County,,IL,1136,22497,23633,5,6,11,592,681,1273,8,0.258873,0.270358,117.205247,0.000044,0.000179,109,0.000218,0,23,0.5,0.000799
17147,Piatt County,,IL,1283,20310,21593,4,2,6,882,602,1484,8,0.263063,0.275009,0.564727,0.000284,0.000098,38,0.000122,0,23,0.666667,0.001065
17149,Pike County,,IL,727,18093,18820,1,2,3,105,198,303,8,0.253397,0.263881,0,0.000017,0.000077,109,0.000085,0,23,1,0.000196
17151,Pope County,,IL,238,4140,4378,0,0,0,0,0,0,0,0,0,0,0,0,40,0.000052,36,78,0,0
17153,Pulaski County,,IL,344,6226,6570,0,2,2,0,126,126,8,0.224792,0.231547,0,0,0.00001,109,0.000052,0,79,1,0
17155,Putnam County,,IL,369,7304,7673,2,2,4,247,236,483,8,0.246431,0.255428,0,0.000047,0.00004,38,0.000085,0,23,1,0.000453
17157,Randolph County,,IL,1598,35176,36774,4,6,10,793,860,1653,7,0.288907,0.302487,328.883179,0.000194,0.000754,109,0.000148,0,23,0.4,0.001574
17159,Richland County,,IL,766,18997,19763,2,1,3,196,87,283,10,0.174747,0.178772,29.390235,0,0,109,0.000151,0,23,0,0.000215
17161,Rock Island County,,IL,9587,176082,185669,14,15,29,4568,5255,9823,7,0.328759,0.350597,6939.230836,0.003795,0.003635,43,0.000351,0,23,0.428571,0.025126
17163,St. Clair County,,IL,19498,298888,318386,33,27,60,9039,10381,19420,7,0.348028,0.374856,19520.146663,0.015726,0.017191,109,0.000676,0,23,0.407658,0.104815
17165,Saline County,,IL,1258,27151,28409,3,3,6,330,403,733,8,0.239486,0.24777,5629.435226,0.000013,0.000018,109,0.000201,0,23,0.166667,0.000433
17167,Sangamon County,,IL,11694,244065,255759,28,29,57,5457,5437,10894,7,0.338902,0.364931,33487.401433,0.007116,0.010943,38,0.000702,0,23,0.316807,0.041673
17169,Schuyler County,,IL,457,8223,8680,2,1,3,160,75,235,9,0.202109,0.207402,4.507576,0.000012,0.000001,38,0.000121,0,23,0,0.000296
17171,Scott County,,IL,319,6177,6496,1,1,2,143,171,314,8,0.239239,0.247032,0,0.000012,0.000001,38,0.00009,0,23,0,0.00012
17173,Shelby County,,IL,1670,25850,27520,7,6,13,1287,1106,2393,8,0.249014,0.25947,335.210693,0.000069,0.000034,38,0.000254,0,23,0.380952,0.00101
17175,Stark County,,IL,375,6896,7271,1,2,3,97,187,284,8,0.259187,0.270427,0,0.000154,0.000059,38,0.000062,0,23,1,0.000374
17177,Stephenson County,,IL,2644,55664,58308,6,8,14,1151,1315,2466,7,0.31483,0.333688,1911.798661,0.001401,0.001744,38,0.000173,0,23,0.410714,0.009071
17179,Tazewell County,,IL,9497,164705,174202,10,14,24,5027,5605,10632,7,0.327635,0.349296,4540.20364,0.001651,0.004444,38,0.000245,0,23,0.406593,0.009911
17181,Union County,,IL,880,19676,20556,3,2,5,253,239,492,8,0.24044,0.248951,9.875403,0.000035,0.000031,109,0.000148,0,23,0.666667,0.000537
17183,Vermilion County,,IL,3809,88672,92481,6,8,14,1256,1509,2765,7,0.315831,0.335145,5503.853274,0.001427,0.001897,38,0.000203,0,23,0.25,0.008947
17185,Wabash County,,IL,682,13771,14453,3,2,5,241,181,422,8,0.246169,0.255647,1275.776288,0.000054,0.000036,238,0.00014,0,23,0.333333,0.000597
17187,Warren County,,IL,1273,20515,21788,4,4,8,464,479,943,8,0.247926,0.257545,39.050476,0.000047,0.000061,38,0.00016,0,23,0.3,0.000782
17189,Washington County,,IL,1012,17948,18960,4,6,10,516,628,1144,8,0.259066,0.270724,238.518704,0.000169,0.000228,109,0.00017,0,23,0.533333,0.001474
17191,Wayne County,,IL,827,19563,20390,3,2,5,303,224,527,8,0.224911,0.231655,1705.87362,0.000008,0.000011,109,0.000161,0,23,0,0.000398
17193,White County,,IL,836,16771,17607,1,3,4,56,220,276,8,0.246608,0.256578,1276.761735,0,0.000036,238,0.000073,0,76,0,0.000102
17195,Whiteside County,,IL,3034,71363,74397,9,8,17,1521,1482,3003,7,0.31426,0.332848,1672.334737,0.001358,0.001325,38,0.000234,0,23,0.430556,0.00962
17197,Will County,,IL,48216,839825,888041,39,71,110,38444,38249,76693,6,0.37267,0.406255,5555.578339,0.022434,0.046147,38,0.000588,0,23,0.53653,0.149612
17199,Williamson County,,IL,4426,74634,79060,9,9,18,2334,2033,4367,7,0.314758,0.333646,24160.277161,0.001878,0.001366,109,0.000379,0,23,0.3,0.012686
17201,Winnebago County,,IL,15955,345113,361068,21,31,52,8221,8995,17216,7,0.34569,0.373177,1487.339941,0.008824,0.019783,38,0.000325,0,23,0.511111,0.052978
17203,Woodford County,,IL,2753,47748,50501,6,4,10,2042,1521,3563,7,0.267494,0.279367,13.845137,0.000439,0.00011,38,0.000141,0,23,0.666667,0.001583
18001,Adams County,,IN,1661,42486,44147,4,4,8,720,766,1486,7,0.28685,0.30127,269.374353,0.00021,0.000742,38,0.000154,0,23,0.35,0.001458
18003,Allen County,,IN,17704,438069,455773,46,49,95,10005,10293,20298,6,0.353877,0.384083,66593.23115,0.015149,0.022335,38,0.000982,0,23,0.285401,0.103431
18005,Bartholomew County,,IN,6367,99269,105636,11,10,21,3316,3415,6731,7,0.315688,0.335175,636.961333,0.002331,0.002131,38,0.000283,0,23,0.490909,0.015202
18007,Benton County,,IN,844,10232,11076,1,2,3,335,405,740,8,0.255964,0.267014,0,0.000127,0.000055,38,0.000068,0,23,1,0.000507
18009,Blackford County,,IN,806,14595,15401,3,3,6,382,492,874,8,0.24071,0.249767,2.886515,0.000032,0.000036,38,0.000114,0,23,0.333333,0.000579
18011,Boone County,,IN,5350,73867,79217,9,7,16,4336,2943,7279,7,0.286613,0.30124,67.982184,0.002348,0.00096,38,0.000227,0,23,0.722222,0.015162
18013,Brown County,,IN,1402,18117,19519,5,5,10,997,1023,2020,7,0.286259,0.30031,0.4,0.000852,0.000715,38,0.000147,0,23,0.9,0.005303
18015,Carroll County,,IN,1829,24032,25861,5,5,10,1115,1205,2320,8,0.256153,0.267854,3.379602,0.000154,0.000096,38,0.000164,0,23,0.7,0.00123
18017,Cass County,,IN,2880,47823,50703,8,8,16,1161,1403,2564,7,0.287176,0.302379,786.08424,0.000799,0.000827,38,0.000231,0,23,0.430556,0.005493
18019,Clark County,,IN,9668,133701,143369,11,10,21,6800,6385,13185,7,0.291117,0.307369,1087.462023,0.001365,0.001182,238,0.00033,0,23,0.390909,0.009167
18021,Clay County,,IN,1982,30763,32745,6,6,12,1203,1261,2464,7,0.286495,0.30088,707.921694,0.000692,0.000643,38,0.000198,0,23,0.633333,0.004946
18023,Clinton County,,IN,2173,40219,42392,6,7,13,1153,1374,2527,7,0.286613,0.30124,252.297842,0.001079,0.000925,38,0.000175,0,23,0.714286,0.006761
18025,Crawford County,,IN,720,11853,12573,3,2,5,310,283,593,8,0.221399,0.228335,5.562637,0.000011,0.000006,238,0.000157,0,23,0.333333,0.000454
18027,Daviess County,,IN,1539,38797,40336,5,6,11,634,711,1345,8,0.24665,0.257224,164.704431,0.000073,0.000062,238,0.000191,0,23,0.4,0.001004
18029,Dearborn County,,IN,3523,61426,64949,9,10,19,2383,2411,4794,7,0.288458,0.304322,9992.491558,0.001521,0.001333,288,0.000262,0,23,0.388889,0.00957
18031,Decatur County,,IN,1977,32047,34024,8,8,16,1248,1185,2433,7,0.286436,0.30103,598.506687,0.000709,0.000686,38,0.000246,0,23,0.416667,0.00528
18033,DeKalb County,,IN,2936,50398,53334,6,5,11,1984,1884,3868,7,0.261553,0.273409,4.912277,0.000216,0.000148,38,0.000214,0,23,0.633333,0.001761
18035,Delaware County,,IN,6693,117121,123814,14,14,28,3068,3670,6738,7,0.316659,0.337244,11327.412958,0.002539,0.002315,38,0.000329,0,23,0.409524,0.01661
18037,Dubois County,,IN,2013,54964,56977,10,10,20,1070,983,2053,7,0.287146,0.302457,12649.579624,0.001291,0.000639,238,0.000351,0,23,0.227273,0.008559
18039,Elkhart County,,IN,10716,247542,258258,19,15,34,6855,6293,13148,7,0.330912,0.353692,3080.162587,0.006127,0.005231,38,0.000376,0,23,0.452632,0.039299
18041,Fayette County,,IN,1385,25675,27060,5,5,10,559,657,1216,8,0.224602,0.232915,110.790147,0.000677,0.000032,38,0.000168,0,23,0.433333,0.004696
18043,Floyd County,,IN,7234,88864,96098,6,5,11,5068,4998,10066,7,0.289721,0.304976,68.538008,0.000606,0.001095,238,0.000216,0,23,0.595238,0.004061
18045,Fountain County,,IN,1373,20362,21735,5,5,10,758,864,1622,8,0.256176,0.267914,85.498911,0.000154,0.000079,38,0.000225,0,23,0.35,0.001113
18047,Franklin County,,IN,1456,28231,29687,7,6,13,1020,924,1944,7,0.280396,0.294103,568.595826,0.000808,0.000657,288,0.000202,0,23,0.404762,0.005096
18049,Fulton County,,IN,1398,24434,25832,6,6,12,789,793,1582,7,0.260182,0.272096,35.67166,0.000036,0.000144,38,0.00019,0,23,0.380952,0.001067
18051,Gibson County,,IN,2035,40388,42423,6,6,12,1141,1182,2323,8,0.246496,0.256804,26.214553,0.000069,0.000044,238,0.000282,0,23,0.4,0.000999
18053,Grant County,,IN,3520,74792,78312,10,10,20,1657,1713,3370,7,0.287146,0.302559,1395.519488,0.001189,0.00103,38,0.000278,0,23,0.466667,0.008014
18055,Greene County,,IN,2146,36717,38863,9,9,18,1319,1425,2744,7,0.286791,0.301768,1210.850483,0.000831,0.000703,38,0.000275,0,23,0.416667,0.005671
18057,Hamilton County,,IN,24553,365762,390315,54,55,109,19980,16433,36413,6,0.363458,0.395616,23682.410264,0.023431,0.0304,38,0.000993,0,23,0.380653,0.154736
18059,Hancock County,,IN,6039,86319,92358,10,9,19,4901,4074,8975,7,0.286554,0.30139,14.737422,0.001076,0.000946,38,0.000255,0,23,0.588889,0.007493
18061,Harrison County,,IN,2472,46051,48523,5,5,10,1820,1613,3433,7,0.282648,0.29643,3004.56627,0.0006,0.000494,238,0.000233,0,23,0.6,0.003901
18063,Hendricks County,,IN,13319,185223,198542,18,15,33,10604,8514,19118,7,0.330991,0.353548,1571.844458,0.004449,0.004221,38,0.000395,0,23,0.494152,0.028594
18065,Henry County,,IN,2989,54927,57916,8,7,15,1852,1851,3703,7,0.286583,0.30121,280.696695,0.000991,0.000879,38,0.000208,0,23,0.607143,0.006743
18067,Howard County,,IN,4950,99005,103955,11,11,22,2378,2513,4891,7,0.287295,0.302979,1082.277751,0.002295,0.001061,38,0.000273,0,23,0.492424,0.015054
18069,Huntington County,,IN,2309,44385,46694,6,5,11,1307,1233,2540,7,0.261578,0.273469,158.126955,0.000872,0.000157,38,0.00022,0,23,0.5,0.005754
18071,Jackson County,,IN,3364,56999,60363,8,8,16,1924,1988,3912,7,0.286583,0.30133,513.660143,0.000742,0.00073,38,0.000251,0,23,0.433333,0.00542
18073,Jasper County,,IN,2279,39783,42062,6,7,13,1409,1408,2817,7,0.286702,0.30142,1797.537317,0.001652,0.000823,38,0.000153,0,23,0.535714,0.009767
18075,Jay County,,IN,1097,25125,26222,3,6,9,373,630,1003,7,0.261799,0.274099,62.885456,0.000029,0.000178,38,0.000127,0,23,0.266667,0.000513
18077,Jefferson County,,IN,1908,36911,38819,8,9,17,820,831,1651,7,0.289932,0.305846,3860.485111,0.001263,0.001125,38,0.00025,0,23,0.3,0.008217
18079,Jennings County,,IN,2094,32290,34384,6,6,12,1380,1329,2709,7,0.286495,0.30088,444.562614,0.000734,0.000648,38,0.000188,0,23,0.595238,0.005167
18081,Johnson County,,IN,14194,173523,187717,19,18,37,10974,9940,20914,7,0.330794,0.353638,1637.619304,0.003063,0.004231,38,0.000439,0,23,0.387352,0.019162
18083,Knox County,,IN,2095,40928,43023,7,9,16,778,987,1765,7,0.287295,0.302505,10763.570998,0.000713,0.000719,238,0.000261,0,23,0.375,0.005086
18085,Kosciusko County,,IN,5128,97190,102318,11,10,21,2708,2886,5594,7,0.287146,0.302559,2174.456376,0.00228,0.001128,38,0.0003,0,23,0.424242,0.015033
18087,LaGrange County,,IN,2501,46692,49193,6,7,13,1592,1766,3358,7,0.261824,0.274279,20.182353,0.000265,0.000243,38,0.000208,0,23,0.571429,0.002215
18089,Lake County,,IN,28917,567503,596420,25,50,75,20044,21089,41133,6,0.362794,0.393331,10138.787626,0.013588,0.030851,38,0.000409,0,23,0.526275,0.088142
18091,LaPorte County,,IN,5802,127612,133414,11,10,21,3754,3313,7067,7,0.327867,0.349014,329.412252,0.003572,0.003574,38,0.000206,0,23,0.681818,0.020231
18093,Lawrence County,,IN,2278,53404,55682,5,5,10,1146,1113,2259,7,0.286436,0.30067,2314.441629,0.000791,0.000669,38,0.000175,0,23,0.333333,0.004945
18095,Madison County,,IN,7614,146610,154224,11,12,23,4744,4335,9079,7,0.287354,0.303219,73.348669,0.001369,0.001156,38,0.000273,0,23,0.590909,0.008753
18097,Marion County,,IN,72062,1076144,1148206,145,145,290,49292,55578,104870,6,0.400779,0.442269,202279.121356,0.065258,0.070833,38,0.002535,0,23,0.27716,0.434361
18099,Marshall County,,IN,2868,57288,60156,8,7,15,1647,1668,3315,7,0.286613,0.30124,438.618599,0.000921,0.000828,38,0.00021,0,23,0.535714,0.006314
18101,Martin County,,IN,636,11852,12488,2,3,5,237,332,569,8,0.223338,0.230714,1.667857,0.000006,0.00002,238,0.000109,0,23,0.333333,0.000316
18103,Miami County,,IN,2555,38502,41057,6,7,13,1300,1421,2721,7,0.286731,0.30148,399.185448,0.000682,0.000697,38,0.000188,0,23,0.47619,0.004947
18105,Monroe County,,IN,10447,124736,135183,23,29,52,4641,5408,10049,6,0.350397,0.377882,9790.28828,0.005847,0.014327,38,0.000519,0,23,0.383065,0.03694
18107,Montgomery County,,IN,2625,46153,48778,9,7,16,1409,1229,2638,7,0.286702,0.30142,793.698972,0.001123,0.000941,38,0.000265,0,23,0.486111,0.007345
18109,Morgan County,,IN,5679,83571,89250,8,9,17,4051,4050,8101,7,0.286465,0.30121,8.432234,0.001161,0.000983,38,0.000214,0,23,0.611111,0.007277
18111,Newton County,,IN,1284,16622,17906,3,3,6,648,749,1397,7,0.267443,0.279577,0,0.000419,0.000194,38,0.000094,0,23,1,0.001616
18113,Noble County,,IN,3408,56664,60072,7,7,14,2252,2508,4760,7,0.26175,0.274099,13.068196,0.000271,0.000225,38,0.000248,0,23,0.642857,0.002365
18115,Ohio County,,IN,534,6891,7425,2,2,4,286,273,559,8,0.223968,0.231224,0,0.000013,0.000014,288,0.000109,0,23,1,0.000307
18117,Orange County,,IN,1118,21952,23070,4,5,9,508,509,1017,7,0.260084,0.271763,617.692166,0.000017,0.000079,38,0.000211,0,23,0.15,0.000611
18119,Owen County,,IN,1930,23819,25749,6,6,12,1265,1284,2549,7,0.286377,0.30067,3.9639,0.000812,0.000686,38,0.00018,0,23,0.666667,0.005223
18121,Parke County,,IN,1152,17856,19008,4,4,8,519,626,1145,8,0.240815,0.249995,4.558066,0.000033,0.000037,38,0.000162,0,23,0.5,0.000691
18123,Perry County,,IN,750,21837,22587,3,4,7,286,332,618,8,0.246322,0.256307,91.048541,0.000007,0.000048,238,0.000165,0,23,0.5,0.000423
18125,Pike County,,IN,766,14560,15326,4,3,7,552,372,924,8,0.246278,0.256067,2.85,0.00006,0.000048,238,0.000176,0,23,0.666667,0.000812
18127,Porter County,,IN,11588,200005,211593,11,15,26,8028,7334,15362,7,0.330008,0.352264,402.471472,0.003834,0.00589,38,0.000202,0,23,0.633333,0.021393
18129,Posey County,,IN,1624,31085,32709,3,3,6,1036,1040,2076,8,0.246191,0.255827,0,0.000062,0.000037,238,0.000146,0,23,1,0.000623
18131,Pulaski County,,IN,906,15141,16047,4,6,10,388,472,860,8,0.256247,0.268214,15.177434,0.000012,0.00009,38,0.000145,0,23,0.404762,0.000657
18133,Putnam County,,IN,2515,39143,41658,7,8,15,1608,1506,3114,7,0.286554,0.30124,426.548965,0.000742,0.000697,38,0.000218,0,23,0.517857,0.005412
18135,Randolph County,,IN,1878,30288,32166,4,5,9,859,1076,1935,8,0.243026,0.252942,17.499089,0.000046,0.000047,38,0.000127,0,23,0.5,0.000712
18137,Ripley County,,IN,2019,33476,35495,5,6,11,1201,1173,2374,7,0.288248,0.303423,38.921773,0.000611,0.001154,288,0.000165,0,23,0.533333,0.004151
18139,Rush County,,IN,1359,19837,21196,6,7,13,815,908,1723,7,0.286406,0.30085,504.641437,0.000684,0.000649,38,0.000196,0,23,0.47619,0.004934
18141,St. Joseph County,,IN,15411,305547,320958,27,34,61,8555,8953,17508,6,0.350884,0.379231,6074.111324,0.010912,0.018776,38,0.000468,0,23,0.48862,0.068853
18143,Scott County,,IN,1548,25738,27286,5,6,11,876,982,1858,7,0.282792,0.29685,29.372457,0.000039,0.000512,238,0.000189,0,23,0.571429,0.000865
18145,Shelby County,,IN,3400,53270,56670,7,7,14,2201,2191,4392,7,0.286436,0.30091,4.408567,0.001012,0.000889,38,0.000201,0,23,0.690476,0.006699
18147,Spencer County,,IN,1300,25085,26385,5,5,10,723,840,1563,8,0.247572,0.257992,84.94042,0.000082,0.000058,238,0.0002,0,23,0.65,0.000996
18149,Starke County,,IN,1475,25922,27397,7,7,14,1131,986,2117,7,0.267572,0.280207,2321.89314,0.001737,0.000303,38,0.000158,0,23,0.535714,0.010343
18151,Steuben County,,IN,2444,38921,41365,7,6,13,1538,1363,2901,7,0.261725,0.273949,65.765441,0.000222,0.000153,38,0.000227,0,23,0.452381,0.001933
18153,Sullivan County,,IN,1247,22310,23557,3,3,6,632,675,1307,8,0.24094,0.250031,2.0671,0.000034,0.000034,38,0.000125,0,23,0.833333,0.000587
18155,Switzerland County,,IN,668,10297,10965,2,3,5,139,251,390,8,0.225733,0.23382,12.481038,0.000012,0.000026,288,0.000121,0,23,0.333333,0.000307
18157,Tippecanoe County,,IN,12984,174437,187421,29,36,65,6374,6632,13006,7,0.343936,0.372446,31306.315647,0.005872,0.013843,38,0.000684,0,23,0.282361,0.038864
18159,Tipton County,,IN,1107,19236,20343,3,4,7,661,704,1365,7,0.286318,0.30031,0,0.0003,0.00085,38,0.000108,0,23,1,0.001998
18161,Union County,,IN,555,8270,8825,3,3,6,317,282,599,7,0.260963,0.272237,119.885326,0.000208,0.000127,38,0.000111,0,23,0.5,0.001172
18163,Vanderburgh County,,IN,11109,203795,214904,23,22,45,6121,6320,12441,7,0.32648,0.349827,51265.965288,0.003864,0.005812,238,0.000701,0,23,0.213675,0.025479
18165,Vermillion County,,IN,1030,18576,19606,4,4,8,699,541,1240,8,0.240919,0.250175,15.160279,0.000039,0.000035,38,0.000169,0,23,0.333333,0.000685
18167,Vigo County,,IN,6661,112039,118700,14,16,30,2608,3320,5928,7,0.316876,0.337592,20070.448271,0.002162,0.002247,38,0.000422,0,23,0.305147,0.014467
18169,Wabash County,,IN,1716,38172,39888,5,6,11,754,898,1652,7,0.261701,0.273859,11.590971,0.000233,0.000188,38,0.000179,0,23,0.533333,0.001864
18171,Warren County,,IN,659,10155,10814,4,2,6,478,349,827,8,0.256011,0.267134,1.830556,0.000146,0.000055,38,0.000157,0,23,0.5,0.000925
18173,Warrick County,,IN,4879,73719,78598,7,9,16,3191,2898,6089,7,0.287443,0.302817,815.275902,0.000079,0.000877,238,0.000287,0,23,0.388889,0.001237
18175,Washington County,,IN,1600,31529,33129,7,7,14,1041,993,2034,7,0.282821,0.29703,1085.650867,0.000612,0.000501,238,0.000263,0,23,0.452381,0.004181
18177,Wayne County,,IN,3557,76753,80310,9,12,21,1455,1574,3029,7,0.287979,0.304047,2437.359258,0.001094,0.001278,38,0.000242,0,23,0.356061,0.007244
18179,Wells County,,IN,1798,33393,35191,4,3,7,1264,900,2164,7,0.261479,0.27299,84.00829,0.000214,0.000149,38,0.000172,0,23,0.333333,0.001494
18181,White County,,IN,2150,30046,32196,6,5,11,1234,1041,2275,8,0.256153,0.267854,122.529249,0.000428,0.000078,38,0.000167,0,23,0.5,0.002018
18183,Whitley County,,IN,2395,41257,43652,6,5,11,1728,1602,3330,7,0.261578,0.273439,5.506324,0.000223,0.000173,38,0.000224,0,23,0.6,0.00191
19001,Adair County,,IA,541,8752,9293,2,3,5,148,254,402,7,0.272611,0.284452,2,0.000005,0.000239,43,0.000129,0,23,0.666667,0.00025
19003,Adams County,,IA,213,4627,4840,0,0,0,0,0,0,0,0,0,0,0,0,41,0.000052,37,80,0,0
19005,Allamakee County,,IA,843,17692,18535,2,2,4,202,179,381,9,0.200173,0.205727,36.866241,0,0.000001,43,0.000182,0,23,0,0.000234
19007,Appanoose County,,IA,615,14090,14705,1,1,2,59,60,119,8,0.215126,0.221324,0,0.00028,0.000003,43,0.000079,0,23,1,0.001775
19009,Audubon County,,IA,248,7132,7380,0,0,0,0,0,0,0,0,0,0,0,0,42,0.000052,38,81,0,0
19011,Benton County,,IA,1787,31184,32971,6,5,11,1229,1139,2368,8,0.261086,0.273251,20.477386,0.000297,0.000156,43,0.000242,0,23,0.6,0.001836
19013,Black Hawk County,,IA,7674,146211,153885,21,22,43,3176,3774,6950,7,0.332178,0.355845,45349.064378,0.00265,0.003859,43,0.000832,0,23,0.230072,0.018437
19015,Boone County,,IA,1887,31349,33236,5,3,8,1333,904,2237,7,0.272504,0.284284,2.333333,0.00034,0.000313,43,0.000213,0,23,0.5,0.002794
19017,Bremer County,,IA,1570,28472,30042,4,3,7,893,710,1603,8,0.249439,0.259161,3.658009,0.000037,0.000025,43,0.000225,0,23,0.5,0.000641
19019,Buchanan County,,IA,1145,25132,26277,4,5,9,782,734,1516,8,0.258223,0.269815,56.615271,0.000157,0.00008,43,0.00017,0,23,0.55,0.001045
19021,Buena Vista County,,IA,1827,24957,26784,4,5,9,304,405,709,7,0.273282,0.285658,8898.613281,0,0.000234,43,0.000293,0,23,0,0.000434
19023,Butler County,,IA,745,18381,19126,2,2,4,346,329,675,8,0.249394,0.258921,0,0.000036,0.000025,43,0.000148,0,23,1,0.000425
19025,Calhoun County,,IA,580,11606,12186,1,2,3,174,219,393,8,0.214677,0.220868,10.669048,0.000003,0.000003,43,0.000092,0,23,0,0.00013
19027,Carroll County,,IA,1245,26190,27435,3,3,6,393,291,684,7,0.272852,0.284752,4583.719329,0.000285,0.000238,43,0.000157,0,23,0.166667,0.002006
19029,Cass County,,IA,794,16352,17146,2,3,5,258,251,509,7,0.277817,0.291127,0,0.000412,0.000529,43,0.000125,0,23,1,0.002345
19031,Cedar County,,IA,1214,22341,23555,4,4,8,811,707,1518,8,0.261282,0.273269,0,0.000343,0.000167,43,0.000132,0,23,1,0.001664
19033,Cerro Gordo County,,IA,2762,50836,53598,8,12,20,981,1277,2258,7,0.323328,0.344624,33942.361526,0.000455,0.002515,43,0.000374,0,23,0.242424,0.003277
19035,Cherokee County,,IA,873,14704,15577,2,2,4,123,147,270,8,0.244824,0.253779,5506.414764,0.000023,0.000019,43,0.000133,0,23,0,0.000369
19037,Chickasaw County,,IA,695,15228,15923,3,3,6,279,267,546,8,0.249439,0.259161,127.456548,0.000036,0.000025,43,0.000196,0,23,0.5,0.000534
19039,Clarke County,,IA,719,10955,11674,3,3,6,274,290,564,7,0.272531,0.284344,2840,0.000284,0.000237,43,0.000152,0,23,0.416667,0.002
19041,Clay County,,IA,1113,20490,21603,4,4,8,451,434,885,8,0.215026,0.221815,3091.608427,0.000004,0,43,0.000277,0,23,0,0.000432
19043,Clayton County,,IA,1113,21577,22690,6,5,11,494,539,1033,8,0.241568,0.2509,3917.718861,0.000144,0.000029,43,0.00027,0,23,0.233333,0.001242
19045,Clinton County,,IA,2789,57116,59905,7,7,14,1164,1366,2530,7,0.27428,0.287643,848.671611,0.001431,0.000446,43,0.000196,0,23,0.555556,0.009445
19047,Crawford County,,IA,1213,21381,22594,2,4,6,147,341,488,7,0.277956,0.291427,65.270197,0.000407,0.000527,43,0.000118,0,23,0.5,0.002279
19049,Dallas County,,IA,7696,90029,97725,16,10,26,7011,4732,11743,7,0.324044,0.345032,2730.976107,0.004781,0.002788,43,0.000503,0,23,0.458333,0.032187
19051,Davis County,,IA,416,10093,10509,1,1,2,92,133,225,8,0.21511,0.221265,0,0.000003,0.000003,43,0.000097,0,23,0,0.000134
19053,Decatur County,,IA,448,8039,8487,1,2,3,103,132,235,7,0.272504,0.284164,0,0.000002,0.000236,43,0.000095,0,23,1,0.000123
19055,Delaware County,,IA,921,21878,22799,5,4,9,557,456,1013,8,0.257912,0.269167,73.549006,0.00014,0.000076,43,0.0002,0,23,0.55,0.001116
19057,Des Moines County,,IA,2535,47579,50114,7,9,16,850,1065,1915,7,0.31684,0.336066,12829.536275,0.001448,0.001596,43,0.000244,0,23,0.402778,0.009403
19059,Dickinson County,,IA,1445,21292,22737,3,4,7,315,387,702,7,0.273282,0.285478,7851.443234,0,0.000234,43,0.000268,0,23,0,0.000323
19061,Dubuque County,,IA,4868,117252,122120,13,13,26,2258,2063,4321,7,0.317782,0.337985,7764.139093,0.002373,0.002036,43,0.000387,0,23,0.346154,0.014993
19063,Emmet County,,IA,694,11354,12048,1,1,2,90,106,196,8,0.214644,0.220406,0,0.000002,0,43,0.000109,0,23,0,0.000109
19065,Fayette County,,IA,1333,22921,24254,3,6,9,444,700,1144,8,0.258319,0.270175,3030.149429,0.000037,0.000078,43,0.000159,0,23,0.333333,0.000554
19067,Floyd County,,IA,1043,18955,19998,3,3,6,353,413,766,8,0.249618,0.259551,2781.233083,0.000023,0.000029,43,0.000168,0,23,0.416667,0.000361
19069,Franklin County,,IA,529,12580,13109,2,3,5,142,283,425,8,0.244544,0.253758,12.823918,0.000026,0.000007,43,0.000124,0,23,0,0.000286
19071,Fremont County,,IA,543,8201,8744,3,4,7,293,291,584,8,0.272451,0.285374,5644.704866,0.000412,0.0003,43,0.000166,0,23,0.583333,0.002401
19073,Greene County,,IA,505,10995,11500,0,2,2,0,152,152,7,0.272522,0.284182,0,0,0.000237,43,0.000052,0,82,1,0
19075,Grundy County,,IA,731,15198,15929,3,2,5,452,351,803,8,0.249439,0.259011,1.35,0.000039,0.000028,43,0.000152,0,23,0.75,0.000572
19077,Guthrie County,,IA,832,12877,13709,3,3,6,449,484,933,7,0.272531,0.284344,1530.472886,0.000308,0.000278,43,0.000159,0,23,0.5,0.002297
19079,Hamilton County,,IA,1222,18096,19318,3,5,8,372,567,939,7,0.272745,0.285004,2829.054978,0.000312,0.000275,43,0.000148,0,23,0.5,0.002279
19081,Hancock County,,IA,771,13439,14210,3,4,7,388,442,830,8,0.244544,0.253878,3023.455622,0.000023,0.000004,43,0.000195,0,23,0.166667,0.000362
19083,Hardin County,,IA,1153,19818,20971,6,5,11,444,382,826,7,0.272852,0.285274,1698.090468,0.000348,0.000297,43,0.000265,0,23,0.452381,0.002803
19085,Harrison County,,IA,903,17181,18084,2,2,4,347,355,702,8,0.272264,0.284774,0,0.000412,0.000296,43,0.000125,0,23,1,0.002345
19087,Henry County,,IA,1389,22602,23991,5,4,9,557,441,998,8,0.260157,0.27156,1117.949106,0.000158,0.000093,43,0.000239,0,23,0.4,0.001192
19089,Howard County,,IA,534,11868,12402,2,1,3,157,105,262,9,0.199741,0.204707,5.260025,0,0,43,0.00017,0,23,0,0.000211
19091,Humboldt County,,IA,644,11775,12419,2,2,4,173,214,387,8,0.214611,0.220688,2620.784209,0.000003,0.000003,43,0.000165,0,23,0,0.000236
19093,Ida County,,IA,441,8557,8998,2,1,3,129,62,191,8,0.24448,0.253095,120.947505,0.000021,0.000019,43,0.000136,0,23,0,0.000365
19095,Iowa County,,IA,1079,20603,21682,5,4,9,646,536,1182,8,0.260865,0.272622,943.983364,0.000262,0.000133,43,0.000238,0,23,0.3,0.001527
19097,Jackson County,,IA,1183,24146,25329,3,4,7,527,654,1181,8,0.258295,0.269797,1.126227,0.000103,0.000122,43,0.000119,0,23,0.833333,0.000831
19099,Jasper County,,IA,2409,42442,44851,6,7,13,1428,1465,2893,7,0.272718,0.285244,25.898016,0.000352,0.000324,43,0.000257,0,23,0.464286,0.002854
19101,Jefferson County,,IA,1203,17814,19017,2,3,5,242,261,503,8,0.215293,0.22202,5619.25,0.000003,0.000004,43,0.000186,0,23,0,0.000236
19103,Johnson County,,IA,12446,143299,155745,29,34,63,5157,6455,11612,7,0.351239,0.379744,40037.905051,0.008309,0.015094,43,0.000831,0,23,0.334993,0.056805
19105,Jones County,,IA,1159,23331,24490,2,3,5,489,549,1038,8,0.257768,0.268759,0,0.000138,0.000074,43,0.000098,0,23,1,0.000762
19107,Keokuk County,,IA,611,12029,12640,3,3,6,223,257,480,8,0.215176,0.221774,12.616667,0.000006,0.000006,43,0.000221,0,23,0.166667,0.000386
19109,Kossuth County,,IA,783,19345,20128,2,1,3,140,51,191,7,0.272504,0.284014,2952.01099,0,0.000234,43,0.000141,0,23,0,0.000211
19111,Lee County,,IA,1830,39889,41719,3,7,10,612,840,1452,7,0.274252,0.287481,5994.127755,0.000015,0.000376,43,0.000174,0,23,0.357143,0.00041
19113,Linn County,,IA,11637,259610,271247,26,31,57,6186,5982,12168,7,0.347028,0.374623,39285.193296,0.005533,0.013001,43,0.000739,0,23,0.25873,0.038999
19115,Louisa County,,IA,901,13307,14208,4,4,8,443,482,925,8,0.260157,0.27156,3.921429,0.000159,0.000095,43,0.000167,0,23,0.65,0.00111
19117,Lucas County,,IA,404,10005,10409,2,2,4,134,166,300,7,0.272478,0.284104,0,0.000283,0.000237,43,0.000126,0,23,1,0.001917
19119,Lyon County,,IA,523,14538,15061,2,2,4,219,225,444,8,0.256176,0.266707,246.93249,0.0001,0.000094,43,0.000126,0,23,0.5,0.000923
19121,Madison County,,IA,1132,18548,19680,3,4,7,665,723,1388,7,0.272638,0.284632,2.65,0.000309,0.000284,43,0.000169,0,23,0.666667,0.002334
19123,Mahaska County,,IA,1472,24890,26362,5,4,9,636,626,1262,7,0.272718,0.284854,2594.134029,0.000289,0.000239,43,0.000263,0,23,0.45,0.002285
19125,Marion County,,IA,1965,38771,40736,4,4,8,924,901,1825,7,0.272558,0.284524,3.25,0.000288,0.000243,43,0.000213,0,23,0.583333,0.002187
19127,Marshall County,,IA,2521,47678,50199,6,7,13,742,1080,1822,7,0.272879,0.285574,312.474543,0.000351,0.000301,43,0.000254,0,23,0.5,0.002859
19129,Mills County,,IA,1137,17046,18183,4,4,8,652,607,1259,8,0.273685,0.286561,8.72733,0.000535,0.0004,43,0.000186,0,23,0.75,0.003258
19131,Mitchell County,,IA,597,12693,13290,1,2,3,52,142,194,9,0.199885,0.205235,2709.885197,0.000023,0,43,0.000079,0,23,0.333333,0.000147
19133,Monona County,,IA,496,10366,10862,1,1,2,193,141,334,8,0.24448,0.253095,0,0.000021,0.000019,43,0.000083,0,23,0,0.000256
19135,Monroe County,,IA,444,8828,9272,1,1,2,65,73,138,8,0.21511,0.221265,0,0.000003,0.000003,43,0.000097,0,23,0,0.000134
19137,Montgomery County,,IA,708,11957,12665,1,2,3,82,143,225,8,0.218544,0.225434,0.666667,0.000003,0.000009,43,0.000105,0,23,0,0.000109
19139,Muscatine County,,IA,2731,52443,55174,6,8,14,1231,1370,2601,7,0.274252,0.287703,75.564433,0.000375,0.000439,43,0.000194,0,23,0.535714,0.002125
19141,O'Brien County,,IA,1097,17212,18309,3,3,6,316,355,671,9,0.204549,0.210793,8365.612474,0.000001,0,43,0.000249,0,23,0,0.000328
19143,Osceola County,,IA,345,7929,8274,1,1,2,74,69,143,10,0.169824,0.17331,0,0,0,43,0.000123,0,23,0,0.000109
19145,Page County,,IA,980,16634,17614,3,4,7,246,285,531,8,0.272451,0.285374,6368.143966,0.000003,0.00029,43,0.000249,0,23,0.166667,0.000334
19147,Palo Alto County,,IA,596,10735,11331,1,2,3,88,159,247,8,0.214744,0.220808,13.9,0,0,43,0.000111,0,23,0,0.000112
19149,Plymouth County,,IA,1679,31481,33160,3,4,7,864,746,1610,8,0.25646,0.267565,26.278652,0.000025,0.000114,43,0.000137,0,23,0.6,0.000477
19151,Pocahontas County,,IA,553,8686,9239,2,2,4,150,131,281,8,0.214711,0.22079,21.835714,0.000002,0,43,0.000172,0,23,0,0.000218
19153,Polk County,,IA,31014,540606,571620,77,69,146,19112,18087,37199,6,0.374427,0.406981,218208.266518,0.025396,0.03042,43,0.002197,0,23,0.231502,0.175459
19155,Pottawattamie County,,IA,5938,104922,110860,12,8,20,3488,3494,6982,7,0.279381,0.293688,2304.835292,0.001007,0.000786,43,0.000488,0,23,0.295455,0.007079
19157,Poweshiek County,,IA,1334,20508,21842,4,4,8,441,523,964,7,0.272638,0.284704,115.904898,0.000287,0.000241,43,0.000192,0,23,0.4,0.002177
19159,Ringgold County,,IA,170,5520,5690,0,0,0,0,0,0,0,0,0,0,0,0,44,0.000052,39,83,0,0
19161,Sac County,,IA,539,12491,13030,3,3,6,192,233,425,8,0.214893,0.221318,448.258456,0.000004,0.000003,43,0.000185,0,23,0,0.000338
19163,Scott County,,IA,11837,201805,213642,20,24,44,5850,5632,11482,7,0.338944,0.364241,8624.310243,0.003952,0.008715,43,0.000498,0,23,0.347692,0.026004
19165,Shelby County,,IA,749,14918,15667,3,2,5,301,217,518,8,0.272264,0.284774,0.333333,0.000417,0.000296,43,0.00015,0,23,0.666667,0.002467
19167,Sioux County,,IA,1541,40910,42451,4,6,10,471,698,1169,8,0.256649,0.268141,13793.104047,0.000023,0.000123,43,0.000236,0,23,0.3,0.000587
19169,Story County,,IA,7636,83969,91605,16,16,32,2525,3696,6221,7,0.324346,0.345991,5038.527654,0.003837,0.003164,43,0.000546,0,23,0.377193,0.027015
19171,Tama County,,IA,1081,21117,22198,5,5,10,526,575,1101,8,0.258199,0.269785,35.306878,0.000162,0.000082,43,0.000217,0,23,0.4,0.001209
19173,Taylor County,,IA,372,7207,7579,2,1,3,130,57,187,9,0.214132,0.220242,50.426455,0.000005,0,43,0.000137,0,23,0,0.000232
19175,Union County,,IA,969,14168,15137,3,4,7,210,298,508,7,0.272718,0.284782,4174.988915,0.000285,0.000237,43,0.000152,0,23,0.25,0.002007
19177,Van Buren County,,IA,453,8413,8866,1,1,2,89,86,175,9,0.177164,0.180835,0,0,0,43,0.000105,0,23,0,0.000106
19179,Wapello County,,IA,2405,39408,41813,6,8,14,662,964,1626,7,0.274036,0.287373,25359.935804,0.000282,0.000364,43,0.00042,0,23,0.152778,0.002332
19181,Warren County,,IA,3571,56127,59698,7,6,13,2749,2354,5103,7,0.272585,0.284824,9.666667,0.000344,0.000321,43,0.000329,0,23,0.380952,0.003063
19183,Washington County,,IA,1498,26970,28468,5,3,8,764,575,1339,8,0.26006,0.27126,858.73595,0.000145,0.000078,43,0.000243,0,23,0.45,0.00114
19185,Wayne County,,IA,361,7033,7394,0,0,0,0,0,0,0,0,0,0,0,0,45,0.000052,40,84,0,0
19187,Webster County,,IA,2044,40600,42644,5,6,11,631,768,1399,7,0.272825,0.285214,16395.402072,0.000283,0.000275,43,0.000279,0,23,0.261905,0.002218
19189,Winnebago County,,IA,784,12826,13610,2,2,4,231,258,489,8,0.244415,0.25338,0,0.000023,0.000004,43,0.00012,0,23,1,0.000257
19191,Winneshiek County,,IA,970,24132,25102,3,3,6,290,238,528,8,0.249573,0.259431,4723.564937,0.000001,0.000024,43,0.000296,0,23,0.166667,0.000322
19193,Woodbury County,,IA,6535,117522,124057,11,15,26,2485,3290,5775,7,0.323553,0.34472,47345.108502,0.002036,0.00226,43,0.000549,0,23,0.228571,0.014843
19195,Worth County,,IA,437,9012,9449,1,1,2,249,138,387,8,0.244351,0.253081,0,0.000023,0.000004,43,0.000079,0,23,0,0.000147
19197,Wright County,,IA,870,15459,16329,3,2,5,217,147,364,8,0.214611,0.220895,20.104762,0.000003,0.000003,43,0.000154,0,23,0.166667,0.000342
20001,Allen County,,KS,879,14821,15700,3,3,6,236,308,544,9,0.181314,0.185993,2796.189322,0,0,205,0.000197,0,23,0,0.000318
20003,Anderson County,,KS,421,9143,9564,2,2,4,147,164,311,8,0.218871,0.225273,2004.773692,0.000005,0.000005,205,0.000139,0,23,0,0.000253
20005,Atchison County,,KS,1051,17639,18690,2,3,5,130,281,411,7,0.280962,0.293956,5.515868,0.000085,0.000537,109,0.000098,0,23,0.666667,0.000871
20007,Barber County,,KS,407,5824,6231,0,1,1,0,57,57,9,0.212209,0.218141,0,0,0,109,0.000052,0,86,0,0
20009,Barton County,,KS,1658,32259,33917,5,3,8,371,335,706,8,0.269361,0.281866,8396,0.00033,0.000239,109,0.000287,0,23,0.2,0.002352
20011,Bourbon County,,KS,999,16311,17310,2,2,4,197,203,400,8,0.221064,0.228184,1918.969238,0.000006,0.000017,205,0.000138,0,23,0,0.000304
20013,Brown County,,KS,692,11553,12245,1,2,3,82,176,258,8,0.249865,0.25971,0,0,0.000031,109,0.000091,0,87,0.5,0.000102
20015,Butler County,,KS,4954,73099,78053,6,4,10,3301,2527,5828,7,0.280906,0.294201,66.158576,0.000331,0.000681,109,0.000231,0,23,0.428571,0.002517
20017,Chase County,,KS,132,3073,3205,0,0,0,0,0,0,0,0,0,0,0,0,46,0.000052,41,88,0,0
20019,Chautauqua County,,KS,263,3765,4028,1,1,2,82,76,158,8,0.217245,0.223925,0,0.000006,0.000007,205,0.000082,0,23,0,0.00016
20021,Cherokee County,,KS,1498,22092,23590,5,4,9,787,816,1603,8,0.226617,0.235383,10.61133,0.000051,0.000036,205,0.000172,0,23,0.55,0.000846
20023,Cheyenne County,,KS,138,3207,3345,0,0,0,0,0,0,0,0,0,0,0,0,47,0.000052,42,89,0,0
20025,Clark County,,KS,140,2399,2539,0,0,0,0,0,0,0,0,0,0,0,0,48,0.000052,43,90,0,0
20027,Clay County,,KS,703,10248,10951,1,2,3,92,155,247,8,0.256365,0.267365,0,0.000139,0.000185,109,0.000066,0,23,1,0.000705
20029,Cloud County,,KS,534,10700,11234,0,1,1,0,54,54,8,0.22039,0.227236,0,0,0.000011,109,0.000052,0,91,0,0
20031,Coffey County,,KS,727,10232,10959,1,1,2,135,88,223,8,0.222249,0.228693,0,0.000011,0.000008,109,0.000078,0,23,0,0.000154
20033,Comanche County,,KS,81,2254,2335,0,0,0,0,0,0,0,0,0,0,0,0,49,0.000052,44,92,0,0
20035,Cowley County,,KS,2595,40065,42660,4,4,8,840,943,1783,8,0.269466,0.282196,5.173748,0.000333,0.000253,109,0.000175,0,23,0.583333,0.002293
20037,Crawford County,,KS,2562,39909,42471,9,9,18,980,1132,2112,7,0.281989,0.296552,19218.934679,0.001324,0.000697,205,0.00032,0,23,0.255556,0.008777
20039,Decatur County,,KS,109,3429,3538,0,0,0,0,0,0,0,0,0,0,0,0,50,0.000052,45,93,0,0
20041,Dickinson County,,KS,1878,22771,24649,3,3,6,679,517,1196,8,0.256578,0.267935,0,0.000275,0.000196,109,0.00011,0,23,1,0.001651
20043,Doniphan County,,KS,502,8661,9163,1,1,2,207,227,434,8,0.221664,0.228135,0,0.000009,0.000012,109,0.000084,0,23,0,0.000198
20045,Douglas County,,KS,9370,110660,120030,19,17,36,4736,4698,9434,7,0.338655,0.36261,7554.535524,0.005607,0.008775,109,0.000462,0,23,0.428571,0.037936
20047,Edwards County,,KS,184,3698,3882,0,0,0,0,0,0,0,0,0,0,0,0,51,0.000052,46,94,0,0
20049,Elk County,,KS,153,2936,3089,0,0,0,0,0,0,0,0,0,0,0,0,52,0.000052,47,95,0,0
20051,Ellis County,,KS,2192,32341,34533,5,8,13,377,633,1010,7,0.281332,0.295581,11305.086657,0.000326,0.000771,109,0.000334,0,23,0.375,0.002377
20053,Ellsworth County,,KS,316,6879,7195,1,1,2,85,64,149,8,0.220346,0.227138,0,0.000009,0.000011,109,0.000083,0,23,0,0.000193
20055,Finney County,,KS,3357,46282,49639,5,6,11,469,728,1197,7,0.281332,0.295191,10868.008575,0.000329,0.000688,109,0.000275,0,23,0.214286,0.00235
20057,Ford County,,KS,3291,43376,46667,6,5,11,571,641,1212,7,0.301475,0.318284,17778.521494,0.001367,0.001281,109,0.000318,0,23,0.233333,0.008933
20059,Franklin County,,KS,1965,29246,31211,5,6,11,962,1082,2044,7,0.279887,0.292972,7732.220407,0.000573,0.000532,109,0.00022,0,23,0.4,0.003974
20061,Geary County,,KS,13084,40066,53150,24,27,51,4367,5328,9695,7,0.341526,0.368175,7538.979132,0.010512,0.013789,109,0.000439,0,23,0.548295,0.070856
20063,Gove County,,KS,148,3509,3657,0,0,0,0,0,0,0,0,0,0,0,0,53,0.000052,48,96,0,0
20065,Graham County,,KS,116,3170,3286,0,0,0,0,0,0,0,0,0,0,0,0,54,0.000052,49,97,0,0
20067,Grant County,,KS,655,9255,9910,0,1,1,0,56,56,8,0.219624,0.226031,0,0,0.000003,109,0.000052,0,98,0,0
20069,Gray County,,KS,478,7346,7824,2,1,3,177,89,266,8,0.231661,0.239026,0,0.000018,0.000013,109,0.000145,0,23,1,0.000318
20071,Greeley County,,KS,-2,1655,1653,0,0,0,0,0,0,0,0,0,0,0,0,55,0.000052,50,99,0,0
20073,Greenwood County,,KS,494,7240,7734,1,2,3,82,194,276,8,0.269257,0.281506,0,0.000315,0.000239,109,0.000073,0,23,1,0.001848
20075,Hamilton County,,KS,121,2961,3082,0,0,0,0,0,0,0,0,0,0,0,0,56,0.000052,51,100,0,0
20077,Harper County,,KS,484,6923,7407,1,1,2,93,118,211,8,0.269231,0.281326,0,0.000315,0.000236,109,0.000073,0,23,0,0.001848
20079,Harvey County,,KS,2398,40715,43113,5,5,10,1111,1280,2391,8,0.269361,0.282106,4.333333,0.000337,0.000253,109,0.000223,0,23,0.6,0.002408
20081,Haskell County,,KS,226,4758,4984,0,0,0,0,0,0,0,0,0,0,0,0,57,0.000052,52,101,0,0
20083,Hodgeman County,,KS,147,2313,2460,0,1,1,0,74,74,8,0.231705,0.23912,0,0,0.000013,109,0.000052,0,102,0,0
20085,Jackson County,,KS,973,16058,17031,1,1,2,360,419,779,8,0.249753,0.259357,0,0.000074,0.000031,109,0.000076,0,23,0,0.00034
20087,Jefferson County,,KS,1362,21675,23037,4,4,8,935,827,1762,7,0.280934,0.294015,0,0.000714,0.000608,109,0.000132,0,23,1,0.0046
20089,Jewell County,,KS,112,3745,3857,0,0,0,0,0,0,0,0,0,0,0,0,58,0.000052,53,103,0,0
20091,Johnson County,,KS,43725,696780,740505,95,91,186,31292,30142,61434,6,0.387912,0.423366,109568.056183,0.04765,0.052539,109,0.001939,0,23,0.371622,0.331909
20093,Kearny County,,KS,241,4898,5139,1,1,2,119,84,203,8,0.21958,0.225933,0,0.000006,0.000003,109,0.000091,0,23,0,0.000131
20095,Kingman County,,KS,562,9234,9796,2,2,4,232,290,522,8,0.269283,0.281566,0,0.000322,0.000244,109,0.000094,0,23,1,0.00202
20097,Kiowa County,,KS,109,2896,3005,0,0,0,0,0,0,0,0,0,0,0,0,59,0.000052,54,104,0,0
20099,Labette County,,KS,1344,24102,25446,3,6,9,399,564,963,8,0.270252,0.283707,1103.524799,0.000012,0.000271,205,0.000154,0,23,0.5,0.000467
20101,Lane County,,KS,122,2124,2246,0,0,0,0,0,0,0,0,0,0,0,0,60,0.000052,55,105,0,0
20103,Leavenworth County,,KS,10450,79414,89864,23,26,49,4610,5379,9989,7,0.322539,0.347836,4651.222289,0.009416,0.008234,109,0.000438,0,23,0.428571,0.061641
20105,Lincoln County,,KS,202,3720,3922,0,0,0,0,0,0,0,0,0,0,0,0,61,0.000052,56,106,0,0
20107,Linn County,,KS,759,10472,11231,2,2,4,284,261,545,7,0.279549,0.291802,0,0.000492,0.000448,109,0.000101,0,23,1,0.003281
20109,Logan County,,KS,167,3344,3511,0,0,0,0,0,0,0,0,0,0,0,0,62,0.000052,57,107,0,0
20111,Lyon County,,KS,2465,35695,38160,4,6,10,417,815,1232,7,0.285729,0.299953,5617,0.000872,0.001174,109,0.000181,0,23,0.666667,0.005406
20113,McPherson County,,KS,2072,35529,37601,4,6,10,573,917,1490,7,0.281105,0.294861,19.297602,0.000334,0.0007,109,0.000163,0,23,0.666667,0.002344
20115,Marion County,,KS,668,13972,14640,3,2,5,327,212,539,8,0.269257,0.281506,0,0.000323,0.000239,109,0.000134,0,23,1,0.002109
20117,Marshall County,,KS,589,12987,13576,0,0,0,0,0,0,0,0,0,0,0,0,63,0.000052,58,108,0,0
20119,Meade County,,KS,292,5128,5420,1,0,1,74,0,74,0,0,0,0,0.000002,0,109,0.000078,0,15,0,0.000113
20121,Miami County,,KS,2644,37822,40466,5,5,10,1697,1623,3320,7,0.284442,0.297782,50.57869,0.000998,0.000878,109,0.00018,0,23,0.5,0.006547
20123,Mitchell County,,KS,381,7714,8095,0,0,0,0,0,0,0,0,0,0,0,0,64,0.000052,59,109,0,0
20125,Montgomery County,,KS,2738,36860,39598,7,8,15,657,962,1619,7,0.277511,0.29213,9484.796888,0.000727,0.000612,205,0.000282,0,23,0.25,0.005138
20127,Morris County,,KS,271,6638,6909,0,0,0,0,0,0,0,0,0,0,0,0,65,0.000052,60,110,0,0
20129,Morton County,,KS,236,3854,4090,0,0,0,0,0,0,0,0,0,0,0,0,66,0.000052,61,111,0,0
20131,Nemaha County,,KS,521,13029,13550,1,2,3,102,149,251,8,0.249865,0.25971,0,0,0.000031,109,0.000091,0,87,0.5,0.000102
20133,Neosho County,,KS,1108,18288,19396,4,4,8,423,440,863,8,0.220101,0.2273,4501.796274,0.000011,0.000012,205,0.000195,0,23,0.166667,0.00052
20135,Ness County,,KS,144,3834,3978,0,0,0,0,0,0,0,0,0,0,0,0,67,0.000052,62,112,0,0
20137,Norton County,,KS,333,5948,6281,0,0,0,0,0,0,0,0,0,0,0,0,68,0.000052,63,113,0,0
20139,Osage County,,KS,1186,18786,19972,3,3,6,607,606,1213,8,0.255634,0.265998,3.958333,0.000159,0.000087,109,0.00013,0,23,0.833333,0.000956
20141,Osborne County,,KS,229,4713,4942,0,0,0,0,0,0,0,0,0,0,0,0,69,0.000052,64,114,0,0
20143,Ottawa County,,KS,416,7215,7631,1,1,2,215,201,416,8,0.220346,0.227138,0,0.000009,0.000011,109,0.000083,0,23,0,0.000193
20145,Pawnee County,,KS,507,7137,7644,1,1,2,140,108,248,9,0.212218,0.218208,0,0.000002,0.000003,109,0.000134,0,23,0,0.000131
20147,Phillips County,,KS,223,6774,6997,0,0,0,0,0,0,0,0,0,0,0,0,70,0.000052,65,115,0,0
20149,Pottawatomie County,,KS,2230,27046,29276,4,4,8,1022,943,1965,7,0.280622,0.293638,198.245761,0.00034,0.000558,109,0.000149,0,23,0.65,0.001906
20151,Pratt County,,KS,817,11178,11995,1,1,2,57,138,195,8,0.269275,0.281405,2780,0,0.000236,109,0.000097,0,85,0,0.000099
20153,Rawlins County,,KS,109,3192,3301,0,0,0,0,0,0,0,0,0,0,0,0,71,0.000052,66,116,0,0
20155,Reno County,,KS,3498,72463,75961,8,11,19,1360,1666,3026,7,0.282075,0.296918,3045.669592,0.000896,0.00084,109,0.000268,0,23,0.340909,0.006313
20157,Republic County,,KS,203,6038,6241,0,0,0,0,0,0,0,0,0,0,0,0,72,0.000052,67,117,0,0
20159,Rice County,,KS,643,11183,11826,1,2,3,150,226,376,8,0.269283,0.281566,0,0.000008,0.000244,109,0.000073,0,23,1,0.000172
20161,Riley County,,KS,12652,55641,68293,21,28,49,4033,5314,9347,7,0.339856,0.366664,11210.963055,0.009565,0.015133,109,0.000442,0,23,0.507527,0.065536
20163,Rooks County,,KS,271,6281,6552,1,1,2,71,92,163,8,0.21958,0.226053,0,0.000007,0.000003,109,0.000088,0,23,0,0.000131
20165,Rush County,,KS,171,3833,4004,0,0,0,0,0,0,0,0,0,0,0,0,73,0.000052,68,118,0,0
20167,Russell County,,KS,320,8080,8400,1,1,2,95,84,179,8,0.21958,0.226053,0,0.000007,0.000003,109,0.000088,0,23,0,0.000131
20169,Saline County,,KS,3829,66117,69946,12,12,24,1611,1626,3237,7,0.282591,0.297824,14309.355957,0.001162,0.000959,109,0.000439,0,23,0.288462,0.007619
20171,Scott County,,KS,328,6199,6527,0,0,0,0,0,0,0,0,0,0,0,0,74,0.000052,69,119,0,0
20173,Sedgwick County,,KS,30962,587192,618154,67,73,140,14206,16194,30400,7,0.368372,0.402414,140088.38215,0.025626,0.03418,109,0.001788,0,23,0.283279,0.187101
20175,Seward County,,KS,2822,28910,31732,4,8,12,614,883,1497,8,0.269989,0.283545,11549.161832,0.000032,0.000254,109,0.000247,0,23,0.125,0.000529
20177,Shawnee County,,KS,9495,209095,218590,22,23,45,4462,5071,9533,7,0.332854,0.357158,21618.995924,0.003322,0.008016,109,0.000649,0,23,0.307882,0.022194
20179,Sheridan County,,KS,109,3312,3421,0,0,0,0,0,0,0,0,0,0,0,0,75,0.000052,70,120,0,0
20181,Sherman County,,KS,622,6698,7320,0,0,0,0,0,0,0,0,0,0,0,0,76,0.000052,71,121,0,0
20183,Smith County,,KS,156,4817,4973,0,0,0,0,0,0,0,0,0,0,0,0,77,0.000052,72,122,0,0
20185,Stafford County,,KS,291,5072,5363,0,1,1,0,61,61,9,0.212262,0.218309,0,0,0.000003,109,0.000052,0,123,0,0
20187,Stanton County,,KS,142,2699,2841,0,0,0,0,0,0,0,0,0,0,0,0,78,0.000052,73,124,0,0
20189,Stevens County,,KS,465,6559,7024,1,0,1,82,0,82,0,0,0,0,0.000002,0,109,0.000078,0,14,0,0.000113
20191,Sumner County,,KS,1982,26647,28629,2,3,5,944,1120,2064,8,0.269283,0.281686,0,0.000317,0.000242,109,0.00011,0,23,1,0.001976
20193,Thomas County,,KS,689,9067,9756,0,0,0,0,0,0,0,0,0,0,0,0,79,0.000052,74,125,0,0
20195,Trego County,,KS,164,3743,3907,0,0,0,0,0,0,0,0,0,0,0,0,80,0.000052,75,126,0,0
20197,Wabaunsee County,,KS,531,8242,8773,2,2,4,278,301,579,8,0.249775,0.259537,0,0.000079,0.000034,109,0.000108,0,23,1,0.000465
20199,Wallace County,,KS,96,1846,1942,0,0,0,0,0,0,0,0,0,0,0,0,81,0.000052,76,127,0,0
20201,Washington County,,KS,295,7307,7602,0,0,0,0,0,0,0,0,0,0,0,0,82,0.000052,77,128,0,0
20203,Wichita County,,KS,91,2818,2909,0,0,0,0,0,0,0,0,0,0,0,0,83,0.000052,78,129,0,0
20205,Wilson County,,KS,672,10289,10961,2,3,5,198,267,465,8,0.269518,0.282166,1040.504555,0.000006,0.000243,205,0.000124,0,23,0.333333,0.000273
20207,Woodson County,,KS,173,3644,3817,0,1,1,0,71,71,10,0.153532,0.156365,0,0,0,205,0.000052,0,130,0,0
20209,Wyandotte County,,KS,13747,168477,182224,12,15,27,10006,10048,20054,7,0.329422,0.35279,808.103014,0.003156,0.008365,109,0.000283,0,23,0.613971,0.020326
21001,Adair County,,KY,964,17898,18862,2,2,4,322,334,656,8,0.220766,0.227478,45.66736,0.000004,0.000005,238,0.000173,0,23,0,0.000248
21003,Allen County,,KY,1359,19653,21012,4,4,8,724,825,1549,8,0.240356,0.250592,18.922734,0.000084,0.000085,238,0.000191,0,23,0.666667,0.001067
21005,Anderson County,,KY,1971,26281,28252,6,6,12,1003,1294,2297,7,0.283948,0.298373,105.499528,0.000923,0.000667,238,0.000221,0,23,0.633333,0.005213
21007,Ballard County,,KY,561,8903,9464,1,1,2,243,283,526,8,0.228217,0.235482,0,0.000014,0.000008,238,0.000093,0,23,0,0.000164
21009,Barren County,,KY,2553,46891,49444,7,7,14,1550,1372,2922,7,0.282821,0.29703,12351.695772,0.000613,0.000495,238,0.000391,0,23,0.238095,0.004116
21011,Bath County,,KY,772,11707,12479,2,2,4,365,386,751,8,0.214927,0.221162,4.17619,0.000003,0.000006,238,0.000173,0,23,0.5,0.000257
21013,Bell County,,KY,1373,24032,25405,3,2,5,464,442,906,8,0.218423,0.225166,36.866208,0.000006,0.000004,238,0.000148,0,23,0,0.000339
21015,Boone County,,KY,12910,144640,157550,15,15,30,8466,8639,17105,7,0.332416,0.355407,5764.696472,0.003915,0.004823,288,0.000331,0,23,0.566176,0.023143
21017,Bourbon County,,KY,1605,22129,23734,5,5,10,935,907,1842,7,0.273524,0.28595,2842.583333,0.00034,0.000194,238,0.000248,0,23,0.566667,0.001873
21019,Boyd County,,KY,2969,49444,52413,7,6,13,1750,1489,3239,7,0.274931,0.287758,13259.733268,0.000349,0.000186,288,0.000369,0,23,0.404762,0.002123
21021,Boyle County,,KY,2237,29695,31932,7,6,13,1383,1153,2536,7,0.273604,0.28622,4075.106529,0.000347,0.000183,238,0.000291,0,23,0.52381,0.002102
21023,Bracken County,,KY,481,9464,9945,2,2,4,226,169,395,8,0.223105,0.230716,4.740005,0.000015,0.000021,288,0.000123,0,23,0,0.00035
21025,Breathitt County,,KY,542,12472,13014,1,1,2,101,88,189,8,0.21486,0.220748,0,0.000002,0.000003,288,0.000108,0,23,0,0.000126
21027,Breckinridge County,,KY,1347,20601,21948,5,4,9,793,779,1572,7,0.283716,0.297473,7.658897,0.000696,0.000553,238,0.000168,0,23,0.65,0.004338
21029,Bullitt County,,KY,5981,89943,95924,7,10,17,5138,4485,9623,7,0.285318,0.300616,53.311486,0.000705,0.000768,238,0.000234,0,23,0.455556,0.004669
21031,Butler County,,KY,820,13728,14548,2,2,4,411,377,788,8,0.237339,0.246244,22.142524,0.000032,0.000017,238,0.000117,0,23,0.5,0.000363
21033,Caldwell County,,KY,802,13819,14621,4,2,6,403,246,649,8,0.221205,0.228191,6443.858604,0.000124,0.000002,238,0.000305,0,23,0.166667,0.001101
21035,Calloway County,,KY,2354,35910,38264,4,6,10,736,910,1646,7,0.292742,0.308077,4980.979619,0.000024,0.001254,238,0.00026,0,23,0.433333,0.000552
21037,Campbell County,,KY,7328,100795,108123,12,11,23,5369,5486,10855,7,0.286939,0.303285,5574.835921,0.001943,0.001478,288,0.000311,0,23,0.560606,0.011207
21039,Carlisle County,,KY,358,5552,5910,2,1,3,154,98,252,9,0.185911,0.190038,0,0.000014,0,238,0.000173,0,23,1,0.00028
21041,Carroll County,,KY,1002,11825,12827,3,5,8,264,440,704,7,0.282706,0.29652,120.586219,0.00001,0.000477,238,0.000137,0,23,0.35,0.000378
21043,Carter County,,KY,1224,28247,29471,4,3,7,507,531,1038,8,0.215945,0.222634,2806.272842,0.000005,0.00001,288,0.00024,0,23,0.166667,0.000492
21045,Casey County,,KY,969,15447,16416,3,4,7,297,366,663,8,0.221646,0.229289,10.625397,0.000003,0.000007,238,0.000187,0,23,0.583333,0.000361
21047,Christian County,,KY,14053,70437,84490,22,25,47,4698,6265,10963,7,0.347549,0.373645,20452.471905,0.010688,0.012875,238,0.000427,0,23,0.443011,0.072869
21049,Clark County,,KY,2475,38904,41379,6,6,12,1376,1317,2693,7,0.273631,0.28631,2862.636672,0.000349,0.000197,238,0.000339,0,23,0.5,0.002074
21051,Clay County,,KY,727,17716,18443,1,2,3,219,338,557,8,0.221434,0.228389,0,0.000006,0.000003,238,0.000095,0,23,1,0.000138
21053,Clinton County,,KY,633,10195,10828,2,1,3,244,167,411,9,0.18135,0.185224,0,0.000006,0,238,0.000208,0,23,1,0.000248
21055,Crittenden County,,KY,486,9499,9985,1,2,3,73,133,206,9,0.186372,0.191009,10.019841,0,0.000001,238,0.000107,0,23,0,0.000109
21057,Cumberland County,,KY,299,6738,7037,0,0,0,0,0,0,0,0,0,0,0,0,84,0.000052,79,131,0,0
21059,Daviess County,,KY,4693,114357,119050,13,14,27,2317,2376,4693,7,0.295042,0.312395,17575.265163,0.001093,0.001477,238,0.000468,0,23,0.238095,0.006784
21061,Edmonson County,,KY,760,12257,13017,2,2,4,418,419,837,8,0.237339,0.246244,0,0.000037,0.000023,238,0.000129,0,23,1,0.000404
21063,Elliott County,,KY,225,5913,6138,0,1,1,0,81,81,9,0.177647,0.181373,0,0,0,288,0.000052,0,132,0,0
21065,Estill County,,KY,500,14245,14745,2,1,3,285,244,529,8,0.221452,0.228359,0,0.000335,0.000009,238,0.000126,0,23,1,0.001528
21067,Fayette County,,KY,24275,327460,351735,65,71,136,12896,15551,28447,6,0.3761,0.409368,262348.988831,0.018872,0.035744,238,0.00188,0,23,0.243077,0.128693
21069,Fleming County,,KY,857,16086,16943,2,3,5,194,335,529,7,0.273577,0.28583,10.241956,0.000003,0.00018,288,0.000147,0,23,0.666667,0.000254
21071,Floyd County,,KY,2088,35802,37890,3,5,8,758,935,1693,7,0.273793,0.2864,5597.902182,0.000003,0.000177,288,0.000174,0,23,0.2,0.000338
21073,Franklin County,,KY,3618,57708,61326,7,6,13,2221,1826,4047,7,0.28389,0.298253,1358.030561,0.000928,0.000673,238,0.000262,0,23,0.547619,0.005368
21075,Fulton County,,KY,463,5768,6231,1,1,2,135,122,257,8,0.228442,0.235196,0,0.000013,0,238,0.000086,0,23,0,0.000117
21077,Gallatin County,,KY,1015,8618,9633,5,5,10,556,669,1225,8,0.24982,0.259953,462.058809,0.000091,0.000083,288,0.000169,0,23,0.45,0.001063
21079,Garrard County,,KY,1481,17156,18637,6,5,11,1017,981,1998,7,0.273551,0.28601,713.67258,0.000347,0.000189,238,0.000259,0,23,0.666667,0.00204
21081,Grant County,,KY,2289,26063,28352,7,9,16,1596,1666,3262,7,0.282735,0.297569,4485.785451,0.000671,0.000792,288,0.000219,0,23,0.472222,0.004701
21083,Graves County,,KY,2157,40353,42510,5,4,9,1051,945,1996,8,0.228348,0.236171,5559.7,0.000026,0.000009,238,0.000378,0,23,0.35,0.000595
21085,Grayson County,,KY,1139,27277,28416,3,3,6,481,415,896,7,0.283687,0.297293,0,0.000663,0.000547,238,0.000121,0,23,1,0.004012
21087,Green County,,KY,673,11421,12094,1,1,2,240,267,507,8,0.220398,0.226704,0,0.000004,0.000005,238,0.000114,0,23,0,0.000139
21089,Greenup County,,KY,2187,39390,41577,6,6,12,1356,1329,2685,7,0.274985,0.287878,3341.488183,0.000356,0.000195,288,0.000299,0,23,0.433333,0.00207
21091,Hancock County,,KY,675,10150,10825,2,2,4,318,399,717,8,0.227955,0.235722,22.382187,0.000014,0.00001,238,0.000116,0,23,0,0.0003
21093,Hardin County,,KY,13474,115700,129174,21,28,49,4717,6183,10900,7,0.329187,0.355398,8158.377042,0.007667,0.009145,238,0.000516,0,23,0.371921,0.051101
21095,Harlan County,,KY,1308,26356,27664,0,3,3,0,270,270,7,0.273595,0.285817,0,0,0.000182,238,0.000052,0,133,0.333333,0
21097,Harrison County,,KY,1133,19635,20768,3,3,6,479,510,989,7,0.273416,0.28547,0,0.000337,0.000186,238,0.000157,0,23,1,0.001646
21099,Hart County,,KY,1313,19462,20775,4,5,9,587,780,1367,7,0.283977,0.298133,11.710557,0.000695,0.00057,238,0.000162,0,23,0.65,0.004269
21101,Henderson County,,KY,2545,51089,53634,6,7,13,1277,1419,2696,7,0.28334,0.297875,6375.478765,0.000081,0.000518,238,0.000281,0,23,0.428571,0.00103
21103,Henry County,,KY,1314,17049,18363,5,5,10,961,920,1881,7,0.282677,0.29646,3259.251497,0.000595,0.000485,238,0.000177,0,23,0.6,0.003825
21105,Hickman County,,KY,303,4769,5072,0,1,1,0,73,73,9,0.185953,0.190149,0,0,0,238,0.000052,0,134,0,0
21107,Hopkins County,,KY,2473,50214,52687,7,8,15,964,1082,2046,7,0.283948,0.298955,9341.274565,0.000191,0.000617,238,0.000358,0,23,0.357143,0.001801
21109,Jackson County,,KY,476,12218,12694,3,2,5,330,301,631,8,0.221558,0.228779,2.666667,0.000012,0.000012,238,0.000187,0,23,0.666667,0.000427
21111,Jefferson County,,KY,45833,871364,917197,111,118,229,26653,29868,56521,6,0.393515,0.432656,246900.3766,0.051056,0.062348,238,0.002404,0,23,0.306689,0.348084
21113,Jessamine County,,KY,4458,52840,57298,6,9,15,2889,2657,5546,7,0.284151,0.299153,52.053373,0.000351,0.000677,238,0.000282,0,23,0.5,0.0021
21115,Johnson County,,KY,1273,22026,23299,3,4,7,488,565,1053,7,0.273739,0.28616,5448.684587,0.000002,0.000174,288,0.000222,0,23,0.2,0.000324
21117,Kenton County,,KY,14989,183983,198972,15,15,30,11265,11335,22600,7,0.322652,0.344108,6578.16161,0.004368,0.00379,288,0.000331,0,23,0.585714,0.026396
21119,Knott County,,KY,759,13772,14531,2,3,5,263,368,631,8,0.215093,0.221552,13.166667,0.000003,0.000003,288,0.000138,0,23,0.333333,0.000235
21121,Knox County,,KY,1940,29070,31010,3,4,7,1249,1301,2550,7,0.273658,0.28607,1374.515154,0.000008,0.000177,238,0.000186,0,23,0.416667,0.000357
21123,Larue County,,KY,1024,15572,16596,3,2,5,681,490,1171,8,0.247771,0.258382,0.583333,0.000663,0.00008,238,0.000113,0,23,0.833333,0.004009
21125,Laurel County,,KY,3847,60858,64705,8,8,16,1930,2100,4030,7,0.284355,0.299393,13289.050825,0.000345,0.000656,238,0.000401,0,23,0.263889,0.002203
21127,Lawrence County,,KY,933,15275,16208,4,4,8,383,439,822,8,0.215861,0.222592,7117.323835,0.000003,0.000003,288,0.000335,0,23,0.166667,0.000463
21129,Lee County,,KY,292,5736,6028,0,1,1,0,66,66,1,1,1,0,0,0,85,0.000052,80,136,0,0
21131,Leslie County,,KY,480,10405,10885,1,2,3,64,174,238,8,0.221646,0.228875,8.766667,0.000002,0.000006,238,0.000108,0,23,0,0.000126
21133,Letcher County,,KY,944,21698,22642,3,2,5,233,156,389,8,0.21556,0.221809,14.197964,0.000003,0.000006,288,0.000182,0,23,0.333333,0.000355
21135,Lewis County,,KY,542,13368,13910,1,1,2,106,68,174,8,0.214877,0.220802,0,0.000002,0.000003,288,0.000099,0,23,0,0.000127
21137,Lincoln County,,KY,1615,24861,26476,5,6,11,890,1026,1916,7,0.273739,0.28649,558.940015,0.000011,0.000186,238,0.000248,0,23,0.566667,0.000646
21139,Livingston County,,KY,773,9970,10743,3,3,6,407,430,837,8,0.228386,0.236087,4796.300126,0.000014,0.000009,238,0.000195,0,23,0.333333,0.000379
21141,Logan County,,KY,1675,29644,31319,6,5,11,766,745,1511,8,0.237623,0.247311,467.33137,0.000748,0.000036,238,0.000231,0,23,0.366667,0.006031
21143,Lyon County,,KY,528,7885,8413,1,1,2,136,131,267,9,0.181149,0.184975,0,0,0.000001,238,0.000182,0,23,0,0.000118
21145,McCracken County,,KY,4680,73762,78442,8,10,18,2036,2122,4158,7,0.29567,0.312287,37401.042497,0.000915,0.001506,238,0.000478,0,23,0.2,0.005286
21147,McCreary County,,KY,554,13690,14244,2,2,4,190,241,431,8,0.22273,0.230269,50.70551,0.000009,0.000003,238,0.000122,0,23,0,0.000248
21149,McLean County,,KY,578,10395,10973,2,2,4,327,295,622,8,0.227899,0.235602,0,0.000014,0.000011,238,0.000117,0,23,1,0.000316
21151,Madison County,,KY,6134,84249,90383,14,11,25,2919,2831,5750,7,0.284413,0.299872,10936.349474,0.000937,0.000672,238,0.000669,0,23,0.230769,0.006153
21153,Magoffin County,,KY,293,11271,11564,1,1,2,73,88,161,8,0.214943,0.220862,0,0.000002,0,288,0.000082,0,23,1,0.000109
21155,Marion County,,KY,917,20875,21792,4,4,8,477,482,959,7,0.28262,0.29622,2034.05251,0.000585,0.000485,238,0.000247,0,23,0.5,0.003705
21157,Marshall County,,KY,2023,34960,36983,4,4,8,1072,1022,2094,8,0.228405,0.236279,12.059921,0.000026,0.000009,238,0.000265,0,23,0.666667,0.000503
21159,Martin County,,KY,569,9239,9808,2,1,3,176,73,249,9,0.177549,0.181193,0,0.000002,0,288,0.000171,0,23,1,0.000222
21161,Mason County,,KY,1196,18691,19887,5,5,10,439,514,953,7,0.273658,0.28625,7745.890771,0.000341,0.000183,288,0.000274,0,23,0.05,0.001825
21163,Meade County,,KY,4720,31124,35844,4,6,10,1653,1898,3551,7,0.306024,0.322986,84.547158,0.00067,0.002038,238,0.000141,0,23,0.6,0.004168
21165,Menifee County,,KY,344,5844,6188,1,1,2,108,156,264,8,0.214794,0.220652,0,0.000002,0.000003,238,0.000124,0,23,0,0.00013
21167,Mercer County,,KY,1504,24213,25717,5,6,11,756,790,1546,7,0.273577,0.28619,1030.68774,0.000345,0.000189,238,0.000209,0,23,0.452381,0.001884
21169,Metcalfe County,,KY,665,10362,11027,1,1,2,230,349,579,8,0.220486,0.226968,0,0.000005,0.000006,238,0.0001,0,23,0,0.000151
21171,Monroe County,,KY,562,11626,12188,1,1,2,113,120,233,8,0.220486,0.226968,0,0.000005,0.000006,238,0.0001,0,23,0,0.000151
21173,Montgomery County,,KY,2014,28524,30538,6,5,11,1137,964,2101,7,0.273524,0.28595,11186.691345,0.000333,0.000177,238,0.000424,0,23,0.266667,0.001914
21175,Morgan County,,KY,550,11527,12077,1,1,2,75,92,167,8,0.21486,0.220802,0,0.000002,0.000003,238,0.000101,0,23,0,0.000127
21177,Muhlenberg County,,KY,1268,32750,34018,6,6,12,589,601,1190,8,0.23805,0.248181,688.943007,0.000139,0.000036,238,0.000258,0,23,0.333333,0.001468
21179,Nelson County,,KY,2591,53436,56027,8,7,15,1694,1583,3277,7,0.285172,0.299956,3547.847612,0.001004,0.000732,238,0.000337,0,23,0.392857,0.005891
21181,Nicholas County,,KY,354,7624,7978,1,2,3,135,151,286,7,0.273389,0.28529,0,0.000002,0.000177,238,0.000094,0,23,1,0.000128
21183,Ohio County,,KY,1513,26408,27921,3,4,7,746,821,1567,8,0.237887,0.247521,18.057347,0.000014,0.000029,238,0.000167,0,23,0.583333,0.000423
21185,Oldham County,,KY,5247,70499,75746,6,7,13,3636,2916,6552,7,0.284035,0.298643,680.08418,0.000607,0.000677,238,0.000207,0,23,0.5,0.00407
21187,Owen County,,KY,612,10836,11448,3,3,6,277,262,539,8,0.223087,0.230836,3.588492,0.000012,0.000016,288,0.000125,0,23,0.333333,0.000385
21189,Owsley County,,KY,158,3552,3710,1,0,1,66,0,66,0,0,0,0,0,0,85,0.000097,80,135,0,0.000099
21191,Pendleton County,,KY,1095,15370,16465,4,4,8,730,659,1389,8,0.249708,0.259563,0,0.0001,0.0001,288,0.000134,0,23,1,0.001067
21193,Perry County,,KY,1349,28068,29417,5,5,10,535,510,1045,7,0.273631,0.28613,16141.402812,0.000329,0.000174,288,0.000329,0,23,0.05,0.00176
21195,Pike County,,KY,3118,57024,60142,4,5,9,899,1048,1947,7,0.274578,0.28711,12713.38971,0.000331,0.000182,288,0.000207,0,23,0.15,0.001665
21197,Powell County,,KY,845,12690,13535,2,2,4,220,286,506,8,0.21491,0.221102,0,0.000003,0.000006,238,0.000172,0,23,1,0.000263
21199,Pulaski County,,KY,3342,66380,69722,9,11,20,1374,1399,2773,7,0.284471,0.299992,25909.419446,0.000343,0.000659,238,0.000531,0,23,0.19697,0.00232
21201,Robertson County,,KY,98,2079,2177,0,0,0,0,0,0,0,0,0,0,0,0,86,0.000052,81,137,0,0
21203,Rockcastle County,,KY,669,15791,16460,2,2,4,394,323,717,8,0.221629,0.228989,0,0.000012,0.000012,238,0.000145,0,23,1,0.000329
21205,Rowan County,,KY,1562,20509,22071,5,6,11,593,608,1201,7,0.273631,0.28631,12514.255488,0.000331,0.000177,238,0.000344,0,23,0.166667,0.001768
21207,Russell County,,KY,1010,18296,19306,3,3,6,491,426,917,8,0.221593,0.228989,70.277453,0.000006,0.000003,238,0.000206,0,23,0.166667,0.000357
21209,Scott County,,KY,4456,55898,60354,11,9,20,2903,2325,5228,7,0.284093,0.299033,387.141046,0.000942,0.000677,238,0.000428,0,23,0.345455,0.005898
21211,Shelby County,,KY,3889,50940,54829,8,7,15,2451,2121,4572,7,0.284006,0.298583,103.013995,0.000938,0.000677,238,0.00027,0,23,0.5,0.005536
21213,Simpson County,,KY,1461,19811,21272,5,5,10,1037,947,1984,7,0.29063,0.30464,515.262557,0.000087,0.000855,238,0.000211,0,23,0.7,0.00129
21215,Spencer County,,KY,1403,20197,21600,4,4,8,1161,948,2109,7,0.282534,0.29607,1.42619,0.000594,0.000494,238,0.000163,0,23,0.75,0.003778
21217,Taylor County,,KY,1420,25399,26819,4,4,8,643,589,1232,7,0.282677,0.29631,11204.80744,0.000579,0.000476,238,0.000293,0,23,0.166667,0.003635
21219,Todd County,,KY,925,13195,14120,3,3,6,341,499,840,8,0.269126,0.281534,159.079851,0.000413,0.000372,238,0.000122,0,23,0.333333,0.002852
21221,Trigg County,,KY,1059,14846,15905,1,2,3,229,435,664,8,0.269048,0.281234,0,0.000119,0.000365,238,0.000067,0,23,1,0.000765
21223,Trimble County,,KY,742,9295,10037,4,5,9,421,513,934,7,0.282821,0.29676,37.898473,0.000025,0.000493,238,0.000154,0,23,0.55,0.000588
21225,Union County,,KY,773,15418,16191,1,1,2,157,233,390,8,0.220801,0.227412,0,0.000005,0.000001,238,0.000086,0,23,0,0.000123
21227,Warren County,,KY,8440,124820,133260,17,17,34,3698,4198,7896,7,0.311059,0.331916,18842.418972,0.001882,0.003494,238,0.000587,0,23,0.255263,0.013251
21229,Washington County,,KY,696,13033,13729,3,2,5,394,299,693,8,0.221983,0.228917,3.17619,0.000013,0.000015,238,0.000175,0,23,0.333333,0.000436
21231,Wayne County,,KY,1102,20184,21286,2,2,4,403,489,892,8,0.221505,0.228599,2778,0.000006,0.000003,238,0.00027,0,23,0.5,0.000248
21233,Webster County,,KY,1043,14409,15452,2,3,5,464,561,1025,8,0.246387,0.256247,0,0.00001,0.000038,238,0.000124,0,23,1,0.000255
21235,Whitley County,,KY,2315,34384,36699,3,5,8,1448,1385,2833,7,0.273766,0.28643,87.203262,0.000011,0.00019,238,0.000168,0,23,0.45,0.000383
21237,Wolfe County,,KY,311,6250,6561,0,0,0,0,0,0,0,0,0,0,0,0,87,0.000052,82,138,0,0
21239,Woodford County,,KY,2217,30405,32622,5,6,11,1521,1321,2842,7,0.28389,0.298253,2.033333,0.000354,0.000673,238,0.00021,0,23,0.766667,0.001971
22001,Acadia Parish,,LA,4014,65412,69426,8,9,17,3071,3017,6088,7,0.3095,0.329079,962.616249,0.00138,0.001752,0,0.00022,0,23,0.666667,0.011041
22003,Allen Parish,,LA,1487,22820,24307,5,6,11,817,892,1709,7,0.308881,0.327802,327.500996,0.000159,0.001423,0,0.000162,0,23,0.466667,0.001431
22005,Ascension Parish,,LA,8208,128458,136666,17,17,34,6482,5211,11693,7,0.310537,0.331658,999.55859,0.002672,0.00446,0,0.000412,0,23,0.51462,0.020558
22007,Assumption Parish,,LA,1457,25159,26616,5,5,10,831,1105,1936,8,0.266801,0.279669,0.267857,0.000465,0.00035,0,0.00015,0,23,0.9,0.003177
22009,Avoyelles Parish,,LA,1820,42448,44268,6,5,11,784,917,1701,8,0.267057,0.280238,141.988679,0.001637,0.000404,0,0.000182,0,23,0.733333,0.012444
22011,Beauregard Parish,,LA,3025,35995,39020,3,4,7,1458,1463,2921,8,0.254557,0.266586,9.50752,0.000219,0.000183,0,0.000108,0,23,0.833333,0.001388
22013,Bienville Parish,,LA,1134,14673,15807,6,6,12,641,745,1386,8,0.254884,0.266712,62.50932,0.000266,0.000178,0,0.0002,0,23,0.666667,0.002035
22015,Bossier Parish,,LA,15000,130327,145327,24,23,47,8369,8127,16496,7,0.324536,0.349785,10055.766246,0.007525,0.009349,0,0.000576,0,23,0.367742,0.056748
22017,Caddo Parish,,LA,18845,275754,294599,30,36,66,9899,12835,22734,7,0.341065,0.369165,22235.297443,0.008858,0.01514,0,0.000697,0,23,0.383634,0.066919
22019,Calcasieu Parish,,LA,10824,215291,226115,26,26,52,5516,6014,11530,7,0.328371,0.353347,12801.123525,0.006162,0.01007,0,0.000626,0,23,0.367944,0.05078
22021,Caldwell Parish,,LA,628,9929,10557,2,1,3,269,212,481,8,0.23961,0.249356,13.089495,0.000074,0.000034,0,0.000127,0,23,0,0.000512
22023,Cameron Parish,,LA,740,7636,8376,1,1,2,433,517,950,8,0.24722,0.257104,0,0.000093,0.000057,0,0.000073,0,23,0,0.0006
22025,Catahoula Parish,,LA,650,9968,10618,1,2,3,118,242,360,9,0.21085,0.217331,2.5,0.000002,0.000001,0,0.00009,0,23,0,0.000106
22027,Claiborne Parish,,LA,948,14353,15301,4,5,9,326,503,829,8,0.254837,0.266472,0.592857,0.00018,0.000178,0,0.000149,0,23,0.95,0.001285
22029,Concordia Parish,,LA,1248,19643,20891,2,3,5,450,541,991,8,0.266878,0.279579,5347.020688,0.000015,0.000264,0,0.000133,0,23,0.333333,0.00023
22031,De Soto Parish,,LA,1947,30349,32296,3,3,6,1254,1117,2371,8,0.25472,0.265962,4.707517,0.000228,0.000153,0,0.000114,0,23,0.833333,0.001509
22033,East Baton Rouge Parish,,LA,31750,467432,499182,72,74,146,20153,23441,43594,7,0.363648,0.397964,84231.917215,0.028379,0.035334,0,0.001545,0,23,0.300813,0.206747
22035,East Carroll Parish,,LA,483,7093,7576,1,2,3,95,167,262,8,0.239652,0.249596,0,0,0.000035,0,0.000076,0,23,1,0.000108
22037,East Feliciana Parish,,LA,1433,20339,21772,3,3,6,975,989,1964,8,0.26675,0.279309,1,0.000365,0.000287,0,0.000139,0,23,0.666667,0.002447
22039,Evangeline Parish,,LA,1850,34592,36442,5,7,12,926,1256,2182,8,0.267212,0.280808,7.022448,0.000201,0.000471,0,0.000163,0,23,0.738095,0.001817
22041,Franklin Parish,,LA,1072,21228,22300,2,2,4,372,500,872,8,0.239631,0.249536,0,0.000073,0.000035,0,0.000149,0,23,1,0.000515
22043,Grant Parish,,LA,1857,20400,22257,3,2,5,1127,1109,2236,8,0.239962,0.250208,37.670832,0.000132,0.000078,0,0.000133,0,23,0.333333,0.000972
22045,Iberia Parish,,LA,5260,83409,88669,7,9,16,2588,3692,6280,7,0.3095,0.329079,269.733212,0.001626,0.00179,0,0.000194,0,23,0.75,0.012459
22047,Iberville Parish,,LA,2417,33234,35651,5,5,10,1452,1739,3191,8,0.266801,0.279669,0.916667,0.000409,0.000316,0,0.000169,0,23,0.85,0.002909
22049,Jackson Parish,,LA,946,15816,16762,4,4,8,604,590,1194,8,0.239776,0.250196,70.016611,0.000112,0.000059,0,0.000157,0,23,0.333333,0.000923
22051,Jefferson Parish,,LA,32270,474377,506647,55,57,112,22553,25871,48424,7,0.355144,0.386341,18839.700356,0.028428,0.031688,0,0.001038,0,23,0.40625,0.202747
22053,Jefferson Davis Parish,,LA,2044,34430,36474,4,5,9,1083,1357,2440,8,0.247572,0.258514,4.034249,0.000218,0.000149,0,0.000137,0,23,0.65,0.00169
22055,Lafayette Parish,,LA,16523,254140,270663,34,30,64,13113,11639,24752,7,0.328448,0.353977,7642.521597,0.008373,0.010465,0,0.000731,0,23,0.367117,0.066414
22057,Lafourche Parish,,LA,5491,107350,112841,12,14,26,4118,3911,8029,7,0.310433,0.331119,420.055298,0.002486,0.004051,0,0.000296,0,23,0.664835,0.019079
22059,La Salle Parish,,LA,609,14545,15154,2,2,4,216,144,360,8,0.238787,0.248463,274.477284,0.000059,0.000044,0,0.000113,0,23,0,0.000564
22061,Lincoln Parish,,LA,3508,42500,46008,9,13,22,1555,1858,3413,7,0.312317,0.333745,5927.773149,0.002403,0.004023,0,0.000276,0,23,0.50641,0.018493
22063,Livingston Parish,,LA,9561,140998,150559,15,15,30,6913,6547,13460,7,0.310572,0.331478,1392.260382,0.002512,0.004058,0,0.000404,0,23,0.459559,0.019567
22065,Madison Parish,,LA,708,10941,11649,1,2,3,75,193,268,8,0.240689,0.250957,5.905384,0.000015,0.000037,0,0.000079,0,23,0,0.000127
22067,Morehouse Parish,,LA,1747,28842,30589,3,3,6,664,709,1373,7,0.29824,0.31465,736.546284,0.000075,0.001166,0,0.000132,0,23,0.416667,0.000617
22069,Natchitoches Parish,,LA,2383,38299,40682,7,7,14,900,1017,1917,7,0.309121,0.328342,6414.337862,0.001425,0.001515,0,0.000214,0,23,0.428571,0.011005
22071,Orleans Parish,,LA,31909,338836,370745,80,68,148,23844,23704,47548,6,0.369941,0.403143,18545.738761,0.047833,0.042878,0,0.001359,0,23,0.496621,0.332625
22073,Ouachita Parish,,LA,9046,167848,176894,20,24,44,4586,5170,9756,7,0.315079,0.339029,43308.651686,0.003747,0.007943,0,0.000746,0,23,0.285714,0.029645
22075,Plaquemines Parish,,LA,3012,24534,27546,4,4,8,1102,1449,2551,7,0.270594,0.283251,0,0.000806,0.000841,0,0.000134,0,23,1,0.006253
22077,Pointe Coupee Parish,,LA,1389,24323,25712,4,5,9,731,857,1588,8,0.266801,0.279669,2.25,0.000335,0.000307,0,0.000158,0,23,0.7,0.002516
22079,Rapides Parish,,LA,7445,146131,153576,22,21,43,3794,4129,7923,7,0.313586,0.336684,11225.126846,0.004676,0.006404,0,0.000568,0,23,0.375494,0.036117
22081,Red River Parish,,LA,662,8827,9489,2,3,5,195,368,563,8,0.25472,0.265962,0,0.000153,0.000164,0,0.000095,0,23,1,0.000954
22083,Richland Parish,,LA,1520,21358,22878,3,2,5,742,714,1456,8,0.239631,0.249536,0.5,0.000074,0.000035,0,0.000165,0,23,0.666667,0.00062
22085,Sabine Parish,,LA,1118,24203,25321,4,5,9,447,498,945,8,0.25856,0.271186,21.428141,0.000267,0.000248,0,0.000139,0,23,0.5,0.001736
22087,St. Bernard Parish,,LA,3206,38871,42077,6,5,11,2780,2031,4811,7,0.271466,0.284834,6.718374,0.001166,0.001099,0,0.00017,0,23,0.866667,0.008562
22089,St. Charles Parish,,LA,3851,59747,63598,8,10,18,2612,2732,5344,7,0.309465,0.329139,0.771825,0.002368,0.002526,0,0.000196,0,23,0.911111,0.017773
22091,St. Helena Parish,,LA,1271,13438,14709,3,3,6,834,989,1823,8,0.266775,0.279369,0,0.0004,0.00031,0,0.000112,0,23,1,0.002638
22093,St. James Parish,,LA,1327,25135,26462,5,4,9,846,860,1706,8,0.266775,0.279489,0.25,0.000732,0.000329,0,0.000142,0,23,0.9,0.004839
22095,St. John the Baptist Parish,,LA,3307,47681,50988,8,10,18,2309,2476,4785,7,0.310191,0.330219,187.82588,0.002253,0.003928,0,0.000208,0,23,0.788889,0.016907
22097,St. Landry Parish,,LA,5231,94169,99400,12,11,23,3762,3655,7417,7,0.309638,0.329559,680.51352,0.002074,0.001817,0,0.0003,0,23,0.606061,0.015744
22099,St. Martin Parish,,LA,4136,58863,62999,8,8,16,3119,3239,6358,7,0.309362,0.32872,271.361131,0.001643,0.001722,0,0.00021,0,23,0.803571,0.012671
22101,St. Mary Parish,,LA,3601,60410,64011,9,10,19,1487,2388,3875,7,0.309638,0.329439,179.297817,0.001965,0.002055,0,0.00023,0,23,0.666667,0.014714
22103,St. Tammany Parish,,LA,15297,270202,285499,35,30,65,11757,9317,21074,7,0.333333,0.358868,4175.06965,0.013962,0.011857,0,0.00071,0,23,0.456707,0.102417
22105,Tangipahoa Parish,,LA,7812,124413,132225,15,15,30,5384,5288,10672,7,0.310676,0.331598,1204.424176,0.002734,0.00404,0,0.000345,0,23,0.529412,0.020717
22107,Tensas Parish,,LA,331,4851,5182,0,0,0,0,0,0,0,0,0,0,0,0,88,0.000052,83,139,0,0
22109,Terrebonne Parish,,LA,6813,124358,131171,13,12,25,4058,4278,8336,7,0.310329,0.330699,236.752424,0.002531,0.004582,0,0.000303,0,23,0.652381,0.01945
22111,Union Parish,,LA,1425,22879,24304,3,3,6,877,818,1695,8,0.240232,0.25067,20.630285,0.000124,0.00006,0,0.000125,0,23,0.333333,0.00081
22113,Vermilion Parish,,LA,3696,65258,68954,6,8,14,2493,2548,5041,7,0.309465,0.3289,179.408398,0.000163,0.001775,0,0.000181,0,23,0.777778,0.001809
22115,Vernon Parish,,LA,10785,50631,61416,19,25,44,2867,3902,6769,7,0.339026,0.365812,5597.199713,0.008889,0.012241,0,0.000356,0,23,0.542735,0.06147
22117,Washington Parish,,LA,2160,43184,45344,6,7,13,1157,1248,2405,8,0.267597,0.281294,3664.84163,0.000769,0.00071,0,0.000187,0,23,0.571429,0.005629
22119,Webster Parish,,LA,2707,42265,44972,6,5,11,1414,1368,2782,8,0.254954,0.2667,77.537098,0.000268,0.000158,0,0.0002,0,23,0.633333,0.002047
22121,West Baton Rouge Parish,,LA,2222,27825,30047,5,5,10,1762,1505,3267,8,0.266801,0.279669,0.916667,0.000409,0.000316,0,0.000169,0,23,0.85,0.002909
22123,West Carroll Parish,,LA,725,11678,12403,2,4,6,206,363,569,8,0.239734,0.250046,2840.833333,0.000073,0.000036,0,0.000111,0,23,0.416667,0.000506
22125,West Feliciana Parish,,LA,829,11563,12392,2,2,4,377,470,847,8,0.266724,0.279129,0,0.000328,0.000265,0,0.000109,0,23,1,0.002148
22127,Winn Parish,,LA,592,13522,14114,2,3,5,176,219,395,8,0.23645,0.245248,4.220238,0.000014,0.000015,0,0.000111,0,23,0,0.000329
23001,Androscoggin County,,ME,6104,116403,122507,9,9,18,3744,3635,7379,8,0.258127,0.27135,5.628613,0.000448,0.000445,90,0.000238,0,23,0.736111,0.003878
23003,Aroostook County,,ME,2482,76954,79436,5,5,10,702,840,1542,8,0.258032,0.27063,265.61836,0.000431,0.000427,90,0.000145,0,23,0.75,0.003276
23005,Cumberland County,,ME,18623,340499,359122,60,56,116,14000,12772,26772,7,0.347245,0.378845,53371.242204,0.030378,0.030025,90,0.000923,0,23,0.451407,0.195498
23007,Franklin County,,ME,1756,31443,33199,7,7,14,922,1196,2118,8,0.258079,0.27099,0.671455,0.000441,0.000438,90,0.000187,0,23,0.928571,0.003609
23009,Hancock County,,ME,3134,63064,66198,8,6,14,1412,1403,2815,8,0.258056,0.27081,1196.204214,0.001357,0.000431,90,0.000204,0,23,0.678571,0.009111
23011,Kennebec County,,ME,7440,137772,145212,15,15,30,4368,4453,8821,7,0.285905,0.303927,617.535195,0.001846,0.001597,90,0.000362,0,23,0.441667,0.012437
23013,Knox County,,ME,2197,46424,48621,5,6,11,942,1092,2034,8,0.257936,0.270511,1.6,0.000329,0.000332,90,0.000154,0,23,0.8,0.002634
23015,Lincoln County,,ME,2294,41054,43348,5,6,11,1141,1201,2342,8,0.258008,0.27069,1.449123,0.000302,0.000422,90,0.000159,0,23,0.8,0.002552
23017,Oxford County,,ME,3237,60755,63992,7,7,14,1905,1838,3743,8,0.258151,0.27114,3.254355,0.000464,0.000469,90,0.000179,0,23,0.809524,0.003773
23019,Penobscot County,,ME,8100,162111,170211,15,18,33,3881,4356,8237,7,0.319683,0.341187,7068.588031,0.001762,0.003375,90,0.00036,0,23,0.369281,0.011621
23021,Piscataquis County,,ME,970,17761,18731,1,3,4,341,446,787,8,0.257864,0.269971,0,0.000031,0.000299,90,0.000069,0,23,1,0.000233
23023,Sagadahoc County,,ME,3230,42082,45312,6,5,11,2039,1968,4007,8,0.257984,0.270511,0.607159,0.000436,0.000418,90,0.000164,0,23,0.9,0.003452
23025,Somerset County,,ME,3256,53502,56758,7,7,14,1961,1967,3928,8,0.258079,0.27099,3.131311,0.000336,0.000439,90,0.000196,0,23,0.714286,0.002906
23027,Waldo County,,ME,2576,42954,45530,7,6,13,1479,1417,2896,8,0.257936,0.270511,1.901863,0.000439,0.000332,90,0.000194,0,23,0.809524,0.003634
23029,Washington County,,ME,1443,34040,35483,3,4,7,421,527,948,8,0.257888,0.270151,0.4,0.000039,0.000312,90,0.000123,0,23,0.833333,0.000567
23031,York County,,ME,12550,239546,252096,34,30,64,9630,8090,17720,7,0.313021,0.33728,6949.353841,0.012386,0.0115,90,0.000547,0,23,0.442073,0.075725
24001,Allegany County,,MD,2944,72627,75571,6,9,15,1024,1214,2238,7,0.287562,0.304397,11202.324135,0.001166,0.002352,89,0.000199,0,23,0.388889,0.007407
24003,Anne Arundel County,,MD,49364,655665,705029,113,115,228,38212,36732,74944,6,0.36891,0.409302,20245.428064,0.065811,0.068341,89,0.001478,0,23,0.408994,0.417017
24005,Baltimore County,,MD,63246,958814,1022060,99,114,213,53692,54133,107825,6,0.372071,0.412852,11946.443184,0.058952,0.071062,89,0.001193,0,23,0.48825,0.361707
24009,Calvert County,,MD,6950,108517,115467,10,11,21,3691,3488,7179,7,0.297729,0.316827,0.653677,0.005869,0.006226,89,0.000161,0,23,0.9,0.035823
24011,Caroline County,,MD,2237,36346,38583,8,8,16,1651,1579,3230,7,0.278876,0.294589,6.720824,0.001654,0.001727,89,0.000179,0,23,0.791667,0.010261
24013,Carroll County,,MD,10614,208795,219409,12,14,26,7252,6442,13694,7,0.296997,0.316155,38.652855,0.005604,0.005404,89,0.000187,0,23,0.807692,0.032625
24015,Cecil County,,MD,6688,114237,120925,14,13,27,4429,4011,8440,7,0.286436,0.304448,45.766959,0.005845,0.004528,210,0.000206,0,23,0.802198,0.03223
24017,Charles County,,MD,13370,179082,192452,20,20,40,9896,8214,18110,7,0.319352,0.342876,4102.293909,0.01161,0.011134,89,0.000302,0,23,0.703463,0.072561
24019,Dorchester County,,MD,2108,36037,38145,7,5,12,1203,1100,2303,7,0.271599,0.286118,3.345023,0.002166,0.000896,89,0.000154,0,23,0.857143,0.013437
24021,Frederick County,,MD,18182,293175,311357,34,38,72,12803,11256,24059,6,0.34449,0.37285,3233.322544,0.01901,0.024001,89,0.00048,0,23,0.59798,0.119707
24023,Garrett County,,MD,1354,33925,35279,3,3,6,360,408,768,8,0.226746,0.235362,28.000762,0.00003,0.00002,89,0.000199,0,23,0,0.000452
24025,Harford County,,MD,16537,305606,322143,25,31,56,10499,10356,20855,7,0.338944,0.365854,497.699858,0.012627,0.020355,89,0.00032,0,23,0.650071,0.072015
24027,Howard County,,MD,28744,365439,394183,53,57,110,22621,21786,44407,6,0.359695,0.391682,2195.66175,0.037147,0.043275,89,0.000656,0,23,0.665102,0.232266
24029,Kent County,,MD,1236,21466,22702,5,4,9,682,515,1197,7,0.267933,0.28132,0.906004,0.001333,0.000637,89,0.000115,0,23,0.8,0.007909
24031,Montgomery County,,MD,80304,1226896,1307200,171,176,347,63260,68508,131768,6,0.399856,0.44624,46492.493283,0.094938,0.096962,89,0.00219,0,23,0.348586,0.592952
24033,Prince George's County,,MD,73313,1029327,1102640,128,113,241,68693,62379,131072,6,0.382256,0.422034,16934.632872,0.074219,0.070504,89,0.001608,0,23,0.439512,0.460822
24035,Queen Anne's County,,MD,3328,57564,60892,10,9,19,2579,1856,4435,7,0.280367,0.296772,41.94234,0.003987,0.002777,89,0.000188,0,23,0.654545,0.023978
24037,St. Mary's County,,MD,8356,127222,135578,14,19,33,4194,3683,7877,7,0.32446,0.347224,41.661732,0.010206,0.011901,89,0.000214,0,23,0.811905,0.065467
24039,Somerset County,,MD,1508,21047,22555,2,3,5,633,893,1526,8,0.243175,0.253254,0,0.000083,0.000277,89,0.000086,0,23,1,0.000725
24041,Talbot County,,MD,2828,44640,47468,8,8,16,1464,1506,2970,7,0.279016,0.295074,40.945651,0.003653,0.002049,89,0.000166,0,23,0.709091,0.021842
24043,Washington County,,MD,9358,167855,177213,18,17,35,5852,5615,11467,7,0.291453,0.310616,4256.972475,0.006569,0.005537,89,0.000343,0,23,0.471053,0.040582
24045,Wicomico County,,MD,6475,106274,112749,16,15,31,3659,3563,7222,7,0.303915,0.323922,2628.815961,0.005497,0.00567,89,0.000287,0,23,0.533088,0.033546
24047,Worcester County,,MD,4004,61500,65504,12,10,22,2418,2161,4579,7,0.286791,0.303609,1167.000821,0.003864,0.003321,89,0.00021,0,23,0.659091,0.022486
24510,Baltimore city,,MD,54779,575825,630604,104,98,202,41402,47798,89200,6,0.377992,0.415731,9857.267804,0.06377,0.06562,89,0.001272,0,23,0.531092,0.39185
25001,Barnstable County,,MA,13094,277026,290120,35,41,76,9892,8446,18338,7,0.33969,0.367336,1203.69529,0.021948,0.024822,90,0.000459,0,23,0.669192,0.135454
25003,Berkshire County,,MA,5001,151319,156320,19,18,37,2117,2038,4155,7,0.299364,0.319796,2146.023766,0.009923,0.007515,90,0.000242,0,23,0.660173,0.055883
25005,Bristol County,,MA,23380,635553,658933,34,43,77,19525,18056,37581,7,0.336196,0.364313,555.027189,0.02241,0.026738,90,0.000404,0,23,0.712766,0.13729
25007,Dukes County,,MA,1004,22582,23586,4,4,8,266,243,509,7,0.28523,0.301258,0,0.002361,0.001806,90,0.000093,0,23,1,0.014288
25009,Essex County,,MA,39420,911005,950425,66,76,142,31454,31679,63133,7,0.359601,0.394504,4910.341917,0.041666,0.051542,90,0.000835,0,23,0.579891,0.266365
25011,Franklin County,,MA,4489,82767,87256,9,11,20,2506,2683,5189,7,0.286111,0.303483,5.633563,0.00318,0.003887,90,0.000147,0,23,0.781818,0.018142
25013,Hampden County,,MA,18450,522994,541444,35,49,84,10166,12573,22739,7,0.341862,0.37166,732.446472,0.022298,0.033331,90,0.000445,0,23,0.707483,0.140933
25015,Hampshire County,,MA,10409,164680,175089,22,23,45,6740,6892,13632,7,0.332098,0.356928,405.669742,0.012169,0.015077,90,0.000281,0,23,0.733618,0.073292
25017,Middlesex County,,MA,108397,1825936,1934333,179,194,373,87436,98404,185840,6,0.398766,0.447643,68685.334506,0.095979,0.099926,90,0.002268,0,23,0.328385,0.607269
25019,Nantucket County,,MA,859,14470,15329,3,2,5,209,156,365,7,0.275831,0.290121,0,0.001823,0.000904,90,0.000083,0,23,1,0.011203
25021,Norfolk County,,MA,55665,818958,874623,85,91,176,46350,48559,94909,6,0.37262,0.40944,7370.355657,0.053565,0.058491,90,0.00104,0,23,0.54669,0.334851
25023,Plymouth County,,MA,26196,608977,635173,37,43,80,23647,21024,44671,7,0.336278,0.364451,690.881581,0.024642,0.027227,90,0.000461,0,23,0.673469,0.153686
25025,Suffolk County,,MA,77542,739526,817068,131,120,251,55906,71067,126973,6,0.380581,0.421884,18320.082278,0.076245,0.073247,90,0.001601,0,23,0.445853,0.474053
25027,Worcester County,,MA,35483,949182,984665,70,92,162,26416,27093,53509,6,0.366768,0.403976,4936.924297,0.042861,0.058998,90,0.000879,0,23,0.541553,0.274656
26001,Alcona County,,MI,718,11702,12420,5,2,7,475,245,720,8,0.224023,0.231507,6008.690407,0.001718,0.000021,203,0.00023,0,23,0.6,0.009988
26003,Alger County,,MI,431,9896,10327,1,1,2,147,151,298,8,0.224384,0.231753,0,0.000015,0.000009,289,0.000094,0,23,0,0.000169
26005,Allegan County,,MI,8928,136244,145172,12,9,21,7137,6484,13621,7,0.314865,0.333958,116.206652,0.003819,0.001839,203,0.000216,0,23,0.810606,0.02254
26007,Alpena County,,MI,1373,33776,35149,3,3,6,278,346,624,9,0.18313,0.18772,2783.611111,0,0.000023,203,0.000418,0,23,0,0.000445
26009,Antrim County,,MI,1901,26930,28831,6,5,11,1073,982,2055,7,0.28418,0.299027,529.841271,0.001535,0.000759,203,0.000191,0,23,0.633333,0.009674
26011,Arenac County,,MI,1136,17684,18820,5,4,9,544,540,1084,7,0.255658,0.266651,0.991718,0.000888,0.000104,203,0.000135,0,23,0.9,0.005257
26013,Baraga County,,MI,317,8634,8951,1,2,3,59,143,202,8,0.224439,0.232053,0,0.000006,0.000009,289,0.000079,0,23,1,0.000106
26015,Barry County,,MI,4307,70060,74367,8,8,16,3005,2962,5967,7,0.273766,0.287686,3.072959,0.001087,0.000721,203,0.000166,0,23,0.839286,0.005663
26017,Bay County,,MI,5537,129985,135522,12,15,27,2927,3388,6315,7,0.289088,0.306571,215.628097,0.002156,0.00244,203,0.00024,0,23,0.571429,0.012454
26019,Benzie County,,MI,1336,20959,22295,4,2,6,698,526,1224,8,0.247528,0.256819,0.333333,0.00006,0.000068,203,0.000172,0,23,0.666667,0.000994
26021,Berrien County,,MI,10020,179755,189775,18,18,36,4785,5440,10225,7,0.334698,0.358244,217.875984,0.005622,0.00826,38,0.000299,0,23,0.556277,0.032642
26023,Branch County,,MI,2675,48179,50854,6,5,11,1250,1258,2508,8,0.258488,0.270642,34.327239,0.000477,0.00017,203,0.000163,0,23,0.366667,0.002738
26025,Calhoun County,,MI,7979,149402,157381,17,19,36,4261,4484,8745,7,0.331267,0.354645,1521.982825,0.004572,0.006482,203,0.000304,0,23,0.555263,0.02704
26027,Cass County,,MI,4097,56714,60811,7,8,15,3125,2848,5973,7,0.314901,0.333898,49.596283,0.001701,0.001857,38,0.00016,0,23,0.821429,0.010646
26029,Charlevoix County,,MI,1963,31680,33643,5,6,11,977,1061,2038,7,0.284646,0.300004,4.087617,0.000822,0.001106,203,0.00017,0,23,0.766667,0.005638
26031,Cheboygan County,,MI,1772,29500,31272,5,4,9,683,593,1276,7,0.286406,0.301138,7094.167781,0.001492,0.000656,203,0.000218,0,23,0.6,0.009273
26033,Chippewa County,,MI,1878,38710,40588,2,3,5,203,253,456,7,0.272718,0.285773,5617,0.000737,0.000328,289,0.000142,0,23,0.416667,0.004645
26035,Clare County,,MI,2223,31972,34195,9,6,15,1088,931,2019,7,0.288517,0.304382,50.264163,0.002282,0.001383,203,0.000173,0,23,0.763889,0.012785
26037,Clinton County,,MI,6392,89481,95873,13,10,23,4629,4317,8946,7,0.288877,0.305582,159.38742,0.003419,0.002198,203,0.000213,0,23,0.714286,0.018425
26039,Crawford County,,MI,942,14330,15272,1,2,3,181,182,363,8,0.224113,0.231717,0.333333,0.000016,0.000034,203,0.000074,0,23,0,0.000217
26041,Delta County,,MI,1646,44105,45751,4,4,8,510,462,972,8,0.25465,0.266013,347.54582,0.00012,0.000071,289,0.000196,0,23,0.5,0.000972
26043,Dickinson County,,MI,1408,31905,33313,6,6,12,663,530,1193,8,0.254697,0.266372,8819.292001,0.000022,0.00008,289,0.000338,0,23,0.309524,0.000777
26045,Eaton County,,MI,9995,126556,136551,17,18,35,7828,7401,15229,7,0.328642,0.351077,418.173501,0.003801,0.005401,203,0.000269,0,23,0.701754,0.020634
26047,Emmet County,,MI,2716,40582,43298,8,7,15,1325,1163,2488,7,0.288817,0.305102,40.324319,0.002373,0.001711,203,0.000216,0,23,0.660714,0.013883
26049,Genesee County,,MI,22558,468900,491458,35,54,89,11594,14041,25635,6,0.358581,0.389181,8434.566367,0.012606,0.025993,203,0.000568,0,23,0.390287,0.085615
26051,Gladwin County,,MI,1687,28125,29812,9,9,18,1045,994,2039,7,0.288547,0.304802,2.738864,0.00229,0.001805,203,0.000173,0,23,0.819444,0.012815
26053,Gogebic County,,MI,902,16211,17113,1,1,2,91,159,250,1,1,1,0,0,0,91,0.000348,84,140,0,0.000102
26055,Grand Traverse County,,MI,6486,109171,115657,22,20,42,4208,3596,7804,7,0.328837,0.351617,12413.50106,0.006129,0.005297,203,0.000523,0,23,0.403162,0.037562
26057,Gratiot County,,MI,2315,43225,45540,6,8,14,1290,1244,2534,7,0.284704,0.300364,14.277277,0.000426,0.001245,203,0.000135,0,23,0.75,0.002213
26059,Hillsdale County,,MI,2724,50287,53011,7,7,14,1426,1482,2908,7,0.286761,0.302187,232.327012,0.001114,0.00073,203,0.000157,0,23,0.428571,0.006311
26061,Houghton County,,MI,1885,35976,37861,2,4,6,154,318,472,7,0.284384,0.299177,6403.417902,0.000015,0.00069,289,0.000128,0,23,0.25,0.000271
26063,Huron County,,MI,1685,41026,42711,8,7,15,859,814,1673,7,0.288487,0.304442,2.697352,0.002243,0.001662,203,0.000146,0,23,0.875,0.012548
26065,Ingham County,,MI,22828,281264,304092,34,46,80,13669,16066,29735,6,0.352844,0.383069,11289.461435,0.012408,0.024202,203,0.000523,0,23,0.419218,0.081913
26067,Ionia County,,MI,3985,68868,72853,7,7,14,2736,2630,5366,7,0.273604,0.287266,3.839402,0.000839,0.000589,203,0.000159,0,23,0.738095,0.004694
26069,Iosco County,,MI,1835,28323,30158,9,8,17,967,778,1745,7,0.288517,0.304622,6986.57407,0.002231,0.00174,203,0.000263,0,23,0.666667,0.012679
26071,Iron County,,MI,502,13090,13592,1,1,2,65,50,115,9,0.20301,0.208702,0,0.000001,0,289,0.0001,0,23,0,0.00012
26073,Isabella County,,MI,4617,61456,66073,13,13,26,2188,2462,4650,7,0.288937,0.306062,210.382616,0.002631,0.002262,203,0.000255,0,23,0.571429,0.014869
26075,Jackson County,,MI,7803,175282,183085,15,15,30,4530,4334,8864,7,0.320679,0.342129,143.352076,0.003893,0.004217,203,0.000228,0,23,0.720833,0.020419
26077,Kalamazoo County,,MI,16631,282364,298995,29,41,70,9625,10539,20164,7,0.347462,0.377052,5301.083449,0.01045,0.021416,203,0.000469,0,23,0.462834,0.06657
26079,Kalkaska County,,MI,1339,19119,20458,2,2,4,641,592,1233,8,0.247528,0.256819,0,0.000056,0.000071,203,0.000107,0,23,1,0.000667
26081,Kent County,,MI,34600,738192,772792,83,88,171,25846,26090,51936,6,0.373773,0.409746,65923.848377,0.034601,0.049001,203,0.001436,0,23,0.343167,0.236152
26083,Keweenaw County,,MI,85,2537,2622,1,0,1,60,0,60,0,0,0,0,0.000006,0,289,0.000079,0,5,0,0.000106
26085,Lake County,,MI,827,10347,11174,5,4,9,453,372,825,7,0.272237,0.285281,13.150205,0.001201,0.000358,203,0.000152,0,23,0.65,0.007051
26087,Lapeer County,,MI,5865,105233,111098,7,9,16,4380,3895,8275,7,0.288787,0.305282,3.941501,0.002169,0.00212,203,0.000135,0,23,0.833333,0.012212
26089,Leelanau County,,MI,1977,27548,29525,3,3,6,1075,1014,2089,7,0.272264,0.285221,188.867193,0.001237,0.000376,203,0.0001,0,23,0.666667,0.007306
26091,Lenawee County,,MI,5333,113869,119202,9,12,21,3188,3002,6190,7,0.289539,0.307051,249.317172,0.002474,0.002587,203,0.000169,0,23,0.659091,0.013704
26093,Livingston County,,MI,13057,227307,240364,17,17,34,10898,8673,19571,7,0.328876,0.351317,452.779288,0.006033,0.006309,203,0.000261,0,23,0.65,0.036654
26095,Luce County,,MI,280,6108,6388,0,0,0,0,0,0,0,0,0,0,0,0,92,0.000052,85,141,0,0
26097,Mackinac County,,MI,965,13542,14507,1,1,2,120,154,274,8,0.214297,0.220477,0,0.000003,0.000007,289,0.000093,0,23,0,0.000142
26099,Macomb County,,MI,48373,1044341,1092714,52,70,122,40753,38992,79745,6,0.366043,0.39985,12555.042641,0.027974,0.041385,203,0.0008,0,23,0.441579,0.191629
26101,Manistee County,,MI,1521,27106,28627,6,5,11,552,506,1058,7,0.272344,0.285641,296.624764,0.001234,0.000393,203,0.00023,0,23,0.5,0.007399
26103,Marquette County,,MI,3423,74073,77496,8,7,15,713,819,1532,7,0.289268,0.305792,21533.329867,0.000971,0.001621,289,0.000344,0,23,0.211111,0.006117
26105,Mason County,,MI,1700,33705,35405,6,6,12,748,690,1438,7,0.272317,0.285671,6.982621,0.000604,0.000453,203,0.000194,0,23,0.533333,0.00369
26107,Mecosta County,,MI,3237,40571,43808,10,10,20,1584,1714,3298,7,0.288937,0.305672,179.671505,0.002415,0.001786,203,0.000232,0,23,0.536364,0.014374
26109,Menominee County,,MI,1346,27300,28646,3,4,7,601,709,1310,8,0.253397,0.264303,267.006042,0.000109,0.000071,289,0.000156,0,23,0.75,0.000858
26111,Midland County,,MI,5848,99919,105767,12,16,28,3119,3041,6160,7,0.326135,0.348675,484.432427,0.002739,0.005147,203,0.000216,0,23,0.639706,0.015459
26113,Missaukee County,,MI,1022,16903,17925,2,2,4,409,449,858,8,0.214214,0.220879,0,0.000007,0.000023,203,0.00011,0,23,1,0.000356
26115,Monroe County,,MI,8614,181318,189932,9,10,19,6002,5666,11668,7,0.305452,0.324575,13.450848,0.002944,0.003606,203,0.000149,0,23,0.754545,0.015705
26117,Montcalm County,,MI,4682,67418,72100,8,8,16,3093,3062,6155,7,0.272398,0.28609,19.655124,0.000816,0.000488,203,0.000184,0,23,0.583333,0.004704
26119,Montmorency County,,MI,589,10353,10942,3,1,4,212,69,281,10,0.154793,0.157513,894.141812,0.00075,0,203,0.000207,0,23,0.333333,0.004848
26121,Muskegon County,,MI,8212,190760,198972,13,14,27,4784,4911,9695,7,0.330952,0.353566,1468.389853,0.003652,0.006313,203,0.00027,0,23,0.55,0.022188
26123,Newaygo County,,MI,3358,53375,56733,6,6,12,2314,2194,4508,7,0.272317,0.285671,1.707576,0.000618,0.00046,203,0.000162,0,23,0.8,0.003748
26125,Oakland County,,MI,86634,1483722,1570356,142,158,300,68610,94475,163085,6,0.396547,0.44029,108073.592897,0.073949,0.080053,203,0.002158,0,23,0.315838,0.493054
26127,Oceana County,,MI,2053,30306,32359,5,5,10,1189,1243,2432,7,0.272264,0.285431,0.5,0.000601,0.000436,203,0.000148,0,23,0.9,0.003495
26129,Ogemaw County,,MI,1385,22874,24259,10,8,18,874,624,1498,7,0.288517,0.304622,136.29448,0.002265,0.001507,203,0.000209,0,23,0.744444,0.012925
26131,Ontonagon County,,MI,308,6882,7190,0,0,0,0,0,0,0,0,0,0,0,0,93,0.000052,86,142,0,0
26133,Osceola County,,MI,1759,24986,26745,7,7,14,945,1039,1984,7,0.272398,0.286,2686.543677,0.001213,0.000409,203,0.000231,0,23,0.446429,0.007409
26135,Oscoda County,,MI,599,8785,9384,0,0,0,0,0,0,0,0,0,0,0,0,94,0.000052,87,143,0,0
26137,Otsego County,,MI,1906,28605,30511,7,8,15,583,628,1211,7,0.288607,0.304802,1224.870856,0.001502,0.001422,203,0.000235,0,23,0.430556,0.009613
26139,Ottawa County,,MI,17755,325840,343595,30,29,59,13671,13112,26783,7,0.334577,0.359431,4265.938377,0.007873,0.009104,203,0.00051,0,23,0.400568,0.049563
26141,Presque Isle County,,MI,651,15709,16360,2,2,4,263,237,500,8,0.22273,0.229744,1487.778892,0.000006,0.000014,203,0.000217,0,23,0,0.000297
26143,Roscommon County,,MI,1927,26082,28009,7,6,13,710,655,1365,7,0.288458,0.304262,4423.173013,0.002207,0.001696,203,0.000155,0,23,0.666667,0.012201
26145,Saginaw County,,MI,10451,222184,232635,18,33,51,4765,6735,11500,6,0.343214,0.370571,4243.706827,0.004635,0.011969,203,0.000302,0,23,0.424242,0.027289
26147,St. Clair County,,MI,8107,191057,199164,10,13,23,5379,5436,10815,7,0.324384,0.346285,86.505859,0.003271,0.006346,203,0.000169,0,23,0.77619,0.017697
26149,St. Joseph County,,MI,3778,70793,74571,9,9,18,2108,2116,4224,7,0.273255,0.28762,350.939657,0.002134,0.000655,203,0.000204,0,23,0.544444,0.0129
26151,Sanilac County,,MI,2331,48610,50941,8,8,16,1640,1577,3217,7,0.288487,0.304562,2.967788,0.002187,0.001767,203,0.00015,0,23,0.857143,0.01243
26153,Schoolcraft County,,MI,323,9381,9704,0,0,0,0,0,0,0,0,0,0,0,0,95,0.000052,88,144,0,0
26155,Shiawassee County,,MI,4459,81417,85876,9,9,18,2842,2690,5532,7,0.288817,0.305342,0.694353,0.002609,0.002015,203,0.000155,0,23,0.933333,0.014246
26157,Tuscola County,,MI,3119,64622,67741,9,9,18,2036,2046,4082,7,0.284268,0.299686,3.202722,0.002267,0.001203,203,0.000161,0,23,0.788889,0.01276
26159,Van Buren County,,MI,5700,86282,91982,9,8,17,3494,3787,7281,7,0.31483,0.333778,50.978467,0.002092,0.001827,203,0.000187,0,23,0.791667,0.012958
26161,Washtenaw County,,MI,30032,373088,403120,62,72,134,19367,21721,41088,6,0.373572,0.408162,6937.567591,0.036673,0.048421,203,0.00088,0,23,0.556733,0.243015
26163,Wayne County,,MI,96747,1914373,2011120,128,157,285,82196,82212,164408,6,0.400894,0.444686,87316.44891,0.067403,0.07882,203,0.001985,0,23,0.327352,0.454467
26165,Wexford County,,MI,2428,36626,39054,6,6,12,1181,1033,2214,7,0.272398,0.28588,3136.671566,0.001244,0.000398,203,0.000214,0,23,0.428571,0.007766
27001,Aitkin County,,MN,964,17211,18175,6,4,10,588,398,986,7,0.292865,0.307833,0.597222,0.001288,0.000867,289,0.00016,0,23,0.833333,0.00835
27003,Anoka County,,MN,27450,415849,443299,31,35,66,22076,21980,44056,7,0.341947,0.369759,5388.339435,0.008623,0.013196,289,0.000677,0,23,0.36036,0.059883
27005,Becker County,,MN,2464,38323,40787,6,8,14,1163,1467,2630,7,0.321012,0.341235,5676.984157,0.000908,0.002232,289,0.000263,0,23,0.464286,0.006345
27007,Beltrami County,,MN,2905,47673,50578,6,10,16,846,1205,2051,7,0.293732,0.310082,4186.693335,0.000858,0.001161,289,0.000269,0,23,0.466667,0.006246
27009,Benton County,,MN,4629,44655,49284,9,9,18,3341,3484,6825,7,0.293051,0.308793,3.228571,0.001401,0.001193,289,0.000214,0,23,0.844444,0.009482
27011,Big Stone County,,MN,268,6056,6324,0,0,0,0,0,0,0,0,0,0,0,0,96,0.000052,89,145,0,0
27013,Blue Earth County,,MN,5510,67795,73305,17,16,33,2920,3510,6430,7,0.293515,0.310532,14018.641981,0.001678,0.001427,289,0.000459,0,23,0.383041,0.011385
27015,Brown County,,MN,1355,32446,33801,5,4,9,463,461,924,7,0.293051,0.308193,2148.497307,0.000797,0.000785,289,0.000185,0,23,0.45,0.005775
27017,Carlton County,,MN,2084,39707,41791,4,6,10,1289,1120,2409,7,0.30919,0.327163,62.683425,0.000851,0.002519,289,0.000141,0,23,0.733333,0.005994
27019,Carver County,,MN,7947,119153,127100,10,10,20,6308,5118,11426,7,0.320605,0.340905,162.750259,0.001687,0.002761,289,0.000247,0,23,0.666667,0.010706
27021,Cass County,,MN,2314,33517,35831,7,6,13,1336,1275,2611,7,0.292989,0.308313,5.951832,0.000893,0.001048,289,0.0002,0,23,0.607143,0.006542
27023,Chippewa County,,MN,879,14901,15780,3,2,5,318,235,553,8,0.226839,0.234075,2785.392857,0.00001,0.000011,289,0.000201,0,23,0,0.000388
27025,Chisago County,,MN,4451,63829,68280,9,9,18,3627,3081,6708,7,0.293082,0.308853,2.580952,0.001703,0.001398,289,0.000222,0,23,0.875,0.010643
27027,Clay County,,MN,5234,65448,70682,9,10,19,3373,3270,6643,7,0.321235,0.341835,1646.837155,0.000952,0.002496,289,0.000378,0,23,0.481818,0.007072
27029,Clearwater County,,MN,450,9639,10089,2,1,3,207,125,332,8,0.227061,0.234225,1.833333,0.000018,0.000008,289,0.000122,0,23,0.5,0.000343
27031,Cook County,,MN,344,6576,6920,1,0,1,59,0,59,0,0,0,0,0.000765,0,289,0.00007,0,20,0,0.005135
27033,Cottonwood County,,MN,796,14494,15290,2,2,4,180,264,444,8,0.227862,0.23501,0,0.000008,0.000001,43,0.000163,0,23,1,0.000228
27035,Crow Wing County,,MN,4199,73923,78122,15,16,31,2471,2416,4887,7,0.321309,0.342675,644.421896,0.001807,0.002901,289,0.00035,0,23,0.53268,0.011984
27037,Dakota County,,MN,36099,512984,549083,46,55,101,26461,27171,53632,7,0.35752,0.389076,16383.072643,0.015277,0.027831,289,0.00095,0,23,0.321677,0.107148
27039,Dodge County,,MN,1457,25044,26501,4,4,8,825,854,1679,8,0.252476,0.262936,0.816667,0.000113,0.000081,289,0.000128,0,23,0.666667,0.001017
27041,Douglas County,,MN,2230,45132,47362,11,8,19,1224,945,2169,7,0.293546,0.309483,5242.959358,0.001402,0.001107,289,0.000448,0,23,0.390909,0.009517
27043,Faribault County,,MN,833,17407,18240,3,3,6,280,301,581,8,0.227005,0.234735,2.116667,0.000023,0.000028,289,0.00014,0,23,0.5,0.000541
27045,Fillmore County,,MN,1361,24925,26286,4,5,9,667,724,1391,7,0.293051,0.308313,234.82813,0.000101,0.000823,289,0.000136,0,23,0.6,0.000905
27047,Freeborn County,,MN,1740,38319,40059,7,8,15,738,796,1534,7,0.293205,0.308973,3140.512321,0.001403,0.001086,289,0.000199,0,23,0.638889,0.008775
27049,Goodhue County,,MN,3355,57204,60559,10,9,19,1976,1887,3863,7,0.293174,0.309033,829.859497,0.001605,0.001295,289,0.000242,0,23,0.555556,0.010068
27051,Grant County,,MN,436,7304,7740,2,2,4,183,206,389,8,0.243153,0.251911,0,0.000033,0.000025,289,0.000133,0,23,1,0.000413
27053,Hennepin County,,MN,95699,1436325,1532024,209,195,404,76202,81280,157482,6,0.41385,0.460351,399597.827546,0.082444,0.083134,289,0.004034,0,23,0.205623,0.543027
27055,Houston County,,MN,858,23701,24559,3,3,6,596,457,1053,8,0.248658,0.258423,5.144156,0.000064,0.000047,38,0.000113,0,23,0.666667,0.000661
27057,Hubbard County,,MN,1615,23160,24775,5,6,11,783,716,1499,7,0.293484,0.309123,437.226591,0.000806,0.000844,289,0.000203,0,23,0.5,0.005803
27059,Isanti County,,MN,3335,43912,47247,11,9,20,2621,2280,4901,7,0.29302,0.308733,5.273186,0.001739,0.001293,289,0.000253,0,23,0.754545,0.011014
27061,Itasca County,,MN,2248,52152,54400,7,8,15,847,946,1793,7,0.293082,0.308733,7.087075,0.001329,0.001303,289,0.000205,0,23,0.642857,0.008737
27063,Jackson County,,MN,628,13127,13755,3,3,6,235,215,450,8,0.22895,0.236665,5741.278931,0.00001,0.000001,43,0.000226,0,23,0.333333,0.000333
27065,Kanabec County,,MN,1198,17671,18869,6,5,11,712,630,1342,7,0.292865,0.307953,0.561111,0.001274,0.00088,289,0.000164,0,23,0.9,0.008357
27067,Kandiyohi County,,MN,2891,52201,55092,7,8,15,857,1250,2107,7,0.293205,0.308973,15565.548371,0.001159,0.001055,289,0.000326,0,23,0.303571,0.007879
27069,Kittson County,,MN,135,5522,5657,0,0,0,0,0,0,0,0,0,0,0,0,97,0.000052,90,146,0,0
27071,Koochiching County,,MN,582,14906,15488,1,1,2,57,109,166,8,0.250564,0.260255,0,0.000063,0.000051,289,0.000069,0,23,0,0.000481
27073,Lac qui Parle County,,MN,348,8763,9111,0,1,1,0,55,55,9,0.184951,0.188927,0,0,0,289,0.000052,0,147,0,0
27075,Lake County,,MN,683,12825,13508,1,1,2,258,249,507,8,0.250564,0.260255,0,0.000063,0.000051,289,0.000069,0,23,0,0.000481
27077,Lake of the Woods County,,MN,199,4749,4948,0,0,0,0,0,0,0,0,0,0,0,0,98,0.000052,91,148,0,0
27079,Le Sueur County,,MN,2291,34237,36528,9,8,17,1560,1501,3061,7,0.293113,0.308793,816.433043,0.001125,0.00097,289,0.000237,0,23,0.638889,0.007688
27081,Lincoln County,,MN,337,6970,7307,1,1,2,111,69,180,8,0.227656,0.234761,0,0.00001,0.00001,289,0.000079,0,23,0,0.000174
27083,Lyon County,,MN,1970,29941,31911,5,8,13,425,751,1176,7,0.294729,0.310889,15481.506412,0.001123,0.001129,289,0.000256,0,23,0.196429,0.007356
27085,McLeod County,,MN,2558,45014,47572,8,8,16,1333,1346,2679,7,0.293082,0.308733,1546.550831,0.000894,0.000983,289,0.000234,0,23,0.527778,0.006765
27087,Mahnomen County,,MN,420,5711,6131,1,1,2,132,101,233,8,0.243026,0.251431,0,0.000021,0.000008,289,0.00008,0,23,0,0.000168
27089,Marshall County,,MN,559,11593,12152,2,3,5,243,283,526,8,0.243516,0.252691,45.373591,0.000023,0.000032,289,0.000163,0,23,0.833333,0.00042
27091,Martin County,,MN,1219,25694,26913,3,3,6,332,219,551,8,0.226987,0.234675,1.125,0.000014,0.000016,289,0.00015,0,23,0.666667,0.000458
27093,Meeker County,,MN,1598,28005,29603,5,5,10,878,897,1775,7,0.29302,0.308253,3.944444,0.000839,0.000837,289,0.000169,0,23,0.8,0.006185
27095,Mille Lacs County,,MN,2446,28772,31218,9,12,21,1567,1722,3289,7,0.293143,0.309333,7.81258,0.001026,0.001236,289,0.000233,0,23,0.651515,0.007595
27097,Morrison County,,MN,2036,39823,41859,6,7,13,1000,1093,2093,7,0.292958,0.308373,238.435202,0.00085,0.000843,289,0.000176,0,23,0.660714,0.006243
27099,Mower County,,MN,2824,47321,50145,7,9,16,1056,1209,2265,7,0.293267,0.309213,761.98957,0.001224,0.00123,289,0.000193,0,23,0.625,0.008084
27101,Murray County,,MN,408,10593,11001,2,1,3,157,62,219,8,0.227675,0.23462,13.139815,0.000018,0.000001,43,0.000127,0,23,0,0.000292
27103,Nicollet County,,MN,3029,37180,40209,8,8,16,2061,1959,4020,7,0.293174,0.308913,345.768784,0.001092,0.001207,289,0.000237,0,23,0.583333,0.007425
27105,Nobles County,,MN,1676,26849,28525,4,6,10,364,526,890,7,0.29476,0.310445,19226.81442,0.000099,0.000854,43,0.000333,0,23,0.2,0.00113
27107,Norman County,,MN,410,7857,8267,2,2,4,172,184,356,8,0.253212,0.263838,0,0.000112,0.000061,289,0.000115,0,23,1,0.000742
27109,Olmsted County,,MN,10490,185622,196112,21,25,46,4693,5272,9965,7,0.337421,0.36267,11320.450142,0.004777,0.008481,289,0.000449,0,23,0.398462,0.032333
27111,Otter Tail County,,MN,3477,69813,73290,11,11,22,1850,1786,3636,7,0.321123,0.341775,6327.08382,0.001295,0.002511,289,0.000429,0,23,0.424242,0.009019
27113,Pennington County,,MN,1069,16636,17705,5,3,8,422,316,738,8,0.227024,0.234405,57.434695,0.000031,0.000009,289,0.000275,0,23,0.35,0.00079
27115,Pine County,,MN,1959,30579,32538,10,10,20,1351,1243,2594,7,0.293113,0.309033,8.07517,0.001723,0.001401,289,0.000244,0,23,0.733333,0.010766
27117,Pipestone County,,MN,586,11329,11915,2,1,3,136,95,231,8,0.255917,0.266192,0,0.0001,0.000094,43,0.000152,0,23,1,0.000921
27119,Polk County,,MN,2343,36192,38535,8,7,15,1127,1171,2298,7,0.293577,0.309423,10780.244175,0.000911,0.000845,289,0.000388,0,23,0.333333,0.006678
27121,Pope County,,MN,683,13769,14452,3,1,4,307,218,525,8,0.22695,0.233985,0,0.000803,0.000013,289,0.000138,0,23,1,0.005699
27123,Ramsey County,,MN,51800,593545,645345,78,80,158,38214,43123,81337,6,0.371028,0.406387,55152.815534,0.026628,0.038097,289,0.001612,0,23,0.264894,0.189551
27125,Red Lake County,,MN,336,4803,5139,2,2,4,179,179,358,8,0.227005,0.234225,0,0.000008,0.000009,289,0.000177,0,23,1,0.000294
27127,Redwood County,,MN,920,18993,19913,3,4,7,301,321,622,7,0.292989,0.308073,12.063492,0.000025,0.000777,289,0.000149,0,23,0.416667,0.000445
27129,Renville County,,MN,1028,18875,19903,3,4,7,277,365,642,7,0.292989,0.308073,10.011111,0.000026,0.000778,289,0.000143,0,23,0.416667,0.000471
27131,Rice County,,MN,4133,71381,75514,10,11,21,2418,2546,4964,7,0.293329,0.309573,648.526103,0.001579,0.001344,289,0.000243,0,23,0.643939,0.010122
27133,Rock County,,MN,613,11504,12117,2,2,4,210,219,429,8,0.25594,0.266372,2,0.000107,0.000095,43,0.00014,0,23,0.666667,0.000927
27135,Roseau County,,MN,750,19732,20482,0,2,2,0,117,117,8,0.253326,0.264103,0,0,0.000053,289,0.000052,0,149,0,0
27137,St. Louis County,,MN,9852,222953,232805,21,27,48,4898,5603,10501,7,0.334296,0.359071,13783.449471,0.005532,0.006839,289,0.000523,0,23,0.362069,0.037994
27139,Scott County,,MN,11775,168895,180670,17,14,31,9711,8210,17921,7,0.320864,0.341805,2433.540487,0.00315,0.002788,289,0.000375,0,23,0.571895,0.021817
27141,Sherburne County,,MN,8437,105176,113613,12,14,26,6485,6213,12698,7,0.32079,0.341685,135.784004,0.001727,0.002878,289,0.000275,0,23,0.719048,0.011214
27143,Sibley County,,MN,1002,18720,19722,4,6,10,500,544,1044,7,0.292989,0.308313,2.283333,0.000055,0.000832,289,0.00015,0,23,0.733333,0.00088
27145,Stearns County,,MN,10987,172537,183524,22,23,45,8059,7774,15833,7,0.321867,0.344414,3120.865744,0.003267,0.003012,289,0.000552,0,23,0.391304,0.022899
27147,Steele County,,MN,2338,45625,47963,9,10,19,1183,1418,2601,7,0.293267,0.309333,888.04581,0.001155,0.001245,289,0.000229,0,23,0.633333,0.007766
27149,Stevens County,,MN,692,10941,11633,0,2,2,0,149,149,7,0.292878,0.307603,0,0,0.000772,289,0.000052,0,150,1,0
27151,Swift County,,MN,646,11639,12285,1,1,2,126,139,265,8,0.226746,0.233715,0,0.00001,0.000011,289,0.000087,0,23,0,0.000184
27153,Todd County,,MN,1692,27778,29470,5,6,11,804,896,1700,7,0.292989,0.308313,398.756419,0.000073,0.000829,289,0.000214,0,23,0.595238,0.001132
27155,Traverse County,,MN,162,4184,4346,0,0,0,0,0,0,0,0,0,0,0,0,99,0.000052,92,151,0,0
27157,Wabasha County,,MN,1583,26991,28574,3,4,7,747,818,1565,7,0.29302,0.308133,0.719048,0.000101,0.000826,289,0.000109,0,23,0.916667,0.000818
27159,Wadena County,,MN,1114,15078,16192,5,3,8,561,493,1054,8,0.24326,0.252301,240.006991,0.000824,0.00002,289,0.00019,0,23,0.6,0.00579
27161,Waseca County,,MN,1200,22348,23548,5,7,12,611,640,1251,7,0.293113,0.308673,3.546455,0.000056,0.000833,289,0.000161,0,23,0.666667,0.001018
27163,Washington County,,MN,21342,306078,327420,28,30,58,17235,16141,33376,7,0.341568,0.368739,3192.70039,0.008146,0.011971,289,0.000569,0,23,0.390756,0.054686
27165,Watonwan County,,MN,712,13459,14171,2,3,5,153,251,404,8,0.227005,0.234705,1.142857,0.000013,0.000023,289,0.000119,0,23,0.666667,0.00035
27167,Wilkin County,,MN,489,7986,8475,4,4,8,371,331,702,8,0.253304,0.264318,3.45,0.000136,0.000074,289,0.000202,0,23,0.666667,0.001057
27169,Winona County,,MN,2858,54300,57158,8,11,19,1157,1456,2613,7,0.293546,0.309962,3035.103838,0.000905,0.001245,289,0.000236,0,23,0.390909,0.006521
27171,Wright County,,MN,9370,156734,166104,17,17,34,8049,6612,14661,7,0.32142,0.342975,491.649519,0.003172,0.002933,289,0.000388,0,23,0.625,0.021977
27173,Yellow Medicine County,,MN,758,12228,12986,2,2,4,219,264,483,8,0.227731,0.235091,38.03367,0.00001,0.00001,289,0.000165,0,23,0,0.000283
28001,Adams County,,MS,1889,31231,33120,4,5,9,628,679,1307,7,0.310815,0.330105,14274.925712,0.000328,0.00168,0,0.000251,0,23,0.233333,0.002331
28003,Alcorn County,,MS,2043,36060,38103,6,6,12,1001,1084,2085,7,0.290387,0.304988,5484.073011,0.000062,0.000605,238,0.000316,0,23,0.380952,0.000971
28005,Amite County,,MS,967,12615,13582,2,2,4,326,363,689,9,0.213703,0.221075,6.909607,0.000008,0.000005,0,0.000123,0,23,0,0.000246
28007,Attala County,,MS,929,19896,20825,2,3,5,248,277,525,9,0.206387,0.212932,5.804978,0.000003,0.000005,0,0.000107,0,23,0,0.000252
28009,Benton County,,MS,780,7893,8673,4,4,8,515,505,1020,7,0.290023,0.304118,616.857519,0.000688,0.000596,238,0.000157,0,23,0.583333,0.00442
28011,Bolivar County,,MS,2422,35818,38240,6,7,13,917,1100,2017,7,0.291422,0.306475,38.775625,0.000946,0.000736,238,0.000179,0,23,0.642857,0.005645
28013,Calhoun County,,MS,727,15577,16304,1,2,3,144,225,369,9,0.190356,0.195545,0,0,0.000001,238,0.000102,0,23,1,0.000117
28015,Carroll County,,MS,780,10957,11737,3,3,6,408,411,819,8,0.234258,0.242911,1429.158708,0.000027,0.000007,0,0.000137,0,23,0.5,0.000367
28017,Chickasaw County,,MS,1219,19327,20546,5,4,9,710,762,1472,8,0.234792,0.243984,3854.440882,0.000021,0.000009,238,0.000235,0,23,0.55,0.000661
28019,Choctaw County,,MS,557,8701,9258,3,2,5,243,141,384,8,0.22708,0.234505,45.086649,0.000009,0.000009,0,0.000147,0,23,0.333333,0.000395
28021,Claiborne County,,MS,591,9071,9662,2,2,4,197,215,412,8,0.259211,0.270457,0,0.000164,0.000103,0,0.000096,0,23,1,0.001023
28023,Clarke County,,MS,1202,17668,18870,4,4,8,525,693,1218,8,0.244803,0.25525,25.584876,0.000081,0.000014,0,0.000162,0,23,0.416667,0.000573
28025,Clay County,,MS,1092,21329,22421,4,5,9,465,559,1024,8,0.236672,0.246632,71.551175,0.000039,0.000033,0,0.000175,0,23,0.7,0.000718
28027,Coahoma County,,MS,1662,26596,28258,5,4,9,492,665,1157,7,0.289872,0.303849,1383.74306,0.000746,0.000619,238,0.000197,0,23,0.5,0.004703
28029,Copiah County,,MS,1618,30144,31762,3,3,6,795,907,1702,8,0.259283,0.270757,3.805275,0.000205,0.000137,0,0.000115,0,23,0.833333,0.001413
28031,Covington County,,MS,1412,20556,21968,6,6,12,861,942,1803,8,0.239054,0.249203,17.832805,0.000084,0.000032,0,0.000227,0,23,0.466667,0.000975
28033,DeSoto County,,MS,14641,193516,208157,24,22,46,10655,8810,19465,7,0.32142,0.345002,7341.592752,0.002273,0.006737,238,0.000653,0,23,0.218391,0.016187
28035,Forrest County,,MS,8952,72885,81837,19,22,41,5389,5807,11196,7,0.313763,0.336126,26708.733485,0.00198,0.00405,0,0.000527,0,23,0.286561,0.015098
28037,Franklin County,,MS,496,8454,8950,1,1,2,86,86,172,8,0.237177,0.245494,11.133333,0.000001,0.000003,0,0.000074,0,23,0,0.00012
28039,George County,,MS,1395,23612,25007,3,4,7,782,786,1568,8,0.262839,0.275512,13.305386,0.000276,0.000389,0,0.000134,0,23,0.666667,0.001975
28041,Greene County,,MS,734,11747,12481,4,3,7,413,330,743,8,0.259018,0.270415,228.005035,0.000206,0.000175,0,0.000172,0,23,0.166667,0.001675
28043,Grenada County,,MS,1530,23915,25445,5,8,13,578,730,1308,7,0.291514,0.306745,5174.520059,0.000026,0.000714,238,0.000201,0,23,0.347222,0.00058
28045,Hancock County,,MS,3719,42856,46575,7,6,13,2149,1978,4127,7,0.27304,0.286748,4.093917,0.001101,0.001055,0,0.000185,0,23,0.833333,0.008264
28047,Harrison County,,MS,23834,203486,227320,37,45,82,9917,10391,20308,7,0.346682,0.376044,20330.274229,0.017098,0.020714,0,0.000723,0,23,0.352466,0.119597
28049,Hinds County,,MS,18260,261848,280108,38,45,83,9850,13401,23251,7,0.34978,0.379316,74231.105032,0.010961,0.016188,0,0.000911,0,23,0.253103,0.081885
28051,Holmes County,,MS,1350,19588,20938,4,5,9,400,668,1068,8,0.25955,0.271465,2571.444863,0.000212,0.000133,0,0.00015,0,23,0.4,0.001411
28053,Humphreys County,,MS,482,8911,9393,1,0,1,65,0,65,0,0,0,0,0.000006,0,238,0.000069,0,16,0,0.000149
28055,Issaquena County,,MS,108,1158,1266,0,0,0,0,0,0,0,0,0,0,0,0,100,0.000052,93,152,0,0
28057,Itawamba County,,MS,1670,23727,25397,6,5,11,1232,1056,2288,8,0.234971,0.244422,367.246428,0.000021,0.00001,238,0.0003,0,23,0.366667,0.000799
28059,Jackson County,,MS,11214,150334,161548,19,20,39,5718,6122,11840,7,0.32583,0.349443,2986.46625,0.006205,0.007826,0,0.000414,0,23,0.445887,0.044979
28061,Jasper County,,MS,1268,17814,19082,4,4,8,916,777,1693,8,0.238992,0.248783,41.330353,0.000065,0.000024,0,0.000165,0,23,0.5,0.000675
28063,Jefferson County,,MS,575,8225,8800,1,1,2,106,157,263,8,0.237136,0.245404,0,0.000015,0.000003,0,0.000095,0,23,0,0.000128
28065,Jefferson Davis County,,MS,911,12746,13657,5,4,9,499,462,961,8,0.239013,0.248813,338.586636,0.000056,0.000025,0,0.000182,0,23,0.5,0.000787
28067,Jones County,,MS,4488,72921,77409,11,12,23,2300,2737,5037,7,0.311303,0.331682,7510.380375,0.000451,0.002952,0,0.000356,0,23,0.379121,0.003644
28069,Kemper County,,MS,631,9533,10164,2,2,4,281,299,580,8,0.244652,0.254561,0,0.000054,0.000009,0,0.000109,0,23,1,0.000305
28071,Lafayette County,,MS,3937,43485,47422,12,12,24,1510,1550,3060,7,0.291881,0.307885,5148.735812,0.000996,0.000792,238,0.000355,0,23,0.351648,0.006614
28073,Lamar County,,MS,6887,58095,64982,12,15,27,4596,4081,8677,7,0.312563,0.333398,3567.488634,0.000605,0.001901,0,0.000336,0,23,0.35,0.004411
28075,Lauderdale County,,MS,5577,81172,86749,13,17,30,1519,2173,3692,7,0.323666,0.347416,24551.354778,0.000912,0.005849,0,0.000425,0,23,0.286842,0.006635
28077,Lawrence County,,MS,866,12900,13766,2,3,5,251,317,568,8,0.244115,0.254155,17.591256,0.000002,0.000037,0,0.000113,0,23,0.166667,0.000238
28079,Leake County,,MS,1305,22645,23950,6,6,12,781,828,1609,8,0.259453,0.271537,3653.251078,0.000268,0.000161,0,0.000207,0,23,0.366667,0.001928
28081,Lee County,,MS,6532,93139,99671,15,18,33,3780,4043,7823,7,0.306665,0.327358,29270.559829,0.000926,0.002245,238,0.000546,0,23,0.29085,0.006886
28083,Leflore County,,MS,2059,31786,33845,4,8,12,482,978,1460,7,0.30562,0.324539,10733.245532,0.000678,0.002175,0,0.000148,0,23,0.388889,0.004373
28085,Lincoln County,,MS,1832,37029,38861,4,6,10,688,867,1555,8,0.25955,0.271674,5401.289508,0.000156,0.00014,0,0.000152,0,23,0.3,0.001245
28087,Lowndes County,,MS,4723,63244,67967,10,11,21,1437,1395,2832,7,0.295544,0.312119,16889.908944,0.001657,0.00105,0,0.00035,0,23,0.19697,0.011147
28089,Madison County,,MS,9343,116517,125860,18,18,36,6395,5343,11738,7,0.321904,0.344607,6428.894719,0.002488,0.006716,0,0.000441,0,23,0.3,0.01641
28091,Marion County,,MS,1700,26527,28227,3,4,7,501,1113,1614,8,0.239013,0.248813,122.98232,0.000055,0.000024,0,0.000126,0,23,0.5,0.000556
28093,Marshall County,,MS,3353,37173,40526,6,5,11,1934,2319,4253,7,0.289993,0.304208,5.455556,0.000757,0.000626,238,0.000203,0,23,0.566667,0.004922
28095,Monroe County,,MS,2056,38453,40509,6,6,12,1184,1194,2378,8,0.23631,0.246158,158.080279,0.000031,0.000025,238,0.00028,0,23,0.566667,0.000893
28097,Montgomery County,,MS,808,10990,11798,2,2,4,233,284,517,8,0.22577,0.232763,0,0.000007,0,238,0.000112,0,23,1,0.000225
28099,Neshoba County,,MS,1581,30763,32344,5,5,10,815,711,1526,8,0.244911,0.255466,101.600456,0.000056,0.000012,0,0.000212,0,23,0.2,0.000642
28101,Newton County,,MS,1343,23462,24805,3,4,7,655,775,1430,8,0.249596,0.260244,15.584428,0.000055,0.000046,0,0.000136,0,23,0.5,0.000431
28103,Noxubee County,,MS,671,12173,12844,1,2,3,155,268,423,8,0.229101,0.23703,0,0.00001,0.000024,0,0.000079,0,23,1,0.000218
28105,Oktibbeha County,,MS,4228,40857,45085,11,13,24,1309,1597,2906,7,0.293732,0.310416,19569.708885,0.000968,0.000952,0,0.00047,0,23,0.296703,0.00654
28107,Panola County,,MS,2344,37645,39989,7,6,13,1300,1368,2668,7,0.290144,0.304598,5653.25013,0.000752,0.00062,238,0.000231,0,23,0.380952,0.004952
28109,Pearl River County,,MS,3173,54498,57671,9,7,16,1939,1646,3585,8,0.265806,0.279477,58.32827,0.00106,0.000589,0,0.000233,0,23,0.527778,0.008189
28111,Perry County,,MS,864,11986,12850,4,3,7,559,457,1016,8,0.238972,0.248603,18.459187,0.000084,0.000024,0,0.000165,0,23,0.5,0.000728
28113,Pike County,,MS,2533,41934,44467,5,9,14,945,1127,2072,8,0.269518,0.284364,4717.91571,0.000188,0.000571,0,0.000197,0,23,0.291667,0.001543
28115,Pontotoc County,,MS,2763,34335,37098,7,6,13,1738,1772,3510,8,0.23505,0.244842,1794.30368,0.000034,0.000019,238,0.00031,0,23,0.428571,0.000963
28117,Prentiss County,,MS,1506,25224,26730,5,5,10,867,946,1813,8,0.23503,0.244572,436.905942,0.000038,0.000016,238,0.000229,0,23,0.533333,0.000712
28119,Quitman County,,MS,595,7358,7953,1,2,3,128,216,344,8,0.224984,0.231792,0.333333,0.000006,0.000014,238,0.000085,0,23,0,0.000158
28121,Rankin County,,MS,11055,161292,172347,25,23,48,7958,6740,14698,7,0.322315,0.345866,19424.418566,0.003801,0.00598,0,0.000659,0,23,0.24023,0.027285
28123,Scott County,,MS,2051,31918,33969,5,6,11,1026,1231,2257,8,0.259429,0.271477,581.627961,0.000206,0.000163,0,0.000185,0,23,0.5,0.001658
28125,Sharkey County,,MS,297,4920,5217,0,0,0,0,0,0,0,0,0,0,0,0,101,0.000052,94,153,0,0
28127,Simpson County,,MS,1881,27432,29313,5,4,9,1007,888,1895,8,0.259332,0.270997,207.650809,0.000267,0.000137,0,0.00018,0,23,0.5,0.001825
28129,Smith County,,MS,1058,16165,17223,6,6,12,733,708,1441,8,0.244072,0.254617,61.967696,0.000086,0.000045,0,0.000233,0,23,0.366667,0.001049
28131,Stone County,,MS,1390,17053,18443,4,4,8,747,784,1531,8,0.257792,0.269626,0.125,0.000318,0.000243,0,0.000123,0,23,0.9,0.002175
28133,Sunflower County,,MS,1867,25711,27578,5,7,12,752,969,1721,7,0.290144,0.304718,5665.672179,0.000756,0.000627,238,0.00014,0,23,0.380952,0.004567
28135,Tallahatchie County,,MS,961,13390,14351,3,4,7,268,392,660,7,0.290114,0.304298,164.7423,0.000013,0.000597,238,0.000113,0,23,0.45,0.000376
28137,Tate County,,MS,2259,29811,32070,5,5,10,1587,1549,3136,7,0.289962,0.304148,2.170635,0.000752,0.000624,238,0.000184,0,23,0.733333,0.004791
28139,Tippah County,,MS,1375,23501,24876,6,6,12,802,803,1605,7,0.290296,0.304838,3128.380581,0.000709,0.000599,238,0.000232,0,23,0.566667,0.004694
28141,Tishomingo County,,MS,1025,19347,20372,4,3,7,676,368,1044,8,0.22566,0.233111,54.962104,0.000006,0.000001,238,0.000223,0,23,0.416667,0.000487
28143,Tunica County,,MS,1209,12442,13651,4,3,7,688,745,1433,7,0.289841,0.303669,0.333333,0.000745,0.00061,238,0.000165,0,23,0.833333,0.004594
28145,Union County,,MS,1956,30015,31971,5,8,13,1281,1236,2517,7,0.290387,0.305258,831.393279,0.000039,0.000635,238,0.000213,0,23,0.5,0.000806
28147,Walthall County,,MS,999,14598,15597,3,3,6,472,415,887,9,0.213802,0.221555,12.774311,0.000012,0.000009,0,0.00012,0,23,0,0.000397
28149,Warren County,,MS,3184,54348,57532,5,6,11,761,1095,1856,7,0.302394,0.319952,3435.339163,0.000267,0.001601,0,0.000189,0,23,0.4,0.001794
28151,Washington County,,MS,3143,53757,56900,5,11,16,707,1383,2090,7,0.315509,0.337194,2373.99995,0.000895,0.005708,238,0.000148,0,23,0.509091,0.005498
28153,Wayne County,,MS,1136,22194,23330,3,4,7,554,425,979,8,0.238992,0.248783,44.090977,0.000065,0.000025,0,0.000132,0,23,0.333333,0.000551
28155,Webster County,,MS,677,10502,11179,2,1,3,247,179,426,8,0.227061,0.234325,0,0.000009,0.000009,0,0.000145,0,23,1,0.000292
28157,Wilkinson County,,MS,565,9161,9726,2,2,4,137,252,389,8,0.266775,0.279249,2787.306548,0.000325,0.000261,0,0.000122,0,23,0,0.002127
28159,Winston County,,MS,959,19409,20368,2,3,5,218,332,550,8,0.227191,0.234955,35.271316,0.000009,0.00001,0,0.000119,0,23,0.333333,0.000299
28161,Yalobusha County,,MS,942,13143,14085,3,5,8,453,550,1003,8,0.243686,0.25426,46.490421,0.00002,0.000037,238,0.000131,0,23,0.55,0.00046
28163,Yazoo County,,MS,1412,24918,26330,4,4,8,558,619,1177,8,0.25938,0.271015,1.67712,0.000267,0.000161,0,0.00014,0,23,0.833333,0.0017
29001,Adair County,,MO,1855,22699,24554,4,6,10,356,573,929,7,0.292188,0.30643,14125.456736,0.000001,0.001065,109,0.000294,0,23,0.190476,0.000416
29003,Andrew County,,MO,1658,20709,22367,3,1,4,1021,920,1941,8,0.221664,0.228135,0,0.000015,0.000012,109,0.000127,0,23,0.666667,0.000408
29005,Atchison County,,MO,221,6503,6724,0,0,0,0,0,0,0,0,0,0,0,0,102,0.000052,95,154,0,0
29007,Audrain County,,MO,1584,26914,28498,4,2,6,699,545,1244,8,0.257482,0.268361,19.471207,0.000154,0.000067,109,0.000196,0,23,0.25,0.00098
29009,Barry County,,MO,2996,35284,38280,11,10,21,1871,1883,3754,7,0.272478,0.285869,255.933237,0.000944,0.000373,109,0.000332,0,23,0.469697,0.006771
29011,Barton County,,MO,839,13511,14350,2,3,5,183,316,499,8,0.226469,0.234873,2.602814,0.000029,0.000024,205,0.000106,0,23,0.5,0.000439
29013,Bates County,,MO,1319,17546,18865,5,5,10,751,675,1426,7,0.284413,0.297752,1559.158728,0.000512,0.000878,109,0.000188,0,23,0.433333,0.003552
29015,Benton County,,MO,1417,19069,20486,3,4,7,483,570,1053,8,0.278764,0.291914,0.840909,0.000506,0.000451,109,0.000112,0,23,0.666667,0.003266
29017,Bollinger County,,MO,764,12638,13402,2,3,5,311,391,702,8,0.225075,0.232212,17.187456,0.00001,0.00001,109,0.000137,0,23,0.333333,0.000317
29019,Boone County,,MO,13431,173427,186858,33,37,70,5534,6886,12420,7,0.346682,0.374928,72603.033713,0.00682,0.016184,109,0.001047,0,23,0.267442,0.046358
29021,Buchanan County,,MO,6264,94712,100976,12,12,24,2701,3018,5719,7,0.284763,0.299311,21873.345467,0.001265,0.001031,109,0.000447,0,23,0.217949,0.008347
29023,Butler County,,MO,2745,43622,46367,8,8,16,1374,1158,2532,7,0.290296,0.305006,18902.890349,0.000016,0.000721,109,0.000448,0,23,0.177778,0.000978
29025,Caldwell County,,MO,721,9717,10438,2,3,5,197,306,503,8,0.258295,0.269249,0,0.000139,0.0001,109,0.000104,0,23,1,0.000888
29027,Callaway County,,MO,3469,47204,50673,4,4,8,1738,1823,3561,8,0.261553,0.273711,24.35107,0.000434,0.000237,109,0.0002,0,23,0.666667,0.002114
29029,Camden County,,MO,4113,46311,50424,13,12,25,2233,1910,4143,7,0.299687,0.317309,896.628368,0.002488,0.002847,109,0.000351,0,23,0.428571,0.014931
29031,Cape Girardeau County,,MO,5018,85401,90419,13,11,24,2345,2106,4451,7,0.289841,0.304622,41366.702299,0.001054,0.001094,109,0.000522,0,23,0.228571,0.007355
29033,Carroll County,,MO,399,10613,11012,0,0,0,0,0,0,0,0,0,0,0,0,103,0.000052,96,155,0,0
29035,Carter County,,MO,409,6303,6712,1,1,2,82,120,202,8,0.225002,0.231571,0,0.000007,0,109,0.0001,0,23,0,0.000127
29037,Cass County,,MO,8220,117161,125381,9,11,20,5297,5395,10692,7,0.286082,0.300888,107.942097,0.001404,0.001185,109,0.000252,0,23,0.490909,0.008952
29039,Cedar County,,MO,1100,13881,14981,4,3,7,431,365,796,8,0.262814,0.274667,301.610344,0.000194,0.000133,109,0.000194,0,23,0.25,0.001437
29041,Chariton County,,MO,418,8972,9390,1,2,3,93,164,257,9,0.205032,0.210891,8328,0,0.000001,109,0.000171,0,23,0,0.000106
29043,Christian County,,MO,7943,89320,97263,13,11,24,5653,4987,10640,7,0.286347,0.301338,1132.709514,0.001113,0.001022,109,0.000429,0,23,0.313187,0.008012
29045,Clark County,,MO,306,7706,8012,1,1,2,114,120,234,8,0.215243,0.221372,0,0.000003,0,43,0.000073,0,23,0,0.00011
29047,Clay County,,MO,20749,269613,290362,29,33,62,15022,14330,29352,7,0.348071,0.375894,17432.615699,0.009454,0.014534,109,0.000701,0,23,0.394026,0.064935
29049,Clinton County,,MO,2168,23102,25270,8,7,15,1627,1460,3087,8,0.278904,0.292574,3916.43247,0.000705,0.000575,109,0.000282,0,23,0.410714,0.004806
29051,Cole County,,MO,5680,88351,94031,14,15,29,2953,3109,6062,7,0.318145,0.338888,9375.815088,0.00333,0.002857,109,0.000421,0,23,0.338235,0.020478
29053,Cooper County,,MO,1297,18386,19683,3,3,6,553,470,1023,8,0.257529,0.268601,2.506746,0.000156,0.000066,109,0.000178,0,23,0.5,0.00085
29055,Crawford County,,MO,1794,25511,27305,4,5,9,904,985,1889,7,0.288667,0.302019,0.935256,0.000713,0.00077,109,0.000137,0,23,0.85,0.004572
29057,Dade County,,MO,451,8105,8556,1,1,2,166,137,303,8,0.262715,0.274187,0,0.000191,0.000126,109,0.000075,0,23,0,0.001064
29059,Dallas County,,MO,1305,16655,17960,5,4,9,704,661,1365,8,0.26279,0.274727,2.666667,0.000201,0.000133,109,0.000217,0,23,0.6,0.001564
29061,Daviess County,,MO,616,9359,9975,0,1,1,0,64,64,9,0.218142,0.224494,0,0,0.000006,109,0.000052,0,156,0,0
29063,DeKalb County,,MO,831,10176,11007,2,4,6,384,519,903,8,0.25844,0.269728,1.583333,0.000015,0.000105,109,0.000118,0,23,0.666667,0.000358
29065,Dent County,,MO,791,15542,16333,1,1,2,129,142,271,8,0.227321,0.234188,0,0.000013,0.000012,109,0.000076,0,23,0,0.00019
29067,Douglas County,,MO,903,12870,13773,4,4,8,421,449,870,8,0.262914,0.274937,1945.917886,0.000202,0.000139,109,0.00017,0,23,0.416667,0.001491
29069,Dunklin County,,MO,1977,29966,31943,8,8,16,938,1300,2238,8,0.238951,0.249679,2465.230619,0.000052,0.000028,238,0.000363,0,23,0.321429,0.001144
29071,Franklin County,,MO,5769,122266,128035,11,12,23,4085,3688,7773,7,0.290235,0.30554,161.058796,0.001529,0.001272,109,0.00032,0,23,0.5,0.009311
29073,Gasconade County,,MO,1059,17320,18379,3,4,7,443,526,969,7,0.288667,0.301899,887.196714,0.000673,0.000629,109,0.000167,0,23,0.416667,0.004266
29075,Gentry County,,MO,464,7402,7866,0,2,2,0,230,230,8,0.22177,0.228511,0,0,0.000012,109,0.000052,0,158,0,0
29077,Greene County,,MO,22434,301407,323841,54,54,108,13568,14032,27600,7,0.356282,0.387517,105743.459418,0.013736,0.020751,109,0.001463,0,23,0.24071,0.097392
29079,Grundy County,,MO,616,10943,11559,1,1,2,75,96,171,12,0.126999,0.128667,0,0,0.000005,109,0.000206,0,23,0,0.000132
29081,Harrison County,,MO,492,9450,9942,1,0,1,86,0,86,0,0,0,0,0,0,109,0.000074,0,157,0,0.000099
29083,Henry County,,MO,1867,23252,25119,7,8,15,873,957,1830,8,0.280226,0.294511,3856.124643,0.000543,0.000583,109,0.000206,0,23,0.428571,0.00387
29085,Hickory County,,MO,665,8684,9349,2,3,5,190,271,461,8,0.262765,0.274547,0,0.000192,0.00013,109,0.000116,0,23,1,0.00119
29087,Holt County,,MO,257,5461,5718,1,0,1,78,0,78,0,0,0,0,0.000009,0,109,0.000084,0,0,0,0.000198
29089,Howard County,,MO,687,11004,11691,3,2,5,351,363,714,8,0.257482,0.268361,2.5,0.00015,0.000064,109,0.000189,0,23,0.666667,0.000809
29091,Howell County,,MO,2335,41306,43641,5,6,11,735,873,1608,8,0.263063,0.275506,13081.120263,0.000193,0.000139,109,0.000283,0,23,0.133333,0.001507
29093,Iron County,,MO,713,9794,10507,3,2,5,375,315,690,8,0.22433,0.230875,0.75,0.000016,0.000019,109,0.000171,0,23,0.666667,0.000447
29095,Jackson County,,MO,48288,746038,794326,94,98,192,33732,36442,70174,7,0.386026,0.422787,125802.722788,0.045281,0.0537,109,0.001916,0,23,0.35759,0.313102
29097,Jasper County,,MO,8579,124742,133321,18,19,37,4958,5053,10011,7,0.292619,0.311402,7265.889009,0.001645,0.002426,205,0.000528,0,23,0.314286,0.011802
29099,Jefferson County,,MO,14063,260535,274598,16,17,33,10953,10074,21027,7,0.307616,0.32737,860.339006,0.001929,0.002935,109,0.000453,0,23,0.393382,0.01183
29101,Johnson County,,MO,6387,52531,58918,7,9,16,1705,2248,3953,7,0.303683,0.321202,153.366694,0.001139,0.00207,109,0.000206,0,23,0.527778,0.007462
29103,Knox County,,MO,242,4505,4747,0,1,1,0,65,65,8,0.226182,0.232611,0,0,0,109,0.000052,0,159,0,0
29105,Laclede County,,MO,2247,38054,40301,6,6,12,925,994,1919,8,0.282735,0.29697,131.559944,0.000297,0.000643,109,0.000221,0,23,0.47619,0.002285
29107,Lafayette County,,MO,2333,36585,38918,7,5,12,1591,1318,2909,8,0.27868,0.291854,5.316667,0.000673,0.000527,109,0.000224,0,23,0.571429,0.004515
29109,Lawrence County,,MO,3358,40908,44266,6,6,12,1917,2038,3955,8,0.263138,0.275674,4.260365,0.000239,0.000167,109,0.00021,0,23,0.8,0.001974
29111,Lewis County,,MO,613,10731,11344,2,2,4,251,189,440,8,0.240232,0.248579,0,0.000017,0.000012,109,0.000129,0,23,1,0.000309
29113,Lincoln County,,MO,4088,61362,65450,5,6,11,2542,2646,5188,7,0.288607,0.302019,62.78356,0.000954,0.001048,109,0.000176,0,23,0.7,0.005604
29115,Linn County,,MO,731,13957,14688,2,2,4,145,167,312,10,0.170198,0.173839,8393,0,0.000005,109,0.000279,0,23,0,0.000234
29117,Livingston County,,MO,837,15529,16366,3,2,5,230,137,367,11,0.145467,0.14797,11291,0.000494,0,109,0.000363,0,23,0,0.003168
29119,McDonald County,,MO,2275,22936,25211,5,6,11,1206,1381,2587,7,0.269963,0.282366,3.766298,0.000287,0.000381,205,0.000167,0,23,0.8,0.0023
29121,Macon County,,MO,935,17605,18540,3,4,7,331,347,678,8,0.257673,0.269021,11350,0.000159,0.000064,109,0.000181,0,23,0.25,0.000807
29123,Madison County,,MO,826,12606,13432,2,2,4,217,357,574,8,0.22433,0.230875,5.532872,0.00001,0.000012,109,0.000121,0,23,0.333333,0.000298
29125,Maries County,,MO,650,9415,10065,5,2,7,450,261,711,8,0.227358,0.234428,11.082155,0.000121,0.000018,109,0.000182,0,23,0.3,0.001334
29127,Marion County,,MO,1992,31740,33732,4,5,9,748,927,1675,8,0.240669,0.249749,5654.547323,0.000018,0.000022,109,0.000255,0,23,0.1,0.000515
29129,Mercer County,,MO,287,3854,4141,0,0,0,0,0,0,0,0,0,0,0,0,104,0.000052,97,160,0,0
29131,Miller County,,MO,1956,25148,27104,4,4,8,951,928,1879,8,0.25784,0.269291,6.054081,0.000206,0.000121,109,0.000164,0,23,0.75,0.001289
29133,Mississippi County,,MO,762,12635,13397,2,3,5,317,425,742,8,0.225038,0.232122,0,0.000006,0.00001,109,0.000107,0,23,0.833333,0.000227
29135,Moniteau County,,MO,1023,17199,18222,4,3,7,549,416,965,8,0.257577,0.268721,8.696939,0.00018,0.000099,109,0.000189,0,23,0.416667,0.001146
29137,Monroe County,,MO,529,9721,10250,2,3,5,155,277,432,8,0.257744,0.268991,524.11293,0.000149,0.000064,109,0.00012,0,23,0.333333,0.000691
29139,Montgomery County,,MO,703,12973,13676,3,3,6,327,288,615,8,0.260011,0.271534,18.9911,0.000414,0.000153,109,0.000119,0,23,0.5,0.001852
29141,Morgan County,,MO,1604,20925,22529,6,5,11,732,747,1479,8,0.278792,0.292094,230.309061,0.000555,0.00045,109,0.000227,0,23,0.5,0.003921
29143,New Madrid County,,MO,1406,17905,19311,4,6,10,769,979,1748,8,0.22555,0.233448,144.319569,0.000006,0.000011,109,0.000193,0,23,0.433333,0.000473
29145,Newton County,,MO,5744,60942,66686,9,11,20,3486,3861,7347,7,0.286377,0.302406,1969.890147,0.000468,0.001262,205,0.000289,0,23,0.439394,0.003665
29147,Nodaway County,,MO,1358,21368,22726,1,4,5,67,360,427,8,0.27882,0.292034,0,0.000009,0.000516,109,0.000084,0,23,0.666667,0.000198
29149,Oregon County,,MO,655,10153,10808,2,2,4,213,261,474,9,0.208571,0.214952,37.17657,0.000001,0.000002,109,0.000147,0,23,0,0.000237
29151,Osage County,,MO,632,15832,16464,1,2,3,201,321,522,8,0.241463,0.250223,0,0.000026,0.000032,109,0.000076,0,23,0.5,0.000307
29153,Ozark County,,MO,647,9451,10098,2,3,5,211,266,477,8,0.214561,0.221354,14.583333,0.000003,0.000005,109,0.000128,0,23,0,0.000246
29155,Pemiscot County,,MO,1119,17267,18386,3,2,5,458,377,835,8,0.23513,0.24378,26.004392,0.000021,0.00001,238,0.000149,0,23,0.666667,0.000416
29157,Perry County,,MO,1066,22469,23535,4,3,7,471,363,834,8,0.224893,0.23202,16.155355,0.000033,0.000028,109,0.00018,0,23,0.25,0.000651
29159,Pettis County,,MO,3050,46564,49614,8,10,18,1280,1504,2784,8,0.280821,0.295735,219.429243,0.000707,0.000645,109,0.000253,0,23,0.354545,0.004594
29161,Phelps County,,MO,3262,43110,46372,9,12,21,1172,1380,2552,7,0.294167,0.309938,8007.516314,0.001292,0.00146,109,0.000338,0,23,0.423077,0.008277
29163,Pike County,,MO,917,18541,19458,4,3,7,381,325,706,8,0.260011,0.271534,496.645996,0.000929,0.000152,109,0.000152,0,23,0.3,0.005321
29165,Platte County,,MO,11958,107273,119231,16,16,32,8199,7855,16054,7,0.337544,0.361974,2546.755596,0.005616,0.006537,109,0.000376,0,23,0.563158,0.036358
29167,Polk County,,MO,2372,30346,32718,5,5,10,1165,1182,2347,8,0.262839,0.274967,6.483333,0.000204,0.000142,109,0.000242,0,23,0.45,0.001625
29169,Pulaski County,,MO,9678,44480,54158,20,23,43,2958,3309,6267,7,0.324233,0.348667,5581.787324,0.00791,0.008214,109,0.000389,0,23,0.431624,0.053071
29171,Putnam County,,MO,283,5253,5536,0,0,0,0,0,0,0,0,0,0,0,0,105,0.000052,98,161,0,0
29173,Ralls County,,MO,762,11641,12403,1,1,2,477,340,817,9,0.193997,0.198601,0,0,0,109,0.000096,0,23,0,0.000113
29175,Randolph County,,MO,1593,25550,27143,4,3,7,631,533,1164,8,0.257601,0.268721,11111,0.00015,0.000066,109,0.000221,0,23,0.3,0.000904
29177,Ray County,,MO,1845,25991,27836,6,4,10,1155,1057,2212,8,0.27868,0.291734,41.575639,0.000699,0.000517,109,0.000209,0,23,0.666667,0.004564
29179,Reynolds County,,MO,305,6237,6542,0,0,0,0,0,0,0,0,0,0,0,0,106,0.000052,99,162,0,0
29181,Ripley County,,MO,924,13415,14339,1,1,2,314,363,677,8,0.225002,0.231571,0,0.000007,0,109,0.0001,0,23,0,0.000127
29183,St. Charles County,,MO,23460,459706,483166,37,44,81,19644,15472,35116,7,0.351194,0.381046,22218.906918,0.015448,0.027997,109,0.000853,0,23,0.444314,0.108259
29185,St. Clair County,,MO,602,9115,9717,1,3,4,92,245,337,8,0.222516,0.229463,0.777778,0.000005,0.000011,109,0.000074,0,23,0.333333,0.000149
29186,Ste. Genevieve County,,MO,1113,20789,21902,4,4,8,794,733,1527,7,0.288547,0.30166,1200.251359,0.000698,0.000614,109,0.000171,0,23,0.666667,0.004483
29187,St. Francois County,,MO,3740,63872,67612,10,11,21,2361,2260,4621,7,0.289148,0.303519,11313.129596,0.001312,0.001068,109,0.000392,0,23,0.4,0.008097
29189,St. Louis County,,MO,72918,1195877,1268795,120,125,245,54396,57805,112201,6,0.405161,0.443625,166110.441604,0.063394,0.071794,109,0.002219,0,23,0.37296,0.424581
29195,Saline County,,MO,1417,24779,26196,4,4,8,320,505,825,8,0.279212,0.292598,8.668257,0.000654,0.000492,109,0.000152,0,23,0.75,0.00385
29197,Schuyler County,,MO,200,4433,4633,1,1,2,125,105,230,8,0.226137,0.232515,0,0.00001,0,109,0.000094,0,23,0,0.000112
29199,Scotland County,,MO,242,5539,5781,0,0,0,0,0,0,0,0,0,0,0,0,107,0.000052,100,163,0,0
29201,Scott County,,MO,3100,42868,45968,4,6,10,1560,1854,3414,7,0.289148,0.302859,5720.690068,0.00001,0.000594,109,0.000195,0,23,0.5,0.000535
29203,Shannon County,,MO,405,8076,8481,1,1,2,120,115,235,9,0.20829,0.214244,0,0.000001,0.000002,109,0.000092,0,23,0,0.000124
29205,Shelby County,,MO,236,7576,7812,1,0,1,66,0,66,0,0,0,0,0.000001,0,109,0.000091,0,18,0,0.000113
29207,Stoddard County,,MO,1742,31707,33449,7,6,13,1005,818,1823,8,0.226119,0.234467,727.081687,0.000023,0.000011,109,0.000315,0,23,0.380952,0.000885
29209,Stone County,,MO,3040,32567,35607,5,6,11,1518,1668,3186,8,0.263013,0.275416,11.099682,0.000216,0.000158,109,0.000196,0,23,0.666667,0.001738
29211,Sullivan County,,MO,588,7283,7871,1,1,2,61,68,129,8,0.226137,0.232515,0,0.00001,0,109,0.000094,0,23,0,0.000112
29213,Taney County,,MO,5347,54102,59449,7,7,14,1702,1875,3577,7,0.286672,0.301248,397.795866,0.000708,0.001198,109,0.000247,0,23,0.541667,0.004822
29215,Texas County,,MO,1680,23838,25518,5,5,10,713,700,1413,8,0.266494,0.279309,73.591003,0.000283,0.000215,109,0.000179,0,23,0.5,0.002092
29217,Vernon County,,MO,1201,21489,22690,6,4,10,508,428,936,8,0.263138,0.275404,1225.124514,0.000526,0.000148,109,0.000268,0,23,0.285714,0.003681
29219,Warren County,,MO,2667,37312,39979,6,6,12,2110,1850,3960,7,0.288607,0.302019,92.000782,0.000968,0.00077,109,0.000188,0,23,0.666667,0.005773
29221,Washington County,,MO,1444,23304,24748,5,5,10,922,935,1857,7,0.288577,0.301839,2023.414493,0.00071,0.000628,109,0.000215,0,23,0.7,0.004683
29223,Wayne County,,MO,872,11536,12408,1,2,3,218,324,542,8,0.225111,0.23199,0,0.000007,0,109,0.0001,0,23,1,0.000127
29225,Webster County,,MO,3095,39213,42308,5,5,10,2114,1966,4080,8,0.262814,0.274907,3.166667,0.000209,0.000143,109,0.000211,0,23,0.6,0.001644
29227,Worth County,,MO,88,2370,2458,0,0,0,0,0,0,0,0,0,0,0,0,108,0.000052,101,164,0,0
29229,Wright County,,MO,1477,17687,19164,4,6,10,666,878,1544,8,0.262864,0.275147,4.5,0.000196,0.000146,109,0.000178,0,23,0.533333,0.001441
29510,St. Louis city,,MO,37569,299160,336729,51,54,105,26673,31419,58092,6,0.378404,0.409548,30448.964937,0.031184,0.037252,109,0.000932,0,23,0.570192,0.208278
30001,Beaverhead County,,MT,700,10273,10973,0,1,1,0,61,61,9,0.202358,0.208594,0,0,0.000004,174,0.000052,0,165,0,0
30003,Big Horn County,,MT,697,12491,13188,2,1,3,315,260,575,8,0.252224,0.263089,0,0.000142,0.000085,174,0.000115,0,23,1,0.000876
30005,Blaine County,,MT,298,6892,7190,1,1,2,117,76,193,9,0.202006,0.207943,0,0.000002,0.000001,174,0.000082,0,23,0,0.000116
30007,Broadwater County,,MT,414,5977,6391,2,1,3,249,157,406,8,0.242305,0.250937,0,0.000133,0.000025,174,0.000113,0,23,1,0.001211
30009,Carbon County,,MT,958,11447,12405,1,1,2,298,382,680,8,0.252224,0.263089,0,0.000142,0.000085,174,0.000081,0,23,0,0.000768
30011,Carter County,,MT,-2,1404,1402,0,0,0,0,0,0,0,0,0,0,0,0,110,0.000052,102,166,0,0
30013,Cascade County,,MT,7822,95119,102941,14,18,32,1686,2185,3871,7,0.326404,0.349554,22299.319945,0.004373,0.006712,174,0.000472,0,23,0.397368,0.031671
30015,Chouteau County,,MT,329,5670,5999,1,1,2,85,104,189,8,0.246103,0.255425,0,0.000062,0.00004,174,0.000074,0,23,0,0.000405
30017,Custer County,,MT,915,13726,14641,1,1,2,84,162,246,8,0.252224,0.263089,0,0.000142,0.000085,174,0.000081,0,23,0,0.000768
30019,Daniels County,,MT,66,2310,2376,0,0,0,0,0,0,0,0,0,0,0,0,111,0.000052,103,167,0,0
30021,Dawson County,,MT,1015,10536,11551,2,1,3,129,90,219,8,0.252224,0.263089,0,0.000144,0.000085,174,0.000107,0,23,1,0.000883
30023,Deer Lodge County,,MT,605,9626,10231,2,1,3,153,169,322,9,0.202315,0.208489,0,0.000119,0.000004,174,0.000117,0,23,1,0.000897
30025,Fallon County,,MT,161,3691,3852,0,0,0,0,0,0,0,0,0,0,0,0,112,0.000052,104,168,0,0
30027,Fergus County,,MT,852,13788,14640,1,1,2,111,124,235,8,0.252224,0.263089,0,0.000142,0.000085,174,0.000081,0,23,0,0.000768
30029,Flathead County,,MT,5918,111318,117236,21,16,37,2766,2448,5214,7,0.325677,0.348516,13406.19287,0.007909,0.006601,174,0.000633,0,23,0.419048,0.057991
30031,Gallatin County,,MT,8713,109259,117972,24,23,47,3496,3161,6657,7,0.329852,0.354417,19507.449857,0.012339,0.011271,174,0.000703,0,23,0.514245,0.088432
30033,Garfield County,,MT,-2,1450,1448,0,0,0,0,0,0,0,0,0,0,0,0,113,0.000052,105,169,0,0
30035,Glacier County,,MT,744,13792,14536,1,3,4,74,198,272,8,0.250926,0.261926,0,0.000062,0.000202,174,0.000074,0,23,1,0.000405
30037,Golden Valley County,,MT,-2,1059,1057,0,0,0,0,0,0,0,0,0,0,0,0,114,0.000052,106,170,0,0
30039,Granite County,,MT,223,3103,3326,0,0,0,0,0,0,0,0,0,0,0,0,115,0.000052,107,171,0,0
30041,Hill County,,MT,1332,18898,20230,3,5,8,251,508,759,8,0.25312,0.265254,5617,0.000123,0.000223,174,0.000178,0,23,0.6,0.001153
30043,Jefferson County,,MT,979,13119,14098,3,3,6,608,532,1140,8,0.248147,0.258285,0,0.000136,0.000143,174,0.000158,0,23,1,0.001359
30045,Judith Basin County,,MT,107,2341,2448,0,0,0,0,0,0,0,0,0,0,0,0,116,0.000052,108,172,0,0
30047,Lake County,,MT,1978,29992,31970,3,2,5,601,620,1221,8,0.249933,0.260462,0,0.000178,0.000161,174,0.000136,0,23,0.833333,0.001507
30049,Lewis and Clark County,,MT,4902,77894,82796,12,12,24,2144,2110,4254,7,0.319756,0.340678,9085.303147,0.002708,0.003176,174,0.000493,0,23,0.412088,0.02071
30051,Liberty County,,MT,72,2409,2481,0,0,0,0,0,0,0,0,0,0,0,0,117,0.000052,109,173,0,0
30053,Lincoln County,,MT,1391,19598,20989,2,1,3,266,225,491,8,0.24569,0.254934,0,0.000176,0.000073,174,0.000106,0,23,1,0.001394
30055,McCone County,,MT,62,2106,2168,0,0,0,0,0,0,0,0,0,0,0,0,118,0.000052,110,174,0,0
30057,Madison County,,MT,617,8608,9225,1,1,2,98,246,344,8,0.248059,0.257806,0,0.000104,0.000114,174,0.000078,0,23,0,0.000904
30059,Meagher County,,MT,105,1947,2052,0,0,0,0,0,0,0,0,0,0,0,0,119,0.000052,111,175,0,0
30061,Mineral County,,MT,381,4381,4762,1,1,2,117,132,249,8,0.249798,0.260073,0,0.000115,0.000089,174,0.000072,0,23,0,0.000749
30063,Missoula County,,MT,9288,122658,131946,22,28,50,4273,4725,8998,7,0.332934,0.359143,30280.232178,0.009622,0.012532,174,0.000652,0,23,0.393103,0.070009
30065,Musselshell County,,MT,345,4796,5141,1,1,2,113,142,255,8,0.252224,0.263089,0,0.000142,0.000085,174,0.000081,0,23,0,0.000768
30067,Park County,,MT,1380,18915,20295,3,1,4,467,346,813,8,0.248059,0.257806,6.425696,0.000247,0.000114,174,0.000144,0,23,0.666667,0.0018
30069,Petroleum County,,MT,-2,499,497,0,0,0,0,0,0,0,0,0,0,0,0,120,0.000052,112,176,0,0
30071,Phillips County,,MT,192,5003,5195,0,0,0,0,0,0,0,0,0,0,0,0,121,0.000052,113,177,0,0
30073,Pondera County,,MT,454,7252,7706,1,0,1,66,0,66,0,0,0,0,0.000062,0,174,0.000074,0,12,0,0.000405
30075,Powder River County,,MT,51,1900,1951,0,0,0,0,0,0,0,0,0,0,0,0,122,0.000052,114,178,0,0
30077,Powell County,,MT,447,6360,6807,1,1,2,48,54,102,8,0.242326,0.250997,0,0.000115,0.000025,174,0.000072,0,23,1,0.000749
30079,Prairie County,,MT,86,1347,1433,0,0,0,0,0,0,0,0,0,0,0,0,123,0.000052,115,179,0,0
30081,Ravalli County,,MT,3005,46657,49662,2,3,5,933,940,1873,8,0.249955,0.260642,1.166667,0.000145,0.000163,174,0.000107,0,23,0.833333,0.001056
30083,Richland County,,MT,1455,13525,14980,2,4,6,211,335,546,8,0.253697,0.26568,16.566251,0.000161,0.000216,174,0.000126,0,23,0.666667,0.001298
30085,Roosevelt County,,MT,717,10840,11557,0,3,3,0,189,189,8,0.25328,0.264919,0,0,0.000144,174,0.000052,0,180,0.666667,0
30087,Rosebud County,,MT,683,10430,11113,1,2,3,115,206,321,8,0.252247,0.263269,0,0.000142,0.000086,174,0.000081,0,23,1,0.000768
30089,Sanders County,,MT,804,11701,12505,1,1,2,73,108,181,8,0.249798,0.260073,0,0.000115,0.000089,174,0.000072,0,23,0,0.000749
30091,Sheridan County,,MT,326,4769,5095,0,0,0,0,0,0,0,0,0,0,0,0,124,0.000052,116,181,0,0
30093,Silver Bow County,,MT,2356,38106,40462,8,7,15,875,902,1777,8,0.253605,0.266394,5617.319773,0.000453,0.000355,174,0.000372,0,23,0.446429,0.00346
30095,Stillwater County,,MT,893,10614,11507,1,1,2,320,340,660,8,0.252224,0.263089,0,0.000142,0.000085,174,0.000081,0,23,0,0.000768
30097,Sweet Grass County,,MT,271,4072,4343,0,0,0,0,0,0,0,0,0,0,0,0,125,0.000052,117,182,0,0
30099,Teton County,,MT,402,7370,7772,1,1,2,109,99,208,8,0.246103,0.255425,0,0.000062,0.00004,174,0.000074,0,23,0,0.000405
30101,Toole County,,MT,356,5417,5773,0,0,0,0,0,0,0,0,0,0,0,0,126,0.000052,118,183,0,0
30103,Treasure County,,MT,-2,865,863,0,0,0,0,0,0,0,0,0,0,0,0,127,0.000052,119,184,0,0
30105,Valley County,,MT,515,8964,9479,2,1,3,108,62,170,8,0.252224,0.263089,0,0.000143,0.000085,174,0.000095,0,23,0.5,0.000866
30107,Wheatland County,,MT,108,2174,2282,0,0,0,0,0,0,0,0,0,0,0,0,128,0.000052,120,185,0,0
30109,Wibaux County,,MT,65,1180,1245,0,0,0,0,0,0,0,0,0,0,0,0,129,0.000052,121,186,0,0
30111,Yellowstone County,,MT,10821,182770,193591,32,38,70,4851,4887,9738,7,0.337257,0.365543,76576.925345,0.009241,0.015389,174,0.001268,0,23,0.254153,0.069101
31001,Adams County,,NE,2199,35851,38050,6,6,12,790,948,1738,8,0.272933,0.286603,11232,0.000595,0.000456,43,0.000376,0,23,0.4,0.00396
31003,Antelope County,,NE,290,7845,8135,1,1,2,95,74,169,9,0.215226,0.22166,0,0.000005,0.000005,43,0.000098,0,23,0,0.00015
31005,Arthur County,,NE,-2,550,548,0,0,0,0,0,0,0,0,0,0,0,0,130,0.000052,122,187,0,0
31007,Banner County,,NE,66,717,783,0,0,0,0,0,0,0,0,0,0,0,0,131,0.000052,123,188,0,0
31009,Blaine County,,NE,-2,567,565,0,0,0,0,0,0,0,0,0,0,0,0,132,0.000052,124,189,0,0
31011,Boone County,,NE,273,6847,7120,0,0,0,0,0,0,0,0,0,0,0,0,133,0.000052,125,190,0,0
31013,Box Butte County,,NE,770,13615,14385,1,0,1,77,0,77,0,0,0,0,0.000008,0,43,0.000082,0,4,0,0.000151
31015,Boyd County,,NE,-2,2412,2410,0,0,0,0,0,0,0,0,0,0,0,0,134,0.000052,126,191,0,0
31017,Brown County,,NE,140,3497,3637,0,0,0,0,0,0,0,0,0,0,0,0,135,0.000052,127,192,0,0
31019,Buffalo County,,NE,3771,53808,57579,9,10,19,1452,1714,3166,8,0.273147,0.287563,15443.416667,0.000603,0.000481,43,0.000565,0,23,0.344444,0.004347
31021,Burt County,,NE,327,8046,8373,1,1,2,67,55,122,8,0.272237,0.284594,0,0.000405,0.000286,43,0.000073,0,23,0,0.002156
31023,Butler County,,NE,501,10218,10719,2,2,4,187,214,401,8,0.260865,0.272192,0,0.000163,0.000164,43,0.000122,0,23,1,0.00143
31025,Cass County,,NE,2110,31184,33294,4,5,9,1459,1320,2779,8,0.274009,0.287311,0.5,0.000689,0.000551,43,0.000169,0,23,0.9,0.004313
31027,Cedar County,,NE,461,10660,11121,0,1,1,0,62,62,9,0.203887,0.209252,0,0,0.000001,43,0.000052,0,193,0,0
31029,Chase County,,NE,230,4768,4998,0,0,0,0,0,0,0,0,0,0,0,0,136,0.000052,128,194,0,0
31031,Cherry County,,NE,292,7008,7300,0,0,0,0,0,0,0,0,0,0,0,0,137,0.000052,129,195,0,0
31033,Cheyenne County,,NE,760,12212,12972,0,0,0,0,0,0,0,0,0,0,0,0,138,0.000052,130,196,0,0
31035,Clay County,,NE,358,7635,7993,1,1,2,116,167,283,9,0.214429,0.220806,0,0.000004,0.000005,43,0.000105,0,23,0,0.000147
31037,Colfax County,,NE,1078,13281,14359,3,3,6,432,427,859,8,0.272398,0.285194,0.916667,0.000415,0.000308,43,0.000147,0,23,0.833333,0.002519
31039,Cuming County,,NE,401,11492,11893,1,0,1,59,0,59,0,0,0,0,0.000005,0,43,0.000086,0,2,0,0.000157
31041,Custer County,,NE,743,13206,13949,2,1,3,126,83,209,9,0.214561,0.221166,0,0.000009,0.000006,43,0.000138,0,23,1,0.000306
31043,Dakota County,,NE,2358,25180,27538,2,6,8,812,1283,2095,8,0.272852,0.286309,5617,0.000021,0.000307,43,0.000145,0,23,0.266667,0.000358
31045,Dawes County,,NE,747,8713,9460,0,1,1,0,62,62,8,0.252246,0.262221,0,0,0.000067,43,0.000052,0,197,0,0
31047,Dawson County,,NE,2100,29578,31678,6,7,13,656,782,1438,8,0.272959,0.286783,7034.5,0.000599,0.000461,43,0.000311,0,23,0.5,0.004001
31049,Deuel County,,NE,186,2103,2289,0,0,0,0,0,0,0,0,0,0,0,0,139,0.000052,131,198,0,0
31051,Dixon County,,NE,418,7154,7572,1,1,2,79,80,159,9,0.214379,0.220664,0,0.000003,0,43,0.000073,0,23,0,0.000107
31053,Dodge County,,NE,2676,43704,46380,7,7,14,1269,1484,2753,8,0.274063,0.287671,2862.206639,0.0007,0.000551,43,0.000283,0,23,0.428571,0.004777
31055,Douglas County,,NE,40303,636213,676516,76,84,160,23282,25358,48640,7,0.374024,0.409401,164761.108536,0.031092,0.044013,43,0.002081,0,23,0.335481,0.221891
31057,Dundy County,,NE,78,2157,2235,0,0,0,0,0,0,0,0,0,0,0,0,140,0.000052,132,199,0,0
31059,Fillmore County,,NE,338,7045,7383,1,1,2,69,59,128,8,0.260792,0.271893,0,0.000001,0.000149,43,0.000096,0,23,1,0.000118
31061,Franklin County,,NE,210,3661,3871,0,0,0,0,0,0,0,0,0,0,0,0,141,0.000052,133,200,0,0
31063,Frontier County,,NE,207,2920,3127,0,0,0,0,0,0,0,0,0,0,0,0,142,0.000052,134,201,0,0
31065,Furnas County,,NE,260,5740,6000,0,0,0,0,0,0,0,0,0,0,0,0,143,0.000052,135,202,0,0
31067,Gage County,,NE,1363,25736,27099,3,3,6,596,525,1121,8,0.272665,0.285644,2884.569591,0.000162,0.000435,43,0.000159,0,23,0.416667,0.001436
31069,Garden County,,NE,91,2154,2245,0,0,0,0,0,0,0,0,0,0,0,0,144,0.000052,136,203,0,0
31071,Garfield County,,NE,101,2086,2187,0,0,0,0,0,0,0,0,0,0,0,0,145,0.000052,137,204,0,0
31073,Gosper County,,NE,184,2394,2578,1,1,2,74,81,155,9,0.214446,0.220866,0,0.000004,0.000006,43,0.00009,0,23,0,0.000148
31075,Grant County,,NE,-2,822,820,0,0,0,0,0,0,0,0,0,0,0,0,146,0.000052,138,205,0,0
31077,Greeley County,,NE,157,2882,3039,0,0,0,0,0,0,0,0,0,0,0,0,147,0.000052,139,206,0,0
31079,Hall County,,NE,4770,71886,76656,11,10,21,2025,2117,4142,7,0.318547,0.338243,13589.720411,0.001631,0.002813,43,0.000533,0,23,0.310606,0.011139
31081,Hamilton County,,NE,711,11618,12329,2,3,5,294,405,699,8,0.262096,0.273476,4.025954,0.000185,0.000165,43,0.000128,0,23,0.666667,0.001441
31083,Harlan County,,NE,165,3997,4162,0,0,0,0,0,0,0,0,0,0,0,0,148,0.000052,140,207,0,0
31085,Hayes County,,NE,69,1130,1199,0,0,0,0,0,0,0,0,0,0,0,0,149,0.000052,141,208,0,0
31087,Hitchcock County,,NE,130,3410,3540,1,0,1,80,0,80,0,0,0,0,0,0,160,0.000097,142,209,0,0.000099
31089,Holt County,,NE,589,13000,13589,0,0,0,0,0,0,0,0,0,0,0,0,150,0.000052,143,210,0,0
31091,Hooker County,,NE,-2,912,910,0,0,0,0,0,0,0,0,0,0,0,0,151,0.000052,144,211,0,0
31093,Howard County,,NE,359,7674,8033,1,1,2,227,155,382,8,0.24161,0.249783,0,0.000026,0.000015,43,0.000097,0,23,0,0.000219
31095,Jefferson County,,NE,471,8732,9203,1,2,3,97,201,298,8,0.260817,0.272072,0,0.000004,0.00015,43,0.000097,0,23,1,0.000118
31097,Johnson County,,NE,246,5200,5446,1,1,2,63,71,134,8,0.260768,0.271833,0,0.000159,0.000149,43,0.000082,0,23,0,0.001222
31099,Kearney County,,NE,476,7853,8329,1,1,2,231,200,431,9,0.214561,0.221166,0,0.000004,0.000006,43,0.0001,0,23,0,0.000158
31101,Keith County,,NE,597,9608,10205,1,1,2,74,61,135,9,0.214429,0.220806,0,0.000004,0.000005,43,0.00009,0,23,0,0.000143
31103,Keya Paha County,,NE,-2,1010,1008,0,0,0,0,0,0,0,0,0,0,0,0,152,0.000052,145,212,0,0
31105,Kimball County,,NE,293,4132,4425,0,0,0,0,0,0,0,0,0,0,0,0,153,0.000052,146,213,0,0
31107,Knox County,,NE,419,10037,10456,0,1,1,0,57,57,9,0.203887,0.209252,0,0,0.000001,43,0.000052,0,214,0,0
31109,Lancaster County,,NE,16289,339657,355946,45,42,87,8501,8814,17315,7,0.35271,0.382233,92240.850865,0.01617,0.017266,43,0.001489,0,23,0.256378,0.119164
31111,Lincoln County,,NE,2301,41994,44295,5,6,11,474,564,1038,8,0.272933,0.286603,5617,0.000573,0.000461,43,0.000265,0,23,0.666667,0.003786
31113,Logan County,,NE,65,942,1007,0,0,0,0,0,0,0,0,0,0,0,0,154,0.000052,147,215,0,0
31115,Loup County,,NE,-2,673,671,0,0,0,0,0,0,0,0,0,0,0,0,155,0.000052,148,216,0,0
31117,McPherson County,,NE,-2,553,551,0,0,0,0,0,0,0,0,0,0,0,0,156,0.000052,149,217,0,0
31119,Madison County,,NE,2971,41803,44774,7,8,15,1025,1388,2413,8,0.274225,0.28815,19690.714114,0.000571,0.000551,43,0.000436,0,23,0.196429,0.003995
31121,Merrick County,,NE,621,9060,9681,1,1,2,208,226,434,8,0.24161,0.249783,0,0.000026,0.000015,43,0.000097,0,23,0,0.000219
31123,Morrill County,,NE,343,5494,5837,1,1,2,131,116,247,9,0.215426,0.222161,0,0.000008,0.000005,43,0.000082,0,23,0,0.000151
31125,Nance County,,NE,187,4114,4301,1,0,1,63,0,63,0,0,0,0,0.000004,0,43,0.000092,0,1,0,0.000207
31127,Nemaha County,,NE,428,7701,8129,1,1,2,70,85,155,9,0.215093,0.22133,0,0.000005,0.000006,43,0.000092,0,23,0,0.000148
31129,Nuckolls County,,NE,269,5346,5615,0,0,0,0,0,0,0,0,0,0,0,0,157,0.000052,150,218,0,0
31131,Otoe County,,NE,1204,18887,20091,5,5,10,613,632,1245,8,0.274009,0.287311,5617,0.000689,0.000542,43,0.000236,0,23,0.6,0.004412
31133,Pawnee County,,NE,123,3203,3326,0,0,0,0,0,0,0,0,0,0,0,0,158,0.000052,151,219,0,0
31135,Perkins County,,NE,139,3573,3712,0,0,0,0,0,0,0,0,0,0,0,0,159,0.000052,152,220,0,0
31137,Phelps County,,NE,632,11175,11807,1,1,2,137,163,300,9,0.214561,0.221166,0,0.000004,0.000006,43,0.0001,0,23,0,0.000158
31139,Pierce County,,NE,388,8900,9288,1,1,2,177,148,325,9,0.215226,0.22166,0,0.000005,0.000005,43,0.000098,0,23,0,0.00015
31141,Platte County,,NE,2538,41840,44378,8,9,17,1162,1273,2435,8,0.273067,0.287263,8708.655254,0.001622,0.000467,43,0.000418,0,23,0.263636,0.010671
31143,Polk County,,NE,347,6579,6926,2,1,3,116,89,205,9,0.214512,0.221046,1.25,0.000006,0.000015,43,0.000135,0,23,0,0.000326
31145,Red Willow County,,NE,748,12664,13412,0,1,1,0,80,80,1,1,1,0,0,0,160,0.000052,142,221,0,0
31147,Richardson County,,NE,392,9581,9973,0,1,1,0,80,80,8,0.260812,0.271915,0,0,0.000149,43,0.000052,0,222,0,0
31149,Rock County,,NE,72,1645,1717,0,0,0,0,0,0,0,0,0,0,0,0,161,0.000052,153,223,0,0
31151,Saline County,,NE,1145,16872,18017,1,2,3,309,445,754,8,0.260817,0.272072,0,0.000159,0.00015,43,0.000082,0,23,1,0.001222
31153,Sarpy County,,NE,19492,203450,222942,25,22,47,13295,11753,25048,7,0.348158,0.374053,11943.433553,0.010899,0.013028,43,0.000664,0,23,0.447581,0.074202
31155,Saunders County,,NE,1585,25193,26778,4,4,8,1065,1047,2112,8,0.273982,0.287131,0,0.000689,0.000542,43,0.000163,0,23,1,0.004322
31157,Scotts Bluff County,,NE,2577,41760,44337,5,7,12,394,713,1107,8,0.27455,0.289146,8728.035785,0.000524,0.000881,43,0.000245,0,23,0.214286,0.004782
31159,Seward County,,NE,1106,19658,20764,1,2,3,476,561,1037,8,0.260841,0.272132,0,0.000159,0.00015,43,0.000082,0,23,1,0.001222
31161,Sheridan County,,NE,388,5931,6319,0,0,0,0,0,0,0,0,0,0,0,0,162,0.000052,154,224,0,0
31163,Sherman County,,NE,157,3630,3787,0,0,0,0,0,0,0,0,0,0,0,0,163,0.000052,155,225,0,0
31165,Sioux County,,NE,51,1388,1439,0,0,0,0,0,0,0,0,0,0,0,0,164,0.000052,156,226,0,0
31167,Stanton County,,NE,589,6964,7553,1,1,2,277,331,608,9,0.215226,0.22166,0,0.000005,0.000005,43,0.000098,0,23,0,0.00015
31169,Thayer County,,NE,238,6381,6619,0,0,0,0,0,0,0,0,0,0,0,0,165,0.000052,157,227,0,0
31171,Thomas County,,NE,-2,796,794,0,0,0,0,0,0,0,0,0,0,0,0,166,0.000052,158,228,0,0
31173,Thurston County,,NE,300,7066,7366,2,0,2,186,0,186,0,0,0,0,0.000024,0,43,0.000104,0,10,1,0.000363
31175,Valley County,,NE,221,5065,5286,0,0,0,0,0,0,0,0,0,0,0,0,167,0.000052,159,229,0,0
31177,Washington County,,NE,1486,24618,26104,3,3,6,890,761,1651,8,0.273604,0.286321,0,0.00053,0.000393,43,0.000133,0,23,1,0.003099
31179,Wayne County,,NE,626,9355,9981,1,2,3,99,143,242,8,0.272371,0.285014,0,0.000005,0.000292,43,0.000098,0,23,1,0.00015
31181,Webster County,,NE,227,4056,4283,1,1,2,95,91,186,9,0.214429,0.220806,0,0.000004,0.000005,43,0.000105,0,23,0,0.000147
31183,Wheeler County,,NE,65,963,1028,0,0,0,0,0,0,0,0,0,0,0,0,168,0.000052,160,230,0,0
31185,York County,,NE,976,16505,17481,3,3,6,254,254,508,8,0.260865,0.272312,3088.620173,0.000162,0.000149,43,0.000153,0,23,0.25,0.00145
32001,Churchill County,,NV,2738,26028,28766,5,4,9,760,794,1554,7,0.312212,0.331295,2.681327,0.003407,0.002897,9,0.000133,0,23,0.8,0.023543
32003,Clark County,,NV,109115,2301203,2410318,334,294,628,115269,94494,209763,6,0.436675,0.492113,227998.484424,0.13016,0.116698,9,0.005165,0,23,0.161158,0.833026
32005,Douglas County,,NV,4696,58393,63089,16,11,27,3265,2840,6105,7,0.321012,0.341251,6.802261,0.009699,0.006961,9,0.000293,0,23,0.8,0.067137
32007,Elko County,,NV,5266,60023,65289,13,13,26,1732,1994,3726,7,0.321086,0.341997,6190.161084,0.003932,0.004447,9,0.000349,0,23,0.380952,0.029464
32009,Esmeralda County,,NV,129,905,1034,0,0,0,0,0,0,0,0,0,0,0,0,169,0.000052,161,231,0,0
32011,Eureka County,,NV,271,1938,2209,0,0,0,0,0,0,0,0,0,0,0,0,170,0.000052,162,232,0,0
32013,Humboldt County,,NV,1882,20398,22280,5,4,9,593,540,1133,8,0.259647,0.272913,85.101579,0.000479,0.000436,9,0.000195,0,23,0.5,0.003647
32015,Lander County,,NV,604,6782,7386,1,2,3,98,169,267,8,0.243111,0.251893,0,0.000041,0.000041,9,0.000075,0,23,1,0.000382
32017,Lincoln County,,NV,477,4551,5028,1,1,2,151,276,427,7,0.303982,0.32026,0,0.001074,0.001198,9,0.000067,0,23,0,0.007809
32019,Lyon County,,NV,5525,57003,62528,14,11,25,3635,3325,6960,7,0.325448,0.346471,1244.01166,0.006555,0.006388,9,0.000336,0,23,0.557143,0.046711
32021,Mineral County,,NV,297,4645,4942,1,1,2,60,62,122,8,0.259453,0.272103,0,0.000376,0.000335,9,0.000068,0,23,0,0.002511
32023,Nye County,,NV,3757,41831,45588,9,6,15,1946,1524,3470,7,0.319683,0.338824,5.593354,0.008036,0.003751,9,0.000168,0,23,0.872727,0.055004
32027,Pershing County,,NV,555,5255,5810,2,2,4,176,261,437,8,0.259477,0.272283,0,0.00038,0.00034,9,0.000109,0,23,1,0.002652
32029,Storey County,,NV,398,3896,4294,1,2,3,203,249,452,8,0.259477,0.272283,0,0.000376,0.000396,9,0.000068,0,23,1,0.002511
32031,Washoe County,,NV,25393,498244,523637,84,83,167,21099,18142,39241,7,0.350309,0.385556,30352.17327,0.036437,0.040852,9,0.001539,0,23,0.420829,0.263922
32033,White Pine County,,NV,953,10015,10968,1,3,4,138,289,427,7,0.304381,0.32119,0,0.001074,0.00157,9,0.000067,0,23,1,0.007809
32510,Carson City,,NV,5255,60000,65255,12,6,18,3612,2962,6574,7,0.319389,0.338444,6.784494,0.006943,0.003625,9,0.00024,0,23,0.80303,0.048167
33001,Belknap County,,NH,5285,74955,80240,10,10,20,3583,3203,6786,7,0.28567,0.302847,29.377901,0.002358,0.002707,90,0.000174,0,23,0.872727,0.013429
33003,Carroll County,,NH,3660,58194,61854,14,13,27,2324,2041,4365,7,0.285876,0.303627,178.36217,0.003671,0.002987,90,0.000228,0,23,0.714286,0.021138
33005,Cheshire County,,NH,4657,88274,92931,11,14,25,2413,2266,4679,7,0.303186,0.322926,98.775874,0.003532,0.004547,90,0.000176,0,23,0.641667,0.019203
33007,Coos County,,NH,1979,35553,37532,6,7,13,672,766,1438,7,0.2654,0.278663,4198.469522,0.000819,0.000603,90,0.000136,0,23,0.714286,0.004194
33009,Grafton County,,NH,7769,99348,107117,20,24,44,4069,4417,8486,7,0.321867,0.345095,3048.222994,0.005484,0.008465,90,0.000328,0,23,0.493333,0.03217
33011,Hillsborough County,,NH,26636,493177,519813,49,67,116,19247,20159,39406,6,0.360348,0.393811,13636.047279,0.027956,0.044441,90,0.000665,0,23,0.574726,0.178993
33013,Merrimack County,,NH,11007,173929,184936,17,20,37,7859,7367,15226,7,0.324384,0.347263,790.357752,0.004541,0.00835,90,0.000266,0,23,0.621212,0.026531
33015,Rockingham County,,NH,22415,383766,406181,38,40,78,18778,17222,36000,7,0.339648,0.367432,4775.042869,0.021497,0.024723,90,0.000483,0,23,0.621011,0.132655
33017,Strafford County,,NH,9030,139443,148473,14,13,27,6252,5694,11946,7,0.286052,0.303957,7.148879,0.004627,0.003582,90,0.000211,0,23,0.838095,0.026494
33019,Sullivan County,,NH,2947,50130,53077,7,6,13,1642,1418,3060,7,0.26545,0.278603,2.158554,0.001548,0.000602,90,0.000141,0,23,0.767857,0.008764
34001,Atlantic County,,NJ,15177,335342,350519,30,47,77,8518,10575,19093,7,0.336196,0.364295,411.209443,0.019442,0.031141,210,0.000307,0,23,0.769658,0.107835
34003,Bergen County,,NJ,56378,1126122,1182500,79,113,192,47798,48821,96619,6,0.365273,0.405236,2408.815203,0.055277,0.070202,210,0.000866,0,23,0.559534,0.33546
34005,Burlington County,,NJ,31000,544088,575088,54,77,131,21161,22061,43222,6,0.360254,0.39492,2018.63972,0.036308,0.053226,210,0.000582,0,23,0.649074,0.21363
34007,Camden County,,NJ,32520,595658,628178,48,69,117,22880,26495,49375,6,0.355735,0.388677,1381.88429,0.032935,0.048003,210,0.000512,0,23,0.717332,0.193095
34009,Cape May County,,NJ,6719,114635,121354,16,16,32,4312,3537,7849,7,0.300076,0.319292,28.553413,0.008247,0.007865,210,0.00019,0,23,0.797386,0.045196
34011,Cumberland County,,NJ,8923,175032,183955,10,11,21,3496,5699,9195,7,0.304815,0.324701,15.633205,0.004011,0.005072,210,0.000126,0,23,0.833333,0.018988
34013,Essex County,,NJ,53409,867178,920587,74,101,175,40745,46640,87385,6,0.366671,0.405326,2049.248038,0.049885,0.065551,210,0.000787,0,23,0.595058,0.296762
34015,Gloucester County,,NJ,16858,346541,363399,20,32,52,13386,12669,26055,7,0.328837,0.354079,150.431556,0.010028,0.02104,210,0.000206,0,23,0.772222,0.049906
34017,Hudson County,,NJ,65583,715326,780909,95,115,210,46119,58565,104684,6,0.375693,0.415989,2980.287513,0.063567,0.073796,210,0.001041,0,23,0.581612,0.383139
34019,Hunterdon County,,NJ,8194,159102,167296,21,23,44,5957,5046,11003,7,0.301967,0.32445,11.648895,0.011201,0.011749,210,0.0002,0,23,0.88587,0.05459
34021,Mercer County,,NJ,24836,416058,440894,45,63,108,15368,18749,34117,7,0.354374,0.387019,375.811648,0.032372,0.045803,210,0.000446,0,23,0.792541,0.18344
34023,Middlesex County,,NJ,62190,989539,1051729,88,127,215,45622,54471,100093,6,0.37282,0.414933,3847.832443,0.0604,0.076403,210,0.000972,0,23,0.506166,0.365392
34025,Monmouth County,,NJ,33653,774188,807841,53,91,144,26048,27449,53497,6,0.360161,0.39654,691.58671,0.035994,0.060756,210,0.000543,0,23,0.619037,0.209252
34027,Morris County,,NJ,34398,621496,655894,60,92,152,26088,27940,54028,6,0.364268,0.401199,1255.694291,0.041143,0.06178,210,0.000623,0,23,0.642857,0.241026
34029,Ocean County,,NJ,26564,698893,725457,56,79,135,23209,20678,43887,7,0.352979,0.387379,871.110669,0.033893,0.047488,210,0.000583,0,23,0.583333,0.19734
34031,Passaic County,,NJ,31977,605145,637122,36,65,101,21088,26416,47504,7,0.354284,0.387079,496.657713,0.024868,0.043563,210,0.000369,0,23,0.73007,0.141075
34033,Salem County,,NJ,3813,76843,80656,7,9,16,2429,2401,4830,7,0.282447,0.299171,0.320876,0.002836,0.002617,210,0.000104,0,23,0.944444,0.013459
34035,Somerset County,,NJ,28237,409749,437986,47,68,115,21833,23065,44898,6,0.357566,0.390614,539.760538,0.03325,0.048503,210,0.000465,0,23,0.746881,0.189123
34037,Sussex County,,NJ,9227,178873,188100,18,22,40,5906,5772,11678,7,0.299914,0.320875,8.12333,0.009352,0.010146,210,0.000181,0,23,0.831169,0.045956
34039,Union County,,NJ,38608,649833,688441,53,73,126,30485,32102,62587,7,0.355553,0.389628,760.686597,0.037576,0.050219,210,0.000556,0,23,0.723063,0.219782
34041,Warren County,,NJ,7209,130284,137493,18,17,35,5485,4486,9971,7,0.293082,0.312209,0.934525,0.008977,0.006196,210,0.000173,0,23,0.94152,0.042169
35001,Bernalillo County,,NM,43105,730899,774004,94,105,199,26391,30688,57079,6,0.37307,0.412349,56207.591377,0.045422,0.056597,174,0.001798,0,23,0.364479,0.321797
35003,Catron County,,NM,193,3248,3441,0,0,0,0,0,0,0,0,0,0,0,0,171,0.000052,163,233,0,0
35005,Chaves County,,NM,3888,66956,70844,10,11,21,1385,1554,2939,7,0.324006,0.345188,362.725587,0.002713,0.004164,246,0.000225,0,23,0.636364,0.018831
35006,Cibola County,,NM,1613,23190,24803,3,4,7,821,992,1813,7,0.317636,0.336299,0.5,0.00056,0.001842,174,0.000111,0,23,0.833333,0.003504
35007,Colfax County,,NM,1033,13026,14059,0,1,1,0,116,116,7,0.271776,0.285364,0,0,0.000418,174,0.000052,0,234,0,0
35009,Curry County,,NM,6472,52541,59013,14,16,30,1953,2227,4180,7,0.329969,0.352666,10771.134221,0.005508,0.007003,246,0.000333,0,23,0.415033,0.039545
35011,De Baca County,,NM,71,2035,2106,0,0,0,0,0,0,0,0,0,0,0,0,172,0.000052,164,235,0,0
35013,Dona Ana County,,NM,15024,222938,237962,28,34,62,7710,9469,17179,7,0.336644,0.363971,8242.164508,0.014376,0.01843,246,0.00056,0,23,0.468468,0.104246
35015,Eddy County,,NM,3649,60881,64530,11,9,20,1877,1407,3284,7,0.321049,0.341217,15.744318,0.003149,0.002971,246,0.000259,0,23,0.745455,0.022492
35017,Grant County,,NM,1861,31399,33260,5,5,10,490,700,1190,7,0.317782,0.336659,116.471842,0.002661,0.002675,246,0.000133,0,23,0.75,0.018391
35019,Guadalupe County,,NM,246,4400,4646,1,1,2,69,94,163,7,0.271732,0.285287,0,0.000521,0.000418,174,0.000067,0,23,0,0.003016
35021,Harding County,,NM,-2,741,739,0,0,0,0,0,0,0,0,0,0,0,0,173,0.000052,165,236,0,0
35023,Hidalgo County,,NM,447,4648,5095,0,1,1,0,65,65,8,0.251926,0.262527,0,0,0.000132,246,0.000052,0,237,0,0
35025,Lea County,,NM,4593,74859,79452,16,11,27,2442,2180,4622,7,0.327365,0.34962,1716.273501,0.005895,0.004265,246,0.000353,0,23,0.5875,0.043432
35027,Lincoln County,,NM,1965,20855,22820,4,6,10,445,688,1133,7,0.284151,0.300724,1.24432,0.000836,0.001264,246,0.000105,0,23,0.833333,0.005186
35028,Los Alamos County,,NM,1747,22861,24608,3,3,6,429,494,923,7,0.271785,0.285647,0,0.000716,0.000691,174,0.000103,0,23,1,0.004569
35029,Luna County,,NM,1775,27241,29016,3,4,7,502,607,1109,7,0.319609,0.338429,3.370228,0.000745,0.002028,246,0.000101,0,23,0.833333,0.00474
35031,McKinley County,,NM,7714,82544,90258,8,8,16,6879,6202,13081,7,0.317854,0.337139,117.066535,0.002193,0.002138,174,0.000188,0,23,0.678571,0.015288
35033,Mora County,,NM,352,4675,5027,1,1,2,121,83,204,8,0.213753,0.220374,0,0.000006,0.000007,174,0.000085,0,23,0,0.000143
35035,Otero County,,NM,8003,63724,71727,8,16,24,2332,3412,5744,7,0.327635,0.350345,282.75258,0.005183,0.008455,246,0.000171,0,23,0.6375,0.036569
35037,Quay County,,NM,595,8720,9315,1,1,2,63,73,136,8,0.248125,0.257243,0,0.000064,0.000051,246,0.00007,0,23,0,0.000469
35039,Rio Arriba County,,NM,2448,39804,42252,5,6,11,1153,1718,2871,7,0.271944,0.286366,2.935714,0.000915,0.000764,174,0.000134,0,23,0.733333,0.005782
35041,Roosevelt County,,NM,2440,19147,21587,3,4,7,608,798,1406,7,0.273335,0.288429,0,0.000624,0.000648,246,0.000102,0,23,0.916667,0.00377
35043,Sandoval County,,NM,13240,148301,161541,19,22,41,9697,8165,17862,7,0.333533,0.358214,2115.551881,0.009658,0.014338,174,0.000379,0,23,0.55698,0.066251
35045,San Juan County,,NM,12227,139918,152145,17,23,40,5351,8420,13771,7,0.328993,0.353122,961.609643,0.00644,0.007264,174,0.000361,0,23,0.406667,0.04513
35047,San Miguel County,,NM,1700,26917,28617,3,4,7,523,821,1344,7,0.271838,0.285886,5617,0.000709,0.000691,174,0.000157,0,23,0.5,0.004513
35049,Santa Fe County,,NM,10413,170091,180504,31,29,60,5852,6018,11870,7,0.342917,0.370203,8855.026626,0.020005,0.020442,174,0.000594,0,23,0.594444,0.144338
35051,Sierra County,,NM,934,11021,11955,1,2,3,181,230,411,7,0.271838,0.285647,0,0.00017,0.000551,246,0.000066,0,23,1,0.001052
35053,Socorro County,,NM,1280,17088,18368,2,2,4,317,473,790,7,0.271758,0.285467,0,0.00054,0.000437,174,0.000091,0,23,1,0.003253
35055,Taos County,,NM,2001,34880,36881,3,4,7,461,651,1112,7,0.271811,0.285827,0,0.000716,0.0007,174,0.000103,0,23,1,0.004569
35057,Torrance County,,NM,1234,13766,15000,2,2,4,586,603,1189,7,0.271758,0.285467,0,0.000709,0.000602,174,0.000084,0,23,1,0.00441
35059,Union County,,NM,309,4044,4353,0,0,0,0,0,0,0,0,0,0,0,0,175,0.000052,166,238,0,0
35061,Valencia County,,NM,5079,76301,81380,6,6,12,2803,2816,5619,7,0.317709,0.336659,352.428762,0.002089,0.002086,174,0.000174,0,23,0.595238,0.014366
36001,Albany County,,NY,21982,347937,369919,48,59,107,15465,16392,31857,6,0.357658,0.390002,25697.873101,0.024366,0.036303,211,0.000611,0,23,0.514267,0.141318
36003,Allegany County,,NY,2372,48905,51277,6,6,12,1081,1021,2102,7,0.275312,0.290325,6.428099,0.001271,0.00091,211,0.00015,0,23,0.766667,0.006322
36005,Bronx County,,NY,91977,1467449,1559426,91,139,230,69985,85764,155749,6,0.378662,0.423126,5312.313268,0.05847,0.077464,210,0.001014,0,23,0.450944,0.354224
36007,Broome County,,NY,9461,217563,227024,23,30,53,4205,4507,8712,7,0.332695,0.358418,7939.525055,0.008393,0.015045,211,0.000336,0,23,0.449597,0.043475
36009,Cattaraugus County,,NY,4166,86650,90816,5,7,12,1990,2416,4406,7,0.275367,0.290564,179.650331,0.000659,0.000933,211,0.000141,0,23,0.52381,0.003687
36011,Cayuga County,,NY,3985,87635,91620,9,8,17,1978,2228,4206,7,0.271572,0.28679,20.993367,0.001881,0.000804,211,0.000171,0,23,0.666667,0.008796
36013,Chautauqua County,,NY,5270,143991,149261,6,8,14,1770,2116,3886,7,0.291453,0.309513,56.50948,0.001544,0.002722,211,0.000125,0,23,0.535714,0.00661
36015,Chemung County,,NY,4786,98076,102862,9,10,19,2155,2111,4266,7,0.275941,0.292004,1639.744767,0.00154,0.001311,211,0.000201,0,23,0.477778,0.007479
36017,Chenango County,,NY,2878,56854,59732,6,7,13,1448,1519,2967,7,0.266878,0.280684,10.623304,0.000267,0.000473,211,0.000142,0,23,0.595238,0.001811
36019,Clinton County,,NY,3318,89300,92618,6,7,13,1006,1082,2088,7,0.265958,0.280084,1383.79381,0.000761,0.000529,211,0.000161,0,23,0.309524,0.003693
36021,Columbia County,,NY,3584,71216,74800,13,11,24,2308,2123,4431,7,0.295796,0.313948,3.256835,0.00562,0.004144,210,0.000173,0,23,0.801282,0.030012
36023,Cortland County,,NY,2847,50366,53213,6,8,14,1299,1463,2762,7,0.271758,0.287149,46.711273,0.000752,0.00085,211,0.000135,0,23,0.553571,0.003279
36025,Delaware County,,NY,2801,48935,51736,9,7,16,1398,1235,2633,7,0.292342,0.309618,774.194803,0.003996,0.001298,211,0.000154,0,23,0.522222,0.023332
36027,Dutchess County,,NY,16483,339602,356085,28,45,73,10133,10687,20820,7,0.339233,0.368079,446.050352,0.016269,0.030714,210,0.000299,0,23,0.673451,0.08997
36029,Erie County,,NY,29829,1071812,1101641,80,104,184,17544,20558,38102,6,0.375439,0.414514,35216.217781,0.051527,0.066169,211,0.001103,0,23,0.513846,0.333704
36031,Essex County,,NY,2394,42081,44475,6,6,12,1122,1110,2232,7,0.264692,0.277865,660.412144,0.000223,0.00041,211,0.000183,0,23,0.428571,0.001722
36033,Franklin County,,NY,2179,50775,52954,3,3,6,956,910,1866,8,0.216281,0.224673,2.174697,0.000018,0.000021,211,0.000115,0,23,0.666667,0.000434
36035,Fulton County,,NY,3077,61072,64149,5,5,10,1730,1559,3289,7,0.264591,0.277548,4.90138,0.00062,0.000451,211,0.000117,0,23,0.75,0.003112
36037,Genesee County,,NY,2912,69465,72377,6,6,12,1963,1864,3827,7,0.275176,0.290085,2.583333,0.001354,0.000929,211,0.00014,0,23,0.733333,0.006404
36039,Greene County,,NY,2999,52076,55075,11,9,20,1720,1527,3247,7,0.295764,0.313648,0.700041,0.00546,0.003648,210,0.00015,0,23,0.886364,0.029105
36041,Hamilton County,,NY,301,6156,6457,0,0,0,0,0,0,0,0,0,0,0,0,176,0.000052,167,239,0,0
36043,Herkimer County,,NY,3551,70746,74297,6,7,13,1734,1946,3680,7,0.267083,0.281236,27.463326,0.000567,0.000588,211,0.000145,0,23,0.47619,0.002784
36045,Jefferson County,,NY,17345,125906,143251,33,45,78,5098,6697,11795,7,0.353293,0.384026,8551.860803,0.015442,0.024174,9,0.000515,0,23,0.487755,0.099354
36047,Kings County,,NY,174323,2779476,2953799,216,229,445,126740,160231,286971,6,0.414405,0.465611,57158.883388,0.111726,0.109935,210,0.002706,0,23,0.292611,0.698806
36049,Lewis County,,NY,1504,31163,32667,3,2,5,718,610,1328,8,0.263837,0.276208,0.577767,0.000331,0.000217,9,0.00009,0,23,0.666667,0.001693
36051,Livingston County,,NY,3552,69807,73359,8,7,15,2382,2272,4654,7,0.275285,0.290415,9.174037,0.001289,0.000932,211,0.000186,0,23,0.625,0.006709
36053,Madison County,,NY,4687,77448,82135,7,6,13,2836,2586,5422,7,0.266622,0.280096,59.129078,0.001207,0.000364,211,0.000143,0,23,0.571429,0.005366
36055,Monroe County,,NY,30451,874398,904849,73,112,185,15699,21353,37052,6,0.372021,0.412463,47590.597417,0.042665,0.06812,211,0.001047,0,23,0.471814,0.276886
36057,Montgomery County,,NY,3268,55618,58886,7,7,14,1904,2075,3979,7,0.264692,0.278027,11.33069,0.000697,0.000509,211,0.000146,0,23,0.642857,0.003643
36059,Nassau County,,NY,70788,1734684,1805472,77,140,217,59484,63447,122931,6,0.378147,0.421746,3656.558757,0.054044,0.080771,210,0.000918,0,23,0.464843,0.337207
36061,New York County,,NY,195601,1754798,1950399,229,225,454,147289,182668,329957,6,0.41146,0.463086,64459.000201,0.113096,0.109793,210,0.002878,0,23,0.27712,0.702658
36063,Niagara County,,NY,9554,253377,262931,8,13,21,5677,5851,11528,7,0.325334,0.347455,605.067339,0.002821,0.00897,211,0.000159,0,23,0.587912,0.015752
36065,Oneida County,,NY,11077,259580,270657,20,24,44,4387,4666,9053,7,0.305855,0.329439,4661.625407,0.008085,0.01071,211,0.000306,0,23,0.47151,0.044761
36067,Onondaga County,,NY,21537,540183,561720,52,73,125,11393,13287,24680,6,0.362888,0.397601,25929.530753,0.027853,0.048916,211,0.000692,0,23,0.506318,0.170944
36069,Ontario County,,NY,7236,129479,136715,9,10,19,4994,4309,9303,7,0.275503,0.291224,28.026726,0.00173,0.001285,211,0.000201,0,23,0.566667,0.008324
36071,Orange County,,NY,23195,446674,469869,41,78,119,14998,15777,30775,6,0.35528,0.390416,1562.061332,0.0279,0.049451,210,0.000453,0,23,0.596519,0.165226
36073,Orleans County,,NY,2458,45813,48271,4,5,9,1364,1586,2950,7,0.299397,0.316155,21.174345,0.001327,0.001947,211,0.000099,0,23,0.75,0.006073
36075,Oswego County,,NY,6295,133412,139707,8,9,17,3187,3433,6620,7,0.278262,0.294733,50.067484,0.002025,0.001397,211,0.000154,0,23,0.583333,0.009379
36077,Otsego County,,NY,3761,64356,68117,7,8,15,1547,1589,3136,7,0.267366,0.281884,89.651659,0.001063,0.000681,211,0.000148,0,23,0.513889,0.005668
36079,Putnam County,,NY,6985,120165,127150,12,13,25,5242,4650,9892,7,0.299397,0.319028,0.131125,0.007869,0.007761,210,0.000137,0,23,0.928571,0.039227
36081,Queens County,,NY,149412,2637813,2787225,159,201,360,112117,138186,250303,6,0.401474,0.451139,21083.691764,0.09102,0.103992,210,0.00188,0,23,0.350889,0.567129
36083,Rensselaer County,,NY,11442,180665,192107,19,20,39,7976,7815,15791,7,0.30919,0.331412,2226.27718,0.005967,0.007953,211,0.000279,0,23,0.492095,0.031908
36085,Richmond County,,NY,22843,549003,571846,29,53,82,16242,17754,33996,7,0.347766,0.377867,104.733535,0.022211,0.036583,210,0.000319,0,23,0.787736,0.127014
36087,Rockland County,,NY,15191,387169,402360,28,42,70,10113,10747,20860,7,0.349121,0.378197,66.312345,0.020531,0.031447,210,0.000277,0,23,0.844609,0.11161
36089,St. Lawrence County,,NY,4569,112372,116941,6,7,13,989,1293,2282,7,0.274985,0.291479,3749.121839,0.001318,0.001026,211,0.000145,0,23,0.410714,0.005701
36091,Saratoga County,,NY,16670,276078,292748,38,39,77,12565,10495,23060,7,0.341526,0.37052,15076.382634,0.017959,0.022572,211,0.000504,0,23,0.43451,0.103507
36093,Schenectady County,,NY,10806,180505,191311,15,20,35,6576,6860,13436,7,0.317165,0.340259,1697.790451,0.005404,0.007335,211,0.00023,0,23,0.47619,0.030122
36095,Schoharie County,,NY,1681,33917,35598,5,7,12,637,855,1492,7,0.264717,0.278087,10.896285,0.000425,0.000547,211,0.000123,0,23,0.547619,0.002398
36097,Schuyler County,,NY,1280,21086,22366,4,5,9,808,783,1591,8,0.251812,0.262753,4.560507,0.000173,0.000131,211,0.000124,0,23,0.45,0.001132
36099,Seneca County,,NY,2161,38058,40219,6,6,12,1042,1059,2101,7,0.271493,0.28637,49.613643,0.000802,0.000788,211,0.000144,0,23,0.690476,0.003901
36101,Steuben County,,NY,5463,111654,117117,10,10,20,2171,2444,4615,7,0.275831,0.291764,1174.731654,0.001431,0.001006,211,0.000232,0,23,0.445455,0.007371
36103,Suffolk County,,NY,60965,1886335,1947300,110,161,271,44203,51453,95656,6,0.373371,0.419713,9448.410282,0.068981,0.086756,210,0.001329,0,23,0.401616,0.430116
36105,Sullivan County,,NY,5450,82184,87634,12,14,26,2833,2879,5712,7,0.298817,0.318158,17.792839,0.00746,0.006807,210,0.00015,0,23,0.738095,0.03795
36107,Tioga County,,NY,3468,59779,63247,5,5,10,2065,1854,3919,7,0.267032,0.280654,28.871562,0.000309,0.00044,211,0.000124,0,23,0.7,0.001599
36109,Tompkins County,,NY,7543,93003,100546,19,26,45,2750,3503,6253,7,0.335953,0.361578,10833.832021,0.009774,0.016089,211,0.000299,0,23,0.521368,0.058385
36111,Ulster County,,NY,10131,202611,212742,20,27,47,6378,6000,12378,7,0.328215,0.353509,286.097429,0.010277,0.015377,210,0.000232,0,23,0.660098,0.054091
36113,Warren County,,NY,5138,78229,83367,6,6,12,3073,3037,6110,7,0.264641,0.277758,7.739451,0.000691,0.000503,211,0.000142,0,23,0.8,0.003516
36115,Washington County,,NY,4198,69057,73255,8,7,15,2873,2893,5766,7,0.264768,0.278165,60.920624,0.000704,0.000465,211,0.000182,0,23,0.517857,0.003809
36117,Wayne County,,NY,5583,111201,116784,7,7,14,3446,3422,6868,7,0.271466,0.28643,5.252818,0.001726,0.00072,211,0.000147,0,23,0.714286,0.008035
36119,Westchester County,,NY,57985,1165838,1223823,85,123,208,46096,50514,96610,6,0.376711,0.41822,3904.080265,0.056663,0.074588,210,0.000966,0,23,0.513714,0.347224
36121,Wyoming County,,NY,2316,45821,48137,6,6,12,1402,1599,3001,7,0.275258,0.290205,4.969952,0.00127,0.000909,211,0.00015,0,23,0.766667,0.006303
36123,Yates County,,NY,1436,28484,29920,4,4,8,707,805,1512,7,0.271334,0.28577,72.314004,0.000649,0.000423,211,0.000118,0,23,0.666667,0.003079
37001,Alamance County,,NC,9288,170234,179522,15,13,28,6196,5355,11551,7,0.29265,0.311111,248.391851,0.004276,0.003795,179,0.000306,0,23,0.580952,0.030153
37003,Alexander County,,NC,1966,39053,41019,5,6,11,1263,1333,2596,7,0.288517,0.305,1.047854,0.000168,0.001229,179,0.000149,0,23,0.866667,0.001795
37005,Alleghany County,,NC,585,11428,12013,0,1,1,0,88,88,8,0.226311,0.234274,0,0,0.000017,179,0.000052,0,240,0,0
37007,Anson County,,NC,1176,24033,25209,5,5,10,643,743,1386,7,0.288547,0.30497,43.038957,0.001073,0.00119,179,0.000136,0,23,0.55,0.008069
37009,Ashe County,,NC,1121,27931,29052,2,2,4,317,319,636,8,0.226672,0.235012,0,0.000938,0.00004,179,0.000093,0,23,1,0.007043
37011,Avery County,,NC,991,16959,17950,2,2,4,260,257,517,8,0.227787,0.236592,111.082536,0.00003,0.000028,179,0.000115,0,23,0,0.000422
37013,Beaufort County,,NC,2788,51424,54212,6,5,11,1434,1338,2772,7,0.288069,0.304106,6261.539262,0.001116,0.00116,179,0.000197,0,23,0.366667,0.008004
37015,Bertie County,,NC,1218,19980,21198,5,5,10,535,709,1244,7,0.287681,0.303639,5058.019027,0.000973,0.001053,179,0.000174,0,23,0.333333,0.007209
37017,Bladen County,,NC,2171,32822,34993,6,6,12,1085,1147,2232,7,0.292588,0.309486,10.781233,0.001863,0.001887,179,0.000142,0,23,0.866667,0.012739
37019,Brunswick County,,NC,8755,123921,132676,33,10,43,6083,3871,9954,7,0.296648,0.315615,174.040988,0.015022,0.004555,179,0.000476,0,23,0.455492,0.089504
37021,Buncombe County,,NC,18421,279184,297605,72,56,128,11827,11129,22956,7,0.353832,0.385214,57302.004455,0.036837,0.031314,179,0.001482,0,23,0.414193,0.264809
37023,Burke County,,NC,4974,92888,97862,10,11,21,2578,2865,5443,7,0.292372,0.310488,642.231673,0.002262,0.002614,179,0.000245,0,23,0.583333,0.017733
37025,Cabarrus County,,NC,15593,212775,228368,21,19,40,12092,9707,21799,7,0.328526,0.351635,548.948761,0.006984,0.007798,179,0.000401,0,23,0.619048,0.050727
37027,Caldwell County,,NC,3991,85451,89442,8,10,18,2110,2295,4405,7,0.28969,0.307333,297.792548,0.001962,0.002013,179,0.000209,0,23,0.7,0.015147
37029,Camden County,,NC,1012,11185,12197,4,2,6,566,353,919,8,0.227936,0.236279,0,0.00096,0.000034,89,0.000126,0,23,1,0.006072
37031,Carteret County,,NC,5735,75749,81484,9,9,18,2221,2324,4545,7,0.292619,0.310854,8.110243,0.003437,0.003627,179,0.000175,0,23,0.810606,0.022302
37033,Caswell County,,NC,1500,23375,24875,5,6,11,830,1086,1916,7,0.272211,0.286214,242.844412,0.000538,0.00049,179,0.000164,0,23,0.566667,0.003721
37035,Catawba County,,NC,9911,177385,187296,15,19,34,6104,5887,11991,7,0.308504,0.329901,538.390854,0.003206,0.005748,179,0.000324,0,23,0.570175,0.024113
37037,Chatham County,,NC,5166,76397,81563,10,10,20,4554,3850,8404,7,0.293082,0.311141,9.527301,0.003149,0.003416,179,0.000214,0,23,0.744444,0.02283
37039,Cherokee County,,NC,1606,26901,28507,2,2,4,291,252,543,10,0.16818,0.171761,2807.5,0,0.00001,25,0.000272,0,23,0,0.000275
37041,Chowan County,,NC,970,15994,16964,2,3,5,164,274,438,8,0.228067,0.236759,5.595971,0.000032,0.00003,89,0.000118,0,23,0.333333,0.000355
37043,Clay County,,NC,736,10512,11248,2,2,4,253,248,501,11,0.14399,0.146461,1,0,0,25,0.000284,0,23,0,0.000212
37045,Cleveland County,,NC,5035,102695,107730,9,9,18,3157,2888,6045,7,0.29228,0.310068,80.812138,0.001606,0.002677,179,0.000234,0,23,0.666667,0.012658
37047,Columbus County,,NC,2555,54993,57548,6,8,14,1377,1484,2861,7,0.295827,0.313966,8.039715,0.001296,0.003568,179,0.000178,0,23,0.839286,0.010092
37049,Craven County,,NC,12838,110330,123168,23,29,52,4186,5234,9420,7,0.340773,0.367804,8414.785056,0.011578,0.016593,179,0.00044,0,23,0.533333,0.078028
37051,Cumberland County,,NC,48504,331056,379560,126,130,256,26073,31782,57855,6,0.385811,0.428236,28498.462921,0.064688,0.06581,179,0.001847,0,23,0.34391,0.430878
37053,Currituck County,,NC,2219,27003,29222,6,5,11,1374,1002,2376,7,0.276243,0.291216,507.750854,0.001424,0.000925,89,0.000182,0,23,0.7,0.008895
37055,Dare County,,NC,2845,42533,45378,7,6,13,671,681,1352,7,0.292034,0.309246,70.11747,0.002941,0.00197,89,0.000168,0,23,0.625,0.019293
37057,Davidson County,,NC,9749,181134,190883,14,14,28,7107,6523,13630,7,0.292619,0.311423,143.939819,0.003588,0.003846,179,0.000316,0,23,0.6125,0.027423
37059,Davie County,,NC,2737,47309,50046,7,7,14,1736,1616,3352,7,0.289058,0.30602,87.320593,0.00182,0.001933,179,0.000177,0,23,0.785714,0.013274
37061,Duplin County,,NC,5521,60340,65861,9,10,19,2793,3501,6294,7,0.307344,0.327022,15.038723,0.00198,0.003853,179,0.000184,0,23,0.745455,0.012907
37063,Durham County,,NC,30392,314618,345010,88,73,161,22582,22258,44840,6,0.370781,0.405512,16355.195752,0.053583,0.04603,179,0.001282,0,23,0.480749,0.348185
37065,Edgecombe County,,NC,4764,56251,61015,5,6,11,2940,3518,6458,7,0.305016,0.323442,13.315625,0.001055,0.002548,179,0.000135,0,23,0.766667,0.007598
37067,Forsyth County,,NC,22884,402568,425452,58,57,115,14164,14797,28961,7,0.357658,0.389502,17819.415793,0.031523,0.033307,179,0.001028,0,23,0.499322,0.219306
37069,Franklin County,,NC,5292,62845,68137,7,7,14,3787,3306,7093,7,0.287949,0.304106,5.036769,0.001522,0.001611,179,0.000169,0,23,0.678571,0.011227
37071,Gaston County,,NC,12222,227229,239451,20,21,41,8946,7971,16917,7,0.310572,0.332732,352.006753,0.004754,0.007089,179,0.000426,0,23,0.559289,0.036881
37073,Gates County,,NC,691,11628,12319,1,1,2,113,160,273,8,0.233314,0.24177,0,0.000043,0.000046,89,0.000075,0,23,0,0.000403
37075,Graham County,,NC,359,8673,9032,0,0,0,0,0,0,0,0,0,0,0,0,177,0.000052,168,241,0,0
37077,Granville County,,NC,4056,60228,64284,7,7,14,2909,2476,5385,7,0.288039,0.304226,7.201487,0.001561,0.001598,179,0.000195,0,23,0.625,0.011782
37079,Greene County,,NC,1617,19665,21282,4,4,8,991,1096,2087,8,0.247396,0.257989,0.603846,0.000227,0.000134,179,0.000115,0,23,0.833333,0.001369
37081,Guilford County,,NC,34979,555118,590097,95,95,190,23580,25934,49514,6,0.373271,0.410723,62292.636999,0.045938,0.050909,179,0.001557,0,23,0.360856,0.306076
37083,Halifax County,,NC,3019,54189,57208,7,8,15,1310,1695,3005,7,0.288817,0.305552,1661.928598,0.001518,0.002014,179,0.000193,0,23,0.535714,0.010522
37085,Harnett County,,NC,16550,120505,137055,26,28,54,10283,9405,19688,7,0.324801,0.350766,753.115221,0.010384,0.013062,179,0.000426,0,23,0.479167,0.069419
37087,Haywood County,,NC,3399,63938,67337,5,4,9,1296,1087,2383,8,0.261504,0.273566,226.03107,0.0021,0.000403,179,0.000177,0,23,0.633333,0.016246
37089,Henderson County,,NC,7974,124424,132398,12,9,21,4915,3563,8478,7,0.292434,0.310368,569.420151,0.005456,0.003001,179,0.000295,0,23,0.537879,0.040428
37091,Hertford County,,NC,1220,20947,22167,2,4,6,476,506,982,7,0.287651,0.303459,1.333333,0.000019,0.001061,179,0.000118,0,23,0.666667,0.000282
37093,Hoke County,,NC,8046,48283,56329,12,11,23,4593,3956,8549,7,0.311862,0.331394,231.970578,0.004637,0.004841,179,0.000228,0,23,0.60989,0.031366
37095,Hyde County,,NC,311,5250,5561,0,1,1,0,106,106,8,0.223706,0.230972,0,0,0.00001,179,0.000052,0,242,0,0
37097,Iredell County,,NC,11554,188325,199879,27,25,52,6887,6281,13168,7,0.308846,0.331161,3105.937999,0.010144,0.006354,179,0.000505,0,23,0.4375,0.067341
37099,Jackson County,,NC,3011,34803,37814,5,5,10,929,1176,2105,7,0.288937,0.305444,3007.055689,0.000306,0.001424,179,0.000241,0,23,0.366667,0.003155
37101,Johnston County,,NC,12406,196315,208721,17,22,39,10163,8207,18370,7,0.310018,0.332198,170.813008,0.00533,0.006882,179,0.000306,0,23,0.481884,0.034754
37103,Jones County,,NC,1149,10422,11571,3,3,6,583,697,1280,7,0.270779,0.284367,0,0.000704,0.000555,9,0.000092,0,23,1,0.003907
37105,Lee County,,NC,6590,65493,72083,7,7,14,2752,4045,6797,7,0.293546,0.31083,2.084559,0.00256,0.002704,179,0.000159,0,23,0.952381,0.018093
37107,Lenoir County,,NC,4039,62203,66242,10,11,21,2427,2459,4886,7,0.292249,0.310524,585.715413,0.001853,0.00298,179,0.000211,0,23,0.602564,0.012225
37109,Lincoln County,,NC,5559,87077,92636,8,10,18,4163,3633,7796,7,0.292096,0.310104,8.459134,0.001223,0.003006,179,0.000195,0,23,0.718182,0.009571
37111,McDowell County,,NC,2182,46645,48827,4,5,9,859,954,1813,8,0.261627,0.273986,2845.261718,0.000332,0.000376,179,0.000154,0,23,0.45,0.003087
37113,Macon County,,NC,1951,37206,39157,5,3,8,505,275,780,8,0.261578,0.273536,1865.23487,0.001183,0.000342,179,0.000239,0,23,0.4,0.009466
37115,Madison County,,NC,1204,20577,21781,1,1,2,824,634,1458,8,0.261381,0.272906,0,0.000288,0.000339,179,0.000075,0,23,0,0.002489
37117,Martin County,,NC,1320,25821,27141,4,4,8,712,744,1456,7,0.287681,0.303519,191.811494,0.00011,0.001071,179,0.000154,0,23,0.65,0.000906
37119,Mecklenburg County,,NC,82240,1102768,1185008,271,205,476,75333,69618,144951,6,0.404925,0.454636,187730.58911,0.11455,0.098583,179,0.004034,0,23,0.213902,0.720668
37121,Mitchell County,,NC,865,15532,16397,2,3,5,249,407,656,9,0.207574,0.214072,4.309524,0.000007,0.000006,179,0.000138,0,23,0.166667,0.000263
37123,Montgomery County,,NC,1805,28586,30391,5,6,11,901,1009,1910,7,0.289028,0.30584,4.47445,0.000609,0.001583,179,0.000134,0,23,0.666667,0.004054
37125,Moore County,,NC,7046,103660,110706,18,15,33,3524,2708,6232,7,0.302987,0.323556,882.77939,0.006687,0.005027,179,0.000329,0,23,0.480392,0.045768
37127,Nash County,,NC,8017,106222,114239,10,13,23,5247,5435,10682,7,0.309293,0.329859,105.227502,0.002907,0.00538,179,0.000218,0,23,0.647436,0.020936
37129,New Hanover County,,NC,18064,221290,239354,55,50,105,11259,11258,22517,7,0.348726,0.378965,6071.298264,0.023902,0.028636,179,0.000891,0,23,0.422847,0.155915
37131,Northampton County,,NC,1324,19744,21068,3,3,6,659,685,1344,7,0.287562,0.303159,5.049242,0.000038,0.00102,179,0.000127,0,23,0.583333,0.000483
37133,Onslow County,,NC,40677,178612,219289,80,94,174,14259,16823,31082,6,0.370979,0.408762,11589.591427,0.046835,0.056919,9,0.001155,0,23,0.461735,0.310573
37135,Orange County,,NC,15128,139940,155068,31,30,61,9332,10288,19620,7,0.348464,0.376389,1715.407173,0.020693,0.022833,179,0.000505,0,23,0.670635,0.140428
37137,Pamlico County,,NC,705,13151,13856,1,1,2,304,232,536,8,0.254185,0.264651,0,0.000153,0.000107,179,0.000065,0,23,0,0.000807
37139,Pasquotank County,,NC,3517,41240,44757,9,12,21,1475,1435,2910,7,0.295167,0.314098,12969.264302,0.002265,0.003461,89,0.000288,0,23,0.401515,0.015475
37141,Pender County,,NC,5750,56219,61969,6,7,13,3541,3136,6677,7,0.30525,0.323982,6.340507,0.001771,0.003277,179,0.000163,0,23,0.714286,0.012256
37143,Perquimans County,,NC,995,14439,15434,2,2,4,373,419,792,8,0.227992,0.236399,0,0.000032,0.000021,89,0.000106,0,23,1,0.000355
37145,Person County,,NC,1875,42882,44757,7,6,13,1170,922,2092,7,0.288248,0.304436,2713.512594,0.001552,0.001744,179,0.000198,0,23,0.452381,0.01185
37147,Pitt County,,NC,12526,168072,180598,26,32,58,6141,7237,13378,7,0.316731,0.34189,7414.435308,0.00497,0.009678,179,0.00054,0,23,0.298319,0.034421
37149,Polk County,,NC,1424,20969,22393,4,5,9,716,1043,1759,8,0.269387,0.282688,0,0.000431,0.000964,179,0.000144,0,23,0.95,0.003967
37151,Randolph County,,NC,8190,158937,167127,12,15,27,5340,5524,10864,7,0.307752,0.328408,194.329787,0.003038,0.00532,179,0.000259,0,23,0.566667,0.021916
37153,Richmond County,,NC,2247,47217,49464,5,8,13,662,1089,1751,7,0.296079,0.314296,37.762242,0.00057,0.003163,179,0.000142,0,23,0.607143,0.003894
37155,Robeson County,,NC,6028,131007,137035,11,14,25,2914,3444,6358,7,0.309465,0.330279,475.480495,0.003281,0.005918,179,0.000238,0,23,0.52381,0.022948
37157,Rockingham County,,NC,4401,100553,104954,9,11,20,2687,2685,5372,7,0.292372,0.310644,710.434469,0.000883,0.002864,179,0.000255,0,23,0.472727,0.00638
37159,Rowan County,,NC,8527,150581,159108,13,16,29,5297,5381,10678,7,0.293143,0.312437,42.055419,0.003769,0.00422,179,0.000267,0,23,0.679739,0.026883
37161,Rutherford County,,NC,2919,64969,67888,9,10,19,1273,1473,2746,7,0.289298,0.306763,245.461164,0.001446,0.002077,179,0.000248,0,23,0.536364,0.011706
37163,Sampson County,,NC,6530,75232,81762,10,14,24,2909,4429,7338,7,0.307582,0.327892,32.396437,0.0025,0.004562,179,0.000206,0,23,0.56044,0.017475
37165,Scotland County,,NC,2351,34698,37049,6,9,15,996,1335,2331,7,0.296142,0.314536,996.282495,0.000781,0.00322,179,0.000157,0,23,0.611111,0.005482
37167,Stanly County,,NC,3042,65007,68049,6,7,13,1568,1645,3213,7,0.288998,0.3059,42.216652,0.001144,0.001701,179,0.000158,0,23,0.642857,0.008802
37169,Stokes County,,NC,2788,50034,52822,5,5,10,1973,1860,3833,7,0.272184,0.285962,3.880742,0.000863,0.000771,179,0.000153,0,23,0.8,0.00574
37171,Surry County,,NC,3646,78769,82415,11,10,21,1942,2101,4043,7,0.292403,0.310494,24400.681355,0.001802,0.002832,179,0.00038,0,23,0.356061,0.013608
37173,Swain County,,NC,1119,18232,19351,1,2,3,458,479,937,8,0.26143,0.273146,0,0.000013,0.000342,179,0.000093,0,23,1,0.000137
37175,Transylvania County,,NC,2024,33633,35657,2,4,6,578,705,1283,8,0.269361,0.282508,0.666667,0.000316,0.000862,179,0.000102,0,23,0.666667,0.002953
37177,Tyrrell County,,NC,181,4033,4214,0,0,0,0,0,0,0,0,0,0,0,0,178,0.000052,169,243,0,0
37179,Union County,,NC,14206,243999,258205,24,24,48,11310,8750,20060,7,0.331861,0.356127,1090.223865,0.011836,0.010938,179,0.000427,0,23,0.564368,0.07894
37181,Vance County,,NC,2819,45469,48288,5,6,11,1896,1874,3770,7,0.288637,0.304952,8.457188,0.001331,0.001959,179,0.000154,0,23,0.733333,0.010234
37183,Wake County,,NC,70620,1132523,1203143,255,195,450,69091,57345,126436,6,0.403338,0.451565,192547.30577,0.109295,0.093832,179,0.003789,0,23,0.22287,0.690129
37185,Warren County,,NC,1414,18507,19921,5,5,10,826,812,1638,7,0.28792,0.303807,2.666667,0.00093,0.00154,179,0.000155,0,23,0.766667,0.007254
37187,Washington County,,NC,732,13129,13861,1,3,4,103,298,401,8,0.240627,0.251025,0,0.000011,0.000057,179,0.000086,0,23,1,0.000181
37189,Watauga County,,NC,3893,41945,45838,12,12,24,1241,1733,2974,7,0.292835,0.311327,9512.487379,0.00298,0.003296,179,0.000342,0,23,0.467949,0.022503
37191,Wayne County,,NC,10036,129190,139226,18,18,36,3505,4155,7660,7,0.322465,0.344555,2713.85522,0.006195,0.008266,179,0.00031,0,23,0.562771,0.040483
37193,Wilkes County,,NC,2548,71268,73816,9,8,17,1134,1104,2238,7,0.288757,0.30566,1093.86459,0.001363,0.001506,179,0.000265,0,23,0.513889,0.010762
37195,Wilson County,,NC,4763,89791,94554,8,9,17,2579,2593,5172,7,0.306801,0.326159,654.158296,0.00159,0.003692,179,0.000182,0,23,0.666667,0.011591
37197,Yadkin County,,NC,2120,41830,43950,5,5,10,1279,1279,2558,8,0.263812,0.276292,3.577381,0.000423,0.000429,179,0.000167,0,23,0.75,0.003482
37199,Yancey County,,NC,828,18065,18893,3,2,5,501,316,817,8,0.261455,0.273206,2675.600709,0.000292,0.000339,179,0.00014,0,23,0.666667,0.002729
38001,Adams County,,ND,126,2625,2751,0,0,0,0,0,0,0,0,0,0,0,0,180,0.000052,170,244,0,0
38003,Barnes County,,ND,729,13148,13877,2,2,4,201,245,446,8,0.253212,0.263838,0,0.00009,0.000054,289,0.000118,0,23,1,0.000675
38005,Benson County,,ND,473,6907,7380,1,1,2,138,137,275,9,0.202212,0.207754,0,0.000001,0.000001,289,0.000094,0,23,0,0.000115
38007,Billings County,,ND,101,1049,1150,0,0,0,0,0,0,0,0,0,0,0,0,181,0.000052,171,245,0,0
38009,Bottineau County,,ND,578,8165,8743,1,1,2,91,135,226,8,0.25163,0.261532,0,0.000077,0.000064,289,0.000082,0,23,0,0.000588
38011,Bowman County,,ND,229,4013,4242,0,0,0,0,0,0,0,0,0,0,0,0,182,0.000052,172,246,0,0
38013,Burke County,,ND,246,2889,3135,0,0,0,0,0,0,0,0,0,0,0,0,183,0.000052,173,247,0,0
38015,Burleigh County,,ND,6774,106202,112976,16,13,29,3944,3318,7262,7,0.321644,0.342855,21441.50498,0.002329,0.002367,289,0.000683,0,23,0.228758,0.018198
38017,Cass County,,ND,14142,187873,202015,38,35,73,8093,7524,15617,7,0.338985,0.36622,67157.832873,0.005702,0.009687,289,0.001266,0,23,0.189922,0.042165
38019,Cavalier County,,ND,146,5063,5209,0,0,0,0,0,0,0,0,0,0,0,0,184,0.000052,174,248,0,0
38021,Dickey County,,ND,294,6315,6609,0,0,0,0,0,0,0,0,0,0,0,0,185,0.000052,175,249,0,0
38023,Divide County,,ND,251,2812,3063,0,0,0,0,0,0,0,0,0,0,0,0,186,0.000052,176,250,0,0
38025,Dunn County,,ND,631,4500,5131,1,1,2,105,132,237,9,0.206632,0.212995,0,0.000002,0.000014,289,0.000096,0,23,0,0.00023
38027,Eddy County,,ND,109,2799,2908,0,0,0,0,0,0,0,0,0,0,0,0,187,0.000052,177,251,0,0
38029,Emmons County,,ND,128,3978,4106,0,1,1,0,59,59,8,0.243433,0.25218,0,0,0.000021,289,0.000052,0,252,0,0
38031,Foster County,,ND,171,4233,4404,0,0,0,0,0,0,0,0,0,0,0,0,188,0.000052,178,253,0,0
38033,Golden Valley County,,ND,176,2147,2323,0,0,0,0,0,0,0,0,0,0,0,0,189,0.000052,179,254,0,0
38035,Grand Forks County,,ND,6673,73323,79996,15,15,30,2235,2563,4798,7,0.321718,0.343214,17261.06033,0.002585,0.002445,289,0.000575,0,23,0.246324,0.018948
38037,Grant County,,ND,93,2786,2879,0,0,0,0,0,0,0,0,0,0,0,0,190,0.000052,180,255,0,0
38039,Griggs County,,ND,73,2903,2976,0,0,0,0,0,0,0,0,0,0,0,0,191,0.000052,181,256,0,0
38041,Hettinger County,,ND,195,3103,3298,1,1,2,89,112,201,9,0.206632,0.212995,0,0.000002,0.000014,289,0.000096,0,23,0,0.00023
38043,Kidder County,,ND,156,2897,3053,1,1,2,73,72,145,8,0.243388,0.252091,0,0.000022,0.000021,289,0.000097,0,23,0,0.000298
38045,LaMoure County,,ND,131,4985,5116,0,0,0,0,0,0,0,0,0,0,0,0,192,0.000052,182,257,0,0
38047,Logan County,,ND,111,2399,2510,0,0,0,0,0,0,0,0,0,0,0,0,193,0.000052,183,258,0,0
38049,McHenry County,,ND,455,7187,7642,1,1,2,208,144,352,8,0.25163,0.261532,0,0.000077,0.000064,289,0.000082,0,23,0,0.000588
38051,McIntosh County,,ND,93,3529,3622,0,0,0,0,0,0,0,0,0,0,0,0,194,0.000052,184,259,0,0
38053,McKenzie County,,ND,1581,8189,9770,2,1,3,238,125,363,8,0.242601,0.251273,0,0.000022,0.000057,289,0.000142,0,23,1,0.00076
38055,McLean County,,ND,825,11491,12316,3,3,6,424,371,795,8,0.251789,0.262192,7.465308,0.000101,0.000087,289,0.000171,0,23,0.833333,0.001009
38057,Mercer County,,ND,708,10688,11396,1,2,3,105,206,311,8,0.243409,0.252271,0,0.000022,0.000022,289,0.000097,0,23,1,0.000298
38059,Morton County,,ND,3156,34870,38026,5,5,10,1914,1808,3722,8,0.257697,0.269847,122.706268,0.000114,0.000153,289,0.000261,0,23,0.6,0.001306
38061,Mountrail County,,ND,1449,9667,11116,2,3,5,215,388,603,8,0.252751,0.263596,0,0.000097,0.000143,289,0.000128,0,23,1,0.001119
38063,Nelson County,,ND,231,3810,4041,0,0,0,0,0,0,0,0,0,0,0,0,195,0.000052,185,260,0,0
38065,Oliver County,,ND,151,2275,2426,0,0,0,0,0,0,0,0,0,0,0,0,196,0.000052,186,261,0,0
38067,Pembina County,,ND,516,9043,9559,1,3,4,55,179,234,8,0.253327,0.264258,0,0.000001,0.000077,289,0.000092,0,23,1,0.000115
38069,Pierce County,,ND,215,5248,5463,0,0,0,0,0,0,0,0,0,0,0,0,197,0.000052,187,262,0,0
38071,Ramsey County,,ND,854,13746,14600,3,4,7,259,347,606,8,0.253443,0.264678,5617,0.000112,0.000098,289,0.000195,0,23,0.5,0.000963
38073,Ransom County,,ND,353,6656,7009,1,2,3,99,152,251,8,0.253235,0.263898,2840,0.000089,0.000052,289,0.000083,0,23,0,0.00056
38075,Renville County,,ND,178,3170,3348,1,1,2,102,88,190,8,0.25163,0.261532,0,0.000077,0.000064,289,0.000082,0,23,0,0.000588
38077,Richland County,,ND,1177,19326,20503,2,2,4,385,582,967,8,0.253212,0.263838,0,0.00009,0.000054,289,0.000126,0,23,1,0.000678
38079,Rolette County,,ND,642,14955,15597,2,2,4,152,152,304,8,0.253281,0.264018,0,0.0001,0.000076,289,0.000115,0,23,1,0.00089
38081,Sargent County,,ND,186,5086,5272,1,0,1,65,0,65,0,0,0,0,0,0,289,0.000087,0,13,0,0.000106
38083,Sheridan County,,ND,64,1656,1720,0,0,0,0,0,0,0,0,0,0,0,0,198,0.000052,188,263,0,0
38085,Sioux County,,ND,218,3423,3641,1,0,1,69,0,69,0,0,0,0,0.000022,0,289,0.000097,0,11,0,0.000298
38087,Slope County,,ND,-2,868,866,0,0,0,0,0,0,0,0,0,0,0,0,199,0.000052,189,264,0,0
38089,Stark County,,ND,3837,34584,38421,9,9,18,952,1056,2008,8,0.260425,0.273926,12453.940982,0.001556,0.000264,289,0.000468,0,23,0.344444,0.01227
38091,Steele County,,ND,108,2292,2400,0,0,0,0,0,0,0,0,0,0,0,0,200,0.000052,190,265,0,0
38093,Stutsman County,,ND,1374,24720,26094,3,4,7,235,459,694,8,0.25342,0.264618,4.75,0.000112,0.000099,289,0.000166,0,23,0.666667,0.000971
38095,Towner County,,ND,140,2864,3004,0,0,0,0,0,0,0,0,0,0,0,0,201,0.000052,191,266,0,0
38097,Traill County,,ND,618,9278,9896,2,2,4,283,267,550,8,0.253281,0.264018,0,0.000112,0.000076,289,0.000115,0,23,1,0.000861
38099,Walsh County,,ND,751,13552,14303,3,3,6,247,256,503,8,0.253327,0.264258,2839,0.000112,0.000076,289,0.000142,0,23,0.666667,0.000963
38101,Ward County,,ND,10486,76777,87263,18,20,38,2119,2844,4963,7,0.336196,0.361242,31480.618767,0.006977,0.0084,289,0.000701,0,23,0.281385,0.051421
38103,Wells County,,ND,234,5305,5539,0,0,0,0,0,0,0,0,0,0,0,0,202,0.000052,192,267,0,0
38105,Williams County,,ND,6282,33611,39893,19,12,31,1914,1504,3418,7,0.320272,0.341307,9686.281903,0.006216,0.002111,289,0.000645,0,23,0.356725,0.044869
39001,Adams County,,OH,1212,28631,29843,5,4,9,857,635,1492,7,0.25079,0.260822,11.785971,0.000676,0.000076,288,0.000153,0,23,0.6,0.004369
39003,Allen County,,OH,5796,117470,123266,12,15,27,2627,3071,5698,7,0.29476,0.313135,1831.04289,0.001811,0.00208,203,0.000283,0,23,0.385714,0.010975
39005,Ashland County,,OH,3059,60094,63153,9,10,19,2195,1930,4125,7,0.292773,0.309357,262.492992,0.002193,0.001978,288,0.00019,0,23,0.611111,0.013603
39007,Ashtabula County,,OH,4561,111808,116369,10,10,20,2382,2601,4983,7,0.293143,0.310016,85.341185,0.002516,0.002043,288,0.000177,0,23,0.666667,0.014129
39009,Athens County,,OH,3847,49773,53620,10,13,23,1283,1761,3044,7,0.294199,0.311822,4650.66122,0.001685,0.002644,288,0.000328,0,23,0.309524,0.011329
39011,Auglaize County,,OH,2955,57587,60542,9,7,16,1967,1812,3779,7,0.292496,0.308529,66.44127,0.001348,0.000922,203,0.000226,0,23,0.625,0.008904
39013,Belmont County,,OH,3195,76178,79373,7,8,15,1573,1570,3143,7,0.296142,0.314029,11167.869491,0.000901,0.001676,211,0.000273,0,23,0.267857,0.006373
39015,Brown County,,OH,3407,47972,51379,8,9,17,2332,2606,4938,7,0.281475,0.295986,307.682375,0.000978,0.001088,288,0.000226,0,23,0.611111,0.006051
39017,Butler County,,OH,25404,420955,446359,30,37,67,18831,18035,36866,6,0.352441,0.380682,12450.555378,0.01203,0.021332,288,0.000561,0,23,0.453441,0.078672
39019,Carroll County,,OH,2061,31797,33858,5,6,11,1150,1380,2530,7,0.268606,0.281674,415.035543,0.000575,0.000409,288,0.00015,0,23,0.533333,0.003122
39021,Champaign County,,OH,2867,45619,48486,8,9,17,1746,2058,3804,7,0.292958,0.309327,10.099694,0.001454,0.001304,288,0.000196,0,23,0.638889,0.009239
39023,Clark County,,OH,7601,157284,164885,10,10,20,4229,4579,8808,7,0.293391,0.310166,20.268215,0.002315,0.00198,288,0.000216,0,23,0.688889,0.01397
39025,Clermont County,,OH,14846,234836,249682,15,16,31,10836,10326,21162,6,0.333734,0.356777,3011.162811,0.004365,0.006968,288,0.000324,0,23,0.594771,0.026585
39027,Clinton County,,OH,3347,46785,50132,10,10,20,2279,2399,4678,7,0.293484,0.310286,41.514964,0.002364,0.002,288,0.000214,0,23,0.744444,0.014074
39029,Columbiana County,,OH,5340,119725,125065,13,12,25,2869,3293,6162,7,0.296111,0.31455,265.161205,0.003296,0.002852,288,0.000257,0,23,0.538462,0.019597
39031,Coshocton County,,OH,1679,40802,42481,6,7,13,1051,1079,2130,7,0.292526,0.308619,166.747528,0.000938,0.000918,288,0.000193,0,23,0.47619,0.006526
39033,Crawford County,,OH,2674,49590,52264,7,7,14,2277,1692,3969,7,0.292372,0.308319,5.666667,0.000941,0.000914,288,0.000184,0,23,0.619048,0.006665
39035,Cuyahoga County,,OH,58377,1458951,1517328,133,137,270,37938,46759,84697,6,0.392237,0.434431,34582.222453,0.075445,0.080442,288,0.001882,0,23,0.401592,0.491672
39037,Darke County,,OH,2444,63788,66232,7,8,15,1377,1438,2815,7,0.293236,0.309687,763.476248,0.000457,0.001194,288,0.000185,0,23,0.482143,0.003151
39039,Defiance County,,OH,2364,47099,49463,8,6,14,1413,1179,2592,7,0.26716,0.280468,120.925136,0.000555,0.000276,203,0.000192,0,23,0.464286,0.00296
39041,Delaware County,,OH,15582,225406,240988,24,17,41,13447,10475,23922,6,0.332854,0.35511,2095.082704,0.007841,0.007231,288,0.000449,0,23,0.413333,0.050975
39043,Erie County,,OH,4921,92452,97373,10,10,20,2926,2967,5893,7,0.295638,0.313765,23.117546,0.002476,0.002488,288,0.000186,0,23,0.643939,0.014449
39045,Fairfield County,,OH,11293,170733,182026,12,12,24,8718,7621,16339,7,0.295544,0.313393,70.70268,0.002754,0.002948,288,0.000295,0,23,0.480769,0.017481
39047,Fayette County,,OH,2075,31734,33809,7,7,14,1244,1278,2522,7,0.292835,0.308877,8.730691,0.001059,0.000994,288,0.000188,0,23,0.547619,0.007174
39049,Franklin County,,OH,80279,1404327,1484606,216,213,429,62673,65691,128364,6,0.412743,0.461455,358018.857603,0.090843,0.094302,288,0.003541,0,23,0.225538,0.58427
39051,Fulton County,,OH,2770,52621,55391,6,6,12,1905,1815,3720,7,0.264641,0.277176,5.967556,0.000364,0.000188,203,0.00015,0,23,0.633333,0.001874
39053,Gallia County,,OH,1429,31251,32680,4,6,10,523,688,1211,7,0.292958,0.308973,225.296542,0.000024,0.000855,288,0.000198,0,23,0.4,0.000524
39055,Geauga County,,OH,5913,118101,124014,8,8,16,4311,3940,8251,7,0.292773,0.309117,0.622337,0.002309,0.001975,288,0.000151,0,23,0.902778,0.01385
39057,Greene County,,OH,15668,177829,193497,20,22,42,8765,10240,19005,6,0.343511,0.368712,2274.770011,0.009513,0.013646,288,0.000355,0,23,0.523333,0.062354
39059,Guernsey County,,OH,2177,44395,46572,6,6,12,802,1094,1896,7,0.29265,0.308667,2943.089886,0.000912,0.000975,288,0.00022,0,23,0.380952,0.006336
39061,Hamilton County,,OH,49167,933909,983076,95,101,196,34217,39153,73370,6,0.388454,0.425429,46323.745665,0.055834,0.062552,288,0.001482,0,23,0.459556,0.372802
39063,Hancock County,,OH,4963,89346,94309,10,9,19,2376,2274,4650,7,0.292989,0.309657,1072.847734,0.001274,0.001731,203,0.000222,0,23,0.472727,0.007898
39065,Hardin County,,OH,1945,32860,34805,8,7,15,1064,1027,2091,7,0.292434,0.308439,9.880988,0.00095,0.000904,203,0.000217,0,23,0.553571,0.006798
39067,Harrison County,,OH,904,16440,17344,4,4,8,449,535,984,8,0.228762,0.237466,11.951682,0.000046,0.000051,211,0.000161,0,23,0.416667,0.000767
39069,Henry County,,OH,1925,35098,37023,6,7,13,1079,1302,2381,7,0.264667,0.277386,90.462185,0.000349,0.000178,203,0.000159,0,23,0.595238,0.001759
39071,Highland County,,OH,2802,45883,48685,10,11,21,1895,2128,4023,7,0.293484,0.310406,391.812832,0.00196,0.001908,288,0.000251,0,23,0.522727,0.012406
39073,Hocking County,,OH,1737,31128,32865,6,6,12,1090,1179,2269,7,0.292403,0.308259,3.349351,0.000948,0.000904,288,0.00018,0,23,0.733333,0.006502
39075,Holmes County,,OH,1889,47689,49578,5,5,10,1153,1313,2466,7,0.259963,0.27155,2.967857,0.000251,0.000173,288,0.000145,0,23,0.5,0.001694
39077,Huron County,,OH,4099,70931,75030,9,11,20,2529,3000,5529,7,0.29302,0.309956,17.988273,0.001835,0.00187,288,0.000191,0,23,0.609091,0.012001
39079,Jackson County,,OH,1627,34933,36560,6,7,13,812,936,1748,7,0.292619,0.308769,2743.997201,0.000911,0.000886,288,0.000196,0,23,0.5,0.00627
39081,Jefferson County,,OH,3046,75147,78193,10,7,17,1652,1499,3151,7,0.296016,0.313699,2104.794724,0.001826,0.001698,211,0.000285,0,23,0.433333,0.011987
39083,Knox County,,OH,3643,68064,71707,7,6,13,1909,1801,3710,7,0.292372,0.308199,5.274675,0.00103,0.000982,288,0.000193,0,23,0.571429,0.007238
39085,Lake County,,OH,12006,289856,301862,15,20,35,8249,8325,16574,6,0.338985,0.363506,491.4163,0.007158,0.012727,288,0.000244,0,23,0.690476,0.046032
39087,Lawrence County,,OH,2940,65757,68697,6,7,13,1504,1621,3125,7,0.293143,0.309393,1228.305245,0.000029,0.00086,288,0.000283,0,23,0.404762,0.000853
39089,Licking County,,OH,11035,196874,207909,12,11,23,8040,7144,15184,6,0.32224,0.342971,867.214222,0.003579,0.004301,288,0.000289,0,23,0.467949,0.023886
39091,Logan County,,OH,2763,55018,57781,10,11,21,1770,1814,3584,7,0.293082,0.309807,21.235749,0.000986,0.001318,288,0.000257,0,23,0.515152,0.007346
39093,Lorain County,,OH,14655,357905,372560,23,28,51,10843,9401,20244,6,0.343553,0.369557,2033.575381,0.0105,0.014147,288,0.000368,0,23,0.505747,0.068524
39095,Lucas County,,OH,21724,480501,502225,34,54,88,11312,14698,26010,6,0.359276,0.390824,21120.976844,0.013596,0.02848,203,0.000542,0,23,0.411039,0.089731
39097,Madison County,,OH,3407,45745,49152,8,7,15,2644,2316,4960,7,0.292372,0.308319,11.09434,0.001385,0.000971,288,0.000204,0,23,0.5,0.009066
39099,Mahoning County,,OH,11221,268303,279524,16,24,40,7046,7073,14119,6,0.341233,0.366667,1589.581602,0.005705,0.013171,288,0.000275,0,23,0.552536,0.0374
39101,Marion County,,OH,3427,69183,72610,8,9,17,1735,2019,3754,7,0.292434,0.308679,11.75,0.000997,0.000984,288,0.000225,0,23,0.527778,0.007191
39103,Medina County,,OH,11068,220926,231994,14,13,27,8726,7187,15913,6,0.330322,0.352039,380.636449,0.004051,0.005725,288,0.000241,0,23,0.628676,0.025524
39105,Meigs County,,OH,1119,23432,24551,4,4,8,535,558,1093,7,0.292465,0.308139,221.142668,0.00004,0.000853,288,0.000182,0,23,0.45,0.00062
39107,Mercer County,,OH,1829,52286,54115,8,7,15,972,1001,1973,7,0.293082,0.309297,336.086557,0.00132,0.001178,203,0.000201,0,23,0.482143,0.008547
39109,Miami County,,OH,6414,125158,131572,13,12,25,4707,4020,8727,7,0.293515,0.310616,110.28541,0.002347,0.002001,288,0.000275,0,23,0.557692,0.014474
39111,Monroe County,,OH,736,16214,16950,2,3,5,195,300,495,8,0.22929,0.237932,2917.187517,0.000023,0.000017,211,0.000112,0,23,0,0.000336
39113,Montgomery County,,OH,32777,606960,639737,62,71,133,19847,22811,42658,6,0.373321,0.406723,26279.879897,0.03135,0.042786,288,0.001052,0,23,0.411728,0.212258
39115,Morgan County,,OH,819,15116,15935,4,3,7,413,415,828,8,0.227544,0.23575,4.983333,0.000049,0.000033,288,0.000159,0,23,0.416667,0.000728
39117,Morrow County,,OH,2476,38748,41224,6,6,12,2338,1715,4053,7,0.292342,0.308139,1.666667,0.000981,0.000958,288,0.000177,0,23,0.8,0.00686
39119,Muskingum County,,OH,3945,97204,101149,7,7,14,2262,2209,4471,7,0.292465,0.308499,1156.070739,0.000961,0.000921,288,0.000235,0,23,0.47619,0.00671
39121,Noble County,,OH,671,13514,14185,2,2,4,268,273,541,8,0.226783,0.234401,1.333333,0.000017,0.000017,288,0.000114,0,23,0,0.000334
39123,Ottawa County,,OH,2774,51020,53794,9,7,16,1773,1563,3336,7,0.292865,0.309177,2.163335,0.002139,0.001817,203,0.00017,0,23,0.819444,0.012794
39125,Paulding County,,OH,1245,22715,23960,3,4,7,583,803,1386,7,0.261701,0.273649,153.494191,0.00021,0.000147,203,0.000115,0,23,0.583333,0.00137
39127,Perry County,,OH,2202,37905,40107,6,6,12,1798,1756,3554,7,0.292372,0.308199,596.283271,0.000976,0.000913,288,0.000185,0,23,0.619048,0.006649
39129,Pickaway County,,OH,3640,59996,63636,6,7,13,3141,2582,5723,7,0.292372,0.308319,4.833333,0.000933,0.000935,288,0.000184,0,23,0.571429,0.006486
39131,Pike County,,OH,1653,28493,30146,4,5,9,867,1011,1878,7,0.292496,0.308289,0.883333,0.000896,0.00088,288,0.000143,0,23,0.8,0.006008
39133,Portage County,,OH,11231,176405,187636,13,16,29,7684,7856,15540,6,0.332019,0.354588,210.08142,0.003541,0.005652,288,0.000221,0,23,0.704167,0.020792
39135,Preble County,,OH,2532,48683,51215,5,7,12,1617,1705,3322,7,0.272611,0.285782,6.784166,0.000716,0.000608,288,0.00013,0,23,0.690476,0.003871
39137,Putnam County,,OH,1416,44207,45623,5,7,12,724,814,1538,7,0.29268,0.308889,210.369683,0.00004,0.000905,203,0.000151,0,23,0.410714,0.000787
39139,Richland County,,OH,6358,139330,145688,13,14,27,3812,4273,8085,7,0.292896,0.310076,37.848989,0.002433,0.002174,288,0.000278,0,23,0.521978,0.015201
39141,Ross County,,OH,3818,80561,84379,11,11,22,2214,2305,4519,7,0.293205,0.310016,48.016397,0.000996,0.001229,288,0.000301,0,23,0.393939,0.007368
39143,Sandusky County,,OH,3450,73399,76849,7,9,16,2048,2234,4282,7,0.292958,0.309597,3.41845,0.001269,0.001768,203,0.000154,0,23,0.791667,0.007597
39145,Scioto County,,OH,2870,76835,79705,7,7,14,1152,1145,2297,7,0.292742,0.308895,1559.217737,0.000906,0.000872,288,0.000247,0,23,0.357143,0.006398
39147,Seneca County,,OH,3396,64349,67745,8,10,18,1978,2246,4224,7,0.292742,0.309399,17.730901,0.001268,0.001091,203,0.000184,0,23,0.611111,0.007654
39149,Shelby County,,OH,3054,59354,62408,10,9,19,1680,1879,3559,7,0.293453,0.310136,72.144167,0.00193,0.001715,288,0.000237,0,23,0.622222,0.012351
39151,Stark County,,OH,18160,448465,466625,26,37,63,10995,10912,21907,6,0.350662,0.379045,9179.390807,0.011006,0.021094,288,0.000462,0,23,0.459514,0.075901
39153,Summit County,,OH,30822,636207,667029,47,57,104,20056,22086,42142,6,0.363458,0.39582,10395.982449,0.026082,0.037261,288,0.000708,0,23,0.505048,0.173441
39155,Trumbull County,,OH,9826,243457,253283,15,15,30,5475,5831,11306,7,0.314189,0.334674,339.182546,0.004883,0.004222,288,0.000243,0,23,0.595588,0.029024
39157,Tuscarawas County,,OH,4796,114474,119270,10,9,19,2511,2789,5300,7,0.292557,0.308919,2154.336337,0.002188,0.001225,288,0.000252,0,23,0.422222,0.01343
39159,Union County,,OH,4237,60877,65114,6,7,13,2833,2592,5425,7,0.292372,0.308319,4.116667,0.000977,0.000962,288,0.000173,0,23,0.619048,0.00683
39161,Van Wert County,,OH,1668,34937,36605,5,7,12,882,1039,1921,7,0.26212,0.274765,188.508463,0.000245,0.000185,203,0.000152,0,23,0.357143,0.001748
39163,Vinton County,,OH,796,13321,14117,3,4,7,369,487,856,7,0.292372,0.307959,0.433766,0.000888,0.000869,288,0.000113,0,23,0.833333,0.005838
39165,Warren County,,OH,18628,261608,280236,24,25,49,15396,12897,28293,6,0.340856,0.365353,2728.366117,0.009298,0.011226,288,0.000442,0,23,0.493842,0.059893
39167,Washington County,,OH,3044,71417,74461,6,7,13,1477,1354,2831,7,0.292927,0.309207,8631.500673,0.000901,0.000862,288,0.000254,0,23,0.261905,0.006207
39169,Wayne County,,OH,6015,137672,143687,11,10,21,3698,3601,7299,7,0.292804,0.309417,259.757242,0.002432,0.002071,288,0.000219,0,23,0.709091,0.014713
39171,Williams County,,OH,2142,45431,47573,6,8,14,900,1088,1988,7,0.267237,0.280888,62.076893,0.000276,0.000291,203,0.00018,0,23,0.410714,0.001647
39173,Wood County,,OH,10890,141822,152712,15,20,35,6771,6931,13702,6,0.333213,0.356729,2521.528901,0.003188,0.007757,203,0.000283,0,23,0.398268,0.01929
39175,Wyandot County,,OH,1308,27412,28720,6,6,12,852,910,1762,7,0.292372,0.308199,4.017857,0.00092,0.000886,203,0.000173,0,23,0.666667,0.006386
40001,Adair County,,OK,1280,21491,22771,4,5,9,515,805,1320,7,0.276462,0.289959,7.385139,0.000405,0.000702,205,0.000137,0,23,0.85,0.003083
40003,Alfalfa County,,OK,330,5225,5555,1,1,2,79,77,156,8,0.222347,0.230123,0,0,0.00002,205,0.000074,0,268,0.5,0.000099
40005,Atoka County,,OK,811,13103,13914,3,2,5,336,240,576,8,0.231622,0.239964,78.528509,0.000041,0.000032,246,0.000179,0,23,0,0.00065
40007,Beaver County,,OK,476,6098,6574,1,1,2,114,96,210,9,0.212608,0.218934,0,0.000002,0,109,0.000078,0,23,0,0.000113
40009,Beckham County,,OK,2262,22827,25089,4,5,9,671,706,1377,7,0.277401,0.291521,5617.333333,0.000514,0.00052,205,0.000205,0,23,0.5,0.00378
40011,Blaine County,,OK,717,10612,11329,3,3,6,215,236,451,7,0.27729,0.291042,1017.1102,0.000557,0.000508,205,0.000149,0,23,0.333333,0.003938
40013,Bryan County,,OK,2855,41079,43934,12,12,24,1484,1423,2907,7,0.301312,0.320239,14398.645343,0.003432,0.003517,246,0.000448,0,23,0.384615,0.027419
40015,Caddo County,,OK,2071,28329,30400,5,6,11,888,1210,2098,7,0.278262,0.292823,3.298341,0.000749,0.000801,205,0.000155,0,23,0.866667,0.0053
40017,Canadian County,,OK,11444,140369,151813,20,19,39,10148,7889,18037,7,0.314438,0.337482,2965.932015,0.004628,0.00616,205,0.000544,0,23,0.364286,0.035568
40019,Carter County,,OK,3254,52189,55443,14,16,30,1655,1827,3482,7,0.303616,0.323586,12289.651938,0.003134,0.003903,205,0.000497,0,23,0.333333,0.025117
40021,Cherokee County,,OK,3079,43861,46940,8,10,18,1643,1786,3429,7,0.282046,0.297395,104.890201,0.000935,0.001052,205,0.000243,0,23,0.5,0.006859
40023,Choctaw County,,OK,826,14291,15117,4,4,8,437,306,743,8,0.233275,0.242489,5192.585042,0.000074,0.000067,246,0.000188,0,23,0.166667,0.000948
40025,Cimarron County,,OK,152,2945,3097,0,0,0,0,0,0,0,0,0,0,0,0,204,0.000052,193,269,0,0
40027,Cleveland County,,OK,26980,278474,305454,36,40,76,18118,19982,38100,7,0.347071,0.37629,17951.561929,0.014207,0.020998,205,0.00089,0,23,0.355072,0.107609
40029,Coal County,,OK,398,5372,5770,2,2,4,180,200,380,8,0.220014,0.227189,5.49127,0.00001,0.000011,246,0.000163,0,23,0,0.000309
40031,Comanche County,,OK,15107,116578,131685,32,37,69,5308,6520,11828,7,0.340439,0.368991,20223.606486,0.015935,0.018762,205,0.000664,0,23,0.466937,0.11294
40033,Cotton County,,OK,489,6255,6744,2,3,5,197,258,455,8,0.255399,0.267311,1.912422,0.000183,0.000258,205,0.000093,0,23,0.666667,0.001314
40035,Craig County,,OK,1161,13310,14471,5,5,10,520,622,1142,7,0.275367,0.288345,2.59329,0.000412,0.000366,205,0.000176,0,23,0.8,0.003189
40037,Creek County,,OK,6418,72626,79044,9,9,18,4766,4503,9269,7,0.281532,0.296406,29.321201,0.001164,0.000876,205,0.000273,0,23,0.588889,0.008158
40039,Custer County,,OK,2908,28694,31602,6,8,14,976,1391,2367,7,0.281674,0.296472,1676.299121,0.000766,0.000996,205,0.000209,0,23,0.428571,0.005378
40041,Delaware County,,OK,3115,37983,41098,10,12,22,2110,1862,3972,7,0.28285,0.298841,178.032776,0.000823,0.001202,205,0.000286,0,23,0.462121,0.006363
40043,Dewey County,,OK,355,5364,5719,2,1,3,218,77,295,8,0.217126,0.223579,1,0.000013,0.000005,205,0.000197,0,23,0,0.000298
40045,Ellis County,,OK,258,4458,4716,1,1,2,86,134,220,8,0.217126,0.223579,0,0.000004,0.000005,205,0.000175,0,23,0,0.000139
40047,Garfield County,,OK,5853,68636,74489,13,13,26,1537,1880,3417,7,0.285817,0.303363,13189.933124,0.002185,0.001599,205,0.000433,0,23,0.279412,0.015511
40049,Garvin County,,OK,2057,27778,29835,7,8,15,1171,1249,2420,7,0.277678,0.292367,11.574889,0.00076,0.000667,205,0.000247,0,23,0.642857,0.005517
40051,Grady County,,OK,4537,53986,58523,8,9,17,2962,3592,6554,7,0.282447,0.297647,19.199995,0.000953,0.001156,205,0.000228,0,23,0.680556,0.00673
40053,Grant County,,OK,362,4886,5248,0,1,1,0,75,75,8,0.222347,0.230123,0,0,0.00002,205,0.000052,0,270,0,0
40055,Greer County,,OK,331,4977,5308,1,1,2,84,81,165,8,0.220924,0.227825,0,0.000009,0.000007,205,0.000102,0,23,0,0.000161
40057,Harmon County,,OK,278,2667,2945,0,1,1,0,64,64,8,0.220968,0.227923,0,0,0.000007,205,0.000052,0,271,0,0
40059,Harper County,,OK,236,4364,4600,0,1,1,0,73,73,8,0.217171,0.223678,0,0,0.000005,205,0.000052,0,272,0,0
40061,Haskell County,,OK,738,12367,13105,2,3,5,213,283,496,8,0.220189,0.227747,1.635522,0.000012,0.000023,205,0.000116,0,23,0.333333,0.000327
40063,Hughes County,,OK,953,11936,12889,4,2,6,414,217,631,8,0.219945,0.227021,1.116667,0.000524,0.000015,205,0.000175,0,23,0.833333,0.003905
40065,Jackson County,,OK,3356,26902,30258,7,5,12,597,591,1188,7,0.283542,0.298667,8547.925863,0.000737,0.000979,205,0.000295,0,23,0.236111,0.005424
40067,Jefferson County,,OK,517,5695,6212,2,2,4,201,227,428,8,0.233314,0.242105,0,0.000047,0.000038,205,0.000105,0,23,1,0.000526
40069,Johnston County,,OK,833,10466,11299,3,4,7,307,435,742,8,0.233294,0.242639,2.351587,0.000069,0.000077,205,0.000164,0,23,0.666667,0.000856
40071,Kay County,,OK,3060,48170,51230,7,9,16,1108,1468,2576,7,0.28334,0.299111,174.452417,0.001261,0.001118,205,0.000231,0,23,0.458333,0.008597
40073,Kingfisher County,,OK,1110,17791,18901,4,4,8,532,619,1151,7,0.277318,0.291222,0.291667,0.000581,0.000539,205,0.000151,0,23,0.916667,0.004278
40075,Kiowa County,,OK,683,9161,9844,2,2,4,123,170,293,8,0.254138,0.265362,4.056376,0.000177,0.000151,205,0.000104,0,23,0,0.001275
40077,Latimer County,,OK,819,10838,11657,3,2,5,328,321,649,8,0.220084,0.227327,440.493827,0.000012,0.000014,205,0.000155,0,23,0,0.000429
40079,Le Flore County,,OK,2985,47025,50010,6,6,12,1361,1404,2765,7,0.275585,0.288885,2930.82418,0.000434,0.000385,205,0.000269,0,23,0.333333,0.003413
40081,Lincoln County,,OK,2617,34437,37054,7,6,13,2512,1614,4126,7,0.281532,0.295932,975.414618,0.001132,0.000973,205,0.000219,0,23,0.571429,0.007784
40083,Logan County,,OK,3963,44364,48327,7,7,14,3036,2505,5541,7,0.28156,0.296112,12.7033,0.001191,0.00101,205,0.000219,0,23,0.714286,0.008154
40085,Love County,,OK,775,9991,10766,2,2,4,349,379,728,8,0.233001,0.241704,0.952778,0.000071,0.000058,205,0.00011,0,23,0.5,0.00068
40087,McClain County,,OK,3711,40633,44344,5,6,11,3470,2678,6148,7,0.277456,0.291647,0.9,0.000767,0.000666,205,0.000163,0,23,0.8,0.00528
40089,McCurtain County,,OK,1794,32735,34529,4,4,8,311,396,707,7,0.277733,0.291869,8618.873021,0.000533,0.000498,246,0.000206,0,23,0.333333,0.003967
40091,McIntosh County,,OK,1809,18514,20323,5,5,10,762,817,1579,7,0.281503,0.295866,2.255988,0.000906,0.000833,205,0.000169,0,23,0.9,0.006438
40093,Major County,,OK,608,8689,9297,2,2,4,245,259,504,8,0.222338,0.230266,1.666667,0.000019,0.000025,205,0.000123,0,23,0,0.000401
40095,Marshall County,,OK,1039,15252,16291,5,3,8,533,401,934,8,0.233138,0.242099,159.746148,0.000631,0.000061,205,0.00019,0,23,0.65,0.004802
40097,Mayes County,,OK,2780,41033,43813,6,6,12,1399,1609,3008,7,0.275339,0.288405,2.923485,0.000435,0.000379,205,0.000197,0,23,0.733333,0.003396
40099,Murray County,,OK,905,13859,14764,5,3,8,504,332,836,7,0.277373,0.291222,0,0.000745,0.000501,205,0.000178,0,23,1,0.005194
40101,Muskogee County,,OK,4777,69143,73920,9,8,17,2357,2708,5065,7,0.281646,0.296526,1082.488488,0.000941,0.000854,205,0.000274,0,23,0.5,0.007028
40103,Noble County,,OK,863,12118,12981,4,2,6,493,297,790,7,0.277262,0.290862,0,0.000559,0.000486,205,0.000144,0,23,0.833333,0.004036
40105,Nowata County,,OK,716,10778,11494,4,3,7,469,420,889,7,0.275203,0.287746,1.386879,0.000415,0.000369,205,0.00017,0,23,0.833333,0.003138
40107,Okfuskee County,,OK,811,10325,11136,1,3,4,82,224,306,8,0.219927,0.227261,0.583333,0.000008,0.00003,205,0.000075,0,23,0.333333,0.000173
40109,Oklahoma County,,OK,58034,808277,866311,121,116,237,41357,42050,83407,6,0.383469,0.423192,187513.752349,0.050556,0.054299,205,0.002722,0,23,0.280017,0.35634
40111,Okmulgee County,,OK,3020,37664,40684,7,8,15,1514,1869,3383,7,0.281503,0.296226,3661.728022,0.000927,0.000852,205,0.000216,0,23,0.571429,0.006718
40113,Osage County,,OK,4176,43099,47275,7,7,14,3290,3035,6325,7,0.281475,0.296046,23.680173,0.000931,0.000861,205,0.000239,0,23,0.642857,0.006871
40115,Ottawa County,,OK,2447,32684,35131,6,8,14,1312,1259,2571,7,0.281817,0.296784,718.952513,0.00043,0.000847,205,0.000204,0,23,0.5,0.003356
40117,Pawnee County,,OK,1331,15913,17244,4,4,8,794,894,1688,7,0.275258,0.287986,0.333333,0.000437,0.00038,205,0.00015,0,23,0.833333,0.003171
40119,Payne County,,OK,7077,65971,73048,15,16,31,2733,3565,6298,7,0.31288,0.334795,975.481021,0.002227,0.004339,205,0.000451,0,23,0.403509,0.017439
40121,Pittsburg County,,OK,2762,45214,47976,8,10,18,1039,1107,2146,7,0.28176,0.296892,8152.696914,0.0011,0.00097,205,0.000301,0,23,0.288889,0.00777
40123,Pontotoc County,,OK,2776,39813,42589,11,11,22,1294,1376,2670,7,0.281903,0.297311,7667.090626,0.001142,0.00101,205,0.000447,0,23,0.356061,0.008407
40125,Pottawatomie County,,OK,5302,71987,77289,10,7,17,3371,3284,6655,7,0.281589,0.296172,1001.649383,0.001202,0.001005,205,0.000311,0,23,0.522222,0.008531
40127,Pushmataha County,,OK,812,10574,11386,1,2,3,99,214,313,9,0.18946,0.194753,5.72585,0.000001,0.000001,246,0.000092,0,23,0,0.000117
40129,Roger Mills County,,OK,276,3974,4250,1,1,2,89,133,222,8,0.217177,0.223729,0,0.000005,0.000005,205,0.000087,0,23,0,0.00014
40131,Rogers County,,OK,7660,97395,105055,14,10,24,6153,5176,11329,7,0.281532,0.296526,93.633504,0.001025,0.000885,205,0.000414,0,23,0.412088,0.008068
40133,Seminole County,,OK,1754,23566,25320,5,5,10,996,986,1982,7,0.277456,0.291527,1019.563119,0.000528,0.000623,205,0.00025,0,23,0.7,0.004095
40135,Sequoyah County,,OK,2551,40228,42779,6,6,12,1322,1215,2537,7,0.275612,0.288945,30.487437,0.000451,0.000402,205,0.000226,0,23,0.533333,0.003552
40137,Stephens County,,OK,2909,46938,49847,9,9,18,1196,1240,2436,7,0.282534,0.297827,1148.172753,0.000978,0.001166,205,0.000276,0,23,0.511111,0.006982
40139,Texas County,,OK,2791,25881,28672,3,4,7,475,527,1002,7,0.303782,0.320743,3285.019548,0.000004,0.001555,109,0.000168,0,23,0.2,0.000333
40141,Tillman County,,OK,548,7637,8185,1,2,3,74,129,203,8,0.254791,0.26598,0,0.000173,0.000153,205,0.000067,0,23,1,0.001134
40143,Tulsa County,,OK,43212,697282,740494,89,86,175,31499,31716,63215,6,0.379541,0.414879,106700.895521,0.036996,0.041443,205,0.001937,0,23,0.311067,0.262086
40145,Wagoner County,,OK,8163,78510,86673,8,11,19,6271,6144,12415,7,0.311547,0.332126,342.336526,0.000927,0.002325,205,0.000253,0,23,0.545455,0.006967
40147,Washington County,,OK,3831,57441,61272,8,7,15,1740,1706,3446,7,0.311582,0.331604,843.134149,0.002053,0.002152,205,0.000274,0,23,0.517857,0.015577
40149,Washita County,,OK,1353,11676,13029,4,4,8,648,668,1316,7,0.277373,0.291342,118.708159,0.000515,0.000479,205,0.000174,0,23,0.5,0.003792
40151,Woods County,,OK,719,8908,9627,0,2,2,0,138,138,8,0.222409,0.2304,0,0,0.00002,205,0.000052,0,273,0.5,0
40153,Woodward County,,OK,1785,23051,24836,4,3,7,408,307,715,7,0.277318,0.291102,12358.708856,0.0005,0.000466,205,0.000432,0,23,0,0.003685
41001,Baker County,,OR,1034,16966,18000,2,2,4,171,199,370,8,0.259671,0.272658,0,0.000553,0.000296,9,0.000102,0,23,0.833333,0.005145
41003,Benton County,,OR,8102,83406,91508,22,17,39,4649,5207,9856,7,0.326059,0.34818,125.588626,0.009328,0.007989,9,0.000476,0,23,0.787879,0.072131
41005,Clackamas County,,OR,32969,447017,479986,59,50,109,31735,27075,58810,7,0.336848,0.366592,4193.934777,0.02554,0.023659,9,0.001076,0,23,0.495536,0.185568
41007,Clatsop County,,OR,3361,39952,43313,11,12,23,1400,1536,2936,7,0.297952,0.316485,52.943062,0.002869,0.004109,9,0.000274,0,23,0.724359,0.024164
41009,Columbia County,,OR,3453,53674,57127,6,7,13,2184,2005,4189,7,0.277014,0.292382,0.403846,0.001506,0.001983,9,0.000164,0,23,0.928571,0.013017
41011,Coos County,,OR,3618,63731,67349,14,11,25,1657,1605,3262,7,0.295324,0.313168,238.454327,0.004453,0.003541,9,0.000334,0,23,0.8,0.0352
41013,Crook County,,OR,1469,21911,23380,5,3,8,962,633,1595,8,0.253535,0.265218,0.482143,0.00132,0.000448,9,0.000189,0,23,0.866667,0.011816
41015,Curry County,,OR,1815,23206,25021,5,5,10,472,558,1030,8,0.253535,0.265488,4.674,0.000474,0.000589,9,0.000164,0,23,0.65,0.004776
41017,Deschutes County,,OR,11607,190553,202160,55,35,90,11375,7322,18697,7,0.330637,0.356625,8820.0191,0.021892,0.015517,9,0.001134,0,23,0.480576,0.162457
41019,Douglas County,,OR,5630,109828,115458,20,18,38,3160,3124,6284,7,0.322016,0.344222,98.268604,0.009618,0.006783,9,0.000432,0,23,0.794372,0.072906
41021,Gilliam County,,OR,114,1964,2078,0,0,0,0,0,0,0,0,0,0,0,0,206,0.000052,194,274,0,0
41023,Grant County,,OR,494,7377,7871,0,1,1,0,63,63,8,0.248547,0.258678,0,0,0.000202,9,0.000052,0,275,0,0
41025,Harney County,,OR,477,7473,7950,0,1,1,0,71,71,8,0.248547,0.258678,0,0,0.000202,9,0.000052,0,276,0,0
41027,Hood River County,,OR,1607,29261,30868,4,5,9,724,783,1507,7,0.275176,0.289851,1.567297,0.000976,0.001017,9,0.000145,0,23,0.666667,0.008687
41029,Jackson County,,OR,10896,231592,242488,49,37,86,8888,6583,15471,7,0.330991,0.357404,2590.407179,0.021191,0.017886,9,0.000886,0,23,0.594902,0.153858
41031,Jefferson County,,OR,1507,22186,23693,5,3,8,1000,685,1685,7,0.275203,0.289641,20.621654,0.001315,0.000957,9,0.000189,0,23,0.85,0.011816
41033,Josephine County,,OR,4746,84626,89372,20,12,32,3001,2512,5513,7,0.318218,0.338018,669.424534,0.010764,0.003644,9,0.000397,0,23,0.740476,0.078656
41035,Klamath County,,OR,4282,66184,70466,15,15,30,1653,1819,3472,7,0.309293,0.33003,5664.696721,0.004372,0.003978,9,0.000396,0,23,0.637255,0.034825
41037,Lake County,,OR,558,7704,8262,1,1,2,64,59,123,8,0.236249,0.244927,0,0.000037,0.00004,9,0.000075,0,23,0,0.000425
41039,Lane County,,OR,18492,372897,391389,56,51,107,12570,12317,24887,7,0.339192,0.368883,6367.306929,0.025487,0.025269,9,0.001072,0,23,0.545082,0.188241
41041,Lincoln County,,OR,4027,47994,52021,17,16,33,2033,2218,4251,7,0.298112,0.317265,85.483071,0.005985,0.004595,9,0.000395,0,23,0.810526,0.047847
41043,Linn County,,OR,9185,125346,134531,20,16,36,6223,5863,12086,7,0.318985,0.339958,62.009329,0.008532,0.005403,9,0.000434,0,23,0.82619,0.065523
41045,Malheur County,,OR,2178,28297,30475,4,4,8,858,1064,1922,8,0.259598,0.272778,0,0.000425,0.000441,9,0.000171,0,23,1,0.003665
41047,Marion County,,OR,18587,352112,370699,43,33,76,16075,13548,29623,7,0.330873,0.356744,901.579716,0.019423,0.016076,9,0.000805,0,23,0.617865,0.140915
41049,Morrow County,,OR,1169,13127,14296,1,1,2,413,458,871,8,0.228856,0.237068,0,0.000037,0.000028,9,0.000072,0,23,0,0.000342
41051,Multnomah County,,OR,65229,840780,906009,169,125,294,57462,56502,113964,6,0.379386,0.421027,59680.901522,0.080728,0.058952,9,0.0028,0,23,0.302869,0.539763
41053,Polk County,,OR,6753,80568,87321,18,12,30,5795,4919,10714,7,0.295293,0.313228,2.43113,0.007741,0.003701,9,0.000395,0,23,0.928105,0.059893
41055,Sherman County,,OR,209,1966,2175,0,0,0,0,0,0,0,0,0,0,0,0,207,0.000052,195,277,0,0
41057,Tillamook County,,OR,1819,27360,29179,7,7,14,896,807,1703,7,0.276903,0.292142,0.375,0.001641,0.001884,9,0.000187,0,23,0.946429,0.014397
41059,Umatilla County,,OR,4936,81889,86825,12,15,27,2277,2607,4884,7,0.296743,0.315927,5766.074359,0.003015,0.004015,9,0.000346,0,23,0.591667,0.025204
41061,Union County,,OR,1815,27562,29377,4,5,9,409,463,872,7,0.27682,0.292634,2806.422121,0.000582,0.001109,9,0.000178,0,23,0.366667,0.005577
41063,Wallowa County,,OR,500,7948,8448,0,1,1,0,69,69,8,0.216866,0.224203,0,0,0.000005,9,0.000052,0,278,0,0
41065,Wasco County,,OR,1748,26990,28738,5,5,10,697,670,1367,7,0.276793,0.291692,2.801987,0.001026,0.001452,9,0.000161,0,23,0.766667,0.009369
41067,Washington County,,OR,46086,635109,681195,101,82,183,38385,37830,76215,6,0.366478,0.402513,14169.518756,0.048209,0.044305,9,0.001746,0,23,0.402457,0.345727
41069,Wheeler County,,OR,88,1302,1390,0,0,0,0,0,0,0,0,0,0,0,0,208,0.000052,196,279,0,0
41071,Yamhill County,,OR,6839,107327,114166,15,14,29,4900,4586,9486,7,0.318912,0.339598,28.344515,0.005797,0.005299,9,0.000354,0,23,0.966667,0.046365
42001,Adams County,,PA,5985,124845,130830,11,9,20,4447,3926,8373,7,0.272371,0.288363,10.704635,0.003515,0.001583,210,0.000176,0,23,0.754545,0.019453
42003,Allegheny County,,PA,57115,1474404,1531519,174,190,364,38164,45684,83848,6,0.401416,0.449598,221325.389893,0.087448,0.094638,211,0.002585,0,23,0.294787,0.552554
42005,Armstrong County,,PA,3457,82474,85931,6,6,12,2162,2383,4545,7,0.286643,0.302742,3.825,0.001052,0.000878,211,0.000166,0,23,0.7,0.006138
42007,Beaver County,,PA,8052,209786,217838,10,11,21,4990,4672,9662,7,0.310711,0.330497,139.142259,0.001433,0.003256,211,0.000201,0,23,0.5,0.007512
42009,Bedford County,,PA,2059,59661,61720,6,5,11,839,875,1714,8,0.226728,0.236059,41.534036,0.000052,0.000044,211,0.000189,0,23,0.2,0.00092
42011,Berks County,,PA,18665,501631,520296,30,46,76,11432,12420,23852,6,0.348551,0.377846,805.238324,0.01643,0.030601,210,0.000327,0,23,0.695153,0.090737
42013,Blair County,,PA,4475,148923,153398,7,9,16,1753,1984,3737,7,0.287295,0.304349,1528.300492,0.001146,0.001284,211,0.000191,0,23,0.458333,0.006553
42015,Bradford County,,PA,3419,73294,76713,8,9,17,1198,1429,2627,7,0.253976,0.266662,272.191531,0.000202,0.000231,211,0.000228,0,23,0.305556,0.001577
42017,Bucks County,,PA,35344,801551,836895,65,93,158,28654,28456,57110,6,0.360722,0.397631,3203.488655,0.040634,0.057738,210,0.000684,0,23,0.554628,0.238949
42019,Butler County,,PA,10067,231059,241126,12,15,27,6704,5775,12479,7,0.318474,0.339829,628.948424,0.001413,0.005127,211,0.000258,0,23,0.391667,0.007705
42021,Cambria County,,PA,5176,161977,167153,8,8,16,2427,2360,4787,7,0.286968,0.303569,1210.707633,0.001164,0.000947,211,0.000206,0,23,0.535714,0.006746
42023,Cameron County,,PA,243,5921,6164,0,0,0,0,0,0,0,0,0,0,0,0,209,0.000052,197,280,0,0
42025,Carbon County,,PA,4030,74818,78848,10,8,18,2684,2560,5244,7,0.273874,0.289209,2.379975,0.004362,0.00182,210,0.000131,0,23,0.966667,0.022361
42027,Centre County,,PA,8018,140550,148568,22,28,50,2951,3520,6471,6,0.344875,0.371656,16608.308337,0.007543,0.015905,211,0.00037,0,23,0.495699,0.041712
42029,Chester County,,PA,30818,633106,663924,66,79,145,23639,23171,46810,6,0.358673,0.393403,2435.422864,0.040203,0.051064,210,0.000723,0,23,0.612163,0.238777
42031,Clarion County,,PA,1842,43231,45073,6,6,12,953,868,1821,7,0.286643,0.302742,2782.7,0.000943,0.000855,211,0.000232,0,23,0.5,0.005937
42033,Clearfield County,,PA,3434,92475,95909,7,7,14,1718,1677,3395,7,0.286879,0.303311,1417.426886,0.001062,0.000914,211,0.000186,0,23,0.547619,0.006388
42035,Clinton County,,PA,1921,42974,44895,2,2,4,933,934,1867,7,0.256768,0.267493,0,0.000187,0.000097,210,0.00008,0,23,1,0.000772
42037,Columbia County,,PA,3477,72150,75627,8,5,13,1766,1574,3340,7,0.253281,0.264923,127.885774,0.001276,0.000223,210,0.00017,0,23,0.571429,0.006518
42039,Crawford County,,PA,4051,98626,102677,6,6,12,2065,2047,4112,7,0.286761,0.302952,10.674165,0.00113,0.000906,211,0.000145,0,23,0.6,0.006254
42041,Cumberland County,,PA,16956,294155,311111,34,29,63,11281,9973,21254,6,0.336481,0.362301,4219.400126,0.014265,0.015838,210,0.000428,0,23,0.478858,0.080653
42043,Dauphin County,,PA,19347,327450,346797,42,48,90,11248,13155,24403,6,0.349692,0.379261,20995.709387,0.020751,0.027437,210,0.000545,0,23,0.53733,0.121753
42045,Delaware County,,PA,34151,663064,697215,55,70,125,28775,28148,56923,6,0.356785,0.390116,1566.655125,0.035665,0.045797,210,0.000614,0,23,0.659825,0.213545
42047,Elk County,,PA,1025,40834,41859,3,4,7,329,407,736,7,0.286702,0.302592,11.076367,0.000024,0.000825,211,0.000125,0,23,0.583333,0.000451
42049,Erie County,,PA,10753,320706,331459,14,35,49,2927,4958,7885,6,0.355371,0.384419,9362.827276,0.004789,0.02262,211,0.000273,0,23,0.492437,0.031565
42051,Fayette County,,PA,5452,153111,158563,6,6,12,2783,3052,5835,7,0.287413,0.303677,29.043661,0.001033,0.000878,211,0.000202,0,23,0.666667,0.006176
42053,Forest County,,PA,269,5432,5701,2,1,3,111,76,187,8,0.222801,0.230054,0,0.000879,0.000009,211,0.000097,0,23,1,0.005266
42055,Franklin County,,PA,7420,191369,198789,13,13,26,3967,3902,7869,7,0.306936,0.327289,5020.022689,0.003074,0.004116,210,0.000244,0,23,0.452381,0.017785
42057,Fulton County,,PA,681,17890,18571,1,3,4,178,341,519,8,0.236551,0.24657,1.613068,0.000038,0.000089,210,0.000068,0,23,0.333333,0.000278
42059,Greene County,,PA,1656,40647,42303,4,4,8,794,950,1744,7,0.287295,0.303197,0,0.000916,0.000837,211,0.000156,0,23,1,0.005671
42061,Huntingdon County,,PA,1847,49226,51073,6,5,11,1028,861,1889,7,0.257005,0.268399,149.070041,0.000345,0.000113,211,0.000168,0,23,0.333333,0.002048
42063,Indiana County,,PA,4356,92688,97044,6,8,14,1664,2051,3715,7,0.286731,0.303161,6.970238,0.001013,0.000902,211,0.000169,0,23,0.571429,0.006126
42065,Jefferson County,,PA,2286,54327,56613,6,6,12,1175,1291,2466,7,0.286702,0.302832,1340.800164,0.000912,0.000843,211,0.000187,0,23,0.566667,0.005876
42067,Juniata County,,PA,1004,29072,30076,4,5,9,495,601,1096,7,0.259453,0.271262,2.453516,0.000264,0.000338,210,0.000129,0,23,0.65,0.001624
42069,Lackawanna County,,PA,9819,246697,256516,23,28,51,5017,5340,10357,6,0.336848,0.362397,5431.44777,0.010826,0.015404,210,0.000296,0,23,0.615865,0.057392
42071,Lancaster County,,PA,21231,663032,684263,50,57,107,13219,13115,26334,6,0.345303,0.376208,5066.019716,0.026202,0.033411,210,0.000562,0,23,0.555012,0.149376
42073,Lawrence County,,PA,3741,104429,108170,7,7,14,2076,2176,4252,7,0.286761,0.303101,2.066917,0.001233,0.000971,211,0.000144,0,23,0.714286,0.006853
42075,Lebanon County,,PA,6875,169039,175914,13,10,23,4680,3720,8400,7,0.284006,0.301036,7.844335,0.006194,0.002899,210,0.000168,0,23,0.897436,0.032595
42077,Lehigh County,,PA,22671,426379,449050,50,57,107,17209,16495,33704,6,0.34569,0.376652,1476.049328,0.02817,0.035656,210,0.000506,0,23,0.656277,0.1566
42079,Luzerne County,,PA,13156,374568,387724,34,49,83,7714,7971,15685,6,0.338531,0.367092,12515.053298,0.016019,0.025257,210,0.000405,0,23,0.535989,0.084959
42081,Lycoming County,,PA,5552,135883,141435,15,17,32,2353,2598,4951,7,0.30697,0.328003,15127.225493,0.002966,0.004419,210,0.000337,0,23,0.362745,0.016297
42083,McKean County,,PA,1563,48153,49716,5,6,11,571,639,1210,7,0.286939,0.303311,5092.233343,0.000233,0.000866,211,0.000169,0,23,0.233333,0.000919
42085,Mercer County,,PA,4982,133466,138448,9,10,19,2547,2599,5146,7,0.288877,0.306352,18.140552,0.001342,0.0017,211,0.000184,0,23,0.588889,0.007227
42087,Mifflin County,,PA,1673,55035,56708,5,5,10,663,766,1429,7,0.260084,0.27218,18.330951,0.000405,0.000269,211,0.000152,0,23,0.5,0.002099
42089,Monroe County,,PA,13090,183534,196624,32,40,72,8306,7591,15897,6,0.329265,0.354912,371.331215,0.015633,0.020347,210,0.000303,0,23,0.676539,0.076108
42091,Montgomery County,,PA,52438,1010896,1063334,91,111,202,43258,47714,90972,6,0.375034,0.41461,9224.054869,0.057251,0.069361,210,0.001028,0,23,0.529842,0.346882
42093,Montour County,,PA,1841,22071,23912,4,4,8,753,951,1704,8,0.23503,0.244448,4.291423,0.00029,0.000046,210,0.000121,0,23,0.8,0.001469
42095,Northampton County,,PA,19106,360886,379992,39,47,86,14832,13887,28719,6,0.348726,0.378433,818.017155,0.019108,0.02723,210,0.000359,0,23,0.626299,0.096005
42097,Northumberland County,,PA,4608,107428,112036,8,11,19,2908,2954,5862,7,0.282879,0.30031,677.564858,0.000571,0.001624,210,0.000205,0,23,0.5,0.003224
42099,Perry County,,PA,2466,56608,59074,5,7,12,1902,1649,3551,7,0.261528,0.274441,13.209873,0.000982,0.000758,210,0.000112,0,23,0.642857,0.004655
42101,Philadelphia County,,PA,87152,1500953,1588105,158,170,328,62455,79199,141654,6,0.392625,0.439751,34128.565459,0.089704,0.093376,210,0.001917,0,23,0.389503,0.557505
42103,Pike County,,PA,4687,64017,68704,19,15,34,2985,2379,5364,7,0.296902,0.316023,30.897167,0.009699,0.006125,210,0.000199,0,23,0.747619,0.047512
42105,Potter County,,PA,1112,19761,20873,2,2,4,264,329,593,8,0.223518,0.231481,10.502319,0.000008,0.000003,211,0.000105,0,23,0,0.000238
42107,Schuylkill County,,PA,5626,169484,175110,15,16,31,3458,3379,6837,7,0.291056,0.310082,272.600275,0.004401,0.004314,210,0.000208,0,23,0.698529,0.021593
42109,Snyder County,,PA,1859,46306,48165,6,5,11,1229,984,2213,7,0.259332,0.271094,22.473431,0.000281,0.000204,210,0.000164,0,23,0.466667,0.001885
42111,Somerset County,,PA,2813,89347,92160,6,6,12,1409,1353,2762,7,0.28682,0.30303,3372.746961,0.000998,0.000859,211,0.000213,0,23,0.4,0.006027
42113,Sullivan County,,PA,371,7004,7375,2,2,4,160,165,325,8,0.235249,0.244544,0,0.000043,0.000029,211,0.000091,0,23,1,0.000404
42115,Susquehanna County,,PA,2685,49459,52144,6,6,12,1238,1446,2684,7,0.255071,0.267664,21.998363,0.000529,0.000367,210,0.000144,0,23,0.566667,0.002562
42117,Tioga County,,PA,2270,47494,49764,5,5,10,856,731,1587,8,0.236049,0.246529,685.29978,0.000064,0.000057,211,0.000172,0,23,0.3,0.000877
42119,Union County,,PA,2575,43291,45866,5,5,10,1265,1357,2622,7,0.256958,0.268303,57.505353,0.000204,0.000116,210,0.00015,0,23,0.533333,0.00117
42121,Venango County,,PA,2448,63204,65652,6,6,12,1141,1343,2484,7,0.286731,0.302892,5.506227,0.001159,0.000894,211,0.000154,0,23,0.733333,0.006209
42123,Warren County,,PA,1784,48283,50067,5,5,10,765,797,1562,7,0.28682,0.302952,406.788683,0.001121,0.000876,211,0.000128,0,23,0.6,0.005957
42125,Washington County,,PA,10028,253578,263606,12,12,24,6435,5801,12236,7,0.296775,0.315204,239.989535,0.001335,0.001771,211,0.000315,0,23,0.368132,0.007426
42127,Wayne County,,PA,3527,58970,62497,11,6,17,2053,1683,3736,7,0.282505,0.298961,222.193242,0.004021,0.001311,210,0.000151,0,23,0.651515,0.02004
42129,Westmoreland County,,PA,15375,449771,465146,13,24,37,9960,9739,19699,6,0.333213,0.357701,4061.302855,0.003608,0.011866,211,0.000298,0,23,0.373333,0.025226
42131,Wyoming County,,PA,1837,33532,35369,4,4,8,1281,1068,2349,7,0.254115,0.265757,6.33078,0.00038,0.000254,210,0.00011,0,23,0.75,0.001772
42133,York County,,PA,21108,543826,564934,39,51,90,14873,13737,28610,6,0.346682,0.376472,2986.400533,0.017481,0.02968,210,0.000466,0,23,0.55487,0.099193
44001,Bristol County,,RI,3344,57148,60492,8,8,16,2177,2118,4295,7,0.285435,0.302127,0,0.003189,0.002935,90,0.000126,0,23,1,0.018541
44003,Kent County,,RI,11966,202356,214322,14,20,34,8633,8396,17029,7,0.327249,0.350219,105.48203,0.005733,0.011382,90,0.000181,0,23,0.810526,0.031061
44005,Newport County,,RI,8336,95210,103546,21,21,42,3907,4084,7991,7,0.320716,0.343908,159.401375,0.011571,0.011151,90,0.000255,0,23,0.616809,0.06808
44007,Providence County,,RI,32036,700169,732205,65,78,143,21233,25205,46438,6,0.358627,0.393133,2591.805314,0.045826,0.053876,90,0.000799,0,23,0.641313,0.289536
44009,Washington County,,RI,8252,148971,157223,16,20,36,5441,5374,10815,7,0.313763,0.336675,44.299555,0.007519,0.011566,90,0.000198,0,23,0.809524,0.041021
45001,Abbeville County,,SC,1392,24939,26331,3,3,6,956,949,1905,8,0.26734,0.279501,0,0.000436,0.000526,179,0.000117,0,23,1,0.003867
45003,Aiken County,,SC,10236,178329,188565,14,20,34,5147,5334,10481,7,0.313339,0.334915,2754.709392,0.0035,0.008436,25,0.000323,0,23,0.551948,0.026568
45005,Allendale County,,SC,592,8134,8726,2,2,4,178,208,386,8,0.213802,0.220488,4.001955,0.000008,0.000004,25,0.000118,0,23,0,0.000248
45007,Anderson County,,SC,10823,208038,218861,17,18,35,7402,6910,14312,7,0.31288,0.333955,1536.812609,0.004857,0.007915,179,0.0004,0,23,0.55848,0.037874
45009,Bamberg County,,SC,780,13620,14400,3,3,6,367,400,767,7,0.271122,0.283965,126.629692,0.000472,0.000435,179,0.000112,0,23,0.833333,0.003289
45011,Barnwell County,,SC,1282,22540,23822,4,5,9,533,715,1248,7,0.271228,0.284445,2105.624467,0.000124,0.000471,25,0.000164,0,23,0.5,0.000897
45013,Beaufort County,,SC,15905,188041,203946,64,46,110,9009,7189,16198,7,0.353652,0.383895,15854.37355,0.041415,0.031304,179,0.000934,0,23,0.555175,0.26454
45015,Berkeley County,,SC,23457,201831,225288,42,40,82,16140,15703,31843,7,0.343002,0.371924,2806.650374,0.024174,0.021487,179,0.00068,0,23,0.520875,0.161822
45017,Calhoun County,,SC,1019,15517,16536,3,3,6,925,829,1754,7,0.271096,0.283905,0,0.000622,0.000557,179,0.0001,0,23,1,0.004166
45019,Charleston County,,SC,34458,397025,431483,117,84,201,28625,24237,52862,6,0.37549,0.411635,20585.168862,0.069794,0.052641,179,0.001726,0,23,0.460661,0.453221
45021,Cherokee County,,SC,2729,57107,59836,7,5,12,1777,1688,3465,8,0.267804,0.28061,3.807851,0.000689,0.000793,179,0.000201,0,23,0.642857,0.006283
45023,Chester County,,SC,1876,34302,36178,4,4,8,1099,1246,2345,7,0.288458,0.30467,61.92065,0.001075,0.001256,179,0.00014,0,23,0.5,0.008411
45025,Chesterfield County,,SC,2157,45482,47639,8,10,18,1109,1225,2334,7,0.289811,0.307615,1040.576879,0.00114,0.002166,179,0.000213,0,23,0.455556,0.008868
45027,Clarendon County,,SC,2088,33217,35305,6,5,11,995,1046,2041,7,0.271148,0.284295,3.711121,0.001112,0.000636,179,0.000158,0,23,0.761905,0.008427
45029,Colleton County,,SC,2199,40369,42568,6,7,13,1200,1592,2792,7,0.277207,0.291947,74.540907,0.001113,0.001789,179,0.000177,0,23,0.714286,0.009438
45031,Darlington County,,SC,3803,70677,74480,6,9,15,2037,2302,4339,7,0.290023,0.307735,41.571413,0.000983,0.002845,179,0.000165,0,23,0.75,0.007691
45033,Dillon County,,SC,1646,32315,33961,5,5,10,665,837,1502,7,0.261553,0.274519,178.644135,0.000444,0.000578,179,0.000161,0,23,0.45,0.004087
45035,Dorchester County,,SC,17304,155718,173022,24,17,41,12594,10822,23416,7,0.324044,0.347416,407.627707,0.011452,0.010485,179,0.000448,0,23,0.622507,0.084494
45037,Edgefield County,,SC,1756,25286,27042,4,4,8,1303,1179,2482,8,0.258969,0.271266,7.394604,0.000475,0.000413,25,0.000126,0,23,0.666667,0.003266
45039,Fairfield County,,SC,1322,23556,24878,4,4,8,813,875,1688,7,0.271096,0.284055,7.265654,0.000596,0.000553,179,0.00014,0,23,0.5,0.004236
45041,Florence County,,SC,8364,148184,156548,18,23,41,4351,5083,9434,7,0.312282,0.334999,4599.356251,0.003584,0.007244,179,0.000417,0,23,0.429348,0.028267
45043,Georgetown County,,SC,4546,69256,73802,7,8,15,2291,2749,5040,7,0.290144,0.307855,37.023424,0.002545,0.003348,179,0.000188,0,23,0.875,0.02062
45045,Greenville County,,SC,31484,531096,562580,95,60,155,23991,20621,44612,7,0.36465,0.397209,30650.197065,0.051073,0.036625,179,0.001601,0,23,0.423434,0.344729
45047,Greenwood County,,SC,4057,74638,78695,11,12,23,2074,2312,4386,7,0.290174,0.308395,3002.839458,0.001193,0.002861,179,0.000335,0,23,0.519231,0.009406
45049,Hampton County,,SC,1160,19977,21137,4,4,8,516,486,1002,8,0.261455,0.273287,3513.956423,0.000312,0.000398,179,0.000177,0,23,0.333333,0.002898
45051,Horry County,,SC,21069,323162,344231,127,62,189,17561,10354,27915,6,0.353517,0.386332,22045.679671,0.054953,0.034005,179,0.00169,0,23,0.301797,0.325814
45053,Jasper County,,SC,2376,23701,26077,3,3,6,1312,1312,2624,8,0.267752,0.280784,53.938989,0.000669,0.000819,179,0.000127,0,23,0.666667,0.005654
45055,Kershaw County,,SC,4245,69186,73431,8,7,15,2319,2393,4712,7,0.271254,0.284774,28.140601,0.001196,0.000638,179,0.000213,0,23,0.446429,0.009311
45057,Lancaster County,,SC,5072,86257,91329,8,8,16,4644,2901,7545,7,0.289721,0.307195,72.732309,0.002476,0.002283,179,0.00021,0,23,0.597222,0.018676
45059,Laurens County,,SC,4094,67265,71359,5,7,12,2615,2705,5320,7,0.274036,0.288061,1.278697,0.000543,0.001054,179,0.000156,0,23,0.833333,0.004839
45061,Lee County,,SC,1152,17226,18378,5,5,10,718,801,1519,7,0.271148,0.284295,1.294172,0.000605,0.000523,179,0.000142,0,23,0.75,0.004166
45063,Lexington County,,SC,20527,304810,325337,35,37,72,14954,14573,29527,7,0.325219,0.352199,5051.340607,0.013362,0.016746,179,0.000688,0,23,0.458769,0.096991
45065,McCormick County,,SC,542,9407,9949,2,1,3,170,142,312,8,0.224929,0.232899,1.367258,0.000188,0.000011,179,0.000095,0,23,0,0.001326
45067,Marion County,,SC,1754,33298,35052,4,4,8,873,1084,1957,7,0.272718,0.286352,18.843743,0.00081,0.000952,179,0.000134,0,23,0.833333,0.006503
45069,Marlboro County,,SC,1172,27009,28181,4,4,8,522,469,991,8,0.239321,0.249647,8.63681,0.000122,0.000055,179,0.000128,0,23,0.333333,0.000878
45071,Newberry County,,SC,2004,41413,43417,6,8,14,1152,1247,2399,7,0.27409,0.288301,125.013231,0.000958,0.001117,179,0.000173,0,23,0.642857,0.007578
45073,Oconee County,,SC,4295,79741,84036,8,5,13,1824,1988,3812,7,0.27638,0.289944,172.308843,0.002244,0.001267,179,0.000215,0,23,0.732143,0.017461
45075,Orangeburg County,,SC,5286,90193,95479,12,16,28,2353,3309,5662,7,0.305822,0.326759,1766.377286,0.002686,0.004626,179,0.000302,0,23,0.507353,0.021183
45077,Pickens County,,SC,8285,117800,126085,10,10,20,5242,5338,10580,7,0.310607,0.330633,107.175268,0.002046,0.00536,179,0.000261,0,23,0.762821,0.017255
45079,Richland County,,SC,35213,402152,437365,95,84,179,24916,25230,50146,6,0.371623,0.407125,57443.632763,0.044479,0.046141,179,0.001618,0,23,0.370971,0.303937
45081,Saluda County,,SC,1545,22484,24029,6,6,12,1001,1070,2071,7,0.271281,0.284684,27.84471,0.000697,0.000589,179,0.000167,0,23,0.633333,0.004731
45083,Spartanburg County,,SC,15381,318327,333708,30,27,57,9931,10106,20037,7,0.315724,0.339095,5678.138928,0.009879,0.010436,179,0.000645,0,23,0.42959,0.074261
45085,Sumter County,,SC,9255,116617,125872,17,18,35,2838,3612,6450,7,0.32042,0.34323,1331.889179,0.006588,0.008898,179,0.000349,0,23,0.484848,0.048405
45087,Union County,,SC,1042,27849,28891,2,3,5,449,538,987,8,0.267392,0.279621,0.404762,0.000106,0.000567,179,0.000091,0,23,0.75,0.000971
45089,Williamsburg County,,SC,1939,32657,34596,6,6,12,1161,1286,2447,7,0.273577,0.287887,6.303562,0.001039,0.001205,179,0.000168,0,23,0.766667,0.008375
45091,York County,,SC,15533,271142,286675,42,33,75,12558,9448,22006,7,0.338572,0.365411,2810.503049,0.018781,0.015367,179,0.000744,0,23,0.475765,0.127991
46003,Aurora County,,SD,131,3400,3531,1,1,2,80,64,144,9,0.20628,0.212048,0,0.000002,0.000001,43,0.000102,0,23,0,0.000122
46005,Beadle County,,SD,1398,21715,23113,2,2,4,123,239,362,8,0.255987,0.266491,0,0.000108,0.000095,43,0.000136,0,23,1,0.000934
46007,Bennett County,,SD,172,2995,3167,0,0,0,0,0,0,0,0,0,0,0,0,212,0.000052,198,281,0,0
46009,Bon Homme County,,SD,368,7057,7425,1,1,2,79,148,227,9,0.203844,0.209147,0,0.000001,0.000001,43,0.000121,0,23,0,0.000122
46011,Brookings County,,SD,2733,31942,34675,7,9,16,802,1053,1855,7,0.295199,0.311698,12463.603325,0.000103,0.000932,43,0.000445,0,23,0.244444,0.001476
46013,Brown County,,SD,2689,45144,47833,6,8,14,831,820,1651,7,0.295199,0.311578,14447.904588,0.000102,0.000931,43,0.000409,0,23,0.222222,0.001356
46015,Brule County,,SD,443,6134,6577,0,0,0,0,0,0,0,0,0,0,0,0,213,0.000052,199,282,0,0
46017,Buffalo County,,SD,122,1943,2065,0,0,0,0,0,0,0,0,0,0,0,0,214,0.000052,200,283,0,0
46019,Butte County,,SD,1043,11404,12447,3,3,6,446,500,946,8,0.252247,0.262496,0,0.000104,0.000069,43,0.000191,0,23,1,0.000872
46021,Campbell County,,SD,-2,1818,1816,0,0,0,0,0,0,0,0,0,0,0,0,215,0.000052,201,284,0,0
46023,Charles Mix County,,SD,398,9629,10027,1,0,1,65,0,65,0,0,0,0,0.000099,0,43,0.000092,0,3,0,0.000809
46025,Clark County,,SD,218,4145,4363,1,1,2,71,94,165,9,0.206402,0.212377,0,0.000001,0.000001,43,0.000104,0,23,0,0.000133
46027,Clay County,,SD,1522,11536,13058,3,5,8,281,510,791,8,0.259792,0.271577,54.342988,0.000101,0.000172,43,0.000226,0,23,0.6,0.001058
46029,Codington County,,SD,2141,33235,35376,8,9,17,766,939,1705,8,0.26006,0.272717,21814.675072,0.000116,0.000163,43,0.00055,0,23,0.152778,0.001579
46031,Corson County,,SD,228,3397,3625,0,1,1,0,75,75,1,1,1,0,0,0,235,0.000052,202,286,0,0
46033,Custer County,,SD,826,9559,10385,1,1,2,245,228,473,8,0.252201,0.262136,0,0.000102,0.000067,43,0.000092,0,23,0,0.000636
46035,Davison County,,SD,1697,23156,24853,5,6,11,480,571,1051,8,0.259865,0.271877,16857.125283,0.0001,0.00017,43,0.000354,0,23,0.142857,0.001214
46037,Day County,,SD,394,6688,7082,0,1,1,0,85,85,8,0.227981,0.235222,0,0,0.000001,43,0.000052,0,287,0,0
46039,Deuel County,,SD,304,5294,5598,1,2,3,90,133,223,8,0.228086,0.235697,0,0.000001,0.000002,43,0.000104,0,23,1,0.000133
46041,Dewey County,,SD,447,6812,7259,0,1,1,0,68,68,8,0.252246,0.262221,0,0,0.000067,43,0.000052,0,288,0,0
46043,Douglas County,,SD,136,3611,3747,0,0,0,0,0,0,0,0,0,0,0,0,216,0.000052,203,289,0,0
46045,Edmunds County,,SD,280,4495,4775,1,1,2,180,168,348,8,0.227936,0.235127,0,0.000009,0.000001,43,0.000096,0,23,0,0.000126
46047,Fall River County,,SD,722,7731,8453,1,1,2,224,83,307,8,0.252201,0.262136,0,0.000102,0.000067,43,0.000092,0,23,0,0.000636
46049,Faulk County,,SD,100,2432,2532,0,0,0,0,0,0,0,0,0,0,0,0,217,0.000052,204,290,0,0
46051,Grant County,,SD,376,9374,9750,1,1,2,67,82,149,9,0.206402,0.212377,0,0.000001,0.000001,43,0.000104,0,23,0,0.000133
46053,Gregory County,,SD,126,5045,5171,0,0,0,0,0,0,0,0,0,0,0,0,218,0.000052,205,291,0,0
46055,Haakon County,,SD,111,2388,2499,0,0,0,0,0,0,0,0,0,0,0,0,219,0.000052,206,292,0,0
46057,Hamlin County,,SD,487,6850,7337,2,2,4,205,241,446,8,0.228086,0.235697,0,0.00001,0.000002,43,0.000146,0,23,1,0.000262
46059,Hand County,,SD,163,4049,4212,0,0,0,0,0,0,0,0,0,0,0,0,220,0.000052,207,293,0,0
46061,Hanson County,,SD,457,5656,6113,1,1,2,61,82,143,9,0.20628,0.212048,0,0.000002,0.000001,43,0.000102,0,23,0,0.000122
46063,Harding County,,SD,-2,1484,1482,0,0,0,0,0,0,0,0,0,0,0,0,221,0.000052,208,294,0,0
46065,Hughes County,,SD,1618,21472,23090,3,3,6,416,497,913,8,0.259744,0.271217,5617,0.000201,0.000161,43,0.000233,0,23,0.333333,0.001547
46067,Hutchinson County,,SD,366,8433,8799,1,2,3,65,129,194,8,0.256011,0.266551,0,0.000002,0.000095,43,0.000102,0,23,1,0.000122
46069,Hyde County,,SD,97,1643,1740,0,0,0,0,0,0,0,0,0,0,0,0,222,0.000052,209,295,0,0
46071,Jackson County,,SD,108,2829,2937,0,0,0,0,0,0,0,0,0,0,0,0,223,0.000052,210,296,0,0
46073,Jerauld County,,SD,136,2234,2370,0,0,0,0,0,0,0,0,0,0,0,0,224,0.000052,211,297,0,0
46075,Jones County,,SD,70,1250,1320,0,0,0,0,0,0,0,0,0,0,0,0,225,0.000052,212,298,0,0
46077,Kingsbury County,,SD,409,6390,6799,1,1,2,99,81,180,8,0.227936,0.235157,0,0.000009,0.000001,43,0.000094,0,23,0,0.000129
46079,Lake County,,SD,1073,14985,16058,2,2,4,276,277,553,8,0.255987,0.266491,0,0.000108,0.000095,43,0.000134,0,23,1,0.000938
46081,Lawrence County,,SD,2480,27762,30242,5,5,10,965,1017,1982,8,0.26045,0.272603,338.310564,0.000119,0.000178,43,0.000264,0,23,0.4,0.001196
46083,Lincoln County,,SD,6193,61176,67369,11,5,16,4929,3796,8725,7,0.321606,0.341385,5817.09945,0.000991,0.00224,43,0.000572,0,23,0.280303,0.007549
46085,Lyman County,,SD,217,4249,4466,0,0,0,0,0,0,0,0,0,0,0,0,226,0.000052,213,299,0,0
46087,McCook County,,SD,357,6821,7178,1,1,2,144,206,350,8,0.255917,0.266192,0,0.000099,0.000094,43,0.000092,0,23,0,0.000809
46089,McPherson County,,SD,94,2507,2601,0,0,0,0,0,0,0,0,0,0,0,0,227,0.000052,214,300,0,0
46091,Marshall County,,SD,366,5025,5391,0,0,0,0,0,0,0,0,0,0,0,0,228,0.000052,215,301,0,0
46093,Meade County,,SD,4313,29753,34066,3,3,6,1853,1876,3729,8,0.252247,0.262496,0,0.000104,0.000069,43,0.000191,0,23,1,0.000872
46095,Mellette County,,SD,98,1831,1929,0,0,0,0,0,0,0,0,0,0,0,0,229,0.000052,216,302,0,0
46097,Miner County,,SD,126,2819,2945,0,0,0,0,0,0,0,0,0,0,0,0,230,0.000052,217,303,0,0
46099,Minnehaha County,,SD,16893,224545,241438,41,37,78,9145,8902,18047,7,0.343893,0.370946,161772.897393,0.010201,0.010778,43,0.001749,0,23,0.1875,0.071077
46101,Moody County,,SD,425,7533,7958,2,2,4,193,262,455,8,0.255987,0.266491,0,0.000108,0.000095,43,0.000134,0,23,1,0.000938
46103,Pennington County,,SD,12771,124383,137154,29,26,55,4628,4473,9101,7,0.337216,0.362664,63524.898358,0.007267,0.011063,43,0.001227,0,23,0.198949,0.054847
46105,Perkins County,,SD,70,3403,3473,0,0,0,0,0,0,0,0,0,0,0,0,231,0.000052,218,304,0,0
46107,Potter County,,SD,106,3039,3145,0,0,0,0,0,0,0,0,0,0,0,0,232,0.000052,219,305,0,0
46109,Roberts County,,SD,665,11037,11702,1,1,2,84,68,152,9,0.206402,0.212377,0,0.000001,0.000001,43,0.000104,0,23,0,0.000133
46111,Sanborn County,,SD,148,2827,2975,0,1,1,0,55,55,9,0.206323,0.212151,0,0,0.000001,43,0.000052,0,306,0,0
46113,Shannon County,,SD,715,11595,12310,1,1,2,268,263,531,8,0.252201,0.262136,0,0.000102,0.000067,43,0.000092,0,23,0,0.000636
46115,Spink County,,SD,368,7380,7748,1,1,2,75,102,177,8,0.227936,0.235127,0,0.000009,0.000001,43,0.000096,0,23,0,0.000126
46117,Stanley County,,SD,342,3673,4015,1,1,2,247,226,473,9,0.206203,0.211808,0,0.000001,0.000002,43,0.000118,0,23,0,0.00012
46119,Sully County,,SD,92,1816,1908,0,0,0,0,0,0,0,0,0,0,0,0,233,0.000052,220,307,0,0
46121,Todd County,,SD,478,8023,8501,1,1,2,69,96,165,8,0.252201,0.262136,0,0.000102,0.000067,43,0.000092,0,23,0,0.000636
46123,Tripp County,,SD,236,6608,6844,0,0,0,0,0,0,0,0,0,0,0,0,234,0.000052,221,308,0,0
46125,Turner County,,SD,653,9886,10539,2,2,4,367,371,738,8,0.25594,0.266372,0,0.00012,0.000103,43,0.00019,0,23,1,0.001
46127,Union County,,SD,1617,18143,19760,6,4,10,1038,662,1700,8,0.256365,0.267427,42.857559,0.000146,0.000123,43,0.000309,0,23,0.433333,0.001589
46129,Walworth County,,SD,370,6542,6912,1,0,1,75,0,75,0,0,0,0,0,0,235,0.000097,202,285,0,0.000099
46135,Yankton County,,SD,1541,25755,27296,5,4,9,543,402,945,8,0.256011,0.266791,11173,0.000101,0.000104,43,0.000322,0,23,0.166667,0.001224
46137,Ziebach County,,SD,85,1296,1381,0,0,0,0,0,0,0,0,0,0,0,0,236,0.000052,222,309,0,0
47001,Anderson County,,TN,6512,82231,88743,11,11,22,3929,4197,8126,7,0.306496,0.325247,848.322542,0.001384,0.002841,238,0.000356,0,23,0.378788,0.010756
47003,Bedford County,,TN,2987,51661,54648,7,8,15,1962,1724,3686,7,0.290447,0.30479,982.435157,0.000959,0.001026,238,0.000241,0,23,0.589286,0.007696
47005,Benton County,,TN,884,16749,17633,3,3,6,373,357,730,8,0.227414,0.234738,5.394444,0.000017,0.000014,238,0.000158,0,23,0.333333,0.000433
47007,Bledsoe County,,TN,697,11429,12126,4,4,8,336,400,736,8,0.262989,0.274771,7.155988,0.000241,0.000266,238,0.000175,0,23,0.583333,0.002361
47009,Blount County,,TN,7944,141968,149912,13,13,26,4731,4460,9191,7,0.306767,0.325775,824.64189,0.002525,0.002863,238,0.000386,0,23,0.438095,0.018922
47011,Bradley County,,TN,6666,112184,118850,13,12,25,3703,3312,7015,7,0.306598,0.325607,2306.873746,0.001381,0.003003,238,0.000433,0,23,0.285714,0.010811
47013,Campbell County,,TN,2023,37880,39903,5,5,10,953,1011,1964,7,0.275121,0.287779,4858.257972,0.000438,0.000335,238,0.000197,0,23,0.3,0.002908
47015,Cannon County,,TN,1048,14494,15542,3,4,7,751,722,1473,8,0.263612,0.27544,0.375,0.000221,0.000225,238,0.000138,0,23,0.833333,0.001852
47017,Carroll County,,TN,1974,29548,31522,6,6,12,1026,1050,2076,8,0.238112,0.248097,111.108011,0.000078,0.000042,238,0.000243,0,23,0.466667,0.000986
47019,Carter County,,TN,3833,56132,59965,6,6,12,2095,2310,4405,7,0.275339,0.288157,3910.413075,0.000089,0.000361,238,0.00027,0,23,0.380952,0.001016
47021,Cheatham County,,TN,3721,45583,49304,8,8,16,2702,2558,5260,7,0.293391,0.308581,0.94359,0.001469,0.001622,238,0.000233,0,23,0.910714,0.011823
47023,Chester County,,TN,1185,16992,18177,3,3,6,553,534,1087,8,0.237704,0.246987,4.535714,0.000043,0.000022,238,0.000193,0,23,0.666667,0.000509
47025,Claiborne County,,TN,1652,31134,32786,4,4,8,632,631,1263,7,0.274931,0.287329,4274.184388,0.000411,0.000326,238,0.000196,0,23,0.333333,0.002719
47027,Clay County,,TN,469,7598,8067,2,2,4,158,138,296,8,0.226137,0.233461,3.869048,0.000008,0.000013,238,0.000114,0,23,0.333333,0.000272
47029,Cocke County,,TN,2031,35950,37981,5,5,10,927,1074,2001,7,0.274849,0.287299,1.255556,0.000455,0.000355,238,0.000191,0,23,0.8,0.003064
47031,Coffee County,,TN,4006,58600,62606,8,9,17,2300,2318,4618,7,0.291056,0.30602,5891.946991,0.000924,0.001246,238,0.000352,0,23,0.4,0.007554
47033,Crockett County,,TN,1036,15790,16826,6,5,11,872,697,1569,8,0.237806,0.247497,3.299206,0.000744,0.000055,238,0.000217,0,23,0.766667,0.00495
47035,Cumberland County,,TN,3617,63840,67457,10,11,21,1285,1227,2512,7,0.291912,0.307657,10207.479457,0.001546,0.001556,238,0.000363,0,23,0.336364,0.011737
47037,Davidson County,,TN,67681,731888,799569,185,144,329,46672,50245,96917,6,0.408436,0.449076,263924.541088,0.083481,0.074803,238,0.003426,0,23,0.265012,0.55691
47039,Decatur County,,TN,692,11821,12513,1,1,2,234,282,516,8,0.225294,0.231721,0,0.000007,0,238,0.00009,0,23,0,0.000118
47041,DeKalb County,,TN,1447,19989,21436,8,7,15,892,862,1754,7,0.290538,0.30482,1987.086053,0.000951,0.00104,238,0.00029,0,23,0.535714,0.007928
47043,Dickson County,,TN,3488,55870,59358,9,9,18,2347,2099,4446,7,0.293484,0.30888,108.055726,0.00145,0.001604,238,0.000295,0,23,0.544444,0.011619
47045,Dyer County,,TN,2354,41536,43890,7,8,15,1046,1079,2125,7,0.296205,0.311789,5877.526401,0.000739,0.001399,238,0.000255,0,23,0.5,0.005008
47047,Fayette County,,TN,3646,45423,49069,4,6,10,2689,2516,5205,7,0.289932,0.304208,3.22619,0.000745,0.000631,238,0.000146,0,23,0.566667,0.004591
47049,Fentress County,,TN,873,17301,18174,2,2,4,234,291,525,8,0.226156,0.233521,0,0.000032,0.000027,238,0.000112,0,23,1,0.00045
47051,Franklin County,,TN,2881,44789,47670,6,8,14,1252,1532,2784,7,0.291881,0.306739,3113.282899,0.000931,0.001291,238,0.000215,0,23,0.517857,0.007309
47053,Gibson County,,TN,3448,54271,57719,9,9,18,2153,2007,4160,7,0.2963,0.312089,7862.054335,0.001442,0.001388,238,0.000306,0,23,0.5,0.010241
47055,Giles County,,TN,1797,30842,32639,7,8,15,1107,1061,2168,7,0.29185,0.306679,29.288781,0.000541,0.001325,238,0.00024,0,23,0.625,0.004672
47057,Grainger County,,TN,1572,22667,24239,6,4,10,1234,935,2169,7,0.274795,0.287089,1204.470555,0.000431,0.000332,238,0.000229,0,23,0.433333,0.003023
47059,Greene County,,TN,3061,72702,75763,7,7,14,1337,1350,2687,7,0.275312,0.288247,340.370632,0.000516,0.00037,238,0.000254,0,23,0.666667,0.003454
47061,Grundy County,,TN,774,14727,15501,4,4,8,337,420,757,8,0.226561,0.234276,15.778571,0.000028,0.000028,238,0.000176,0,23,0.333333,0.000663
47063,Hamblen County,,TN,4483,69638,74121,9,10,19,2721,2689,5410,7,0.304314,0.322129,277.367556,0.000527,0.001841,238,0.000326,0,23,0.527273,0.003934
47065,Hamilton County,,TN,21381,389755,411136,62,51,113,13054,12588,25642,7,0.356236,0.386473,65632.881876,0.02682,0.023811,238,0.001411,0,23,0.316587,0.191923
47067,Hancock County,,TN,184,6118,6302,0,0,0,0,0,0,0,0,0,0,0,0,237,0.000052,223,310,0,0
47069,Hardeman County,,TN,1428,25550,26978,3,5,8,647,824,1471,7,0.290114,0.304358,4.426068,0.000713,0.000618,238,0.00011,0,23,0.6,0.004378
47071,Hardin County,,TN,1607,26892,28499,4,1,5,646,376,1022,9,0.192239,0.197166,6.180456,0.000707,0.000007,238,0.000201,0,23,0.416667,0.00449
47073,Hawkins County,,TN,3874,58583,62457,7,8,15,2244,2561,4805,7,0.275312,0.288367,563.772162,0.000513,0.000374,238,0.000267,0,23,0.571429,0.003444
47075,Haywood County,,TN,1199,20599,21798,7,5,12,786,756,1542,7,0.290114,0.304358,217.333788,0.00073,0.000624,238,0.000232,0,23,0.595238,0.005028
47077,Henderson County,,TN,1620,30089,31709,5,6,11,907,879,1786,7,0.290782,0.30506,6234.012847,0.000049,0.000798,238,0.000269,0,23,0.4,0.00078
47079,Henry County,,TN,1931,34989,36920,5,6,11,634,696,1330,7,0.293701,0.308658,5658.930292,0.000713,0.001043,238,0.000215,0,23,0.266667,0.005685
47081,Hickman County,,TN,1617,23266,24883,5,4,9,1001,911,1912,7,0.290174,0.303771,0.485714,0.001112,0.00106,238,0.000182,0,23,0.95,0.009011
47083,Houston County,,TN,542,8535,9077,2,3,5,189,276,465,8,0.267675,0.280058,1.451166,0.000297,0.000283,238,0.000111,0,23,0.666667,0.002044
47085,Humphreys County,,TN,1087,20070,21157,3,3,6,362,356,718,7,0.290144,0.303591,2497.53566,0.000704,0.000782,238,0.000145,0,23,0.333333,0.005513
47087,Jackson County,,TN,718,10673,11391,1,1,2,402,328,730,8,0.226082,0.233161,0,0.000018,0.000013,238,0.000084,0,23,0,0.000228
47089,Jefferson County,,TN,4747,53440,58187,7,6,13,2779,2956,5735,7,0.274822,0.287389,5.100874,0.000484,0.000377,238,0.000258,0,23,0.642857,0.003484
47091,Johnson County,,TN,655,15988,16643,1,2,3,77,154,231,8,0.227787,0.236592,4.288802,0.000003,0.000028,238,0.00009,0,23,0,0.000123
47093,Knox County,,TN,29191,488031,517222,72,78,150,19244,19056,38300,6,0.378662,0.41254,115621.29865,0.034568,0.04393,238,0.001626,0,23,0.379979,0.245979
47095,Lake County,,TN,423,5387,5810,1,2,3,119,268,387,8,0.228593,0.235694,0,0.000013,0.000007,238,0.000079,0,23,1,0.000158
47097,Lauderdale County,,TN,1520,25321,26841,6,6,12,817,890,1707,7,0.290235,0.304688,311.070231,0.001385,0.000625,238,0.000226,0,23,0.642857,0.009806
47099,Lawrence County,,TN,1786,43498,45284,7,7,14,1031,958,1989,7,0.29069,0.30503,6167.813997,0.000938,0.001005,238,0.000283,0,23,0.380952,0.007529
47101,Lewis County,,TN,722,12121,12843,3,2,5,261,202,463,8,0.22577,0.232837,2779,0.000024,0.000034,238,0.000169,0,23,0.333333,0.000592
47103,Lincoln County,,TN,1876,38139,40015,8,8,16,1147,1208,2355,7,0.29185,0.306679,38.918383,0.00055,0.001308,0,0.000249,0,23,0.597222,0.004714
47105,Loudon County,,TN,4326,59210,63536,7,6,13,2695,2553,5248,7,0.274904,0.287569,2.525169,0.000496,0.000369,238,0.000235,0,23,0.714286,0.003577
47107,McMinn County,,TN,3331,54783,58114,9,9,18,2074,2072,4146,7,0.275421,0.288949,113.994209,0.000695,0.000617,238,0.000318,0,23,0.5,0.00541
47109,McNairy County,,TN,1547,26331,27878,6,4,10,926,739,1665,8,0.237969,0.247593,4115.724673,0.000718,0.000023,238,0.000378,0,23,0.4,0.004753
47111,Macon County,,TN,1186,24040,25226,4,4,8,700,620,1320,7,0.290296,0.303981,3215.132878,0.000752,0.00083,238,0.000161,0,23,0.5,0.00629
47113,Madison County,,TN,8229,106917,115146,14,20,34,3709,4873,8582,7,0.311687,0.333344,19047.190204,0.001633,0.003892,238,0.000524,0,23,0.242857,0.012343
47115,Marion County,,TN,1586,30381,31967,4,4,8,814,827,1641,8,0.262939,0.274711,394.050825,0.000227,0.000254,238,0.00018,0,23,0.333333,0.002265
47117,Marshall County,,TN,2350,34646,36996,7,7,14,1501,1687,3188,7,0.290387,0.30455,53.103839,0.001131,0.001265,238,0.000232,0,23,0.714286,0.009288
47119,Maury County,,TN,6868,97373,104241,16,11,27,5417,4116,9533,7,0.291239,0.306589,5517.105052,0.002778,0.001571,238,0.000492,0,23,0.45,0.021074
47121,Meigs County,,TN,1039,12057,13096,4,4,8,656,674,1330,8,0.262839,0.274531,0,0.000258,0.000269,238,0.000169,0,23,1,0.002399
47123,Monroe County,,TN,2839,46908,49747,5,6,11,1596,1636,3232,7,0.275012,0.287779,2.500306,0.000443,0.00037,238,0.000188,0,23,0.733333,0.003098
47125,Montgomery County,,TN,24087,187374,211461,70,67,137,14692,12208,26900,7,0.365129,0.398456,33526.752414,0.02897,0.031943,238,0.001285,0,23,0.348457,0.197669
47127,Moore County,,TN,452,7039,7491,3,1,4,343,137,480,8,0.225458,0.232105,0,0.000033,0.000009,238,0.000134,0,23,1,0.000538
47129,Morgan County,,TN,1190,19703,20893,3,3,6,673,632,1305,7,0.274768,0.286909,0,0.000434,0.000335,238,0.000127,0,23,1,0.002711
47131,Obion County,,TN,1925,35358,37283,5,6,11,799,879,1678,7,0.296048,0.311279,6995.582475,0.000039,0.001378,238,0.000242,0,23,0.428571,0.000725
47133,Overton County,,TN,1425,22719,24144,3,5,8,721,872,1593,8,0.226303,0.23433,2864.187451,0.000032,0.000028,238,0.000161,0,23,0.35,0.000556
47135,Perry County,,TN,451,7818,8269,0,1,1,0,71,71,9,0.18424,0.188128,0,0,0,238,0.000052,0,311,0,0
47137,Pickett County,,TN,255,5283,5538,1,0,1,63,0,63,0,0,0,0,0,0,238,0.000079,0,8,0,0.000111
47139,Polk County,,TN,1260,17268,18528,4,4,8,780,787,1567,8,0.262964,0.274729,158.483932,0.000255,0.000275,238,0.000192,0,23,0.5,0.002431
47141,Putnam County,,TN,5710,76557,82267,14,14,28,2581,3035,5616,7,0.292096,0.308377,18452.518068,0.0014,0.001925,238,0.000531,0,23,0.325,0.011299
47143,Rhea County,,TN,2039,33787,35826,7,7,14,1003,957,1960,7,0.275339,0.288529,56.751538,0.000275,0.000593,238,0.000267,0,23,0.535714,0.002888
47145,Roane County,,TN,3794,56391,60185,8,8,16,2144,2302,4446,7,0.275121,0.288199,34.130484,0.000487,0.000384,238,0.000279,0,23,0.464286,0.003627
47147,Robertson County,,TN,5843,81192,87035,9,10,19,4263,3833,8096,7,0.293794,0.30945,836.074045,0.00142,0.001635,238,0.000267,0,23,0.581818,0.010985
47149,Rutherford County,,TN,22900,315963,338863,51,47,98,17784,15622,33406,7,0.357612,0.387943,31815.820449,0.021632,0.022735,238,0.001117,0,23,0.345412,0.150286
47151,Scott County,,TN,587,21269,21856,2,4,6,179,267,446,7,0.275067,0.287479,865.006068,0.000003,0.000335,238,0.000138,0,23,0.5,0.000241
47153,Sequatchie County,,TN,991,15064,16055,4,4,8,797,902,1699,8,0.26279,0.274411,4.632576,0.000252,0.000264,238,0.000182,0,23,0.5,0.002348
47155,Sevier County,,TN,8162,106024,114186,11,11,22,3504,3932,7436,7,0.306699,0.325415,489.303886,0.002469,0.002852,238,0.000333,0,23,0.5,0.017464
47157,Shelby County,,TN,53379,1089828,1143207,137,152,289,31061,39286,70347,6,0.407957,0.450042,295329.58714,0.063272,0.072889,238,0.002621,0,23,0.276987,0.426006
47159,Smith County,,TN,1283,20741,22024,3,4,7,616,611,1227,7,0.290326,0.304041,0,0.00073,0.000838,238,0.000128,0,23,1,0.005862
47161,Stewart County,,TN,1147,13822,14969,2,2,4,413,411,824,8,0.26752,0.279639,0,0.000297,0.000269,238,0.0001,0,23,1,0.002044
47163,Sullivan County,,TN,9388,172530,181918,15,16,31,6029,5614,11643,7,0.308435,0.32863,40316.711744,0.001464,0.003372,238,0.000555,0,23,0.263158,0.011695
47165,Sumner County,,TN,13554,195136,208690,22,19,41,10266,8371,18637,7,0.311862,0.333464,10260.96917,0.006629,0.004228,238,0.00059,0,23,0.411067,0.045996
47167,Tipton County,,TN,4476,68427,72903,6,5,11,2771,2564,5335,7,0.289902,0.304029,8.698748,0.000786,0.00063,238,0.000206,0,23,0.6,0.00503
47169,Trousdale County,,TN,616,8432,9048,3,3,6,490,534,1024,8,0.237847,0.247203,0.333333,0.00007,0.000116,238,0.000137,0,23,0.833333,0.00115
47171,Unicoi County,,TN,1121,18419,19540,3,3,6,530,669,1199,8,0.240066,0.249988,0,0.000088,0.000038,238,0.000148,0,23,1,0.000671
47173,Union County,,TN,1384,18453,19837,3,4,7,976,996,1972,7,0.274822,0.287119,2.833333,0.000434,0.000339,238,0.000139,0,23,0.5,0.002693
47175,Van Buren County,,TN,372,5678,6050,2,1,3,173,130,303,9,0.184578,0.188774,0,0.000003,0,238,0.000137,0,23,1,0.000301
47177,Warren County,,TN,1915,43238,45153,7,8,15,953,1023,1976,8,0.263888,0.27652,4729.966336,0.000922,0.000232,238,0.000282,0,23,0.402778,0.0074
47179,Washington County,,TN,9747,131465,141212,17,17,34,5725,5405,11130,7,0.315401,0.338112,29341.102667,0.002621,0.005833,238,0.000561,0,23,0.318421,0.020557
47181,Wayne County,,TN,720,15022,15742,2,3,5,181,339,520,8,0.227191,0.234744,7.391667,0.000022,0.000022,238,0.000111,0,23,0.333333,0.000348
47183,Weakley County,,TN,2038,32305,34343,6,7,13,884,969,1853,7,0.296269,0.311729,2079.424742,0.000742,0.001387,238,0.000217,0,23,0.571429,0.004836
47185,White County,,TN,1619,27183,28802,6,5,11,1048,834,1882,8,0.22634,0.23442,2806.949968,0.000044,0.000044,238,0.000321,0,23,0.4,0.001031
47187,Williamson County,,TN,18741,241200,259941,43,30,73,15960,12214,28174,7,0.353923,0.381849,6815.235658,0.027413,0.020095,238,0.000839,0,23,0.628989,0.190525
47189,Wilson County,,TN,9951,143830,153781,16,15,31,9344,6363,15707,7,0.299978,0.317816,3032.581368,0.00524,0.002537,238,0.000419,0,23,0.486928,0.036697
48001,Anderson County,,TX,3708,48306,52014,9,9,18,1687,1816,3503,7,0.311338,0.331748,105.313346,0.004236,0.00521,246,0.000257,0,23,0.611111,0.035752
48003,Andrews County,,TX,1406,19145,20551,3,3,6,540,470,1010,8,0.257888,0.270322,0,0.000794,0.00047,246,0.000121,0,23,1,0.006008
48005,Angelina County,,TX,5302,93434,98736,16,18,34,2613,2857,5470,7,0.313869,0.336156,2642.101063,0.00476,0.007968,246,0.00044,0,23,0.447368,0.040717
48007,Aransas County,,TX,2730,25482,28212,7,5,12,1601,1248,2849,7,0.311687,0.331311,0,0.003871,0.004043,246,0.000202,0,23,0.97619,0.032551
48009,Archer County,,TX,796,9988,10784,2,1,3,526,437,963,8,0.251584,0.261867,0,0.000142,0.000102,246,0.000094,0,23,1,0.001
48011,Armstrong County,,TX,175,2135,2310,0,1,1,0,70,70,8,0.249731,0.259668,0,0,0.000081,246,0.000052,0,312,0,0
48013,Atascosa County,,TX,4434,49674,54108,8,4,12,2664,2593,5257,7,0.311024,0.330141,148.6629,0.003473,0.002382,246,0.000262,0,23,0.625,0.029008
48015,Austin County,,TX,2133,33504,35637,6,6,12,1572,1464,3036,7,0.308606,0.327322,2.092857,0.001909,0.002371,246,0.00019,0,23,0.766667,0.016554
48017,Bailey County,,TX,882,7745,8627,2,4,6,161,459,620,8,0.258271,0.27064,64.668287,0.000198,0.000207,246,0.000097,0,23,0.5,0.001449
48019,Bandera County,,TX,1805,21175,22980,4,4,8,1020,1056,2076,7,0.311024,0.330141,0,0.00213,0.002427,246,0.000147,0,23,1,0.016594
48021,Bastrop County,,TX,6606,80161,86767,11,12,23,5848,4354,10202,7,0.313551,0.334897,72.221057,0.005679,0.006922,246,0.000306,0,23,0.653846,0.04784
48023,Baylor County,,TX,276,3644,3920,0,1,1,0,65,65,8,0.251629,0.261952,0,0,0.000102,246,0.000052,0,313,0,0
48025,Bee County,,TX,2224,26981,29205,8,8,16,906,1048,1954,7,0.311862,0.33197,560.931937,0.003422,0.004106,246,0.000253,0,23,0.660714,0.028596
48027,Bell County,,TX,48114,338227,386341,114,113,227,28629,30412,59041,7,0.374377,0.415189,24854.892003,0.055417,0.053311,246,0.001917,0,23,0.339001,0.380442
48029,Bexar County,,TX,104674,2015433,2120107,291,244,535,96507,84594,181101,6,0.425574,0.47682,177999.037575,0.112292,0.098213,246,0.005062,0,23,0.176709,0.740328
48031,Blanco County,,TX,751,11699,12450,5,4,9,556,298,854,7,0.306024,0.32364,0.111111,0.002253,0.002746,246,0.000178,0,23,0.9,0.019676
48033,Borden County,,TX,76,658,734,0,0,0,0,0,0,0,0,0,0,0,0,239,0.000052,224,314,0,0
48035,Bosque County,,TX,1585,18405,19990,4,5,9,735,794,1529,7,0.297187,0.312809,1.17619,0.001065,0.001301,246,0.00014,0,23,0.8,0.009234
48037,Bowie County,,TX,7066,98415,105481,13,15,28,3745,3886,7631,7,0.313905,0.336,22776.712278,0.004507,0.006869,246,0.000381,0,23,0.448529,0.036331
48039,Brazoria County,,TX,25629,363595,389224,35,30,65,21537,18817,40354,7,0.340189,0.366886,1025.682128,0.018213,0.01625,246,0.000699,0,23,0.588462,0.136572
48041,Brazos County,,TX,15154,174034,189188,37,35,72,8859,9528,18387,7,0.334658,0.361614,1500.492217,0.012693,0.015467,246,0.000878,0,23,0.466667,0.102266
48043,Brewster County,,TX,995,9873,10868,0,0,0,0,0,0,0,0,0,0,0,0,240,0.000052,225,315,0,0
48045,Briscoe County,,TX,100,1701,1801,0,0,0,0,0,0,0,0,0,0,0,0,241,0.000052,226,316,0,0
48047,Brooks County,,TX,447,7853,8300,1,2,3,126,212,338,8,0.254092,0.265506,0,0.000026,0.000218,246,0.000074,0,23,1,0.000288
48049,Brown County,,TX,2638,38599,41237,12,11,23,979,1063,2042,7,0.314402,0.335904,7316.212857,0.004597,0.006774,246,0.000347,0,23,0.557692,0.039151
48051,Burleson County,,TX,1343,19180,20523,3,3,6,764,710,1474,7,0.308504,0.326783,0,0.001319,0.001463,246,0.000124,0,23,1,0.010237
48053,Burnet County,,TX,4127,48513,52640,10,11,21,2965,2483,5448,7,0.314047,0.335395,62.780221,0.00594,0.007273,246,0.000276,0,23,0.690909,0.049422
48055,Caldwell County,,TX,3732,40033,43765,8,9,17,3027,3460,6487,7,0.311722,0.33185,1.833333,0.003817,0.004834,246,0.000234,0,23,0.833333,0.032744
48057,Calhoun County,,TX,1587,24022,25609,3,3,6,538,641,1179,7,0.308572,0.326902,279.067654,0.00122,0.00137,246,0.000125,0,23,0.833333,0.009495
48059,Callahan County,,TX,1315,13999,15314,2,1,3,746,580,1326,8,0.253166,0.263845,0,0.000144,0.000112,246,0.000096,0,23,1,0.001172
48061,Cameron County,,TX,17933,445344,463277,25,31,56,8092,11245,19337,7,0.34241,0.369087,1699.587407,0.013827,0.018922,246,0.000512,0,23,0.64678,0.104755
48063,Camp County,,TX,1037,13087,14124,2,4,6,469,494,963,7,0.297888,0.31423,1.083333,0.000047,0.001163,246,0.000103,0,23,0.583333,0.000464
48065,Carson County,,TX,524,6494,7018,3,4,7,313,354,667,8,0.250158,0.260655,0.666667,0.000116,0.000131,246,0.000141,0,23,0.833333,0.000994
48067,Cass County,,TX,2389,31837,34226,8,8,16,996,1196,2192,7,0.305822,0.324366,1747.55475,0.001308,0.002761,246,0.000229,0,23,0.416667,0.009821
48069,Castro County,,TX,696,8397,9093,1,1,2,63,119,182,9,0.205001,0.211035,0,0.000102,0.000002,246,0.000078,0,23,1,0.000759
48071,Chambers County,,TX,4351,45194,49545,5,6,11,3571,3107,6678,7,0.308606,0.327322,0,0.001751,0.002197,246,0.000159,0,23,1,0.014456
48073,Cherokee County,,TX,3532,52820,56352,10,9,19,2141,2051,4192,7,0.310815,0.330939,4.542666,0.003439,0.003865,246,0.000252,0,23,0.788889,0.027458
48075,Childress County,,TX,405,6206,6611,0,0,0,0,0,0,0,0,0,0,0,0,242,0.000052,227,317,0,0
48077,Clay County,,TX,926,11344,12270,1,3,4,520,550,1070,8,0.251675,0.262316,0,0.00014,0.000119,246,0.000073,0,23,0.666667,0.000892
48079,Cochran County,,TX,274,3258,3532,1,1,2,89,89,178,9,0.204805,0.21068,0,0.000001,0.000002,246,0.000152,0,23,0,0.00012
48081,Coke County,,TX,269,3465,3734,1,1,2,88,94,182,8,0.252407,0.262969,0,0.000159,0.000101,246,0.000077,0,23,0,0.000892
48083,Coleman County,,TX,706,8644,9350,1,2,3,125,203,328,8,0.253281,0.264235,0,0.000062,0.000154,246,0.000079,0,23,1,0.000464
48085,Collin County,,TX,84721,991800,1076521,182,128,310,86769,71236,158005,6,0.393961,0.434485,41199.97421,0.088699,0.070375,246,0.003019,0,23,0.309011,0.579493
48087,Collingsworth County,,TX,209,3216,3425,0,0,0,0,0,0,0,0,0,0,0,0,243,0.000052,228,318,0,0
48089,Colorado County,,TX,1546,23907,25453,5,6,11,939,1164,2103,7,0.309362,0.328462,3.485005,0.001587,0.003402,246,0.000164,0,23,0.666667,0.01355
48091,Comal County,,TX,12560,137702,150262,29,18,47,12347,8709,21056,7,0.329578,0.352888,229.953909,0.013202,0.011164,246,0.000663,0,23,0.703202,0.105284
48093,Comanche County,,TX,968,14189,15157,2,3,5,267,360,627,8,0.239424,0.249059,0.916667,0.000104,0.000071,246,0.000103,0,23,0.666667,0.000738
48095,Concho County,,TX,253,2550,2803,1,1,2,78,67,145,8,0.252407,0.262969,0,0.000159,0.000101,246,0.000077,0,23,0,0.000892
48097,Cooke County,,TX,3218,43821,47039,8,7,15,2068,1999,4067,7,0.300953,0.31829,2717.115962,0.003139,0.00376,246,0.000261,0,23,0.571429,0.025728
48099,Coryell County,,TX,13930,64650,78580,23,16,39,6727,6463,13190,7,0.321049,0.345134,4570.85309,0.011796,0.010945,246,0.000462,0,23,0.679348,0.087341
48101,Cottle County,,TX,101,1546,1647,0,0,0,0,0,0,0,0,0,0,0,0,244,0.000052,229,319,0,0
48103,Crane County,,TX,381,5556,5937,1,1,2,102,77,179,8,0.248992,0.258934,0,0.000102,0.000137,246,0.000081,0,23,0,0.001141
48105,Crockett County,,TX,305,4408,4713,0,1,1,0,95,95,8,0.252452,0.263055,0,0,0.000101,246,0.000052,0,320,0,0
48107,Crosby County,,TX,503,6122,6625,1,1,2,285,281,566,8,0.257482,0.269183,0,0.000197,0.000154,246,0.000078,0,23,0,0.001341
48109,Culberson County,,TX,132,2503,2635,0,0,0,0,0,0,0,0,0,0,0,0,245,0.000052,230,321,0,0
48111,Dallam County,,TX,1089,8100,9189,1,3,4,236,397,633,8,0.249933,0.260258,2780,0,0.000083,246,0.000127,0,322,0.333333,0.000102
48113,Dallas County,,TX,188120,2784707,2972827,316,251,567,165140,170015,335155,6,0.423887,0.476322,233151.500883,0.122942,0.104664,246,0.005342,0,23,0.171171,0.788602
48115,Dawson County,,TX,708,13202,13910,2,2,4,229,215,444,8,0.257792,0.269962,0,0.000338,0.000332,246,0.000105,0,23,1,0.002788
48117,Deaf Smith County,,TX,1646,22767,24413,4,3,7,510,524,1034,8,0.257816,0.270046,2788.56825,0.000208,0.000282,246,0.000182,0,23,0.4,0.001449
48119,Delta County,,TX,386,5095,5481,1,2,3,88,157,245,8,0.239013,0.248423,0,0.000073,0.000074,246,0.000072,0,23,1,0.000506
48121,Denton County,,TX,76755,817008,893763,147,120,267,76759,63734,140493,6,0.398252,0.437052,42652.230853,0.071515,0.062702,246,0.002647,0,23,0.329493,0.486455
48123,DeWitt County,,TX,1675,20528,22203,5,4,9,763,854,1617,7,0.311094,0.330261,36.72303,0.003177,0.002414,246,0.000173,0,23,0.85,0.026376
48125,Dickens County,,TX,140,2003,2143,0,0,0,0,0,0,0,0,0,0,0,0,247,0.000052,231,323,0,0
48127,Dimmit County,,TX,926,10917,11843,2,3,5,227,343,570,7,0.298657,0.31447,0,0.000914,0.001072,246,0.00011,0,23,1,0.007112
48129,Donley County,,TX,254,3471,3725,0,0,0,0,0,0,0,0,0,0,0,0,248,0.000052,232,324,0,0
48131,Duval County,,TX,837,12239,13076,2,2,4,452,476,928,8,0.254092,0.265506,0,0.000228,0.000218,246,0.000093,0,23,1,0.001856
48133,Eastland County,,TX,1550,17808,19358,3,6,9,229,474,703,7,0.297793,0.313756,395.610414,0.000967,0.001339,246,0.000127,0,23,0.547619,0.008281
48135,Ector County,,TX,12653,167051,179704,35,27,62,9584,7652,17236,7,0.331504,0.356786,20453.882562,0.014899,0.011129,246,0.000926,0,23,0.4367,0.112442
48137,Edwards County,,TX,161,1963,2124,0,0,0,0,0,0,0,0,0,0,0,0,249,0.000052,233,325,0,0
48139,Ellis County,,TX,12486,180444,192930,19,18,37,10930,8602,19532,7,0.313834,0.336096,139.784058,0.008981,0.008834,246,0.000439,0,23,0.651515,0.072206
48141,El Paso County,,TX,55099,931935,987034,113,128,241,28720,37682,66402,7,0.380372,0.423105,37612.260695,0.052825,0.059806,246,0.001874,0,23,0.318312,0.365333
48143,Erath County,,TX,3131,36535,39666,10,12,22,1240,1493,2733,7,0.311547,0.332246,2907.017166,0.002112,0.004568,246,0.000344,0,23,0.474359,0.017712
48145,Falls County,,TX,1299,15647,16946,2,2,4,579,740,1319,8,0.272585,0.286935,0,0.000608,0.000625,246,0.000086,0,23,1,0.004563
48147,Fannin County,,TX,2455,32771,35226,7,7,14,1680,1576,3256,7,0.301051,0.31844,0.257576,0.003195,0.003824,246,0.000194,0,23,0.97619,0.025898
48149,Fayette County,,TX,1501,28125,29626,6,7,13,805,743,1548,7,0.309362,0.328582,65.171952,0.002657,0.002982,246,0.0002,0,23,0.571429,0.023552
48151,Fisher County,,TX,281,3892,4173,1,0,1,116,0,116,0,0,0,0,0.000002,0,246,0.000074,0,22,0,0.00011
48153,Floyd County,,TX,614,6518,7132,2,2,4,194,253,447,8,0.257529,0.269422,0,0.000231,0.000158,246,0.000098,0,23,1,0.001479
48155,Foard County,,TX,93,1281,1374,0,0,0,0,0,0,0,0,0,0,0,0,250,0.000052,234,326,0,0
48157,Fort Bend County,,TX,54569,752454,807023,110,70,180,64869,45117,109986,7,0.358534,0.392921,8390.632196,0.063593,0.038963,246,0.001774,0,23,0.433358,0.426541
48159,Franklin County,,TX,1063,10217,11280,4,4,8,554,526,1080,7,0.297888,0.31423,1.377778,0.001057,0.001216,246,0.000153,0,23,0.75,0.008404
48161,Freestone County,,TX,1566,20056,21622,5,5,10,598,580,1178,7,0.298016,0.31459,16.343051,0.001889,0.001308,246,0.000177,0,23,0.533333,0.015386
48163,Frio County,,TX,1095,15931,17026,2,3,5,389,490,879,7,0.298625,0.31441,0,0.000926,0.001075,246,0.000112,0,23,1,0.007117
48165,Gaines County,,TX,1109,19816,20925,3,4,7,495,430,925,8,0.257936,0.270532,2843.003907,0.000238,0.000387,246,0.00014,0,23,0.583333,0.001953
48167,Galveston County,,TX,24915,341784,366699,45,30,75,21485,17173,38658,7,0.338613,0.365171,967.825766,0.021044,0.018551,246,0.000899,0,23,0.53099,0.157643
48169,Garza County,,TX,290,4723,5013,1,1,2,139,130,269,8,0.257482,0.269183,0,0.000197,0.000154,246,0.000078,0,23,0,0.001341
48171,Gillespie County,,TX,1774,30844,32618,6,5,11,875,625,1500,7,0.311582,0.331131,1.592766,0.004133,0.003867,246,0.000198,0,23,0.9,0.033857
48173,Glasscock County,,TX,116,1484,1600,0,0,0,0,0,0,0,0,0,0,0,0,251,0.000052,235,327,0,0
48175,Goliad County,,TX,492,7890,8382,1,1,2,266,224,490,8,0.238889,0.248195,0,0.00007,0.000051,246,0.000074,0,23,0,0.000561
48177,Gonzales County,,TX,1308,21948,23256,5,6,11,557,641,1198,7,0.311617,0.331311,34.603646,0.003255,0.003985,246,0.000165,0,23,0.766667,0.027226
48179,Gray County,,TX,1997,23958,25955,3,3,6,376,491,867,8,0.250135,0.260475,1,0.000208,0.000129,246,0.000127,0,23,0.833333,0.001347
48181,Grayson County,,TX,8097,134353,142450,13,12,25,5920,4653,10573,7,0.312423,0.333715,691.091728,0.006815,0.00674,246,0.000346,0,23,0.6,0.055311
48183,Gregg County,,TX,12742,138931,151673,20,26,46,7240,9112,16352,7,0.314758,0.338483,7998.196041,0.006711,0.009133,246,0.0005,0,23,0.423077,0.055195
48185,Grimes County,,TX,2217,26955,29172,5,5,10,1515,1358,2873,7,0.308572,0.327142,0.416667,0.001639,0.001908,246,0.000158,0,23,0.785714,0.013331
48187,Guadalupe County,,TX,16162,161084,177246,28,23,51,13737,11038,24775,7,0.331583,0.356145,289.922967,0.015924,0.01414,246,0.000588,0,23,0.70197,0.122787
48189,Hale County,,TX,3290,35908,39198,6,9,15,883,1659,2542,7,0.306733,0.326267,911.978254,0.000407,0.003704,246,0.00022,0,23,0.522222,0.002918
48191,Hall County,,TX,240,3100,3340,0,0,0,0,0,0,0,0,0,0,0,0,252,0.000052,236,328,0,0
48193,Hamilton County,,TX,830,8860,9690,2,2,4,284,278,562,8,0.243452,0.253886,1.163237,0.000143,0.000128,246,0.000101,0,23,0,0.001171
48195,Hansford County,,TX,392,6322,6714,0,0,0,0,0,0,0,0,0,0,0,0,253,0.000052,237,329,0,0
48197,Hardeman County,,TX,239,4169,4408,0,0,0,0,0,0,0,0,0,0,0,0,254,0.000052,238,330,0,0
48199,Hardin County,,TX,4358,60839,65197,7,8,15,3012,4275,7287,7,0.309431,0.328822,7.35335,0.00165,0.003328,246,0.000213,0,23,0.696429,0.013673
48201,Harris County,,TX,248713,4870114,5118827,461,364,825,229347,215394,444741,6,0.445924,0.508678,579649.614205,0.143114,0.123454,246,0.008055,0,23,0.104281,0.91507
48203,Harrison County,,TX,5546,72235,77781,12,12,24,3547,3775,7322,7,0.311757,0.332828,1951.799145,0.004003,0.005357,246,0.000307,0,23,0.608974,0.031887
48205,Hartley County,,TX,566,4568,5134,1,1,2,275,236,511,9,0.199971,0.20517,0,0.000001,0,246,0.000088,0,322,0,0.000102
48207,Haskell County,,TX,511,5461,5972,0,2,2,0,179,179,8,0.253234,0.26411,0,0,0.000113,246,0.000052,0,331,1,0
48209,Hays County,,TX,18215,179291,197506,36,29,65,18301,13465,31766,7,0.334819,0.360943,488.977005,0.016338,0.015123,246,0.000782,0,23,0.621622,0.126585
48211,Hemphill County,,TX,423,4887,5310,0,0,0,0,0,0,0,0,0,0,0,0,255,0.000052,239,332,0,0
48213,Henderson County,,TX,6229,78852,85081,14,14,28,4633,3967,8600,7,0.311582,0.332768,60.098007,0.005752,0.006919,246,0.000348,0,23,0.736264,0.047819
48215,Hidalgo County,,TX,24938,837853,862791,36,40,76,12258,15250,27508,7,0.344063,0.372715,5154.671186,0.018425,0.021056,246,0.000722,0,23,0.532828,0.138741
48217,Hill County,,TX,2887,36419,39306,7,7,14,1604,1621,3225,7,0.30079,0.31808,9.162217,0.002161,0.002532,246,0.000197,0,23,0.809524,0.017713
48219,Hockley County,,TX,1768,24815,26583,3,2,5,780,851,1631,8,0.257529,0.269422,5617,0.000198,0.000154,246,0.000235,0,23,0.333333,0.001559
48221,Hood County,,TX,4644,58534,63178,11,11,22,3102,2404,5506,7,0.313586,0.334837,83.709986,0.003659,0.006881,246,0.000325,0,23,0.685714,0.030047
48223,Hopkins County,,TX,2377,38483,40860,10,7,17,1258,976,2234,7,0.300823,0.31814,713.739547,0.002643,0.003255,246,0.000287,0,23,0.5,0.021934
48225,Houston County,,TX,1302,20582,21884,4,5,9,503,552,1055,7,0.308606,0.327202,1.096429,0.001561,0.001846,246,0.000139,0,23,0.6,0.012676
48227,Howard County,,TX,2754,33218,35972,6,9,15,705,889,1594,7,0.311547,0.33197,542.068975,0.001408,0.005363,246,0.000214,0,23,0.822222,0.012213
48229,Hudspeth County,,TX,365,3372,3737,1,1,2,102,134,236,8,0.275585,0.290044,0,0.000551,0.000486,246,0.000065,0,23,0,0.00342
48231,Hunt County,,TX,7314,90034,97348,15,17,32,5602,4962,10564,7,0.31394,0.336126,5157.487842,0.005414,0.007918,246,0.000396,0,23,0.551471,0.043645
48233,Hutchinson County,,TX,1831,24255,26086,3,4,7,448,584,1032,7,0.308846,0.327472,178.378946,0.000208,0.001446,246,0.000127,0,23,0.75,0.001347
48235,Irion County,,TX,189,1856,2045,1,1,2,64,99,163,8,0.252407,0.262969,0,0.000159,0.000101,246,0.000077,0,23,0,0.000892
48237,Jack County,,TX,553,8335,8888,3,2,5,293,148,441,8,0.231429,0.239263,0.833333,0.000918,0.00004,246,0.000149,0,23,0.666667,0.008171
48239,Jackson County,,TX,1145,16988,18133,4,4,8,490,541,1031,7,0.308606,0.327082,1,0.000159,0.001396,246,0.000152,0,23,0.8,0.001326
48241,Jasper County,,TX,2612,36763,39375,8,8,16,1775,1585,3360,7,0.308743,0.327802,3489.304543,0.001412,0.001525,246,0.000268,0,23,0.482143,0.011262
48243,Jeff Davis County,,TX,189,2351,2540,0,0,0,0,0,0,0,0,0,0,0,0,256,0.000052,240,333,0,0
48245,Jefferson County,,TX,18797,265788,284585,26,28,54,9722,11424,21146,7,0.31576,0.340151,614.661499,0.010637,0.011177,246,0.000583,0,23,0.539315,0.084382
48247,Jim Hogg County,,TX,322,5589,5911,0,0,0,0,0,0,0,0,0,0,0,0,257,0.000052,241,334,0,0
48249,Jim Wells County,,TX,3221,46134,49355,8,9,17,1627,2121,3748,7,0.311407,0.3314,3863.845399,0.002533,0.002801,246,0.000236,0,23,0.5,0.019748
48251,Johnson County,,TX,13924,173680,187604,20,18,38,11644,9447,21091,7,0.329539,0.352828,973.680954,0.008972,0.009778,246,0.000522,0,23,0.576316,0.073852
48253,Jones County,,TX,1536,15800,17336,2,1,3,694,678,1372,8,0.253166,0.263845,0,0.000133,0.000112,246,0.0001,0,23,0.5,0.001095
48255,Karnes County,,TX,907,14203,15110,3,3,6,324,333,657,7,0.298657,0.31447,0.5,0.000969,0.001087,246,0.000123,0,23,0.666667,0.007588
48257,Kaufman County,,TX,10653,123783,134436,15,12,27,9829,7757,17586,7,0.311477,0.332348,52.640442,0.007135,0.006847,246,0.000356,0,23,0.814286,0.058125
48259,Kendall County,,TX,3842,45214,49056,8,7,15,3459,2272,5731,7,0.311652,0.33149,26.427619,0.003496,0.004014,246,0.000262,0,23,0.732143,0.02937
48261,Kenedy County,,TX,-2,368,366,0,0,0,0,0,0,0,0,0,0,0,0,258,0.000052,242,335,0,0
48263,Kent County,,TX,70,846,916,0,0,0,0,0,0,0,0,0,0,0,0,259,0.000052,243,336,0,0
48265,Kerr County,,TX,3875,56325,60200,9,9,18,1802,1898,3700,7,0.312915,0.333607,41.987361,0.004709,0.005648,246,0.000277,0,23,0.709091,0.039395
48267,Kimble County,,TX,389,4819,5208,0,0,0,0,0,0,0,0,0,0,0,0,260,0.000052,244,337,0,0
48269,King County,,TX,-2,276,274,0,0,0,0,0,0,0,0,0,0,0,0,261,0.000052,245,338,0,0
48271,Kinney County,,TX,306,3310,3616,1,1,2,68,73,141,8,0.239734,0.248807,0,0.000048,0.000032,246,0.000072,0,23,0,0.000339
48273,Kleberg County,,TX,3046,31369,34415,6,8,14,1084,1578,2662,7,0.314082,0.334777,7.237375,0.002637,0.004971,246,0.000159,0,23,0.821429,0.020023
48275,Knox County,,TX,312,3962,4274,0,0,0,0,0,0,0,0,0,0,0,0,262,0.000052,246,339,0,0
48277,Lamar County,,TX,2976,52297,55273,9,11,20,1192,1308,2500,7,0.301377,0.319418,7053.073438,0.00326,0.003981,246,0.000272,0,23,0.545455,0.026654
48279,Lamb County,,TX,1085,14506,15591,2,3,5,394,501,895,8,0.257577,0.269662,2.1,0.000199,0.00016,246,0.000098,0,23,0.5,0.001457
48281,Lampasas County,,TX,2302,21953,24255,5,5,10,1159,1067,2226,7,0.302065,0.31952,0.469877,0.002065,0.002655,246,0.000168,0,23,0.9,0.018623
48283,La Salle County,,TX,524,6067,6591,2,2,4,149,193,342,7,0.298625,0.31429,0,0.000987,0.001124,246,0.000089,0,23,1,0.007707
48285,Lavaca County,,TX,1486,23055,24541,5,5,10,847,730,1577,7,0.309362,0.328342,4.1157,0.001293,0.002863,246,0.000177,0,23,0.633333,0.010387
48287,Lee County,,TX,1107,19183,20290,5,4,9,634,414,1048,7,0.300205,0.317019,0.111111,0.00275,0.002151,246,0.00017,0,23,0.95,0.024036
48289,Leon County,,TX,1368,18921,20289,6,6,12,860,727,1587,7,0.308675,0.327442,41.447171,0.001663,0.001905,246,0.000192,0,23,0.466667,0.01369
48291,Liberty County,,TX,6564,77101,83665,10,10,20,5674,4882,10556,7,0.309465,0.329121,8.344643,0.002338,0.003701,246,0.000274,0,23,0.672727,0.020556
48293,Limestone County,,TX,1500,23735,25235,4,3,7,607,562,1169,7,0.29792,0.31417,6.863187,0.001107,0.001264,246,0.000146,0,23,0.416667,0.008851
48295,Lipscomb County,,TX,178,3898,4076,1,0,1,81,0,81,0,0,0,0,0.000001,0,246,0.000074,0,340,0,0.000099
48297,Live Oak County,,TX,1024,11337,12361,4,4,8,604,502,1106,7,0.298753,0.31477,0.2,0.000312,0.001316,246,0.000145,0,23,0.9,0.002776
48299,Llano County,,TX,1806,18672,20478,5,5,10,983,910,1893,7,0.311582,0.331131,0,0.003515,0.004388,246,0.000166,0,23,1,0.029933
48301,Loving County,,TX,-2,68,66,0,0,0,0,0,0,0,0,0,0,0,0,263,0.000052,247,341,0,0
48303,Lubbock County,,TX,18774,296684,315458,56,53,109,12188,11760,23948,7,0.346725,0.378107,74850.948153,0.016761,0.021382,246,0.001589,0,23,0.292371,0.130049
48305,Lynn County,,TX,481,6353,6834,1,1,2,232,236,468,8,0.257482,0.269183,0,0.000197,0.000154,246,0.000078,0,23,0,0.001341
48307,McCulloch County,,TX,543,8970,9513,0,1,1,0,75,75,8,0.252452,0.263055,0,0,0.000101,246,0.000052,0,342,0,0
48309,McLennan County,,TX,14090,256376,270466,29,31,60,8017,8379,16396,7,0.328993,0.354607,2042.683144,0.012445,0.012774,246,0.000692,0,23,0.536134,0.098563
48311,McMullen County,,TX,94,1011,1105,0,0,0,0,0,0,0,0,0,0,0,0,264,0.000052,248,343,0,0
48313,Madison County,,TX,842,12458,13300,5,6,11,488,622,1110,7,0.308641,0.327382,1.083333,0.001673,0.00191,246,0.000163,0,23,0.833333,0.013532
48315,Marion County,,TX,964,9518,10482,3,4,7,442,511,953,8,0.239548,0.249761,0.975,0.000159,0.000123,246,0.000115,0,23,0.666667,0.001226
48317,Martin County,,TX,486,5678,6164,1,2,3,242,246,488,8,0.252338,0.263299,0,0.000141,0.000191,246,0.000079,0,23,1,0.001447
48319,Mason County,,TX,240,4620,4860,0,0,0,0,0,0,0,0,0,0,0,0,265,0.000052,249,344,0,0
48321,Matagorda County,,TX,2347,40513,42860,6,7,13,1156,1302,2458,7,0.309431,0.328702,863.279828,0.002798,0.00358,246,0.000187,0,23,0.809524,0.024738
48323,Maverick County,,TX,2862,71466,74328,6,7,13,1104,1363,2467,7,0.313268,0.333787,88.867948,0.004175,0.005075,246,0.000179,0,23,0.714286,0.034124
48325,Medina County,,TX,3502,48212,51714,4,4,8,2398,1952,4350,7,0.311024,0.330141,27.649658,0.000958,0.002392,246,0.000197,0,23,0.65,0.007828
48327,Menard County,,TX,154,2130,2284,0,0,0,0,0,0,0,0,0,0,0,0,266,0.000052,250,345,0,0
48329,Midland County,,TX,16182,172214,188396,49,36,85,11238,10311,21549,7,0.337421,0.365471,22934.309458,0.019346,0.015348,246,0.001155,0,23,0.348148,0.144977
48331,Milam County,,TX,1684,25723,27407,6,5,11,935,900,1835,7,0.310537,0.329907,0.518465,0.00324,0.003926,246,0.000184,0,23,0.9,0.027586
48333,Mills County,,TX,354,5155,5509,0,0,0,0,0,0,0,0,0,0,0,0,267,0.000052,251,346,0,0
48335,Mitchell County,,TX,509,7561,8070,2,1,3,126,65,191,9,0.206004,0.212232,5.834932,0.000136,0.000002,246,0.000116,0,23,0.5,0.001112
48337,Montague County,,TX,1718,21159,22877,6,5,11,824,819,1643,7,0.297346,0.313019,205.927594,0.001623,0.001895,246,0.000201,0,23,0.566667,0.013369
48339,Montgomery County,,TX,42375,557423,599798,92,68,160,44369,32514,76883,7,0.351594,0.384992,10135.31424,0.043334,0.033287,246,0.001765,0,23,0.368451,0.309642
48341,Moore County,,TX,2370,25737,28107,4,3,7,487,989,1476,8,0.251675,0.262149,2713.774087,0.000209,0.000128,246,0.000159,0,23,0.3,0.001448
48343,Morris County,,TX,1086,13452,14538,4,4,8,597,563,1160,8,0.239569,0.249821,2.138889,0.000154,0.000104,246,0.000135,0,23,0.55,0.001185
48345,Motley County,,TX,120,1140,1260,0,0,0,0,0,0,0,0,0,0,0,0,268,0.000052,252,347,0,0
48347,Nacogdoches County,,TX,4888,61879,66767,12,17,29,1912,2883,4795,7,0.313869,0.336036,2590.244966,0.004651,0.008973,246,0.000331,0,23,0.636029,0.039522
48349,Navarro County,,TX,3619,52266,55885,9,11,20,1660,2194,3854,7,0.311407,0.332108,72.290578,0.00388,0.006727,246,0.000244,0,23,0.745455,0.031574
48351,Newton County,,TX,1070,12486,13556,2,3,5,540,513,1053,7,0.308538,0.326842,0,0.000056,0.001357,246,0.000104,0,23,1,0.000558
48353,Nolan County,,TX,1340,16238,17578,1,3,4,157,459,616,8,0.255964,0.267851,2840,0.000132,0.000213,246,0.000078,0,23,0.333333,0.000996
48355,Nueces County,,TX,22944,375176,398120,50,51,101,14243,16734,30977,7,0.340522,0.370412,16686.967823,0.021168,0.022011,246,0.001106,0,23,0.395091,0.159664
48357,Ochiltree County,,TX,931,12572,13503,0,2,2,0,151,151,8,0.249798,0.259934,0,0,0.000081,246,0.000052,0,348,0,0
48359,Oldham County,,TX,190,2251,2441,0,0,0,0,0,0,0,0,0,0,0,0,269,0.000052,253,349,0,0
48361,Orange County,,TX,5424,92650,98074,9,10,19,3417,3310,6727,7,0.310954,0.331358,2191.055479,0.002906,0.004609,246,0.00027,0,23,0.622222,0.025174
48363,Palo Pinto County,,TX,2232,29196,31428,6,3,9,1156,893,2049,7,0.297124,0.312449,0.288095,0.002554,0.001184,246,0.000191,0,23,0.966667,0.020563
48365,Panola County,,TX,1671,26383,28054,6,6,12,878,829,1707,7,0.309052,0.328072,7.175574,0.000449,0.001549,246,0.000182,0,23,0.714286,0.003529
48367,Parker County,,TX,11078,136895,147973,22,15,37,9896,7381,17277,7,0.314865,0.337104,651.99123,0.009745,0.007938,246,0.00058,0,23,0.551383,0.077681
48369,Parmer County,,TX,1046,12093,13139,2,4,6,202,487,689,8,0.251584,0.262526,7.330842,0.000066,0.000135,246,0.00009,0,23,0.333333,0.000585
48371,Pecos County,,TX,1155,15560,16715,3,2,5,287,224,511,8,0.252407,0.263479,0,0.000794,0.000315,246,0.000121,0,23,1,0.006008
48373,Polk County,,TX,5116,53004,58120,11,11,22,2238,2021,4259,7,0.325334,0.346813,200.621132,0.00419,0.004889,246,0.000306,0,23,0.593407,0.03709
48375,Potter County,,TX,14127,123490,137617,15,21,36,8531,9765,18296,7,0.333293,0.358208,12096.213302,0.005098,0.011331,246,0.000463,0,23,0.471014,0.039195
48377,Presidio County,,TX,1100,10036,11136,1,3,4,141,530,671,8,0.27616,0.291291,0,0.000102,0.000802,246,0.000081,0,23,1,0.001141
48379,Rains County,,TX,831,10400,11231,3,4,7,418,579,997,7,0.297856,0.31417,0.444444,0.001067,0.001247,246,0.000118,0,23,0.833333,0.008349
48381,Randall County,,TX,13848,140977,154825,25,23,48,10022,9356,19378,7,0.332735,0.35777,37703.855213,0.00877,0.011076,246,0.0007,0,23,0.349462,0.069408
48383,Reagan County,,TX,361,4144,4505,1,1,2,92,128,220,8,0.25243,0.263029,0,0.000048,0.000101,246,0.000072,0,23,1,0.000339
48385,Real County,,TX,284,3496,3780,1,0,1,67,0,67,0,0,0,0,0.000022,0,246,0.000092,0,9,0,0.00035
48387,Red River County,,TX,899,12954,13853,2,2,4,350,341,691,8,0.239218,0.248834,2.981349,0.0001,0.000072,246,0.000095,0,23,0,0.000784
48389,Reeves County,,TX,785,12171,12956,4,3,7,352,372,724,8,0.25243,0.263659,0,0.000797,0.000323,246,0.000169,0,23,0.916667,0.006168
48391,Refugio County,,TX,461,8567,9028,1,1,2,90,61,151,8,0.254045,0.265266,0,0.000203,0.000195,246,0.000071,0,23,0,0.001568
48393,Roberts County,,TX,74,984,1058,0,0,0,0,0,0,0,0,0,0,0,0,270,0.000052,254,350,0,0
48395,Robertson County,,TX,1346,17987,19333,2,3,5,857,749,1606,7,0.308572,0.326902,24.442744,0.001279,0.001445,246,0.000092,0,23,0.333333,0.009872
48397,Rockwall County,,TX,9436,97024,106460,11,9,20,7826,6656,14482,7,0.311338,0.331748,45.797742,0.006418,0.006587,246,0.000281,0,23,0.927273,0.052702
48399,Runnels County,,TX,746,11437,12183,2,2,4,293,329,622,8,0.255917,0.267611,0,0.00029,0.000213,246,0.000103,0,23,1,0.001889
48401,Rusk County,,TX,4161,53806,57967,10,9,19,2866,3195,6061,7,0.310468,0.330399,247.24725,0.003341,0.00277,246,0.000263,0,23,0.722222,0.026753
48403,Sabine County,,TX,812,10407,11219,3,2,5,257,267,524,8,0.236029,0.244462,294.890223,0.001152,0.000014,246,0.00013,0,23,0.333333,0.009148
48405,San Augustine County,,TX,635,8506,9141,3,4,7,272,337,609,8,0.239136,0.249065,37.374423,0.000156,0.000118,246,0.000145,0,23,0.5,0.001149
48407,San Jacinto County,,TX,2446,24050,26496,5,5,10,2067,1771,3838,7,0.308572,0.327142,0.309524,0.001592,0.001823,246,0.000162,0,23,0.9,0.012987
48409,San Patricio County,,TX,7085,76559,83644,14,12,26,4589,4129,8718,7,0.312107,0.33287,630.055864,0.00608,0.005014,246,0.000359,0,23,0.652381,0.048919
48411,San Saba County,,TX,335,6138,6473,0,0,0,0,0,0,0,0,0,0,0,0,271,0.000052,255,351,0,0
48413,Schleicher County,,TX,231,3261,3492,1,1,2,83,104,187,8,0.252407,0.262969,0,0.000159,0.000101,246,0.000077,0,23,0,0.000892
48415,Scurry County,,TX,1337,17982,19319,2,4,6,181,328,509,8,0.259429,0.272283,2792.378593,0.000197,0.000445,246,0.000176,0,23,0.583333,0.001454
48417,Shackelford County,,TX,272,3669,3941,1,1,2,76,114,190,8,0.253166,0.263845,0,0.000132,0.000112,246,0.000078,0,23,0,0.000996
48419,Shelby County,,TX,1872,27497,29369,6,5,11,721,682,1403,7,0.310225,0.329499,575.854507,0.002271,0.00254,246,0.000183,0,23,0.566667,0.017444
48421,Sherman County,,TX,318,2895,3213,0,1,1,0,111,111,8,0.233065,0.240525,0,0,0,109,0.000052,0,352,0,0
48423,Smith County,,TX,15460,239099,254559,39,38,77,11222,10559,21781,7,0.334095,0.36135,3100.784055,0.014229,0.013874,246,0.000857,0,23,0.40303,0.111855
48425,Somervell County,,TX,678,9198,9876,4,3,7,388,354,742,7,0.29706,0.312329,0.333333,0.001,0.001191,246,0.000146,0,23,0.833333,0.00852
48427,Starr County,,TX,2515,70716,73231,2,5,7,955,1590,2545,7,0.311652,0.331251,0,0.00133,0.004089,246,0.000086,0,23,1,0.010178
48429,Stephens County,,TX,591,8960,9551,0,0,0,0,0,0,0,0,0,0,0,0,272,0.000052,256,353,0,0
48431,Sterling County,,TX,106,1490,1596,0,0,0,0,0,0,0,0,0,0,0,0,273,0.000052,257,354,0,0
48433,Stonewall County,,TX,106,1571,1677,0,0,0,0,0,0,0,0,0,0,0,0,274,0.000052,258,355,0,0
48435,Sutton County,,TX,384,4790,5174,0,1,1,0,136,136,8,0.252452,0.263055,0,0,0.000101,246,0.000052,0,356,0,0
48437,Swisher County,,TX,599,7550,8149,2,3,5,201,328,529,8,0.250158,0.260535,0,0.000136,0.000131,246,0.000099,0,23,1,0.000897
48439,Tarrant County,,TX,134066,2190610,2324676,302,223,525,124626,112980,237606,6,0.422405,0.471405,204713.076849,0.116753,0.090626,246,0.005208,0,23,0.170207,0.764672
48441,Taylor County,,TX,12596,144794,157390,33,32,65,5810,6065,11875,7,0.338944,0.366556,37407.13431,0.012134,0.0143,246,0.000981,0,23,0.352853,0.095283
48443,Terrell County,,TX,75,945,1020,0,0,0,0,0,0,0,0,0,0,0,0,275,0.000052,259,357,0,0
48445,Terry County,,TX,934,12364,13298,1,1,2,264,323,587,8,0.257482,0.269183,0,0.000197,0.000154,246,0.000078,0,23,0,0.001341
48447,Throckmorton County,,TX,164,1656,1820,0,0,0,0,0,0,0,0,0,0,0,0,276,0.000052,260,358,0,0
48449,Titus County,,TX,2538,36232,38770,7,9,16,912,1234,2146,7,0.31092,0.331119,3011.266891,0.001968,0.003634,246,0.000211,0,23,0.433333,0.01605
48451,Tom Green County,,TX,10777,122424,133201,30,33,63,4906,4906,9812,7,0.337585,0.364907,38226.74716,0.010973,0.017247,246,0.000971,0,23,0.335366,0.084643
48453,Travis County,,TX,134199,1211407,1345606,594,263,857,279090,113621,392711,6,0.428395,0.482338,547278.839071,0.156462,0.112953,246,0.010212,0,23,0.074943,1
48455,Trinity County,,TX,1298,13565,14863,5,4,9,824,667,1491,7,0.308572,0.327022,0.383929,0.001631,0.001807,246,0.000159,0,23,0.9,0.013181
48457,Tyler County,,TX,1358,19066,20424,5,5,10,726,694,1420,7,0.308641,0.327262,1.126623,0.001329,0.001487,246,0.000163,0,23,0.733333,0.010594
48459,Upshur County,,TX,3788,40067,43855,9,7,16,2735,2277,5012,7,0.298048,0.31489,1385.164298,0.001293,0.001434,246,0.000255,0,23,0.472222,0.01071
48461,Upton County,,TX,266,3709,3975,1,0,1,71,0,71,0,0,0,0,0.000141,0,246,0.000079,0,21,0,0.001447
48463,Uvalde County,,TX,1824,30284,32108,7,5,12,680,596,1276,7,0.311094,0.330381,3104.744219,0.003195,0.002369,246,0.000234,0,23,0.375,0.026696
48465,Val Verde County,,TX,4464,55386,59850,8,11,19,1065,1559,2624,7,0.315294,0.337002,8721.346261,0.003487,0.005226,246,0.000252,0,23,0.423077,0.026224
48467,Van Zandt County,,TX,4287,54292,58579,10,12,22,3151,2651,5802,7,0.31092,0.331478,11.409353,0.003441,0.005482,246,0.000268,0,23,0.833333,0.028287
48469,Victoria County,,TX,6162,104128,110290,19,22,41,3778,3727,7505,7,0.313834,0.336576,7232.050775,0.00556,0.007631,246,0.000554,0,23,0.466403,0.048468
48471,Walker County,,TX,5336,51754,57090,14,15,29,3342,3522,6864,7,0.313657,0.335437,223.622872,0.005062,0.007559,246,0.000385,0,23,0.5375,0.044051
48473,Waller County,,TX,4042,43373,47415,6,8,14,3893,2907,6800,7,0.309397,0.328762,10.332364,0.002827,0.00392,246,0.000192,0,23,0.75,0.023673
48475,Ward County,,TX,1119,12380,13499,4,3,7,379,330,709,8,0.25243,0.263659,0,0.000797,0.000323,246,0.000169,0,23,0.916667,0.006168
48477,Washington County,,TX,2252,38572,40824,10,8,18,1257,1191,2448,7,0.311687,0.33167,105.96893,0.0031,0.004363,246,0.000303,0,23,0.572727,0.027869
48479,Webb County,,TX,8884,305273,314157,15,15,30,4060,5086,9146,7,0.321718,0.345317,3847.911394,0.009752,0.00902,246,0.000346,0,23,0.691176,0.073171
48481,Wharton County,,TX,2397,48844,51241,7,9,16,1466,1668,3134,7,0.311792,0.33197,363.095378,0.001792,0.004638,246,0.000212,0,23,0.680556,0.015311
48483,Wheeler County,,TX,456,6254,6710,0,0,0,0,0,0,0,0,0,0,0,0,277,0.000052,261,359,0,0
48485,Wichita County,,TX,10959,130325,141284,23,28,51,3789,5196,8985,7,0.336115,0.36246,18942.152916,0.011122,0.015257,246,0.000694,0,23,0.465591,0.085943
48487,Wilbarger County,,TX,1057,14112,15169,2,1,3,217,209,426,8,0.251584,0.261867,0,0.000975,0.000102,246,0.000093,0,23,1,0.008067
48489,Willacy County,,TX,1010,20274,21284,2,3,5,565,647,1212,7,0.308572,0.326902,0,0.000368,0.001614,246,0.000082,0,23,1,0.00241
48491,Williamson County,,TX,47551,536564,584115,109,74,183,49873,36952,86825,7,0.356923,0.391607,8634.303443,0.058802,0.039868,246,0.001965,0,23,0.426797,0.40889
48493,Wilson County,,TX,3782,49922,53704,6,7,13,2640,2421,5061,7,0.306226,0.32436,45.946974,0.002405,0.002978,246,0.000219,0,23,0.696429,0.019078
48495,Winkler County,,TX,586,8318,8904,1,1,2,124,89,213,8,0.248992,0.258934,0,0.000102,0.000137,246,0.000081,0,23,0,0.001141
48497,Wise County,,TX,5347,67025,72372,9,7,16,4019,3103,7122,7,0.300888,0.31817,2125.526522,0.003344,0.003869,246,0.000305,0,23,0.652778,0.027336
48499,Wood County,,TX,3505,43674,47179,12,10,22,2436,2080,4516,7,0.300986,0.3188,140.447703,0.004488,0.003304,246,0.000325,0,23,0.55303,0.036264
48501,Yoakum County,,TX,728,9912,10640,1,2,3,87,253,340,8,0.257529,0.269422,0,0.000004,0.000156,246,0.000082,0,23,1,0.000123
48503,Young County,,TX,1237,20542,21779,3,3,6,257,307,564,7,0.297124,0.312449,661.719937,0.000975,0.001186,246,0.000156,0,23,0.5,0.008242
48505,Zapata County,,TX,555,14960,15515,1,2,3,117,280,397,8,0.256105,0.267239,0,0.000083,0.000259,246,0.000072,0,23,1,0.000764
48507,Zavala County,,TX,646,12198,12844,3,3,6,304,295,599,7,0.298657,0.31447,0.5,0.000936,0.001072,246,0.000141,0,23,0.833333,0.007456
49001,Beaver County,,UT,502,7441,7943,1,1,2,84,150,234,8,0.242623,0.250855,0,0.000041,0.000052,9,0.000074,0,23,0,0.000452
49003,Box Elder County,,UT,3748,59390,63138,6,6,12,2645,2234,4879,7,0.285055,0.29962,0,0.001477,0.001319,9,0.000159,0,23,1,0.009782
49005,Cache County,,UT,10252,125290,135542,18,15,33,4422,5271,9693,7,0.325982,0.34782,8182.840426,0.006503,0.005555,9,0.000417,0,23,0.515789,0.04567
49007,Carbon County,,UT,1509,21699,23208,3,5,8,532,612,1144,7,0.285201,0.299782,3.784027,0.001049,0.001031,9,0.00011,0,23,0.6,0.006681
49009,Daggett County,,UT,106,1066,1172,0,0,0,0,0,0,0,0,0,0,0,0,278,0.000052,262,360,0,0
49011,Davis County,,UT,28862,374239,403101,32,34,66,22309,20269,42578,7,0.337053,0.364181,2548.416128,0.017716,0.019672,9,0.00058,0,23,0.517308,0.124699
49013,Duchesne County,,UT,1897,22429,24326,4,3,7,949,999,1948,7,0.284792,0.298823,0,0.001231,0.000923,9,0.000126,0,23,0.916667,0.007939
49015,Emery County,,UT,787,11705,12492,3,3,6,330,387,717,7,0.284792,0.298823,0,0.00105,0.00092,9,0.0001,0,23,1,0.006681
49017,Garfield County,,UT,442,5406,5848,0,1,1,0,71,71,8,0.248015,0.257653,0,0,0.000102,9,0.000052,0,361,0,0
49019,Grand County,,UT,907,11312,12219,1,3,4,123,345,468,7,0.28523,0.299513,0,0.000654,0.000727,9,0.000067,0,23,0.666667,0.004283
49021,Iron County,,UT,4381,45285,49666,9,9,18,2039,2381,4420,7,0.320309,0.340144,5618.357257,0.00565,0.004478,9,0.000236,0,23,0.766667,0.039003
49023,Juab County,,UT,712,11384,12096,1,2,3,426,439,865,7,0.284763,0.298643,0,0.000386,0.00091,9,0.000067,0,23,1,0.002238
49025,Kane County,,UT,543,7486,8029,1,2,3,83,128,211,8,0.24897,0.259431,0,0.000141,0.000203,9,0.000066,0,23,1,0.000793
49027,Millard County,,UT,744,14491,15235,2,2,4,230,250,480,7,0.284763,0.298643,0,0.00104,0.00091,9,0.000082,0,23,1,0.00652
49029,Morgan County,,UT,813,12340,13153,3,3,6,773,506,1279,7,0.28488,0.298901,0,0.000928,0.000862,9,0.000098,0,23,1,0.006191
49031,Piute County,,UT,104,1433,1537,0,0,0,0,0,0,0,0,0,0,0,0,279,0.000052,263,362,0,0
49033,Rich County,,UT,171,2437,2608,0,0,0,0,0,0,0,0,0,0,0,0,280,0.000052,264,363,0,0
49035,Salt Lake County,,UT,68996,1267621,1336617,137,144,281,49398,54678,104076,6,0.397966,0.439972,98996.196792,0.066719,0.071052,9,0.002444,0,23,0.325629,0.462749
49037,San Juan County,,UT,1116,10988,12104,5,3,8,617,353,970,7,0.285465,0.29989,7.702506,0.000798,0.000701,174,0.000138,0,23,0.5,0.00573
49039,Sanpete County,,UT,1943,26348,28291,4,4,8,1044,930,1974,7,0.284821,0.299003,0,0.001161,0.001023,9,0.000132,0,23,1,0.007514
49041,Sevier County,,UT,1296,22371,23667,4,4,8,538,619,1157,7,0.284821,0.299003,0,0.001161,0.001023,9,0.000132,0,23,1,0.007514
49043,Summit County,,UT,4753,51245,55998,9,10,19,2277,2686,4963,7,0.326365,0.3477,128.826429,0.00695,0.007533,9,0.000192,0,23,0.881818,0.048043
49045,Tooele County,,UT,6318,68057,74375,8,10,18,3951,3872,7823,7,0.319095,0.339238,38.540128,0.00382,0.002931,9,0.000185,0,23,0.643939,0.026082
49047,Uintah County,,UT,3107,37973,41080,6,5,11,1623,1160,2783,7,0.284909,0.299303,2.366667,0.001392,0.001083,9,0.000178,0,23,0.833333,0.009276
49049,Utah County,,UT,39062,590801,629863,70,75,145,27180,28296,55476,7,0.357658,0.392909,19309.379492,0.032116,0.041929,9,0.001335,0,23,0.441358,0.234623
49051,Wasatch County,,UT,2722,30019,32741,5,4,9,2218,1844,4062,7,0.284821,0.299003,0,0.002536,0.001076,9,0.000129,0,23,0.966667,0.017605
49053,Washington County,,UT,11046,157442,168488,29,23,52,9198,6696,15894,7,0.329695,0.353878,5760.974408,0.011114,0.012083,9,0.0006,0,23,0.401075,0.077556
49055,Wayne County,,UT,129,2950,3079,0,0,0,0,0,0,0,0,0,0,0,0,281,0.000052,265,364,0,0
49057,Weber County,,UT,18016,269754,287770,19,19,38,12337,12507,24844,7,0.329852,0.353638,1529.785481,0.009153,0.01009,9,0.000381,0,23,0.560606,0.063233
50001,Addison County,,VT,2313,44226,46539,4,5,9,1164,1063,2227,8,0.255165,0.267149,12.400186,0.000227,0.000149,90,0.00015,0,23,0.5,0.001349
50003,Bennington County,,VT,2118,43917,46035,5,6,11,706,699,1405,8,0.255775,0.268589,17.906289,0.000168,0.000303,90,0.000136,0,23,0.333333,0.001547
50005,Caledonia County,,VT,1869,35988,37857,7,7,14,838,979,1817,8,0.255259,0.267659,999.103918,0.000298,0.000191,90,0.000225,0,23,0.52381,0.001939
50007,Chittenden County,,VT,11549,190555,202104,33,40,73,5324,6495,11819,7,0.342073,0.371282,43128.735254,0.013312,0.022363,90,0.000607,0,23,0.446377,0.080603
50009,Essex County,,VT,442,6768,7210,2,3,5,257,289,546,8,0.210419,0.217505,3.376874,0.000007,0.000012,90,0.000096,0,23,0.333333,0.000282
50011,Franklin County,,VT,2710,59972,62682,7,6,13,2022,1385,3407,8,0.255048,0.267,17.75377,0.000226,0.000142,90,0.000248,0,23,0.47619,0.001671
50013,Grand Isle County,,VT,731,9015,9746,2,2,4,497,452,949,8,0.254931,0.26622,0,0.000207,0.000125,90,0.0001,0,23,1,0.00098
50015,Lamoille County,,VT,1995,30690,32685,5,5,10,916,960,1876,8,0.255024,0.26682,0.75,0.00022,0.000141,90,0.000191,0,23,0.9,0.001433
50017,Orange County,,VT,2299,35232,37531,5,5,10,1296,1315,2611,8,0.255212,0.267299,1.075,0.000306,0.000209,90,0.000152,0,23,0.85,0.001824
50019,Orleans County,,VT,1492,32725,34217,6,5,11,630,585,1215,8,0.255024,0.26682,425.253465,0.00022,0.000141,90,0.000214,0,23,0.666667,0.001536
50021,Rutland County,,VT,3209,73828,77037,7,7,14,1205,1192,2397,7,0.285729,0.302577,381.671961,0.001155,0.00105,90,0.00019,0,23,0.452381,0.007228
50023,Washington County,,VT,4342,72634,76976,11,10,21,2027,1932,3959,7,0.285788,0.303057,928.697685,0.001233,0.001052,90,0.000313,0,23,0.472727,0.00799
50025,Windham County,,VT,3205,52387,55592,7,8,15,1027,1197,2224,7,0.2857,0.302637,226.628757,0.001903,0.001218,90,0.000146,0,23,0.458333,0.01088
50027,Windsor County,,VT,4531,69987,74518,11,9,20,2181,2089,4270,7,0.285729,0.302817,198.557831,0.002379,0.001155,90,0.000225,0,23,0.515152,0.01327
51001,Accomack County,,VA,2577,40069,42646,5,7,12,641,1066,1707,7,0.303417,0.322003,71.024432,0.001211,0.002782,89,0.000146,0,23,0.380952,0.007701
51003,Albemarle County,,VA,11300,111631,122931,31,29,60,6703,6272,12975,7,0.33882,0.365776,46081.085203,0.010902,0.015463,89,0.000658,0,23,0.392308,0.070303
51005,Alleghany County,,VA,934,17552,18486,1,3,4,315,461,776,9,0.208483,0.215165,2781,0,0.000001,179,0.000127,0,366,0,0.000102
51007,Amelia County,,VA,902,15097,15999,2,4,6,331,479,810,8,0.265425,0.278313,1,0.000315,0.000501,89,0.000093,0,23,0.666667,0.001752
51009,Amherst County,,VA,1991,35088,37079,4,5,9,1088,1163,2251,8,0.231275,0.240728,23.997826,0.000034,0.000031,179,0.000176,0,23,0.55,0.000655
51011,Appomattox County,,VA,809,17403,18212,4,2,6,554,333,887,8,0.231063,0.239738,0,0.000033,0.000018,179,0.00018,0,23,1,0.000652
51013,Arlington County,,VA,43603,242738,286341,100,96,196,27599,34939,62538,6,0.379749,0.417332,6934.682252,0.066129,0.065566,89,0.001298,0,23,0.558143,0.419341
51015,Augusta County,,VA,4999,86199,91198,6,6,12,3206,2958,6164,8,0.253582,0.265127,16843.321248,0.000168,0.000123,89,0.000296,0,23,0.533333,0.00147
51017,Bath County,,VA,318,5414,5732,1,0,1,52,0,52,0,0,0,0,0,0,179,0.000088,0,365,0,0.000102
51019,Bedford County,,VA,5768,88744,94512,11,9,20,4117,3454,7571,8,0.239218,0.25001,4546.447043,0.00121,0.000071,179,0.00033,0,23,0.386364,0.00812
51021,Bland County,,VA,342,6659,7001,0,1,1,0,111,111,9,0.192321,0.197722,0,0,0.000001,179,0.000052,0,367,0,0
51023,Botetourt County,,VA,2507,40391,42898,6,5,11,1817,1533,3350,8,0.263113,0.276025,5683.686646,0.00008,0.000298,179,0.000211,0,23,0.47619,0.001084
51025,Brunswick County,,VA,944,15974,16918,1,3,4,402,343,745,8,0.262517,0.274889,2743.31133,0.000011,0.000244,89,0.000083,0,23,0.166667,0.000169
51027,Buchanan County,,VA,918,21809,22727,1,3,4,124,451,575,9,0.192039,0.197339,15.437075,0,0,238,0.000103,0,23,0.333333,0.000113
51029,Buckingham County,,VA,890,15488,16378,3,4,7,308,430,738,8,0.25335,0.26448,31.304988,0.000149,0.000118,89,0.000135,0,23,0.333333,0.001065
51031,Campbell County,,VA,4631,60982,65613,6,5,11,3226,2885,6111,8,0.231564,0.241249,46.329797,0.000037,0.00003,179,0.000268,0,23,0.5,0.000892
51033,Caroline County,,VA,3045,32590,35635,10,10,20,2119,1752,3871,7,0.295953,0.314188,56.835462,0.002855,0.002569,89,0.000212,0,23,0.755556,0.017273
51035,Carroll County,,VA,1574,30525,32099,4,4,8,925,837,1762,8,0.226913,0.23562,11265.842884,0.000026,0.000017,179,0.000327,0,23,0.166667,0.000568
51036,Charles City County,,VA,599,8035,8634,3,2,5,227,252,479,7,0.265857,0.278279,0,0.000465,0.000341,89,0.000108,0,23,1,0.002752
51037,Charlotte County,,VA,804,13066,13870,2,4,6,174,362,536,8,0.224802,0.233327,18.538572,0.000016,0.000011,89,0.000113,0,23,0.333333,0.000297
51041,Chesterfield County,,VA,27289,392356,419645,59,61,120,20347,18256,38603,7,0.355144,0.387433,49946.038865,0.025585,0.033383,89,0.001068,0,23,0.38851,0.162007
51043,Clarke County,,VA,1172,16465,17637,4,3,7,1024,568,1592,7,0.269806,0.282825,0,0.001567,0.0005,89,0.000123,0,23,1,0.009774
51045,Craig County,,VA,283,5647,5930,0,0,0,0,0,0,0,0,0,0,0,0,282,0.000052,266,368,0,0
51047,Culpeper County,,VA,3759,54852,58611,10,11,21,2632,2004,4636,7,0.295701,0.313876,4252.173645,0.002376,0.001919,89,0.000222,0,23,0.545455,0.015236
51049,Cumberland County,,VA,793,10293,11086,4,3,7,442,336,778,8,0.262219,0.274391,19.822139,0.000321,0.000248,89,0.000152,0,23,0.5,0.001996
51051,Dickenson County,,VA,543,13873,14416,2,1,3,288,140,428,9,0.193848,0.199262,14.257301,0,0,238,0.000122,0,23,0,0.000222
51053,Dinwiddie County,,VA,2315,30961,33276,6,6,12,1491,1388,2879,7,0.26716,0.280732,0,0.000682,0.000644,89,0.000182,0,23,1,0.004282
51057,Essex County,,VA,854,12784,13638,2,1,3,150,109,259,10,0.165752,0.169222,0,0.000004,0,89,0.000203,0,23,1,0.0003
51059,Fairfax County,,VA,131979,1323203,1455182,228,254,482,86457,110716,197173,6,0.41802,0.472064,196269.80778,0.108357,0.111745,89,0.003217,0,23,0.226957,0.687777
51061,Fauquier County,,VA,6096,80996,87092,13,13,26,4554,3432,7986,7,0.296743,0.315358,3342.473026,0.004689,0.003775,89,0.000242,0,23,0.552381,0.029895
51063,Floyd County,,VA,810,17052,17862,2,1,3,300,221,521,8,0.23744,0.247129,0,0.000087,0.000025,179,0.00009,0,23,1,0.00048
51065,Fluvanna County,,VA,1868,29160,31028,5,4,9,1168,806,1974,8,0.255681,0.266909,193.696644,0.00125,0.000183,89,0.000156,0,23,0.65,0.007944
51067,Franklin County,,VA,2949,60099,63048,6,6,12,1590,1715,3305,8,0.239033,0.249428,76.024948,0.000088,0.000067,179,0.000202,0,23,0.547619,0.001131
51069,Frederick County,,VA,7271,95345,102616,12,11,23,5164,4447,9611,7,0.296174,0.314137,2838.483865,0.002215,0.002051,89,0.000341,0,23,0.410256,0.014447
51071,Giles County,,VA,866,18691,19557,3,3,6,411,396,807,8,0.238295,0.248343,2670.663457,0.000063,0.000025,179,0.000173,0,23,0.333333,0.000504
51073,Gloucester County,,VA,2813,44183,46996,7,7,14,1519,1222,2741,7,0.27682,0.292325,5653.768819,0.001296,0.001156,89,0.000238,0,23,0.5,0.007943
51075,Goochland County,,VA,1614,25615,27229,5,6,11,1310,1092,2402,7,0.269283,0.282981,2.196939,0.00104,0.00088,89,0.00015,0,23,0.833333,0.006062
51077,Grayson County,,VA,887,15608,16495,2,2,4,385,402,787,9,0.184971,0.189708,0,0,0,179,0.000212,0,23,1,0.000219
51079,Greene County,,VA,1641,22126,23767,4,4,8,842,705,1547,8,0.255681,0.266909,147.373865,0.00023,0.000181,89,0.000147,0,23,0.583333,0.001603
51081,Greensville County,,VA,720,8590,9310,2,2,4,423,351,774,9,0.18646,0.191248,2880.095474,0.000001,0,89,0.000282,0,23,0,0.000218
51083,Halifax County,,VA,1516,38010,39526,5,5,10,602,417,1019,8,0.225458,0.234574,95.463081,0.000036,0.000028,89,0.000193,0,23,0.2,0.000763
51085,Hanover County,,VA,7499,123812,131311,13,9,22,5976,4616,10592,7,0.269649,0.284061,150.883646,0.003379,0.000981,89,0.000312,0,23,0.564103,0.020818
51087,Henrico County,,VA,31417,369604,401021,69,73,142,22869,23968,46837,6,0.362038,0.396336,44204.719171,0.035538,0.042998,89,0.001195,0,23,0.45935,0.228144
51089,Henry County,,VA,2873,55757,58630,6,7,13,1745,1697,3442,7,0.272344,0.286604,6844.418832,0.0005,0.000438,179,0.000259,0,23,0.309524,0.003523
51091,Highland County,,VA,86,2635,2721,0,0,0,0,0,0,0,0,0,0,0,0,283,0.000052,267,369,0,0
51093,Isle of Wight County,,VA,3573,42505,46078,10,11,21,2128,1961,4089,7,0.278095,0.294274,7113.045373,0.001974,0.001794,89,0.00029,0,23,0.554545,0.011981
51095,James City County,,VA,7719,84572,92291,16,18,34,4411,3758,8169,7,0.312317,0.334375,642.941715,0.00519,0.006417,89,0.000296,0,23,0.504329,0.030291
51097,King and Queen County,,VA,455,7607,8062,1,1,2,97,81,178,8,0.210085,0.216197,0,0.000003,0.000007,89,0.000103,0,23,0,0.000153
51099,King George County,,VA,2494,28102,30596,8,7,15,1359,996,2355,7,0.309224,0.328542,981.107484,0.001505,0.00172,89,0.000176,0,23,0.513889,0.009369
51101,King William County,,VA,1248,19800,21048,6,4,10,853,694,1547,7,0.265933,0.278699,5617.142857,0.000782,0.000372,89,0.00024,0,23,0.6,0.004747
51103,Lancaster County,,VA,802,13528,14330,1,1,2,157,169,326,11,0.142207,0.144528,0,0,0.00001,89,0.000224,0,23,0,0.000165
51105,Lee County,,VA,859,21012,21871,1,2,3,190,229,419,8,0.235848,0.244609,0,0,0.000014,238,0.000093,0,23,1,0.00012
51107,Loudoun County,,VA,35196,433211,468407,80,87,167,31070,23742,54812,6,0.369106,0.405206,17026.02599,0.049921,0.054791,89,0.001135,0,23,0.478488,0.319889
51109,Louisa County,,VA,2511,37701,40212,11,9,20,1573,1235,2808,7,0.269048,0.283311,85.953779,0.002578,0.000899,89,0.000262,0,23,0.613636,0.015781
51111,Lunenburg County,,VA,614,12187,12801,3,2,5,273,207,480,8,0.224366,0.232145,6.321784,0.000014,0.000011,89,0.000159,0,23,0.333333,0.0004
51113,Madison County,,VA,928,15133,16061,3,3,6,396,364,760,8,0.228348,0.236696,1.801227,0.000037,0.000047,89,0.000121,0,23,0.666667,0.000633
51115,Mathews County,,VA,581,10162,10743,1,1,2,183,199,382,8,0.216821,0.223927,0,0.000011,0.000012,89,0.000081,0,23,0,0.000181
51117,Mecklenburg County,,VA,1730,33189,34919,5,6,11,553,940,1493,7,0.289118,0.305978,16851.801171,0.000867,0.001242,89,0.000217,0,23,0.166667,0.006866
51119,Middlesex County,,VA,774,12137,12911,4,2,6,340,144,484,7,0.265933,0.278429,11.876657,0.000773,0.000339,89,0.000124,0,23,0.666667,0.004331
51121,Montgomery County,,VA,7374,78582,85956,11,19,30,2385,3178,5563,7,0.311338,0.334867,35674.265409,0.002685,0.006828,179,0.000428,0,23,0.342105,0.018526
51125,Nelson County,,VA,1021,17624,18645,3,4,7,376,431,807,8,0.255846,0.267149,179.602087,0.000212,0.00016,89,0.000122,0,23,0.5,0.001344
51127,New Kent County,,VA,1610,23399,25009,9,8,17,1292,926,2218,7,0.271069,0.285572,55.214389,0.001462,0.001135,89,0.000262,0,23,0.569444,0.008483
51131,Northampton County,,VA,793,13843,14636,3,2,5,414,329,743,7,0.276133,0.290646,0,0.001148,0.000675,89,0.000091,0,23,1,0.006987
51133,Northumberland County,,VA,843,14549,15392,4,2,6,453,236,689,10,0.165772,0.169462,6931.713247,0.001033,0,89,0.000405,0,23,0.25,0.006744
51135,Nottoway County,,VA,882,15794,16676,4,3,7,361,303,664,8,0.262318,0.274559,797.168177,0.000317,0.000239,89,0.000185,0,23,0.333333,0.001945
51137,Orange County,,VA,3452,39393,42845,12,11,23,2151,1864,4015,7,0.295733,0.313936,3103.826406,0.002516,0.001914,89,0.000271,0,23,0.49359,0.016104
51139,Page County,,VA,909,26763,27672,2,3,5,320,423,743,8,0.22848,0.23681,0,0.000023,0.000039,89,0.000106,0,23,1,0.00035
51141,Patrick County,,VA,851,18826,19677,2,2,4,250,348,598,8,0.226543,0.234958,13.398585,0.00003,0.000021,179,0.000116,0,23,0,0.000383
51143,Pittsylvania County,,VA,3636,68768,72404,8,10,18,2327,2271,4598,7,0.272933,0.287833,832.087689,0.000071,0.000475,179,0.000288,0,23,0.344444,0.001189
51145,Powhatan County,,VA,1803,32300,34103,6,6,12,1412,1130,2542,7,0.269205,0.282831,56.582633,0.001038,0.000853,89,0.00018,0,23,0.595238,0.005907
51147,Prince Edward County,,VA,1455,18508,19963,5,6,11,573,600,1173,8,0.265704,0.279081,1179.951603,0.000313,0.000496,89,0.000215,0,23,0.233333,0.002061
51149,Prince George County,,VA,5826,35671,41497,14,11,25,2981,2696,5677,7,0.29706,0.316023,11547.267434,0.00508,0.002717,89,0.000338,0,23,0.434066,0.03321
51153,Prince William County,,VA,51671,511002,562673,78,98,176,36203,38093,74296,6,0.370632,0.409044,17562.315137,0.047762,0.057039,89,0.001116,0,23,0.443366,0.313181
51155,Pulaski County,,VA,2089,35407,37496,4,5,9,1133,1218,2351,8,0.24275,0.253692,56.189004,0.000064,0.000062,179,0.00023,0,23,0.4,0.000615
51157,Rappahannock County,,VA,671,8593,9264,2,3,5,202,429,631,8,0.229139,0.237733,0.342857,0.000052,0.000085,89,0.000085,0,23,0.666667,0.000624
51159,Richmond County,,VA,619,8532,9151,3,3,6,301,371,672,9,0.19867,0.204784,8332,0.000004,0.000022,89,0.000427,0,23,0.333333,0.000461
51161,Roanoke County,,VA,9266,111043,120309,8,11,19,6194,5927,12121,7,0.299978,0.31934,4280.144905,0.001546,0.00266,179,0.000236,0,23,0.445455,0.009701
51163,Rockbridge County,,VA,1360,24316,25676,3,3,6,771,558,1329,9,0.202359,0.208423,11232,0.000001,0.000002,89,0.000353,0,23,0,0.00033
51165,Rockingham County,,VA,5207,92541,97748,7,7,14,3154,3000,6154,7,0.295418,0.312947,3831.854032,0.001056,0.001131,89,0.00027,0,23,0.517857,0.007234
51167,Russell County,,VA,1174,26794,27968,4,4,8,628,633,1261,8,0.236752,0.245919,3093.732949,0.000001,0.000015,238,0.000223,0,23,0.45,0.000461
51169,Scott County,,VA,1058,21706,22764,3,4,7,508,705,1213,8,0.24019,0.250468,6.283333,0.000035,0.000043,238,0.000151,0,23,0.75,0.0005
51171,Shenandoah County,,VA,2840,49886,52726,10,6,16,1701,1240,2941,7,0.295356,0.312665,6293.780814,0.002134,0.001077,89,0.000302,0,23,0.444444,0.013468
51173,Smyth County,,VA,1297,32903,34200,2,2,4,561,575,1136,9,0.199126,0.205482,103.7375,0.000001,0.000001,238,0.000165,0,23,0,0.000243
51175,Southampton County,,VA,1210,18664,19874,4,3,7,707,502,1209,8,0.233392,0.24225,181.746223,0.000728,0.000065,89,0.000148,0,23,0.833333,0.004975
51177,Spotsylvania County,,VA,12517,146768,159285,25,23,48,8964,7583,16547,7,0.310399,0.333302,3198.948144,0.009237,0.007897,89,0.000439,0,23,0.514245,0.058868
51179,Stafford County,,VA,17157,152429,169586,34,31,65,11935,10183,22118,7,0.326365,0.351902,8776.351757,0.018324,0.015926,89,0.000518,0,23,0.565385,0.119109
51181,Surry County,,VA,601,7443,8044,1,1,2,78,83,161,8,0.217602,0.224904,0,0.000017,0.000018,89,0.000075,0,23,0,0.000221
51183,Sussex County,,VA,890,10412,11302,3,3,6,262,290,552,8,0.229139,0.237774,8484.68867,0.000038,0.000061,89,0.000224,0,23,0.333333,0.000719
51185,Tazewell County,,VA,2165,43037,45202,4,4,8,827,826,1653,9,0.199684,0.206803,3339.767562,0.000001,0.000001,238,0.000238,0,23,0.25,0.000457
51187,Warren County,,VA,3447,43886,47333,9,7,16,1966,1614,3580,7,0.295418,0.312869,767.37124,0.002182,0.002,89,0.000228,0,23,0.611111,0.013759
51191,Washington County,,VA,3160,57222,60382,7,6,13,1810,1819,3629,8,0.241023,0.251557,12486.966497,0.000086,0.000038,238,0.000356,0,23,0.309524,0.001107
51193,Westmoreland County,,VA,1569,19802,21371,6,7,13,693,762,1455,8,0.247837,0.259588,15471.556568,0.001367,0.000384,89,0.000249,0,23,0.339286,0.009208
51195,Wise County,,VA,2167,36635,38802,6,8,14,843,1192,2035,8,0.24044,0.251356,14790.678325,0.000032,0.000039,238,0.000383,0,23,0.232143,0.000768
51197,Wythe County,,VA,1363,31943,33306,5,4,9,719,536,1255,8,0.23803,0.248484,5264.455176,0.000064,0.000026,179,0.000294,0,23,0.1,0.000713
51199,York County,,VA,9596,75649,85245,16,20,36,5243,4850,10093,7,0.330048,0.353818,2220.179515,0.006306,0.009713,89,0.000308,0,23,0.496047,0.040802
51510,Alexandria city,,VA,32897,161977,194874,63,63,126,22135,25420,47555,6,0.363934,0.397073,2580.236898,0.046209,0.046994,89,0.000873,0,23,0.677702,0.305426
51515,Bedford city,,VA,0,0,0,0,0,0,0,0,0,0,0,0,0,0,0,284,0.000052,268,370,0,0
51520,Bristol city,,VA,1914,16415,18329,2,3,5,1103,1211,2314,8,0.240273,0.250276,0,0.000031,0.000038,238,0.000132,0,23,1,0.00036
51530,Buena Vista city,,VA,678,6613,7291,1,1,2,234,314,548,10,0.168312,0.17174,0,0,0,89,0.000152,0,23,0,0.000109
51540,Charlottesville city,,VA,6668,39195,45863,16,15,31,3326,3831,7157,7,0.315795,0.338381,6082.748566,0.006259,0.007554,89,0.000357,0,23,0.497368,0.040014
51550,Chesapeake city,,VA,26683,261370,288053,38,44,82,19419,17652,37071,7,0.346422,0.376326,4684.819799,0.022128,0.027304,89,0.000578,0,23,0.538824,0.145
51570,Colonial Heights city,,VA,2426,19861,22287,7,7,14,1781,1624,3405,7,0.269596,0.283509,5.736457,0.001075,0.000893,89,0.000198,0,23,0.952381,0.006434
51580,Covington city,,VA,618,6475,7093,1,1,2,345,315,660,10,0.172527,0.176247,0,0,0,179,0.000088,0,366,0,0.000102
51590,Danville city,,VA,3647,43569,47216,6,5,11,1798,1994,3792,7,0.272291,0.286142,881.185914,0.000508,0.000437,179,0.000198,0,23,0.633333,0.003594
51595,Emporia city,,VA,766,5976,6742,2,1,3,327,347,674,10,0.157165,0.160041,8.406805,0.000002,0,89,0.000195,0,23,0,0.000208
51600,Fairfax city,,VA,4489,26428,30917,8,8,16,2556,3003,5559,7,0.296142,0.314008,0.21699,0.005437,0.004531,89,0.000142,0,23,0.972222,0.033939
51610,Falls Church city,,VA,2346,14026,16372,6,6,12,1421,1305,2726,7,0.296458,0.314038,0,0.004263,0.004252,89,0.00012,0,23,1,0.026808
51620,Franklin city,,VA,1090,8785,9875,3,3,6,513,602,1115,8,0.233392,0.24225,0,0.00006,0.000071,89,0.000139,0,23,1,0.000773
51630,Fredericksburg city,,VA,5768,24526,30294,8,11,19,3479,4023,7502,7,0.296395,0.314908,28.838881,0.001848,0.003627,89,0.00018,0,23,0.704545,0.012028
51640,Galax city,,VA,945,7244,8189,2,2,4,456,558,1014,9,0.184971,0.189708,0,0,0,179,0.000212,0,23,1,0.000219
51650,Hampton city,,VA,19423,141797,161220,32,34,66,11096,12155,23251,7,0.346163,0.374617,5348.99152,0.016221,0.02194,89,0.000525,0,23,0.592335,0.106149
51660,Harrisonburg city,,VA,5041,37173,42214,6,10,16,2275,2771,5046,7,0.295985,0.314212,4218.47165,0.001052,0.001406,89,0.000245,0,23,0.411111,0.007109
51670,Hopewell city,,VA,2896,23080,25976,7,7,14,1947,1914,3861,7,0.269596,0.283509,5.736457,0.001075,0.000893,89,0.000198,0,23,0.952381,0.006434
51678,Lexington city,,VA,618,5044,5662,1,1,2,196,287,483,10,0.168312,0.17174,0,0,0,89,0.000152,0,23,0,0.000109
51680,Lynchburg city,,VA,8037,69703,77740,9,13,22,3379,4482,7861,7,0.300432,0.320419,15439.800767,0.001877,0.003408,179,0.000319,0,23,0.412088,0.011984
51683,Manassas city,,VA,7684,46439,54123,11,13,24,5108,5583,10691,7,0.296363,0.315028,21.4482,0.004671,0.004847,89,0.000191,0,23,0.695238,0.029748
51685,Manassas Park city,,VA,3284,16696,19980,4,7,11,1988,2306,4294,7,0.296142,0.313888,0,0.002103,0.00354,89,0.000096,0,23,0.904762,0.012563
51690,Martinsville city,,VA,1450,13830,15280,1,1,2,842,859,1701,8,0.214066,0.220692,0,0.000004,0.000005,179,0.000084,0,23,0,0.000143
51700,Newport News city,,VA,26056,188701,214757,46,48,94,14770,16493,31263,7,0.354781,0.385586,9839.288183,0.024871,0.029788,89,0.000704,0,23,0.552632,0.159438
51710,Norfolk city,,VA,35434,217951,253385,67,81,148,20270,24960,45230,6,0.367739,0.403095,11678.567939,0.042366,0.049367,89,0.000942,0,23,0.497969,0.277744
51720,Norton city,,VA,450,4034,4484,1,1,2,294,258,552,9,0.193848,0.199262,0,0,0,238,0.000093,0,23,0,0.00012
51730,Petersburg city,,VA,5463,32518,37981,9,9,18,2742,3413,6155,7,0.281646,0.298322,3346.477056,0.001562,0.001399,89,0.000274,0,23,0.625,0.010062
51735,Poquoson city,,VA,1181,14642,15823,3,3,6,582,507,1089,8,0.263288,0.275236,0,0.000566,0.000436,89,0.000091,0,23,1,0.00307
51740,Portsmouth city,,VA,13444,99978,113422,12,15,27,8232,8735,16967,7,0.322652,0.345119,370.616782,0.005038,0.008682,89,0.000233,0,23,0.696078,0.033622
51750,Radford city,,VA,1609,10576,12185,2,2,4,895,765,1660,8,0.23746,0.247308,0,0.000063,0.000025,179,0.00011,0,23,1,0.000395
51760,Richmond city,,VA,29651,191598,221249,62,59,121,20380,22464,42844,7,0.358627,0.390827,24021.009044,0.027498,0.03476,89,0.001039,0,23,0.393003,0.178969
51770,Roanoke city,,VA,10582,104209,114791,14,15,29,6073,6812,12885,7,0.313339,0.335287,11430.88569,0.003899,0.005808,179,0.000348,0,23,0.434641,0.025171
51775,Salem city,,VA,3040,27254,30294,5,6,11,1790,2105,3895,8,0.24258,0.253788,29.759464,0.000144,0.000088,179,0.000176,0,23,0.8,0.001141
51790,Staunton city,,VA,2631,25631,28262,5,5,10,1636,1582,3218,8,0.253512,0.264828,4.321248,0.000168,0.000123,89,0.000204,0,23,0.8,0.001364
51800,Suffolk city,,VA,9283,95356,104639,14,13,27,6481,5097,11578,7,0.304281,0.324264,12536.673234,0.005027,0.004654,89,0.000342,0,23,0.579167,0.032486
51810,Virginia Beach city,,VA,54492,506648,561140,130,136,266,34167,37962,72129,6,0.381155,0.423816,53268.467529,0.072153,0.07255,89,0.001824,0,23,0.358648,0.460903
51820,Waynesboro city,,VA,2352,23799,26151,6,5,11,1594,1547,3141,8,0.255752,0.267149,22.090311,0.000229,0.000171,89,0.000215,0,23,0.571429,0.00177
51830,Williamsburg city,,VA,2334,10031,12365,4,4,8,1098,1278,2376,8,0.266647,0.279824,0,0.001451,0.000588,89,0.000102,0,23,0.95,0.008738
51840,Winchester city,,VA,4389,28802,33191,8,9,17,2554,2944,5498,7,0.29589,0.313507,1363.923231,0.002146,0.001611,89,0.000241,0,23,0.588889,0.01351
53001,Adams County,,WA,1584,24741,26325,4,4,8,762,1007,1769,8,0.257577,0.270466,0,0.000466,0.000469,9,0.000132,0,23,1,0.003912
53003,Asotin County,,WA,1921,23318,25239,4,4,8,1114,1089,2203,8,0.257601,0.270526,0,0.000349,0.000316,9,0.000159,0,23,1,0.002824
53005,Benton County,,WA,14744,210866,225610,31,27,58,11316,10164,21480,7,0.328837,0.353326,1732.754155,0.01257,0.011447,9,0.000615,0,23,0.572581,0.09233
53007,Chelan County,,WA,5989,90914,96903,14,11,25,4301,3856,8157,7,0.320161,0.340348,89.361689,0.005568,0.004315,9,0.000291,0,23,0.802198,0.041048
53009,Clallam County,,WA,4391,80366,84757,16,12,28,2257,1761,4018,7,0.322652,0.344036,67.687132,0.00931,0.006175,9,0.000312,0,23,0.830882,0.067596
53011,Clark County,,WA,27252,517903,545155,72,61,133,26300,19825,46125,7,0.338861,0.37076,6453.465505,0.029781,0.026541,9,0.001344,0,23,0.436603,0.221406
53013,Columbia County,,WA,293,4126,4419,1,1,2,121,105,226,8,0.229745,0.23774,0,0.000034,0.000043,9,0.000082,0,23,0,0.000439
53015,Cowlitz County,,WA,6156,110380,116536,15,16,31,4283,3654,7937,7,0.320827,0.341997,5819.415872,0.006404,0.006032,9,0.000353,0,23,0.660131,0.04867
53017,Douglas County,,WA,4009,45041,49050,6,7,13,3141,2858,5999,7,0.297569,0.315136,0,0.001776,0.002594,9,0.000169,0,23,1,0.013947
53019,Ferry County,,WA,517,6655,7172,2,2,4,178,208,386,8,0.257482,0.270016,0,0.000292,0.000287,9,0.000123,0,23,1,0.002357
53021,Franklin County,,WA,8634,100358,108992,12,12,24,6447,6319,12766,7,0.320457,0.340947,423.254797,0.004163,0.004471,9,0.000282,0,23,0.74359,0.031102
53023,Garfield County,,WA,174,2373,2547,0,0,0,0,0,0,0,0,0,0,0,0,285,0.000052,269,371,0,0
53025,Grant County,,WA,5708,111273,116981,15,15,30,3221,3383,6604,7,0.320309,0.341067,1302.206429,0.005239,0.004392,9,0.000348,0,23,0.616667,0.038878
53027,Grays Harbor County,,WA,4455,71064,75519,10,12,22,2351,2722,5073,7,0.320383,0.340827,58.047967,0.003142,0.004814,9,0.000239,0,23,0.825758,0.024003
53029,Island County,,WA,9398,89456,98854,24,18,42,6011,4897,10908,7,0.329891,0.35251,49.666077,0.015563,0.011489,9,0.000417,0,23,0.755385,0.111451
53031,Jefferson County,,WA,2357,34697,37054,5,5,10,1489,982,2471,7,0.297506,0.314686,0,0.00234,0.002553,9,0.000138,0,23,1,0.017675
53033,King County,,WA,138330,2452922,2591252,300,237,537,124552,121159,245711,6,0.417205,0.46906,162956.44776,0.121321,0.105681,9,0.00478,0,23,0.192449,0.782435
53035,Kitsap County,,WA,21442,285619,307061,52,48,100,14170,13715,27885,7,0.342579,0.37253,1847.820447,0.028521,0.028686,9,0.000862,0,23,0.546884,0.202941
53037,Kittitas County,,WA,3212,39857,43069,10,12,22,1964,1941,3905,7,0.320383,0.340827,16.033725,0.003101,0.004935,9,0.000223,0,23,0.846154,0.023281
53039,Klickitat County,,WA,1631,23360,24991,8,7,15,903,797,1700,7,0.27564,0.29093,53.539259,0.00232,0.001261,9,0.000231,0,23,0.611111,0.019047
53041,Lewis County,,WA,5150,81255,86405,13,13,26,3312,3187,6499,7,0.320753,0.341517,63.087271,0.00385,0.005942,9,0.000288,0,23,0.8,0.030328
53043,Lincoln County,,WA,818,11519,12337,2,2,4,377,425,802,8,0.257482,0.270016,0,0.00032,0.000315,9,0.000093,0,23,1,0.002569
53045,Mason County,,WA,4364,61912,66276,10,7,17,3154,2787,5941,7,0.297569,0.315046,28.340351,0.005375,0.002757,9,0.000217,0,23,0.933333,0.039228
53047,Okanogan County,,WA,2633,45809,48442,8,9,17,1230,1265,2495,7,0.307208,0.326255,22.927199,0.00254,0.003657,9,0.000203,0,23,0.766667,0.019501
53049,Pacific County,,WA,1418,22121,23539,8,7,15,846,629,1475,7,0.295136,0.312107,3.262304,0.002773,0.001767,9,0.000191,0,23,0.833333,0.021715
53051,Pend Oreille County,,WA,894,12661,13555,2,2,4,553,477,1030,8,0.257506,0.270076,0,0.000296,0.000293,9,0.000107,0,23,1,0.002402
53053,Pierce County,,WA,72219,925332,997551,154,152,306,59798,53888,113686,7,0.381312,0.427927,37653.448446,0.068052,0.069116,9,0.002546,0,23,0.27918,0.475273
53055,San Juan County,,WA,1142,19092,20234,3,4,7,372,417,789,7,0.29451,0.31083,0,0.00145,0.00181,9,0.000108,0,23,1,0.011294
53057,Skagit County,,WA,7796,138815,146611,16,13,29,5798,4406,10204,7,0.32625,0.347808,144.466244,0.008609,0.00739,9,0.000323,0,23,0.8375,0.063986
53059,Skamania County,,WA,905,11392,12297,4,3,7,654,428,1082,7,0.275421,0.289971,0.498182,0.000808,0.001039,9,0.000143,0,23,0.833333,0.007578
53061,Snohomish County,,WA,49238,873501,922739,104,88,192,46897,39126,86023,6,0.360488,0.396809,12160.573243,0.05008,0.044482,9,0.001793,0,23,0.379987,0.354115
53063,Spokane County,,WA,25104,539780,564884,82,72,154,19269,16583,35852,7,0.346682,0.380608,41749.371925,0.028925,0.030359,9,0.001788,0,23,0.321148,0.214553
53065,Stevens County,,WA,3037,45686,48723,5,3,8,1715,1527,3242,7,0.294792,0.311159,190.27437,0.002301,0.001386,9,0.000174,0,23,0.7,0.017265
53067,Thurston County,,WA,25078,300949,326027,51,50,101,17417,15917,33334,7,0.339109,0.369255,1516.705711,0.024514,0.02594,9,0.00086,0,23,0.524675,0.172326
53069,Wahkiakum County,,WA,302,4095,4397,1,1,2,68,96,164,8,0.24292,0.251561,0,0.000056,0.000059,9,0.000071,0,23,0,0.000547
53071,Walla Walla County,,WA,4040,63395,67435,13,10,23,2020,2052,4072,7,0.29824,0.316695,5687.396723,0.004645,0.00367,9,0.000348,0,23,0.653846,0.036382
53073,Whatcom County,,WA,12305,228872,241177,33,27,60,6862,7052,13914,7,0.329812,0.354525,247.99268,0.016621,0.014974,9,0.000587,0,23,0.653904,0.119735
53075,Whitman County,,WA,4141,35851,39992,11,12,23,1604,1980,3584,7,0.298432,0.317265,549.439341,0.00292,0.004003,9,0.000296,0,23,0.666667,0.022754
53077,Yakima County,,WA,11006,294261,305267,24,30,54,5575,6854,12429,7,0.330361,0.355605,548.590786,0.011104,0.01306,9,0.000468,0,23,0.572581,0.081894
54001,Barbour County,,WV,979,16553,17532,4,5,9,722,598,1320,8,0.230565,0.24002,3185.905666,0.000008,0.000011,211,0.000225,0,23,0.6,0.000465
54003,Berkeley County,,WV,6989,124814,131803,18,14,32,5361,3471,8832,7,0.298336,0.317219,9253.443106,0.005296,0.003903,89,0.000418,0,23,0.385621,0.032443
54005,Boone County,,WV,1123,23764,24887,3,3,6,451,526,977,8,0.24326,0.253826,0,0.00007,0.000018,288,0.000161,0,23,1,0.000491
54007,Braxton County,,WV,620,13914,14534,1,3,4,84,206,290,9,0.1959,0.201979,2780,0,0.000001,288,0.000127,0,372,0,0.000102
54009,Brooke County,,WV,1396,26529,27925,5,5,10,902,834,1736,7,0.286761,0.30276,1.436111,0.000919,0.000852,211,0.000174,0,23,0.85,0.005852
54011,Cabell County,,WV,6361,97254,103615,12,11,23,3308,3222,6530,7,0.296522,0.314359,15777.511057,0.000972,0.001037,288,0.000517,0,23,0.25641,0.006959
54013,Calhoun County,,WV,338,7037,7375,0,0,0,0,0,0,0,0,0,0,0,0,286,0.000052,270,373,0,0
54015,Clay County,,WV,549,9026,9575,1,1,2,74,158,232,8,0.243111,0.253329,0,0.000069,0.000017,288,0.000083,0,23,0,0.000258
54017,Doddridge County,,WV,430,6888,7318,2,1,3,563,402,965,8,0.223878,0.231455,15.234271,0.000008,0.000001,211,0.000137,0,23,0,0.000232
54019,Fayette County,,WV,2534,44353,46887,4,4,8,1128,1188,2316,8,0.243409,0.254306,26.563333,0.000083,0.000019,288,0.000272,0,23,0.666667,0.00062
54021,Gilmer County,,WV,475,6357,6832,1,1,2,66,84,150,10,0.16382,0.167293,0,0,0,288,0.000088,0,372,0,0.000102
54023,Grant County,,WV,546,13072,13618,2,1,3,228,174,402,9,0.186098,0.190418,1.797682,0.000001,0,89,0.00013,0,23,0,0.000212
54025,Greenbrier County,,WV,1939,37744,39683,5,4,9,502,454,956,8,0.24343,0.254336,4819.012213,0.000083,0.000018,288,0.000293,0,23,0.3,0.000711
54027,Hampshire County,,WV,1223,24709,25932,5,4,9,519,510,1029,8,0.230145,0.239084,3084.120602,0.00007,0.000069,89,0.000205,0,23,0.35,0.001099
54029,Hancock County,,WV,1954,36707,38661,6,7,13,1161,1197,2358,7,0.28685,0.303179,6.182937,0.000967,0.000895,211,0.000184,0,23,0.666667,0.006161
54031,Hardy County,,WV,909,15941,16850,2,3,5,252,332,584,8,0.22863,0.236773,2827.142987,0.000001,0.00002,89,0.000206,0,23,0,0.000226
54033,Harrison County,,WV,4886,78360,83246,8,9,17,2081,2716,4797,7,0.288428,0.305524,22976.112499,0.000098,0.000833,211,0.00048,0,23,0.305556,0.001142
54035,Jackson County,,WV,1364,31953,33317,3,3,6,490,540,1030,8,0.243409,0.254228,8.002381,0.000078,0.000027,288,0.00016,0,23,0.5,0.000541
54037,Jefferson County,,WV,4562,62600,67162,9,7,16,2677,2074,4751,7,0.296395,0.313897,9.93836,0.003293,0.002636,89,0.000197,0,23,0.75,0.020151
54039,Kanawha County,,WV,11098,216699,227797,20,26,46,4607,5331,9938,7,0.32116,0.346708,101003.729766,0.001802,0.007547,288,0.000955,0,23,0.161376,0.012893
54041,Lewis County,,WV,1018,19558,20576,3,2,5,428,417,845,8,0.223932,0.231725,495.705444,0.000008,0.000001,211,0.000177,0,23,0.333333,0.000344
54043,Lincoln County,,WV,1080,20909,21989,5,5,10,686,711,1397,8,0.244997,0.256123,24.262851,0.00008,0.000028,288,0.000257,0,23,0.65,0.00079
54045,Logan County,,WV,1397,35177,36574,4,5,9,440,673,1113,8,0.245083,0.256261,237.011133,0.00007,0.000027,288,0.000198,0,23,0.55,0.000593
54047,McDowell County,,WV,884,17070,17954,1,1,2,105,318,423,9,0.196105,0.201737,0,0,0,238,0.000111,0,23,0,0.000116
54049,Marion County,,WV,3212,63760,66972,5,5,10,1777,1442,3219,7,0.287532,0.303725,2040.02712,0.000098,0.000816,211,0.000253,0,23,0.452381,0.000821
54051,Marshall County,,WV,1773,36187,37960,3,3,6,1192,940,2132,8,0.229064,0.237453,2772.608706,0.000023,0.000017,211,0.000157,0,23,0.333333,0.000446
54053,Mason County,,WV,1057,27117,28174,6,5,11,782,587,1369,8,0.245083,0.256333,128.201445,0.000095,0.000027,288,0.00029,0,23,0.366667,0.000904
54055,Mercer County,,WV,2968,63299,66267,5,5,10,994,778,1772,8,0.243922,0.255206,8394.376475,0.000014,0.000018,238,0.000345,0,23,0.133333,0.000556
54057,Mineral County,,WV,1425,32181,33606,2,5,7,656,712,1368,8,0.235748,0.246558,2879.909383,0.000022,0.00007,89,0.000114,0,23,0.25,0.000295
54059,Mingo County,,WV,1374,24120,25494,2,4,6,430,632,1062,8,0.245213,0.256381,149.911302,0.000002,0.00002,288,0.000121,0,23,0.166667,0.000237
54061,Monongalia County,,WV,9120,93284,102404,18,15,33,2804,2904,5708,7,0.299203,0.31936,35865.211262,0.001055,0.002264,211,0.000737,0,23,0.160526,0.007787
54063,Monroe County,,WV,661,14417,15078,3,3,6,355,364,719,9,0.198997,0.205776,156.003799,0.000001,0.000001,288,0.000222,0,23,0,0.000344
54065,Morgan County,,WV,1026,19129,20155,3,2,5,433,321,754,8,0.231063,0.240038,0.378233,0.000106,0.000109,89,0.000121,0,23,0.666667,0.001133
54067,Nicholas County,,WV,1087,27117,28204,4,3,7,415,307,722,8,0.243175,0.253748,10675.294556,0.00007,0.000017,288,0.000292,0,23,0.166667,0.000577
54069,Ohio County,,WV,3259,49664,52923,7,7,14,1440,1920,3360,7,0.287711,0.304235,3424.172648,0.00094,0.000861,211,0.000253,0,23,0.5,0.006111
54071,Pendleton County,,WV,355,8485,8840,0,0,0,0,0,0,0,0,0,0,0,0,287,0.000052,271,374,0,0
54073,Pleasants County,,WV,448,8158,8606,1,1,2,123,142,265,8,0.227284,0.234724,0,0.000008,0.000009,288,0.000093,0,23,0,0.000179
54075,Pocahontas County,,WV,468,9421,9889,0,1,1,0,56,56,9,0.19583,0.201389,0,0,0.000001,288,0.000052,0,375,0,0
54077,Preston County,,WV,1371,35207,36578,4,2,6,855,522,1377,8,0.230469,0.23933,87.722795,0.000029,0.00001,211,0.000231,0,23,0.5,0.000553
54079,Putnam County,,WV,4295,66126,70421,5,4,9,2779,2324,5103,8,0.244997,0.256003,77.398909,0.00008,0.000027,288,0.000254,0,23,0.6,0.000801
54081,Raleigh County,,WV,4075,81158,85233,8,9,17,1580,1528,3108,7,0.305284,0.322695,19994.968229,0.0001,0.001478,288,0.000467,0,23,0.180556,0.00121
54083,Randolph County,,WV,1382,31198,32580,3,4,7,384,652,1036,8,0.230527,0.23978,5617,0,0.00001,211,0.000218,0,23,0.333333,0.000328
54085,Ritchie County,,WV,471,10824,11295,1,2,3,99,195,294,8,0.227433,0.235144,799.342078,0.000008,0.000009,288,0.000093,0,23,0,0.000179
54087,Roane County,,WV,636,14518,15154,1,2,3,208,264,472,8,0.243132,0.253508,0,0.000069,0.000017,288,0.000083,0,23,1,0.000258
54089,Summers County,,WV,658,11141,11799,1,2,3,104,230,334,8,0.234199,0.241966,0,0.000014,0.000001,288,0.000096,0,23,1,0.00013
54091,Taylor County,,WV,1449,18089,19538,4,5,9,1024,923,1947,8,0.230584,0.24005,1305.159941,0.000036,0.000012,211,0.000221,0,23,0.6,0.000571
54093,Tucker County,,WV,295,7935,8230,1,1,2,59,77,136,9,0.187353,0.192151,0,0,0,211,0.000098,0,23,0,0.000109
54095,Tyler County,,WV,584,9671,10255,1,1,2,186,211,397,9,0.187365,0.192157,0,0,0,211,0.000097,0,23,0,0.000109
54097,Upshur County,,WV,1320,25589,26909,4,5,9,610,617,1227,8,0.230565,0.24002,2532.992037,0.000008,0.000011,211,0.000257,0,23,0.5,0.00046
54099,Wayne County,,WV,2186,40574,42760,4,5,9,1193,1339,2532,8,0.229007,0.237651,392.736217,0.000018,0.000013,288,0.000223,0,23,0.333333,0.000529
54101,Webster County,,WV,363,8209,8572,1,1,2,61,151,212,9,0.195622,0.200997,0,0,0.000001,288,0.000135,0,23,0,0.000114
54103,Wetzel County,,WV,900,17917,18817,3,4,7,382,374,756,8,0.230546,0.23978,5669.206885,0,0.000011,211,0.000211,0,23,0.1,0.000319
54105,Wirt County,,WV,294,6001,6295,1,1,2,144,199,343,8,0.227284,0.234724,0,0.000008,0.000009,288,0.000093,0,23,0,0.000179
54107,Wood County,,WV,4080,98137,102217,9,9,18,1708,1686,3394,7,0.294105,0.311132,19131.130193,0.000991,0.000887,288,0.000435,0,23,0.180556,0.006754
54109,Wyoming County,,WV,813,21063,21876,1,1,2,142,224,366,8,0.233903,0.241372,0,0.000014,0.000001,288,0.000096,0,23,0,0.00013
55001,Adams County,,WI,1628,20880,22508,7,6,13,820,742,1562,7,0.276628,0.290762,7.492281,0.001154,0.000481,38,0.00019,0,23,0.690476,0.007165
55003,Ashland County,,WI,1016,18257,19273,2,3,5,371,369,740,8,0.227024,0.234399,2845.055938,0,0.000008,289,0.000146,0,23,0.333333,0.000208
55005,Barron County,,WI,2960,55645,58605,9,10,19,1384,1554,2938,7,0.294417,0.311492,7398.594835,0.000867,0.001227,289,0.000311,0,23,0.466667,0.006582
55007,Bayfield County,,WI,1074,18625,19699,2,2,4,313,377,690,8,0.226765,0.233823,5676,0.00001,0.000008,289,0.000128,0,23,0.5,0.000267
55009,Brown County,,WI,13630,319800,333430,32,32,64,8210,8737,16947,7,0.33882,0.365429,33703.970847,0.006606,0.011224,289,0.000784,0,23,0.28734,0.045141
55011,Buffalo County,,WI,1006,16600,17606,4,5,9,454,622,1076,8,0.24897,0.259365,9.540333,0.000059,0.000036,289,0.000155,0,23,0.5,0.000685
55013,Burnett County,,WI,1041,18487,19528,5,3,8,420,346,766,7,0.292865,0.307713,1115.244886,0.001238,0.000775,289,0.000172,0,23,0.6,0.008013
55015,Calumet County,,WI,4334,61626,65960,8,9,17,3173,3299,6472,7,0.284093,0.298967,0.47619,0.001358,0.001111,289,0.000194,0,23,0.916667,0.008294
55017,Chippewa County,,WI,4405,75534,79939,11,9,20,2910,2793,5703,7,0.294448,0.311432,2614.325996,0.001412,0.001432,289,0.000295,0,23,0.44697,0.009653
55019,Clark County,,WI,2004,41132,43136,6,6,12,1265,1178,2443,8,0.249081,0.259815,23.911257,0.000135,0.000099,289,0.000182,0,23,0.466667,0.001396
55021,Columbia County,,WI,4787,71706,76493,10,12,22,3258,3221,6479,7,0.284122,0.299387,860.299026,0.002326,0.001152,38,0.000261,0,23,0.512821,0.015206
55023,Crawford County,,WI,839,19093,19932,5,5,10,662,492,1154,7,0.276958,0.291128,640.756172,0.00057,0.000441,38,0.000176,0,23,0.45,0.003542
55025,Dane County,,WI,33651,621684,655335,106,113,219,22034,23259,45293,6,0.381941,0.421165,93501.068703,0.04252,0.055483,38,0.001872,0,23,0.301337,0.28532
55027,Dodge County,,WI,6115,105183,111298,9,9,18,4110,4055,8165,7,0.284006,0.298787,311.466958,0.001459,0.001131,38,0.000208,0,23,0.694444,0.008548
55029,Door County,,WI,1722,37226,38948,5,6,11,744,662,1406,7,0.315115,0.333784,902.894821,0.002375,0.002177,289,0.000143,0,23,0.733333,0.014487
55031,Douglas County,,WI,2536,49505,52041,5,5,10,1072,1178,2250,7,0.293113,0.308331,13956.07625,0.000852,0.001063,289,0.000202,0,23,0.433333,0.005987
55033,Dunn County,,WI,3222,46049,49271,8,10,18,1687,1914,3601,7,0.294448,0.311552,1381.931424,0.000865,0.001486,289,0.000248,0,23,0.563636,0.00647
55035,Eau Claire County,,WI,7580,112767,120347,21,26,47,4624,4951,9575,7,0.330952,0.355119,21352.494175,0.001949,0.005065,289,0.000551,0,23,0.307882,0.013571
55037,Florence County,,WI,223,5339,5562,1,2,3,112,189,301,8,0.220783,0.22744,0,0.000001,0.000009,289,0.0001,0,23,1,0.00012
55039,Fond du Lac County,,WI,5657,125903,131560,15,15,30,3536,3634,7170,7,0.327596,0.349242,2145.242328,0.002817,0.003831,38,0.000318,0,23,0.616667,0.017904
55041,Forest County,,WI,459,10579,11038,0,1,1,0,64,64,8,0.221355,0.228102,0,0,0.000024,289,0.000052,0,376,0,0
55043,Grant County,,WI,3038,57134,60172,7,10,17,1584,1897,3481,7,0.284675,0.299944,87.561438,0.000557,0.000995,38,0.000239,0,23,0.377778,0.003786
55045,Green County,,WI,2505,47412,49917,5,4,9,1401,1475,2876,7,0.276683,0.290612,13.56075,0.000756,0.000449,38,0.000137,0,23,0.55,0.004041
55047,Green Lake County,,WI,1545,23032,24577,6,6,12,862,929,1791,8,0.248702,0.259035,4.323413,0.000108,0.000112,38,0.000179,0,23,0.566667,0.001464
55049,Iowa County,,WI,1683,29679,31362,5,5,10,1013,1105,2118,7,0.276545,0.290462,1.833333,0.000548,0.000431,38,0.000173,0,23,0.75,0.003459
55051,Iron County,,WI,359,7095,7454,1,1,2,159,91,250,1,1,1,0,0,0,91,0.000348,84,140,0,0.000102
55053,Jackson County,,WI,1213,22921,24134,5,5,10,614,653,1267,8,0.249148,0.259743,11.635636,0.000098,0.000068,289,0.000167,0,23,0.5,0.001062
55055,Jefferson County,,WI,6472,101258,107730,10,8,18,4334,4265,8599,7,0.284006,0.298667,27.30123,0.002714,0.001153,38,0.000199,0,23,0.744444,0.016516
55057,Juneau County,,WI,1839,29444,31283,7,7,14,1000,1009,2009,7,0.276655,0.290942,134.452754,0.001739,0.000486,38,0.000199,0,23,0.553571,0.011572
55059,Kenosha County,,WI,11920,195474,207394,10,14,24,7141,6635,13776,7,0.334618,0.357476,15.014079,0.004197,0.00991,38,0.000169,0,23,0.833333,0.023548
55061,Kewaunee County,,WI,1185,25599,26784,3,3,6,779,733,1512,8,0.253143,0.263728,0.416667,0.000133,0.000108,289,0.000114,0,23,0.666667,0.001075
55063,La Crosse County,,WI,6781,133680,140461,21,20,41,3261,3546,6807,7,0.330637,0.35389,12365.173981,0.004057,0.004896,38,0.000463,0,23,0.347826,0.025506
55065,Lafayette County,,WI,1172,21979,23151,4,4,8,653,710,1363,7,0.276572,0.290373,2.257576,0.000528,0.000409,38,0.000145,0,23,0.666667,0.003188
55067,Langlade County,,WI,1139,23568,24707,3,3,6,259,404,663,8,0.25335,0.264267,1.2,0.000056,0.000113,289,0.00014,0,23,0.75,0.000857
55069,Lincoln County,,WI,1635,35086,36721,2,3,5,591,763,1354,8,0.253327,0.264207,0,0.000055,0.000129,289,0.000107,0,23,0.833333,0.000687
55071,Manitowoc County,,WI,3736,101273,105009,11,10,21,1948,2056,4004,7,0.284209,0.299267,729.089697,0.002781,0.001096,38,0.000246,0,23,0.719697,0.017023
55073,Marathon County,,WI,7192,169474,176666,20,22,42,4122,4176,8298,7,0.330833,0.354459,17398.328242,0.00484,0.004883,289,0.000489,0,23,0.371377,0.032518
55075,Marinette County,,WI,2645,49277,51922,9,6,15,1493,1294,2787,7,0.283052,0.29682,6703.406274,0.000974,0.000585,289,0.000292,0,23,0.433333,0.005911
55077,Marquette County,,WI,1247,18345,19592,6,6,12,687,709,1396,7,0.2766,0.290702,130.629808,0.000552,0.000456,38,0.000187,0,23,0.566667,0.003753
55078,Menominee County,,WI,221,4368,4589,1,1,2,151,112,263,9,0.202271,0.207964,0,0.000002,0.000008,289,0.000085,0,23,0,0.00017
55079,Milwaukee County,,WI,53175,1079830,1133005,99,114,213,31255,41847,73102,6,0.393347,0.431468,58758.131675,0.052382,0.062478,38,0.001572,0,23,0.380781,0.348254
55081,Monroe County,,WI,3225,53679,56904,6,6,12,1259,1361,2620,7,0.276683,0.290882,368.030833,0.001141,0.000475,38,0.000174,0,23,0.595238,0.006864
55083,Oconto County,,WI,2319,46279,48598,4,4,8,1642,1467,3109,8,0.253327,0.264267,3.441667,0.000156,0.000124,289,0.000166,0,23,0.75,0.00136
55085,Oneida County,,WI,2742,45864,48606,9,8,17,1230,1044,2274,7,0.28418,0.299027,7184.690195,0.002599,0.001041,289,0.000334,0,23,0.5,0.016029
55087,Outagamie County,,WI,13365,227194,240559,23,22,45,10520,9598,20118,7,0.330676,0.35416,4680.712538,0.005055,0.004913,289,0.000475,0,23,0.427692,0.033893
55089,Ozaukee County,,WI,6233,112936,119169,7,9,16,4247,3763,8010,7,0.329812,0.351341,8.803021,0.002655,0.004444,38,0.000141,0,23,0.888889,0.015651
55091,Pepin County,,WI,528,8749,9277,4,3,7,293,261,554,8,0.248791,0.258675,1.535714,0.000072,0.000026,289,0.000139,0,23,0.75,0.000765
55093,Pierce County,,WI,3330,45500,48830,9,9,18,1858,2216,4074,7,0.293298,0.309273,985.291305,0.001582,0.001281,289,0.000225,0,23,0.644444,0.009925
55095,Polk County,,WI,2637,53190,55827,11,9,20,1965,1546,3511,7,0.293143,0.308973,17.767565,0.001712,0.001228,289,0.000288,0,23,0.613636,0.01076
55097,Portage County,,WI,4297,81505,85802,10,13,23,1959,2215,4174,7,0.319866,0.340675,157.923537,0.001603,0.003196,289,0.000227,0,23,0.74359,0.009394
55099,Price County,,WI,742,17087,17829,1,2,3,78,142,220,8,0.248858,0.258543,108.02375,0,0.000045,289,0.000094,0,23,0,0.000105
55101,Racine County,,WI,11566,236323,247889,12,19,31,7240,7305,14545,7,0.334014,0.35771,251.913913,0.004777,0.008328,38,0.000204,0,23,0.597368,0.029505
55103,Richland County,,WI,1086,19942,21028,5,5,10,714,784,1498,7,0.276545,0.290462,2.236111,0.000549,0.000431,38,0.000167,0,23,0.7,0.003469
55105,Rock County,,WI,8521,194743,203264,12,15,27,4855,4659,9514,7,0.32993,0.35224,629.246096,0.004283,0.004717,38,0.000223,0,23,0.5375,0.026693
55107,Rusk County,,WI,893,16458,17351,3,3,6,286,336,622,8,0.248747,0.258615,0,0.000071,0.000039,289,0.000124,0,23,1,0.000656
55109,St. Croix County,,WI,5942,107425,113367,11,12,23,4287,3669,7956,7,0.29451,0.311912,41.256812,0.00221,0.001768,289,0.000262,0,23,0.659091,0.013306
55111,Sauk County,,WI,4750,79254,84004,15,11,26,3183,2647,5830,7,0.31533,0.334744,1082.24992,0.002646,0.002194,38,0.000354,0,23,0.395833,0.016974
55113,Sawyer County,,WI,1237,20044,21281,2,2,4,200,225,425,8,0.227507,0.235161,0,0.000012,0.000009,289,0.00012,0,23,1,0.000293
55115,Shawano County,,WI,2646,49235,51881,9,8,17,2016,1649,3665,8,0.253535,0.265347,5811.061606,0.000824,0.000206,289,0.000313,0,23,0.5,0.005654
55117,Sheboygan County,,WI,5146,145909,151055,13,13,26,3159,2733,5892,7,0.327519,0.348882,157.59367,0.002908,0.003833,38,0.000255,0,23,0.78022,0.017804
55119,Taylor County,,WI,1172,23437,24609,2,4,6,352,471,823,8,0.248992,0.259335,0,0.000046,0.000077,289,0.000097,0,23,0.916667,0.000556
55121,Trempealeau County,,WI,2212,39241,41453,6,6,12,1126,1344,2470,8,0.249193,0.259983,23.905633,0.000117,0.000078,289,0.000191,0,23,0.466667,0.001259
55123,Vernon County,,WI,1809,35151,36960,6,7,13,927,1048,1975,7,0.276793,0.29114,11.549368,0.000573,0.00049,38,0.000193,0,23,0.595238,0.003792
55125,Vilas County,,WI,1569,26601,28170,5,1,6,635,403,1038,8,0.221311,0.228004,0,0.002325,0.000024,289,0.000144,0,23,0.95,0.01449
55127,Walworth County,,WI,7359,118902,126261,13,13,26,5674,4989,10663,7,0.327403,0.348702,72.423675,0.004721,0.004901,38,0.000194,0,23,0.742857,0.025242
55129,Washburn County,,WI,1338,19943,21281,4,4,8,546,461,1007,8,0.248791,0.258855,98.279,0.000065,0.000037,289,0.000196,0,23,0.333333,0.000733
55131,Washington County,,WI,8149,172259,180408,12,13,25,6242,5651,11893,7,0.327519,0.348882,97.718422,0.002898,0.003853,38,0.000237,0,23,0.788462,0.017541
55133,Waukesha County,,WI,26305,508844,535149,33,48,81,20172,18739,38911,6,0.351683,0.382212,5148.932236,0.012748,0.025773,38,0.000541,0,23,0.397059,0.084533
55135,Waupaca County,,WI,3499,62998,66497,9,9,18,2264,2508,4772,7,0.284239,0.299267,134.483437,0.001324,0.001094,289,0.000228,0,23,0.766667,0.008174
55137,Waushara County,,WI,1727,27515,29242,8,8,16,971,903,1874,7,0.276848,0.291338,149.44509,0.000743,0.000537,289,0.00021,0,23,0.638889,0.005085
55139,Winnebago County,,WI,12002,197573,209575,25,21,46,8135,8216,16351,7,0.330519,0.35386,5522.038981,0.004307,0.004678,289,0.000538,0,23,0.42,0.029604
55141,Wood County,,WI,4518,92337,96855,10,13,23,2109,2515,4624,7,0.319903,0.340735,1574.923392,0.002443,0.003101,289,0.000242,0,23,0.582418,0.015743
56001,Albany County,,WY,4930,33006,37936,12,16,28,1234,1809,3043,7,0.306564,0.325442,2443.343883,0.001547,0.005094,174,0.000362,0,23,0.441176,0.011955
56003,Big Horn County,,WY,966,13160,14126,1,1,2,191,172,363,9,0.201786,0.207715,0,0.000001,0.000002,174,0.000089,0,23,0,0.000128
56005,Campbell County,,WY,4227,56455,60682,10,12,22,1197,1213,2410,7,0.319022,0.339418,15106.101017,0.001607,0.001677,174,0.000407,0,23,0.257576,0.011917
56007,Carbon County,,WY,1957,17537,19494,4,4,8,336,410,746,8,0.252613,0.263533,0,0.000291,0.000143,174,0.000138,0,23,1,0.001558
56009,Converse County,,WY,1499,16617,18116,2,2,4,306,390,696,8,0.247749,0.257621,0,0.000094,0.000044,174,0.000105,0,23,1,0.000594
56011,Crook County,,WY,756,8237,8993,1,2,3,163,287,450,8,0.242686,0.251473,0,0.000015,0.000016,174,0.000081,0,23,1,0.000229
56013,Fremont County,,WY,3196,45693,48889,4,6,10,369,668,1037,8,0.252705,0.264013,9.082544,0.000291,0.000149,174,0.000138,0,23,0.766667,0.001558
56015,Goshen County,,WY,933,14210,15143,2,2,4,183,180,363,8,0.252797,0.263137,0,0.000138,0.000095,43,0.000103,0,23,1,0.00093
56017,Hot Springs County,,WY,540,5389,5929,0,1,1,0,68,68,9,0.20183,0.20782,0,0,0.000002,174,0.000052,0,377,0,0
56019,Johnson County,,WY,793,10151,10944,3,2,5,223,180,403,8,0.247462,0.257123,0,0.000097,0.000033,174,0.000146,0,23,1,0.000736
56021,Laramie County,,WY,10463,111254,121717,25,26,51,3433,3760,7193,7,0.336319,0.361746,22263.369036,0.009764,0.014064,174,0.000648,0,23,0.448276,0.073705
56023,Lincoln County,,WY,1720,20879,22599,4,4,8,343,349,692,7,0.285172,0.299602,8.988269,0.00012,0.000648,9,0.000144,0,23,0.5,0.00108
56025,Natrona County,,WY,6780,93794,100574,18,21,39,2306,2439,4745,7,0.328759,0.352582,18776.171593,0.003166,0.008572,174,0.000582,0,23,0.385375,0.026269
56027,Niobrara County,,WY,178,2712,2890,0,0,0,0,0,0,0,0,0,0,0,0,290,0.000052,272,378,0,0
56029,Park County,,WY,2789,35761,38550,6,6,12,585,760,1345,8,0.252774,0.264948,8415.458435,0.000269,0.000135,174,0.000263,0,23,0.285714,0.001684
56031,Platte County,,WY,728,10311,11039,1,1,2,91,101,192,8,0.251698,0.261638,0,0.000129,0.00009,174,0.000073,0,23,0,0.000779
56033,Sheridan County,,WY,2471,35300,37771,8,6,14,896,632,1528,8,0.254394,0.266784,105.346821,0.000415,0.000234,174,0.000292,0,23,0.553571,0.002733
56035,Sublette County,,WY,1119,10636,11755,1,1,2,99,93,192,8,0.242856,0.251353,0,0.000035,0.000009,174,0.000074,0,23,0,0.000185
56037,Sweetwater County,,WY,4605,53639,58244,11,13,24,1187,1392,2579,7,0.320716,0.341397,7045.940862,0.001027,0.003826,174,0.000334,0,23,0.314286,0.007105
56039,Teton County,,WY,2404,31536,33940,4,6,10,466,527,993,7,0.306936,0.325349,2021.243412,0.00194,0.002973,9,0.000147,0,23,0.357143,0.01315
56041,Uinta County,,WY,1812,25132,26944,3,4,7,409,418,827,7,0.285143,0.299542,115.172619,0.000695,0.000709,9,0.000119,0,23,0.666667,0.004586
56043,Washakie County,,WY,650,9889,10539,0,1,1,0,74,74,8,0.247485,0.25703,0,0,0.000029,174,0.000052,0,379,0,0
56045,Weston County,,WY,494,8274,8768,1,1,2,81,79,160,8,0.241884,0.250313,0,0.000015,0.000015,174,0.000081,0,23,0,0.000229
