id,label,timeset,state,totalMig,totalNonMig,population
1001,Autauga County,,AL,6214,58809,65023
1003,Baldwin County,,AL,12310,216835,229145
1005,Barbour County,,AL,1741,24730,26471
1007,Bibb County,,AL,1287,20781,22068
1009,Blount County,,AL,3497,59562,63059
1011,Bullock County,,AL,612,9577,10189
1013,Butler County,,AL,1097,21193,22290
1015,Calhoun County,,AL,6886,122189,129075
1017,Chambers County,,AL,2828,35899,38727
1019,Cherokee County,,AL,1287,24214,25501
1021,Chilton County,,AL,2727,45609,48336
1023,Choctaw County,,AL,665,13780,14445
1025,Clarke County,,AL,1512,27199,28711
1027,Clay County,,AL,756,14565,15321
1029,Cleburne County,,AL,1092,15231,16323
1031,Coffee County,,AL,5873,51269,57142
1033,Colbert County,,AL,3685,59706,63391
1035,Conecuh County,,AL,828,12573,13401
1037,Coosa County,,AL,944,9761,10705
1039,Covington County,,AL,1923,38826,40749
1041,Crenshaw County,,AL,875,14395,15270
1043,Cullman County,,AL,3855,86902,90757
1045,Dale County,,AL,7202,48170,55372
1047,Dallas County,,AL,2382,43538,45920
1049,DeKalb County,,AL,3882,72243,76125
1051,Elmore County,,AL,6773,87141,93914
1053,Escambia County,,AL,1864,37389,39253
1055,Etowah County,,AL,5046,108595,113641
1057,Fayette County,,AL,956,16758,17714
1059,Franklin County,,AL,2399,33423,35822
1061,Geneva County,,AL,1856,26174,28030
1063,Greene County,,AL,587,8623,9210
1065,Hale County,,AL,1105,16268,17373
1067,Henry County,,AL,1401,17728,19129
1069,Houston County,,AL,8250,110825,119075
1071,Jackson County,,AL,2819,55582,58401
1073,Jefferson County,,AL,39406,730881,770287
1075,Lamar County,,AL,638,14584,15222
1077,Lauderdale County,,AL,5194,96486,101680
1079,Lawrence County,,AL,1873,35559,37432
1081,Lee County,,AL,13951,146141,160092
1083,Limestone County,,AL,5787,97722,103509
1085,Lowndes County,,AL,1103,12537,13640
1087,Macon County,,AL,1565,18787,20352
1089,Madison County,,AL,22679,404371,427050
1091,Marengo County,,AL,1216,21750,22966
1093,Marion County,,AL,1643,28270,29913
1095,Marshall County,,AL,6394,104143,110537
1097,Mobile County,,AL,18681,444626,463307
1099,Monroe County,,AL,1145,22357,23502
1101,Montgomery County,,AL,17818,244787,262605
1103,Morgan County,,AL,7640,136758,144398
1105,Perry County,,AL,731,9769,10500
1107,Pickens County,,AL,1099,19927,21026
1109,Pike County,,AL,2474,30390,32864
1111,Randolph County,,AL,1493,23048,24541
1113,Russell County,,AL,9466,55665,65131
1115,St. Clair County,,AL,6366,89913,96279
1117,Shelby County,,AL,18042,230483,248525
1119,Sumter County,,AL,762,12611,13373
1121,Talladega County,,AL,4925,83208,88133
1123,Tallapoosa County,,AL,4240,43898,48138
1125,Tuscaloosa County,,AL,11027,199820,210847
1127,Walker County,,AL,3077,67141,70218
1129,Washington County,,AL,961,17492,18453
1131,Wilcox County,,AL,784,11466,12250
1133,Winston County,,AL,1524,23561,25085
2013,Aleutians East Borough,,AK,302,1919,2221
2016,Aleutians West Census Area,,AK,627,4902,5529
2020,Anchorage Municipality,,AK,34684,341188,375872
2050,Bethel Census Area,,AK,1066,17669,18735
2060,Bristol Bay Borough,,AK,-2,1071,1069
2068,Denali Borough,,AK,217,2429,2646
2070,Dillingham Census Area,,AK,307,5259,5566
2090,Fairbanks North Star Borough,,AK,15453,104467,119920
2100,Haines Borough,,AK,174,2903,3077
2105,Hoonah-Angoon Census Area,,AK,84,2265,2349
2110,Juneau City and Borough,,AK,3019,37889,40908
2122,Kenai Peninsula Borough,,AK,4599,65812,70411
2130,Ketchikan Gateway Borough,,AK,1353,16156,17509
2150,Kodiak Island Borough,,AK,2024,16342,18366
2164,Lake and Peninsula Borough,,AK,135,1681,1816
2170,Matanuska-Susitna Borough,,AK,7744,103656,111400
2180,Nome Census Area,,AK,464,9629,10093
2185,North Slope Borough,,AK,638,7383,8021
2188,Northwest Arctic Borough,,AK,441,6878,7319
2195,Petersburg Census Area,,AK,255,4423,4678
2198,Prince of Wales-Hyder Census Area,,AK,371,5303,5674
2220,Sitka City and Borough,,AK,971,10310,11281
2230,Skagway Municipality,,AK,75,1421,1496
2240,Southeast Fairbanks Census Area,,AK,742,8413,9155
2261,Valdez-Cordova Census Area,,AK,1400,11130,12530
2270,Wade Hampton Census Area,,AK,261,7790,8051
2275,Wrangell City and Borough,,AK,190,2399,2589
2282,Yakutat City and Borough,,AK,-2,579,577
2290,Yukon-Koyukuk Census Area,,AK,438,5819,6257
4001,Apache County,,AZ,6978,63624,70602
4003,Cochise County,,AZ,13206,132841,146047
4005,Coconino County,,AZ,13138,134818,147956
4007,Gila County,,AZ,3627,53348,56975
4009,Graham County,,AZ,2305,31363,33668
4011,Greenlee County,,AZ,759,8724,9483
4012,La Paz County,,AZ,1458,15752,17210
4013,Maricopa County,,AZ,188107,4391659,4579766
4015,Mohave County,,AZ,14242,186698,200940
4017,Navajo County,,AZ,8478,100087,108565
4019,Pima County,,AZ,51559,1061395,1112954
4021,Pinal County,,AZ,32754,330313,363067
4023,Santa Cruz County,,AZ,3317,55533,58850
4025,Yavapai County,,AZ,15333,233180,248513
4027,Yuma County,,AZ,14380,226867,241247
5001,Arkansas County,,AR,1228,20376,21604
5003,Ashley County,,AR,1035,22266,23301
5005,Baxter County,,AR,2655,43416,46071
5007,Benton County,,AR,22397,266890,289287
5009,Boone County,,AR,2476,39449,41925
5011,Bradley County,,AR,506,11338,11844
5013,Calhoun County,,AR,260,4828,5088
5015,Carroll County,,AR,2115,30241,32356
5017,Chicot County,,AR,811,10478,11289
5019,Clark County,,AR,1569,20604,22173
5021,Clay County,,AR,919,15275,16194
5023,Cleburne County,,AR,2114,26488,28602
5025,Cleveland County,,AR,519,8531,9050
5027,Columbia County,,AR,1569,23334,24903
5029,Conway County,,AR,1468,21773,23241
5031,Craighead County,,AR,7345,102632,109977
5033,Crawford County,,AR,4466,61480,65946
5035,Crittenden County,,AR,3827,54190,58017
5037,Cross County,,AR,1299,18920,20219
5039,Dallas County,,AR,629,7592,8221
5041,Desha County,,AR,952,12966,13918
5043,Drew County,,AR,1233,18330,19563
5045,Faulkner County,,AR,9428,120036,129464
5047,Franklin County,,AR,1109,17656,18765
5049,Fulton County,,AR,945,11070,12015
5051,Garland County,,AR,6705,104700,111405
5053,Grant County,,AR,1137,19166,20303
5055,Greene County,,AR,2692,43919,46611
5057,Hempstead County,,AR,1544,22245,23789
5059,Hot Spring County,,AR,2361,31774,34135
5061,Howard County,,AR,991,14189,15180
5063,Independence County,,AR,2355,38899,41254
5065,Izard County,,AR,899,11793,12692
5067,Jackson County,,AR,1134,14848,15982
5069,Jefferson County,,AR,4649,75777,80426
5071,Johnson County,,AR,1565,25512,27077
5073,Lafayette County,,AR,498,6622,7120
5075,Lawrence County,,AR,1220,16047,17267
5077,Lee County,,AR,644,7830,8474
5079,Lincoln County,,AR,702,10680,11382
5081,Little River County,,AR,861,12601,13462
5083,Logan County,,AR,1339,22027,23366
5085,Lonoke County,,AR,7066,75656,82722
5087,Madison County,,AR,1315,16281,17596
5089,Marion County,,AR,1289,15548,16837
5091,Miller County,,AR,4217,42621,46838
5093,Mississippi County,,AR,2945,46019,48964
5095,Monroe County,,AR,594,7712,8306
5097,Montgomery County,,AR,542,8079,8621
5099,Nevada County,,AR,602,8810,9412
5101,Newton County,,AR,576,7831,8407
5103,Ouachita County,,AR,1508,24888,26396
5105,Perry County,,AR,688,10252,10940
5107,Phillips County,,AR,1307,19720,21027
5109,Pike County,,AR,783,10693,11476
5111,Poinsett County,,AR,1754,23102,24856
5113,Polk County,,AR,1132,20241,21373
5115,Pope County,,AR,4106,63966,68072
5117,Prairie County,,AR,452,8393,8845
5119,Pulaski County,,AR,30242,436009,466251
5121,Randolph County,,AR,1092,17561,18653
5123,St. Francis County,,AR,1854,23339,25193
5125,Saline County,,AR,8616,125161,133777
5127,Scott County,,AR,749,10614,11363
5129,Searcy County,,AR,574,7735,8309
5131,Sebastian County,,AR,9425,132760,142185
5133,Sevier County,,AR,998,16748,17746
5135,Sharp County,,AR,1515,15770,17285
5137,Stone County,,AR,693,11993,12686
5139,Union County,,AR,2430,45581,48011
5141,Van Buren County,,AR,1197,16739,17936
5143,Washington County,,AR,16404,221767,238171
5145,White County,,AR,5785,78509,84294
5147,Woodruff County,,AR,482,6929,7411
5149,Yell County,,AR,1664,21760,23424
6001,Alameda County,,CA,110944,1818730,1929674
6003,Alpine County,,CA,-2,979,977
6005,Amador County,,CA,2103,39027,41130
6007,Butte County,,CA,11005,218526,229531
6009,Calaveras County,,CA,3242,47367,50609
6011,Colusa County,,CA,1293,28090,29383
6013,Contra Costa County,,CA,67012,1306779,1373791
6015,Del Norte County,,CA,1577,23146,24723
6017,El Dorado County,,CA,13078,209881,222959
6019,Fresno County,,CA,36534,1037171,1073705
6021,Glenn County,,CA,1644,32264,33908
6023,Humboldt County,,CA,6805,129737,136542
6025,Imperial County,,CA,8802,218786,227588
6027,Inyo County,,CA,1273,20369,21642
6029,Kern County,,CA,36955,915469,952424
6031,Kings County,,CA,10625,147311,157936
6033,Lake County,,CA,3357,59914,63271
6035,Lassen County,,CA,1764,24445,26209
6037,Los Angeles County,,CA,383638,11297629,11681267
6039,Madera County,,CA,8557,162654,171211
6041,Marin County,,CA,17169,311235,328404
6043,Mariposa County,,CA,1299,18105,19404
6045,Mendocino County,,CA,4251,93826,98077
6047,Merced County,,CA,13672,276273,289945
6049,Modoc County,,CA,577,8461,9038
6051,Mono County,,CA,1514,14743,16257
6053,Monterey County,,CA,29033,535313,564346
6055,Napa County,,CA,9078,172341,181419
6057,Nevada County,,CA,8276,113261,121537
6059,Orange County,,CA,168090,3708593,3876683
6061,Placer County,,CA,29281,428396,457677
6063,Plumas County,,CA,1408,20647,22055
6065,Riverside County,,CA,138040,2432109,2570149
6067,Sacramento County,,CA,77182,1623503,1700685
6069,San Benito County,,CA,3976,69804,73780
6071,San Bernardino County,,CA,136996,2223551,2360547
6073,San Diego County,,CA,187144,3748925,3936069
6075,San Francisco County,,CA,79716,965269,1044985
6077,San Joaquin County,,CA,35324,784242,819566
6079,San Luis Obispo County,,CA,15657,306233,321890
6081,San Mateo County,,CA,58266,916875,975141
6083,Santa Barbara County,,CA,23236,500273,523509
6085,Santa Clara County,,CA,112793,2274140,2386933
6087,Santa Cruz County,,CA,16431,315197,331628
6089,Shasta County,,CA,10075,185870,195945
6091,Sierra County,,CA,174,3005,3179
6093,Siskiyou County,,CA,2298,45440,47738
6095,Solano County,,CA,30754,482995,513749
6097,Sonoma County,,CA,21963,591007,612970
6099,Stanislaus County,,CA,25001,574963,599964
6101,Sutter County,,CA,7216,103762,110978
6103,Tehama County,,CA,3876,62654,66530
6105,Trinity County,,CA,671,11123,11794
6107,Tulare County,,CA,18761,494460,513221
6109,Tuolumne County,,CA,3123,56176,59299
6111,Ventura County,,CA,45551,1046868,1092419
6113,Yolo County,,CA,15363,211617,226980
6115,Yuba County,,CA,8049,70898,78947
8001,Adams County,,CO,53722,521750,575472
8003,Alamosa County,,CO,1603,15270,16873
8005,Arapahoe County,,CO,76182,684790,760972
8007,Archuleta County,,CO,1039,13450,14489
8009,Baca County,,CO,133,3892,4025
8011,Bent County,,CO,236,3946,4182
8013,Boulder County,,CO,30209,344154,374363
8014,Broomfield County,,CO,10017,66895,76912
8015,Chaffee County,,CO,1449,19919,21368
8017,Cheyenne County,,CO,88,2118,2206
8019,Clear Creek County,,CO,1133,9837,10970
8021,Conejos County,,CO,400,8112,8512
8023,Costilla County,,CO,171,3135,3306
8025,Crowley County,,CO,179,2757,2936
8027,Custer County,,CO,362,4454,4816
8029,Delta County,,CO,2324,32163,34487
8031,Denver County,,CO,90114,692057,782171
8033,Dolores County,,CO,92,1971,2063
8035,Douglas County,,CO,32849,364272,397121
8037,Eagle County,,CO,5713,62644,68357
8039,Elbert County,,CO,2628,26772,29400
8041,El Paso County,,CO,68598,722680,791278
8043,Fremont County,,CO,2740,41621,44361
8045,Garfield County,,CO,4959,62783,67742
8047,Gilpin County,,CO,696,5407,6103
8049,Grand County,,CO,1682,15116,16798
8051,Gunnison County,,CO,1530,15956,17486
8053,Hinsdale County,,CO,-2,913,911
8055,Huerfano County,,CO,567,6057,6624
8057,Jackson County,,CO,83,1509,1592
8059,Jefferson County,,CO,58486,649862,708348
8061,Kiowa County,,CO,-2,1518,1516
8063,Kit Carson County,,CO,584,8253,8837
8065,Lake County,,CO,798,6977,7775
8067,La Plata County,,CO,4543,58785,63328
8069,Larimer County,,CO,26223,357164,383387
8071,Las Animas County,,CO,1059,14146,15205
8073,Lincoln County,,CO,252,4939,5191
8075,Logan County,,CO,1300,20521,21821
8077,Mesa County,,CO,10254,163015,173269
8079,Mineral County,,CO,-2,938,936
8081,Moffat County,,CO,1205,14164,15369
8083,Montezuma County,,CO,2002,26855,28857
8085,Montrose County,,CO,2958,44980,47938
8087,Morgan County,,CO,2250,32000,34250
8089,Otero County,,CO,1098,19256,20354
8091,Ouray County,,CO,459,5353,5812
8093,Park County,,CO,1847,15607,17454
8095,Phillips County,,CO,274,5129,5403
8097,Pitkin County,,CO,1982,20070,22052
8099,Prowers County,,CO,918,12771,13689
8101,Pueblo County,,CO,8746,168070,176816
8103,Rio Blanco County,,CO,625,7271,7896
8105,Rio Grande County,,CO,1301,14700,16001
8107,Routt County,,CO,2486,27478,29964
8109,Saguache County,,CO,346,4039,4385
8111,San Juan County,,CO,-2,698,696
8113,San Miguel County,,CO,737,8563,9300
8115,Sedgwick County,,CO,191,2572,2763
8117,Summit County,,CO,3881,34279,38160
8119,Teller County,,CO,2883,26310,29193
8121,Washington County,,CO,227,4974,5201
8123,Weld County,,CO,24100,297520,321620
8125,Yuma County,,CO,812,11501,12313
9001,Fairfield County,,CT,51043,1105774,1156817
9003,Hartford County,,CT,46268,1070539,1116807
9005,Litchfield County,,CT,10912,227756,238668
9007,Middlesex County,,CT,11922,198545,210467
9009,New Haven County,,CT,44659,988211,1032870
9011,New London County,,CT,18306,320567,338873
9013,Tolland County,,CT,10504,165194,175698
9015,Windham County,,CT,6866,132332,139198
10001,Kent County,,DE,11950,186271,198221
10003,New Castle County,,DE,28776,632270,661046
10005,Sussex County,,DE,11337,235698,247035
11001,District of Columbia,,DC,71162,653909,725071
12001,Alachua County,,FL,21739,240698,262437
12003,Baker County,,FL,1535,26234,27769
12005,Bay County,,FL,15052,193120,208172
12007,Bradford County,,FL,1739,23763,25502
12009,Brevard County,,FL,32817,626902,659719
12011,Broward County,,FL,136743,2070330,2207073
12013,Calhoun County,,FL,910,12144,13054
12015,Charlotte County,,FL,15175,171098,186273
12017,Citrus County,,FL,9377,145226,154603
12019,Clay County,,FL,20552,222134,242686
12021,Collier County,,FL,25554,394704,420258
12023,Columbia County,,FL,4862,64009,68871
12027,DeSoto County,,FL,2112,28634,30746
12029,Dixie County,,FL,967,12325,13292
12031,Duval County,,FL,71162,993618,1064780
12033,Escambia County,,FL,28173,320510,348683
12035,Flagler County,,FL,8883,110793,119676
12037,Franklin County,,FL,676,10087,10763
12039,Gadsden County,,FL,3461,48697,52158
12041,Gilchrist County,,FL,1572,15480,17052
12043,Glades County,,FL,1094,8312,9406
12045,Gulf County,,FL,1132,12977,14109
12047,Hamilton County,,FL,923,11460,12383
12049,Hardee County,,FL,1973,26263,28236
12051,Hendry County,,FL,3794,38846,42640
12053,Hernando County,,FL,12773,178123,190896
12055,Highlands County,,FL,6680,96576,103256
12057,Hillsborough County,,FL,100864,1412499,1513363
12059,Holmes County,,FL,1295,16775,18070
12061,Indian River County,,FL,10318,161183,171501
12063,Jackson County,,FL,2853,45176,48029
12065,Jefferson County,,FL,1063,14137,15200
12067,Lafayette County,,FL,360,6422,6782
12069,Lake County,,FL,27144,343176,370320
12071,Lee County,,FL,46227,717947,764174
12073,Leon County,,FL,22421,273577,295998
12075,Levy County,,FL,3720,38894,42614
12077,Liberty County,,FL,515,6759,7274
12079,Madison County,,FL,962,17770,18732
12081,Manatee County,,FL,27360,374163,401523
12083,Marion County,,FL,22899,355730,378629
12085,Martin County,,FL,13092,167006,180098
12086,Miami-Dade County,,FL,145621,2871474,3017095
12087,Monroe County,,FL,9746,89939,99685
12089,Nassau County,,FL,6356,87786,94142
12091,Okaloosa County,,FL,25104,221584,246688
12093,Okeechobee County,,FL,2785,36717,39502
12095,Orange County,,FL,115493,1336478,1451971
12097,Osceola County,,FL,35864,320884,356748
12099,Palm Beach County,,FL,86050,1552830,1638880
12101,Pasco County,,FL,39519,495305,534824
12103,Pinellas County,,FL,62256,1023495,1085751
12105,Polk County,,FL,42527,655783,698310
12107,Putnam County,,FL,4883,67404,72287
12109,St. Johns County,,FL,18187,241172,259359
12111,St. Lucie County,,FL,22874,307039,329913
12113,Santa Rosa County,,FL,16341,171208,187549
12115,Sarasota County,,FL,30628,440666,471294
12117,Seminole County,,FL,46270,485367,531637
12119,Sumter County,,FL,7475,115349,122824
12121,Suwannee County,,FL,2925,39242,42167
12123,Taylor County,,FL,1052,20231,21283
12125,Union County,,FL,1031,11359,12390
12127,Volusia County,,FL,34451,543035,577486
12129,Wakulla County,,FL,2101,30788,32889
12131,Walton County,,FL,6060,61413,67473
12133,Washington County,,FL,2023,21822,23845
13001,Appling County,,GA,995,18573,19568
13003,Atkinson County,,GA,677,8455,9132
13005,Bacon County,,GA,610,10905,11515
13007,Baker County,,GA,267,3123,3390
13009,Baldwin County,,GA,2981,40925,43906
13011,Banks County,,GA,1815,17453,19268
13013,Barrow County,,GA,6825,77350,84175
13015,Bartow County,,GA,8157,107345,115502
13017,Ben Hill County,,GA,1224,17269,18493
13019,Berrien County,,GA,1527,17042,18569
13021,Bibb County,,GA,12170,162437,174607
13023,Bleckley County,,GA,748,12186,12934
13025,Brantley County,,GA,1259,16504,17763
13027,Brooks County,,GA,1462,15172,16634
13029,Bryan County,,GA,5633,38410,44043
13031,Bulloch County,,GA,5537,59738,65275
13033,Burke County,,GA,1708,23659,25367
13035,Butts County,,GA,1947,22641,24588
13037,Calhoun County,,GA,407,5135,5542
13039,Camden County,,GA,6949,51921,58870
13043,Candler County,,GA,859,10608,11467
13045,Carroll County,,GA,9162,118180,127342
13047,Catoosa County,,GA,5692,65870,71562
13049,Charlton County,,GA,696,8859,9555
13051,Chatham County,,GA,25000,284725,309725
13053,Chattahoochee County,,GA,4653,5989,10642
13055,Chattooga County,,GA,1328,23858,25186
13057,Cherokee County,,GA,19324,257805,277129
13059,Clarke County,,GA,11818,98535,110353
13061,Clay County,,GA,200,2980,3180
13063,Clayton County,,GA,39590,273701,313291
13065,Clinch County,,GA,397,6691,7088
13067,Cobb County,,GA,76293,807179,883472
13069,Coffee County,,GA,2235,41490,43725
13071,Colquitt County,,GA,2611,46763,49374
13073,Columbia County,,GA,13542,149040,162582
13075,Cook County,,GA,1284,16241,17525
13077,Coweta County,,GA,13348,156762,170110
13079,Crawford County,,GA,1019,12381,13400
13081,Crisp County,,GA,1740,21195,22935
13083,Dade County,,GA,1103,15174,16277
13085,Dawson County,,GA,2214,23211,25425
13087,Decatur County,,GA,1697,29002,30699
13089,DeKalb County,,GA,99054,750778,849832
13091,Dodge County,,GA,1071,18843,19914
13093,Dooly County,,GA,712,10440,11152
13095,Dougherty County,,GA,8307,92435,100742
13097,Douglas County,,GA,16223,142635,158858
13099,Early County,,GA,666,10975,11641
13101,Echols County,,GA,350,3574,3924
13103,Effingham County,,GA,4755,59869,64624
13105,Elbert County,,GA,1213,21145,22358
13107,Emanuel County,,GA,1456,23449,24905
13109,Evans County,,GA,942,10870,11812
13111,Fannin County,,GA,1382,23880,25262
13113,Fayette County,,GA,11315,128478,139793
13115,Floyd County,,GA,5503,101607,107110
13117,Forsyth County,,GA,16198,227536,243734
13119,Franklin County,,GA,1847,22067,23914
13121,Fulton County,,GA,131620,986103,1117723
13123,Gilmer County,,GA,1993,29326,31319
13125,Glascock County,,GA,187,2818,3005
13127,Glynn County,,GA,6107,86669,92776
13129,Gordon County,,GA,3922,59941,63863
13131,Grady County,,GA,1648,26661,28309
13133,Greene County,,GA,1044,17830,18874
13135,Gwinnett County,,GA,79171,968014,1047185
13137,Habersham County,,GA,2767,45323,48090
13139,Hall County,,GA,13522,215893,229415
13141,Hancock County,,GA,562,7654,8216
13143,Haralson County,,GA,2137,28306,30443
13145,Harris County,,GA,2996,34967,37963
13147,Hart County,,GA,1786,25599,27385
13149,Heard County,,GA,985,10584,11569
13151,Henry County,,GA,21643,229291,250934
13153,Houston County,,GA,14502,169399,183901
13155,Irwin County,,GA,833,8837,9670
13157,Jackson County,,GA,5629,67746,73375
13159,Jasper County,,GA,1244,14063,15307
13161,Jeff Davis County,,GA,975,14928,15903
13163,Jefferson County,,GA,1020,18227,19247
13165,Jenkins County,,GA,545,7881,8426
13167,Johnson County,,GA,459,7744,8203
13169,Jones County,,GA,2072,30304,32376
13171,Lamar County,,GA,1474,17244,18718
13173,Lanier County,,GA,1223,8119,9342
13175,Laurens County,,GA,2699,51792,54491
13177,Lee County,,GA,3234,33911,37145
13179,Liberty County,,GA,15226,60168,75394
13181,Lincoln County,,GA,484,7909,8393
13183,Long County,,GA,2527,11893,14420
13185,Lowndes County,,GA,11069,106890,117959
13187,Lumpkin County,,GA,2731,27564,30295
13189,McDuffie County,,GA,1405,23784,25189
13191,McIntosh County,,GA,964,11578,12542
13193,Macon County,,GA,835,11734,12569
13195,Madison County,,GA,2250,29528,31778
13197,Marion County,,GA,605,7262,7867
13199,Meriwether County,,GA,2075,22283,24358
13201,Miller County,,GA,504,5740,6244
13205,Mitchell County,,GA,1489,22198,23687
13207,Monroe County,,GA,2087,28463,30550
13209,Montgomery County,,GA,623,7819,8442
13211,Morgan County,,GA,1149,20342,21491
13213,Murray County,,GA,2722,40276,42998
13215,Muscogee County,,GA,27944,209310,237254
13217,Newton County,,GA,10108,107444,117552
13219,Oconee County,,GA,2878,39834,42712
13221,Oglethorpe County,,GA,1052,14273,15325
13223,Paulding County,,GA,13358,156249,169607
13225,Peach County,,GA,2830,27186,30016
13227,Pickens County,,GA,2427,33746,36173
13229,Pierce County,,GA,1550,19484,21034
13231,Pike County,,GA,1382,18858,20240
13233,Polk County,,GA,2639,42550,45189
13235,Pulaski County,,GA,714,9373,10087
13237,Putnam County,,GA,1805,22234,24039
13239,Quitman County,,GA,137,2063,2200
13241,Rabun County,,GA,1033,17575,18608
13243,Randolph County,,GA,491,6901,7392
13245,Richmond County,,GA,21025,198369,219394
13247,Rockdale County,,GA,10719,89369,100088
13249,Schley County,,GA,244,4584,4828
13251,Screven County,,GA,891,14060,14951
13253,Seminole County,,GA,792,8795,9587
13255,Spalding County,,GA,5664,64961,70625
13257,Stephens County,,GA,1717,25666,27383
13259,Stewart County,,GA,391,4194,4585
13261,Sumter County,,GA,2002,31891,33893
13263,Talbot County,,GA,557,6442,6999
13265,Taliaferro County,,GA,112,1563,1675
13267,Tattnall County,,GA,1571,20454,22025
13269,Taylor County,,GA,504,8402,8906
13271,Telfair County,,GA,748,10232,10980
13273,Terrell County,,GA,714,10314,11028
13275,Thomas County,,GA,3060,47630,50690
13277,Tift County,,GA,2930,42646,45576
13279,Toombs County,,GA,2024,28156,30180
13281,Towns County,,GA,762,11581,12343
13283,Treutlen County,,GA,361,6183,6544
13285,Troup County,,GA,5062,74489,79551
13287,Turner County,,GA,655,8840,9495
13289,Twiggs County,,GA,764,8842,9606
13291,Union County,,GA,1263,22715,23978
13293,Upson County,,GA,1686,27045,28731
13295,Walker County,,GA,4972,64769,69741
13297,Walton County,,GA,7287,92574,99861
13299,Ware County,,GA,2641,34309,36950
13301,Warren County,,GA,289,5799,6088
13303,Washington County,,GA,862,20844,21706
13305,Wayne County,,GA,1929,28178,30107
13307,Webster County,,GA,141,2368,2509
13309,Wheeler County,,GA,301,4675,4976
13311,White County,,GA,2083,26873,28956
13313,Whitfield County,,GA,6403,115880,122283
13315,Wilcox County,,GA,473,7118,7591
13317,Wilkes County,,GA,539,10506,11045
13319,Wilkinson County,,GA,724,10395,11119
13321,Worth County,,GA,1875,21945,23820
15001,Hawaii County,,HI,8861,202868,211729
15003,Honolulu County,,HI,73973,1148548,1222521
15005,Kalawao County,,HI,0,0,0
15007,Kauai County,,HI,3575,82049,85624
15009,Maui County,,HI,7943,183311,191254
16001,Ada County,,ID,29388,476709,506097
16003,Adams County,,ID,342,3903,4245
16005,Bannock County,,ID,6170,87170,93340
16007,Bear Lake County,,ID,334,6787,7121
16009,Benewah County,,ID,607,9729,10336
16011,Bingham County,,ID,3483,51766,55249
16013,Blaine County,,ID,1579,28054,29633
16015,Boise County,,ID,677,6921,7598
16017,Bonner County,,ID,3239,44496,47735
16019,Bonneville County,,ID,8719,122487,131206
16021,Boundary County,,ID,728,12066,12794
16023,Butte County,,ID,166,2745,2911
16025,Camas County,,ID,-2,1062,1060
16027,Canyon County,,ID,15430,212343,227773
16029,Caribou County,,ID,438,7828,8266
16031,Cassia County,,ID,2139,26720,28859
16033,Clark County,,ID,-2,884,882
16035,Clearwater County,,ID,542,8490,9032
16037,Custer County,,ID,377,4646,5023
16039,Elmore County,,ID,4361,27372,31733
16041,Franklin County,,ID,834,14919,15753
16043,Fremont County,,ID,1143,14480,15623
16045,Gem County,,ID,1432,17992,19424
16047,Gooding County,,ID,1340,17441,18781
16049,Idaho County,,ID,832,15982,16814
16051,Jefferson County,,ID,2615,30165,32780
16053,Jerome County,,ID,2548,26182,28730
16055,Kootenai County,,ID,9545,167728,177273
16057,Latah County,,ID,3888,35547,39435
16059,Lemhi County,,ID,454,8518,8972
16061,Lewis County,,ID,385,4533,4918
16063,Lincoln County,,ID,617,5761,6378
16065,Madison County,,ID,5728,29817,35545
16067,Minidoka County,,ID,2104,23582,25686
16069,Nez Perce County,,ID,3008,43904,46912
16071,Oneida County,,ID,272,4751,5023
16073,Owyhee County,,ID,1129,11835,12964
16075,Payette County,,ID,2127,24879,27006
16077,Power County,,ID,617,9200,9817
16079,Shoshone County,,ID,990,12572,13562
16081,Teton County,,ID,1105,11042,12147
16083,Twin Falls County,,ID,6277,89729,96006
16085,Valley County,,ID,944,11025,11969
16087,Washington County,,ID,804,10492,11296
17001,Adams County,,IL,2947,80616,83563
17003,Alexander County,,IL,686,6822,7508
17005,Bond County,,IL,1108,17752,18860
17007,Boone County,,IL,4628,66999,71627
17009,Brown County,,IL,293,5874,6167
17011,Bureau County,,IL,2183,42167,44350
17013,Calhoun County,,IL,153,5867,6020
17015,Carroll County,,IL,1017,18931,19948
17017,Cass County,,IL,1193,16305,17498
17019,Champaign County,,IL,13901,203729,217630
17021,Christian County,,IL,2132,39230,41362
17023,Clark County,,IL,887,19302,20189
17025,Clay County,,IL,823,15951,16774
17027,Clinton County,,IL,2346,44153,46499
17029,Coles County,,IL,3175,51425,54600
17031,Cook County,,IL,264928,6240789,6505717
17033,Crawford County,,IL,840,22479,23319
17035,Cumberland County,,IL,707,12853,13560
17037,DeKalb County,,IL,8502,112052,120554
17039,De Witt County,,IL,1156,19205,20361
17041,Douglas County,,IL,1334,25903,27237
17043,DuPage County,,IL,78561,1177568,1256129
17045,Edgar County,,IL,919,20611,21530
17047,Edwards County,,IL,405,7727,8132
17049,Effingham County,,IL,1988,43771,45759
17051,Fayette County,,IL,1395,23600,24995
17053,Ford County,,IL,1061,16332,17393
17055,Franklin County,,IL,2246,42881,45127
17057,Fulton County,,IL,1785,40591,42376
17059,Gallatin County,,IL,226,5985,6211
17061,Greene County,,IL,734,15309,16043
17063,Grundy County,,IL,4444,62159,66603
17065,Hamilton County,,IL,354,9535,9889
17067,Hancock County,,IL,1239,22308,23547
17069,Hardin County,,IL,145,4232,4377
17071,Henderson County,,IL,276,8398,8674
17073,Henry County,,IL,2939,62141,65080
17075,Iroquois County,,IL,1934,35413,37347
17077,Jackson County,,IL,5209,53018,58227
17079,Jasper County,,IL,424,12388,12812
17081,Jefferson County,,IL,2161,42580,44741
17083,Jersey County,,IL,1406,26065,27471
17085,Jo Daviess County,,IL,1557,28619,30176
17087,Johnson County,,IL,761,12738,13499
17089,Kane County,,IL,39871,636564,676435
17091,Kankakee County,,IL,6238,129982,136220
17093,Kendall County,,IL,12183,145134,157317
17095,Knox County,,IL,2828,57812,60640
17097,Lake County,,IL,49924,880717,930641
17099,LaSalle County,,IL,6680,134790,141470
17101,Lawrence County,,IL,859,16297,17156
17103,Lee County,,IL,2408,39992,42400
17105,Livingston County,,IL,2391,43143,45534
17107,Logan County,,IL,1621,31677,33298
17109,McDonough County,,IL,2158,29813,31971
17111,McHenry County,,IL,21210,393371,414581
17113,McLean County,,IL,13211,195570,208781
17115,Macon County,,IL,6143,124032,130175
17117,Macoupin County,,IL,2948,53884,56832
17119,Madison County,,IL,14717,312325,327042
17121,Marion County,,IL,2261,44951,47212
17123,Marshall County,,IL,884,14952,15836
17125,Mason County,,IL,887,16405,17292
17127,Massac County,,IL,874,16654,17528
17129,Menard County,,IL,939,15409,16348
17131,Mercer County,,IL,1028,20367,21395
17133,Monroe County,,IL,2174,43173,45347
17135,Montgomery County,,IL,1593,32533,34126
17137,Morgan County,,IL,2088,38442,40530
17139,Moultrie County,,IL,1159,17158,18317
17141,Ogle County,,IL,3461,64970,68431
17143,Peoria County,,IL,14200,221910,236110
17145,Perry County,,IL,1136,22497,23633
17147,Piatt County,,IL,1283,20310,21593
17149,Pike County,,IL,727,18093,18820
17151,Pope County,,IL,238,4140,4378
17153,Pulaski County,,IL,344,6226,6570
17155,Putnam County,,IL,369,7304,7673
17157,Randolph County,,IL,1598,35176,36774
17159,Richland County,,IL,766,18997,19763
17161,Rock Island County,,IL,9587,176082,185669
17163,St. Clair County,,IL,19498,298888,318386
17165,Saline County,,IL,1258,27151,28409
17167,Sangamon County,,IL,11694,244065,255759
17169,Schuyler County,,IL,457,8223,8680
17171,Scott County,,IL,319,6177,6496
17173,Shelby County,,IL,1670,25850,27520
17175,Stark County,,IL,375,6896,7271
17177,Stephenson County,,IL,2644,55664,58308
17179,Tazewell County,,IL,9497,164705,174202
17181,Union County,,IL,880,19676,20556
17183,Vermilion County,,IL,3809,88672,92481
17185,Wabash County,,IL,682,13771,14453
17187,Warren County,,IL,1273,20515,21788
17189,Washington County,,IL,1012,17948,18960
17191,Wayne County,,IL,827,19563,20390
17193,White County,,IL,836,16771,17607
17195,Whiteside County,,IL,3034,71363,74397
17197,Will County,,IL,48216,839825,888041
17199,Williamson County,,IL,4426,74634,79060
17201,Winnebago County,,IL,15955,345113,361068
17203,Woodford County,,IL,2753,47748,50501
18001,Adams County,,IN,1661,42486,44147
18003,Allen County,,IN,17704,438069,455773
18005,Bartholomew County,,IN,6367,99269,105636
18007,Benton County,,IN,844,10232,11076
18009,Blackford County,,IN,806,14595,15401
18011,Boone County,,IN,5350,73867,79217
18013,Brown County,,IN,1402,18117,19519
18015,Carroll County,,IN,1829,24032,25861
18017,Cass County,,IN,2880,47823,50703
18019,Clark County,,IN,9668,133701,143369
18021,Clay County,,IN,1982,30763,32745
18023,Clinton County,,IN,2173,40219,42392
18025,Crawford County,,IN,720,11853,12573
18027,Daviess County,,IN,1539,38797,40336
18029,Dearborn County,,IN,3523,61426,64949
18031,Decatur County,,IN,1977,32047,34024
18033,DeKalb County,,IN,2936,50398,53334
18035,Delaware County,,IN,6693,117121,123814
18037,Dubois County,,IN,2013,54964,56977
18039,Elkhart County,,IN,10716,247542,258258
18041,Fayette County,,IN,1385,25675,27060
18043,Floyd County,,IN,7234,88864,96098
18045,Fountain County,,IN,1373,20362,21735
18047,Franklin County,,IN,1456,28231,29687
18049,Fulton County,,IN,1398,24434,25832
18051,Gibson County,,IN,2035,40388,42423
18053,Grant County,,IN,3520,74792,78312
18055,Greene County,,IN,2146,36717,38863
18057,Hamilton County,,IN,24553,365762,390315
18059,Hancock County,,IN,6039,86319,92358
18061,Harrison County,,IN,2472,46051,48523
18063,Hendricks County,,IN,13319,185223,198542
18065,Henry County,,IN,2989,54927,57916
18067,Howard County,,IN,4950,99005,103955
18069,Huntington County,,IN,2309,44385,46694
18071,Jackson County,,IN,3364,56999,60363
18073,Jasper County,,IN,2279,39783,42062
18075,Jay County,,IN,1097,25125,26222
18077,Jefferson County,,IN,1908,36911,38819
18079,Jennings County,,IN,2094,32290,34384
18081,Johnson County,,IN,14194,173523,187717
18083,Knox County,,IN,2095,40928,43023
18085,Kosciusko County,,IN,5128,97190,102318
18087,LaGrange County,,IN,2501,46692,49193
18089,Lake County,,IN,28917,567503,596420
18091,LaPorte County,,IN,5802,127612,133414
18093,Lawrence County,,IN,2278,53404,55682
18095,Madison County,,IN,7614,146610,154224
18097,Marion County,,IN,72062,1076144,1148206
18099,Marshall County,,IN,2868,57288,60156
18101,Martin County,,IN,636,11852,12488
18103,Miami County,,IN,2555,38502,41057
18105,Monroe County,,IN,10447,124736,135183
18107,Montgomery County,,IN,2625,46153,48778
18109,Morgan County,,IN,5679,83571,89250
18111,Newton County,,IN,1284,16622,17906
18113,Noble County,,IN,3408,56664,60072
18115,Ohio County,,IN,534,6891,7425
18117,Orange County,,IN,1118,21952,23070
18119,Owen County,,IN,1930,23819,25749
18121,Parke County,,IN,1152,17856,19008
18123,Perry County,,IN,750,21837,22587
18125,Pike County,,IN,766,14560,15326
18127,Porter County,,IN,11588,200005,211593
18129,Posey County,,IN,1624,31085,32709
18131,Pulaski County,,IN,906,15141,16047
18133,Putnam County,,IN,2515,39143,41658
18135,Randolph County,,IN,1878,30288,32166
18137,Ripley County,,IN,2019,33476,35495
18139,Rush County,,IN,1359,19837,21196
18141,St. Joseph County,,IN,15411,305547,320958
18143,Scott County,,IN,1548,25738,27286
18145,Shelby County,,IN,3400,53270,56670
18147,Spencer County,,IN,1300,25085,26385
18149,Starke County,,IN,1475,25922,27397
18151,Steuben County,,IN,2444,38921,41365
18153,Sullivan County,,IN,1247,22310,23557
18155,Switzerland County,,IN,668,10297,10965
18157,Tippecanoe County,,IN,12984,174437,187421
18159,Tipton County,,IN,1107,19236,20343
18161,Union County,,IN,555,8270,8825
18163,Vanderburgh County,,IN,11109,203795,214904
18165,Vermillion County,,IN,1030,18576,19606
18167,Vigo County,,IN,6661,112039,118700
18169,Wabash County,,IN,1716,38172,39888
18171,Warren County,,IN,659,10155,10814
18173,Warrick County,,IN,4879,73719,78598
18175,Washington County,,IN,1600,31529,33129
18177,Wayne County,,IN,3557,76753,80310
18179,Wells County,,IN,1798,33393,35191
18181,White County,,IN,2150,30046,32196
18183,Whitley County,,IN,2395,41257,43652
19001,Adair County,,IA,541,8752,9293
19003,Adams County,,IA,213,4627,4840
19005,Allamakee County,,IA,843,17692,18535
19007,Appanoose County,,IA,615,14090,14705
19009,Audubon County,,IA,248,7132,7380
19011,Benton County,,IA,1787,31184,32971
19013,Black Hawk County,,IA,7674,146211,153885
19015,Boone County,,IA,1887,31349,33236
19017,Bremer County,,IA,1570,28472,30042
19019,Buchanan County,,IA,1145,25132,26277
19021,Buena Vista County,,IA,1827,24957,26784
19023,Butler County,,IA,745,18381,19126
19025,Calhoun County,,IA,580,11606,12186
19027,Carroll County,,IA,1245,26190,27435
19029,Cass County,,IA,794,16352,17146
19031,Cedar County,,IA,1214,22341,23555
19033,Cerro Gordo County,,IA,2762,50836,53598
19035,Cherokee County,,IA,873,14704,15577
19037,Chickasaw County,,IA,695,15228,15923
19039,Clarke County,,IA,719,10955,11674
19041,Clay County,,IA,1113,20490,21603
19043,Clayton County,,IA,1113,21577,22690
19045,Clinton County,,IA,2789,57116,59905
19047,Crawford County,,IA,1213,21381,22594
19049,Dallas County,,IA,7696,90029,97725
19051,Davis County,,IA,416,10093,10509
19053,Decatur County,,IA,448,8039,8487
19055,Delaware County,,IA,921,21878,22799
19057,Des Moines County,,IA,2535,47579,50114
19059,Dickinson County,,IA,1445,21292,22737
19061,Dubuque County,,IA,4868,117252,122120
19063,Emmet County,,IA,694,11354,12048
19065,Fayette County,,IA,1333,22921,24254
19067,Floyd County,,IA,1043,18955,19998
19069,Franklin County,,IA,529,12580,13109
19071,Fremont County,,IA,543,8201,8744
19073,Greene County,,IA,505,10995,11500
19075,Grundy County,,IA,731,15198,15929
19077,Guthrie County,,IA,832,12877,13709
19079,Hamilton County,,IA,1222,18096,19318
19081,Hancock County,,IA,771,13439,14210
19083,Hardin County,,IA,1153,19818,20971
19085,Harrison County,,IA,903,17181,18084
19087,Henry County,,IA,1389,22602,23991
19089,Howard County,,IA,534,11868,12402
19091,Humboldt County,,IA,644,11775,12419
19093,Ida County,,IA,441,8557,8998
19095,Iowa County,,IA,1079,20603,21682
19097,Jackson County,,IA,1183,24146,25329
19099,Jasper County,,IA,2409,42442,44851
19101,Jefferson County,,IA,1203,17814,19017
19103,Johnson County,,IA,12446,143299,155745
19105,Jones County,,IA,1159,23331,24490
19107,Keokuk County,,IA,611,12029,12640
19109,Kossuth County,,IA,783,19345,20128
19111,Lee County,,IA,1830,39889,41719
19113,Linn County,,IA,11637,259610,271247
19115,Louisa County,,IA,901,13307,14208
19117,Lucas County,,IA,404,10005,10409
19119,Lyon County,,IA,523,14538,15061
19121,Madison County,,IA,1132,18548,19680
19123,Mahaska County,,IA,1472,24890,26362
19125,Marion County,,IA,1965,38771,40736
19127,Marshall County,,IA,2521,47678,50199
19129,Mills County,,IA,1137,17046,18183
19131,Mitchell County,,IA,597,12693,13290
19133,Monona County,,IA,496,10366,10862
19135,Monroe County,,IA,444,8828,9272
19137,Montgomery County,,IA,708,11957,12665
19139,Muscatine County,,IA,2731,52443,55174
19141,O'Brien County,,IA,1097,17212,18309
19143,Osceola County,,IA,345,7929,8274
19145,Page County,,IA,980,16634,17614
19147,Palo Alto County,,IA,596,10735,11331
19149,Plymouth County,,IA,1679,31481,33160
19151,Pocahontas County,,IA,553,8686,9239
19153,Polk County,,IA,31014,540606,571620
19155,Pottawattamie County,,IA,5938,104922,110860
19157,Poweshiek County,,IA,1334,20508,21842
19159,Ringgold County,,IA,170,5520,5690
19161,Sac County,,IA,539,12491,13030
19163,Scott County,,IA,11837,201805,213642
19165,Shelby County,,IA,749,14918,15667
19167,Sioux County,,IA,1541,40910,42451
19169,Story County,,IA,7636,83969,91605
19171,Tama County,,IA,1081,21117,22198
19173,Taylor County,,IA,372,7207,7579
19175,Union County,,IA,969,14168,15137
19177,Van Buren County,,IA,453,8413,8866
19179,Wapello County,,IA,2405,39408,41813
19181,Warren County,,IA,3571,56127,59698
19183,Washington County,,IA,1498,26970,28468
19185,Wayne County,,IA,361,7033,7394
19187,Webster County,,IA,2044,40600,42644
19189,Winnebago County,,IA,784,12826,13610
19191,Winneshiek County,,IA,970,24132,25102
19193,Woodbury County,,IA,6535,117522,124057
19195,Worth County,,IA,437,9012,9449
19197,Wright County,,IA,870,15459,16329
20001,Allen County,,KS,879,14821,15700
20003,Anderson County,,KS,421,9143,9564
20005,Atchison County,,KS,1051,17639,18690
20007,Barber County,,KS,407,5824,6231
20009,Barton County,,KS,1658,32259,33917
20011,Bourbon County,,KS,999,16311,17310
20013,Brown County,,KS,692,11553,12245
20015,Butler County,,KS,4954,73099,78053
20017,Chase County,,KS,132,3073,3205
20019,Chautauqua County,,KS,263,3765,4028
20021,Cherokee County,,KS,1498,22092,23590
20023,Cheyenne County,,KS,138,3207,3345
20025,Clark County,,KS,140,2399,2539
20027,Clay County,,KS,703,10248,10951
20029,Cloud County,,KS,534,10700,11234
20031,Coffey County,,KS,727,10232,10959
20033,Comanche County,,KS,81,2254,2335
20035,Cowley County,,KS,2595,40065,42660
20037,Crawford County,,KS,2562,39909,42471
20039,Decatur County,,KS,109,3429,3538
20041,Dickinson County,,KS,1878,22771,24649
20043,Doniphan County,,KS,502,8661,9163
20045,Douglas County,,KS,9370,110660,120030
20047,Edwards County,,KS,184,3698,3882
20049,Elk County,,KS,153,2936,3089
20051,Ellis County,,KS,2192,32341,34533
20053,Ellsworth County,,KS,316,6879,7195
20055,Finney County,,KS,3357,46282,49639
20057,Ford County,,KS,3291,43376,46667
20059,Franklin County,,KS,1965,29246,31211
20061,Geary County,,KS,13084,40066,53150
20063,Gove County,,KS,148,3509,3657
20065,Graham County,,KS,116,3170,3286
20067,Grant County,,KS,655,9255,9910
20069,Gray County,,KS,478,7346,7824
20071,Greeley County,,KS,-2,1655,1653
20073,Greenwood County,,KS,494,7240,7734
20075,Hamilton County,,KS,121,2961,3082
20077,Harper County,,KS,484,6923,7407
20079,Harvey County,,KS,2398,40715,43113
20081,Haskell County,,KS,226,4758,4984
20083,Hodgeman County,,KS,147,2313,2460
20085,Jackson County,,KS,973,16058,17031
20087,Jefferson County,,KS,1362,21675,23037
20089,Jewell County,,KS,112,3745,3857
20091,Johnson County,,KS,43725,696780,740505
20093,Kearny County,,KS,241,4898,5139
20095,Kingman County,,KS,562,9234,9796
20097,Kiowa County,,KS,109,2896,3005
20099,Labette County,,KS,1344,24102,25446
20101,Lane County,,KS,122,2124,2246
20103,Leavenworth County,,KS,10450,79414,89864
20105,Lincoln County,,KS,202,3720,3922
20107,Linn County,,KS,759,10472,11231
20109,Logan County,,KS,167,3344,3511
20111,Lyon County,,KS,2465,35695,38160
20113,McPherson County,,KS,2072,35529,37601
20115,Marion County,,KS,668,13972,14640
20117,Marshall County,,KS,589,12987,13576
20119,Meade County,,KS,292,5128,5420
20121,Miami County,,KS,2644,37822,40466
20123,Mitchell County,,KS,381,7714,8095
20125,Montgomery County,,KS,2738,36860,39598
20127,Morris County,,KS,271,6638,6909
20129,Morton County,,KS,236,3854,4090
20131,Nemaha County,,KS,521,13029,13550
20133,Neosho County,,KS,1108,18288,19396
20135,Ness County,,KS,144,3834,3978
20137,Norton County,,KS,333,5948,6281
20139,Osage County,,KS,1186,18786,19972
20141,Osborne County,,KS,229,4713,4942
20143,Ottawa County,,KS,416,7215,7631
20145,Pawnee County,,KS,507,7137,7644
20147,Phillips County,,KS,223,6774,6997
20149,Pottawatomie County,,KS,2230,27046,29276
20151,Pratt County,,KS,817,11178,11995
20153,Rawlins County,,KS,109,3192,3301
20155,Reno County,,KS,3498,72463,75961
20157,Republic County,,KS,203,6038,6241
20159,Rice County,,KS,643,11183,11826
20161,Riley County,,KS,12652,55641,68293
20163,Rooks County,,KS,271,6281,6552
20165,Rush County,,KS,171,3833,4004
20167,Russell County,,KS,320,8080,8400
20169,Saline County,,KS,3829,66117,69946
20171,Scott County,,KS,328,6199,6527
20173,Sedgwick County,,KS,30962,587192,618154
20175,Seward County,,KS,2822,28910,31732
20177,Shawnee County,,KS,9495,209095,218590
20179,Sheridan County,,KS,109,3312,3421
20181,Sherman County,,KS,622,6698,7320
20183,Smith County,,KS,156,4817,4973
20185,Stafford County,,KS,291,5072,5363
20187,Stanton County,,KS,142,2699,2841
20189,Stevens County,,KS,465,6559,7024
20191,Sumner County,,KS,1982,26647,28629
20193,Thomas County,,KS,689,9067,9756
20195,Trego County,,KS,164,3743,3907
20197,Wabaunsee County,,KS,531,8242,8773
20199,Wallace County,,KS,96,1846,1942
20201,Washington County,,KS,295,7307,7602
20203,Wichita County,,KS,91,2818,2909
20205,Wilson County,,KS,672,10289,10961
20207,Woodson County,,KS,173,3644,3817
20209,Wyandotte County,,KS,13747,168477,182224
21001,Adair County,,KY,964,17898,18862
21003,Allen County,,KY,1359,19653,21012
21005,Anderson County,,KY,1971,26281,28252
21007,Ballard County,,KY,561,8903,9464
21009,Barren County,,KY,2553,46891,49444
21011,Bath County,,KY,772,11707,12479
21013,Bell County,,KY,1373,24032,25405
21015,Boone County,,KY,12910,144640,157550
21017,Bourbon County,,KY,1605,22129,23734
21019,Boyd County,,KY,2969,49444,52413
21021,Boyle County,,KY,2237,29695,31932
21023,Bracken County,,KY,481,9464,9945
21025,Breathitt County,,KY,542,12472,13014
21027,Breckinridge County,,KY,1347,20601,21948
21029,Bullitt County,,KY,5981,89943,95924
21031,Butler County,,KY,820,13728,14548
21033,Caldwell County,,KY,802,13819,14621
21035,Calloway County,,KY,2354,35910,38264
21037,Campbell County,,KY,7328,100795,108123
21039,Carlisle County,,KY,358,5552,5910
21041,Carroll County,,KY,1002,11825,12827
21043,Carter County,,KY,1224,28247,29471
21045,Casey County,,KY,969,15447,16416
21047,Christian County,,KY,14053,70437,84490
21049,Clark County,,KY,2475,38904,41379
21051,Clay County,,KY,727,17716,18443
21053,Clinton County,,KY,633,10195,10828
21055,Crittenden County,,KY,486,9499,9985
21057,Cumberland County,,KY,299,6738,7037
21059,Daviess County,,KY,4693,114357,119050
21061,Edmonson County,,KY,760,12257,13017
21063,Elliott County,,KY,225,5913,6138
21065,Estill County,,KY,500,14245,14745
21067,Fayette County,,KY,24275,327460,351735
21069,Fleming County,,KY,857,16086,16943
21071,Floyd County,,KY,2088,35802,37890
21073,Franklin County,,KY,3618,57708,61326
21075,Fulton County,,KY,463,5768,6231
21077,Gallatin County,,KY,1015,8618,9633
21079,Garrard County,,KY,1481,17156,18637
21081,Grant County,,KY,2289,26063,28352
21083,Graves County,,KY,2157,40353,42510
21085,Grayson County,,KY,1139,27277,28416
21087,Green County,,KY,673,11421,12094
21089,Greenup County,,KY,2187,39390,41577
21091,Hancock County,,KY,675,10150,10825
21093,Hardin County,,KY,13474,115700,129174
21095,Harlan County,,KY,1308,26356,27664
21097,Harrison County,,KY,1133,19635,20768
21099,Hart County,,KY,1313,19462,20775
21101,Henderson County,,KY,2545,51089,53634
21103,Henry County,,KY,1314,17049,18363
21105,Hickman County,,KY,303,4769,5072
21107,Hopkins County,,KY,2473,50214,52687
21109,Jackson County,,KY,476,12218,12694
21111,Jefferson County,,KY,45833,871364,917197
21113,Jessamine County,,KY,4458,52840,57298
21115,Johnson County,,KY,1273,22026,23299
21117,Kenton County,,KY,14989,183983,198972
21119,Knott County,,KY,759,13772,14531
21121,Knox County,,KY,1940,29070,31010
21123,Larue County,,KY,1024,15572,16596
21125,Laurel County,,KY,3847,60858,64705
21127,Lawrence County,,KY,933,15275,16208
21129,Lee County,,KY,292,5736,6028
21131,Leslie County,,KY,480,10405,10885
21133,Letcher County,,KY,944,21698,22642
21135,Lewis County,,KY,542,13368,13910
21137,Lincoln County,,KY,1615,24861,26476
21139,Livingston County,,KY,773,9970,10743
21141,Logan County,,KY,1675,29644,31319
21143,Lyon County,,KY,528,7885,8413
21145,McCracken County,,KY,4680,73762,78442
21147,McCreary County,,KY,554,13690,14244
21149,McLean County,,KY,578,10395,10973
21151,Madison County,,KY,6134,84249,90383
21153,Magoffin County,,KY,293,11271,11564
21155,Marion County,,KY,917,20875,21792
21157,Marshall County,,KY,2023,34960,36983
21159,Martin County,,KY,569,9239,9808
21161,Mason County,,KY,1196,18691,19887
21163,Meade County,,KY,4720,31124,35844
21165,Menifee County,,KY,344,5844,6188
21167,Mercer County,,KY,1504,24213,25717
21169,Metcalfe County,,KY,665,10362,11027
21171,Monroe County,,KY,562,11626,12188
21173,Montgomery County,,KY,2014,28524,30538
21175,Morgan County,,KY,550,11527,12077
21177,Muhlenberg County,,KY,1268,32750,34018
21179,Nelson County,,KY,2591,53436,56027
21181,Nicholas County,,KY,354,7624,7978
21183,Ohio County,,KY,1513,26408,27921
21185,Oldham County,,KY,5247,70499,75746
21187,Owen County,,KY,612,10836,11448
21189,Owsley County,,KY,158,3552,3710
21191,Pendleton County,,KY,1095,15370,16465
21193,Perry County,,KY,1349,28068,29417
21195,Pike County,,KY,3118,57024,60142
21197,Powell County,,KY,845,12690,13535
21199,Pulaski County,,KY,3342,66380,69722
21201,Robertson County,,KY,98,2079,2177
21203,Rockcastle County,,KY,669,15791,16460
21205,Rowan County,,KY,1562,20509,22071
21207,Russell County,,KY,1010,18296,19306
21209,Scott County,,KY,4456,55898,60354
21211,Shelby County,,KY,3889,50940,54829
21213,Simpson County,,KY,1461,19811,21272
21215,Spencer County,,KY,1403,20197,21600
21217,Taylor County,,KY,1420,25399,26819
21219,Todd County,,KY,925,13195,14120
21221,Trigg County,,KY,1059,14846,15905
21223,Trimble County,,KY,742,9295,10037
21225,Union County,,KY,773,15418,16191
21227,Warren County,,KY,8440,124820,133260
21229,Washington County,,KY,696,13033,13729
21231,Wayne County,,KY,1102,20184,21286
21233,Webster County,,KY,1043,14409,15452
21235,Whitley County,,KY,2315,34384,36699
21237,Wolfe County,,KY,311,6250,6561
21239,Woodford County,,KY,2217,30405,32622
22001,Acadia Parish,,LA,4014,65412,69426
22003,Allen Parish,,LA,1487,22820,24307
22005,Ascension Parish,,LA,8208,128458,136666
22007,Assumption Parish,,LA,1457,25159,26616
22009,Avoyelles Parish,,LA,1820,42448,44268
22011,Beauregard Parish,,LA,3025,35995,39020
22013,Bienville Parish,,LA,1134,14673,15807
22015,Bossier Parish,,LA,15000,130327,145327
22017,Caddo Parish,,LA,18845,275754,294599
22019,Calcasieu Parish,,LA,10824,215291,226115
22021,Caldwell Parish,,LA,628,9929,10557
22023,Cameron Parish,,LA,740,7636,8376
22025,Catahoula Parish,,LA,650,9968,10618
22027,Claiborne Parish,,LA,948,14353,15301
22029,Concordia Parish,,LA,1248,19643,20891
22031,De Soto Parish,,LA,1947,30349,32296
22033,East Baton Rouge Parish,,LA,31750,467432,499182
22035,East Carroll Parish,,LA,483,7093,7576
22037,East Feliciana Parish,,LA,1433,20339,21772
22039,Evangeline Parish,,LA,1850,34592,36442
22041,Franklin Parish,,LA,1072,21228,22300
22043,Grant Parish,,LA,1857,20400,22257
22045,Iberia Parish,,LA,5260,83409,88669
22047,Iberville Parish,,LA,2417,33234,35651
22049,Jackson Parish,,LA,946,15816,16762
22051,Jefferson Parish,,LA,32270,474377,506647
22053,Jefferson Davis Parish,,LA,2044,34430,36474
22055,Lafayette Parish,,LA,16523,254140,270663
22057,Lafourche Parish,,LA,5491,107350,112841
22059,La Salle Parish,,LA,609,14545,15154
22061,Lincoln Parish,,LA,3508,42500,46008
22063,Livingston Parish,,LA,9561,140998,150559
22065,Madison Parish,,LA,708,10941,11649
22067,Morehouse Parish,,LA,1747,28842,30589
22069,Natchitoches Parish,,LA,2383,38299,40682
22071,Orleans Parish,,LA,31909,338836,370745
22073,Ouachita Parish,,LA,9046,167848,176894
22075,Plaquemines Parish,,LA,3012,24534,27546
22077,Pointe Coupee Parish,,LA,1389,24323,25712
22079,Rapides Parish,,LA,7445,146131,153576
22081,Red River Parish,,LA,662,8827,9489
22083,Richland Parish,,LA,1520,21358,22878
22085,Sabine Parish,,LA,1118,24203,25321
22087,St. Bernard Parish,,LA,3206,38871,42077
22089,St. Charles Parish,,LA,3851,59747,63598
22091,St. Helena Parish,,LA,1271,13438,14709
22093,St. James Parish,,LA,1327,25135,26462
22095,St. John the Baptist Parish,,LA,3307,47681,50988
22097,St. Landry Parish,,LA,5231,94169,99400
22099,St. Martin Parish,,LA,4136,58863,62999
22101,St. Mary Parish,,LA,3601,60410,64011
22103,St. Tammany Parish,,LA,15297,270202,285499
22105,Tangipahoa Parish,,LA,7812,124413,132225
22107,Tensas Parish,,LA,331,4851,5182
22109,Terrebonne Parish,,LA,6813,124358,131171
22111,Union Parish,,LA,1425,22879,24304
22113,Vermilion Parish,,LA,3696,65258,68954
22115,Vernon Parish,,LA,10785,50631,61416
22117,Washington Parish,,LA,2160,43184,45344
22119,Webster Parish,,LA,2707,42265,44972
22121,West Baton Rouge Parish,,LA,2222,27825,30047
22123,West Carroll Parish,,LA,725,11678,12403
22125,West Feliciana Parish,,LA,829,11563,12392
22127,Winn Parish,,LA,592,13522,14114
23001,Androscoggin County,,ME,6104,116403,122507
23003,Aroostook County,,ME,2482,76954,79436
23005,Cumberland County,,ME,18623,340499,359122
23007,Franklin County,,ME,1756,31443,33199
23009,Hancock County,,ME,3134,63064,66198
23011,Kennebec County,,ME,7440,137772,145212
23013,Knox County,,ME,2197,46424,48621
23015,Lincoln County,,ME,2294,41054,43348
23017,Oxford County,,ME,3237,60755,63992
23019,Penobscot County,,ME,8100,162111,170211
23021,Piscataquis County,,ME,970,17761,18731
23023,Sagadahoc County,,ME,3230,42082,45312
23025,Somerset County,,ME,3256,53502,56758
23027,Waldo County,,ME,2576,42954,45530
23029,Washington County,,ME,1443,34040,35483
23031,York County,,ME,12550,239546,252096
24001,Allegany County,,MD,2944,72627,75571
24003,Anne Arundel County,,MD,49364,655665,705029
24005,Baltimore County,,MD,63246,958814,1022060
24009,Calvert County,,MD,6950,108517,115467
24011,Caroline County,,MD,2237,36346,38583
24013,Carroll County,,MD,10614,208795,219409
24015,Cecil County,,MD,6688,114237,120925
24017,Charles County,,MD,13370,179082,192452
24019,Dorchester County,,MD,2108,36037,38145
24021,Frederick County,,MD,18182,293175,311357
24023,Garrett County,,MD,1354,33925,35279
24025,Harford County,,MD,16537,305606,322143
24027,Howard County,,MD,28744,365439,394183
24029,Kent County,,MD,1236,21466,22702
24031,Montgomery County,,MD,80304,1226896,1307200
24033,Prince George's County,,MD,73313,1029327,1102640
24035,Queen Anne's County,,MD,3328,57564,60892
24037,St. Mary's County,,MD,8356,127222,135578
24039,Somerset County,,MD,1508,21047,22555
24041,Talbot County,,MD,2828,44640,47468
24043,Washington County,,MD,9358,167855,177213
24045,Wicomico County,,MD,6475,106274,112749
24047,Worcester County,,MD,4004,61500,65504
24510,Baltimore city,,MD,54779,575825,630604
25001,Barnstable County,,MA,13094,277026,290120
25003,Berkshire County,,MA,5001,151319,156320
25005,Bristol County,,MA,23380,635553,658933
25007,Dukes County,,MA,1004,22582,23586
25009,Essex County,,MA,39420,911005,950425
25011,Franklin County,,MA,4489,82767,87256
25013,Hampden County,,MA,18450,522994,541444
25015,Hampshire County,,MA,10409,164680,175089
25017,Middlesex County,,MA,108397,1825936,1934333
25019,Nantucket County,,MA,859,14470,15329
25021,Norfolk County,,MA,55665,818958,874623
25023,Plymouth County,,MA,26196,608977,635173
25025,Suffolk County,,MA,77542,739526,817068
25027,Worcester County,,MA,35483,949182,984665
26001,Alcona County,,MI,718,11702,12420
26003,Alger County,,MI,431,9896,10327
26005,Allegan County,,MI,8928,136244,145172
26007,Alpena County,,MI,1373,33776,35149
26009,Antrim County,,MI,1901,26930,28831
26011,Arenac County,,MI,1136,17684,18820
26013,Baraga County,,MI,317,8634,8951
26015,Barry County,,MI,4307,70060,74367
26017,Bay County,,MI,5537,129985,135522
26019,Benzie County,,MI,1336,20959,22295
26021,Berrien County,,MI,10020,179755,189775
26023,Branch County,,MI,2675,48179,50854
26025,Calhoun County,,MI,7979,149402,157381
26027,Cass County,,MI,4097,56714,60811
26029,Charlevoix County,,MI,1963,31680,33643
26031,Cheboygan County,,MI,1772,29500,31272
26033,Chippewa County,,MI,1878,38710,40588
26035,Clare County,,MI,2223,31972,34195
26037,Clinton County,,MI,6392,89481,95873
26039,Crawford County,,MI,942,14330,15272
26041,Delta County,,MI,1646,44105,45751
26043,Dickinson County,,MI,1408,31905,33313
26045,Eaton County,,MI,9995,126556,136551
26047,Emmet County,,MI,2716,40582,43298
26049,Genesee County,,MI,22558,468900,491458
26051,Gladwin County,,MI,1687,28125,29812
26053,Gogebic County,,MI,902,16211,17113
26055,Grand Traverse County,,MI,6486,109171,115657
26057,Gratiot County,,MI,2315,43225,45540
26059,Hillsdale County,,MI,2724,50287,53011
26061,Houghton County,,MI,1885,35976,37861
26063,Huron County,,MI,1685,41026,42711
26065,Ingham County,,MI,22828,281264,304092
26067,Ionia County,,MI,3985,68868,72853
26069,Iosco County,,MI,1835,28323,30158
26071,Iron County,,MI,502,13090,13592
26073,Isabella County,,MI,4617,61456,66073
26075,Jackson County,,MI,7803,175282,183085
26077,Kalamazoo County,,MI,16631,282364,298995
26079,Kalkaska County,,MI,1339,19119,20458
26081,Kent County,,MI,34600,738192,772792
26083,Keweenaw County,,MI,85,2537,2622
26085,Lake County,,MI,827,10347,11174
26087,Lapeer County,,MI,5865,105233,111098
26089,Leelanau County,,MI,1977,27548,29525
26091,Lenawee County,,MI,5333,113869,119202
26093,Livingston County,,MI,13057,227307,240364
26095,Luce County,,MI,280,6108,6388
26097,Mackinac County,,MI,965,13542,14507
26099,Macomb County,,MI,48373,1044341,1092714
26101,Manistee County,,MI,1521,27106,28627
26103,Marquette County,,MI,3423,74073,77496
26105,Mason County,,MI,1700,33705,35405
26107,Mecosta County,,MI,3237,40571,43808
26109,Menominee County,,MI,1346,27300,28646
26111,Midland County,,MI,5848,99919,105767
26113,Missaukee County,,MI,1022,16903,17925
26115,Monroe County,,MI,8614,181318,189932
26117,Montcalm County,,MI,4682,67418,72100
26119,Montmorency County,,MI,589,10353,10942
26121,Muskegon County,,MI,8212,190760,198972
26123,Newaygo County,,MI,3358,53375,56733
26125,Oakland County,,MI,86634,1483722,1570356
26127,Oceana County,,MI,2053,30306,32359
26129,Ogemaw County,,MI,1385,22874,24259
26131,Ontonagon County,,MI,308,6882,7190
26133,Osceola County,,MI,1759,24986,26745
26135,Oscoda County,,MI,599,8785,9384
26137,Otsego County,,MI,1906,28605,30511
26139,Ottawa County,,MI,17755,325840,343595
26141,Presque Isle County,,MI,651,15709,16360
26143,Roscommon County,,MI,1927,26082,28009
26145,Saginaw County,,MI,10451,222184,232635
26147,St. Clair County,,MI,8107,191057,199164
26149,St. Joseph County,,MI,3778,70793,74571
26151,Sanilac County,,MI,2331,48610,50941
26153,Schoolcraft County,,MI,323,9381,9704
26155,Shiawassee County,,MI,4459,81417,85876
26157,Tuscola County,,MI,3119,64622,67741
26159,Van Buren County,,MI,5700,86282,91982
26161,Washtenaw County,,MI,30032,373088,403120
26163,Wayne County,,MI,96747,1914373,2011120
26165,Wexford County,,MI,2428,36626,39054
27001,Aitkin County,,MN,964,17211,18175
27003,Anoka County,,MN,27450,415849,443299
27005,Becker County,,MN,2464,38323,40787
27007,Beltrami County,,MN,2905,47673,50578
27009,Benton County,,MN,4629,44655,49284
27011,Big Stone County,,MN,268,6056,6324
27013,Blue Earth County,,MN,5510,67795,73305
27015,Brown County,,MN,1355,32446,33801
27017,Carlton County,,MN,2084,39707,41791
27019,Carver County,,MN,7947,119153,127100
27021,Cass County,,MN,2314,33517,35831
27023,Chippewa County,,MN,879,14901,15780
27025,Chisago County,,MN,4451,63829,68280
27027,Clay County,,MN,5234,65448,70682
27029,Clearwater County,,MN,450,9639,10089
27031,Cook County,,MN,344,6576,6920
27033,Cottonwood County,,MN,796,14494,15290
27035,Crow Wing County,,MN,4199,73923,78122
27037,Dakota County,,MN,36099,512984,549083
27039,Dodge County,,MN,1457,25044,26501
27041,Douglas County,,MN,2230,45132,47362
27043,Faribault County,,MN,833,17407,18240
27045,Fillmore County,,MN,1361,24925,26286
27047,Freeborn County,,MN,1740,38319,40059
27049,Goodhue County,,MN,3355,57204,60559
27051,Grant County,,MN,436,7304,7740
27053,Hennepin County,,MN,95699,1436325,1532024
27055,Houston County,,MN,858,23701,24559
27057,Hubbard County,,MN,1615,23160,24775
27059,Isanti County,,MN,3335,43912,47247
27061,Itasca County,,MN,2248,52152,54400
27063,Jackson County,,MN,628,13127,13755
27065,Kanabec County,,MN,1198,17671,18869
27067,Kandiyohi County,,MN,2891,52201,55092
27069,Kittson County,,MN,135,5522,5657
27071,Koochiching County,,MN,582,14906,15488
27073,Lac qui Parle County,,MN,348,8763,9111
27075,Lake County,,MN,683,12825,13508
27077,Lake of the Woods County,,MN,199,4749,4948
27079,Le Sueur County,,MN,2291,34237,36528
27081,Lincoln County,,MN,337,6970,7307
27083,Lyon County,,MN,1970,29941,31911
27085,McLeod County,,MN,2558,45014,47572
27087,Mahnomen County,,MN,420,5711,6131
27089,Marshall County,,MN,559,11593,12152
27091,Martin County,,MN,1219,25694,26913
27093,Meeker County,,MN,1598,28005,29603
27095,Mille Lacs County,,MN,2446,28772,31218
27097,Morrison County,,MN,2036,39823,41859
27099,Mower County,,MN,2824,47321,50145
27101,Murray County,,MN,408,10593,11001
27103,Nicollet County,,MN,3029,37180,40209
27105,Nobles County,,MN,1676,26849,28525
27107,Norman County,,MN,410,7857,8267
27109,Olmsted County,,MN,10490,185622,196112
27111,Otter Tail County,,MN,3477,69813,73290
27113,Pennington County,,MN,1069,16636,17705
27115,Pine County,,MN,1959,30579,32538
27117,Pipestone County,,MN,586,11329,11915
27119,Polk County,,MN,2343,36192,38535
27121,Pope County,,MN,683,13769,14452
27123,Ramsey County,,MN,51800,593545,645345
27125,Red Lake County,,MN,336,4803,5139
27127,Redwood County,,MN,920,18993,19913
27129,Renville County,,MN,1028,18875,19903
27131,Rice County,,MN,4133,71381,75514
27133,Rock County,,MN,613,11504,12117
27135,Roseau County,,MN,750,19732,20482
27137,St. Louis County,,MN,9852,222953,232805
27139,Scott County,,MN,11775,168895,180670
27141,Sherburne County,,MN,8437,105176,113613
27143,Sibley County,,MN,1002,18720,19722
27145,Stearns County,,MN,10987,172537,183524
27147,Steele County,,MN,2338,45625,47963
27149,Stevens County,,MN,692,10941,11633
27151,Swift County,,MN,646,11639,12285
27153,Todd County,,MN,1692,27778,29470
27155,Traverse County,,MN,162,4184,4346
27157,Wabasha County,,MN,1583,26991,28574
27159,Wadena County,,MN,1114,15078,16192
27161,Waseca County,,MN,1200,22348,23548
27163,Washington County,,MN,21342,306078,327420
27165,Watonwan County,,MN,712,13459,14171
27167,Wilkin County,,MN,489,7986,8475
27169,Winona County,,MN,2858,54300,57158
27171,Wright County,,MN,9370,156734,166104
27173,Yellow Medicine County,,MN,758,12228,12986
28001,Adams County,,MS,1889,31231,33120
28003,Alcorn County,,MS,2043,36060,38103
28005,Amite County,,MS,967,12615,13582
28007,Attala County,,MS,929,19896,20825
28009,Benton County,,MS,780,7893,8673
28011,Bolivar County,,MS,2422,35818,38240
28013,Calhoun County,,MS,727,15577,16304
28015,Carroll County,,MS,780,10957,11737
28017,Chickasaw County,,MS,1219,19327,20546
28019,Choctaw County,,MS,557,8701,9258
28021,Claiborne County,,MS,591,9071,9662
28023,Clarke County,,MS,1202,17668,18870
28025,Clay County,,MS,1092,21329,22421
28027,Coahoma County,,MS,1662,26596,28258
28029,Copiah County,,MS,1618,30144,31762
28031,Covington County,,MS,1412,20556,21968
28033,DeSoto County,,MS,14641,193516,208157
28035,Forrest County,,MS,8952,72885,81837
28037,Franklin County,,MS,496,8454,8950
28039,George County,,MS,1395,23612,25007
28041,Greene County,,MS,734,11747,12481
28043,Grenada County,,MS,1530,23915,25445
28045,Hancock County,,MS,3719,42856,46575
28047,Harrison County,,MS,23834,203486,227320
28049,Hinds County,,MS,18260,261848,280108
28051,Holmes County,,MS,1350,19588,20938
28053,Humphreys County,,MS,482,8911,9393
28055,Issaquena County,,MS,108,1158,1266
28057,Itawamba County,,MS,1670,23727,25397
28059,Jackson County,,MS,11214,150334,161548
28061,Jasper County,,MS,1268,17814,19082
28063,Jefferson County,,MS,575,8225,8800
28065,Jefferson Davis County,,MS,911,12746,13657
28067,Jones County,,MS,4488,72921,77409
28069,Kemper County,,MS,631,9533,10164
28071,Lafayette County,,MS,3937,43485,47422
28073,Lamar County,,MS,6887,58095,64982
28075,Lauderdale County,,MS,5577,81172,86749
28077,Lawrence County,,MS,866,12900,13766
28079,Leake County,,MS,1305,22645,23950
28081,Lee County,,MS,6532,93139,99671
28083,Leflore County,,MS,2059,31786,33845
28085,Lincoln County,,MS,1832,37029,38861
28087,Lowndes County,,MS,4723,63244,67967
28089,Madison County,,MS,9343,116517,125860
28091,Marion County,,MS,1700,26527,28227
28093,Marshall County,,MS,3353,37173,40526
28095,Monroe County,,MS,2056,38453,40509
28097,Montgomery County,,MS,808,10990,11798
28099,Neshoba County,,MS,1581,30763,32344
28101,Newton County,,MS,1343,23462,24805
28103,Noxubee County,,MS,671,12173,12844
28105,Oktibbeha County,,MS,4228,40857,45085
28107,Panola County,,MS,2344,37645,39989
28109,Pearl River County,,MS,3173,54498,57671
28111,Perry County,,MS,864,11986,12850
28113,Pike County,,MS,2533,41934,44467
28115,Pontotoc County,,MS,2763,34335,37098
28117,Prentiss County,,MS,1506,25224,26730
28119,Quitman County,,MS,595,7358,7953
28121,Rankin County,,MS,11055,161292,172347
28123,Scott County,,MS,2051,31918,33969
28125,Sharkey County,,MS,297,4920,5217
28127,Simpson County,,MS,1881,27432,29313
28129,Smith County,,MS,1058,16165,17223
28131,Stone County,,MS,1390,17053,18443
28133,Sunflower County,,MS,1867,25711,27578
28135,Tallahatchie County,,MS,961,13390,14351
28137,Tate County,,MS,2259,29811,32070
28139,Tippah County,,MS,1375,23501,24876
28141,Tishomingo County,,MS,1025,19347,20372
28143,Tunica County,,MS,1209,12442,13651
28145,Union County,,MS,1956,30015,31971
28147,Walthall County,,MS,999,14598,15597
28149,Warren County,,MS,3184,54348,57532
28151,Washington County,,MS,3143,53757,56900
28153,Wayne County,,MS,1136,22194,23330
28155,Webster County,,MS,677,10502,11179
28157,Wilkinson County,,MS,565,9161,9726
28159,Winston County,,MS,959,19409,20368
28161,Yalobusha County,,MS,942,13143,14085
28163,Yazoo County,,MS,1412,24918,26330
29001,Adair County,,MO,1855,22699,24554
29003,Andrew County,,MO,1658,20709,22367
29005,Atchison County,,MO,221,6503,6724
29007,Audrain County,,MO,1584,26914,28498
29009,Barry County,,MO,2996,35284,38280
29011,Barton County,,MO,839,13511,14350
29013,Bates County,,MO,1319,17546,18865
29015,Benton County,,MO,1417,19069,20486
29017,Bollinger County,,MO,764,12638,13402
29019,Boone County,,MO,13431,173427,186858
29021,Buchanan County,,MO,6264,94712,100976
29023,Butler County,,MO,2745,43622,46367
29025,Caldwell County,,MO,721,9717,10438
29027,Callaway County,,MO,3469,47204,50673
29029,Camden County,,MO,4113,46311,50424
29031,Cape Girardeau County,,MO,5018,85401,90419
29033,Carroll County,,MO,399,10613,11012
29035,Carter County,,MO,409,6303,6712
29037,Cass County,,MO,8220,117161,125381
29039,Cedar County,,MO,1100,13881,14981
29041,Chariton County,,MO,418,8972,9390
29043,Christian County,,MO,7943,89320,97263
29045,Clark County,,MO,306,7706,8012
29047,Clay County,,MO,20749,269613,290362
29049,Clinton County,,MO,2168,23102,25270
29051,Cole County,,MO,5680,88351,94031
29053,Cooper County,,MO,1297,18386,19683
29055,Crawford County,,MO,1794,25511,27305
29057,Dade County,,MO,451,8105,8556
29059,Dallas County,,MO,1305,16655,17960
29061,Daviess County,,MO,616,9359,9975
29063,DeKalb County,,MO,831,10176,11007
29065,Dent County,,MO,791,15542,16333
29067,Douglas County,,MO,903,12870,13773
29069,Dunklin County,,MO,1977,29966,31943
29071,Franklin County,,MO,5769,122266,128035
29073,Gasconade County,,MO,1059,17320,18379
29075,Gentry County,,MO,464,7402,7866
29077,Greene County,,MO,22434,301407,323841
29079,Grundy County,,MO,616,10943,11559
29081,Harrison County,,MO,492,9450,9942
29083,Henry County,,MO,1867,23252,25119
29085,Hickory County,,MO,665,8684,9349
29087,Holt County,,MO,257,5461,5718
29089,Howard County,,MO,687,11004,11691
29091,Howell County,,MO,2335,41306,43641
29093,Iron County,,MO,713,9794,10507
29095,Jackson County,,MO,48288,746038,794326
29097,Jasper County,,MO,8579,124742,133321
29099,Jefferson County,,MO,14063,260535,274598
29101,Johnson County,,MO,6387,52531,58918
29103,Knox County,,MO,242,4505,4747
29105,Laclede County,,MO,2247,38054,40301
29107,Lafayette County,,MO,2333,36585,38918
29109,Lawrence County,,MO,3358,40908,44266
29111,Lewis County,,MO,613,10731,11344
29113,Lincoln County,,MO,4088,61362,65450
29115,Linn County,,MO,731,13957,14688
29117,Livingston County,,MO,837,15529,16366
29119,McDonald County,,MO,2275,22936,25211
29121,Macon County,,MO,935,17605,18540
29123,Madison County,,MO,826,12606,13432
29125,Maries County,,MO,650,9415,10065
29127,Marion County,,MO,1992,31740,33732
29129,Mercer County,,MO,287,3854,4141
29131,Miller County,,MO,1956,25148,27104
29133,Mississippi County,,MO,762,12635,13397
29135,Moniteau County,,MO,1023,17199,18222
29137,Monroe County,,MO,529,9721,10250
29139,Montgomery County,,MO,703,12973,13676
29141,Morgan County,,MO,1604,20925,22529
29143,New Madrid County,,MO,1406,17905,19311
29145,Newton County,,MO,5744,60942,66686
29147,Nodaway County,,MO,1358,21368,22726
29149,Oregon County,,MO,655,10153,10808
29151,Osage County,,MO,632,15832,16464
29153,Ozark County,,MO,647,9451,10098
29155,Pemiscot County,,MO,1119,17267,18386
29157,Perry County,,MO,1066,22469,23535
29159,Pettis County,,MO,3050,46564,49614
29161,Phelps County,,MO,3262,43110,46372
29163,Pike County,,MO,917,18541,19458
29165,Platte County,,MO,11958,107273,119231
29167,Polk County,,MO,2372,30346,32718
29169,Pulaski County,,MO,9678,44480,54158
29171,Putnam County,,MO,283,5253,5536
29173,Ralls County,,MO,762,11641,12403
29175,Randolph County,,MO,1593,25550,27143
29177,Ray County,,MO,1845,25991,27836
29179,Reynolds County,,MO,305,6237,6542
29181,Ripley County,,MO,924,13415,14339
29183,St. Charles County,,MO,23460,459706,483166
29185,St. Clair County,,MO,602,9115,9717
29186,Ste. Genevieve County,,MO,1113,20789,21902
29187,St. Francois County,,MO,3740,63872,67612
29189,St. Louis County,,MO,72918,1195877,1268795
29195,Saline County,,MO,1417,24779,26196
29197,Schuyler County,,MO,200,4433,4633
29199,Scotland County,,MO,242,5539,5781
29201,Scott County,,MO,3100,42868,45968
29203,Shannon County,,MO,405,8076,8481
29205,Shelby County,,MO,236,7576,7812
29207,Stoddard County,,MO,1742,31707,33449
29209,Stone County,,MO,3040,32567,35607
29211,Sullivan County,,MO,588,7283,7871
29213,Taney County,,MO,5347,54102,59449
29215,Texas County,,MO,1680,23838,25518
29217,Vernon County,,MO,1201,21489,22690
29219,Warren County,,MO,2667,37312,39979
29221,Washington County,,MO,1444,23304,24748
29223,Wayne County,,MO,872,11536,12408
29225,Webster County,,MO,3095,39213,42308
29227,Worth County,,MO,88,2370,2458
29229,Wright County,,MO,1477,17687,19164
29510,St. Louis city,,MO,37569,299160,336729
30001,Beaverhead County,,MT,700,10273,10973
30003,Big Horn County,,MT,697,12491,13188
30005,Blaine County,,MT,298,6892,7190
30007,Broadwater County,,MT,414,5977,6391
30009,Carbon County,,MT,958,11447,12405
30011,Carter County,,MT,-2,1404,1402
30013,Cascade County,,MT,7822,95119,102941
30015,Chouteau County,,MT,329,5670,5999
30017,Custer County,,MT,915,13726,14641
30019,Daniels County,,MT,66,2310,2376
30021,Dawson County,,MT,1015,10536,11551
30023,Deer Lodge County,,MT,605,9626,10231
30025,Fallon County,,MT,161,3691,3852
30027,Fergus County,,MT,852,13788,14640
30029,Flathead County,,MT,5918,111318,117236
30031,Gallatin County,,MT,8713,109259,117972
30033,Garfield County,,MT,-2,1450,1448
30035,Glacier County,,MT,744,13792,14536
30037,Golden Valley County,,MT,-2,1059,1057
30039,Granite County,,MT,223,3103,3326
30041,Hill County,,MT,1332,18898,20230
30043,Jefferson County,,MT,979,13119,14098
30045,Judith Basin County,,MT,107,2341,2448
30047,Lake County,,MT,1978,29992,31970
30049,Lewis and Clark County,,MT,4902,77894,82796
30051,Liberty County,,MT,72,2409,2481
30053,Lincoln County,,MT,1391,19598,20989
30055,McCone County,,MT,62,2106,2168
30057,Madison County,,MT,617,8608,9225
30059,Meagher County,,MT,105,1947,2052
30061,Mineral County,,MT,381,4381,4762
30063,Missoula County,,MT,9288,122658,131946
30065,Musselshell County,,MT,345,4796,5141
30067,Park County,,MT,1380,18915,20295
30069,Petroleum County,,MT,-2,499,497
30071,Phillips County,,MT,192,5003,5195
30073,Pondera County,,MT,454,7252,7706
30075,Powder River County,,MT,51,1900,1951
30077,Powell County,,MT,447,6360,6807
30079,Prairie County,,MT,86,1347,1433
30081,Ravalli County,,MT,3005,46657,49662
30083,Richland County,,MT,1455,13525,14980
30085,Roosevelt County,,MT,717,10840,11557
30087,Rosebud County,,MT,683,10430,11113
30089,Sanders County,,MT,804,11701,12505
30091,Sheridan County,,MT,326,4769,5095
30093,Silver Bow County,,MT,2356,38106,40462
30095,Stillwater County,,MT,893,10614,11507
30097,Sweet Grass County,,MT,271,4072,4343
30099,Teton County,,MT,402,7370,7772
30101,Toole County,,MT,356,5417,5773
30103,Treasure County,,MT,-2,865,863
30105,Valley County,,MT,515,8964,9479
30107,Wheatland County,,MT,108,2174,2282
30109,Wibaux County,,MT,65,1180,1245
30111,Yellowstone County,,MT,10821,182770,193591
31001,Adams County,,NE,2199,35851,38050
31003,Antelope County,,NE,290,7845,8135
31005,Arthur County,,NE,-2,550,548
31007,Banner County,,NE,66,717,783
31009,Blaine County,,NE,-2,567,565
31011,Boone County,,NE,273,6847,7120
31013,Box Butte County,,NE,770,13615,14385
31015,Boyd County,,NE,-2,2412,2410
31017,Brown County,,NE,140,3497,3637
31019,Buffalo County,,NE,3771,53808,57579
31021,Burt County,,NE,327,8046,8373
31023,Butler County,,NE,501,10218,10719
31025,Cass County,,NE,2110,31184,33294
31027,Cedar County,,NE,461,10660,11121
31029,Chase County,,NE,230,4768,4998
31031,Cherry County,,NE,292,7008,7300
31033,Cheyenne County,,NE,760,12212,12972
31035,Clay County,,NE,358,7635,7993
31037,Colfax County,,NE,1078,13281,14359
31039,Cuming County,,NE,401,11492,11893
31041,Custer County,,NE,743,13206,13949
31043,Dakota County,,NE,2358,25180,27538
31045,Dawes County,,NE,747,8713,9460
31047,Dawson County,,NE,2100,29578,31678
31049,Deuel County,,NE,186,2103,2289
31051,Dixon County,,NE,418,7154,7572
31053,Dodge County,,NE,2676,43704,46380
31055,Douglas County,,NE,40303,636213,676516
31057,Dundy County,,NE,78,2157,2235
31059,Fillmore County,,NE,338,7045,7383
31061,Franklin County,,NE,210,3661,3871
31063,Frontier County,,NE,207,2920,3127
31065,Furnas County,,NE,260,5740,6000
31067,Gage County,,NE,1363,25736,27099
31069,Garden County,,NE,91,2154,2245
31071,Garfield County,,NE,101,2086,2187
31073,Gosper County,,NE,184,2394,2578
31075,Grant County,,NE,-2,822,820
31077,Greeley County,,NE,157,2882,3039
31079,Hall County,,NE,4770,71886,76656
31081,Hamilton County,,NE,711,11618,12329
31083,Harlan County,,NE,165,3997,4162
31085,Hayes County,,NE,69,1130,1199
31087,Hitchcock County,,NE,130,3410,3540
31089,Holt County,,NE,589,13000,13589
31091,Hooker County,,NE,-2,912,910
31093,Howard County,,NE,359,7674,8033
31095,Jefferson County,,NE,471,8732,9203
31097,Johnson County,,NE,246,5200,5446
31099,Kearney County,,NE,476,7853,8329
31101,Keith County,,NE,597,9608,10205
31103,Keya Paha County,,NE,-2,1010,1008
31105,Kimball County,,NE,293,4132,4425
31107,Knox County,,NE,419,10037,10456
31109,Lancaster County,,NE,16289,339657,355946
31111,Lincoln County,,NE,2301,41994,44295
31113,Logan County,,NE,65,942,1007
31115,Loup County,,NE,-2,673,671
31117,McPherson County,,NE,-2,553,551
31119,Madison County,,NE,2971,41803,44774
31121,Merrick County,,NE,621,9060,9681
31123,Morrill County,,NE,343,5494,5837
31125,Nance County,,NE,187,4114,4301
31127,Nemaha County,,NE,428,7701,8129
31129,Nuckolls County,,NE,269,5346,5615
31131,Otoe County,,NE,1204,18887,20091
31133,Pawnee County,,NE,123,3203,3326
31135,Perkins County,,NE,139,3573,3712
31137,Phelps County,,NE,632,11175,11807
31139,Pierce County,,NE,388,8900,9288
31141,Platte County,,NE,2538,41840,44378
31143,Polk County,,NE,347,6579,6926
31145,Red Willow County,,NE,748,12664,13412
31147,Richardson County,,NE,392,9581,9973
31149,Rock County,,NE,72,1645,1717
31151,Saline County,,NE,1145,16872,18017
31153,Sarpy County,,NE,19492,203450,222942
31155,Saunders County,,NE,1585,25193,26778
31157,Scotts Bluff County,,NE,2577,41760,44337
31159,Seward County,,NE,1106,19658,20764
31161,Sheridan County,,NE,388,5931,6319
31163,Sherman County,,NE,157,3630,3787
31165,Sioux County,,NE,51,1388,1439
31167,Stanton County,,NE,589,6964,7553
31169,Thayer County,,NE,238,6381,6619
31171,Thomas County,,NE,-2,796,794
31173,Thurston County,,NE,300,7066,7366
31175,Valley County,,NE,221,5065,5286
31177,Washington County,,NE,1486,24618,26104
31179,Wayne County,,NE,626,9355,9981
31181,Webster County,,NE,227,4056,4283
31183,Wheeler County,,NE,65,963,1028
31185,York County,,NE,976,16505,17481
32001,Churchill County,,NV,2738,26028,28766
32003,Clark County,,NV,109115,2301203,2410318
32005,Douglas County,,NV,4696,58393,63089
32007,Elko County,,NV,5266,60023,65289
32009,Esmeralda County,,NV,129,905,1034
32011,Eureka County,,NV,271,1938,2209
32013,Humboldt County,,NV,1882,20398,22280
32015,Lander County,,NV,604,6782,7386
32017,Lincoln County,,NV,477,4551,5028
32019,Lyon County,,NV,5525,57003,62528
32021,Mineral County,,NV,297,4645,4942
32023,Nye County,,NV,3757,41831,45588
32027,Pershing County,,NV,555,5255,5810
32029,Storey County,,NV,398,3896,4294
32031,Washoe County,,NV,25393,498244,523637
32033,White Pine County,,NV,953,10015,10968
32510,Carson City,,NV,5255,60000,65255
33001,Belknap County,,NH,5285,74955,80240
33003,Carroll County,,NH,3660,58194,61854
33005,Cheshire County,,NH,4657,88274,92931
33007,Coos County,,NH,1979,35553,37532
33009,Grafton County,,NH,7769,99348,107117
33011,Hillsborough County,,NH,26636,493177,519813
33013,Merrimack County,,NH,11007,173929,184936
33015,Rockingham County,,NH,22415,383766,406181
33017,Strafford County,,NH,9030,139443,148473
33019,Sullivan County,,NH,2947,50130,53077
34001,Atlantic County,,NJ,15177,335342,350519
34003,Bergen County,,NJ,56378,1126122,1182500
34005,Burlington County,,NJ,31000,544088,575088
34007,Camden County,,NJ,32520,595658,628178
34009,Cape May County,,NJ,6719,114635,121354
34011,Cumberland County,,NJ,8923,175032,183955
34013,Essex County,,NJ,53409,867178,920587
34015,Gloucester County,,NJ,16858,346541,363399
34017,Hudson County,,NJ,65583,715326,780909
34019,Hunterdon County,,NJ,8194,159102,167296
34021,Mercer County,,NJ,24836,416058,440894
34023,Middlesex County,,NJ,62190,989539,1051729
34025,Monmouth County,,NJ,33653,774188,807841
34027,Morris County,,NJ,34398,621496,655894
34029,Ocean County,,NJ,26564,698893,725457
34031,Passaic County,,NJ,31977,605145,637122
34033,Salem County,,NJ,3813,76843,80656
34035,Somerset County,,NJ,28237,409749,437986
34037,Sussex County,,NJ,9227,178873,188100
34039,Union County,,NJ,38608,649833,688441
34041,Warren County,,NJ,7209,130284,137493
35001,Bernalillo County,,NM,43105,730899,774004
35003,Catron County,,NM,193,3248,3441
35005,Chaves County,,NM,3888,66956,70844
35006,Cibola County,,NM,1613,23190,24803
35007,Colfax County,,NM,1033,13026,14059
35009,Curry County,,NM,6472,52541,59013
35011,De Baca County,,NM,71,2035,2106
35013,Dona Ana County,,NM,15024,222938,237962
35015,Eddy County,,NM,3649,60881,64530
35017,Grant County,,NM,1861,31399,33260
35019,Guadalupe County,,NM,246,4400,4646
35021,Harding County,,NM,-2,741,739
35023,Hidalgo County,,NM,447,4648,5095
35025,Lea County,,NM,4593,74859,79452
35027,Lincoln County,,NM,1965,20855,22820
35028,Los Alamos County,,NM,1747,22861,24608
35029,Luna County,,NM,1775,27241,29016
35031,McKinley County,,NM,7714,82544,90258
35033,Mora County,,NM,352,4675,5027
35035,Otero County,,NM,8003,63724,71727
35037,Quay County,,NM,595,8720,9315
35039,Rio Arriba County,,NM,2448,39804,42252
35041,Roosevelt County,,NM,2440,19147,21587
35043,Sandoval County,,NM,13240,148301,161541
35045,San Juan County,,NM,12227,139918,152145
35047,San Miguel County,,NM,1700,26917,28617
35049,Santa Fe County,,NM,10413,170091,180504
35051,Sierra County,,NM,934,11021,11955
35053,Socorro County,,NM,1280,17088,18368
35055,Taos County,,NM,2001,34880,36881
35057,Torrance County,,NM,1234,13766,15000
35059,Union County,,NM,309,4044,4353
35061,Valencia County,,NM,5079,76301,81380
36001,Albany County,,NY,21982,347937,369919
36003,Allegany County,,NY,2372,48905,51277
36005,Bronx County,,NY,91977,1467449,1559426
36007,Broome County,,NY,9461,217563,227024
36009,Cattaraugus County,,NY,4166,86650,90816
36011,Cayuga County,,NY,3985,87635,91620
36013,Chautauqua County,,NY,5270,143991,149261
36015,Chemung County,,NY,4786,98076,102862
36017,Chenango County,,NY,2878,56854,59732
36019,Clinton County,,NY,3318,89300,92618
36021,Columbia County,,NY,3584,71216,74800
36023,Cortland County,,NY,2847,50366,53213
36025,Delaware County,,NY,2801,48935,51736
36027,Dutchess County,,NY,16483,339602,356085
36029,Erie County,,NY,29829,1071812,1101641
36031,Essex County,,NY,2394,42081,44475
36033,Franklin County,,NY,2179,50775,52954
36035,Fulton County,,NY,3077,61072,64149
36037,Genesee County,,NY,2912,69465,72377
36039,Greene County,,NY,2999,52076,55075
36041,Hamilton County,,NY,301,6156,6457
36043,Herkimer County,,NY,3551,70746,74297
36045,Jefferson County,,NY,17345,125906,143251
36047,Kings County,,NY,174323,2779476,2953799
36049,Lewis County,,NY,1504,31163,32667
36051,Livingston County,,NY,3552,69807,73359
36053,Madison County,,NY,4687,77448,82135
36055,Monroe County,,NY,30451,874398,904849
36057,Montgomery County,,NY,3268,55618,58886
36059,Nassau County,,NY,70788,1734684,1805472
36061,New York County,,NY,195601,1754798,1950399
36063,Niagara County,,NY,9554,253377,262931
36065,Oneida County,,NY,11077,259580,270657
36067,Onondaga County,,NY,21537,540183,561720
36069,Ontario County,,NY,7236,129479,136715
36071,Orange County,,NY,23195,446674,469869
36073,Orleans County,,NY,2458,45813,48271
36075,Oswego County,,NY,6295,133412,139707
36077,Otsego County,,NY,3761,64356,68117
36079,Putnam County,,NY,6985,120165,127150
36081,Queens County,,NY,149412,2637813,2787225
36083,Rensselaer County,,NY,11442,180665,192107
36085,Richmond County,,NY,22843,549003,571846
36087,Rockland County,,NY,15191,387169,402360
36089,St. Lawrence County,,NY,4569,112372,116941
36091,Saratoga County,,NY,16670,276078,292748
36093,Schenectady County,,NY,10806,180505,191311
36095,Schoharie County,,NY,1681,33917,35598
36097,Schuyler County,,NY,1280,21086,22366
36099,Seneca County,,NY,2161,38058,40219
36101,Steuben County,,NY,5463,111654,117117
36103,Suffolk County,,NY,60965,1886335,1947300
36105,Sullivan County,,NY,5450,82184,87634
36107,Tioga County,,NY,3468,59779,63247
36109,Tompkins County,,NY,7543,93003,100546
36111,Ulster County,,NY,10131,202611,212742
36113,Warren County,,NY,5138,78229,83367
36115,Washington County,,NY,4198,69057,73255
36117,Wayne County,,NY,5583,111201,116784
36119,Westchester County,,NY,57985,1165838,1223823
36121,Wyoming County,,NY,2316,45821,48137
36123,Yates County,,NY,1436,28484,29920
37001,Alamance County,,NC,9288,170234,179522
37003,Alexander County,,NC,1966,39053,41019
37005,Alleghany County,,NC,585,11428,12013
37007,Anson County,,NC,1176,24033,25209
37009,Ashe County,,NC,1121,27931,29052
37011,Avery County,,NC,991,16959,17950
37013,Beaufort County,,NC,2788,51424,54212
37015,Bertie County,,NC,1218,19980,21198
37017,Bladen County,,NC,2171,32822,34993
37019,Brunswick County,,NC,8755,123921,132676
37021,Buncombe County,,NC,18421,279184,297605
37023,Burke County,,NC,4974,92888,97862
37025,Cabarrus County,,NC,15593,212775,228368
37027,Caldwell County,,NC,3991,85451,89442
37029,Camden County,,NC,1012,11185,12197
37031,Carteret County,,NC,5735,75749,81484
37033,Caswell County,,NC,1500,23375,24875
37035,Catawba County,,NC,9911,177385,187296
37037,Chatham County,,NC,5166,76397,81563
37039,Cherokee County,,NC,1606,26901,28507
37041,Chowan County,,NC,970,15994,16964
37043,Clay County,,NC,736,10512,11248
37045,Cleveland County,,NC,5035,102695,107730
37047,Columbus County,,NC,2555,54993,57548
37049,Craven County,,NC,12838,110330,123168
37051,Cumberland County,,NC,48504,331056,379560
37053,Currituck County,,NC,2219,27003,29222
37055,Dare County,,NC,2845,42533,45378
37057,Davidson County,,NC,9749,181134,190883
37059,Davie County,,NC,2737,47309,50046
37061,Duplin County,,NC,5521,60340,65861
37063,Durham County,,NC,30392,314618,345010
37065,Edgecombe County,,NC,4764,56251,61015
37067,Forsyth County,,NC,22884,402568,425452
37069,Franklin County,,NC,5292,62845,68137
37071,Gaston County,,NC,12222,227229,239451
37073,Gates County,,NC,691,11628,12319
37075,Graham County,,NC,359,8673,9032
37077,Granville County,,NC,4056,60228,64284
37079,Greene County,,NC,1617,19665,21282
37081,Guilford County,,NC,34979,555118,590097
37083,Halifax County,,NC,3019,54189,57208
37085,Harnett County,,NC,16550,120505,137055
37087,Haywood County,,NC,3399,63938,67337
37089,Henderson County,,NC,7974,124424,132398
37091,Hertford County,,NC,1220,20947,22167
37093,Hoke County,,NC,8046,48283,56329
37095,Hyde County,,NC,311,5250,5561
37097,Iredell County,,NC,11554,188325,199879
37099,Jackson County,,NC,3011,34803,37814
37101,Johnston County,,NC,12406,196315,208721
37103,Jones County,,NC,1149,10422,11571
37105,Lee County,,NC,6590,65493,72083
37107,Lenoir County,,NC,4039,62203,66242
37109,Lincoln County,,NC,5559,87077,92636
37111,McDowell County,,NC,2182,46645,48827
37113,Macon County,,NC,1951,37206,39157
37115,Madison County,,NC,1204,20577,21781
37117,Martin County,,NC,1320,25821,27141
37119,Mecklenburg County,,NC,82240,1102768,1185008
37121,Mitchell County,,NC,865,15532,16397
37123,Montgomery County,,NC,1805,28586,30391
37125,Moore County,,NC,7046,103660,110706
37127,Nash County,,NC,8017,106222,114239
37129,New Hanover County,,NC,18064,221290,239354
37131,Northampton County,,NC,1324,19744,21068
37133,Onslow County,,NC,40677,178612,219289
37135,Orange County,,NC,15128,139940,155068
37137,Pamlico County,,NC,705,13151,13856
37139,Pasquotank County,,NC,3517,41240,44757
37141,Pender County,,NC,5750,56219,61969
37143,Perquimans County,,NC,995,14439,15434
37145,Person County,,NC,1875,42882,44757
37147,Pitt County,,NC,12526,168072,180598
37149,Polk County,,NC,1424,20969,22393
37151,Randolph County,,NC,8190,158937,167127
37153,Richmond County,,NC,2247,47217,49464
37155,Robeson County,,NC,6028,131007,137035
37157,Rockingham County,,NC,4401,100553,104954
37159,Rowan County,,NC,8527,150581,159108
37161,Rutherford County,,NC,2919,64969,67888
37163,Sampson County,,NC,6530,75232,81762
37165,Scotland County,,NC,2351,34698,37049
37167,Stanly County,,NC,3042,65007,68049
37169,Stokes County,,NC,2788,50034,52822
37171,Surry County,,NC,3646,78769,82415
37173,Swain County,,NC,1119,18232,19351
37175,Transylvania County,,NC,2024,33633,35657
37177,Tyrrell County,,NC,181,4033,4214
37179,Union County,,NC,14206,243999,258205
37181,Vance County,,NC,2819,45469,48288
37183,Wake County,,NC,70620,1132523,1203143
37185,Warren County,,NC,1414,18507,19921
37187,Washington County,,NC,732,13129,13861
37189,Watauga County,,NC,3893,41945,45838
37191,Wayne County,,NC,10036,129190,139226
37193,Wilkes County,,NC,2548,71268,73816
37195,Wilson County,,NC,4763,89791,94554
37197,Yadkin County,,NC,2120,41830,43950
37199,Yancey County,,NC,828,18065,18893
38001,Adams County,,ND,126,2625,2751
38003,Barnes County,,ND,729,13148,13877
38005,Benson County,,ND,473,6907,7380
38007,Billings County,,ND,101,1049,1150
38009,Bottineau County,,ND,578,8165,8743
38011,Bowman County,,ND,229,4013,4242
38013,Burke County,,ND,246,2889,3135
38015,Burleigh County,,ND,6774,106202,112976
38017,Cass County,,ND,14142,187873,202015
38019,Cavalier County,,ND,146,5063,5209
38021,Dickey County,,ND,294,6315,6609
38023,Divide County,,ND,251,2812,3063
38025,Dunn County,,ND,631,4500,5131
38027,Eddy County,,ND,109,2799,2908
38029,Emmons County,,ND,128,3978,4106
38031,Foster County,,ND,171,4233,4404
38033,Golden Valley County,,ND,176,2147,2323
38035,Grand Forks County,,ND,6673,73323,79996
38037,Grant County,,ND,93,2786,2879
38039,Griggs County,,ND,73,2903,2976
38041,Hettinger County,,ND,195,3103,3298
38043,Kidder County,,ND,156,2897,3053
38045,LaMoure County,,ND,131,4985,5116
38047,Logan County,,ND,111,2399,2510
38049,McHenry County,,ND,455,7187,7642
38051,McIntosh County,,ND,93,3529,3622
38053,McKenzie County,,ND,1581,8189,9770
38055,McLean County,,ND,825,11491,12316
38057,Mercer County,,ND,708,10688,11396
38059,Morton County,,ND,3156,34870,38026
38061,Mountrail County,,ND,1449,9667,11116
38063,Nelson County,,ND,231,3810,4041
38065,Oliver County,,ND,151,2275,2426
38067,Pembina County,,ND,516,9043,9559
38069,Pierce County,,ND,215,5248,5463
38071,Ramsey County,,ND,854,13746,14600
38073,Ransom County,,ND,353,6656,7009
38075,Renville County,,ND,178,3170,3348
38077,Richland County,,ND,1177,19326,20503
38079,Rolette County,,ND,642,14955,15597
38081,Sargent County,,ND,186,5086,5272
38083,Sheridan County,,ND,64,1656,1720
38085,Sioux County,,ND,218,3423,3641
38087,Slope County,,ND,-2,868,866
38089,Stark County,,ND,3837,34584,38421
38091,Steele County,,ND,108,2292,2400
38093,Stutsman County,,ND,1374,24720,26094
38095,Towner County,,ND,140,2864,3004
38097,Traill County,,ND,618,9278,9896
38099,Walsh County,,ND,751,13552,14303
38101,Ward County,,ND,10486,76777,87263
38103,Wells County,,ND,234,5305,5539
38105,Williams County,,ND,6282,33611,39893
39001,Adams County,,OH,1212,28631,29843
39003,Allen County,,OH,5796,117470,123266
39005,Ashland County,,OH,3059,60094,63153
39007,Ashtabula County,,OH,4561,111808,116369
39009,Athens County,,OH,3847,49773,53620
39011,Auglaize County,,OH,2955,57587,60542
39013,Belmont County,,OH,3195,76178,79373
39015,Brown County,,OH,3407,47972,51379
39017,Butler County,,OH,25404,420955,446359
39019,Carroll County,,OH,2061,31797,33858
39021,Champaign County,,OH,2867,45619,48486
39023,Clark County,,OH,7601,157284,164885
39025,Clermont County,,OH,14846,234836,249682
39027,Clinton County,,OH,3347,46785,50132
39029,Columbiana County,,OH,5340,119725,125065
39031,Coshocton County,,OH,1679,40802,42481
39033,Crawford County,,OH,2674,49590,52264
39035,Cuyahoga County,,OH,58377,1458951,1517328
39037,Darke County,,OH,2444,63788,66232
39039,Defiance County,,OH,2364,47099,49463
39041,Delaware County,,OH,15582,225406,240988
39043,Erie County,,OH,4921,92452,97373
39045,Fairfield County,,OH,11293,170733,182026
39047,Fayette County,,OH,2075,31734,33809
39049,Franklin County,,OH,80279,1404327,1484606
39051,Fulton County,,OH,2770,52621,55391
39053,Gallia County,,OH,1429,31251,32680
39055,Geauga County,,OH,5913,118101,124014
39057,Greene County,,OH,15668,177829,193497
39059,Guernsey County,,OH,2177,44395,46572
39061,Hamilton County,,OH,49167,933909,983076
39063,Hancock County,,OH,4963,89346,94309
39065,Hardin County,,OH,1945,32860,34805
39067,Harrison County,,OH,904,16440,17344
39069,Henry County,,OH,1925,35098,37023
39071,Highland County,,OH,2802,45883,48685
39073,Hocking County,,OH,1737,31128,32865
39075,Holmes County,,OH,1889,47689,49578
39077,Huron County,,OH,4099,70931,75030
39079,Jackson County,,OH,1627,34933,36560
39081,Jefferson County,,OH,3046,75147,78193
39083,Knox County,,OH,3643,68064,71707
39085,Lake County,,OH,12006,289856,301862
39087,Lawrence County,,OH,2940,65757,68697
39089,Licking County,,OH,11035,196874,207909
39091,Logan County,,OH,2763,55018,57781
39093,Lorain County,,OH,14655,357905,372560
39095,Lucas County,,OH,21724,480501,502225
39097,Madison County,,OH,3407,45745,49152
39099,Mahoning County,,OH,11221,268303,279524
39101,Marion County,,OH,3427,69183,72610
39103,Medina County,,OH,11068,220926,231994
39105,Meigs County,,OH,1119,23432,24551
39107,Mercer County,,OH,1829,52286,54115
39109,Miami County,,OH,6414,125158,131572
39111,Monroe County,,OH,736,16214,16950
39113,Montgomery County,,OH,32777,606960,639737
39115,Morgan County,,OH,819,15116,15935
39117,Morrow County,,OH,2476,38748,41224
39119,Muskingum County,,OH,3945,97204,101149
39121,Noble County,,OH,671,13514,14185
39123,Ottawa County,,OH,2774,51020,53794
39125,Paulding County,,OH,1245,22715,23960
39127,Perry County,,OH,2202,37905,40107
39129,Pickaway County,,OH,3640,59996,63636
39131,Pike County,,OH,1653,28493,30146
39133,Portage County,,OH,11231,176405,187636
39135,Preble County,,OH,2532,48683,51215
39137,Putnam County,,OH,1416,44207,45623
39139,Richland County,,OH,6358,139330,145688
39141,Ross County,,OH,3818,80561,84379
39143,Sandusky County,,OH,3450,73399,76849
39145,Scioto County,,OH,2870,76835,79705
39147,Seneca County,,OH,3396,64349,67745
39149,Shelby County,,OH,3054,59354,62408
39151,Stark County,,OH,18160,448465,466625
39153,Summit County,,OH,30822,636207,667029
39155,Trumbull County,,OH,9826,243457,253283
39157,Tuscarawas County,,OH,4796,114474,119270
39159,Union County,,OH,4237,60877,65114
39161,Van Wert County,,OH,1668,34937,36605
39163,Vinton County,,OH,796,13321,14117
39165,Warren County,,OH,18628,261608,280236
39167,Washington County,,OH,3044,71417,74461
39169,Wayne County,,OH,6015,137672,143687
39171,Williams County,,OH,2142,45431,47573
39173,Wood County,,OH,10890,141822,152712
39175,Wyandot County,,OH,1308,27412,28720
40001,Adair County,,OK,1280,21491,22771
40003,Alfalfa County,,OK,330,5225,5555
40005,Atoka County,,OK,811,13103,13914
40007,Beaver County,,OK,476,6098,6574
40009,Beckham County,,OK,2262,22827,25089
40011,Blaine County,,OK,717,10612,11329
40013,Bryan County,,OK,2855,41079,43934
40015,Caddo County,,OK,2071,28329,30400
40017,Canadian County,,OK,11444,140369,151813
40019,Carter County,,OK,3254,52189,55443
40021,Cherokee County,,OK,3079,43861,46940
40023,Choctaw County,,OK,826,14291,15117
40025,Cimarron County,,OK,152,2945,3097
40027,Cleveland County,,OK,26980,278474,305454
40029,Coal County,,OK,398,5372,5770
40031,Comanche County,,OK,15107,116578,131685
40033,Cotton County,,OK,489,6255,6744
40035,Craig County,,OK,1161,13310,14471
40037,Creek County,,OK,6418,72626,79044
40039,Custer County,,OK,2908,28694,31602
40041,Delaware County,,OK,3115,37983,41098
40043,Dewey County,,OK,355,5364,5719
40045,Ellis County,,OK,258,4458,4716
40047,Garfield County,,OK,5853,68636,74489
40049,Garvin County,,OK,2057,27778,29835
40051,Grady County,,OK,4537,53986,58523
40053,Grant County,,OK,362,4886,5248
40055,Greer County,,OK,331,4977,5308
40057,Harmon County,,OK,278,2667,2945
40059,Harper County,,OK,236,4364,4600
40061,Haskell County,,OK,738,12367,13105
40063,Hughes County,,OK,953,11936,12889
40065,Jackson County,,OK,3356,26902,30258
40067,Jefferson County,,OK,517,5695,6212
40069,Johnston County,,OK,833,10466,11299
40071,Kay County,,OK,3060,48170,51230
40073,Kingfisher County,,OK,1110,17791,18901
40075,Kiowa County,,OK,683,9161,9844
40077,Latimer County,,OK,819,10838,11657
40079,Le Flore County,,OK,2985,47025,50010
40081,Lincoln County,,OK,2617,34437,37054
40083,Logan County,,OK,3963,44364,48327
40085,Love County,,OK,775,9991,10766
40087,McClain County,,OK,3711,40633,44344
40089,McCurtain County,,OK,1794,32735,34529
40091,McIntosh County,,OK,1809,18514,20323
40093,Major County,,OK,608,8689,9297
40095,Marshall County,,OK,1039,15252,16291
40097,Mayes County,,OK,2780,41033,43813
40099,Murray County,,OK,905,13859,14764
40101,Muskogee County,,OK,4777,69143,73920
40103,Noble County,,OK,863,12118,12981
40105,Nowata County,,OK,716,10778,11494
40107,Okfuskee County,,OK,811,10325,11136
40109,Oklahoma County,,OK,58034,808277,866311
40111,Okmulgee County,,OK,3020,37664,40684
40113,Osage County,,OK,4176,43099,47275
40115,Ottawa County,,OK,2447,32684,35131
40117,Pawnee County,,OK,1331,15913,17244
40119,Payne County,,OK,7077,65971,73048
40121,Pittsburg County,,OK,2762,45214,47976
40123,Pontotoc County,,OK,2776,39813,42589
40125,Pottawatomie County,,OK,5302,71987,77289
40127,Pushmataha County,,OK,812,10574,11386
40129,Roger Mills County,,OK,276,3974,4250
40131,Rogers County,,OK,7660,97395,105055
40133,Seminole County,,OK,1754,23566,25320
40135,Sequoyah County,,OK,2551,40228,42779
40137,Stephens County,,OK,2909,46938,49847
40139,Texas County,,OK,2791,25881,28672
40141,Tillman County,,OK,548,7637,8185
40143,Tulsa County,,OK,43212,697282,740494
40145,Wagoner County,,OK,8163,78510,86673
40147,Washington County,,OK,3831,57441,61272
40149,Washita County,,OK,1353,11676,13029
40151,Woods County,,OK,719,8908,9627
40153,Woodward County,,OK,1785,23051,24836
41001,Baker County,,OR,1034,16966,18000
41003,Benton County,,OR,8102,83406,91508
41005,Clackamas County,,OR,32969,447017,479986
41007,Clatsop County,,OR,3361,39952,43313
41009,Columbia County,,OR,3453,53674,57127
41011,Coos County,,OR,3618,63731,67349
41013,Crook County,,OR,1469,21911,23380
41015,Curry County,,OR,1815,23206,25021
41017,Deschutes County,,OR,11607,190553,202160
41019,Douglas County,,OR,5630,109828,115458
41021,Gilliam County,,OR,114,1964,2078
41023,Grant County,,OR,494,7377,7871
41025,Harney County,,OR,477,7473,7950
41027,Hood River County,,OR,1607,29261,30868
41029,Jackson County,,OR,10896,231592,242488
41031,Jefferson County,,OR,1507,22186,23693
41033,Josephine County,,OR,4746,84626,89372
41035,Klamath County,,OR,4282,66184,70466
41037,Lake County,,OR,558,7704,8262
41039,Lane County,,OR,18492,372897,391389
41041,Lincoln County,,OR,4027,47994,52021
41043,Linn County,,OR,9185,125346,134531
41045,Malheur County,,OR,2178,28297,30475
41047,Marion County,,OR,18587,352112,370699
41049,Morrow County,,OR,1169,13127,14296
41051,Multnomah County,,OR,65229,840780,906009
41053,Polk County,,OR,6753,80568,87321
41055,Sherman County,,OR,209,1966,2175
41057,Tillamook County,,OR,1819,27360,29179
41059,Umatilla County,,OR,4936,81889,86825
41061,Union County,,OR,1815,27562,29377
41063,Wallowa County,,OR,500,7948,8448
41065,Wasco County,,OR,1748,26990,28738
41067,Washington County,,OR,46086,635109,681195
41069,Wheeler County,,OR,88,1302,1390
41071,Yamhill County,,OR,6839,107327,114166
42001,Adams County,,PA,5985,124845,130830
42003,Allegheny County,,PA,57115,1474404,1531519
42005,Armstrong County,,PA,3457,82474,85931
42007,Beaver County,,PA,8052,209786,217838
42009,Bedford County,,PA,2059,59661,61720
42011,Berks County,,PA,18665,501631,520296
42013,Blair County,,PA,4475,148923,153398
42015,Bradford County,,PA,3419,73294,76713
42017,Bucks County,,PA,35344,801551,836895
42019,Butler County,,PA,10067,231059,241126
42021,Cambria County,,PA,5176,161977,167153
42023,Cameron County,,PA,243,5921,6164
42025,Carbon County,,PA,4030,74818,78848
42027,Centre County,,PA,8018,140550,148568
42029,Chester County,,PA,30818,633106,663924
42031,Clarion County,,PA,1842,43231,45073
42033,Clearfield County,,PA,3434,92475,95909
42035,Clinton County,,PA,1921,42974,44895
42037,Columbia County,,PA,3477,72150,75627
42039,Crawford County,,PA,4051,98626,102677
42041,Cumberland County,,PA,16956,294155,311111
42043,Dauphin County,,PA,19347,327450,346797
42045,Delaware County,,PA,34151,663064,697215
42047,Elk County,,PA,1025,40834,41859
42049,Erie County,,PA,10753,320706,331459
42051,Fayette County,,PA,5452,153111,158563
42053,Forest County,,PA,269,5432,5701
42055,Franklin County,,PA,7420,191369,198789
42057,Fulton County,,PA,681,17890,18571
42059,Greene County,,PA,1656,40647,42303
42061,Huntingdon County,,PA,1847,49226,51073
42063,Indiana County,,PA,4356,92688,97044
42065,Jefferson County,,PA,2286,54327,56613
42067,Juniata County,,PA,1004,29072,30076
42069,Lackawanna County,,PA,9819,246697,256516
42071,Lancaster County,,PA,21231,663032,684263
42073,Lawrence County,,PA,3741,104429,108170
42075,Lebanon County,,PA,6875,169039,175914
42077,Lehigh County,,PA,22671,426379,449050
42079,Luzerne County,,PA,13156,374568,387724
42081,Lycoming County,,PA,5552,135883,141435
42083,McKean County,,PA,1563,48153,49716
42085,Mercer County,,PA,4982,133466,138448
42087,Mifflin County,,PA,1673,55035,56708
42089,Monroe County,,PA,13090,183534,196624
42091,Montgomery County,,PA,52438,1010896,1063334
42093,Montour County,,PA,1841,22071,23912
42095,Northampton County,,PA,19106,360886,379992
42097,Northumberland County,,PA,4608,107428,112036
42099,Perry County,,PA,2466,56608,59074
42101,Philadelphia County,,PA,87152,1500953,1588105
42103,Pike County,,PA,4687,64017,68704
42105,Potter County,,PA,1112,19761,20873
42107,Schuylkill County,,PA,5626,169484,175110
42109,Snyder County,,PA,1859,46306,48165
42111,Somerset County,,PA,2813,89347,92160
42113,Sullivan County,,PA,371,7004,7375
42115,Susquehanna County,,PA,2685,49459,52144
42117,Tioga County,,PA,2270,47494,49764
42119,Union County,,PA,2575,43291,45866
42121,Venango County,,PA,2448,63204,65652
42123,Warren County,,PA,1784,48283,50067
42125,Washington County,,PA,10028,253578,263606
42127,Wayne County,,PA,3527,58970,62497
42129,Westmoreland County,,PA,15375,449771,465146
42131,Wyoming County,,PA,1837,33532,35369
42133,York County,,PA,21108,543826,564934
44001,Bristol County,,RI,3344,57148,60492
44003,Kent County,,RI,11966,202356,214322
44005,Newport County,,RI,8336,95210,103546
44007,Providence County,,RI,32036,700169,732205
44009,Washington County,,RI,8252,148971,157223
45001,Abbeville County,,SC,1392,24939,26331
45003,Aiken County,,SC,10236,178329,188565
45005,Allendale County,,SC,592,8134,8726
45007,Anderson County,,SC,10823,208038,218861
45009,Bamberg County,,SC,780,13620,14400
45011,Barnwell County,,SC,1282,22540,23822
45013,Beaufort County,,SC,15905,188041,203946
45015,Berkeley County,,SC,23457,201831,225288
45017,Calhoun County,,SC,1019,15517,16536
45019,Charleston County,,SC,34458,397025,431483
45021,Cherokee County,,SC,2729,57107,59836
45023,Chester County,,SC,1876,34302,36178
45025,Chesterfield County,,SC,2157,45482,47639
45027,Clarendon County,,SC,2088,33217,35305
45029,Colleton County,,SC,2199,40369,42568
45031,Darlington County,,SC,3803,70677,74480
45033,Dillon County,,SC,1646,32315,33961
45035,Dorchester County,,SC,17304,155718,173022
45037,Edgefield County,,SC,1756,25286,27042
45039,Fairfield County,,SC,1322,23556,24878
45041,Florence County,,SC,8364,148184,156548
45043,Georgetown County,,SC,4546,69256,73802
45045,Greenville County,,SC,31484,531096,562580
45047,Greenwood County,,SC,4057,74638,78695
45049,Hampton County,,SC,1160,19977,21137
45051,Horry County,,SC,21069,323162,344231
45053,Jasper County,,SC,2376,23701,26077
45055,Kershaw County,,SC,4245,69186,73431
45057,Lancaster County,,SC,5072,86257,91329
45059,Laurens County,,SC,4094,67265,71359
45061,Lee County,,SC,1152,17226,18378
45063,Lexington County,,SC,20527,304810,325337
45065,McCormick County,,SC,542,9407,9949
45067,Marion County,,SC,1754,33298,35052
45069,Marlboro County,,SC,1172,27009,28181
45071,Newberry County,,SC,2004,41413,43417
45073,Oconee County,,SC,4295,79741,84036
45075,Orangeburg County,,SC,5286,90193,95479
45077,Pickens County,,SC,8285,117800,126085
45079,Richland County,,SC,35213,402152,437365
45081,Saluda County,,SC,1545,22484,24029
45083,Spartanburg County,,SC,15381,318327,333708
45085,Sumter County,,SC,9255,116617,125872
45087,Union County,,SC,1042,27849,28891
45089,Williamsburg County,,SC,1939,32657,34596
45091,York County,,SC,15533,271142,286675
46003,Aurora County,,SD,131,3400,3531
46005,Beadle County,,SD,1398,21715,23113
46007,Bennett County,,SD,172,2995,3167
46009,Bon Homme County,,SD,368,7057,7425
46011,Brookings County,,SD,2733,31942,34675
46013,Brown County,,SD,2689,45144,47833
46015,Brule County,,SD,443,6134,6577
46017,Buffalo County,,SD,122,1943,2065
46019,Butte County,,SD,1043,11404,12447
46021,Campbell County,,SD,-2,1818,1816
46023,Charles Mix County,,SD,398,9629,10027
46025,Clark County,,SD,218,4145,4363
46027,Clay County,,SD,1522,11536,13058
46029,Codington County,,SD,2141,33235,35376
46031,Corson County,,SD,228,3397,3625
46033,Custer County,,SD,826,9559,10385
46035,Davison County,,SD,1697,23156,24853
46037,Day County,,SD,394,6688,7082
46039,Deuel County,,SD,304,5294,5598
46041,Dewey County,,SD,447,6812,7259
46043,Douglas County,,SD,136,3611,3747
46045,Edmunds County,,SD,280,4495,4775
46047,Fall River County,,SD,722,7731,8453
46049,Faulk County,,SD,100,2432,2532
46051,Grant County,,SD,376,9374,9750
46053,Gregory County,,SD,126,5045,5171
46055,Haakon County,,SD,111,2388,2499
46057,Hamlin County,,SD,487,6850,7337
46059,Hand County,,SD,163,4049,4212
46061,Hanson County,,SD,457,5656,6113
46063,Harding County,,SD,-2,1484,1482
46065,Hughes County,,SD,1618,21472,23090
46067,Hutchinson County,,SD,366,8433,8799
46069,Hyde County,,SD,97,1643,1740
46071,Jackson County,,SD,108,2829,2937
46073,Jerauld County,,SD,136,2234,2370
46075,Jones County,,SD,70,1250,1320
46077,Kingsbury County,,SD,409,6390,6799
46079,Lake County,,SD,1073,14985,16058
46081,Lawrence County,,SD,2480,27762,30242
46083,Lincoln County,,SD,6193,61176,67369
46085,Lyman County,,SD,217,4249,4466
46087,McCook County,,SD,357,6821,7178
46089,McPherson County,,SD,94,2507,2601
46091,Marshall County,,SD,366,5025,5391
46093,Meade County,,SD,4313,29753,34066
46095,Mellette County,,SD,98,1831,1929
46097,Miner County,,SD,126,2819,2945
46099,Minnehaha County,,SD,16893,224545,241438
46101,Moody County,,SD,425,7533,7958
46103,Pennington County,,SD,12771,124383,137154
46105,Perkins County,,SD,70,3403,3473
46107,Potter County,,SD,106,3039,3145
46109,Roberts County,,SD,665,11037,11702
46111,Sanborn County,,SD,148,2827,2975
46113,Shannon County,,SD,715,11595,12310
46115,Spink County,,SD,368,7380,7748
46117,Stanley County,,SD,342,3673,4015
46119,Sully County,,SD,92,1816,1908
46121,Todd County,,SD,478,8023,8501
46123,Tripp County,,SD,236,6608,6844
46125,Turner County,,SD,653,9886,10539
46127,Union County,,SD,1617,18143,19760
46129,Walworth County,,SD,370,6542,6912
46135,Yankton County,,SD,1541,25755,27296
46137,Ziebach County,,SD,85,1296,1381
47001,Anderson County,,TN,6512,82231,88743
47003,Bedford County,,TN,2987,51661,54648
47005,Benton County,,TN,884,16749,17633
47007,Bledsoe County,,TN,697,11429,12126
47009,Blount County,,TN,7944,141968,149912
47011,Bradley County,,TN,6666,112184,118850
47013,Campbell County,,TN,2023,37880,39903
47015,Cannon County,,TN,1048,14494,15542
47017,Carroll County,,TN,1974,29548,31522
47019,Carter County,,TN,3833,56132,59965
47021,Cheatham County,,TN,3721,45583,49304
47023,Chester County,,TN,1185,16992,18177
47025,Claiborne County,,TN,1652,31134,32786
47027,Clay County,,TN,469,7598,8067
47029,Cocke County,,TN,2031,35950,37981
47031,Coffee County,,TN,4006,58600,62606
47033,Crockett County,,TN,1036,15790,16826
47035,Cumberland County,,TN,3617,63840,67457
47037,Davidson County,,TN,67681,731888,799569
47039,Decatur County,,TN,692,11821,12513
47041,DeKalb County,,TN,1447,19989,21436
47043,Dickson County,,TN,3488,55870,59358
47045,Dyer County,,TN,2354,41536,43890
47047,Fayette County,,TN,3646,45423,49069
47049,Fentress County,,TN,873,17301,18174
47051,Franklin County,,TN,2881,44789,47670
47053,Gibson County,,TN,3448,54271,57719
47055,Giles County,,TN,1797,30842,32639
47057,Grainger County,,TN,1572,22667,24239
47059,Greene County,,TN,3061,72702,75763
47061,Grundy County,,TN,774,14727,15501
47063,Hamblen County,,TN,4483,69638,74121
47065,Hamilton County,,TN,21381,389755,411136
47067,Hancock County,,TN,184,6118,6302
47069,Hardeman County,,TN,1428,25550,26978
47071,Hardin County,,TN,1607,26892,28499
47073,Hawkins County,,TN,3874,58583,62457
47075,Haywood County,,TN,1199,20599,21798
47077,Henderson County,,TN,1620,30089,31709
47079,Henry County,,TN,1931,34989,36920
47081,Hickman County,,TN,1617,23266,24883
47083,Houston County,,TN,542,8535,9077
47085,Humphreys County,,TN,1087,20070,21157
47087,Jackson County,,TN,718,10673,11391
47089,Jefferson County,,TN,4747,53440,58187
47091,Johnson County,,TN,655,15988,16643
47093,Knox County,,TN,29191,488031,517222
47095,Lake County,,TN,423,5387,5810
47097,Lauderdale County,,TN,1520,25321,26841
47099,Lawrence County,,TN,1786,43498,45284
47101,Lewis County,,TN,722,12121,12843
47103,Lincoln County,,TN,1876,38139,40015
47105,Loudon County,,TN,4326,59210,63536
47107,McMinn County,,TN,3331,54783,58114
47109,McNairy County,,TN,1547,26331,27878
47111,Macon County,,TN,1186,24040,25226
47113,Madison County,,TN,8229,106917,115146
47115,Marion County,,TN,1586,30381,31967
47117,Marshall County,,TN,2350,34646,36996
47119,Maury County,,TN,6868,97373,104241
47121,Meigs County,,TN,1039,12057,13096
47123,Monroe County,,TN,2839,46908,49747
47125,Montgomery County,,TN,24087,187374,211461
47127,Moore County,,TN,452,7039,7491
47129,Morgan County,,TN,1190,19703,20893
47131,Obion County,,TN,1925,35358,37283
47133,Overton County,,TN,1425,22719,24144
47135,Perry County,,TN,451,7818,8269
47137,Pickett County,,TN,255,5283,5538
47139,Polk County,,TN,1260,17268,18528
47141,Putnam County,,TN,5710,76557,82267
47143,Rhea County,,TN,2039,33787,35826
47145,Roane County,,TN,3794,56391,60185
47147,Robertson County,,TN,5843,81192,87035
47149,Rutherford County,,TN,22900,315963,338863
47151,Scott County,,TN,587,21269,21856
47153,Sequatchie County,,TN,991,15064,16055
47155,Sevier County,,TN,8162,106024,114186
47157,Shelby County,,TN,53379,1089828,1143207
47159,Smith County,,TN,1283,20741,22024
47161,Stewart County,,TN,1147,13822,14969
47163,Sullivan County,,TN,9388,172530,181918
47165,Sumner County,,TN,13554,195136,208690
47167,Tipton County,,TN,4476,68427,72903
47169,Trousdale County,,TN,616,8432,9048
47171,Unicoi County,,TN,1121,18419,19540
47173,Union County,,TN,1384,18453,19837
47175,Van Buren County,,TN,372,5678,6050
47177,Warren County,,TN,1915,43238,45153
47179,Washington County,,TN,9747,131465,141212
47181,Wayne County,,TN,720,15022,15742
47183,Weakley County,,TN,2038,32305,34343
47185,White County,,TN,1619,27183,28802
47187,Williamson County,,TN,18741,241200,259941
47189,Wilson County,,TN,9951,143830,153781
48001,Anderson County,,TX,3708,48306,52014
48003,Andrews County,,TX,1406,19145,20551
48005,Angelina County,,TX,5302,93434,98736
48007,Aransas County,,TX,2730,25482,28212
48009,Archer County,,TX,796,9988,10784
48011,Armstrong County,,TX,175,2135,2310
48013,Atascosa County,,TX,4434,49674,54108
48015,Austin County,,TX,2133,33504,35637
48017,Bailey County,,TX,882,7745,8627
48019,Bandera County,,TX,1805,21175,22980
48021,Bastrop County,,TX,6606,80161,86767
48023,Baylor County,,TX,276,3644,3920
48025,Bee County,,TX,2224,26981,29205
48027,Bell County,,TX,48114,338227,386341
48029,Bexar County,,TX,104674,2015433,2120107
48031,Blanco County,,TX,751,11699,12450
48033,Borden County,,TX,76,658,734
48035,Bosque County,,TX,1585,18405,19990
48037,Bowie County,,TX,7066,98415,105481
48039,Brazoria County,,TX,25629,363595,389224
48041,Brazos County,,TX,15154,174034,189188
48043,Brewster County,,TX,995,9873,10868
48045,Briscoe County,,TX,100,1701,1801
48047,Brooks County,,TX,447,7853,8300
48049,Brown County,,TX,2638,38599,41237
48051,Burleson County,,TX,1343,19180,20523
48053,Burnet County,,TX,4127,48513,52640
48055,Caldwell County,,TX,3732,40033,43765
48057,Calhoun County,,TX,1587,24022,25609
48059,Callahan County,,TX,1315,13999,15314
48061,Cameron County,,TX,17933,445344,463277
48063,Camp County,,TX,1037,13087,14124
48065,Carson County,,TX,524,6494,7018
48067,Cass County,,TX,2389,31837,34226
48069,Castro County,,TX,696,8397,9093
48071,Chambers County,,TX,4351,45194,49545
48073,Cherokee County,,TX,3532,52820,56352
48075,Childress County,,TX,405,6206,6611
48077,Clay County,,TX,926,11344,12270
48079,Cochran County,,TX,274,3258,3532
48081,Coke County,,TX,269,3465,3734
48083,Coleman County,,TX,706,8644,9350
48085,Collin County,,TX,84721,991800,1076521
48087,Collingsworth County,,TX,209,3216,3425
48089,Colorado County,,TX,1546,23907,25453
48091,Comal County,,TX,12560,137702,150262
48093,Comanche County,,TX,968,14189,15157
48095,Concho County,,TX,253,2550,2803
48097,Cooke County,,TX,3218,43821,47039
48099,Coryell County,,TX,13930,64650,78580
48101,Cottle County,,TX,101,1546,1647
48103,Crane County,,TX,381,5556,5937
48105,Crockett County,,TX,305,4408,4713
48107,Crosby County,,TX,503,6122,6625
48109,Culberson County,,TX,132,2503,2635
48111,Dallam County,,TX,1089,8100,9189
48113,Dallas County,,TX,188120,2784707,2972827
48115,Dawson County,,TX,708,13202,13910
48117,Deaf Smith County,,TX,1646,22767,24413
48119,Delta County,,TX,386,5095,5481
48121,Denton County,,TX,76755,817008,893763
48123,DeWitt County,,TX,1675,20528,22203
48125,Dickens County,,TX,140,2003,2143
48127,Dimmit County,,TX,926,10917,11843
48129,Donley County,,TX,254,3471,3725
48131,Duval County,,TX,837,12239,13076
48133,Eastland County,,TX,1550,17808,19358
48135,Ector County,,TX,12653,167051,179704
48137,Edwards County,,TX,161,1963,2124
48139,Ellis County,,TX,12486,180444,192930
48141,El Paso County,,TX,55099,931935,987034
48143,Erath County,,TX,3131,36535,39666
48145,Falls County,,TX,1299,15647,16946
48147,Fannin County,,TX,2455,32771,35226
48149,Fayette County,,TX,1501,28125,29626
48151,Fisher County,,TX,281,3892,4173
48153,Floyd County,,TX,614,6518,7132
48155,Foard County,,TX,93,1281,1374
48157,Fort Bend County,,TX,54569,752454,807023
48159,Franklin County,,TX,1063,10217,11280
48161,Freestone County,,TX,1566,20056,21622
48163,Frio County,,TX,1095,15931,17026
48165,Gaines County,,TX,1109,19816,20925
48167,Galveston County,,TX,24915,341784,366699
48169,Garza County,,TX,290,4723,5013
48171,Gillespie County,,TX,1774,30844,32618
48173,Glasscock County,,TX,116,1484,1600
48175,Goliad County,,TX,492,7890,8382
48177,Gonzales County,,TX,1308,21948,23256
48179,Gray County,,TX,1997,23958,25955
48181,Grayson County,,TX,8097,134353,142450
48183,Gregg County,,TX,12742,138931,151673
48185,Grimes County,,TX,2217,26955,29172
48187,Guadalupe County,,TX,16162,161084,177246
48189,Hale County,,TX,3290,35908,39198
48191,Hall County,,TX,240,3100,3340
48193,Hamilton County,,TX,830,8860,9690
48195,Hansford County,,TX,392,6322,6714
48197,Hardeman County,,TX,239,4169,4408
48199,Hardin County,,TX,4358,60839,65197
48201,Harris County,,TX,248713,4870114,5118827
48203,Harrison County,,TX,5546,72235,77781
48205,Hartley County,,TX,566,4568,5134
48207,Haskell County,,TX,511,5461,5972
48209,Hays County,,TX,18215,179291,197506
48211,Hemphill County,,TX,423,4887,5310
48213,Henderson County,,TX,6229,78852,85081
48215,Hidalgo County,,TX,24938,837853,862791
48217,Hill County,,TX,2887,36419,39306
48219,Hockley County,,TX,1768,24815,26583
48221,Hood County,,TX,4644,58534,63178
48223,Hopkins County,,TX,2377,38483,40860
48225,Houston County,,TX,1302,20582,21884
48227,Howard County,,TX,2754,33218,35972
48229,Hudspeth County,,TX,365,3372,3737
48231,Hunt County,,TX,7314,90034,97348
48233,Hutchinson County,,TX,1831,24255,26086
48235,Irion County,,TX,189,1856,2045
48237,Jack County,,TX,553,8335,8888
48239,Jackson County,,TX,1145,16988,18133
48241,Jasper County,,TX,2612,36763,39375
48243,Jeff Davis County,,TX,189,2351,2540
48245,Jefferson County,,TX,18797,265788,284585
48247,Jim Hogg County,,TX,322,5589,5911
48249,Jim Wells County,,TX,3221,46134,49355
48251,Johnson County,,TX,13924,173680,187604
48253,Jones County,,TX,1536,15800,17336
48255,Karnes County,,TX,907,14203,15110
48257,Kaufman County,,TX,10653,123783,134436
48259,Kendall County,,TX,3842,45214,49056
48261,Kenedy County,,TX,-2,368,366
48263,Kent County,,TX,70,846,916
48265,Kerr County,,TX,3875,56325,60200
48267,Kimble County,,TX,389,4819,5208
48269,King County,,TX,-2,276,274
48271,Kinney County,,TX,306,3310,3616
48273,Kleberg County,,TX,3046,31369,34415
48275,Knox County,,TX,312,3962,4274
48277,Lamar County,,TX,2976,52297,55273
48279,Lamb County,,TX,1085,14506,15591
48281,Lampasas County,,TX,2302,21953,24255
48283,La Salle County,,TX,524,6067,6591
48285,Lavaca County,,TX,1486,23055,24541
48287,Lee County,,TX,1107,19183,20290
48289,Leon County,,TX,1368,18921,20289
48291,Liberty County,,TX,6564,77101,83665
48293,Limestone County,,TX,1500,23735,25235
48295,Lipscomb County,,TX,178,3898,4076
48297,Live Oak County,,TX,1024,11337,12361
48299,Llano County,,TX,1806,18672,20478
48301,Loving County,,TX,-2,68,66
48303,Lubbock County,,TX,18774,296684,315458
48305,Lynn County,,TX,481,6353,6834
48307,McCulloch County,,TX,543,8970,9513
48309,McLennan County,,TX,14090,256376,270466
48311,McMullen County,,TX,94,1011,1105
48313,Madison County,,TX,842,12458,13300
48315,Marion County,,TX,964,9518,10482
48317,Martin County,,TX,486,5678,6164
48319,Mason County,,TX,240,4620,4860
48321,Matagorda County,,TX,2347,40513,42860
48323,Maverick County,,TX,2862,71466,74328
48325,Medina County,,TX,3502,48212,51714
48327,Menard County,,TX,154,2130,2284
48329,Midland County,,TX,16182,172214,188396
48331,Milam County,,TX,1684,25723,27407
48333,Mills County,,TX,354,5155,5509
48335,Mitchell County,,TX,509,7561,8070
48337,Montague County,,TX,1718,21159,22877
48339,Montgomery County,,TX,42375,557423,599798
48341,Moore County,,TX,2370,25737,28107
48343,Morris County,,TX,1086,13452,14538
48345,Motley County,,TX,120,1140,1260
48347,Nacogdoches County,,TX,4888,61879,66767
48349,Navarro County,,TX,3619,52266,55885
48351,Newton County,,TX,1070,12486,13556
48353,Nolan County,,TX,1340,16238,17578
48355,Nueces County,,TX,22944,375176,398120
48357,Ochiltree County,,TX,931,12572,13503
48359,Oldham County,,TX,190,2251,2441
48361,Orange County,,TX,5424,92650,98074
48363,Palo Pinto County,,TX,2232,29196,31428
48365,Panola County,,TX,1671,26383,28054
48367,Parker County,,TX,11078,136895,147973
48369,Parmer County,,TX,1046,12093,13139
48371,Pecos County,,TX,1155,15560,16715
48373,Polk County,,TX,5116,53004,58120
48375,Potter County,,TX,14127,123490,137617
48377,Presidio County,,TX,1100,10036,11136
48379,Rains County,,TX,831,10400,11231
48381,Randall County,,TX,13848,140977,154825
48383,Reagan County,,TX,361,4144,4505
48385,Real County,,TX,284,3496,3780
48387,Red River County,,TX,899,12954,13853
48389,Reeves County,,TX,785,12171,12956
48391,Refugio County,,TX,461,8567,9028
48393,Roberts County,,TX,74,984,1058
48395,Robertson County,,TX,1346,17987,19333
48397,Rockwall County,,TX,9436,97024,106460
48399,Runnels County,,TX,746,11437,12183
48401,Rusk County,,TX,4161,53806,57967
48403,Sabine County,,TX,812,10407,11219
48405,San Augustine County,,TX,635,8506,9141
48407,San Jacinto County,,TX,2446,24050,26496
48409,San Patricio County,,TX,7085,76559,83644
48411,San Saba County,,TX,335,6138,6473
48413,Schleicher County,,TX,231,3261,3492
48415,Scurry County,,TX,1337,17982,19319
48417,Shackelford County,,TX,272,3669,3941
48419,Shelby County,,TX,1872,27497,29369
48421,Sherman County,,TX,318,2895,3213
48423,Smith County,,TX,15460,239099,254559
48425,Somervell County,,TX,678,9198,9876
48427,Starr County,,TX,2515,70716,73231
48429,Stephens County,,TX,591,8960,9551
48431,Sterling County,,TX,106,1490,1596
48433,Stonewall County,,TX,106,1571,1677
48435,Sutton County,,TX,384,4790,5174
48437,Swisher County,,TX,599,7550,8149
48439,Tarrant County,,TX,134066,2190610,2324676
48441,Taylor County,,TX,12596,144794,157390
48443,Terrell County,,TX,75,945,1020
48445,Terry County,,TX,934,12364,13298
48447,Throckmorton County,,TX,164,1656,1820
48449,Titus County,,TX,2538,36232,38770
48451,Tom Green County,,TX,10777,122424,133201
48453,Travis County,,TX,134199,1211407,1345606
48455,Trinity County,,TX,1298,13565,14863
48457,Tyler County,,TX,1358,19066,20424
48459,Upshur County,,TX,3788,40067,43855
48461,Upton County,,TX,266,3709,3975
48463,Uvalde County,,TX,1824,30284,32108
48465,Val Verde County,,TX,4464,55386,59850
48467,Van Zandt County,,TX,4287,54292,58579
48469,Victoria County,,TX,6162,104128,110290
48471,Walker County,,TX,5336,51754,57090
48473,Waller County,,TX,4042,43373,47415
48475,Ward County,,TX,1119,12380,13499
48477,Washington County,,TX,2252,38572,40824
48479,Webb County,,TX,8884,305273,314157
48481,Wharton County,,TX,2397,48844,51241
48483,Wheeler County,,TX,456,6254,6710
48485,Wichita County,,TX,10959,130325,141284
48487,Wilbarger County,,TX,1057,14112,15169
48489,Willacy County,,TX,1010,20274,21284
48491,Williamson County,,TX,47551,536564,584115
48493,Wilson County,,TX,3782,49922,53704
48495,Winkler County,,TX,586,8318,8904
48497,Wise County,,TX,5347,67025,72372
48499,Wood County,,TX,3505,43674,47179
48501,Yoakum County,,TX,728,9912,10640
48503,Young County,,TX,1237,20542,21779
48505,Zapata County,,TX,555,14960,15515
48507,Zavala County,,TX,646,12198,12844
49001,Beaver County,,UT,502,7441,7943
49003,Box Elder County,,UT,3748,59390,63138
49005,Cache County,,UT,10252,125290,135542
49007,Carbon County,,UT,1509,21699,23208
49009,Daggett County,,UT,106,1066,1172
49011,Davis County,,UT,28862,374239,403101
49013,Duchesne County,,UT,1897,22429,24326
49015,Emery County,,UT,787,11705,12492
49017,Garfield County,,UT,442,5406,5848
49019,Grand County,,UT,907,11312,12219
49021,Iron County,,UT,4381,45285,49666
49023,Juab County,,UT,712,11384,12096
49025,Kane County,,UT,543,7486,8029
49027,Millard County,,UT,744,14491,15235
49029,Morgan County,,UT,813,12340,13153
49031,Piute County,,UT,104,1433,1537
49033,Rich County,,UT,171,2437,2608
49035,Salt Lake County,,UT,68996,1267621,1336617
49037,San Juan County,,UT,1116,10988,12104
49039,Sanpete County,,UT,1943,26348,28291
49041,Sevier County,,UT,1296,22371,23667
49043,Summit County,,UT,4753,51245,55998
49045,Tooele County,,UT,6318,68057,74375
49047,Uintah County,,UT,3107,37973,41080
49049,Utah County,,UT,39062,590801,629863
49051,Wasatch County,,UT,2722,30019,32741
49053,Washington County,,UT,11046,157442,168488
49055,Wayne County,,UT,129,2950,3079
49057,Weber County,,UT,18016,269754,287770
50001,Addison County,,VT,2313,44226,46539
50003,Bennington County,,VT,2118,43917,46035
50005,Caledonia County,,VT,1869,35988,37857
50007,Chittenden County,,VT,11549,190555,202104
50009,Essex County,,VT,442,6768,7210
50011,Franklin County,,VT,2710,59972,62682
50013,Grand Isle County,,VT,731,9015,9746
50015,Lamoille County,,VT,1995,30690,32685
50017,Orange County,,VT,2299,35232,37531
50019,Orleans County,,VT,1492,32725,34217
50021,Rutland County,,VT,3209,73828,77037
50023,Washington County,,VT,4342,72634,76976
50025,Windham County,,VT,3205,52387,55592
50027,Windsor County,,VT,4531,69987,74518
51001,Accomack County,,VA,2577,40069,42646
51003,Albemarle County,,VA,11300,111631,122931
51005,Alleghany County,,VA,934,17552,18486
51007,Amelia County,,VA,902,15097,15999
51009,Amherst County,,VA,1991,35088,37079
51011,Appomattox County,,VA,809,17403,18212
51013,Arlington County,,VA,43603,242738,286341
51015,Augusta County,,VA,4999,86199,91198
51017,Bath County,,VA,318,5414,5732
51019,Bedford County,,VA,5768,88744,94512
51021,Bland County,,VA,342,6659,7001
51023,Botetourt County,,VA,2507,40391,42898
51025,Brunswick County,,VA,944,15974,16918
51027,Buchanan County,,VA,918,21809,22727
51029,Buckingham County,,VA,890,15488,16378
51031,Campbell County,,VA,4631,60982,65613
51033,Caroline County,,VA,3045,32590,35635
51035,Carroll County,,VA,1574,30525,32099
51036,Charles City County,,VA,599,8035,8634
51037,Charlotte County,,VA,804,13066,13870
51041,Chesterfield County,,VA,27289,392356,419645
51043,Clarke County,,VA,1172,16465,17637
51045,Craig County,,VA,283,5647,5930
51047,Culpeper County,,VA,3759,54852,58611
51049,Cumberland County,,VA,793,10293,11086
51051,Dickenson County,,VA,543,13873,14416
51053,Dinwiddie County,,VA,2315,30961,33276
51057,Essex County,,VA,854,12784,13638
51059,Fairfax County,,VA,131979,1323203,1455182
51061,Fauquier County,,VA,6096,80996,87092
51063,Floyd County,,VA,810,17052,17862
51065,Fluvanna County,,VA,1868,29160,31028
51067,Franklin County,,VA,2949,60099,63048
51069,Frederick County,,VA,7271,95345,102616
51071,Giles County,,VA,866,18691,19557
51073,Gloucester County,,VA,2813,44183,46996
51075,Goochland County,,VA,1614,25615,27229
51077,Grayson County,,VA,887,15608,16495
51079,Greene County,,VA,1641,22126,23767
51081,Greensville County,,VA,720,8590,9310
51083,Halifax County,,VA,1516,38010,39526
51085,Hanover County,,VA,7499,123812,131311
51087,Henrico County,,VA,31417,369604,401021
51089,Henry County,,VA,2873,55757,58630
51091,Highland County,,VA,86,2635,2721
51093,Isle of Wight County,,VA,3573,42505,46078
51095,James City County,,VA,7719,84572,92291
51097,King and Queen County,,VA,455,7607,8062
51099,King George County,,VA,2494,28102,30596
51101,King William County,,VA,1248,19800,21048
51103,Lancaster County,,VA,802,13528,14330
51105,Lee County,,VA,859,21012,21871
51107,Loudoun County,,VA,35196,433211,468407
51109,Louisa County,,VA,2511,37701,40212
51111,Lunenburg County,,VA,614,12187,12801
51113,Madison County,,VA,928,15133,16061
51115,Mathews County,,VA,581,10162,10743
51117,Mecklenburg County,,VA,1730,33189,34919
51119,Middlesex County,,VA,774,12137,12911
51121,Montgomery County,,VA,7374,78582,85956
51125,Nelson County,,VA,1021,17624,18645
51127,New Kent County,,VA,1610,23399,25009
51131,Northampton County,,VA,793,13843,14636
51133,Northumberland County,,VA,843,14549,15392
51135,Nottoway County,,VA,882,15794,16676
51137,Orange County,,VA,3452,39393,42845
51139,Page County,,VA,909,26763,27672
51141,Patrick County,,VA,851,18826,19677
51143,Pittsylvania County,,VA,3636,68768,72404
51145,Powhatan County,,VA,1803,32300,34103
51147,Prince Edward County,,VA,1455,18508,19963
51149,Prince George County,,VA,5826,35671,41497
51153,Prince William County,,VA,51671,511002,562673
51155,Pulaski County,,VA,2089,35407,37496
51157,Rappahannock County,,VA,671,8593,9264
51159,Richmond County,,VA,619,8532,9151
51161,Roanoke County,,VA,9266,111043,120309
51163,Rockbridge County,,VA,1360,24316,25676
51165,Rockingham County,,VA,5207,92541,97748
51167,Russell County,,VA,1174,26794,27968
51169,Scott County,,VA,1058,21706,22764
51171,Shenandoah County,,VA,2840,49886,52726
51173,Smyth County,,VA,1297,32903,34200
51175,Southampton County,,VA,1210,18664,19874
51177,Spotsylvania County,,VA,12517,146768,159285
51179,Stafford County,,VA,17157,152429,169586
51181,Surry County,,VA,601,7443,8044
51183,Sussex County,,VA,890,10412,11302
51185,Tazewell County,,VA,2165,43037,45202
51187,Warren County,,VA,3447,43886,47333
51191,Washington County,,VA,3160,57222,60382
51193,Westmoreland County,,VA,1569,19802,21371
51195,Wise County,,VA,2167,36635,38802
51197,Wythe County,,VA,1363,31943,33306
51199,York County,,VA,9596,75649,85245
51510,Alexandria city,,VA,32897,161977,194874
51515,Bedford city,,VA,0,0,0
51520,Bristol city,,VA,1914,16415,18329
51530,Buena Vista city,,VA,678,6613,7291
51540,Charlottesville city,,VA,6668,39195,45863
51550,Chesapeake city,,VA,26683,261370,288053
51570,Colonial Heights city,,VA,2426,19861,22287
51580,Covington city,,VA,618,6475,7093
51590,Danville city,,VA,3647,43569,47216
51595,Emporia city,,VA,766,5976,6742
51600,Fairfax city,,VA,4489,26428,30917
51610,Falls Church city,,VA,2346,14026,16372
51620,Franklin city,,VA,1090,8785,9875
51630,Fredericksburg city,,VA,5768,24526,30294
51640,Galax city,,VA,945,7244,8189
51650,Hampton city,,VA,19423,141797,161220
51660,Harrisonburg city,,VA,5041,37173,42214
51670,Hopewell city,,VA,2896,23080,25976
51678,Lexington city,,VA,618,5044,5662
51680,Lynchburg city,,VA,8037,69703,77740
51683,Manassas city,,VA,7684,46439,54123
51685,Manassas Park city,,VA,3284,16696,19980
51690,Martinsville city,,VA,1450,13830,15280
51700,Newport News city,,VA,26056,188701,214757
51710,Norfolk city,,VA,35434,217951,253385
51720,Norton city,,VA,450,4034,4484
51730,Petersburg city,,VA,5463,32518,37981
51735,Poquoson city,,VA,1181,14642,15823
51740,Portsmouth city,,VA,13444,99978,113422
51750,Radford city,,VA,1609,10576,12185
51760,Richmond city,,VA,29651,191598,221249
51770,Roanoke city,,VA,10582,104209,114791
51775,Salem city,,VA,3040,27254,30294
51790,Staunton city,,VA,2631,25631,28262
51800,Suffolk city,,VA,9283,95356,104639
51810,Virginia Beach city,,VA,54492,506648,561140
51820,Waynesboro city,,VA,2352,23799,26151
51830,Williamsburg city,,VA,2334,10031,12365
51840,Winchester city,,VA,4389,28802,33191
53001,Adams County,,WA,1584,24741,26325
53003,Asotin County,,WA,1921,23318,25239
53005,Benton County,,WA,14744,210866,225610
53007,Chelan County,,WA,5989,90914,96903
53009,Clallam County,,WA,4391,80366,84757
53011,Clark County,,WA,27252,517903,545155
53013,Columbia County,,WA,293,4126,4419
53015,Cowlitz County,,WA,6156,110380,116536
53017,Douglas County,,WA,4009,45041,49050
53019,Ferry County,,WA,517,6655,7172
53021,Franklin County,,WA,8634,100358,108992
53023,Garfield County,,WA,174,2373,2547
53025,Grant County,,WA,5708,111273,116981
53027,Grays Harbor County,,WA,4455,71064,75519
53029,Island County,,WA,9398,89456,98854
53031,Jefferson County,,WA,2357,34697,37054
53033,King County,,WA,138330,2452922,2591252
53035,Kitsap County,,WA,21442,285619,307061
53037,Kittitas County,,WA,3212,39857,43069
53039,Klickitat County,,WA,1631,23360,24991
53041,Lewis County,,WA,5150,81255,86405
53043,Lincoln County,,WA,818,11519,12337
53045,Mason County,,WA,4364,61912,66276
53047,Okanogan County,,WA,2633,45809,48442
53049,Pacific County,,WA,1418,22121,23539
53051,Pend Oreille County,,WA,894,12661,13555
53053,Pierce County,,WA,72219,925332,997551
53055,San Juan County,,WA,1142,19092,20234
53057,Skagit County,,WA,7796,138815,146611
53059,Skamania County,,WA,905,11392,12297
53061,Snohomish County,,WA,49238,873501,922739
53063,Spokane County,,WA,25104,539780,564884
53065,Stevens County,,WA,3037,45686,48723
53067,Thurston County,,WA,25078,300949,326027
53069,Wahkiakum County,,WA,302,4095,4397
53071,Walla Walla County,,WA,4040,63395,67435
53073,Whatcom County,,WA,12305,228872,241177
53075,Whitman County,,WA,4141,35851,39992
53077,Yakima County,,WA,11006,294261,305267
54001,Barbour County,,WV,979,16553,17532
54003,Berkeley County,,WV,6989,124814,131803
54005,Boone County,,WV,1123,23764,24887
54007,Braxton County,,WV,620,13914,14534
54009,Brooke County,,WV,1396,26529,27925
54011,Cabell County,,WV,6361,97254,103615
54013,Calhoun County,,WV,338,7037,7375
54015,Clay County,,WV,549,9026,9575
54017,Doddridge County,,WV,430,6888,7318
54019,Fayette County,,WV,2534,44353,46887
54021,Gilmer County,,WV,475,6357,6832
54023,Grant County,,WV,546,13072,13618
54025,Greenbrier County,,WV,1939,37744,39683
54027,Hampshire County,,WV,1223,24709,25932
54029,Hancock County,,WV,1954,36707,38661
54031,Hardy County,,WV,909,15941,16850
54033,Harrison County,,WV,4886,78360,83246
54035,Jackson County,,WV,1364,31953,33317
54037,Jefferson County,,WV,4562,62600,67162
54039,Kanawha County,,WV,11098,216699,227797
54041,Lewis County,,WV,1018,19558,20576
54043,Lincoln County,,WV,1080,20909,21989
54045,Logan County,,WV,1397,35177,36574
54047,McDowell County,,WV,884,17070,17954
54049,Marion County,,WV,3212,63760,66972
54051,Marshall County,,WV,1773,36187,37960
54053,Mason County,,WV,1057,27117,28174
54055,Mercer County,,WV,2968,63299,66267
54057,Mineral County,,WV,1425,32181,33606
54059,Mingo County,,WV,1374,24120,25494
54061,Monongalia County,,WV,9120,93284,102404
54063,Monroe County,,WV,661,14417,15078
54065,Morgan County,,WV,1026,19129,20155
54067,Nicholas County,,WV,1087,27117,28204
54069,Ohio County,,WV,3259,49664,52923
54071,Pendleton County,,WV,355,8485,8840
54073,Pleasants County,,WV,448,8158,8606
54075,Pocahontas County,,WV,468,9421,9889
54077,Preston County,,WV,1371,35207,36578
54079,Putnam County,,WV,4295,66126,70421
54081,Raleigh County,,WV,4075,81158,85233
54083,Randolph County,,WV,1382,31198,32580
54085,Ritchie County,,WV,471,10824,11295
54087,Roane County,,WV,636,14518,15154
54089,Summers County,,WV,658,11141,11799
54091,Taylor County,,WV,1449,18089,19538
54093,Tucker County,,WV,295,7935,8230
54095,Tyler County,,WV,584,9671,10255
54097,Upshur County,,WV,1320,25589,26909
54099,Wayne County,,WV,2186,40574,42760
54101,Webster County,,WV,363,8209,8572
54103,Wetzel County,,WV,900,17917,18817
54105,Wirt County,,WV,294,6001,6295
54107,Wood County,,WV,4080,98137,102217
54109,Wyoming County,,WV,813,21063,21876
55001,Adams County,,WI,1628,20880,22508
55003,Ashland County,,WI,1016,18257,19273
55005,Barron County,,WI,2960,55645,58605
55007,Bayfield County,,WI,1074,18625,19699
55009,Brown County,,WI,13630,319800,333430
55011,Buffalo County,,WI,1006,16600,17606
55013,Burnett County,,WI,1041,18487,19528
55015,Calumet County,,WI,4334,61626,65960
55017,Chippewa County,,WI,4405,75534,79939
55019,Clark County,,WI,2004,41132,43136
55021,Columbia County,,WI,4787,71706,76493
55023,Crawford County,,WI,839,19093,19932
55025,Dane County,,WI,33651,621684,655335
55027,Dodge County,,WI,6115,105183,111298
55029,Door County,,WI,1722,37226,38948
55031,Douglas County,,WI,2536,49505,52041
55033,Dunn County,,WI,3222,46049,49271
55035,Eau Claire County,,WI,7580,112767,120347
55037,Florence County,,WI,223,5339,5562
55039,Fond du Lac County,,WI,5657,125903,131560
55041,Forest County,,WI,459,10579,11038
55043,Grant County,,WI,3038,57134,60172
55045,Green County,,WI,2505,47412,49917
55047,Green Lake County,,WI,1545,23032,24577
55049,Iowa County,,WI,1683,29679,31362
55051,Iron County,,WI,359,7095,7454
55053,Jackson County,,WI,1213,22921,24134
55055,Jefferson County,,WI,6472,101258,107730
55057,Juneau County,,WI,1839,29444,31283
55059,Kenosha County,,WI,11920,195474,207394
55061,Kewaunee County,,WI,1185,25599,26784
55063,La Crosse County,,WI,6781,133680,140461
55065,Lafayette County,,WI,1172,21979,23151
55067,Langlade County,,WI,1139,23568,24707
55069,Lincoln County,,WI,1635,35086,36721
55071,Manitowoc County,,WI,3736,101273,105009
55073,Marathon County,,WI,7192,169474,176666
55075,Marinette County,,WI,2645,49277,51922
55077,Marquette County,,WI,1247,18345,19592
55078,Menominee County,,WI,221,4368,4589
55079,Milwaukee County,,WI,53175,1079830,1133005
55081,Monroe County,,WI,3225,53679,56904
55083,Oconto County,,WI,2319,46279,48598
55085,Oneida County,,WI,2742,45864,48606
55087,Outagamie County,,WI,13365,227194,240559
55089,Ozaukee County,,WI,6233,112936,119169
55091,Pepin County,,WI,528,8749,9277
55093,Pierce County,,WI,3330,45500,48830
55095,Polk County,,WI,2637,53190,55827
55097,Portage County,,WI,4297,81505,85802
55099,Price County,,WI,742,17087,17829
55101,Racine County,,WI,11566,236323,247889
55103,Richland County,,WI,1086,19942,21028
55105,Rock County,,WI,8521,194743,203264
55107,Rusk County,,WI,893,16458,17351
55109,St. Croix County,,WI,5942,107425,113367
55111,Sauk County,,WI,4750,79254,84004
55113,Sawyer County,,WI,1237,20044,21281
55115,Shawano County,,WI,2646,49235,51881
55117,Sheboygan County,,WI,5146,145909,151055
55119,Taylor County,,WI,1172,23437,24609
55121,Trempealeau County,,WI,2212,39241,41453
55123,Vernon County,,WI,1809,35151,36960
55125,Vilas County,,WI,1569,26601,28170
55127,Walworth County,,WI,7359,118902,126261
55129,Washburn County,,WI,1338,19943,21281
55131,Washington County,,WI,8149,172259,180408
55133,Waukesha County,,WI,26305,508844,535149
55135,Waupaca County,,WI,3499,62998,66497
55137,Waushara County,,WI,1727,27515,29242
55139,Winnebago County,,WI,12002,197573,209575
55141,Wood County,,WI,4518,92337,96855
56001,Albany County,,WY,4930,33006,37936
56003,Big Horn County,,WY,966,13160,14126
56005,Campbell County,,WY,4227,56455,60682
56007,Carbon County,,WY,1957,17537,19494
56009,Converse County,,WY,1499,16617,18116
56011,Crook County,,WY,756,8237,8993
56013,Fremont County,,WY,3196,45693,48889
56015,Goshen County,,WY,933,14210,15143
56017,Hot Springs County,,WY,540,5389,5929
56019,Johnson County,,WY,793,10151,10944
56021,Laramie County,,WY,10463,111254,121717
56023,Lincoln County,,WY,1720,20879,22599
56025,Natrona County,,WY,6780,93794,100574
56027,Niobrara County,,WY,178,2712,2890
56029,Park County,,WY,2789,35761,38550
56031,Platte County,,WY,728,10311,11039
56033,Sheridan County,,WY,2471,35300,37771
56035,Sublette County,,WY,1119,10636,11755
56037,Sweetwater County,,WY,4605,53639,58244
56039,Teton County,,WY,2404,31536,33940
56041,Uinta County,,WY,1812,25132,26944
56043,Washakie County,,WY,650,9889,10539
56045,Weston County,,WY,494,8274,8768
