Id,Label,timeset,state,totalmig,totalnonmig,population,indegree,outdegree,Degree,weighted indegree,weighted outdegree,Weighted Degree,Eccentricity,closnesscentrality,harmonicclosnesscentrality,betweenesscentrality,Authority,Hub,modularity_class,pageranks,componentnumber,strongcompnum,clustering,eigencentrality
1001,Autauga County,,AL,6081,56309,62390,15,15,30,3813,3379,7192,6,0.332499,0.352257,878.794288,0.002492,0.005262,0,0.000268,0,28,0.471429,0.021131
1003,Baldwin County,,AL,11109,180725,191834,52,41,93,7795,5831,13626,6,0.356412,0.383191,8368.926954,0.020673,0.012198,0,0.000731,0,28,0.432547,0.159224
1005,Barbour County,,AL,1813,27453,29266,9,11,20,689,1010,1699,6,0.28213,0.296386,6274.707136,0.001271,0.000637,0,0.000245,0,28,0.386364,0.009942
1007,Bibb County,,AL,1553,21945,23498,5,4,9,1107,1109,2216,6,0.289591,0.302286,1.179021,0.000594,0.000616,0,0.00013,0,28,0.65,0.005141
1009,Blount County,,AL,3398,58236,61634,8,10,18,3230,2535,5765,6,0.290772,0.304765,5.365559,0.000817,0.001082,0,0.000191,0,28,0.788889,0.008234
1011,Bullock County,,AL,652,9683,10335,4,4,8,316,369,685,6,0.277104,0.289067,1.342857,0.000246,0.000223,0,0.000124,0,28,0.75,0.002087
1013,Butler County,,AL,1178,23080,24258,5,4,9,485,504,989,6,0.277078,0.28901,3.345833,0.000253,0.000214,0,0.000123,0,28,0.6,0.002109
1015,Calhoun County,,AL,6888,128353,135241,21,23,44,3736,3879,7615,6,0.314476,0.333339,7963.405266,0.004193,0.004908,0,0.000412,0,28,0.456522,0.035073
1017,Chambers County,,AL,2707,39392,42099,8,7,15,1494,1757,3251,6,0.281913,0.295531,54.197085,0.000392,0.000534,18,0.000204,0,28,0.555556,0.003378
1019,Cherokee County,,AL,1405,25699,27104,5,5,10,700,790,1490,7,0.240619,0.2496,26.879625,0.000089,0.000083,0,0.000144,0,28,0.55,0.001189
1021,Chilton County,,AL,2566,44913,47479,8,10,18,1631,1669,3300,6,0.291787,0.306019,15.921202,0.000815,0.001036,0,0.000181,0,28,0.681818,0.006877
1023,Choctaw County,,AL,712,15227,15939,2,5,7,92,255,347,7,0.277525,0.289806,14.746631,0.000031,0.000337,0,0.000081,0,28,0.433333,0.000432
1025,Clarke County,,AL,1551,30256,31807,7,9,16,658,840,1498,6,0.28243,0.29605,1549.51271,0.000557,0.000683,0,0.000159,0,28,0.458333,0.005237
1027,Clay County,,AL,963,16467,17430,5,4,9,536,533,1069,7,0.239456,0.247822,18.71717,0.000431,0.000051,0,0.000141,0,28,0.65,0.003723
1029,Cleburne County,,AL,962,14929,15891,4,4,8,610,562,1172,7,0.240559,0.249555,3.232143,0.000094,0.000096,18,0.000126,0,28,0.666667,0.001162
1031,Coffee County,,AL,5285,48318,53603,18,17,35,2948,2637,5585,6,0.322916,0.341678,1245.597219,0.00393,0.003919,0,0.000276,0,28,0.444737,0.028842
1033,Colbert County,,AL,3474,61355,64829,10,10,20,2333,2318,4651,6,0.290945,0.305022,630.61262,0.001336,0.000928,0,0.000252,0,28,0.536364,0.011529
1035,Conecuh County,,AL,1025,14566,15591,4,7,11,466,580,1046,6,0.287258,0.301938,1.88327,0.000262,0.000811,0,0.000106,0,28,0.714286,0.002107
1037,Coosa County,,AL,1011,11683,12694,3,3,6,670,686,1356,7,0.230001,0.237773,0,0.000035,0.000042,0,0.000109,0,28,1,0.000662
1039,Covington County,,AL,2196,39082,41278,11,15,26,1013,1210,2223,6,0.299529,0.315532,363.290197,0.001107,0.001706,0,0.000228,0,28,0.419048,0.008659
1041,Crenshaw County,,AL,993,15079,16072,5,6,11,574,626,1200,6,0.277446,0.289808,3.45221,0.000282,0.000277,0,0.000131,0,28,0.6,0.002385
1043,Cullman County,,AL,3599,87010,90609,13,12,25,2498,2154,4652,6,0.290569,0.30468,44.960841,0.001243,0.001037,0,0.000276,0,28,0.57619,0.012225
1045,Dale County,,AL,7538,49463,57001,21,23,44,3416,4114,7530,6,0.333181,0.354896,5746.726156,0.00609,0.007245,0,0.000331,0,28,0.481667,0.047099
1047,Dallas County,,AL,2376,48154,50530,7,12,19,905,1422,2327,6,0.293074,0.307758,3166.421211,0.000666,0.001257,0,0.00015,0,28,0.568182,0.005211
1049,DeKalb County,,AL,3616,72791,76407,12,10,22,2008,2198,4206,6,0.2924,0.307051,974.394452,0.001121,0.0011,0,0.000281,0,28,0.423077,0.010731
1051,Elmore County,,AL,7532,82138,89670,22,16,38,5451,4727,10178,6,0.298367,0.31535,3965.083483,0.003388,0.002264,0,0.000399,0,28,0.411232,0.028638
1053,Escambia County,,AL,2107,38356,40463,8,8,16,1206,1153,2359,6,0.287541,0.302479,20.829447,0.00115,0.001191,0,0.000151,0,28,0.732143,0.009529
1055,Etowah County,,AL,5305,112077,117382,16,12,28,3356,3217,6573,6,0.292605,0.307473,862.015903,0.001948,0.001301,0,0.000315,0,28,0.5625,0.017391
1057,Fayette County,,AL,1042,18529,19571,4,5,9,529,630,1159,6,0.289648,0.302485,35.561357,0.000093,0.000459,0,0.000135,0,28,0.75,0.001062
1059,Franklin County,,AL,1627,33329,34956,8,9,17,1043,1076,2119,6,0.290022,0.303597,1186.223957,0.000412,0.000434,0,0.00024,0,28,0.458333,0.003915
1061,Geneva County,,AL,1845,26505,28350,7,5,12,1217,1071,2288,7,0.253908,0.264271,4.363998,0.00045,0.000172,0,0.000155,0,28,0.666667,0.00381
1063,Greene County,,AL,692,9911,10603,2,4,6,240,451,691,6,0.28962,0.302343,0,0.000086,0.000455,0,0.000089,0,28,0.833333,0.000825
1065,Hale County,,AL,1192,19047,20239,4,3,7,876,765,1641,7,0.265071,0.275221,95.168475,0.000095,0.00008,0,0.000124,0,28,0.666667,0.001009
1067,Henry County,,AL,1287,18461,19748,3,3,6,764,728,1492,7,0.25393,0.263918,0,0.000099,0.000137,0,0.000099,0,28,1,0.001283
1069,Houston County,,AL,7169,106940,114109,33,24,57,4671,3899,8570,6,0.319633,0.340082,7729.776847,0.010146,0.004798,0,0.000511,0,28,0.418168,0.072669
1071,Jackson County,,AL,2507,58205,60712,8,7,15,1609,1493,3102,6,0.292079,0.306179,212.21749,0.000844,0.00103,0,0.000216,0,28,0.553571,0.00843
1073,Jefferson County,,AL,38852,724515,763367,140,123,263,28184,31182,59366,5,0.406902,0.44389,109998.090449,0.047902,0.047876,0,0.001963,0,28,0.309804,0.358689
1075,Lamar County,,AL,916,16319,17235,5,5,10,443,518,961,7,0.26691,0.277945,87.347304,0.00012,0.000097,0,0.000155,0,28,0.45,0.001259
1077,Lauderdale County,,AL,4904,97278,102182,13,14,27,2712,2867,5579,6,0.30637,0.322127,4060.220897,0.00211,0.002078,0,0.000304,0,28,0.479167,0.017851
1079,Lawrence County,,AL,1972,38098,40070,7,6,13,1318,1376,2694,6,0.280803,0.292892,7.173154,0.000334,0.000479,0,0.000191,0,28,0.738095,0.004306
1081,Lee County,,AL,11503,124085,135588,36,37,73,7552,6810,14362,6,0.353482,0.379349,7465.878601,0.007136,0.012056,18,0.000615,0,28,0.385354,0.057327
1083,Limestone County,,AL,4513,80983,85496,13,11,24,4231,2875,7106,6,0.304171,0.318969,270.514794,0.002238,0.001652,0,0.000289,0,28,0.5,0.019465
1085,Lowndes County,,AL,1170,14681,15851,3,5,8,666,900,1566,6,0.27713,0.289238,2.7,0.00024,0.000255,0,0.000099,0,28,0.65,0.001868
1087,Macon County,,AL,1727,22414,24141,8,6,14,1007,984,1991,6,0.281804,0.295189,27.736543,0.000394,0.000518,18,0.000192,0,28,0.533333,0.003284
1089,Madison County,,AL,18832,359415,378247,126,79,205,16197,11789,27986,5,0.389555,0.422002,37993.505088,0.052802,0.034478,0,0.001589,0,28,0.399183,0.386338
1091,Marengo County,,AL,1392,23953,25345,8,9,17,520,729,1249,6,0.292957,0.307188,1834.513213,0.000702,0.000889,0,0.000203,0,28,0.411111,0.00574
1093,Marion County,,AL,1737,30460,32197,7,10,17,838,1011,1849,6,0.290858,0.304879,209.500398,0.000399,0.000902,0,0.000202,0,28,0.477778,0.003675
1095,Marshall County,,AL,5549,96406,101955,12,13,25,3495,3549,7044,6,0.291206,0.305905,57.456914,0.00161,0.001194,0,0.000261,0,28,0.533333,0.014667
1097,Mobile County,,AL,17661,440968,458629,74,64,138,10980,10491,21471,6,0.378511,0.40912,27632.560504,0.029351,0.026315,0,0.00103,0,28,0.410944,0.221122
1099,Monroe County,,AL,1347,25151,26498,7,8,15,563,652,1215,6,0.296311,0.311303,31.944048,0.000964,0.001336,0,0.000143,0,28,0.714286,0.007823
1101,Montgomery County,,AL,21384,247977,269361,79,82,161,12457,15256,27713,5,0.382973,0.416108,60440.809652,0.02577,0.029292,0,0.001128,0,28,0.323852,0.195596
1103,Morgan County,,AL,7075,130972,138047,16,15,31,4256,4350,8606,6,0.305347,0.321278,495.917761,0.002396,0.002175,0,0.000337,0,28,0.526144,0.021132
1105,Perry County,,AL,742,11732,12474,3,6,9,193,492,685,6,0.291525,0.305079,77.061747,0.000017,0.000661,0,0.000115,0,28,0.595238,0.00037
1107,Pickens County,,AL,997,22558,23555,3,2,5,532,560,1092,7,0.266642,0.277005,2.999782,0.000484,0.000093,0,0.000098,0,28,0.833333,0.003825
1109,Pike County,,AL,2337,28714,31051,11,12,23,1090,1304,2394,6,0.292458,0.307159,145.045749,0.00105,0.001011,0,0.000224,0,28,0.538462,0.008855
1111,Randolph County,,AL,1166,23576,24742,9,8,17,719,569,1288,7,0.26236,0.273898,124.797859,0.000326,0.000179,18,0.000229,0,28,0.344444,0.003652
1113,Russell County,,AL,6312,52154,58466,8,12,20,4244,4249,8493,6,0.324384,0.342077,467.711048,0.001156,0.003671,18,0.000178,0,28,0.505495,0.009305
1115,St. Clair County,,AL,5355,82143,87498,10,13,23,5222,3701,8923,6,0.292605,0.307558,16.328521,0.000934,0.001491,0,0.00022,0,28,0.692308,0.009246
1117,Shelby County,,AL,15900,198940,214840,56,47,103,14694,11262,25956,6,0.360854,0.388344,9915.34525,0.020622,0.01631,0,0.000831,0,28,0.426683,0.158777
1119,Sumter County,,AL,804,14269,15073,5,4,9,294,366,660,6,0.290569,0.303711,28.550057,0.000488,0.000481,0,0.000132,0,28,0.55,0.004106
1121,Talladega County,,AL,4964,85735,90699,12,15,27,3104,3444,6548,6,0.292693,0.307986,1878.130558,0.001094,0.001382,0,0.000279,0,28,0.525,0.010527
1123,Tallapoosa County,,AL,2526,44774,47300,10,10,20,1601,1527,3128,6,0.291525,0.30562,1336.704143,0.00086,0.000838,0,0.000251,0,28,0.481818,0.007367
1125,Tuscaloosa County,,AL,10364,185417,195781,46,35,81,7092,5930,13022,6,0.36032,0.386537,26040.299434,0.009543,0.010117,0,0.000811,0,28,0.283019,0.072958
1127,Walker County,,AL,3036,69970,73006,10,9,19,1958,1829,3787,6,0.289964,0.303568,124.936267,0.000718,0.000795,0,0.000227,0,28,0.555556,0.007082
1129,Washington County,,AL,1114,18520,19634,4,4,8,680,713,1393,7,0.275148,0.286757,128.359002,0.000309,0.000396,0,0.000108,0,28,0.4,0.00334
1131,Wilcox County,,AL,735,13904,14639,2,6,8,173,421,594,6,0.292693,0.306418,5.384548,0.000015,0.00082,0,0.000076,0,28,0.733333,0.000266
1133,Winston County,,AL,1574,25318,26892,6,6,12,716,924,1640,6,0.28962,0.302571,5.091675,0.000416,0.000415,0,0.000164,0,28,0.633333,0.003752
2013,Aleutians East Borough,,AK,269,1713,1982,0,1,1,0,51,51,7,0.287498,0.299958,0,0,0.000368,6,0.00005,0,29,0,0
2016,Aleutians West Census Area,,AK,958,4277,5235,1,2,3,57,304,361,6,0.313734,0.328517,0,0.000358,0.001218,6,0.000063,0,28,1,0.002903
2020,Anchorage Municipality,,AK,28397,303939,332336,139,138,277,16418,18811,35229,6,0.403366,0.441781,96717.846038,0.047084,0.045848,6,0.002039,0,28,0.276925,0.360486
2050,Bethel Census Area,,AK,1066,17016,18082,3,5,8,336,650,986,7,0.289907,0.303292,4.525,0.000393,0.000562,6,0.000119,0,28,0.7,0.003462
2060,Bristol Bay Borough,,AK,-2,-2,-4,0,0,0,0,0,0,0,0,0,0,0,0,1,0.00005,1,30,0,0
2068,Denali Borough,,AK,294,2260,2554,2,2,4,83,106,189,7,0.289821,0.302779,0,0.00054,0.000487,6,0.000071,0,28,1,0.003929
2070,Dillingham Census Area,,AK,460,4785,5245,1,1,2,75,143,218,7,0.287456,0.299889,0,0.000358,0.000368,6,0.000063,0,28,0,0.002903
2090,Fairbanks North Star Borough,,AK,14179,100257,114436,44,70,114,4466,7046,11512,6,0.373913,0.405409,10681.87111,0.015245,0.023279,6,0.000659,0,28,0.348421,0.1199
2100,Haines Borough,,AK,229,2648,2877,0,0,0,0,0,0,0,0,0,0,0,0,2,0.00005,2,31,0,0
2105,Hoonah-Angoon Census Area,,AK,208,2138,2346,0,1,1,0,60,60,7,0.240563,0.247415,0,0,0.000032,6,0.00005,0,32,0,0
2110,Juneau City and Borough,,AK,2345,33469,35814,11,8,19,751,600,1351,6,0.316656,0.332894,5959.181004,0.004044,0.002972,6,0.000273,0,28,0.472527,0.031023
2122,Kenai Peninsula Borough,,AK,4240,57686,61926,9,6,15,1644,1367,3011,6,0.315052,0.330717,45.157462,0.003386,0.001776,6,0.00017,0,28,0.563636,0.026723
2130,Ketchikan Gateway Borough,,AK,1465,14787,16252,4,4,8,223,366,589,6,0.313835,0.328916,2997.473395,0.001135,0.00125,6,0.000138,0,28,0.583333,0.009562
2150,Kodiak Island Borough,,AK,1828,14967,16795,3,6,9,225,536,761,6,0.320825,0.336639,0.419341,0.00195,0.002063,6,0.00008,0,28,0.660714,0.01484
2164,Lake and Peninsula Borough,,AK,181,1512,1693,1,1,2,50,75,125,7,0.287456,0.299889,0,0.000358,0.000368,6,0.000063,0,28,0,0.002903
2170,Matanuska-Susitna Borough,,AK,6178,83856,90034,17,13,30,4792,2798,7590,6,0.335513,0.355267,1153.462208,0.005767,0.004103,6,0.000321,0,28,0.434211,0.046261
2180,Nome Census Area,,AK,654,8847,9501,1,3,4,133,322,455,7,0.289849,0.30295,0,0.000358,0.000532,6,0.000063,0,28,1,0.002903
2185,North Slope Borough,,AK,530,6610,7140,1,2,3,118,269,387,7,0.289821,0.302779,0,0.000358,0.000487,6,0.000063,0,28,1,0.002903
2188,Northwest Arctic Borough,,AK,537,6682,7219,1,2,3,138,225,363,7,0.287484,0.30006,0,0.000358,0.000413,6,0.000063,0,28,1,0.002903
2195,Petersburg Census Area,,AK,0,0,0,0,0,0,0,0,0,0,0,0,0,0,0,3,0.00005,3,33,0,0
2220,Sitka City and Borough,,AK,828,9431,10259,1,2,3,75,121,196,7,0.287484,0.30006,0,0.000358,0.0004,6,0.000063,0,28,1,0.002903
2230,Skagway Municipality,,AK,178,1175,1353,0,0,0,0,0,0,0,0,0,0,0,0,4,0.00005,4,34,0,0
2240,Southeast Fairbanks Census Area,,AK,888,7657,8545,3,3,6,218,320,538,7,0.289849,0.30295,0,0.000572,0.000532,6,0.000092,0,28,1,0.00438
2261,Valdez-Cordova Census Area,,AK,1195,10620,11815,1,4,5,180,514,694,7,0.289878,0.303121,0,0.000358,0.000559,6,0.000063,0,28,1,0.002903
2270,Wade Hampton Census Area,,AK,407,7237,7644,2,2,4,171,233,404,7,0.287484,0.30006,0,0.000363,0.000371,6,0.000083,0,28,1,0.003016
2282,Yakutat City and Borough,,AK,81,531,612,0,0,0,0,0,0,0,0,0,0,0,0,5,0.00005,5,35,0,0
2290,Yukon-Koyukuk Census Area,,AK,650,5719,6369,2,2,4,209,386,595,7,0.289821,0.302779,0,0.00054,0.000487,6,0.000071,0,28,1,0.003929
4001,Apache County,,AZ,6927,63974,70901,14,14,28,6006,5524,11530,6,0.3387,0.359006,31.692297,0.00513,0.005585,6,0.000226,0,28,0.675,0.041276
4003,Cochise County,,AZ,14055,127679,141734,44,52,96,6845,7647,14492,6,0.369892,0.398917,1094.075501,0.020191,0.023628,6,0.000512,0,28,0.55903,0.150017
4005,Coconino County,,AZ,13415,128344,141759,27,34,61,7983,8793,16776,6,0.348012,0.372606,1906.442385,0.011119,0.014665,6,0.000392,0,28,0.637302,0.08484
4007,Gila County,,AZ,3961,53486,57447,11,7,18,2675,2436,5111,6,0.331858,0.349823,4.127107,0.005,0.002386,6,0.000187,0,28,0.854545,0.039063
4009,Graham County,,AZ,1970,28824,30794,10,8,18,1881,1160,3041,6,0.332159,0.350222,35.389493,0.002306,0.002515,6,0.000209,0,28,0.711111,0.020056
4011,Greenlee County,,AZ,871,8060,8931,5,3,8,415,503,918,6,0.331632,0.349025,0,0.000958,0.001802,6,0.000129,0,28,0.866667,0.008932
4012,La Paz County,,AZ,1598,15254,16852,5,7,12,693,752,1445,6,0.335014,0.353642,0,0.003422,0.003772,6,0.000094,0,28,1,0.025687
4013,Maricopa County,,AZ,189022,3959276,4148298,613,553,1166,186561,166309,352870,5,0.495006,0.56128,821060.691335,0.137219,0.130958,6,0.007688,0,28,0.085252,1
4015,Mohave County,,AZ,15725,190734,206459,34,46,80,9532,9322,18854,6,0.354768,0.382598,288.569239,0.015801,0.018993,6,0.000407,0,28,0.589099,0.118153
4017,Navajo County,,AZ,8162,100098,108260,18,19,37,6613,5998,12611,6,0.339093,0.36006,150.941728,0.007309,0.006701,6,0.000265,0,28,0.658103,0.056999
4019,Pima County,,AZ,50179,999670,1049849,232,195,427,39520,36084,75604,5,0.433314,0.474111,45181.343324,0.091047,0.076095,6,0.002512,0,28,0.278216,0.641146
4021,Pinal County,,AZ,23314,242023,265337,82,37,119,36331,16881,53212,6,0.358773,0.384496,1411.744996,0.035792,0.01786,6,0.000916,0,28,0.51067,0.260961
4023,Santa Cruz County,,AZ,2782,51967,54749,5,5,10,1665,1880,3545,6,0.339645,0.358442,0,0.003857,0.003971,6,0.000098,0,28,1,0.029471
4025,Yavapai County,,AZ,15450,217390,232840,43,43,86,11216,8913,20129,6,0.353738,0.37993,401.268842,0.020493,0.018395,6,0.000529,0,28,0.641234,0.157317
4027,Yuma County,,AZ,12118,207742,219860,47,39,86,8614,6655,15269,6,0.357283,0.383225,244.379339,0.022301,0.019126,6,0.00053,0,28,0.662963,0.172117
5001,Arkansas County,,AR,1272,20929,22201,5,7,12,418,621,1039,7,0.288306,0.300493,708.956559,0.000335,0.00039,0,0.000158,0,28,0.642857,0.003118
5003,Ashley County,,AR,1181,23999,25180,6,6,12,441,450,891,7,0.290195,0.302808,86.470211,0.000403,0.000343,0,0.000163,0,28,0.433333,0.003283
5005,Baxter County,,AR,2888,44160,47048,12,11,23,1014,1012,2026,7,0.294936,0.309106,16058.10613,0.003068,0.000847,46,0.000332,0,28,0.342857,0.02523
5007,Benton County,,AR,15791,220794,236585,75,52,127,13815,9214,23029,6,0.375739,0.404303,33313.870604,0.029227,0.018882,0,0.001188,0,28,0.389815,0.222379
5009,Boone County,,AR,2685,38710,41395,10,9,19,1176,1218,2394,7,0.281073,0.293985,10418.763006,0.000479,0.00056,46,0.000392,0,28,0.3,0.005704
5011,Bradley County,,AR,846,11628,12474,2,5,7,159,329,488,7,0.288477,0.300436,1583.545922,0.000293,0.000291,0,0.000088,0,28,0.3,0.00242
5013,Calhoun County,,AR,388,5428,5816,2,2,4,103,117,220,7,0.240046,0.247605,0.333333,0.000006,0.000006,0,0.000086,0,28,0.5,0.000218
5015,Carroll County,,AR,1916,27330,29246,7,6,13,777,760,1537,7,0.276894,0.28845,29.534641,0.000457,0.000369,0,0.000222,0,28,0.619048,0.004811
5017,Chicot County,,AR,1025,11687,12712,5,6,11,297,494,791,7,0.289763,0.302146,43.579959,0.000335,0.000343,0,0.00014,0,28,0.533333,0.00284
5019,Clark County,,AR,1879,21558,23437,8,8,16,737,852,1589,7,0.288705,0.30132,4286.353717,0.000386,0.000441,0,0.000257,0,28,0.377778,0.00398
5021,Clay County,,AR,1205,17227,18432,5,5,10,562,616,1178,7,0.251009,0.260529,52.701771,0.000041,0.00002,0,0.000182,0,28,0.65,0.000698
5023,Cleburne County,,AR,1724,26003,27727,7,8,15,846,797,1643,7,0.291729,0.304187,2370.003264,0.000984,0.000482,0,0.000217,0,28,0.555556,0.007794
5025,Cleveland County,,AR,925,9503,10428,3,4,7,430,498,928,7,0.288192,0.299923,140.098732,0.000038,0.000321,0,0.000105,0,28,0.4,0.000587
5027,Columbia County,,AR,1688,24442,26130,6,9,15,456,748,1204,6,0.324564,0.343559,3913.227802,0.000309,0.00222,0,0.000185,0,28,0.311111,0.002859
5029,Conway County,,AR,1579,21831,23410,5,6,11,770,985,1755,7,0.288278,0.300322,16.294059,0.000339,0.000353,0,0.000171,0,28,0.7,0.003267
5031,Craighead County,,AR,6441,92260,98701,26,27,53,4732,3680,8412,6,0.329799,0.351129,23637.077474,0.001447,0.003962,0,0.000658,0,28,0.251613,0.01418
5033,Crawford County,,AR,4714,62478,67192,13,11,24,3429,3214,6643,6,0.323774,0.34267,1892.341076,0.001738,0.00185,0,0.00031,0,28,0.5,0.014618
5035,Crittenden County,,AR,3787,54511,58298,9,10,19,2205,2064,4269,6,0.30968,0.324749,20.341392,0.001052,0.001042,0,0.000211,0,28,0.581818,0.008395
5037,Cross County,,AR,1397,19354,20751,6,7,13,742,691,1433,6,0.309582,0.324236,10.144979,0.000974,0.000901,0,0.000155,0,28,0.809524,0.007302
5039,Dallas County,,AR,596,8408,9004,3,2,5,184,109,293,7,0.288107,0.299524,1.741667,0.000009,0.000288,0,0.00012,0,28,0.5,0.000333
5041,Desha County,,AR,1089,13987,15076,5,6,11,453,578,1031,7,0.288306,0.300322,97.007973,0.000331,0.000368,0,0.000148,0,28,0.666667,0.003016
5043,Drew County,,AR,1390,18407,19797,7,7,14,584,573,1157,7,0.288591,0.300835,110.725431,0.000336,0.000332,0,0.000184,0,28,0.52381,0.003232
5045,Faulkner County,,AR,8476,105930,114406,34,21,55,6358,4955,11313,6,0.332462,0.354765,4579.269991,0.005384,0.004641,0,0.000732,0,28,0.282531,0.046048
5047,Franklin County,,AR,1264,18148,19412,5,4,9,698,754,1452,7,0.257939,0.267685,23.111877,0.000219,0.000057,0,0.000151,0,28,0.85,0.001987
5049,Fulton County,,AR,852,11298,12150,5,5,10,409,362,771,8,0.228046,0.235218,542.517816,0.00001,0.000026,0,0.000194,0,28,0.35,0.000689
5051,Garland County,,AR,5936,100162,106098,28,24,52,3341,2967,6308,6,0.353524,0.377685,19480.494625,0.009123,0.007511,0,0.000638,0,28,0.391398,0.073832
5053,Grant County,,AR,1686,19273,20959,6,6,12,1182,1012,2194,7,0.288334,0.300408,2.359645,0.000418,0.000481,0,0.000186,0,28,0.833333,0.004179
5055,Greene County,,AR,2364,42524,44888,8,8,16,1350,1352,2702,7,0.288933,0.301508,1811.720664,0.000334,0.000318,0,0.000259,0,28,0.464286,0.003268
5057,Hempstead County,,AR,1686,22741,24427,6,10,16,605,870,1475,7,0.292079,0.305071,4558.198705,0.000361,0.000505,0,0.000207,0,28,0.322222,0.0032
5059,Hot Spring County,,AR,2314,32555,34869,5,5,10,1360,1370,2730,7,0.288306,0.300237,0.977778,0.000382,0.000406,0,0.000167,0,28,0.9,0.003693
5061,Howard County,,AR,941,14745,15686,5,6,11,406,463,869,7,0.288505,0.300693,298.838262,0.000028,0.000299,0,0.000198,0,28,0.4,0.000593
5063,Independence County,,AR,2454,37829,40283,8,11,19,1081,1258,2339,7,0.291875,0.304957,5488.17361,0.000339,0.000602,0,0.000346,0,28,0.445455,0.003301
5065,Izard County,,AR,814,12610,13424,4,5,9,320,333,653,8,0.228081,0.235332,145.217488,0.000012,0.000027,0,0.000169,0,28,0.4,0.000609
5067,Jackson County,,AR,1145,16308,17453,5,4,9,428,555,983,7,0.288505,0.300436,3.21251,0.000339,0.00031,0,0.000166,0,28,0.75,0.00296
5069,Jefferson County,,AR,5404,80860,86264,17,19,36,2515,3259,5774,6,0.331256,0.352884,8609.445625,0.004535,0.004189,0,0.000377,0,28,0.435714,0.03737
5071,Johnson County,,AR,1553,25234,26787,4,7,11,592,685,1277,7,0.274348,0.286039,54.414842,0.000077,0.000242,0,0.000148,0,28,0.809524,0.000915
5073,Lafayette County,,AR,507,7495,8002,3,2,5,187,138,325,7,0.245673,0.254003,5.977005,0.000023,0.000005,0,0.000102,0,28,0.333333,0.000348
5075,Lawrence County,,AR,1180,17244,18424,4,4,8,568,648,1216,7,0.248196,0.257092,4.964957,0.000034,0.000014,0,0.000167,0,28,0.666667,0.000547
5077,Lee County,,AR,650,8563,9213,2,5,7,147,321,468,6,0.309483,0.323837,0.7,0.000016,0.000884,0,0.000077,0,28,0.85,0.000288
5079,Lincoln County,,AR,861,11419,12280,4,5,9,338,496,834,7,0.288221,0.300094,2.116667,0.000041,0.000326,0,0.000133,0,28,0.75,0.000713
5081,Little River County,,AR,864,13587,14451,4,4,8,378,467,845,7,0.248407,0.257557,80.895523,0.000071,0.000048,148,0.000147,0,28,0.666667,0.000814
5083,Logan County,,AR,1631,23726,25357,8,7,15,814,898,1712,7,0.258167,0.268512,70.8206,0.00023,0.000077,0,0.000226,0,28,0.535714,0.002443
5085,Lonoke County,,AR,6386,68713,75099,17,13,30,5039,3747,8786,7,0.292283,0.305783,383.031964,0.001744,0.000875,0,0.000408,0,28,0.441176,0.016039
5087,Madison County,,AR,1107,16012,17119,3,3,6,842,668,1510,7,0.276684,0.287652,0,0.000284,0.000357,0,0.000118,0,28,1,0.003067
5089,Marion County,,AR,1261,16528,17789,2,2,4,483,486,969,8,0.227868,0.234363,0,0.000011,0.000028,46,0.000113,0,28,1,0.000435
5091,Miller County,,AR,3956,41891,45847,11,10,21,2794,2688,5482,6,0.320263,0.337671,4938.086905,0.00131,0.002867,148,0.000273,0,28,0.39011,0.011534
5093,Mississippi County,,AR,3044,49466,52510,9,9,18,1125,1387,2512,6,0.309976,0.324909,3178.467558,0.001921,0.000933,0,0.000236,0,28,0.466667,0.014497
5095,Monroe County,,AR,754,8791,9545,2,4,6,85,297,382,7,0.288192,0.299923,1.333333,0.000011,0.000306,0,0.000085,0,28,0.666667,0.000263
5097,Montgomery County,,AR,579,8693,9272,1,2,3,166,228,394,7,0.261258,0.270638,0,0.000059,0.000072,0,0.000073,0,28,1,0.000677
5099,Nevada County,,AR,857,9440,10297,2,3,5,239,347,586,8,0.226438,0.232864,2.325,0.000007,0.000008,0,0.000095,0,28,0.333333,0.000243
5101,Newton County,,AR,591,8394,8985,1,1,2,206,258,464,8,0.219421,0.225267,0,0.000004,0.000004,46,0.000087,0,28,0,0.000143
5103,Ouachita County,,AR,1782,27331,29113,6,9,15,556,778,1334,7,0.288733,0.301377,4109.732234,0.000322,0.000451,0,0.000218,0,28,0.344444,0.002808
5105,Perry County,,AR,958,10457,11415,5,6,11,499,670,1169,7,0.288249,0.300265,19.412669,0.00034,0.000393,0,0.000172,0,28,0.733333,0.00327
5107,Phillips County,,AR,1562,22158,23720,4,8,12,307,714,1021,6,0.309582,0.32435,1496.715403,0.000935,0.001009,0,0.000105,0,28,0.555556,0.006851
5109,Pike County,,AR,798,11376,12174,5,3,8,328,320,648,7,0.261445,0.271179,90.920541,0.000069,0.000075,0,0.000177,0,28,0.35,0.001106
5111,Poinsett County,,AR,1912,25004,26916,6,6,12,1071,1177,2248,6,0.307789,0.321711,59.366221,0.000688,0.000617,0,0.000168,0,28,0.733333,0.005194
5113,Polk County,,AR,1322,19962,21284,5,3,8,260,231,491,7,0.265601,0.27611,513.967147,0.000197,0.000112,0,0.000163,0,28,0.3,0.002148
5115,Pope County,,AR,4173,60133,64306,17,15,32,2439,2297,4736,7,0.292517,0.306325,1419.197578,0.002199,0.000885,0,0.00042,0,28,0.485294,0.019085
5117,Prairie County,,AR,586,8656,9242,4,4,8,257,340,597,7,0.288164,0.299866,0.5,0.000311,0.000312,0,0.000142,0,28,0.916667,0.002863
5119,Pulaski County,,AR,28929,409699,438628,111,101,212,19981,20937,40918,6,0.404482,0.438287,169568.733795,0.036486,0.037145,0,0.001872,0,28,0.307888,0.281511
5121,Randolph County,,AR,1133,18417,19550,4,4,8,441,455,896,7,0.248217,0.257092,1.450637,0.000034,0.000015,0,0.000165,0,28,0.833333,0.000547
5123,St. Francis County,,AR,2038,24837,26875,7,9,16,771,1236,2007,6,0.31037,0.325633,3804.879393,0.000977,0.001021,0,0.000165,0,28,0.555556,0.007345
5125,Saline County,,AR,7379,107032,114411,23,17,40,6739,4794,11533,6,0.330097,0.351465,2852.173759,0.005571,0.003327,0,0.000503,0,28,0.441667,0.046083
5127,Scott County,,AR,911,11529,12440,3,5,8,311,483,794,7,0.258304,0.268483,6.753458,0.000074,0.000064,0,0.000113,0,28,0.55,0.000711
5129,Searcy County,,AR,525,7530,8055,2,2,4,96,153,249,8,0.227744,0.234186,7.028735,0.000007,0.000006,46,0.000114,0,28,0,0.000257
5131,Sebastian County,,AR,9932,129588,139520,22,29,51,5917,6699,12616,6,0.347392,0.371711,18103.822519,0.00521,0.008785,0,0.000487,0,28,0.378788,0.043547
5133,Sevier County,,AR,937,15938,16875,4,6,10,280,367,647,7,0.249445,0.259289,47.271633,0.000007,0.000058,148,0.000184,0,28,0.433333,0.000463
5135,Sharp County,,AR,1575,17624,19199,5,5,10,592,643,1235,7,0.248365,0.257577,162.535415,0.000036,0.000014,0,0.000195,0,28,0.4,0.000642
5137,Stone County,,AR,679,11880,12559,3,1,4,179,66,245,8,0.225949,0.231718,0,0.000009,0.000003,0,0.000129,0,28,0.666667,0.000369
5139,Union County,,AR,2500,47388,49888,9,10,19,811,979,1790,6,0.31563,0.332951,3008.622934,0.000407,0.00147,0,0.000235,0,28,0.288462,0.003532
5141,Van Buren County,,AR,1239,16264,17503,5,6,11,481,593,1074,7,0.288363,0.300436,2539.231277,0.000333,0.000348,0,0.000192,0,28,0.533333,0.00314
5143,Washington County,,AR,17253,192335,209588,54,51,105,9431,11061,20492,6,0.376368,0.405227,33741.996171,0.015954,0.017055,0,0.001013,0,28,0.296131,0.12931
5145,White County,,AR,4983,74532,79515,22,15,37,3101,2717,5818,6,0.310865,0.327172,3644.804549,0.001384,0.001425,0,0.000531,0,28,0.363636,0.01297
5147,Woodruff County,,AR,580,7702,8282,1,3,4,98,268,366,7,0.288107,0.299638,0,0.000011,0.000299,0,0.00008,0,28,1,0.000217
5149,Yell County,,AR,1683,21264,22947,5,5,10,892,1026,1918,7,0.295085,0.307299,152.020101,0.000368,0.000447,0,0.000165,0,28,0.566667,0.003651
6001,Alameda County,,CA,100103,1592306,1692409,182,175,357,91034,90622,181656,5,0.415577,0.457131,13089.444558,0.082417,0.073717,6,0.001786,0,28,0.375243,0.582498
6003,Alpine County,,CA,183,1017,1200,0,1,1,0,72,72,7,0.254525,0.262523,0,0,0.000067,6,0.00005,0,36,0,0
6005,Amador County,,CA,2210,38601,40811,11,7,18,1613,1080,2693,6,0.299621,0.31433,0.076923,0.00444,0.001974,6,0.000149,0,28,0.972727,0.033383
6007,Butte County,,CA,11852,211024,222876,49,51,100,9096,8826,17922,6,0.344689,0.370355,993.495957,0.015904,0.016963,6,0.000533,0,28,0.65863,0.119654
6009,Calaveras County,,CA,3091,46911,50002,14,10,24,2446,1751,4197,6,0.300637,0.315988,3.329462,0.005804,0.003146,6,0.000177,0,28,0.909524,0.043209
6011,Colusa County,,CA,1502,25859,27361,6,6,12,686,821,1507,7,0.296672,0.309915,2.402998,0.001154,0.00112,6,0.000112,0,28,0.833333,0.008791
6013,Contra Costa County,,CA,60773,1121291,1182064,130,138,268,59933,53605,113538,6,0.401318,0.439563,5555.878909,0.060805,0.05995,6,0.001316,0,28,0.447815,0.4442
6015,Del Norte County,,CA,1550,23593,25143,8,8,16,579,603,1182,6,0.331331,0.34894,42.924068,0.003575,0.002267,6,0.000137,0,28,0.8,0.026808
6017,El Dorado County,,CA,12688,192856,205544,44,42,86,10349,9448,19797,6,0.349176,0.375103,285.904151,0.015856,0.017542,6,0.000464,0,28,0.743265,0.11878
6019,Fresno County,,CA,33557,922508,956065,73,85,158,24883,26645,51528,6,0.369565,0.403403,2537.750528,0.030102,0.03366,6,0.000786,0,28,0.54794,0.229134
6021,Glenn County,,CA,1726,30126,31852,6,6,12,924,946,1870,7,0.294788,0.308103,20.154917,0.002342,0.000945,6,0.000122,0,28,0.821429,0.018025
6023,Humboldt County,,CA,7610,127664,135274,40,45,85,4342,4620,8962,6,0.342991,0.367619,2764.728504,0.01497,0.015499,6,0.000439,0,28,0.690422,0.112163
6025,Imperial County,,CA,8721,200094,208815,22,23,45,7321,6729,14050,6,0.342991,0.364883,198.950159,0.01109,0.011149,6,0.000233,0,28,0.848333,0.081215
6027,Inyo County,,CA,1451,19965,21416,8,8,16,600,607,1207,6,0.336828,0.355592,2.85492,0.004872,0.004952,6,0.000116,0,28,0.930556,0.034064
6029,Kern County,,CA,36449,800231,836680,80,113,193,29923,27386,57309,6,0.379149,0.41551,2175.081275,0.032399,0.042165,6,0.000862,0,28,0.439496,0.248058
6031,Kings County,,CA,11042,134021,145063,34,38,72,6695,6862,13557,6,0.354038,0.379759,263.519768,0.014782,0.017702,6,0.000339,0,28,0.64518,0.106519
6033,Lake County,,CA,3477,59215,62692,20,16,36,2703,1963,4666,6,0.341429,0.361919,0.811191,0.009792,0.00765,6,0.000223,0,28,0.968379,0.073701
6035,Lassen County,,CA,1961,25792,27753,12,7,19,953,745,1698,6,0.327106,0.344773,389.345876,0.004489,0.002152,6,0.000195,0,28,0.712121,0.032521
6037,Los Angeles County,,CA,390780,10304247,10695027,460,531,991,265506,369966,635472,5,0.494336,0.558459,432230.29265,0.130413,0.132985,6,0.005147,0,28,0.109275,0.933594
6039,Madera County,,CA,7692,135770,143462,23,25,48,6316,5781,12097,6,0.342188,0.364085,324.524802,0.010281,0.011983,6,0.000243,0,28,0.925,0.074267
6041,Marin County,,CA,15373,244567,259940,48,45,93,11979,11433,23412,6,0.356759,0.38428,153.415066,0.02445,0.021905,6,0.000473,0,28,0.749832,0.182072
6043,Mariposa County,,CA,1459,18213,19672,10,5,15,781,521,1302,7,0.270315,0.283092,0.135747,0.004535,0.000651,6,0.000135,0,28,0.977778,0.033652
6045,Mendocino County,,CA,4487,90142,94629,24,21,45,2508,2473,4981,6,0.341669,0.362916,8.447882,0.009949,0.009121,6,0.000262,0,28,0.905983,0.075112
6047,Merced County,,CA,16101,251937,268038,30,42,72,11113,12811,23924,6,0.351738,0.377565,560.992803,0.012469,0.01694,6,0.000315,0,28,0.76412,0.091805
6049,Modoc County,,CA,609,8651,9260,2,2,4,101,106,207,7,0.258578,0.268632,0.279167,0.000204,0.00017,6,0.000074,0,28,0.666667,0.001797
6051,Mono County,,CA,1574,12422,13996,6,8,14,624,622,1246,6,0.334937,0.353283,0.267857,0.004236,0.004429,6,0.000101,0,28,0.928571,0.029975
6053,Monterey County,,CA,28106,442317,470423,87,101,188,17146,20648,37794,6,0.3791,0.414307,2215.893891,0.038047,0.041341,6,0.000894,0,28,0.480515,0.286179
6055,Napa County,,CA,8290,147510,155800,28,33,61,6423,6053,12476,6,0.343233,0.366365,3.645472,0.012248,0.014508,6,0.000283,0,28,0.91498,0.08948
6057,Nevada County,,CA,6612,105393,112005,28,30,58,4889,4417,9306,6,0.343354,0.366165,3099.104698,0.012109,0.01314,6,0.000291,0,28,0.83066,0.090262
6059,Orange County,,CA,161839,3272772,3434611,252,294,546,135941,148017,283958,5,0.447095,0.496922,44186.548368,0.09961,0.104131,6,0.002605,0,28,0.24018,0.706561
6061,Placer County,,CA,25107,361865,386972,62,62,124,27931,20242,48173,6,0.354854,0.384394,997.151964,0.023793,0.024218,6,0.000678,0,28,0.632298,0.182654
6063,Plumas County,,CA,1760,21982,23742,5,6,11,442,681,1123,7,0.295175,0.308815,0.393457,0.001068,0.001278,6,0.000111,0,28,0.857143,0.008302
6065,Riverside County,,CA,132285,2135566,2267851,200,229,429,131571,117375,248946,5,0.429621,0.475513,25410.258724,0.082299,0.081114,6,0.002111,0,28,0.273347,0.594216
6067,Sacramento County,,CA,81372,1503934,1585306,171,167,338,69183,71152,140335,6,0.417535,0.457644,28880.596767,0.068848,0.064551,6,0.001931,0,28,0.352817,0.514004
6069,San Benito County,,CA,4103,61188,65291,11,13,24,2695,2827,5522,6,0.339763,0.359639,0,0.00557,0.006385,6,0.000136,0,28,1,0.04063
6071,San Bernardino County,,CA,143583,2090451,2234034,196,271,467,116526,127490,244016,5,0.445324,0.493371,40705.012324,0.078493,0.088925,6,0.002113,0,28,0.237824,0.578896
6073,San Diego County,,CA,180703,3324495,3505198,450,491,941,149883,155826,305709,5,0.484347,0.547213,330044.135131,0.129267,0.129873,6,0.005,0,28,0.123605,0.922258
6075,San Francisco County,,CA,70166,828893,899059,150,120,270,62509,63296,125805,6,0.398148,0.435203,4928.576221,0.071734,0.058027,6,0.001432,0,28,0.49212,0.501317
6077,San Joaquin County,,CA,39881,708720,748601,64,88,152,30356,33786,64142,6,0.366462,0.400752,1629.60983,0.025597,0.033975,6,0.000674,0,28,0.507167,0.194285
6079,San Luis Obispo County,,CA,14844,267255,282099,45,52,97,12362,10863,23225,6,0.350936,0.37842,137.407086,0.019509,0.02144,6,0.000458,0,28,0.754386,0.147177
6081,San Mateo County,,CA,51389,780146,831535,105,101,206,47677,45588,93265,6,0.383526,0.418912,2256.360068,0.054096,0.047137,6,0.000998,0,28,0.536903,0.384796
6083,Santa Barbara County,,CA,24989,423054,448043,63,83,146,14967,18774,33741,6,0.37856,0.411428,2061.307052,0.028617,0.038886,6,0.000698,0,28,0.609848,0.219061
6085,Santa Clara County,,CA,95980,1969857,2065837,218,198,416,85244,85611,170855,5,0.421144,0.464979,22780.724617,0.090414,0.080936,6,0.002175,0,28,0.312002,0.631684
6087,Santa Cruz County,,CA,14885,274699,289584,44,57,101,10599,11711,22310,6,0.352799,0.380814,170.311403,0.017562,0.021401,6,0.000438,0,28,0.69026,0.131859
6089,Shasta County,,CA,9625,182378,192003,55,53,108,7451,6618,14069,6,0.348635,0.375541,8269.647682,0.017319,0.018426,6,0.000648,0,28,0.573733,0.131932
6091,Sierra County,,CA,294,3222,3516,1,1,2,44,77,121,7,0.276162,0.288638,0,0.000103,0.000259,6,0.000058,0,28,1,0.000777
6093,Siskiyou County,,CA,2561,45488,48049,13,12,25,1172,1099,2271,6,0.335014,0.353922,1.753731,0.004731,0.003777,6,0.000171,0,28,0.841912,0.03595
6095,Solano County,,CA,32287,450094,482381,72,87,159,22104,25409,47513,6,0.378904,0.411827,4093.035851,0.030508,0.036291,6,0.000765,0,28,0.500736,0.230941
6097,Sonoma County,,CA,21509,522866,544375,61,72,133,16790,16396,33186,6,0.361479,0.393029,721.233325,0.024037,0.028145,6,0.000649,0,28,0.58966,0.183675
6099,Stanislaus County,,CA,30663,544280,574943,51,79,130,20585,25298,45883,6,0.361926,0.394397,1814.070833,0.022243,0.030003,6,0.000552,0,28,0.578006,0.17083
6101,Sutter County,,CA,7693,97245,104938,22,24,46,5357,5713,11070,6,0.342629,0.364512,379.326632,0.007902,0.010829,6,0.000266,0,28,0.821429,0.059324
6103,Tehama County,,CA,3907,61323,65230,23,11,34,2981,2119,5100,6,0.332122,0.349989,88.533775,0.009741,0.002951,6,0.000278,0,28,0.809783,0.073278
6105,Trinity County,,CA,797,11230,12027,2,2,4,295,351,646,7,0.258899,0.26923,0,0.000265,0.000252,6,0.000069,0,28,1,0.002075
6107,Tulare County,,CA,17208,429209,446417,45,50,95,13309,12588,25897,6,0.357939,0.385961,161.569608,0.019151,0.021343,6,0.00046,0,28,0.72323,0.145367
6109,Tuolumne County,,CA,3190,57710,60900,18,15,33,2102,1664,3766,6,0.334937,0.35415,155.915089,0.008163,0.005606,6,0.000212,0,28,0.871053,0.059365
6111,Ventura County,,CA,45449,915570,961019,98,127,225,32302,35924,68226,6,0.394176,0.431817,2754.580498,0.048054,0.053644,6,0.000986,0,28,0.461442,0.35298
6113,Yolo County,,CA,17032,190572,207604,45,45,90,13357,13465,26822,6,0.353567,0.380261,522.516204,0.017778,0.018085,6,0.000446,0,28,0.764881,0.131493
6115,Yuba County,,CA,8772,66673,75445,27,25,52,6528,6012,12540,6,0.346036,0.368958,42.442566,0.012631,0.012087,6,0.000294,0,28,0.810345,0.093838
8001,Adams County,,CO,47295,449841,497136,79,73,152,43398,39071,82469,6,0.381723,0.412859,12203.198632,0.034587,0.029396,126,0.00109,0,28,0.462038,0.27138
8003,Alamosa County,,CO,1518,14768,16286,7,6,13,599,572,1171,6,0.312326,0.326168,8818.70332,0.001271,0.001766,126,0.000264,0,28,0.428571,0.011445
8005,Arapahoe County,,CO,64341,586653,650994,139,132,271,58166,54623,112789,6,0.415754,0.451795,30326.029987,0.062366,0.060072,126,0.00174,0,28,0.413465,0.459574
8007,Archuleta County,,CO,1098,11905,13003,2,2,4,158,162,320,6,0.331181,0.348398,0,0.001087,0.001143,126,0.00008,0,28,1,0.008929
8009,Baca County,,CO,282,4100,4382,0,0,0,0,0,0,0,0,0,0,0,0,7,0.00005,6,37,0,0
8011,Bent County,,CO,343,4364,4707,3,2,5,145,85,230,7,0.237203,0.243139,2,0.000086,0.000011,126,0.00015,0,28,0.666667,0.001091
8013,Boulder County,,CO,27399,298718,326117,106,73,179,19175,19929,39104,6,0.383073,0.41494,6875.752106,0.053343,0.036436,126,0.001212,0,28,0.542579,0.387732
8014,Broomfield County,,CO,13758,96356,110114,22,17,39,11137,10525,21662,6,0.348968,0.371295,28.022207,0.012259,0.01023,126,0.000325,0,28,0.91342,0.099772
8015,Chaffee County,,CO,1385,17384,18769,8,7,15,487,451,938,6,0.312861,0.327012,50.370193,0.001991,0.00219,126,0.000163,0,28,0.709091,0.017059
8017,Cheyenne County,,CO,165,2083,2248,0,0,0,0,0,0,0,0,0,0,0,0,8,0.00005,7,38,0,0
8019,Clear Creek County,,CO,1039,9284,10323,3,3,6,359,465,824,7,0.296883,0.309186,0,0.001238,0.001438,126,0.00009,0,28,1,0.010638
8021,Conejos County,,CO,490,8211,8701,1,1,2,126,143,269,7,0.238014,0.243943,0,0.000014,0.00001,126,0.000088,0,28,0,0.000176
8023,Costilla County,,CO,269,3032,3301,0,1,1,0,58,58,7,0.238056,0.24403,0,0,0.00001,126,0.00005,0,39,0,0
8025,Crowley County,,CO,348,2952,3300,2,2,4,114,143,257,7,0.258532,0.267663,0,0.000079,0.000099,126,0.000123,0,28,1,0.000966
8027,Custer County,,CO,416,3952,4368,1,2,3,71,119,190,6,0.310733,0.323666,0,0.000022,0.000738,126,0.000069,0,28,1,0.000273
8029,Delta County,,CO,2026,31599,33625,11,5,16,1211,792,2003,7,0.280345,0.292753,1.21183,0.003182,0.000902,126,0.000225,0,28,0.863636,0.027088
8031,Denver County,,CO,77902,566179,644081,175,135,310,71449,68992,140441,6,0.418372,0.454463,53281.59858,0.074253,0.060326,126,0.002203,0,28,0.377954,0.537519
8033,Dolores County,,CO,139,2076,2215,1,0,1,47,0,47,0,0,0,0,0.000016,0,6,0.000066,0,16,0,0.000204
8035,Douglas County,,CO,27588,291288,318876,99,78,177,27331,20873,48204,5,0.389088,0.420269,6470.646322,0.046158,0.038356,126,0.001232,0,28,0.51648,0.350043
8037,Eagle County,,CO,5527,48252,53779,19,21,40,2412,2684,5096,6,0.348427,0.370811,879.324433,0.008271,0.009444,126,0.000311,0,28,0.735714,0.067347
8039,Elbert County,,CO,2137,22377,24514,6,7,13,1619,1237,2856,6,0.312761,0.326841,0,0.002432,0.003072,126,0.000128,0,28,1,0.020864
8041,El Paso County,,CO,53909,644254,698163,277,251,528,40708,37850,78558,5,0.450609,0.494688,167005.18124,0.091518,0.085014,126,0.003505,0,28,0.21194,0.667069
8043,Fremont County,,CO,2870,42132,45002,9,9,18,1193,1271,2464,6,0.312928,0.327354,2985.911932,0.00294,0.002821,126,0.000198,0,28,0.627273,0.02446
8045,Garfield County,,CO,5265,52129,57394,24,21,45,3115,2691,5806,6,0.346856,0.369659,2703.973836,0.010151,0.008334,126,0.000421,0,28,0.639601,0.082468
8047,Gilpin County,,CO,583,5031,5614,4,2,6,312,264,576,7,0.281723,0.293785,0,0.001283,0.000787,126,0.000106,0,28,1,0.012228
8049,Grand County,,CO,1497,13680,15177,7,5,12,477,374,851,6,0.296642,0.309297,0,0.001955,0.001719,126,0.000145,0,28,0.946429,0.017348
8051,Gunnison County,,CO,1655,13795,15450,7,9,16,324,535,859,6,0.313297,0.327685,0.712634,0.002123,0.003047,126,0.000159,0,28,0.888889,0.019426
8053,Hinsdale County,,CO,81,768,849,0,0,0,0,0,0,0,0,0,0,0,0,9,0.00005,8,40,0,0
8055,Huerfano County,,CO,582,6537,7119,2,1,3,161,119,280,7,0.258509,0.267492,0,0.000084,0.000094,126,0.000097,0,28,1,0.000978
8057,Jackson County,,CO,209,1463,1672,0,0,0,0,0,0,0,0,0,0,0,0,10,0.00005,9,41,0,0
8059,Jefferson County,,CO,48239,547004,595243,105,84,189,41392,39586,80978,6,0.382672,0.415253,19988.03777,0.047316,0.037959,126,0.001468,0,28,0.485126,0.35889
8061,Kiowa County,,CO,93,1552,1645,0,0,0,0,0,0,0,0,0,0,0,0,11,0.00005,10,42,0,0
8063,Kit Carson County,,CO,625,8318,8943,1,1,2,42,46,88,6,0.310667,0.323438,0,0.000664,0.000715,126,0.000062,0,28,0,0.005307
8065,Lake County,,CO,793,6776,7569,3,4,7,209,238,447,7,0.27692,0.288598,0.166667,0.000584,0.000497,126,0.000088,0,28,0.85,0.005281
8067,La Plata County,,CO,4206,48526,52732,22,18,40,1973,1825,3798,6,0.345137,0.367801,466.442471,0.009073,0.008146,126,0.000376,0,28,0.655797,0.074062
8069,Larimer County,,CO,23692,308090,331782,94,73,167,16547,15529,32076,6,0.378071,0.410294,21374.004455,0.036856,0.030498,126,0.001385,0,28,0.432319,0.282947
8071,Las Animas County,,CO,1116,15753,16869,4,5,9,291,362,653,6,0.312293,0.325997,238.64379,0.00097,0.001394,126,0.000135,0,28,0.466667,0.008412
8073,Lincoln County,,CO,473,4949,5422,1,1,2,60,83,143,6,0.310667,0.323438,0,0.000664,0.000715,126,0.000062,0,28,0,0.005307
8075,Logan County,,CO,1590,20782,22372,8,9,17,532,637,1169,7,0.296401,0.309488,10153.992167,0.001564,0.001667,126,0.000227,0,28,0.511111,0.013828
8077,Mesa County,,CO,9424,151542,160966,52,36,88,7311,4699,12010,6,0.3514,0.376984,12931.548162,0.015408,0.013132,126,0.000892,0,28,0.395528,0.123725
8079,Mineral County,,CO,91,866,957,0,0,0,0,0,0,0,0,0,0,0,0,12,0.00005,11,43,0,0
8081,Moffat County,,CO,1197,14685,15882,6,4,10,353,324,677,7,0.260165,0.270273,149.771456,0.001151,0.000223,126,0.000169,0,28,0.633333,0.010301
8083,Montezuma County,,CO,2142,25225,27367,6,8,14,685,811,1496,6,0.333904,0.352451,3012.570353,0.001807,0.002105,6,0.000146,0,28,0.569444,0.014907
8085,Montrose County,,CO,2646,42680,45326,15,11,26,1603,1075,2678,6,0.334477,0.353591,11871.29032,0.005622,0.003804,126,0.000385,0,28,0.620833,0.046415
8087,Morgan County,,CO,2157,30125,32282,8,6,14,907,1032,1939,7,0.297669,0.310588,1511.376593,0.001566,0.001783,126,0.000191,0,28,0.642857,0.013841
8089,Otero County,,CO,1340,19984,21324,5,4,9,424,496,920,6,0.310865,0.324122,1910.425389,0.000744,0.00081,126,0.000229,0,28,0.5,0.00645
8091,Ouray County,,CO,418,4283,4701,2,1,3,103,79,182,7,0.250664,0.25832,0,0.00003,0.000044,126,0.000114,0,28,1,0.000533
8093,Park County,,CO,1716,14880,16596,8,10,18,871,884,1755,6,0.312694,0.327166,8.30832,0.002492,0.002999,126,0.000152,0,28,0.744444,0.021478
8095,Phillips County,,CO,324,4732,5056,1,1,2,55,65,120,8,0.228652,0.234417,0,0.000013,0.000012,126,0.000072,0,28,0,0.000194
8097,Pitkin County,,CO,1741,14265,16006,4,4,8,564,712,1276,6,0.331632,0.348883,1.152976,0.001563,0.001744,126,0.000103,0,28,0.9,0.012519
8099,Prowers County,,CO,915,13140,14055,2,4,6,82,217,299,6,0.310865,0.324122,1584.363379,0.000665,0.000815,126,0.000126,0,28,0.75,0.005403
8101,Pueblo County,,CO,7666,166041,173707,31,23,54,5093,4091,9184,6,0.348593,0.371996,15952.933291,0.011982,0.009317,126,0.000651,0,28,0.47379,0.096033
8103,Rio Blanco County,,CO,829,6382,7211,2,3,5,110,254,364,7,0.260142,0.270102,0,0.000104,0.000209,126,0.000107,0,28,1,0.001232
8105,Rio Grande County,,CO,1247,15136,16383,4,4,8,335,390,725,6,0.310998,0.324322,2925.477941,0.000908,0.00089,126,0.000155,0,28,0.5,0.007732
8107,Routt County,,CO,2331,22036,24367,11,8,19,944,674,1618,6,0.298306,0.311611,137.500463,0.00291,0.002633,126,0.000219,0,28,0.852564,0.02586
8109,Saguache County,,CO,309,3480,3789,0,1,1,0,43,43,7,0.237284,0.243101,0,0,0.000007,126,0.00005,0,44,0,0
8111,San Juan County,,CO,76,589,665,0,0,0,0,0,0,0,0,0,0,0,0,13,0.00005,12,45,0,0
8113,San Miguel County,,CO,890,6362,7252,1,2,3,69,153,222,7,0.250686,0.258491,0,0.00003,0.000044,126,0.00008,0,28,1,0.000445
8115,Sedgwick County,,CO,205,2519,2724,0,0,0,0,0,0,0,0,0,0,0,0,14,0.00005,13,46,0,0
8117,Summit County,,CO,4105,27546,31651,14,18,32,1388,1910,3298,6,0.334975,0.354902,437.848779,0.006071,0.004999,126,0.000232,0,28,0.671053,0.049903
8119,Teller County,,CO,2720,24578,27298,3,6,9,932,1303,2235,6,0.333942,0.352223,11.115272,0.000988,0.002678,126,0.000088,0,28,0.733333,0.008308
8121,Washington County,,CO,446,4805,5251,1,3,4,48,159,207,8,0.229549,0.235773,0,0.000013,0.000026,126,0.000072,0,28,0.666667,0.000194
8123,Weld County,,CO,19489,251890,271379,44,40,84,17083,13529,30612,6,0.356108,0.382775,6544.50293,0.01848,0.017954,126,0.000693,0,28,0.544118,0.147084
8125,Yuma County,,CO,787,10287,11074,3,3,6,172,183,355,7,0.275071,0.286729,254.737945,0.000154,0.000445,126,0.000107,0,28,0.75,0.001497
9001,Fairfield County,,CT,46557,980727,1027284,125,167,292,33802,38801,72603,6,0.40331,0.445708,4743.574452,0.06518,0.07736,106,0.001002,0,28,0.46959,0.435147
9003,Hartford County,,CT,45205,1052501,1097706,133,160,293,32451,36751,69202,6,0.408323,0.449396,9223.294617,0.067508,0.075398,106,0.001075,0,28,0.454799,0.448817
9005,Litchfield County,,CT,10541,228187,238728,17,22,39,7173,6570,13743,6,0.340277,0.36254,24.952655,0.008872,0.010324,106,0.000155,0,28,0.754986,0.055022
9007,Middlesex County,,CT,11759,194573,206332,20,25,45,8940,7891,16831,6,0.34951,0.373005,104.729512,0.009936,0.013704,106,0.000175,0,28,0.757471,0.060402
9009,New Haven County,,CT,43793,978191,1021984,119,162,281,31462,35832,67294,6,0.402588,0.444465,7492.558356,0.062032,0.074926,106,0.000953,0,28,0.465015,0.412747
9011,New London County,,CT,19139,319442,338581,72,73,145,12623,12121,24744,6,0.367752,0.399487,1261.463637,0.036156,0.036405,106,0.000572,0,28,0.576565,0.233351
9013,Tolland County,,CT,10571,163718,174289,14,17,31,8292,7187,15479,6,0.337761,0.358442,61.898665,0.005936,0.007945,106,0.000142,0,28,0.830065,0.03808
9015,Windham County,,CT,7272,135141,142413,8,13,21,4233,4447,8680,6,0.300205,0.317037,1.058927,0.002462,0.004321,106,0.000096,0,28,0.868132,0.014021
10001,Kent County,,DE,10845,174955,185800,49,25,74,8648,3408,12056,6,0.34473,0.367995,1172.943353,0.019362,0.01159,106,0.000449,0,28,0.551852,0.120436
10003,New Castle County,,DE,28639,616351,644990,97,114,211,20011,20422,40433,6,0.388675,0.426203,4041.08166,0.052427,0.059352,106,0.000808,0,28,0.585445,0.35056
10005,Sussex County,,DE,8861,208747,217608,55,30,85,6677,4525,11202,6,0.323523,0.345138,926.279377,0.02153,0.010738,106,0.000472,0,28,0.539927,0.133224
11001,District of Columbia,,DC,64260,558463,622723,177,141,318,50939,54901,105840,5,0.416346,0.453853,15867.600728,0.084338,0.070412,153,0.001678,0,28,0.454328,0.576594
12001,Alachua County,,FL,23010,225344,248354,69,85,154,13666,16175,29841,6,0.388726,0.422008,10384.47354,0.032121,0.045249,15,0.000815,0,28,0.572814,0.235682
12003,Baker County,,FL,1731,26269,28000,6,7,13,1246,1042,2288,6,0.306788,0.321403,4.576812,0.001076,0.001169,15,0.000145,0,28,0.642857,0.008571
12005,Bay County,,FL,16037,179975,196012,65,76,141,6743,8034,14777,6,0.386568,0.418901,21855.981328,0.027114,0.036104,15,0.000858,0,28,0.494118,0.200608
12007,Bradford County,,FL,1855,24630,26485,8,5,13,1377,1018,2395,6,0.306756,0.321118,1.461052,0.001745,0.001328,15,0.000152,0,28,0.785714,0.01295
12009,Brevard County,,FL,34370,612389,646759,173,162,335,25519,21373,46892,5,0.408665,0.450137,14175.346251,0.079712,0.075014,15,0.001568,0,28,0.37845,0.541165
12011,Broward County,,FL,133071,1870496,2003567,250,327,577,102489,119421,221910,5,0.449155,0.502707,64630.362849,0.102452,0.112597,15,0.00244,0,28,0.222582,0.717491
12013,Calhoun County,,FL,983,11801,12784,6,5,11,582,552,1134,7,0.283994,0.296982,26.924585,0.000664,0.000478,15,0.000182,0,28,0.533333,0.004112
12015,Charlotte County,,FL,13780,164883,178663,53,36,89,9006,7174,16180,6,0.36233,0.388777,404.497231,0.028472,0.0194,15,0.00043,0,28,0.682514,0.180507
12017,Citrus County,,FL,9336,149720,159056,37,23,60,6660,4230,10890,6,0.324312,0.344477,35.488501,0.01987,0.011864,15,0.000358,0,28,0.819838,0.131533
12019,Clay County,,FL,20983,209461,230444,60,58,118,15764,14085,29849,6,0.373722,0.403426,3282.650076,0.030063,0.029452,15,0.000646,0,28,0.60759,0.21355
12021,Collier County,,FL,26281,332656,358937,108,93,201,16303,17574,33877,5,0.394389,0.42801,2250.254758,0.055118,0.049187,15,0.00086,0,28,0.523903,0.35283
12023,Columbia County,,FL,4909,63332,68241,24,19,43,3217,2607,5824,6,0.321601,0.340527,451.39471,0.010399,0.007558,15,0.000319,0,28,0.633903,0.072158
12027,DeSoto County,,FL,2410,28029,30439,8,8,16,912,1116,2028,6,0.312193,0.328049,3.124024,0.002968,0.003322,15,0.000123,0,28,0.902778,0.021614
12029,Dixie County,,FL,1057,12785,13842,4,4,8,341,438,779,7,0.280077,0.291961,5.417787,0.001152,0.000341,15,0.000117,0,28,0.5,0.007869
12031,Duval County,,FL,72648,954981,1027629,256,257,513,54070,57622,111692,5,0.442026,0.488942,135489.991764,0.097513,0.095978,15,0.002874,0,28,0.262758,0.694477
12033,Escambia County,,FL,29902,315249,345151,101,121,222,14732,19383,34115,6,0.393964,0.431943,13997.994526,0.045218,0.052895,0,0.001136,0,28,0.415087,0.339554
12035,Flagler County,,FL,8935,98065,107000,43,22,65,7703,4559,12262,6,0.336324,0.357575,40.56407,0.024249,0.012436,15,0.000354,0,28,0.811616,0.156533
12037,Franklin County,,FL,778,9713,10491,2,4,6,172,284,456,7,0.283966,0.296811,8.300571,0.000628,0.000443,15,0.00007,0,28,0.75,0.003347
12039,Gadsden County,,FL,3442,49782,53224,7,10,17,2379,2434,4813,6,0.317309,0.333989,980.965471,0.002836,0.00275,15,0.000174,0,28,0.363636,0.019146
12041,Gilchrist County,,FL,1410,14579,15989,7,5,12,869,779,1648,7,0.280184,0.292303,13.436403,0.00219,0.000461,15,0.000157,0,28,0.666667,0.015419
12043,Glades County,,FL,1136,8994,10130,5,4,9,544,528,1072,6,0.29776,0.312027,1.601571,0.002388,0.000836,15,0.000098,0,28,0.866667,0.015887
12045,Gulf County,,FL,1069,12907,13976,3,3,6,426,462,888,7,0.283939,0.29664,0.333333,0.000289,0.000441,15,0.000106,0,28,0.833333,0.00186
12047,Hamilton County,,FL,962,11867,12829,4,4,8,446,410,856,6,0.307433,0.321945,5.728532,0.000947,0.001012,15,0.000109,0,28,0.75,0.007457
12049,Hardee County,,FL,1780,24212,25992,5,7,12,681,924,1605,6,0.31333,0.329093,3.022547,0.001778,0.002943,15,0.000101,0,28,0.928571,0.013491
12051,Hendry County,,FL,3461,35955,39416,7,12,19,1584,1952,3536,6,0.320896,0.338743,54.542628,0.004011,0.0061,15,0.000115,0,28,0.757576,0.027219
12053,Hernando County,,FL,12940,178665,191605,47,29,76,10893,7090,17983,6,0.350264,0.373535,66.075993,0.02542,0.016508,15,0.0004,0,28,0.795102,0.163092
12055,Highlands County,,FL,6623,97003,103626,28,24,52,3766,2923,6689,6,0.321991,0.341695,206.905185,0.012264,0.012034,15,0.00031,0,28,0.727586,0.087523
12057,Hillsborough County,,FL,95012,1275341,1370353,310,290,600,77918,78859,156777,5,0.449155,0.498279,90690.864393,0.112319,0.107812,15,0.003152,0,28,0.220705,0.787013
12059,Holmes County,,FL,1533,17968,19501,7,7,14,882,973,1855,7,0.285966,0.299228,76.111859,0.00071,0.000709,15,0.000171,0,28,0.619048,0.005669
12061,Indian River County,,FL,10392,146795,157187,31,27,58,6483,4798,11281,6,0.351611,0.375718,146.799105,0.016523,0.015185,15,0.000272,0,28,0.77058,0.104059
12063,Jackson County,,FL,3040,46877,49917,13,8,21,1510,1417,2927,6,0.295354,0.310129,180.046027,0.004799,0.001114,15,0.000217,0,28,0.576923,0.031933
12065,Jefferson County,,FL,1122,13909,15031,2,3,5,612,643,1255,7,0.279488,0.291584,0.85,0.000355,0.000245,15,0.000079,0,28,0.5,0.001832
12067,Lafayette County,,FL,442,5522,5964,1,1,2,79,135,214,7,0.239947,0.247129,0,0.000026,0.000057,15,0.00007,0,28,0,0.000474
12069,Lake County,,FL,26883,316404,343287,91,70,161,23282,17365,40647,6,0.379248,0.411115,870.552744,0.04664,0.036228,15,0.000758,0,28,0.559548,0.303574
12071,Lee County,,FL,48723,629049,677772,216,213,429,38141,34739,72880,5,0.423707,0.468975,37771.189224,0.085837,0.082467,15,0.001911,0,28,0.252773,0.571265
12073,Leon County,,FL,24972,254824,279796,74,93,167,15077,18432,33509,6,0.387593,0.421996,50756.779712,0.02864,0.044304,15,0.001066,0,28,0.448787,0.212291
12075,Levy County,,FL,3232,39314,42546,16,8,24,2522,1770,4292,6,0.316176,0.331903,203.795538,0.008033,0.003275,15,0.000222,0,28,0.795833,0.056759
12077,Liberty County,,FL,456,6401,6857,3,2,5,305,226,531,7,0.279408,0.291299,0,0.000371,0.000229,15,0.000106,0,28,0.833333,0.002072
12079,Madison County,,FL,1057,18201,19258,4,6,10,295,438,733,6,0.307822,0.3228,29.623462,0.000492,0.001167,15,0.000133,0,28,0.5,0.003256
12081,Manatee County,,FL,26136,332670,358806,97,79,176,17392,15705,33097,5,0.387182,0.420218,2465.858523,0.051879,0.04214,15,0.000824,0,28,0.563193,0.339909
12083,Marion County,,FL,21908,346741,368649,98,67,165,17985,12364,30349,6,0.37729,0.408596,2265.971525,0.047133,0.03495,15,0.000854,0,28,0.549439,0.307775
12085,Martin County,,FL,12336,147465,159801,32,30,62,7951,7326,15277,6,0.354854,0.379395,189.651831,0.017783,0.01762,15,0.00029,0,28,0.809146,0.115417
12086,Miami-Dade County,,FL,128625,2610409,2739034,224,272,496,79896,115257,195153,5,0.442494,0.491222,46723.336507,0.097685,0.103506,15,0.002185,0,28,0.274604,0.68967
12087,Monroe County,,FL,9213,77124,86337,28,34,62,3293,4188,7481,6,0.348593,0.372327,27.935979,0.016373,0.017119,15,0.000271,0,28,0.813462,0.112018
12089,Nassau County,,FL,5714,79081,84795,17,9,26,3903,2905,6808,6,0.312928,0.329121,131.810749,0.007627,0.002464,15,0.000246,0,28,0.614379,0.053976
12091,Okaloosa County,,FL,24288,205836,230124,92,104,196,11085,14218,25303,6,0.396797,0.431994,12087.197633,0.039949,0.044998,0,0.001036,0,28,0.405971,0.291419
12093,Okeechobee County,,FL,2836,36554,39390,12,7,19,1368,983,2351,6,0.303131,0.318935,10.88767,0.004892,0.002025,15,0.000158,0,28,0.787879,0.033716
12095,Orange County,,FL,117866,1176673,1294539,270,287,557,92636,102262,194898,5,0.443501,0.493798,65338.407652,0.106066,0.108395,15,0.002779,0,28,0.254852,0.746408
12097,Osceola County,,FL,34274,271396,305670,96,85,181,31304,26028,57332,6,0.376222,0.40965,619.650958,0.052866,0.044179,15,0.000784,0,28,0.614807,0.349604
12099,Palm Beach County,,FL,82716,1359892,1442608,229,268,497,67868,69289,137157,5,0.433764,0.483681,37509.908685,0.095533,0.102412,15,0.002134,0,28,0.268535,0.661922
12101,Pasco County,,FL,39506,469694,509200,133,118,251,37907,27486,65393,5,0.397229,0.434804,4126.773286,0.066235,0.05812,15,0.001126,0,28,0.4682,0.436432
12103,Pinellas County,,FL,62627,992898,1055525,244,251,495,45960,48623,94583,5,0.444918,0.49031,59182.450282,0.098175,0.098462,15,0.002354,0,28,0.264387,0.673486
12105,Polk County,,FL,42329,622844,665173,153,139,292,35524,28335,63859,5,0.406959,0.445976,12832.955625,0.071003,0.062217,15,0.001335,0,28,0.381844,0.464883
12107,Putnam County,,FL,5365,74072,79437,18,15,33,2990,3007,5997,6,0.319738,0.337825,31.733329,0.008781,0.00756,15,0.000224,0,28,0.897661,0.062112
12109,St. Johns County,,FL,14746,187607,202353,68,42,110,13811,8991,22802,6,0.367706,0.39483,501.471175,0.038472,0.026183,15,0.000635,0,28,0.723173,0.262671
12111,St. Lucie County,,FL,23528,286672,310200,80,73,153,21947,15440,37387,6,0.373483,0.405352,966.610278,0.043578,0.035974,15,0.00063,0,28,0.577179,0.280077
12113,Santa Rosa County,,FL,15770,152457,168227,61,49,110,11072,8805,19877,6,0.362599,0.391268,3024.989098,0.028992,0.022587,0,0.000674,0,28,0.498559,0.210461
12115,Sarasota County,,FL,30152,401981,432133,124,110,234,23048,20077,43125,5,0.396152,0.432473,3139.928866,0.061497,0.055049,15,0.000978,0,28,0.486376,0.392112
12117,Seminole County,,FL,48397,444846,493243,123,133,256,38540,39089,77629,6,0.408894,0.447025,2921.849866,0.064021,0.067391,15,0.001085,0,28,0.504969,0.430113
12119,Sumter County,,FL,5045,79835,84880,42,11,53,5121,2545,7666,6,0.316622,0.3329,6.810854,0.0231,0.005385,15,0.000358,0,28,0.805094,0.14977
12121,Suwannee County,,FL,2951,39421,42372,16,12,28,1937,1450,3387,6,0.315664,0.33294,6246.955687,0.007322,0.003366,15,0.000284,0,28,0.562092,0.051529
12123,Taylor County,,FL,1150,20791,21941,5,3,8,272,283,555,6,0.307014,0.321289,73.841367,0.001227,0.00099,15,0.000133,0,28,0.533333,0.008642
12125,Union County,,FL,1104,10876,11980,6,6,12,747,634,1381,6,0.306788,0.321289,1.342465,0.001413,0.001351,15,0.000135,0,28,0.866667,0.009998
12127,Volusia County,,FL,37975,532446,570421,127,149,276,25040,25892,50932,5,0.405942,0.446318,5656.336301,0.062747,0.066468,15,0.001075,0,28,0.418539,0.416737
12129,Wakulla County,,FL,2212,28121,30333,5,2,7,1949,1079,3028,7,0.283911,0.296469,5.482108,0.000655,0.000436,15,0.000121,0,28,0.5,0.003786
12131,Walton County,,FL,5119,48025,53144,16,11,27,3259,2266,5525,6,0.315733,0.333077,566.470988,0.006865,0.003048,0,0.000226,0,28,0.628655,0.048099
12133,Washington County,,FL,1999,22133,24132,5,6,11,1406,1184,2590,7,0.28427,0.297609,17.160171,0.001398,0.000612,15,0.000122,0,28,0.767857,0.009856
13001,Appling County,,GA,1083,18206,19289,4,4,8,372,360,732,7,0.240777,0.249241,73.796537,0.000011,0.000069,18,0.000193,0,28,0.15,0.00046
13003,Atkinson County,,GA,574,8295,8869,1,2,3,187,257,444,7,0.235768,0.242749,1.77895,0.000007,0.000013,18,0.00008,0,28,0,0.00015
13005,Bacon County,,GA,636,10423,11059,3,4,7,216,323,539,7,0.23613,0.243621,17.338364,0.000019,0.000018,18,0.000149,0,28,0.5,0.000429
13007,Baker County,,GA,232,3309,3541,2,2,4,127,103,230,7,0.253226,0.262547,0,0.000065,0.000066,18,0.000109,0,28,1,0.000683
13009,Baldwin County,,GA,2916,42880,45796,11,13,24,1479,1524,3003,6,0.311827,0.328095,9340.157564,0.002317,0.002627,18,0.000317,0,28,0.412088,0.019068
13011,Banks County,,GA,1770,17625,19395,8,7,15,1397,1217,2614,6,0.30135,0.316057,28.672357,0.000831,0.000916,18,0.000202,0,28,0.680556,0.007615
13013,Barrow County,,GA,6376,67749,74125,18,15,33,6648,4079,10727,6,0.3107,0.32712,1115.580088,0.005646,0.003547,18,0.000301,0,28,0.540476,0.043186
13015,Bartow County,,GA,7701,105023,112724,18,18,36,5758,4636,10394,6,0.312393,0.329714,253.005536,0.006093,0.004564,18,0.000299,0,28,0.582251,0.047419
13017,Ben Hill County,,GA,1496,18344,19840,4,5,9,506,518,1024,7,0.271823,0.283952,2005.939168,0.000009,0.000292,18,0.000171,0,28,0.333333,0.000445
13019,Berrien County,,GA,1562,17276,18838,9,5,14,1104,767,1871,7,0.262266,0.273071,618.485761,0.000749,0.000144,18,0.000295,0,28,0.208333,0.006772
13021,Bibb County,,GA,11631,162599,174230,36,36,72,6366,7562,13928,6,0.329316,0.353317,16694.868333,0.010475,0.010335,18,0.000707,0,28,0.341414,0.076098
13023,Bleckley County,,GA,720,12550,13270,4,5,9,363,344,707,7,0.269891,0.281045,7.602453,0.000224,0.000185,18,0.00014,0,28,0.633333,0.002276
13025,Brantley County,,GA,1172,16349,17521,6,5,11,844,678,1522,7,0.255438,0.265071,43.188557,0.000876,0.000146,15,0.000212,0,28,0.766667,0.006951
13027,Brooks County,,GA,1464,16174,17638,3,4,7,839,931,1770,7,0.261188,0.271361,1.308333,0.000127,0.00015,18,0.000115,0,28,0.833333,0.001353
13029,Bryan County,,GA,3832,31970,35802,5,4,9,2188,1650,3838,7,0.283388,0.296281,7.357228,0.001281,0.00058,18,0.000123,0,28,0.85,0.009842
13031,Bulloch County,,GA,4693,54090,58783,22,20,42,2640,2442,5082,6,0.316827,0.336041,9882.272798,0.004855,0.005381,18,0.000458,0,28,0.357708,0.038821
13033,Burke County,,GA,1723,25269,26992,5,7,12,1021,1162,2183,7,0.275537,0.288575,158.036105,0.000365,0.000503,18,0.00015,0,28,0.47619,0.003359
13035,Butts County,,GA,2134,23051,25185,13,8,21,2028,1296,3324,6,0.307369,0.3226,41.043826,0.002826,0.002304,18,0.000252,0,28,0.653846,0.023843
13037,Calhoun County,,GA,395,5657,6052,2,2,4,106,163,269,7,0.253467,0.262906,0,0.000065,0.000066,18,0.000098,0,28,1,0.000674
13039,Camden County,,GA,7144,50532,57676,22,22,44,3003,2896,5899,6,0.340119,0.361474,2569.961309,0.00768,0.008593,15,0.000336,0,28,0.518519,0.055767
13043,Candler County,,GA,794,9885,10679,3,3,6,326,382,708,7,0.240777,0.249059,1.572222,0.00005,0.000045,18,0.000124,0,28,0.666667,0.000645
13045,Carroll County,,GA,8843,111074,119917,23,25,48,6473,5696,12169,6,0.314442,0.333578,4573.014087,0.00614,0.005744,18,0.000396,0,28,0.522792,0.04891
13047,Catoosa County,,GA,5294,64786,70080,10,8,18,4148,3713,7861,6,0.305347,0.319887,563.245114,0.000969,0.001054,0,0.00024,0,28,0.511111,0.00855
13049,Charlton County,,GA,710,9495,10205,4,5,9,447,384,831,6,0.306756,0.321118,1.444444,0.000846,0.000901,15,0.000114,0,28,0.8,0.006603
13051,Chatham County,,GA,22507,254946,277453,116,104,220,13730,13668,27398,6,0.393328,0.429292,64290.095558,0.051082,0.046669,18,0.001469,0,28,0.428617,0.374634
13053,Chattahoochee County,,GA,5592,7994,13586,18,17,35,2142,2573,4715,6,0.332197,0.352576,548.446976,0.006776,0.006265,18,0.000236,0,28,0.678571,0.050058
13055,Chattooga County,,GA,1503,26513,28016,5,7,12,735,880,1615,7,0.248049,0.25797,18.984028,0.000115,0.000089,0,0.000142,0,28,0.464286,0.001166
13057,Cherokee County,,GA,18142,216581,234723,63,56,119,16886,12519,29405,6,0.374536,0.404098,7680.198924,0.028864,0.025477,18,0.000838,0,28,0.493694,0.216088
13059,Clarke County,,GA,12244,92286,104530,39,45,84,6365,7728,14093,6,0.363908,0.391222,18575.452127,0.009706,0.017347,18,0.000674,0,28,0.407757,0.076835
13061,Clay County,,GA,194,3266,3460,0,0,0,0,0,0,0,0,0,0,0,0,16,0.00005,14,47,0,0
13063,Clayton County,,GA,38283,270443,308726,99,81,180,32068,32057,64125,5,0.390283,0.423296,18428.661552,0.043986,0.037064,18,0.001186,0,28,0.460967,0.312497
13065,Clinch County,,GA,335,6766,7101,2,1,3,108,53,161,7,0.235825,0.242601,0,0.000123,0.000011,18,0.000093,0,28,1,0.001096
13067,Cobb County,,GA,74026,732559,806585,242,217,459,62952,63774,126726,5,0.435638,0.479053,87047.636333,0.09499,0.08751,18,0.00276,0,28,0.296108,0.678238
13069,Coffee County,,GA,2268,39583,41851,9,9,18,811,808,1619,6,0.307822,0.323102,23818.476326,0.000876,0.000891,18,0.000319,0,28,0.188889,0.007083
13071,Colquitt County,,GA,2345,43239,45584,11,10,21,1170,1132,2302,7,0.262572,0.274194,2040.624561,0.002648,0.000211,18,0.000295,0,28,0.326923,0.018918
13073,Columbia County,,GA,11309,125443,136752,40,35,75,7795,6408,14203,6,0.347392,0.372942,13545.810538,0.018739,0.015199,18,0.000523,0,28,0.563498,0.138754
13075,Cook County,,GA,1381,16389,17770,5,4,9,773,680,1453,7,0.261281,0.27156,3.9492,0.000118,0.00014,18,0.000194,0,28,0.7,0.001511
13077,Coweta County,,GA,9254,128060,137314,40,23,63,8206,5091,13297,6,0.330919,0.352867,4989.696193,0.017699,0.008407,18,0.000531,0,28,0.568106,0.130011
13079,Crawford County,,GA,1129,13003,14132,4,3,7,772,684,1456,7,0.271722,0.282863,0.321429,0.000233,0.000262,18,0.000151,0,28,0.916667,0.002454
13081,Crisp County,,GA,1467,22124,23591,8,9,17,633,639,1272,7,0.271218,0.283644,7862.578351,0.000228,0.000258,18,0.000269,0,28,0.319444,0.002658
13083,Dade County,,GA,1249,16033,17282,6,6,12,770,825,1595,7,0.272787,0.284466,8.799898,0.000206,0.000246,0,0.000192,0,28,0.633333,0.002478
13085,Dawson County,,GA,2060,21134,23194,8,6,14,1565,1206,2771,6,0.30724,0.322144,6.574508,0.002525,0.002124,18,0.000179,0,28,0.839286,0.021259
13087,Decatur County,,GA,1822,28784,30606,7,7,14,751,701,1452,7,0.279728,0.292553,10047.023422,0.000448,0.000266,15,0.000273,0,28,0.392857,0.003024
13089,DeKalb County,,GA,89364,677078,766442,204,196,400,74573,79779,154352,5,0.427548,0.47085,60034.503597,0.082716,0.082607,18,0.002345,0,28,0.325459,0.59068
13091,Dodge County,,GA,1115,19151,20266,5,5,10,370,476,846,7,0.272152,0.283861,4162.242878,0.000234,0.000264,18,0.000174,0,28,0.55,0.002436
13093,Dooly County,,GA,761,10745,11506,3,2,5,334,392,726,7,0.269841,0.280561,1.640152,0.000142,0.000174,18,0.000108,0,28,0.666667,0.001596
13095,Dougherty County,,GA,8073,95756,103829,29,32,61,4320,5164,9484,6,0.338975,0.362796,43913.964279,0.00833,0.008202,18,0.000653,0,28,0.330492,0.061922
13097,Douglas County,,GA,15967,129138,145105,52,34,86,13837,11373,25210,6,0.358202,0.383806,3776.815881,0.026367,0.014336,18,0.0006,0,28,0.558738,0.184673
13099,Early County,,GA,749,12344,13093,4,5,9,202,336,538,7,0.255505,0.266383,1801.303465,0.000102,0.000145,15,0.00018,0,28,0.2,0.001412
13101,Echols County,,GA,272,2973,3245,1,1,2,110,159,269,7,0.260955,0.270506,0,0.000111,0.000112,18,0.000065,0,28,0,0.00091
13103,Effingham County,,GA,4245,53737,57982,8,7,15,2858,2183,5041,7,0.285463,0.299234,20.505054,0.001117,0.000953,18,0.000182,0,28,0.571429,0.009254
13105,Elbert County,,GA,1183,22797,23980,4,5,9,338,538,876,7,0.267496,0.278555,3.274286,0.000154,0.000206,18,0.00012,0,28,0.7,0.00115
13107,Emanuel County,,GA,1292,23426,24718,8,8,16,578,601,1179,7,0.283114,0.29668,1263.775016,0.000303,0.000455,18,0.00024,0,28,0.319444,0.002994
13109,Evans County,,GA,817,11152,11969,3,3,6,383,346,729,7,0.282485,0.29497,0,0.000411,0.000442,18,0.00011,0,28,1,0.003478
13111,Fannin County,,GA,1369,23175,24544,8,7,15,553,643,1196,6,0.304077,0.318177,11978.569077,0.002471,0.001066,18,0.000314,0,28,0.388889,0.019954
13113,Fayette County,,GA,10859,117420,128279,23,23,46,6037,6556,12593,6,0.336983,0.360174,526.108993,0.011812,0.008927,18,0.00031,0,28,0.657258,0.086393
13115,Floyd County,,GA,5423,99012,104435,17,19,36,2936,3014,5950,6,0.312761,0.330369,4388.934935,0.003197,0.004037,18,0.00035,0,28,0.402381,0.026333
13117,Forsyth County,,GA,11298,161379,172677,56,35,91,14292,6878,21170,6,0.359126,0.385015,2213.301646,0.028266,0.017238,18,0.000689,0,28,0.557452,0.207357
13119,Franklin County,,GA,1791,24046,25837,8,9,17,940,1050,1990,6,0.301443,0.316456,211.085998,0.000845,0.000994,18,0.000205,0,28,0.680556,0.007028
13121,Fulton County,,GA,109931,828528,938459,274,236,510,105432,100016,205448,5,0.438118,0.483214,100864.913901,0.101645,0.093996,18,0.003167,0,28,0.265659,0.728275
13123,Gilmer County,,GA,1841,27890,29731,11,7,18,993,807,1800,6,0.304045,0.31812,656.597745,0.004663,0.001056,18,0.000211,0,28,0.519231,0.034317
13125,Glascock County,,GA,223,2875,3098,0,0,0,0,0,0,0,0,0,0,0,0,17,0.00005,15,48,0,0
13127,Glynn County,,GA,5842,79049,84891,20,19,39,2530,2436,4966,6,0.316553,0.335528,3757.541052,0.007802,0.005045,15,0.000375,0,28,0.461957,0.055807
13129,Gordon County,,GA,3685,60514,64199,15,13,28,2560,2198,4758,6,0.325794,0.34532,3327.008319,0.003679,0.002965,18,0.000286,0,28,0.509804,0.029475
13131,Grady County,,GA,1543,24569,26112,6,5,11,759,849,1608,7,0.279648,0.292154,94.56077,0.000387,0.000267,18,0.000199,0,28,0.566667,0.002619
13133,Greene County,,GA,1153,16433,17586,6,6,12,398,458,856,6,0.301381,0.316,3012.555528,0.001537,0.000842,18,0.00014,0,28,0.482143,0.012354
13135,Gwinnett County,,GA,74672,825580,900252,249,222,471,70235,63896,134131,5,0.430697,0.476265,125015.488639,0.094618,0.084031,18,0.002851,0,28,0.261785,0.669658
13137,Habersham County,,GA,2559,43197,45756,7,8,15,1709,1467,3176,6,0.307304,0.322486,1776.513711,0.000796,0.001721,18,0.000215,0,28,0.625,0.00723
13139,Hall County,,GA,11877,190521,202398,40,30,70,9579,7402,16981,6,0.352459,0.376585,3511.217321,0.014933,0.011593,18,0.000605,0,28,0.456522,0.110784
13141,Hancock County,,GA,592,9075,9667,1,1,2,142,250,392,7,0.237724,0.244533,0,0.000021,0.000018,18,0.000071,0,28,0,0.000238
13143,Haralson County,,GA,2219,28980,31199,7,6,13,1681,1433,3114,6,0.303729,0.317522,630.358617,0.001675,0.001167,18,0.00016,0,28,0.761905,0.014455
13145,Harris County,,GA,2674,32325,34999,7,6,13,2032,1482,3514,7,0.276606,0.28919,35.453605,0.001201,0.000339,18,0.000157,0,28,0.5,0.008469
13147,Hart County,,GA,1477,25984,27461,7,9,16,820,878,1698,6,0.301599,0.316741,228.325003,0.000874,0.001006,18,0.000183,0,28,0.569444,0.007447
13149,Heard County,,GA,1039,10715,11754,3,4,7,674,695,1369,7,0.24985,0.25964,2.044723,0.00014,0.000218,18,0.000102,0,28,0.833333,0.001877
13151,Henry County,,GA,21480,205929,227409,77,56,133,20235,15375,35610,6,0.370925,0.400331,9190.216104,0.035357,0.023464,18,0.000913,0,28,0.472676,0.249262
13153,Houston County,,GA,12938,149392,162330,63,53,116,7874,6636,14510,6,0.369052,0.397902,72667.067231,0.022047,0.017779,18,0.001085,0,28,0.347193,0.166629
13155,Irwin County,,GA,839,9354,10193,3,4,7,432,443,875,7,0.236819,0.244596,9.991116,0.000011,0.000014,18,0.000139,0,28,0.5,0.000362
13157,Jackson County,,GA,5175,61224,66399,19,14,33,5313,3366,8679,6,0.310667,0.326949,439.087774,0.00427,0.00325,18,0.000366,0,28,0.508772,0.033836
13159,Jasper County,,GA,1324,14470,15794,7,7,14,938,708,1646,6,0.301412,0.316171,38.161575,0.001005,0.001291,18,0.000167,0,28,0.714286,0.009641
13161,Jeff Davis County,,GA,872,14110,14982,4,3,7,407,336,743,7,0.235864,0.243068,91.415902,0.000008,0.000007,18,0.000191,0,28,0.416667,0.000425
13163,Jefferson County,,GA,981,19639,20620,5,6,11,396,528,924,7,0.274683,0.287116,250.381213,0.000367,0.000401,18,0.000139,0,28,0.466667,0.003379
13165,Jenkins County,,GA,551,8391,8942,3,3,6,212,228,440,7,0.273578,0.285309,5.096639,0.000049,0.000287,18,0.00011,0,28,0.583333,0.000625
13167,Johnson County,,GA,541,8477,9018,3,3,6,213,340,553,7,0.234332,0.241764,1.836161,0.000019,0.000011,18,0.000131,0,28,0.666667,0.000383
13169,Jones County,,GA,2056,30192,32248,7,5,12,1689,1249,2938,7,0.271874,0.283433,34.955788,0.000256,0.000291,18,0.00022,0,28,0.547619,0.002899
13171,Lamar County,,GA,1465,17123,18588,6,7,13,1066,895,1961,6,0.28175,0.294129,2.633732,0.000532,0.000699,18,0.000171,0,28,0.761905,0.005324
13173,Lanier County,,GA,945,7397,8342,3,2,5,581,503,1084,7,0.261071,0.270819,0,0.000641,0.000117,18,0.000126,0,28,0.666667,0.0053
13175,Laurens County,,GA,2419,53392,55811,14,12,26,1138,867,2005,6,0.304742,0.320697,16315.961728,0.001064,0.001667,18,0.000402,0,28,0.238971,0.008655
13177,Lee County,,GA,3303,30587,33890,9,8,17,2360,1637,3997,6,0.306885,0.321495,1777.765254,0.001292,0.000991,18,0.000279,0,28,0.390909,0.010291
13179,Liberty County,,GA,13727,61141,74868,40,58,98,4474,6147,10621,6,0.374632,0.40472,8403.672013,0.0172,0.026823,18,0.000557,0,28,0.532486,0.12924
13181,Lincoln County,,GA,521,8620,9141,3,3,6,226,249,475,7,0.274271,0.286016,25.968624,0.000356,0.000396,18,0.00012,0,28,0.5,0.003139
13183,Long County,,GA,1631,8729,10360,3,4,7,868,804,1672,7,0.283416,0.296338,4.080991,0.000582,0.000547,18,0.000106,0,28,0.666667,0.004181
13185,Lowndes County,,GA,9972,98462,108434,44,46,90,6016,4919,10935,6,0.353055,0.379053,39185.012559,0.014275,0.014262,18,0.000824,0,28,0.315313,0.105637
13187,Lumpkin County,,GA,2621,25615,28236,10,7,17,1692,1301,2993,6,0.307272,0.322315,17.031695,0.003499,0.00213,18,0.000197,0,28,0.722222,0.027869
13189,McDuffie County,,GA,1372,24269,25641,4,5,9,881,807,1688,7,0.275174,0.287674,2972.628486,0.000361,0.000463,18,0.000124,0,28,0.55,0.003233
13191,McIntosh County,,GA,966,11486,12452,3,3,6,441,412,853,7,0.282567,0.295141,0.97456,0.000614,0.000468,15,0.000087,0,28,0.833333,0.004538
13193,Macon County,,GA,935,12982,13917,2,5,7,274,476,750,7,0.269791,0.280846,6.469696,0.000154,0.00019,18,0.000086,0,28,0.4,0.001535
13195,Madison County,,GA,2249,29015,31264,10,10,20,1801,1559,3360,7,0.270992,0.283035,248.377848,0.000885,0.0003,18,0.000236,0,28,0.581818,0.007541
13197,Marion County,,GA,578,7147,7725,3,1,4,231,187,418,7,0.274296,0.285582,252.20456,0.000274,0.000229,18,0.000104,0,28,0.333333,0.002331
13199,Meriwether County,,GA,1834,23725,25559,10,10,20,1253,1254,2507,6,0.306403,0.321529,178.710854,0.001616,0.001587,18,0.000212,0,28,0.560606,0.014514
13201,Miller County,,GA,423,5820,6243,3,2,5,210,157,367,8,0.21865,0.224749,0.738557,0.000003,0.000004,15,0.000166,0,28,0.666667,0.000308
13205,Mitchell County,,GA,1499,22901,24400,8,6,14,738,850,1588,7,0.25338,0.263402,40.430645,0.000093,0.000116,18,0.000289,0,28,0.446429,0.001614
13207,Monroe County,,GA,1831,26237,28068,11,9,20,1593,986,2579,6,0.306821,0.321694,343.231357,0.002142,0.001383,18,0.000279,0,28,0.545455,0.018506
13209,Montgomery County,,GA,805,8271,9076,1,4,5,268,408,676,7,0.233976,0.241602,2048.129973,0.000004,0.000012,18,0.000071,0,28,0.416667,0.00012
13211,Morgan County,,GA,1364,19392,20756,9,8,17,1046,681,1727,6,0.300267,0.314934,52.331708,0.001605,0.000995,18,0.00019,0,28,0.652778,0.013043
13213,Murray County,,GA,3465,42242,45707,6,9,15,2037,2402,4439,7,0.273245,0.285623,15.082436,0.000118,0.00038,0,0.000173,0,28,0.555556,0.001586
13215,Muscogee County,,GA,20275,198277,218552,79,74,153,11680,13102,24782,6,0.377924,0.410209,36342.705285,0.02935,0.028816,18,0.001156,0,28,0.412685,0.217495
13217,Newton County,,GA,9981,99634,109615,28,22,50,8908,6928,15836,6,0.320544,0.341097,370.990117,0.012562,0.007548,18,0.000376,0,28,0.554924,0.089023
13219,Oconee County,,GA,2628,33812,36440,10,9,19,2069,1431,3500,6,0.307369,0.322714,267.421616,0.000949,0.001758,18,0.000222,0,28,0.6,0.008565
13221,Oglethorpe County,,GA,1130,14261,15391,4,5,9,805,694,1499,7,0.267032,0.277712,0,0.000179,0.000168,18,0.000121,0,28,1,0.001435
13223,Paulding County,,GA,12032,138116,150148,38,25,63,12784,8075,20859,6,0.344284,0.366439,869.264077,0.019733,0.010352,18,0.000463,0,28,0.666667,0.141163
13225,Peach County,,GA,2620,26261,28881,6,4,10,1819,1563,3382,7,0.271772,0.283091,51.289223,0.000959,0.000273,18,0.000188,0,28,0.52381,0.008088
13227,Pickens County,,GA,2186,31371,33557,9,7,16,1675,1309,2984,6,0.306628,0.321375,20.837031,0.002485,0.002096,18,0.000209,0,28,0.722222,0.021029
13229,Pierce County,,GA,1386,18364,19750,6,3,9,963,621,1584,7,0.236149,0.243376,4.612241,0.000817,0.000026,15,0.000207,0,28,0.733333,0.006587
13231,Pike County,,GA,1549,18352,19901,8,5,13,1374,910,2284,6,0.281641,0.293673,2.562797,0.000669,0.000659,18,0.000183,0,28,0.767857,0.007095
13233,Polk County,,GA,2406,42934,45340,10,10,20,1735,1583,3318,6,0.306917,0.32223,429.549762,0.001933,0.002285,18,0.000199,0,28,0.690909,0.016918
13235,Pulaski County,,GA,684,9639,10323,2,3,5,192,325,517,7,0.271722,0.282863,2.062024,0.00014,0.000256,18,0.000091,0,28,0.833333,0.001489
13237,Putnam County,,GA,1623,21888,23511,8,7,15,750,748,1498,7,0.272101,0.284146,83.340472,0.000892,0.000307,18,0.000186,0,28,0.455556,0.008223
13239,Quitman County,,GA,253,2344,2597,1,1,2,72,80,152,7,0.220065,0.226455,0,0.000005,0.00001,0,0.000069,0,28,0,0.000171
13241,Rabun County,,GA,1006,16950,17956,5,3,8,266,279,545,7,0.236264,0.243667,19.804719,0.001409,0.000033,18,0.000146,0,28,0.533333,0.011186
13243,Randolph County,,GA,549,7772,8321,1,2,3,43,135,178,7,0.253204,0.26249,0,0.000064,0.000066,18,0.000068,0,28,1,0.000574
13245,Richmond County,,GA,21048,203073,224121,73,73,146,12142,13637,25779,6,0.375932,0.407957,37355.196694,0.031565,0.030325,18,0.000947,0,28,0.428083,0.236066
13247,Rockdale County,,GA,10798,83505,94303,25,22,47,8519,7829,16348,6,0.317964,0.337642,642.148596,0.012565,0.006416,18,0.000317,0,28,0.559659,0.087402
13249,Schley County,,GA,451,4757,5208,1,2,3,269,241,510,7,0.237164,0.24402,1.575,0.000015,0.00001,18,0.000068,0,28,0,0.000153
13251,Screven County,,GA,1010,15147,16157,3,4,7,410,494,904,7,0.282539,0.295198,165.545703,0.000414,0.000446,18,0.000104,0,28,0.666667,0.00351
13253,Seminole County,,GA,635,9152,9787,3,3,6,356,275,631,8,0.219635,0.226316,10.480126,0.000003,0.000004,15,0.000185,0,28,0.5,0.000308
13255,Spalding County,,GA,5203,66206,71409,16,13,29,4369,3587,7956,6,0.3107,0.326892,215.951782,0.003534,0.003829,18,0.000321,0,28,0.591667,0.029778
13257,Stephens County,,GA,1733,28323,30056,11,9,20,893,728,1621,6,0.30163,0.316798,976.021789,0.000867,0.001121,18,0.000286,0,28,0.448718,0.008239
13259,Stewart County,,GA,332,4780,5112,2,1,3,129,86,215,7,0.274296,0.285582,2924,0.000225,0.000229,18,0.000106,0,28,0,0.001857
13261,Sumter County,,GA,2143,31806,33949,7,9,16,633,987,1620,6,0.310799,0.32651,6179.44727,0.000957,0.001921,18,0.00019,0,28,0.466667,0.008078
13263,Talbot County,,GA,572,7286,7858,2,3,5,179,291,470,7,0.274425,0.286095,0,0.000238,0.000251,18,0.000081,0,28,1,0.001977
13265,Taliaferro County,,GA,164,1728,1892,1,0,1,47,0,47,0,0,0,0,0.000007,0,18,0.00007,0,1,0,0.000181
13267,Tattnall County,,GA,1391,19408,20799,7,6,13,751,596,1347,7,0.283636,0.296937,432.107282,0.000628,0.000578,18,0.0002,0,28,0.47619,0.004866
13269,Taylor County,,GA,467,9077,9544,2,2,4,107,103,210,7,0.269617,0.280133,0,0.00014,0.00018,18,0.000082,0,28,0.833333,0.00148
13271,Telfair County,,GA,757,11032,11789,3,5,8,226,333,559,7,0.238928,0.247246,3893.104407,0.000002,0.000017,18,0.000222,0,28,0.2,0.00029
13273,Terrell County,,GA,746,10740,11486,3,2,5,376,383,759,7,0.253204,0.26249,0.5,0.000072,0.000075,18,0.000126,0,28,0.666667,0.000835
13275,Thomas County,,GA,2894,47198,50092,11,10,21,1531,1357,2888,6,0.311727,0.328004,1710.102923,0.002091,0.001838,18,0.000289,0,28,0.416667,0.014761
13277,Tift County,,GA,2948,41424,44372,10,10,20,1282,1298,2580,7,0.265143,0.277602,2978.80343,0.000185,0.000287,18,0.000342,0,28,0.3,0.002463
13279,Toombs County,,GA,1947,27451,29398,6,8,14,639,779,1418,7,0.283169,0.296823,7709.61639,0.000415,0.000453,18,0.0002,0,28,0.285714,0.003774
13281,Towns County,,GA,740,10599,11339,2,2,4,233,237,470,8,0.189207,0.192875,1,0,0.000029,15,0.000233,0,28,0.5,0.000373
13283,Treutlen County,,GA,335,5290,5625,3,2,5,147,145,292,7,0.233826,0.241066,4.79129,0.000017,0.000012,18,0.000115,0,28,0.666667,0.000375
13285,Troup County,,GA,3845,69505,73350,16,14,30,2429,2207,4636,6,0.31226,0.329087,1424.611519,0.003716,0.003767,18,0.000303,0,28,0.566667,0.030693
13287,Turner County,,GA,674,9834,10508,2,3,5,198,315,513,8,0.215444,0.222256,2.159524,0.000004,0.000004,18,0.000105,0,28,0.833333,0.000236
13289,Twiggs County,,GA,764,10194,10958,4,3,7,417,473,890,7,0.271722,0.282863,2.562024,0.000223,0.000256,18,0.000145,0,28,0.75,0.002292
13291,Union County,,GA,1278,21454,22732,8,4,12,567,323,890,7,0.233323,0.240036,8140.212615,0.003676,0.000031,15,0.00024,0,28,0.433333,0.026076
13293,Upson County,,GA,1568,29685,31253,6,9,15,682,739,1421,6,0.305506,0.32032,57.937739,0.000971,0.001684,18,0.000166,0,28,0.722222,0.008507
13295,Walker County,,GA,4734,68723,73457,10,10,20,3495,3310,6805,7,0.273245,0.285737,152.06509,0.000356,0.000329,0,0.000236,0,28,0.484848,0.003915
13297,Walton County,,GA,6376,84533,90909,20,17,37,6263,4246,10509,6,0.310865,0.327633,77.067012,0.006364,0.004484,18,0.000326,0,28,0.668421,0.048675
13299,Ware County,,GA,2718,35151,37869,12,12,24,1263,1509,2772,6,0.308569,0.324612,8416.590723,0.001368,0.001483,15,0.000395,0,28,0.346154,0.011579
13301,Warren County,,GA,519,6555,7074,1,2,3,172,290,462,7,0.273297,0.284693,0,0.000004,0.00025,18,0.000071,0,28,1,0.000113
13303,Washington County,,GA,940,22293,23233,4,5,9,247,362,609,7,0.274735,0.287247,336.0944,0.000037,0.000355,18,0.000156,0,28,0.4,0.000614
13305,Wayne County,,GA,1654,28224,29878,9,7,16,766,591,1357,6,0.307692,0.322623,4099.744503,0.001021,0.000975,15,0.000296,0,28,0.375,0.007828
13307,Webster County,,GA,188,2501,2689,0,1,1,0,40,40,8,0.215311,0.220778,0,0,0.000002,18,0.00005,0,49,0,0
13309,Wheeler County,,GA,336,4815,5151,2,1,3,105,69,174,8,0.192863,0.197065,6.03869,0,0,18,0.000103,0,28,0,0.000176
13311,White County,,GA,2100,25115,27215,6,6,12,1182,1140,2322,6,0.301257,0.315772,12.554362,0.001647,0.000903,18,0.000153,0,28,0.678571,0.01402
13313,Whitfield County,,GA,6763,118352,125115,13,18,31,3545,3870,7415,6,0.351231,0.373512,4436.119053,0.003639,0.007354,0,0.000264,0,28,0.488304,0.028921
13315,Wilcox County,,GA,480,7345,7825,1,2,3,53,143,196,8,0.214307,0.220681,4.003655,0.000002,0.000002,18,0.000076,0,28,0,0.000117
13317,Wilkes County,,GA,605,10996,11601,3,2,5,155,131,286,7,0.266934,0.277113,8.085168,0.000376,0.000079,18,0.000108,0,28,0.666667,0.002701
13319,Wilkinson County,,GA,775,11253,12028,3,4,7,298,441,739,7,0.247965,0.257919,1.619048,0.000114,0.00011,18,0.000116,0,28,0.833333,0.001094
13321,Worth County,,GA,1687,23139,24826,6,6,12,982,998,1980,7,0.253489,0.263687,272.068341,0.000078,0.0001,18,0.000207,0,28,0.571429,0.001307
15001,Hawaii County,,HI,8736,186292,195028,40,34,74,6429,4886,11315,6,0.356325,0.382399,191.858957,0.018915,0.018654,6,0.000484,0,28,0.776596,0.147269
15003,Honolulu County,,HI,66757,1065843,1132600,246,272,518,42312,49874,92186,5,0.446276,0.493918,51932.693841,0.094269,0.098725,6,0.002576,0,28,0.260752,0.678908
15005,Kalawao County,,HI,-2,-2,-4,0,0,0,0,0,0,0,0,0,0,0,0,19,0.00005,16,50,0,0
15007,Kauai County,,HI,3225,73362,76587,9,9,18,722,1406,2128,6,0.341828,0.361634,0,0.007525,0.007244,6,0.000133,0,28,0.990909,0.056331
15009,Maui County,,HI,8068,163257,171325,34,27,61,4997,4421,9418,6,0.354467,0.379207,15.280811,0.017559,0.016553,6,0.000379,0,28,0.880488,0.135163
16001,Ada County,,ID,28103,412355,440458,119,111,230,23538,21126,44664,6,0.376901,0.413264,77893.989136,0.033849,0.033852,6,0.001889,0,28,0.296467,0.270618
16003,Adams County,,ID,361,4143,4504,3,2,5,178,118,296,7,0.273783,0.286221,0,0.000377,0.000267,6,0.000106,0,28,1,0.003405
16005,Bannock County,,ID,6464,84443,90907,29,29,58,3780,3841,7621,6,0.338191,0.360511,20588.230363,0.007431,0.005894,6,0.000713,0,28,0.383244,0.060065
16007,Bear Lake County,,ID,472,6850,7322,2,1,3,97,73,170,7,0.252744,0.26133,0,0.000106,0.000058,6,0.000091,0,28,1,0.001303
16009,Benewah County,,ID,645,10100,10745,3,2,5,292,255,547,7,0.266302,0.278555,0,0.000347,0.000351,6,0.000105,0,28,1,0.003336
16011,Bingham County,,ID,3398,49247,52645,13,9,22,2151,2166,4317,6,0.300021,0.315059,1255.882437,0.003466,0.001179,6,0.000287,0,28,0.788462,0.028647
16013,Blaine County,,ID,1800,24531,26331,5,9,14,427,729,1156,6,0.34,0.359838,2214.488353,0.001057,0.005149,6,0.000141,0,28,0.644444,0.009308
16015,Boise County,,ID,663,7186,7849,2,2,4,374,371,745,7,0.273885,0.286392,0,0.000373,0.000386,6,0.000079,0,28,1,0.003292
16017,Bonner County,,ID,2888,42334,45222,13,8,21,1439,1340,2779,6,0.333752,0.352588,1620.562895,0.004726,0.002569,6,0.000291,0,28,0.631868,0.036975
16019,Bonneville County,,ID,7561,109897,117458,29,22,51,5984,4639,10623,6,0.338074,0.359513,8925.177916,0.009315,0.005307,6,0.000562,0,28,0.523656,0.073184
16021,Boundary County,,ID,769,11550,12319,2,2,4,237,263,500,7,0.256716,0.265913,0,0.000112,0.000147,6,0.000102,0,28,1,0.001361
16023,Butte County,,ID,233,3109,3342,0,1,1,0,46,46,7,0.252722,0.261115,0,0,0.000073,6,0.00005,0,51,0,0
16025,Camas County,,ID,77,1048,1125,0,0,0,0,0,0,0,0,0,0,0,0,20,0.00005,17,52,0,0
16027,Canyon County,,ID,14054,190018,204072,55,51,106,12996,10053,23049,6,0.348427,0.375085,12981.231736,0.015577,0.013936,6,0.000881,0,28,0.394172,0.122894
16029,Caribou County,,ID,535,7904,8439,1,1,2,117,112,229,7,0.252744,0.26133,0,0.000046,0.000058,6,0.000071,0,28,0,0.000573
16031,Cassia County,,ID,1797,23258,25055,7,6,13,1028,1045,2073,7,0.287994,0.302078,23.410913,0.001007,0.000718,6,0.000188,0,28,0.785714,0.008905
16033,Clark County,,ID,102,1035,1137,0,0,0,0,0,0,0,0,0,0,0,0,21,0.00005,18,53,0,0
16035,Clearwater County,,ID,696,8822,9518,2,2,4,169,241,410,7,0.237608,0.245032,0,0.000277,0.000027,6,0.000088,0,28,1,0.002384
16037,Custer County,,ID,407,4398,4805,0,0,0,0,0,0,0,0,0,0,0,0,22,0.00005,19,54,0,0
16039,Elmore County,,ID,4380,28507,32887,11,11,22,1287,1311,2598,6,0.3387,0.35892,494.790565,0.002947,0.004001,6,0.000201,0,28,0.495238,0.024066
16041,Franklin County,,ID,843,14169,15012,5,3,8,558,381,939,6,0.298489,0.311782,0,0.001175,0.000669,6,0.000127,0,28,1,0.009484
16043,Fremont County,,ID,1146,14022,15168,5,5,10,572,635,1207,6,0.299652,0.313976,121.165655,0.000138,0.000919,6,0.000159,0,28,0.809524,0.001962
16045,Gem County,,ID,1590,18053,19643,3,4,7,692,828,1520,7,0.273937,0.286734,0,0.000377,0.000393,6,0.000113,0,28,1,0.003413
16047,Gooding County,,ID,1464,15921,17385,5,4,9,732,903,1635,7,0.27386,0.28662,34.785977,0.000416,0.00035,6,0.000141,0,28,0.666667,0.004176
16049,Idaho County,,ID,948,14849,15797,3,4,7,270,323,593,7,0.273885,0.286677,1140.753825,0.000277,0.000279,6,0.000131,0,28,0.583333,0.002472
16051,Jefferson County,,ID,2384,26262,28646,9,7,16,2055,1451,3506,6,0.299652,0.313554,87.416746,0.001381,0.001036,6,0.000219,0,28,0.861111,0.011603
16053,Jerome County,,ID,2120,22167,24287,7,6,13,1489,1337,2826,7,0.274014,0.287133,118.426791,0.001237,0.000477,6,0.000196,0,28,0.571429,0.010651
16055,Kootenai County,,ID,8673,147901,156574,47,33,80,7356,5250,12606,6,0.3453,0.369186,10203.348909,0.014058,0.011704,6,0.000806,0,28,0.461961,0.114003
16057,Latah County,,ID,4267,33825,38092,16,16,32,1694,2041,3735,6,0.311495,0.328768,2029.255837,0.002687,0.003105,6,0.000354,0,28,0.523684,0.024027
16059,Lemhi County,,ID,582,8158,8740,1,1,2,44,41,85,7,0.252701,0.26109,0,0.000265,0.000073,6,0.000065,0,28,1,0.002229
16061,Lewis County,,ID,388,4854,5242,2,2,4,186,174,360,7,0.236742,0.243704,0,0.000014,0.000008,6,0.000102,0,28,1,0.000261
16063,Lincoln County,,ID,484,5215,5699,2,4,6,195,284,479,7,0.255237,0.264277,0.666667,0.000079,0.000089,6,0.00008,0,28,0.75,0.000778
16065,Madison County,,ID,5290,27143,32433,18,20,38,2124,3184,5308,6,0.337566,0.358573,2440.960859,0.005095,0.005291,6,0.000367,0,28,0.606061,0.042578
16067,Minidoka County,,ID,1704,22213,23917,7,5,12,1007,1055,2062,7,0.274091,0.287247,55.13729,0.001491,0.000408,6,0.000183,0,28,0.809524,0.013091
16069,Nez Perce County,,ID,3293,42768,46061,10,10,20,1727,2121,3848,6,0.310107,0.326208,5920.772074,0.000783,0.001534,6,0.000276,0,28,0.509091,0.007464
16071,Oneida County,,ID,326,4598,4924,3,2,5,130,115,245,7,0.252788,0.261558,0.471429,0.000176,0.000084,6,0.000115,0,28,0.833333,0.001844
16073,Owyhee County,,ID,1204,11518,12722,3,3,6,718,753,1471,7,0.274065,0.286791,0,0.000405,0.000409,6,0.000095,0,28,1,0.003571
16075,Payette County,,ID,1982,24190,26172,6,5,11,1261,1110,2371,7,0.273962,0.286905,1.916667,0.000386,0.000396,6,0.000199,0,28,0.7,0.003767
16077,Power County,,ID,692,8526,9218,2,2,4,258,385,643,7,0.252766,0.261501,0,0.000055,0.000085,6,0.000098,0,28,1,0.000889
16079,Shoshone County,,ID,961,13092,14053,2,2,4,361,410,771,7,0.266302,0.278555,0,0.000323,0.000351,6,0.000086,0,28,1,0.003051
16081,Teton County,,ID,989,9047,10036,4,4,8,449,317,766,7,0.253138,0.262219,22.754847,0.000371,0.000126,6,0.000115,0,28,0.55,0.003504
16083,Twin Falls County,,ID,5867,80665,86532,26,23,49,3996,3567,7563,6,0.337878,0.359371,5562.479115,0.008652,0.004921,6,0.000455,0,28,0.47931,0.067482
16085,Valley County,,ID,1298,10377,11675,3,4,7,492,544,1036,7,0.273937,0.286734,1.325887,0.000376,0.000392,6,0.000124,0,28,0.75,0.003405
16087,Washington County,,ID,844,10355,11199,4,4,8,438,473,911,7,0.273937,0.286734,0,0.00038,0.000393,6,0.00015,0,28,1,0.003546
17001,Adams County,,IL,3127,82275,85402,8,17,25,932,1257,2189,6,0.343757,0.364649,13348.669754,0.001673,0.003286,46,0.000242,0,28,0.352941,0.012235
17003,Alexander County,,IL,717,8081,8798,3,3,6,231,297,528,7,0.242535,0.250261,2966.884524,0.000019,0.000011,46,0.000114,0,28,0.666667,0.000374
17005,Bond County,,IL,1266,19019,20285,5,4,9,543,672,1215,7,0.264903,0.275477,39.994262,0.000281,0.000093,46,0.000158,0,28,0.6,0.002407
17007,Boone County,,IL,4915,66827,71742,11,9,20,4116,3504,7620,6,0.324925,0.342322,2.230669,0.003137,0.002471,155,0.000145,0,28,0.845455,0.02052
17009,Brown County,,IL,309,5998,6307,1,1,2,51,48,99,8,0.197488,0.201552,8.247522,0.000026,0,46,0.000062,0,28,0,0.000187
17011,Bureau County,,IL,2372,43906,46278,10,7,17,1278,1195,2473,6,0.324997,0.342208,1747.624545,0.002014,0.001121,155,0.00021,0,28,0.527273,0.013905
17013,Calhoun County,,IL,256,6219,6475,1,1,2,45,78,123,7,0.233883,0.239446,0,0.000097,0.000005,46,0.000065,0,28,1,0.000755
17015,Carroll County,,IL,1097,20215,21312,6,6,12,449,591,1040,6,0.324853,0.341866,16.83608,0.000684,0.001018,155,0.00014,0,28,0.589286,0.004708
17017,Cass County,,IL,1151,15876,17027,3,4,7,453,464,917,7,0.270992,0.281662,358.534062,0.000119,0.000072,155,0.000125,0,28,0.166667,0.0008
17019,Champaign County,,IL,15507,195106,210613,49,66,115,7055,9290,16345,6,0.390439,0.420622,37486.678557,0.016528,0.028562,155,0.000691,0,28,0.415715,0.121585
17021,Christian County,,IL,2022,41699,43721,5,5,10,937,1053,1990,7,0.271042,0.281821,30.0885,0.000166,0.000098,155,0.000147,0,28,0.566667,0.001263
17023,Clark County,,IL,1026,20194,21220,5,5,10,442,483,925,7,0.249509,0.259125,2602.080321,0.000043,0.000029,155,0.000181,0,28,0.35,0.000715
17025,Clay County,,IL,847,17352,18199,3,4,7,285,347,632,8,0.225183,0.23216,469.790198,0.000002,0.000005,46,0.000135,0,28,0.166667,0.000304
17027,Clinton County,,IL,1932,44858,46790,6,7,13,1185,1122,2307,6,0.306338,0.319562,189.222131,0.000292,0.000821,46,0.000175,0,28,0.642857,0.002539
17029,Coles County,,IL,3592,52565,56157,12,15,27,1647,1873,3520,6,0.326558,0.345275,12344.065436,0.001346,0.001867,155,0.000304,0,28,0.3375,0.009831
17031,Cook County,,IL,239272,5953531,6192803,441,464,905,178280,220488,398768,5,0.480289,0.541296,571468.180267,0.121424,0.121822,155,0.005113,0,28,0.120949,0.862499
17033,Crawford County,,IL,981,23008,23989,4,5,9,255,299,554,7,0.249021,0.258333,311.952367,0,0.000019,155,0.000191,0,28,0.3,0.000374
17035,Cumberland County,,IL,759,13304,14063,3,3,6,472,409,881,7,0.246668,0.254799,3.090852,0.000016,0.000013,155,0.000125,0,28,0.666667,0.000391
17037,DeKalb County,,IL,9025,108462,117487,14,19,33,6417,6050,12467,6,0.34271,0.363914,68.837198,0.003447,0.005429,155,0.000191,0,28,0.663743,0.022301
17039,De Witt County,,IL,1292,19826,21118,5,5,10,627,634,1261,7,0.284657,0.296122,4.428935,0.000379,0.000247,155,0.000132,0,28,0.8,0.002251
17041,Douglas County,,IL,1576,25698,27274,5,5,10,803,818,1621,7,0.281181,0.292428,114.30425,0.000242,0.000144,155,0.000151,0,28,0.55,0.001536
17043,DuPage County,,IL,75703,1102707,1178410,152,180,332,59399,65788,125187,5,0.427236,0.467408,36032.516333,0.066164,0.075276,155,0.001612,0,28,0.359095,0.463701
17045,Edgar County,,IL,1127,22284,23411,6,5,11,434,456,890,7,0.282049,0.293802,167.52467,0.000058,0.00016,155,0.000176,0,28,0.428571,0.000966
17047,Edwards County,,IL,375,8231,8606,3,1,4,179,81,260,8,0.208351,0.213121,10.055067,0.000001,0,155,0.000172,0,28,0.333333,0.000279
17049,Effingham County,,IL,2066,43797,45863,8,8,16,866,825,1691,7,0.283251,0.295358,11774.19158,0.000336,0.000212,155,0.000256,0,28,0.277778,0.00247
17051,Fayette County,,IL,1284,24684,25968,7,6,13,661,580,1241,7,0.265191,0.276235,58.9937,0.000104,0.000099,46,0.000232,0,28,0.357143,0.001414
17053,Ford County,,IL,1254,17053,18307,5,5,10,635,770,1405,7,0.284713,0.296236,3.315909,0.000373,0.000251,155,0.000115,0,28,0.65,0.002255
17055,Franklin County,,IL,2298,44478,46776,8,5,13,1158,1163,2321,7,0.261141,0.270866,5470.184813,0.001219,0.000046,46,0.000206,0,28,0.5,0.009223
17057,Fulton County,,IL,1893,43016,44909,7,5,12,1009,1107,2116,7,0.272685,0.283856,280.92464,0.000205,0.000154,155,0.0002,0,28,0.47619,0.001781
17059,Gallatin County,,IL,370,6629,6999,1,2,3,109,168,277,8,0.209216,0.214768,4.466667,0.000001,0.000001,46,0.000085,0,28,0.5,0.000097
17061,Greene County,,IL,819,16272,17091,5,5,10,458,500,958,7,0.274039,0.285424,1410.756257,0.000118,0.000166,46,0.000188,0,28,0.6,0.001227
17063,Grundy County,,IL,4286,61249,65535,9,8,17,3910,2792,6702,6,0.324853,0.342094,2.219841,0.002784,0.002099,155,0.000139,0,28,0.819444,0.018657
17065,Hamilton County,,IL,434,9743,10177,2,3,5,109,141,250,7,0.247944,0.256001,10.048753,0.000015,0.000012,46,0.0001,0,28,0.333333,0.000216
17067,Hancock County,,IL,1431,23733,25164,4,4,8,472,644,1116,7,0.257621,0.266973,63.732798,0.000045,0.000035,23,0.00013,0,28,0.4,0.000559
17069,Hardin County,,IL,256,4521,4777,1,1,2,56,50,106,8,0.208991,0.21413,0,0.000001,0,46,0.000085,0,28,0,0.000097
17071,Henderson County,,IL,503,8994,9497,2,3,5,166,219,385,7,0.247001,0.255061,9.911776,0.000013,0.000011,23,0.000093,0,28,0.166667,0.000275
17073,Henry County,,IL,3427,62910,66337,10,10,20,1958,2063,4021,6,0.325323,0.343063,606.845213,0.001385,0.001459,155,0.000234,0,28,0.5,0.011089
17075,Iroquois County,,IL,1960,37500,39460,7,6,13,1249,1032,2281,6,0.325142,0.342225,225.198843,0.001591,0.001142,155,0.000143,0,28,0.5,0.01074
17077,Jackson County,,IL,5880,52964,58844,19,24,43,2449,3060,5509,6,0.351527,0.374356,11857.850337,0.003539,0.007091,46,0.000355,0,28,0.435897,0.024181
17079,Jasper County,,IL,532,12618,13150,3,3,6,181,228,409,8,0.221515,0.227883,555.42891,0.000002,0.000003,155,0.000141,0,28,0.333333,0.000304
17081,Jefferson County,,IL,2354,43685,46039,9,12,21,991,1095,2086,6,0.328502,0.346951,11972.033738,0.000262,0.001821,46,0.000252,0,28,0.439394,0.002526
17083,Jersey County,,IL,1414,27105,28519,5,4,9,1163,877,2040,6,0.305219,0.317778,3092.889918,0.000699,0.000651,46,0.000183,0,28,0.5,0.005135
17085,Jo Daviess County,,IL,1387,28655,30042,7,5,12,776,742,1518,6,0.325069,0.342066,96.044904,0.001896,0.001001,155,0.000155,0,28,0.428571,0.013308
17087,Johnson County,,IL,791,12691,13482,2,4,6,277,339,616,7,0.260653,0.270028,27.833113,0.00002,0.000044,46,0.000098,0,28,0.5,0.000319
17089,Kane County,,IL,35730,581619,617349,71,77,148,31161,28390,59551,6,0.396099,0.427405,5179.706604,0.03283,0.037331,155,0.000787,0,28,0.51453,0.23496
17091,Kankakee County,,IL,6083,129949,136032,11,14,25,4102,3060,7162,6,0.341469,0.36189,108.394144,0.004165,0.004094,155,0.000161,0,28,0.6625,0.027838
17093,Kendall County,,IL,9337,126396,135733,16,12,28,14553,6472,21025,6,0.339369,0.358909,96.288838,0.005825,0.003809,155,0.000199,0,28,0.746324,0.039585
17095,Knox County,,IL,2957,59393,62350,11,12,23,1376,1432,2808,6,0.339842,0.359593,2814.895151,0.001474,0.002538,155,0.000244,0,28,0.515152,0.011593
17097,Lake County,,IL,44453,813347,857800,110,135,245,32675,34485,67160,5,0.413345,0.450359,9889.096198,0.055833,0.061657,155,0.001104,0,28,0.442685,0.393918
17099,LaSalle County,,IL,6390,140913,147303,18,18,36,4338,3739,8077,6,0.339881,0.360334,3959.389962,0.002866,0.003959,155,0.000303,0,28,0.511905,0.019419
17101,Lawrence County,,IL,890,17221,18111,3,3,6,338,351,689,7,0.232784,0.239602,1833.681404,0.000006,0.000005,155,0.000139,0,28,0.5,0.000329
17103,Lee County,,IL,2667,42537,45204,11,10,21,1739,1647,3386,6,0.324925,0.342436,41.31217,0.002519,0.001949,155,0.000178,0,28,0.69697,0.01693
17105,Livingston County,,IL,2367,45881,48248,7,10,17,1158,1437,2595,6,0.325286,0.342909,168.732727,0.001511,0.001615,155,0.000134,0,28,0.633333,0.010444
17107,Logan County,,IL,1743,32929,34672,8,6,14,925,830,1755,7,0.279541,0.290989,220.305152,0.001387,0.000208,155,0.00017,0,28,0.714286,0.00985
17109,McDonough County,,IL,2392,30305,32697,10,12,22,822,947,1769,6,0.325975,0.344175,12066.174458,0.001251,0.001947,155,0.000257,0,28,0.339744,0.009295
17111,McHenry County,,IL,18991,381190,400181,29,38,67,15525,13190,28715,6,0.367706,0.39418,701.65184,0.013159,0.019066,155,0.00032,0,28,0.643293,0.091616
17113,McLean County,,IL,10845,184669,195514,37,45,82,6193,6106,12299,6,0.370643,0.39833,9306.227225,0.010287,0.014466,155,0.000518,0,28,0.374811,0.068298
17115,Macon County,,IL,6199,131421,137620,19,22,41,2517,3093,5610,6,0.345096,0.366957,7418.534093,0.003062,0.005058,155,0.000354,0,28,0.429348,0.021172
17117,Macoupin County,,IL,3159,57463,60622,7,8,15,1837,2003,3840,6,0.306724,0.320303,420.286007,0.000992,0.000892,46,0.000186,0,28,0.553571,0.00707
17119,Madison County,,IL,15293,320130,335423,42,41,83,9837,9732,19569,6,0.359921,0.387095,36181.873354,0.01131,0.012444,46,0.000714,0,28,0.310196,0.081618
17121,Marion County,,IL,2305,47150,49455,8,7,15,951,910,1861,7,0.277209,0.288974,1424.623226,0.000316,0.000293,46,0.000217,0,28,0.486111,0.002838
17123,Marshall County,,IL,1135,15884,17019,5,6,11,457,692,1149,7,0.272609,0.283993,714.857978,0.00116,0.000179,155,0.000117,0,28,0.642857,0.008535
17125,Mason County,,IL,1068,17881,18949,6,5,11,576,616,1192,7,0.275071,0.286541,17.830953,0.000282,0.000213,155,0.00017,0,28,0.566667,0.002097
17127,Massac County,,IL,1021,17875,18896,4,1,5,371,317,688,7,0.235465,0.242145,3001.727233,0.000011,0.000014,0,0.000209,0,28,0,0.000469
17129,Menard County,,IL,962,15630,16592,1,2,3,577,488,1065,7,0.270741,0.280892,0,0.00011,0.000072,155,0.000062,0,28,1,0.0006
17131,Mercer County,,IL,1191,21337,22528,6,5,11,757,676,1433,7,0.274631,0.285133,11.663983,0.000252,0.000315,155,0.000156,0,28,0.633333,0.002808
17133,Monroe County,,IL,1856,41427,43283,7,6,13,1618,1135,2753,6,0.306242,0.319334,67.508257,0.001395,0.001056,46,0.000141,0,28,0.833333,0.009738
17135,Montgomery County,,IL,1706,34535,36241,6,6,12,899,901,1800,7,0.274039,0.285538,46.584551,0.000217,0.000171,46,0.000188,0,28,0.5,0.001818
17137,Morgan County,,IL,2142,40278,42420,7,9,16,947,1089,2036,6,0.326121,0.343964,4997.111692,0.000217,0.001142,155,0.00022,0,28,0.361111,0.001882
17139,Moultrie County,,IL,1101,17699,18800,4,6,10,644,692,1336,7,0.281208,0.292628,42.890893,0.000056,0.00017,155,0.000135,0,28,0.666667,0.000659
17141,Ogle County,,IL,4255,66856,71111,12,15,27,2826,2829,5655,6,0.339487,0.359422,93.701307,0.002638,0.003427,155,0.000185,0,28,0.614286,0.017439
17143,Peoria County,,IL,13305,218492,231797,41,49,90,7893,8997,16890,6,0.374152,0.403106,19693.479512,0.013119,0.017581,155,0.000615,0,28,0.387142,0.09303
17145,Perry County,,IL,1243,23845,25088,5,6,11,569,644,1213,7,0.276763,0.288073,29.330099,0.000086,0.000227,46,0.000152,0,28,0.633333,0.000897
17147,Piatt County,,IL,1321,20169,21490,6,5,11,872,775,1647,7,0.284657,0.296122,11.687765,0.00038,0.000238,155,0.00015,0,28,0.633333,0.002277
17149,Pike County,,IL,894,18897,19791,4,5,9,215,328,543,7,0.271495,0.282522,47.644928,0.000146,0.000099,46,0.000128,0,28,0.4,0.001049
17151,Pope County,,IL,274,4360,4634,1,1,2,40,67,107,8,0.19065,0.194286,8.732393,0.000001,0,0,0.000085,0,28,0,0.000097
17153,Pulaski County,,IL,439,6922,7361,1,4,5,76,229,305,7,0.242756,0.250712,6.034524,0,0.000011,46,0.000082,0,28,0.5,0.000091
17155,Putnam County,,IL,522,7614,8136,3,2,5,270,280,550,7,0.253797,0.262025,0,0.000041,0.000038,155,0.000107,0,28,0.833333,0.000612
17157,Randolph County,,IL,1877,36879,38756,6,9,15,849,1152,2001,6,0.306499,0.320047,169.503892,0.000248,0.001089,46,0.00016,0,28,0.544444,0.002123
17159,Richland County,,IL,1086,19294,20380,5,6,11,305,348,653,7,0.233285,0.240839,140.988439,0,0.000005,155,0.000218,0,28,0.266667,0.000458
17161,Rock Island County,,IL,10534,177825,188359,22,27,49,5022,6360,11382,6,0.367014,0.391917,5257.126788,0.004596,0.012908,155,0.00038,0,28,0.499109,0.033856
17163,St. Clair County,,IL,18068,306373,324441,58,54,112,10522,10989,21511,6,0.38063,0.409348,34251.195621,0.021693,0.022449,46,0.000785,0,28,0.400875,0.158317
17165,Saline County,,IL,1397,27827,29224,5,6,11,441,535,976,7,0.264185,0.274941,13536.130899,0.000021,0.000065,46,0.000245,0,28,0.119048,0.000652
17167,Sangamon County,,IL,10457,239027,249484,36,44,80,6204,6188,12392,6,0.371113,0.398615,38385.755694,0.00899,0.014128,155,0.000601,0,28,0.360969,0.062443
17169,Schuyler County,,IL,584,8600,9184,3,3,6,198,273,471,7,0.246024,0.253887,2927.393915,0.000016,0.000012,155,0.000148,0,28,0.166667,0.00035
17171,Scott County,,IL,408,6254,6662,2,2,4,151,206,357,7,0.245983,0.253476,0,0.00001,0.000003,155,0.000103,0,28,1,0.000211
17173,Shelby County,,IL,1437,26401,27838,7,6,13,960,848,1808,7,0.2571,0.266659,59.029311,0.000169,0.00004,155,0.000197,0,28,0.5,0.001468
17175,Stark County,,IL,510,7479,7989,2,2,4,208,199,407,7,0.272405,0.283081,0,0.000149,0.000113,155,0.000081,0,28,1,0.001016
17177,Stephenson County,,IL,2693,59402,62095,9,9,18,1286,1308,2594,6,0.34,0.359451,241.343406,0.001939,0.003064,155,0.000169,0,28,0.581818,0.013348
17179,Tazewell County,,IL,8541,164510,173051,15,18,33,5930,5258,11188,6,0.342991,0.363794,2369.416116,0.003587,0.003907,155,0.00028,0,28,0.493464,0.025123
17181,Union County,,IL,982,20411,21393,6,5,11,443,420,863,7,0.262313,0.272507,240.923145,0.000095,0.000054,46,0.000169,0,28,0.433333,0.000963
17183,Vermilion County,,IL,4302,93622,97924,11,13,24,1720,1975,3695,6,0.327509,0.346443,3318.693122,0.002181,0.001905,155,0.000221,0,28,0.378205,0.01469
17185,Wabash County,,IL,684,14534,15218,2,3,5,135,212,347,7,0.263163,0.272895,3109.372684,0.000005,0.000045,155,0.000222,0,28,0.333333,0.000224
17187,Warren County,,IL,1272,19959,21231,4,6,10,384,606,990,7,0.269319,0.279746,153.447586,0.000036,0.000061,155,0.000139,0,28,0.309524,0.000541
17189,Washington County,,IL,1108,18596,19704,6,7,13,632,705,1337,7,0.276684,0.288273,104.700792,0.000297,0.000267,46,0.000164,0,28,0.595238,0.002528
17191,Wayne County,,IL,991,19758,20749,4,5,9,275,440,715,7,0.248302,0.25697,943.995203,0.000015,0.000002,46,0.00016,0,28,0.15,0.000402
17193,White County,,IL,812,17719,18531,5,5,10,301,303,604,7,0.263875,0.274337,5458.920025,0.000054,0.00004,46,0.000189,0,28,0.142857,0.00078
17195,Whiteside County,,IL,3307,74938,78245,12,13,25,1832,1741,3573,6,0.339684,0.359479,219.852824,0.002038,0.002856,155,0.000221,0,28,0.533333,0.015074
17197,Will County,,IL,44706,800097,844803,74,105,179,41152,36372,77524,5,0.404538,0.438298,9310.539021,0.033767,0.046665,155,0.00082,0,28,0.428872,0.236446
17199,Williamson County,,IL,4464,72667,77131,14,14,28,2569,2363,4932,6,0.328576,0.34735,16177.517888,0.002029,0.002539,46,0.000313,0,28,0.386029,0.014968
17201,Winnebago County,,IL,15543,358364,373907,38,48,86,10340,9413,19753,6,0.378511,0.407108,2088.192639,0.015298,0.020573,155,0.000441,0,28,0.512579,0.105795
17203,Woodford County,,IL,2638,46366,49004,7,6,13,1884,1580,3464,6,0.324961,0.342037,101.310888,0.001278,0.001191,155,0.000136,0,28,0.761905,0.009343
18001,Adams County,,IN,1747,42751,44498,5,6,11,797,865,1662,6,0.302378,0.316382,319.780457,0.000266,0.000704,155,0.000135,0,28,0.366667,0.001654
18003,Allen County,,IN,18901,424882,443783,60,80,140,9926,11709,21635,6,0.388726,0.421363,45239.615594,0.019764,0.031234,155,0.000722,0,28,0.373748,0.131637
18005,Bartholomew County,,IN,5265,93077,98342,16,14,30,2934,2861,5795,6,0.329131,0.348472,569.040069,0.003097,0.002536,155,0.000271,0,28,0.402632,0.019899
18007,Benton County,,IN,898,10604,11502,2,4,6,420,552,972,7,0.275901,0.286933,0.75,0.000163,0.000108,155,0.000084,0,28,0.5,0.000873
18009,Blackford County,,IN,1007,16169,17176,4,5,9,505,552,1057,6,0.301817,0.315242,140.428537,0.000059,0.000564,155,0.000121,0,28,0.6,0.000636
18011,Boone County,,IN,4278,63566,67844,9,11,20,3045,2560,5605,6,0.326813,0.345218,167.043242,0.002063,0.002111,155,0.000188,0,28,0.736364,0.015234
18013,Brown County,,IN,1660,18468,20128,5,5,10,902,1030,1932,6,0.30163,0.3149,0.2,0.000791,0.000718,155,0.000128,0,28,0.95,0.005636
18015,Carroll County,,IN,1659,24709,26368,5,6,11,995,1041,2036,6,0.301941,0.315584,0.712121,0.00019,0.000655,155,0.000137,0,28,0.9,0.001409
18017,Cass County,,IN,2421,47668,50089,9,9,18,1319,1265,2584,6,0.302097,0.316211,230.180878,0.001018,0.000942,155,0.00018,0,28,0.545455,0.006572
18019,Clark County,,IN,8671,125308,133979,14,12,26,6950,5916,12866,6,0.304647,0.320115,970.233336,0.003161,0.001093,101,0.000315,0,28,0.316667,0.024245
18021,Clay County,,IN,1877,32376,34253,8,8,16,1289,1163,2452,6,0.301879,0.315641,4.883333,0.000688,0.000657,155,0.000201,0,28,0.678571,0.005468
18023,Clinton County,,IN,2625,41632,44257,9,8,17,1629,1604,3233,6,0.302004,0.315926,98.255572,0.001039,0.000949,155,0.000193,0,28,0.652778,0.007647
18025,Crawford County,,IN,876,12327,13203,6,5,11,434,522,956,6,0.295324,0.308162,74.541335,0.000478,0.000496,101,0.000191,0,28,0.466667,0.004319
18027,Daviess County,,IN,1348,35614,36962,9,8,17,639,691,1330,6,0.302566,0.316575,1171.184715,0.000109,0.000692,155,0.000271,0,28,0.518182,0.001557
18029,Dearborn County,,IN,3726,61608,65334,10,10,20,2789,2457,5246,6,0.305538,0.32052,839.826697,0.001506,0.001328,101,0.000215,0,28,0.511111,0.010182
18031,Decatur County,,IN,1854,32224,34078,7,10,17,995,1194,2189,6,0.305283,0.320121,38.251833,0.000631,0.001073,155,0.00017,0,28,0.5,0.004824
18033,DeKalb County,,IN,3133,51927,55060,5,7,12,1945,1949,3894,6,0.302347,0.316439,35.958835,0.000267,0.000697,155,0.000117,0,28,0.547619,0.001599
18035,Delaware County,,IN,7573,121553,129126,20,21,41,3445,4290,7735,6,0.345667,0.367949,9787.872854,0.002949,0.004691,155,0.000316,0,28,0.474026,0.020754
18037,Dubois County,,IN,2237,54387,56624,11,12,23,1213,1173,2386,6,0.302754,0.31743,3228.909934,0.000661,0.000871,155,0.000343,0,28,0.310606,0.005271
18039,Elkhart County,,IN,11700,241529,253229,23,30,53,6310,7065,13375,6,0.356803,0.382575,5510.371483,0.006656,0.009597,155,0.000298,0,28,0.435606,0.044517
18041,Fayette County,,IN,1583,28783,30366,8,6,14,936,809,1745,6,0.301786,0.315299,104.975042,0.000634,0.00056,155,0.000192,0,28,0.535714,0.004824
18043,Floyd County,,IN,6675,86288,92963,9,8,17,5161,4975,10136,6,0.303919,0.31861,141.278735,0.001134,0.001049,101,0.000245,0,28,0.5,0.009285
18045,Fountain County,,IN,1356,21780,23136,5,7,12,808,828,1636,6,0.302066,0.315897,261.191874,0.000184,0.000645,155,0.000147,0,28,0.547619,0.001284
18047,Franklin County,,IN,1636,30267,31903,8,8,16,1058,1042,2100,6,0.305219,0.319779,66.79041,0.000809,0.001161,101,0.000174,0,28,0.488889,0.005173
18049,Fulton County,,IN,1500,25468,26968,7,10,17,714,920,1634,6,0.302129,0.316382,56.408584,0.000138,0.000786,155,0.000146,0,28,0.454545,0.001469
18051,Gibson County,,IN,2205,40145,42350,8,9,17,1098,1263,2361,6,0.30266,0.31686,4219.500483,0.000655,0.000582,155,0.000269,0,28,0.486111,0.004948
18053,Grant County,,IN,3757,78796,82553,10,14,24,1559,1845,3404,6,0.327399,0.346472,923.587945,0.00116,0.002127,155,0.000199,0,28,0.516484,0.00833
18055,Greene County,,IN,2381,38383,40764,9,10,19,1410,1572,2982,6,0.302097,0.316239,134.737807,0.000777,0.000693,155,0.000227,0,28,0.544444,0.005777
18057,Hamilton County,,IN,21344,296780,318124,95,74,169,22687,15082,37769,6,0.392378,0.423136,23543.734183,0.036492,0.031974,155,0.00114,0,28,0.390385,0.253977
18059,Hancock County,,IN,5861,82276,88137,12,10,22,4835,4019,8854,6,0.301941,0.31604,17.188435,0.001425,0.001022,155,0.000217,0,28,0.615385,0.010076
18061,Harrison County,,IN,2708,46046,48754,6,5,11,1809,1747,3556,6,0.295115,0.307792,3.717981,0.000494,0.000515,101,0.000184,0,28,0.633333,0.00446
18063,Hendricks County,,IN,12181,161251,173432,31,22,53,10846,8267,19113,6,0.356934,0.380221,2877.017553,0.010253,0.007046,155,0.00045,0,28,0.464706,0.071671
18065,Henry County,,IN,2827,58016,60843,9,9,18,1891,1723,3614,6,0.302004,0.31604,353.063958,0.000926,0.000895,155,0.000184,0,28,0.6,0.007226
18067,Howard County,,IN,5575,103469,109044,15,14,29,2700,2967,5667,6,0.302786,0.318035,278.365512,0.001833,0.001271,155,0.000258,0,28,0.444853,0.01254
18069,Huntington County,,IN,2477,47234,49711,6,6,12,1140,1240,2380,6,0.30216,0.315983,27.719653,0.000291,0.000704,155,0.000151,0,28,0.690476,0.001907
18071,Jackson County,,IN,3069,53604,56673,7,10,17,1437,1909,3346,6,0.307595,0.32292,115.63725,0.000624,0.001431,155,0.000183,0,28,0.444444,0.004813
18073,Jasper County,,IN,2334,40035,42369,8,8,16,1704,1398,3102,6,0.326777,0.344819,345.350099,0.001401,0.001815,155,0.000166,0,28,0.625,0.010089
18075,Jay County,,IN,1221,26503,27724,5,5,10,486,602,1088,7,0.257236,0.266665,11.381564,0.000057,0.000028,155,0.00014,0,28,0.4,0.000675
18077,Jefferson County,,IN,2024,37557,39581,11,11,22,1046,947,1993,6,0.304171,0.319408,538.616665,0.001114,0.001087,155,0.000262,0,28,0.378788,0.009
18079,Jennings County,,IN,2187,33510,35697,8,8,16,1293,1397,2690,6,0.30191,0.315755,34.535878,0.000682,0.000632,155,0.000183,0,28,0.589286,0.005292
18081,Johnson County,,IN,12835,159546,172381,29,26,55,11749,9241,20990,6,0.34822,0.370799,2397.940035,0.006135,0.00572,155,0.000462,0,28,0.382056,0.044927
18083,Knox County,,IN,1946,42441,44387,10,10,20,884,908,1792,6,0.302848,0.317231,10885.431071,0.000678,0.000711,155,0.000296,0,28,0.4,0.00533
18085,Kosciusko County,,IN,5103,96191,101294,16,15,31,2822,2668,5490,6,0.327472,0.3467,1511.54227,0.002613,0.002315,155,0.000252,0,28,0.464912,0.018555
18087,LaGrange County,,IN,2537,45635,48172,7,7,14,1505,1718,3223,7,0.280587,0.293061,12.295739,0.000356,0.000243,155,0.000135,0,28,0.619048,0.002279
18089,Lake County,,IN,28386,573498,601884,46,61,107,22152,21009,43161,6,0.385956,0.415726,8417.250703,0.022347,0.026903,155,0.000523,0,28,0.503963,0.153467
18091,LaPorte County,,IN,5523,129881,135404,13,12,25,3614,2976,6590,6,0.34135,0.361548,51.113447,0.003707,0.003496,155,0.000169,0,28,0.742857,0.022592
18093,Lawrence County,,IN,2607,54761,57368,7,9,16,1372,1366,2738,6,0.301973,0.315983,2105.932201,0.000743,0.000704,155,0.000196,0,28,0.361111,0.005353
18095,Madison County,,IN,7658,152043,159701,15,15,30,4662,4492,9154,6,0.335321,0.355347,704.244121,0.003397,0.002349,155,0.000259,0,28,0.529412,0.025368
18097,Marion County,,IN,67710,1028363,1096073,200,202,402,51551,57290,108841,5,0.431587,0.473609,232808.973215,0.067681,0.07384,155,0.002561,0,28,0.252937,0.479726
18099,Marshall County,,IN,3130,56908,60038,9,11,20,1803,1920,3723,6,0.326923,0.345389,667.792227,0.001856,0.002105,155,0.000157,0,28,0.636364,0.013445
18101,Martin County,,IN,682,12511,13193,4,3,7,281,247,528,7,0.232654,0.239523,2.235791,0.000022,0.000012,155,0.000144,0,28,0.583333,0.000511
18103,Miami County,,IN,3090,40554,43644,7,10,17,1272,1788,3060,6,0.302598,0.317237,110.277972,0.000867,0.001109,155,0.000146,0,28,0.655556,0.005761
18105,Monroe County,,IN,11400,116174,127574,40,40,80,5749,6450,12199,6,0.379494,0.406846,9076.566656,0.013617,0.017962,155,0.00058,0,28,0.455882,0.098921
18107,Montgomery County,,IN,2567,46050,48617,9,9,18,1217,1359,2576,6,0.302004,0.31604,92.647268,0.000862,0.001013,155,0.0002,0,28,0.611111,0.00623
18109,Morgan County,,IN,5335,83223,88558,14,10,24,4641,3689,8330,6,0.301973,0.31604,16.000933,0.001325,0.001103,155,0.000273,0,28,0.598901,0.010107
18111,Newton County,,IN,1253,16712,17965,7,5,12,828,673,1501,6,0.285101,0.296819,330.285522,0.001405,0.00028,155,0.000143,0,28,0.571429,0.00987
18113,Noble County,,IN,3492,56110,59602,7,8,15,2258,2330,4588,6,0.302347,0.316553,51.124511,0.000352,0.000766,155,0.00015,0,28,0.625,0.002283
18115,Ohio County,,IN,620,7335,7955,3,3,6,431,382,813,7,0.254637,0.263695,0,0.000542,0.000085,101,0.000101,0,28,0.833333,0.003393
18117,Orange County,,IN,1259,22593,23852,5,6,11,490,631,1121,6,0.302004,0.315669,931.692837,0.000597,0.000548,155,0.00016,0,28,0.4,0.004391
18119,Owen County,,IN,1821,24489,26310,8,8,16,1242,1234,2476,6,0.301879,0.315641,2.147363,0.000827,0.000763,155,0.000188,0,28,0.803571,0.006261
18121,Parke County,,IN,1131,17812,18943,7,6,13,696,660,1356,6,0.301848,0.315356,180.526476,0.000631,0.000571,155,0.000176,0,28,0.595238,0.004775
18123,Perry County,,IN,1004,21390,22394,5,5,10,439,429,868,7,0.264879,0.274953,176.204677,0.000072,0.000056,155,0.000188,0,28,0.6,0.000944
18125,Pike County,,IN,825,15669,16494,5,5,10,545,484,1029,7,0.2634,0.273596,2.498543,0.000076,0.000056,155,0.000176,0,28,0.85,0.000947
18127,Porter County,,IN,11628,190782,202410,19,20,39,9142,7422,16564,6,0.34851,0.371027,895.611983,0.006812,0.007486,155,0.000246,0,28,0.563241,0.0482
18129,Posey County,,IN,1784,32071,33855,3,4,7,1068,1114,2182,7,0.263423,0.273425,7.933333,0.000069,0.000046,155,0.000117,0,28,0.666667,0.000658
18131,Pulaski County,,IN,1093,16049,17142,7,7,14,564,626,1190,7,0.27611,0.287731,29.650191,0.000322,0.000142,155,0.000147,0,28,0.486111,0.002592
18133,Putnam County,,IN,2774,40176,42950,11,11,22,1916,1739,3655,6,0.302222,0.31661,14.76291,0.000913,0.001075,155,0.000241,0,28,0.651515,0.006893
18135,Randolph County,,IN,1809,31722,33531,5,7,12,998,1191,2189,6,0.302066,0.315926,179.479466,0.000072,0.000607,155,0.000129,0,28,0.5,0.000842
18137,Ripley County,,IN,2083,32888,34971,8,9,17,1204,1240,2444,6,0.305315,0.320064,326.203932,0.00115,0.001029,101,0.000184,0,28,0.5,0.007822
18139,Rush County,,IN,1473,21051,22524,6,7,13,803,950,1753,6,0.301786,0.315413,15.512342,0.000613,0.000571,155,0.000156,0,28,0.619048,0.004611
18141,St. Joseph County,,IN,16221,311767,327988,46,51,97,9071,9980,19051,6,0.377583,0.406669,3348.515664,0.022012,0.024121,155,0.000491,0,28,0.589862,0.148746
18143,Scott County,,IN,1844,26736,28580,7,7,14,1086,1200,2286,6,0.295294,0.308362,47.560781,0.000492,0.00053,101,0.000192,0,28,0.571429,0.004493
18145,Shelby County,,IN,3286,53664,56950,10,10,20,2256,2170,4426,6,0.30191,0.315983,13.467399,0.000954,0.001,155,0.00021,0,28,0.55303,0.007684
18147,Spencer County,,IN,1652,25873,27525,5,5,10,792,1010,1802,7,0.264879,0.274953,4.41561,0.000082,0.000057,155,0.000171,0,28,0.8,0.000957
18149,Starke County,,IN,1797,27286,29083,8,9,17,1242,1241,2483,6,0.324997,0.342436,528.475718,0.00146,0.001407,155,0.00014,0,28,0.611111,0.01065
18151,Steuben County,,IN,2618,39555,42173,9,9,18,1596,1414,3010,6,0.302598,0.317123,79.198057,0.000375,0.000766,155,0.000156,0,28,0.444444,0.002537
18153,Sullivan County,,IN,1234,23532,24766,5,5,10,687,670,1357,6,0.301879,0.31527,1.742832,0.00062,0.000564,155,0.000142,0,28,0.9,0.004532
18155,Switzerland County,,IN,835,9679,10514,5,5,10,402,487,889,7,0.254859,0.264493,12.195558,0.000558,0.000103,101,0.000143,0,28,0.533333,0.003709
18157,Tippecanoe County,,IN,14249,164395,178644,45,60,105,7556,8290,15846,6,0.380729,0.410625,26788.344533,0.010307,0.020548,155,0.000673,0,28,0.336538,0.074315
18159,Tipton County,,IN,1297,19933,21230,4,4,8,764,768,1532,6,0.301661,0.314843,0,0.000855,0.000855,155,0.000104,0,28,1,0.006435
18161,Union County,,IN,700,8388,9088,4,3,7,372,394,766,7,0.279434,0.290593,3.3633,0.000257,0.000181,155,0.000116,0,28,0.666667,0.001621
18163,Vanderburgh County,,IN,11978,202187,214165,31,29,60,6466,7257,13723,6,0.356934,0.381857,65071.531568,0.00507,0.006851,155,0.000756,0,28,0.241176,0.038584
18165,Vermillion County,,IN,1270,19941,21211,5,5,10,601,679,1280,7,0.248915,0.25819,299.667142,0.000629,0.000042,155,0.000133,0,28,0.5,0.004555
18167,Vigo County,,IN,6955,114236,121191,20,25,45,2964,3573,6537,6,0.330657,0.351835,12828.603591,0.002333,0.003476,155,0.00045,0,28,0.32,0.018181
18169,Wabash County,,IN,2036,40634,42670,8,7,15,986,990,1976,6,0.302191,0.316154,130.391687,0.000878,0.000724,155,0.000166,0,28,0.625,0.005873
18171,Warren County,,IN,676,10504,11180,4,3,7,496,390,886,7,0.276136,0.28715,3.032973,0.000181,0.000099,155,0.00011,0,28,0.666667,0.00111
18173,Warrick County,,IN,4637,69450,74087,7,10,17,3372,2845,6217,6,0.304774,0.320115,536.142238,0.000083,0.00135,155,0.00022,0,28,0.466667,0.001182
18175,Washington County,,IN,1796,32961,34757,8,8,16,1153,1182,2335,6,0.295354,0.30859,106.18028,0.000492,0.00053,101,0.000224,0,28,0.428571,0.00457
18177,Wayne County,,IN,4093,82447,86540,10,16,26,1428,2095,3523,6,0.314815,0.332718,866.489105,0.001293,0.002462,155,0.000209,0,28,0.366013,0.008245
18179,Wells County,,IN,1845,33212,35057,6,6,12,1104,1074,2178,6,0.302222,0.316097,325.2682,0.000276,0.000689,155,0.000155,0,28,0.5,0.00171
18181,White County,,IN,1971,30634,32605,10,7,17,1265,1124,2389,6,0.302004,0.315812,582.92974,0.001936,0.000641,155,0.000198,0,28,0.466667,0.013606
18183,Whitley County,,IN,2350,41588,43938,6,5,11,1570,1480,3050,7,0.280103,0.291961,2.842857,0.000285,0.000187,155,0.000144,0,28,0.633333,0.001856
19001,Adair County,,IA,670,9349,10019,3,5,8,223,342,565,7,0.284657,0.2966,7.985714,0.000276,0.00028,23,0.000194,0,28,0.5,0.002144
19003,Adams County,,IA,312,5117,5429,0,1,1,0,42,42,8,0.221524,0.226925,0,0,0.000002,23,0.00005,0,55,0,0
19005,Allamakee County,,IA,981,17303,18284,3,4,7,241,336,577,7,0.2673,0.277945,13.942543,0.00001,0.000105,23,0.000116,0,28,0.4,0.000298
19007,Appanoose County,,IA,860,14621,15481,3,4,7,170,296,466,7,0.284657,0.296526,1966.985892,0.000273,0.000238,23,0.000128,0,28,0.5,0.002118
19009,Audubon County,,IA,331,7563,7894,3,2,5,148,82,230,8,0.229136,0.235164,2.815079,0.000012,0.000007,23,0.000135,0,28,0,0.000356
19011,Benton County,,IA,1969,31563,33532,5,7,12,1203,1314,2517,7,0.286078,0.299125,22.285455,0.000277,0.000489,23,0.000146,0,28,0.690476,0.002293
19013,Black Hawk County,,IA,7654,141930,149584,25,27,52,3819,4168,7987,6,0.350012,0.372999,24036.640018,0.00338,0.004664,23,0.000639,0,28,0.27931,0.028057
19015,Boone County,,IA,2003,31601,33604,6,4,10,1013,997,2010,7,0.28463,0.296469,2.242857,0.000358,0.000312,23,0.000198,0,28,0.733333,0.003103
19017,Bremer County,,IA,1791,27901,29692,5,6,11,789,954,1743,7,0.285352,0.297968,398.786782,0.000311,0.000364,23,0.000203,0,28,0.5,0.002559
19019,Buchanan County,,IA,1259,25251,26510,4,4,8,607,644,1251,7,0.267594,0.27835,2.286752,0.000137,0.000131,23,0.000136,0,28,0.75,0.001428
19021,Buena Vista County,,IA,1739,23204,24943,5,12,17,400,705,1105,6,0.302129,0.317054,16434.120913,0.000956,0.000923,23,0.000178,0,28,0.224359,0.007351
19023,Butler County,,IA,874,18664,19538,4,3,7,447,432,879,7,0.284796,0.296669,0.75,0.000051,0.000262,23,0.000145,0,28,0.6,0.00064
19025,Calhoun County,,IA,791,12077,12868,4,3,7,297,269,566,7,0.284602,0.296298,431.786423,0.000278,0.000275,23,0.000145,0,28,0.5,0.00231
19027,Carroll County,,IA,1357,26292,27649,6,7,13,437,544,981,7,0.284824,0.297182,2426.962969,0.000281,0.000308,23,0.000252,0,28,0.305556,0.002451
19029,Cass County,,IA,900,16669,17569,6,6,12,316,329,645,7,0.296883,0.309579,3595.088612,0.000654,0.000622,23,0.000241,0,28,0.404762,0.005127
19031,Cedar County,,IA,1439,22529,23968,5,5,10,880,868,1748,7,0.275901,0.287567,2.166569,0.000369,0.00046,23,0.000136,0,28,0.85,0.003838
19033,Cerro Gordo County,,IA,3018,52653,55671,13,13,26,1294,1490,2784,6,0.309254,0.32541,21581.704284,0.00123,0.001106,23,0.000434,0,28,0.282051,0.00957
19035,Cherokee County,,IA,802,14802,15604,3,5,8,184,343,527,7,0.285185,0.297609,121.780196,0.000048,0.000279,23,0.000109,0,28,0.4,0.000632
19037,Chickasaw County,,IA,786,15603,16389,4,3,7,291,264,555,7,0.259358,0.268404,191.58716,0.000049,0.000029,23,0.000151,0,28,0.333333,0.000632
19039,Clarke County,,IA,788,10808,11596,3,4,7,320,331,651,7,0.284519,0.29627,2,0.000276,0.000241,23,0.000157,0,28,0.5,0.002152
19041,Clay County,,IA,1266,21044,22310,4,4,8,387,430,817,7,0.285046,0.297153,2591.029814,0.000012,0.000243,23,0.00016,0,28,0.35,0.000444
19043,Clayton County,,IA,1227,22602,23829,6,6,12,440,646,1086,7,0.267521,0.278601,1882.093597,0.000129,0.000132,23,0.000188,0,28,0.333333,0.001597
19045,Clinton County,,IA,2876,59848,62724,7,11,18,1173,1601,2774,6,0.327252,0.345634,214.095329,0.000345,0.00174,23,0.000178,0,28,0.537879,0.003612
19047,Crawford County,,IA,1310,20004,21314,5,5,10,277,384,661,7,0.296943,0.309551,865.372572,0.000656,0.000576,23,0.000152,0,28,0.433333,0.004949
19049,Dallas County,,IA,5619,68264,73883,22,12,34,5959,3448,9407,6,0.346281,0.366741,4020.070567,0.004745,0.00335,23,0.00056,0,28,0.379447,0.037242
19051,Davis County,,IA,446,10004,10450,1,1,2,122,141,263,8,0.224096,0.229995,0,0.000005,0.000002,23,0.000078,0,28,0,0.000123
19053,Decatur County,,IA,617,8529,9146,3,2,5,156,174,330,7,0.284463,0.295928,0.5,0.000275,0.000236,23,0.000126,0,28,0.5,0.002113
19055,Delaware County,,IA,1191,22091,23282,4,7,11,471,767,1238,7,0.285519,0.298424,60.469813,0.000123,0.000391,23,0.000147,0,28,0.571429,0.001389
19057,Des Moines County,,IA,2779,48193,50972,9,9,18,1069,1116,2185,6,0.327289,0.345463,7050.878006,0.001305,0.001643,23,0.000246,0,28,0.433333,0.011096
19059,Dickinson County,,IA,1336,20497,21833,7,6,13,505,383,888,7,0.287343,0.300408,11578.864815,0.000276,0.000322,23,0.000325,0,28,0.214286,0.002475
19061,Dubuque County,,IA,4975,112436,117411,17,14,31,2409,2547,4956,6,0.34279,0.363515,3960.160363,0.003079,0.003108,23,0.000369,0,28,0.356618,0.024813
19063,Emmet County,,IA,663,12090,12753,2,2,4,113,143,256,8,0.223325,0.229502,411.861169,0.000004,0.000002,23,0.000123,0,28,0.5,0.000204
19065,Fayette County,,IA,1321,23570,24891,6,6,12,515,586,1101,7,0.267717,0.278863,47.62564,0.000139,0.000134,23,0.000198,0,28,0.452381,0.001629
19067,Floyd County,,IA,1148,19361,20509,4,7,11,422,533,955,6,0.326996,0.344807,2532.060761,0.000045,0.00122,23,0.000203,0,28,0.404762,0.000704
19069,Franklin County,,IA,794,12407,13201,1,2,3,119,256,375,7,0.236302,0.243345,0.866667,0.000009,0.000012,23,0.000079,0,28,0,0.000177
19071,Fremont County,,IA,683,8833,9516,4,5,9,291,338,629,7,0.29455,0.306262,4471.286529,0.000905,0.000363,23,0.000136,0,28,0.4,0.007898
19073,Greene County,,IA,761,11445,12206,2,6,8,95,416,511,7,0.284657,0.296783,0.666667,0.000298,0.000308,23,0.000111,0,28,0.7,0.002324
19075,Grundy County,,IA,852,15230,16082,4,6,10,505,491,996,7,0.284879,0.297182,3.679004,0.000046,0.000268,23,0.00015,0,28,0.666667,0.000696
19077,Guthrie County,,IA,886,13280,14166,4,4,8,477,489,966,7,0.284574,0.296384,2.5,0.000302,0.000275,23,0.00016,0,28,0.65,0.002532
19079,Hamilton County,,IA,1285,18964,20249,4,6,10,415,698,1113,7,0.28474,0.296925,172.046345,0.000329,0.00028,23,0.000147,0,28,0.666667,0.002588
19081,Hancock County,,IA,851,14190,15041,3,4,7,281,394,675,7,0.284768,0.296754,273.140377,0.000011,0.000243,23,0.000146,0,28,0.583333,0.000371
19083,Hardin County,,IA,1216,20445,21661,7,5,12,497,462,959,7,0.284879,0.297068,668.358299,0.000369,0.000294,23,0.000213,0,28,0.5,0.003066
19085,Harrison County,,IA,1118,17915,19033,3,4,7,416,550,966,7,0.294343,0.305777,0.333333,0.000382,0.000362,23,0.000113,0,28,0.833333,0.003003
19087,Henry County,,IA,1557,22851,24408,9,7,16,819,700,1519,7,0.272761,0.284734,666.60574,0.000531,0.000224,23,0.000261,0,28,0.472222,0.004412
19089,Howard County,,IA,658,12026,12684,2,3,5,157,164,321,8,0.222628,0.229038,7.931046,0.000004,0.000001,23,0.000095,0,28,0.083333,0.000233
19091,Humboldt County,,IA,659,12140,12799,2,4,6,163,276,439,7,0.28474,0.296669,2971.863605,0.000005,0.000244,23,0.000097,0,28,0.5,0.000274
19093,Ida County,,IA,498,8834,9332,2,2,4,126,131,257,7,0.262619,0.271903,133.66532,0.00004,0.000038,23,0.00012,0,28,0,0.000487
19095,Iowa County,,IA,1079,20496,21575,4,6,10,515,630,1145,7,0.272532,0.284192,504.007947,0.000243,0.00021,23,0.000131,0,28,0.533333,0.001982
19097,Jackson County,,IA,1321,24770,26091,3,5,8,625,735,1360,7,0.275927,0.287624,0.644444,0.000148,0.000473,23,0.000107,0,28,0.9,0.002212
19099,Jasper County,,IA,2520,43587,46107,9,7,16,1486,1414,2900,7,0.285268,0.29794,19.263708,0.000574,0.00038,23,0.000272,0,28,0.597222,0.004666
19101,Jefferson County,,IA,1152,17218,18370,6,6,12,408,464,872,7,0.285603,0.298168,2166.261067,0.00015,0.000339,23,0.000213,0,28,0.47619,0.00141
19103,Johnson County,,IA,12275,127257,139532,48,50,98,7442,7130,14572,6,0.370878,0.399698,41627.052616,0.012677,0.017821,23,0.000927,0,28,0.3125,0.095272
19105,Jones County,,IA,1095,23762,24857,4,4,8,602,583,1185,7,0.27271,0.284255,11.574286,0.000263,0.000236,23,0.000126,0,28,0.55,0.002143
19107,Keokuk County,,IA,742,12644,13386,5,5,10,358,400,758,7,0.270891,0.282135,11.07517,0.000015,0.000107,23,0.000184,0,28,0.433333,0.000555
19109,Kossuth County,,IA,934,19936,20870,2,4,6,127,232,359,7,0.284879,0.296925,35.347945,0.000004,0.000234,23,0.000097,0,28,0.166667,0.000179
19111,Lee County,,IA,2211,41434,43645,7,9,16,841,990,1831,7,0.286639,0.300083,8371.194614,0.000277,0.00046,23,0.000242,0,28,0.288889,0.002423
19113,Linn County,,IA,11907,246525,258432,53,45,98,8014,7143,15157,6,0.364361,0.391872,49677.72757,0.013097,0.01238,23,0.001019,0,28,0.302099,0.097059
19115,Louisa County,,IA,926,13828,14754,4,5,9,445,561,1006,7,0.271444,0.282522,183.499804,0.000976,0.000126,23,0.000131,0,28,0.566667,0.007478
19117,Lucas County,,IA,749,10431,11180,3,4,7,177,355,532,7,0.284547,0.296327,1484.041725,0.000276,0.000239,23,0.000133,0,28,0.583333,0.002136
19119,Lyon County,,IA,631,14301,14932,3,3,6,241,310,551,7,0.27029,0.280636,1.82619,0.000106,0.000091,23,0.000137,0,28,0.583333,0.001037
19121,Madison County,,IA,1169,18093,19262,3,3,6,696,586,1282,7,0.284491,0.296099,0,0.0003,0.000273,23,0.000143,0,28,1,0.002446
19123,Mahaska County,,IA,1488,25461,26949,6,6,12,602,704,1306,7,0.284768,0.296982,1346.939589,0.000283,0.000247,23,0.000215,0,28,0.47619,0.002499
19125,Marion County,,IA,2152,39311,41463,8,8,16,948,1123,2071,7,0.285631,0.298453,865.044184,0.000338,0.000412,23,0.000275,0,28,0.455556,0.003005
19127,Marshall County,,IA,2558,46838,49396,10,12,22,1054,1342,2396,7,0.28619,0.299923,211.227452,0.000475,0.000544,23,0.000304,0,28,0.5,0.004233
19129,Mills County,,IA,1259,17124,18383,4,5,9,566,653,1219,7,0.295234,0.306952,25.608393,0.000533,0.000479,23,0.000136,0,28,0.6,0.004007
19131,Mitchell County,,IA,594,12926,13520,4,2,6,191,152,343,7,0.249382,0.257394,72.522448,0.000027,0.00001,23,0.000145,0,28,0.166667,0.0005
19133,Monona County,,IA,605,11068,11673,1,1,2,160,166,326,7,0.26243,0.271459,0,0.00004,0.000037,23,0.000072,0,28,0,0.000393
19135,Monroe County,,IA,612,8876,9488,3,4,7,207,280,487,8,0.224268,0.230879,3.124242,0.000278,0.000009,23,0.000127,0,28,0.75,0.002153
19137,Montgomery County,,IA,838,12799,13637,5,4,9,321,325,646,7,0.294491,0.306034,1287.513272,0.000389,0.00036,23,0.000169,0,28,0.6,0.003232
19139,Muscatine County,,IA,2965,52034,54999,8,10,18,1349,1554,2903,7,0.301288,0.315496,346.604627,0.001406,0.001204,23,0.000199,0,28,0.563636,0.011272
19141,O'Brien County,,IA,1056,17519,18575,4,6,10,330,419,749,7,0.270741,0.281793,694.494637,0.000012,0.000092,23,0.00017,0,28,0.261905,0.000434
19143,Osceola County,,IA,481,7961,8442,3,2,5,159,131,290,8,0.223325,0.22953,29.724397,0.000009,0.000002,23,0.000152,0,28,0.166667,0.000344
19145,Page County,,IA,1330,17577,18907,3,6,9,291,427,718,7,0.294669,0.306575,3024.545112,0.000014,0.000366,23,0.000135,0,28,0.3,0.000377
19147,Palo Alto County,,IA,678,11369,12047,3,5,8,191,301,492,7,0.284962,0.297125,1220.250852,0.000004,0.000236,23,0.000157,0,28,0.4,0.000269
19149,Plymouth County,,IA,1602,30931,32533,5,4,9,726,692,1418,7,0.287173,0.299923,43.541757,0.000052,0.00036,23,0.000164,0,28,0.5,0.000828
19151,Pocahontas County,,IA,570,9235,9805,1,3,4,52,169,221,7,0.232969,0.240225,1.714286,0.000007,0.00002,23,0.000063,0,28,0.333333,0.000146
19153,Polk County,,IA,25641,488978,514619,118,100,218,20425,18114,38539,6,0.397445,0.431367,226019.62371,0.029882,0.034746,23,0.002466,0,28,0.219836,0.225958
19155,Pottawattamie County,,IA,6146,105081,111227,15,13,28,3732,3674,7406,7,0.299774,0.314532,1091.064834,0.00221,0.000982,23,0.000389,0,28,0.35,0.017044
19157,Poweshiek County,,IA,1440,21378,22818,8,7,15,503,535,1038,7,0.285268,0.29794,76.675394,0.000521,0.000349,23,0.000231,0,28,0.535714,0.004262
19159,Ringgold County,,IA,306,5737,6043,0,2,2,0,88,88,7,0.284505,0.295998,0,0,0.000236,23,0.00005,0,56,1,0
19161,Sac County,,IA,615,12864,13479,4,3,7,209,178,387,7,0.232192,0.239091,31.004989,0.000014,0.00001,23,0.00017,0,28,0.25,0.000476
19163,Scott County,,IA,10594,191230,201824,68,36,104,10611,5763,16374,6,0.373483,0.400097,19705.425663,0.031381,0.014041,155,0.00087,0,28,0.476398,0.221554
19165,Shelby County,,IA,898,15155,16053,4,6,10,252,459,711,7,0.296853,0.309551,898.215964,0.000385,0.000596,23,0.000143,0,28,0.466667,0.003128
19167,Sioux County,,IA,1695,38667,40362,5,7,12,472,701,1173,7,0.287343,0.300579,474.063626,0.000147,0.000362,23,0.000201,0,28,0.404762,0.00152
19169,Story County,,IA,8627,81815,90442,31,27,58,4200,4631,8831,6,0.354639,0.37846,9462.359455,0.003885,0.006669,23,0.000787,0,28,0.257468,0.032195
19171,Tama County,,IA,1289,21968,23257,6,7,13,581,789,1370,7,0.28538,0.298139,30.066313,0.000146,0.000373,23,0.000178,0,28,0.666667,0.001688
19173,Taylor County,,IA,460,7393,7853,1,2,3,50,89,139,7,0.233696,0.240242,2.690909,0.000003,0.000003,23,0.000069,0,28,0.333333,0.000091
19175,Union County,,IA,880,14194,15074,5,2,7,319,207,526,7,0.284463,0.295928,3478.408477,0.000276,0.000236,23,0.00021,0,28,0.2,0.002302
19177,Van Buren County,,IA,483,8850,9333,2,3,5,147,188,335,8,0.224491,0.231084,5.1715,0.000006,0.000008,23,0.000103,0,28,0.5,0.000218
19179,Wapello County,,IA,2343,40389,42732,10,11,21,951,942,1893,7,0.28879,0.302107,9398.452123,0.000286,0.00062,23,0.000364,0,28,0.275641,0.002875
19181,Warren County,,IA,3426,52964,56390,8,8,16,2591,2339,4930,7,0.284685,0.297068,16.197819,0.000362,0.000315,23,0.0003,0,28,0.464286,0.003273
19183,Washington County,,IA,1479,26030,27509,6,6,12,737,802,1539,7,0.285854,0.298584,600.443324,0.000241,0.00044,23,0.000189,0,28,0.482143,0.002223
19185,Wayne County,,IA,455,7344,7799,2,3,5,145,135,280,7,0.284519,0.296156,1.166667,0.000004,0.000238,23,0.000106,0,28,0.666667,0.000208
19187,Webster County,,IA,2436,42942,45378,10,10,20,856,1065,1921,7,0.286078,0.299479,8975.780698,0.00136,0.000434,23,0.000302,0,28,0.326923,0.01129
19189,Winnebago County,,IA,815,13425,14240,5,4,9,322,330,652,7,0.236608,0.244234,33.415301,0.000021,0.000017,23,0.000199,0,28,0.2,0.000595
19191,Winneshiek County,,IA,1100,23743,24843,5,6,11,409,414,823,7,0.286022,0.298897,3396.683611,0.000039,0.000462,23,0.00017,0,28,0.339286,0.000757
19193,Woodbury County,,IA,6652,116847,123499,22,24,46,3323,3616,6939,6,0.355761,0.379571,34209.84107,0.004786,0.005107,23,0.000612,0,28,0.270769,0.036366
19195,Worth County,,IA,521,9358,9879,2,2,4,259,170,429,7,0.236283,0.243259,0,0.000009,0.00001,23,0.000121,0,28,1,0.000274
19197,Wright County,,IA,1017,15578,16595,5,6,11,306,402,708,7,0.284851,0.297153,46.247157,0.000018,0.000287,23,0.000177,0,28,0.52381,0.000653
20001,Allen County,,KS,1136,15446,16582,5,6,11,352,431,783,7,0.296762,0.309026,6297.032488,0.000283,0.000511,46,0.000208,0,28,0.232143,0.002703
20003,Anderson County,,KS,613,9747,10360,4,4,8,284,262,546,7,0.296642,0.30857,32.156125,0.000463,0.000464,46,0.000131,0,28,0.583333,0.003833
20005,Atchison County,,KS,1148,18940,20088,5,8,13,327,570,897,7,0.298185,0.311198,1050.427316,0.000551,0.000685,46,0.000171,0,28,0.5,0.00463
20007,Barber County,,KS,416,5609,6025,0,2,2,0,102,102,7,0.281982,0.293616,0,0,0.000287,46,0.00005,0,57,0,0
20009,Barton County,,KS,1975,31764,33739,8,10,18,505,750,1255,7,0.299713,0.313045,14143.188667,0.000307,0.000755,46,0.000331,0,28,0.318182,0.003179
20011,Bourbon County,,KS,1065,16930,17995,4,4,8,378,360,738,7,0.296793,0.308855,51.281071,0.000466,0.00046,46,0.000117,0,28,0.25,0.003818
20013,Brown County,,KS,826,12035,12861,6,3,9,323,215,538,7,0.266108,0.276366,63.787813,0.000103,0.000068,46,0.000183,0,28,0.266667,0.001131
20015,Butler County,,KS,5216,70453,75669,13,11,24,3251,3208,6459,7,0.300483,0.314156,714.788826,0.002125,0.001012,46,0.000339,0,28,0.466667,0.016992
20017,Chase County,,KS,201,3183,3384,1,1,2,78,80,158,7,0.254881,0.263142,0,0.000031,0.000007,46,0.000065,0,28,0,0.000153
20019,Chautauqua County,,KS,328,3985,4313,1,1,2,58,106,164,8,0.233285,0.239523,0,0.00001,0.000009,46,0.00007,0,28,0,0.000171
20021,Cherokee County,,KS,1834,23665,25499,5,5,10,942,1147,2089,7,0.261562,0.271487,4.11654,0.00009,0.000094,46,0.000152,0,28,0.65,0.00127
20023,Cheyenne County,,KS,218,3367,3585,0,0,0,0,0,0,0,0,0,0,0,0,24,0.00005,20,58,0,0
20025,Clark County,,KS,193,2409,2602,1,1,2,41,41,82,7,0.236665,0.243222,0,0.000012,0.000019,46,0.000066,0,28,0,0.000232
20027,Clay County,,KS,681,10423,11104,3,5,8,230,283,513,7,0.269966,0.280515,680.836029,0.000213,0.000227,46,0.000113,0,28,0.75,0.001958
20029,Cloud County,,KS,773,10793,11566,3,3,6,175,168,343,7,0.266934,0.277358,5889,0.000013,0.000107,46,0.000194,0,28,0.416667,0.000377
20031,Coffey County,,KS,662,10321,10983,3,2,5,244,145,389,7,0.268503,0.278738,6.992836,0.000042,0.00007,46,0.000114,0,28,0.333333,0.000419
20033,Comanche County,,KS,115,2085,2200,1,0,1,47,0,47,0,0,0,0,0.000002,0,46,0.000057,0,59,0,0.000083
20035,Cowley County,,KS,2635,39624,42259,6,8,14,1026,1215,2241,7,0.304013,0.317998,86.640148,0.000386,0.001226,46,0.000176,0,28,0.455556,0.003422
20037,Crawford County,,KS,3116,40143,43259,12,14,26,1354,1583,2937,6,0.307304,0.323108,1162.312981,0.001214,0.001808,46,0.000288,0,28,0.366667,0.00989
20039,Decatur County,,KS,234,3599,3833,0,0,0,0,0,0,0,0,0,0,0,0,25,0.00005,21,60,0,0
20041,Dickinson County,,KS,1975,23314,25289,5,6,11,728,835,1563,7,0.300082,0.312959,68.659458,0.000488,0.000956,46,0.00016,0,28,0.833333,0.004393
20043,Doniphan County,,KS,622,8882,9504,3,4,7,335,318,653,7,0.253204,0.26182,7.584824,0.000029,0.000025,46,0.000118,0,28,0.5,0.000477
20045,Douglas County,,KS,10260,102977,113237,31,35,66,5242,6031,11273,6,0.369145,0.395526,11451.58036,0.007636,0.014194,46,0.000629,0,28,0.374736,0.059598
20047,Edwards County,,KS,295,3554,3849,1,0,1,84,0,84,0,0,0,0,0.000002,0,46,0.000057,0,61,0,0.000083
20049,Elk County,,KS,224,3295,3519,1,0,1,51,0,51,0,0,0,0,0.00001,0,46,0.00007,0,4,0,0.000171
20051,Ellis County,,KS,2293,30793,33086,10,10,20,653,842,1495,7,0.300329,0.313985,20512.980955,0.000743,0.000963,46,0.000392,0,28,0.294872,0.006645
20053,Ellsworth County,,KS,505,6935,7440,2,1,3,102,79,181,7,0.233248,0.23966,2,0.000017,0.000009,46,0.000114,0,28,0.5,0.00031
20055,Finney County,,KS,3692,42683,46375,10,17,27,923,1415,2338,6,0.326012,0.344471,29128.826698,0.00182,0.002746,46,0.000336,0,28,0.254902,0.01427
20057,Ford County,,KS,2962,36879,39841,10,14,24,885,1086,1971,6,0.310008,0.325667,12206.107846,0.00237,0.001483,46,0.000265,0,28,0.354167,0.018114
20059,Franklin County,,KS,2168,29756,31924,9,9,18,1285,1217,2502,6,0.301288,0.314523,1360.969917,0.001077,0.000983,46,0.000206,0,28,0.509091,0.007834
20061,Geary County,,KS,8797,34065,42862,40,26,66,4736,3029,7765,6,0.359126,0.383345,8488.462325,0.014892,0.012479,46,0.000563,0,28,0.563677,0.113464
20063,Gove County,,KS,302,3406,3708,0,0,0,0,0,0,0,0,0,0,0,0,26,0.00005,22,62,0,0
20065,Graham County,,KS,211,3265,3476,0,0,0,0,0,0,0,0,0,0,0,0,27,0.00005,23,63,0,0
20067,Grant County,,KS,775,8892,9667,1,2,3,112,120,232,7,0.245921,0.253524,75.727857,0.000021,0.000014,46,0.000067,0,28,0,0.000204
20069,Gray County,,KS,563,6850,7413,2,2,4,170,215,385,7,0.246273,0.2541,0,0.000033,0.000033,46,0.000083,0,28,1,0.000436
20071,Greeley County,,KS,108,1581,1689,0,0,0,0,0,0,0,0,0,0,0,0,28,0.00005,24,64,0,0
20073,Greenwood County,,KS,634,7571,8205,3,3,6,193,294,487,7,0.281994,0.29383,0.823232,0.000309,0.00031,46,0.000107,0,28,0.833333,0.002653
20075,Hamilton County,,KS,238,2881,3119,1,0,1,44,0,44,0,0,0,0,0.000021,0,46,0.000067,0,3,0,0.000204
20077,Harper County,,KS,476,6950,7426,2,2,4,177,178,355,7,0.28175,0.29326,0.5,0.000272,0.000289,46,0.000093,0,28,0.666667,0.002372
20079,Harvey County,,KS,2573,39456,42029,7,8,15,1352,1467,2819,7,0.299652,0.312674,49.763766,0.000758,0.000888,46,0.00024,0,28,0.722222,0.006543
20081,Haskell County,,KS,458,4699,5157,1,2,3,49,104,153,7,0.253753,0.262287,0,0.000021,0.000017,46,0.000067,0,28,1,0.000204
20083,Hodgeman County,,KS,159,2360,2519,1,0,1,50,0,50,0,0,0,0,0.000012,0,46,0.000066,0,26,0,0.000232
20085,Jackson County,,KS,1169,15971,17140,2,3,5,396,618,1014,7,0.271545,0.282032,3.099406,0.000095,0.000123,46,0.000092,0,28,0.666667,0.00073
20087,Jefferson County,,KS,1452,22133,23585,6,4,10,884,881,1765,7,0.297578,0.309824,0,0.000802,0.00066,46,0.000147,0,28,0.866667,0.006036
20089,Jewell County,,KS,213,4129,4342,0,1,1,0,42,42,8,0.189186,0.192676,0,0,0,46,0.00005,0,65,0,0
20091,Johnson County,,KS,40564,615494,656058,156,139,295,35461,31975,67436,6,0.421144,0.457114,150974.90059,0.056898,0.056771,46,0.002324,0,28,0.316416,0.426723
20093,Kearny County,,KS,343,4666,5009,1,1,2,112,103,215,7,0.24588,0.253296,0,0.000021,0.000014,46,0.000067,0,28,0,0.000204
20095,Kingman County,,KS,675,9417,10092,2,3,5,253,348,601,7,0.281777,0.293431,0.833333,0.000286,0.000301,46,0.000097,0,28,0.666667,0.002474
20097,Kiowa County,,KS,946,2566,3512,0,6,6,0,550,550,7,0.282066,0.294326,0,0,0.000319,46,0.00005,0,66,0.266667,0
20099,Labette County,,KS,1615,25520,27135,6,6,12,570,672,1242,7,0.282649,0.295329,94.862691,0.000358,0.000363,46,0.000167,0,28,0.666667,0.003383
20101,Lane County,,KS,162,2113,2275,0,0,0,0,0,0,0,0,0,0,0,0,29,0.00005,25,67,0,0
20103,Leavenworth County,,KS,9374,75902,85276,36,32,68,5280,5216,10496,6,0.349259,0.373398,2174.853834,0.011838,0.010719,46,0.000532,0,28,0.461538,0.089151
20105,Lincoln County,,KS,317,3990,4307,1,1,2,48,69,117,7,0.233248,0.23966,0,0.000011,0.000009,46,0.000085,0,28,0,0.00019
20107,Linn County,,KS,859,10670,11529,2,4,6,291,416,707,7,0.296612,0.308513,0.5,0.000452,0.000465,46,0.000082,0,28,0.666667,0.003566
20109,Logan County,,KS,224,3365,3589,1,0,1,72,0,72,0,0,0,0,0,0,46,0.000072,0,68,0,0.000083
20111,Lyon County,,KS,3655,38670,42325,9,19,28,756,1849,2605,6,0.342028,0.363258,8990.572967,0.000927,0.003943,46,0.000327,0,28,0.347953,0.007413
20113,McPherson County,,KS,2283,35120,37403,8,9,17,820,1067,1887,7,0.299959,0.313216,63.027315,0.000423,0.000877,46,0.00028,0,28,0.6,0.004009
20115,Marion County,,KS,947,14572,15519,4,3,7,331,414,745,7,0.281777,0.293431,0.2,0.000292,0.000296,46,0.000144,0,28,0.916667,0.00277
20117,Marshall County,,KS,699,13305,14004,2,2,4,99,115,214,7,0.266691,0.276817,2927.783333,0.000001,0.000099,46,0.000114,0,28,0.083333,0.000175
20119,Meade County,,KS,396,5154,5550,1,1,2,67,41,108,7,0.246564,0.25447,0,0.000018,0.000002,46,0.000079,0,28,0,0.00012
20121,Miami County,,KS,2703,36247,38950,9,10,19,1640,1742,3382,6,0.301319,0.314694,62.393152,0.001076,0.001009,46,0.000205,0,28,0.522222,0.007953
20123,Mitchell County,,KS,518,7464,7982,2,1,3,88,59,147,7,0.233248,0.23966,2924,0.000011,0.000009,46,0.000128,0,28,0,0.000272
20125,Montgomery County,,KS,3001,39252,42253,10,12,22,1086,1358,2444,7,0.304235,0.318853,11513.3981,0.001119,0.001228,46,0.000284,0,28,0.30303,0.009813
20127,Morris County,,KS,467,6902,7369,4,2,6,207,90,297,7,0.269171,0.279444,6.504147,0.00033,0.000105,46,0.000126,0,28,0.75,0.002624
20129,Morton County,,KS,368,3764,4132,1,0,1,45,0,45,0,0,0,0,0.000007,0,46,0.00007,0,2,0,0.000114
20131,Nemaha County,,KS,672,13148,13820,2,5,7,139,272,411,7,0.268405,0.279422,2970.613366,0.000095,0.000162,46,0.000123,0,28,0.4,0.00074
20133,Neosho County,,KS,1224,19172,20396,6,7,13,540,563,1103,7,0.299682,0.312646,574.004146,0.000303,0.000755,46,0.000176,0,28,0.571429,0.002933
20135,Ness County,,KS,242,3801,4043,0,0,0,0,0,0,0,0,0,0,0,0,30,0.00005,26,69,0,0
20137,Norton County,,KS,336,6203,6539,1,0,1,42,0,42,0,0,0,0,0,0,32,0.000093,27,70,0,0.000083
20139,Osage County,,KS,1390,19500,20890,5,5,10,733,831,1564,7,0.296913,0.30914,1.210188,0.000687,0.000583,46,0.000135,0,28,0.9,0.004932
20141,Osborne County,,KS,361,4823,5184,0,0,0,0,0,0,0,0,0,0,0,0,31,0.00005,28,71,0,0
20143,Ottawa County,,KS,540,7500,8040,1,1,2,295,222,517,7,0.233248,0.23966,0,0.000011,0.000009,46,0.000085,0,28,0,0.00019
20145,Pawnee County,,KS,576,7372,7948,1,1,2,106,72,178,8,0.230618,0.23642,0,0.000006,0.000002,46,0.000078,0,28,0,0.000121
20147,Phillips County,,KS,433,7018,7451,0,1,1,0,42,42,1,1,1,0,0,0,32,0.00005,27,72,0,0
20149,Pottawatomie County,,KS,1942,24074,26016,6,6,12,821,896,1717,7,0.300021,0.312845,165.483564,0.001,0.001009,46,0.000187,0,28,0.785714,0.008063
20151,Pratt County,,KS,937,10677,11614,2,2,4,272,222,494,7,0.28175,0.29326,0,0.000272,0.000298,46,0.000073,0,28,0.666667,0.00235
20153,Rawlins County,,KS,195,3035,3230,0,0,0,0,0,0,0,0,0,0,0,0,33,0.00005,29,73,0,0
20155,Reno County,,KS,3835,73127,76962,19,13,32,2092,1883,3975,6,0.335437,0.354816,3826.322136,0.001526,0.002066,46,0.000474,0,28,0.326316,0.012287
20157,Republic County,,KS,390,6320,6710,1,1,2,63,86,149,8,0.210708,0.215763,0,0.000001,0,46,0.000105,0,28,0,0.000091
20159,Rice County,,KS,843,11088,11931,4,4,8,359,390,749,7,0.281913,0.29383,1,0.000299,0.000304,46,0.000151,0,28,0.916667,0.002721
20161,Riley County,,KS,10001,51220,61221,46,35,81,4965,4787,9752,6,0.363275,0.389734,28719.892224,0.012471,0.013795,46,0.000876,0,28,0.365657,0.096591
20163,Rooks County,,KS,350,6156,6506,1,1,2,75,115,190,8,0.230982,0.23691,0,0.000008,0.000006,46,0.000084,0,28,0,0.000149
20165,Rush County,,KS,215,4050,4265,1,2,3,44,96,140,8,0.231128,0.23748,0,0.000006,0.000008,46,0.000078,0,28,1,0.000121
20167,Russell County,,KS,558,7966,8524,1,2,3,84,107,191,7,0.233323,0.240002,0,0.000008,0.000015,46,0.000084,0,28,1,0.000149
20169,Saline County,,KS,4329,65428,69757,18,18,36,1886,2174,4060,6,0.304171,0.319488,33573.953587,0.001177,0.001447,46,0.000746,0,28,0.261905,0.010192
20171,Scott County,,KS,422,5792,6214,1,1,2,67,72,139,7,0.24588,0.253296,0,0.000021,0.000014,46,0.000067,0,28,0,0.000204
20173,Sedgwick County,,KS,25448,556342,581790,109,99,208,17904,16230,34134,6,0.392167,0.426066,141021.639014,0.036652,0.034534,46,0.001819,0,28,0.318085,0.277048
20175,Seward County,,KS,2482,25856,28338,8,11,19,638,946,1584,6,0.327216,0.346637,19120.348731,0.00031,0.002248,46,0.000373,0,28,0.242424,0.003163
20177,Shawnee County,,KS,9805,205466,215271,41,37,78,5825,5677,11502,6,0.362016,0.388549,32650.716007,0.008033,0.012048,46,0.000925,0,28,0.294326,0.065333
20179,Sheridan County,,KS,146,3314,3460,0,0,0,0,0,0,0,0,0,0,0,0,34,0.00005,30,74,0,0
20181,Sherman County,,KS,566,6569,7135,0,0,0,0,0,0,0,0,0,0,0,0,35,0.00005,31,75,0,0
20183,Smith County,,KS,262,5112,5374,0,0,0,0,0,0,0,0,0,0,0,0,36,0.00005,32,76,0,0
20185,Stafford County,,KS,407,5016,5423,1,2,3,43,111,154,7,0.251397,0.25946,0,0.000006,0.000014,46,0.000078,0,28,1,0.000121
20187,Stanton County,,KS,204,2555,2759,0,0,0,0,0,0,0,0,0,0,0,0,37,0.00005,33,77,0,0
20189,Stevens County,,KS,507,6380,6887,2,1,3,81,69,150,7,0.246564,0.25447,13.726996,0.000018,0.000002,46,0.000108,0,28,0,0.000206
20191,Sumner County,,KS,2044,28009,30053,4,3,7,1196,1174,2370,7,0.281777,0.293431,1,0.00029,0.000306,46,0.00015,0,28,0.666667,0.002722
20193,Thomas County,,KS,718,8652,9370,0,2,2,0,114,114,8,0.231085,0.237261,0,0,0.000006,46,0.00005,0,78,0,0
20195,Trego County,,KS,237,3733,3970,1,1,2,53,42,95,8,0.230982,0.23691,0,0.000008,0.000006,46,0.000084,0,28,0,0.000149
20197,Wabaunsee County,,KS,628,8232,8860,3,2,5,352,289,641,7,0.265842,0.275808,0,0.00021,0.000071,46,0.000119,0,28,1,0.001652
20199,Wallace County,,KS,149,1809,1958,0,0,0,0,0,0,0,0,0,0,0,0,38,0.00005,34,79,0,0
20201,Washington County,,KS,342,7510,7852,0,1,1,0,48,48,8,0.210598,0.215604,0,0,0,46,0.00005,0,80,0,0
20203,Wichita County,,KS,217,2743,2960,0,0,0,0,0,0,0,0,0,0,0,0,39,0.00005,35,81,0,0
20205,Wilson County,,KS,971,11070,12041,2,4,6,229,428,657,7,0.282022,0.294058,0,0.000015,0.000307,46,0.000092,0,28,1,0.000286
20207,Woodson County,,KS,286,3671,3957,1,1,2,65,61,126,8,0.228867,0.234337,0,0.000004,0.000002,46,0.00008,0,28,0,0.000111
20209,Wyandotte County,,KS,13698,161644,175342,21,22,43,9279,10481,19760,6,0.357195,0.381127,1394.848509,0.006727,0.008187,46,0.000366,0,28,0.561254,0.051844
21001,Adair County,,KY,933,17272,18205,3,3,6,291,364,655,7,0.230037,0.236571,13.990344,0.000007,0.000004,101,0.000202,0,28,0.333333,0.000308
21003,Allen County,,KY,1117,20001,21118,5,5,10,590,655,1245,7,0.260281,0.270219,17.947916,0.000085,0.000165,0,0.000187,0,28,0.533333,0.001732
21005,Anderson County,,KY,1752,25064,26816,8,7,15,1193,1079,2272,6,0.297034,0.310283,33.286411,0.000722,0.000723,101,0.000224,0,28,0.732143,0.006067
21007,Ballard County,,KY,537,9241,9778,1,1,2,277,242,519,7,0.235465,0.242145,0,0.000011,0.000014,0,0.000098,0,28,0,0.00021
21009,Barren County,,KY,2275,45740,48015,7,7,14,1241,1159,2400,6,0.295354,0.308447,4175.990388,0.00048,0.000512,0,0.000266,0,28,0.333333,0.004353
21011,Bath County,,KY,775,11887,12662,5,3,8,526,365,891,7,0.284768,0.296042,1916.105099,0.000006,0.000228,101,0.000226,0,28,0.466667,0.000514
21013,Bell County,,KY,1405,25748,27153,6,6,12,705,703,1408,7,0.285352,0.297313,3425.872587,0.000251,0.000233,0,0.000248,0,28,0.3,0.002296
21015,Boone County,,KY,11935,129945,141880,26,21,47,9890,8131,18021,6,0.34131,0.363423,14675.700945,0.008816,0.004957,101,0.000464,0,28,0.431034,0.062925
21017,Bourbon County,,KY,1662,21551,23213,9,6,15,1214,1088,2302,7,0.284824,0.296526,15.864572,0.000277,0.000239,101,0.000285,0,28,0.555556,0.002837
21019,Boyd County,,KY,3022,51950,54972,9,7,16,1783,1632,3415,7,0.285882,0.298156,6030.242903,0.001019,0.000246,101,0.000353,0,28,0.388889,0.007745
21021,Boyle County,,KY,2188,29436,31624,9,8,17,1374,1292,2666,6,0.297215,0.310739,1922.80376,0.000716,0.000729,101,0.000268,0,28,0.555556,0.006182
21023,Bracken County,,KY,591,10218,10809,5,4,9,345,288,633,7,0.261095,0.270207,13.593458,0.00011,0.000081,101,0.000173,0,28,0.6,0.00152
21025,Breathitt County,,KY,495,13274,13769,2,3,5,92,174,266,7,0.28474,0.295985,4412.716501,0.000002,0.000226,101,0.000125,0,28,0.333333,0.000196
21027,Breckinridge County,,KY,1211,20851,22062,7,5,12,836,665,1501,6,0.296281,0.309262,1563.403673,0.000571,0.000627,101,0.000201,0,28,0.5,0.005318
21029,Bullitt County,,KY,5655,85109,90764,11,11,22,5217,4329,9546,6,0.296431,0.310231,101.559179,0.000837,0.000686,101,0.000288,0,28,0.397436,0.007621
21031,Butler County,,KY,906,13935,14841,3,3,6,425,493,918,7,0.250493,0.25896,1.359596,0.000032,0.000037,0,0.000129,0,28,0.666667,0.000604
21033,Caldwell County,,KY,806,14177,14983,4,4,8,361,311,672,7,0.232858,0.240361,5394.901778,0.000173,0.000009,0,0.000168,0,28,0.25,0.001182
21035,Calloway County,,KY,2589,35268,37857,6,9,15,886,998,1884,6,0.307757,0.323666,4766.996508,0.001017,0.001544,0,0.000229,0,28,0.458333,0.008652
21037,Campbell County,,KY,7245,98440,105685,12,12,24,5332,5474,10806,6,0.313498,0.330934,954.401295,0.00215,0.002318,101,0.000253,0,28,0.685897,0.014348
21039,Carlisle County,,KY,343,5734,6077,3,3,6,139,163,302,7,0.235597,0.242715,1029.646065,0.000016,0.000015,0,0.00017,0,28,0.666667,0.0004
21041,Carroll County,,KY,1092,12796,13888,6,7,13,509,553,1062,6,0.295354,0.308504,248.666344,0.000511,0.000548,101,0.000181,0,28,0.428571,0.004456
21043,Carter County,,KY,1249,29389,30638,5,5,10,616,581,1197,7,0.285018,0.296754,5970.855299,0.000006,0.000242,101,0.000316,0,28,0.366667,0.0006
21045,Casey County,,KY,756,15897,16653,4,5,9,365,383,748,7,0.230472,0.237785,25.61813,0.000014,0.000022,101,0.000205,0,28,0.333333,0.000534
21047,Christian County,,KY,16450,69560,86010,36,52,88,5657,8824,14481,6,0.377583,0.406487,17208.043742,0.012496,0.020545,0,0.000538,0,28,0.481831,0.096294
21049,Clark County,,KY,2912,39385,42297,8,8,16,1546,1511,3057,7,0.284962,0.297039,12.995498,0.000272,0.00026,101,0.000288,0,28,0.607143,0.002725
21051,Clay County,,KY,1108,18434,19542,4,3,7,601,603,1204,8,0.222104,0.228145,31.837865,0.000002,0.000006,101,0.000214,0,28,0.416667,0.000429
21053,Clinton County,,KY,386,9882,10268,2,2,4,171,132,303,8,0.221952,0.227501,2955.607101,0.000002,0,101,0.000135,0,28,0,0.000171
21055,Crittenden County,,KY,523,9574,10097,3,3,6,144,150,294,7,0.235673,0.242886,32.524105,0.000001,0.000015,0,0.000173,0,28,0.166667,0.000288
21057,Cumberland County,,KY,298,6986,7284,0,1,1,0,48,48,9,0.181688,0.184826,0,0,0,101,0.00005,0,82,0,0
21059,Daviess County,,KY,4283,110638,114921,14,15,29,2278,2087,4365,6,0.307887,0.324105,12795.072776,0.001345,0.001413,155,0.000409,0,28,0.285714,0.011548
21061,Edmonson County,,KY,746,12880,13626,4,3,7,530,395,925,7,0.250536,0.259074,2.709957,0.000482,0.000037,0,0.000147,0,28,0.75,0.004074
21063,Elliott County,,KY,265,6066,6331,2,1,3,84,63,147,8,0.221818,0.227216,1.392857,0.000002,0,101,0.000139,0,28,0,0.000184
21065,Estill County,,KY,759,15211,15970,4,3,7,408,424,832,7,0.284713,0.295956,0,0.000255,0.000242,101,0.000158,0,28,0.916667,0.002192
21067,Fayette County,,KY,22681,292406,315087,97,86,183,14463,14932,29395,6,0.397661,0.429788,261978.535077,0.028714,0.031163,101,0.002056,0,28,0.247867,0.206096
21069,Fleming County,,KY,838,16185,17023,4,4,8,390,418,808,8,0.222188,0.228499,24.565188,0.000006,0.000005,101,0.000193,0,28,0.4,0.00044
21071,Floyd County,,KY,1808,38423,40231,5,6,11,810,987,1797,7,0.28524,0.297153,9696.251314,0.000247,0.000242,101,0.000234,0,28,0.233333,0.002118
21073,Franklin County,,KY,3332,56828,60160,10,9,19,1880,1875,3755,6,0.297245,0.31091,239.246335,0.000729,0.000737,101,0.000287,0,28,0.477778,0.006373
21075,Fulton County,,KY,632,6523,7155,3,3,6,370,306,676,7,0.23815,0.24508,3.833333,0.000025,0.000017,0,0.00014,0,28,0.666667,0.000423
21077,Gallatin County,,KY,792,6842,7634,5,5,10,537,524,1061,7,0.263281,0.272943,2.000336,0.000101,0.000137,101,0.000155,0,28,0.8,0.001449
21079,Garrard County,,KY,1496,17381,18877,6,7,13,975,1037,2012,7,0.285018,0.296942,3.003788,0.000267,0.000268,101,0.000203,0,28,0.833333,0.002525
21081,Grant County,,KY,2516,28458,30974,9,10,19,1879,1718,3597,6,0.298764,0.312945,444.433198,0.000886,0.000816,101,0.000243,0,28,0.555556,0.006566
21083,Graves County,,KY,1994,39812,41806,7,8,15,827,1029,1856,6,0.301568,0.315019,5118.673701,0.000033,0.000661,0,0.000319,0,28,0.321429,0.000868
21085,Grayson County,,KY,1137,27608,28745,5,7,12,617,584,1201,6,0.296492,0.309889,673.231909,0.000532,0.000641,101,0.000182,0,28,0.47619,0.004824
21087,Green County,,KY,720,12201,12921,2,2,4,209,246,455,7,0.229874,0.236115,3,0.000011,0.000004,101,0.000107,0,28,0.5,0.000255
21089,Greenup County,,KY,2235,41143,43378,7,7,14,1392,1384,2776,7,0.285213,0.297381,5920.51521,0.001014,0.000245,101,0.000267,0,28,0.375,0.007518
21091,Hancock County,,KY,569,10133,10702,3,3,6,364,349,713,7,0.236206,0.243536,5.441775,0.000016,0.000016,155,0.00014,0,28,0.5,0.000425
21093,Hardin County,,KY,11577,109046,120623,41,37,78,5706,6223,11929,6,0.353653,0.378688,11377.273741,0.01581,0.01028,101,0.000629,0,28,0.44983,0.116476
21095,Harlan County,,KY,999,28492,29491,3,6,9,146,348,494,7,0.28524,0.29717,995.050621,0.000004,0.000252,0,0.000144,0,28,0.357143,0.000307
21097,Harrison County,,KY,1159,20437,21596,6,6,12,636,647,1283,7,0.284824,0.296526,52.224112,0.000262,0.000246,101,0.000213,0,28,0.5,0.002394
21099,Hart County,,KY,1096,19019,20115,6,6,12,683,664,1347,6,0.296492,0.309775,3181.435315,0.000541,0.000634,0,0.000192,0,28,0.47619,0.004973
21101,Henderson County,,KY,2511,52152,54663,6,8,14,1368,1325,2693,6,0.298367,0.312238,344.947513,0.000085,0.000755,155,0.000197,0,28,0.571429,0.001052
21103,Henry County,,KY,1217,17330,18547,6,5,11,936,799,1735,6,0.295026,0.307649,4.153114,0.000472,0.000494,101,0.000186,0,28,0.6,0.004155
21105,Hickman County,,KY,360,5070,5430,2,3,5,120,160,280,7,0.238111,0.244966,13.274334,0.000005,0.000006,0,0.000132,0,28,0.666667,0.000193
21107,Hopkins County,,KY,2505,52042,54547,10,14,24,1191,1308,2499,6,0.303005,0.319015,7267.669761,0.000679,0.001173,155,0.000311,0,28,0.324176,0.005519
21109,Jackson County,,KY,572,12943,13515,3,3,6,291,323,614,7,0.230618,0.237831,35.668224,0.00001,0.000021,101,0.000181,0,28,0.666667,0.000478
21111,Jefferson County,,KY,37298,824956,862254,163,147,310,27161,28138,55299,5,0.418073,0.455962,225334.692183,0.060616,0.05712,101,0.002417,0,28,0.302708,0.435227
21113,Jessamine County,,KY,4306,47442,51748,11,13,24,3012,2428,5440,6,0.297517,0.31181,173.519926,0.00073,0.000757,101,0.000321,0,28,0.512821,0.006492
21115,Johnson County,,KY,1163,22804,23967,4,5,9,517,525,1042,7,0.284962,0.296612,5421.752496,0.000002,0.000226,101,0.000214,0,28,0.3,0.000382
21117,Kenton County,,KY,15206,176707,191913,24,21,45,11948,11538,23486,6,0.352757,0.375028,12427.43278,0.007255,0.006392,101,0.000442,0,28,0.447692,0.049172
21119,Knott County,,KY,727,14777,15504,3,2,5,421,349,770,8,0.222205,0.228082,9.012515,0.000005,0.000004,101,0.000148,0,28,0.333333,0.000326
21121,Knox County,,KY,1561,29972,31533,4,4,8,942,895,1837,8,0.222442,0.228835,21.338774,0.000014,0.000008,101,0.000183,0,28,0.5,0.00059
21123,Larue County,,KY,1156,15220,16376,5,5,10,780,737,1517,6,0.296281,0.309262,1489.469079,0.000545,0.000608,101,0.000163,0,28,0.533333,0.004883
21125,Laurel County,,KY,3326,57994,61320,13,10,23,1902,1865,3767,7,0.28538,0.297968,11964.987659,0.000712,0.000254,101,0.000497,0,28,0.275641,0.006494
21127,Lawrence County,,KY,729,15372,16101,5,4,9,421,333,754,8,0.22324,0.229683,187.263028,0.000006,0.000008,101,0.000243,0,28,0.3,0.000595
21129,Lee County,,KY,310,6392,6702,0,2,2,0,104,104,7,0.230466,0.237406,0,0,0.000015,101,0.00005,0,84,0,0
21131,Leslie County,,KY,460,11116,11576,2,4,6,110,264,374,8,0.222357,0.228755,10.688961,0.000002,0.000008,101,0.000149,0,28,0.416667,0.000204
21133,Letcher County,,KY,890,23868,24758,5,6,11,315,432,747,7,0.285603,0.297626,3461.218993,0.00025,0.000228,101,0.000189,0,28,0.233333,0.00215
21135,Lewis County,,KY,726,14044,14770,4,5,9,261,420,681,7,0.237917,0.24596,103.031183,0.000013,0.000017,101,0.000188,0,28,0.3,0.000504
21137,Lincoln County,,KY,1889,26359,28248,9,9,18,1148,1349,2497,7,0.285129,0.29737,1056.462879,0.000273,0.000269,101,0.000313,0,28,0.583333,0.002885
21139,Livingston County,,KY,737,10459,11196,3,3,6,413,434,847,7,0.235578,0.242687,270.062307,0.000011,0.000015,0,0.000192,0,28,0.5,0.000397
21141,Logan County,,KY,1677,29300,30977,9,10,19,907,1023,1930,6,0.288164,0.301579,1437.247219,0.00097,0.000559,0,0.000272,0,28,0.436364,0.008775
21143,Lyon County,,KY,614,7824,8438,2,2,4,170,217,387,8,0.192141,0.196687,9.589761,0,0.000002,0,0.000131,0,28,0,0.000195
21145,McCracken County,,KY,4493,73474,77967,12,11,23,2270,2029,4299,6,0.307952,0.323706,36607.59622,0.001848,0.00138,0,0.000624,0,28,0.217949,0.014702
21147,McCreary County,,KY,701,14858,15559,2,2,4,213,211,424,7,0.231916,0.238668,19.968648,0.000009,0.000013,0,0.000134,0,28,0,0.000294
21149,McLean County,,KY,647,10811,11458,4,3,7,395,425,820,7,0.237261,0.244916,1.891667,0.000021,0.000016,155,0.00015,0,28,0.833333,0.000533
21151,Madison County,,KY,5802,79576,85378,24,21,45,3128,3189,6317,6,0.299284,0.315247,14380.3918,0.001953,0.000999,101,0.000693,0,28,0.19709,0.014395
21153,Magoffin County,,KY,515,11752,12267,2,3,5,116,200,316,8,0.222188,0.228259,13.47146,0.000004,0.000002,101,0.00012,0,28,0.333333,0.0002
21155,Marion County,,KY,853,20177,21030,4,6,10,469,524,993,6,0.297064,0.310226,5.866667,0.000465,0.000718,101,0.000145,0,28,0.6,0.003872
21157,Marshall County,,KY,2101,35650,37751,5,5,10,999,1083,2082,7,0.23753,0.245548,2465.448078,0.000028,0.000023,0,0.000264,0,28,0.4,0.000646
21159,Martin County,,KY,497,10177,10674,3,3,6,142,210,352,8,0.223257,0.229535,55.184162,0.000002,0.000006,101,0.00016,0,28,0.333333,0.000321
21161,Mason County,,KY,1258,18930,20188,7,5,12,682,532,1214,7,0.285018,0.296783,2938.250443,0.000323,0.000233,101,0.000231,0,28,0.214286,0.002749
21163,Meade County,,KY,3713,30636,34349,11,11,22,1903,1872,3775,6,0.321991,0.338891,405.310935,0.003261,0.002915,101,0.000201,0,28,0.545833,0.024649
21165,Menifee County,,KY,392,6290,6682,2,3,5,158,236,394,8,0.222037,0.228071,3.9,0.000002,0.000004,101,0.000117,0,28,0.666667,0.000205
21167,Mercer County,,KY,1441,24525,25966,8,8,16,873,884,1757,7,0.284851,0.296811,61.834247,0.000717,0.000253,101,0.000236,0,28,0.652778,0.005997
21169,Metcalfe County,,KY,706,10727,11433,2,3,5,245,396,641,7,0.228992,0.23542,1.782903,0.000009,0.000008,0,0.00011,0,28,0.666667,0.000256
21171,Monroe County,,KY,667,12035,12702,3,3,6,201,348,549,7,0.250686,0.259347,81.644859,0.000012,0.000039,0,0.000146,0,28,0.333333,0.000378
21173,Montgomery County,,KY,1808,27903,29711,8,9,17,1163,1031,2194,7,0.285074,0.297353,5902.055435,0.000261,0.000248,101,0.000336,0,28,0.361111,0.002609
21175,Morgan County,,KY,507,12319,12826,2,3,5,111,171,282,8,0.221919,0.227786,259.886737,0.000002,0.000002,101,0.000124,0,28,0.083333,0.000201
21177,Muhlenberg County,,KY,1356,34220,35576,6,6,12,511,681,1192,7,0.251203,0.260584,52.361457,0.000052,0.000053,155,0.000213,0,28,0.533333,0.001032
21179,Nelson County,,KY,2430,50637,53067,10,8,18,1722,1424,3146,6,0.298306,0.31201,119.295253,0.000807,0.000843,101,0.000268,0,28,0.477778,0.007131
21181,Nicholas County,,KY,500,7919,8419,3,4,7,211,288,499,7,0.284685,0.296013,973.648244,0.000247,0.000229,101,0.000141,0,28,0.583333,0.00197
21183,Ohio County,,KY,1245,25637,26882,5,6,11,632,733,1365,7,0.251052,0.260242,38.463412,0.000044,0.000045,155,0.000191,0,28,0.433333,0.000857
21185,Oldham County,,KY,4456,61759,66215,7,8,15,2923,2567,5490,6,0.297034,0.310397,80.091308,0.000718,0.000749,101,0.000211,0,28,0.571429,0.006047
21187,Owen County,,KY,840,10920,11760,7,7,14,523,493,1016,7,0.263471,0.273627,13.592252,0.000113,0.000149,101,0.000206,0,28,0.52381,0.001747
21189,Owsley County,,KY,181,3781,3962,1,0,1,52,0,52,0,0,0,0,0,0,101,0.000072,0,83,0,0.000083
21191,Pendleton County,,KY,1248,15634,16882,7,6,13,932,826,1758,7,0.263352,0.273143,57.192642,0.000646,0.000152,101,0.0002,0,28,0.642857,0.004737
21193,Perry County,,KY,1288,29639,30927,6,6,12,679,592,1271,7,0.285157,0.297039,12275.338873,0.000249,0.000232,101,0.00027,0,28,0.233333,0.002266
21195,Pike County,,KY,2390,60549,62939,5,5,10,947,832,1779,7,0.285547,0.297495,5210.52702,0.000248,0.000234,101,0.000177,0,28,0.2,0.002179
21197,Powell County,,KY,933,13697,14630,4,5,9,399,531,930,7,0.284851,0.296469,1475.700166,0.000248,0.000246,101,0.000169,0,28,0.6,0.002058
21199,Pulaski County,,KY,2779,64791,67570,14,11,25,1348,1060,2408,6,0.29776,0.31201,20801.436307,0.001245,0.000751,101,0.000517,0,28,0.261905,0.009637
21201,Robertson County,,KY,128,2089,2217,0,0,0,0,0,0,0,0,0,0,0,0,40,0.00005,36,85,0,0
21203,Rockcastle County,,KY,819,16908,17727,4,4,8,408,478,886,7,0.230909,0.23856,1.134524,0.000018,0.000033,101,0.00019,0,28,0.833333,0.000683
21205,Rowan County,,KY,1729,20230,21959,7,7,14,732,690,1422,7,0.285074,0.297096,10461.238812,0.000249,0.000235,101,0.000329,0,28,0.285714,0.002317
21207,Russell County,,KY,743,17847,18590,3,2,5,277,223,500,7,0.229531,0.235961,40.427245,0.000006,0.00001,101,0.000182,0,28,0.5,0.000363
21209,Scott County,,KY,3629,48134,51763,12,13,25,2649,2026,4675,6,0.297457,0.311765,346.500383,0.000767,0.000865,101,0.000347,0,28,0.445055,0.007049
21211,Shelby County,,KY,3017,43637,46654,9,10,19,2054,1910,3964,6,0.297124,0.310796,77.691713,0.000729,0.00076,101,0.000267,0,28,0.511111,0.006328
21213,Simpson County,,KY,1329,19156,20485,6,6,12,724,806,1530,6,0.301257,0.314307,175.612627,0.000636,0.000803,0,0.000196,0,28,0.733333,0.006406
21215,Spencer County,,KY,1342,18187,19529,4,4,8,1246,908,2154,6,0.294936,0.307364,0.25,0.000464,0.000492,101,0.000138,0,28,0.916667,0.003932
21217,Taylor County,,KY,1513,24886,26399,6,7,13,655,671,1326,6,0.298367,0.31201,11181.558802,0.000533,0.00083,101,0.000237,0,28,0.285714,0.004863
21219,Todd County,,KY,797,12928,13725,3,3,6,461,388,849,6,0.287315,0.299453,0.166667,0.000495,0.000395,0,0.000092,0,28,0.833333,0.003192
21221,Trigg County,,KY,1029,15014,16043,4,3,7,453,334,787,6,0.287315,0.299396,1024.368566,0.0005,0.000389,0,0.000123,0,28,0.666667,0.00327
21223,Trimble County,,KY,772,9826,10598,5,5,10,568,489,1057,6,0.295175,0.307934,6.286576,0.000469,0.000496,101,0.00016,0,28,0.65,0.004033
21225,Union County,,KY,959,16535,17494,5,5,10,379,472,851,7,0.265432,0.275614,906.34097,0.000069,0.000046,155,0.000192,0,28,0.6,0.000849
21227,Warren County,,KY,7163,111018,118181,25,19,44,4011,3385,7396,6,0.333942,0.354298,21132.500097,0.003715,0.003438,0,0.00064,0,28,0.257835,0.029904
21229,Washington County,,KY,722,12674,13396,3,4,7,298,394,692,6,0.296913,0.309713,0,0.000459,0.000708,101,0.000113,0,28,0.916667,0.003747
21231,Wayne County,,KY,856,20000,20856,2,3,5,256,370,626,7,0.284935,0.296258,8820.944126,0.000006,0.000234,101,0.000147,0,28,0.333333,0.000266
21233,Webster County,,KY,1149,14991,16140,4,4,8,490,727,1217,7,0.265215,0.275169,0,0.000069,0.000046,155,0.000145,0,28,1,0.000761
21235,Whitley County,,KY,2092,36095,38187,4,6,10,1068,1072,2140,7,0.285129,0.297056,1039.676454,0.000013,0.000261,101,0.000194,0,28,0.5,0.000612
21237,Wolfe County,,KY,379,6848,7227,1,2,3,46,84,130,8,0.221868,0.227541,0.5,0.000002,0.000002,101,0.000086,0,28,0,0.000088
21239,Woodford County,,KY,1994,27829,29823,6,8,14,1215,1266,2481,6,0.297064,0.310454,13.941569,0.00027,0.000729,101,0.000194,0,28,0.714286,0.002475
22001,Acadia Parish,,LA,3335,64711,68046,10,10,20,2369,2371,4740,6,0.320614,0.338743,120.654686,0.001405,0.001882,148,0.000227,0,28,0.772727,0.012607
22003,Allen Parish,,LA,1521,23145,24666,8,8,16,936,915,1851,7,0.272888,0.285491,13.94776,0.001183,0.000348,148,0.000185,0,28,0.722222,0.01033
22005,Ascension Parish,,LA,7573,109214,116787,22,20,42,6765,5136,11901,6,0.321036,0.340567,775.664219,0.003015,0.002999,148,0.00043,0,28,0.466667,0.028342
22007,Assumption Parish,,LA,1809,25792,27601,5,6,11,1031,1233,2264,7,0.279408,0.29212,0.225,0.000341,0.000712,148,0.000117,0,28,0.9,0.003011
22009,Avoyelles Parish,,LA,2177,44158,46335,9,10,19,1179,1292,2471,6,0.320825,0.339085,1007.839519,0.001595,0.001878,148,0.000203,0,28,0.633333,0.014246
22011,Beauregard Parish,,LA,2954,34231,37185,4,5,9,1442,1433,2875,6,0.320509,0.338002,55.004193,0.001096,0.001403,148,0.000107,0,28,0.85,0.009259
22013,Bienville Parish,,LA,1163,14963,16126,5,7,12,558,751,1309,7,0.268331,0.279546,9.460132,0.000271,0.000241,148,0.000137,0,28,0.642857,0.002298
22015,Bossier Parish,,LA,13330,117473,130803,36,36,72,8749,8411,17160,6,0.357982,0.38367,11903.728106,0.009424,0.013688,148,0.000595,0,28,0.412626,0.079586
22017,Caddo Parish,,LA,17389,271817,289206,43,45,88,11478,11967,23445,6,0.358597,0.386263,20044.997764,0.015104,0.015501,148,0.000668,0,28,0.412653,0.122237
22019,Calcasieu Parish,,LA,9906,202003,211909,39,38,77,6370,6167,12537,6,0.340515,0.365264,7226.09826,0.009537,0.009708,148,0.000664,0,28,0.408084,0.084026
22021,Caldwell Parish,,LA,602,10165,10767,2,2,4,238,255,493,7,0.2634,0.273722,0,0.000089,0.000044,148,0.000091,0,28,1,0.000582
22023,Cameron Parish,,LA,720,7508,8228,2,2,4,381,488,869,7,0.254062,0.263587,0.2,0.000198,0.000084,148,0.000079,0,28,0.666667,0.001986
22025,Catahoula Parish,,LA,543,10637,11180,4,3,7,308,232,540,7,0.263518,0.274064,7.119023,0.000052,0.000046,148,0.000141,0,28,0.5,0.00076
22027,Claiborne Parish,,LA,1026,15396,16422,6,7,13,525,660,1185,7,0.268775,0.280133,49.636086,0.000265,0.000225,148,0.000149,0,28,0.5,0.002398
22029,Concordia Parish,,LA,1359,20040,21399,4,6,10,509,669,1178,7,0.280776,0.294115,132.291638,0.000267,0.000728,0,0.000133,0,28,0.428571,0.002276
22031,De Soto Parish,,LA,2115,29366,31481,6,5,11,1450,1393,2843,6,0.31397,0.3294,104.554749,0.000275,0.001089,148,0.000151,0,28,0.571429,0.00246
22033,East Baton Rouge Parish,,LA,33134,444133,477267,96,91,187,20715,26554,47269,6,0.383576,0.417351,64844.170843,0.030176,0.031154,148,0.001515,0,28,0.305414,0.239563
22035,East Carroll Parish,,LA,446,7478,7924,2,2,4,134,152,286,7,0.263329,0.273551,0,0.000089,0.000044,148,0.000099,0,28,1,0.000577
22037,East Feliciana Parish,,LA,1471,20831,22302,4,4,8,1132,984,2116,7,0.27734,0.28931,1.754017,0.000292,0.000284,148,0.000127,0,28,0.75,0.002723
22039,Evangeline Parish,,LA,2092,34969,37061,9,11,20,1052,1542,2594,6,0.32086,0.339256,67.300853,0.001426,0.001831,148,0.000197,0,28,0.754545,0.012614
22041,Franklin Parish,,LA,1149,21280,22429,3,3,6,357,488,845,7,0.2634,0.273836,126.360875,0.000333,0.000044,148,0.000111,0,28,0.416667,0.002552
22043,Grant Parish,,LA,1641,20007,21648,5,5,10,1274,1069,2343,7,0.246959,0.256377,6.235125,0.000093,0.00007,148,0.000155,0,28,0.55,0.001098
22045,Iberia Parish,,LA,4431,83334,87765,12,11,23,2623,3164,5787,6,0.32072,0.339028,20.875302,0.002487,0.002205,148,0.000224,0,28,0.736264,0.021667
22047,Iberville Parish,,LA,2143,33827,35970,7,6,13,1577,1538,3115,7,0.279327,0.292006,4.716605,0.000659,0.000703,148,0.000182,0,28,0.809524,0.007125
22049,Jackson Parish,,LA,1245,16451,17696,6,5,11,706,710,1416,6,0.320473,0.337973,626.109625,0.000245,0.001069,148,0.000167,0,28,0.47619,0.002137
22051,Jefferson Parish,,LA,39238,441066,480304,101,85,186,26730,33185,59915,6,0.384332,0.417801,21670.358928,0.040815,0.032815,148,0.001362,0,28,0.392294,0.313773
22053,Jefferson Davis Parish,,LA,1980,33219,35199,9,6,15,1185,1306,2491,7,0.263875,0.275169,14.821434,0.001149,0.000229,148,0.000218,0,28,0.694444,0.010477
22055,Lafayette Parish,,LA,15671,221609,237280,48,44,92,12200,11739,23939,6,0.357501,0.385192,5920.217935,0.013562,0.015063,148,0.000771,0,28,0.398944,0.117662
22057,Lafourche Parish,,LA,5326,100908,106234,13,17,30,3257,3768,7025,6,0.325286,0.34532,218.086845,0.002036,0.003165,148,0.000252,0,28,0.633987,0.019302
22059,La Salle Parish,,LA,724,14207,14931,5,6,11,285,390,675,7,0.263899,0.275232,54.854182,0.000135,0.000083,148,0.000185,0,28,0.4,0.001213
22061,Lincoln Parish,,LA,3526,38798,42324,14,16,30,1653,1859,3512,6,0.326594,0.346654,3109.604341,0.003066,0.004125,148,0.000283,0,28,0.525735,0.026054
22063,Livingston Parish,,LA,8404,125160,133564,22,21,43,8509,5808,14317,6,0.323416,0.343491,1151.709601,0.002892,0.002886,148,0.000455,0,28,0.394587,0.026854
22065,Madison Parish,,LA,761,11878,12639,2,2,4,191,209,400,7,0.263851,0.274406,6.295688,0.000118,0.000051,0,0.000077,0,28,0,0.000648
22067,Morehouse Parish,,LA,1891,31189,33080,5,7,12,808,953,1761,6,0.31397,0.330033,1392.420995,0.000877,0.000952,148,0.000166,0,28,0.428571,0.007274
22069,Natchitoches Parish,,LA,2658,37970,40628,12,16,28,1187,1439,2626,6,0.326376,0.346312,5035.941401,0.002326,0.004134,148,0.000255,0,28,0.485294,0.019525
22071,Orleans Parish,,LA,25011,217222,242233,134,65,199,39349,19568,58917,6,0.381126,0.412073,32037.208553,0.052161,0.030788,148,0.001823,0,28,0.369486,0.400577
22073,Ouachita Parish,,LA,9388,160014,169402,33,41,74,5150,6001,11151,6,0.35737,0.384553,46332.04475,0.005476,0.011337,148,0.000722,0,28,0.29926,0.046383
22075,Plaquemines Parish,,LA,3506,22208,25714,11,11,22,1450,1837,3287,6,0.33586,0.356373,69.759042,0.004557,0.004008,148,0.000218,0,28,0.709524,0.038574
22077,Pointe Coupee Parish,,LA,1429,24144,25573,7,7,14,829,962,1791,7,0.279381,0.292234,76.947316,0.001203,0.000711,148,0.000179,0,28,0.680556,0.010605
22079,Rapides Parish,,LA,7770,142992,150762,26,29,55,4190,4686,8876,6,0.327582,0.349618,11869.832074,0.004851,0.00577,148,0.000486,0,28,0.393145,0.043359
22081,Red River Parish,,LA,661,9530,10191,3,4,7,264,380,644,7,0.268183,0.278862,0,0.00026,0.000212,148,0.00009,0,28,0.916667,0.00202
22083,Richland Parish,,LA,1469,21190,22659,4,4,8,781,835,1616,7,0.2634,0.27395,2.416667,0.000097,0.000053,148,0.000151,0,28,0.666667,0.000829
22085,Sabine Parish,,LA,1238,24247,25485,6,6,12,445,563,1008,7,0.273424,0.285981,7.962534,0.000407,0.000371,148,0.00014,0,28,0.761905,0.003374
22087,St. Bernard Parish,,LA,1622,20160,21782,16,7,23,4383,1087,5470,7,0.281668,0.294959,29.044805,0.00212,0.001197,148,0.000313,0,28,0.691176,0.02056
22089,St. Charles Parish,,LA,5237,58776,64013,11,13,24,3505,3744,7249,6,0.32072,0.339256,51.495093,0.001918,0.002375,148,0.000231,0,28,0.839744,0.018346
22091,St. Helena Parish,,LA,1094,14200,15294,3,4,7,629,666,1295,7,0.279301,0.291721,0,0.000285,0.000698,148,0.000108,0,28,1,0.002675
22093,St. James Parish,,LA,1534,27014,28548,6,7,13,838,1072,1910,7,0.281506,0.294674,0,0.0008,0.001038,148,0.000152,0,28,1,0.008502
22095,St. John the Baptist Parish,,LA,4765,52477,57242,11,12,23,2822,3595,6417,6,0.320684,0.339085,76.013771,0.002673,0.00227,148,0.000232,0,28,0.794872,0.024537
22097,St. Landry Parish,,LA,4769,92561,97330,19,16,35,3660,3488,7148,6,0.321036,0.340111,234.443974,0.002155,0.002283,148,0.000369,0,28,0.526316,0.021035
22099,St. Martin Parish,,LA,3434,56534,59968,8,8,16,2688,2493,5181,6,0.320438,0.33823,0.559524,0.001336,0.001413,148,0.000178,0,28,0.928571,0.011696
22101,St. Mary Parish,,LA,3913,61803,65716,11,15,26,1605,2531,4136,6,0.32146,0.340567,148.353339,0.001688,0.002488,148,0.000214,0,28,0.633333,0.015077
22103,St. Tammany Parish,,LA,15622,227520,243142,61,51,112,11665,10188,21853,6,0.371019,0.399658,6027.48645,0.022593,0.020569,148,0.000907,0,28,0.473661,0.181084
22105,Tangipahoa Parish,,LA,7346,113477,120823,22,15,37,5849,4786,10635,6,0.320896,0.339769,645.279337,0.004028,0.002405,148,0.000442,0,28,0.508658,0.03564
22107,Tensas Parish,,LA,392,5407,5799,0,3,3,0,145,145,7,0.279263,0.291644,0,0,0.000281,148,0.00005,0,86,0.833333,0
22109,Terrebonne Parish,,LA,6723,125192,131915,12,20,32,3397,4345,7742,6,0.32583,0.346346,185.246858,0.00208,0.00384,148,0.000235,0,28,0.594737,0.019631
22111,Union Parish,,LA,1568,23185,24753,5,5,10,885,922,1807,7,0.263899,0.274879,14.565581,0.000142,0.000074,148,0.000139,0,28,0.466667,0.001162
22113,Vermilion Parish,,LA,3154,61826,64980,10,11,21,2228,2263,4491,6,0.320614,0.338857,114.529945,0.001413,0.001531,148,0.000225,0,28,0.718182,0.012628
22115,Vernon Parish,,LA,11392,46710,58102,32,42,74,2878,4845,7723,6,0.361613,0.389079,4150.702692,0.01081,0.015829,148,0.00044,0,28,0.540698,0.085353
22117,Washington Parish,,LA,2091,43867,45958,10,8,18,1394,1176,2570,7,0.281723,0.295187,2750.575109,0.0024,0.001201,148,0.000241,0,28,0.672727,0.021247
22119,Webster Parish,,LA,2654,43155,45809,7,8,15,1478,1670,3148,7,0.270165,0.282179,816.986973,0.00037,0.000265,148,0.000159,0,28,0.5,0.002887
22121,West Baton Rouge Parish,,LA,2302,25840,28142,5,6,11,1654,1718,3372,7,0.279327,0.292006,0.519408,0.000534,0.000704,148,0.000144,0,28,0.857143,0.005116
22123,West Carroll Parish,,LA,889,11898,12787,4,4,8,306,467,773,7,0.263376,0.273893,2,0.000097,0.000051,148,0.00016,0,28,0.666667,0.000813
22125,West Feliciana Parish,,LA,814,10860,11674,2,3,5,411,452,863,7,0.277314,0.289139,0,0.000246,0.000261,148,0.000091,0,28,1,0.002084
22127,Winn Parish,,LA,890,14261,15151,5,4,9,364,365,729,7,0.246918,0.256149,6.117124,0.000087,0.000059,148,0.000159,0,28,0.5,0.001004
23001,Androscoggin County,,ME,6937,121306,128243,16,15,31,4504,4406,8910,6,0.333866,0.353614,733.054082,0.002931,0.003547,41,0.00025,0,28,0.568627,0.019899
23003,Aroostook County,,ME,2914,84150,87064,12,9,21,1136,1161,2297,7,0.275278,0.287942,59.139263,0.001997,0.000459,41,0.000192,0,28,0.596154,0.012598
23005,Cumberland County,,ME,20266,323708,343974,73,81,154,14566,14247,28813,6,0.378169,0.410978,32298.941949,0.030669,0.036478,41,0.00073,0,28,0.465099,0.206054
23007,Franklin County,,ME,1889,32589,34478,6,7,13,899,1070,1969,7,0.275226,0.2876,0.166667,0.000409,0.000458,41,0.000129,0,28,0.97619,0.002998
23009,Hancock County,,ME,3194,61704,64898,8,7,15,1357,1376,2733,7,0.275226,0.2876,86.622852,0.001195,0.000431,41,0.000152,0,28,0.75,0.008566
23011,Kennebec County,,ME,7160,140981,148141,20,19,39,4999,4503,9502,6,0.334019,0.354298,1277.570757,0.002766,0.003998,41,0.000303,0,28,0.480237,0.018544
23013,Knox County,,ME,2470,45171,47641,7,8,15,1030,1194,2224,7,0.275252,0.287771,1.52833,0.00049,0.000468,41,0.000147,0,28,0.805556,0.003587
23015,Lincoln County,,ME,2482,41262,43744,9,7,16,1381,1360,2741,7,0.275226,0.2876,32.974853,0.001183,0.00046,41,0.000171,0,28,0.766667,0.00858
23017,Oxford County,,ME,3352,63494,66846,10,9,19,2146,1941,4087,6,0.297517,0.313161,67.30093,0.001878,0.001213,41,0.000155,0,28,0.690909,0.012508
23019,Penobscot County,,ME,8698,167146,175844,28,26,54,5403,5218,10621,6,0.340991,0.363651,7760.766203,0.006979,0.006672,41,0.000362,0,28,0.428699,0.046919
23021,Piscataquis County,,ME,1272,18861,20133,2,5,7,496,700,1196,7,0.275174,0.287258,0,0.000056,0.00042,41,0.000079,0,28,1,0.000631
23023,Sagadahoc County,,ME,3970,42007,45977,10,7,17,2350,2237,4587,6,0.327252,0.34503,225.527143,0.002926,0.001497,41,0.00017,0,28,0.581818,0.020691
23025,Somerset County,,ME,3633,55720,59353,12,10,22,2189,2462,4651,7,0.275304,0.288113,119.796417,0.001278,0.000464,41,0.000193,0,28,0.564103,0.008032
23027,Waldo County,,ME,2622,42988,45610,6,8,14,1352,1555,2907,7,0.2752,0.287657,1.537302,0.000379,0.000364,41,0.000134,0,28,0.767857,0.002836
23029,Washington County,,ME,1702,36562,38264,4,5,9,474,753,1227,7,0.275174,0.287258,0,0.000344,0.000413,41,0.000106,0,28,1,0.002496
23031,York County,,ME,12597,234532,247129,39,38,77,9427,8431,17858,6,0.345995,0.370463,5946.593107,0.012047,0.014272,41,0.000453,0,28,0.485816,0.080157
24001,Allegany County,,MD,3110,76612,79722,13,11,24,1415,1434,2849,6,0.302817,0.319688,5177.991071,0.003258,0.00254,153,0.000272,0,28,0.435897,0.021286
24003,Anne Arundel County,,MD,47751,598553,646304,144,172,316,36949,37469,74418,6,0.397013,0.441188,24402.520112,0.065826,0.07376,153,0.001397,0,28,0.38498,0.460999
24005,Baltimore County,,MD,66195,918783,984978,129,166,295,54607,58089,112696,6,0.403589,0.446426,16381.113961,0.063526,0.076271,153,0.001167,0,28,0.452075,0.430845
24009,Calvert County,,MD,6148,104521,110669,10,16,26,3788,3209,6997,6,0.31495,0.333596,1.27831,0.005208,0.006925,153,0.000125,0,28,0.8,0.034493
24011,Caroline County,,MD,2563,36640,39203,12,7,19,2236,1726,3962,7,0.284491,0.299667,2.235135,0.003305,0.000938,153,0.000168,0,28,0.840909,0.021865
24013,Carroll County,,MD,9997,204304,214301,13,21,34,7023,6444,13467,6,0.319075,0.338902,35.452124,0.004919,0.007269,153,0.000154,0,28,0.664286,0.032033
24015,Cecil County,,MD,6862,112428,119290,18,16,34,4767,4137,8904,6,0.335398,0.355552,167.630658,0.006631,0.006213,106,0.000212,0,28,0.807018,0.043695
24017,Charles County,,MD,13548,166859,180407,23,37,60,9900,8728,18628,6,0.355674,0.38123,341.603218,0.01118,0.018528,153,0.000253,0,28,0.645092,0.080035
24019,Dorchester County,,MD,2119,37114,39233,9,9,18,1483,1267,2750,6,0.298276,0.31433,8.35237,0.0024,0.00224,153,0.000145,0,28,0.916667,0.015705
24021,Frederick County,,MD,18196,271922,290118,45,57,102,12563,12434,24997,6,0.374104,0.404024,3474.569056,0.022723,0.028993,153,0.000478,0,28,0.575481,0.164328
24023,Garrett County,,MD,1276,34468,35744,6,5,11,471,399,870,7,0.253731,0.263399,1510.458032,0.001567,0.000057,153,0.000146,0,28,0.357143,0.010092
24025,Harford County,,MD,17768,294138,311906,45,56,101,12731,11886,24617,6,0.369705,0.398963,906.181717,0.022402,0.030272,153,0.000441,0,28,0.641791,0.157043
24027,Howard County,,MD,28148,311913,340061,81,83,164,21645,21919,43564,6,0.38785,0.420907,6246.420514,0.045263,0.043578,153,0.000737,0,28,0.577987,0.31498
24029,Kent County,,MD,1167,21715,22882,6,4,10,663,431,1094,7,0.284353,0.29904,0.125,0.001808,0.000749,153,0.000108,0,28,0.9,0.011615
24031,Montgomery County,,MD,76935,1063260,1140195,208,218,426,60113,66098,126211,5,0.424014,0.470013,44547.977647,0.091369,0.091811,153,0.00198,0,28,0.336477,0.626067
24033,Prince George's County,,MD,79339,950947,1030286,135,179,314,55876,70344,126220,5,0.411831,0.454702,28520.61452,0.065348,0.076438,153,0.001306,0,28,0.375641,0.456499
24035,Queen Anne's County,,MD,3223,52847,56070,14,15,29,2674,2047,4721,6,0.312326,0.329714,101.493436,0.004004,0.004038,153,0.000207,0,28,0.6875,0.026876
24037,St. Mary's County,,MD,8648,116269,124917,28,29,57,5483,4220,9703,6,0.34115,0.363851,160.162702,0.012741,0.013175,153,0.000282,0,28,0.613492,0.08565
24039,Somerset County,,MD,1632,22375,24007,8,7,15,988,1053,2041,6,0.297911,0.313646,7.30505,0.002376,0.001767,106,0.000128,0,28,0.839286,0.015397
24041,Talbot County,,MD,2824,41569,44393,10,9,19,1590,1582,3172,6,0.299928,0.315966,12.842299,0.002858,0.00256,153,0.000154,0,28,0.854545,0.019459
24043,Washington County,,MD,9541,168388,177929,18,24,42,6590,6054,12644,6,0.316176,0.336337,4332.656977,0.005353,0.006969,153,0.000254,0,28,0.516667,0.036581
24045,Wicomico County,,MD,6550,102669,109219,16,22,38,3874,3871,7745,6,0.316519,0.335699,146.615326,0.00401,0.006172,106,0.000225,0,28,0.569264,0.027016
24047,Worcester County,,MD,4165,59837,64002,16,12,28,2625,2415,5040,6,0.30036,0.316906,40.547201,0.004638,0.003111,106,0.000196,0,28,0.632353,0.030319
24510,Baltimore city,,MD,52339,585923,638262,111,115,226,39120,45812,84932,6,0.3928,0.429554,9029.571477,0.056248,0.056109,153,0.000999,0,28,0.526659,0.383428
25001,Barnstable County,,MA,12790,267783,280573,44,47,91,7842,7901,15743,6,0.356629,0.38347,3995.177265,0.021437,0.023401,41,0.000423,0,28,0.628872,0.141457
25003,Berkshire County,,MA,5562,152653,158215,21,24,45,2235,2515,4750,6,0.342871,0.365225,460.117999,0.007954,0.010699,41,0.000202,0,28,0.720798,0.050398
25005,Bristol County,,MA,25254,637689,662943,43,67,110,18749,19858,38607,6,0.366324,0.396939,1435.575336,0.022766,0.031874,41,0.000356,0,28,0.613078,0.151302
25007,Dukes County,,MA,1092,19334,20426,3,5,8,154,280,434,6,0.297396,0.312392,0,0.001357,0.002102,41,0.000073,0,28,1,0.009141
25009,Essex County,,MA,38470,850233,888703,91,100,191,30426,31880,62306,6,0.380333,0.415948,5111.758463,0.046363,0.049693,41,0.000764,0,28,0.534335,0.313338
25011,Franklin County,,MA,4634,83643,88277,11,12,23,2875,2832,5707,6,0.299437,0.315755,4.611665,0.003425,0.003626,41,0.000131,0,28,0.807692,0.021487
25013,Hampden County,,MA,19759,529260,549019,51,74,125,11458,14369,25827,6,0.369565,0.401471,582.610791,0.026996,0.038319,41,0.000407,0,28,0.679987,0.176631
25015,Hampshire County,,MA,11710,162934,174644,27,31,58,7931,8249,16180,6,0.346281,0.370109,332.764651,0.011658,0.015191,41,0.000246,0,28,0.716667,0.075185
25017,Middlesex County,,MA,102855,1676140,1778995,229,220,449,91231,92531,183762,5,0.421326,0.467943,69160.397905,0.094031,0.090276,41,0.002123,0,28,0.316721,0.642417
25019,Nantucket County,,MA,1188,12086,13274,2,1,3,151,120,271,7,0.262902,0.27273,0,0.000719,0.000168,41,0.000066,0,28,1,0.005005
25021,Norfolk County,,MA,51513,754066,805579,112,121,233,46838,45390,92228,6,0.392958,0.43058,7404.639487,0.055579,0.059932,41,0.000955,0,28,0.520449,0.376488
25023,Plymouth County,,MA,26491,579733,606224,45,72,117,21543,21870,43413,6,0.371066,0.402565,800.554654,0.025298,0.037136,41,0.000374,0,28,0.630692,0.167595
25025,Suffolk County,,MA,75829,679313,755142,156,144,300,59917,69235,129152,5,0.401042,0.440675,16685.390958,0.072549,0.068598,41,0.001358,0,28,0.441316,0.492547
25027,Worcester County,,MA,37829,929016,966845,102,133,235,26412,30462,56874,6,0.394336,0.43351,8943.928311,0.051889,0.063785,41,0.000846,0,28,0.498772,0.347827
26001,Alcona County,,MI,736,12981,13717,6,2,8,441,280,721,7,0.238091,0.245322,0.2,0.002248,0.000036,42,0.000102,0,28,0.9,0.009954
26003,Alger County,,MI,593,10714,11307,1,1,2,113,155,268,7,0.257349,0.265681,0,0.000032,0.000023,155,0.000075,0,28,0,0.000226
26005,Allegan County,,MI,8526,136022,144548,15,15,30,6044,5887,11931,6,0.342951,0.36376,201.625508,0.004921,0.004406,42,0.000187,0,28,0.724265,0.030632
26007,Alpena County,,MI,1604,36816,38420,7,9,16,567,569,1136,6,0.31176,0.327958,2714.357921,0.002231,0.001396,42,0.000177,0,28,0.554545,0.010059
26009,Antrim County,,MI,1852,28267,30119,8,7,15,926,930,1856,6,0.30605,0.321346,565.671746,0.002006,0.000894,42,0.000162,0,28,0.732143,0.010131
26011,Arenac County,,MI,1305,19370,20675,5,7,12,620,734,1354,6,0.30589,0.32085,0.711692,0.000405,0.000803,42,0.000112,0,28,0.880952,0.001897
26013,Baraga County,,MI,465,9294,9759,2,2,4,86,174,260,7,0.258008,0.266605,0,0.00004,0.000029,155,0.000108,0,28,1,0.000346
26015,Barry County,,MI,4174,72613,76787,8,9,17,2643,2682,5325,6,0.332954,0.35175,19.197569,0.0012,0.00175,42,0.000109,0,28,0.833333,0.005175
26017,Bay County,,MI,5379,136717,142096,17,18,35,3435,3021,6456,6,0.342589,0.363646,958.797308,0.004225,0.004282,42,0.000217,0,28,0.614035,0.022788
26019,Benzie County,,MI,1480,21189,22669,5,3,8,741,610,1351,7,0.256491,0.265374,2.79075,0.001542,0.000075,42,0.000138,0,28,0.6,0.007955
26021,Berrien County,,MI,9668,184028,193696,32,26,58,5073,5104,10177,6,0.359921,0.38453,759.507529,0.013066,0.011671,155,0.000324,0,28,0.575758,0.082509
26023,Branch County,,MI,3308,51211,54519,8,9,17,1460,1744,3204,6,0.310634,0.32667,121.371835,0.001101,0.000859,42,0.000127,0,28,0.555556,0.005464
26025,Calhoun County,,MI,7839,151305,159144,22,21,43,4066,4189,8255,6,0.346815,0.369249,644.965809,0.006319,0.006005,42,0.000224,0,28,0.599638,0.03523
26027,Cass County,,MI,3932,60222,64154,7,7,14,2899,2608,5507,6,0.293162,0.306338,1.079768,0.001538,0.000718,155,0.000117,0,28,0.910714,0.010593
26029,Charlevoix County,,MI,2082,31992,34074,8,6,14,905,843,1748,6,0.306018,0.321175,0.982674,0.002017,0.000893,42,0.000149,0,28,0.857143,0.010209
26031,Cheboygan County,,MI,2041,31886,33927,8,9,17,789,803,1592,6,0.31186,0.328072,1616.834725,0.002266,0.001558,42,0.000147,0,28,0.518182,0.010205
26033,Chippewa County,,MI,2236,39268,41504,7,6,13,460,359,819,6,0.310733,0.326129,5965.925062,0.00224,0.001087,42,0.000108,0,28,0.611111,0.010376
26035,Clare County,,MI,2404,34189,36593,11,14,25,1145,1214,2359,6,0.312226,0.32903,43.504584,0.002806,0.001698,42,0.000138,0,28,0.580952,0.012184
26037,Clinton County,,MI,6234,87311,93545,14,19,33,4212,4279,8491,6,0.342629,0.363817,226.044752,0.003043,0.004427,42,0.000148,0,28,0.725146,0.013583
26039,Crawford County,,MI,1076,15750,16826,6,2,8,456,198,654,7,0.23846,0.245886,0.375,0.002251,0.00004,42,0.000098,0,28,0.9,0.009986
26041,Delta County,,MI,1759,46883,48642,4,6,10,368,585,953,6,0.298246,0.311104,3210.619587,0.000113,0.000502,155,0.000138,0,28,0.5,0.001017
26043,Dickinson County,,MI,1526,33056,34582,7,6,13,592,534,1126,7,0.264759,0.275639,5968.845808,0.000125,0.000094,155,0.000216,0,28,0.404762,0.001348
26045,Eaton County,,MI,10479,129248,139727,18,23,41,7250,7114,14364,6,0.34579,0.368092,122.891413,0.004165,0.006199,42,0.000168,0,28,0.673913,0.018398
26047,Emmet County,,MI,2550,39233,41783,10,10,20,1302,1168,2470,6,0.327069,0.34556,112.950664,0.002776,0.001994,42,0.000165,0,28,0.674242,0.012635
26049,Genesee County,,MI,23992,509084,533076,43,93,136,10962,16226,27188,5,0.388056,0.422196,12289.510369,0.014468,0.035127,42,0.000448,0,28,0.358567,0.096713
26051,Gladwin County,,MI,1753,30168,31921,9,9,18,1035,965,2000,6,0.311893,0.327918,1.044345,0.002437,0.001315,42,0.000113,0,28,0.877778,0.011022
26053,Gogebic County,,MI,897,17523,18420,2,1,3,179,116,295,1,1,1,2968,0,0,155,0.000462,0,8,0,0.000171
26055,Grand Traverse County,,MI,6484,103175,109659,30,23,53,4237,3381,7618,6,0.34473,0.366781,9931.284215,0.006619,0.005422,42,0.000478,0,28,0.361742,0.039017
26057,Gratiot County,,MI,2749,45536,48285,11,8,19,1501,1461,2962,6,0.292488,0.305717,3.479872,0.001759,0.000556,42,0.000135,0,28,0.7,0.008057
26059,Hillsdale County,,MI,3379,54190,57569,9,13,22,1570,1798,3368,6,0.312493,0.329668,161.210363,0.001453,0.00189,42,0.000127,0,28,0.576923,0.007344
26061,Houghton County,,MI,2086,37214,39300,5,6,11,387,392,779,6,0.31196,0.327719,18775.426793,0.000789,0.001036,155,0.000231,0,28,0.233333,0.003932
26063,Huron County,,MI,1791,43569,45360,9,8,17,861,917,1778,6,0.31196,0.32789,3.257812,0.002433,0.001459,42,0.000112,0,28,0.875,0.011007
26065,Ingham County,,MI,24968,287934,312902,51,86,137,14219,18021,32240,5,0.393275,0.426607,9656.216194,0.015736,0.039802,42,0.000518,0,28,0.453366,0.105749
26067,Ionia County,,MI,4395,71114,75509,7,12,19,2482,3017,5499,6,0.306242,0.322258,8.832416,0.000966,0.001235,42,0.000106,0,28,0.689394,0.004139
26069,Iosco County,,MI,1923,31069,32992,10,9,19,1042,783,1825,6,0.311993,0.328061,1643.024395,0.002362,0.001457,42,0.000182,0,28,0.666667,0.010901
26071,Iron County,,MI,680,14288,14968,1,2,3,58,125,183,7,0.257462,0.26608,0,0.000001,0.000024,155,0.000081,0,28,1,0.000106
26073,Isabella County,,MI,5378,61572,66950,20,22,42,2691,2889,5580,6,0.344689,0.36661,619.759789,0.003793,0.005527,42,0.000231,0,28,0.576667,0.017827
26075,Jackson County,,MI,9126,182858,191984,19,24,43,4359,4830,9189,6,0.355674,0.379714,493.924489,0.0053,0.00841,42,0.000177,0,28,0.635385,0.027011
26077,Kalamazoo County,,MI,17233,274102,291335,40,57,97,10700,10829,21529,6,0.382472,0.411639,4068.068197,0.012554,0.025065,42,0.000396,0,28,0.485457,0.078808
26079,Kalkaska County,,MI,1458,19412,20870,2,3,5,549,595,1144,7,0.256469,0.265317,0.25,0.000049,0.000083,42,0.000088,0,28,0.666667,0.000592
26081,Kent County,,MI,35412,713200,748612,97,135,232,22556,27052,49608,5,0.410674,0.448073,56879.573892,0.032158,0.05536,42,0.001112,0,28,0.365848,0.218773
26083,Keweenaw County,,MI,151,2433,2584,1,1,2,84,78,162,7,0.237801,0.244518,0,0.000008,0.000006,155,0.000083,0,28,0,0.00012
26085,Lake County,,MI,973,11327,12300,8,6,14,532,410,942,6,0.291351,0.304155,6.104275,0.001337,0.000318,42,0.000162,0,28,0.555556,0.006612
26087,Lapeer County,,MI,6607,109546,116153,8,11,19,3770,3917,7687,6,0.337683,0.357473,42.174875,0.0024,0.00334,42,0.000102,0,28,0.818182,0.010726
26089,Leelanau County,,MI,1674,26000,27674,5,3,8,719,734,1453,6,0.291264,0.303642,92.654799,0.001669,0.000315,42,0.000123,0,28,0.75,0.007697
26091,Lenawee County,,MI,5999,119968,125967,12,17,29,2819,3234,6053,6,0.340396,0.361605,550.487552,0.004281,0.005043,42,0.000131,0,28,0.6875,0.022588
26093,Livingston County,,MI,12503,220042,232545,18,29,47,8438,7376,15814,6,0.358729,0.383111,307.534872,0.006083,0.011691,42,0.000167,0,28,0.630542,0.033146
26095,Luce County,,MI,400,6710,7110,1,1,2,45,59,104,7,0.257417,0.265784,5.177781,0.000011,0.000023,155,0.00006,0,28,0,0.000086
26097,Mackinac County,,MI,1130,13832,14962,1,6,7,109,397,506,6,0.310667,0.326966,2975.871008,0.000008,0.001396,42,0.000066,0,28,0.1,0.000169
26099,Macomb County,,MI,47955,1034634,1082589,64,135,199,37705,38848,76553,5,0.409581,0.447179,16301.457202,0.026968,0.058413,42,0.000609,0,28,0.394432,0.182223
26101,Manistee County,,MI,1626,28825,30451,8,7,15,615,649,1264,6,0.29138,0.304326,104.888156,0.001275,0.000385,42,0.000205,0,28,0.517857,0.006587
26103,Marquette County,,MI,3581,73754,77335,16,15,31,1266,1069,2335,6,0.346487,0.367892,23112.445172,0.002964,0.004055,155,0.000437,0,28,0.296443,0.016036
26105,Mason County,,MI,1722,34457,36179,7,6,13,730,547,1277,6,0.291787,0.304611,10.369419,0.001331,0.000389,42,0.000149,0,28,0.642857,0.006911
26107,Mecosta County,,MI,3489,41386,44875,11,13,24,1731,1804,3535,6,0.31186,0.328585,139.394627,0.002425,0.001724,42,0.000167,0,28,0.593407,0.011581
26109,Menominee County,,MI,1378,29195,30573,4,6,10,755,791,1546,7,0.264879,0.275924,4.468088,0.000093,0.000132,155,0.000134,0,28,0.666667,0.00096
26111,Midland County,,MI,5750,100801,106551,18,18,36,3051,2839,5890,6,0.345178,0.366952,503.191852,0.004741,0.005372,42,0.000205,0,28,0.58658,0.02514
26113,Missaukee County,,MI,1203,17099,18302,5,5,10,555,603,1158,6,0.291438,0.304212,3.511415,0.001212,0.000352,42,0.000127,0,28,0.666667,0.005789
26115,Monroe County,,MI,9556,188383,197939,13,18,31,6052,5899,11951,6,0.35297,0.375245,72.39574,0.003643,0.007521,42,0.000125,0,28,0.75,0.015847
26117,Montcalm County,,MI,4788,71552,76340,12,10,22,3354,2906,6260,6,0.292898,0.306344,39.229884,0.002516,0.000584,42,0.000147,0,28,0.679487,0.011892
26119,Montmorency County,,MI,733,11299,12032,5,3,8,286,204,490,6,0.305347,0.319693,0.375,0.001975,0.00057,42,0.000098,0,28,0.9,0.009102
26121,Muskegon County,,MI,8192,199860,208052,17,15,32,4813,4531,9344,6,0.342469,0.363133,953.635352,0.004322,0.003807,42,0.000223,0,28,0.544737,0.022898
26123,Newaygo County,,MI,3675,57432,61107,6,8,14,2129,2222,4351,6,0.291845,0.304953,3.5,0.000607,0.00043,42,0.000119,0,28,0.625,0.003203
26125,Oakland County,,MI,85638,1415679,1501317,163,261,424,65241,74236,139477,5,0.439303,0.48713,98209.677209,0.068265,0.094341,42,0.001704,0,28,0.262859,0.481405
26127,Oceana County,,MI,2079,31347,33426,6,6,12,981,1115,2096,6,0.295264,0.309034,34.595437,0.000799,0.00065,42,0.000125,0,28,0.733333,0.005094
26129,Ogemaw County,,MI,1498,24761,26259,10,7,17,795,573,1368,6,0.305922,0.320907,2984.139496,0.002299,0.000772,42,0.000183,0,28,0.681818,0.010663
26131,Ontonagon County,,MI,449,8207,8656,1,2,3,41,125,166,7,0.237878,0.244832,5934,0.000008,0.000006,155,0.000083,0,28,0,0.00012
26133,Osceola County,,MI,2071,26779,28850,10,7,17,1124,1021,2145,6,0.291409,0.304383,13.342003,0.001549,0.000357,42,0.00019,0,28,0.509091,0.007504
26135,Oscoda County,,MI,588,9947,10535,2,1,3,106,49,155,7,0.234295,0.240797,0,0.001194,0.000018,42,0.00006,0,28,0.833333,0.0053
26137,Otsego County,,MI,2241,29297,31538,12,12,24,809,810,1619,6,0.312427,0.329184,1547.709639,0.002453,0.001688,42,0.000238,0,28,0.456044,0.011947
26139,Ottawa County,,MI,17373,307398,324771,33,40,73,12314,11940,24254,6,0.362195,0.389119,4670.822807,0.009851,0.015486,42,0.000362,0,28,0.434783,0.06147
26141,Presque Isle County,,MI,800,17236,18036,4,2,6,273,257,530,7,0.237898,0.245105,0.725,0.001217,0.000035,42,0.00009,0,28,0.75,0.005636
26143,Roscommon County,,MI,2013,28056,30069,11,12,23,958,842,1800,6,0.31216,0.328688,1496.042645,0.002669,0.001572,42,0.000181,0,28,0.561905,0.011802
26145,Saginaw County,,MI,10641,237569,248210,29,35,64,5336,6481,11817,6,0.360809,0.386662,3031.790423,0.006339,0.010152,42,0.000323,0,28,0.440256,0.03573
26147,St. Clair County,,MI,10041,202730,212771,13,21,34,5877,5903,11780,6,0.351865,0.374453,303.939506,0.006114,0.009332,42,0.00014,0,28,0.677866,0.034379
26149,St. Joseph County,,MI,3792,74355,78147,11,12,23,2030,2176,4206,6,0.326303,0.344705,549.980508,0.002588,0.001588,42,0.00016,0,28,0.570513,0.015218
26151,Sanilac County,,MI,2906,53398,56304,8,9,17,1758,1721,3479,6,0.311993,0.328061,3.247097,0.002346,0.001493,42,0.000104,0,28,0.902778,0.010508
26153,Schoolcraft County,,MI,400,9808,10208,1,2,3,42,97,139,7,0.257485,0.26608,0,0.000004,0.000024,155,0.00007,0,28,1,0.000098
26155,Shiawassee County,,MI,5044,88280,93324,10,15,25,2510,2853,5363,6,0.33874,0.359154,78.929552,0.002771,0.003986,42,0.000116,0,28,0.77619,0.012242
26157,Tuscola County,,MI,3672,70105,73777,10,10,20,2051,2042,4093,6,0.306628,0.322389,5.267036,0.00282,0.001284,42,0.000123,0,28,0.827273,0.012636
26159,Van Buren County,,MI,6034,89424,95458,12,11,23,3741,4027,7768,6,0.341071,0.361064,92.684762,0.002777,0.002943,42,0.000166,0,28,0.666667,0.018983
26161,Washtenaw County,,MI,33422,354027,387449,89,123,212,19756,25416,45172,5,0.402422,0.439341,9428.068773,0.042727,0.059283,42,0.000865,0,28,0.478209,0.294775
26163,Wayne County,,MI,108582,2058202,2166784,145,290,435,50395,95711,146106,5,0.447505,0.497025,111948.637531,0.06126,0.096875,42,0.001481,0,28,0.231017,0.435801
26165,Wexford County,,MI,2831,37884,40715,10,6,16,1453,1135,2588,6,0.305986,0.321118,297.430612,0.001994,0.000868,42,0.00021,0,28,0.466667,0.010348
27001,Aitkin County,,MN,1053,17529,18582,6,6,12,504,469,973,6,0.306467,0.320275,0,0.001281,0.000988,23,0.000135,0,28,1,0.008873
27003,Anoka County,,MN,25820,395794,421614,34,46,80,20569,20712,41281,6,0.357807,0.384422,5952.218337,0.008438,0.011281,23,0.000587,0,28,0.325255,0.063941
27005,Becker County,,MN,2010,38032,40042,6,7,13,922,1145,2067,6,0.307207,0.32146,6268.525076,0.000697,0.000677,23,0.000259,0,28,0.52381,0.005618
27007,Beltrami County,,MN,2908,46737,49645,14,14,28,1364,1357,2721,6,0.307757,0.323142,9081.111621,0.001177,0.001198,23,0.000379,0,28,0.433824,0.009275
27009,Benton County,,MN,4959,44911,49870,9,10,19,3496,3621,7117,6,0.306595,0.320959,3.328571,0.001121,0.001058,23,0.000189,0,28,0.809091,0.00848
27011,Big Stone County,,MN,323,6492,6815,0,1,1,0,41,41,8,0.212867,0.217937,0,0,0,23,0.00005,0,87,0,0
27013,Blue Earth County,,MN,5930,65368,71298,24,22,46,3796,3766,7562,6,0.337255,0.358202,11893.218916,0.001755,0.002533,23,0.000459,0,28,0.383077,0.013652
27015,Brown County,,MN,1645,33184,34829,6,6,12,479,616,1095,6,0.306595,0.320474,1286.707247,0.000863,0.001048,23,0.000153,0,28,0.410714,0.007237
27017,Carlton County,,MN,1946,39859,41805,6,5,11,1266,1039,2305,6,0.306499,0.320189,1.9,0.001236,0.000918,23,0.000151,0,28,0.9,0.00861
27019,Carver County,,MN,6980,104914,111894,15,17,32,5597,4494,10091,6,0.343192,0.363896,554.455574,0.003795,0.003414,23,0.000268,0,28,0.666667,0.028565
27021,Cass County,,MN,2215,33286,35501,13,10,23,1495,1307,2802,6,0.307466,0.322201,188.17878,0.001385,0.001047,23,0.000302,0,28,0.642857,0.010525
27023,Chippewa County,,MN,963,15920,16883,5,6,11,295,388,683,6,0.306692,0.320645,6834.214168,0.000023,0.000629,23,0.000234,0,28,0.357143,0.000546
27025,Chisago County,,MN,3998,64125,68123,11,12,23,3078,2800,5878,6,0.306692,0.321358,7.29031,0.001465,0.001289,23,0.000215,0,28,0.705128,0.010604
27027,Clay County,,MN,4367,60947,65314,16,12,28,3416,2773,6189,6,0.309222,0.324761,1140.727778,0.001358,0.00127,23,0.000457,0,28,0.366013,0.010432
27029,Clearwater County,,MN,524,10044,10568,1,2,3,140,219,359,7,0.235446,0.242188,0,0.000009,0.000015,23,0.000073,0,28,1,0.000178
27031,Cook County,,MN,415,6427,6842,1,2,3,60,102,162,6,0.306242,0.319448,0,0.00062,0.000646,23,0.000064,0,28,1,0.004536
27033,Cottonwood County,,MN,691,14492,15183,2,1,3,94,49,143,8,0.191587,0.195377,2.880556,0,0,23,0.000117,0,28,0,0.000182
27035,Crow Wing County,,MN,4212,72802,77014,19,20,39,2808,2409,5217,6,0.335668,0.356036,2006.180426,0.001596,0.002428,23,0.000394,0,28,0.504329,0.012219
27037,Dakota County,,MN,33707,481059,514766,73,84,157,26473,26564,53037,5,0.392115,0.42435,34823.158476,0.02068,0.02907,23,0.001166,0,28,0.298182,0.152456
27039,Dodge County,,MN,1381,24025,25406,4,5,9,792,768,1560,6,0.306403,0.320075,1.116667,0.000095,0.000695,23,0.000115,0,28,0.8,0.001029
27041,Douglas County,,MN,2449,44919,47368,13,10,23,1310,1150,2460,6,0.307433,0.322173,4405.098568,0.001395,0.000976,23,0.000343,0,28,0.532051,0.01043
27043,Faribault County,,MN,1041,18987,20028,3,6,9,268,487,755,6,0.306595,0.320503,4.579207,0.000034,0.000697,23,0.000103,0,28,0.7,0.000472
27045,Fillmore County,,MN,1520,26030,27550,6,6,12,694,839,1533,7,0.265071,0.275762,3517.113898,0.000717,0.000077,23,0.000145,0,28,0.375,0.005634
27047,Freeborn County,,MN,1888,39197,41085,8,10,18,697,886,1583,6,0.306853,0.321386,3738.304599,0.000949,0.001119,23,0.0002,0,28,0.577778,0.007127
27049,Goodhue County,,MN,3056,57033,60089,11,12,23,1817,1810,3627,6,0.335398,0.354725,371.707274,0.00143,0.002314,23,0.000217,0,28,0.608974,0.01024
27051,Grant County,,MN,490,7742,8232,1,2,3,114,179,293,7,0.251787,0.259848,0,0.000008,0.00002,23,0.000079,0,28,1,0.000184
27053,Hennepin County,,MN,90862,1313214,1404076,254,237,491,73328,79657,152985,5,0.441225,0.485505,415113.814943,0.078413,0.079303,23,0.003735,0,28,0.201396,0.561362
27055,Houston County,,MN,1283,24752,26035,3,6,9,498,756,1254,6,0.307014,0.321244,774.944403,0.000051,0.000727,155,0.000104,0,28,0.566667,0.000765
27057,Hubbard County,,MN,1461,22910,24371,9,7,16,786,680,1466,6,0.307304,0.321603,542.692364,0.000834,0.000687,23,0.000259,0,28,0.577778,0.00674
27059,Isanti County,,MN,3032,44267,47299,11,12,23,2476,2164,4640,6,0.30666,0.321301,3.981046,0.00143,0.001293,23,0.000209,0,28,0.80303,0.010463
27061,Itasca County,,MN,2245,52325,54570,10,10,20,1078,1096,2174,6,0.306724,0.321158,5.105895,0.001388,0.00119,23,0.000222,0,28,0.833333,0.00993
27063,Jackson County,,MN,778,13158,13936,4,4,8,199,238,437,7,0.236972,0.244337,4271.392248,0.000014,0.000008,23,0.000245,0,28,0,0.000432
27065,Kanabec County,,MN,1220,19576,20796,7,8,15,754,802,1556,6,0.306467,0.320503,1.016667,0.001063,0.000995,23,0.000152,0,28,0.875,0.007873
27067,Kandiyohi County,,MN,2738,50978,53716,9,13,22,931,1316,2247,6,0.309124,0.324749,6130.85265,0.001018,0.001398,23,0.000233,0,28,0.385714,0.00763
27069,Kittson County,,MN,225,5693,5918,0,0,0,0,0,0,0,0,0,0,0,0,43,0.00005,37,88,0,0
27071,Koochiching County,,MN,723,15878,16601,1,2,3,55,188,243,7,0.260281,0.269754,0,0.000053,0.000043,23,0.000072,0,28,1,0.000407
27073,Lac qui Parle County,,MN,464,9381,9845,1,1,2,62,41,103,7,0.234727,0.240769,0,0.000005,0,23,0.000083,0,28,0,0.000096
27075,Lake County,,MN,722,12987,13709,2,1,3,288,325,613,7,0.260027,0.269139,0,0.000673,0.000033,23,0.000086,0,28,1,0.004943
27077,Lake of the Woods County,,MN,357,4952,5309,1,1,2,48,69,117,8,0.20767,0.212741,0,0.000001,0,23,0.000079,0,28,0,0.000091
27079,Le Sueur County,,MN,2180,34141,36321,9,9,18,1327,1335,2662,6,0.30666,0.32093,3.710004,0.000977,0.001097,23,0.000196,0,28,0.755556,0.00735
27081,Lincoln County,,MN,463,7361,7824,3,2,5,190,163,353,7,0.235844,0.24245,6.369913,0.000016,0.000008,23,0.000212,0,28,0.166667,0.000376
27083,Lyon County,,MN,2172,30347,32519,9,12,21,663,924,1587,6,0.308569,0.32386,14505.189738,0.000967,0.00116,23,0.000344,0,28,0.291209,0.007284
27085,McLeod County,,MN,2812,47521,50333,11,14,25,1464,1665,3129,6,0.308471,0.324008,41.923021,0.001407,0.001374,23,0.000211,0,28,0.547619,0.010098
27087,Mahnomen County,,MN,376,6066,6442,1,1,2,139,100,239,7,0.235029,0.241168,0,0.000005,0.000005,23,0.000082,0,28,0,0.000136
27089,Marshall County,,MN,710,12180,12890,2,4,6,201,295,496,7,0.26196,0.272228,0,0.000011,0.000075,23,0.0001,0,28,0.833333,0.000244
27091,Martin County,,MN,1415,26518,27933,4,7,11,235,509,744,6,0.308276,0.322737,2678.467289,0.000026,0.000723,23,0.000149,0,28,0.404762,0.000503
27093,Meeker County,,MN,1601,28862,30463,5,6,11,801,918,1719,6,0.306563,0.320417,1.253571,0.000699,0.000683,23,0.000125,0,28,0.8,0.005454
27095,Mille Lacs County,,MN,2125,30321,32446,11,10,21,1401,1248,2649,6,0.306563,0.320902,5.297,0.001153,0.001035,23,0.000217,0,28,0.781818,0.008883
27097,Morrison County,,MN,1846,41354,43200,9,10,19,1213,1256,2469,6,0.306531,0.320873,656.325438,0.001164,0.000735,23,0.000202,0,28,0.674242,0.008654
27099,Mower County,,MN,2756,47090,49846,7,10,17,950,1327,2277,6,0.306949,0.321529,1414.282616,0.000723,0.00112,23,0.000173,0,28,0.544444,0.00586
27101,Murray County,,MN,524,10910,11434,2,3,5,125,151,276,7,0.236092,0.243037,6.557982,0.000015,0.000014,23,0.000106,0,28,0.166667,0.000289
27103,Nicollet County,,MN,3432,36117,39549,10,11,21,2127,2181,4308,6,0.306788,0.321386,462.559443,0.000954,0.00116,23,0.000212,0,28,0.5,0.00711
27105,Nobles County,,MN,1431,25104,26535,6,6,12,498,481,979,6,0.308276,0.322623,10226.784189,0.000731,0.000702,23,0.000221,0,28,0.095238,0.005798
27107,Norman County,,MN,487,8332,8819,1,3,4,91,275,366,7,0.258532,0.268096,0,0.000045,0.000054,23,0.000087,0,28,1,0.000475
27109,Olmsted County,,MN,9912,175770,185682,35,31,66,5518,5343,10861,6,0.359479,0.385083,9910.438783,0.007095,0.007605,23,0.000617,0,28,0.356275,0.053184
27111,Otter Tail County,,MN,3385,69848,73233,15,14,29,1753,1746,3499,6,0.336285,0.356025,5793.190735,0.001172,0.002247,23,0.000416,0,28,0.460784,0.009459
27113,Pennington County,,MN,1086,16559,17645,5,9,14,387,648,1035,6,0.307466,0.322087,4736.528095,0.000016,0.000708,23,0.000184,0,28,0.5,0.000589
27115,Pine County,,MN,2015,31452,33467,10,11,21,1202,1215,2417,6,0.30666,0.321187,6.415668,0.001444,0.00126,23,0.000206,0,28,0.7,0.010315
27117,Pipestone County,,MN,627,11841,12468,4,2,6,245,152,397,7,0.27019,0.280362,518.678688,0.000112,0.000088,23,0.000225,0,28,0.5,0.001172
27119,Polk County,,MN,2362,36609,38971,10,8,18,1056,1092,2148,6,0.307433,0.321916,14054.898509,0.000736,0.000702,23,0.000307,0,28,0.354545,0.006189
27121,Pope County,,MN,761,13813,14574,4,4,8,333,333,666,7,0.258807,0.26825,7110.392344,0.000666,0.000033,23,0.000186,0,28,0.35,0.00511
27123,Ramsey County,,MN,49501,556542,606043,104,109,213,37937,42310,80247,6,0.408095,0.44222,72321.606415,0.03229,0.040587,23,0.001633,0,28,0.300537,0.241757
27125,Red Lake County,,MN,314,5052,5366,1,2,3,79,140,219,7,0.235199,0.241601,0,0.000006,0.000006,23,0.000068,0,28,1,0.000096
27127,Redwood County,,MN,1080,19897,20977,4,4,8,315,300,615,6,0.306563,0.320189,6.89264,0.000035,0.000632,23,0.000124,0,28,0.6,0.000581
27129,Renville County,,MN,1349,20409,21758,4,8,12,346,626,972,6,0.308895,0.323809,2936.149261,0.000646,0.00092,23,0.000118,0,28,0.375,0.004963
27131,Rice County,,MN,4096,69044,73140,13,11,24,2526,2225,4751,6,0.306756,0.321329,7.892685,0.001538,0.00124,23,0.000246,0,28,0.705128,0.01111
27133,Rock County,,MN,621,11948,12569,2,3,5,193,287,480,7,0.27029,0.280676,1.565909,0.000108,0.000095,23,0.000112,0,28,0.666667,0.000976
27135,Roseau County,,MN,942,20313,21255,3,5,8,181,301,482,7,0.262078,0.272627,5889,0.000011,0.000079,23,0.000167,0,28,0.566667,0.000329
27137,St. Louis County,,MN,10066,226099,236165,38,31,69,6186,6073,12259,6,0.351358,0.375541,12184.427809,0.004276,0.006821,23,0.0008,0,28,0.292359,0.033934
27139,Scott County,,MN,10248,150076,160324,20,26,46,8886,7340,16226,6,0.352332,0.375826,1302.546295,0.002937,0.006671,23,0.000363,0,28,0.494709,0.023215
27141,Sherburne County,,MN,7596,101319,108915,17,17,34,6563,5555,12118,6,0.335398,0.355324,339.860375,0.002628,0.002422,23,0.000303,0,28,0.640351,0.020155
27143,Sibley County,,MN,1050,19397,20447,8,6,14,649,456,1105,6,0.306499,0.320332,3.306023,0.000961,0.000698,23,0.000161,0,28,0.722222,0.007087
27145,Stearns County,,MN,11043,167932,178975,28,30,58,7133,8125,15258,6,0.34876,0.372167,8621.223307,0.002753,0.004914,23,0.000596,0,28,0.375947,0.022529
27147,Steele County,,MN,2563,46495,49058,10,10,20,1332,1321,2653,6,0.306788,0.321272,202.812102,0.001283,0.001129,23,0.000213,0,28,0.7,0.009372
27149,Stevens County,,MN,684,10537,11221,1,1,2,41,48,89,8,0.205611,0.210225,0,0,0.000005,23,0.00009,0,28,0,0.000128
27151,Swift County,,MN,774,12329,13103,3,3,6,248,230,478,6,0.306499,0.319961,386.034922,0.000016,0.000621,23,0.000138,0,28,0.5,0.000379
27153,Todd County,,MN,1560,28969,30529,8,7,15,713,828,1541,7,0.25899,0.268979,368.692469,0.000717,0.000074,23,0.000229,0,28,0.589286,0.005864
27155,Traverse County,,MN,300,4386,4686,0,1,1,0,43,43,8,0.205884,0.210788,0,0,0,23,0.00005,0,89,0,0
27157,Wabasha County,,MN,1406,27960,29366,6,6,12,734,826,1560,6,0.306595,0.320503,209.855409,0.000335,0.000862,23,0.000141,0,28,0.589286,0.002524
27159,Wadena County,,MN,1073,16478,17551,6,5,11,423,384,807,7,0.258669,0.268723,17.38743,0.000054,0.000071,23,0.0002,0,28,0.47619,0.00098
27161,Waseca County,,MN,1448,23657,25105,8,8,16,664,756,1420,6,0.306595,0.320731,39.824642,0.000894,0.000881,23,0.000184,0,28,0.644444,0.007716
27163,Washington County,,MN,19120,280372,299492,38,39,77,16661,14607,31268,6,0.361345,0.388127,3983.112802,0.010895,0.0132,23,0.000585,0,28,0.396392,0.081435
27165,Watonwan County,,MN,784,13656,14440,2,5,7,133,351,484,7,0.252483,0.26137,1657.012732,0.000025,0.000028,23,0.000086,0,28,0.45,0.000322
27167,Wilkin County,,MN,634,8496,9130,3,4,7,295,397,692,7,0.258487,0.268153,1.066667,0.000063,0.000058,23,0.000137,0,28,0.833333,0.000747
27169,Winona County,,MN,3158,55577,58735,11,13,24,1319,1818,3137,6,0.330321,0.34902,3767.031775,0.001927,0.002178,23,0.000226,0,28,0.455128,0.014551
27171,Wright County,,MN,8486,144076,152562,21,21,42,7817,6011,13828,6,0.336517,0.357165,572.719755,0.002711,0.002505,23,0.000406,0,28,0.547619,0.021128
27173,Yellow Medicine County,,MN,786,12810,13596,2,2,4,192,192,384,7,0.235921,0.24265,14.610162,0.000014,0.000008,23,0.000108,0,28,0.5,0.000249
28001,Adams County,,MS,2031,32312,34343,7,11,18,654,910,1564,6,0.325069,0.344471,8499.542577,0.000456,0.002723,0,0.000188,0,28,0.469697,0.003669
28003,Alcorn County,,MS,2024,36648,38672,7,6,13,940,901,1841,6,0.307563,0.321426,3075.501006,0.000652,0.000597,0,0.000232,0,28,0.428571,0.005138
28005,Amite County,,MS,1126,13202,14328,6,5,11,544,548,1092,7,0.27763,0.289994,101.247904,0.000758,0.000277,0,0.000189,0,28,0.571429,0.008032
28007,Attala County,,MS,953,19763,20716,7,4,11,497,276,773,7,0.268454,0.279701,110.885506,0.000233,0.000139,0,0.00019,0,28,0.47619,0.002158
28009,Benton County,,MS,685,8675,9360,6,5,11,557,475,1032,6,0.307433,0.321084,842.586727,0.000706,0.000594,0,0.000182,0,28,0.533333,0.005632
28011,Bolivar County,,MS,2336,37006,39342,7,7,14,861,1104,1965,6,0.308536,0.322851,10.514148,0.000871,0.000819,0,0.00015,0,28,0.696429,0.006509
28013,Calhoun County,,MS,839,16247,17086,5,6,11,369,435,804,7,0.240026,0.248483,35.879739,0.000035,0.000023,0,0.000175,0,28,0.357143,0.000717
28015,Carroll County,,MS,956,11144,12100,3,3,6,513,475,988,7,0.236035,0.242794,2.639462,0.000012,0.000012,0,0.00014,0,28,0.833333,0.00036
28017,Chickasaw County,,MS,1367,20131,21498,5,5,10,649,909,1558,7,0.239829,0.247799,7.320639,0.000015,0.000009,0,0.000181,0,28,0.6,0.00059
28019,Choctaw County,,MS,577,8732,9309,3,4,7,194,270,464,7,0.247608,0.256739,3.991342,0.000024,0.000012,0,0.000127,0,28,0.416667,0.000377
28021,Claiborne County,,MS,802,10214,11016,3,3,6,352,438,790,7,0.268454,0.279587,593.821037,0.00015,0.000096,0,0.000103,0,28,0.5,0.001077
28023,Clarke County,,MS,1663,19583,21246,4,6,10,985,1050,2035,7,0.258532,0.269101,29.997757,0.000038,0.00006,0,0.000159,0,28,0.566667,0.000637
28025,Clay County,,MS,1340,21766,23106,5,6,11,596,662,1258,7,0.260513,0.270843,158.417317,0.000055,0.000037,0,0.000184,0,28,0.566667,0.000733
28027,Coahoma County,,MS,1946,28660,30606,6,10,16,641,1066,1707,6,0.308667,0.323421,1163.975597,0.000712,0.000785,0,0.000172,0,28,0.466667,0.005588
28029,Copiah County,,MS,1874,31593,33467,5,5,10,993,1101,2094,7,0.268627,0.280214,2.559481,0.000185,0.000174,0,0.000143,0,28,0.7,0.001574
28031,Covington County,,MS,1571,20923,22494,8,7,15,1048,974,2022,7,0.253511,0.264419,166.95496,0.000369,0.000076,0,0.000208,0,28,0.680556,0.003688
28033,DeSoto County,,MS,12551,169833,182384,41,30,71,12835,7645,20480,6,0.355631,0.380848,14254.632209,0.010798,0.008142,0,0.00075,0,28,0.255762,0.083219
28035,Forrest County,,MS,7846,70505,78351,33,27,60,5034,5018,10052,6,0.332348,0.355158,21740.839609,0.003491,0.005257,0,0.000673,0,28,0.281532,0.029789
28037,Franklin County,,MS,644,9100,9744,2,2,4,253,177,430,7,0.245508,0.253815,1.616866,0.000026,0.000005,0,0.000085,0,28,0,0.000235
28039,George County,,MS,1111,22266,23377,4,3,7,860,578,1438,7,0.275563,0.286967,6.082932,0.000471,0.000325,0,0.000138,0,28,0.666667,0.004574
28041,Greene County,,MS,591,12024,12615,5,4,9,351,276,627,7,0.274864,0.286215,196.28103,0.00025,0.000235,0,0.000205,0,28,0.4,0.002493
28043,Grenada County,,MS,1684,24716,26400,7,9,16,637,717,1354,6,0.308341,0.322908,7503.766447,0.000649,0.000719,0,0.000235,0,28,0.377778,0.005006
28045,Hancock County,,MS,3055,36814,39869,9,10,19,1565,1593,3158,7,0.282212,0.296116,148.720978,0.001876,0.001297,0,0.000205,0,28,0.727273,0.01813
28047,Harrison County,,MS,17235,177382,194617,75,58,133,10138,8981,19119,6,0.372152,0.402098,28072.992057,0.030416,0.023291,0,0.001002,0,28,0.39716,0.229207
28049,Hinds County,,MS,18745,263995,282740,52,57,109,10694,14453,25147,6,0.366692,0.396523,62279.512698,0.011185,0.015366,0,0.00096,0,28,0.264209,0.088705
28051,Holmes County,,MS,1245,21234,22479,5,8,13,453,770,1223,6,0.330321,0.348729,565.304069,0.000169,0.001707,0,0.000166,0,28,0.660714,0.001722
28053,Humphreys County,,MS,585,10251,10836,4,3,7,227,172,399,7,0.26838,0.279416,1.092857,0.000164,0.0001,0,0.000117,0,28,0.666667,0.001287
28055,Issaquena County,,MS,121,1098,1219,0,0,0,0,0,0,0,0,0,0,0,0,44,0.00005,38,90,0,0
28057,Itawamba County,,MS,1593,25772,27365,7,6,13,1083,1015,2098,7,0.239947,0.248255,42.923031,0.000019,0.000017,0,0.000249,0,28,0.47619,0.00089
28059,Jackson County,,MS,10944,142463,153407,34,30,64,5860,6180,12040,6,0.355199,0.380711,5210.393555,0.012004,0.010438,0,0.000547,0,28,0.477952,0.092263
28061,Jasper County,,MS,1349,19847,21196,5,5,10,824,815,1639,7,0.24968,0.259409,17.115152,0.000039,0.000032,0,0.000159,0,28,0.5,0.000746
28063,Jefferson County,,MS,519,8337,8856,2,3,5,116,225,341,7,0.249105,0.257964,2.825548,0.000022,0.000013,0,0.000094,0,28,0.5,0.000219
28065,Jefferson Davis County,,MS,953,13287,14240,6,7,13,472,615,1087,7,0.269171,0.281217,26.821425,0.000058,0.000129,0,0.00018,0,28,0.571429,0.000994
28067,Jones County,,MS,3708,67447,71155,12,13,25,2034,2230,4264,6,0.323058,0.341838,3610.286584,0.000438,0.001495,0,0.000332,0,28,0.43956,0.004587
28069,Kemper County,,MS,598,8865,9463,2,2,4,176,268,444,7,0.252723,0.261336,0,0.000027,0.000028,0,0.000088,0,28,1,0.000405
28071,Lafayette County,,MS,3621,37423,41044,18,15,33,1649,1474,3123,6,0.314781,0.331697,6209.299062,0.001248,0.001872,0,0.000417,0,28,0.352632,0.011042
28073,Lamar County,,MS,5605,48747,54352,18,18,36,4035,3443,7478,7,0.282867,0.298806,1104.417507,0.001059,0.00126,0,0.000408,0,28,0.411905,0.010647
28075,Lauderdale County,,MS,4944,80564,85508,20,22,42,2443,2372,4815,6,0.338035,0.359559,19903.666338,0.003436,0.003281,0,0.000396,0,28,0.249288,0.024962
28077,Lawrence County,,MS,903,14273,15176,6,6,12,429,467,896,7,0.268651,0.280385,31.945916,0.000141,0.000098,0,0.000168,0,28,0.533333,0.001411
28079,Leake County,,MS,1519,22293,23812,7,7,14,778,889,1667,7,0.268651,0.280499,14.930777,0.000222,0.000177,0,0.00021,0,28,0.690476,0.002194
28081,Lee County,,MS,5394,88989,94383,20,19,39,3761,3350,7111,6,0.315086,0.332666,22316.239263,0.001024,0.001847,0,0.000524,0,28,0.292208,0.00891
28083,Leflore County,,MS,2072,33301,35373,7,11,18,791,1124,1915,6,0.308699,0.323592,4863.019154,0.000813,0.000848,0,0.00018,0,28,0.462121,0.005802
28085,Lincoln County,,MS,2165,37088,39253,8,10,18,1233,1209,2442,7,0.278423,0.292154,1163.056228,0.000193,0.000572,0,0.000238,0,28,0.366667,0.001946
28087,Lowndes County,,MS,5205,63159,68364,13,19,32,1419,1940,3359,6,0.343757,0.365259,16012.24683,0.002361,0.003888,0,0.00032,0,28,0.305195,0.019339
28089,Madison County,,MS,8535,94593,103128,33,26,59,7476,5552,13028,6,0.345218,0.369146,8602.83078,0.006246,0.005155,0,0.000609,0,28,0.299595,0.050257
28091,Marion County,,MS,1550,27725,29275,5,6,11,558,717,1275,7,0.271722,0.283562,63.024001,0.000062,0.00028,0,0.000154,0,28,0.571429,0.00093
28093,Marshall County,,MS,2906,38963,41869,8,7,15,2301,1960,4261,6,0.307531,0.321483,931.449231,0.000726,0.000689,0,0.000238,0,28,0.535714,0.005965
28095,Monroe County,,MS,2009,41660,43669,8,7,15,1223,1089,2312,7,0.260606,0.271185,240.88154,0.000047,0.000038,0,0.000256,0,28,0.416667,0.00107
28097,Montgomery County,,MS,930,12306,13236,3,2,5,219,268,487,7,0.235711,0.242093,0,0.000012,0.000005,0,0.000126,0,28,1,0.00036
28099,Neshoba County,,MS,1638,31660,33298,7,8,15,833,825,1658,7,0.270641,0.28285,243.743271,0.000087,0.000154,0,0.00021,0,28,0.553571,0.00124
28101,Newton County,,MS,1360,24552,25912,7,7,14,754,754,1508,7,0.270615,0.282679,102.827691,0.000207,0.000153,0,0.00019,0,28,0.553571,0.001967
28103,Noxubee County,,MS,628,14197,14825,1,3,4,135,271,406,7,0.259059,0.268694,36.950544,0.00003,0.000028,0,0.000065,0,28,0.666667,0.000247
28105,Oktibbeha County,,MS,4246,38602,42848,17,19,36,1490,1862,3352,6,0.328798,0.350182,18636.869533,0.00125,0.003037,0,0.000376,0,28,0.353755,0.010404
28107,Panola County,,MS,2303,38108,40411,9,8,17,1434,1374,2808,6,0.307498,0.32154,1135.477549,0.000738,0.000689,0,0.00024,0,28,0.583333,0.006045
28109,Pearl River County,,MS,3376,53734,57110,10,12,22,2082,1872,3954,7,0.282321,0.296572,438.023062,0.001001,0.001261,148,0.000255,0,28,0.564103,0.011134
28111,Perry County,,MS,966,13033,13999,5,4,9,486,500,986,7,0.249637,0.259181,9.052489,0.000246,0.000041,0,0.000171,0,28,0.65,0.002661
28113,Pike County,,MS,2729,42332,45061,12,14,26,1318,1542,2860,7,0.284824,0.300317,843.939957,0.000726,0.0014,0,0.000296,0,28,0.408333,0.007421
28115,Pontotoc County,,MS,2148,30979,33127,7,8,15,1341,1337,2678,7,0.240066,0.248768,23.96102,0.00003,0.00003,0,0.000239,0,28,0.5,0.000953
28117,Prentiss County,,MS,1370,25750,27120,6,5,11,919,757,1676,7,0.23981,0.247799,5.695075,0.00002,0.000024,0,0.000226,0,28,0.633333,0.000828
28119,Quitman County,,MS,714,8288,9002,3,4,7,249,401,650,7,0.262619,0.272713,0.2,0.000017,0.000101,0,0.000116,0,28,0.916667,0.000414
28121,Rankin County,,MS,10737,142805,153542,37,38,75,8956,6977,15933,6,0.337022,0.361907,23219.699997,0.004448,0.007269,0,0.000725,0,28,0.258422,0.03689
28123,Scott County,,MS,1813,30085,31898,7,7,14,914,978,1892,7,0.268651,0.280499,53.284373,0.000207,0.000176,0,0.000193,0,28,0.660714,0.001974
28125,Sharkey County,,MS,398,5514,5912,2,0,2,106,0,106,0,0,0,0,0.000066,0,0,0.000069,0,19,0.5,0.000356
28127,Simpson County,,MS,1575,27262,28837,7,9,16,1042,964,2006,7,0.276606,0.289672,173.736268,0.00022,0.000394,0,0.000197,0,28,0.5,0.002188
28129,Smith County,,MS,1001,16028,17029,6,6,12,443,574,1017,7,0.252352,0.262844,37.974265,0.000074,0.000045,0,0.000182,0,28,0.433333,0.001008
28131,Stone County,,MS,1095,15765,16860,6,4,10,949,513,1462,7,0.271444,0.282736,0.142857,0.000335,0.000367,0,0.000156,0,28,0.966667,0.00363
28133,Sunflower County,,MS,1825,28014,29839,7,8,15,720,970,1690,6,0.308602,0.323079,206.867536,0.000806,0.000821,0,0.000169,0,28,0.541667,0.005844
28135,Tallahatchie County,,MS,972,13826,14798,5,6,11,338,472,810,6,0.307498,0.321312,7.876133,0.000654,0.000601,0,0.000145,0,28,0.5,0.00487
28137,Tate County,,MS,2119,29849,31968,6,6,12,1603,1462,3065,6,0.307433,0.321198,2.876227,0.000726,0.000684,0,0.000186,0,28,0.8,0.005707
28139,Tippah County,,MS,1183,23853,25036,7,7,14,653,710,1363,7,0.239849,0.24817,1210.605473,0.00072,0.00003,0,0.00022,0,28,0.5,0.005782
28141,Tishomingo County,,MS,1192,19805,20997,7,6,13,612,631,1243,7,0.240066,0.248483,1279.216745,0.000662,0.000027,0,0.000235,0,28,0.452381,0.005158
28143,Tunica County,,MS,1558,13068,14626,7,6,13,942,1054,1996,6,0.307369,0.321084,1119.263071,0.000721,0.000674,0,0.000185,0,28,0.619048,0.005732
28145,Union County,,MS,1786,29326,31112,8,9,17,1171,1138,2309,7,0.240046,0.248882,2162.121628,0.000671,0.000035,0,0.000259,0,28,0.444444,0.005325
28147,Walthall County,,MS,925,15690,16615,4,5,9,323,480,803,7,0.249786,0.259665,11.111734,0.000027,0.000054,0,0.000136,0,28,0.4,0.000627
28149,Warren County,,MS,3779,56351,60130,7,15,22,958,1724,2682,6,0.331031,0.351738,5353.15746,0.001112,0.003812,0,0.000202,0,28,0.425,0.009594
28151,Washington County,,MS,3698,58007,61705,7,18,25,948,1774,2722,6,0.343072,0.365606,3060.367545,0.001749,0.00462,0,0.000152,0,28,0.403509,0.012694
28153,Wayne County,,MS,1169,22473,23642,6,4,10,421,472,893,7,0.249637,0.259181,29.606081,0.000058,0.000033,0,0.000209,0,28,0.366667,0.000915
28155,Webster County,,MS,666,10768,11434,4,3,7,407,230,637,7,0.247566,0.256511,12.093808,0.000024,0.00001,0,0.000145,0,28,0.333333,0.000476
28157,Wilkinson County,,MS,584,9728,10312,3,2,5,210,213,423,7,0.27734,0.289082,0,0.000257,0.000242,148,0.000114,0,28,0.833333,0.002284
28159,Winston County,,MS,1094,21218,22312,4,6,10,316,462,778,7,0.260073,0.271111,50.780231,0.000025,0.000074,0,0.000135,0,28,0.357143,0.000473
28161,Yalobusha County,,MS,986,14110,15096,6,7,13,537,603,1140,6,0.307595,0.321597,777.334057,0.000726,0.000683,0,0.000174,0,28,0.595238,0.005688
28163,Yazoo County,,MS,1462,26283,27745,6,5,11,528,759,1287,7,0.268528,0.279986,155.180317,0.000863,0.000174,0,0.000162,0,28,0.666667,0.006287
29001,Adair County,,MO,2056,23119,25175,8,7,15,633,597,1230,6,0.335283,0.353477,19318.537552,0.001096,0.001723,46,0.000436,0,28,0.166667,0.007853
29003,Andrew County,,MO,2007,20674,22681,7,5,12,1425,1341,2766,7,0.271646,0.282625,260.223056,0.000214,0.000194,46,0.000199,0,28,0.47619,0.002166
29005,Atchison County,,MO,429,7148,7577,0,1,1,0,50,50,7,0.232364,0.238348,0,0,0.000001,46,0.00005,0,91,0,0
29007,Audrain County,,MO,1635,28244,29879,9,7,16,878,728,1606,6,0.305379,0.318513,1682.940386,0.000776,0.000669,46,0.000259,0,28,0.347222,0.005897
29009,Barry County,,MO,2806,38166,40972,10,11,21,1467,1664,3131,7,0.281073,0.294241,55.340489,0.000537,0.000664,46,0.000272,0,28,0.590909,0.006041
29011,Barton County,,MO,1049,14614,15663,4,5,9,345,557,902,7,0.273348,0.285093,7.809208,0.000078,0.000221,46,0.000134,0,28,0.55,0.000948
29013,Bates County,,MO,1211,19141,20352,5,7,12,634,704,1338,6,0.300947,0.313725,15.45989,0.000452,0.000835,46,0.000137,0,28,0.547619,0.003376
29015,Benton County,,MO,1532,19905,21437,7,8,15,712,739,1451,6,0.297034,0.309958,9.560389,0.000942,0.000689,46,0.000166,0,28,0.777778,0.007129
29017,Bollinger County,,MO,911,13316,14227,4,5,9,438,534,972,7,0.242595,0.250689,44.750779,0.000031,0.000021,46,0.000199,0,28,0.45,0.000517
29019,Boone County,,MO,12899,158574,171473,53,53,106,7257,7158,14415,6,0.376561,0.4057,61148.908408,0.012199,0.017024,46,0.001036,0,28,0.277702,0.093376
29021,Buchanan County,,MO,6268,96499,102767,16,20,36,3110,3626,6736,6,0.338465,0.358886,24241.492021,0.002352,0.002872,46,0.000365,0,28,0.311688,0.017936
29023,Butler County,,MO,2801,45382,48183,10,12,22,1348,1457,2805,6,0.307757,0.322521,15833.473657,0.000658,0.000955,46,0.000347,0,28,0.288462,0.005256
29025,Caldwell County,,MO,853,10328,11181,5,6,11,362,451,813,7,0.271193,0.282123,585.018535,0.000131,0.000133,46,0.000179,0,28,0.433333,0.001487
29027,Callaway County,,MO,3641,46390,50031,9,11,20,2075,2275,4350,6,0.307789,0.322481,1086.066517,0.001151,0.001402,46,0.000215,0,28,0.522727,0.008557
29029,Camden County,,MO,3853,44038,47891,15,15,30,1867,1847,3714,6,0.31113,0.327092,386.955243,0.002299,0.002134,46,0.000288,0,28,0.508333,0.017267
29031,Cape Girardeau County,,MO,5396,81670,87066,18,22,40,3043,2988,6031,6,0.319947,0.33815,24838.788671,0.001337,0.002427,46,0.000442,0,28,0.266304,0.010029
29033,Carroll County,,MO,680,11572,12252,4,6,10,220,306,526,6,0.296071,0.308191,78.953324,0.000531,0.000483,46,0.000154,0,28,0.6,0.003947
29035,Carter County,,MO,457,6606,7063,1,1,2,97,127,224,7,0.235351,0.241601,0,0.000007,0.000005,46,0.000075,0,28,0,0.000139
29037,Cass County,,MO,8131,112149,120280,19,17,36,6825,5269,12094,6,0.340435,0.3612,986.558055,0.003069,0.003491,46,0.000366,0,28,0.385281,0.023049
29039,Cedar County,,MO,1096,14984,16080,4,4,8,365,431,796,6,0.296762,0.309057,5.708879,0.000576,0.000507,46,0.000126,0,28,0.75,0.004278
29041,Chariton County,,MO,540,9446,9986,2,3,5,116,218,334,7,0.273757,0.284551,3.124242,0.000002,0.000096,46,0.000115,0,28,0.5,0.000192
29043,Christian County,,MO,7721,80175,87896,24,16,40,6466,4957,11423,6,0.312293,0.32883,4423.111532,0.005168,0.001994,46,0.000535,0,28,0.321667,0.041092
29045,Clark County,,MO,397,8435,8832,1,1,2,105,95,200,8,0.222798,0.228815,0,0.000004,0.000002,23,0.000073,0,28,0,0.000114
29047,Clay County,,MO,19865,251029,270894,49,45,94,16929,14433,31362,6,0.371349,0.399054,33003.359655,0.01535,0.015086,46,0.00088,0,28,0.363095,0.115899
29049,Clinton County,,MO,1975,24018,25993,7,8,15,1282,1211,2493,6,0.296311,0.308875,3000.331234,0.000618,0.000544,46,0.000183,0,28,0.535714,0.004746
29051,Cole County,,MO,5621,85393,91014,21,17,38,3622,3351,6973,6,0.331181,0.350963,8013.536618,0.003137,0.003124,46,0.000379,0,28,0.381423,0.023213
29053,Cooper County,,MO,1320,18805,20125,4,5,9,553,635,1188,7,0.27386,0.285076,32.969675,0.00014,0.00011,46,0.000138,0,28,0.6,0.001216
29055,Crawford County,,MO,1861,26887,28748,6,9,15,1044,1085,2129,6,0.306563,0.320355,303.32935,0.000671,0.000981,46,0.000151,0,28,0.533333,0.005087
29057,Dade County,,MO,732,8849,9581,3,3,6,323,317,640,7,0.273092,0.28438,34.557872,0.000163,0.000207,46,0.000113,0,28,0.75,0.001569
29059,Dallas County,,MO,1567,17680,19247,5,6,11,697,892,1589,7,0.27299,0.284494,2.708333,0.000172,0.000206,46,0.000162,0,28,0.733333,0.001838
29061,Daviess County,,MO,721,9505,10226,3,6,9,173,373,546,6,0.296191,0.308419,2963.556259,0.000005,0.000475,46,0.00016,0,28,0.380952,0.000318
29063,DeKalb County,,MO,806,10768,11574,3,4,7,386,417,803,7,0.271193,0.281924,2.633333,0.000028,0.000145,46,0.00011,0,28,0.7,0.000473
29065,Dent County,,MO,1242,16140,17382,5,4,9,506,369,875,6,0.306178,0.319129,79.605579,0.000733,0.000723,46,0.000122,0,28,0.766667,0.00532
29067,Douglas County,,MO,904,13685,14589,6,5,11,443,447,890,7,0.272939,0.284266,1.941667,0.000182,0.000222,46,0.000186,0,28,0.642857,0.002215
29069,Dunklin County,,MO,2245,32734,34979,9,10,19,1116,1380,2496,7,0.252592,0.263562,440.000626,0.000072,0.000055,46,0.000288,0,28,0.366667,0.001314
29071,Franklin County,,MO,5859,124371,130230,17,14,31,4533,3721,8254,6,0.309353,0.324869,1702.429839,0.002992,0.00189,46,0.000326,0,28,0.464052,0.022568
29073,Gasconade County,,MO,1249,18136,19385,6,7,13,641,707,1348,7,0.280776,0.291932,467.774236,0.000623,0.000258,46,0.000158,0,28,0.464286,0.00476
29075,Gentry County,,MO,482,7705,8187,2,3,5,114,166,280,7,0.253073,0.261461,2966.757576,0.000031,0.00002,46,0.000091,0,28,0.333333,0.000353
29077,Greene County,,MO,22165,291949,314114,79,71,150,15197,14624,29821,6,0.37516,0.405871,90145.997363,0.019398,0.020355,46,0.001473,0,28,0.23733,0.152602
29079,Grundy County,,MO,706,11377,12083,2,3,5,128,167,295,8,0.213587,0.219258,2972.666667,0.000005,0.000004,46,0.000109,0,28,0.083333,0.000211
29081,Harrison County,,MO,575,10162,10737,1,1,2,47,52,99,7,0.22858,0.234089,2.957576,0,0,46,0.000076,0,28,0,0.000089
29083,Henry County,,MO,1926,25378,27304,8,8,16,862,1018,1880,6,0.296883,0.309741,28.243655,0.000652,0.00056,46,0.000201,0,28,0.625,0.005058
29085,Hickory County,,MO,753,9607,10360,4,5,9,309,314,623,6,0.296732,0.309114,51.107573,0.000573,0.000508,46,0.000131,0,28,0.65,0.004264
29087,Holt County,,MO,471,5982,6453,2,3,5,155,218,373,7,0.253029,0.261347,0,0.000031,0.000021,46,0.000091,0,28,1,0.000353
29089,Howard County,,MO,757,10944,11701,3,3,6,480,419,899,7,0.273706,0.284506,1.559524,0.000135,0.000101,46,0.00012,0,28,0.583333,0.001061
29091,Howell County,,MO,2455,43570,46025,9,9,18,1079,965,2044,7,0.273424,0.285606,7043.780953,0.000193,0.000221,46,0.000267,0,28,0.318182,0.002265
29093,Iron County,,MO,976,11001,11977,6,4,10,472,462,934,6,0.30471,0.317088,1409.453535,0.000054,0.00057,46,0.00017,0,28,0.392857,0.000897
29095,Jackson County,,MO,46737,741455,788192,121,134,255,33099,37120,70219,5,0.419693,0.455261,127717.327998,0.044254,0.052243,46,0.001884,0,28,0.31781,0.332228
29097,Jasper County,,MO,8408,122954,131362,29,31,60,5449,4912,10361,6,0.353311,0.377434,13060.320344,0.007021,0.007405,46,0.000587,0,28,0.382353,0.057071
29099,Jefferson County,,MO,14048,262078,276126,20,24,44,11536,10422,21958,6,0.343072,0.364962,6480.791713,0.003167,0.004023,46,0.000394,0,28,0.369565,0.023399
29101,Johnson County,,MO,6087,51783,57870,14,16,30,2443,2567,5010,6,0.344324,0.365213,756.162099,0.002064,0.004705,46,0.000296,0,28,0.494737,0.016354
29103,Knox County,,MO,349,4667,5016,1,2,3,53,115,168,7,0.251484,0.259113,8.882545,0.000013,0.000009,46,0.000103,0,28,0,0.000153
29105,Laclede County,,MO,2430,39868,42298,8,8,16,1112,1015,2127,7,0.279327,0.291818,46.139969,0.000304,0.000315,46,0.000215,0,28,0.553571,0.003273
29107,Lafayette County,,MO,2575,38465,41040,9,6,15,1788,1583,3371,6,0.295951,0.30802,9.533189,0.00061,0.000515,46,0.000244,0,28,0.513889,0.00489
29109,Lawrence County,,MO,3076,41365,44441,8,8,16,1749,1925,3674,7,0.27322,0.285235,40.106785,0.00066,0.000305,46,0.000215,0,28,0.588889,0.005652
29111,Lewis County,,MO,666,11259,11925,3,2,5,218,234,452,7,0.255952,0.264374,36.192603,0.000027,0.000021,46,0.000139,0,28,0.333333,0.000425
29113,Lincoln County,,MO,3693,59509,63202,7,7,14,3661,2407,6068,6,0.304901,0.317744,39.291232,0.001135,0.001015,46,0.000168,0,28,0.690476,0.007951
29115,Linn County,,MO,902,15268,16170,3,4,7,208,280,488,7,0.273937,0.284979,96.925695,0.000003,0.0001,46,0.000165,0,28,0.25,0.00031
29117,Livingston County,,MO,1084,16100,17184,7,5,12,445,372,817,7,0.271293,0.282237,10967.674845,0.00044,0.000125,46,0.000213,0,28,0.303571,0.003411
29119,McDonald County,,MO,2138,21675,23813,7,8,15,1194,1374,2568,7,0.284298,0.29763,24.394543,0.000366,0.000717,46,0.000189,0,28,0.660714,0.00422
29121,Macon County,,MO,1093,18869,19962,5,4,9,376,457,833,7,0.27386,0.284893,1593.419017,0.000148,0.000105,46,0.000218,0,28,0.25,0.001294
29123,Madison County,,MO,749,13555,14304,5,2,7,404,306,710,7,0.235067,0.241498,5.75291,0.000023,0.000009,46,0.000189,0,28,0.35,0.000622
29125,Maries County,,MO,731,9717,10448,4,5,9,337,373,710,7,0.255171,0.264856,7.429159,0.000052,0.000069,46,0.000124,0,28,0.55,0.000725
29127,Marion County,,MO,2006,33055,35061,10,8,18,1001,930,1931,7,0.274606,0.286535,6931.321511,0.000988,0.000117,46,0.000311,0,28,0.277778,0.007267
29129,Mercer County,,MO,291,4042,4333,1,0,1,45,0,45,0,0,0,0,0,0,46,0.000081,0,0,0,0.000088
29131,Miller County,,MO,1986,25828,27814,7,9,16,1024,1216,2240,6,0.300051,0.313634,165.698328,0.000321,0.000751,46,0.000169,0,28,0.652778,0.003084
29133,Mississippi County,,MO,830,13892,14722,1,3,4,248,406,654,7,0.242495,0.250176,0,0.000007,0.000016,46,0.000077,0,28,1,0.00013
29135,Moniteau County,,MO,1205,17162,18367,6,7,13,556,704,1260,7,0.273962,0.285532,11.594126,0.00005,0.000148,46,0.000163,0,28,0.547619,0.000973
29137,Monroe County,,MO,736,10629,11365,5,5,10,337,428,765,7,0.274014,0.285253,1144.505907,0.00014,0.00011,46,0.000194,0,28,0.5,0.001345
29139,Montgomery County,,MO,959,14394,15353,6,7,13,490,562,1052,6,0.305315,0.318371,40.716478,0.000263,0.000879,46,0.00017,0,28,0.535714,0.002304
29141,Morgan County,,MO,1774,22258,24032,7,7,14,883,780,1663,6,0.296101,0.308487,403.385275,0.000905,0.000404,46,0.000165,0,28,0.5,0.006993
29143,New Madrid County,,MO,1274,20057,21331,6,5,11,637,650,1287,7,0.242797,0.251059,63.668571,0.000031,0.000021,46,0.0002,0,28,0.533333,0.000742
29145,Newton County,,MO,5246,61161,66407,14,11,25,3058,3359,6417,7,0.297064,0.311147,905.062703,0.002421,0.001004,46,0.000304,0,28,0.514286,0.019825
29147,Nodaway County,,MO,1685,21903,23588,9,10,19,527,719,1246,6,0.302598,0.316359,10170.03602,0.000145,0.001081,46,0.000302,0,28,0.262821,0.001889
29149,Oregon County,,MO,810,10257,11067,2,3,5,191,362,553,7,0.273092,0.284295,338.646651,0.000002,0.000153,46,0.000108,0,28,0.666667,0.000213
29151,Osage County,,MO,815,16113,16928,4,5,9,418,456,874,7,0.249595,0.258509,41.534629,0.00016,0.000062,46,0.000126,0,28,0.533333,0.001374
29153,Ozark County,,MO,649,9966,10615,3,5,8,215,380,595,7,0.273271,0.284808,4.424224,0.000167,0.000206,46,0.000119,0,28,0.5,0.001742
29155,Pemiscot County,,MO,1432,19134,20566,5,4,9,515,596,1111,7,0.239987,0.247696,1214.142521,0.00065,0.000021,46,0.000166,0,28,0.4,0.004881
29157,Perry County,,MO,1114,22384,23498,6,6,12,556,523,1079,6,0.30506,0.317915,1090.37094,0.000657,0.000598,46,0.000163,0,28,0.380952,0.00486
29159,Pettis County,,MO,3122,47190,50312,10,12,22,1496,1552,3048,6,0.297942,0.311588,624.994887,0.00104,0.000663,46,0.000249,0,28,0.467949,0.007934
29161,Phelps County,,MO,4283,43933,48216,13,16,29,1434,1926,3360,6,0.330395,0.349972,2781.234063,0.00195,0.003171,46,0.000258,0,28,0.470588,0.013997
29163,Pike County,,MO,1124,19202,20326,7,6,13,611,590,1201,6,0.304996,0.317772,2901.428061,0.000836,0.000778,46,0.000212,0,28,0.357143,0.006245
29165,Platte County,,MO,11813,95286,107099,24,23,47,8099,8512,16611,6,0.358026,0.382171,4106.665865,0.006928,0.008163,46,0.000456,0,28,0.550265,0.054374
29167,Polk County,,MO,2606,31159,33765,9,7,16,1416,1326,2742,6,0.296793,0.309456,106.491601,0.00074,0.00055,46,0.000235,0,28,0.486111,0.006209
29169,Pulaski County,,MO,8071,41984,50055,35,41,76,3392,3758,7150,6,0.358202,0.384542,7213.946925,0.012638,0.013448,46,0.000458,0,28,0.505285,0.094177
29171,Putnam County,,MO,389,5987,6376,0,1,1,0,63,63,7,0.251159,0.25854,0,0,0.000009,46,0.00005,0,92,0,0
29173,Ralls County,,MO,799,11890,12689,2,3,5,342,430,772,7,0.234445,0.240837,0.527778,0.000007,0.00002,46,0.000113,0,28,0.666667,0.000293
29175,Randolph County,,MO,1878,27384,29262,5,6,11,715,706,1421,7,0.273834,0.285133,2921.9503,0.000141,0.000105,46,0.00021,0,28,0.366667,0.001294
29177,Ray County,,MO,1965,27829,29794,7,5,12,1271,1316,2587,6,0.295981,0.307963,61.98312,0.000603,0.000526,46,0.000197,0,28,0.595238,0.004706
29179,Reynolds County,,MO,420,6840,7260,0,2,2,0,94,94,7,0.234996,0.241302,0,0,0.000009,46,0.00005,0,93,1,0
29181,Ripley County,,MO,887,14450,15337,1,1,2,307,308,615,7,0.235351,0.241601,0,0.000007,0.000005,46,0.000075,0,28,0,0.000139
29183,St. Charles County,,MO,24103,422714,446817,65,63,128,21569,17038,38607,6,0.389451,0.418246,25635.379207,0.025781,0.029215,46,0.00091,0,28,0.434739,0.18977
29185,St. Clair County,,MO,730,9542,10272,4,3,7,287,225,512,6,0.296672,0.308772,3.027151,0.000423,0.000503,46,0.000122,0,28,0.7,0.003052
29186,Ste. Genevieve County,,MO,1375,22302,23677,5,5,10,789,800,1589,6,0.304806,0.317373,984.583156,0.000899,0.000593,46,0.000132,0,28,0.633333,0.006271
29187,St. Francois County,,MO,3829,66489,70318,11,12,23,2671,2361,5032,6,0.307046,0.321438,7655.276659,0.001147,0.001203,46,0.000323,0,28,0.384615,0.008385
29189,St. Louis County,,MO,76243,1194317,1270560,182,191,373,58046,66051,124097,5,0.43779,0.47724,209742.679287,0.070872,0.07589,46,0.002431,0,28,0.302016,0.510743
29195,Saline County,,MO,1556,24983,26539,8,5,13,588,535,1123,6,0.296793,0.308966,88.551559,0.000593,0.000458,46,0.000226,0,28,0.5,0.004375
29197,Schuyler County,,MO,289,4404,4693,1,1,2,103,86,189,7,0.251116,0.258457,0,0.000013,0.000009,46,0.000103,0,28,0,0.000153
29199,Scotland County,,MO,320,5492,5812,0,0,0,0,0,0,0,0,0,0,0,0,45,0.00005,39,94,0,0
29201,Scott County,,MO,3249,45074,48323,7,7,14,1713,1777,3490,6,0.306692,0.320457,7474.014638,0.000617,0.000911,46,0.000217,0,28,0.428571,0.004722
29203,Shannon County,,MO,561,8543,9104,1,2,3,99,251,350,8,0.218699,0.224887,0,0.000002,0.000004,46,0.000075,0,28,1,0.000116
29205,Shelby County,,MO,538,7632,8170,2,3,5,115,171,286,8,0.215714,0.221851,3.600433,0.000002,0.00001,46,0.000116,0,28,0.333333,0.000255
29207,Stoddard County,,MO,2047,33630,35677,7,8,15,985,1098,2083,6,0.30541,0.318684,1348.578546,0.000034,0.000576,46,0.000235,0,28,0.482143,0.000852
29209,Stone County,,MO,3388,32740,36128,7,7,14,1531,1931,3462,6,0.296853,0.30957,96.701725,0.000792,0.000578,46,0.000214,0,28,0.642857,0.006538
29211,Sullivan County,,MO,649,7488,8137,3,1,4,187,75,262,7,0.251116,0.258457,316.470979,0.000036,0.000009,46,0.00015,0,28,0,0.000482
29213,Taney County,,MO,4848,48489,53337,16,10,26,2267,2093,4360,6,0.310832,0.326374,1331.209913,0.003481,0.00177,46,0.000372,0,28,0.459559,0.028122
29215,Texas County,,MO,1863,25172,27035,9,9,18,808,878,1686,7,0.279461,0.292189,1919.021563,0.000302,0.000318,46,0.000244,0,28,0.445455,0.003043
29217,Vernon County,,MO,1424,22153,23577,6,8,14,551,623,1174,6,0.297094,0.310112,130.200299,0.000482,0.000589,46,0.00017,0,28,0.375,0.003685
29219,Warren County,,MO,2606,36560,39166,7,7,14,2515,1784,4299,6,0.304869,0.317687,35.266739,0.001143,0.001032,46,0.000159,0,28,0.785714,0.00809
29221,Washington County,,MO,1494,23997,25491,6,6,12,1027,1004,2031,6,0.304774,0.31743,349.28557,0.000914,0.000617,46,0.000165,0,28,0.714286,0.006522
29223,Wayne County,,MO,910,12519,13429,3,4,7,286,362,648,7,0.235635,0.242741,21.265891,0.000043,0.000015,46,0.000114,0,28,0.5,0.00053
29225,Webster County,,MO,3334,39054,42388,8,11,19,2165,2156,4321,7,0.27322,0.285549,20.119852,0.0002,0.000241,46,0.000261,0,28,0.490909,0.002676
29227,Worth County,,MO,163,2617,2780,0,1,1,0,59,59,7,0.232364,0.238348,0,0,0.000001,46,0.00005,0,95,0,0
29229,Wright County,,MO,1482,19688,21170,7,7,14,694,930,1624,7,0.273118,0.284865,6.56523,0.000185,0.000201,46,0.000219,0,28,0.738095,0.002349
29510,St. Louis city,,MO,37837,313491,351328,62,64,126,27883,32295,60178,5,0.403144,0.431977,19140.80779,0.027797,0.033343,46,0.000828,0,28,0.532634,0.202083
30001,Beaverhead County,,MT,768,9136,9904,4,4,8,221,188,409,7,0.263732,0.274782,21.56101,0.000168,0.000258,6,0.000166,0,28,0.7,0.001765
30003,Big Horn County,,MT,861,12729,13590,3,2,5,288,349,637,7,0.258372,0.268335,1.090909,0.000072,0.000091,6,0.000162,0,28,0.666667,0.001087
30005,Blaine County,,MT,448,7106,7554,1,2,3,94,155,249,7,0.258395,0.268392,0,0.000003,0.000093,6,0.000073,0,28,1,0.000114
30007,Broadwater County,,MT,384,5131,5515,2,1,3,194,131,325,7,0.237453,0.24457,0,0.000092,0.000036,6,0.000102,0,28,1,0.001168
30009,Carbon County,,MT,916,10394,11310,2,2,4,324,336,660,7,0.258372,0.268335,0,0.00007,0.000099,6,0.000168,0,28,1,0.00103
30011,Carter County,,MT,108,1369,1477,0,0,0,0,0,0,0,0,0,0,0,0,47,0.00005,40,96,0,0
30013,Cascade County,,MT,7303,92367,99670,27,27,54,2735,2963,5698,6,0.345954,0.369978,31374.874566,0.00777,0.008158,6,0.000734,0,28,0.388592,0.062097
30015,Chouteau County,,MT,328,5367,5695,1,1,2,77,94,171,7,0.257055,0.266255,0,0.000064,0.000061,6,0.000073,0,28,0,0.000584
30017,Custer County,,MT,865,12957,13822,2,1,3,178,142,320,7,0.25835,0.268164,0,0.00007,0.000091,6,0.000133,0,28,1,0.000968
30019,Daniels County,,MT,127,2253,2380,0,0,0,0,0,0,0,0,0,0,0,0,48,0.00005,41,97,0,0
30021,Dawson County,,MT,615,10242,10857,0,1,1,0,74,74,7,0.258392,0.268243,0,0,0.000091,6,0.00005,0,98,0,0
30023,Deer Lodge County,,MT,699,10035,10734,3,2,5,235,176,411,7,0.25968,0.269213,69.471731,0.000088,0.000086,6,0.000128,0,28,0.5,0.000989
30025,Fallon County,,MT,208,3398,3606,0,0,0,0,0,0,0,0,0,0,0,0,49,0.00005,42,99,0,0
30027,Fergus County,,MT,832,13249,14081,3,4,7,228,297,525,7,0.262172,0.273334,2966,0.000213,0.000235,6,0.00013,0,28,0.583333,0.002229
30029,Flathead County,,MT,5786,100198,105984,29,24,53,3350,2467,5817,6,0.344852,0.367505,9353.707001,0.010737,0.008744,6,0.000588,0,28,0.581609,0.085032
30031,Gallatin County,,MT,8375,92162,100537,34,33,67,3895,3855,7750,6,0.347764,0.372264,22471.80305,0.010699,0.010205,6,0.000712,0,28,0.397564,0.086662
30033,Garfield County,,MT,90,1386,1476,0,0,0,0,0,0,0,0,0,0,0,0,50,0.00005,43,100,0,0
30035,Glacier County,,MT,754,14106,14860,2,3,5,131,227,358,7,0.264257,0.275312,0,0.000148,0.000234,6,0.000095,0,28,1,0.00135
30037,Golden Valley County,,MT,115,1188,1303,0,1,1,0,48,48,7,0.258392,0.268243,0,0,0.000091,6,0.00005,0,101,0,0
30039,Granite County,,MT,245,2983,3228,1,1,2,59,66,125,7,0.259657,0.269042,0,0.000084,0.000083,6,0.000072,0,28,0,0.000766
30041,Hill County,,MT,1310,18760,20070,5,7,12,356,571,927,7,0.264591,0.276566,2986.915854,0.000286,0.000438,6,0.000185,0,28,0.738095,0.00306
30043,Jefferson County,,MT,999,12237,13236,4,4,8,590,559,1149,7,0.260606,0.270837,0,0.000179,0.000206,6,0.000156,0,28,1,0.00207
30045,Judith Basin County,,MT,191,2224,2415,1,1,2,45,48,93,7,0.257078,0.266312,0,0.000002,0.000061,6,0.000078,0,28,1,0.000105
30047,Lake County,,MT,1890,28417,30307,5,4,9,634,623,1257,7,0.268651,0.281417,15.82399,0.000297,0.000409,6,0.000171,0,28,0.8,0.00297
30049,Lewis and Clark County,,MT,4573,70857,75430,18,12,30,2447,2083,4530,6,0.311362,0.328346,10294.883797,0.004636,0.001559,6,0.000474,0,28,0.542484,0.038695
30051,Liberty County,,MT,133,2153,2286,0,0,0,0,0,0,0,0,0,0,0,0,51,0.00005,44,102,0,0
30053,Lincoln County,,MT,1271,20020,21291,3,2,5,333,335,668,7,0.259726,0.269327,0,0.000244,0.000167,6,0.000114,0,28,1,0.002502
30055,McCone County,,MT,118,1929,2047,0,0,0,0,0,0,0,0,0,0,0,0,52,0.00005,45,103,0,0
30057,Madison County,,MT,628,7735,8363,2,2,4,140,175,315,7,0.258076,0.267486,0,0.000082,0.000085,6,0.000104,0,28,1,0.000873
30059,Meagher County,,MT,205,2370,2575,0,0,0,0,0,0,0,0,0,0,0,0,53,0.00005,46,104,0,0
30061,Mineral County,,MT,411,4251,4662,1,1,2,104,120,224,7,0.259657,0.269042,0,0.000084,0.000083,6,0.000072,0,28,0,0.000766
30063,Missoula County,,MT,9573,112505,122078,36,35,71,5269,5320,10589,6,0.350684,0.375684,38905.325856,0.010581,0.010761,6,0.000906,0,28,0.416463,0.085475
30065,Musselshell County,,MT,403,4488,4891,1,1,2,108,136,244,7,0.25835,0.268164,0,0.000069,0.000091,6,0.000088,0,28,0,0.000875
30067,Park County,,MT,1548,17757,19305,3,3,6,423,539,962,7,0.263709,0.274611,2924,0.000149,0.000257,6,0.000149,0,28,0.5,0.001728
30069,Petroleum County,,MT,33,421,454,0,0,0,0,0,0,0,0,0,0,0,0,54,0.00005,47,105,0,0
30071,Phillips County,,MT,261,4912,5173,0,0,0,0,0,0,0,0,0,0,0,0,55,0.00005,48,106,0,0
30073,Pondera County,,MT,491,6835,7326,1,1,2,73,81,154,7,0.257055,0.266255,0,0.000064,0.000061,6,0.000073,0,28,0,0.000584
30075,Powder River County,,MT,118,1750,1868,0,0,0,0,0,0,0,0,0,0,0,0,56,0.00005,49,107,0,0
30077,Powell County,,MT,557,6244,6801,1,3,4,53,161,214,7,0.23753,0.245026,0.666667,0.000012,0.00004,6,0.000084,0,28,0.666667,0.000398
30079,Prairie County,,MT,66,1328,1394,0,0,0,0,0,0,0,0,0,0,0,0,57,0.00005,50,108,0,0
30081,Ravalli County,,MT,2903,43294,46197,9,9,18,1195,1275,2470,6,0.3137,0.330158,245.554843,0.004684,0.00206,6,0.000194,0,28,0.833333,0.037319
30083,Richland County,,MT,709,11485,12194,1,1,2,83,102,185,7,0.25835,0.268164,0,0.000069,0.000091,6,0.000088,0,28,0,0.000875
30085,Roosevelt County,,MT,704,10633,11337,1,2,3,43,138,181,7,0.258532,0.268552,2979.042832,0.000001,0.000091,6,0.000079,0,28,0.166667,0.000105
30087,Rosebud County,,MT,842,10409,11251,2,3,5,183,311,494,7,0.258395,0.268506,0.5,0.00007,0.000092,6,0.000157,0,28,0.666667,0.000971
30089,Sanders County,,MT,929,11363,12292,3,3,6,212,308,520,7,0.259749,0.269498,0,0.000156,0.000169,6,0.000129,0,28,1,0.001629
30091,Sheridan County,,MT,239,4395,4634,0,0,0,0,0,0,0,0,0,0,0,0,58,0.00005,51,109,0,0
30093,Silver Bow County,,MT,2190,37040,39230,10,9,19,955,896,1851,7,0.264615,0.276851,381.655282,0.000396,0.000441,6,0.000336,0,28,0.490909,0.004804
30095,Stillwater County,,MT,926,9862,10788,4,2,6,402,321,723,7,0.258372,0.268335,223.167113,0.001071,0.000091,6,0.000188,0,28,0.666667,0.008975
30097,Sweet Grass County,,MT,349,4032,4381,0,1,1,0,42,42,8,0.208735,0.214067,0,0,0.000001,6,0.00005,0,110,0,0
30099,Teton County,,MT,474,7576,8050,1,1,2,120,153,273,7,0.257055,0.266255,0,0.000064,0.000061,6,0.000073,0,28,0,0.000584
30101,Toole County,,MT,372,5324,5696,0,1,1,0,46,46,7,0.257098,0.266335,0,0,0.000061,6,0.00005,0,111,0,0
30103,Treasure County,,MT,73,937,1010,0,0,0,0,0,0,0,0,0,0,0,0,59,0.00005,52,112,0,0
30105,Valley County,,MT,444,8722,9166,1,1,2,43,40,83,7,0.258441,0.268278,0,0.000001,0.000091,6,0.000084,0,28,0.5,0.000085
30107,Wheatland County,,MT,147,2310,2457,0,1,1,0,41,41,7,0.258392,0.268243,0,0,0.000091,6,0.00005,0,113,0,0
30109,Wibaux County,,MT,75,1051,1126,0,0,0,0,0,0,0,0,0,0,0,0,60,0.00005,53,114,0,0
30111,Yellowstone County,,MT,8618,165635,174253,51,36,87,5843,4171,10014,6,0.348303,0.374327,82701.406106,0.011598,0.008838,6,0.001614,0,28,0.243187,0.096625
31001,Adams County,,NE,2213,35382,37595,7,7,14,897,965,1862,7,0.296161,0.308718,14698,0.000568,0.000583,23,0.000377,0,28,0.339286,0.004311
31003,Antelope County,,NE,478,8128,8606,1,2,3,51,129,180,7,0.277788,0.288857,0,0.000005,0.000113,23,0.000069,0,28,1,0.000136
31005,Arthur County,,NE,61,551,612,0,0,0,0,0,0,0,0,0,0,0,0,61,0.00005,54,115,0,0
31007,Banner County,,NE,63,697,760,0,0,0,0,0,0,0,0,0,0,0,0,62,0.00005,55,116,0,0
31009,Blaine County,,NE,62,497,559,0,0,0,0,0,0,0,0,0,0,0,0,63,0.00005,56,117,0,0
31011,Boone County,,NE,429,7057,7486,1,1,2,54,70,124,8,0.228652,0.234446,0,0.000005,0.000004,23,0.000069,0,28,1,0.000136
31013,Box Butte County,,NE,949,14187,15136,3,4,7,163,280,443,7,0.279274,0.291149,260.248138,0.000204,0.000186,23,0.000124,0,28,0.666667,0.00132
31015,Boyd County,,NE,119,2521,2640,0,0,0,0,0,0,0,0,0,0,0,0,64,0.00005,57,118,0,0
31017,Brown County,,NE,264,3718,3982,0,0,0,0,0,0,0,0,0,0,0,0,65,0.00005,58,119,0,0
31019,Buffalo County,,NE,3784,49896,53680,12,14,26,1819,1850,3669,7,0.305155,0.320147,16421.31704,0.000581,0.001338,23,0.000486,0,28,0.266667,0.004829
31021,Burt County,,NE,508,8497,9005,3,3,6,190,181,371,7,0.294313,0.305606,0,0.000379,0.000347,23,0.000123,0,28,1,0.002918
31023,Butler County,,NE,711,10643,11354,4,5,9,265,351,616,7,0.295115,0.307145,34.79971,0.000561,0.000454,23,0.000144,0,28,0.7,0.003917
31025,Cass County,,NE,2336,30151,32487,5,4,9,1438,1413,2851,7,0.295892,0.307892,3.557738,0.000715,0.000564,23,0.000164,0,28,0.85,0.004887
31027,Cedar County,,NE,596,11231,11827,0,5,5,0,277,277,7,0.295455,0.307781,0,0,0.000451,23,0.00005,0,120,0.5,0
31029,Chase County,,NE,329,4504,4833,0,1,1,0,42,42,7,0.277567,0.288246,0,0,0.000108,23,0.00005,0,121,0,0
31031,Cherry County,,NE,519,6588,7107,1,0,1,64,0,64,0,0,0,0,0.000001,0,23,0.000074,0,11,0,0.000089
31033,Cheyenne County,,NE,892,11911,12803,2,2,4,86,90,176,7,0.278079,0.289063,93.299154,0.000002,0.000122,23,0.000098,0,28,0.416667,0.000174
31035,Clay County,,NE,553,7772,8325,1,1,2,100,190,290,8,0.228509,0.234093,0,0.000005,0.000004,23,0.000096,0,28,0,0.000127
31037,Colfax County,,NE,764,11641,12405,5,6,11,329,461,790,7,0.295383,0.307772,4.825,0.000387,0.000464,23,0.000167,0,28,0.833333,0.003181
31039,Cuming County,,NE,729,11447,12176,2,4,6,112,306,418,7,0.295264,0.307316,1.7,0.000188,0.000456,23,0.000101,0,28,0.916667,0.001159
31041,Custer County,,NE,806,13176,13982,4,4,8,230,256,486,7,0.277868,0.289142,0,0.000209,0.000119,23,0.000171,0,28,1,0.001402
31043,Dakota County,,NE,2365,24195,26560,6,6,12,1066,1265,2331,7,0.294936,0.306974,1146.274584,0.000752,0.000377,23,0.000182,0,28,0.236111,0.005949
31045,Dawes County,,NE,981,8595,9576,3,6,9,165,320,485,7,0.279327,0.291491,6502.582877,0.000021,0.000187,23,0.000186,0,28,0.366667,0.000397
31047,Dawson County,,NE,2110,28788,30898,6,10,16,585,1014,1599,6,0.312694,0.328637,9180.576682,0.000199,0.001361,23,0.000268,0,28,0.318182,0.001566
31049,Deuel County,,NE,164,2177,2341,0,0,0,0,0,0,0,0,0,0,0,0,66,0.00005,59,122,0,0
31051,Dixon County,,NE,491,7285,7776,2,3,5,123,198,321,7,0.26269,0.272143,262.601864,0.000043,0.000043,23,0.000098,0,28,0.333333,0.00053
31053,Dodge County,,NE,2699,43300,45999,10,9,19,1289,1448,2737,7,0.296041,0.308747,91.151984,0.000735,0.000581,23,0.00029,0,28,0.488889,0.005475
31055,Douglas County,,NE,34693,577750,612443,132,118,250,25839,26017,51856,6,0.416821,0.450895,199938.343145,0.04315,0.047311,23,0.002424,0,28,0.302224,0.325355
31057,Dundy County,,NE,181,2117,2298,0,0,0,0,0,0,0,0,0,0,0,0,67,0.00005,60,123,0,0
31059,Fillmore County,,NE,473,7410,7883,2,2,4,128,148,276,7,0.277577,0.288401,0,0.000187,0.00011,23,0.000101,0,28,1,0.00112
31061,Franklin County,,NE,267,3769,4036,0,1,1,0,55,55,8,0.233869,0.240259,0,0,0.000005,23,0.00005,0,124,0,0
31063,Frontier County,,NE,291,2977,3268,0,2,2,0,99,99,7,0.238756,0.245723,0,0,0.000006,23,0.00005,0,125,1,0
31065,Furnas County,,NE,418,5840,6258,0,0,0,0,0,0,0,0,0,0,0,0,68,0.00005,61,126,0,0
31067,Gage County,,NE,1808,27088,28896,4,5,9,643,808,1451,7,0.295085,0.307088,3183.017233,0.000189,0.000456,23,0.000192,0,28,0.266667,0.001346
31069,Garden County,,NE,192,2242,2434,0,0,0,0,0,0,0,0,0,0,0,0,69,0.00005,62,127,0,0
31071,Garfield County,,NE,134,2107,2241,0,0,0,0,0,0,0,0,0,0,0,0,70,0.00005,63,128,0,0
31073,Gosper County,,NE,298,2428,2726,1,1,2,47,95,142,7,0.238227,0.244929,0,0.000011,0.000002,23,0.000073,0,28,0,0.000106
31075,Grant County,,NE,77,857,934,0,0,0,0,0,0,0,0,0,0,0,0,71,0.00005,64,129,0,0
31077,Greeley County,,NE,159,3038,3197,0,1,1,0,43,43,9,0.186104,0.189299,0,0,0,23,0.00005,0,130,0,0
31079,Hall County,,NE,4113,64817,68930,17,10,27,2263,1887,4150,7,0.296281,0.309288,13816.049539,0.002445,0.000584,23,0.00059,0,28,0.248366,0.018084
31081,Hamilton County,,NE,791,11546,12337,4,5,9,351,418,769,7,0.295145,0.307202,121.306829,0.000193,0.000466,23,0.000188,0,28,0.65,0.001456
31083,Harlan County,,NE,331,3769,4100,1,1,2,48,71,119,8,0.217365,0.222584,0,0.000001,0,23,0.000104,0,28,0,0.000091
31085,Hayes County,,NE,66,1145,1211,0,0,0,0,0,0,0,0,0,0,0,0,72,0.00005,65,131,0,0
31087,Hitchcock County,,NE,242,3443,3685,1,1,2,64,79,143,8,0.217398,0.22267,0,0.000001,0.000001,23,0.00008,0,28,0,0.000095
31089,Holt County,,NE,632,12727,13359,1,3,4,40,156,196,7,0.295234,0.307145,0,0.000005,0.00045,23,0.000069,0,28,1,0.000136
31091,Hooker County,,NE,79,959,1038,0,0,0,0,0,0,0,0,0,0,0,0,73,0.00005,66,132,0,0
31093,Howard County,,NE,602,7477,8079,2,1,3,224,209,433,8,0.22858,0.234292,2924,0.000005,0.000019,23,0.000143,0,28,0,0.000329
31095,Jefferson County,,NE,479,9234,9713,1,2,3,87,201,288,7,0.277577,0.288401,0,0.000004,0.00011,23,0.000083,0,28,1,0.0001
31097,Johnson County,,NE,450,5114,5564,3,2,5,157,196,353,7,0.277656,0.288504,1.435714,0.000191,0.000112,23,0.000137,0,28,0.666667,0.001242
31099,Kearney County,,NE,689,7623,8312,1,2,3,222,319,541,7,0.277656,0.288544,0,0.00001,0.000113,23,0.00008,0,28,1,0.00014
31101,Keith County,,NE,919,9509,10428,2,1,3,120,138,258,8,0.22858,0.234212,0,0.000005,0.000005,23,0.000117,0,28,0.5,0.000221
31103,Keya Paha County,,NE,54,1082,1136,0,0,0,0,0,0,0,0,0,0,0,0,74,0.00005,67,133,0,0
31105,Kimball County,,NE,370,4172,4542,0,2,2,0,84,84,7,0.259125,0.269075,0,0,0.000081,126,0.00005,0,134,0,0
31107,Knox County,,NE,558,10491,11049,1,1,2,47,85,132,8,0.214228,0.219568,5.861111,0.000005,0.000001,23,0.000069,0,28,0,0.000136
31109,Lancaster County,,NE,17816,315041,332857,73,71,144,10572,10750,21322,6,0.38408,0.414797,151097.402283,0.013825,0.023466,23,0.001951,0,28,0.206105,0.110393
31111,Lincoln County,,NE,2696,42764,45460,11,8,19,958,897,1855,7,0.296281,0.309003,9860.883688,0.0006,0.000586,23,0.000426,0,28,0.310606,0.004824
31113,Logan County,,NE,118,897,1015,0,0,0,0,0,0,0,0,0,0,0,0,75,0.00005,68,135,0,0
31115,Loup County,,NE,74,719,793,0,0,0,0,0,0,0,0,0,0,0,0,76,0.00005,69,136,0,0
31117,McPherson County,,NE,43,625,668,0,0,0,0,0,0,0,0,0,0,0,0,77,0.00005,70,137,0,0
31119,Madison County,,NE,2939,41274,44213,11,15,26,1163,1416,2579,7,0.296672,0.310628,23507.043295,0.00058,0.000598,23,0.000329,0,28,0.1875,0.004531
31121,Merrick County,,NE,669,9021,9690,2,3,5,202,270,472,7,0.27763,0.288629,0,0.000008,0.000129,23,0.000132,0,28,1,0.000348
31123,Morrill County,,NE,445,5633,6078,1,1,2,119,174,293,7,0.2517,0.259426,0,0.000019,0.000014,23,0.000074,0,28,0,0.000211
31125,Nance County,,NE,287,4181,4468,1,1,2,65,58,123,8,0.228634,0.234389,0,0.000005,0.000004,23,0.000079,0,28,0,0.000132
31127,Nemaha County,,NE,633,7900,8533,2,2,4,156,170,326,7,0.277656,0.288504,1.166667,0.000005,0.000112,23,0.000101,0,28,0.666667,0.000216
31129,Nuckolls County,,NE,323,5706,6029,0,1,1,0,87,87,8,0.228551,0.234184,0,0,0.000004,23,0.00005,0,138,0,0
31131,Otoe County,,NE,1434,19080,20514,6,7,13,652,847,1499,7,0.296041,0.30849,2593.314658,0.000562,0.000573,23,0.00025,0,28,0.380952,0.004132
31133,Pawnee County,,NE,251,3112,3363,0,0,0,0,0,0,0,0,0,0,0,0,78,0.00005,71,139,0,0
31135,Perkins County,,NE,340,3459,3799,0,2,2,0,91,91,8,0.228641,0.234474,0,0,0.000005,23,0.00005,0,140,1,0
31137,Phelps County,,NE,799,11053,11852,3,3,6,209,284,493,7,0.277709,0.288772,5889,0.000021,0.000113,23,0.000191,0,28,0.5,0.000331
31139,Pierce County,,NE,532,8867,9399,1,1,2,137,150,287,8,0.228813,0.234817,0,0.000005,0.000005,23,0.000069,0,28,0,0.000136
31141,Platte County,,NE,2231,39379,41610,9,10,19,904,1171,2075,7,0.296371,0.309488,11300.130617,0.000571,0.000596,23,0.000341,0,28,0.363636,0.004441
31143,Polk County,,NE,492,6659,7151,2,3,5,153,201,354,7,0.277656,0.288686,2.166667,0.000008,0.000114,23,0.000106,0,28,0.666667,0.000235
31145,Red Willow County,,NE,877,12732,13609,2,4,6,128,237,365,7,0.277762,0.289,5889,0.000183,0.000117,23,0.000142,0,28,0.5,0.001103
31147,Richardson County,,NE,561,10127,10688,1,3,4,62,200,262,7,0.277736,0.2888,548.730371,0.000183,0.000109,23,0.000074,0,28,0.166667,0.001018
31149,Rock County,,NE,81,1531,1612,0,0,0,0,0,0,0,0,0,0,0,0,79,0.00005,72,141,0,0
31151,Saline County,,NE,1274,16003,17277,4,4,8,469,690,1159,7,0.295055,0.306917,578.008955,0.001231,0.000448,23,0.000165,0,28,0.566667,0.008874
31153,Sarpy County,,NE,18405,177434,195839,45,40,85,14821,12112,26933,6,0.377778,0.404184,19893.218959,0.014573,0.019603,23,0.000913,0,28,0.402542,0.110871
31155,Saunders County,,NE,1796,24342,26138,4,5,9,993,1108,2101,7,0.295862,0.307949,0.25,0.000711,0.000571,23,0.000138,0,28,0.9,0.004779
31157,Scotts Bluff County,,NE,2334,40934,43268,10,12,22,713,810,1523,6,0.336324,0.355717,14714.599519,0.00183,0.002446,23,0.000338,0,28,0.313187,0.014815
31159,Seward County,,NE,1248,18893,20141,4,3,7,738,648,1386,7,0.295026,0.306746,1.25,0.000194,0.000447,23,0.00016,0,28,0.6,0.001395
31161,Sheridan County,,NE,513,6310,6823,2,1,3,110,61,171,8,0.218356,0.223963,8.720743,0.000002,0,23,0.000101,0,28,0,0.000181
31163,Sherman County,,NE,267,3643,3910,1,2,3,45,134,179,8,0.23392,0.240569,0,0.00001,0.000024,23,0.00008,0,28,1,0.00014
31165,Sioux County,,NE,111,1260,1371,0,0,0,0,0,0,0,0,0,0,0,0,80,0.00005,73,142,0,0
31167,Stanton County,,NE,569,7098,7667,2,3,5,139,252,391,7,0.295234,0.307145,0,0.000008,0.00045,23,0.000091,0,28,0.833333,0.000227
31169,Thayer County,,NE,421,6537,6958,1,1,2,40,87,127,7,0.277525,0.288173,0,0.000183,0.000108,23,0.000074,0,28,0,0.001018
31171,Thomas County,,NE,97,793,890,0,0,0,0,0,0,0,0,0,0,0,0,81,0.00005,74,143,0,0
31173,Thurston County,,NE,571,7413,7984,2,2,4,129,258,387,7,0.262454,0.27163,0,0.000043,0.000043,23,0.000098,0,28,1,0.00053
31175,Valley County,,NE,346,5003,5349,0,1,1,0,42,42,7,0.277567,0.288246,0,0,0.000108,23,0.00005,0,144,0,0
31177,Washington County,,NE,1720,23571,25291,6,6,12,935,1053,1988,7,0.295892,0.30812,17.370165,0.000541,0.000585,23,0.000199,0,28,0.619048,0.004219
31179,Wayne County,,NE,835,9403,10238,3,4,7,217,297,514,7,0.295264,0.307316,163.920946,0.000009,0.00045,23,0.000105,0,28,0.433333,0.000309
31181,Webster County,,NE,330,4309,4639,1,1,2,45,92,137,8,0.228509,0.234093,0,0.000005,0.000004,23,0.000096,0,28,0,0.000127
31183,Wheeler County,,NE,67,933,1000,0,0,0,0,0,0,0,0,0,0,0,0,82,0.00005,75,145,0,0
31185,York County,,NE,1363,16231,17594,5,7,12,402,622,1024,7,0.295204,0.307544,561.162399,0.000192,0.000469,23,0.000224,0,28,0.404762,0.001403
32001,Churchill County,,NV,2939,27000,29939,9,10,19,1042,1125,2167,6,0.334095,0.352713,26.712722,0.003289,0.003471,6,0.000146,0,28,0.611111,0.024206
32003,Clark County,,NV,114521,2045380,2159901,443,429,872,117791,96386,214177,5,0.476532,0.53449,338171.55408,0.126041,0.117903,6,0.005109,0,28,0.124415,0.898328
32005,Douglas County,,NV,4940,54047,58987,19,13,32,3415,2853,6268,6,0.34131,0.361491,2934.477583,0.008543,0.00728,6,0.000263,0,28,0.763158,0.063293
32007,Elko County,,NV,4545,52865,57410,18,19,37,1838,1964,3802,6,0.336556,0.357319,4141.848978,0.005091,0.004991,6,0.000321,0,28,0.426407,0.040496
32009,Esmeralda County,,NV,105,724,829,1,0,1,48,0,48,0,0,0,0,0.000921,0,6,0.00006,0,27,0,0.007236
32011,Eureka County,,NV,192,1543,1735,1,0,1,43,0,43,0,0,0,0,0.000039,0,6,0.000065,0,20,0,0.000408
32013,Humboldt County,,NV,1523,18571,20094,5,6,11,541,467,1008,6,0.3246,0.341376,194.989589,0.000393,0.001821,6,0.000141,0,28,0.571429,0.003358
32015,Lander County,,NV,667,6193,6860,3,3,6,167,183,350,7,0.276266,0.289094,0,0.000364,0.000302,6,0.000094,0,28,1,0.002651
32017,Lincoln County,,NV,316,4509,4825,1,1,2,193,93,286,6,0.322773,0.338326,0,0.000921,0.000985,6,0.00006,0,28,0,0.007236
32019,Lyon County,,NV,6156,55616,61772,21,14,35,4710,3753,8463,6,0.33823,0.35835,1696.054878,0.009296,0.004842,6,0.00029,0,28,0.585145,0.068594
32021,Mineral County,,NV,438,5030,5468,1,1,2,42,85,127,7,0.276136,0.288581,0,0.000311,0.000259,6,0.00006,0,28,0,0.002127
32023,Nye County,,NV,4610,44681,49291,10,8,18,2936,2018,4954,6,0.339447,0.358613,8.08484,0.00653,0.004756,6,0.000153,0,28,0.836364,0.048293
32027,Pershing County,,NV,532,5170,5702,2,3,5,111,190,301,7,0.276188,0.288923,0.333333,0.000325,0.000335,6,0.00008,0,28,0.833333,0.002243
32029,Storey County,,NV,707,4569,5276,3,2,5,588,411,999,7,0.276162,0.288752,0,0.000398,0.000332,6,0.00009,0,28,1,0.003203
32031,Washoe County,,NV,27489,457141,484630,97,110,207,20439,19992,40431,6,0.381424,0.418223,31101.444942,0.033157,0.039811,6,0.001256,0,28,0.39938,0.262025
32033,White Pine County,,NV,903,9471,10374,2,2,4,227,165,392,6,0.322916,0.338668,0,0.00096,0.001025,6,0.000075,0,28,1,0.007644
32510,Carson City,,NV,6082,60463,66545,13,13,26,3756,3877,7633,6,0.340277,0.360351,439.16755,0.00638,0.006304,6,0.000197,0,28,0.691667,0.049055
33001,Belknap County,,NH,4996,73781,78777,11,14,25,3638,3214,6852,6,0.304806,0.322982,158.038841,0.003363,0.003737,41,0.00014,0,28,0.861905,0.021747
33003,Carroll County,,NH,3349,56886,60235,17,13,30,2504,1800,4304,6,0.298246,0.314729,8.201617,0.004103,0.003072,41,0.000192,0,28,0.761029,0.026051
33005,Cheshire County,,NH,5363,88880,94243,16,17,33,2725,2757,5482,6,0.299682,0.316832,23.481676,0.004461,0.003213,41,0.000177,0,28,0.675325,0.026667
33007,Coos County,,NH,2136,40202,42338,5,9,14,503,1054,1557,6,0.297396,0.313212,1814.396841,0.000323,0.001606,41,0.00011,0,28,0.8,0.002382
33009,Grafton County,,NH,7502,95319,102821,26,25,51,4683,4367,9050,6,0.342389,0.364934,5371.805701,0.006784,0.00749,41,0.000294,0,28,0.531183,0.042268
33011,Hillsborough County,,NH,27697,482771,510468,75,93,168,19418,21066,40484,6,0.384433,0.418947,6448.229535,0.035963,0.048843,41,0.00069,0,28,0.540469,0.248135
33013,Merrimack County,,NH,11687,171210,182897,22,25,47,7985,7985,15970,6,0.343434,0.366165,517.796843,0.006322,0.008634,41,0.000235,0,28,0.624138,0.041788
33015,Rockingham County,,NH,22399,362904,385303,47,53,100,18153,17311,35464,6,0.360143,0.387842,4938.290971,0.022402,0.025513,41,0.000424,0,28,0.631502,0.151131
33017,Strafford County,,NH,9397,136228,145625,19,16,35,6447,6187,12634,6,0.328872,0.348467,778.911156,0.005166,0.004522,41,0.000214,0,28,0.707895,0.0352
33019,Sullivan County,,NH,3167,50496,53663,7,10,17,1672,1748,3420,6,0.297215,0.31307,2.593335,0.00127,0.001781,41,0.000117,0,28,0.755556,0.008675
34001,Atlantic County,,NJ,14257,338405,352662,37,54,91,8885,9777,18662,6,0.366324,0.395275,415.133113,0.019877,0.028736,106,0.000282,0,28,0.757519,0.123252
34003,Bergen County,,NJ,53523,1042349,1095872,104,138,242,45883,47141,93024,6,0.390909,0.430917,2155.249138,0.056593,0.06737,106,0.000806,0,28,0.552291,0.372313
34005,Burlington County,,NJ,31008,541937,572945,68,104,172,21282,22999,44281,6,0.385244,0.421711,1923.692187,0.037399,0.052963,106,0.000545,0,28,0.606821,0.245085
34007,Camden County,,NJ,31821,606690,638511,67,92,159,23016,26209,49225,6,0.378609,0.413087,1029.791143,0.03675,0.049648,106,0.00051,0,28,0.685323,0.237275
34009,Cape May County,,NJ,6305,115368,121673,17,22,39,3824,3684,7508,6,0.33586,0.357017,10.089601,0.007308,0.010556,106,0.000143,0,28,0.821538,0.040988
34011,Cumberland County,,NJ,6923,174116,181039,17,17,34,4643,4175,8818,6,0.314341,0.332228,11.815164,0.006858,0.006204,106,0.000144,0,28,0.866667,0.038211
34013,Essex County,,NJ,55208,837230,892438,95,136,231,37799,49191,86990,6,0.389244,0.429018,2530.466175,0.050211,0.065316,106,0.000746,0,28,0.548784,0.326616
34015,Gloucester County,,NJ,16787,344956,361743,27,35,62,14525,12346,26871,6,0.34997,0.374396,149.857972,0.011536,0.017541,106,0.000215,0,28,0.799359,0.066937
34017,Hudson County,,NJ,60285,667545,727830,113,136,249,46387,54200,100587,6,0.398257,0.436782,2583.359775,0.060793,0.06847,106,0.000902,0,28,0.575048,0.404278
34019,Hunterdon County,,NJ,7992,151671,159663,24,27,51,5652,4862,10514,6,0.34123,0.363435,17.1915,0.011712,0.012589,106,0.000181,0,28,0.890323,0.067553
34021,Mercer County,,NJ,24332,404164,428496,64,91,155,17231,19117,36348,6,0.378707,0.412528,855.541192,0.036878,0.048337,106,0.000508,0,28,0.703043,0.242175
34023,Middlesex County,,NJ,62938,940518,1003456,126,169,295,50207,56007,106214,5,0.408894,0.450838,6318.767884,0.065463,0.078283,106,0.001023,0,28,0.460966,0.434585
34025,Monmouth County,,NJ,33313,737584,770897,66,120,186,25302,27366,52668,6,0.377631,0.415407,679.620869,0.036839,0.058035,106,0.000487,0,28,0.569835,0.236555
34027,Morris County,,NJ,33250,582372,615622,83,117,200,25548,27221,52769,6,0.388313,0.425331,1401.615028,0.046572,0.059716,106,0.00066,0,28,0.60071,0.306829
34029,Ocean County,,NJ,25968,674788,700756,65,103,168,23726,19768,43494,6,0.371774,0.407456,898.46829,0.032134,0.045868,106,0.000475,0,28,0.539114,0.203189
34031,Passaic County,,NJ,33465,584257,617722,59,97,156,22467,28335,50802,6,0.374536,0.409285,615.136097,0.031947,0.047751,106,0.000426,0,28,0.624613,0.20018
34033,Salem County,,NJ,3915,80206,84121,8,9,17,2698,2409,5107,6,0.297094,0.312164,0,0.002699,0.002682,106,0.000096,0,28,0.986111,0.015075
34035,Somerset County,,NJ,26506,376163,402669,59,82,141,21424,21661,43085,6,0.377973,0.411149,498.986876,0.033493,0.044925,106,0.000448,0,28,0.719697,0.214462
34037,Sussex County,,NJ,9536,181897,191433,18,29,47,6595,5993,12588,6,0.347764,0.371609,40.529423,0.008044,0.014193,106,0.000146,0,28,0.825287,0.04493
34039,Union County,,NJ,39812,614337,654149,62,105,167,30521,34921,65442,6,0.379395,0.41551,708.494178,0.034873,0.051635,106,0.000472,0,28,0.609328,0.224455
34041,Warren County,,NJ,7761,131909,139670,21,22,43,5996,4980,10976,6,0.314645,0.334074,1.287112,0.009186,0.008311,106,0.000158,0,28,0.902174,0.050702
35001,Bernalillo County,,NM,42826,690162,732988,144,147,291,32293,32796,65089,5,0.417595,0.455432,63602.066576,0.054921,0.058136,6,0.001924,0,28,0.349042,0.414286
35003,Catron County,,NM,230,3133,3363,0,0,0,0,0,0,0,0,0,0,0,0,83,0.00005,76,146,0,0
35005,Chaves County,,NM,3832,64988,68820,17,16,33,1876,1842,3718,6,0.344852,0.366507,1170.598651,0.00667,0.005315,6,0.000267,0,28,0.639474,0.052528
35006,Cibola County,,NM,1804,24386,26190,5,6,11,942,1107,2049,6,0.331933,0.349823,0.166667,0.001653,0.001778,6,0.000115,0,28,0.966667,0.013353
35007,Colfax County,,NM,1141,14276,15417,2,2,4,106,180,286,6,0.294699,0.30688,6.223605,0.000465,0.000437,6,0.000084,0,28,0,0.003439
35009,Curry County,,NM,6654,48237,54891,16,29,45,1643,3073,4716,6,0.3453,0.369397,4373.641887,0.00537,0.007197,6,0.000283,0,28,0.357008,0.041811
35011,De Baca County,,NM,128,2253,2381,0,0,0,0,0,0,0,0,0,0,0,0,84,0.00005,77,147,0,0
35013,Dona Ana County,,NM,13460,206023,219483,44,48,92,8862,8817,17679,6,0.363908,0.391575,5765.923336,0.018167,0.02142,6,0.000654,0,28,0.49596,0.144338
35015,Eddy County,,NM,3379,56664,60043,14,12,26,1567,1422,2989,6,0.339014,0.359234,49.70545,0.004659,0.003502,6,0.000238,0,28,0.679167,0.037063
35017,Grant County,,NM,2047,32103,34150,8,8,16,733,921,1654,6,0.332122,0.350336,61.943137,0.003844,0.002539,6,0.000148,0,28,0.681818,0.030289
35019,Guadalupe County,,NM,354,4564,4918,1,2,3,50,100,150,6,0.294639,0.306766,0,0.000454,0.000435,6,0.000061,0,28,1,0.003289
35021,Harding County,,NM,51,734,785,0,0,0,0,0,0,0,0,0,0,0,0,85,0.00005,78,148,0,0
35023,Hidalgo County,,NM,442,5263,5705,0,1,1,0,76,76,7,0.26688,0.276955,0,0,0.000142,6,0.00005,0,149,0,0
35025,Lea County,,NM,4053,64740,68793,20,18,38,1889,1977,3866,6,0.343515,0.365948,3771.078316,0.006814,0.005476,6,0.00033,0,28,0.533597,0.054897
35027,Lincoln County,,NM,1741,20060,21801,7,5,12,657,648,1305,6,0.303351,0.317088,0,0.002271,0.001163,6,0.000138,0,28,1,0.017838
35028,Los Alamos County,,NM,2004,22490,24494,4,4,8,467,502,969,6,0.294699,0.307108,0,0.000711,0.000707,6,0.000109,0,28,1,0.005701
35029,Luna County,,NM,1947,27683,29630,7,5,12,696,702,1398,6,0.333257,0.35122,1.777334,0.003662,0.002162,6,0.000133,0,28,0.952381,0.029062
35031,McKinley County,,NM,8081,86788,94869,9,14,23,6700,6652,13352,6,0.338583,0.358835,16.475026,0.002793,0.004757,6,0.000165,0,28,0.71978,0.022448
35033,Mora County,,NM,366,5033,5399,2,2,4,127,174,301,6,0.294639,0.306766,0,0.00046,0.000435,6,0.000095,0,28,1,0.003421
35035,Otero County,,NM,6081,62732,68813,15,18,33,1905,2170,4075,6,0.351189,0.374561,250.33241,0.006571,0.009726,6,0.000242,0,28,0.684211,0.052807
35037,Quay County,,NM,706,9494,10200,2,2,4,151,164,315,6,0.295234,0.307592,0,0.000511,0.000471,6,0.00007,0,28,1,0.003704
35039,Rio Arriba County,,NM,2537,42728,45265,7,7,14,1246,1771,3017,6,0.331971,0.349994,100.246914,0.001799,0.001867,6,0.000159,0,28,0.809524,0.014842
35041,Roosevelt County,,NM,2092,18412,20504,3,7,10,483,834,1317,6,0.333068,0.35159,0.408056,0.000141,0.001802,6,0.000088,0,28,0.928571,0.00143
35043,Sandoval County,,NM,11988,130793,142781,36,30,66,11885,8074,19959,6,0.351865,0.376984,2428.28628,0.016519,0.014075,6,0.000517,0,28,0.515856,0.128614
35045,San Juan County,,NM,11390,145418,156808,29,24,53,7506,7863,15369,6,0.346487,0.370138,912.413031,0.009862,0.007502,6,0.000444,0,28,0.475806,0.079022
35047,San Miguel County,,NM,1853,27213,29066,5,4,9,733,909,1642,6,0.294699,0.307108,3.516667,0.000703,0.000697,6,0.000156,0,28,0.5,0.005715
35049,Santa Fe County,,NM,9623,146882,156505,35,31,66,5751,5723,11474,6,0.358289,0.384394,3110.150482,0.017267,0.016891,6,0.000504,0,28,0.631707,0.136933
35051,Sierra County,,NM,804,11230,12034,4,2,6,333,171,504,6,0.294907,0.307108,0,0.002567,0.000571,6,0.000095,0,28,1,0.019998
35053,Socorro County,,NM,1409,17449,18858,3,4,7,482,586,1068,6,0.295055,0.307592,0,0.000649,0.000696,6,0.00009,0,28,1,0.004939
35055,Taos County,,NM,2060,33514,35574,6,6,12,637,823,1460,6,0.331896,0.349766,3.001692,0.002399,0.001922,6,0.000133,0,28,0.904762,0.019282
35057,Torrance County,,NM,1510,14718,16228,3,4,7,720,801,1521,6,0.294699,0.307108,0,0.000614,0.000741,6,0.000092,0,28,1,0.00487
35059,Union County,,NM,306,4198,4504,0,1,1,0,51,51,8,0.206553,0.211657,0,0,0.000001,148,0.00005,0,150,0,0
35061,Valencia County,,NM,5194,75172,80366,15,12,27,3919,3211,7130,6,0.335976,0.355352,547.079065,0.00616,0.003533,6,0.000239,0,28,0.616667,0.046776
36001,Albany County,,NY,23623,339933,363556,64,76,140,16205,18582,34787,6,0.372152,0.404435,22806.055188,0.027533,0.036429,86,0.000594,0,28,0.514501,0.179008
36003,Allegany County,,NY,2710,50554,53264,8,9,17,1443,1386,2829,6,0.291032,0.306053,133.238892,0.001282,0.000957,86,0.000155,0,28,0.488889,0.007094
36005,Bronx County,,NY,100418,1355905,1456323,134,175,309,73260,90764,164024,5,0.403533,0.447156,6746.12044,0.066359,0.075781,106,0.0011,0,28,0.436786,0.444348
36007,Broome County,,NY,10099,226727,236826,31,40,71,4566,5411,9977,6,0.359081,0.38575,5479.005275,0.00901,0.016727,86,0.000323,0,28,0.488406,0.054436
36009,Cattaraugus County,,NY,4749,90965,95714,8,7,15,2390,2654,5044,6,0.291206,0.305882,59.742997,0.000775,0.000972,86,0.000153,0,28,0.5,0.004333
36011,Cayuga County,,NY,4058,89400,93458,11,10,21,2310,2293,4603,6,0.291584,0.307005,36.322903,0.002138,0.001424,86,0.00015,0,28,0.636364,0.011982
36013,Chautauqua County,,NY,5482,150936,156418,10,13,23,2023,2364,4387,6,0.344446,0.365304,628.86796,0.003731,0.007034,86,0.000149,0,28,0.658333,0.023187
36015,Chemung County,,NY,4455,101011,105466,11,11,22,2029,1982,4011,6,0.305922,0.323205,456.038741,0.001863,0.00226,86,0.00018,0,28,0.477273,0.01031
36017,Chenango County,,NY,3261,60753,64014,8,9,17,1629,1698,3327,7,0.289362,0.30474,17.017586,0.001419,0.001178,86,0.000122,0,28,0.644444,0.007545
36019,Clinton County,,NY,3578,92799,96377,10,11,21,1215,1162,2377,6,0.305794,0.323592,455.004108,0.001141,0.002422,86,0.00018,0,28,0.406593,0.006361
36021,Columbia County,,NY,3443,70884,74327,11,11,22,2050,1859,3909,6,0.307433,0.323775,1.559455,0.003737,0.003108,106,0.000128,0,28,0.871212,0.023237
36023,Cortland County,,NY,2792,52199,54991,8,8,16,1378,1424,2802,7,0.28899,0.303913,19.601617,0.000741,0.000956,86,0.000131,0,28,0.611111,0.004181
36025,Delaware County,,NY,2862,48612,51474,14,10,24,1605,1437,3042,6,0.307563,0.32386,134.976169,0.004818,0.002707,86,0.000153,0,28,0.661905,0.028829
36027,Dutchess County,,NY,15910,331089,346999,36,61,97,11069,10801,21870,6,0.365363,0.39544,596.062276,0.019173,0.032343,106,0.000296,0,28,0.691698,0.123598
36029,Erie County,,NY,32749,1072944,1105693,121,153,274,19504,24675,44179,5,0.403812,0.444437,35279.50451,0.056876,0.072015,86,0.001136,0,28,0.445771,0.388443
36031,Essex County,,NY,2163,42455,44618,7,7,14,869,1003,1872,7,0.272812,0.285628,48.281339,0.000523,0.00042,86,0.000147,0,28,0.5,0.003279
36033,Franklin County,,NY,2114,52408,54522,5,6,11,886,1008,1894,7,0.285352,0.300134,16.574649,0.000668,0.000723,86,0.000106,0,28,0.7,0.003684
36035,Fulton County,,NY,3030,64928,67958,7,7,14,1747,1610,3357,7,0.273424,0.286312,2968.822918,0.000721,0.000547,86,0.000114,0,28,0.625,0.004065
36037,Genesee County,,NY,3650,71627,75277,7,6,13,1956,2182,4138,6,0.290974,0.305409,3.742326,0.001277,0.00095,86,0.000134,0,28,0.666667,0.006973
36039,Greene County,,NY,2845,52597,55442,15,11,26,1956,1524,3480,6,0.307952,0.324402,73.38217,0.005458,0.003184,106,0.000158,0,28,0.705882,0.031818
36041,Hamilton County,,NY,369,5909,6278,1,0,1,49,0,49,0,0,0,0,0.000004,0,86,0.000064,0,17,0,0.000125
36043,Herkimer County,,NY,3482,74211,77693,7,9,16,1875,2133,4008,7,0.289276,0.304597,26.458701,0.000866,0.001244,86,0.000118,0,28,0.652778,0.004797
36045,Jefferson County,,NY,16966,120965,137931,61,78,139,6173,8540,14713,6,0.382022,0.415128,10533.308513,0.028175,0.033574,86,0.000646,0,28,0.456205,0.201188
36047,Kings County,,NY,150617,2465173,2615790,234,239,473,116556,140613,257169,5,0.430253,0.477383,43402.829148,0.097697,0.095303,106,0.002129,0,28,0.303846,0.669531
36049,Lewis County,,NY,1676,28294,29970,2,3,5,543,783,1326,7,0.277472,0.289766,0.142857,0.000387,0.000319,86,0.000065,0,28,0.833333,0.002257
36051,Livingston County,,NY,3944,71330,75274,8,7,15,2525,2504,5029,6,0.290887,0.305569,6.370147,0.001208,0.000941,86,0.000148,0,28,0.678571,0.006995
36053,Madison County,,NY,4734,76532,81266,7,9,16,2740,2768,5508,6,0.291525,0.306806,7.514441,0.000603,0.001334,86,0.000119,0,28,0.611111,0.003522
36055,Monroe County,,NY,31231,868263,899494,123,156,279,19754,23988,43742,6,0.401373,0.442898,43494.659149,0.05631,0.072151,86,0.001142,0,28,0.417307,0.381703
36057,Montgomery County,,NY,3403,59058,62461,9,8,17,2275,2058,4333,7,0.273527,0.286654,78.077178,0.00159,0.000623,86,0.000129,0,28,0.722222,0.009874
36059,Nassau County,,NY,68824,1581585,1650409,102,184,286,54238,62480,116718,6,0.398202,0.44361,4639.892628,0.055425,0.078977,106,0.000821,0,28,0.413458,0.371393
36061,New York County,,NY,175643,1551289,1726932,268,228,496,145328,159696,305024,5,0.430506,0.476186,51364.528191,0.103899,0.093995,106,0.002536,0,28,0.288685,0.71431
36063,Niagara County,,NY,10104,258146,268250,11,24,35,6240,6329,12569,6,0.358597,0.383259,1498.753707,0.00474,0.013212,86,0.000169,0,28,0.63,0.031434
36065,Oneida County,,NY,10156,265072,275228,28,35,63,4840,5802,10642,6,0.350726,0.375741,4718.169724,0.010357,0.015948,86,0.000302,0,28,0.514744,0.068983
36067,Onondaga County,,NY,22941,534027,556968,85,113,198,13521,16139,29660,6,0.387285,0.424367,25438.782223,0.039711,0.054015,86,0.000763,0,28,0.498063,0.265791
36069,Ontario County,,NY,6671,125147,131818,9,13,22,4464,4090,8554,6,0.329057,0.348678,382.067461,0.001613,0.003172,86,0.000152,0,28,0.525641,0.009097
36071,Orange County,,NY,23388,422727,446115,63,107,170,17247,17028,34275,6,0.379987,0.416604,3169.542638,0.033787,0.050371,106,0.000517,0,28,0.534529,0.223816
36073,Orleans County,,NY,2697,48174,50871,4,4,8,1455,1705,3160,6,0.290916,0.305067,0,0.001237,0.000932,86,0.000088,0,28,1,0.006532
36075,Oswego County,,NY,6745,138859,145604,12,12,24,3726,3875,7601,6,0.294818,0.3114,59.667901,0.002716,0.001839,86,0.000147,0,28,0.604396,0.014503
36077,Otsego County,,NY,3843,67414,71257,10,13,23,1592,1839,3431,7,0.295503,0.31337,51.257531,0.001677,0.001946,86,0.000138,0,28,0.582418,0.008825
36079,Putnam County,,NY,6677,114550,121227,13,14,27,4997,4547,9544,6,0.30883,0.326225,0.433066,0.006826,0.005883,106,0.000119,0,28,0.928571,0.039177
36081,Queens County,,NY,141882,2384921,2526803,189,230,419,111517,132994,244511,5,0.419392,0.467527,20664.190156,0.085716,0.093073,106,0.001623,0,28,0.330449,0.583655
36083,Rensselaer County,,NY,11884,181896,193780,28,33,61,8587,8356,16943,6,0.351231,0.376191,2537.88724,0.009132,0.013107,86,0.000279,0,28,0.547297,0.054357
36085,Richmond County,,NY,21122,519518,540640,40,71,111,18754,17192,35946,6,0.370596,0.40187,260.276602,0.024124,0.035889,106,0.000304,0,28,0.739034,0.152309
36087,Rockland County,,NY,14803,342893,357696,35,54,89,9405,10821,20226,6,0.358246,0.386275,214.210317,0.019408,0.027402,106,0.000258,0,28,0.746867,0.117124
36089,St. Lawrence County,,NY,4734,116043,120777,10,11,21,1467,1669,3136,6,0.300298,0.317436,88.334759,0.002248,0.002463,86,0.000147,0,28,0.557692,0.012369
36091,Saratoga County,,NY,15817,259511,275328,52,58,110,12290,10701,22991,6,0.365683,0.395229,12034.707313,0.020708,0.026176,86,0.000487,0,28,0.488531,0.132188
36093,Schenectady County,,NY,10401,178900,189301,26,32,58,7500,7020,14520,6,0.353952,0.37854,3255.934502,0.008973,0.014082,86,0.000263,0,28,0.557143,0.054568
36095,Schoharie County,,NY,1847,35328,37175,8,9,17,1060,1044,2104,7,0.272863,0.285998,16.920093,0.001431,0.00063,86,0.000118,0,28,0.622222,0.007813
36097,Schuyler County,,NY,1369,21566,22935,5,5,10,671,746,1417,7,0.267913,0.278503,2.696547,0.000192,0.00014,86,0.000114,0,28,0.65,0.001372
36099,Seneca County,,NY,2179,38505,40684,7,8,15,1092,1199,2291,7,0.28879,0.303571,68.261791,0.000753,0.000899,86,0.000133,0,28,0.625,0.004498
36101,Steuben County,,NY,5355,113326,118681,14,16,30,2476,2802,5278,6,0.310766,0.328984,707.128123,0.001902,0.003147,86,0.000221,0,28,0.356209,0.010808
36103,Suffolk County,,NY,62490,1794338,1856828,139,222,361,44970,54210,99180,6,0.408722,0.457598,17781.494076,0.067285,0.087982,106,0.001168,0,28,0.33882,0.45721
36105,Sullivan County,,NY,5083,82787,87870,16,20,36,3252,2829,6081,6,0.314138,0.333881,27.387373,0.006533,0.007237,106,0.000156,0,28,0.753247,0.037947
36107,Tioga County,,NY,3483,61803,65286,6,7,13,1977,1998,3975,7,0.282294,0.295848,14.716639,0.000328,0.000514,86,0.00012,0,28,0.625,0.001934
36109,Tompkins County,,NY,8231,91292,99523,28,34,62,3355,4045,7400,6,0.36206,0.387916,10719.20145,0.012829,0.017721,86,0.00032,0,28,0.614114,0.08926
36111,Ulster County,,NY,10235,201833,212068,27,36,63,6623,6153,12776,6,0.346528,0.371614,241.405514,0.011381,0.015234,106,0.000231,0,28,0.684885,0.068259
36113,Warren County,,NY,5084,78483,83567,8,7,15,3004,2973,5977,7,0.272787,0.285571,16.971108,0.002014,0.000543,86,0.00012,0,28,0.694444,0.010331
36115,Washington County,,NY,3914,69272,73186,9,8,17,2792,2620,5412,7,0.272838,0.285827,73.831195,0.001408,0.000546,86,0.000146,0,28,0.555556,0.007696
36117,Wayne County,,NY,6031,114274,120305,7,9,16,3608,3768,7376,6,0.29138,0.306549,6.050642,0.001606,0.001276,86,0.000116,0,28,0.708333,0.00886
36119,Westchester County,,NY,52983,1031082,1084065,106,157,263,41521,46126,87647,6,0.397067,0.438885,4492.15449,0.056466,0.070664,106,0.000842,0,28,0.463784,0.375028
36121,Wyoming County,,NY,2617,47270,49887,6,6,12,1620,1701,3321,6,0.290772,0.305227,3.722466,0.001157,0.00092,86,0.000133,0,28,0.766667,0.006624
36123,Yates County,,NY,1505,28835,30340,5,6,11,716,845,1561,7,0.286779,0.301018,49.289469,0.000621,0.00049,86,0.000112,0,28,0.666667,0.003581
37001,Alamance County,,NC,7969,162666,170635,25,19,44,6212,4848,11060,6,0.329725,0.350724,525.515047,0.010464,0.005814,87,0.000391,0,28,0.575123,0.077425
37003,Alexander County,,NC,2265,40851,43116,6,6,12,1360,1452,2812,6,0.303257,0.318531,0.585233,0.000948,0.001181,87,0.000153,0,28,0.933333,0.009066
37005,Alleghany County,,NC,614,11802,12416,5,3,8,274,211,485,7,0.236436,0.244228,3623.2897,0.000336,0.000034,87,0.000167,0,28,0.4,0.003372
37007,Anson County,,NC,1278,26347,27625,5,6,11,667,780,1447,6,0.30354,0.318998,2.832126,0.000901,0.001685,87,0.000137,0,28,0.7,0.008943
37009,Ashe County,,NC,1020,28392,29412,2,3,5,311,314,625,7,0.23657,0.244456,2.481724,0.000055,0.000054,87,0.000089,0,28,0.666667,0.000633
37011,Avery County,,NC,1115,16992,18107,4,4,8,309,390,699,7,0.238014,0.246514,44.016341,0.000061,0.000051,87,0.000157,0,28,0.083333,0.000847
37013,Beaufort County,,NC,2604,51261,53865,9,6,15,1333,1390,2723,6,0.300637,0.315589,1591.253534,0.000946,0.001106,87,0.000295,0,28,0.402778,0.009145
37015,Bertie County,,NC,1210,22319,23529,5,6,11,524,631,1155,6,0.300421,0.315276,47.327072,0.000087,0.000974,87,0.000169,0,28,0.533333,0.001355
37017,Bladen County,,NC,1853,32741,34594,7,8,15,1106,1092,2198,6,0.311594,0.328118,2.273568,0.001271,0.002706,87,0.000164,0,28,0.847222,0.011336
37019,Brunswick County,,NC,6880,102502,109382,40,16,56,6593,3487,10080,6,0.314476,0.332393,131.698984,0.014642,0.005556,87,0.000502,0,28,0.486063,0.103695
37021,Buncombe County,,NC,16545,248115,264660,84,63,147,10845,9971,20816,6,0.367152,0.397367,40446.310817,0.032863,0.024621,87,0.001396,0,28,0.405996,0.255201
37023,Burke County,,NC,5133,97994,103127,14,15,29,3289,3152,6441,6,0.309222,0.32659,2369.91659,0.002339,0.003024,87,0.00033,0,28,0.57619,0.022902
37025,Cabarrus County,,NC,13918,189122,203040,60,25,85,13152,9226,22378,6,0.346856,0.369494,633.787826,0.029401,0.008766,87,0.000707,0,28,0.619712,0.204443
37027,Caldwell County,,NC,4085,90965,95050,12,13,25,2455,2487,4942,6,0.309156,0.32622,117.927347,0.001976,0.003354,87,0.000276,0,28,0.666667,0.020337
37029,Camden County,,NC,968,10579,11547,4,4,8,629,423,1052,6,0.299897,0.313817,0.25,0.000954,0.000636,153,0.000101,0,28,0.8,0.006139
37031,Carteret County,,NC,5171,68944,74115,16,14,30,2392,2349,4741,6,0.334019,0.353682,100.838087,0.005784,0.005483,87,0.000262,0,28,0.728758,0.046287
37033,Caswell County,,NC,1664,24588,26252,7,6,13,1086,1123,2209,7,0.288192,0.301331,7.54167,0.000693,0.000613,87,0.000177,0,28,0.619048,0.006535
37035,Catawba County,,NC,10514,178212,188726,30,27,57,7082,6601,13683,6,0.340515,0.362631,1124.132804,0.011342,0.00825,87,0.000488,0,28,0.519872,0.087613
37037,Chatham County,,NC,5359,66080,71439,16,10,26,4303,3437,7740,6,0.308862,0.325302,11.215753,0.005589,0.003117,87,0.000262,0,28,0.7,0.043693
37039,Cherokee County,,NC,1648,27061,28709,7,3,10,476,307,783,7,0.233341,0.23995,6715.114809,0.001456,0.000019,15,0.000388,0,28,0.190476,0.010587
37041,Chowan County,,NC,1042,15872,16914,3,5,8,240,352,592,6,0.300483,0.315276,611.624983,0.00003,0.000987,153,0.000146,0,28,0.5,0.000455
37043,Clay County,,NC,722,10168,10890,3,2,5,354,226,580,8,0.189243,0.192978,5.028822,0.000001,0.000011,15,0.00031,0,28,0.5,0.00054
37045,Cleveland County,,NC,5373,107808,113181,16,14,30,3763,3426,7189,6,0.309222,0.326505,34.525367,0.003172,0.004034,87,0.000351,0,28,0.665441,0.033895
37047,Columbus County,,NC,2489,55895,58384,8,9,17,1330,1482,2812,6,0.31176,0.328517,56.399158,0.002488,0.003141,87,0.000181,0,28,0.736111,0.022911
37049,Craven County,,NC,12058,107867,119925,38,38,76,4924,5629,10553,6,0.362599,0.389187,8562.649972,0.018176,0.017751,87,0.000516,0,28,0.545918,0.129955
37051,Cumberland County,,NC,43633,316992,360625,196,173,369,28244,29868,58112,5,0.411194,0.45444,43169.775508,0.074907,0.067657,87,0.002212,0,28,0.300987,0.538089
37053,Currituck County,,NC,2079,24463,26542,6,6,12,1333,923,2256,6,0.300205,0.314529,3.102484,0.001409,0.001214,153,0.00013,0,28,0.733333,0.008898
37055,Dare County,,NC,3035,37192,40227,8,7,15,712,788,1500,6,0.308374,0.324345,535.966642,0.002876,0.002022,153,0.000158,0,28,0.544444,0.021899
37057,Davidson County,,NC,9369,182573,191942,23,18,41,7503,6529,14032,6,0.309026,0.326756,175.816703,0.003975,0.004133,87,0.000455,0,28,0.474638,0.038445
37059,Davie County,,NC,2670,45583,48253,8,8,16,1827,1569,3396,6,0.303761,0.3195,30.731774,0.002293,0.002006,87,0.000186,0,28,0.833333,0.021122
37061,Duplin County,,NC,2808,53674,56482,9,10,19,1571,1667,3238,6,0.309713,0.325992,9.388533,0.002174,0.002562,87,0.000183,0,28,0.8,0.017956
37063,Durham County,,NC,25687,266645,292332,121,91,212,21395,19316,40711,6,0.39159,0.425188,12469.441893,0.056543,0.045006,87,0.001371,0,28,0.480681,0.397866
37065,Edgecombe County,,NC,4512,60503,65015,8,9,17,3280,3481,6761,6,0.308406,0.324761,304.258971,0.00183,0.002379,87,0.00019,0,28,0.6,0.015062
37067,Forsyth County,,NC,22470,379134,401604,101,77,178,16687,15804,32491,6,0.386824,0.419317,20397.840475,0.046784,0.03715,87,0.001288,0,28,0.493544,0.344211
37069,Franklin County,,NC,4329,57790,62119,9,9,18,3932,2817,6749,6,0.301319,0.316792,11.819864,0.001863,0.002033,87,0.000206,0,28,0.633333,0.015208
37071,Gaston County,,NC,11675,224221,235896,45,27,72,10566,7913,18479,6,0.313835,0.333653,767.936248,0.01791,0.007207,87,0.000676,0,28,0.516156,0.135733
37073,Gates County,,NC,852,12216,13068,5,4,9,477,298,775,6,0.276789,0.288668,8.043263,0.001522,0.000296,153,0.00009,0,28,0.690476,0.009421
37075,Graham County,,NC,384,8729,9113,1,2,3,45,141,186,8,0.212099,0.21784,17.40609,0,0.000013,15,0.00016,0,28,0,0.00017
37077,Granville County,,NC,3533,57135,60668,11,10,21,2772,2192,4964,6,0.308146,0.324476,74.915928,0.00305,0.002567,87,0.000235,0,28,0.522727,0.025781
37079,Greene County,,NC,1380,18840,20220,5,5,10,821,965,1786,6,0.30104,0.315789,0.462121,0.000877,0.001047,87,0.000129,0,28,0.9,0.008007
37081,Guilford County,,NC,32253,514223,546476,167,131,298,27405,24658,52063,6,0.404258,0.442088,69318.393765,0.062817,0.053013,87,0.002152,0,28,0.322532,0.448936
37083,Halifax County,,NC,2926,58275,61201,8,8,16,1347,1647,2994,6,0.301412,0.316849,113.813082,0.001406,0.001952,87,0.000198,0,28,0.477778,0.011548
37085,Harnett County,,NC,10806,104101,114907,32,26,58,8507,6580,15087,6,0.345586,0.367869,1070.745646,0.011542,0.009252,87,0.000468,0,28,0.481231,0.092174
37087,Haywood County,,NC,3038,63186,66224,11,7,18,1365,1122,2487,6,0.301195,0.316382,613.318269,0.005827,0.001222,87,0.000197,0,28,0.6,0.043192
37089,Henderson County,,NC,6853,112946,119799,27,17,44,4621,3345,7966,6,0.321319,0.340686,1562.418738,0.011852,0.005859,87,0.000438,0,28,0.526437,0.090174
37091,Hertford County,,NC,1430,21432,22862,5,5,10,612,633,1245,6,0.301319,0.316336,221.290697,0.000753,0.001459,87,0.000148,0,28,0.466667,0.007426
37093,Hoke County,,NC,5566,40457,46023,14,11,25,3764,3075,6839,6,0.328023,0.346312,150.755128,0.004551,0.004363,87,0.000222,0,28,0.647059,0.037323
37095,Hyde County,,NC,366,4853,5219,2,2,4,84,123,207,7,0.241693,0.250127,0.553114,0.000068,0.000115,87,0.00009,0,28,0.666667,0.001131
37097,Iredell County,,NC,10571,173839,184410,52,33,85,8054,6316,14370,6,0.344568,0.368103,7374.595973,0.023546,0.009123,87,0.000687,0,28,0.483607,0.164123
37099,Jackson County,,NC,2692,31835,34527,8,8,16,1139,1095,2234,6,0.308439,0.324567,574.350896,0.001684,0.002125,87,0.00028,0,28,0.5,0.015982
37101,Johnston County,,NC,10476,169322,179798,45,22,67,10738,6813,17551,6,0.314713,0.333447,732.480361,0.019731,0.004752,87,0.000569,0,28,0.464082,0.13858
37103,Jones County,,NC,890,10885,11775,3,3,6,574,537,1111,6,0.292751,0.30607,0,0.000714,0.000677,87,0.000085,0,28,1,0.004937
37105,Lee County,,NC,3871,60768,64639,9,10,19,2490,2202,4692,6,0.31196,0.32883,2.086987,0.001978,0.003804,87,0.000193,0,28,0.872727,0.018556
37107,Lenoir County,,NC,3477,64105,67582,10,12,22,1852,2112,3964,6,0.311395,0.32838,86.472816,0.001784,0.003278,87,0.000216,0,28,0.685897,0.015703
37109,Lincoln County,,NC,5807,83114,88921,17,13,30,4769,3934,8703,6,0.336983,0.355854,109.16481,0.005794,0.004107,87,0.000305,0,28,0.628655,0.044892
37111,McDowell County,,NC,2096,47536,49632,7,8,15,1149,1034,2183,7,0.269369,0.281553,2657.381851,0.001019,0.000499,87,0.000232,0,28,0.5,0.009751
37113,Macon County,,NC,1844,35822,37666,6,4,10,546,390,936,7,0.268997,0.280465,259.911288,0.002503,0.000292,87,0.000162,0,28,0.357143,0.017808
37115,Madison County,,NC,1362,20440,21802,3,2,5,802,712,1514,7,0.268627,0.279581,1.105905,0.000248,0.000258,87,0.000115,0,28,0.666667,0.003223
37117,Martin County,,NC,1419,26904,28323,5,6,11,758,842,1600,6,0.300421,0.315276,552.531616,0.000088,0.000984,87,0.000207,0,28,0.6,0.001448
37119,Mecklenburg County,,NC,74038,936979,1011017,351,256,607,78313,64203,142516,5,0.434214,0.482866,195585.947461,0.10914,0.094646,87,0.004101,0,28,0.191513,0.772087
37121,Mitchell County,,NC,745,16567,17312,3,4,7,333,326,659,7,0.26875,0.280094,68.652445,0.000006,0.000267,87,0.000158,0,28,0.5,0.000369
37123,Montgomery County,,NC,1630,28307,29937,7,7,14,779,854,1633,6,0.303634,0.319283,3.429165,0.001322,0.001757,87,0.000161,0,28,0.678571,0.011444
37125,Moore County,,NC,5252,93289,98541,21,18,39,2613,2366,4979,6,0.324708,0.342715,286.080743,0.007223,0.005359,87,0.000333,0,28,0.527174,0.056484
37127,Nash County,,NC,7889,106664,114553,17,15,32,5604,5484,11088,6,0.31246,0.33017,71.438409,0.004111,0.004244,87,0.000315,0,28,0.613971,0.035263
37129,New Hanover County,,NC,17796,190477,208273,77,62,139,10857,11685,22542,6,0.372769,0.403283,5631.190711,0.030024,0.025567,87,0.001043,0,28,0.436389,0.224297
37131,Northampton County,,NC,1453,22260,23713,4,6,10,629,840,1469,6,0.30039,0.315219,175.613388,0.000718,0.001011,87,0.000136,0,28,0.7,0.006578
37133,Onslow County,,NC,33545,161506,195051,155,163,318,17585,18707,36292,5,0.413462,0.454224,24220.865547,0.06662,0.07037,87,0.001597,0,28,0.35567,0.464543
37135,Orange County,,NC,13831,120011,133842,48,40,88,8565,9697,18262,6,0.362734,0.389181,2585.533542,0.026162,0.022026,87,0.000605,0,28,0.650205,0.195273
37137,Pamlico County,,NC,800,13333,14133,2,2,4,290,315,605,7,0.266205,0.276217,0,0.000147,0.000149,87,0.000104,0,28,1,0.001243
37139,Pasquotank County,,NC,3682,41342,45024,11,12,23,1753,1505,3258,6,0.311627,0.328739,4814.663625,0.00223,0.002845,153,0.000244,0,28,0.434066,0.016246
37141,Pender County,,NC,3959,48880,52839,9,8,17,3051,2322,5373,6,0.306949,0.322697,8.782267,0.003376,0.002355,87,0.000184,0,28,0.772727,0.027145
37143,Perquimans County,,NC,959,13746,14705,5,2,7,696,353,1049,7,0.237646,0.245,616.637254,0.000957,0.000018,153,0.000128,0,28,0.65,0.006208
37145,Person County,,NC,2010,43076,45086,8,8,16,1252,1090,2342,6,0.301381,0.316792,1216.800434,0.001695,0.002102,87,0.000195,0,28,0.571429,0.015588
37147,Pitt County,,NC,10676,152922,163598,47,33,80,7398,6059,13457,6,0.318623,0.339575,18623.133163,0.013814,0.006648,87,0.000799,0,28,0.323529,0.100315
37149,Polk County,,NC,1269,20514,21783,6,5,11,687,680,1367,6,0.286554,0.298963,0.478638,0.001428,0.001078,87,0.000169,0,28,0.933333,0.014437
37151,Randolph County,,NC,7783,158752,166535,15,18,33,5321,5206,10527,6,0.314544,0.332735,47.050747,0.003731,0.004933,87,0.000304,0,28,0.583333,0.03384
37153,Richmond County,,NC,2290,48571,50861,12,14,26,1131,1265,2396,6,0.312393,0.329999,161.442845,0.002562,0.004256,87,0.000233,0,28,0.5375,0.022245
37155,Robeson County,,NC,5454,126716,132170,15,17,32,2879,3141,6020,6,0.31256,0.330654,119.273729,0.003814,0.004385,87,0.000274,0,28,0.555556,0.033638
37157,Rockingham County,,NC,4862,105794,110656,13,14,27,2992,2958,5950,6,0.308732,0.325872,433.401012,0.00229,0.002972,87,0.000297,0,28,0.447619,0.020789
37159,Rowan County,,NC,8177,152195,160372,23,18,41,6131,4935,11066,6,0.314645,0.332849,86.381687,0.008073,0.005845,87,0.000399,0,28,0.661667,0.066797
37161,Rutherford County,,NC,2805,68430,71235,13,10,23,1474,1531,3005,6,0.303761,0.319762,76.999429,0.003321,0.001652,87,0.000293,0,28,0.583333,0.02742
37163,Sampson County,,NC,3338,65950,69288,10,10,20,1900,1937,3837,6,0.312093,0.329001,19.582903,0.002022,0.003338,87,0.000205,0,28,0.734848,0.018449
37165,Scotland County,,NC,2394,38190,40584,7,10,17,1180,1423,2603,6,0.312193,0.329229,68.194184,0.00142,0.003384,87,0.00015,0,28,0.733333,0.012047
37167,Stanly County,,NC,2921,67216,70137,8,10,18,1810,1693,3503,6,0.308276,0.324647,11.60725,0.001067,0.002867,87,0.00021,0,28,0.7,0.012556
37169,Stokes County,,NC,3016,52015,55031,7,6,13,2155,2125,4280,7,0.289304,0.302551,2.632179,0.000813,0.00093,87,0.000182,0,28,0.809524,0.007581
37171,Surry County,,NC,3498,80592,84090,11,12,23,2071,2185,4256,6,0.30883,0.325673,17493.827396,0.001594,0.002821,87,0.000332,0,28,0.477273,0.015101
37173,Swain County,,NC,1140,19121,20261,4,2,6,480,492,972,7,0.268602,0.279524,2850.894545,0.000219,0.00027,87,0.000191,0,28,0.5,0.002752
37175,Transylvania County,,NC,1900,32021,33921,4,6,10,601,732,1333,6,0.286582,0.299134,4.633778,0.000264,0.001102,87,0.000145,0,28,0.666667,0.003435
37177,Tyrrell County,,NC,330,4080,4410,0,1,1,0,91,91,8,0.194714,0.199127,0,0,0.000001,87,0.00005,0,151,0,0
37179,Union County,,NC,12285,206572,218857,78,29,107,14834,7775,22609,6,0.34579,0.368947,1674.117622,0.03831,0.010528,87,0.000842,0,28,0.573302,0.264663
37181,Vance County,,NC,2898,47889,50787,6,7,13,1509,1872,3381,6,0.301257,0.31645,9.439117,0.00109,0.001985,87,0.000164,0,28,0.678571,0.010129
37183,Wake County,,NC,58659,920307,978966,346,228,574,74082,48410,122492,5,0.428676,0.475028,185904.241706,0.109187,0.087478,87,0.004087,0,28,0.197323,0.771459
37185,Warren County,,NC,1357,19418,20775,6,5,11,704,795,1499,6,0.300205,0.314763,5.306729,0.000762,0.000911,87,0.000164,0,28,0.6,0.007214
37187,Washington County,,NC,773,14584,15357,4,3,7,300,245,545,7,0.241713,0.250298,2924,0.000068,0.000116,87,0.000185,0,28,0.5,0.001228
37189,Watauga County,,NC,3677,38516,42193,17,16,33,1611,1721,3332,6,0.30932,0.326847,7893.542776,0.003785,0.00404,87,0.000381,0,28,0.5,0.034431
37191,Wayne County,,NC,8660,123919,132579,25,29,54,3318,4139,7457,6,0.351738,0.37667,1434.505332,0.00632,0.011416,87,0.000398,0,28,0.457143,0.051392
37193,Wilkes County,,NC,3001,74884,77885,13,14,27,1388,1566,2954,6,0.308862,0.325986,4918.704341,0.002725,0.002947,87,0.00031,0,28,0.528571,0.023431
37195,Wilson County,,NC,4287,86804,91091,12,13,25,2574,2606,5180,6,0.31196,0.329258,40.875032,0.00283,0.003393,87,0.000241,0,28,0.695238,0.024063
37197,Yadkin County,,NC,2258,43007,45265,9,9,18,1660,1593,3253,6,0.301848,0.317442,34.603996,0.00156,0.001983,87,0.000221,0,28,0.791667,0.015036
37199,Yancey County,,NC,896,18904,19800,4,3,7,401,404,805,7,0.268701,0.279866,348.744179,0.0002,0.000265,87,0.000176,0,28,0.583333,0.002413
38001,Adams County,,ND,170,2818,2988,0,0,0,0,0,0,0,0,0,0,0,0,88,0.00005,79,152,0,0
38003,Barnes County,,ND,811,12805,13616,2,3,5,166,362,528,7,0.259174,0.268939,0,0.000045,0.000053,23,0.000122,0,28,1,0.00057
38005,Benson County,,ND,420,7142,7562,1,3,4,91,226,317,7,0.261819,0.271829,0,0.000001,0.00007,23,0.000079,0,28,1,0.000096
38007,Billings County,,ND,101,945,1046,0,0,0,0,0,0,0,0,0,0,0,0,89,0.00005,80,153,0,0
38009,Bottineau County,,ND,432,7787,8219,1,1,2,78,80,158,7,0.256739,0.265593,0,0.000046,0.000036,23,0.00008,0,28,0,0.000386
38011,Bowman County,,ND,176,3822,3998,0,0,0,0,0,0,0,0,0,0,0,0,90,0.00005,81,154,0,0
38013,Burke County,,ND,174,2437,2611,0,1,1,0,75,75,7,0.256782,0.265674,0,0,0.000036,23,0.00005,0,155,0,0
38015,Burleigh County,,ND,5752,92987,98739,22,19,41,3938,3342,7280,6,0.338543,0.359416,41473.234937,0.001889,0.002214,23,0.000922,0,28,0.147692,0.016363
38017,Cass County,,ND,11252,162022,173274,53,39,92,8511,6855,15366,6,0.348344,0.372868,97533.423718,0.004816,0.005729,23,0.00169,0,28,0.125974,0.039669
38019,Cavalier County,,ND,293,5161,5454,0,1,1,0,45,45,7,0.258415,0.267605,0,0,0.000038,23,0.00005,0,156,0,0
38021,Dickey County,,ND,486,6181,6667,1,1,2,47,57,104,7,0.258418,0.267611,0,0.000006,0.000038,23,0.000088,0,28,0.5,0.000118
38023,Divide County,,ND,139,2504,2643,0,0,0,0,0,0,0,0,0,0,0,0,91,0.00005,82,157,0,0
38025,Dunn County,,ND,232,3896,4128,1,1,2,53,85,138,8,0.207862,0.21318,0,0.000001,0.000001,23,0.0001,0,28,0,0.000107
38027,Eddy County,,ND,158,2835,2993,0,0,0,0,0,0,0,0,0,0,0,0,92,0.00005,83,158,0,0
38029,Emmons County,,ND,184,4430,4614,0,1,1,0,84,84,7,0.252984,0.261189,0,0,0.000015,23,0.00005,0,159,0,0
38031,Foster County,,ND,257,4242,4499,0,1,1,0,45,45,7,0.258415,0.267605,0,0,0.000038,23,0.00005,0,160,0,0
38033,Golden Valley County,,ND,158,1955,2113,0,0,0,0,0,0,0,0,0,0,0,0,93,0.00005,84,161,0,0
38035,Grand Forks County,,ND,7184,70884,78068,24,22,46,2886,3014,5900,6,0.348054,0.371164,29188.467975,0.004047,0.005786,23,0.000725,0,28,0.235484,0.032545
38037,Grant County,,ND,169,2951,3120,0,0,0,0,0,0,0,0,0,0,0,0,94,0.00005,85,162,0,0
38039,Griggs County,,ND,192,2979,3171,0,1,1,0,71,71,7,0.258415,0.267605,0,0,0.000038,23,0.00005,0,163,0,0
38041,Hettinger County,,ND,178,2975,3153,1,1,2,49,56,105,8,0.207862,0.21318,0,0.000001,0.000001,23,0.0001,0,28,0,0.000107
38043,Kidder County,,ND,211,2975,3186,1,1,2,64,76,140,7,0.252941,0.261108,0,0.000017,0.000015,23,0.000091,0,28,0,0.000246
38045,LaMoure County,,ND,303,5166,5469,0,1,1,0,66,66,7,0.258415,0.267605,0,0,0.000038,23,0.00005,0,164,0,0
38047,Logan County,,ND,121,2371,2492,0,0,0,0,0,0,0,0,0,0,0,0,95,0.00005,86,165,0,0
38049,McHenry County,,ND,389,6440,6829,1,1,2,161,150,311,7,0.256739,0.265593,0,0.000046,0.000036,23,0.00008,0,28,0,0.000386
38051,McIntosh County,,ND,195,3496,3691,0,1,1,0,41,41,7,0.252984,0.261189,0,0,0.000015,23,0.00005,0,166,0,0
38053,McKenzie County,,ND,344,5756,6100,1,0,1,47,0,47,0,0,0,0,0.000001,0,23,0.000079,0,22,0,0.000105
38055,McLean County,,ND,687,10639,11326,3,4,7,305,341,646,7,0.257962,0.267594,0.333333,0.000064,0.000053,23,0.000172,0,28,0.833333,0.000742
38057,Mercer County,,ND,624,10594,11218,1,3,4,118,266,384,7,0.259174,0.268939,0,0.000017,0.000054,23,0.000091,0,28,1,0.000246
38059,Morton County,,ND,2422,31693,34115,7,5,12,1778,1619,3397,7,0.262266,0.273134,37.89966,0.000155,0.00009,23,0.000298,0,28,0.595238,0.00176
38061,Mountrail County,,ND,531,8080,8611,3,2,5,187,174,361,7,0.257917,0.267252,0,0.000064,0.000051,23,0.000158,0,28,1,0.000726
38063,Nelson County,,ND,231,4044,4275,0,1,1,0,47,47,7,0.258255,0.267178,0,0,0.000032,23,0.00005,0,167,0,0
38065,Oliver County,,ND,136,2419,2555,0,0,0,0,0,0,0,0,0,0,0,0,96,0.00005,87,168,0,0
38067,Pembina County,,ND,657,9750,10407,2,2,4,118,215,333,7,0.261773,0.271601,0,0.00009,0.000069,23,0.000115,0,28,1,0.00084
38069,Pierce County,,ND,347,5177,5524,0,1,1,0,45,45,7,0.256782,0.265674,0,0,0.000036,23,0.00005,0,169,0,0
38071,Ramsey County,,ND,820,13493,14313,3,4,7,272,352,624,7,0.262619,0.273072,2969.644538,0.000091,0.000084,23,0.000138,0,28,0.666667,0.000925
38073,Ransom County,,ND,434,6881,7315,2,1,3,117,129,246,7,0.258372,0.267526,0,0.000045,0.000038,23,0.000108,0,28,0.5,0.000558
38075,Renville County,,ND,312,2881,3193,1,1,2,90,125,215,7,0.256739,0.265593,0,0.000046,0.000036,23,0.00008,0,28,0,0.000386
38077,Richland County,,ND,1373,19562,20935,2,4,6,407,711,1118,7,0.258487,0.268153,0,0.000045,0.000058,23,0.000116,0,28,0.916667,0.00057
38079,Rolette County,,ND,707,14625,15332,4,4,8,246,367,613,7,0.263566,0.274417,0,0.000153,0.00012,23,0.000186,0,28,1,0.001472
38081,Sargent County,,ND,353,5201,5554,0,2,2,0,139,139,7,0.258438,0.267776,0,0,0.000038,23,0.00005,0,170,1,0
38083,Sheridan County,,ND,109,1763,1872,0,0,0,0,0,0,0,0,0,0,0,0,97,0.00005,88,171,0,0
38085,Sioux County,,ND,289,3665,3954,1,1,2,67,104,171,7,0.252941,0.261108,0,0.000017,0.000015,23,0.000091,0,28,0,0.000246
38087,Slope County,,ND,35,839,874,0,0,0,0,0,0,0,0,0,0,0,0,98,0.00005,89,172,0,0
38089,Stark County,,ND,1678,27489,29167,7,7,14,486,658,1144,7,0.262383,0.273619,11777.2,0.00011,0.000091,23,0.000407,0,28,0.428571,0.001493
38091,Steele County,,ND,149,2427,2576,0,0,0,0,0,0,0,0,0,0,0,0,99,0.00005,90,173,0,0
38093,Stutsman County,,ND,1355,23951,25306,3,4,7,362,465,827,7,0.262595,0.273015,8.122981,0.000062,0.000084,23,0.000163,0,28,0.75,0.000813
38095,Towner County,,ND,212,2856,3068,0,0,0,0,0,0,0,0,0,0,0,0,100,0.00005,91,174,0,0
38097,Traill County,,ND,659,9518,10177,2,2,4,290,326,616,7,0.261773,0.271601,0,0.00009,0.000069,23,0.000115,0,28,1,0.00084
38099,Walsh County,,ND,759,13557,14316,2,2,4,185,343,528,7,0.261773,0.271601,0,0.00009,0.000069,23,0.000115,0,28,1,0.00084
38101,Ward County,,ND,6204,68726,74930,23,23,46,1898,2162,4060,6,0.345382,0.368371,46645.972161,0.004658,0.005906,23,0.000811,0,28,0.275862,0.036032
38103,Wells County,,ND,308,5348,5656,0,2,2,0,104,104,7,0.259194,0.268847,0,0,0.000052,23,0.00005,0,175,1,0
38105,Williams County,,ND,1282,24893,26175,5,7,12,351,479,830,7,0.26378,0.275243,8904.103053,0.000154,0.000121,23,0.000236,0,28,0.428571,0.00158
39001,Adams County,,OH,1574,30767,32341,8,7,15,927,879,1806,6,0.296071,0.309365,42.238362,0.000874,0.000524,101,0.000171,0,28,0.527778,0.005581
39003,Allen County,,OH,5998,124236,130234,16,20,36,2924,3394,6318,6,0.334439,0.355649,550.475307,0.003165,0.00427,101,0.000238,0,28,0.464286,0.017969
39005,Ashland County,,OH,3326,61810,65136,11,11,22,2090,2078,4168,6,0.309254,0.325393,240.129545,0.002264,0.001894,101,0.00017,0,28,0.645455,0.01395
39007,Ashtabula County,,OH,5356,119377,124733,10,12,22,2639,2930,5569,6,0.338074,0.357689,97.023104,0.002425,0.0036,101,0.000128,0,28,0.742424,0.013543
39009,Athens County,,OH,4364,52559,56923,13,16,29,1610,1992,3602,6,0.31196,0.329252,248.170199,0.002848,0.002253,101,0.000281,0,28,0.375,0.017522
39011,Auglaize County,,OH,2892,59285,62177,8,8,16,1822,1785,3607,6,0.308471,0.324088,6.652593,0.001257,0.001092,101,0.000151,0,28,0.694444,0.008355
39013,Belmont County,,OH,3226,79341,82567,7,9,16,1535,1750,3285,6,0.31014,0.326909,5926.771305,0.000784,0.001468,101,0.000205,0,28,0.347222,0.005958
39015,Brown County,,OH,3546,50702,54248,8,8,16,2665,2589,5254,6,0.296101,0.309536,63.631413,0.00098,0.000803,101,0.000177,0,28,0.714286,0.006238
39017,Butler County,,OH,25944,408794,434738,51,62,113,19072,18831,37903,6,0.38708,0.417356,14694.19888,0.02118,0.028641,101,0.000622,0,28,0.479637,0.141879
39019,Carroll County,,OH,2072,33534,35606,7,5,12,1433,1426,2859,6,0.284519,0.297059,15.430959,0.000741,0.000394,101,0.000133,0,28,0.547619,0.003736
39021,Champaign County,,OH,2889,47294,50183,9,9,18,2201,1960,4161,6,0.308439,0.324174,9.843886,0.001372,0.001216,101,0.000176,0,28,0.652778,0.009331
39023,Clark County,,OH,7672,163088,170760,12,13,25,4045,4689,8734,6,0.310766,0.327479,38.459382,0.002256,0.002081,101,0.000202,0,28,0.52381,0.014534
39025,Clermont County,,OH,14451,227900,242351,20,23,43,10788,10395,21183,6,0.353183,0.375855,2286.985622,0.006355,0.008679,101,0.000316,0,28,0.578348,0.044375
39027,Clinton County,,OH,3474,49943,53417,11,12,23,2653,2418,5071,6,0.310469,0.326852,54.665264,0.002296,0.001948,101,0.000179,0,28,0.660256,0.014526
39029,Columbiana County,,OH,5351,124532,129883,12,15,27,2796,3239,6035,6,0.33823,0.358259,342.311937,0.003021,0.003661,101,0.000182,0,28,0.585714,0.018288
39031,Coshocton County,,OH,2037,43177,45214,7,9,16,1012,1247,2259,6,0.309254,0.325165,219.938033,0.001492,0.001394,101,0.000151,0,28,0.5,0.010093
39033,Crawford County,,OH,3092,55022,58114,7,8,15,1612,1831,3443,6,0.306982,0.322458,419.955082,0.000824,0.000891,101,0.000153,0,28,0.607143,0.006117
39035,Cuyahoga County,,OH,64026,1487127,1551153,161,208,369,36367,54187,90554,5,0.43057,0.474202,38888.27182,0.073486,0.087764,101,0.001572,0,28,0.353492,0.513654
39037,Darke County,,OH,2863,66150,69013,8,9,17,1557,1703,3260,6,0.308928,0.324972,679.128628,0.001355,0.001195,101,0.000146,0,28,0.527778,0.009015
39039,Defiance County,,OH,2546,48907,51453,8,9,17,1378,1260,2638,6,0.308244,0.324681,83.18948,0.000636,0.001098,101,0.000143,0,28,0.597222,0.003219
39041,Delaware County,,OH,13361,188812,202173,39,32,71,12342,8831,21173,6,0.365866,0.391758,4383.514425,0.01341,0.012976,101,0.000476,0,28,0.417553,0.089614
39043,Erie County,,OH,5077,94765,99842,12,11,23,3027,2833,5860,6,0.336634,0.355848,106.235327,0.002453,0.002997,101,0.000169,0,28,0.711538,0.014665
39045,Fairfield County,,OH,10877,164643,175520,16,16,32,8271,7476,15747,6,0.337488,0.357433,955.347106,0.003783,0.00314,101,0.000281,0,28,0.432749,0.025935
39047,Fayette County,,OH,2134,32976,35110,8,9,17,1357,1406,2763,6,0.308504,0.324288,12.080186,0.001356,0.001217,101,0.000166,0,28,0.638889,0.009139
39049,Franklin County,,OH,75604,1297523,1373127,274,286,560,63043,64829,127872,5,0.44236,0.492322,359114.806622,0.092567,0.096095,101,0.003249,0,28,0.211458,0.644374
39051,Fulton County,,OH,3190,53966,57156,6,7,13,1906,1979,3885,6,0.307466,0.32317,7.6493,0.000423,0.00097,101,0.000108,0,28,0.690476,0.002112
39053,Gallia County,,OH,1511,32587,34098,6,5,11,721,734,1455,6,0.306949,0.322059,271.378896,0.000782,0.000749,101,0.000221,0,28,0.6,0.005872
39055,Geauga County,,OH,5523,111010,116533,7,11,18,3742,3400,7142,6,0.343798,0.363674,6.279452,0.002104,0.003911,101,0.000104,0,28,0.881818,0.012221
39057,Greene County,,OH,16153,174723,190876,34,36,70,9957,10435,20392,6,0.370033,0.396728,3324.856075,0.015953,0.017164,101,0.000413,0,28,0.530454,0.11496
39059,Guernsey County,,OH,2181,47370,49551,8,8,16,985,1042,2027,6,0.307207,0.322788,2938.340868,0.001193,0.001127,101,0.0002,0,28,0.444444,0.007862
39061,Hamilton County,,OH,50532,915284,965816,129,152,281,31893,41765,73658,5,0.419031,0.45749,63979.772529,0.055555,0.067856,101,0.00145,0,28,0.382395,0.391725
39063,Hancock County,,OH,5423,89116,94539,13,15,28,2719,2614,5333,6,0.341509,0.361913,1705.913635,0.003091,0.003651,101,0.000194,0,28,0.466667,0.016647
39065,Hardin County,,OH,2139,34007,36146,8,7,15,1204,1216,2420,6,0.306982,0.322344,425.547413,0.00085,0.000804,101,0.000176,0,28,0.535714,0.006366
39067,Harrison County,,OH,998,17844,18842,3,5,8,457,583,1040,7,0.27054,0.281641,5.715869,0.000037,0.000152,101,0.000105,0,28,0.5,0.000539
39069,Henry County,,OH,1973,36839,38812,7,9,16,1192,1372,2564,6,0.307466,0.323398,13.306017,0.00042,0.000969,101,0.000129,0,28,0.625,0.002206
39071,Highland County,,OH,3431,48720,52151,14,13,27,2345,2437,4782,6,0.310502,0.327023,115.901021,0.002303,0.001954,101,0.000242,0,28,0.554945,0.014902
39073,Hocking County,,OH,1778,32534,34312,7,7,14,1400,1317,2717,6,0.306917,0.32223,3.616667,0.000819,0.000805,101,0.00017,0,28,0.690476,0.006268
39075,Holmes County,,OH,1770,43962,45732,5,5,10,872,1088,1960,7,0.27029,0.281282,1.511111,0.000234,0.00017,101,0.000114,0,28,0.65,0.001588
39077,Huron County,,OH,4118,75075,79193,11,12,23,2494,2650,5144,6,0.309549,0.32602,16.772768,0.001982,0.001748,101,0.000175,0,28,0.636364,0.012603
39079,Jackson County,,OH,1881,36223,38104,8,8,16,1122,1061,2183,6,0.307078,0.3226,17.239633,0.000809,0.000771,101,0.000231,0,28,0.5,0.006238
39081,Jefferson County,,OH,3065,80435,83500,11,9,20,1560,1458,3018,6,0.310041,0.326767,1674.312534,0.002232,0.001476,101,0.000221,0,28,0.418182,0.015189
39083,Knox County,,OH,3272,66602,69874,8,8,16,1953,1620,3573,6,0.306982,0.322458,5.820425,0.000967,0.000954,101,0.000156,0,28,0.589286,0.007342
39085,Lake County,,OH,12071,286702,298773,20,29,49,9352,8073,17425,6,0.364634,0.389957,318.998585,0.008193,0.015172,101,0.000213,0,28,0.686022,0.054294
39087,Lawrence County,,OH,3118,68616,71734,9,8,17,1916,1794,3710,6,0.307952,0.323797,800.910579,0.000824,0.000803,101,0.000315,0,28,0.430556,0.006568
39089,Licking County,,OH,10474,193449,203923,19,18,37,7311,6688,13999,6,0.314476,0.333453,896.36546,0.004775,0.003303,101,0.000295,0,28,0.438735,0.032225
39091,Logan County,,OH,3170,56697,59867,11,10,21,1869,1885,3754,6,0.308471,0.324345,17.495737,0.001381,0.001112,101,0.000204,0,28,0.55303,0.009534
39093,Lorain County,,OH,14935,355255,370190,39,38,77,10909,9313,20222,6,0.370314,0.397543,1905.30265,0.018431,0.018044,101,0.000403,0,28,0.585569,0.124372
39095,Lucas County,,OH,23493,498304,521797,54,84,138,12176,16570,28746,6,0.389244,0.422697,17586.245282,0.019944,0.037609,101,0.000553,0,28,0.448596,0.131038
39097,Madison County,,OH,3498,44911,48409,9,7,16,2482,2259,4741,6,0.306917,0.32223,8.604845,0.001328,0.000887,101,0.000185,0,28,0.541667,0.009103
39099,Mahoning County,,OH,12391,276561,288952,22,37,59,6486,7968,14454,6,0.360631,0.386406,1343.979323,0.008972,0.017168,101,0.000246,0,28,0.565434,0.059328
39101,Marion County,,OH,3397,72709,76106,9,8,17,2015,1825,3840,6,0.306982,0.322458,471.13573,0.000926,0.000884,101,0.000195,0,28,0.541667,0.007053
39103,Medina County,,OH,11131,208506,219637,19,19,38,9147,7068,16215,6,0.356368,0.379571,471.88282,0.006387,0.008334,101,0.000219,0,28,0.64,0.040631
39105,Meigs County,,OH,1217,24885,26102,7,6,13,639,682,1321,6,0.307111,0.322389,280.410035,0.000793,0.000771,101,0.000234,0,28,0.52381,0.006071
39107,Mercer County,,OH,2002,53706,55708,9,9,18,993,1141,2134,6,0.308634,0.324459,163.096054,0.001263,0.001095,101,0.000167,0,28,0.611111,0.008446
39109,Miami County,,OH,6953,124921,131874,13,16,29,4390,4272,8662,6,0.310634,0.327593,57.416796,0.002254,0.002064,101,0.000206,0,28,0.554167,0.014523
39111,Monroe County,,OH,715,17205,17920,3,3,6,263,284,547,7,0.237299,0.245191,1396.855152,0.000018,0.000012,101,0.000133,0,28,0,0.00037
39113,Montgomery County,,OH,35018,623677,658695,87,121,208,20098,25948,46046,5,0.413345,0.449031,29872.429325,0.036919,0.053708,101,0.000987,0,28,0.41703,0.263464
39115,Morgan County,,OH,914,16006,16920,5,4,9,401,504,905,6,0.306982,0.321933,3.000794,0.000788,0.000743,101,0.000148,0,28,0.75,0.005801
39117,Morrow County,,OH,2507,38335,40842,7,7,14,1806,1742,3548,6,0.306949,0.322287,3.043998,0.000931,0.000909,101,0.000149,0,28,0.761905,0.006967
39119,Muskingum County,,OH,4318,101100,105418,8,9,17,2207,2450,4657,6,0.307046,0.322686,938.838023,0.000839,0.000929,101,0.000209,0,28,0.433333,0.006534
39121,Noble County,,OH,632,13916,14548,3,2,5,284,266,550,7,0.235389,0.242518,2.422222,0.000022,0.000015,101,0.000123,0,28,0.5,0.00044
39123,Ottawa County,,OH,3043,51549,54592,9,8,17,1768,1690,3458,6,0.309353,0.325222,2.024621,0.001994,0.001688,101,0.000143,0,28,0.875,0.012409
39125,Paulding County,,OH,1281,24105,25386,5,5,10,584,746,1330,7,0.280318,0.292388,12.642234,0.000276,0.000177,101,0.000111,0,28,0.566667,0.001635
39127,Perry County,,OH,2140,39659,41799,7,7,14,1966,1649,3615,6,0.306949,0.322287,3.983333,0.000838,0.000832,101,0.000175,0,28,0.690476,0.006446
39129,Pickaway County,,OH,4150,58753,62903,8,9,17,3312,2959,6271,6,0.307111,0.322771,12.30107,0.000837,0.000852,101,0.000188,0,28,0.477778,0.006574
39131,Pike County,,OH,1503,30731,32234,6,7,13,1045,961,2006,6,0.307078,0.322486,36.446146,0.000792,0.000777,101,0.000167,0,28,0.619048,0.005954
39133,Portage County,,OH,11609,175989,187598,19,18,37,8599,7721,16320,6,0.351189,0.373193,238.824619,0.005751,0.006646,101,0.00021,0,28,0.664502,0.035433
39135,Preble County,,OH,2535,50587,53122,7,8,15,1867,1676,3543,6,0.300082,0.313953,8.56305,0.00134,0.00116,101,0.00012,0,28,0.732143,0.007778
39137,Putnam County,,OH,1813,45163,46976,7,8,15,815,1133,1948,6,0.307401,0.323142,158.612592,0.000838,0.000991,101,0.000141,0,28,0.597222,0.006091
39139,Richland County,,OH,7056,147989,155045,14,21,35,2983,4059,7042,6,0.338035,0.358772,329.461366,0.002838,0.004031,101,0.000217,0,28,0.5,0.017072
39141,Ross County,,OH,3891,83238,87129,13,11,24,2245,2404,4649,6,0.307175,0.323113,38.935152,0.001293,0.00083,101,0.000269,0,28,0.423077,0.009225
39143,Sandusky County,,OH,3866,76550,80416,8,9,17,2054,2390,4444,6,0.309418,0.32545,2.569339,0.001196,0.001584,101,0.00014,0,28,0.847222,0.007613
39145,Scioto County,,OH,2814,78972,81786,9,9,18,1274,1317,2591,6,0.309353,0.325336,3245.985232,0.000789,0.001202,101,0.000262,0,28,0.344444,0.006268
39147,Seneca County,,OH,3468,69061,72529,10,10,20,1867,2117,3984,6,0.307369,0.323341,499.637416,0.001232,0.001016,101,0.000168,0,28,0.6,0.007888
39149,Shelby County,,OH,3071,61744,64815,9,10,19,1753,1814,3567,6,0.31037,0.326453,15.60212,0.001265,0.00154,101,0.000167,0,28,0.688889,0.008533
39151,Stark County,,OH,16756,456377,473133,36,48,84,10567,10838,21405,6,0.369799,0.397982,12986.017528,0.013637,0.022962,101,0.000447,0,28,0.487987,0.092981
39153,Summit County,,OH,30994,634598,665592,66,97,163,20379,23368,43747,5,0.396582,0.431236,11833.65518,0.029485,0.047671,101,0.000677,0,28,0.511447,0.200052
39155,Trumbull County,,OH,10771,256811,267582,16,27,43,5376,6610,11986,6,0.358817,0.382986,699.54048,0.005029,0.012282,101,0.000195,0,28,0.625661,0.033242
39157,Tuscarawas County,,OH,4526,115367,119893,10,11,21,2476,2586,5062,6,0.30932,0.325507,1475.565494,0.002029,0.001727,101,0.000189,0,28,0.481818,0.012455
39159,Union County,,OH,4216,56393,60609,10,8,18,2861,2353,5214,6,0.306982,0.322458,44.13315,0.00167,0.000904,101,0.000204,0,28,0.436364,0.011096
39161,Van Wert County,,OH,1642,37094,38736,7,8,15,833,929,1762,6,0.307984,0.324139,284.051977,0.001052,0.000933,101,0.000146,0,28,0.482143,0.007034
39163,Vinton County,,OH,1000,13999,14999,5,6,11,530,672,1202,6,0.306885,0.322059,1.833333,0.000787,0.000775,101,0.000141,0,28,0.733333,0.005829
39165,Warren County,,OH,17447,236227,253674,34,35,69,14617,11628,26245,6,0.367891,0.394123,2908.119849,0.013893,0.015575,101,0.000425,0,28,0.566999,0.094664
39167,Washington County,,OH,3461,72618,76079,8,9,17,1454,1546,3000,6,0.307466,0.323216,7943.691401,0.000788,0.000772,101,0.000341,0,28,0.277778,0.006078
39169,Wayne County,,OH,6477,138116,144593,12,11,23,3972,3631,7603,6,0.309287,0.32545,234.91171,0.002319,0.001931,101,0.000179,0,28,0.674242,0.01433
39171,Williams County,,OH,2293,47802,50095,8,11,19,953,1304,2257,6,0.308406,0.325194,161.747835,0.000345,0.00111,101,0.000151,0,28,0.427273,0.001945
39173,Wood County,,OH,10876,138258,149134,23,27,50,7350,6868,14218,6,0.353396,0.376744,2188.716776,0.005898,0.008276,101,0.000276,0,28,0.435632,0.034666
39175,Wyandot County,,OH,1616,28133,29749,5,6,11,885,996,1881,6,0.306949,0.322173,3.409524,0.000057,0.000778,101,0.000134,0,28,0.666667,0.000818
40001,Adair County,,OK,1470,22880,24350,6,5,11,767,817,1584,7,0.295652,0.308012,0.98936,0.00066,0.00075,148,0.000152,0,28,0.833333,0.00645
40003,Alfalfa County,,OK,380,5158,5538,2,1,3,137,86,223,7,0.257621,0.266466,0,0.000051,0.000035,148,0.000095,0,28,0.5,0.000471
40005,Atoka County,,OK,886,14128,15014,3,4,7,384,377,761,7,0.243687,0.252008,58.842463,0.000043,0.000039,148,0.000122,0,28,0.333333,0.000623
40007,Beaver County,,OK,565,5619,6184,1,1,2,67,91,158,7,0.246564,0.25447,0,0.000018,0.000002,46,0.000079,0,28,0,0.00012
40009,Beckham County,,OK,1882,20767,22649,7,5,12,737,658,1395,7,0.291351,0.304603,5892.220592,0.000659,0.00048,148,0.000252,0,28,0.5,0.005617
40011,Blaine County,,OK,787,10565,11352,5,5,10,376,336,712,7,0.29138,0.30466,361.132509,0.000499,0.000513,148,0.000183,0,28,0.6,0.004429
40013,Bryan County,,OK,2816,35709,38525,13,14,27,1793,1534,3327,6,0.321637,0.339945,10588.695274,0.003059,0.00353,148,0.000298,0,28,0.404167,0.027419
40015,Caddo County,,OK,2059,28281,30340,7,6,13,1111,1125,2236,7,0.294135,0.308177,4.642211,0.00083,0.000792,148,0.000177,0,28,0.690476,0.006799
40017,Canadian County,,OK,9577,114750,124327,25,23,48,8620,6731,15351,6,0.345831,0.368833,3981.696925,0.004809,0.006524,148,0.000563,0,28,0.352874,0.040408
40019,Carter County,,OK,3087,50160,53247,16,18,34,1762,1678,3440,6,0.32795,0.348706,9998.366955,0.002854,0.004588,148,0.000365,0,28,0.400585,0.025139
40021,Cherokee County,,OK,3162,41065,44227,11,13,24,1703,1888,3591,7,0.30216,0.316835,72.431886,0.000976,0.001388,148,0.000252,0,28,0.551282,0.009714
40023,Choctaw County,,OK,1067,14334,15401,4,4,8,378,486,864,7,0.247252,0.256363,13.393817,0.000066,0.000055,148,0.000138,0,28,0.416667,0.000847
40025,Cimarron County,,OK,252,3008,3260,0,0,0,0,0,0,0,0,0,0,0,0,102,0.00005,92,176,0,0
40027,Cleveland County,,OK,23595,244404,267999,60,56,116,20061,17089,37150,6,0.368633,0.398558,22361.471271,0.018327,0.022032,148,0.001004,0,28,0.303013,0.145844
40029,Coal County,,OK,445,5038,5483,2,3,5,124,216,340,7,0.240956,0.248882,2.178571,0.000009,0.000022,148,0.000096,0,28,0.666667,0.000267
40031,Comanche County,,OK,17322,111222,128544,53,64,117,5991,9313,15304,6,0.374057,0.40472,15747.165519,0.021068,0.024482,148,0.00071,0,28,0.447357,0.162186
40033,Cotton County,,OK,557,6303,6860,3,3,6,210,262,472,7,0.27792,0.29,2.544582,0.000356,0.000301,148,0.000088,0,28,0.666667,0.002633
40035,Craig County,,OK,1140,14487,15627,5,5,10,558,564,1122,7,0.294402,0.30633,0.62406,0.000383,0.000422,148,0.000151,0,28,0.9,0.003819
40037,Creek County,,OK,6573,72933,79506,12,13,25,5567,4888,10455,7,0.300885,0.315154,25.581212,0.000912,0.001101,148,0.00027,0,28,0.596154,0.008666
40039,Custer County,,OK,2421,25468,27889,10,8,18,1145,1241,2386,7,0.300792,0.314413,2084.335879,0.00118,0.001013,148,0.000284,0,28,0.455556,0.010032
40041,Delaware County,,OK,3126,37002,40128,12,12,24,1785,1816,3601,7,0.296161,0.309722,75.074319,0.000764,0.000862,148,0.000285,0,28,0.519231,0.007946
40043,Dewey County,,OK,353,5073,5426,1,2,3,71,119,190,8,0.231512,0.237953,1,0.000004,0.000013,148,0.00008,0,28,0,0.000123
40045,Ellis County,,OK,328,4077,4405,1,1,2,104,99,203,8,0.225792,0.231954,0,0.000004,0.000003,148,0.00008,0,28,0,0.000123
40047,Garfield County,,OK,4820,64287,69107,23,20,43,1984,2008,3992,6,0.34698,0.369859,18141.969898,0.004501,0.006058,148,0.000547,0,28,0.325397,0.03619
40049,Garvin County,,OK,2073,28324,30397,8,8,16,1035,1139,2174,7,0.291554,0.305344,7.153788,0.000648,0.000644,148,0.000199,0,28,0.696429,0.005783
40051,Grady County,,OK,3691,50135,53826,9,9,18,2568,2219,4787,7,0.303225,0.317485,19.457984,0.000859,0.0012,148,0.000208,0,28,0.7,0.00732
40053,Grant County,,OK,423,4716,5139,2,2,4,161,162,323,7,0.257735,0.266865,0,0.000066,0.000053,148,0.000092,0,28,1,0.000628
40055,Greer County,,OK,405,5076,5481,1,1,2,91,70,161,7,0.247713,0.255593,0,0.000031,0.000014,148,0.000067,0,28,0,0.000212
40057,Harmon County,,OK,226,2838,3064,0,1,1,0,50,50,7,0.247755,0.255677,0,0,0.000014,148,0.00005,0,177,0,0
40059,Harper County,,OK,298,3895,4193,1,1,2,66,60,126,8,0.225792,0.231954,0,0.000004,0.000003,148,0.00008,0,28,0,0.000123
40061,Haskell County,,OK,721,12514,13235,4,6,10,309,409,718,7,0.258532,0.269224,5.111764,0.000043,0.000086,0,0.000128,0,28,0.566667,0.000742
40063,Hughes County,,OK,1044,11797,12841,7,8,15,516,613,1129,7,0.291554,0.305344,9.967418,0.000801,0.000629,148,0.000183,0,28,0.736111,0.007331
40065,Jackson County,,OK,3581,27726,31307,11,14,25,720,1112,1832,6,0.329242,0.348809,9398.925655,0.001826,0.003927,148,0.000275,0,28,0.323529,0.015411
40067,Jefferson County,,OK,516,5753,6269,2,2,4,177,198,375,7,0.247064,0.255633,0,0.000052,0.000043,148,0.000085,0,28,1,0.000562
40069,Johnston County,,OK,937,10255,11192,4,5,9,343,469,812,7,0.247356,0.256659,2.820859,0.000083,0.000064,148,0.000125,0,28,0.6,0.000901
40071,Kay County,,OK,3273,50258,53531,12,13,25,1392,1619,3011,6,0.326631,0.34601,2221.763931,0.002236,0.002376,148,0.000278,0,28,0.50641,0.019116
40073,Kingfisher County,,OK,1069,16293,17362,4,5,9,424,572,996,7,0.291409,0.304717,0.558333,0.000499,0.000655,148,0.000141,0,28,0.95,0.004335
40075,Kiowa County,,OK,822,9458,10280,3,5,8,230,380,610,7,0.294135,0.308063,8.864148,0.000226,0.000619,148,0.000103,0,28,0.6,0.001675
40077,Latimer County,,OK,810,11782,12592,3,2,5,337,304,641,7,0.241254,0.24895,2.769096,0.00002,0.000021,148,0.000123,0,28,0.5,0.000488
40079,Le Flore County,,OK,2986,47511,50497,9,10,19,1419,1646,3065,7,0.296131,0.309437,2312.141089,0.000854,0.000589,0,0.000247,0,28,0.372727,0.007702
40081,Lincoln County,,OK,2775,33574,36349,9,9,18,1711,1899,3610,7,0.30073,0.314413,4.358333,0.001061,0.001062,148,0.000208,0,28,0.7,0.009134
40083,Logan County,,OK,3254,36229,39483,10,6,16,2782,1936,4718,7,0.300637,0.3139,11.163104,0.001106,0.001028,148,0.000234,0,28,0.733333,0.009476
40085,Love County,,OK,835,9372,10207,2,2,4,327,351,678,7,0.247126,0.255776,0.755711,0.000061,0.000043,148,0.000086,0,28,0.5,0.000562
40087,McClain County,,OK,3268,34829,38097,7,8,15,2445,2327,4772,7,0.300761,0.314356,12.060573,0.001,0.00103,148,0.000173,0,28,0.803571,0.008606
40089,McCurtain County,,OK,1728,32181,33909,9,7,16,517,503,1020,7,0.292342,0.306399,3504.492956,0.000999,0.000495,148,0.000234,0,28,0.244444,0.008843
40091,McIntosh County,,OK,1475,18483,19958,7,7,14,772,764,1536,7,0.300761,0.314242,129.299874,0.00081,0.001008,148,0.000174,0,28,0.680556,0.00736
40093,Major County,,OK,636,8309,8945,2,2,4,158,235,393,7,0.257667,0.266694,0,0.000051,0.000039,148,0.000105,0,28,1,0.000507
40095,Marshall County,,OK,1162,14326,15488,5,6,11,431,560,991,6,0.31645,0.332769,509.894111,0.000629,0.001402,148,0.000136,0,28,0.666667,0.005299
40097,Mayes County,,OK,2911,42618,45529,10,10,20,1774,1848,3622,7,0.300854,0.314755,30.004376,0.000585,0.000897,148,0.00024,0,28,0.645455,0.006418
40099,Murray County,,OK,953,12639,13592,6,5,11,572,471,1043,7,0.291438,0.304774,119.029085,0.000615,0.000609,148,0.000159,0,28,0.8,0.005309
40101,Muskogee County,,OK,4701,72373,77074,15,16,31,2572,2949,5521,6,0.316896,0.334679,1728.763891,0.001869,0.001977,148,0.000312,0,28,0.46732,0.016354
40103,Noble County,,OK,1131,12373,13504,4,6,10,589,614,1203,7,0.30073,0.314071,0.166667,0.000511,0.000905,148,0.000123,0,28,0.9,0.004355
40105,Nowata County,,OK,882,11316,12198,4,4,8,512,461,973,7,0.294461,0.30633,2.559576,0.000394,0.000446,148,0.000129,0,28,0.833333,0.003893
40107,Okfuskee County,,OK,800,10665,11465,7,6,13,485,448,933,7,0.300607,0.313843,6.270385,0.000792,0.000851,148,0.000171,0,28,0.714286,0.007247
40109,Oklahoma County,,OK,51050,707858,758908,166,153,319,38244,40754,78998,6,0.410732,0.450359,164665.995179,0.055037,0.050276,148,0.002478,0,28,0.260483,0.417362
40111,Okmulgee County,,OK,3062,39449,42511,9,9,18,1540,1874,3414,7,0.300823,0.314584,12.895312,0.000825,0.001013,148,0.000209,0,28,0.627273,0.007665
40113,Osage County,,OK,4561,44092,48653,10,10,20,3510,3389,6899,6,0.317309,0.334354,55.628782,0.000901,0.001821,148,0.000227,0,28,0.681818,0.008449
40115,Ottawa County,,OK,2730,33632,36362,10,10,20,1220,1529,2749,7,0.301195,0.315325,429.628846,0.000984,0.000914,46,0.00025,0,28,0.490909,0.009686
40117,Pawnee County,,OK,1516,16651,18167,4,5,9,757,979,1736,7,0.300576,0.313672,0,0.000429,0.000858,148,0.00012,0,28,1,0.00375
40119,Payne County,,OK,6993,62445,69438,23,23,46,3078,3926,7004,6,0.331294,0.352668,1511.28387,0.003824,0.006622,148,0.00047,0,28,0.396011,0.033414
40121,Pittsburg County,,OK,2924,44780,47704,17,13,30,1411,1251,2662,6,0.316896,0.334337,11008.112691,0.001798,0.001912,148,0.000408,0,28,0.318713,0.016159
40123,Pontotoc County,,OK,2621,36687,39308,13,13,26,1456,1440,2896,7,0.301071,0.315496,4419.266216,0.001017,0.001069,148,0.000306,0,28,0.445055,0.009313
40125,Pottawatomie County,,OK,5341,69030,74371,14,15,29,3432,3403,6835,6,0.316896,0.334565,257.887335,0.002026,0.001991,148,0.000295,0,28,0.488971,0.017512
40127,Pushmataha County,,OK,819,11026,11845,4,5,9,261,304,565,7,0.24387,0.25247,138.322774,0.000177,0.000046,148,0.000149,0,28,0.404762,0.001599
40129,Roger Mills County,,OK,297,3836,4133,1,1,2,125,104,229,8,0.225635,0.231612,0,0.000004,0.000005,148,0.000093,0,28,0,0.000136
40131,Rogers County,,OK,6782,90487,97269,17,13,30,5177,4587,9764,7,0.300885,0.315154,393.697266,0.002625,0.000946,148,0.000357,0,28,0.470588,0.023868
40133,Seminole County,,OK,1935,23618,25553,6,8,14,933,1197,2130,7,0.300761,0.314356,6.582127,0.000645,0.001002,148,0.000156,0,28,0.791667,0.005587
40135,Sequoyah County,,OK,2715,41813,44528,7,11,18,1357,1578,2935,7,0.296913,0.31052,329.178477,0.000469,0.000969,0,0.000176,0,28,0.5,0.004357
40137,Stephens County,,OK,2969,46301,49270,11,12,23,1259,1388,2647,6,0.318103,0.335642,2675.131826,0.002709,0.002122,148,0.000249,0,28,0.564103,0.022908
40139,Texas County,,OK,1724,21496,23220,3,5,8,527,438,965,6,0.302285,0.317242,3076.875269,0.000417,0.000928,46,0.000118,0,28,0.35,0.003633
40141,Tillman County,,OK,743,7914,8657,2,4,6,118,293,411,7,0.296071,0.3102,2.478571,0.000222,0.000724,148,0.000076,0,28,0.916667,0.001557
40143,Tulsa County,,OK,43469,630934,674403,149,128,277,33867,33668,67535,6,0.416762,0.452012,115861.141889,0.049089,0.045333,148,0.002278,0,28,0.28054,0.37758
40145,Wagoner County,,OK,6976,70264,77240,12,16,28,6463,5357,11820,6,0.326887,0.346911,602.12652,0.002155,0.002994,148,0.000263,0,28,0.497076,0.018448
40147,Washington County,,OK,3880,55864,59744,15,13,28,2307,2094,4401,6,0.326667,0.346067,1066.514197,0.004193,0.002847,148,0.000306,0,28,0.540441,0.037275
40149,Washita County,,OK,1174,11778,12952,4,5,9,518,572,1090,7,0.291351,0.304603,41.82065,0.000409,0.000484,148,0.000154,0,28,0.65,0.003767
40151,Woods County,,OK,805,8138,8943,2,4,6,87,219,306,7,0.291467,0.304717,34.673401,0.000006,0.000469,148,0.000101,0,28,0.4,0.000206
40153,Woodward County,,OK,1523,21056,22579,6,8,14,442,556,998,7,0.291613,0.305458,18606.589013,0.000444,0.000533,148,0.000278,0,28,0.25,0.004086
41001,Baker County,,OR,1164,16865,18029,7,5,12,445,362,807,7,0.274451,0.287959,24.972651,0.001189,0.000477,6,0.000183,0,28,0.761905,0.011581
41003,Benton County,,OR,8565,80627,89192,26,23,49,4873,5791,10664,6,0.342911,0.364769,120.946405,0.009418,0.009968,6,0.000381,0,28,0.760215,0.076605
41005,Clackamas County,,OR,30475,397339,427814,73,59,132,29039,25514,54553,6,0.354038,0.383054,6041.562957,0.025543,0.021135,6,0.000964,0,28,0.485185,0.204581
41007,Clatsop County,,OR,3275,36673,39948,13,14,27,1324,1424,2748,6,0.310799,0.327075,20.293545,0.003456,0.003246,6,0.000225,0,28,0.779167,0.030534
41009,Columbia County,,OR,3662,53539,57201,11,13,24,2735,2346,5081,6,0.310272,0.326402,2.289929,0.002469,0.003115,6,0.000203,0,28,0.9,0.023418
41011,Coos County,,OR,4069,64646,68715,22,17,39,2022,2074,4096,6,0.314037,0.331196,40.71454,0.008768,0.004028,6,0.000309,0,28,0.814815,0.069202
41013,Crook County,,OR,1794,22256,24050,7,4,11,913,812,1725,7,0.266497,0.278606,0.182857,0.001386,0.00062,6,0.000156,0,28,0.952381,0.013793
41015,Curry County,,OR,1963,23057,25020,7,8,15,543,787,1330,7,0.288363,0.302443,2.720153,0.001555,0.001413,6,0.000147,0,28,0.847222,0.013428
41017,Deschutes County,,OR,11741,164564,176305,69,52,121,11311,7885,19196,6,0.346445,0.372977,19551.298697,0.020107,0.014687,6,0.001013,0,28,0.463532,0.158699
41019,Douglas County,,OR,6264,112913,119177,32,26,58,3458,3782,7240,6,0.343273,0.365595,239.503203,0.011832,0.00964,6,0.000427,0,28,0.749554,0.09401
41021,Gilliam County,,OR,162,1938,2100,0,0,0,0,0,0,0,0,0,0,0,0,103,0.00005,93,178,0,0
41023,Grant County,,OR,533,7488,8021,1,1,2,74,53,127,7,0.257326,0.267093,0,0.000115,0.000157,6,0.000067,0,28,0,0.001339
41025,Harney County,,OR,585,7553,8138,1,1,2,76,61,137,7,0.257326,0.267093,0,0.000115,0.000157,6,0.000067,0,28,0,0.001339
41027,Hood River County,,OR,1458,24343,25801,6,7,13,628,830,1458,7,0.289018,0.303195,42.765905,0.002015,0.001412,6,0.00014,0,28,0.75,0.017059
41029,Jackson County,,OR,11244,215129,226373,57,47,104,8373,7276,15649,6,0.346322,0.37215,681.897908,0.020082,0.016942,6,0.000686,0,28,0.628814,0.157004
41031,Jefferson County,,OR,2018,22328,24346,7,6,13,880,1049,1929,7,0.288562,0.302346,21.378949,0.002218,0.001329,6,0.00016,0,28,0.910714,0.019233
41033,Josephine County,,OR,4763,84793,89556,31,19,50,3488,2585,6073,6,0.342228,0.363429,241.453523,0.012871,0.007239,6,0.000388,0,28,0.767045,0.100712
41035,Klamath County,,OR,4682,69227,73909,26,24,50,2145,2469,4614,6,0.341629,0.363486,3337.211218,0.009523,0.007706,6,0.000382,0,28,0.704301,0.076023
41037,Lake County,,OR,611,7687,8298,2,2,4,116,136,252,7,0.257462,0.26752,0,0.000175,0.000232,6,0.00008,0,28,1,0.002016
41039,Lane County,,OR,20135,361415,381550,93,69,162,15465,14418,29883,6,0.360899,0.392117,6048.08525,0.031426,0.025823,6,0.001171,0,28,0.464234,0.249169
41041,Lincoln County,,OR,3797,45650,49447,21,18,39,2170,2085,4255,6,0.336015,0.355945,119.10818,0.006388,0.005415,6,0.00033,0,28,0.820346,0.054467
41043,Linn County,,OR,7956,121578,129534,29,22,51,6996,5548,12544,6,0.34004,0.361713,67.271664,0.010753,0.008034,6,0.000417,0,28,0.788506,0.087686
41045,Malheur County,,OR,2277,28571,30848,7,5,12,878,1130,2008,7,0.273962,0.286905,7.916576,0.000501,0.000402,6,0.000217,0,28,0.619048,0.005159
41047,Marion County,,OR,19870,328074,347944,58,55,113,15919,15649,31568,6,0.34851,0.37594,1561.12383,0.019372,0.018664,6,0.000751,0,28,0.534021,0.153619
41049,Morrow County,,OR,1184,11722,12906,1,3,4,460,615,1075,7,0.26269,0.274206,0,0.000043,0.000361,6,0.000067,0,28,0.833333,0.00047
41051,Multnomah County,,OR,56665,741307,797972,193,143,336,56947,48989,105936,6,0.404258,0.443884,48035.947071,0.072159,0.054088,6,0.002284,0,28,0.316044,0.529903
41053,Polk County,,OR,6773,75220,81993,25,16,41,6057,5013,11070,6,0.334707,0.354668,61.266583,0.008022,0.004977,6,0.000371,0,28,0.8,0.066037
41055,Sherman County,,OR,139,1885,2024,0,0,0,0,0,0,0,0,0,0,0,0,104,0.00005,94,179,0,0
41057,Tillamook County,,OR,1971,26596,28567,9,11,20,904,984,1888,7,0.289648,0.304637,0.20202,0.001691,0.002148,6,0.000176,0,28,0.954545,0.016649
41059,Umatilla County,,OR,5292,77540,82832,23,21,44,2725,3023,5748,6,0.335668,0.356635,3790.412322,0.005371,0.00549,6,0.000413,0,28,0.603077,0.047581
41061,Union County,,OR,2041,27414,29455,8,9,17,725,720,1445,7,0.291496,0.307539,5902.719397,0.001184,0.001918,6,0.000231,0,28,0.7,0.012039
41063,Wallowa County,,OR,461,8023,8484,1,1,2,49,61,110,8,0.225722,0.232782,0,0.000015,0.000009,6,0.000072,0,28,0,0.000183
41065,Wasco County,,OR,1893,25125,27018,8,9,17,890,875,1765,7,0.289534,0.304181,5.945636,0.001455,0.001762,6,0.000177,0,28,0.788889,0.014609
41067,Washington County,,OR,43514,562005,605519,131,105,236,38709,36261,74970,6,0.384332,0.420235,15894.342765,0.050347,0.041668,6,0.001577,0,28,0.392577,0.381946
41069,Wheeler County,,OR,121,1316,1437,0,0,0,0,0,0,0,0,0,0,0,0,105,0.00005,95,180,0,0
41071,Yamhill County,,OR,6668,99761,106429,25,22,47,5597,4542,10139,6,0.342871,0.364598,196.263319,0.009716,0.008603,6,0.000364,0,28,0.792328,0.079291
42001,Adams County,,PA,6223,123747,129970,12,14,26,4294,3802,8096,6,0.303351,0.321164,6.657241,0.003578,0.004567,106,0.000149,0,28,0.791667,0.023499
42003,Allegheny County,,PA,53565,1450500,1504065,216,222,438,39096,44609,83705,5,0.426053,0.472122,150929.851841,0.08607,0.088754,106,0.002254,0,28,0.297859,0.594042
42005,Armstrong County,,PA,3189,85716,88905,5,6,11,2128,2149,4277,6,0.299039,0.313777,2.424675,0.000893,0.000842,106,0.000109,0,28,0.8,0.00617
42007,Beaver County,,PA,7808,214179,221987,14,16,30,4517,4390,8907,6,0.343919,0.365384,861.684407,0.003069,0.004562,106,0.000211,0,28,0.495833,0.021785
42009,Bedford County,,PA,1861,62274,64135,11,8,19,1174,905,2079,6,0.299498,0.314706,879.642915,0.001555,0.000808,106,0.000209,0,28,0.4,0.012174
42011,Berks County,,PA,18928,499493,518421,57,65,122,13914,13336,27250,6,0.371821,0.402457,1060.429874,0.028086,0.031778,106,0.000432,0,28,0.654013,0.173937
42013,Blair County,,PA,4569,153561,158130,13,13,26,1932,2203,4135,6,0.302629,0.319682,108.09213,0.002168,0.00248,106,0.000201,0,28,0.566667,0.014232
42015,Bradford County,,PA,3061,76324,79385,11,12,23,1261,1342,2603,7,0.287541,0.303383,1476.728439,0.001124,0.001103,86,0.000213,0,28,0.368132,0.007643
42017,Bucks County,,PA,36491,779383,815874,91,125,216,29770,29613,59383,6,0.387028,0.425342,4566.568071,0.048033,0.060038,106,0.000695,0,28,0.54168,0.308512
42019,Butler County,,PA,9914,224449,234363,18,24,42,6744,6002,12746,6,0.352162,0.375507,2021.129087,0.004095,0.00833,106,0.000262,0,28,0.425926,0.027589
42021,Cambria County,,PA,5642,173714,179356,13,14,27,2595,2870,5465,6,0.312895,0.3307,100.756208,0.002364,0.002538,106,0.000207,0,28,0.570833,0.016553
42023,Cameron County,,PA,302,6688,6990,1,0,1,60,0,60,0,0,0,0,0.000006,0,106,0.000064,0,18,0,0.000091
42025,Carbon County,,PA,3696,78118,81814,12,9,21,3010,2456,5466,6,0.295563,0.310927,1.025527,0.004947,0.002493,106,0.000125,0,28,0.954545,0.029686
42027,Centre County,,PA,8921,138135,147056,35,42,77,3773,4172,7945,6,0.362554,0.389615,13872.858313,0.011518,0.019614,106,0.000407,0,28,0.512653,0.079334
42029,Chester County,,PA,29821,582878,612699,109,98,207,26086,22847,48933,6,0.380581,0.415686,2860.505724,0.054094,0.049089,106,0.000894,0,28,0.537686,0.356765
42031,Clarion County,,PA,2042,45691,47733,9,8,17,1158,1016,2174,6,0.299222,0.314347,4358.323275,0.001086,0.000819,106,0.000176,0,28,0.569444,0.007164
42033,Clearfield County,,PA,3434,95588,99022,8,8,16,1770,1799,3569,6,0.299559,0.314974,3247.60228,0.001171,0.001041,106,0.000144,0,28,0.625,0.008118
42035,Clinton County,,PA,2078,43376,45454,2,3,5,877,902,1779,7,0.266497,0.277078,0.136364,0.000181,0.000142,106,0.000071,0,28,0.666667,0.001014
42037,Columbia County,,PA,3181,73646,76827,9,9,18,1795,1692,3487,6,0.295175,0.310357,189.729111,0.001486,0.001241,106,0.000151,0,28,0.633333,0.009581
42039,Crawford County,,PA,4456,103248,107704,8,9,17,2045,2200,4245,6,0.299192,0.314432,9.776627,0.001026,0.000889,106,0.000143,0,28,0.625,0.006538
42041,Cumberland County,,PA,16108,280703,296811,53,50,103,12073,10609,22682,6,0.359921,0.387215,8001.657427,0.020653,0.020135,106,0.000522,0,28,0.492308,0.136297
42043,Dauphin County,,PA,17960,324906,342866,65,60,125,12831,12829,25660,6,0.372294,0.402314,10498.615164,0.028111,0.028698,106,0.000614,0,28,0.550877,0.185284
42045,Delaware County,,PA,32816,647817,680633,80,92,172,26119,27430,53549,6,0.380036,0.414683,2619.822608,0.040931,0.047056,106,0.000654,0,28,0.63202,0.26864
42047,Elk County,,PA,1211,43417,44628,3,6,9,293,504,797,6,0.299253,0.314176,2974.370171,0.000024,0.000779,106,0.000099,0,28,0.366667,0.00039
42049,Erie County,,PA,10806,323824,334630,29,48,77,3939,5358,9297,6,0.367984,0.396198,7729.761466,0.01068,0.02271,106,0.000349,0,28,0.499246,0.070475
42051,Fayette County,,PA,4962,160505,165467,7,9,16,2525,2951,5476,6,0.300175,0.31572,461.319459,0.000936,0.000924,106,0.000172,0,28,0.416667,0.006731
42053,Forest County,,PA,411,5800,6211,1,2,3,64,125,189,7,0.230399,0.237272,0,0.000006,0.000016,106,0.000069,0,28,1,0.00015
42055,Franklin County,,PA,6964,186527,193491,24,17,41,4907,3425,8332,6,0.305538,0.324134,2532.489249,0.007278,0.004187,106,0.000285,0,28,0.535385,0.04826
42057,Fulton County,,PA,849,18810,19659,4,5,9,432,505,937,7,0.241055,0.25042,6.378918,0.000096,0.00012,106,0.000116,0,28,0.55,0.001157
42059,Greene County,,PA,1681,42144,43825,5,4,9,927,900,1827,6,0.299621,0.314221,1.652814,0.000896,0.000731,106,0.000129,0,28,0.9,0.006293
42061,Huntingdon County,,PA,1834,51215,53049,8,7,15,954,1015,1969,7,0.269245,0.281057,114.804447,0.000637,0.000345,106,0.000165,0,28,0.535714,0.004881
42063,Indiana County,,PA,4289,96275,100564,9,12,21,1876,2323,4199,6,0.299713,0.315715,26.418994,0.001137,0.001507,106,0.000171,0,28,0.538462,0.008494
42065,Jefferson County,,PA,2334,56124,58458,6,7,13,1375,1296,2671,6,0.29913,0.314062,2419.435828,0.000733,0.000845,106,0.000134,0,28,0.589286,0.005361
42067,Juniata County,,PA,1088,29137,30225,6,6,12,606,590,1196,7,0.275226,0.287783,0.750564,0.00066,0.000691,106,0.000133,0,28,0.9,0.005011
42069,Lackawanna County,,PA,8554,248674,257228,30,35,65,5241,5004,10245,6,0.350012,0.374327,3672.22799,0.011461,0.014592,106,0.00029,0,28,0.627907,0.068784
42071,Lancaster County,,PA,20195,644031,664226,87,76,163,15071,12867,27938,6,0.374872,0.407102,23737.490025,0.037058,0.033327,106,0.000772,0,28,0.479335,0.237844
42073,Lawrence County,,PA,3718,109141,112859,8,7,15,1871,1992,3863,6,0.299375,0.314432,1.887003,0.001182,0.000932,106,0.000124,0,28,0.736111,0.007432
42075,Lebanon County,,PA,6898,167076,173974,17,17,34,4993,4060,9053,6,0.311727,0.329965,85.588051,0.006507,0.00649,106,0.000184,0,28,0.771053,0.042815
42077,Lehigh County,,PA,23540,415495,439035,67,85,152,19279,18252,37531,6,0.376319,0.409924,2064.434433,0.032165,0.043703,106,0.0005,0,28,0.630921,0.200628
42079,Luzerne County,,PA,12687,378813,391500,52,53,105,9141,7758,16899,6,0.353225,0.380689,13794.245814,0.019713,0.021396,106,0.000463,0,28,0.566106,0.121116
42081,Lycoming County,,PA,5231,138331,143562,20,21,41,2253,2647,4900,6,0.303131,0.321534,5944.198824,0.003858,0.003501,106,0.000307,0,28,0.452899,0.025529
42083,McKean County,,PA,1913,50407,52320,6,7,13,591,602,1193,6,0.30073,0.316644,323.537527,0.00021,0.001217,106,0.00014,0,28,0.375,0.001252
42085,Mercer County,,PA,5327,139580,144907,12,12,24,2742,2729,5471,6,0.306692,0.322714,35.544479,0.001385,0.001643,106,0.000186,0,28,0.576923,0.008602
42087,Mifflin County,,PA,1695,56427,58122,8,7,15,896,719,1615,7,0.275667,0.288552,10.341596,0.000815,0.000777,106,0.000161,0,28,0.696429,0.005849
42089,Monroe County,,PA,11774,184527,196301,42,53,95,9777,7814,17591,6,0.354038,0.381754,388.355749,0.016636,0.023067,106,0.000309,0,28,0.696753,0.095918
42091,Montgomery County,,PA,51646,943238,994884,131,144,275,44355,44198,88553,6,0.398963,0.438822,10853.463295,0.064867,0.070077,106,0.001112,0,28,0.501669,0.437088
42093,Montour County,,PA,1606,21644,23250,5,6,11,855,840,1695,7,0.261375,0.272427,3.996908,0.00022,0.000227,106,0.00012,0,28,0.766667,0.001858
42095,Northampton County,,PA,18993,357329,376322,48,59,107,16053,13961,30014,6,0.367429,0.397036,614.3432,0.021312,0.027901,106,0.000359,0,28,0.700461,0.12971
42097,Northumberland County,,PA,4684,110963,115647,16,13,29,3351,3058,6409,6,0.295652,0.311656,331.712035,0.00274,0.001846,106,0.000228,0,28,0.566176,0.018031
42099,Perry County,,PA,2975,57484,60459,8,7,15,2153,2072,4225,7,0.276397,0.289515,5.35703,0.000973,0.000917,106,0.000146,0,28,0.722222,0.007324
42101,Philadelphia County,,PA,82715,1477147,1559862,186,193,379,61144,74191,135335,5,0.417416,0.461497,34276.563149,0.083229,0.083811,106,0.001649,0,28,0.376227,0.56475
42103,Pike County,,PA,4220,64067,68287,30,21,51,4422,2396,6818,6,0.309353,0.327696,17.240042,0.011838,0.007034,106,0.000214,0,28,0.78125,0.063919
42105,Potter County,,PA,1305,20578,21883,4,5,9,371,496,867,6,0.299406,0.31429,80.053727,0.00028,0.000704,106,0.00011,0,28,0.3,0.002346
42107,Schuylkill County,,PA,5735,177853,183588,19,19,38,4294,3680,7974,6,0.303068,0.321192,33.319964,0.004939,0.004558,106,0.000207,0,28,0.757576,0.031151
42109,Snyder County,,PA,2167,44668,46835,9,8,17,1287,1251,2538,7,0.275226,0.288068,37.59226,0.000758,0.000584,106,0.000184,0,28,0.555556,0.005912
42111,Somerset County,,PA,3056,93539,96595,10,8,18,1451,1576,3027,6,0.299437,0.314592,259.129835,0.001515,0.000871,106,0.000196,0,28,0.390909,0.010582
42113,Sullivan County,,PA,440,7342,7782,2,2,4,101,169,270,7,0.233137,0.241325,0,0.000036,0.000039,106,0.000078,0,28,1,0.000456
42115,Susquehanna County,,PA,2345,51269,53614,7,6,13,1236,1298,2534,7,0.268109,0.28039,16.142263,0.000441,0.000371,106,0.000139,0,28,0.547619,0.002877
42117,Tioga County,,PA,1940,47778,49718,8,6,14,811,746,1557,7,0.273937,0.286739,89.930876,0.001756,0.00036,86,0.000141,0,28,0.416667,0.01116
42119,Union County,,PA,2547,42945,45492,7,6,13,1356,1350,2706,7,0.266618,0.277705,19.310026,0.000472,0.000161,106,0.000145,0,28,0.619048,0.003587
42121,Venango County,,PA,2510,66971,69481,8,8,16,1069,1336,2405,6,0.299161,0.314261,1539.890863,0.000969,0.000937,106,0.000166,0,28,0.625,0.00631
42123,Warren County,,PA,1887,50010,51897,6,6,12,712,737,1449,6,0.299192,0.314062,106.506822,0.00095,0.000803,106,0.000123,0,28,0.6,0.005969
42125,Washington County,,PA,9356,252527,261883,19,20,39,7033,5658,12691,6,0.346651,0.368342,2762.732039,0.004093,0.005027,106,0.000339,0,28,0.317029,0.030509
42127,Wayne County,,PA,3037,57626,60663,16,8,24,2157,1410,3567,6,0.303288,0.319425,198.903341,0.005824,0.00181,106,0.000154,0,28,0.7125,0.032301
42129,Westmoreland County,,PA,15602,458665,474267,37,37,74,11181,10537,21718,6,0.36072,0.386577,5122.390478,0.014598,0.014831,106,0.000421,0,28,0.460392,0.101259
42131,Wyoming County,,PA,1897,34376,36273,4,4,8,1103,1157,2260,7,0.263947,0.274866,0.142857,0.000293,0.000256,106,0.000099,0,28,0.916667,0.001923
42133,York County,,PA,21130,536670,557800,67,69,136,18253,14233,32486,6,0.364998,0.396056,5647.04203,0.029216,0.030327,106,0.000611,0,28,0.502801,0.196177
44001,Bristol County,,RI,3321,57071,60392,4,7,11,1681,2054,3735,6,0.297911,0.313361,0.145738,0.001521,0.002365,41,0.000075,0,28,0.952381,0.009054
44003,Kent County,,RI,12509,205448,217957,14,29,43,9159,8983,18142,6,0.350054,0.373837,159.380604,0.005399,0.016315,41,0.000135,0,28,0.809677,0.031881
44005,Newport County,,RI,8469,93232,101701,25,30,55,3352,4487,7839,6,0.348054,0.371369,267.658978,0.011233,0.015541,41,0.000236,0,28,0.621429,0.074601
44007,Providence County,,RI,34751,709192,743943,77,108,185,20684,28011,48695,6,0.385142,0.421381,2604.525349,0.041001,0.056917,41,0.00062,0,28,0.603288,0.27115
44009,Washington County,,RI,7989,146685,154674,14,23,37,4820,4995,9815,6,0.341509,0.363771,30.98692,0.005323,0.011496,41,0.000133,0,28,0.820652,0.031286
45001,Abbeville County,,SC,1581,27351,28932,4,4,8,892,962,1854,6,0.28538,0.297184,0,0.000428,0.000593,87,0.000122,0,28,1,0.004649
45003,Aiken County,,SC,8804,168838,177642,29,29,58,5227,5210,10437,6,0.345954,0.370332,7341.985305,0.008517,0.01097,18,0.000485,0,28,0.488095,0.07157
45005,Allendale County,,SC,584,9948,10532,3,4,7,210,288,498,7,0.283443,0.296407,3.099242,0.0001,0.000542,18,0.000102,0,28,0.5,0.000884
45007,Anderson County,,SC,9397,200561,209958,36,21,57,7466,5976,13442,6,0.319528,0.339039,1725.414803,0.01399,0.007783,87,0.000553,0,28,0.558321,0.110164
45009,Bamberg County,,SC,1038,15277,16315,3,4,7,345,556,901,7,0.283443,0.296378,12.111269,0.000421,0.000707,87,0.000102,0,28,0.916667,0.003863
45011,Barnwell County,,SC,1427,23921,25348,5,6,11,600,719,1319,7,0.283553,0.296834,32.463993,0.000238,0.000776,18,0.000145,0,28,0.666667,0.00281
45013,Beaufort County,,SC,14993,157679,172672,92,61,153,9422,7472,16894,6,0.374584,0.404697,7876.858993,0.046415,0.031395,87,0.000953,0,28,0.546926,0.324058
45015,Berkeley County,,SC,18714,168930,187644,62,45,107,15439,12593,28032,6,0.36001,0.387494,2613.592953,0.029546,0.019889,87,0.000762,0,28,0.554451,0.21698
45017,Calhoun County,,SC,1271,15470,16741,4,3,7,753,851,1604,7,0.283388,0.29615,0,0.0009,0.000705,87,0.000114,0,28,1,0.00888
45019,Charleston County,,SC,31616,337490,369106,135,101,236,22274,23246,45520,6,0.398365,0.43351,16423.30046,0.062798,0.048468,87,0.001548,0,28,0.448675,0.447201
45021,Cherokee County,,SC,2486,59238,61724,8,8,16,1704,1576,3280,6,0.303382,0.319055,125.004787,0.001406,0.002066,87,0.000228,0,28,0.714286,0.015509
45023,Chester County,,SC,2010,37146,39156,5,6,11,1346,1339,2685,6,0.304742,0.320486,117.318487,0.000954,0.001667,87,0.000145,0,28,0.5,0.010012
45025,Chesterfield County,,SC,2261,47782,50043,11,13,24,1340,1384,2724,6,0.305219,0.32211,67.057044,0.001719,0.003037,87,0.000248,0,28,0.589744,0.018848
45027,Clarendon County,,SC,1922,34939,36861,7,7,14,916,1022,1938,7,0.284851,0.298544,4.042584,0.001052,0.001069,87,0.000156,0,28,0.819444,0.010032
45029,Colleton County,,SC,2298,42063,44361,9,8,17,1332,1223,2555,7,0.291293,0.305737,16.406532,0.001489,0.00198,87,0.000188,0,28,0.833333,0.0153
45031,Darlington County,,SC,4207,74895,79102,13,11,24,2650,2602,5252,6,0.305762,0.322612,97.097756,0.00239,0.003321,87,0.000261,0,28,0.604396,0.023263
45033,Dillon County,,SC,1681,34254,35935,6,9,15,741,966,1707,6,0.300175,0.316005,28.402669,0.000725,0.002122,87,0.000146,0,28,0.597222,0.007814
45035,Dorchester County,,SC,14316,135541,149857,48,32,80,11713,9019,20732,6,0.33006,0.354298,1327.411616,0.023744,0.011992,87,0.000581,0,28,0.559596,0.170988
45037,Edgefield County,,SC,1603,25642,27245,5,6,11,1126,1001,2127,7,0.285074,0.299023,15.165541,0.000473,0.001007,18,0.000119,0,28,0.785714,0.003999
45039,Fairfield County,,SC,1372,25793,27165,5,6,11,902,903,1805,7,0.283773,0.297182,5.53028,0.000649,0.001029,87,0.000144,0,28,0.633333,0.007809
45041,Florence County,,SC,8112,143834,151946,29,26,55,5001,5201,10202,6,0.318034,0.338839,1052.020745,0.008129,0.006937,87,0.000488,0,28,0.484879,0.069152
45043,Georgetown County,,SC,3783,67024,70807,10,9,19,1948,1877,3825,6,0.305474,0.322025,42.689995,0.003036,0.003219,87,0.000204,0,28,0.863636,0.02833
45045,Greenville County,,SC,26638,470514,497152,145,88,233,25455,18399,43854,5,0.398691,0.431749,28089.554631,0.059642,0.042139,87,0.001733,0,28,0.396319,0.423876
45047,Greenwood County,,SC,4039,74240,78279,13,18,31,1983,2623,4606,6,0.299529,0.31763,477.101379,0.001491,0.003299,87,0.000298,0,28,0.447712,0.016041
45049,Hampton County,,SC,1200,21607,22807,5,7,12,468,586,1054,7,0.284796,0.29863,151.873594,0.00064,0.001085,87,0.000136,0,28,0.517857,0.005918
45051,Horry County,,SC,16941,272179,289120,157,74,231,15618,8608,24226,6,0.374824,0.407051,15736.50532,0.058197,0.030377,87,0.001656,0,28,0.342643,0.392978
45053,Jasper County,,SC,1740,20257,21997,4,5,9,1242,953,2195,7,0.288933,0.303207,8.984888,0.000626,0.001245,87,0.000114,0,28,0.7,0.005783
45055,Kershaw County,,SC,3785,66319,70104,13,14,27,2345,2315,4660,6,0.305794,0.323011,109.815779,0.002276,0.003671,87,0.000273,0,28,0.690476,0.023594
45057,Lancaster County,,SC,3218,71301,74519,10,11,21,3701,2039,5740,6,0.30541,0.322196,10.489329,0.002643,0.003602,87,0.000219,0,28,0.719697,0.024695
45059,Laurens County,,SC,4151,70039,74190,8,10,18,2514,2761,5275,6,0.290483,0.304577,37.670343,0.000687,0.001551,87,0.000219,0,28,0.677778,0.008623
45061,Lee County,,SC,1476,19250,20726,5,5,10,844,937,1781,7,0.283966,0.296959,0.211111,0.000588,0.000632,87,0.000131,0,28,0.9,0.005247
45063,Lexington County,,SC,17734,272689,290423,69,41,110,15594,12337,27931,6,0.355113,0.381988,12072.787415,0.027115,0.013598,87,0.000965,0,28,0.44083,0.202235
45065,McCormick County,,SC,591,10231,10822,2,3,5,196,254,450,7,0.263613,0.274621,0.648763,0.000145,0.000225,87,0.000077,0,28,0.666667,0.001359
45067,Marion County,,SC,1943,36475,38418,5,6,11,985,1161,2146,7,0.290454,0.304392,2.370571,0.000712,0.001502,87,0.00013,0,28,0.690476,0.0076
45069,Marlboro County,,SC,1550,30047,31597,6,8,14,605,856,1461,7,0.286414,0.300397,10.51687,0.000533,0.001056,87,0.000137,0,28,0.571429,0.004888
45071,Newberry County,,SC,1912,40713,42625,8,7,15,1019,1011,2030,6,0.290339,0.303979,45.483969,0.000651,0.001402,87,0.000211,0,28,0.583333,0.007628
45073,Oconee County,,SC,3899,79582,83481,10,9,19,1606,1958,3564,6,0.305474,0.322025,82.759952,0.003371,0.002987,87,0.000224,0,28,0.711538,0.029244
45075,Orangeburg County,,SC,5173,95867,101040,17,17,34,2603,3227,5830,6,0.31323,0.33131,464.307046,0.003117,0.004637,87,0.000338,0,28,0.52619,0.029116
45077,Pickens County,,SC,8033,117890,125923,17,13,30,5338,5170,10508,6,0.315937,0.333732,124.706132,0.004704,0.005289,87,0.000324,0,28,0.655263,0.041497
45079,Richland County,,SC,32008,363359,395367,153,116,269,26842,23897,50739,6,0.395028,0.432165,63409.390236,0.059992,0.048506,87,0.00191,0,28,0.348886,0.43395
45081,Saluda County,,SC,1219,20156,21375,4,6,10,552,915,1467,7,0.283663,0.297034,2.897145,0.000226,0.000768,87,0.000115,0,28,0.8,0.00262
45083,Spartanburg County,,SC,13695,304683,318378,71,37,108,11542,8915,20457,6,0.352077,0.377297,7244.804717,0.03029,0.013818,87,0.000987,0,28,0.498559,0.225903
45085,Sumter County,,SC,8561,115324,123885,27,28,55,3271,3796,7067,6,0.355502,0.379651,2712.919394,0.008119,0.012765,87,0.000451,0,28,0.47973,0.071368
45087,Union County,,SC,1187,31643,32830,5,4,9,619,645,1264,6,0.285268,0.296985,2.612028,0.00016,0.000719,87,0.000162,0,28,0.5,0.002492
45089,Williamsburg County,,SC,1879,36526,38405,5,7,12,694,1179,1873,7,0.287512,0.301508,3.984871,0.000704,0.001314,87,0.000137,0,28,0.809524,0.007656
45091,York County,,SC,14088,237835,251923,93,43,136,15917,8905,24822,6,0.360054,0.386417,5007.984357,0.040705,0.015627,87,0.001136,0,28,0.473911,0.28944
46003,Aurora County,,SD,184,3343,3527,1,0,1,54,0,54,0,0,0,0,0.000001,0,23,0.000103,0,12,0,0.000108
46005,Beadle County,,SD,1083,19027,20110,5,5,10,371,338,709,7,0.272685,0.284095,2390.034219,0.000428,0.000154,23,0.000206,0,28,0.5,0.003171
46007,Bennett County,,SD,225,3149,3374,1,1,2,40,47,87,7,0.259634,0.26878,0,0,0.000064,23,0.000074,0,28,1,0.000089
46009,Bon Homme County,,SD,478,7137,7615,2,2,4,123,196,319,7,0.270165,0.280305,0,0.000104,0.000089,23,0.000122,0,28,1,0.000941
46011,Brookings County,,SD,2709,29802,32511,12,11,23,1058,1262,2320,6,0.309385,0.324749,6136.19621,0.000181,0.000771,23,0.000532,0,28,0.252747,0.002522
46013,Brown County,,SD,2438,43174,45612,10,10,20,785,904,1689,6,0.31014,0.325678,18112.980669,0.000171,0.000807,23,0.00044,0,28,0.214286,0.00225
46015,Brule County,,SD,410,5729,6139,1,2,3,74,93,167,7,0.270283,0.280551,1148.358199,0,0.000089,23,0.000072,0,181,0.333333,0.000083
46017,Buffalo County,,SD,157,1960,2117,0,0,0,0,0,0,0,0,0,0,0,0,107,0.00005,96,182,0,0
46019,Butte County,,SD,1056,10805,11861,3,4,7,556,496,1052,7,0.260212,0.270096,0,0.000064,0.000096,23,0.000165,0,28,0.916667,0.000954
46021,Campbell County,,SD,105,1817,1922,0,0,0,0,0,0,0,0,0,0,0,0,108,0.00005,97,183,0,0
46023,Charles Mix County,,SD,504,9572,10076,1,2,3,68,148,216,7,0.27024,0.280476,0,0.000103,0.000089,23,0.000081,0,28,1,0.00084
46025,Clark County,,SD,215,3982,4197,1,1,2,41,61,102,7,0.23634,0.242906,0,0.000006,0.000001,23,0.000083,0,28,0,0.000121
46027,Clay County,,SD,1558,12053,13611,6,6,12,524,654,1178,7,0.274502,0.286364,60.336346,0.000209,0.000193,23,0.000276,0,28,0.6,0.002207
46029,Codington County,,SD,2297,32472,34769,11,13,24,942,1155,2097,6,0.309451,0.325091,23055.960541,0.000171,0.000773,23,0.000505,0,28,0.236264,0.002337
46031,Corson County,,SD,322,3560,3882,1,2,3,44,111,155,7,0.253049,0.261442,2925,0,0.000015,23,0.000145,0,184,0,0.000085
46033,Custer County,,SD,851,8242,9093,2,2,4,247,274,521,7,0.259634,0.268894,0,0.000054,0.000064,23,0.000149,0,28,1,0.00073
46035,Davison County,,SD,1916,22338,24254,8,7,15,536,690,1226,7,0.272685,0.284323,17695.100057,0.000106,0.000157,23,0.000433,0,28,0.127273,0.001476
46037,Day County,,SD,495,6774,7269,1,4,5,81,223,304,7,0.27044,0.28116,0,0.000006,0.000091,23,0.000083,0,28,0.666667,0.000121
46039,Deuel County,,SD,363,5502,5865,1,2,3,82,135,217,7,0.236436,0.243305,0,0.000006,0.000003,23,0.000083,0,28,1,0.000121
46041,Dewey County,,SD,527,6491,7018,1,2,3,67,124,191,7,0.259657,0.268951,0,0.000053,0.000065,23,0.000085,0,28,1,0.000638
46043,Douglas County,,SD,188,3739,3927,0,1,1,0,41,41,8,0.214317,0.219789,0,0,0.000001,23,0.00005,0,185,0,0
46045,Edmunds County,,SD,265,4448,4713,1,1,2,113,110,223,7,0.236742,0.243311,0,0.000006,0.000001,23,0.000088,0,28,0,0.000118
46047,Fall River County,,SD,802,7666,8468,2,2,4,175,214,389,7,0.259634,0.268894,0,0.000054,0.000064,23,0.000149,0,28,1,0.00073
46049,Faulk County,,SD,102,2501,2603,0,0,0,0,0,0,0,0,0,0,0,0,109,0.00005,98,186,0,0
46051,Grant County,,SD,525,9581,10106,3,3,6,157,205,362,7,0.27034,0.280818,2979.293218,0.000006,0.000089,23,0.000181,0,28,0.333333,0.000296
46053,Gregory County,,SD,258,5128,5386,0,1,1,0,48,48,7,0.270183,0.280209,0,0,0.000088,23,0.00005,0,187,0,0
46055,Haakon County,,SD,182,2502,2684,0,0,0,0,0,0,0,0,0,0,0,0,110,0.00005,99,188,0,0
46057,Hamlin County,,SD,456,6272,6728,2,2,4,174,176,350,7,0.236436,0.243305,0,0.000012,0.000003,23,0.000124,0,28,1,0.000245
46059,Hand County,,SD,160,4177,4337,0,0,0,0,0,0,0,0,0,0,0,0,111,0.00005,100,189,0,0
46061,Hanson County,,SD,399,5430,5829,1,1,2,57,74,131,8,0.214275,0.219693,0,0.000001,0.000001,23,0.000103,0,28,0,0.000108
46063,Harding County,,SD,117,1508,1625,0,0,0,0,0,0,0,0,0,0,0,0,112,0.00005,101,190,0,0
46065,Hughes County,,SD,1670,20170,21840,5,6,11,488,653,1141,7,0.272736,0.284323,7713.162691,0.000156,0.000163,23,0.000246,0,28,0.303571,0.001735
46067,Hutchinson County,,SD,486,8729,9215,1,2,3,79,143,222,7,0.27024,0.280476,0,0.000103,0.000089,23,0.000081,0,28,1,0.00084
46069,Hyde County,,SD,139,1652,1791,0,0,0,0,0,0,0,0,0,0,0,0,113,0.00005,102,191,0,0
46071,Jackson County,,SD,310,2761,3071,0,1,1,0,87,87,7,0.259654,0.268802,0,0,0.000064,23,0.00005,0,192,0,0
46073,Jerauld County,,SD,183,2306,2489,0,0,0,0,0,0,0,0,0,0,0,0,114,0.00005,103,193,0,0
46075,Jones County,,SD,90,1223,1313,0,0,0,0,0,0,0,0,0,0,0,0,115,0.00005,104,194,0,0
46077,Kingsbury County,,SD,452,6302,6754,2,4,6,119,248,367,7,0.270415,0.281103,1.833333,0.000007,0.000094,23,0.000126,0,28,0.833333,0.00024
46079,Lake County,,SD,1029,12977,14006,2,3,5,216,432,648,7,0.270265,0.280647,0,0.000109,0.000091,23,0.000122,0,28,1,0.000964
46081,Lawrence County,,SD,2616,25552,28168,7,5,12,1053,1172,2225,7,0.273118,0.284614,752.480287,0.0011,0.000176,23,0.000285,0,28,0.482143,0.0096
46083,Lincoln County,,SD,4157,42327,46484,15,7,22,4138,2685,6823,6,0.311661,0.326733,1452.580815,0.000227,0.001106,23,0.000604,0,28,0.272059,0.003135
46085,Lyman County,,SD,318,4251,4569,0,2,2,0,114,114,8,0.214469,0.220226,0,0,0.000001,23,0.00005,0,195,0,0
46087,McCook County,,SD,567,6726,7293,1,2,3,136,270,406,7,0.270165,0.280305,0,0.000103,0.00009,23,0.000081,0,28,1,0.00084
46089,McPherson County,,SD,143,2853,2996,0,1,1,0,51,51,7,0.236785,0.243398,0,0,0.000001,23,0.00005,0,196,0,0
46091,Marshall County,,SD,273,5031,5304,0,1,1,0,48,48,7,0.236785,0.243398,0,0,0.000001,23,0.00005,0,197,0,0
46093,Meade County,,SD,4680,29456,34136,6,6,12,1963,2266,4229,6,0.325866,0.342676,718.936535,0.000879,0.001163,23,0.00022,0,28,0.410714,0.007464
46095,Mellette County,,SD,143,1918,2061,0,0,0,0,0,0,0,0,0,0,0,0,116,0.00005,105,198,0,0
46097,Miner County,,SD,188,2878,3066,0,0,0,0,0,0,0,0,0,0,0,0,117,0.00005,106,199,0,0
46099,Minnehaha County,,SD,14016,208355,222371,63,52,115,10009,8775,18784,6,0.37008,0.397971,169597.061643,0.011265,0.013137,23,0.001892,0,28,0.157668,0.087859
46101,Moody County,,SD,627,7763,8390,2,2,4,148,270,418,7,0.27024,0.280476,0,0.000109,0.000089,23,0.000122,0,28,1,0.000964
46103,Pennington County,,SD,9017,110614,119631,40,30,70,5465,4180,9645,6,0.3506,0.374704,80788.738993,0.008127,0.006794,23,0.001241,0,28,0.194949,0.066222
46105,Perkins County,,SD,183,3533,3716,0,0,0,0,0,0,0,0,0,0,0,0,118,0.00005,107,200,0,0
46107,Potter County,,SD,201,3002,3203,0,0,0,0,0,0,0,0,0,0,0,0,119,0.00005,108,201,0,0
46109,Roberts County,,SD,718,11583,12301,4,3,7,187,191,378,7,0.259174,0.269116,2975.153267,0.000007,0.000039,23,0.000195,0,28,0.2,0.00038
46111,Sanborn County,,SD,200,2900,3100,1,1,2,57,43,100,8,0.214275,0.219693,0,0.000001,0.000001,23,0.000103,0,28,0,0.000108
46113,Shannon County,,SD,740,11467,12207,1,3,4,168,369,537,7,0.259796,0.26931,5322.137866,0.000053,0.000064,23,0.000085,0,28,0.166667,0.000638
46115,Spink County,,SD,454,7397,7851,1,2,3,93,162,255,7,0.27024,0.280476,0,0.000006,0.000089,23,0.000088,0,28,1,0.000118
46117,Stanley County,,SD,416,3428,3844,1,1,2,194,198,392,8,0.214307,0.219721,0,0.000001,0.000001,23,0.000085,0,28,0,0.000105
46119,Sully County,,SD,161,1755,1916,0,0,0,0,0,0,0,0,0,0,0,0,120,0.00005,109,202,0,0
46121,Todd County,,SD,571,8831,9402,1,3,4,43,222,265,7,0.272507,0.283469,2967,0.000053,0.000152,23,0.000085,0,28,0.333333,0.000638
46123,Tripp County,,SD,390,6931,7321,0,0,0,0,0,0,0,0,0,0,0,0,121,0.00005,110,203,0,0
46125,Turner County,,SD,669,9873,10542,2,2,4,280,338,618,7,0.270165,0.280305,0,0.000111,0.00009,23,0.000154,0,28,1,0.000974
46127,Union County,,SD,1526,16855,18381,4,6,10,791,774,1565,7,0.297245,0.309796,65.559498,0.000147,0.000467,23,0.000168,0,28,0.547619,0.00148
46129,Walworth County,,SD,448,6481,6929,1,1,2,54,44,98,8,0.20196,0.206192,0,0,0,23,0.000112,0,184,0,0.000085
46135,Yankton County,,SD,1476,25118,26594,5,5,10,546,493,1039,7,0.272532,0.283754,2960.347603,0.000108,0.000156,23,0.000239,0,28,0.333333,0.001213
46137,Ziebach County,,SD,126,1254,1380,0,0,0,0,0,0,0,0,0,0,0,0,122,0.00005,111,204,0,0
47001,Anderson County,,TN,5774,80729,86503,11,14,25,3511,3547,7058,6,0.31196,0.328061,508.636107,0.000976,0.002154,0,0.000355,0,28,0.366667,0.010133
47003,Bedford County,,TN,2987,49411,52398,9,10,19,1964,1704,3668,6,0.34004,0.359205,3404.386892,0.000938,0.002721,0,0.000241,0,28,0.509091,0.009479
47005,Benton County,,TN,1087,17675,18762,4,3,7,324,357,681,7,0.239026,0.246089,5.916468,0.000034,0.000019,0,0.000164,0,28,0.416667,0.000623
47007,Bledsoe County,,TN,823,11376,12199,4,4,8,465,402,867,7,0.272609,0.283868,4.509524,0.000193,0.000248,0,0.000164,0,28,0.666667,0.002249
47009,Blount County,,TN,7076,136323,143399,25,15,40,4548,3925,8473,6,0.303666,0.318998,1195.325704,0.009423,0.001685,0,0.000442,0,28,0.453202,0.069464
47011,Bradley County,,TN,6019,103460,109479,17,15,32,3125,3078,6203,6,0.309976,0.32708,1535.481086,0.003938,0.002287,0,0.000357,0,28,0.366667,0.028344
47013,Campbell County,,TN,1867,39272,41139,6,5,11,849,993,1842,6,0.287428,0.299624,726.360427,0.000783,0.000389,0,0.000206,0,28,0.3,0.005505
47015,Cannon County,,TN,973,14892,15865,5,4,9,848,592,1440,7,0.277078,0.288233,0.902778,0.000756,0.000246,0,0.000164,0,28,0.9,0.006848
47017,Carroll County,,TN,2433,32618,35051,8,8,16,1182,1558,2740,6,0.311827,0.32651,2397.557518,0.001233,0.001261,0,0.000261,0,28,0.607143,0.009994
47019,Carter County,,TN,3540,58980,62520,7,7,14,2082,2250,4332,6,0.287682,0.300365,972.735578,0.000394,0.000456,0,0.00028,0,28,0.446429,0.004231
47021,Cheatham County,,TN,3404,43939,47343,8,8,16,2529,2404,4933,6,0.304806,0.318975,1.392735,0.001291,0.001616,0,0.000204,0,28,0.946429,0.012454
47023,Chester County,,TN,1214,16776,17990,6,5,11,751,660,1411,6,0.307337,0.320913,727.329608,0.000667,0.000616,0,0.000185,0,28,0.642857,0.005134
47025,Claiborne County,,TN,1664,33342,35006,7,6,13,832,867,1699,6,0.287456,0.299835,728.866315,0.000352,0.00039,0,0.000271,0,28,0.285714,0.003549
47027,Clay County,,TN,433,8119,8552,2,3,5,103,162,265,7,0.232951,0.239911,11.103366,0.000009,0.000045,0,0.00017,0,28,0.333333,0.000258
47029,Cocke County,,TN,1786,37892,39678,5,5,10,935,949,1884,6,0.287004,0.299008,0.366667,0.000362,0.00048,0,0.000206,0,28,0.9,0.004061
47031,Coffee County,,TN,3808,58121,61929,9,12,21,2012,2234,4246,6,0.303037,0.317727,3904.045706,0.000949,0.00153,0,0.00026,0,28,0.454545,0.008919
47033,Crockett County,,TN,1110,15949,17059,6,4,10,707,625,1332,7,0.239123,0.246841,1.542857,0.000688,0.000044,0,0.000191,0,28,0.833333,0.005216
47035,Cumberland County,,TN,2904,61528,64432,14,10,24,1133,955,2088,6,0.303099,0.317584,2598.942861,0.003003,0.001288,0,0.000402,0,28,0.340659,0.023595
47037,Davidson County,,TN,57134,642706,699840,221,175,396,43459,46159,89618,5,0.43019,0.469642,230068.033325,0.081005,0.06996,0,0.003148,0,28,0.277438,0.586155
47039,Decatur County,,TN,731,12128,12859,3,3,6,343,292,635,7,0.238967,0.24638,5889,0.000637,0.000027,0,0.000176,0,28,0.5,0.004546
47041,DeKalb County,,TN,1259,19698,20957,8,8,16,917,810,1727,6,0.301412,0.314734,67.180008,0.000785,0.000979,0,0.000284,0,28,0.642857,0.0079
47043,Dickson County,,TN,3450,53845,57295,10,12,22,2366,2144,4510,6,0.304996,0.319773,119.127117,0.001273,0.001669,0,0.000267,0,28,0.606061,0.01207
47045,Dyer County,,TN,2563,42719,45282,9,11,20,1181,1266,2447,6,0.312126,0.327308,5212.28285,0.000694,0.001276,0,0.000316,0,28,0.436364,0.00561
47047,Fayette County,,TN,2914,42234,45148,6,7,13,3240,1975,5215,6,0.307369,0.321198,6.484957,0.000716,0.000719,0,0.00019,0,28,0.595238,0.005755
47049,Fentress County,,TN,717,18127,18844,3,2,5,237,201,438,7,0.232858,0.239609,1.372727,0.000026,0.000062,0,0.000156,0,28,0.666667,0.000791
47051,Franklin County,,TN,2585,44684,47269,8,11,19,1212,1414,2626,6,0.303005,0.317556,3901.454883,0.000948,0.001518,0,0.000218,0,28,0.463636,0.008764
47053,Gibson County,,TN,2978,54896,57874,13,10,23,2613,1831,4444,6,0.312093,0.327137,1982.419017,0.001442,0.001492,0,0.00038,0,28,0.423077,0.012284
47055,Giles County,,TN,1861,32786,34647,8,8,16,1121,1131,2252,6,0.302285,0.31596,22.429499,0.00106,0.001347,0,0.000218,0,28,0.678571,0.010511
47057,Grainger County,,TN,1570,22629,24199,7,7,14,1177,1125,2302,6,0.28723,0.299635,87.511847,0.000368,0.00047,0,0.000286,0,28,0.571429,0.004189
47059,Greene County,,TN,3102,75215,78317,10,8,18,1413,1440,2853,6,0.287597,0.300336,816.519189,0.002085,0.000467,0,0.000296,0,28,0.518182,0.01699
47061,Grundy County,,TN,593,14969,15562,3,4,7,263,301,564,7,0.232895,0.240036,6.451129,0.000026,0.000022,0,0.000114,0,28,0.5,0.000434
47063,Hamblen County,,TN,4227,67064,71291,11,9,20,2393,2543,4936,6,0.287569,0.300422,1554.176748,0.000432,0.00056,0,0.000391,0,28,0.563636,0.005823
47065,Hamilton County,,TN,18714,357980,376694,79,63,142,12271,11631,23902,6,0.374344,0.404554,57971.352186,0.02794,0.022576,0,0.001349,0,28,0.338483,0.2114
47067,Hancock County,,TN,307,5750,6057,1,2,3,47,116,163,7,0.223411,0.229435,0,0.000004,0.000004,0,0.000083,0,28,1,0.000113
47069,Hardeman County,,TN,1541,27928,29469,5,7,12,761,870,1631,6,0.307369,0.321198,8.084027,0.000667,0.000621,0,0.000165,0,28,0.547619,0.005018
47071,Hardin County,,TN,1583,27539,29122,4,5,9,576,588,1164,7,0.235711,0.24284,559.261477,0.000642,0.000021,0,0.000148,0,28,0.5,0.004683
47073,Hawkins County,,TN,3585,61485,65070,9,9,18,2245,2222,4467,6,0.287569,0.300422,4586.816343,0.000071,0.00048,0,0.000348,0,28,0.511111,0.001792
47075,Haywood County,,TN,1298,22203,23501,7,7,14,726,875,1601,6,0.307401,0.321255,368.274784,0.000678,0.000646,0,0.000223,0,28,0.553571,0.005404
47077,Henderson County,,TN,1732,30404,32136,7,7,14,977,898,1875,6,0.307466,0.321369,2183.385999,0.000672,0.000631,0,0.000245,0,28,0.517857,0.005293
47079,Henry County,,TN,1795,35031,36826,6,8,14,678,696,1374,6,0.305219,0.319659,1461.159213,0.000674,0.000985,0,0.000209,0,28,0.544444,0.005072
47081,Hickman County,,TN,1663,24377,26040,7,7,14,1090,1000,2090,6,0.301288,0.314421,996.66061,0.000913,0.00118,0,0.000209,0,28,0.619048,0.009166
47083,Houston County,,TN,517,8357,8874,4,4,8,330,289,619,6,0.287173,0.299396,14.008173,0.000351,0.000308,0,0.000138,0,28,0.5,0.002615
47085,Humphreys County,,TN,1249,20628,21877,5,5,10,535,518,1053,6,0.301102,0.313936,1075.590351,0.000572,0.000653,0,0.000186,0,28,0.4,0.005187
47087,Jackson County,,TN,867,12575,13442,4,2,6,524,450,974,7,0.232821,0.239495,6.417652,0.000029,0.000039,0,0.000244,0,28,0.5,0.000815
47089,Jefferson County,,TN,4644,52093,56737,11,11,22,3316,3168,6484,6,0.287428,0.30045,99.186587,0.000449,0.00062,0,0.000384,0,28,0.55303,0.005912
47091,Johnson County,,TN,736,17146,17882,4,3,7,270,268,538,7,0.246501,0.255551,25.554843,0.000075,0.000086,0,0.000173,0,28,0.333333,0.001122
47093,Knox County,,TN,27543,446403,473946,122,98,220,21050,18547,39597,5,0.402146,0.436263,104855.409102,0.048124,0.043289,0,0.001961,0,28,0.391931,0.361596
47095,Lake County,,TN,452,5368,5820,2,2,4,211,279,490,7,0.238033,0.244681,0,0.00002,0.000011,0,0.000103,0,28,1,0.000275
47097,Lauderdale County,,TN,1550,26291,27841,5,7,12,847,963,1810,6,0.31176,0.326282,22.229344,0.000672,0.001267,0,0.00017,0,28,0.642857,0.005154
47099,Lawrence County,,TN,1904,44311,46215,7,8,15,838,960,1798,6,0.301474,0.314848,2504.500929,0.000778,0.000931,0,0.000214,0,28,0.464286,0.007345
47101,Lewis County,,TN,743,12075,12818,3,3,6,239,258,497,7,0.239182,0.246556,0.927778,0.000039,0.000052,0,0.00012,0,28,0.666667,0.000686
47103,Lincoln County,,TN,1636,37065,38701,8,8,16,1159,910,2069,6,0.302316,0.316017,20.368911,0.000528,0.001321,0,0.000215,0,28,0.652778,0.005869
47105,Loudon County,,TN,3444,52605,56049,6,8,14,2370,2207,4577,6,0.302316,0.316102,48.982561,0.000382,0.001138,0,0.0002,0,28,0.696429,0.004167
47107,McMinn County,,TN,3208,55682,58890,10,9,19,1913,1843,3756,6,0.288164,0.301459,94.579066,0.000572,0.000725,0,0.0003,0,28,0.555556,0.006375
47109,McNairy County,,TN,1710,27172,28882,6,7,13,934,893,1827,6,0.307433,0.321312,735.713055,0.000666,0.00062,0,0.000196,0,28,0.571429,0.005133
47111,Macon County,,TN,1372,23334,24706,10,9,19,1030,842,1872,6,0.301505,0.314991,7038.47375,0.000815,0.00105,0,0.000345,0,28,0.336364,0.008655
47113,Madison County,,TN,7489,104828,112317,21,19,40,3892,4301,8193,6,0.313734,0.330757,6677.141226,0.002813,0.002573,0,0.000571,0,28,0.286232,0.023455
47115,Marion County,,TN,1623,31916,33539,6,6,12,875,952,1827,7,0.272659,0.284209,338.104219,0.0002,0.000236,0,0.0002,0,28,0.380952,0.00236
47117,Marshall County,,TN,1975,34204,36179,9,7,16,1454,1171,2625,6,0.301257,0.314364,14.977325,0.000955,0.001185,0,0.000233,0,28,0.652778,0.009546
47119,Maury County,,TN,5491,88843,94334,18,15,33,4206,3105,7311,6,0.314105,0.330871,4347.687187,0.004959,0.002874,0,0.000381,0,28,0.471053,0.037182
47121,Meigs County,,TN,941,11782,12723,5,5,10,697,623,1320,7,0.272609,0.28401,6.97568,0.000209,0.00027,0,0.000174,0,28,0.7,0.002517
47123,Monroe County,,TN,2718,46435,49153,9,6,15,1662,1529,3191,6,0.287032,0.299208,99.851012,0.001554,0.000466,0,0.000231,0,28,0.513889,0.012117
47125,Montgomery County,,TN,26808,166845,193653,90,107,197,14241,15604,29845,5,0.402312,0.437506,37216.091188,0.037108,0.042199,0,0.001197,0,28,0.397101,0.272939
47127,Moore County,,TN,404,6967,7371,3,3,6,269,240,509,7,0.254704,0.262963,0,0.000045,0.000022,0,0.000106,0,28,1,0.000489
47129,Morgan County,,TN,1160,20973,22133,5,6,11,699,765,1464,6,0.287117,0.29935,97.775546,0.000373,0.000418,0,0.000192,0,28,0.5,0.003608
47131,Obion County,,TN,2289,36155,38444,8,9,17,1123,1297,2420,6,0.312093,0.327023,8047.843479,0.000669,0.001256,0,0.0003,0,28,0.422222,0.005217
47133,Overton County,,TN,1274,23370,24644,4,4,8,663,626,1289,7,0.232895,0.239922,5926.405293,0.000014,0.000039,0,0.000412,0,28,0.25,0.00067
47135,Perry County,,TN,477,7987,8464,1,1,2,43,53,96,8,0.192889,0.196707,0,0,0.000005,0,0.0001,0,28,0,0.000121
47137,Pickett County,,TN,243,5454,5697,2,1,3,84,66,150,8,0.188913,0.192566,18.800927,0,0,0,0.000195,0,28,0,0.000183
47139,Polk County,,TN,1326,17941,19267,5,4,9,878,847,1725,7,0.272787,0.284209,49.88612,0.000211,0.000273,0,0.000171,0,28,0.45,0.00254
47141,Putnam County,,TN,5203,71169,76372,22,14,36,2887,2626,5513,6,0.303351,0.318496,22984.624585,0.004986,0.00168,0,0.000725,0,28,0.329004,0.038639
47143,Rhea County,,TN,1681,32534,34215,7,8,15,838,983,1821,6,0.288192,0.301374,73.13679,0.000551,0.000664,0,0.00023,0,28,0.571429,0.005584
47145,Roane County,,TN,3623,59263,62886,10,10,20,2142,2146,4288,6,0.287456,0.300433,115.513294,0.000952,0.000547,0,0.000297,0,28,0.5,0.009289
47147,Robertson County,,TN,4922,73071,77993,11,10,21,4452,3243,7695,6,0.305028,0.319602,44.141655,0.001462,0.001623,0,0.000263,0,28,0.598485,0.013581
47149,Rutherford County,,TN,20734,269054,289788,76,60,136,18606,13840,32446,6,0.382873,0.412962,32587.880915,0.02902,0.023181,0,0.001281,0,28,0.36713,0.21182
47151,Scott County,,TN,785,22857,23642,5,4,9,307,305,612,6,0.287202,0.299139,1599.450113,0.000362,0.000385,0,0.000208,0,28,0.5,0.003389
47153,Sequatchie County,,TN,813,14410,15223,3,3,6,468,426,894,7,0.272482,0.283497,1.45,0.00018,0.000221,0,0.000132,0,28,0.666667,0.001954
47155,Sevier County,,TN,7052,92641,99693,26,10,36,3821,3376,7197,6,0.302629,0.316718,1341.232564,0.010308,0.001383,0,0.000478,0,28,0.509971,0.076875
47157,Shelby County,,TN,55150,1040685,1095835,213,236,449,31740,43599,75339,5,0.443299,0.487403,336725.860143,0.073254,0.080821,0,0.003035,0,28,0.232027,0.54295
47159,Smith County,,TN,1284,20964,22248,8,8,16,1014,842,1856,6,0.301443,0.314791,471.882319,0.000822,0.000973,0,0.000278,0,28,0.638889,0.008727
47161,Stewart County,,TN,1017,14211,15228,3,3,6,579,411,990,6,0.287258,0.29931,2.657308,0.000493,0.00039,0,0.000098,0,28,0.666667,0.003138
47163,Sullivan County,,TN,9117,174306,183423,20,18,38,5990,5834,11824,6,0.304774,0.320987,38861.38125,0.003118,0.001428,0,0.00065,0,28,0.277056,0.0274
47165,Sumner County,,TN,12182,171733,183915,38,23,61,9288,7690,16978,6,0.348137,0.371591,10345.619576,0.015477,0.005607,0,0.000677,0,28,0.444231,0.112421
47167,Tipton County,,TN,4338,66432,70770,8,5,13,3524,2296,5820,6,0.307304,0.320856,186.552886,0.003028,0.000673,0,0.000187,0,28,0.517857,0.022977
47169,Trousdale County,,TN,638,8397,9035,5,4,9,545,403,948,7,0.258441,0.26807,0.266667,0.000626,0.000191,0,0.000177,0,28,0.95,0.006459
47171,Unicoi County,,TN,1265,19146,20411,3,3,6,619,684,1303,7,0.246149,0.254913,0,0.000054,0.000081,0,0.000143,0,28,1,0.000969
47173,Union County,,TN,1366,19081,20447,5,4,9,1049,900,1949,6,0.287089,0.299008,3.103546,0.000367,0.000389,0,0.000192,0,28,0.7,0.003442
47175,Van Buren County,,TN,346,5805,6151,2,2,4,158,120,278,7,0.232119,0.238389,0,0.000014,0.000011,0,0.000117,0,28,1,0.000287
47177,Warren County,,TN,1980,43791,45771,10,9,19,971,1047,2018,6,0.30216,0.316131,4582.196717,0.00078,0.001142,0,0.000337,0,28,0.454545,0.007702
47179,Washington County,,TN,8891,123991,132882,28,22,50,6035,5316,11351,6,0.325866,0.346483,29777.218892,0.006803,0.004999,0,0.000723,0,28,0.333333,0.055081
47181,Wayne County,,TN,702,15547,16249,3,3,6,206,263,469,7,0.235029,0.242465,29.558099,0.000024,0.000028,0,0.000117,0,28,0.333333,0.000506
47183,Weakley County,,TN,2031,33865,35896,10,9,19,1177,1004,2181,6,0.31196,0.326824,3339.27953,0.001429,0.001265,0,0.000295,0,28,0.577778,0.011854
47185,White County,,TN,1461,27694,29155,6,6,12,791,794,1585,6,0.301257,0.314307,2178.258613,0.000626,0.000708,0,0.000248,0,28,0.47619,0.005286
47187,Williamson County,,TN,14407,185622,200029,63,37,100,12801,9574,22375,6,0.371396,0.398398,6393.071486,0.034101,0.018368,0,0.000858,0,28,0.612745,0.252835
47189,Wilson County,,TN,8206,121617,129823,21,16,37,7603,5231,12834,6,0.313835,0.330557,1949.938816,0.007284,0.002547,0,0.000467,0,28,0.517316,0.057646
48001,Anderson County,,TX,3482,45964,49446,12,15,27,1629,1899,3528,6,0.327289,0.34699,30.875945,0.003466,0.005883,148,0.000229,0,28,0.661765,0.030582
48003,Andrews County,,TX,960,15437,16397,5,2,7,457,338,795,7,0.259312,0.26968,0,0.001167,0.000184,148,0.000132,0,28,1,0.00994
48005,Angelina County,,TX,5327,89072,94399,26,26,52,2766,3259,6025,6,0.329279,0.350234,1759.674153,0.004988,0.007317,148,0.000454,0,28,0.465517,0.045566
48007,Aransas County,,TX,2347,22172,24519,9,6,15,1252,1135,2387,6,0.323165,0.340988,0.15,0.003003,0.003056,148,0.000183,0,28,0.916667,0.027475
48009,Archer County,,TX,821,9168,9989,3,2,5,559,431,990,6,0.313096,0.327941,0,0.000922,0.00101,148,0.000089,0,28,1,0.007845
48011,Armstrong County,,TX,327,2101,2428,2,2,4,201,155,356,7,0.260235,0.270456,0,0.000178,0.000162,148,0.000095,0,28,1,0.001583
48013,Atascosa County,,TX,3829,45565,49394,5,10,15,2247,2630,4877,6,0.324097,0.342698,56.49521,0.000967,0.003779,148,0.00015,0,28,0.672727,0.008807
48015,Austin County,,TX,2197,29407,31604,9,6,15,1596,1369,2965,6,0.319877,0.337147,18.770153,0.002708,0.00157,148,0.000198,0,28,0.666667,0.02593
48017,Bailey County,,TX,647,6989,7636,4,4,8,197,243,440,7,0.265408,0.277786,5.932754,0.000225,0.000162,148,0.000109,0,28,0.666667,0.001771
48019,Bandera County,,TX,1804,19077,20881,7,4,11,1061,827,1888,6,0.322737,0.34019,10.540012,0.001981,0.001936,148,0.000179,0,28,0.761905,0.017928
48021,Bastrop County,,TX,6119,68210,74329,13,11,24,4630,4048,8678,6,0.326048,0.345201,85.166169,0.005867,0.004831,148,0.000256,0,28,0.752747,0.052767
48023,Baylor County,,TX,390,3709,4099,0,1,1,0,71,71,7,0.267221,0.277998,0,0,0.000115,148,0.00005,0,205,0,0
48025,Bee County,,TX,2055,25179,27234,8,8,16,825,929,1754,6,0.323273,0.341387,199.382575,0.001979,0.003,148,0.000197,0,28,0.611111,0.017372
48027,Bell County,,TX,46043,293189,339232,193,164,357,31128,30663,61791,5,0.415518,0.45676,38325.715416,0.07186,0.059611,126,0.002274,0,28,0.277216,0.524864
48029,Bexar County,,TX,89675,1739337,1829012,363,286,649,88673,74448,163121,5,0.44689,0.496341,195015.475472,0.109761,0.091358,148,0.004693,0,28,0.177034,0.801356
48031,Blanco County,,TX,803,9591,10394,5,5,10,444,344,788,6,0.310898,0.326465,0.111111,0.001529,0.001952,148,0.000138,0,28,0.95,0.01498
48033,Borden County,,TX,-2,-2,-4,0,0,0,0,0,0,0,0,0,0,0,0,123,0.00005,112,206,0,0
48035,Bosque County,,TX,1706,17409,19115,7,7,14,841,942,1783,6,0.313196,0.32899,9.569786,0.001811,0.001321,148,0.000194,0,28,0.696429,0.016211
48037,Bowie County,,TX,6637,94444,101081,23,21,44,4122,4000,8122,6,0.330172,0.351664,7792.062685,0.004804,0.005886,148,0.000478,0,28,0.358462,0.043091
48039,Brazoria County,,TX,22225,309334,331559,56,53,109,21094,16650,37744,6,0.359126,0.38787,2157.438484,0.022931,0.018395,148,0.000773,0,28,0.44416,0.181936
48041,Brazos County,,TX,15598,143974,159572,48,45,93,8934,10215,19149,6,0.35807,0.385021,2243.169408,0.013225,0.016965,148,0.00079,0,28,0.432018,0.116431
48043,Brewster County,,TX,1146,8669,9815,3,7,10,200,443,643,6,0.31246,0.328887,19.777617,0.000578,0.002338,148,0.000104,0,28,0.761905,0.004856
48045,Briscoe County,,TX,130,1669,1799,0,0,0,0,0,0,0,0,0,0,0,0,124,0.00005,113,207,0,0
48047,Brooks County,,TX,514,8109,8623,4,4,8,266,262,528,6,0.279702,0.292094,0,0.000505,0.000539,148,0.000107,0,28,1,0.004548
48049,Brown County,,TX,2787,37697,40484,17,15,32,1218,1235,2453,6,0.325069,0.343861,8963.927649,0.00524,0.004947,148,0.000394,0,28,0.461905,0.046432
48051,Burleson County,,TX,1376,17702,19078,5,5,10,640,752,1392,6,0.319842,0.336976,0.592857,0.00167,0.001156,148,0.000136,0,28,0.866667,0.014944
48053,Burnet County,,TX,3561,42033,45594,13,13,26,2329,2061,4390,6,0.327399,0.346933,230.290424,0.005074,0.005832,148,0.00027,0,28,0.675,0.045503
48055,Caldwell County,,TX,3347,35047,38394,9,11,20,2499,2390,4889,6,0.326048,0.345201,19.641233,0.002916,0.004991,148,0.000203,0,28,0.856061,0.028007
48057,Calhoun County,,TX,1596,21897,23493,6,5,11,614,744,1358,6,0.320333,0.33766,2.128857,0.001359,0.001286,148,0.000139,0,28,0.8,0.011788
48059,Callahan County,,TX,1503,13842,15345,3,3,6,798,766,1564,7,0.264567,0.27566,0.791667,0.000154,0.000136,148,0.000104,0,28,0.666667,0.001411
48061,Cameron County,,TX,16750,402759,419509,48,47,95,9828,10732,20560,6,0.360409,0.387728,1176.711275,0.02287,0.021266,148,0.000644,0,28,0.536654,0.184274
48063,Camp County,,TX,1103,12989,14092,8,6,14,673,552,1225,6,0.31323,0.328751,12.714479,0.001721,0.001003,148,0.000169,0,28,0.75,0.015026
48065,Carson County,,TX,679,6348,7027,4,4,8,371,383,754,7,0.260281,0.270798,0,0.000197,0.000179,148,0.000158,0,28,1,0.001918
48067,Cass County,,TX,2320,32393,34713,12,12,24,1281,1380,2661,6,0.318935,0.336075,118.233278,0.002808,0.002214,148,0.000243,0,28,0.641026,0.024245
48069,Castro County,,TX,817,7542,8359,4,6,10,175,453,628,7,0.265071,0.277672,3.688648,0.000263,0.00031,148,0.000126,0,28,0.690476,0.002168
48071,Chambers County,,TX,3477,34708,38185,8,6,14,3059,2408,5467,6,0.319912,0.337204,0.1,0.001659,0.00174,148,0.000169,0,28,0.964286,0.015636
48073,Cherokee County,,TX,3457,49605,53062,10,14,24,1892,2247,4139,6,0.324781,0.344123,3.417612,0.002869,0.004925,148,0.000187,0,28,0.769231,0.024473
48075,Childress County,,TX,568,6030,6598,1,2,3,42,103,145,7,0.260328,0.27057,157.247076,0,0.000162,148,0.00008,0,28,0.333333,0.000085
48077,Clay County,,TX,1137,11155,12292,2,2,4,461,588,1049,7,0.267252,0.278179,0,0.000168,0.000133,148,0.000084,0,28,1,0.001259
48079,Cochran County,,TX,352,3435,3787,2,2,4,98,177,275,7,0.264304,0.275831,0,0.00017,0.000118,148,0.000087,0,28,1,0.001249
48081,Coke County,,TX,371,3386,3757,1,1,2,85,107,192,7,0.261609,0.27194,0,0.000127,0.000116,148,0.000065,0,28,0,0.001034
48083,Coleman County,,TX,597,8420,9017,2,2,4,170,166,336,7,0.26452,0.275432,0,0.000175,0.000162,148,0.000087,0,28,1,0.001548
48085,Collin County,,TX,67049,744741,811790,236,169,405,82505,56795,139300,5,0.423155,0.463041,45194.918415,0.089871,0.069705,148,0.002803,0,28,0.294094,0.648773
48087,Collingsworth County,,TX,247,2998,3245,0,0,0,0,0,0,0,0,0,0,0,0,125,0.00005,114,208,0,0
48089,Colorado County,,TX,1296,22165,23461,5,7,12,714,673,1387,6,0.322951,0.340874,9.677315,0.001219,0.003215,148,0.000156,0,28,0.714286,0.012044
48091,Comal County,,TX,9180,109431,118611,41,24,65,9896,6145,16041,6,0.34579,0.369254,630.872204,0.015143,0.010107,148,0.000667,0,28,0.542812,0.128544
48093,Comanche County,,TX,1132,13531,14663,4,5,9,410,474,884,6,0.313768,0.32887,25.262377,0.000097,0.001097,148,0.000131,0,28,0.7,0.001142
48095,Concho County,,TX,246,2544,2790,1,0,1,86,0,86,0,0,0,0,0.000127,0,148,0.000065,0,14,0,0.001034
48097,Cooke County,,TX,3212,40498,43710,8,9,17,1738,1909,3647,6,0.318727,0.335448,2493.519831,0.002661,0.003179,148,0.000195,0,28,0.638889,0.023778
48099,Coryell County,,TX,13220,59729,72949,38,39,77,7227,7947,15174,6,0.360854,0.387642,1763.010026,0.015421,0.015984,126,0.000512,0,28,0.53945,0.123088
48101,Cottle County,,TX,95,1653,1748,0,0,0,0,0,0,0,0,0,0,0,0,127,0.00005,115,209,0,0
48103,Crane County,,TX,434,4665,5099,2,2,4,229,206,435,7,0.259312,0.26968,0,0.000179,0.000184,148,0.000088,0,28,1,0.001789
48105,Crockett County,,TX,269,4135,4404,1,0,1,67,0,67,0,0,0,0,0.000127,0,148,0.000065,0,7,0,0.001034
48107,Crosby County,,TX,671,6314,6985,1,1,2,292,356,648,7,0.264281,0.27566,0,0.000161,0.000117,148,0.000066,0,28,0,0.001148
48109,Culberson County,,TX,281,2731,3012,0,1,1,0,45,45,6,0.294118,0.307037,0,0,0.000488,6,0.00005,0,210,0,0
48111,Dallam County,,TX,725,6790,7515,3,2,5,138,141,279,7,0.260235,0.270456,2924,0.000178,0.000162,148,0.000138,0,28,0.333333,0.001666
48113,Dallas County,,TX,182929,2409497,2592426,371,329,700,145341,167638,312979,5,0.455665,0.50814,267103.599482,0.112499,0.100404,148,0.004663,0,28,0.163901,0.809924
48115,Dawson County,,TX,971,12938,13909,2,3,5,242,358,600,7,0.264567,0.276572,0,0.000253,0.000244,148,0.000085,0,28,1,0.002167
48117,Deaf Smith County,,TX,1548,20734,22282,6,6,12,610,649,1259,6,0.310239,0.326043,344.564394,0.001387,0.00114,148,0.000154,0,28,0.642857,0.010453
48119,Delta County,,TX,598,4988,5586,4,4,8,370,351,721,6,0.313196,0.328466,0,0.000904,0.000964,148,0.000107,0,28,1,0.007512
48121,Denton County,,TX,63176,629656,692832,203,146,349,67304,52477,119781,6,0.421751,0.458915,37913.739006,0.074908,0.058013,148,0.002566,0,28,0.300669,0.55263
48123,DeWitt County,,TX,1290,19413,20703,5,5,10,568,645,1213,6,0.322951,0.340646,16.648923,0.001698,0.002712,148,0.000136,0,28,0.833333,0.014974
48125,Dickens County,,TX,210,1989,2199,1,0,1,67,0,67,0,0,0,0,0.000161,0,148,0.000066,0,21,0,0.001148
48127,Dimmit County,,TX,762,9862,10624,2,2,4,209,176,385,6,0.308928,0.323364,0,0.000721,0.000864,148,0.000099,0,28,1,0.006543
48129,Donley County,,TX,339,3407,3746,1,2,3,46,99,145,7,0.259588,0.269469,0,0.000092,0.000103,148,0.000071,0,28,1,0.000747
48131,Duval County,,TX,923,11958,12881,4,3,7,431,468,899,6,0.309385,0.324048,0,0.001009,0.001096,148,0.000107,0,28,1,0.008819
48133,Eastland County,,TX,1528,17915,19443,8,9,17,591,670,1261,6,0.313902,0.329554,467.866245,0.001053,0.001194,148,0.000223,0,28,0.472222,0.009713
48135,Ector County,,TX,8406,144445,152851,36,34,70,6034,5489,11523,6,0.348386,0.373957,16325.057005,0.00988,0.011054,148,0.000773,0,28,0.382664,0.085648
48137,Edwards County,,TX,146,2083,2229,0,0,0,0,0,0,0,0,0,0,0,0,128,0.00005,116,211,0,0
48139,Ellis County,,TX,10923,152671,163594,30,26,56,10886,7723,18609,6,0.343515,0.366946,277.345134,0.012698,0.008991,148,0.000456,0,28,0.619488,0.104002
48141,El Paso County,,TX,40829,845003,885832,168,164,332,27943,29395,57338,5,0.416524,0.457347,64925.305006,0.062443,0.061539,6,0.002138,0,28,0.30879,0.46785
48143,Erath County,,TX,3329,31920,35249,15,16,31,1518,1769,3287,6,0.325467,0.345377,1336.929865,0.004115,0.005565,148,0.000328,0,28,0.588235,0.036758
48145,Falls County,,TX,1289,15382,16671,2,4,6,557,748,1305,6,0.320403,0.337717,0,0.00059,0.0017,148,0.000077,0,28,1,0.005259
48147,Fannin County,,TX,2463,31769,34232,7,7,14,1705,1539,3244,6,0.31838,0.334679,0,0.002707,0.00317,148,0.000146,0,28,1,0.023831
48149,Fayette County,,TX,1435,24722,26157,8,6,14,813,554,1367,6,0.320158,0.337603,6.242408,0.001853,0.002293,148,0.000195,0,28,0.589286,0.018033
48151,Fisher County,,TX,331,3895,4226,1,0,1,62,0,62,0,0,0,0,0.000017,0,148,0.000065,0,6,0,0.000203
48153,Floyd County,,TX,611,7206,7817,2,2,4,181,277,458,7,0.264352,0.275945,0,0.000189,0.000135,148,0.000084,0,28,1,0.001398
48155,Foard County,,TX,212,1416,1628,0,0,0,0,0,0,0,0,0,0,0,0,129,0.00005,117,212,0,0
48157,Fort Bend County,,TX,42906,537554,580460,144,76,220,57114,35731,92845,6,0.380581,0.412506,8676.938544,0.065336,0.034966,148,0.001687,0,28,0.445904,0.4765
48159,Franklin County,,TX,1634,11045,12679,6,7,13,620,983,1603,6,0.313768,0.329492,3.597213,0.000887,0.001668,148,0.000148,0,28,0.642857,0.007705
48161,Freestone County,,TX,1476,18389,19865,7,8,15,740,799,1539,6,0.324384,0.342812,5.661069,0.001926,0.002987,148,0.000162,0,28,0.75,0.016345
48163,Frio County,,TX,972,14348,15320,3,4,7,359,445,804,6,0.308993,0.323706,1.333333,0.000736,0.000886,148,0.000114,0,28,0.666667,0.006762
48165,Gaines County,,TX,1023,16664,17687,5,5,10,347,369,716,7,0.264687,0.277085,10.251171,0.000299,0.000279,6,0.000149,0,28,0.65,0.002883
48167,Galveston County,,TX,22227,301292,323519,54,50,104,18550,16059,34609,6,0.360631,0.389409,1610.191086,0.020815,0.01978,148,0.000779,0,28,0.502816,0.171039
48169,Garza County,,TX,484,4393,4877,1,1,2,141,225,366,7,0.264281,0.27566,0,0.000161,0.000117,148,0.000066,0,28,0,0.001148
48171,Gillespie County,,TX,1393,24689,26082,4,3,7,635,402,1037,6,0.310799,0.326066,0,0.002236,0.0017,148,0.000113,0,28,1,0.020292
48173,Glasscock County,,TX,86,1320,1406,1,0,1,51,0,51,0,0,0,0,0.000092,0,148,0.000069,0,24,0,0.001019
48175,Goliad County,,TX,661,7104,7765,1,1,2,288,270,558,7,0.247356,0.255886,0,0.000061,0.000047,148,0.000066,0,28,0,0.000539
48177,Gonzales County,,TX,1160,19782,20942,8,7,15,543,593,1136,6,0.310932,0.32675,11.243919,0.002533,0.001852,148,0.000187,0,28,0.677778,0.023743
48179,Gray County,,TX,1824,22895,24719,9,6,15,748,627,1375,6,0.313465,0.329611,795.923876,0.002011,0.001177,148,0.000253,0,28,0.555556,0.017392
48181,Grayson County,,TX,8367,124396,132763,18,22,40,4831,5021,9852,6,0.345422,0.368855,378.335295,0.005797,0.009086,148,0.000318,0,28,0.569801,0.051982
48183,Gregg County,,TX,11341,130194,141535,35,37,72,7641,8184,15825,6,0.330246,0.353745,1135.586065,0.010354,0.009042,148,0.000565,0,28,0.44186,0.089466
48185,Grimes County,,TX,2206,24170,26376,9,7,16,1604,1416,3020,6,0.319912,0.337318,8.035688,0.002447,0.001569,148,0.000197,0,28,0.791667,0.022857
48187,Guadalupe County,,TX,11449,127409,138858,38,27,65,10938,7402,18340,6,0.35507,0.379121,760.401627,0.016809,0.013084,148,0.000571,0,28,0.616279,0.136921
48189,Hale County,,TX,3341,36769,40110,10,12,22,1181,1729,2910,6,0.323738,0.342385,1934.586451,0.002343,0.003586,148,0.000255,0,28,0.480769,0.020633
48191,Hall County,,TX,360,3212,3572,0,0,0,0,0,0,0,0,0,0,0,0,130,0.00005,118,213,0,0
48193,Hamilton County,,TX,769,8503,9272,3,4,7,232,277,509,6,0.293781,0.307381,209.037478,0.000929,0.000715,148,0.000092,0,28,0.7,0.008058
48195,Hansford County,,TX,432,5778,6210,2,2,4,84,100,184,7,0.259611,0.269526,0,0.000093,0.000089,148,0.000119,0,28,1,0.00085
48197,Hardeman County,,TX,408,4240,4648,1,2,3,46,102,148,7,0.242374,0.249445,2966,0.000015,0.000001,148,0.000069,0,28,0,0.000094
48199,Hardin County,,TX,4584,55950,60534,17,13,30,3515,3039,6554,6,0.320228,0.338515,42.833798,0.003465,0.002507,148,0.000318,0,28,0.627451,0.033131
48201,Harris County,,TX,213587,4057669,4271256,513,434,947,194918,194778,389696,5,0.46987,0.530854,531681.993562,0.127846,0.114333,148,0.006715,0,28,0.111482,0.926626
48203,Harrison County,,TX,5095,67241,72336,14,16,30,3347,3352,6699,6,0.325649,0.345229,81.171752,0.003532,0.005725,148,0.000269,0,28,0.661765,0.031173
48205,Hartley County,,TX,378,3990,4368,1,2,3,46,109,155,7,0.260235,0.270456,0,0.000092,0.000162,148,0.000071,0,28,1,0.000747
48207,Haskell County,,TX,475,5552,6027,3,3,6,203,151,354,7,0.266764,0.279137,5889,0.000145,0.000237,148,0.000166,0,28,0.416667,0.001329
48209,Hays County,,TX,14402,128415,142817,46,33,79,15706,11015,26721,6,0.350389,0.375502,591.197427,0.01797,0.013145,148,0.000681,0,28,0.57483,0.14957
48211,Hemphill County,,TX,253,3815,4068,0,0,0,0,0,0,0,0,0,0,0,0,131,0.00005,119,214,0,0
48213,Henderson County,,TX,6580,74503,81083,17,18,35,4429,4450,8879,6,0.325431,0.345548,20.712199,0.004593,0.006411,148,0.000286,0,28,0.707143,0.041081
48215,Hidalgo County,,TX,22697,718398,741095,94,73,167,17238,13845,31083,6,0.374344,0.406013,17038.348124,0.034888,0.026824,148,0.001194,0,28,0.320147,0.263598
48217,Hill County,,TX,2961,34603,37564,11,11,22,1968,1933,3901,6,0.324492,0.343325,28.454681,0.003686,0.004476,148,0.000225,0,28,0.762821,0.032937
48219,Hockley County,,TX,2303,24254,26557,4,6,10,977,1284,2261,6,0.313364,0.329469,290.16168,0.000164,0.001198,148,0.000147,0,28,0.428571,0.001441
48221,Hood County,,TX,4413,49168,53581,23,12,35,3508,2545,6053,6,0.324925,0.344123,382.431883,0.007451,0.004411,148,0.000446,0,28,0.556159,0.065142
48223,Hopkins County,,TX,2494,36163,38657,12,13,25,1434,1322,2756,6,0.318588,0.335705,49.138988,0.00278,0.003386,148,0.000243,0,28,0.583333,0.025058
48225,Houston County,,TX,1368,20283,21651,7,8,15,673,638,1311,6,0.322524,0.340652,8.846282,0.001991,0.002407,148,0.000152,0,28,0.708333,0.016956
48227,Howard County,,TX,2161,30418,32579,10,6,16,840,673,1513,6,0.315324,0.331367,181.333361,0.002668,0.001432,148,0.000216,0,28,0.677778,0.024118
48229,Hudspeth County,,TX,440,3446,3886,1,1,2,79,121,200,6,0.294076,0.306971,0,0.000481,0.000488,6,0.000061,0,28,0,0.003707
48231,Hunt County,,TX,7700,83250,90950,21,24,45,4910,5366,10276,6,0.327839,0.348871,257.725041,0.005274,0.00751,148,0.00037,0,28,0.588333,0.047665
48233,Hutchinson County,,TX,2011,24640,26651,5,6,11,525,716,1241,6,0.321213,0.339227,174.52575,0.000194,0.001295,148,0.000189,0,28,0.738095,0.00207
48235,Irion County,,TX,205,1646,1851,1,0,1,72,0,72,0,0,0,0,0.000127,0,148,0.000065,0,13,0,0.001034
48237,Jack County,,TX,746,7829,8575,4,5,9,295,381,676,7,0.267521,0.279119,0.491667,0.000831,0.000253,148,0.000115,0,28,0.8,0.0074
48239,Jackson County,,TX,984,15510,16494,5,6,11,461,474,935,6,0.32288,0.340646,3.730392,0.001016,0.001948,148,0.000138,0,28,0.8,0.008777
48241,Jasper County,,TX,2789,35695,38484,8,9,17,1487,1697,3184,6,0.320123,0.337888,4.299916,0.001173,0.001381,148,0.000188,0,28,0.708333,0.010433
48243,Jeff Davis County,,TX,211,2214,2425,0,0,0,0,0,0,0,0,0,0,0,0,132,0.00005,120,215,0,0
48245,Jefferson County,,TX,15658,255238,270896,49,44,93,9599,11583,21182,6,0.353867,0.380409,4032.320907,0.018149,0.015599,148,0.000704,0,28,0.446815,0.145892
48247,Jim Hogg County,,TX,314,5343,5657,1,0,1,43,0,43,0,0,0,0,0.000085,0,148,0.000064,0,23,0,0.000784
48249,Jim Wells County,,TX,2911,43911,46822,11,10,21,1686,1840,3526,6,0.323738,0.342299,247.807225,0.002938,0.003297,148,0.000232,0,28,0.636364,0.026615
48251,Johnson County,,TX,12352,154279,166631,38,23,61,11290,8809,20099,6,0.33006,0.351852,563.702838,0.012008,0.008249,148,0.000651,0,28,0.522267,0.102092
48253,Jones County,,TX,1564,15676,17240,3,5,8,663,866,1529,6,0.314442,0.33001,501.686765,0.000898,0.001135,148,0.000108,0,28,0.55,0.007838
48255,Karnes County,,TX,887,12631,13518,4,3,7,321,329,650,6,0.30896,0.323535,0.887009,0.00097,0.000892,148,0.000125,0,28,0.666667,0.008679
48257,Kaufman County,,TX,8939,103375,112314,21,18,39,9999,6763,16762,6,0.336828,0.358453,141.485402,0.010018,0.007353,148,0.000332,0,28,0.725296,0.083585
48259,Kendall County,,TX,2600,33630,36230,9,7,16,2506,1417,3923,6,0.322951,0.340874,6.882097,0.004091,0.002965,148,0.000211,0,28,0.855556,0.036513
48261,Kenedy County,,TX,64,384,448,0,0,0,0,0,0,0,0,0,0,0,0,133,0.00005,121,216,0,0
48263,Kent County,,TX,67,792,859,0,0,0,0,0,0,0,0,0,0,0,0,134,0.00005,122,217,0,0
48265,Kerr County,,TX,3462,49810,53272,16,14,30,1706,1710,3416,6,0.326704,0.346455,75.885574,0.005963,0.00523,148,0.000333,0,28,0.669591,0.0554
48267,Kimble County,,TX,390,4587,4977,0,0,0,0,0,0,0,0,0,0,0,0,135,0.00005,123,218,0,0
48269,King County,,TX,-2,-2,-4,0,0,0,0,0,0,0,0,0,0,0,0,136,0.00005,124,219,0,0
48271,Kinney County,,TX,275,3229,3504,0,1,1,0,45,45,7,0.256646,0.265548,0,0,0.000046,148,0.00005,0,220,0,0
48273,Kleberg County,,TX,3493,30097,33590,12,15,27,1509,1967,3476,6,0.340356,0.361736,389.201274,0.003568,0.006896,148,0.000219,0,28,0.650735,0.031419
48275,Knox County,,TX,374,3795,4169,1,1,2,43,55,98,8,0.210602,0.216489,0,0.000002,0.000001,148,0.000097,0,28,0,0.000098
48277,Lamar County,,TX,3006,52187,55193,11,13,24,1423,1442,2865,6,0.324672,0.34381,2836.418117,0.002739,0.004327,148,0.000248,0,28,0.551282,0.024489
48279,Lamb County,,TX,1352,14769,16121,4,6,10,388,685,1073,7,0.264711,0.277227,9.581486,0.000199,0.000215,148,0.000128,0,28,0.5,0.001602
48281,Lampasas County,,TX,2073,19937,22010,4,6,10,914,766,1680,6,0.316622,0.332005,2.003196,0.000885,0.002658,126,0.000112,0,28,0.9,0.008928
48283,La Salle County,,TX,486,5714,6200,3,3,6,133,196,329,6,0.309026,0.323649,2.116667,0.000806,0.00095,148,0.000102,0,28,0.666667,0.007327
48285,Lavaca County,,TX,1090,21316,22406,5,6,11,386,524,910,6,0.320193,0.33766,12.381458,0.001578,0.00189,148,0.00014,0,28,0.633333,0.014387
48287,Lee County,,TX,1247,16927,18174,7,8,15,599,699,1298,6,0.320298,0.338059,3.701117,0.001935,0.002499,148,0.000175,0,28,0.655556,0.018638
48289,Leon County,,TX,1222,17272,18494,9,6,15,857,507,1364,6,0.322809,0.340817,13.903291,0.002166,0.002423,148,0.00019,0,28,0.588889,0.019157
48291,Liberty County,,TX,6736,70624,77360,12,13,25,5012,4833,9845,6,0.323989,0.34247,26.642403,0.00329,0.0035,148,0.000247,0,28,0.752381,0.032095
48293,Limestone County,,TX,1840,21824,23664,6,7,13,669,963,1632,6,0.322488,0.340481,4.762545,0.002629,0.002088,148,0.000137,0,28,0.803571,0.022378
48295,Lipscomb County,,TX,364,3228,3592,1,1,2,45,49,94,8,0.206556,0.211701,0,0.000001,0.000001,148,0.000099,0,28,0,0.000103
48297,Live Oak County,,TX,720,9231,9951,4,4,8,292,266,558,6,0.309418,0.324219,0.166667,0.00103,0.001111,148,0.00011,0,28,0.9,0.009076
48299,Llano County,,TX,1533,16552,18085,5,4,9,878,712,1590,6,0.310865,0.326294,0,0.002489,0.002118,148,0.000131,0,28,1,0.023516
48301,Loving County,,TX,-2,-2,-4,0,0,0,0,0,0,0,0,0,0,0,0,137,0.00005,125,221,0,0
48303,Lubbock County,,TX,18876,260339,279215,68,74,142,12146,13142,25288,6,0.35917,0.39108,73460.275376,0.014914,0.020564,148,0.001378,0,28,0.26212,0.130363
48305,Lynn County,,TX,624,6373,6997,1,1,2,222,330,552,7,0.264281,0.27566,0,0.000161,0.000117,148,0.000066,0,28,0,0.001148
48307,McCulloch County,,TX,706,8325,9031,0,2,2,0,116,116,7,0.261792,0.272474,0,0,0.000157,148,0.00005,0,222,1,0
48309,McLennan County,,TX,13850,230752,244602,46,42,88,8378,9013,17391,6,0.358597,0.385876,2132.953972,0.015059,0.015878,148,0.000747,0,28,0.503529,0.130137
48311,McMullen County,,TX,79,848,927,0,0,0,0,0,0,0,0,0,0,0,0,138,0.00005,126,223,0,0
48313,Madison County,,TX,971,11046,12017,5,6,11,359,528,887,6,0.319877,0.337147,0.45,0.00134,0.00156,148,0.000134,0,28,0.866667,0.012221
48315,Marion County,,TX,1066,9443,10509,6,5,11,511,586,1097,6,0.313196,0.32858,0.49141,0.001063,0.001024,148,0.000136,0,28,0.933333,0.009171
48317,Martin County,,TX,373,4608,4981,1,0,1,159,0,159,0,0,0,0,0.000092,0,148,0.000069,0,25,0,0.001019
48319,Mason County,,TX,294,3689,3983,0,0,0,0,0,0,0,0,0,0,0,0,139,0.00005,127,224,0,0
48321,Matagorda County,,TX,2463,38394,40857,9,10,19,1286,1390,2676,6,0.323165,0.341558,10.376633,0.002161,0.003808,148,0.0002,0,28,0.718182,0.021118
48323,Maverick County,,TX,3138,62756,65894,10,12,22,1385,1618,3003,6,0.341709,0.362591,27.400479,0.004606,0.006474,148,0.000185,0,28,0.865385,0.040257
48325,Medina County,,TX,3424,43621,47045,8,7,15,2428,2152,4580,6,0.310932,0.32675,21.160218,0.001768,0.001819,148,0.000175,0,28,0.5,0.016471
48327,Menard County,,TX,196,2117,2313,0,0,0,0,0,0,0,0,0,0,0,0,140,0.00005,128,225,0,0
48329,Midland County,,TX,9416,137411,146827,49,44,93,7153,6257,13410,6,0.348676,0.375439,25800.015275,0.013617,0.01179,148,0.000975,0,28,0.35307,0.117191
48331,Milam County,,TX,1912,25516,27428,11,8,19,1172,1041,2213,6,0.323595,0.342242,25.776757,0.002751,0.003911,148,0.000233,0,28,0.613636,0.026615
48333,Mills County,,TX,304,4748,5052,0,1,1,0,43,43,7,0.245386,0.253024,0,0,0.000041,148,0.00005,0,226,0,0
48335,Mitchell County,,TX,674,7043,7717,1,4,5,49,247,296,7,0.264448,0.276372,0.833333,0.00001,0.000161,148,0.000073,0,28,0.5,0.000176
48337,Montague County,,TX,1539,20263,21802,8,7,15,907,797,1704,6,0.319249,0.335488,556.691019,0.00227,0.002528,148,0.000187,0,28,0.714286,0.01973
48339,Montgomery County,,TX,32954,412846,445800,125,80,205,38960,24862,63822,6,0.37729,0.409696,11459.172204,0.049041,0.031676,148,0.001638,0,28,0.376949,0.370091
48341,Moore County,,TX,2168,21896,24064,8,7,15,657,934,1591,6,0.295742,0.310619,266.975838,0.000943,0.000787,148,0.000204,0,28,0.390909,0.008114
48343,Morris County,,TX,1308,14351,15659,7,8,15,624,760,1384,6,0.313498,0.329349,4.76038,0.000942,0.001068,148,0.000165,0,28,0.714286,0.008356
48345,Motley County,,TX,109,1130,1239,0,0,0,0,0,0,0,0,0,0,0,0,141,0.00005,129,227,0,0
48347,Nacogdoches County,,TX,4708,56610,61318,16,21,37,2328,2889,5217,6,0.32902,0.349265,1228.025952,0.003815,0.008138,148,0.000292,0,28,0.577899,0.034984
48349,Navarro County,,TX,3676,48694,52370,14,15,29,2114,2303,4417,6,0.324817,0.344294,13.395858,0.003996,0.005468,148,0.000268,0,28,0.738095,0.03614
48351,Newton County,,TX,1013,11424,12437,5,5,10,578,614,1192,6,0.319877,0.337033,0,0.001096,0.001202,148,0.000128,0,28,1,0.009632
48353,Nolan County,,TX,1194,15775,16969,5,7,12,366,558,924,6,0.320403,0.337067,3174.062443,0.00181,0.002138,148,0.000121,0,28,0.517857,0.015343
48355,Nueces County,,TX,22718,341699,364417,74,81,155,14487,16117,30604,6,0.375594,0.407655,13694.791526,0.027531,0.027604,148,0.001052,0,28,0.356908,0.21968
48357,Ochiltree County,,TX,819,10538,11357,4,4,8,206,196,402,7,0.260304,0.270855,5893.674351,0.000178,0.000163,148,0.00023,0,28,0.333333,0.001761
48359,Oldham County,,TX,275,2021,2296,2,2,4,100,136,236,7,0.260235,0.270456,0,0.000178,0.000162,148,0.000095,0,28,1,0.001583
48361,Orange County,,TX,5552,90949,96501,14,19,33,3888,3737,7625,6,0.327582,0.347902,116.486223,0.003128,0.006421,148,0.000279,0,28,0.611111,0.029193
48363,Palo Pinto County,,TX,2253,27542,29795,9,11,20,1181,1363,2544,6,0.325323,0.344078,284.080987,0.001732,0.003758,148,0.000228,0,28,0.647436,0.015758
48365,Panola County,,TX,1802,25001,26803,10,9,19,929,963,1892,6,0.321107,0.338965,11.134351,0.002934,0.001488,148,0.000196,0,28,0.790909,0.025235
48367,Parker County,,TX,9583,110862,120445,32,16,48,9072,6424,15496,6,0.342349,0.364153,976.201533,0.010585,0.007263,148,0.000544,0,28,0.59879,0.090818
48369,Parmer County,,TX,1134,10820,11954,5,7,12,352,572,924,6,0.295951,0.311018,68.32152,0.00023,0.000821,148,0.000137,0,28,0.625,0.001943
48371,Pecos County,,TX,1043,13963,15006,7,5,12,491,404,895,6,0.295145,0.309308,103.163925,0.00087,0.000789,148,0.000169,0,28,0.553571,0.007259
48373,Polk County,,TX,5590,54111,59701,19,24,43,2580,2605,5185,6,0.344852,0.367818,848.956996,0.00642,0.007955,148,0.000333,0,28,0.53836,0.057637
48375,Potter County,,TX,12967,115330,128297,39,31,70,8804,9230,18034,6,0.350473,0.376066,34012.43182,0.011158,0.010954,148,0.000899,0,28,0.327526,0.094082
48377,Presidio County,,TX,1194,10701,11895,4,4,8,340,638,978,6,0.29461,0.308311,0.546784,0.000678,0.000676,148,0.000112,0,28,0.916667,0.005619
48379,Rains County,,TX,1009,9419,10428,6,6,12,631,609,1240,6,0.31323,0.328751,0.319444,0.001478,0.001066,148,0.000135,0,28,0.904762,0.012998
48381,Randall County,,TX,12375,120730,133105,37,37,74,9722,8797,18519,6,0.350012,0.376408,43907.219156,0.009571,0.011781,148,0.000883,0,28,0.307863,0.08219
48383,Reagan County,,TX,315,3754,4069,1,1,2,55,88,143,7,0.261632,0.271997,0,0.000063,0.000116,148,0.000062,0,28,1,0.000476
48385,Real County,,TX,361,3122,3483,0,0,0,0,0,0,0,0,0,0,0,0,142,0.00005,130,228,0,0
48387,Red River County,,TX,971,13428,14399,4,3,7,462,456,918,6,0.313364,0.328551,1.4189,0.000889,0.000938,148,0.000112,0,28,0.666667,0.007411
48389,Reeves County,,TX,941,11503,12444,4,4,8,271,483,754,7,0.259358,0.270022,35.891477,0.000661,0.000192,148,0.000141,0,28,0.85,0.005601
48391,Refugio County,,TX,638,8188,8826,3,4,7,227,285,512,7,0.273297,0.285024,0,0.000353,0.000347,148,0.000091,0,28,1,0.002986
48393,Roberts County,,TX,97,870,967,0,0,0,0,0,0,0,0,0,0,0,0,143,0.00005,131,229,0,0
48395,Robertson County,,TX,1479,16572,18051,3,5,8,560,819,1379,6,0.319912,0.33709,0,0.001274,0.001259,148,0.000096,0,28,0.833333,0.011519
48397,Rockwall County,,TX,7066,74092,81158,20,14,34,7321,4845,12166,6,0.337878,0.358875,148.22745,0.00899,0.007111,148,0.000328,0,28,0.669048,0.07526
48399,Runnels County,,TX,835,11308,12143,2,2,4,246,353,599,7,0.267008,0.278415,0,0.000264,0.000237,148,0.00008,0,28,1,0.002132
48401,Rusk County,,TX,3800,48659,52459,11,11,22,2702,2517,5219,6,0.324492,0.343325,24.617555,0.00282,0.003132,148,0.000212,0,28,0.742424,0.024339
48403,Sabine County,,TX,913,10310,11223,6,5,11,436,366,802,6,0.319877,0.337033,351.107338,0.001142,0.001073,148,0.000139,0,28,0.766667,0.009835
48405,San Augustine County,,TX,598,8618,9216,3,5,8,206,337,543,6,0.319912,0.33709,1.166667,0.000129,0.001092,148,0.000101,0,28,0.8,0.000993
48407,San Jacinto County,,TX,2430,22689,25119,6,5,11,1725,1619,3344,6,0.321036,0.337825,0.222222,0.001428,0.001496,148,0.000136,0,28,0.933333,0.013306
48409,San Patricio County,,TX,8028,73562,81590,23,23,46,4277,4883,9160,6,0.343555,0.366427,1279.586112,0.008895,0.009766,148,0.00038,0,28,0.58547,0.074483
48411,San Saba County,,TX,447,5448,5895,0,1,1,0,62,62,7,0.245386,0.253024,0,0,0.000041,148,0.00005,0,230,0,0
48413,Schleicher County,,TX,320,3206,3526,1,1,2,59,121,180,7,0.261609,0.27194,0,0.000127,0.000116,148,0.000065,0,28,0,0.001034
48415,Scurry County,,TX,1332,16350,17682,7,6,13,439,400,839,6,0.314815,0.330751,3063.589342,0.001254,0.001316,148,0.000162,0,28,0.642857,0.010966
48417,Shackelford County,,TX,357,3434,3791,1,1,2,48,77,125,7,0.264448,0.275147,0,0.000136,0.000121,148,0.000065,0,28,0,0.001098
48419,Shelby County,,TX,1555,25168,26723,8,7,15,759,746,1505,6,0.320088,0.337603,194.644272,0.001946,0.001236,148,0.000179,0,28,0.597222,0.016509
48421,Sherman County,,TX,245,2707,2952,0,0,0,0,0,0,0,0,0,0,0,0,144,0.00005,132,231,0,0
48423,Smith County,,TX,14543,210236,224779,59,49,108,10704,10089,20793,6,0.354639,0.382826,2430.113036,0.015526,0.015105,148,0.000893,0,28,0.380886,0.132217
48425,Somervell County,,TX,784,7900,8684,4,4,8,365,399,764,6,0.312293,0.327417,0,0.00087,0.001062,148,0.000143,0,28,1,0.008344
48427,Starr County,,TX,2880,65310,68190,8,7,15,1272,1922,3194,6,0.323559,0.341672,935.350403,0.003042,0.002611,148,0.000167,0,28,0.696429,0.023705
48429,Stephens County,,TX,704,8760,9464,4,4,8,245,183,428,6,0.313734,0.328699,4.30303,0.00092,0.001035,148,0.000114,0,28,0.666667,0.008092
48431,Sterling County,,TX,118,1122,1240,1,0,1,47,0,47,0,0,0,0,0.000127,0,148,0.000065,0,5,0,0.001034
48433,Stonewall County,,TX,94,1546,1640,0,0,0,0,0,0,0,0,0,0,0,0,145,0.00005,133,232,0,0
48435,Sutton County,,TX,497,5096,5593,1,1,2,58,104,162,7,0.261632,0.271997,0,0.000063,0.000116,148,0.000062,0,28,1,0.000476
48437,Swisher County,,TX,695,7705,8400,3,3,6,290,349,639,7,0.260304,0.270741,0,0.000206,0.00018,148,0.000113,0,28,1,0.001834
48439,Tarrant County,,TX,118376,1852799,1971175,395,316,711,120677,102622,223299,5,0.453826,0.505472,261708.100213,0.114551,0.097284,148,0.005037,0,28,0.155586,0.826634
48441,Taylor County,,TX,12814,134940,147754,51,57,108,6297,7513,13810,6,0.359479,0.388982,32681.638733,0.015434,0.017431,148,0.00097,0,28,0.36875,0.127681
48443,Terrell County,,TX,92,876,968,0,0,0,0,0,0,0,0,0,0,0,0,146,0.00005,134,233,0,0
48445,Terry County,,TX,995,11964,12959,2,3,5,241,488,729,7,0.264328,0.276002,0.5,0.000163,0.00012,148,0.000091,0,28,0.666667,0.001261
48447,Throckmorton County,,TX,139,1574,1713,0,0,0,0,0,0,0,0,0,0,0,0,147,0.00005,135,234,0,0
48449,Titus County,,TX,2256,31507,33763,9,12,21,1241,1228,2469,6,0.324708,0.343696,88.767376,0.001735,0.003092,148,0.000201,0,28,0.537879,0.015438
48451,Tom Green County,,TX,9773,112569,122342,41,47,88,4767,5344,10111,6,0.354252,0.38225,36243.077424,0.014878,0.016287,148,0.000818,0,28,0.355414,0.121377
48453,Travis County,,TX,84722,925675,1010397,298,204,502,82209,73639,155848,5,0.428928,0.472082,81705.074837,0.101836,0.075174,148,0.003653,0,28,0.227157,0.734445
48455,Trinity County,,TX,1468,13448,14916,7,6,13,806,798,1604,6,0.321107,0.338053,1.535901,0.001488,0.001525,148,0.000151,0,28,0.809524,0.013571
48457,Tyler County,,TX,1324,18732,20056,8,8,16,1001,758,1759,6,0.321213,0.338452,2.781519,0.00137,0.001674,148,0.000168,0,28,0.861111,0.012038
48459,Upshur County,,TX,3295,36944,40239,11,12,23,2402,2216,4618,6,0.324492,0.343439,76.650442,0.00188,0.003107,148,0.000231,0,28,0.636364,0.016848
48461,Upton County,,TX,270,3316,3586,1,0,1,55,0,55,0,0,0,0,0.000086,0,148,0.00007,0,15,0,0.000771
48463,Uvalde County,,TX,1997,28800,30797,7,9,16,559,831,1390,6,0.323595,0.342071,92.099258,0.00233,0.003452,148,0.000174,0,28,0.611111,0.021004
48465,Val Verde County,,TX,4676,52968,57644,15,20,35,1432,2038,3470,6,0.345137,0.368,9167.936752,0.005889,0.008072,148,0.000283,0,28,0.487319,0.050626
48467,Van Zandt County,,TX,3757,51032,54789,12,13,25,2861,2634,5495,6,0.318553,0.335648,12.875537,0.002997,0.003631,148,0.000231,0,28,0.807692,0.027444
48469,Victoria County,,TX,6078,94948,101026,26,28,54,3495,4051,7546,6,0.328613,0.350382,6759.514579,0.00603,0.00782,148,0.000522,0,28,0.460591,0.056901
48471,Walker County,,TX,4906,45621,50527,16,18,34,2937,3380,6317,6,0.328687,0.34841,132.599106,0.004821,0.006895,148,0.00031,0,28,0.604575,0.04507
48473,Waller County,,TX,3681,34252,37933,7,8,15,2509,2561,5070,6,0.322488,0.340595,17.745197,0.00225,0.002933,148,0.000182,0,28,0.785714,0.021526
48475,Ward County,,TX,816,11260,12076,4,3,7,432,372,804,7,0.259335,0.269851,0.25,0.000186,0.000189,148,0.000147,0,28,0.916667,0.002067
48477,Washington County,,TX,2050,33825,35875,10,12,22,1249,1216,2465,6,0.320368,0.338629,16.077057,0.002209,0.003318,148,0.000252,0,28,0.560606,0.022287
48479,Webb County,,TX,8132,260667,268799,25,26,51,4024,5059,9083,6,0.351189,0.375416,8818.871591,0.011054,0.010867,148,0.000411,0,28,0.537634,0.090343
48481,Wharton County,,TX,2581,45698,48279,9,10,19,1390,1683,3073,6,0.323058,0.341387,15.031491,0.002042,0.002753,148,0.000209,0,28,0.681818,0.020002
48483,Wheeler County,,TX,444,5492,5936,1,1,2,42,43,85,7,0.259289,0.269213,0,0.000092,0.000075,148,0.000071,0,28,0,0.000747
48485,Wichita County,,TX,12162,129183,141345,38,51,89,4436,6469,10905,6,0.364543,0.394055,24571.491798,0.0147,0.018917,148,0.000651,0,28,0.399182,0.119978
48487,Wilbarger County,,TX,1193,14049,15242,2,4,6,189,355,544,6,0.319179,0.335003,8695.752924,0.000148,0.00189,148,0.000091,0,28,0.5,0.001105
48489,Willacy County,,TX,1364,19968,21332,4,4,8,591,772,1363,6,0.323165,0.340817,0,0.001485,0.002308,148,0.0001,0,28,1,0.012976
48491,Williamson County,,TX,36330,390667,426997,139,74,213,46124,28282,74406,6,0.382272,0.413714,10146.290152,0.054371,0.031772,148,0.001825,0,28,0.383547,0.416593
48493,Wilson County,,TX,2936,42218,45154,8,6,14,2643,1881,4524,6,0.322809,0.340532,80.689109,0.002427,0.002122,148,0.000205,0,28,0.642857,0.022581
48495,Winkler County,,TX,527,7379,7906,2,2,4,200,202,402,7,0.259312,0.26968,0,0.000179,0.000184,148,0.000088,0,28,1,0.001789
48497,Wise County,,TX,4981,57409,62390,13,12,25,3439,3339,6778,6,0.319458,0.3364,245.787274,0.00396,0.003471,148,0.000269,0,28,0.642857,0.03511
48499,Wood County,,TX,3208,40678,43886,15,16,31,2270,2107,4377,6,0.324636,0.344123,130.516727,0.003881,0.004511,148,0.000271,0,28,0.584559,0.034722
48501,Yoakum County,,TX,587,8738,9325,3,4,7,159,246,405,7,0.264663,0.276914,0,0.000206,0.000279,6,0.000107,0,28,1,0.00178
48503,Young County,,TX,1415,18829,20244,6,9,15,400,588,988,6,0.313364,0.329195,89.382618,0.001401,0.001807,148,0.000151,0,28,0.513889,0.012538
48505,Zapata County,,TX,577,13104,13681,2,2,4,223,193,416,7,0.259957,0.269333,0,0.000105,0.00011,148,0.000084,0,28,1,0.001053
48507,Zavala County,,TX,751,11542,12293,3,3,6,208,282,490,6,0.30896,0.323535,1,0.000748,0.000882,148,0.000123,0,28,0.666667,0.006788
49001,Beaver County,,UT,458,6926,7384,3,2,5,178,161,339,7,0.256244,0.265263,0,0.001042,0.000148,6,0.000095,0,28,1,0.00854
49003,Box Elder County,,UT,3521,55854,59375,11,7,18,3051,2330,5381,6,0.299744,0.313697,772.885877,0.003346,0.00132,6,0.000245,0,28,0.818182,0.027328
49005,Cache County,,UT,9266,110875,120141,36,28,64,6350,5842,12192,6,0.348593,0.37268,6406.277801,0.01019,0.007676,6,0.000642,0,28,0.407665,0.080698
49007,Carbon County,,UT,1777,22195,23972,8,9,17,766,1110,1876,6,0.300298,0.314808,31.330005,0.002111,0.001405,6,0.000171,0,28,0.722222,0.017111
49009,Daggett County,,UT,110,858,968,0,0,0,0,0,0,0,0,0,0,0,0,149,0.00005,136,235,0,0
49011,Davis County,,UT,27495,325536,353031,67,55,122,23687,20610,44297,6,0.363275,0.391587,4604.48207,0.025309,0.020177,6,0.000916,0,28,0.419686,0.198482
49013,Duchesne County,,UT,1194,18103,19297,8,4,12,972,641,1613,6,0.299375,0.312699,0.25,0.002166,0.000935,6,0.000164,0,28,0.847222,0.017394
49015,Emery County,,UT,783,11711,12494,3,4,7,364,455,819,6,0.299406,0.312756,0,0.000922,0.000908,6,0.000089,0,28,1,0.006777
49017,Garfield County,,UT,371,4992,5363,3,2,5,190,110,300,7,0.256244,0.265263,0,0.001042,0.000148,6,0.000095,0,28,1,0.00854
49019,Grand County,,UT,893,9607,10500,3,3,6,237,234,471,6,0.298764,0.312152,1.821754,0.000661,0.00066,6,0.0001,0,28,0.666667,0.005271
49021,Iron County,,UT,4590,41676,46266,18,17,35,2962,2792,5754,6,0.341908,0.362688,2797.39777,0.007497,0.005536,6,0.000348,0,28,0.576316,0.05668
49023,Juab County,,UT,724,10202,10926,3,4,7,705,452,1157,6,0.299467,0.31287,0,0.000921,0.000942,6,0.00009,0,28,1,0.006764
49025,Kane County,,UT,626,6565,7191,3,2,5,206,184,390,7,0.259105,0.269196,0,0.001114,0.000176,6,0.000087,0,28,1,0.008755
49027,Millard County,,UT,860,13396,14256,4,4,8,426,444,870,6,0.299467,0.31287,0,0.001032,0.000985,6,0.000107,0,28,1,0.007861
49029,Morgan County,,UT,783,10084,10867,4,3,7,659,488,1147,6,0.298459,0.311696,0,0.000846,0.000844,6,0.000103,0,28,0.916667,0.007071
49031,Piute County,,UT,110,1395,1505,0,0,0,0,0,0,0,0,0,0,0,0,150,0.00005,137,236,0,0
49033,Rich County,,UT,173,2203,2376,0,1,1,0,53,53,7,0.258552,0.267759,0,0,0.00008,6,0.00005,0,237,0,0
49035,Salt Lake County,,UT,61456,1128970,1190426,191,187,378,50542,51567,102109,5,0.424938,0.466678,96622.153842,0.067964,0.069378,6,0.002525,0,28,0.284067,0.510859
49037,San Juan County,,UT,1113,9655,10768,6,7,13,649,636,1285,6,0.33231,0.350564,59.755522,0.001044,0.002046,6,0.000144,0,28,0.589286,0.00812
49039,Sanpete County,,UT,1685,24372,26057,7,8,15,1288,1148,2436,6,0.299744,0.313811,27.625625,0.001969,0.001287,6,0.000165,0,28,0.805556,0.015457
49041,Sevier County,,UT,1280,22011,23291,8,5,13,858,722,1580,6,0.299498,0.313041,0.5,0.002182,0.001,6,0.000168,0,28,0.946429,0.017658
49043,Summit County,,UT,3836,38457,42293,9,10,19,1748,2017,3765,6,0.335475,0.354121,159.51877,0.005891,0.003355,6,0.00015,0,28,0.794872,0.044411
49045,Tooele County,,UT,4798,60440,65238,14,12,26,4435,2796,7231,6,0.335129,0.354469,43.330828,0.006917,0.003478,6,0.000222,0,28,0.738971,0.052087
49047,Uintah County,,UT,2284,30222,32506,12,11,23,1404,1117,2521,6,0.324961,0.342402,53.923004,0.002378,0.002513,6,0.000254,0,28,0.698718,0.020166
49049,Utah County,,UT,33960,486808,520768,113,120,233,29679,26369,56048,6,0.398365,0.434587,28364.943816,0.039155,0.047232,6,0.001553,0,28,0.362356,0.310849
49051,Wasatch County,,UT,2234,22332,24566,6,6,12,1414,1262,2676,6,0.299559,0.313269,13.999418,0.003158,0.001069,6,0.00012,0,28,0.819444,0.024388
49053,Washington County,,UT,10781,132655,143436,36,31,67,8279,7117,15396,6,0.344405,0.367647,6311.051601,0.011398,0.009944,6,0.00062,0,28,0.40641,0.087714
49055,Wayne County,,UT,204,2720,2924,0,0,0,0,0,0,0,0,0,0,0,0,151,0.00005,138,238,0,0
49057,Weber County,,UT,16639,248432,265071,40,34,74,15194,12148,27342,6,0.352629,0.378323,3003.103361,0.014749,0.015341,6,0.00057,0,28,0.547179,0.113522
50001,Addison County,,VT,2349,44173,46522,6,5,11,1029,1032,2061,7,0.267839,0.278976,17.158703,0.000239,0.000134,41,0.000142,0,28,0.533333,0.001601
50003,Bennington County,,VT,2251,44243,46494,6,7,13,684,862,1546,7,0.273552,0.286871,39.614428,0.000794,0.000508,86,0.000116,0,28,0.464286,0.004733
50005,Caledonia County,,VT,2104,36831,38935,8,7,15,944,1096,2040,7,0.267888,0.279347,816.576203,0.00029,0.000185,41,0.000189,0,28,0.571429,0.002096
50007,Chittenden County,,VT,11441,180382,191823,43,56,99,6320,6771,13091,6,0.365272,0.394101,43328.563422,0.015126,0.024946,41,0.000516,0,28,0.480903,0.099434
50009,Essex County,,VT,565,7329,7894,3,4,7,353,336,689,7,0.255237,0.26451,5.086998,0.000015,0.000059,41,0.000107,0,28,0.5,0.000326
50011,Franklin County,,VT,2806,58625,61431,6,7,13,1547,1481,3028,7,0.268454,0.280059,13.696021,0.00021,0.000142,41,0.000171,0,28,0.5,0.001425
50013,Grand Isle County,,VT,692,8881,9573,2,3,5,538,399,937,7,0.268331,0.279318,0,0.000196,0.000129,41,0.000079,0,28,0.833333,0.000969
50015,Lamoille County,,VT,2000,29286,31286,5,5,10,931,935,1866,7,0.267692,0.278663,0.5,0.00021,0.000132,41,0.000144,0,28,0.9,0.001341
50017,Orange County,,VT,2420,34838,37258,5,5,10,1373,1384,2757,7,0.267839,0.279005,0.483333,0.000287,0.000204,41,0.00012,0,28,0.9,0.001806
50019,Orleans County,,VT,1627,33340,34967,6,6,12,516,689,1205,7,0.267741,0.278891,632.817316,0.00021,0.000132,41,0.000168,0,28,0.666667,0.001429
50021,Rutland County,,VT,3523,77127,80650,7,8,15,1022,1165,2187,6,0.297124,0.312728,80.254507,0.000247,0.00093,41,0.000156,0,28,0.5,0.001926
50023,Washington County,,VT,4105,72553,76658,11,11,22,1968,2027,3995,6,0.297942,0.314073,1062.108818,0.000995,0.001456,41,0.00024,0,28,0.462121,0.007313
50025,Windham County,,VT,3359,53175,56534,13,10,23,1337,1404,2741,6,0.297245,0.313127,694.047667,0.00355,0.001328,41,0.00017,0,28,0.505495,0.023275
50027,Windsor County,,VT,4764,70244,75008,12,15,27,2190,2565,4755,6,0.304425,0.321495,1329.061723,0.002889,0.002704,41,0.000188,0,28,0.479167,0.020362
51001,Accomack County,,VA,2161,37572,39733,7,8,15,615,738,1353,6,0.30073,0.315669,32.914469,0.001265,0.001426,106,0.000147,0,28,0.357143,0.008771
51003,Albemarle County,,VA,10397,96701,107098,41,37,78,6176,6074,12250,6,0.360631,0.386708,27792.889479,0.015992,0.016468,153,0.000652,0,28,0.461879,0.117455
51005,Alleghany County,,VA,812,19447,20259,3,4,7,230,289,519,7,0.244707,0.253014,8855,0.000033,0.000033,101,0.000176,0,28,0.166667,0.000541
51007,Amelia County,,VA,1023,15026,16049,6,5,11,808,574,1382,7,0.278344,0.291026,9.272824,0.000883,0.000573,153,0.000168,0,28,0.733333,0.007135
51009,Amherst County,,VA,1891,35699,37590,5,5,10,1281,1131,2412,7,0.242837,0.251914,24.456521,0.000044,0.000039,101,0.000195,0,28,0.55,0.000782
51011,Appomattox County,,VA,775,16887,17662,5,4,9,621,381,1002,7,0.242615,0.251458,15.037143,0.00005,0.000025,101,0.000183,0,28,0.6,0.000754
51013,Arlington County,,VA,38801,206993,245794,140,91,231,31624,31505,63129,6,0.389919,0.423934,7025.22398,0.06978,0.050018,153,0.001298,0,28,0.529449,0.475988
51015,Augusta County,,VA,4443,84746,89189,8,9,17,2736,2619,5355,6,0.311428,0.327747,16879.347897,0.001,0.001387,153,0.00027,0,28,0.472222,0.007873
51017,Bath County,,VA,345,5875,6220,1,0,1,41,0,41,0,0,0,0,0,0,101,0.000088,0,9,0,0.000092
51019,Bedford County,,VA,5432,77374,82806,11,12,23,3321,3458,6779,7,0.264233,0.27571,3727.098413,0.001027,0.000153,101,0.000313,0,28,0.410256,0.008142
51021,Bland County,,VA,369,7096,7465,2,1,3,139,68,207,8,0.208857,0.213821,12.380369,0.000001,0.000001,101,0.00015,0,28,0,0.000212
51023,Botetourt County,,VA,2453,39094,41547,7,7,14,1835,1476,3311,7,0.26397,0.274542,136.619124,0.000147,0.000132,101,0.00023,0,28,0.761905,0.001697
51025,Brunswick County,,VA,1136,17493,18629,5,8,13,432,640,1072,7,0.283114,0.296788,10243.840723,0.000317,0.000777,153,0.000218,0,28,0.263889,0.003055
51027,Buchanan County,,VA,1346,23801,25147,4,6,10,368,784,1152,8,0.224837,0.232283,462.227148,0.000002,0.000003,101,0.000174,0,28,0.3,0.000394
51029,Buckingham County,,VA,849,14623,15472,4,4,8,342,336,678,7,0.265408,0.275761,15.332526,0.000205,0.000166,153,0.000126,0,28,0.333333,0.001597
51031,Campbell County,,VA,3971,61442,65413,8,6,14,2660,2430,5090,7,0.242897,0.252278,59.368771,0.000051,0.000035,101,0.000259,0,28,0.392857,0.001047
51033,Caroline County,,VA,3006,31898,34904,10,12,22,2419,1813,4232,6,0.311561,0.328289,298.274757,0.002356,0.002657,153,0.000186,0,28,0.685897,0.017725
51035,Carroll County,,VA,1482,32188,33670,6,5,11,684,703,1387,7,0.236876,0.245186,5775.720466,0.000024,0.000014,87,0.000289,0,28,0.233333,0.0007
51036,Charles City County,,VA,554,8350,8904,4,3,7,370,277,647,7,0.28156,0.293654,0,0.000693,0.000595,153,0.000115,0,28,1,0.005948
51037,Charlotte County,,VA,766,13807,14573,3,4,7,210,310,520,7,0.232617,0.240686,14.855977,0.000022,0.000021,153,0.00012,0,28,0.25,0.000446
51041,Chesterfield County,,VA,26278,358253,384531,106,93,199,21640,19100,40740,6,0.378904,0.412916,54392.807023,0.044855,0.037855,153,0.00129,0,28,0.41942,0.314024
51043,Clarke County,,VA,1238,15216,16454,6,5,11,829,696,1525,6,0.310272,0.325484,0.309524,0.001798,0.001386,153,0.000135,0,28,0.933333,0.01363
51045,Craig County,,VA,345,5643,5988,1,3,4,71,177,248,7,0.247001,0.255448,0,0.000032,0.000068,101,0.000071,0,28,1,0.000367
51047,Culpeper County,,VA,4026,49704,53730,11,14,25,2590,2296,4886,6,0.310766,0.327434,2453.662331,0.00217,0.00231,153,0.000188,0,28,0.514286,0.015913
51049,Cumberland County,,VA,738,10333,11071,6,6,12,405,369,774,7,0.28284,0.296047,78.660371,0.000881,0.000946,153,0.000164,0,28,0.6,0.00709
51051,Dickenson County,,VA,586,15870,16456,2,3,5,259,227,486,8,0.199291,0.204904,3.89228,0.000001,0,0,0.000105,0,28,0.666667,0.000195
51053,Dinwiddie County,,VA,2074,30275,32349,10,9,19,1803,1341,3144,7,0.283471,0.297205,44.909731,0.000942,0.001009,153,0.000228,0,28,0.644444,0.007965
51057,Essex County,,VA,716,12320,13036,7,5,12,444,274,718,7,0.281668,0.29411,2225.745407,0.000648,0.000428,153,0.000214,0,28,0.446429,0.005056
51059,Fairfax County,,VA,111370,1165418,1276788,305,311,616,92629,98488,191117,5,0.449224,0.500547,217422.002352,0.107845,0.107216,153,0.003269,0,28,0.208626,0.764984
51061,Fauquier County,,VA,5778,72006,77784,17,15,32,4143,3319,7462,6,0.338583,0.358254,3348.46954,0.004213,0.004177,153,0.000259,0,28,0.564327,0.031442
51063,Floyd County,,VA,855,16778,17633,4,5,9,442,442,884,7,0.263851,0.274,99.580501,0.000144,0.000116,101,0.00015,0,28,0.6,0.001283
51065,Fluvanna County,,VA,1915,27353,29268,7,3,10,1092,734,1826,7,0.265215,0.275277,0,0.001408,0.000182,153,0.000155,0,28,0.833333,0.010731
51067,Franklin County,,VA,3033,60454,63487,10,8,18,1711,1601,3312,7,0.264161,0.275055,495.379289,0.00102,0.000133,101,0.000263,0,28,0.5,0.008106
51069,Frederick County,,VA,6976,86783,93759,17,14,31,5387,4290,9677,6,0.311031,0.327679,4523.42597,0.003019,0.002029,153,0.00031,0,28,0.385965,0.021929
51071,Giles County,,VA,906,19797,20703,3,4,7,445,442,887,7,0.264113,0.274097,2449.996833,0.00008,0.00005,101,0.000162,0,28,0.416667,0.000662
51073,Gloucester County,,VA,2972,42974,45946,10,10,20,1802,1353,3155,7,0.28842,0.302608,2385.141455,0.002111,0.001213,153,0.000226,0,28,0.564103,0.014223
51075,Goochland County,,VA,1592,22410,24002,5,5,10,1377,885,2262,7,0.282785,0.295791,0,0.0009,0.000987,153,0.00013,0,28,1,0.007297
51077,Grayson County,,VA,808,17599,18407,3,5,8,281,413,694,8,0.210557,0.216759,468.301994,0,0.000004,87,0.000204,0,28,0.3,0.000302
51079,Greene County,,VA,1556,20472,22028,5,6,11,819,798,1617,7,0.265408,0.276046,672.398908,0.001044,0.000213,153,0.000119,0,28,0.738095,0.007689
51081,Greensville County,,VA,553,9435,9988,2,2,4,121,107,228,8,0.220679,0.227013,2923,0.000006,0.000003,153,0.000234,0,28,0.5,0.000204
51083,Halifax County,,VA,1543,39716,41259,6,6,12,518,515,1033,7,0.282076,0.29505,562.30491,0.00005,0.000402,153,0.000195,0,28,0.190476,0.000907
51085,Hanover County,,VA,7254,115304,122558,16,12,28,5240,4604,9844,6,0.312861,0.330255,267.915303,0.003497,0.002529,153,0.00029,0,28,0.536765,0.024994
51087,Henrico County,,VA,30153,338776,368929,113,102,215,23978,23758,47736,6,0.391537,0.426408,72588.84189,0.048468,0.044624,153,0.001479,0,28,0.402845,0.340896
51089,Henry County,,VA,2973,63736,66709,7,10,17,1543,1819,3362,7,0.289964,0.304056,2041.518113,0.000465,0.000959,87,0.000217,0,28,0.366667,0.004431
51091,Highland County,,VA,160,2819,2979,0,0,0,0,0,0,0,0,0,0,0,0,152,0.00005,139,239,0,0
51093,Isle of Wight County,,VA,3310,40504,43814,10,11,21,2276,1802,4078,6,0.302035,0.317294,78.562616,0.002207,0.001862,153,0.000156,0,28,0.627273,0.01371
51095,James City County,,VA,6269,71331,77600,25,17,42,4199,2944,7143,6,0.318068,0.337563,874.195852,0.009002,0.004915,153,0.000345,0,28,0.525862,0.063581
51097,King and Queen County,,VA,598,7198,7796,3,3,6,214,234,448,7,0.281533,0.293625,1.2657,0.000367,0.000391,153,0.000102,0,28,0.75,0.003056
51099,King George County,,VA,2840,25207,28047,15,12,27,2002,1528,3530,6,0.334554,0.353357,995.70761,0.0057,0.004584,153,0.000201,0,28,0.633333,0.039388
51101,King William County,,VA,1338,18854,20192,8,9,17,1099,838,1937,7,0.282949,0.296617,30.593389,0.000939,0.001068,153,0.000209,0,28,0.569444,0.008029
51103,Lancaster County,,VA,712,13758,14470,1,1,2,122,110,232,9,0.174255,0.177456,0,0,0.000007,153,0.00012,0,28,0,0.000136
51105,Lee County,,VA,1003,22288,23291,5,5,10,433,439,872,7,0.235522,0.243679,118.728838,0.000017,0.000029,0,0.000221,0,28,0.4,0.000753
51107,Loudoun County,,VA,28697,327081,355778,121,105,226,30370,20095,50465,6,0.387644,0.423683,15048.799626,0.059127,0.052107,153,0.001239,0,28,0.478622,0.413073
51109,Louisa County,,VA,2445,34988,37433,18,12,30,2012,1435,3447,7,0.292108,0.307818,296.773574,0.00317,0.00189,153,0.000319,0,28,0.522876,0.024166
51111,Lunenburg County,,VA,783,11999,12782,2,5,7,179,381,560,7,0.271193,0.283114,5.411677,0.000014,0.000235,153,0.000099,0,28,0.4,0.000371
51113,Madison County,,VA,1043,14771,15814,3,5,8,405,569,974,7,0.26548,0.276075,1.533377,0.000034,0.000195,153,0.000093,0,28,0.75,0.000596
51115,Mathews County,,VA,637,10140,10777,2,2,4,248,186,434,8,0.22389,0.230358,0,0.000326,0.000024,153,0.000077,0,28,0.833333,0.002228
51117,Mecklenburg County,,VA,1741,34460,36201,9,9,18,763,741,1504,6,0.301973,0.317966,8549.166622,0.002223,0.001427,153,0.000195,0,28,0.30303,0.01764
51119,Middlesex County,,VA,729,11802,12531,5,2,7,315,180,495,7,0.281479,0.293397,645.124283,0.00097,0.000395,153,0.000134,0,28,0.65,0.007528
51121,Montgomery County,,VA,8097,75508,83605,27,28,55,3322,3755,7077,6,0.356498,0.380865,55052.376852,0.006191,0.010193,101,0.000593,0,28,0.399194,0.046669
51125,Nelson County,,VA,1035,16989,18024,6,5,11,581,469,1050,7,0.265456,0.275961,843.042768,0.001041,0.000167,153,0.000181,0,28,0.533333,0.007725
51127,New Kent County,,VA,1337,20059,21396,9,7,16,1278,751,2029,7,0.287315,0.30144,12.445295,0.001356,0.001315,153,0.000192,0,28,0.708333,0.010445
51131,Northampton County,,VA,737,14026,14763,2,2,4,287,256,543,6,0.299928,0.313646,0,0.000657,0.00061,106,0.000073,0,28,1,0.004343
51133,Northumberland County,,VA,721,13943,14664,4,3,7,340,271,611,8,0.211012,0.216784,6894.844538,0.000841,0.000015,153,0.000247,0,28,0.25,0.006396
51135,Nottoway County,,VA,954,15745,16699,7,5,12,611,445,1056,7,0.275019,0.287366,538.629177,0.000887,0.000367,153,0.000177,0,28,0.595238,0.007234
51137,Orange County,,VA,2985,37244,40229,14,13,27,2394,1569,3963,6,0.3107,0.327206,1505.32832,0.00253,0.001856,153,0.000225,0,28,0.480952,0.017848
51139,Page County,,VA,1155,27875,29030,4,4,8,546,473,1019,7,0.240302,0.248454,2.380101,0.00006,0.000066,153,0.00013,0,28,0.666667,0.000847
51141,Patrick County,,VA,841,20182,21023,2,2,4,316,344,660,7,0.236378,0.244029,3.95,0.00003,0.000016,87,0.000092,0,28,0,0.000338
51143,Pittsylvania County,,VA,3579,71960,75539,11,10,21,2388,2158,4546,7,0.289018,0.303053,1703.474867,0.000518,0.000554,87,0.000299,0,28,0.363636,0.005107
51145,Powhatan County,,VA,1784,29652,31436,6,5,11,1403,980,2383,7,0.282758,0.295762,3.248725,0.000897,0.000949,153,0.000159,0,28,0.766667,0.007298
51147,Prince Edward County,,VA,1399,17520,18919,8,9,17,629,644,1273,7,0.283032,0.296788,1569.958412,0.000314,0.000958,153,0.000252,0,28,0.311111,0.00331
51149,Prince George County,,VA,4804,33419,38223,17,13,30,2878,2468,5346,6,0.324745,0.342391,1306.745022,0.004957,0.00386,153,0.000266,0,28,0.525735,0.037626
51153,Prince William County,,VA,51132,420514,471646,144,147,291,39754,41229,80983,6,0.404258,0.444414,27500.97175,0.064041,0.06392,153,0.001488,0,28,0.381064,0.450651
51155,Pulaski County,,VA,2134,37752,39886,8,7,15,1218,1185,2403,7,0.264376,0.274958,404.075324,0.000115,0.000084,101,0.000311,0,28,0.303571,0.001391
51157,Rappahannock County,,VA,639,8400,9039,3,3,6,229,316,545,7,0.253204,0.261466,0.451111,0.000065,0.000076,153,0.0001,0,28,0.833333,0.000826
51159,Richmond County,,VA,590,8537,9127,3,3,6,275,268,543,8,0.220779,0.227293,24.295166,0.000006,0.000027,153,0.000188,0,28,0.666667,0.000456
51161,Roanoke County,,VA,9088,106854,115942,19,16,35,5962,5970,11932,6,0.318866,0.337927,9492.442855,0.004409,0.004097,101,0.000394,0,28,0.426316,0.034886
51163,Rockbridge County,,VA,1377,24473,25850,4,4,8,521,546,1067,7,0.237588,0.245005,11775,0.000012,0.000009,153,0.000291,0,28,0.25,0.000433
51165,Rockingham County,,VA,4461,88813,93274,6,8,14,2602,2446,5048,6,0.310469,0.32618,1026.332958,0.000887,0.001012,153,0.00018,0,28,0.571429,0.006813
51167,Russell County,,VA,1216,27826,29042,7,6,13,803,719,1522,7,0.235465,0.24361,1219.993544,0.000013,0.000025,0,0.000264,0,28,0.428571,0.000907
51169,Scott County,,VA,1066,24157,25223,6,6,12,693,760,1453,7,0.246814,0.256349,92.941925,0.000017,0.000079,0,0.000259,0,28,0.571429,0.000847
51171,Shenandoah County,,VA,2843,48294,51137,10,10,20,1743,1557,3300,6,0.310832,0.326909,1191.989147,0.001467,0.001947,153,0.000224,0,28,0.554545,0.011432
51173,Smyth County,,VA,1415,37317,38732,5,3,8,585,575,1160,7,0.234727,0.242225,359.937289,0.000013,0.000025,0,0.000243,0,28,0.35,0.000722
51175,Southampton County,,VA,1177,19065,20242,5,6,11,688,525,1213,6,0.300236,0.314615,67.154989,0.000999,0.000897,153,0.000114,0,28,0.5,0.006562
51177,Spotsylvania County,,VA,13059,135149,148208,28,37,65,8919,8599,17518,6,0.353781,0.379184,4057.136908,0.009665,0.01524,153,0.000384,0,28,0.535762,0.07016
51179,Stafford County,,VA,17162,133561,150723,46,50,96,11513,11204,22717,6,0.36341,0.391735,8618.202865,0.01996,0.021229,153,0.000525,0,28,0.501913,0.143665
51181,Surry County,,VA,533,7689,8222,4,3,7,227,159,386,7,0.279194,0.291311,9.053289,0.00059,0.000365,153,0.000094,0,28,0.5,0.003803
51183,Sussex County,,VA,945,11342,12287,5,7,12,404,450,854,7,0.275667,0.28841,1570.77117,0.00036,0.00042,153,0.000131,0,28,0.357143,0.003352
51185,Tazewell County,,VA,2241,45503,47744,5,8,13,1141,1066,2207,7,0.265119,0.276086,2425.558213,0.000002,0.000051,101,0.000254,0,28,0.232143,0.000522
51187,Warren County,,VA,3162,41948,45110,14,9,23,2193,1782,3975,6,0.310502,0.326339,3218.940008,0.003378,0.001889,153,0.000251,0,28,0.538462,0.024103
51191,Washington County,,VA,3256,57788,61044,10,9,19,1935,1798,3733,7,0.247064,0.257164,1520.260098,0.000053,0.00008,0,0.000426,0,28,0.3,0.001634
51193,Westmoreland County,,VA,1338,19148,20486,9,7,16,871,641,1512,7,0.267349,0.278845,8574.118153,0.001905,0.000306,153,0.000263,0,28,0.466667,0.012826
51195,Wise County,,VA,1871,40068,41939,7,9,16,862,1127,1989,7,0.248112,0.258429,11234.181988,0.000014,0.00008,0,0.000317,0,28,0.291667,0.0009
51197,Wythe County,,VA,1540,32642,34182,7,6,13,641,623,1264,7,0.26397,0.274365,6995.523647,0.000081,0.00005,101,0.000426,0,28,0.214286,0.001058
51199,York County,,VA,10107,72643,82750,21,31,52,5351,5681,11032,6,0.35451,0.379269,2169.586062,0.008212,0.013245,153,0.000282,0,28,0.562185,0.059387
51510,Alexandria city,,VA,28933,137636,166569,90,70,160,23053,22641,45694,6,0.386466,0.417636,2528.112498,0.050346,0.040036,153,0.000857,0,28,0.628317,0.350639
51515,Bedford city,,VA,642,6779,7421,2,4,6,256,363,619,7,0.247881,0.256969,0,0.000042,0.000062,101,0.000089,0,28,0.833333,0.00043
51520,Bristol city,,VA,1814,17017,18831,3,4,7,1192,1216,2408,7,0.246418,0.255426,16.827591,0.000051,0.000078,0,0.000149,0,28,0.833333,0.000957
51530,Buena Vista city,,VA,699,6991,7690,2,1,3,276,252,528,8,0.191989,0.195816,0,0,0,153,0.00016,0,28,1,0.000179
51540,Charlottesville city,,VA,6333,35634,41967,15,20,35,2915,3750,6665,6,0.348926,0.370873,5643.788218,0.004111,0.007858,153,0.000328,0,28,0.497368,0.031797
51550,Chesapeake city,,VA,26464,240781,267245,62,79,141,19521,18835,38356,5,0.382272,0.4149,10326.749483,0.027394,0.035385,153,0.000679,0,28,0.486768,0.195455
51570,Colonial Heights city,,VA,2829,20035,22864,7,7,14,1608,1857,3465,7,0.283306,0.296635,0,0.00093,0.001,153,0.000161,0,28,1,0.007598
51580,Covington city,,VA,460,7555,8015,1,1,2,142,114,256,8,0.196611,0.200807,0,0,0,101,0.000088,0,28,0,0.000092
51590,Danville city,,VA,3453,46501,49954,7,9,16,1719,2069,3788,6,0.308439,0.324818,1590.701767,0.000678,0.002229,87,0.000191,0,28,0.455556,0.005848
51595,Emporia city,,VA,506,6287,6793,3,1,4,171,51,222,9,0.180795,0.18427,3.564584,0.000009,0,153,0.000189,0,28,0.333333,0.000317
51600,Fairfax city,,VA,4230,25318,29548,9,7,16,2978,2804,5782,6,0.311561,0.327383,0.083333,0.004368,0.004118,153,0.000133,0,28,0.972222,0.03243
51610,Falls Church city,,VA,1816,11495,13311,6,5,11,1039,948,1987,6,0.310634,0.325815,0,0.003217,0.002903,153,0.00011,0,28,1,0.02503
51620,Franklin city,,VA,981,9510,10491,4,3,7,378,408,786,7,0.279408,0.291624,1.644759,0.000524,0.000343,153,0.000095,0,28,0.8,0.00335
51630,Fredericksburg city,,VA,5166,18850,24016,10,13,23,3442,3664,7106,6,0.312861,0.330426,44.662374,0.003856,0.003883,153,0.000151,0,28,0.745833,0.026828
51640,Galax city,,VA,611,7988,8599,2,2,4,277,226,503,8,0.191725,0.196246,0,0,0,87,0.000134,0,28,1,0.00019
51650,Hampton city,,VA,22079,144147,166226,52,63,115,12715,14742,27457,6,0.375209,0.406031,6315.179528,0.025122,0.032796,153,0.000572,0,28,0.613477,0.181074
51660,Harrisonburg city,,VA,4649,33148,37797,10,11,21,1836,2249,4085,6,0.315494,0.333225,3087.440693,0.00277,0.002775,153,0.000226,0,28,0.452381,0.020305
51670,Hopewell city,,VA,3248,24252,27500,8,8,16,2016,2172,4188,7,0.283388,0.29692,15.599433,0.000933,0.001003,153,0.000178,0,28,0.875,0.007711
51678,Lexington city,,VA,654,5408,6062,1,2,3,113,125,238,8,0.192002,0.195987,0,0,0,153,0.000112,0,28,1,0.000093
51680,Lynchburg city,,VA,6722,66810,73532,15,18,33,3231,3900,7131,6,0.319842,0.33978,17613.888106,0.002817,0.005243,101,0.000353,0,28,0.461988,0.022244
51683,Manassas city,,VA,7822,38594,46416,12,17,29,4879,6006,10885,6,0.332613,0.354047,60.910994,0.004136,0.006988,153,0.000169,0,28,0.666667,0.030248
51685,Manassas Park city,,VA,3122,13088,16210,8,10,18,1994,2337,4331,6,0.328134,0.34756,11.68482,0.002986,0.004657,153,0.000128,0,28,0.872727,0.021868
51690,Martinsville city,,VA,1393,15432,16825,3,4,7,710,716,1426,7,0.288306,0.301195,0,0.000029,0.000517,87,0.000112,0,28,1,0.000405
51700,Newport News city,,VA,29736,188369,218105,74,91,165,17034,19888,36922,6,0.386977,0.421261,21546.283734,0.035453,0.040438,153,0.000833,0,28,0.480198,0.254687
51710,Norfolk city,,VA,39046,218467,257513,93,121,214,22831,27928,50759,5,0.403144,0.440253,14048.746159,0.045048,0.056776,153,0.000957,0,28,0.484377,0.321413
51720,Norton city,,VA,462,4183,4645,1,1,2,257,228,485,8,0.198803,0.20377,0,0.000001,0,0,0.00008,0,28,0,0.000102
51730,Petersburg city,,VA,4789,33679,38468,10,11,21,2315,2881,5196,6,0.303414,0.320964,265.365689,0.001457,0.002423,153,0.000214,0,28,0.583333,0.012033
51735,Poquoson city,,VA,1172,14274,15446,3,4,7,667,539,1206,7,0.281127,0.2935,0,0.000676,0.000608,153,0.000073,0,28,1,0.004035
51740,Portsmouth city,,VA,14279,102797,117076,23,28,51,8352,9859,18211,6,0.348968,0.373108,509.695918,0.010616,0.01233,153,0.000267,0,28,0.673118,0.072871
51750,Radford city,,VA,1755,10631,12386,2,4,6,666,797,1463,7,0.263709,0.273601,0.972222,0.00008,0.000116,101,0.000106,0,28,0.833333,0.000569
51760,Richmond city,,VA,23872,180690,204562,72,67,139,18196,19355,37551,6,0.371207,0.402166,23131.645461,0.026337,0.028206,153,0.000978,0,28,0.403361,0.185043
51770,Roanoke city,,VA,10280,101569,111849,21,17,38,6555,6916,13471,6,0.323774,0.343086,24842.283006,0.004099,0.004108,101,0.00047,0,28,0.34058,0.031623
51775,Salem city,,VA,2642,27407,30049,7,6,13,2000,1738,3738,7,0.263899,0.274257,21.6653,0.000148,0.000132,101,0.000211,0,28,0.785714,0.001692
51790,Staunton city,,VA,2425,25865,28290,6,6,12,1437,1340,2777,7,0.265432,0.276046,1258.089988,0.000171,0.000163,153,0.000224,0,28,0.6,0.001742
51800,Suffolk city,,VA,8839,88885,97724,20,22,42,6553,5000,11553,6,0.339014,0.360813,1232.509049,0.007482,0.007573,153,0.000264,0,28,0.568376,0.052124
51810,Virginia Beach city,,VA,58601,482640,541241,187,215,402,37794,43357,81151,5,0.428049,0.472538,67858.225622,0.076828,0.082624,153,0.001888,0,28,0.298829,0.533427
51820,Waynesboro city,,VA,2282,23883,26165,7,5,12,1522,1299,2821,7,0.26536,0.275761,6.29226,0.000233,0.000174,153,0.000204,0,28,0.619048,0.002129
51830,Williamsburg city,,VA,1875,8813,10688,5,5,10,657,799,1456,7,0.288192,0.301611,0,0.001552,0.000987,153,0.0001,0,28,1,0.010642
51840,Winchester city,,VA,4285,26401,30686,10,9,19,2546,2832,5378,6,0.310733,0.326624,1108.2716,0.001839,0.001937,153,0.000238,0,28,0.611111,0.014393
53001,Adams County,,WA,1264,19696,20960,5,4,9,601,705,1306,7,0.266667,0.279228,0,0.001149,0.000506,6,0.000136,0,28,1,0.010716
53003,Asotin County,,WA,1879,22275,24154,6,7,13,1413,1176,2589,6,0.310008,0.325695,88.686353,0.001068,0.001527,6,0.000162,0,28,0.785714,0.009234
53005,Benton County,,WA,12478,178347,190825,51,35,86,11550,8893,20443,6,0.346076,0.370383,2514.477485,0.015286,0.011559,6,0.000752,0,28,0.514877,0.123996
53007,Chelan County,,WA,5783,78593,84376,19,18,37,4112,4092,8204,6,0.340277,0.361235,100.299932,0.006566,0.005599,6,0.000312,0,28,0.807895,0.053879
53009,Clallam County,,WA,4129,77791,81920,18,14,32,2291,1826,4117,6,0.33745,0.357752,37.630401,0.008291,0.005725,6,0.000256,0,28,0.847953,0.065195
53011,Clark County,,WA,25623,460118,485741,95,83,178,23300,19029,42329,6,0.361434,0.393918,6967.904529,0.02832,0.026254,6,0.001265,0,28,0.379212,0.226636
53013,Columbia County,,WA,367,4047,4414,1,1,2,97,84,181,7,0.250257,0.25803,0,0.00004,0.000034,6,0.000066,0,28,0,0.000381
53015,Cowlitz County,,WA,6126,110326,116452,26,21,47,4780,3962,8742,6,0.334899,0.355495,6013.89772,0.010086,0.005683,6,0.000403,0,28,0.712251,0.080942
53017,Douglas County,,WA,3576,37404,40980,11,9,20,2920,2713,5633,6,0.312594,0.328477,10.916232,0.005108,0.002477,6,0.000196,0,28,0.901515,0.041415
53019,Ferry County,,WA,605,6409,7014,3,3,6,277,225,502,7,0.285854,0.299148,0,0.000998,0.000695,6,0.000108,0,28,1,0.008601
53021,Franklin County,,WA,6266,74393,80659,23,15,38,6373,4676,11049,6,0.340396,0.361007,420.162246,0.010064,0.00538,6,0.000351,0,28,0.786232,0.080293
53023,Garfield County,,WA,183,2223,2406,0,0,0,0,0,0,0,0,0,0,0,0,154,0.00005,140,240,0,0
53025,Grant County,,WA,5036,90021,95057,28,20,48,3972,3101,7073,6,0.335398,0.356065,815.722599,0.008526,0.004468,6,0.000469,0,28,0.57931,0.06922
53027,Grays Harbor County,,WA,4454,73035,77489,13,18,31,2681,2901,5582,6,0.334822,0.355039,40.84461,0.003758,0.00506,6,0.00022,0,28,0.810458,0.032153
53029,Island County,,WA,10823,85186,96009,27,35,62,5719,5885,11604,6,0.35737,0.383293,181.935166,0.013693,0.016828,6,0.000314,0,28,0.685435,0.101798
53031,Jefferson County,,WA,2149,32064,34213,8,7,15,1177,967,2144,6,0.312627,0.328238,0.679075,0.004205,0.002346,6,0.000141,0,28,0.933333,0.03313
53033,King County,,WA,125298,2095597,2220895,343,281,624,115535,111798,227333,5,0.446412,0.495138,184919.172258,0.108822,0.096014,6,0.004167,0,28,0.197663,0.783943
53035,Kitsap County,,WA,21576,270070,291646,71,74,145,14315,14531,28846,6,0.373292,0.404645,2353.618402,0.029594,0.030421,6,0.000805,0,28,0.480219,0.226967
53037,Kittitas County,,WA,3514,35602,39116,12,12,24,2256,2120,4376,6,0.32902,0.347857,2.841237,0.002858,0.004054,6,0.000214,0,28,0.906593,0.025059
53039,Klickitat County,,WA,1540,20979,22519,10,7,17,923,685,1608,7,0.288819,0.303041,38.041318,0.002239,0.001042,6,0.000211,0,28,0.690909,0.020563
53041,Lewis County,,WA,5181,79530,84711,17,17,34,3610,3375,6985,6,0.334822,0.354925,25.835534,0.00472,0.005153,6,0.000263,0,28,0.757143,0.041023
53043,Lincoln County,,WA,806,11458,12264,3,2,5,442,426,868,7,0.266327,0.278515,0,0.001016,0.000308,6,0.000098,0,28,1,0.008945
53045,Mason County,,WA,4806,61404,66210,11,13,24,3976,3268,7244,6,0.337216,0.357324,45.20473,0.004448,0.005021,6,0.000183,0,28,0.82967,0.036263
53047,Okanogan County,,WA,2266,42347,44613,11,9,20,1444,1149,2593,6,0.312594,0.328477,1.217169,0.003343,0.002497,6,0.0002,0,28,0.909091,0.027894
53049,Pacific County,,WA,1699,21901,23600,9,10,19,771,847,1618,6,0.313297,0.329383,2.416757,0.002256,0.003048,6,0.000168,0,28,0.888889,0.020354
53051,Pend Oreille County,,WA,1090,13133,14223,4,3,7,602,557,1159,7,0.266181,0.278498,0.25,0.001093,0.000304,6,0.00013,0,28,0.9,0.009671
53053,Pierce County,,WA,63779,854473,918252,209,194,403,57172,50010,107182,5,0.425681,0.468171,51014.134896,0.075258,0.070004,6,0.002505,0,28,0.277541,0.560096
53055,San Juan County,,WA,1051,16222,17273,3,4,7,344,432,776,6,0.308797,0.32333,0,0.000954,0.00151,6,0.000088,0,28,1,0.008232
53057,Skagit County,,WA,8109,127441,135550,25,28,53,6317,5131,11448,6,0.345586,0.368399,364.368347,0.010614,0.011277,6,0.000353,0,28,0.693548,0.084235
53059,Skamania County,,WA,788,10730,11518,4,3,7,410,359,769,7,0.288278,0.301702,0,0.000647,0.000803,6,0.000119,0,28,1,0.006527
53061,Snohomish County,,WA,51142,776203,827345,143,128,271,46605,42073,88678,6,0.398311,0.436349,19172.349997,0.054821,0.049847,6,0.001794,0,28,0.3604,0.414346
53063,Spokane County,,WA,25936,506127,532063,113,98,211,22109,18566,40675,6,0.362554,0.39715,29083.86867,0.030891,0.029566,6,0.001777,0,28,0.309649,0.248779
53065,Stevens County,,WA,3349,45402,48751,9,6,15,1934,1907,3841,6,0.312493,0.327964,148.417432,0.003238,0.002153,6,0.000211,0,28,0.677778,0.026607
53067,Thurston County,,WA,20464,269549,290013,83,61,144,19608,14182,33790,6,0.359656,0.388794,2580.306247,0.028633,0.023191,6,0.001009,0,28,0.438968,0.223714
53069,Wahkiakum County,,WA,301,4203,4504,1,1,2,94,105,199,7,0.250901,0.258976,0,0.000044,0.000079,6,0.000067,0,28,0,0.000714
53071,Walla Walla County,,WA,3856,58765,62621,16,17,33,2196,2232,4428,6,0.333752,0.353374,5897.840886,0.004371,0.005175,6,0.000315,0,28,0.767974,0.037522
53073,Whatcom County,,WA,12334,207450,219784,50,38,88,9352,7634,16986,6,0.345872,0.370469,724.678728,0.018943,0.01482,6,0.000644,0,28,0.584848,0.150104
53075,Whitman County,,WA,4970,34064,39034,18,20,38,2369,2815,5184,6,0.340673,0.362004,373.80411,0.004299,0.006153,6,0.000313,0,28,0.720779,0.036393
53077,Yakima County,,WA,10700,258329,269029,43,43,86,6484,7512,13996,6,0.345954,0.371124,662.31007,0.013399,0.01378,6,0.000587,0,28,0.544495,0.106144
54001,Barbour County,,WV,813,16752,17565,4,3,7,461,366,827,8,0.204762,0.210588,1.488095,0.000001,0.000001,101,0.000229,0,28,0.666667,0.000408
54003,Berkeley County,,WV,7038,113948,120986,23,20,43,6116,3697,9813,6,0.315086,0.334223,11270.384176,0.006207,0.004571,153,0.000359,0,28,0.447692,0.043097
54005,Boone County,,WV,1217,25556,26773,5,5,10,516,767,1283,7,0.24442,0.254057,7.772655,0.000037,0.000046,101,0.00021,0,28,0.5,0.000876
54007,Braxton County,,WV,602,13679,14281,1,4,5,92,216,308,7,0.244446,0.253967,2871.098445,0,0.000044,101,0.000069,0,242,0.25,0.000085
54009,Brooke County,,WV,1253,27739,28992,5,5,10,633,698,1331,6,0.29913,0.313765,0.783333,0.000757,0.000741,101,0.000133,0,28,0.85,0.00553
54011,Cabell County,,WV,6215,97558,103773,13,16,29,3241,3481,6722,6,0.31256,0.331002,6725.487751,0.000811,0.001503,101,0.000486,0,28,0.264706,0.006937
54013,Calhoun County,,WV,341,7245,7586,1,1,2,61,60,121,8,0.196493,0.201311,3.885965,0,0,101,0.000069,0,241,0,0.000085
54015,Clay County,,WV,427,9570,9997,2,1,3,131,153,284,7,0.244216,0.253088,0,0.000036,0.000044,101,0.000097,0,28,0.5,0.00052
54017,Doddridge County,,WV,335,5247,5582,1,2,3,117,164,281,8,0.204647,0.210274,5.288456,0.000001,0.000001,101,0.000094,0,28,0,0.000118
54019,Fayette County,,WV,2292,45922,48214,6,7,13,1146,1213,2359,7,0.245632,0.256012,1330.7616,0.000043,0.000052,101,0.000263,0,28,0.482143,0.000934
54021,Gilmer County,,WV,497,6662,7159,1,3,4,71,214,285,8,0.196601,0.201936,1,0,0,101,0.000065,0,242,0.166667,0.000085
54023,Grant County,,WV,675,14071,14746,3,3,6,283,280,563,8,0.202451,0.207551,5890.494444,0,0.000001,153,0.000262,0,28,0.166667,0.000279
54025,Greenbrier County,,WV,1558,37642,39200,6,5,11,410,426,836,7,0.244441,0.254114,626.709765,0.000005,0.000045,101,0.000264,0,28,0.357143,0.000572
54027,Hampshire County,,WV,1403,25597,27000,6,6,12,614,644,1258,7,0.240125,0.249138,3501.921798,0.000905,0.000113,153,0.000222,0,28,0.452381,0.00712
54029,Hancock County,,WV,1822,37840,39662,6,7,13,1196,1036,2232,6,0.299805,0.314877,15.668978,0.000815,0.000795,101,0.000138,0,28,0.619048,0.005855
54031,Hardy County,,WV,912,15685,16597,3,3,6,279,284,563,8,0.203013,0.208469,1659.166695,0.000017,0.000008,153,0.000175,0,28,0.5,0.000503
54033,Harrison County,,WV,3318,79255,82573,11,10,21,1767,1503,3270,7,0.257213,0.268643,17146.497296,0.000124,0.000072,101,0.000512,0,28,0.272727,0.00195
54035,Jackson County,,WV,1388,32253,33641,6,5,11,697,685,1382,7,0.244543,0.254342,11.978715,0.000061,0.000058,101,0.000284,0,28,0.666667,0.001096
54037,Jefferson County,,WV,4343,57906,62249,15,11,26,3195,2485,5680,6,0.312293,0.329007,151.314623,0.005523,0.002848,153,0.000202,0,28,0.636029,0.038023
54039,Kanawha County,,WV,9440,218899,228339,30,26,56,5280,4987,10267,6,0.323094,0.345451,99559.461715,0.005652,0.004517,101,0.00097,0,28,0.19697,0.041484
54041,Lewis County,,WV,706,19556,20262,4,2,6,369,276,645,8,0.204619,0.21016,53.132257,0.000001,0.000001,101,0.000167,0,28,0.333333,0.000381
54043,Lincoln County,,WV,1077,21836,22913,6,6,12,774,723,1497,7,0.245117,0.255026,8.698485,0.000055,0.000052,101,0.000254,0,28,0.633333,0.001003
54045,Logan County,,WV,1293,37041,38334,5,5,10,543,540,1083,7,0.245179,0.255014,26.150958,0.000048,0.000057,101,0.000201,0,28,0.65,0.000924
54047,McDowell County,,WV,997,18231,19228,5,3,8,380,496,876,8,0.212949,0.219072,1909.659834,0.000072,0,101,0.000218,0,28,0.3,0.001733
54049,Marion County,,WV,3084,62783,65867,7,7,14,1339,1457,2796,6,0.300668,0.316165,3007.800933,0.000076,0.000738,101,0.000301,0,28,0.361111,0.001191
54051,Marshall County,,WV,1688,37265,38953,4,5,9,739,930,1669,6,0.299897,0.314763,6078.481139,0.000057,0.00071,101,0.000152,0,28,0.45,0.000666
54053,Mason County,,WV,1038,27435,28473,8,6,14,742,565,1307,7,0.245158,0.25514,497.318987,0.000824,0.000064,101,0.000314,0,28,0.553571,0.006378
54055,Mercer County,,WV,2870,64306,67176,9,9,18,1278,1123,2401,7,0.269717,0.281535,12310.680167,0.000037,0.000094,101,0.000417,0,28,0.190909,0.001216
54057,Mineral County,,WV,1376,32223,33599,6,4,10,938,663,1601,7,0.253731,0.263285,11776.740883,0.000057,0.000052,153,0.000267,0,28,0.333333,0.001171
54059,Mingo County,,WV,1259,25684,26943,5,8,13,452,759,1211,7,0.245549,0.256103,6693.243284,0.000754,0.000054,101,0.000205,0,28,0.25,0.005544
54061,Monongalia County,,WV,6345,82186,88531,23,20,43,2805,2621,5426,6,0.338426,0.360197,57908.962753,0.002473,0.005047,101,0.000692,0,28,0.181217,0.0194
54063,Monroe County,,WV,550,13747,14297,4,3,7,397,232,629,8,0.212577,0.218553,46.218612,0.000001,0.000001,101,0.000198,0,28,0.416667,0.000391
54065,Morgan County,,WV,1048,19004,20052,6,4,10,536,426,962,7,0.241813,0.251207,11.40212,0.00047,0.000128,153,0.000136,0,28,0.5,0.003999
54067,Nicholas County,,WV,1161,28150,29311,3,5,8,348,358,706,7,0.24442,0.254085,6816.599951,0.000036,0.000045,101,0.000183,0,28,0.55,0.000621
54069,Ohio County,,WV,2728,51904,54632,7,7,14,1244,1396,2640,6,0.299959,0.315105,2108.072375,0.001546,0.000754,101,0.00018,0,28,0.607143,0.010781
54071,Pendleton County,,WV,485,9016,9501,1,1,2,57,72,129,9,0.168375,0.171259,0,0,0,153,0.000125,0,28,0,0.00009
54073,Pleasants County,,WV,428,8419,8847,3,2,5,184,196,380,7,0.236054,0.243461,4.332576,0.000013,0.000013,101,0.000174,0,28,0.666667,0.000388
54075,Pocahontas County,,WV,520,9508,10028,1,3,4,44,142,186,6,0.29328,0.307245,459.113791,0,0.000511,153,0.000105,0,28,0,0.000102
54077,Preston County,,WV,1430,34928,36358,4,4,8,624,668,1292,7,0.253094,0.262225,23.307766,0.000053,0.000033,101,0.000157,0,28,0.45,0.000677
54079,Putnam County,,WV,4071,62515,66586,8,7,15,2669,2379,5048,6,0.307725,0.32337,1874.293722,0.000089,0.000782,101,0.000333,0,28,0.430556,0.001404
54081,Raleigh County,,WV,3662,81141,84803,9,9,18,1533,1446,2979,7,0.258099,0.26939,4707.060427,0.000049,0.000071,101,0.000379,0,28,0.311111,0.001276
54083,Randolph County,,WV,1489,31642,33131,7,6,13,528,621,1149,7,0.253336,0.26292,10348.558437,0.00005,0.00002,101,0.000383,0,28,0.333333,0.000845
54085,Ritchie County,,WV,575,12230,12805,2,2,4,173,234,407,7,0.235921,0.24313,192.621599,0.000007,0.000007,101,0.000128,0,28,0.333333,0.000244
54087,Roane County,,WV,786,15732,16518,3,3,6,255,379,634,7,0.244461,0.253886,2926.885965,0.000036,0.000051,101,0.000188,0,28,0.5,0.000622
54089,Summers County,,WV,729,11797,12526,3,5,8,225,439,664,8,0.2134,0.219977,10.369721,0.000002,0.000001,101,0.00017,0,28,0.65,0.000316
54091,Taylor County,,WV,929,17520,18449,4,4,8,556,551,1107,7,0.253029,0.262122,342.068569,0.000046,0.000021,101,0.000193,0,28,0.6,0.000583
54093,Tucker County,,WV,372,8119,8491,1,1,2,116,92,208,8,0.202143,0.206822,0,0,0,101,0.000105,0,28,0,0.000102
54095,Tyler County,,WV,604,9789,10393,1,1,2,173,228,401,8,0.192242,0.196541,0,0,0,101,0.000081,0,28,0,0.00009
54097,Upshur County,,WV,1081,24904,25985,4,6,10,359,495,854,7,0.253138,0.262607,1792.799379,0.000001,0.000021,101,0.000284,0,28,0.566667,0.000406
54099,Wayne County,,WV,2087,42224,44311,7,7,14,1339,1366,2705,7,0.245384,0.255727,355.390689,0.000056,0.000071,101,0.000293,0,28,0.428571,0.001225
54101,Webster County,,WV,413,9161,9574,1,1,2,72,124,196,8,0.196426,0.201243,0,0,0,101,0.000081,0,28,0,0.000093
54103,Wetzel County,,WV,980,18654,19634,3,5,8,368,394,762,7,0.237975,0.24647,5915.655133,0.000006,0.000008,101,0.000183,0,28,0,0.000271
54105,Wirt County,,WV,343,5698,6041,1,1,2,102,167,269,7,0.235902,0.242959,0,0.000007,0.000007,101,0.000088,0,28,0,0.000158
54107,Wood County,,WV,4080,99199,103279,13,13,26,2082,1793,3875,6,0.308699,0.325524,21347.061049,0.000863,0.000936,101,0.000573,0,28,0.185714,0.007039
54109,Wyoming County,,WV,936,22782,23718,4,3,7,326,397,723,8,0.213306,0.219436,25.602812,0.000002,0.000001,101,0.000209,0,28,0.333333,0.000454
55001,Adams County,,WI,1583,22240,23823,10,8,18,820,825,1645,6,0.29855,0.312073,35.1734,0.002143,0.000885,155,0.000192,0,28,0.736364,0.015089
55003,Ashland County,,WI,1090,19139,20229,1,3,4,227,243,470,7,0.235218,0.241983,4.130462,0,0.000011,23,0.000094,0,28,0.333333,0.000088
55005,Barron County,,WI,2895,57627,60522,14,11,25,1557,1495,3052,6,0.308049,0.323609,1943.864182,0.001911,0.00132,23,0.000338,0,28,0.527473,0.01411
55007,Bayfield County,,WI,948,18508,19456,2,2,4,246,331,577,7,0.234803,0.241139,2966.166667,0.000009,0.000008,23,0.000102,0,28,0.5,0.000239
55009,Brown County,,WI,13848,305341,319189,42,43,85,8958,9147,18105,6,0.357239,0.383521,34416.861353,0.008064,0.010208,155,0.00072,0,28,0.288265,0.060911
55011,Buffalo County,,WI,995,17456,18451,4,6,10,359,546,905,7,0.257032,0.266745,10.342834,0.000056,0.000066,23,0.000125,0,28,0.4,0.000787
55013,Burnett County,,WI,989,19432,20421,7,5,12,428,337,765,6,0.30637,0.320018,328.900272,0.00107,0.000666,23,0.000167,0,28,0.680556,0.007945
55015,Calumet County,,WI,3767,59906,63673,10,9,19,2911,2724,5635,6,0.298794,0.312528,0.764683,0.001343,0.000971,155,0.000177,0,28,0.933333,0.009101
55017,Chippewa County,,WI,4138,74532,78670,15,12,27,2857,2501,5358,6,0.308146,0.323894,1914.993151,0.001956,0.001136,23,0.000323,0,28,0.495833,0.014466
55019,Clark County,,WI,2105,41453,43558,6,9,15,1005,1260,2265,6,0.290079,0.303762,49.470752,0.000111,0.0005,155,0.000159,0,28,0.694444,0.001444
55021,Columbia County,,WI,4885,71209,76094,15,16,31,3302,3344,6646,6,0.340673,0.361132,513.29235,0.002268,0.00317,155,0.000263,0,28,0.616667,0.01664
55023,Crawford County,,WI,1174,19893,21067,5,5,10,566,560,1126,6,0.289821,0.302764,107.88549,0.00045,0.000403,155,0.000151,0,28,0.5,0.003457
55025,Dane County,,WI,32487,578264,610751,142,139,281,25034,24692,49726,5,0.407242,0.445052,99316.241132,0.045091,0.051808,155,0.001921,0,28,0.29153,0.322438
55027,Dodge County,,WI,6327,107190,113517,13,15,28,4428,4339,8767,6,0.299253,0.314039,61.570054,0.002363,0.00129,155,0.000203,0,28,0.742647,0.016664
55029,Door County,,WI,1466,36217,37683,7,4,11,675,516,1191,6,0.298642,0.311674,436.55383,0.001994,0.00083,155,0.000146,0,28,0.785714,0.014127
55031,Douglas County,,WI,2609,50738,53347,8,8,16,1263,1303,2566,6,0.30666,0.320816,12091.081457,0.001012,0.001137,23,0.000239,0,28,0.444444,0.007693
55033,Dunn County,,WI,3293,45486,48779,14,12,26,1833,1827,3660,6,0.308114,0.323837,1025.303129,0.001799,0.001573,23,0.00029,0,28,0.626374,0.013352
55035,Eau Claire County,,WI,7672,109802,117474,33,33,66,4991,5212,10203,6,0.345382,0.368627,22825.880629,0.003722,0.00447,23,0.000653,0,28,0.31746,0.028136
55037,Florence County,,WI,453,5712,6165,1,2,3,84,174,258,7,0.263305,0.273188,0,0.000001,0.000064,155,0.000081,0,28,1,0.000106
55039,Fond du Lac County,,WI,5737,127051,132788,20,20,40,3744,3708,7452,6,0.344365,0.365777,1048.122316,0.002536,0.003897,155,0.000312,0,28,0.590909,0.01873
55041,Forest County,,WI,505,11069,11574,3,1,4,133,63,196,7,0.2302,0.23636,0,0.000583,0.000017,155,0.000091,0,28,1,0.004036
55043,Grant County,,WI,2969,58682,61651,11,11,22,1579,1716,3295,6,0.29913,0.313326,111.476358,0.000973,0.000917,155,0.000267,0,28,0.378788,0.007421
55045,Green County,,WI,2216,46539,48755,6,5,11,1448,1226,2674,6,0.289677,0.302536,103.530573,0.001588,0.000421,155,0.000128,0,28,0.571429,0.011276
55047,Green Lake County,,WI,1549,24064,25613,7,7,14,846,932,1778,6,0.289648,0.302707,33.536661,0.000582,0.000459,155,0.000158,0,28,0.767857,0.004405
55049,Iowa County,,WI,1742,29339,31081,5,5,10,1210,1077,2287,6,0.289562,0.302308,1.333333,0.000435,0.000384,155,0.000141,0,28,0.8,0.003267
55051,Iron County,,WI,449,7556,8005,1,1,2,116,112,228,1,1,1,0,0,0,155,0.000443,0,8,0,0.000088
55053,Jackson County,,WI,1298,23317,24615,5,6,11,626,627,1253,6,0.289936,0.303135,3.586099,0.000079,0.000432,155,0.000141,0,28,0.766667,0.00116
55055,Jefferson County,,WI,6224,98588,104812,12,15,27,4693,4311,9004,6,0.340872,0.361246,47.768192,0.002317,0.003299,155,0.000177,0,28,0.733333,0.016317
55057,Juneau County,,WI,2005,30263,32268,11,9,20,1249,1155,2404,6,0.298672,0.312386,90.763551,0.001989,0.000886,155,0.000219,0,28,0.754545,0.014665
55059,Kenosha County,,WI,11380,192820,204200,18,24,42,8117,7192,15309,6,0.356498,0.37997,114.47454,0.008275,0.010355,155,0.000218,0,28,0.683077,0.057943
55061,Kewaunee County,,WI,1235,26161,27396,3,4,7,661,759,1420,6,0.29779,0.310192,0.392857,0.000103,0.000503,155,0.000107,0,28,0.833333,0.000975
55063,La Crosse County,,WI,7011,128543,135554,34,27,61,4623,4166,8789,6,0.345178,0.367658,7206.014363,0.004829,0.004232,155,0.000574,0,28,0.344538,0.03688
55065,Lafayette County,,WI,981,20953,21934,4,5,9,594,661,1255,6,0.289907,0.302821,4.712045,0.000418,0.0004,155,0.000128,0,28,0.65,0.003095
55067,Langlade County,,WI,1180,25262,26442,5,6,11,415,505,920,7,0.263566,0.274271,4.980224,0.000599,0.000173,155,0.00013,0,28,0.761905,0.004418
55069,Lincoln County,,WI,1746,37391,39137,5,5,10,760,847,1607,6,0.298459,0.31156,57.192416,0.000667,0.000846,155,0.000127,0,28,0.833333,0.00458
55071,Manitowoc County,,WI,4045,106165,110210,10,14,24,1996,2342,4338,6,0.326303,0.344887,203.122687,0.001329,0.002114,155,0.000187,0,28,0.741758,0.009022
55073,Marathon County,,WI,7086,168105,175191,32,25,57,4651,4289,8940,6,0.344974,0.367145,7835.510969,0.005406,0.004156,155,0.000517,0,28,0.392045,0.039856
55075,Marinette County,,WI,2850,51981,54831,10,9,19,1472,1575,3047,6,0.298916,0.312756,502.974193,0.000905,0.001057,155,0.000205,0,28,0.627273,0.006349
55077,Marquette County,,WI,1231,19079,20310,7,6,13,802,632,1434,6,0.289591,0.302479,39.771012,0.000928,0.000419,155,0.000164,0,28,0.666667,0.006609
55078,Menominee County,,WI,338,4651,4989,1,2,3,110,207,317,7,0.263281,0.273131,0,0.000008,0.000072,155,0.000067,0,28,1,0.00016
55079,Milwaukee County,,WI,52045,1072350,1124395,134,155,289,33382,42517,75899,5,0.423277,0.461149,77892.548924,0.052991,0.06019,155,0.001587,0,28,0.320682,0.373345
55081,Monroe County,,WI,3251,52838,56089,10,8,18,1518,1470,2988,6,0.289792,0.303078,153.979463,0.001008,0.000488,155,0.000216,0,28,0.636364,0.007452
55083,Oconto County,,WI,2416,47437,49853,5,5,10,1617,1537,3154,6,0.297851,0.31042,0.533333,0.000607,0.00053,155,0.000126,0,28,0.9,0.004321
55085,Oneida County,,WI,2526,47618,50144,12,11,23,1210,1190,2400,6,0.298978,0.313098,3083.688891,0.002231,0.001138,155,0.000286,0,28,0.628205,0.016026
55087,Outagamie County,,WI,13683,219361,233044,34,28,62,10406,10031,20437,6,0.348054,0.371306,4287.242787,0.004714,0.005246,155,0.000549,0,28,0.390476,0.036076
55089,Ozaukee County,,WI,6331,106941,113272,10,15,25,4420,4031,8451,6,0.345382,0.366404,8.160049,0.002774,0.004511,155,0.000153,0,28,0.795833,0.018855
55091,Pepin County,,WI,606,9391,9997,4,4,8,277,273,550,7,0.256874,0.266203,1.861111,0.00006,0.000054,23,0.000119,0,28,0.666667,0.000829
55093,Pierce County,,WI,2907,45788,48695,10,13,23,1919,1829,3748,6,0.308179,0.324065,921.235734,0.001356,0.001575,23,0.000216,0,28,0.634615,0.009942
55095,Polk County,,WI,2796,54563,57359,12,11,23,1921,1733,3654,6,0.306949,0.3217,12.539532,0.001454,0.001227,23,0.00025,0,28,0.712121,0.010819
55097,Portage County,,WI,4507,80690,85197,19,15,34,2463,2544,5007,6,0.311097,0.3274,320.127835,0.002493,0.001849,155,0.000324,0,28,0.569264,0.018308
55099,Price County,,WI,897,18531,19428,3,3,6,154,154,308,7,0.257032,0.26646,170.573437,0.000406,0.000072,155,0.000107,0,28,0.5,0.002833
55101,Racine County,,WI,11401,238780,250181,19,27,46,7341,7206,14547,6,0.353225,0.377012,260.363373,0.007647,0.008552,155,0.000234,0,28,0.612434,0.05482
55103,Richland County,,WI,1260,20984,22244,5,6,11,591,755,1346,6,0.289706,0.302679,2.026166,0.000435,0.000423,155,0.000146,0,28,0.8,0.003284
55105,Rock County,,WI,8668,197958,206626,24,27,51,5467,5224,10691,6,0.34661,0.369311,1305.42189,0.005423,0.005491,155,0.000353,0,28,0.426411,0.039935
55107,Rusk County,,WI,931,17717,18648,5,3,8,379,343,722,7,0.256784,0.265861,0.666667,0.000055,0.000059,23,0.000163,0,28,0.7,0.001009
55109,St. Croix County,,WI,5789,100026,105815,18,17,35,4599,3727,8326,6,0.308439,0.32492,1899.076162,0.003411,0.001728,23,0.000347,0,28,0.511905,0.025226
55111,Sauk County,,WI,4489,77344,81833,17,18,35,3042,2803,5845,6,0.326339,0.345457,724.785153,0.002241,0.002085,155,0.00033,0,28,0.477124,0.016549
55113,Sawyer County,,WI,1142,20719,21861,4,4,8,226,267,493,7,0.256897,0.266192,364.133716,0.000666,0.000045,23,0.000134,0,28,0.7,0.005203
55115,Shawano County,,WI,2658,50275,52933,10,11,21,1725,1789,3514,6,0.298947,0.313041,3163.516777,0.001086,0.000982,155,0.000218,0,28,0.627273,0.007991
55117,Sheboygan County,,WI,5665,149136,154801,17,16,33,3045,3313,6358,6,0.344243,0.365122,283.952501,0.003853,0.003819,155,0.000238,0,28,0.671053,0.025937
55119,Taylor County,,WI,1162,24264,25426,5,7,12,494,569,1063,7,0.257191,0.267315,12.351628,0.000081,0.000109,155,0.000153,0,28,0.595238,0.001217
55121,Trempealeau County,,WI,2142,37405,39547,8,9,17,1380,1295,2675,6,0.290166,0.303876,267.605895,0.000507,0.000473,155,0.000187,0,28,0.5,0.004146
55123,Vernon County,,WI,1845,34339,36184,8,7,15,1026,1101,2127,6,0.289734,0.30285,6.435743,0.000514,0.000438,155,0.000197,0,28,0.660714,0.00432
55125,Vilas County,,WI,1539,26687,28226,6,6,12,647,594,1241,6,0.298764,0.31213,0.111111,0.002096,0.000926,155,0.000126,0,28,0.964286,0.014411
55127,Walworth County,,WI,7239,117692,124931,15,15,30,4745,4723,9468,6,0.340594,0.360933,32.522681,0.004997,0.00458,155,0.000185,0,28,0.783333,0.034401
55129,Washburn County,,WI,1209,19913,21122,6,6,12,524,517,1041,7,0.257055,0.26679,18.680588,0.000073,0.000092,23,0.000193,0,28,0.433333,0.001302
55131,Washington County,,WI,8583,166642,175225,17,19,36,7552,6150,13702,6,0.347268,0.369254,170.276531,0.003523,0.004963,155,0.000247,0,28,0.688095,0.026249
55133,Waukesha County,,WI,26705,488259,514964,52,72,124,21442,20715,42157,6,0.378169,0.409975,8796.776758,0.019138,0.028026,155,0.000637,0,28,0.422377,0.135302
55135,Waupaca County,,WI,3077,63893,66970,12,11,23,1981,2023,4004,6,0.299008,0.313155,99.33097,0.001351,0.001141,155,0.000228,0,28,0.787879,0.009616
55137,Waushara County,,WI,1649,28439,30088,10,7,17,1084,925,2009,7,0.259911,0.270045,10.798356,0.001238,0.000133,155,0.000199,0,28,0.711111,0.008547
55139,Winnebago County,,WI,12184,194589,206773,30,31,61,8841,8699,17540,6,0.348635,0.37215,2881.575572,0.004369,0.005401,155,0.000465,0,28,0.444742,0.033551
55141,Wood County,,WI,4598,94178,98776,16,20,36,2372,2760,5132,6,0.344649,0.366148,1848.214063,0.002283,0.003897,155,0.000301,0,28,0.547619,0.017055
56001,Albany County,,WY,4238,30294,34532,15,17,32,1366,1686,3052,6,0.333257,0.353101,3033.055279,0.001203,0.002818,126,0.000386,0,28,0.326316,0.011976
56003,Big Horn County,,WY,976,12082,13058,4,3,7,300,291,591,7,0.258738,0.269276,5.957213,0.000094,0.000101,6,0.000166,0,28,0.75,0.001293
56005,Campbell County,,WY,4278,47397,51675,18,14,32,1550,1432,2982,6,0.334133,0.353614,13033.607929,0.002159,0.001533,23,0.000581,0,28,0.254762,0.017705
56007,Carbon County,,WY,1825,17003,18828,5,6,11,344,535,879,7,0.275615,0.288348,4.118602,0.000418,0.000491,126,0.000142,0,28,0.933333,0.004261
56009,Converse County,,WY,1162,15160,16322,6,2,8,592,393,985,7,0.258738,0.268711,0,0.00018,0.000133,126,0.000185,0,28,0.866667,0.001953
56011,Crook County,,WY,645,7506,8151,2,2,4,213,190,403,7,0.251224,0.259301,0,0.000065,0.000025,23,0.000121,0,28,1,0.000885
56013,Fremont County,,WY,2518,42802,45320,8,8,16,685,597,1282,7,0.263376,0.275346,3057.105202,0.000749,0.000321,126,0.00021,0,28,0.454545,0.006692
56015,Goshen County,,WY,796,13094,13890,3,3,6,250,197,447,7,0.260235,0.27045,18.269431,0.000108,0.000097,126,0.000113,0,28,0.5,0.001066
56017,Hot Springs County,,WY,398,5133,5531,1,0,1,58,0,58,0,0,0,0,0.000003,0,126,0.000073,0,10,0,0.000146
56019,Johnson County,,WY,747,8731,9478,3,3,6,263,218,481,7,0.256874,0.266374,0,0.000068,0.000071,6,0.000133,0,28,1,0.000877
56021,Laramie County,,WY,7932,101943,109875,37,33,70,3612,3372,6984,6,0.347557,0.373045,18988.305856,0.010422,0.011216,126,0.000744,0,28,0.394241,0.084033
56023,Lincoln County,,WY,1539,18889,20428,9,8,17,702,506,1208,6,0.298794,0.312893,116.589811,0.00111,0.000757,6,0.000211,0,28,0.444444,0.009405
56025,Natrona County,,WY,5503,82688,88191,24,26,50,2445,2584,5029,6,0.345341,0.368884,16061.519223,0.006638,0.006948,126,0.000575,0,28,0.419951,0.052844
56027,Niobrara County,,WY,180,2642,2822,0,0,0,0,0,0,0,0,0,0,0,0,156,0.00005,141,243,0,0
56029,Park County,,WY,2534,32211,34745,5,7,12,468,666,1134,7,0.259657,0.271043,5901.477513,0.000146,0.000171,6,0.000241,0,28,0.547619,0.001765
56031,Platte County,,WY,866,9802,10668,4,6,10,232,378,610,7,0.259105,0.269886,9.581066,0.000165,0.000162,126,0.00014,0,28,0.666667,0.001555
56033,Sheridan County,,WY,2375,32229,34604,8,8,16,790,775,1565,7,0.260769,0.272787,100.520346,0.000249,0.000252,6,0.00027,0,28,0.477778,0.002926
56035,Sublette County,,WY,1065,8631,9696,4,3,7,275,211,486,7,0.260839,0.271316,3.128849,0.000618,0.000184,6,0.000122,0,28,0.75,0.005262
56037,Sweetwater County,,WY,4409,48476,52885,22,19,41,1696,1767,3463,6,0.303603,0.320018,1698.202927,0.006993,0.002009,6,0.000415,0,28,0.41453,0.055843
56039,Teton County,,WY,2613,23152,25765,4,8,12,303,759,1062,6,0.334477,0.353614,913.391753,0.001573,0.002976,6,0.00012,0,28,0.446429,0.012611
56041,Uinta County,,WY,1844,23667,25511,9,9,18,849,634,1483,6,0.30036,0.314922,131.948235,0.003193,0.001421,6,0.00018,0,28,0.568182,0.024786
56043,Washakie County,,WY,705,9522,10227,1,1,2,73,43,116,8,0.206148,0.211575,0,0.000001,0.000001,6,0.000079,0,28,0,0.000105
56045,Weston County,,WY,621,7947,8568,1,1,2,97,71,168,7,0.250471,0.258229,0,0.000012,0.000017,23,0.000085,0,28,0,0.000247
2275,Wrangell Petersburg Census Area,,AK,573,6474,7047,0,1,1,0,49,49,7,0.240563,0.247415,0,0,0.000032,6,0.00005,0,244,0,0
2198,Prince of Wales Outer Ketchikan,,AK,444,4888,5332,1,2,3,98,122,220,7,0.287512,0.300117,0,0.00001,0.000377,6,0.00008,0,28,1,0.000159
