id,label,timeset,state,totalMig,totalNonMig,population
1001,Autauga County,,AL,6081,56309,62390
1003,Baldwin County,,AL,11109,180725,191834
1005,Barbour County,,AL,1813,27453,29266
1007,Bibb County,,AL,1553,21945,23498
1009,Blount County,,AL,3398,58236,61634
1011,Bullock County,,AL,652,9683,10335
1013,Butler County,,AL,1178,23080,24258
1015,Calhoun County,,AL,6888,128353,135241
1017,Chambers County,,AL,2707,39392,42099
1019,Cherokee County,,AL,1405,25699,27104
1021,Chilton County,,AL,2566,44913,47479
1023,Choctaw County,,AL,712,15227,15939
1025,Clarke County,,AL,1551,30256,31807
1027,Clay County,,AL,963,16467,17430
1029,Cleburne County,,AL,962,14929,15891
1031,Coffee County,,AL,5285,48318,53603
1033,Colbert County,,AL,3474,61355,64829
1035,Conecuh County,,AL,1025,14566,15591
1037,Coosa County,,AL,1011,11683,12694
1039,Covington County,,AL,2196,39082,41278
1041,Crenshaw County,,AL,993,15079,16072
1043,Cullman County,,AL,3599,87010,90609
1045,Dale County,,AL,7538,49463,57001
1047,Dallas County,,AL,2376,48154,50530
1049,DeKalb County,,AL,3616,72791,76407
1051,Elmore County,,AL,7532,82138,89670
1053,Escambia County,,AL,2107,38356,40463
1055,Etowah County,,AL,5305,112077,117382
1057,Fayette County,,AL,1042,18529,19571
1059,Franklin County,,AL,1627,33329,34956
1061,Geneva County,,AL,1845,26505,28350
1063,Greene County,,AL,692,9911,10603
1065,Hale County,,AL,1192,19047,20239
1067,Henry County,,AL,1287,18461,19748
1069,Houston County,,AL,7169,106940,114109
1071,Jackson County,,AL,2507,58205,60712
1073,Jefferson County,,AL,38852,724515,763367
1075,Lamar County,,AL,916,16319,17235
1077,Lauderdale County,,AL,4904,97278,102182
1079,Lawrence County,,AL,1972,38098,40070
1081,Lee County,,AL,11503,124085,135588
1083,Limestone County,,AL,4513,80983,85496
1085,Lowndes County,,AL,1170,14681,15851
1087,Macon County,,AL,1727,22414,24141
1089,Madison County,,AL,18832,359415,378247
1091,Marengo County,,AL,1392,23953,25345
1093,Marion County,,AL,1737,30460,32197
1095,Marshall County,,AL,5549,96406,101955
1097,Mobile County,,AL,17661,440968,458629
1099,Monroe County,,AL,1347,25151,26498
1101,Montgomery County,,AL,21384,247977,269361
1103,Morgan County,,AL,7075,130972,138047
1105,Perry County,,AL,742,11732,12474
1107,Pickens County,,AL,997,22558,23555
1109,Pike County,,AL,2337,28714,31051
1111,Randolph County,,AL,1166,23576,24742
1113,Russell County,,AL,6312,52154,58466
1115,St. Clair County,,AL,5355,82143,87498
1117,Shelby County,,AL,15900,198940,214840
1119,Sumter County,,AL,804,14269,15073
1121,Talladega County,,AL,4964,85735,90699
1123,Tallapoosa County,,AL,2526,44774,47300
1125,Tuscaloosa County,,AL,10364,185417,195781
1127,Walker County,,AL,3036,69970,73006
1129,Washington County,,AL,1114,18520,19634
1131,Wilcox County,,AL,735,13904,14639
1133,Winston County,,AL,1574,25318,26892
2013,Aleutians East Borough,,AK,269,1713,1982
2016,Aleutians West Census Area,,AK,958,4277,5235
2020,Anchorage Municipality,,AK,28397,303939,332336
2050,Bethel Census Area,,AK,1066,17016,18082
2060,Bristol Bay Borough,,AK,-2,-2,-4
2068,Denali Borough,,AK,294,2260,2554
2070,Dillingham Census Area,,AK,460,4785,5245
2090,Fairbanks North Star Borough,,AK,14179,100257,114436
2100,Haines Borough,,AK,229,2648,2877
2105,Hoonah-Angoon Census Area,,AK,208,2138,2346
2110,Juneau City and Borough,,AK,2345,33469,35814
2122,Kenai Peninsula Borough,,AK,4240,57686,61926
2130,Ketchikan Gateway Borough,,AK,1465,14787,16252
2150,Kodiak Island Borough,,AK,1828,14967,16795
2164,Lake and Peninsula Borough,,AK,181,1512,1693
2170,Matanuska-Susitna Borough,,AK,6178,83856,90034
2180,Nome Census Area,,AK,654,8847,9501
2185,North Slope Borough,,AK,530,6610,7140
2188,Northwest Arctic Borough,,AK,537,6682,7219
2195,Petersburg Census Area,,AK,0,0,0
2220,Sitka City and Borough,,AK,828,9431,10259
2230,Skagway Municipality,,AK,178,1175,1353
2240,Southeast Fairbanks Census Area,,AK,888,7657,8545
2261,Valdez-Cordova Census Area,,AK,1195,10620,11815
2270,Wade Hampton Census Area,,AK,407,7237,7644
2282,Yakutat City and Borough,,AK,81,531,612
2290,Yukon-Koyukuk Census Area,,AK,650,5719,6369
4001,Apache County,,AZ,6927,63974,70901
4003,Cochise County,,AZ,14055,127679,141734
4005,Coconino County,,AZ,13415,128344,141759
4007,Gila County,,AZ,3961,53486,57447
4009,Graham County,,AZ,1970,28824,30794
4011,Greenlee County,,AZ,871,8060,8931
4012,La Paz County,,AZ,1598,15254,16852
4013,Maricopa County,,AZ,189022,3959276,4148298
4015,Mohave County,,AZ,15725,190734,206459
4017,Navajo County,,AZ,8162,100098,108260
4019,Pima County,,AZ,50179,999670,1049849
4021,Pinal County,,AZ,23314,242023,265337
4023,Santa Cruz County,,AZ,2782,51967,54749
4025,Yavapai County,,AZ,15450,217390,232840
4027,Yuma County,,AZ,12118,207742,219860
5001,Arkansas County,,AR,1272,20929,22201
5003,Ashley County,,AR,1181,23999,25180
5005,Baxter County,,AR,2888,44160,47048
5007,Benton County,,AR,15791,220794,236585
5009,Boone County,,AR,2685,38710,41395
5011,Bradley County,,AR,846,11628,12474
5013,Calhoun County,,AR,388,5428,5816
5015,Carroll County,,AR,1916,27330,29246
5017,Chicot County,,AR,1025,11687,12712
5019,Clark County,,AR,1879,21558,23437
5021,Clay County,,AR,1205,17227,18432
5023,Cleburne County,,AR,1724,26003,27727
5025,Cleveland County,,AR,925,9503,10428
5027,Columbia County,,AR,1688,24442,26130
5029,Conway County,,AR,1579,21831,23410
5031,Craighead County,,AR,6441,92260,98701
5033,Crawford County,,AR,4714,62478,67192
5035,Crittenden County,,AR,3787,54511,58298
5037,Cross County,,AR,1397,19354,20751
5039,Dallas County,,AR,596,8408,9004
5041,Desha County,,AR,1089,13987,15076
5043,Drew County,,AR,1390,18407,19797
5045,Faulkner County,,AR,8476,105930,114406
5047,Franklin County,,AR,1264,18148,19412
5049,Fulton County,,AR,852,11298,12150
5051,Garland County,,AR,5936,100162,106098
5053,Grant County,,AR,1686,19273,20959
5055,Greene County,,AR,2364,42524,44888
5057,Hempstead County,,AR,1686,22741,24427
5059,Hot Spring County,,AR,2314,32555,34869
5061,Howard County,,AR,941,14745,15686
5063,Independence County,,AR,2454,37829,40283
5065,Izard County,,AR,814,12610,13424
5067,Jackson County,,AR,1145,16308,17453
5069,Jefferson County,,AR,5404,80860,86264
5071,Johnson County,,AR,1553,25234,26787
5073,Lafayette County,,AR,507,7495,8002
5075,Lawrence County,,AR,1180,17244,18424
5077,Lee County,,AR,650,8563,9213
5079,Lincoln County,,AR,861,11419,12280
5081,Little River County,,AR,864,13587,14451
5083,Logan County,,AR,1631,23726,25357
5085,Lonoke County,,AR,6386,68713,75099
5087,Madison County,,AR,1107,16012,17119
5089,Marion County,,AR,1261,16528,17789
5091,Miller County,,AR,3956,41891,45847
5093,Mississippi County,,AR,3044,49466,52510
5095,Monroe County,,AR,754,8791,9545
5097,Montgomery County,,AR,579,8693,9272
5099,Nevada County,,AR,857,9440,10297
5101,Newton County,,AR,591,8394,8985
5103,Ouachita County,,AR,1782,27331,29113
5105,Perry County,,AR,958,10457,11415
5107,Phillips County,,AR,1562,22158,23720
5109,Pike County,,AR,798,11376,12174
5111,Poinsett County,,AR,1912,25004,26916
5113,Polk County,,AR,1322,19962,21284
5115,Pope County,,AR,4173,60133,64306
5117,Prairie County,,AR,586,8656,9242
5119,Pulaski County,,AR,28929,409699,438628
5121,Randolph County,,AR,1133,18417,19550
5123,St. Francis County,,AR,2038,24837,26875
5125,Saline County,,AR,7379,107032,114411
5127,Scott County,,AR,911,11529,12440
5129,Searcy County,,AR,525,7530,8055
5131,Sebastian County,,AR,9932,129588,139520
5133,Sevier County,,AR,937,15938,16875
5135,Sharp County,,AR,1575,17624,19199
5137,Stone County,,AR,679,11880,12559
5139,Union County,,AR,2500,47388,49888
5141,Van Buren County,,AR,1239,16264,17503
5143,Washington County,,AR,17253,192335,209588
5145,White County,,AR,4983,74532,79515
5147,Woodruff County,,AR,580,7702,8282
5149,Yell County,,AR,1683,21264,22947
6001,Alameda County,,CA,100103,1592306,1692409
6003,Alpine County,,CA,183,1017,1200
6005,Amador County,,CA,2210,38601,40811
6007,Butte County,,CA,11852,211024,222876
6009,Calaveras County,,CA,3091,46911,50002
6011,Colusa County,,CA,1502,25859,27361
6013,Contra Costa County,,CA,60773,1121291,1182064
6015,Del Norte County,,CA,1550,23593,25143
6017,El Dorado County,,CA,12688,192856,205544
6019,Fresno County,,CA,33557,922508,956065
6021,Glenn County,,CA,1726,30126,31852
6023,Humboldt County,,CA,7610,127664,135274
6025,Imperial County,,CA,8721,200094,208815
6027,Inyo County,,CA,1451,19965,21416
6029,Kern County,,CA,36449,800231,836680
6031,Kings County,,CA,11042,134021,145063
6033,Lake County,,CA,3477,59215,62692
6035,Lassen County,,CA,1961,25792,27753
6037,Los Angeles County,,CA,390780,10304247,10695027
6039,Madera County,,CA,7692,135770,143462
6041,Marin County,,CA,15373,244567,259940
6043,Mariposa County,,CA,1459,18213,19672
6045,Mendocino County,,CA,4487,90142,94629
6047,Merced County,,CA,16101,251937,268038
6049,Modoc County,,CA,609,8651,9260
6051,Mono County,,CA,1574,12422,13996
6053,Monterey County,,CA,28106,442317,470423
6055,Napa County,,CA,8290,147510,155800
6057,Nevada County,,CA,6612,105393,112005
6059,Orange County,,CA,161839,3272772,3434611
6061,Placer County,,CA,25107,361865,386972
6063,Plumas County,,CA,1760,21982,23742
6065,Riverside County,,CA,132285,2135566,2267851
6067,Sacramento County,,CA,81372,1503934,1585306
6069,San Benito County,,CA,4103,61188,65291
6071,San Bernardino County,,CA,143583,2090451,2234034
6073,San Diego County,,CA,180703,3324495,3505198
6075,San Francisco County,,CA,70166,828893,899059
6077,San Joaquin County,,CA,39881,708720,748601
6079,San Luis Obispo County,,CA,14844,267255,282099
6081,San Mateo County,,CA,51389,780146,831535
6083,Santa Barbara County,,CA,24989,423054,448043
6085,Santa Clara County,,CA,95980,1969857,2065837
6087,Santa Cruz County,,CA,14885,274699,289584
6089,Shasta County,,CA,9625,182378,192003
6091,Sierra County,,CA,294,3222,3516
6093,Siskiyou County,,CA,2561,45488,48049
6095,Solano County,,CA,32287,450094,482381
6097,Sonoma County,,CA,21509,522866,544375
6099,Stanislaus County,,CA,30663,544280,574943
6101,Sutter County,,CA,7693,97245,104938
6103,Tehama County,,CA,3907,61323,65230
6105,Trinity County,,CA,797,11230,12027
6107,Tulare County,,CA,17208,429209,446417
6109,Tuolumne County,,CA,3190,57710,60900
6111,Ventura County,,CA,45449,915570,961019
6113,Yolo County,,CA,17032,190572,207604
6115,Yuba County,,CA,8772,66673,75445
8001,Adams County,,CO,47295,449841,497136
8003,Alamosa County,,CO,1518,14768,16286
8005,Arapahoe County,,CO,64341,586653,650994
8007,Archuleta County,,CO,1098,11905,13003
8009,Baca County,,CO,282,4100,4382
8011,Bent County,,CO,343,4364,4707
8013,Boulder County,,CO,27399,298718,326117
8014,Broomfield County,,CO,13758,96356,110114
8015,Chaffee County,,CO,1385,17384,18769
8017,Cheyenne County,,CO,165,2083,2248
8019,Clear Creek County,,CO,1039,9284,10323
8021,Conejos County,,CO,490,8211,8701
8023,Costilla County,,CO,269,3032,3301
8025,Crowley County,,CO,348,2952,3300
8027,Custer County,,CO,416,3952,4368
8029,Delta County,,CO,2026,31599,33625
8031,Denver County,,CO,77902,566179,644081
8033,Dolores County,,CO,139,2076,2215
8035,Douglas County,,CO,27588,291288,318876
8037,Eagle County,,CO,5527,48252,53779
8039,Elbert County,,CO,2137,22377,24514
8041,El Paso County,,CO,53909,644254,698163
8043,Fremont County,,CO,2870,42132,45002
8045,Garfield County,,CO,5265,52129,57394
8047,Gilpin County,,CO,583,5031,5614
8049,Grand County,,CO,1497,13680,15177
8051,Gunnison County,,CO,1655,13795,15450
8053,Hinsdale County,,CO,81,768,849
8055,Huerfano County,,CO,582,6537,7119
8057,Jackson County,,CO,209,1463,1672
8059,Jefferson County,,CO,48239,547004,595243
8061,Kiowa County,,CO,93,1552,1645
8063,Kit Carson County,,CO,625,8318,8943
8065,Lake County,,CO,793,6776,7569
8067,La Plata County,,CO,4206,48526,52732
8069,Larimer County,,CO,23692,308090,331782
8071,Las Animas County,,CO,1116,15753,16869
8073,Lincoln County,,CO,473,4949,5422
8075,Logan County,,CO,1590,20782,22372
8077,Mesa County,,CO,9424,151542,160966
8079,Mineral County,,CO,91,866,957
8081,Moffat County,,CO,1197,14685,15882
8083,Montezuma County,,CO,2142,25225,27367
8085,Montrose County,,CO,2646,42680,45326
8087,Morgan County,,CO,2157,30125,32282
8089,Otero County,,CO,1340,19984,21324
8091,Ouray County,,CO,418,4283,4701
8093,Park County,,CO,1716,14880,16596
8095,Phillips County,,CO,324,4732,5056
8097,Pitkin County,,CO,1741,14265,16006
8099,Prowers County,,CO,915,13140,14055
8101,Pueblo County,,CO,7666,166041,173707
8103,Rio Blanco County,,CO,829,6382,7211
8105,Rio Grande County,,CO,1247,15136,16383
8107,Routt County,,CO,2331,22036,24367
8109,Saguache County,,CO,309,3480,3789
8111,San Juan County,,CO,76,589,665
8113,San Miguel County,,CO,890,6362,7252
8115,Sedgwick County,,CO,205,2519,2724
8117,Summit County,,CO,4105,27546,31651
8119,Teller County,,CO,2720,24578,27298
8121,Washington County,,CO,446,4805,5251
8123,Weld County,,CO,19489,251890,271379
8125,Yuma County,,CO,787,10287,11074
9001,Fairfield County,,CT,46557,980727,1027284
9003,Hartford County,,CT,45205,1052501,1097706
9005,Litchfield County,,CT,10541,228187,238728
9007,Middlesex County,,CT,11759,194573,206332
9009,New Haven County,,CT,43793,978191,1021984
9011,New London County,,CT,19139,319442,338581
9013,Tolland County,,CT,10571,163718,174289
9015,Windham County,,CT,7272,135141,142413
10001,Kent County,,DE,10845,174955,185800
10003,New Castle County,,DE,28639,616351,644990
10005,Sussex County,,DE,8861,208747,217608
11001,District of Columbia,,DC,64260,558463,622723
12001,Alachua County,,FL,23010,225344,248354
12003,Baker County,,FL,1731,26269,28000
12005,Bay County,,FL,16037,179975,196012
12007,Bradford County,,FL,1855,24630,26485
12009,Brevard County,,FL,34370,612389,646759
12011,Broward County,,FL,133071,1870496,2003567
12013,Calhoun County,,FL,983,11801,12784
12015,Charlotte County,,FL,13780,164883,178663
12017,Citrus County,,FL,9336,149720,159056
12019,Clay County,,FL,20983,209461,230444
12021,Collier County,,FL,26281,332656,358937
12023,Columbia County,,FL,4909,63332,68241
12027,DeSoto County,,FL,2410,28029,30439
12029,Dixie County,,FL,1057,12785,13842
12031,Duval County,,FL,72648,954981,1027629
12033,Escambia County,,FL,29902,315249,345151
12035,Flagler County,,FL,8935,98065,107000
12037,Franklin County,,FL,778,9713,10491
12039,Gadsden County,,FL,3442,49782,53224
12041,Gilchrist County,,FL,1410,14579,15989
12043,Glades County,,FL,1136,8994,10130
12045,Gulf County,,FL,1069,12907,13976
12047,Hamilton County,,FL,962,11867,12829
12049,Hardee County,,FL,1780,24212,25992
12051,Hendry County,,FL,3461,35955,39416
12053,Hernando County,,FL,12940,178665,191605
12055,Highlands County,,FL,6623,97003,103626
12057,Hillsborough County,,FL,95012,1275341,1370353
12059,Holmes County,,FL,1533,17968,19501
12061,Indian River County,,FL,10392,146795,157187
12063,Jackson County,,FL,3040,46877,49917
12065,Jefferson County,,FL,1122,13909,15031
12067,Lafayette County,,FL,442,5522,5964
12069,Lake County,,FL,26883,316404,343287
12071,Lee County,,FL,48723,629049,677772
12073,Leon County,,FL,24972,254824,279796
12075,Levy County,,FL,3232,39314,42546
12077,Liberty County,,FL,456,6401,6857
12079,Madison County,,FL,1057,18201,19258
12081,Manatee County,,FL,26136,332670,358806
12083,Marion County,,FL,21908,346741,368649
12085,Martin County,,FL,12336,147465,159801
12086,Miami-Dade County,,FL,128625,2610409,2739034
12087,Monroe County,,FL,9213,77124,86337
12089,Nassau County,,FL,5714,79081,84795
12091,Okaloosa County,,FL,24288,205836,230124
12093,Okeechobee County,,FL,2836,36554,39390
12095,Orange County,,FL,117866,1176673,1294539
12097,Osceola County,,FL,34274,271396,305670
12099,Palm Beach County,,FL,82716,1359892,1442608
12101,Pasco County,,FL,39506,469694,509200
12103,Pinellas County,,FL,62627,992898,1055525
12105,Polk County,,FL,42329,622844,665173
12107,Putnam County,,FL,5365,74072,79437
12109,St. Johns County,,FL,14746,187607,202353
12111,St. Lucie County,,FL,23528,286672,310200
12113,Santa Rosa County,,FL,15770,152457,168227
12115,Sarasota County,,FL,30152,401981,432133
12117,Seminole County,,FL,48397,444846,493243
12119,Sumter County,,FL,5045,79835,84880
12121,Suwannee County,,FL,2951,39421,42372
12123,Taylor County,,FL,1150,20791,21941
12125,Union County,,FL,1104,10876,11980
12127,Volusia County,,FL,37975,532446,570421
12129,Wakulla County,,FL,2212,28121,30333
12131,Walton County,,FL,5119,48025,53144
12133,Washington County,,FL,1999,22133,24132
13001,Appling County,,GA,1083,18206,19289
13003,Atkinson County,,GA,574,8295,8869
13005,Bacon County,,GA,636,10423,11059
13007,Baker County,,GA,232,3309,3541
13009,Baldwin County,,GA,2916,42880,45796
13011,Banks County,,GA,1770,17625,19395
13013,Barrow County,,GA,6376,67749,74125
13015,Bartow County,,GA,7701,105023,112724
13017,Ben Hill County,,GA,1496,18344,19840
13019,Berrien County,,GA,1562,17276,18838
13021,Bibb County,,GA,11631,162599,174230
13023,Bleckley County,,GA,720,12550,13270
13025,Brantley County,,GA,1172,16349,17521
13027,Brooks County,,GA,1464,16174,17638
13029,Bryan County,,GA,3832,31970,35802
13031,Bulloch County,,GA,4693,54090,58783
13033,Burke County,,GA,1723,25269,26992
13035,Butts County,,GA,2134,23051,25185
13037,Calhoun County,,GA,395,5657,6052
13039,Camden County,,GA,7144,50532,57676
13043,Candler County,,GA,794,9885,10679
13045,Carroll County,,GA,8843,111074,119917
13047,Catoosa County,,GA,5294,64786,70080
13049,Charlton County,,GA,710,9495,10205
13051,Chatham County,,GA,22507,254946,277453
13053,Chattahoochee County,,GA,5592,7994,13586
13055,Chattooga County,,GA,1503,26513,28016
13057,Cherokee County,,GA,18142,216581,234723
13059,Clarke County,,GA,12244,92286,104530
13061,Clay County,,GA,194,3266,3460
13063,Clayton County,,GA,38283,270443,308726
13065,Clinch County,,GA,335,6766,7101
13067,Cobb County,,GA,74026,732559,806585
13069,Coffee County,,GA,2268,39583,41851
13071,Colquitt County,,GA,2345,43239,45584
13073,Columbia County,,GA,11309,125443,136752
13075,Cook County,,GA,1381,16389,17770
13077,Coweta County,,GA,9254,128060,137314
13079,Crawford County,,GA,1129,13003,14132
13081,Crisp County,,GA,1467,22124,23591
13083,Dade County,,GA,1249,16033,17282
13085,Dawson County,,GA,2060,21134,23194
13087,Decatur County,,GA,1822,28784,30606
13089,DeKalb County,,GA,89364,677078,766442
13091,Dodge County,,GA,1115,19151,20266
13093,Dooly County,,GA,761,10745,11506
13095,Dougherty County,,GA,8073,95756,103829
13097,Douglas County,,GA,15967,129138,145105
13099,Early County,,GA,749,12344,13093
13101,Echols County,,GA,272,2973,3245
13103,Effingham County,,GA,4245,53737,57982
13105,Elbert County,,GA,1183,22797,23980
13107,Emanuel County,,GA,1292,23426,24718
13109,Evans County,,GA,817,11152,11969
13111,Fannin County,,GA,1369,23175,24544
13113,Fayette County,,GA,10859,117420,128279
13115,Floyd County,,GA,5423,99012,104435
13117,Forsyth County,,GA,11298,161379,172677
13119,Franklin County,,GA,1791,24046,25837
13121,Fulton County,,GA,109931,828528,938459
13123,Gilmer County,,GA,1841,27890,29731
13125,Glascock County,,GA,223,2875,3098
13127,Glynn County,,GA,5842,79049,84891
13129,Gordon County,,GA,3685,60514,64199
13131,Grady County,,GA,1543,24569,26112
13133,Greene County,,GA,1153,16433,17586
13135,Gwinnett County,,GA,74672,825580,900252
13137,Habersham County,,GA,2559,43197,45756
13139,Hall County,,GA,11877,190521,202398
13141,Hancock County,,GA,592,9075,9667
13143,Haralson County,,GA,2219,28980,31199
13145,Harris County,,GA,2674,32325,34999
13147,Hart County,,GA,1477,25984,27461
13149,Heard County,,GA,1039,10715,11754
13151,Henry County,,GA,21480,205929,227409
13153,Houston County,,GA,12938,149392,162330
13155,Irwin County,,GA,839,9354,10193
13157,Jackson County,,GA,5175,61224,66399
13159,Jasper County,,GA,1324,14470,15794
13161,Jeff Davis County,,GA,872,14110,14982
13163,Jefferson County,,GA,981,19639,20620
13165,Jenkins County,,GA,551,8391,8942
13167,Johnson County,,GA,541,8477,9018
13169,Jones County,,GA,2056,30192,32248
13171,Lamar County,,GA,1465,17123,18588
13173,Lanier County,,GA,945,7397,8342
13175,Laurens County,,GA,2419,53392,55811
13177,Lee County,,GA,3303,30587,33890
13179,Liberty County,,GA,13727,61141,74868
13181,Lincoln County,,GA,521,8620,9141
13183,Long County,,GA,1631,8729,10360
13185,Lowndes County,,GA,9972,98462,108434
13187,Lumpkin County,,GA,2621,25615,28236
13189,McDuffie County,,GA,1372,24269,25641
13191,McIntosh County,,GA,966,11486,12452
13193,Macon County,,GA,935,12982,13917
13195,Madison County,,GA,2249,29015,31264
13197,Marion County,,GA,578,7147,7725
13199,Meriwether County,,GA,1834,23725,25559
13201,Miller County,,GA,423,5820,6243
13205,Mitchell County,,GA,1499,22901,24400
13207,Monroe County,,GA,1831,26237,28068
13209,Montgomery County,,GA,805,8271,9076
13211,Morgan County,,GA,1364,19392,20756
13213,Murray County,,GA,3465,42242,45707
13215,Muscogee County,,GA,20275,198277,218552
13217,Newton County,,GA,9981,99634,109615
13219,Oconee County,,GA,2628,33812,36440
13221,Oglethorpe County,,GA,1130,14261,15391
13223,Paulding County,,GA,12032,138116,150148
13225,Peach County,,GA,2620,26261,28881
13227,Pickens County,,GA,2186,31371,33557
13229,Pierce County,,GA,1386,18364,19750
13231,Pike County,,GA,1549,18352,19901
13233,Polk County,,GA,2406,42934,45340
13235,Pulaski County,,GA,684,9639,10323
13237,Putnam County,,GA,1623,21888,23511
13239,Quitman County,,GA,253,2344,2597
13241,Rabun County,,GA,1006,16950,17956
13243,Randolph County,,GA,549,7772,8321
13245,Richmond County,,GA,21048,203073,224121
13247,Rockdale County,,GA,10798,83505,94303
13249,Schley County,,GA,451,4757,5208
13251,Screven County,,GA,1010,15147,16157
13253,Seminole County,,GA,635,9152,9787
13255,Spalding County,,GA,5203,66206,71409
13257,Stephens County,,GA,1733,28323,30056
13259,Stewart County,,GA,332,4780,5112
13261,Sumter County,,GA,2143,31806,33949
13263,Talbot County,,GA,572,7286,7858
13265,Taliaferro County,,GA,164,1728,1892
13267,Tattnall County,,GA,1391,19408,20799
13269,Taylor County,,GA,467,9077,9544
13271,Telfair County,,GA,757,11032,11789
13273,Terrell County,,GA,746,10740,11486
13275,Thomas County,,GA,2894,47198,50092
13277,Tift County,,GA,2948,41424,44372
13279,Toombs County,,GA,1947,27451,29398
13281,Towns County,,GA,740,10599,11339
13283,Treutlen County,,GA,335,5290,5625
13285,Troup County,,GA,3845,69505,73350
13287,Turner County,,GA,674,9834,10508
13289,Twiggs County,,GA,764,10194,10958
13291,Union County,,GA,1278,21454,22732
13293,Upson County,,GA,1568,29685,31253
13295,Walker County,,GA,4734,68723,73457
13297,Walton County,,GA,6376,84533,90909
13299,Ware County,,GA,2718,35151,37869
13301,Warren County,,GA,519,6555,7074
13303,Washington County,,GA,940,22293,23233
13305,Wayne County,,GA,1654,28224,29878
13307,Webster County,,GA,188,2501,2689
13309,Wheeler County,,GA,336,4815,5151
13311,White County,,GA,2100,25115,27215
13313,Whitfield County,,GA,6763,118352,125115
13315,Wilcox County,,GA,480,7345,7825
13317,Wilkes County,,GA,605,10996,11601
13319,Wilkinson County,,GA,775,11253,12028
13321,Worth County,,GA,1687,23139,24826
15001,Hawaii County,,HI,8736,186292,195028
15003,Honolulu County,,HI,66757,1065843,1132600
15005,Kalawao County,,HI,-2,-2,-4
15007,Kauai County,,HI,3225,73362,76587
15009,Maui County,,HI,8068,163257,171325
16001,Ada County,,ID,28103,412355,440458
16003,Adams County,,ID,361,4143,4504
16005,Bannock County,,ID,6464,84443,90907
16007,Bear Lake County,,ID,472,6850,7322
16009,Benewah County,,ID,645,10100,10745
16011,Bingham County,,ID,3398,49247,52645
16013,Blaine County,,ID,1800,24531,26331
16015,Boise County,,ID,663,7186,7849
16017,Bonner County,,ID,2888,42334,45222
16019,Bonneville County,,ID,7561,109897,117458
16021,Boundary County,,ID,769,11550,12319
16023,Butte County,,ID,233,3109,3342
16025,Camas County,,ID,77,1048,1125
16027,Canyon County,,ID,14054,190018,204072
16029,Caribou County,,ID,535,7904,8439
16031,Cassia County,,ID,1797,23258,25055
16033,Clark County,,ID,102,1035,1137
16035,Clearwater County,,ID,696,8822,9518
16037,Custer County,,ID,407,4398,4805
16039,Elmore County,,ID,4380,28507,32887
16041,Franklin County,,ID,843,14169,15012
16043,Fremont County,,ID,1146,14022,15168
16045,Gem County,,ID,1590,18053,19643
16047,Gooding County,,ID,1464,15921,17385
16049,Idaho County,,ID,948,14849,15797
16051,Jefferson County,,ID,2384,26262,28646
16053,Jerome County,,ID,2120,22167,24287
16055,Kootenai County,,ID,8673,147901,156574
16057,Latah County,,ID,4267,33825,38092
16059,Lemhi County,,ID,582,8158,8740
16061,Lewis County,,ID,388,4854,5242
16063,Lincoln County,,ID,484,5215,5699
16065,Madison County,,ID,5290,27143,32433
16067,Minidoka County,,ID,1704,22213,23917
16069,Nez Perce County,,ID,3293,42768,46061
16071,Oneida County,,ID,326,4598,4924
16073,Owyhee County,,ID,1204,11518,12722
16075,Payette County,,ID,1982,24190,26172
16077,Power County,,ID,692,8526,9218
16079,Shoshone County,,ID,961,13092,14053
16081,Teton County,,ID,989,9047,10036
16083,Twin Falls County,,ID,5867,80665,86532
16085,Valley County,,ID,1298,10377,11675
16087,Washington County,,ID,844,10355,11199
17001,Adams County,,IL,3127,82275,85402
17003,Alexander County,,IL,717,8081,8798
17005,Bond County,,IL,1266,19019,20285
17007,Boone County,,IL,4915,66827,71742
17009,Brown County,,IL,309,5998,6307
17011,Bureau County,,IL,2372,43906,46278
17013,Calhoun County,,IL,256,6219,6475
17015,Carroll County,,IL,1097,20215,21312
17017,Cass County,,IL,1151,15876,17027
17019,Champaign County,,IL,15507,195106,210613
17021,Christian County,,IL,2022,41699,43721
17023,Clark County,,IL,1026,20194,21220
17025,Clay County,,IL,847,17352,18199
17027,Clinton County,,IL,1932,44858,46790
17029,Coles County,,IL,3592,52565,56157
17031,Cook County,,IL,239272,5953531,6192803
17033,Crawford County,,IL,981,23008,23989
17035,Cumberland County,,IL,759,13304,14063
17037,DeKalb County,,IL,9025,108462,117487
17039,De Witt County,,IL,1292,19826,21118
17041,Douglas County,,IL,1576,25698,27274
17043,DuPage County,,IL,75703,1102707,1178410
17045,Edgar County,,IL,1127,22284,23411
17047,Edwards County,,IL,375,8231,8606
17049,Effingham County,,IL,2066,43797,45863
17051,Fayette County,,IL,1284,24684,25968
17053,Ford County,,IL,1254,17053,18307
17055,Franklin County,,IL,2298,44478,46776
17057,Fulton County,,IL,1893,43016,44909
17059,Gallatin County,,IL,370,6629,6999
17061,Greene County,,IL,819,16272,17091
17063,Grundy County,,IL,4286,61249,65535
17065,Hamilton County,,IL,434,9743,10177
17067,Hancock County,,IL,1431,23733,25164
17069,Hardin County,,IL,256,4521,4777
17071,Henderson County,,IL,503,8994,9497
17073,Henry County,,IL,3427,62910,66337
17075,Iroquois County,,IL,1960,37500,39460
17077,Jackson County,,IL,5880,52964,58844
17079,Jasper County,,IL,532,12618,13150
17081,Jefferson County,,IL,2354,43685,46039
17083,Jersey County,,IL,1414,27105,28519
17085,Jo Daviess County,,IL,1387,28655,30042
17087,Johnson County,,IL,791,12691,13482
17089,Kane County,,IL,35730,581619,617349
17091,Kankakee County,,IL,6083,129949,136032
17093,Kendall County,,IL,9337,126396,135733
17095,Knox County,,IL,2957,59393,62350
17097,Lake County,,IL,44453,813347,857800
17099,LaSalle County,,IL,6390,140913,147303
17101,Lawrence County,,IL,890,17221,18111
17103,Lee County,,IL,2667,42537,45204
17105,Livingston County,,IL,2367,45881,48248
17107,Logan County,,IL,1743,32929,34672
17109,McDonough County,,IL,2392,30305,32697
17111,McHenry County,,IL,18991,381190,400181
17113,McLean County,,IL,10845,184669,195514
17115,Macon County,,IL,6199,131421,137620
17117,Macoupin County,,IL,3159,57463,60622
17119,Madison County,,IL,15293,320130,335423
17121,Marion County,,IL,2305,47150,49455
17123,Marshall County,,IL,1135,15884,17019
17125,Mason County,,IL,1068,17881,18949
17127,Massac County,,IL,1021,17875,18896
17129,Menard County,,IL,962,15630,16592
17131,Mercer County,,IL,1191,21337,22528
17133,Monroe County,,IL,1856,41427,43283
17135,Montgomery County,,IL,1706,34535,36241
17137,Morgan County,,IL,2142,40278,42420
17139,Moultrie County,,IL,1101,17699,18800
17141,Ogle County,,IL,4255,66856,71111
17143,Peoria County,,IL,13305,218492,231797
17145,Perry County,,IL,1243,23845,25088
17147,Piatt County,,IL,1321,20169,21490
17149,Pike County,,IL,894,18897,19791
17151,Pope County,,IL,274,4360,4634
17153,Pulaski County,,IL,439,6922,7361
17155,Putnam County,,IL,522,7614,8136
17157,Randolph County,,IL,1877,36879,38756
17159,Richland County,,IL,1086,19294,20380
17161,Rock Island County,,IL,10534,177825,188359
17163,St. Clair County,,IL,18068,306373,324441
17165,Saline County,,IL,1397,27827,29224
17167,Sangamon County,,IL,10457,239027,249484
17169,Schuyler County,,IL,584,8600,9184
17171,Scott County,,IL,408,6254,6662
17173,Shelby County,,IL,1437,26401,27838
17175,Stark County,,IL,510,7479,7989
17177,Stephenson County,,IL,2693,59402,62095
17179,Tazewell County,,IL,8541,164510,173051
17181,Union County,,IL,982,20411,21393
17183,Vermilion County,,IL,4302,93622,97924
17185,Wabash County,,IL,684,14534,15218
17187,Warren County,,IL,1272,19959,21231
17189,Washington County,,IL,1108,18596,19704
17191,Wayne County,,IL,991,19758,20749
17193,White County,,IL,812,17719,18531
17195,Whiteside County,,IL,3307,74938,78245
17197,Will County,,IL,44706,800097,844803
17199,Williamson County,,IL,4464,72667,77131
17201,Winnebago County,,IL,15543,358364,373907
17203,Woodford County,,IL,2638,46366,49004
18001,Adams County,,IN,1747,42751,44498
18003,Allen County,,IN,18901,424882,443783
18005,Bartholomew County,,IN,5265,93077,98342
18007,Benton County,,IN,898,10604,11502
18009,Blackford County,,IN,1007,16169,17176
18011,Boone County,,IN,4278,63566,67844
18013,Brown County,,IN,1660,18468,20128
18015,Carroll County,,IN,1659,24709,26368
18017,Cass County,,IN,2421,47668,50089
18019,Clark County,,IN,8671,125308,133979
18021,Clay County,,IN,1877,32376,34253
18023,Clinton County,,IN,2625,41632,44257
18025,Crawford County,,IN,876,12327,13203
18027,Daviess County,,IN,1348,35614,36962
18029,Dearborn County,,IN,3726,61608,65334
18031,Decatur County,,IN,1854,32224,34078
18033,DeKalb County,,IN,3133,51927,55060
18035,Delaware County,,IN,7573,121553,129126
18037,Dubois County,,IN,2237,54387,56624
18039,Elkhart County,,IN,11700,241529,253229
18041,Fayette County,,IN,1583,28783,30366
18043,Floyd County,,IN,6675,86288,92963
18045,Fountain County,,IN,1356,21780,23136
18047,Franklin County,,IN,1636,30267,31903
18049,Fulton County,,IN,1500,25468,26968
18051,Gibson County,,IN,2205,40145,42350
18053,Grant County,,IN,3757,78796,82553
18055,Greene County,,IN,2381,38383,40764
18057,Hamilton County,,IN,21344,296780,318124
18059,Hancock County,,IN,5861,82276,88137
18061,Harrison County,,IN,2708,46046,48754
18063,Hendricks County,,IN,12181,161251,173432
18065,Henry County,,IN,2827,58016,60843
18067,Howard County,,IN,5575,103469,109044
18069,Huntington County,,IN,2477,47234,49711
18071,Jackson County,,IN,3069,53604,56673
18073,Jasper County,,IN,2334,40035,42369
18075,Jay County,,IN,1221,26503,27724
18077,Jefferson County,,IN,2024,37557,39581
18079,Jennings County,,IN,2187,33510,35697
18081,Johnson County,,IN,12835,159546,172381
18083,Knox County,,IN,1946,42441,44387
18085,Kosciusko County,,IN,5103,96191,101294
18087,LaGrange County,,IN,2537,45635,48172
18089,Lake County,,IN,28386,573498,601884
18091,LaPorte County,,IN,5523,129881,135404
18093,Lawrence County,,IN,2607,54761,57368
18095,Madison County,,IN,7658,152043,159701
18097,Marion County,,IN,67710,1028363,1096073
18099,Marshall County,,IN,3130,56908,60038
18101,Martin County,,IN,682,12511,13193
18103,Miami County,,IN,3090,40554,43644
18105,Monroe County,,IN,11400,116174,127574
18107,Montgomery County,,IN,2567,46050,48617
18109,Morgan County,,IN,5335,83223,88558
18111,Newton County,,IN,1253,16712,17965
18113,Noble County,,IN,3492,56110,59602
18115,Ohio County,,IN,620,7335,7955
18117,Orange County,,IN,1259,22593,23852
18119,Owen County,,IN,1821,24489,26310
18121,Parke County,,IN,1131,17812,18943
18123,Perry County,,IN,1004,21390,22394
18125,Pike County,,IN,825,15669,16494
18127,Porter County,,IN,11628,190782,202410
18129,Posey County,,IN,1784,32071,33855
18131,Pulaski County,,IN,1093,16049,17142
18133,Putnam County,,IN,2774,40176,42950
18135,Randolph County,,IN,1809,31722,33531
18137,Ripley County,,IN,2083,32888,34971
18139,Rush County,,IN,1473,21051,22524
18141,St. Joseph County,,IN,16221,311767,327988
18143,Scott County,,IN,1844,26736,28580
18145,Shelby County,,IN,3286,53664,56950
18147,Spencer County,,IN,1652,25873,27525
18149,Starke County,,IN,1797,27286,29083
18151,Steuben County,,IN,2618,39555,42173
18153,Sullivan County,,IN,1234,23532,24766
18155,Switzerland County,,IN,835,9679,10514
18157,Tippecanoe County,,IN,14249,164395,178644
18159,Tipton County,,IN,1297,19933,21230
18161,Union County,,IN,700,8388,9088
18163,Vanderburgh County,,IN,11978,202187,214165
18165,Vermillion County,,IN,1270,19941,21211
18167,Vigo County,,IN,6955,114236,121191
18169,Wabash County,,IN,2036,40634,42670
18171,Warren County,,IN,676,10504,11180
18173,Warrick County,,IN,4637,69450,74087
18175,Washington County,,IN,1796,32961,34757
18177,Wayne County,,IN,4093,82447,86540
18179,Wells County,,IN,1845,33212,35057
18181,White County,,IN,1971,30634,32605
18183,Whitley County,,IN,2350,41588,43938
19001,Adair County,,IA,670,9349,10019
19003,Adams County,,IA,312,5117,5429
19005,Allamakee County,,IA,981,17303,18284
19007,Appanoose County,,IA,860,14621,15481
19009,Audubon County,,IA,331,7563,7894
19011,Benton County,,IA,1969,31563,33532
19013,Black Hawk County,,IA,7654,141930,149584
19015,Boone County,,IA,2003,31601,33604
19017,Bremer County,,IA,1791,27901,29692
19019,Buchanan County,,IA,1259,25251,26510
19021,Buena Vista County,,IA,1739,23204,24943
19023,Butler County,,IA,874,18664,19538
19025,Calhoun County,,IA,791,12077,12868
19027,Carroll County,,IA,1357,26292,27649
19029,Cass County,,IA,900,16669,17569
19031,Cedar County,,IA,1439,22529,23968
19033,Cerro Gordo County,,IA,3018,52653,55671
19035,Cherokee County,,IA,802,14802,15604
19037,Chickasaw County,,IA,786,15603,16389
19039,Clarke County,,IA,788,10808,11596
19041,Clay County,,IA,1266,21044,22310
19043,Clayton County,,IA,1227,22602,23829
19045,Clinton County,,IA,2876,59848,62724
19047,Crawford County,,IA,1310,20004,21314
19049,Dallas County,,IA,5619,68264,73883
19051,Davis County,,IA,446,10004,10450
19053,Decatur County,,IA,617,8529,9146
19055,Delaware County,,IA,1191,22091,23282
19057,Des Moines County,,IA,2779,48193,50972
19059,Dickinson County,,IA,1336,20497,21833
19061,Dubuque County,,IA,4975,112436,117411
19063,Emmet County,,IA,663,12090,12753
19065,Fayette County,,IA,1321,23570,24891
19067,Floyd County,,IA,1148,19361,20509
19069,Franklin County,,IA,794,12407,13201
19071,Fremont County,,IA,683,8833,9516
19073,Greene County,,IA,761,11445,12206
19075,Grundy County,,IA,852,15230,16082
19077,Guthrie County,,IA,886,13280,14166
19079,Hamilton County,,IA,1285,18964,20249
19081,Hancock County,,IA,851,14190,15041
19083,Hardin County,,IA,1216,20445,21661
19085,Harrison County,,IA,1118,17915,19033
19087,Henry County,,IA,1557,22851,24408
19089,Howard County,,IA,658,12026,12684
19091,Humboldt County,,IA,659,12140,12799
19093,Ida County,,IA,498,8834,9332
19095,Iowa County,,IA,1079,20496,21575
19097,Jackson County,,IA,1321,24770,26091
19099,Jasper County,,IA,2520,43587,46107
19101,Jefferson County,,IA,1152,17218,18370
19103,Johnson County,,IA,12275,127257,139532
19105,Jones County,,IA,1095,23762,24857
19107,Keokuk County,,IA,742,12644,13386
19109,Kossuth County,,IA,934,19936,20870
19111,Lee County,,IA,2211,41434,43645
19113,Linn County,,IA,11907,246525,258432
19115,Louisa County,,IA,926,13828,14754
19117,Lucas County,,IA,749,10431,11180
19119,Lyon County,,IA,631,14301,14932
19121,Madison County,,IA,1169,18093,19262
19123,Mahaska County,,IA,1488,25461,26949
19125,Marion County,,IA,2152,39311,41463
19127,Marshall County,,IA,2558,46838,49396
19129,Mills County,,IA,1259,17124,18383
19131,Mitchell County,,IA,594,12926,13520
19133,Monona County,,IA,605,11068,11673
19135,Monroe County,,IA,612,8876,9488
19137,Montgomery County,,IA,838,12799,13637
19139,Muscatine County,,IA,2965,52034,54999
19141,O'Brien County,,IA,1056,17519,18575
19143,Osceola County,,IA,481,7961,8442
19145,Page County,,IA,1330,17577,18907
19147,Palo Alto County,,IA,678,11369,12047
19149,Plymouth County,,IA,1602,30931,32533
19151,Pocahontas County,,IA,570,9235,9805
19153,Polk County,,IA,25641,488978,514619
19155,Pottawattamie County,,IA,6146,105081,111227
19157,Poweshiek County,,IA,1440,21378,22818
19159,Ringgold County,,IA,306,5737,6043
19161,Sac County,,IA,615,12864,13479
19163,Scott County,,IA,10594,191230,201824
19165,Shelby County,,IA,898,15155,16053
19167,Sioux County,,IA,1695,38667,40362
19169,Story County,,IA,8627,81815,90442
19171,Tama County,,IA,1289,21968,23257
19173,Taylor County,,IA,460,7393,7853
19175,Union County,,IA,880,14194,15074
19177,Van Buren County,,IA,483,8850,9333
19179,Wapello County,,IA,2343,40389,42732
19181,Warren County,,IA,3426,52964,56390
19183,Washington County,,IA,1479,26030,27509
19185,Wayne County,,IA,455,7344,7799
19187,Webster County,,IA,2436,42942,45378
19189,Winnebago County,,IA,815,13425,14240
19191,Winneshiek County,,IA,1100,23743,24843
19193,Woodbury County,,IA,6652,116847,123499
19195,Worth County,,IA,521,9358,9879
19197,Wright County,,IA,1017,15578,16595
20001,Allen County,,KS,1136,15446,16582
20003,Anderson County,,KS,613,9747,10360
20005,Atchison County,,KS,1148,18940,20088
20007,Barber County,,KS,416,5609,6025
20009,Barton County,,KS,1975,31764,33739
20011,Bourbon County,,KS,1065,16930,17995
20013,Brown County,,KS,826,12035,12861
20015,Butler County,,KS,5216,70453,75669
20017,Chase County,,KS,201,3183,3384
20019,Chautauqua County,,KS,328,3985,4313
20021,Cherokee County,,KS,1834,23665,25499
20023,Cheyenne County,,KS,218,3367,3585
20025,Clark County,,KS,193,2409,2602
20027,Clay County,,KS,681,10423,11104
20029,Cloud County,,KS,773,10793,11566
20031,Coffey County,,KS,662,10321,10983
20033,Comanche County,,KS,115,2085,2200
20035,Cowley County,,KS,2635,39624,42259
20037,Crawford County,,KS,3116,40143,43259
20039,Decatur County,,KS,234,3599,3833
20041,Dickinson County,,KS,1975,23314,25289
20043,Doniphan County,,KS,622,8882,9504
20045,Douglas County,,KS,10260,102977,113237
20047,Edwards County,,KS,295,3554,3849
20049,Elk County,,KS,224,3295,3519
20051,Ellis County,,KS,2293,30793,33086
20053,Ellsworth County,,KS,505,6935,7440
20055,Finney County,,KS,3692,42683,46375
20057,Ford County,,KS,2962,36879,39841
20059,Franklin County,,KS,2168,29756,31924
20061,Geary County,,KS,8797,34065,42862
20063,Gove County,,KS,302,3406,3708
20065,Graham County,,KS,211,3265,3476
20067,Grant County,,KS,775,8892,9667
20069,Gray County,,KS,563,6850,7413
20071,Greeley County,,KS,108,1581,1689
20073,Greenwood County,,KS,634,7571,8205
20075,Hamilton County,,KS,238,2881,3119
20077,Harper County,,KS,476,6950,7426
20079,Harvey County,,KS,2573,39456,42029
20081,Haskell County,,KS,458,4699,5157
20083,Hodgeman County,,KS,159,2360,2519
20085,Jackson County,,KS,1169,15971,17140
20087,Jefferson County,,KS,1452,22133,23585
20089,Jewell County,,KS,213,4129,4342
20091,Johnson County,,KS,40564,615494,656058
20093,Kearny County,,KS,343,4666,5009
20095,Kingman County,,KS,675,9417,10092
20097,Kiowa County,,KS,946,2566,3512
20099,Labette County,,KS,1615,25520,27135
20101,Lane County,,KS,162,2113,2275
20103,Leavenworth County,,KS,9374,75902,85276
20105,Lincoln County,,KS,317,3990,4307
20107,Linn County,,KS,859,10670,11529
20109,Logan County,,KS,224,3365,3589
20111,Lyon County,,KS,3655,38670,42325
20113,McPherson County,,KS,2283,35120,37403
20115,Marion County,,KS,947,14572,15519
20117,Marshall County,,KS,699,13305,14004
20119,Meade County,,KS,396,5154,5550
20121,Miami County,,KS,2703,36247,38950
20123,Mitchell County,,KS,518,7464,7982
20125,Montgomery County,,KS,3001,39252,42253
20127,Morris County,,KS,467,6902,7369
20129,Morton County,,KS,368,3764,4132
20131,Nemaha County,,KS,672,13148,13820
20133,Neosho County,,KS,1224,19172,20396
20135,Ness County,,KS,242,3801,4043
20137,Norton County,,KS,336,6203,6539
20139,Osage County,,KS,1390,19500,20890
20141,Osborne County,,KS,361,4823,5184
20143,Ottawa County,,KS,540,7500,8040
20145,Pawnee County,,KS,576,7372,7948
20147,Phillips County,,KS,433,7018,7451
20149,Pottawatomie County,,KS,1942,24074,26016
20151,Pratt County,,KS,937,10677,11614
20153,Rawlins County,,KS,195,3035,3230
20155,Reno County,,KS,3835,73127,76962
20157,Republic County,,KS,390,6320,6710
20159,Rice County,,KS,843,11088,11931
20161,Riley County,,KS,10001,51220,61221
20163,Rooks County,,KS,350,6156,6506
20165,Rush County,,KS,215,4050,4265
20167,Russell County,,KS,558,7966,8524
20169,Saline County,,KS,4329,65428,69757
20171,Scott County,,KS,422,5792,6214
20173,Sedgwick County,,KS,25448,556342,581790
20175,Seward County,,KS,2482,25856,28338
20177,Shawnee County,,KS,9805,205466,215271
20179,Sheridan County,,KS,146,3314,3460
20181,Sherman County,,KS,566,6569,7135
20183,Smith County,,KS,262,5112,5374
20185,Stafford County,,KS,407,5016,5423
20187,Stanton County,,KS,204,2555,2759
20189,Stevens County,,KS,507,6380,6887
20191,Sumner County,,KS,2044,28009,30053
20193,Thomas County,,KS,718,8652,9370
20195,Trego County,,KS,237,3733,3970
20197,Wabaunsee County,,KS,628,8232,8860
20199,Wallace County,,KS,149,1809,1958
20201,Washington County,,KS,342,7510,7852
20203,Wichita County,,KS,217,2743,2960
20205,Wilson County,,KS,971,11070,12041
20207,Woodson County,,KS,286,3671,3957
20209,Wyandotte County,,KS,13698,161644,175342
21001,Adair County,,KY,933,17272,18205
21003,Allen County,,KY,1117,20001,21118
21005,Anderson County,,KY,1752,25064,26816
21007,Ballard County,,KY,537,9241,9778
21009,Barren County,,KY,2275,45740,48015
21011,Bath County,,KY,775,11887,12662
21013,Bell County,,KY,1405,25748,27153
21015,Boone County,,KY,11935,129945,141880
21017,Bourbon County,,KY,1662,21551,23213
21019,Boyd County,,KY,3022,51950,54972
21021,Boyle County,,KY,2188,29436,31624
21023,Bracken County,,KY,591,10218,10809
21025,Breathitt County,,KY,495,13274,13769
21027,Breckinridge County,,KY,1211,20851,22062
21029,Bullitt County,,KY,5655,85109,90764
21031,Butler County,,KY,906,13935,14841
21033,Caldwell County,,KY,806,14177,14983
21035,Calloway County,,KY,2589,35268,37857
21037,Campbell County,,KY,7245,98440,105685
21039,Carlisle County,,KY,343,5734,6077
21041,Carroll County,,KY,1092,12796,13888
21043,Carter County,,KY,1249,29389,30638
21045,Casey County,,KY,756,15897,16653
21047,Christian County,,KY,16450,69560,86010
21049,Clark County,,KY,2912,39385,42297
21051,Clay County,,KY,1108,18434,19542
21053,Clinton County,,KY,386,9882,10268
21055,Crittenden County,,KY,523,9574,10097
21057,Cumberland County,,KY,298,6986,7284
21059,Daviess County,,KY,4283,110638,114921
21061,Edmonson County,,KY,746,12880,13626
21063,Elliott County,,KY,265,6066,6331
21065,Estill County,,KY,759,15211,15970
21067,Fayette County,,KY,22681,292406,315087
21069,Fleming County,,KY,838,16185,17023
21071,Floyd County,,KY,1808,38423,40231
21073,Franklin County,,KY,3332,56828,60160
21075,Fulton County,,KY,632,6523,7155
21077,Gallatin County,,KY,792,6842,7634
21079,Garrard County,,KY,1496,17381,18877
21081,Grant County,,KY,2516,28458,30974
21083,Graves County,,KY,1994,39812,41806
21085,Grayson County,,KY,1137,27608,28745
21087,Green County,,KY,720,12201,12921
21089,Greenup County,,KY,2235,41143,43378
21091,Hancock County,,KY,569,10133,10702
21093,Hardin County,,KY,11577,109046,120623
21095,Harlan County,,KY,999,28492,29491
21097,Harrison County,,KY,1159,20437,21596
21099,Hart County,,KY,1096,19019,20115
21101,Henderson County,,KY,2511,52152,54663
21103,Henry County,,KY,1217,17330,18547
21105,Hickman County,,KY,360,5070,5430
21107,Hopkins County,,KY,2505,52042,54547
21109,Jackson County,,KY,572,12943,13515
21111,Jefferson County,,KY,37298,824956,862254
21113,Jessamine County,,KY,4306,47442,51748
21115,Johnson County,,KY,1163,22804,23967
21117,Kenton County,,KY,15206,176707,191913
21119,Knott County,,KY,727,14777,15504
21121,Knox County,,KY,1561,29972,31533
21123,Larue County,,KY,1156,15220,16376
21125,Laurel County,,KY,3326,57994,61320
21127,Lawrence County,,KY,729,15372,16101
21129,Lee County,,KY,310,6392,6702
21131,Leslie County,,KY,460,11116,11576
21133,Letcher County,,KY,890,23868,24758
21135,Lewis County,,KY,726,14044,14770
21137,Lincoln County,,KY,1889,26359,28248
21139,Livingston County,,KY,737,10459,11196
21141,Logan County,,KY,1677,29300,30977
21143,Lyon County,,KY,614,7824,8438
21145,McCracken County,,KY,4493,73474,77967
21147,McCreary County,,KY,701,14858,15559
21149,McLean County,,KY,647,10811,11458
21151,Madison County,,KY,5802,79576,85378
21153,Magoffin County,,KY,515,11752,12267
21155,Marion County,,KY,853,20177,21030
21157,Marshall County,,KY,2101,35650,37751
21159,Martin County,,KY,497,10177,10674
21161,Mason County,,KY,1258,18930,20188
21163,Meade County,,KY,3713,30636,34349
21165,Menifee County,,KY,392,6290,6682
21167,Mercer County,,KY,1441,24525,25966
21169,Metcalfe County,,KY,706,10727,11433
21171,Monroe County,,KY,667,12035,12702
21173,Montgomery County,,KY,1808,27903,29711
21175,Morgan County,,KY,507,12319,12826
21177,Muhlenberg County,,KY,1356,34220,35576
21179,Nelson County,,KY,2430,50637,53067
21181,Nicholas County,,KY,500,7919,8419
21183,Ohio County,,KY,1245,25637,26882
21185,Oldham County,,KY,4456,61759,66215
21187,Owen County,,KY,840,10920,11760
21189,Owsley County,,KY,181,3781,3962
21191,Pendleton County,,KY,1248,15634,16882
21193,Perry County,,KY,1288,29639,30927
21195,Pike County,,KY,2390,60549,62939
21197,Powell County,,KY,933,13697,14630
21199,Pulaski County,,KY,2779,64791,67570
21201,Robertson County,,KY,128,2089,2217
21203,Rockcastle County,,KY,819,16908,17727
21205,Rowan County,,KY,1729,20230,21959
21207,Russell County,,KY,743,17847,18590
21209,Scott County,,KY,3629,48134,51763
21211,Shelby County,,KY,3017,43637,46654
21213,Simpson County,,KY,1329,19156,20485
21215,Spencer County,,KY,1342,18187,19529
21217,Taylor County,,KY,1513,24886,26399
21219,Todd County,,KY,797,12928,13725
21221,Trigg County,,KY,1029,15014,16043
21223,Trimble County,,KY,772,9826,10598
21225,Union County,,KY,959,16535,17494
21227,Warren County,,KY,7163,111018,118181
21229,Washington County,,KY,722,12674,13396
21231,Wayne County,,KY,856,20000,20856
21233,Webster County,,KY,1149,14991,16140
21235,Whitley County,,KY,2092,36095,38187
21237,Wolfe County,,KY,379,6848,7227
21239,Woodford County,,KY,1994,27829,29823
22001,Acadia Parish,,LA,3335,64711,68046
22003,Allen Parish,,LA,1521,23145,24666
22005,Ascension Parish,,LA,7573,109214,116787
22007,Assumption Parish,,LA,1809,25792,27601
22009,Avoyelles Parish,,LA,2177,44158,46335
22011,Beauregard Parish,,LA,2954,34231,37185
22013,Bienville Parish,,LA,1163,14963,16126
22015,Bossier Parish,,LA,13330,117473,130803
22017,Caddo Parish,,LA,17389,271817,289206
22019,Calcasieu Parish,,LA,9906,202003,211909
22021,Caldwell Parish,,LA,602,10165,10767
22023,Cameron Parish,,LA,720,7508,8228
22025,Catahoula Parish,,LA,543,10637,11180
22027,Claiborne Parish,,LA,1026,15396,16422
22029,Concordia Parish,,LA,1359,20040,21399
22031,De Soto Parish,,LA,2115,29366,31481
22033,East Baton Rouge Parish,,LA,33134,444133,477267
22035,East Carroll Parish,,LA,446,7478,7924
22037,East Feliciana Parish,,LA,1471,20831,22302
22039,Evangeline Parish,,LA,2092,34969,37061
22041,Franklin Parish,,LA,1149,21280,22429
22043,Grant Parish,,LA,1641,20007,21648
22045,Iberia Parish,,LA,4431,83334,87765
22047,Iberville Parish,,LA,2143,33827,35970
22049,Jackson Parish,,LA,1245,16451,17696
22051,Jefferson Parish,,LA,39238,441066,480304
22053,Jefferson Davis Parish,,LA,1980,33219,35199
22055,Lafayette Parish,,LA,15671,221609,237280
22057,Lafourche Parish,,LA,5326,100908,106234
22059,La Salle Parish,,LA,724,14207,14931
22061,Lincoln Parish,,LA,3526,38798,42324
22063,Livingston Parish,,LA,8404,125160,133564
22065,Madison Parish,,LA,761,11878,12639
22067,Morehouse Parish,,LA,1891,31189,33080
22069,Natchitoches Parish,,LA,2658,37970,40628
22071,Orleans Parish,,LA,25011,217222,242233
22073,Ouachita Parish,,LA,9388,160014,169402
22075,Plaquemines Parish,,LA,3506,22208,25714
22077,Pointe Coupee Parish,,LA,1429,24144,25573
22079,Rapides Parish,,LA,7770,142992,150762
22081,Red River Parish,,LA,661,9530,10191
22083,Richland Parish,,LA,1469,21190,22659
22085,Sabine Parish,,LA,1238,24247,25485
22087,St. Bernard Parish,,LA,1622,20160,21782
22089,St. Charles Parish,,LA,5237,58776,64013
22091,St. Helena Parish,,LA,1094,14200,15294
22093,St. James Parish,,LA,1534,27014,28548
22095,St. John the Baptist Parish,,LA,4765,52477,57242
22097,St. Landry Parish,,LA,4769,92561,97330
22099,St. Martin Parish,,LA,3434,56534,59968
22101,St. Mary Parish,,LA,3913,61803,65716
22103,St. Tammany Parish,,LA,15622,227520,243142
22105,Tangipahoa Parish,,LA,7346,113477,120823
22107,Tensas Parish,,LA,392,5407,5799
22109,Terrebonne Parish,,LA,6723,125192,131915
22111,Union Parish,,LA,1568,23185,24753
22113,Vermilion Parish,,LA,3154,61826,64980
22115,Vernon Parish,,LA,11392,46710,58102
22117,Washington Parish,,LA,2091,43867,45958
22119,Webster Parish,,LA,2654,43155,45809
22121,West Baton Rouge Parish,,LA,2302,25840,28142
22123,West Carroll Parish,,LA,889,11898,12787
22125,West Feliciana Parish,,LA,814,10860,11674
22127,Winn Parish,,LA,890,14261,15151
23001,Androscoggin County,,ME,6937,121306,128243
23003,Aroostook County,,ME,2914,84150,87064
23005,Cumberland County,,ME,20266,323708,343974
23007,Franklin County,,ME,1889,32589,34478
23009,Hancock County,,ME,3194,61704,64898
23011,Kennebec County,,ME,7160,140981,148141
23013,Knox County,,ME,2470,45171,47641
23015,Lincoln County,,ME,2482,41262,43744
23017,Oxford County,,ME,3352,63494,66846
23019,Penobscot County,,ME,8698,167146,175844
23021,Piscataquis County,,ME,1272,18861,20133
23023,Sagadahoc County,,ME,3970,42007,45977
23025,Somerset County,,ME,3633,55720,59353
23027,Waldo County,,ME,2622,42988,45610
23029,Washington County,,ME,1702,36562,38264
23031,York County,,ME,12597,234532,247129
24001,Allegany County,,MD,3110,76612,79722
24003,Anne Arundel County,,MD,47751,598553,646304
24005,Baltimore County,,MD,66195,918783,984978
24009,Calvert County,,MD,6148,104521,110669
24011,Caroline County,,MD,2563,36640,39203
24013,Carroll County,,MD,9997,204304,214301
24015,Cecil County,,MD,6862,112428,119290
24017,Charles County,,MD,13548,166859,180407
24019,Dorchester County,,MD,2119,37114,39233
24021,Frederick County,,MD,18196,271922,290118
24023,Garrett County,,MD,1276,34468,35744
24025,Harford County,,MD,17768,294138,311906
24027,Howard County,,MD,28148,311913,340061
24029,Kent County,,MD,1167,21715,22882
24031,Montgomery County,,MD,76935,1063260,1140195
24033,Prince George's County,,MD,79339,950947,1030286
24035,Queen Anne's County,,MD,3223,52847,56070
24037,St. Mary's County,,MD,8648,116269,124917
24039,Somerset County,,MD,1632,22375,24007
24041,Talbot County,,MD,2824,41569,44393
24043,Washington County,,MD,9541,168388,177929
24045,Wicomico County,,MD,6550,102669,109219
24047,Worcester County,,MD,4165,59837,64002
24510,Baltimore city,,MD,52339,585923,638262
25001,Barnstable County,,MA,12790,267783,280573
25003,Berkshire County,,MA,5562,152653,158215
25005,Bristol County,,MA,25254,637689,662943
25007,Dukes County,,MA,1092,19334,20426
25009,Essex County,,MA,38470,850233,888703
25011,Franklin County,,MA,4634,83643,88277
25013,Hampden County,,MA,19759,529260,549019
25015,Hampshire County,,MA,11710,162934,174644
25017,Middlesex County,,MA,102855,1676140,1778995
25019,Nantucket County,,MA,1188,12086,13274
25021,Norfolk County,,MA,51513,754066,805579
25023,Plymouth County,,MA,26491,579733,606224
25025,Suffolk County,,MA,75829,679313,755142
25027,Worcester County,,MA,37829,929016,966845
26001,Alcona County,,MI,736,12981,13717
26003,Alger County,,MI,593,10714,11307
26005,Allegan County,,MI,8526,136022,144548
26007,Alpena County,,MI,1604,36816,38420
26009,Antrim County,,MI,1852,28267,30119
26011,Arenac County,,MI,1305,19370,20675
26013,Baraga County,,MI,465,9294,9759
26015,Barry County,,MI,4174,72613,76787
26017,Bay County,,MI,5379,136717,142096
26019,Benzie County,,MI,1480,21189,22669
26021,Berrien County,,MI,9668,184028,193696
26023,Branch County,,MI,3308,51211,54519
26025,Calhoun County,,MI,7839,151305,159144
26027,Cass County,,MI,3932,60222,64154
26029,Charlevoix County,,MI,2082,31992,34074
26031,Cheboygan County,,MI,2041,31886,33927
26033,Chippewa County,,MI,2236,39268,41504
26035,Clare County,,MI,2404,34189,36593
26037,Clinton County,,MI,6234,87311,93545
26039,Crawford County,,MI,1076,15750,16826
26041,Delta County,,MI,1759,46883,48642
26043,Dickinson County,,MI,1526,33056,34582
26045,Eaton County,,MI,10479,129248,139727
26047,Emmet County,,MI,2550,39233,41783
26049,Genesee County,,MI,23992,509084,533076
26051,Gladwin County,,MI,1753,30168,31921
26053,Gogebic County,,MI,897,17523,18420
26055,Grand Traverse County,,MI,6484,103175,109659
26057,Gratiot County,,MI,2749,45536,48285
26059,Hillsdale County,,MI,3379,54190,57569
26061,Houghton County,,MI,2086,37214,39300
26063,Huron County,,MI,1791,43569,45360
26065,Ingham County,,MI,24968,287934,312902
26067,Ionia County,,MI,4395,71114,75509
26069,Iosco County,,MI,1923,31069,32992
26071,Iron County,,MI,680,14288,14968
26073,Isabella County,,MI,5378,61572,66950
26075,Jackson County,,MI,9126,182858,191984
26077,Kalamazoo County,,MI,17233,274102,291335
26079,Kalkaska County,,MI,1458,19412,20870
26081,Kent County,,MI,35412,713200,748612
26083,Keweenaw County,,MI,151,2433,2584
26085,Lake County,,MI,973,11327,12300
26087,Lapeer County,,MI,6607,109546,116153
26089,Leelanau County,,MI,1674,26000,27674
26091,Lenawee County,,MI,5999,119968,125967
26093,Livingston County,,MI,12503,220042,232545
26095,Luce County,,MI,400,6710,7110
26097,Mackinac County,,MI,1130,13832,14962
26099,Macomb County,,MI,47955,1034634,1082589
26101,Manistee County,,MI,1626,28825,30451
26103,Marquette County,,MI,3581,73754,77335
26105,Mason County,,MI,1722,34457,36179
26107,Mecosta County,,MI,3489,41386,44875
26109,Menominee County,,MI,1378,29195,30573
26111,Midland County,,MI,5750,100801,106551
26113,Missaukee County,,MI,1203,17099,18302
26115,Monroe County,,MI,9556,188383,197939
26117,Montcalm County,,MI,4788,71552,76340
26119,Montmorency County,,MI,733,11299,12032
26121,Muskegon County,,MI,8192,199860,208052
26123,Newaygo County,,MI,3675,57432,61107
26125,Oakland County,,MI,85638,1415679,1501317
26127,Oceana County,,MI,2079,31347,33426
26129,Ogemaw County,,MI,1498,24761,26259
26131,Ontonagon County,,MI,449,8207,8656
26133,Osceola County,,MI,2071,26779,28850
26135,Oscoda County,,MI,588,9947,10535
26137,Otsego County,,MI,2241,29297,31538
26139,Ottawa County,,MI,17373,307398,324771
26141,Presque Isle County,,MI,800,17236,18036
26143,Roscommon County,,MI,2013,28056,30069
26145,Saginaw County,,MI,10641,237569,248210
26147,St. Clair County,,MI,10041,202730,212771
26149,St. Joseph County,,MI,3792,74355,78147
26151,Sanilac County,,MI,2906,53398,56304
26153,Schoolcraft County,,MI,400,9808,10208
26155,Shiawassee County,,MI,5044,88280,93324
26157,Tuscola County,,MI,3672,70105,73777
26159,Van Buren County,,MI,6034,89424,95458
26161,Washtenaw County,,MI,33422,354027,387449
26163,Wayne County,,MI,108582,2058202,2166784
26165,Wexford County,,MI,2831,37884,40715
27001,Aitkin County,,MN,1053,17529,18582
27003,Anoka County,,MN,25820,395794,421614
27005,Becker County,,MN,2010,38032,40042
27007,Beltrami County,,MN,2908,46737,49645
27009,Benton County,,MN,4959,44911,49870
27011,Big Stone County,,MN,323,6492,6815
27013,Blue Earth County,,MN,5930,65368,71298
27015,Brown County,,MN,1645,33184,34829
27017,Carlton County,,MN,1946,39859,41805
27019,Carver County,,MN,6980,104914,111894
27021,Cass County,,MN,2215,33286,35501
27023,Chippewa County,,MN,963,15920,16883
27025,Chisago County,,MN,3998,64125,68123
27027,Clay County,,MN,4367,60947,65314
27029,Clearwater County,,MN,524,10044,10568
27031,Cook County,,MN,415,6427,6842
27033,Cottonwood County,,MN,691,14492,15183
27035,Crow Wing County,,MN,4212,72802,77014
27037,Dakota County,,MN,33707,481059,514766
27039,Dodge County,,MN,1381,24025,25406
27041,Douglas County,,MN,2449,44919,47368
27043,Faribault County,,MN,1041,18987,20028
27045,Fillmore County,,MN,1520,26030,27550
27047,Freeborn County,,MN,1888,39197,41085
27049,Goodhue County,,MN,3056,57033,60089
27051,Grant County,,MN,490,7742,8232
27053,Hennepin County,,MN,90862,1313214,1404076
27055,Houston County,,MN,1283,24752,26035
27057,Hubbard County,,MN,1461,22910,24371
27059,Isanti County,,MN,3032,44267,47299
27061,Itasca County,,MN,2245,52325,54570
27063,Jackson County,,MN,778,13158,13936
27065,Kanabec County,,MN,1220,19576,20796
27067,Kandiyohi County,,MN,2738,50978,53716
27069,Kittson County,,MN,225,5693,5918
27071,Koochiching County,,MN,723,15878,16601
27073,Lac qui Parle County,,MN,464,9381,9845
27075,Lake County,,MN,722,12987,13709
27077,Lake of the Woods County,,MN,357,4952,5309
27079,Le Sueur County,,MN,2180,34141,36321
27081,Lincoln County,,MN,463,7361,7824
27083,Lyon County,,MN,2172,30347,32519
27085,McLeod County,,MN,2812,47521,50333
27087,Mahnomen County,,MN,376,6066,6442
27089,Marshall County,,MN,710,12180,12890
27091,Martin County,,MN,1415,26518,27933
27093,Meeker County,,MN,1601,28862,30463
27095,Mille Lacs County,,MN,2125,30321,32446
27097,Morrison County,,MN,1846,41354,43200
27099,Mower County,,MN,2756,47090,49846
27101,Murray County,,MN,524,10910,11434
27103,Nicollet County,,MN,3432,36117,39549
27105,Nobles County,,MN,1431,25104,26535
27107,Norman County,,MN,487,8332,8819
27109,Olmsted County,,MN,9912,175770,185682
27111,Otter Tail County,,MN,3385,69848,73233
27113,Pennington County,,MN,1086,16559,17645
27115,Pine County,,MN,2015,31452,33467
27117,Pipestone County,,MN,627,11841,12468
27119,Polk County,,MN,2362,36609,38971
27121,Pope County,,MN,761,13813,14574
27123,Ramsey County,,MN,49501,556542,606043
27125,Red Lake County,,MN,314,5052,5366
27127,Redwood County,,MN,1080,19897,20977
27129,Renville County,,MN,1349,20409,21758
27131,Rice County,,MN,4096,69044,73140
27133,Rock County,,MN,621,11948,12569
27135,Roseau County,,MN,942,20313,21255
27137,St. Louis County,,MN,10066,226099,236165
27139,Scott County,,MN,10248,150076,160324
27141,Sherburne County,,MN,7596,101319,108915
27143,Sibley County,,MN,1050,19397,20447
27145,Stearns County,,MN,11043,167932,178975
27147,Steele County,,MN,2563,46495,49058
27149,Stevens County,,MN,684,10537,11221
27151,Swift County,,MN,774,12329,13103
27153,Todd County,,MN,1560,28969,30529
27155,Traverse County,,MN,300,4386,4686
27157,Wabasha County,,MN,1406,27960,29366
27159,Wadena County,,MN,1073,16478,17551
27161,Waseca County,,MN,1448,23657,25105
27163,Washington County,,MN,19120,280372,299492
27165,Watonwan County,,MN,784,13656,14440
27167,Wilkin County,,MN,634,8496,9130
27169,Winona County,,MN,3158,55577,58735
27171,Wright County,,MN,8486,144076,152562
27173,Yellow Medicine County,,MN,786,12810,13596
28001,Adams County,,MS,2031,32312,34343
28003,Alcorn County,,MS,2024,36648,38672
28005,Amite County,,MS,1126,13202,14328
28007,Attala County,,MS,953,19763,20716
28009,Benton County,,MS,685,8675,9360
28011,Bolivar County,,MS,2336,37006,39342
28013,Calhoun County,,MS,839,16247,17086
28015,Carroll County,,MS,956,11144,12100
28017,Chickasaw County,,MS,1367,20131,21498
28019,Choctaw County,,MS,577,8732,9309
28021,Claiborne County,,MS,802,10214,11016
28023,Clarke County,,MS,1663,19583,21246
28025,Clay County,,MS,1340,21766,23106
28027,Coahoma County,,MS,1946,28660,30606
28029,Copiah County,,MS,1874,31593,33467
28031,Covington County,,MS,1571,20923,22494
28033,DeSoto County,,MS,12551,169833,182384
28035,Forrest County,,MS,7846,70505,78351
28037,Franklin County,,MS,644,9100,9744
28039,George County,,MS,1111,22266,23377
28041,Greene County,,MS,591,12024,12615
28043,Grenada County,,MS,1684,24716,26400
28045,Hancock County,,MS,3055,36814,39869
28047,Harrison County,,MS,17235,177382,194617
28049,Hinds County,,MS,18745,263995,282740
28051,Holmes County,,MS,1245,21234,22479
28053,Humphreys County,,MS,585,10251,10836
28055,Issaquena County,,MS,121,1098,1219
28057,Itawamba County,,MS,1593,25772,27365
28059,Jackson County,,MS,10944,142463,153407
28061,Jasper County,,MS,1349,19847,21196
28063,Jefferson County,,MS,519,8337,8856
28065,Jefferson Davis County,,MS,953,13287,14240
28067,Jones County,,MS,3708,67447,71155
28069,Kemper County,,MS,598,8865,9463
28071,Lafayette County,,MS,3621,37423,41044
28073,Lamar County,,MS,5605,48747,54352
28075,Lauderdale County,,MS,4944,80564,85508
28077,Lawrence County,,MS,903,14273,15176
28079,Leake County,,MS,1519,22293,23812
28081,Lee County,,MS,5394,88989,94383
28083,Leflore County,,MS,2072,33301,35373
28085,Lincoln County,,MS,2165,37088,39253
28087,Lowndes County,,MS,5205,63159,68364
28089,Madison County,,MS,8535,94593,103128
28091,Marion County,,MS,1550,27725,29275
28093,Marshall County,,MS,2906,38963,41869
28095,Monroe County,,MS,2009,41660,43669
28097,Montgomery County,,MS,930,12306,13236
28099,Neshoba County,,MS,1638,31660,33298
28101,Newton County,,MS,1360,24552,25912
28103,Noxubee County,,MS,628,14197,14825
28105,Oktibbeha County,,MS,4246,38602,42848
28107,Panola County,,MS,2303,38108,40411
28109,Pearl River County,,MS,3376,53734,57110
28111,Perry County,,MS,966,13033,13999
28113,Pike County,,MS,2729,42332,45061
28115,Pontotoc County,,MS,2148,30979,33127
28117,Prentiss County,,MS,1370,25750,27120
28119,Quitman County,,MS,714,8288,9002
28121,Rankin County,,MS,10737,142805,153542
28123,Scott County,,MS,1813,30085,31898
28125,Sharkey County,,MS,398,5514,5912
28127,Simpson County,,MS,1575,27262,28837
28129,Smith County,,MS,1001,16028,17029
28131,Stone County,,MS,1095,15765,16860
28133,Sunflower County,,MS,1825,28014,29839
28135,Tallahatchie County,,MS,972,13826,14798
28137,Tate County,,MS,2119,29849,31968
28139,Tippah County,,MS,1183,23853,25036
28141,Tishomingo County,,MS,1192,19805,20997
28143,Tunica County,,MS,1558,13068,14626
28145,Union County,,MS,1786,29326,31112
28147,Walthall County,,MS,925,15690,16615
28149,Warren County,,MS,3779,56351,60130
28151,Washington County,,MS,3698,58007,61705
28153,Wayne County,,MS,1169,22473,23642
28155,Webster County,,MS,666,10768,11434
28157,Wilkinson County,,MS,584,9728,10312
28159,Winston County,,MS,1094,21218,22312
28161,Yalobusha County,,MS,986,14110,15096
28163,Yazoo County,,MS,1462,26283,27745
29001,Adair County,,MO,2056,23119,25175
29003,Andrew County,,MO,2007,20674,22681
29005,Atchison County,,MO,429,7148,7577
29007,Audrain County,,MO,1635,28244,29879
29009,Barry County,,MO,2806,38166,40972
29011,Barton County,,MO,1049,14614,15663
29013,Bates County,,MO,1211,19141,20352
29015,Benton County,,MO,1532,19905,21437
29017,Bollinger County,,MO,911,13316,14227
29019,Boone County,,MO,12899,158574,171473
29021,Buchanan County,,MO,6268,96499,102767
29023,Butler County,,MO,2801,45382,48183
29025,Caldwell County,,MO,853,10328,11181
29027,Callaway County,,MO,3641,46390,50031
29029,Camden County,,MO,3853,44038,47891
29031,Cape Girardeau County,,MO,5396,81670,87066
29033,Carroll County,,MO,680,11572,12252
29035,Carter County,,MO,457,6606,7063
29037,Cass County,,MO,8131,112149,120280
29039,Cedar County,,MO,1096,14984,16080
29041,Chariton County,,MO,540,9446,9986
29043,Christian County,,MO,7721,80175,87896
29045,Clark County,,MO,397,8435,8832
29047,Clay County,,MO,19865,251029,270894
29049,Clinton County,,MO,1975,24018,25993
29051,Cole County,,MO,5621,85393,91014
29053,Cooper County,,MO,1320,18805,20125
29055,Crawford County,,MO,1861,26887,28748
29057,Dade County,,MO,732,8849,9581
29059,Dallas County,,MO,1567,17680,19247
29061,Daviess County,,MO,721,9505,10226
29063,DeKalb County,,MO,806,10768,11574
29065,Dent County,,MO,1242,16140,17382
29067,Douglas County,,MO,904,13685,14589
29069,Dunklin County,,MO,2245,32734,34979
29071,Franklin County,,MO,5859,124371,130230
29073,Gasconade County,,MO,1249,18136,19385
29075,Gentry County,,MO,482,7705,8187
29077,Greene County,,MO,22165,291949,314114
29079,Grundy County,,MO,706,11377,12083
29081,Harrison County,,MO,575,10162,10737
29083,Henry County,,MO,1926,25378,27304
29085,Hickory County,,MO,753,9607,10360
29087,Holt County,,MO,471,5982,6453
29089,Howard County,,MO,757,10944,11701
29091,Howell County,,MO,2455,43570,46025
29093,Iron County,,MO,976,11001,11977
29095,Jackson County,,MO,46737,741455,788192
29097,Jasper County,,MO,8408,122954,131362
29099,Jefferson County,,MO,14048,262078,276126
29101,Johnson County,,MO,6087,51783,57870
29103,Knox County,,MO,349,4667,5016
29105,Laclede County,,MO,2430,39868,42298
29107,Lafayette County,,MO,2575,38465,41040
29109,Lawrence County,,MO,3076,41365,44441
29111,Lewis County,,MO,666,11259,11925
29113,Lincoln County,,MO,3693,59509,63202
29115,Linn County,,MO,902,15268,16170
29117,Livingston County,,MO,1084,16100,17184
29119,McDonald County,,MO,2138,21675,23813
29121,Macon County,,MO,1093,18869,19962
29123,Madison County,,MO,749,13555,14304
29125,Maries County,,MO,731,9717,10448
29127,Marion County,,MO,2006,33055,35061
29129,Mercer County,,MO,291,4042,4333
29131,Miller County,,MO,1986,25828,27814
29133,Mississippi County,,MO,830,13892,14722
29135,Moniteau County,,MO,1205,17162,18367
29137,Monroe County,,MO,736,10629,11365
29139,Montgomery County,,MO,959,14394,15353
29141,Morgan County,,MO,1774,22258,24032
29143,New Madrid County,,MO,1274,20057,21331
29145,Newton County,,MO,5246,61161,66407
29147,Nodaway County,,MO,1685,21903,23588
29149,Oregon County,,MO,810,10257,11067
29151,Osage County,,MO,815,16113,16928
29153,Ozark County,,MO,649,9966,10615
29155,Pemiscot County,,MO,1432,19134,20566
29157,Perry County,,MO,1114,22384,23498
29159,Pettis County,,MO,3122,47190,50312
29161,Phelps County,,MO,4283,43933,48216
29163,Pike County,,MO,1124,19202,20326
29165,Platte County,,MO,11813,95286,107099
29167,Polk County,,MO,2606,31159,33765
29169,Pulaski County,,MO,8071,41984,50055
29171,Putnam County,,MO,389,5987,6376
29173,Ralls County,,MO,799,11890,12689
29175,Randolph County,,MO,1878,27384,29262
29177,Ray County,,MO,1965,27829,29794
29179,Reynolds County,,MO,420,6840,7260
29181,Ripley County,,MO,887,14450,15337
29183,St. Charles County,,MO,24103,422714,446817
29185,St. Clair County,,MO,730,9542,10272
29186,Ste. Genevieve County,,MO,1375,22302,23677
29187,St. Francois County,,MO,3829,66489,70318
29189,St. Louis County,,MO,76243,1194317,1270560
29195,Saline County,,MO,1556,24983,26539
29197,Schuyler County,,MO,289,4404,4693
29199,Scotland County,,MO,320,5492,5812
29201,Scott County,,MO,3249,45074,48323
29203,Shannon County,,MO,561,8543,9104
29205,Shelby County,,MO,538,7632,8170
29207,Stoddard County,,MO,2047,33630,35677
29209,Stone County,,MO,3388,32740,36128
29211,Sullivan County,,MO,649,7488,8137
29213,Taney County,,MO,4848,48489,53337
29215,Texas County,,MO,1863,25172,27035
29217,Vernon County,,MO,1424,22153,23577
29219,Warren County,,MO,2606,36560,39166
29221,Washington County,,MO,1494,23997,25491
29223,Wayne County,,MO,910,12519,13429
29225,Webster County,,MO,3334,39054,42388
29227,Worth County,,MO,163,2617,2780
29229,Wright County,,MO,1482,19688,21170
29510,St. Louis city,,MO,37837,313491,351328
30001,Beaverhead County,,MT,768,9136,9904
30003,Big Horn County,,MT,861,12729,13590
30005,Blaine County,,MT,448,7106,7554
30007,Broadwater County,,MT,384,5131,5515
30009,Carbon County,,MT,916,10394,11310
30011,Carter County,,MT,108,1369,1477
30013,Cascade County,,MT,7303,92367,99670
30015,Chouteau County,,MT,328,5367,5695
30017,Custer County,,MT,865,12957,13822
30019,Daniels County,,MT,127,2253,2380
30021,Dawson County,,MT,615,10242,10857
30023,Deer Lodge County,,MT,699,10035,10734
30025,Fallon County,,MT,208,3398,3606
30027,Fergus County,,MT,832,13249,14081
30029,Flathead County,,MT,5786,100198,105984
30031,Gallatin County,,MT,8375,92162,100537
30033,Garfield County,,MT,90,1386,1476
30035,Glacier County,,MT,754,14106,14860
30037,Golden Valley County,,MT,115,1188,1303
30039,Granite County,,MT,245,2983,3228
30041,Hill County,,MT,1310,18760,20070
30043,Jefferson County,,MT,999,12237,13236
30045,Judith Basin County,,MT,191,2224,2415
30047,Lake County,,MT,1890,28417,30307
30049,Lewis and Clark County,,MT,4573,70857,75430
30051,Liberty County,,MT,133,2153,2286
30053,Lincoln County,,MT,1271,20020,21291
30055,McCone County,,MT,118,1929,2047
30057,Madison County,,MT,628,7735,8363
30059,Meagher County,,MT,205,2370,2575
30061,Mineral County,,MT,411,4251,4662
30063,Missoula County,,MT,9573,112505,122078
30065,Musselshell County,,MT,403,4488,4891
30067,Park County,,MT,1548,17757,19305
30069,Petroleum County,,MT,33,421,454
30071,Phillips County,,MT,261,4912,5173
30073,Pondera County,,MT,491,6835,7326
30075,Powder River County,,MT,118,1750,1868
30077,Powell County,,MT,557,6244,6801
30079,Prairie County,,MT,66,1328,1394
30081,Ravalli County,,MT,2903,43294,46197
30083,Richland County,,MT,709,11485,12194
30085,Roosevelt County,,MT,704,10633,11337
30087,Rosebud County,,MT,842,10409,11251
30089,Sanders County,,MT,929,11363,12292
30091,Sheridan County,,MT,239,4395,4634
30093,Silver Bow County,,MT,2190,37040,39230
30095,Stillwater County,,MT,926,9862,10788
30097,Sweet Grass County,,MT,349,4032,4381
30099,Teton County,,MT,474,7576,8050
30101,Toole County,,MT,372,5324,5696
30103,Treasure County,,MT,73,937,1010
30105,Valley County,,MT,444,8722,9166
30107,Wheatland County,,MT,147,2310,2457
30109,Wibaux County,,MT,75,1051,1126
30111,Yellowstone County,,MT,8618,165635,174253
31001,Adams County,,NE,2213,35382,37595
31003,Antelope County,,NE,478,8128,8606
31005,Arthur County,,NE,61,551,612
31007,Banner County,,NE,63,697,760
31009,Blaine County,,NE,62,497,559
31011,Boone County,,NE,429,7057,7486
31013,Box Butte County,,NE,949,14187,15136
31015,Boyd County,,NE,119,2521,2640
31017,Brown County,,NE,264,3718,3982
31019,Buffalo County,,NE,3784,49896,53680
31021,Burt County,,NE,508,8497,9005
31023,Butler County,,NE,711,10643,11354
31025,Cass County,,NE,2336,30151,32487
31027,Cedar County,,NE,596,11231,11827
31029,Chase County,,NE,329,4504,4833
31031,Cherry County,,NE,519,6588,7107
31033,Cheyenne County,,NE,892,11911,12803
31035,Clay County,,NE,553,7772,8325
31037,Colfax County,,NE,764,11641,12405
31039,Cuming County,,NE,729,11447,12176
31041,Custer County,,NE,806,13176,13982
31043,Dakota County,,NE,2365,24195,26560
31045,Dawes County,,NE,981,8595,9576
31047,Dawson County,,NE,2110,28788,30898
31049,Deuel County,,NE,164,2177,2341
31051,Dixon County,,NE,491,7285,7776
31053,Dodge County,,NE,2699,43300,45999
31055,Douglas County,,NE,34693,577750,612443
31057,Dundy County,,NE,181,2117,2298
31059,Fillmore County,,NE,473,7410,7883
31061,Franklin County,,NE,267,3769,4036
31063,Frontier County,,NE,291,2977,3268
31065,Furnas County,,NE,418,5840,6258
31067,Gage County,,NE,1808,27088,28896
31069,Garden County,,NE,192,2242,2434
31071,Garfield County,,NE,134,2107,2241
31073,Gosper County,,NE,298,2428,2726
31075,Grant County,,NE,77,857,934
31077,Greeley County,,NE,159,3038,3197
31079,Hall County,,NE,4113,64817,68930
31081,Hamilton County,,NE,791,11546,12337
31083,Harlan County,,NE,331,3769,4100
31085,Hayes County,,NE,66,1145,1211
31087,Hitchcock County,,NE,242,3443,3685
31089,Holt County,,NE,632,12727,13359
31091,Hooker County,,NE,79,959,1038
31093,Howard County,,NE,602,7477,8079
31095,Jefferson County,,NE,479,9234,9713
31097,Johnson County,,NE,450,5114,5564
31099,Kearney County,,NE,689,7623,8312
31101,Keith County,,NE,919,9509,10428
31103,Keya Paha County,,NE,54,1082,1136
31105,Kimball County,,NE,370,4172,4542
31107,Knox County,,NE,558,10491,11049
31109,Lancaster County,,NE,17816,315041,332857
31111,Lincoln County,,NE,2696,42764,45460
31113,Logan County,,NE,118,897,1015
31115,Loup County,,NE,74,719,793
31117,McPherson County,,NE,43,625,668
31119,Madison County,,NE,2939,41274,44213
31121,Merrick County,,NE,669,9021,9690
31123,Morrill County,,NE,445,5633,6078
31125,Nance County,,NE,287,4181,4468
31127,Nemaha County,,NE,633,7900,8533
31129,Nuckolls County,,NE,323,5706,6029
31131,Otoe County,,NE,1434,19080,20514
31133,Pawnee County,,NE,251,3112,3363
31135,Perkins County,,NE,340,3459,3799
31137,Phelps County,,NE,799,11053,11852
31139,Pierce County,,NE,532,8867,9399
31141,Platte County,,NE,2231,39379,41610
31143,Polk County,,NE,492,6659,7151
31145,Red Willow County,,NE,877,12732,13609
31147,Richardson County,,NE,561,10127,10688
31149,Rock County,,NE,81,1531,1612
31151,Saline County,,NE,1274,16003,17277
31153,Sarpy County,,NE,18405,177434,195839
31155,Saunders County,,NE,1796,24342,26138
31157,Scotts Bluff County,,NE,2334,40934,43268
31159,Seward County,,NE,1248,18893,20141
31161,Sheridan County,,NE,513,6310,6823
31163,Sherman County,,NE,267,3643,3910
31165,Sioux County,,NE,111,1260,1371
31167,Stanton County,,NE,569,7098,7667
31169,Thayer County,,NE,421,6537,6958
31171,Thomas County,,NE,97,793,890
31173,Thurston County,,NE,571,7413,7984
31175,Valley County,,NE,346,5003,5349
31177,Washington County,,NE,1720,23571,25291
31179,Wayne County,,NE,835,9403,10238
31181,Webster County,,NE,330,4309,4639
31183,Wheeler County,,NE,67,933,1000
31185,York County,,NE,1363,16231,17594
32001,Churchill County,,NV,2939,27000,29939
32003,Clark County,,NV,114521,2045380,2159901
32005,Douglas County,,NV,4940,54047,58987
32007,Elko County,,NV,4545,52865,57410
32009,Esmeralda County,,NV,105,724,829
32011,Eureka County,,NV,192,1543,1735
32013,Humboldt County,,NV,1523,18571,20094
32015,Lander County,,NV,667,6193,6860
32017,Lincoln County,,NV,316,4509,4825
32019,Lyon County,,NV,6156,55616,61772
32021,Mineral County,,NV,438,5030,5468
32023,Nye County,,NV,4610,44681,49291
32027,Pershing County,,NV,532,5170,5702
32029,Storey County,,NV,707,4569,5276
32031,Washoe County,,NV,27489,457141,484630
32033,White Pine County,,NV,903,9471,10374
32510,Carson City,,NV,6082,60463,66545
33001,Belknap County,,NH,4996,73781,78777
33003,Carroll County,,NH,3349,56886,60235
33005,Cheshire County,,NH,5363,88880,94243
33007,Coos County,,NH,2136,40202,42338
33009,Grafton County,,NH,7502,95319,102821
33011,Hillsborough County,,NH,27697,482771,510468
33013,Merrimack County,,NH,11687,171210,182897
33015,Rockingham County,,NH,22399,362904,385303
33017,Strafford County,,NH,9397,136228,145625
33019,Sullivan County,,NH,3167,50496,53663
34001,Atlantic County,,NJ,14257,338405,352662
34003,Bergen County,,NJ,53523,1042349,1095872
34005,Burlington County,,NJ,31008,541937,572945
34007,Camden County,,NJ,31821,606690,638511
34009,Cape May County,,NJ,6305,115368,121673
34011,Cumberland County,,NJ,6923,174116,181039
34013,Essex County,,NJ,55208,837230,892438
34015,Gloucester County,,NJ,16787,344956,361743
34017,Hudson County,,NJ,60285,667545,727830
34019,Hunterdon County,,NJ,7992,151671,159663
34021,Mercer County,,NJ,24332,404164,428496
34023,Middlesex County,,NJ,62938,940518,1003456
34025,Monmouth County,,NJ,33313,737584,770897
34027,Morris County,,NJ,33250,582372,615622
34029,Ocean County,,NJ,25968,674788,700756
34031,Passaic County,,NJ,33465,584257,617722
34033,Salem County,,NJ,3915,80206,84121
34035,Somerset County,,NJ,26506,376163,402669
34037,Sussex County,,NJ,9536,181897,191433
34039,Union County,,NJ,39812,614337,654149
34041,Warren County,,NJ,7761,131909,139670
35001,Bernalillo County,,NM,42826,690162,732988
35003,Catron County,,NM,230,3133,3363
35005,Chaves County,,NM,3832,64988,68820
35006,Cibola County,,NM,1804,24386,26190
35007,Colfax County,,NM,1141,14276,15417
35009,Curry County,,NM,6654,48237,54891
35011,De Baca County,,NM,128,2253,2381
35013,Dona Ana County,,NM,13460,206023,219483
35015,Eddy County,,NM,3379,56664,60043
35017,Grant County,,NM,2047,32103,34150
35019,Guadalupe County,,NM,354,4564,4918
35021,Harding County,,NM,51,734,785
35023,Hidalgo County,,NM,442,5263,5705
35025,Lea County,,NM,4053,64740,68793
35027,Lincoln County,,NM,1741,20060,21801
35028,Los Alamos County,,NM,2004,22490,24494
35029,Luna County,,NM,1947,27683,29630
35031,McKinley County,,NM,8081,86788,94869
35033,Mora County,,NM,366,5033,5399
35035,Otero County,,NM,6081,62732,68813
35037,Quay County,,NM,706,9494,10200
35039,Rio Arriba County,,NM,2537,42728,45265
35041,Roosevelt County,,NM,2092,18412,20504
35043,Sandoval County,,NM,11988,130793,142781
35045,San Juan County,,NM,11390,145418,156808
35047,San Miguel County,,NM,1853,27213,29066
35049,Santa Fe County,,NM,9623,146882,156505
35051,Sierra County,,NM,804,11230,12034
35053,Socorro County,,NM,1409,17449,18858
35055,Taos County,,NM,2060,33514,35574
35057,Torrance County,,NM,1510,14718,16228
35059,Union County,,NM,306,4198,4504
35061,Valencia County,,NM,5194,75172,80366
36001,Albany County,,NY,23623,339933,363556
36003,Allegany County,,NY,2710,50554,53264
36005,Bronx County,,NY,100418,1355905,1456323
36007,Broome County,,NY,10099,226727,236826
36009,Cattaraugus County,,NY,4749,90965,95714
36011,Cayuga County,,NY,4058,89400,93458
36013,Chautauqua County,,NY,5482,150936,156418
36015,Chemung County,,NY,4455,101011,105466
36017,Chenango County,,NY,3261,60753,64014
36019,Clinton County,,NY,3578,92799,96377
36021,Columbia County,,NY,3443,70884,74327
36023,Cortland County,,NY,2792,52199,54991
36025,Delaware County,,NY,2862,48612,51474
36027,Dutchess County,,NY,15910,331089,346999
36029,Erie County,,NY,32749,1072944,1105693
36031,Essex County,,NY,2163,42455,44618
36033,Franklin County,,NY,2114,52408,54522
36035,Fulton County,,NY,3030,64928,67958
36037,Genesee County,,NY,3650,71627,75277
36039,Greene County,,NY,2845,52597,55442
36041,Hamilton County,,NY,369,5909,6278
36043,Herkimer County,,NY,3482,74211,77693
36045,Jefferson County,,NY,16966,120965,137931
36047,Kings County,,NY,150617,2465173,2615790
36049,Lewis County,,NY,1676,28294,29970
36051,Livingston County,,NY,3944,71330,75274
36053,Madison County,,NY,4734,76532,81266
36055,Monroe County,,NY,31231,868263,899494
36057,Montgomery County,,NY,3403,59058,62461
36059,Nassau County,,NY,68824,1581585,1650409
36061,New York County,,NY,175643,1551289,1726932
36063,Niagara County,,NY,10104,258146,268250
36065,Oneida County,,NY,10156,265072,275228
36067,Onondaga County,,NY,22941,534027,556968
36069,Ontario County,,NY,6671,125147,131818
36071,Orange County,,NY,23388,422727,446115
36073,Orleans County,,NY,2697,48174,50871
36075,Oswego County,,NY,6745,138859,145604
36077,Otsego County,,NY,3843,67414,71257
36079,Putnam County,,NY,6677,114550,121227
36081,Queens County,,NY,141882,2384921,2526803
36083,Rensselaer County,,NY,11884,181896,193780
36085,Richmond County,,NY,21122,519518,540640
36087,Rockland County,,NY,14803,342893,357696
36089,St. Lawrence County,,NY,4734,116043,120777
36091,Saratoga County,,NY,15817,259511,275328
36093,Schenectady County,,NY,10401,178900,189301
36095,Schoharie County,,NY,1847,35328,37175
36097,Schuyler County,,NY,1369,21566,22935
36099,Seneca County,,NY,2179,38505,40684
36101,Steuben County,,NY,5355,113326,118681
36103,Suffolk County,,NY,62490,1794338,1856828
36105,Sullivan County,,NY,5083,82787,87870
36107,Tioga County,,NY,3483,61803,65286
36109,Tompkins County,,NY,8231,91292,99523
36111,Ulster County,,NY,10235,201833,212068
36113,Warren County,,NY,5084,78483,83567
36115,Washington County,,NY,3914,69272,73186
36117,Wayne County,,NY,6031,114274,120305
36119,Westchester County,,NY,52983,1031082,1084065
36121,Wyoming County,,NY,2617,47270,49887
36123,Yates County,,NY,1505,28835,30340
37001,Alamance County,,NC,7969,162666,170635
37003,Alexander County,,NC,2265,40851,43116
37005,Alleghany County,,NC,614,11802,12416
37007,Anson County,,NC,1278,26347,27625
37009,Ashe County,,NC,1020,28392,29412
37011,Avery County,,NC,1115,16992,18107
37013,Beaufort County,,NC,2604,51261,53865
37015,Bertie County,,NC,1210,22319,23529
37017,Bladen County,,NC,1853,32741,34594
37019,Brunswick County,,NC,6880,102502,109382
37021,Buncombe County,,NC,16545,248115,264660
37023,Burke County,,NC,5133,97994,103127
37025,Cabarrus County,,NC,13918,189122,203040
37027,Caldwell County,,NC,4085,90965,95050
37029,Camden County,,NC,968,10579,11547
37031,Carteret County,,NC,5171,68944,74115
37033,Caswell County,,NC,1664,24588,26252
37035,Catawba County,,NC,10514,178212,188726
37037,Chatham County,,NC,5359,66080,71439
37039,Cherokee County,,NC,1648,27061,28709
37041,Chowan County,,NC,1042,15872,16914
37043,Clay County,,NC,722,10168,10890
37045,Cleveland County,,NC,5373,107808,113181
37047,Columbus County,,NC,2489,55895,58384
37049,Craven County,,NC,12058,107867,119925
37051,Cumberland County,,NC,43633,316992,360625
37053,Currituck County,,NC,2079,24463,26542
37055,Dare County,,NC,3035,37192,40227
37057,Davidson County,,NC,9369,182573,191942
37059,Davie County,,NC,2670,45583,48253
37061,Duplin County,,NC,2808,53674,56482
37063,Durham County,,NC,25687,266645,292332
37065,Edgecombe County,,NC,4512,60503,65015
37067,Forsyth County,,NC,22470,379134,401604
37069,Franklin County,,NC,4329,57790,62119
37071,Gaston County,,NC,11675,224221,235896
37073,Gates County,,NC,852,12216,13068
37075,Graham County,,NC,384,8729,9113
37077,Granville County,,NC,3533,57135,60668
37079,Greene County,,NC,1380,18840,20220
37081,Guilford County,,NC,32253,514223,546476
37083,Halifax County,,NC,2926,58275,61201
37085,Harnett County,,NC,10806,104101,114907
37087,Haywood County,,NC,3038,63186,66224
37089,Henderson County,,NC,6853,112946,119799
37091,Hertford County,,NC,1430,21432,22862
37093,Hoke County,,NC,5566,40457,46023
37095,Hyde County,,NC,366,4853,5219
37097,Iredell County,,NC,10571,173839,184410
37099,Jackson County,,NC,2692,31835,34527
37101,Johnston County,,NC,10476,169322,179798
37103,Jones County,,NC,890,10885,11775
37105,Lee County,,NC,3871,60768,64639
37107,Lenoir County,,NC,3477,64105,67582
37109,Lincoln County,,NC,5807,83114,88921
37111,McDowell County,,NC,2096,47536,49632
37113,Macon County,,NC,1844,35822,37666
37115,Madison County,,NC,1362,20440,21802
37117,Martin County,,NC,1419,26904,28323
37119,Mecklenburg County,,NC,74038,936979,1011017
37121,Mitchell County,,NC,745,16567,17312
37123,Montgomery County,,NC,1630,28307,29937
37125,Moore County,,NC,5252,93289,98541
37127,Nash County,,NC,7889,106664,114553
37129,New Hanover County,,NC,17796,190477,208273
37131,Northampton County,,NC,1453,22260,23713
37133,Onslow County,,NC,33545,161506,195051
37135,Orange County,,NC,13831,120011,133842
37137,Pamlico County,,NC,800,13333,14133
37139,Pasquotank County,,NC,3682,41342,45024
37141,Pender County,,NC,3959,48880,52839
37143,Perquimans County,,NC,959,13746,14705
37145,Person County,,NC,2010,43076,45086
37147,Pitt County,,NC,10676,152922,163598
37149,Polk County,,NC,1269,20514,21783
37151,Randolph County,,NC,7783,158752,166535
37153,Richmond County,,NC,2290,48571,50861
37155,Robeson County,,NC,5454,126716,132170
37157,Rockingham County,,NC,4862,105794,110656
37159,Rowan County,,NC,8177,152195,160372
37161,Rutherford County,,NC,2805,68430,71235
37163,Sampson County,,NC,3338,65950,69288
37165,Scotland County,,NC,2394,38190,40584
37167,Stanly County,,NC,2921,67216,70137
37169,Stokes County,,NC,3016,52015,55031
37171,Surry County,,NC,3498,80592,84090
37173,Swain County,,NC,1140,19121,20261
37175,Transylvania County,,NC,1900,32021,33921
37177,Tyrrell County,,NC,330,4080,4410
37179,Union County,,NC,12285,206572,218857
37181,Vance County,,NC,2898,47889,50787
37183,Wake County,,NC,58659,920307,978966
37185,Warren County,,NC,1357,19418,20775
37187,Washington County,,NC,773,14584,15357
37189,Watauga County,,NC,3677,38516,42193
37191,Wayne County,,NC,8660,123919,132579
37193,Wilkes County,,NC,3001,74884,77885
37195,Wilson County,,NC,4287,86804,91091
37197,Yadkin County,,NC,2258,43007,45265
37199,Yancey County,,NC,896,18904,19800
38001,Adams County,,ND,170,2818,2988
38003,Barnes County,,ND,811,12805,13616
38005,Benson County,,ND,420,7142,7562
38007,Billings County,,ND,101,945,1046
38009,Bottineau County,,ND,432,7787,8219
38011,Bowman County,,ND,176,3822,3998
38013,Burke County,,ND,174,2437,2611
38015,Burleigh County,,ND,5752,92987,98739
38017,Cass County,,ND,11252,162022,173274
38019,Cavalier County,,ND,293,5161,5454
38021,Dickey County,,ND,486,6181,6667
38023,Divide County,,ND,139,2504,2643
38025,Dunn County,,ND,232,3896,4128
38027,Eddy County,,ND,158,2835,2993
38029,Emmons County,,ND,184,4430,4614
38031,Foster County,,ND,257,4242,4499
38033,Golden Valley County,,ND,158,1955,2113
38035,Grand Forks County,,ND,7184,70884,78068
38037,Grant County,,ND,169,2951,3120
38039,Griggs County,,ND,192,2979,3171
38041,Hettinger County,,ND,178,2975,3153
38043,Kidder County,,ND,211,2975,3186
38045,LaMoure County,,ND,303,5166,5469
38047,Logan County,,ND,121,2371,2492
38049,McHenry County,,ND,389,6440,6829
38051,McIntosh County,,ND,195,3496,3691
38053,McKenzie County,,ND,344,5756,6100
38055,McLean County,,ND,687,10639,11326
38057,Mercer County,,ND,624,10594,11218
38059,Morton County,,ND,2422,31693,34115
38061,Mountrail County,,ND,531,8080,8611
38063,Nelson County,,ND,231,4044,4275
38065,Oliver County,,ND,136,2419,2555
38067,Pembina County,,ND,657,9750,10407
38069,Pierce County,,ND,347,5177,5524
38071,Ramsey County,,ND,820,13493,14313
38073,Ransom County,,ND,434,6881,7315
38075,Renville County,,ND,312,2881,3193
38077,Richland County,,ND,1373,19562,20935
38079,Rolette County,,ND,707,14625,15332
38081,Sargent County,,ND,353,5201,5554
38083,Sheridan County,,ND,109,1763,1872
38085,Sioux County,,ND,289,3665,3954
38087,Slope County,,ND,35,839,874
38089,Stark County,,ND,1678,27489,29167
38091,Steele County,,ND,149,2427,2576
38093,Stutsman County,,ND,1355,23951,25306
38095,Towner County,,ND,212,2856,3068
38097,Traill County,,ND,659,9518,10177
38099,Walsh County,,ND,759,13557,14316
38101,Ward County,,ND,6204,68726,74930
38103,Wells County,,ND,308,5348,5656
38105,Williams County,,ND,1282,24893,26175
39001,Adams County,,OH,1574,30767,32341
39003,Allen County,,OH,5998,124236,130234
39005,Ashland County,,OH,3326,61810,65136
39007,Ashtabula County,,OH,5356,119377,124733
39009,Athens County,,OH,4364,52559,56923
39011,Auglaize County,,OH,2892,59285,62177
39013,Belmont County,,OH,3226,79341,82567
39015,Brown County,,OH,3546,50702,54248
39017,Butler County,,OH,25944,408794,434738
39019,Carroll County,,OH,2072,33534,35606
39021,Champaign County,,OH,2889,47294,50183
39023,Clark County,,OH,7672,163088,170760
39025,Clermont County,,OH,14451,227900,242351
39027,Clinton County,,OH,3474,49943,53417
39029,Columbiana County,,OH,5351,124532,129883
39031,Coshocton County,,OH,2037,43177,45214
39033,Crawford County,,OH,3092,55022,58114
39035,Cuyahoga County,,OH,64026,1487127,1551153
39037,Darke County,,OH,2863,66150,69013
39039,Defiance County,,OH,2546,48907,51453
39041,Delaware County,,OH,13361,188812,202173
39043,Erie County,,OH,5077,94765,99842
39045,Fairfield County,,OH,10877,164643,175520
39047,Fayette County,,OH,2134,32976,35110
39049,Franklin County,,OH,75604,1297523,1373127
39051,Fulton County,,OH,3190,53966,57156
39053,Gallia County,,OH,1511,32587,34098
39055,Geauga County,,OH,5523,111010,116533
39057,Greene County,,OH,16153,174723,190876
39059,Guernsey County,,OH,2181,47370,49551
39061,Hamilton County,,OH,50532,915284,965816
39063,Hancock County,,OH,5423,89116,94539
39065,Hardin County,,OH,2139,34007,36146
39067,Harrison County,,OH,998,17844,18842
39069,Henry County,,OH,1973,36839,38812
39071,Highland County,,OH,3431,48720,52151
39073,Hocking County,,OH,1778,32534,34312
39075,Holmes County,,OH,1770,43962,45732
39077,Huron County,,OH,4118,75075,79193
39079,Jackson County,,OH,1881,36223,38104
39081,Jefferson County,,OH,3065,80435,83500
39083,Knox County,,OH,3272,66602,69874
39085,Lake County,,OH,12071,286702,298773
39087,Lawrence County,,OH,3118,68616,71734
39089,Licking County,,OH,10474,193449,203923
39091,Logan County,,OH,3170,56697,59867
39093,Lorain County,,OH,14935,355255,370190
39095,Lucas County,,OH,23493,498304,521797
39097,Madison County,,OH,3498,44911,48409
39099,Mahoning County,,OH,12391,276561,288952
39101,Marion County,,OH,3397,72709,76106
39103,Medina County,,OH,11131,208506,219637
39105,Meigs County,,OH,1217,24885,26102
39107,Mercer County,,OH,2002,53706,55708
39109,Miami County,,OH,6953,124921,131874
39111,Monroe County,,OH,715,17205,17920
39113,Montgomery County,,OH,35018,623677,658695
39115,Morgan County,,OH,914,16006,16920
39117,Morrow County,,OH,2507,38335,40842
39119,Muskingum County,,OH,4318,101100,105418
39121,Noble County,,OH,632,13916,14548
39123,Ottawa County,,OH,3043,51549,54592
39125,Paulding County,,OH,1281,24105,25386
39127,Perry County,,OH,2140,39659,41799
39129,Pickaway County,,OH,4150,58753,62903
39131,Pike County,,OH,1503,30731,32234
39133,Portage County,,OH,11609,175989,187598
39135,Preble County,,OH,2535,50587,53122
39137,Putnam County,,OH,1813,45163,46976
39139,Richland County,,OH,7056,147989,155045
39141,Ross County,,OH,3891,83238,87129
39143,Sandusky County,,OH,3866,76550,80416
39145,Scioto County,,OH,2814,78972,81786
39147,Seneca County,,OH,3468,69061,72529
39149,Shelby County,,OH,3071,61744,64815
39151,Stark County,,OH,16756,456377,473133
39153,Summit County,,OH,30994,634598,665592
39155,Trumbull County,,OH,10771,256811,267582
39157,Tuscarawas County,,OH,4526,115367,119893
39159,Union County,,OH,4216,56393,60609
39161,Van Wert County,,OH,1642,37094,38736
39163,Vinton County,,OH,1000,13999,14999
39165,Warren County,,OH,17447,236227,253674
39167,Washington County,,OH,3461,72618,76079
39169,Wayne County,,OH,6477,138116,144593
39171,Williams County,,OH,2293,47802,50095
39173,Wood County,,OH,10876,138258,149134
39175,Wyandot County,,OH,1616,28133,29749
40001,Adair County,,OK,1470,22880,24350
40003,Alfalfa County,,OK,380,5158,5538
40005,Atoka County,,OK,886,14128,15014
40007,Beaver County,,OK,565,5619,6184
40009,Beckham County,,OK,1882,20767,22649
40011,Blaine County,,OK,787,10565,11352
40013,Bryan County,,OK,2816,35709,38525
40015,Caddo County,,OK,2059,28281,30340
40017,Canadian County,,OK,9577,114750,124327
40019,Carter County,,OK,3087,50160,53247
40021,Cherokee County,,OK,3162,41065,44227
40023,Choctaw County,,OK,1067,14334,15401
40025,Cimarron County,,OK,252,3008,3260
40027,Cleveland County,,OK,23595,244404,267999
40029,Coal County,,OK,445,5038,5483
40031,Comanche County,,OK,17322,111222,128544
40033,Cotton County,,OK,557,6303,6860
40035,Craig County,,OK,1140,14487,15627
40037,Creek County,,OK,6573,72933,79506
40039,Custer County,,OK,2421,25468,27889
40041,Delaware County,,OK,3126,37002,40128
40043,Dewey County,,OK,353,5073,5426
40045,Ellis County,,OK,328,4077,4405
40047,Garfield County,,OK,4820,64287,69107
40049,Garvin County,,OK,2073,28324,30397
40051,Grady County,,OK,3691,50135,53826
40053,Grant County,,OK,423,4716,5139
40055,Greer County,,OK,405,5076,5481
40057,Harmon County,,OK,226,2838,3064
40059,Harper County,,OK,298,3895,4193
40061,Haskell County,,OK,721,12514,13235
40063,Hughes County,,OK,1044,11797,12841
40065,Jackson County,,OK,3581,27726,31307
40067,Jefferson County,,OK,516,5753,6269
40069,Johnston County,,OK,937,10255,11192
40071,Kay County,,OK,3273,50258,53531
40073,Kingfisher County,,OK,1069,16293,17362
40075,Kiowa County,,OK,822,9458,10280
40077,Latimer County,,OK,810,11782,12592
40079,Le Flore County,,OK,2986,47511,50497
40081,Lincoln County,,OK,2775,33574,36349
40083,Logan County,,OK,3254,36229,39483
40085,Love County,,OK,835,9372,10207
40087,McClain County,,OK,3268,34829,38097
40089,McCurtain County,,OK,1728,32181,33909
40091,McIntosh County,,OK,1475,18483,19958
40093,Major County,,OK,636,8309,8945
40095,Marshall County,,OK,1162,14326,15488
40097,Mayes County,,OK,2911,42618,45529
40099,Murray County,,OK,953,12639,13592
40101,Muskogee County,,OK,4701,72373,77074
40103,Noble County,,OK,1131,12373,13504
40105,Nowata County,,OK,882,11316,12198
40107,Okfuskee County,,OK,800,10665,11465
40109,Oklahoma County,,OK,51050,707858,758908
40111,Okmulgee County,,OK,3062,39449,42511
40113,Osage County,,OK,4561,44092,48653
40115,Ottawa County,,OK,2730,33632,36362
40117,Pawnee County,,OK,1516,16651,18167
40119,Payne County,,OK,6993,62445,69438
40121,Pittsburg County,,OK,2924,44780,47704
40123,Pontotoc County,,OK,2621,36687,39308
40125,Pottawatomie County,,OK,5341,69030,74371
40127,Pushmataha County,,OK,819,11026,11845
40129,Roger Mills County,,OK,297,3836,4133
40131,Rogers County,,OK,6782,90487,97269
40133,Seminole County,,OK,1935,23618,25553
40135,Sequoyah County,,OK,2715,41813,44528
40137,Stephens County,,OK,2969,46301,49270
40139,Texas County,,OK,1724,21496,23220
40141,Tillman County,,OK,743,7914,8657
40143,Tulsa County,,OK,43469,630934,674403
40145,Wagoner County,,OK,6976,70264,77240
40147,Washington County,,OK,3880,55864,59744
40149,Washita County,,OK,1174,11778,12952
40151,Woods County,,OK,805,8138,8943
40153,Woodward County,,OK,1523,21056,22579
41001,Baker County,,OR,1164,16865,18029
41003,Benton County,,OR,8565,80627,89192
41005,Clackamas County,,OR,30475,397339,427814
41007,Clatsop County,,OR,3275,36673,39948
41009,Columbia County,,OR,3662,53539,57201
41011,Coos County,,OR,4069,64646,68715
41013,Crook County,,OR,1794,22256,24050
41015,Curry County,,OR,1963,23057,25020
41017,Deschutes County,,OR,11741,164564,176305
41019,Douglas County,,OR,6264,112913,119177
41021,Gilliam County,,OR,162,1938,2100
41023,Grant County,,OR,533,7488,8021
41025,Harney County,,OR,585,7553,8138
41027,Hood River County,,OR,1458,24343,25801
41029,Jackson County,,OR,11244,215129,226373
41031,Jefferson County,,OR,2018,22328,24346
41033,Josephine County,,OR,4763,84793,89556
41035,Klamath County,,OR,4682,69227,73909
41037,Lake County,,OR,611,7687,8298
41039,Lane County,,OR,20135,361415,381550
41041,Lincoln County,,OR,3797,45650,49447
41043,Linn County,,OR,7956,121578,129534
41045,Malheur County,,OR,2277,28571,30848
41047,Marion County,,OR,19870,328074,347944
41049,Morrow County,,OR,1184,11722,12906
41051,Multnomah County,,OR,56665,741307,797972
41053,Polk County,,OR,6773,75220,81993
41055,Sherman County,,OR,139,1885,2024
41057,Tillamook County,,OR,1971,26596,28567
41059,Umatilla County,,OR,5292,77540,82832
41061,Union County,,OR,2041,27414,29455
41063,Wallowa County,,OR,461,8023,8484
41065,Wasco County,,OR,1893,25125,27018
41067,Washington County,,OR,43514,562005,605519
41069,Wheeler County,,OR,121,1316,1437
41071,Yamhill County,,OR,6668,99761,106429
42001,Adams County,,PA,6223,123747,129970
42003,Allegheny County,,PA,53565,1450500,1504065
42005,Armstrong County,,PA,3189,85716,88905
42007,Beaver County,,PA,7808,214179,221987
42009,Bedford County,,PA,1861,62274,64135
42011,Berks County,,PA,18928,499493,518421
42013,Blair County,,PA,4569,153561,158130
42015,Bradford County,,PA,3061,76324,79385
42017,Bucks County,,PA,36491,779383,815874
42019,Butler County,,PA,9914,224449,234363
42021,Cambria County,,PA,5642,173714,179356
42023,Cameron County,,PA,302,6688,6990
42025,Carbon County,,PA,3696,78118,81814
42027,Centre County,,PA,8921,138135,147056
42029,Chester County,,PA,29821,582878,612699
42031,Clarion County,,PA,2042,45691,47733
42033,Clearfield County,,PA,3434,95588,99022
42035,Clinton County,,PA,2078,43376,45454
42037,Columbia County,,PA,3181,73646,76827
42039,Crawford County,,PA,4456,103248,107704
42041,Cumberland County,,PA,16108,280703,296811
42043,Dauphin County,,PA,17960,324906,342866
42045,Delaware County,,PA,32816,647817,680633
42047,Elk County,,PA,1211,43417,44628
42049,Erie County,,PA,10806,323824,334630
42051,Fayette County,,PA,4962,160505,165467
42053,Forest County,,PA,411,5800,6211
42055,Franklin County,,PA,6964,186527,193491
42057,Fulton County,,PA,849,18810,19659
42059,Greene County,,PA,1681,42144,43825
42061,Huntingdon County,,PA,1834,51215,53049
42063,Indiana County,,PA,4289,96275,100564
42065,Jefferson County,,PA,2334,56124,58458
42067,Juniata County,,PA,1088,29137,30225
42069,Lackawanna County,,PA,8554,248674,257228
42071,Lancaster County,,PA,20195,644031,664226
42073,Lawrence County,,PA,3718,109141,112859
42075,Lebanon County,,PA,6898,167076,173974
42077,Lehigh County,,PA,23540,415495,439035
42079,Luzerne County,,PA,12687,378813,391500
42081,Lycoming County,,PA,5231,138331,143562
42083,McKean County,,PA,1913,50407,52320
42085,Mercer County,,PA,5327,139580,144907
42087,Mifflin County,,PA,1695,56427,58122
42089,Monroe County,,PA,11774,184527,196301
42091,Montgomery County,,PA,51646,943238,994884
42093,Montour County,,PA,1606,21644,23250
42095,Northampton County,,PA,18993,357329,376322
42097,Northumberland County,,PA,4684,110963,115647
42099,Perry County,,PA,2975,57484,60459
42101,Philadelphia County,,PA,82715,1477147,1559862
42103,Pike County,,PA,4220,64067,68287
42105,Potter County,,PA,1305,20578,21883
42107,Schuylkill County,,PA,5735,177853,183588
42109,Snyder County,,PA,2167,44668,46835
42111,Somerset County,,PA,3056,93539,96595
42113,Sullivan County,,PA,440,7342,7782
42115,Susquehanna County,,PA,2345,51269,53614
42117,Tioga County,,PA,1940,47778,49718
42119,Union County,,PA,2547,42945,45492
42121,Venango County,,PA,2510,66971,69481
42123,Warren County,,PA,1887,50010,51897
42125,Washington County,,PA,9356,252527,261883
42127,Wayne County,,PA,3037,57626,60663
42129,Westmoreland County,,PA,15602,458665,474267
42131,Wyoming County,,PA,1897,34376,36273
42133,York County,,PA,21130,536670,557800
44001,Bristol County,,RI,3321,57071,60392
44003,Kent County,,RI,12509,205448,217957
44005,Newport County,,RI,8469,93232,101701
44007,Providence County,,RI,34751,709192,743943
44009,Washington County,,RI,7989,146685,154674
45001,Abbeville County,,SC,1581,27351,28932
45003,Aiken County,,SC,8804,168838,177642
45005,Allendale County,,SC,584,9948,10532
45007,Anderson County,,SC,9397,200561,209958
45009,Bamberg County,,SC,1038,15277,16315
45011,Barnwell County,,SC,1427,23921,25348
45013,Beaufort County,,SC,14993,157679,172672
45015,Berkeley County,,SC,18714,168930,187644
45017,Calhoun County,,SC,1271,15470,16741
45019,Charleston County,,SC,31616,337490,369106
45021,Cherokee County,,SC,2486,59238,61724
45023,Chester County,,SC,2010,37146,39156
45025,Chesterfield County,,SC,2261,47782,50043
45027,Clarendon County,,SC,1922,34939,36861
45029,Colleton County,,SC,2298,42063,44361
45031,Darlington County,,SC,4207,74895,79102
45033,Dillon County,,SC,1681,34254,35935
45035,Dorchester County,,SC,14316,135541,149857
45037,Edgefield County,,SC,1603,25642,27245
45039,Fairfield County,,SC,1372,25793,27165
45041,Florence County,,SC,8112,143834,151946
45043,Georgetown County,,SC,3783,67024,70807
45045,Greenville County,,SC,26638,470514,497152
45047,Greenwood County,,SC,4039,74240,78279
45049,Hampton County,,SC,1200,21607,22807
45051,Horry County,,SC,16941,272179,289120
45053,Jasper County,,SC,1740,20257,21997
45055,Kershaw County,,SC,3785,66319,70104
45057,Lancaster County,,SC,3218,71301,74519
45059,Laurens County,,SC,4151,70039,74190
45061,Lee County,,SC,1476,19250,20726
45063,Lexington County,,SC,17734,272689,290423
45065,McCormick County,,SC,591,10231,10822
45067,Marion County,,SC,1943,36475,38418
45069,Marlboro County,,SC,1550,30047,31597
45071,Newberry County,,SC,1912,40713,42625
45073,Oconee County,,SC,3899,79582,83481
45075,Orangeburg County,,SC,5173,95867,101040
45077,Pickens County,,SC,8033,117890,125923
45079,Richland County,,SC,32008,363359,395367
45081,Saluda County,,SC,1219,20156,21375
45083,Spartanburg County,,SC,13695,304683,318378
45085,Sumter County,,SC,8561,115324,123885
45087,Union County,,SC,1187,31643,32830
45089,Williamsburg County,,SC,1879,36526,38405
45091,York County,,SC,14088,237835,251923
46003,Aurora County,,SD,184,3343,3527
46005,Beadle County,,SD,1083,19027,20110
46007,Bennett County,,SD,225,3149,3374
46009,Bon Homme County,,SD,478,7137,7615
46011,Brookings County,,SD,2709,29802,32511
46013,Brown County,,SD,2438,43174,45612
46015,Brule County,,SD,410,5729,6139
46017,Buffalo County,,SD,157,1960,2117
46019,Butte County,,SD,1056,10805,11861
46021,Campbell County,,SD,105,1817,1922
46023,Charles Mix County,,SD,504,9572,10076
46025,Clark County,,SD,215,3982,4197
46027,Clay County,,SD,1558,12053,13611
46029,Codington County,,SD,2297,32472,34769
46031,Corson County,,SD,322,3560,3882
46033,Custer County,,SD,851,8242,9093
46035,Davison County,,SD,1916,22338,24254
46037,Day County,,SD,495,6774,7269
46039,Deuel County,,SD,363,5502,5865
46041,Dewey County,,SD,527,6491,7018
46043,Douglas County,,SD,188,3739,3927
46045,Edmunds County,,SD,265,4448,4713
46047,Fall River County,,SD,802,7666,8468
46049,Faulk County,,SD,102,2501,2603
46051,Grant County,,SD,525,9581,10106
46053,Gregory County,,SD,258,5128,5386
46055,Haakon County,,SD,182,2502,2684
46057,Hamlin County,,SD,456,6272,6728
46059,Hand County,,SD,160,4177,4337
46061,Hanson County,,SD,399,5430,5829
46063,Harding County,,SD,117,1508,1625
46065,Hughes County,,SD,1670,20170,21840
46067,Hutchinson County,,SD,486,8729,9215
46069,Hyde County,,SD,139,1652,1791
46071,Jackson County,,SD,310,2761,3071
46073,Jerauld County,,SD,183,2306,2489
46075,Jones County,,SD,90,1223,1313
46077,Kingsbury County,,SD,452,6302,6754
46079,Lake County,,SD,1029,12977,14006
46081,Lawrence County,,SD,2616,25552,28168
46083,Lincoln County,,SD,4157,42327,46484
46085,Lyman County,,SD,318,4251,4569
46087,McCook County,,SD,567,6726,7293
46089,McPherson County,,SD,143,2853,2996
46091,Marshall County,,SD,273,5031,5304
46093,Meade County,,SD,4680,29456,34136
46095,Mellette County,,SD,143,1918,2061
46097,Miner County,,SD,188,2878,3066
46099,Minnehaha County,,SD,14016,208355,222371
46101,Moody County,,SD,627,7763,8390
46103,Pennington County,,SD,9017,110614,119631
46105,Perkins County,,SD,183,3533,3716
46107,Potter County,,SD,201,3002,3203
46109,Roberts County,,SD,718,11583,12301
46111,Sanborn County,,SD,200,2900,3100
46113,Shannon County,,SD,740,11467,12207
46115,Spink County,,SD,454,7397,7851
46117,Stanley County,,SD,416,3428,3844
46119,Sully County,,SD,161,1755,1916
46121,Todd County,,SD,571,8831,9402
46123,Tripp County,,SD,390,6931,7321
46125,Turner County,,SD,669,9873,10542
46127,Union County,,SD,1526,16855,18381
46129,Walworth County,,SD,448,6481,6929
46135,Yankton County,,SD,1476,25118,26594
46137,Ziebach County,,SD,126,1254,1380
47001,Anderson County,,TN,5774,80729,86503
47003,Bedford County,,TN,2987,49411,52398
47005,Benton County,,TN,1087,17675,18762
47007,Bledsoe County,,TN,823,11376,12199
47009,Blount County,,TN,7076,136323,143399
47011,Bradley County,,TN,6019,103460,109479
47013,Campbell County,,TN,1867,39272,41139
47015,Cannon County,,TN,973,14892,15865
47017,Carroll County,,TN,2433,32618,35051
47019,Carter County,,TN,3540,58980,62520
47021,Cheatham County,,TN,3404,43939,47343
47023,Chester County,,TN,1214,16776,17990
47025,Claiborne County,,TN,1664,33342,35006
47027,Clay County,,TN,433,8119,8552
47029,Cocke County,,TN,1786,37892,39678
47031,Coffee County,,TN,3808,58121,61929
47033,Crockett County,,TN,1110,15949,17059
47035,Cumberland County,,TN,2904,61528,64432
47037,Davidson County,,TN,57134,642706,699840
47039,Decatur County,,TN,731,12128,12859
47041,DeKalb County,,TN,1259,19698,20957
47043,Dickson County,,TN,3450,53845,57295
47045,Dyer County,,TN,2563,42719,45282
47047,Fayette County,,TN,2914,42234,45148
47049,Fentress County,,TN,717,18127,18844
47051,Franklin County,,TN,2585,44684,47269
47053,Gibson County,,TN,2978,54896,57874
47055,Giles County,,TN,1861,32786,34647
47057,Grainger County,,TN,1570,22629,24199
47059,Greene County,,TN,3102,75215,78317
47061,Grundy County,,TN,593,14969,15562
47063,Hamblen County,,TN,4227,67064,71291
47065,Hamilton County,,TN,18714,357980,376694
47067,Hancock County,,TN,307,5750,6057
47069,Hardeman County,,TN,1541,27928,29469
47071,Hardin County,,TN,1583,27539,29122
47073,Hawkins County,,TN,3585,61485,65070
47075,Haywood County,,TN,1298,22203,23501
47077,Henderson County,,TN,1732,30404,32136
47079,Henry County,,TN,1795,35031,36826
47081,Hickman County,,TN,1663,24377,26040
47083,Houston County,,TN,517,8357,8874
47085,Humphreys County,,TN,1249,20628,21877
47087,Jackson County,,TN,867,12575,13442
47089,Jefferson County,,TN,4644,52093,56737
47091,Johnson County,,TN,736,17146,17882
47093,Knox County,,TN,27543,446403,473946
47095,Lake County,,TN,452,5368,5820
47097,Lauderdale County,,TN,1550,26291,27841
47099,Lawrence County,,TN,1904,44311,46215
47101,Lewis County,,TN,743,12075,12818
47103,Lincoln County,,TN,1636,37065,38701
47105,Loudon County,,TN,3444,52605,56049
47107,McMinn County,,TN,3208,55682,58890
47109,McNairy County,,TN,1710,27172,28882
47111,Macon County,,TN,1372,23334,24706
47113,Madison County,,TN,7489,104828,112317
47115,Marion County,,TN,1623,31916,33539
47117,Marshall County,,TN,1975,34204,36179
47119,Maury County,,TN,5491,88843,94334
47121,Meigs County,,TN,941,11782,12723
47123,Monroe County,,TN,2718,46435,49153
47125,Montgomery County,,TN,26808,166845,193653
47127,Moore County,,TN,404,6967,7371
47129,Morgan County,,TN,1160,20973,22133
47131,Obion County,,TN,2289,36155,38444
47133,Overton County,,TN,1274,23370,24644
47135,Perry County,,TN,477,7987,8464
47137,Pickett County,,TN,243,5454,5697
47139,Polk County,,TN,1326,17941,19267
47141,Putnam County,,TN,5203,71169,76372
47143,Rhea County,,TN,1681,32534,34215
47145,Roane County,,TN,3623,59263,62886
47147,Robertson County,,TN,4922,73071,77993
47149,Rutherford County,,TN,20734,269054,289788
47151,Scott County,,TN,785,22857,23642
47153,Sequatchie County,,TN,813,14410,15223
47155,Sevier County,,TN,7052,92641,99693
47157,Shelby County,,TN,55150,1040685,1095835
47159,Smith County,,TN,1284,20964,22248
47161,Stewart County,,TN,1017,14211,15228
47163,Sullivan County,,TN,9117,174306,183423
47165,Sumner County,,TN,12182,171733,183915
47167,Tipton County,,TN,4338,66432,70770
47169,Trousdale County,,TN,638,8397,9035
47171,Unicoi County,,TN,1265,19146,20411
47173,Union County,,TN,1366,19081,20447
47175,Van Buren County,,TN,346,5805,6151
47177,Warren County,,TN,1980,43791,45771
47179,Washington County,,TN,8891,123991,132882
47181,Wayne County,,TN,702,15547,16249
47183,Weakley County,,TN,2031,33865,35896
47185,White County,,TN,1461,27694,29155
47187,Williamson County,,TN,14407,185622,200029
47189,Wilson County,,TN,8206,121617,129823
48001,Anderson County,,TX,3482,45964,49446
48003,Andrews County,,TX,960,15437,16397
48005,Angelina County,,TX,5327,89072,94399
48007,Aransas County,,TX,2347,22172,24519
48009,Archer County,,TX,821,9168,9989
48011,Armstrong County,,TX,327,2101,2428
48013,Atascosa County,,TX,3829,45565,49394
48015,Austin County,,TX,2197,29407,31604
48017,Bailey County,,TX,647,6989,7636
48019,Bandera County,,TX,1804,19077,20881
48021,Bastrop County,,TX,6119,68210,74329
48023,Baylor County,,TX,390,3709,4099
48025,Bee County,,TX,2055,25179,27234
48027,Bell County,,TX,46043,293189,339232
48029,Bexar County,,TX,89675,1739337,1829012
48031,Blanco County,,TX,803,9591,10394
48033,Borden County,,TX,-2,-2,-4
48035,Bosque County,,TX,1706,17409,19115
48037,Bowie County,,TX,6637,94444,101081
48039,Brazoria County,,TX,22225,309334,331559
48041,Brazos County,,TX,15598,143974,159572
48043,Brewster County,,TX,1146,8669,9815
48045,Briscoe County,,TX,130,1669,1799
48047,Brooks County,,TX,514,8109,8623
48049,Brown County,,TX,2787,37697,40484
48051,Burleson County,,TX,1376,17702,19078
48053,Burnet County,,TX,3561,42033,45594
48055,Caldwell County,,TX,3347,35047,38394
48057,Calhoun County,,TX,1596,21897,23493
48059,Callahan County,,TX,1503,13842,15345
48061,Cameron County,,TX,16750,402759,419509
48063,Camp County,,TX,1103,12989,14092
48065,Carson County,,TX,679,6348,7027
48067,Cass County,,TX,2320,32393,34713
48069,Castro County,,TX,817,7542,8359
48071,Chambers County,,TX,3477,34708,38185
48073,Cherokee County,,TX,3457,49605,53062
48075,Childress County,,TX,568,6030,6598
48077,Clay County,,TX,1137,11155,12292
48079,Cochran County,,TX,352,3435,3787
48081,Coke County,,TX,371,3386,3757
48083,Coleman County,,TX,597,8420,9017
48085,Collin County,,TX,67049,744741,811790
48087,Collingsworth County,,TX,247,2998,3245
48089,Colorado County,,TX,1296,22165,23461
48091,Comal County,,TX,9180,109431,118611
48093,Comanche County,,TX,1132,13531,14663
48095,Concho County,,TX,246,2544,2790
48097,Cooke County,,TX,3212,40498,43710
48099,Coryell County,,TX,13220,59729,72949
48101,Cottle County,,TX,95,1653,1748
48103,Crane County,,TX,434,4665,5099
48105,Crockett County,,TX,269,4135,4404
48107,Crosby County,,TX,671,6314,6985
48109,Culberson County,,TX,281,2731,3012
48111,Dallam County,,TX,725,6790,7515
48113,Dallas County,,TX,182929,2409497,2592426
48115,Dawson County,,TX,971,12938,13909
48117,Deaf Smith County,,TX,1548,20734,22282
48119,Delta County,,TX,598,4988,5586
48121,Denton County,,TX,63176,629656,692832
48123,DeWitt County,,TX,1290,19413,20703
48125,Dickens County,,TX,210,1989,2199
48127,Dimmit County,,TX,762,9862,10624
48129,Donley County,,TX,339,3407,3746
48131,Duval County,,TX,923,11958,12881
48133,Eastland County,,TX,1528,17915,19443
48135,Ector County,,TX,8406,144445,152851
48137,Edwards County,,TX,146,2083,2229
48139,Ellis County,,TX,10923,152671,163594
48141,El Paso County,,TX,40829,845003,885832
48143,Erath County,,TX,3329,31920,35249
48145,Falls County,,TX,1289,15382,16671
48147,Fannin County,,TX,2463,31769,34232
48149,Fayette County,,TX,1435,24722,26157
48151,Fisher County,,TX,331,3895,4226
48153,Floyd County,,TX,611,7206,7817
48155,Foard County,,TX,212,1416,1628
48157,Fort Bend County,,TX,42906,537554,580460
48159,Franklin County,,TX,1634,11045,12679
48161,Freestone County,,TX,1476,18389,19865
48163,Frio County,,TX,972,14348,15320
48165,Gaines County,,TX,1023,16664,17687
48167,Galveston County,,TX,22227,301292,323519
48169,Garza County,,TX,484,4393,4877
48171,Gillespie County,,TX,1393,24689,26082
48173,Glasscock County,,TX,86,1320,1406
48175,Goliad County,,TX,661,7104,7765
48177,Gonzales County,,TX,1160,19782,20942
48179,Gray County,,TX,1824,22895,24719
48181,Grayson County,,TX,8367,124396,132763
48183,Gregg County,,TX,11341,130194,141535
48185,Grimes County,,TX,2206,24170,26376
48187,Guadalupe County,,TX,11449,127409,138858
48189,Hale County,,TX,3341,36769,40110
48191,Hall County,,TX,360,3212,3572
48193,Hamilton County,,TX,769,8503,9272
48195,Hansford County,,TX,432,5778,6210
48197,Hardeman County,,TX,408,4240,4648
48199,Hardin County,,TX,4584,55950,60534
48201,Harris County,,TX,213587,4057669,4271256
48203,Harrison County,,TX,5095,67241,72336
48205,Hartley County,,TX,378,3990,4368
48207,Haskell County,,TX,475,5552,6027
48209,Hays County,,TX,14402,128415,142817
48211,Hemphill County,,TX,253,3815,4068
48213,Henderson County,,TX,6580,74503,81083
48215,Hidalgo County,,TX,22697,718398,741095
48217,Hill County,,TX,2961,34603,37564
48219,Hockley County,,TX,2303,24254,26557
48221,Hood County,,TX,4413,49168,53581
48223,Hopkins County,,TX,2494,36163,38657
48225,Houston County,,TX,1368,20283,21651
48227,Howard County,,TX,2161,30418,32579
48229,Hudspeth County,,TX,440,3446,3886
48231,Hunt County,,TX,7700,83250,90950
48233,Hutchinson County,,TX,2011,24640,26651
48235,Irion County,,TX,205,1646,1851
48237,Jack County,,TX,746,7829,8575
48239,Jackson County,,TX,984,15510,16494
48241,Jasper County,,TX,2789,35695,38484
48243,Jeff Davis County,,TX,211,2214,2425
48245,Jefferson County,,TX,15658,255238,270896
48247,Jim Hogg County,,TX,314,5343,5657
48249,Jim Wells County,,TX,2911,43911,46822
48251,Johnson County,,TX,12352,154279,166631
48253,Jones County,,TX,1564,15676,17240
48255,Karnes County,,TX,887,12631,13518
48257,Kaufman County,,TX,8939,103375,112314
48259,Kendall County,,TX,2600,33630,36230
48261,Kenedy County,,TX,64,384,448
48263,Kent County,,TX,67,792,859
48265,Kerr County,,TX,3462,49810,53272
48267,Kimble County,,TX,390,4587,4977
48269,King County,,TX,-2,-2,-4
48271,Kinney County,,TX,275,3229,3504
48273,Kleberg County,,TX,3493,30097,33590
48275,Knox County,,TX,374,3795,4169
48277,Lamar County,,TX,3006,52187,55193
48279,Lamb County,,TX,1352,14769,16121
48281,Lampasas County,,TX,2073,19937,22010
48283,La Salle County,,TX,486,5714,6200
48285,Lavaca County,,TX,1090,21316,22406
48287,Lee County,,TX,1247,16927,18174
48289,Leon County,,TX,1222,17272,18494
48291,Liberty County,,TX,6736,70624,77360
48293,Limestone County,,TX,1840,21824,23664
48295,Lipscomb County,,TX,364,3228,3592
48297,Live Oak County,,TX,720,9231,9951
48299,Llano County,,TX,1533,16552,18085
48301,Loving County,,TX,-2,-2,-4
48303,Lubbock County,,TX,18876,260339,279215
48305,Lynn County,,TX,624,6373,6997
48307,McCulloch County,,TX,706,8325,9031
48309,McLennan County,,TX,13850,230752,244602
48311,McMullen County,,TX,79,848,927
48313,Madison County,,TX,971,11046,12017
48315,Marion County,,TX,1066,9443,10509
48317,Martin County,,TX,373,4608,4981
48319,Mason County,,TX,294,3689,3983
48321,Matagorda County,,TX,2463,38394,40857
48323,Maverick County,,TX,3138,62756,65894
48325,Medina County,,TX,3424,43621,47045
48327,Menard County,,TX,196,2117,2313
48329,Midland County,,TX,9416,137411,146827
48331,Milam County,,TX,1912,25516,27428
48333,Mills County,,TX,304,4748,5052
48335,Mitchell County,,TX,674,7043,7717
48337,Montague County,,TX,1539,20263,21802
48339,Montgomery County,,TX,32954,412846,445800
48341,Moore County,,TX,2168,21896,24064
48343,Morris County,,TX,1308,14351,15659
48345,Motley County,,TX,109,1130,1239
48347,Nacogdoches County,,TX,4708,56610,61318
48349,Navarro County,,TX,3676,48694,52370
48351,Newton County,,TX,1013,11424,12437
48353,Nolan County,,TX,1194,15775,16969
48355,Nueces County,,TX,22718,341699,364417
48357,Ochiltree County,,TX,819,10538,11357
48359,Oldham County,,TX,275,2021,2296
48361,Orange County,,TX,5552,90949,96501
48363,Palo Pinto County,,TX,2253,27542,29795
48365,Panola County,,TX,1802,25001,26803
48367,Parker County,,TX,9583,110862,120445
48369,Parmer County,,TX,1134,10820,11954
48371,Pecos County,,TX,1043,13963,15006
48373,Polk County,,TX,5590,54111,59701
48375,Potter County,,TX,12967,115330,128297
48377,Presidio County,,TX,1194,10701,11895
48379,Rains County,,TX,1009,9419,10428
48381,Randall County,,TX,12375,120730,133105
48383,Reagan County,,TX,315,3754,4069
48385,Real County,,TX,361,3122,3483
48387,Red River County,,TX,971,13428,14399
48389,Reeves County,,TX,941,11503,12444
48391,Refugio County,,TX,638,8188,8826
48393,Roberts County,,TX,97,870,967
48395,Robertson County,,TX,1479,16572,18051
48397,Rockwall County,,TX,7066,74092,81158
48399,Runnels County,,TX,835,11308,12143
48401,Rusk County,,TX,3800,48659,52459
48403,Sabine County,,TX,913,10310,11223
48405,San Augustine County,,TX,598,8618,9216
48407,San Jacinto County,,TX,2430,22689,25119
48409,San Patricio County,,TX,8028,73562,81590
48411,San Saba County,,TX,447,5448,5895
48413,Schleicher County,,TX,320,3206,3526
48415,Scurry County,,TX,1332,16350,17682
48417,Shackelford County,,TX,357,3434,3791
48419,Shelby County,,TX,1555,25168,26723
48421,Sherman County,,TX,245,2707,2952
48423,Smith County,,TX,14543,210236,224779
48425,Somervell County,,TX,784,7900,8684
48427,Starr County,,TX,2880,65310,68190
48429,Stephens County,,TX,704,8760,9464
48431,Sterling County,,TX,118,1122,1240
48433,Stonewall County,,TX,94,1546,1640
48435,Sutton County,,TX,497,5096,5593
48437,Swisher County,,TX,695,7705,8400
48439,Tarrant County,,TX,118376,1852799,1971175
48441,Taylor County,,TX,12814,134940,147754
48443,Terrell County,,TX,92,876,968
48445,Terry County,,TX,995,11964,12959
48447,Throckmorton County,,TX,139,1574,1713
48449,Titus County,,TX,2256,31507,33763
48451,Tom Green County,,TX,9773,112569,122342
48453,Travis County,,TX,84722,925675,1010397
48455,Trinity County,,TX,1468,13448,14916
48457,Tyler County,,TX,1324,18732,20056
48459,Upshur County,,TX,3295,36944,40239
48461,Upton County,,TX,270,3316,3586
48463,Uvalde County,,TX,1997,28800,30797
48465,Val Verde County,,TX,4676,52968,57644
48467,Van Zandt County,,TX,3757,51032,54789
48469,Victoria County,,TX,6078,94948,101026
48471,Walker County,,TX,4906,45621,50527
48473,Waller County,,TX,3681,34252,37933
48475,Ward County,,TX,816,11260,12076
48477,Washington County,,TX,2050,33825,35875
48479,Webb County,,TX,8132,260667,268799
48481,Wharton County,,TX,2581,45698,48279
48483,Wheeler County,,TX,444,5492,5936
48485,Wichita County,,TX,12162,129183,141345
48487,Wilbarger County,,TX,1193,14049,15242
48489,Willacy County,,TX,1364,19968,21332
48491,Williamson County,,TX,36330,390667,426997
48493,Wilson County,,TX,2936,42218,45154
48495,Winkler County,,TX,527,7379,7906
48497,Wise County,,TX,4981,57409,62390
48499,Wood County,,TX,3208,40678,43886
48501,Yoakum County,,TX,587,8738,9325
48503,Young County,,TX,1415,18829,20244
48505,Zapata County,,TX,577,13104,13681
48507,Zavala County,,TX,751,11542,12293
49001,Beaver County,,UT,458,6926,7384
49003,Box Elder County,,UT,3521,55854,59375
49005,Cache County,,UT,9266,110875,120141
49007,Carbon County,,UT,1777,22195,23972
49009,Daggett County,,UT,110,858,968
49011,Davis County,,UT,27495,325536,353031
49013,Duchesne County,,UT,1194,18103,19297
49015,Emery County,,UT,783,11711,12494
49017,Garfield County,,UT,371,4992,5363
49019,Grand County,,UT,893,9607,10500
49021,Iron County,,UT,4590,41676,46266
49023,Juab County,,UT,724,10202,10926
49025,Kane County,,UT,626,6565,7191
49027,Millard County,,UT,860,13396,14256
49029,Morgan County,,UT,783,10084,10867
49031,Piute County,,UT,110,1395,1505
49033,Rich County,,UT,173,2203,2376
49035,Salt Lake County,,UT,61456,1128970,1190426
49037,San Juan County,,UT,1113,9655,10768
49039,Sanpete County,,UT,1685,24372,26057
49041,Sevier County,,UT,1280,22011,23291
49043,Summit County,,UT,3836,38457,42293
49045,Tooele County,,UT,4798,60440,65238
49047,Uintah County,,UT,2284,30222,32506
49049,Utah County,,UT,33960,486808,520768
49051,Wasatch County,,UT,2234,22332,24566
49053,Washington County,,UT,10781,132655,143436
49055,Wayne County,,UT,204,2720,2924
49057,Weber County,,UT,16639,248432,265071
50001,Addison County,,VT,2349,44173,46522
50003,Bennington County,,VT,2251,44243,46494
50005,Caledonia County,,VT,2104,36831,38935
50007,Chittenden County,,VT,11441,180382,191823
50009,Essex County,,VT,565,7329,7894
50011,Franklin County,,VT,2806,58625,61431
50013,Grand Isle County,,VT,692,8881,9573
50015,Lamoille County,,VT,2000,29286,31286
50017,Orange County,,VT,2420,34838,37258
50019,Orleans County,,VT,1627,33340,34967
50021,Rutland County,,VT,3523,77127,80650
50023,Washington County,,VT,4105,72553,76658
50025,Windham County,,VT,3359,53175,56534
50027,Windsor County,,VT,4764,70244,75008
51001,Accomack County,,VA,2161,37572,39733
51003,Albemarle County,,VA,10397,96701,107098
51005,Alleghany County,,VA,812,19447,20259
51007,Amelia County,,VA,1023,15026,16049
51009,Amherst County,,VA,1891,35699,37590
51011,Appomattox County,,VA,775,16887,17662
51013,Arlington County,,VA,38801,206993,245794
51015,Augusta County,,VA,4443,84746,89189
51017,Bath County,,VA,345,5875,6220
51019,Bedford County,,VA,5432,77374,82806
51021,Bland County,,VA,369,7096,7465
51023,Botetourt County,,VA,2453,39094,41547
51025,Brunswick County,,VA,1136,17493,18629
51027,Buchanan County,,VA,1346,23801,25147
51029,Buckingham County,,VA,849,14623,15472
51031,Campbell County,,VA,3971,61442,65413
51033,Caroline County,,VA,3006,31898,34904
51035,Carroll County,,VA,1482,32188,33670
51036,Charles City County,,VA,554,8350,8904
51037,Charlotte County,,VA,766,13807,14573
51041,Chesterfield County,,VA,26278,358253,384531
51043,Clarke County,,VA,1238,15216,16454
51045,Craig County,,VA,345,5643,5988
51047,Culpeper County,,VA,4026,49704,53730
51049,Cumberland County,,VA,738,10333,11071
51051,Dickenson County,,VA,586,15870,16456
51053,Dinwiddie County,,VA,2074,30275,32349
51057,Essex County,,VA,716,12320,13036
51059,Fairfax County,,VA,111370,1165418,1276788
51061,Fauquier County,,VA,5778,72006,77784
51063,Floyd County,,VA,855,16778,17633
51065,Fluvanna County,,VA,1915,27353,29268
51067,Franklin County,,VA,3033,60454,63487
51069,Frederick County,,VA,6976,86783,93759
51071,Giles County,,VA,906,19797,20703
51073,Gloucester County,,VA,2972,42974,45946
51075,Goochland County,,VA,1592,22410,24002
51077,Grayson County,,VA,808,17599,18407
51079,Greene County,,VA,1556,20472,22028
51081,Greensville County,,VA,553,9435,9988
51083,Halifax County,,VA,1543,39716,41259
51085,Hanover County,,VA,7254,115304,122558
51087,Henrico County,,VA,30153,338776,368929
51089,Henry County,,VA,2973,63736,66709
51091,Highland County,,VA,160,2819,2979
51093,Isle of Wight County,,VA,3310,40504,43814
51095,James City County,,VA,6269,71331,77600
51097,King and Queen County,,VA,598,7198,7796
51099,King George County,,VA,2840,25207,28047
51101,King William County,,VA,1338,18854,20192
51103,Lancaster County,,VA,712,13758,14470
51105,Lee County,,VA,1003,22288,23291
51107,Loudoun County,,VA,28697,327081,355778
51109,Louisa County,,VA,2445,34988,37433
51111,Lunenburg County,,VA,783,11999,12782
51113,Madison County,,VA,1043,14771,15814
51115,Mathews County,,VA,637,10140,10777
51117,Mecklenburg County,,VA,1741,34460,36201
51119,Middlesex County,,VA,729,11802,12531
51121,Montgomery County,,VA,8097,75508,83605
51125,Nelson County,,VA,1035,16989,18024
51127,New Kent County,,VA,1337,20059,21396
51131,Northampton County,,VA,737,14026,14763
51133,Northumberland County,,VA,721,13943,14664
51135,Nottoway County,,VA,954,15745,16699
51137,Orange County,,VA,2985,37244,40229
51139,Page County,,VA,1155,27875,29030
51141,Patrick County,,VA,841,20182,21023
51143,Pittsylvania County,,VA,3579,71960,75539
51145,Powhatan County,,VA,1784,29652,31436
51147,Prince Edward County,,VA,1399,17520,18919
51149,Prince George County,,VA,4804,33419,38223
51153,Prince William County,,VA,51132,420514,471646
51155,Pulaski County,,VA,2134,37752,39886
51157,Rappahannock County,,VA,639,8400,9039
51159,Richmond County,,VA,590,8537,9127
51161,Roanoke County,,VA,9088,106854,115942
51163,Rockbridge County,,VA,1377,24473,25850
51165,Rockingham County,,VA,4461,88813,93274
51167,Russell County,,VA,1216,27826,29042
51169,Scott County,,VA,1066,24157,25223
51171,Shenandoah County,,VA,2843,48294,51137
51173,Smyth County,,VA,1415,37317,38732
51175,Southampton County,,VA,1177,19065,20242
51177,Spotsylvania County,,VA,13059,135149,148208
51179,Stafford County,,VA,17162,133561,150723
51181,Surry County,,VA,533,7689,8222
51183,Sussex County,,VA,945,11342,12287
51185,Tazewell County,,VA,2241,45503,47744
51187,Warren County,,VA,3162,41948,45110
51191,Washington County,,VA,3256,57788,61044
51193,Westmoreland County,,VA,1338,19148,20486
51195,Wise County,,VA,1871,40068,41939
51197,Wythe County,,VA,1540,32642,34182
51199,York County,,VA,10107,72643,82750
51510,Alexandria city,,VA,28933,137636,166569
51515,Bedford city,,VA,642,6779,7421
51520,Bristol city,,VA,1814,17017,18831
51530,Buena Vista city,,VA,699,6991,7690
51540,Charlottesville city,,VA,6333,35634,41967
51550,Chesapeake city,,VA,26464,240781,267245
51570,Colonial Heights city,,VA,2829,20035,22864
51580,Covington city,,VA,460,7555,8015
51590,Danville city,,VA,3453,46501,49954
51595,Emporia city,,VA,506,6287,6793
51600,Fairfax city,,VA,4230,25318,29548
51610,Falls Church city,,VA,1816,11495,13311
51620,Franklin city,,VA,981,9510,10491
51630,Fredericksburg city,,VA,5166,18850,24016
51640,Galax city,,VA,611,7988,8599
51650,Hampton city,,VA,22079,144147,166226
51660,Harrisonburg city,,VA,4649,33148,37797
51670,Hopewell city,,VA,3248,24252,27500
51678,Lexington city,,VA,654,5408,6062
51680,Lynchburg city,,VA,6722,66810,73532
51683,Manassas city,,VA,7822,38594,46416
51685,Manassas Park city,,VA,3122,13088,16210
51690,Martinsville city,,VA,1393,15432,16825
51700,Newport News city,,VA,29736,188369,218105
51710,Norfolk city,,VA,39046,218467,257513
51720,Norton city,,VA,462,4183,4645
51730,Petersburg city,,VA,4789,33679,38468
51735,Poquoson city,,VA,1172,14274,15446
51740,Portsmouth city,,VA,14279,102797,117076
51750,Radford city,,VA,1755,10631,12386
51760,Richmond city,,VA,23872,180690,204562
51770,Roanoke city,,VA,10280,101569,111849
51775,Salem city,,VA,2642,27407,30049
51790,Staunton city,,VA,2425,25865,28290
51800,Suffolk city,,VA,8839,88885,97724
51810,Virginia Beach city,,VA,58601,482640,541241
51820,Waynesboro city,,VA,2282,23883,26165
51830,Williamsburg city,,VA,1875,8813,10688
51840,Winchester city,,VA,4285,26401,30686
53001,Adams County,,WA,1264,19696,20960
53003,Asotin County,,WA,1879,22275,24154
53005,Benton County,,WA,12478,178347,190825
53007,Chelan County,,WA,5783,78593,84376
53009,Clallam County,,WA,4129,77791,81920
53011,Clark County,,WA,25623,460118,485741
53013,Columbia County,,WA,367,4047,4414
53015,Cowlitz County,,WA,6126,110326,116452
53017,Douglas County,,WA,3576,37404,40980
53019,Ferry County,,WA,605,6409,7014
53021,Franklin County,,WA,6266,74393,80659
53023,Garfield County,,WA,183,2223,2406
53025,Grant County,,WA,5036,90021,95057
53027,Grays Harbor County,,WA,4454,73035,77489
53029,Island County,,WA,10823,85186,96009
53031,Jefferson County,,WA,2149,32064,34213
53033,King County,,WA,125298,2095597,2220895
53035,Kitsap County,,WA,21576,270070,291646
53037,Kittitas County,,WA,3514,35602,39116
53039,Klickitat County,,WA,1540,20979,22519
53041,Lewis County,,WA,5181,79530,84711
53043,Lincoln County,,WA,806,11458,12264
53045,Mason County,,WA,4806,61404,66210
53047,Okanogan County,,WA,2266,42347,44613
53049,Pacific County,,WA,1699,21901,23600
53051,Pend Oreille County,,WA,1090,13133,14223
53053,Pierce County,,WA,63779,854473,918252
53055,San Juan County,,WA,1051,16222,17273
53057,Skagit County,,WA,8109,127441,135550
53059,Skamania County,,WA,788,10730,11518
53061,Snohomish County,,WA,51142,776203,827345
53063,Spokane County,,WA,25936,506127,532063
53065,Stevens County,,WA,3349,45402,48751
53067,Thurston County,,WA,20464,269549,290013
53069,Wahkiakum County,,WA,301,4203,4504
53071,Walla Walla County,,WA,3856,58765,62621
53073,Whatcom County,,WA,12334,207450,219784
53075,Whitman County,,WA,4970,34064,39034
53077,Yakima County,,WA,10700,258329,269029
54001,Barbour County,,WV,813,16752,17565
54003,Berkeley County,,WV,7038,113948,120986
54005,Boone County,,WV,1217,25556,26773
54007,Braxton County,,WV,602,13679,14281
54009,Brooke County,,WV,1253,27739,28992
54011,Cabell County,,WV,6215,97558,103773
54013,Calhoun County,,WV,341,7245,7586
54015,Clay County,,WV,427,9570,9997
54017,Doddridge County,,WV,335,5247,5582
54019,Fayette County,,WV,2292,45922,48214
54021,Gilmer County,,WV,497,6662,7159
54023,Grant County,,WV,675,14071,14746
54025,Greenbrier County,,WV,1558,37642,39200
54027,Hampshire County,,WV,1403,25597,27000
54029,Hancock County,,WV,1822,37840,39662
54031,Hardy County,,WV,912,15685,16597
54033,Harrison County,,WV,3318,79255,82573
54035,Jackson County,,WV,1388,32253,33641
54037,Jefferson County,,WV,4343,57906,62249
54039,Kanawha County,,WV,9440,218899,228339
54041,Lewis County,,WV,706,19556,20262
54043,Lincoln County,,WV,1077,21836,22913
54045,Logan County,,WV,1293,37041,38334
54047,McDowell County,,WV,997,18231,19228
54049,Marion County,,WV,3084,62783,65867
54051,Marshall County,,WV,1688,37265,38953
54053,Mason County,,WV,1038,27435,28473
54055,Mercer County,,WV,2870,64306,67176
54057,Mineral County,,WV,1376,32223,33599
54059,Mingo County,,WV,1259,25684,26943
54061,Monongalia County,,WV,6345,82186,88531
54063,Monroe County,,WV,550,13747,14297
54065,Morgan County,,WV,1048,19004,20052
54067,Nicholas County,,WV,1161,28150,29311
54069,Ohio County,,WV,2728,51904,54632
54071,Pendleton County,,WV,485,9016,9501
54073,Pleasants County,,WV,428,8419,8847
54075,Pocahontas County,,WV,520,9508,10028
54077,Preston County,,WV,1430,34928,36358
54079,Putnam County,,WV,4071,62515,66586
54081,Raleigh County,,WV,3662,81141,84803
54083,Randolph County,,WV,1489,31642,33131
54085,Ritchie County,,WV,575,12230,12805
54087,Roane County,,WV,786,15732,16518
54089,Summers County,,WV,729,11797,12526
54091,Taylor County,,WV,929,17520,18449
54093,Tucker County,,WV,372,8119,8491
54095,Tyler County,,WV,604,9789,10393
54097,Upshur County,,WV,1081,24904,25985
54099,Wayne County,,WV,2087,42224,44311
54101,Webster County,,WV,413,9161,9574
54103,Wetzel County,,WV,980,18654,19634
54105,Wirt County,,WV,343,5698,6041
54107,Wood County,,WV,4080,99199,103279
54109,Wyoming County,,WV,936,22782,23718
55001,Adams County,,WI,1583,22240,23823
55003,Ashland County,,WI,1090,19139,20229
55005,Barron County,,WI,2895,57627,60522
55007,Bayfield County,,WI,948,18508,19456
55009,Brown County,,WI,13848,305341,319189
55011,Buffalo County,,WI,995,17456,18451
55013,Burnett County,,WI,989,19432,20421
55015,Calumet County,,WI,3767,59906,63673
55017,Chippewa County,,WI,4138,74532,78670
55019,Clark County,,WI,2105,41453,43558
55021,Columbia County,,WI,4885,71209,76094
55023,Crawford County,,WI,1174,19893,21067
55025,Dane County,,WI,32487,578264,610751
55027,Dodge County,,WI,6327,107190,113517
55029,Door County,,WI,1466,36217,37683
55031,Douglas County,,WI,2609,50738,53347
55033,Dunn County,,WI,3293,45486,48779
55035,Eau Claire County,,WI,7672,109802,117474
55037,Florence County,,WI,453,5712,6165
55039,Fond du Lac County,,WI,5737,127051,132788
55041,Forest County,,WI,505,11069,11574
55043,Grant County,,WI,2969,58682,61651
55045,Green County,,WI,2216,46539,48755
55047,Green Lake County,,WI,1549,24064,25613
55049,Iowa County,,WI,1742,29339,31081
55051,Iron County,,WI,449,7556,8005
55053,Jackson County,,WI,1298,23317,24615
55055,Jefferson County,,WI,6224,98588,104812
55057,Juneau County,,WI,2005,30263,32268
55059,Kenosha County,,WI,11380,192820,204200
55061,Kewaunee County,,WI,1235,26161,27396
55063,La Crosse County,,WI,7011,128543,135554
55065,Lafayette County,,WI,981,20953,21934
55067,Langlade County,,WI,1180,25262,26442
55069,Lincoln County,,WI,1746,37391,39137
55071,Manitowoc County,,WI,4045,106165,110210
55073,Marathon County,,WI,7086,168105,175191
55075,Marinette County,,WI,2850,51981,54831
55077,Marquette County,,WI,1231,19079,20310
55078,Menominee County,,WI,338,4651,4989
55079,Milwaukee County,,WI,52045,1072350,1124395
55081,Monroe County,,WI,3251,52838,56089
55083,Oconto County,,WI,2416,47437,49853
55085,Oneida County,,WI,2526,47618,50144
55087,Outagamie County,,WI,13683,219361,233044
55089,Ozaukee County,,WI,6331,106941,113272
55091,Pepin County,,WI,606,9391,9997
55093,Pierce County,,WI,2907,45788,48695
55095,Polk County,,WI,2796,54563,57359
55097,Portage County,,WI,4507,80690,85197
55099,Price County,,WI,897,18531,19428
55101,Racine County,,WI,11401,238780,250181
55103,Richland County,,WI,1260,20984,22244
55105,Rock County,,WI,8668,197958,206626
55107,Rusk County,,WI,931,17717,18648
55109,St. Croix County,,WI,5789,100026,105815
55111,Sauk County,,WI,4489,77344,81833
55113,Sawyer County,,WI,1142,20719,21861
55115,Shawano County,,WI,2658,50275,52933
55117,Sheboygan County,,WI,5665,149136,154801
55119,Taylor County,,WI,1162,24264,25426
55121,Trempealeau County,,WI,2142,37405,39547
55123,Vernon County,,WI,1845,34339,36184
55125,Vilas County,,WI,1539,26687,28226
55127,Walworth County,,WI,7239,117692,124931
55129,Washburn County,,WI,1209,19913,21122
55131,Washington County,,WI,8583,166642,175225
55133,Waukesha County,,WI,26705,488259,514964
55135,Waupaca County,,WI,3077,63893,66970
55137,Waushara County,,WI,1649,28439,30088
55139,Winnebago County,,WI,12184,194589,206773
55141,Wood County,,WI,4598,94178,98776
56001,Albany County,,WY,4238,30294,34532
56003,Big Horn County,,WY,976,12082,13058
56005,Campbell County,,WY,4278,47397,51675
56007,Carbon County,,WY,1825,17003,18828
56009,Converse County,,WY,1162,15160,16322
56011,Crook County,,WY,645,7506,8151
56013,Fremont County,,WY,2518,42802,45320
56015,Goshen County,,WY,796,13094,13890
56017,Hot Springs County,,WY,398,5133,5531
56019,Johnson County,,WY,747,8731,9478
56021,Laramie County,,WY,7932,101943,109875
56023,Lincoln County,,WY,1539,18889,20428
56025,Natrona County,,WY,5503,82688,88191
56027,Niobrara County,,WY,180,2642,2822
56029,Park County,,WY,2534,32211,34745
56031,Platte County,,WY,866,9802,10668
56033,Sheridan County,,WY,2375,32229,34604
56035,Sublette County,,WY,1065,8631,9696
56037,Sweetwater County,,WY,4409,48476,52885
56039,Teton County,,WY,2613,23152,25765
56041,Uinta County,,WY,1844,23667,25511
56043,Washakie County,,WY,705,9522,10227
56045,Weston County,,WY,621,7947,8568
2275,Wrangell Petersburg Census Area,,AK,573,6474,7047
2198,Prince of Wales Outer Ketchikan,,AK,444,4888,5332
