Id,Label,timeset,state,totalmig,totalnonmig,population,indegree,outdegree,Degree,weighted indegree,weighted outdegree,Weighted Degree,Eccentricity,closnesscentrality,harmonicclosnesscentrality,betweenesscentrality,Authority,Hub,modularity_class,pageranks,componentnumber,strongcompnum,clustering,eigencentrality
1001,Autauga County,,AL,5373,53344,58717,16,12,28,3676,2827,6503,6,0.32691,0.345904,731.472084,0.0046,0.004056,18,0.000306,0,27,0.522059,0.037427
1003,Baldwin County,,AL,8762,161762,170524,48,26,74,7443,4211,11654,6,0.33341,0.356785,4830.362221,0.016995,0.009658,18,0.000805,0,27,0.416078,0.131213
1005,Barbour County,,AL,1890,27671,29561,7,8,15,576,864,1440,6,0.276338,0.288923,5913.293718,0.000111,0.000356,18,0.000235,0,27,0.361111,0.001477
1007,Bibb County,,AL,1286,21383,22669,5,4,9,911,884,1795,6,0.286434,0.29892,3.825746,0.000575,0.000582,18,0.000135,0,27,0.55,0.004891
1009,Blount County,,AL,3360,56145,59505,8,10,18,2988,2513,5501,6,0.289608,0.303355,14.040676,0.000553,0.000932,18,0.000195,0,27,0.690909,0.005113
1011,Bullock County,,AL,641,10008,10649,2,4,6,135,352,487,6,0.274404,0.285723,45.047701,0.000215,0.000211,18,0.00009,0,27,0.583333,0.001767
1013,Butler County,,AL,1057,22431,23488,4,7,11,345,531,876,6,0.278728,0.291354,224.145109,0.000232,0.00056,18,0.000126,0,27,0.404762,0.002036
1015,Calhoun County,,AL,6863,130537,137400,18,24,42,3299,3780,7079,6,0.339298,0.360703,12009.397154,0.001939,0.005798,18,0.000394,0,27,0.350769,0.016458
1017,Chambers County,,AL,2280,42351,44631,6,7,13,1214,1509,2723,6,0.304439,0.319809,169.013727,0.000579,0.001192,18,0.000155,0,27,0.589286,0.004866
1019,Cherokee County,,AL,1290,24433,25723,5,5,10,781,736,1517,7,0.254675,0.264114,50.763456,0.000093,0.000079,18,0.00016,0,27,0.45,0.00116
1021,Chilton County,,AL,1931,40711,42642,7,7,14,1330,1144,2474,6,0.288484,0.301884,9.275604,0.000785,0.000793,18,0.000184,0,27,0.714286,0.006711
1023,Choctaw County,,AL,714,15914,16628,2,2,4,90,108,198,7,0.272907,0.284167,1.478252,0.000053,0.000244,62,0.000084,0,27,0.666667,0.000502
1025,Clarke County,,AL,1385,30083,31468,7,6,13,579,583,1162,6,0.278755,0.291296,57.494271,0.000378,0.000558,18,0.000197,0,27,0.5,0.003824
1027,Clay County,,AL,874,16341,17215,4,4,8,324,483,807,7,0.25354,0.262448,3.271522,0.000062,0.000028,18,0.000126,0,27,0.583333,0.000661
1029,Cleburne County,,AL,990,14413,15403,4,4,8,438,608,1046,7,0.254073,0.263316,4.834957,0.000095,0.000062,18,0.000136,0,27,0.583333,0.000931
1031,Coffee County,,AL,4784,46174,50958,15,13,28,2303,2247,4550,6,0.307505,0.325192,1734.614058,0.003766,0.002612,18,0.000287,0,27,0.444444,0.026873
1033,Colbert County,,AL,3099,58791,61890,6,8,14,1839,1960,3799,6,0.289434,0.302867,1437.434331,0.000685,0.000725,18,0.000158,0,27,0.589286,0.005908
1035,Conecuh County,,AL,878,14165,15043,4,4,8,322,417,739,6,0.274404,0.285752,2.593154,0.000039,0.000222,18,0.000123,0,27,0.6,0.000571
1037,Coosa County,,AL,1181,12950,14131,4,4,8,620,791,1411,6,0.286038,0.298317,0.465909,0.000395,0.000403,18,0.000124,0,27,0.916667,0.00342
1039,Covington County,,AL,1759,37611,39370,10,13,23,871,916,1787,6,0.295087,0.310916,1287.68555,0.000651,0.001917,18,0.000262,0,27,0.395604,0.006619
1041,Crenshaw County,,AL,1011,15326,16337,5,5,10,566,598,1164,6,0.274716,0.286298,3.203022,0.00026,0.000246,18,0.00014,0,27,0.7,0.002376
1043,Cullman County,,AL,3636,82848,86484,13,12,25,2354,2080,4434,6,0.289781,0.303901,68.89411,0.001122,0.001076,18,0.000275,0,27,0.532967,0.00995
1045,Dale County,,AL,7924,47232,55156,24,24,48,3493,4223,7716,6,0.335725,0.357279,12479.142317,0.00641,0.006983,18,0.000433,0,27,0.442118,0.047539
1047,Dallas County,,AL,2341,47663,50004,8,11,19,801,1231,2032,6,0.295478,0.310945,2960.911247,0.00069,0.00182,18,0.000194,0,27,0.454545,0.005928
1049,DeKalb County,,AL,3729,71920,75649,10,10,20,2354,2331,4685,6,0.290449,0.304763,579.355582,0.000923,0.000917,18,0.000254,0,27,0.445455,0.007863
1051,Elmore County,,AL,5786,74290,80076,14,11,25,4590,3506,8096,6,0.29074,0.305171,345.912563,0.001928,0.00128,18,0.000321,0,27,0.466667,0.01644
1053,Escambia County,,AL,1982,37132,39114,6,9,15,958,1240,2198,6,0.293178,0.308032,1365.594111,0.00089,0.001693,18,0.000175,0,27,0.625,0.008833
1055,Etowah County,,AL,5096,105121,110217,11,12,23,3081,3100,6181,6,0.291207,0.305975,410.558535,0.000875,0.001133,18,0.000245,0,27,0.570513,0.007739
1057,Fayette County,,AL,1109,21498,22607,5,6,11,655,654,1309,6,0.286575,0.299437,421.268449,0.000437,0.000435,18,0.000135,0,27,0.533333,0.003757
1059,Franklin County,,AL,1829,31555,33384,7,7,14,867,1025,1892,7,0.238923,0.247991,165.252461,0.000036,0.000042,18,0.000213,0,27,0.375,0.000919
1061,Geneva County,,AL,1701,25121,26822,6,5,11,934,1050,1984,7,0.253208,0.263126,14.56514,0.000144,0.00013,18,0.000167,0,27,0.533333,0.001634
1063,Greene County,,AL,565,9631,10196,2,2,4,117,272,389,7,0.243863,0.253047,0,0.00006,0.000051,18,0.000092,0,27,1,0.000645
1065,Hale County,,AL,1201,18333,19534,4,4,8,620,781,1401,6,0.286462,0.298977,246.31777,0.000064,0.000432,18,0.000148,0,27,0.55,0.000836
1067,Henry County,,AL,1220,17962,19182,3,4,7,861,818,1679,7,0.253097,0.262724,1.131746,0.000102,0.000094,18,0.000109,0,27,0.833333,0.001044
1069,Houston County,,AL,6435,98600,105035,24,24,48,4270,3826,8096,6,0.317431,0.337838,14634.40796,0.004767,0.005122,18,0.000513,0,27,0.41133,0.04062
1071,Jackson County,,AL,2765,57427,60192,7,6,13,1329,1487,2816,6,0.28308,0.29553,79.215744,0.000515,0.000516,18,0.000192,0,27,0.47619,0.004742
1073,Jefferson County,,AL,36739,720223,756962,121,110,231,24565,29507,54072,5,0.400304,0.435913,112754.445558,0.04588,0.045169,18,0.001895,0,27,0.308529,0.340795
1075,Lamar County,,AL,860,16320,17180,3,5,8,258,467,725,7,0.261752,0.272215,25.882656,0.000052,0.000084,18,0.0001,0,27,0.5,0.00055
1077,Lauderdale County,,AL,4468,93422,97890,12,14,26,2366,2415,4781,6,0.30987,0.32625,6508.481906,0.001299,0.002422,18,0.000294,0,27,0.4,0.011484
1079,Lawrence County,,AL,1977,37266,39243,5,7,12,1183,1468,2651,6,0.27983,0.291647,264.610203,0.00032,0.00036,18,0.000141,0,27,0.714286,0.003121
1081,Lee County,,AL,9582,110285,119867,28,31,59,5982,5896,11878,6,0.316807,0.338515,5046.648414,0.006498,0.00694,18,0.000542,0,27,0.336134,0.051204
1083,Limestone County,,AL,3991,74077,78068,10,8,18,3091,2388,5479,6,0.279722,0.291704,86.313271,0.001274,0.00037,18,0.000226,0,27,0.572727,0.011025
1085,Lowndes County,,AL,1066,13417,14483,3,4,7,506,794,1300,6,0.274378,0.285695,2.493867,0.000232,0.000228,18,0.000095,0,27,0.5,0.001914
1087,Macon County,,AL,1480,20805,22285,4,3,7,653,794,1447,6,0.274612,0.285953,2.312259,0.000282,0.000274,18,0.000124,0,27,0.666667,0.002529
1089,Madison County,,AL,16429,328841,345270,83,68,151,10875,9702,20577,5,0.386336,0.416948,38194.315723,0.036783,0.033234,18,0.001237,0,27,0.434188,0.271766
1091,Marengo County,,AL,1127,23363,24490,6,6,12,351,407,758,6,0.286632,0.299494,282.05639,0.000444,0.000434,18,0.000175,0,27,0.357143,0.003844
1093,Marion County,,AL,1362,25523,26885,5,8,13,650,779,1429,6,0.28683,0.300155,341.353462,0.000065,0.000441,18,0.000149,0,27,0.410714,0.000979
1095,Marshall County,,AL,5248,83663,88911,11,12,23,3605,3494,7099,6,0.289868,0.304073,62.354139,0.000888,0.000957,18,0.000252,0,27,0.613636,0.007962
1097,Mobile County,,AL,16662,420864,437526,61,64,125,8010,9913,17923,6,0.372879,0.403665,30902.845608,0.025056,0.027496,18,0.001005,0,27,0.408676,0.190529
1099,Monroe County,,AL,1121,25468,26589,6,6,12,420,470,890,6,0.278701,0.291181,601.797384,0.000539,0.000561,18,0.000164,0,27,0.547619,0.004853
1101,Montgomery County,,AL,17720,237434,255154,69,66,135,10294,11902,22196,5,0.377784,0.408509,56958.88235,0.024912,0.025853,18,0.001122,0,27,0.332581,0.189215
1103,Morgan County,,AL,7065,123721,130786,18,19,37,3953,4492,8445,6,0.306465,0.323268,2377.710603,0.00254,0.002135,18,0.000375,0,27,0.304348,0.021017
1105,Perry County,,AL,587,9904,10491,2,5,7,128,286,414,6,0.286179,0.298719,2.784957,0.000019,0.000392,18,0.000097,0,27,0.45,0.000252
1107,Pickens County,,AL,1040,21701,22741,3,3,6,480,561,1041,6,0.287086,0.299655,2.971178,0.000105,0.000457,18,0.000101,0,27,0.666667,0.00096
1109,Pike County,,AL,1933,26871,28804,8,7,15,852,826,1678,6,0.28955,0.30328,134.077528,0.000397,0.000708,18,0.0002,0,27,0.541667,0.003769
1111,Randolph County,,AL,1101,22201,23302,9,7,16,725,567,1292,7,0.256091,0.26659,120.258266,0.000219,0.000137,18,0.000231,0,27,0.388889,0.002455
1113,Russell County,,AL,4938,49164,54102,3,4,7,3328,3242,6570,6,0.278167,0.290521,77.083885,0.000337,0.000337,18,0.000097,0,27,0.583333,0.0028
1115,St. Clair County,,AL,4363,65262,69625,7,7,14,4461,2990,7451,6,0.286405,0.299322,4.613171,0.000637,0.000696,18,0.000159,0,27,0.714286,0.005344
1117,Shelby County,,AL,13739,165608,179347,46,46,92,14420,9799,24219,6,0.360149,0.387947,12072.16038,0.017879,0.016747,18,0.000778,0,27,0.422781,0.139538
1119,Sumter County,,AL,794,13835,14629,2,4,6,171,326,497,6,0.286972,0.299684,42.405304,0.000106,0.000467,18,0.000083,0,27,0.5,0.000919
1121,Talladega County,,AL,3994,78308,82302,7,11,18,2335,2572,4907,6,0.288915,0.303148,617.039772,0.000573,0.000836,18,0.000185,0,27,0.563636,0.004892
1123,Tallapoosa County,,AL,2113,39732,41845,8,9,17,1185,1136,2321,6,0.288858,0.302804,726.494134,0.000672,0.000823,18,0.000205,0,27,0.544444,0.005815
1125,Tuscaloosa County,,AL,9165,169138,178303,33,32,65,5181,5035,10216,6,0.322405,0.345283,19624.15228,0.006199,0.006903,18,0.00064,0,27,0.254487,0.047891
1127,Walker County,,AL,2975,67519,70494,8,8,16,1642,1719,3361,6,0.286858,0.300098,10.732238,0.000593,0.000617,18,0.000187,0,27,0.625,0.005339
1129,Washington County,,AL,1015,17960,18975,3,4,7,561,609,1170,7,0.271884,0.283429,332.399329,0.000231,0.000349,18,0.000118,0,27,0.5,0.001886
1131,Wilcox County,,AL,720,12850,13570,3,6,9,198,405,603,6,0.288628,0.302028,19.551259,0.000221,0.000599,18,0.000118,0,27,0.466667,0.001914
1133,Winston County,,AL,1358,24665,26023,6,7,13,703,797,1500,6,0.286773,0.299799,611.158522,0.000407,0.000424,18,0.000163,0,27,0.52381,0.003727
2013,Aleutians East Borough,,AK,330,1601,1931,0,1,1,0,51,51,6,0.282874,0.29552,0,0,0.00035,4,0.00005,0,28,0,0
2016,Aleutians West Census Area,,AK,787,4227,5014,3,2,5,162,187,349,6,0.311133,0.32637,0,0.001526,0.001227,4,0.00008,0,27,1,0.010946
2020,Anchorage Municipality,,AK,26299,291015,317314,109,130,239,14880,61090,75970,5,0.394318,0.432753,77167.447485,0.042537,0.046395,4,0.001725,0,27,0.290781,0.307739
2050,Bethel Census Area,,AK,929,16466,17395,3,6,9,271,540,811,6,0.284105,0.297673,12.395044,0.000558,0.000574,4,0.000108,0,27,0.533333,0.003943
2060,Bristol Bay Borough,,AK,185,1243,1428,0,1,1,0,41,41,6,0.282874,0.29552,0,0,0.00035,4,0.00005,0,29,0,0
2068,Denali Borough,,AK,402,2115,2517,0,1,1,0,85,85,6,0.267959,0.278549,0,0,0.000147,4,0.00005,0,30,0,0
2070,Dillingham Census Area,,AK,379,4597,4976,2,1,3,136,105,241,6,0.282831,0.29545,0,0.000386,0.00035,4,0.000077,0,27,1,0.002746
2090,Fairbanks North Star Borough,,AK,12937,93604,106541,56,58,114,5636,6793,12429,5,0.365918,0.395381,17636.073741,0.017898,0.021167,4,0.000929,0,27,0.355694,0.132851
2100,Haines Borough,,AK,242,2609,2851,0,0,0,0,0,0,0,0,0,0,0,0,0,0.00005,1,31,0,0
2105,Hoonah-Angoon Census Area,,AK,0,0,0,0,0,0,0,0,0,0,0,0,0,0,0,1,0.00005,2,32,0,0
2110,Juneau City and Borough,,AK,2923,34774,37697,8,14,22,792,1134,1926,6,0.33557,0.355084,17948.094207,0.001888,0.004934,4,0.000264,0,27,0.445055,0.013883
2122,Kenai Peninsula Borough,,AK,3875,54281,58156,9,6,15,1481,1354,2835,6,0.333142,0.351229,103.370468,0.003105,0.003043,4,0.000177,0,27,0.636364,0.02223
2130,Ketchikan Gateway Borough,,AK,1492,14433,15925,2,5,7,187,382,569,6,0.3114,0.327146,5852,0.000041,0.001288,4,0.000128,0,27,0.55,0.000299
2150,Kodiak Island Borough,,AK,1870,14961,16831,2,7,9,160,619,779,6,0.330297,0.347874,33.980681,0.00122,0.002449,4,0.000072,0,27,0.607143,0.008774
2164,Lake and Peninsula Borough,,AK,164,1457,1621,1,1,2,43,41,84,6,0.282831,0.29545,0,0.000381,0.00035,4,0.000062,0,27,0,0.002623
2170,Matanuska-Susitna Borough,,AK,4715,68533,73248,17,8,25,48597,2091,50688,6,0.334563,0.353016,672.652568,0.005551,0.00375,4,0.000301,0,27,0.470588,0.040718
2180,Nome Census Area,,AK,564,8985,9549,1,1,2,169,135,304,6,0.282831,0.29545,0,0.000381,0.00035,4,0.000062,0,27,0,0.002623
2185,North Slope Borough,,AK,677,6932,7609,1,2,3,65,316,381,6,0.283994,0.296984,0,0.000381,0.000497,4,0.000062,0,27,1,0.002623
2188,Northwest Arctic Borough,,AK,455,6382,6837,1,2,3,141,181,322,6,0.283994,0.296984,0,0.000381,0.000497,4,0.000062,0,27,1,0.002623
2195,Petersburg Census Area,,AK,0,0,0,0,0,0,0,0,0,0,0,0,0,0,0,2,0.00005,3,33,0,0
2220,Sitka City and Borough,,AK,1095,9868,10963,2,2,4,97,151,248,6,0.282969,0.295823,0,0.000422,0.000365,4,0.000078,0,27,1,0.002831
2240,Southeast Fairbanks Census Area,,AK,566,6382,6948,2,1,3,162,162,324,6,0.267917,0.278473,0,0.000555,0.000147,4,0.000075,0,27,1,0.003831
2261,Valdez-Cordova Census Area,,AK,1229,10825,12054,3,3,6,303,475,778,6,0.284022,0.297156,0,0.000586,0.000542,4,0.000107,0,27,1,0.004266
2270,Wade Hampton Census Area,,AK,303,7017,7320,2,2,4,133,131,264,6,0.282859,0.295622,0,0.000386,0.000354,4,0.000077,0,27,1,0.002746
2282,Yakutat City and Borough,,AK,58,578,636,0,0,0,0,0,0,0,0,0,0,0,0,3,0.00005,4,34,0,0
2290,Yukon-Koyukuk Census Area,,AK,598,6020,6618,2,3,5,202,368,570,6,0.284022,0.297156,0,0.000555,0.000542,4,0.000075,0,27,1,0.003831
4001,Apache County,,AZ,7324,56722,64046,14,14,28,5796,6249,12045,6,0.336777,0.356561,241.217742,0.005366,0.004928,4,0.000268,0,27,0.621324,0.043594
4003,Cochise County,,AZ,11989,116966,128955,49,36,85,6601,6208,12809,5,0.356169,0.38161,899.102459,0.022822,0.01687,4,0.000649,0,27,0.56184,0.165633
4005,Coconino County,,AZ,12732,120594,133326,38,30,68,8411,8330,16741,6,0.35032,0.373842,2239.452134,0.017454,0.01389,4,0.00059,0,27,0.601329,0.129444
4007,Gila County,,AZ,4085,50899,54984,13,10,23,2791,2640,5431,6,0.330297,0.34819,20.51447,0.006952,0.002991,4,0.00024,0,27,0.838095,0.054306
4009,Graham County,,AZ,1937,25474,27411,6,8,14,881,1166,2047,6,0.330184,0.347788,2954.257032,0.001986,0.002566,4,0.000148,0,27,0.75,0.016759
4011,Greenlee County,,AZ,668,7442,8110,1,3,4,91,355,446,6,0.329659,0.346582,0,0.000021,0.001961,4,0.000066,0,27,1,0.00023
4012,La Paz County,,AZ,1404,14063,15467,5,5,10,590,651,1241,6,0.3309,0.348334,0,0.003724,0.002883,4,0.000111,0,27,1,0.027689
4013,Maricopa County,,AZ,151809,3402791,3554600,611,519,1130,190663,130344,321007,5,0.491445,0.555487,902443.89349,0.1406,0.135886,4,0.008452,0,27,0.083511,1
4015,Mohave County,,AZ,12323,161430,173753,63,33,96,13843,7064,20907,6,0.345316,0.368637,335.997197,0.024572,0.01412,4,0.00079,0,27,0.545455,0.17609
4017,Navajo County,,AZ,7536,91084,98620,22,17,39,6651,5585,12236,6,0.338981,0.359388,128.463109,0.00881,0.006737,4,0.000366,0,27,0.67316,0.068468
4019,Pima County,,AZ,45231,902493,947724,240,178,418,40484,31899,72383,5,0.428825,0.468425,51170.472406,0.095971,0.078946,4,0.002786,0,27,0.267067,0.654916
4021,Pinal County,,AZ,14321,155778,170099,38,17,55,17189,9944,27133,6,0.341616,0.361841,123.949634,0.019492,0.009171,4,0.000487,0,27,0.659317,0.139065
4023,Santa Cruz County,,AZ,2581,46527,49108,5,4,9,1513,1778,3291,6,0.334757,0.352626,0,0.003445,0.00321,4,0.000113,0,27,1,0.026519
4025,Yavapai County,,AZ,13194,178869,192063,54,30,84,13021,7402,20423,6,0.345439,0.368321,200.440745,0.026828,0.014217,4,0.000642,0,27,0.642899,0.189681
4027,Yuma County,,AZ,10152,176620,186772,43,31,74,8044,5740,13784,6,0.353307,0.378065,233.347495,0.020028,0.016711,4,0.000525,0,27,0.636232,0.146016
5001,Arkansas County,,AR,1083,21853,22936,5,5,10,546,417,963,6,0.284217,0.296312,177.844707,0.000348,0.000346,21,0.000171,0,27,0.566667,0.00286
5003,Ashley County,,AR,1242,24593,25835,5,7,12,405,535,940,6,0.285728,0.298776,1583.926833,0.000336,0.000343,21,0.000163,0,27,0.333333,0.002688
5005,Baxter County,,AR,2682,40917,43599,11,11,22,1081,950,2031,6,0.28955,0.303901,15863.277743,0.00414,0.00084,64,0.000328,0,27,0.354167,0.029661
5007,Benton County,,AR,13517,189923,203440,73,40,113,12586,7638,20224,6,0.363853,0.390549,26987.813611,0.025311,0.015097,64,0.001301,0,27,0.323584,0.185845
5009,Boone County,,AR,2322,37514,39836,8,11,19,1132,1242,2374,6,0.28929,0.303384,10603.902259,0.000575,0.000889,64,0.000333,0,27,0.281818,0.005899
5011,Bradley County,,AR,725,11726,12451,2,2,4,156,190,346,7,0.221586,0.227576,3.683135,0.000006,0.000003,21,0.000097,0,27,0.5,0.000244
5013,Calhoun County,,AR,399,5622,6021,2,3,5,94,198,292,7,0.239891,0.24784,2.62123,0.000022,0.00002,21,0.000087,0,27,0.666667,0.00035
5015,Carroll County,,AR,2079,25306,27385,7,5,12,616,908,1524,7,0.270515,0.28151,49.405196,0.000452,0.000353,64,0.000249,0,27,0.595238,0.004744
5017,Chicot County,,AR,1045,12746,13791,5,6,11,372,492,864,6,0.285139,0.297731,172.536863,0.000351,0.000298,21,0.000146,0,27,0.333333,0.002735
5019,Clark County,,AR,1828,22496,24324,9,10,19,745,943,1688,6,0.284607,0.297604,3565.567867,0.000394,0.00042,21,0.000276,0,27,0.318182,0.003803
5021,Clay County,,AR,1094,16966,18060,5,6,11,535,634,1169,7,0.245993,0.255695,144.365354,0.000012,0.000026,21,0.000236,0,27,0.5,0.000644
5023,Cleburne County,,AR,1946,29844,31790,7,7,14,1202,999,2201,6,0.284803,0.297633,120.595549,0.001002,0.000474,21,0.000255,0,27,0.660714,0.007989
5025,Cleveland County,,AR,668,9669,10337,4,5,9,432,358,790,6,0.284245,0.296369,1406.417143,0.000032,0.000305,21,0.000165,0,27,0.433333,0.000617
5027,Columbia County,,AR,1475,25455,26930,5,7,12,513,590,1103,6,0.314403,0.331294,5456.223957,0.000032,0.001149,21,0.000148,0,27,0.321429,0.000653
5029,Conway County,,AR,1421,22640,24061,4,6,10,734,946,1680,6,0.284691,0.297288,5.12196,0.000339,0.000469,21,0.000165,0,27,0.666667,0.002978
5031,Craighead County,,AR,5920,85698,91618,22,23,45,4060,3372,7432,6,0.321476,0.341491,16096.684471,0.001239,0.002349,21,0.000671,0,27,0.238462,0.011933
5033,Crawford County,,AR,4246,58573,62819,11,8,19,3279,2861,6140,6,0.286292,0.299316,787.906674,0.001845,0.000687,64,0.000268,0,27,0.507576,0.014572
5035,Crittenden County,,AR,3458,54135,57593,9,8,17,1978,1985,3963,6,0.307147,0.321642,91.091068,0.001046,0.00103,21,0.000253,0,27,0.555556,0.008432
5037,Cross County,,AR,1421,20276,21697,7,6,13,687,673,1360,6,0.307017,0.321182,81.634227,0.001006,0.000958,21,0.000198,0,27,0.642857,0.00765
5039,Dallas County,,AR,539,8013,8552,3,4,7,200,245,445,6,0.284384,0.296484,265.232273,0.000013,0.000287,21,0.000123,0,27,0.45,0.000365
5041,Desha County,,AR,1170,16068,17238,5,7,12,456,652,1108,6,0.284831,0.297633,178.223613,0.000345,0.000473,21,0.000161,0,27,0.547619,0.002795
5043,Drew County,,AR,1409,18122,19531,7,7,14,728,715,1443,6,0.284495,0.29703,3072.260187,0.000349,0.000394,21,0.000217,0,27,0.410714,0.003008
5045,Faulkner County,,AR,7299,98478,105777,29,17,46,5752,4186,9938,6,0.320765,0.339923,5143.954324,0.004508,0.002361,21,0.00072,0,27,0.293103,0.036078
5047,Franklin County,,AR,1297,17164,18461,5,6,11,766,809,1575,7,0.268661,0.279505,21.436315,0.000189,0.000228,64,0.000165,0,27,0.833333,0.00213
5049,Fulton County,,AR,885,12080,12965,5,4,9,509,340,849,7,0.224692,0.231633,520.610971,0.000027,0.00004,21,0.000253,0,27,0.4,0.000901
5051,Garland County,,AR,5855,99620,105475,31,23,54,3362,2613,5975,6,0.347425,0.370878,20301.953763,0.010585,0.005641,21,0.00065,0,27,0.345644,0.07969
5053,Grant County,,AR,1506,21156,22662,6,6,12,1199,900,2099,6,0.284245,0.296484,205.898336,0.000408,0.000347,21,0.00019,0,27,0.690476,0.003623
5055,Greene County,,AR,2142,39556,41698,7,8,15,1340,1133,2473,6,0.284999,0.297909,4080.764898,0.000677,0.00031,21,0.000255,0,27,0.472222,0.005527
5057,Hempstead County,,AR,1615,24674,26289,7,7,14,688,727,1415,6,0.284663,0.297374,887.979857,0.000056,0.000325,21,0.000226,0,27,0.339286,0.001109
5059,Hot Spring County,,AR,1967,27950,29917,5,5,10,1088,1101,2189,6,0.2843,0.296455,2.361111,0.000382,0.000375,21,0.000164,0,27,0.85,0.003363
5061,Howard County,,AR,978,14701,15679,4,5,9,342,432,774,7,0.246852,0.256091,40.898745,0.000046,0.000048,21,0.000155,0,27,0.4,0.000709
5063,Independence County,,AR,2352,37786,40138,9,11,20,1093,1224,2317,6,0.285167,0.298725,6488.705311,0.000348,0.000486,21,0.000421,0,27,0.381818,0.003365
5065,Izard County,,AR,865,11326,12191,4,4,8,326,357,683,7,0.224814,0.231977,14.84841,0.000011,0.000043,21,0.000206,0,27,0.5,0.000718
5067,Jackson County,,AR,1123,17295,18418,5,5,10,401,607,1008,6,0.284551,0.296886,234.911235,0.000348,0.000303,21,0.000169,0,27,0.633333,0.002862
5069,Jefferson County,,AR,5078,82367,87445,15,16,31,1949,2931,4880,6,0.339219,0.359899,8275.883937,0.003115,0.003254,21,0.000392,0,27,0.4125,0.023343
5071,Johnson County,,AR,1499,22878,24377,5,6,11,600,682,1282,7,0.270565,0.281683,32.728921,0.000189,0.000421,64,0.000157,0,27,0.766667,0.002185
5073,Lafayette County,,AR,554,7401,7955,1,4,5,84,286,370,7,0.246915,0.256074,1.84537,0.000009,0.000048,151,0.000068,0,27,0.583333,0.000103
5075,Lawrence County,,AR,1307,17223,18530,6,5,11,577,724,1301,7,0.243475,0.252246,13.469384,0.000029,0.000024,21,0.000246,0,27,0.533333,0.000865
5077,Lee County,,AR,781,9984,10765,2,5,7,190,374,564,6,0.284189,0.296254,1.5,0.000023,0.000309,21,0.000093,0,27,0.65,0.00037
5079,Lincoln County,,AR,656,9012,9668,2,3,5,222,359,581,6,0.284133,0.295909,0,0.000031,0.000302,21,0.000091,0,27,1,0.000418
5081,Little River County,,AR,931,13771,14702,3,3,6,308,504,812,7,0.246684,0.255471,33.723559,0.000053,0.000047,151,0.000127,0,27,0.333333,0.000679
5083,Logan County,,AR,1652,22602,24254,7,8,15,878,901,1779,7,0.261046,0.271594,72.777896,0.000073,0.000135,64,0.000197,0,27,0.464286,0.001476
5085,Lonoke County,,AR,5597,62849,68446,13,10,23,4811,3533,8344,6,0.286095,0.299259,942.902612,0.001171,0.000711,21,0.000366,0,27,0.566667,0.010221
5087,Madison County,,AR,1093,14539,15632,3,3,6,876,755,1631,7,0.270238,0.280677,0,0.000253,0.000343,64,0.000143,0,27,1,0.002915
5089,Marion County,,AR,1250,15054,16304,2,2,4,402,565,967,7,0.22464,0.231259,0,0.000014,0.000039,64,0.000102,0,27,1,0.000488
5091,Miller County,,AR,3759,40282,44041,10,7,17,2750,2343,5093,6,0.31471,0.331725,2766.054388,0.001357,0.001306,151,0.000257,0,27,0.327273,0.010441
5093,Mississippi County,,AR,3230,49223,52453,9,9,18,1008,1376,2384,6,0.307635,0.322377,3171.986457,0.001004,0.000973,21,0.000266,0,27,0.472222,0.008015
5095,Monroe County,,AR,777,9657,10434,3,4,7,150,308,458,6,0.284161,0.296082,1.625,0.000328,0.000301,21,0.000104,0,27,0.55,0.002413
5097,Montgomery County,,AR,567,8694,9261,3,3,6,187,221,408,7,0.25805,0.26751,1744.491934,0.000051,0.000087,21,0.00013,0,27,0.583333,0.001008
5099,Nevada County,,AR,720,9080,9800,2,3,5,236,343,579,7,0.239613,0.247524,8.756634,0.000006,0.000004,21,0.000101,0,27,0.333333,0.000247
5101,Newton County,,AR,635,7887,8522,1,1,2,182,294,476,7,0.224397,0.230599,0,0.000007,0.000005,64,0.000076,0,27,0,0.000149
5103,Ouachita County,,AR,1856,28024,29880,7,8,15,641,843,1484,6,0.31454,0.33161,8319.809698,0.001206,0.001217,21,0.000187,0,27,0.446429,0.008805
5105,Perry County,,AR,826,10374,11200,4,3,7,546,494,1040,6,0.284078,0.295795,204.601779,0.000334,0.000313,21,0.000146,0,27,0.583333,0.002796
5107,Phillips County,,AR,1460,23734,25194,6,6,12,378,583,961,6,0.307049,0.32124,2271.394099,0.002025,0.001037,21,0.000149,0,27,0.402778,0.01434
5109,Pike County,,AR,703,9244,9947,5,5,10,345,344,689,7,0.258211,0.268113,105.886125,0.000054,0.000092,21,0.000189,0,27,0.45,0.001215
5111,Poinsett County,,AR,1764,23680,25444,5,5,10,907,1066,1973,6,0.284468,0.296714,0.685714,0.000692,0.000309,21,0.000168,0,27,0.933333,0.005429
5113,Polk County,,AR,1323,19145,20468,3,5,8,150,344,494,7,0.271071,0.282361,78.431513,0.000005,0.000484,21,0.000126,0,27,0.404762,0.000299
5115,Pope County,,AR,3739,54044,57783,13,14,27,2059,1964,4023,6,0.286434,0.300322,4523.086422,0.002648,0.000849,21,0.000328,0,27,0.455882,0.021241
5117,Prairie County,,AR,568,9209,9777,3,4,7,204,336,540,6,0.284161,0.296082,0.833333,0.000021,0.000303,21,0.000139,0,27,0.833333,0.000568
5119,Pulaski County,,AR,27961,396473,424434,105,100,205,17638,20156,37794,5,0.396637,0.430851,165841.950435,0.033253,0.037735,21,0.001973,0,27,0.265529,0.245754
5121,Randolph County,,AR,1062,17612,18674,4,4,8,466,479,945,7,0.243536,0.252159,17.321438,0.000022,0.000016,21,0.000178,0,27,0.75,0.00058
5123,St. Francis County,,AR,1917,24807,26724,7,8,15,773,1116,1889,6,0.319423,0.336849,1076.485749,0.000999,0.001798,21,0.000198,0,27,0.535714,0.007626
5125,Saline County,,AR,5551,76092,81643,12,13,25,4901,3673,8574,6,0.319634,0.337608,418.341015,0.000943,0.002314,21,0.00034,0,27,0.571429,0.008385
5127,Scott County,,AR,930,11230,12160,2,6,8,230,542,772,7,0.26886,0.27985,1041.660427,0.000054,0.000212,64,0.000091,0,27,0.533333,0.000667
5129,Searcy County,,AR,423,6357,6780,1,1,2,40,44,84,7,0.221315,0.226863,3.027744,0.000007,0.000003,21,0.000076,0,27,0,0.000149
5131,Sebastian County,,AR,9467,119487,128954,23,21,44,5564,5913,11477,6,0.348636,0.372239,13959.663976,0.006994,0.006473,64,0.00049,0,27,0.402174,0.05413
5133,Sevier County,,AR,975,15043,16018,4,5,9,323,302,625,6,0.284579,0.296915,454.956343,0.000018,0.000288,21,0.000151,0,27,0,0.00049
5135,Sharp County,,AR,1238,12329,13567,6,5,11,515,583,1098,7,0.243454,0.252217,1367.828332,0.000672,0.000014,21,0.00026,0,27,0.433333,0.005377
5137,Stone County,,AR,639,11747,12386,2,1,3,97,48,145,7,0.221908,0.227949,1.785714,0.000007,0.000003,21,0.00013,0,27,0,0.000254
5139,Union County,,AR,2753,47752,50505,9,12,21,902,1179,2081,6,0.315292,0.333333,6828.91773,0.00125,0.001518,21,0.000233,0,27,0.295455,0.009668
5141,Van Buren County,,AR,960,13441,14401,5,4,9,414,409,823,6,0.284133,0.296024,4388.117577,0.000337,0.000319,21,0.000222,0,27,0.333333,0.002956
5143,Washington County,,AR,14369,158502,172871,54,42,96,9717,9288,19005,6,0.366612,0.393663,34539.739155,0.015984,0.01533,64,0.001138,0,27,0.26951,0.120798
5145,White County,,AR,4346,64809,69155,17,14,31,2698,2242,4940,6,0.314642,0.332265,5626.985275,0.00205,0.001441,21,0.000464,0,27,0.400735,0.017166
5147,Woodruff County,,AR,567,7335,7902,1,4,5,62,227,289,6,0.284217,0.296197,0.333333,0.000012,0.000301,21,0.000079,0,27,0.666667,0.000255
5149,Yell County,,AR,1772,19863,21635,2,4,6,529,996,1525,7,0.243087,0.25155,1.241342,0.000008,0.000062,21,0.000091,0,27,0.583333,0.000392
6001,Alameda County,,CA,130671,1537961,1668632,156,205,361,86460,120344,206804,5,0.422825,0.467189,14051.414811,0.077144,0.087319,4,0.001484,0,27,0.354251,0.512119
6003,Alpine County,,CA,165,1010,1175,0,1,1,0,49,49,7,0.254294,0.262191,0,0,0.000102,4,0.00005,0,35,0,0
6005,Amador County,,CA,2309,36346,38655,14,10,24,2167,1265,3432,6,0.305304,0.321004,0.732061,0.006862,0.003454,4,0.000156,0,27,0.957143,0.044152
6007,Butte County,,CA,11866,198386,210252,50,55,105,10181,8826,19007,6,0.344701,0.370591,1000.863021,0.01817,0.01887,4,0.000527,0,27,0.617481,0.125492
6009,Calaveras County,,CA,3258,44840,48098,17,10,27,3552,1749,5301,6,0.305079,0.320602,0.782021,0.007799,0.0032,4,0.000175,0,27,0.924837,0.050132
6011,Colusa County,,CA,1169,21430,22599,6,6,12,665,624,1289,6,0.296504,0.310065,2.864013,0.001289,0.001172,4,0.00011,0,27,0.833333,0.008645
6013,Contra Costa County,,CA,73802,1073330,1147132,112,146,258,63547,65169,128716,5,0.407501,0.446277,6171.063919,0.057179,0.066459,4,0.001072,0,27,0.423444,0.384887
6015,Del Norte County,,CA,1524,21655,23179,7,5,12,628,447,1075,6,0.294997,0.308422,1.194648,0.003264,0.001032,4,0.000125,0,27,0.805556,0.023097
6017,El Dorado County,,CA,13442,178953,192395,38,48,86,13605,10020,23625,6,0.343883,0.368637,93.289662,0.016057,0.018415,4,0.000376,0,27,0.73102,0.109947
6019,Fresno County,,CA,31748,844860,876608,77,82,159,26233,24903,51136,6,0.374613,0.407836,1897.17971,0.033162,0.03456,4,0.000791,0,27,0.552137,0.230827
6021,Glenn County,,CA,1822,28363,30185,6,5,11,994,923,1917,6,0.294877,0.308221,24.908926,0.002223,0.000918,4,0.000121,0,27,0.809524,0.015294
6023,Humboldt County,,CA,7416,125368,132784,42,46,88,4762,4672,9434,6,0.343476,0.367833,3109.398453,0.016648,0.017054,4,0.00043,0,27,0.693878,0.114598
6025,Imperial County,,CA,8409,176659,185068,24,19,43,6495,6247,12742,6,0.340054,0.360456,2.90064,0.012338,0.009993,4,0.000272,0,27,0.92029,0.08748
6027,Inyo County,,CA,1508,20354,21862,8,8,16,681,584,1265,6,0.335066,0.353223,1.221231,0.005172,0.004236,4,0.000123,0,27,0.888889,0.035731
6029,Kern County,,CA,28653,692491,721144,82,95,177,32348,20170,52518,5,0.376949,0.41095,2406.599153,0.036136,0.037249,4,0.000859,0,27,0.4538,0.255153
6031,Kings County,,CA,9732,118987,128719,33,38,71,6878,6280,13158,6,0.345604,0.369057,200.352616,0.015619,0.017489,4,0.000373,0,27,0.60641,0.11
6033,Lake County,,CA,3940,54560,58500,22,21,43,3779,2265,6044,6,0.340014,0.360588,0.989117,0.011522,0.009407,4,0.000221,0,27,0.963077,0.077822
6035,Lassen County,,CA,2081,26200,28281,12,8,20,928,798,1726,6,0.315807,0.331954,534.547389,0.005641,0.002469,4,0.000165,0,27,0.8,0.038287
6037,Los Angeles County,,CA,388783,10005539,10394322,434,523,957,251857,366931,618788,5,0.493535,0.557256,494904.346723,0.132473,0.138046,4,0.005257,0,27,0.106845,0.919367
6039,Madera County,,CA,7255,118802,126057,28,24,52,7784,5278,13062,6,0.341495,0.362674,46.573735,0.013277,0.012321,4,0.00027,0,27,0.899015,0.089221
6041,Marin County,,CA,19633,246910,266543,38,55,93,12890,15643,28533,5,0.360821,0.388659,171.77114,0.021144,0.026473,4,0.000353,0,27,0.702381,0.141388
6043,Mariposa County,,CA,1431,17224,18655,9,6,15,885,602,1487,6,0.327205,0.344174,0.148352,0.004518,0.001823,4,0.000122,0,27,0.958333,0.02995
6045,Mendocino County,,CA,4926,89534,94460,22,23,45,2625,2800,5425,6,0.340014,0.360818,1.151644,0.010209,0.009474,4,0.00021,0,27,0.915344,0.066745
6047,Merced County,,CA,13498,224693,238191,32,36,68,12984,10340,23324,6,0.345563,0.369309,161.854938,0.014191,0.015789,4,0.000315,0,27,0.782051,0.096238
6049,Modoc County,,CA,706,8715,9421,3,2,5,168,133,301,7,0.256408,0.266217,0.309804,0.000227,0.000221,4,0.000091,0,27,0.666667,0.002154
6051,Mono County,,CA,1564,11313,12877,7,9,16,629,772,1401,6,0.335143,0.353424,0.608129,0.005018,0.005243,4,0.000113,0,27,0.916667,0.03423
6053,Monterey County,,CA,33010,419649,452659,82,105,187,15554,25589,41143,5,0.376802,0.412191,2630.095834,0.03899,0.042974,4,0.000836,0,27,0.439317,0.275899
6055,Napa County,,CA,10800,145615,156415,27,37,64,7389,8430,15819,6,0.343029,0.366167,9.874692,0.013225,0.016462,4,0.000254,0,27,0.868293,0.088359
6057,Nevada County,,CA,7630,104747,112377,36,35,71,6874,5376,12250,6,0.342301,0.365087,3402.668323,0.015573,0.01481,4,0.000366,0,27,0.798781,0.105772
6059,Orange County,,CA,180851,3145265,3326116,246,307,553,136714,167053,303767,5,0.448793,0.499908,60832.341616,0.103157,0.111825,4,0.002661,0,27,0.219784,0.69953
6061,Placer County,,CA,24777,315095,339872,70,72,142,33264,20242,53506,5,0.355689,0.385827,1077.204223,0.028446,0.026675,4,0.000724,0,27,0.518768,0.198946
6063,Plumas County,,CA,1589,21729,23318,15,7,22,996,670,1666,6,0.296172,0.3101,358.431238,0.007016,0.001401,4,0.000213,0,27,0.809524,0.046551
6065,Riverside County,,CA,102917,1764199,1867116,196,196,392,163139,89428,252567,5,0.42668,0.468798,26234.254936,0.083141,0.075185,4,0.002209,0,27,0.284284,0.575054
6067,Sacramento County,,CA,79636,1391951,1471587,147,172,319,76894,69708,146602,5,0.417771,0.458572,28224.29595,0.064633,0.069426,4,0.001677,0,27,0.32846,0.452321
6069,San Benito County,,CA,5613,59584,65197,10,22,32,3465,4116,7581,6,0.339775,0.360542,0,0.004521,0.010056,4,0.000117,0,27,0.978355,0.028401
6071,San Bernardino County,,CA,118121,1841101,1959222,195,233,428,138883,102460,241343,5,0.436109,0.481368,37296.933226,0.082397,0.089753,4,0.002215,0,27,0.268528,0.57517
6073,San Diego County,,CA,195142,3155939,3351081,427,486,913,144969,170112,315081,5,0.485767,0.547748,389233.996066,0.131074,0.135216,4,0.00518,0,27,0.120009,0.914043
6075,San Francisco County,,CA,84119,800029,884148,129,138,267,56961,77130,134091,5,0.405054,0.444014,4975.702944,0.07025,0.068363,4,0.001176,0,27,0.489485,0.456825
6077,San Joaquin County,,CA,35601,630064,665665,62,80,142,42414,29460,71874,6,0.36317,0.395352,1204.37515,0.026194,0.029514,4,0.000603,0,27,0.529533,0.180484
6079,San Luis Obispo County,,CA,16327,250657,266984,44,56,100,12503,12251,24754,6,0.351168,0.379036,105.588532,0.018799,0.022139,4,0.000408,0,27,0.68761,0.129259
6081,San Mateo County,,CA,68284,768369,836653,82,120,202,47393,62209,109602,5,0.389657,0.42706,1930.358819,0.044875,0.058651,4,0.000755,0,27,0.517613,0.302237
6083,Santa Barbara County,,CA,29503,409968,439471,70,87,157,16481,22809,39290,5,0.372448,0.4054,2020.384208,0.034194,0.036648,4,0.000741,0,27,0.523903,0.24059
6085,Santa Clara County,,CA,126776,1873526,2000302,174,226,400,75923,114228,190151,5,0.42965,0.475233,21771.564683,0.084475,0.093071,4,0.001692,0,27,0.320105,0.563817
6087,Santa Cruz County,,CA,18669,265741,284410,42,60,102,10645,14722,25367,6,0.353135,0.3808,193.86112,0.018848,0.023141,4,0.000391,0,27,0.661864,0.129239
6089,Shasta County,,CA,9671,178057,187728,52,57,109,8614,6669,15283,6,0.344537,0.370562,7571.853596,0.018251,0.018398,4,0.000604,0,27,0.562468,0.127143
6091,Sierra County,,CA,333,3265,3598,3,2,5,149,124,273,7,0.255078,0.263861,0.2,0.000435,0.000186,4,0.000097,0,27,0.833333,0.00372
6093,Siskiyou County,,CA,2777,43618,46395,16,11,27,1447,1204,2651,6,0.336973,0.356078,2.856405,0.007846,0.004693,4,0.000185,0,27,0.931373,0.052469
6095,Solano County,,CA,35995,426542,462537,70,99,169,25600,29041,54641,5,0.379513,0.414495,4456.816088,0.030304,0.038982,4,0.000712,0,27,0.443486,0.212028
6097,Sonoma County,,CA,27512,507080,534592,57,92,149,17617,21756,39373,5,0.371494,0.405263,1504.522388,0.026619,0.034083,4,0.000565,0,27,0.496143,0.184223
6099,Stanislaus County,,CA,27550,501350,528900,56,75,131,24432,22464,46896,6,0.360821,0.391905,948.394256,0.021561,0.026876,4,0.000545,0,27,0.524667,0.148005
6101,Sutter County,,CA,6688,85850,92538,21,22,43,5662,4792,10454,6,0.340653,0.36145,196.16933,0.008457,0.010342,4,0.000227,0,27,0.903333,0.057682
6103,Tehama County,,CA,3078,50801,53879,22,8,30,2761,1443,4204,6,0.335298,0.353832,97.652981,0.009358,0.003993,4,0.000225,0,27,0.887681,0.061061
6105,Trinity County,,CA,789,11216,12005,2,2,4,277,326,603,7,0.256453,0.266246,0,0.000291,0.000287,4,0.000067,0,27,1,0.002186
6107,Tulare County,,CA,14839,377749,392588,38,45,83,13768,10960,24728,6,0.343761,0.368091,138.425976,0.018244,0.016912,4,0.000359,0,27,0.681633,0.123423
6109,Tuolumne County,,CA,3450,55791,59241,18,17,35,2579,1798,4377,6,0.335531,0.35524,33.943049,0.008552,0.006459,4,0.000193,0,27,0.887446,0.055079
6111,Ventura County,,CA,48456,850347,898803,102,128,230,35243,39221,74464,5,0.399367,0.436786,4174.382532,0.051249,0.056248,4,0.001048,0,27,0.420565,0.354779
6113,Yolo County,,CA,17007,174402,191409,42,43,85,12859,13310,26169,6,0.344619,0.369011,430.829147,0.01884,0.0183,4,0.00039,0,27,0.813043,0.127755
6115,Yuba County,,CA,7495,57268,64763,25,21,46,5037,4577,9614,6,0.339974,0.360715,43.284681,0.01172,0.009333,4,0.000268,0,27,0.78125,0.081184
8001,Adams County,,CO,46004,403035,449039,72,82,154,40540,37447,77987,5,0.381109,0.413064,13787.677282,0.032504,0.035621,7,0.001002,0,27,0.429413,0.235341
8003,Alamosa County,,CO,1443,14710,16153,5,6,11,507,561,1068,6,0.310334,0.324061,11756.817844,0.001319,0.001049,7,0.000176,0,27,0.333333,0.009761
8005,Arapahoe County,,CO,68523,557585,626108,127,145,272,56805,58149,114954,5,0.418615,0.45617,31428.726409,0.063822,0.065706,7,0.001544,0,27,0.397524,0.444595
8007,Archuleta County,,CO,1069,10553,11622,1,2,3,89,150,239,6,0.309209,0.322107,0,0.000073,0.0008,7,0.000066,0,27,1,0.000729
8009,Baca County,,CO,247,4443,4690,0,0,0,0,0,0,0,0,0,0,0,0,5,0.00005,5,36,0,0
8011,Bent County,,CO,436,5397,5833,2,2,4,128,132,260,7,0.256363,0.26493,0.5,0.000023,0.000077,7,0.000095,0,27,0.666667,0.00031
8013,Boulder County,,CO,30130,296419,326549,105,94,199,19316,21692,41008,5,0.395016,0.428795,8036.060958,0.055765,0.050048,7,0.001176,0,27,0.511734,0.376418
8014,Broomfield County,,CO,7374,43911,51285,11,11,22,5601,5240,10841,6,0.339576,0.358704,0,0.005842,0.005918,7,0.000178,0,27,1,0.043005
8015,Chaffee County,,CO,1588,17046,18634,7,6,13,544,423,967,6,0.313249,0.326979,508.488356,0.002316,0.001708,7,0.000155,0,27,0.714286,0.016318
8017,Cheyenne County,,CO,188,2174,2362,0,0,0,0,0,0,0,0,0,0,0,0,6,0.00005,6,37,0,0
8019,Clear Creek County,,CO,1636,11878,13514,4,5,9,595,737,1332,6,0.303166,0.315736,0,0.001776,0.001724,7,0.00009,0,27,1,0.012033
8021,Conejos County,,CO,467,7899,8366,1,1,2,90,135,225,7,0.236855,0.242769,0,0.000009,0.000011,7,0.000075,0,27,0,0.000171
8023,Costilla County,,CO,220,3374,3594,1,0,1,45,0,45,0,0,0,0,0.000009,0,7,0.000075,0,17,0,0.000171
8025,Crowley County,,CO,337,3374,3711,2,2,4,127,174,301,7,0.256363,0.26493,0,0.000094,0.000077,7,0.000091,0,27,1,0.000771
8027,Custer County,,CO,432,3776,4208,2,1,3,136,82,218,7,0.243822,0.250735,0,0.000748,0.000031,7,0.000082,0,27,1,0.005592
8029,Delta County,,CO,2126,29376,31502,9,5,14,1074,836,1910,6,0.330523,0.34796,27.925721,0.002667,0.001651,7,0.000191,0,27,0.755556,0.020239
8031,Denver County,,CO,80747,521799,602546,135,133,268,60750,70759,131509,5,0.419341,0.455354,45597.310111,0.064565,0.062503,7,0.001717,0,27,0.407308,0.446852
8033,Dolores County,,CO,196,1911,2107,1,1,2,50,54,104,7,0.24814,0.255247,0,0.000012,0.000025,4,0.000093,0,27,0,0.000299
8035,Douglas County,,CO,24981,246606,271587,94,71,165,30217,17824,48041,5,0.388094,0.418723,5911.410857,0.05111,0.037949,7,0.00109,0,27,0.547711,0.359799
8037,Eagle County,,CO,5754,46922,52676,17,22,39,2241,2586,4827,6,0.345357,0.367155,3387.301224,0.007938,0.010962,7,0.000265,0,27,0.725296,0.057063
8039,Elbert County,,CO,2036,18879,20915,6,7,13,1445,1184,2629,6,0.314199,0.328134,0,0.002804,0.003101,7,0.000115,0,27,1,0.020281
8041,El Paso County,,CO,51277,600805,652082,246,238,484,36432,35239,71671,5,0.447409,0.490963,177926.229431,0.087025,0.087115,7,0.003395,0,27,0.21481,0.627636
8043,Fremont County,,CO,3232,39732,42964,11,11,22,1357,1414,2771,6,0.322405,0.339239,3001.793389,0.00375,0.003929,7,0.000254,0,27,0.648352,0.027505
8045,Garfield County,,CO,4303,43842,48145,15,18,33,1893,2184,4077,6,0.343232,0.364053,1309.109044,0.006187,0.008698,7,0.000251,0,27,0.701754,0.043756
8047,Gilpin County,,CO,700,4937,5637,5,3,8,430,336,766,6,0.300746,0.312921,0,0.002188,0.001353,7,0.000101,0,27,1,0.015146
8049,Grand County,,CO,1611,13172,14783,7,5,12,570,371,941,6,0.303325,0.315966,0,0.002503,0.001966,7,0.000126,0,27,1,0.017586
8051,Gunnison County,,CO,1471,13117,14588,3,5,8,168,249,417,6,0.311801,0.325198,1.235984,0.00177,0.001278,7,0.000083,0,27,0.809524,0.012652
8053,Hinsdale County,,CO,95,761,856,0,0,0,0,0,0,0,0,0,0,0,0,8,0.00005,7,38,0,0
8055,Huerfano County,,CO,643,6278,6921,1,2,3,86,266,352,6,0.309275,0.322222,0,0.000083,0.000781,7,0.000067,0,27,1,0.0006
8057,Jackson County,,CO,193,1588,1781,0,0,0,0,0,0,0,0,0,0,0,0,9,0.00005,8,39,0,0
8059,Jefferson County,,CO,58523,561048,619571,97,120,217,41581,48428,90009,5,0.407558,0.443117,31032.116859,0.044234,0.052277,7,0.001328,0,27,0.377397,0.313893
8061,Kiowa County,,CO,174,1858,2032,0,1,1,0,46,46,7,0.23746,0.243409,0,0,0.000007,7,0.00005,0,40,0,0
8063,Kit Carson County,,CO,675,8422,9097,0,0,0,0,0,0,0,0,0,0,0,0,10,0.00005,9,41,0,0
8065,Lake County,,CO,811,6575,7386,3,3,6,200,191,391,7,0.260319,0.269423,0.9,0.000171,0.000122,7,0.000093,0,27,0.333333,0.001143
8067,La Plata County,,CO,4322,45774,50096,20,19,39,1711,1797,3508,6,0.340134,0.361019,3186.21153,0.010346,0.008872,7,0.000348,0,27,0.741107,0.078995
8069,Larimer County,,CO,24110,286244,310354,81,70,151,14864,15057,29921,6,0.378968,0.410376,19895.292286,0.033999,0.03022,7,0.001188,0,27,0.428728,0.241509
8071,Las Animas County,,CO,1328,14900,16228,5,3,8,317,274,591,6,0.311701,0.324796,2.147903,0.001866,0.001145,7,0.00011,0,27,0.733333,0.013373
8073,Lincoln County,,CO,461,4701,5162,0,0,0,0,0,0,0,0,0,0,0,0,11,0.00005,10,42,0,0
8075,Logan County,,CO,1593,22182,23775,9,11,20,553,758,1311,6,0.313791,0.328387,12271.856286,0.001635,0.00236,7,0.000236,0,27,0.416667,0.011899
8077,Mesa County,,CO,7655,134279,141934,43,27,70,5727,3607,9334,6,0.344332,0.366552,10880.141225,0.015546,0.011058,7,0.000706,0,27,0.413636,0.112638
8079,Mineral County,,CO,75,844,919,0,0,0,0,0,0,0,0,0,0,0,0,12,0.00005,11,43,0,0
8081,Moffat County,,CO,1163,14164,15327,3,2,5,298,199,497,7,0.256204,0.264873,1.414889,0.000107,0.000154,7,0.000115,0,27,0.5,0.001409
8083,Montezuma County,,CO,1934,23949,25883,9,5,14,923,585,1508,6,0.329997,0.347329,5880.42835,0.003043,0.001448,4,0.000251,0,27,0.527778,0.02474
8085,Montrose County,,CO,2718,36928,39646,15,10,25,1339,1139,2478,6,0.334911,0.353372,11744.420848,0.006042,0.003975,7,0.000361,0,27,0.602941,0.044892
8087,Morgan County,,CO,2133,29088,31221,9,9,18,882,972,1854,6,0.304471,0.318034,1357.453003,0.002887,0.002679,7,0.000171,0,27,0.763636,0.020598
8089,Otero County,,CO,1340,19732,21072,5,6,11,401,639,1040,6,0.311868,0.325428,2708.285871,0.00134,0.001413,7,0.000168,0,27,0.547619,0.009738
8091,Ouray County,,CO,380,3422,3802,2,1,3,118,89,207,7,0.250908,0.258312,0,0.000033,0.00005,7,0.000116,0,27,1,0.000553
8093,Park County,,CO,2175,16179,18354,8,8,16,1467,1076,2543,6,0.314063,0.328077,2.700386,0.002894,0.002638,7,0.00014,0,27,0.805556,0.020842
8095,Phillips County,,CO,294,4488,4782,1,1,2,54,40,94,7,0.238864,0.244993,0,0.000019,0.000013,7,0.000069,0,27,0,0.000194
8097,Pitkin County,,CO,1816,12542,14358,4,5,9,393,782,1175,6,0.331657,0.348943,0,0.00181,0.002194,7,0.000092,0,27,1,0.01252
8099,Prowers County,,CO,1118,13517,14635,3,5,8,163,359,522,6,0.311299,0.324986,4038.912575,0.000799,0.00142,7,0.000122,0,27,0.433333,0.00596
8101,Pueblo County,,CO,7490,152972,160462,26,26,52,4491,4189,8680,6,0.344619,0.366552,12885.815731,0.008013,0.010069,7,0.000514,0,27,0.362366,0.060384
8103,Rio Blanco County,,CO,614,6206,6820,1,4,5,70,240,310,7,0.256431,0.265591,1.64238,0.000091,0.000188,7,0.000073,0,27,0.416667,0.001028
8105,Rio Grande County,,CO,1113,16429,17542,1,3,4,195,312,507,6,0.309407,0.322567,0,0.000009,0.000792,7,0.000075,0,27,1,0.000171
8107,Routt County,,CO,2170,20937,23107,9,6,15,675,623,1298,6,0.301246,0.31407,557.253988,0.00324,0.001761,7,0.000189,0,27,0.811111,0.023928
8109,Saguache County,,CO,272,2342,2614,0,0,0,0,0,0,0,0,0,0,0,0,13,0.00005,12,44,0,0
8111,San Juan County,,CO,74,629,703,0,0,0,0,0,0,0,0,0,0,0,0,14,0.00005,13,45,0,0
8113,San Miguel County,,CO,942,6237,7179,1,2,3,61,159,220,7,0.25093,0.258484,0,0.000033,0.00005,7,0.000081,0,27,1,0.000459
8115,Sedgwick County,,CO,258,2698,2956,0,0,0,0,0,0,0,0,0,0,0,0,15,0.00005,14,46,0,0
8117,Summit County,,CO,4719,25429,30148,13,18,31,1311,1982,3293,6,0.347967,0.369005,2250.150071,0.004646,0.00814,7,0.000216,0,27,0.652047,0.033637
8119,Teller County,,CO,2651,21197,23848,5,7,12,1097,1364,2461,6,0.333372,0.351132,12.017941,0.001728,0.002691,7,0.000114,0,27,0.803571,0.013223
8121,Washington County,,CO,371,3959,4330,0,2,2,0,105,105,7,0.239815,0.246321,0,0,0.000037,7,0.00005,0,47,1,0
8123,Weld County,,CO,16043,209582,225625,33,31,64,15388,10232,25620,6,0.354862,0.379794,5032.273084,0.013826,0.015368,7,0.000535,0,27,0.522561,0.102693
8125,Yuma County,,CO,772,10062,10834,1,2,3,42,102,144,7,0.262036,0.271646,0,0.000019,0.000127,7,0.000069,0,27,1,0.000194
9001,Fairfield County,,CT,52413,987203,1039616,125,174,299,34908,43631,78539,5,0.408419,0.451051,7648.737353,0.06858,0.085006,16,0.001102,0,27,0.43012,0.441027
9003,Hartford County,,CT,43005,1025840,1068845,123,160,283,31319,34878,66197,5,0.402973,0.444714,13759.069611,0.068036,0.078259,16,0.001129,0,27,0.442098,0.442622
9005,Litchfield County,,CT,11259,223895,235154,22,33,55,9210,7365,16575,6,0.348259,0.371809,75.429906,0.014097,0.019651,16,0.000193,0,27,0.724022,0.082472
9007,Middlesex County,,CT,12535,193675,206210,21,29,50,9145,8517,17662,6,0.344578,0.36723,98.42234,0.01279,0.016988,16,0.000185,0,27,0.781513,0.074639
9009,New Haven County,,CT,42949,947637,990586,121,153,274,32762,34663,67425,5,0.40387,0.444962,6319.755022,0.067053,0.076667,16,0.001077,0,27,0.45418,0.433752
9011,New London County,,CT,19482,306768,326250,68,78,146,12523,12855,25378,5,0.364768,0.395404,962.714806,0.037293,0.04045,16,0.000599,0,27,0.543128,0.234321
9013,Tolland County,,CT,10453,155684,166137,17,23,40,8496,7362,15858,6,0.341495,0.363082,57.763359,0.008263,0.011908,16,0.000158,0,27,0.821667,0.046524
9015,Windham County,,CT,7008,129173,136181,10,13,23,5366,4193,9559,6,0.336699,0.356233,3.578103,0.003409,0.006775,16,0.000107,0,27,0.858333,0.017648
10001,Kent County,,DE,9021,154844,163865,42,28,70,8082,3076,11158,6,0.346678,0.370085,1526.977897,0.020759,0.011104,54,0.000437,0,27,0.517959,0.126641
10003,New Castle County,,DE,27719,588142,615861,94,106,200,18716,19800,38516,5,0.385259,0.421366,5003.29925,0.05429,0.058195,54,0.000855,0,27,0.581561,0.344684
10005,Sussex County,,DE,8334,187245,195579,49,25,74,7801,4309,12110,6,0.314847,0.334936,1999.171507,0.017871,0.009276,54,0.000524,0,27,0.465098,0.110574
11001,District of Columbia,,DC,63409,547056,610465,161,134,295,45590,54034,99624,5,0.407787,0.445927,12057.603088,0.085727,0.071855,54,0.001628,0,27,0.461797,0.567453
12001,Alachua County,,FL,20623,211675,232298,71,71,142,13211,14624,27835,5,0.381962,0.41307,9442.747279,0.034909,0.040997,16,0.001234,0,27,0.559954,0.282212
12003,Baker County,,FL,1549,23385,24934,5,5,10,1223,901,2124,6,0.302156,0.316483,1.066667,0.00106,0.001622,16,0.000165,0,27,0.766667,0.009996
12005,Bay County,,FL,13580,168806,182386,77,57,134,7360,6352,13712,6,0.365872,0.394743,20430.828942,0.033686,0.027666,16,0.001301,0,27,0.46988,0.273537
12007,Bradford County,,FL,1724,23110,24834,5,7,12,1106,1116,2222,6,0.30323,0.317689,1.102632,0.001375,0.002176,16,0.000149,0,27,0.857143,0.011669
12009,Brevard County,,FL,28056,562402,590458,214,124,338,33185,17163,50348,5,0.404039,0.441198,21808.982975,0.096811,0.06657,16,0.002411,0,27,0.348849,0.663948
12011,Broward County,,FL,125944,1798714,1924658,284,285,569,120979,112749,233728,5,0.441284,0.491825,70842.926542,0.114448,0.11148,16,0.003168,0,27,0.220505,0.785828
12013,Calhoun County,,FL,750,10896,11646,5,4,9,421,395,816,6,0.279776,0.291934,27.425216,0.000573,0.00062,16,0.000214,0,27,0.55,0.005396
12015,Charlotte County,,FL,12172,155554,167726,88,33,121,11820,6935,18755,6,0.350574,0.374629,588.858049,0.046148,0.020458,16,0.000841,0,27,0.555251,0.294862
12017,Citrus County,,FL,7787,128268,136055,48,22,70,7125,3888,11013,6,0.318057,0.337252,54.25881,0.025029,0.013837,16,0.000691,0,27,0.732713,0.184793
12019,Clay County,,FL,17453,177477,194930,73,50,123,17362,11906,29268,5,0.357883,0.385706,3180.931738,0.038058,0.025962,16,0.001074,0,27,0.559467,0.2906
12021,Collier County,,FL,20854,295926,316780,142,68,210,21787,13148,34935,5,0.389553,0.420194,4057.875583,0.071346,0.037981,16,0.001405,0,27,0.448212,0.461464
12023,Columbia County,,FL,4082,56342,60424,21,17,38,3084,2173,5257,6,0.314335,0.332184,1499.778004,0.008546,0.006456,16,0.000471,0,27,0.551667,0.073654
12027,DeSoto County,,FL,2231,26819,29050,8,8,16,1225,1170,2395,6,0.307244,0.322509,3.214963,0.002243,0.0042,16,0.000207,0,27,0.888889,0.025572
12029,Dixie County,,FL,1089,12079,13168,7,4,11,498,458,956,6,0.276575,0.287912,9.386185,0.002089,0.000436,16,0.000197,0,27,0.589286,0.017515
12031,Duval County,,FL,67078,893009,960087,265,225,490,54932,53146,108078,5,0.432533,0.4781,144493.655413,0.10415,0.09172,16,0.003509,0,27,0.239152,0.731904
12033,Escambia County,,FL,30345,310145,340490,128,105,233,18200,20072,38272,5,0.395555,0.431024,15142.874134,0.059889,0.051172,16,0.001714,0,27,0.409625,0.450328
12035,Flagler County,,FL,5035,72819,77854,55,16,71,8235,2759,10994,6,0.316185,0.335132,19.43152,0.031954,0.009976,16,0.000583,0,27,0.759596,0.205115
12037,Franklin County,,FL,711,9569,10280,2,4,6,154,243,397,6,0.279776,0.291934,5.585263,0.000549,0.000592,16,0.000086,0,27,0.583333,0.004805
12039,Gadsden County,,FL,2956,47666,50622,8,7,15,1952,2043,3995,6,0.308979,0.324744,624.778899,0.002889,0.002143,16,0.000233,0,27,0.388889,0.022382
12041,Gilchrist County,,FL,1341,12984,14325,7,6,13,908,731,1639,6,0.2779,0.289756,5.236836,0.003698,0.00106,16,0.000192,0,27,0.777778,0.029194
12043,Glades County,,FL,1177,10444,11621,6,5,11,757,604,1361,6,0.298826,0.314047,1.572963,0.003194,0.001819,16,0.000128,0,27,0.880952,0.024138
12045,Gulf County,,FL,952,11759,12711,3,2,5,348,420,768,7,0.267941,0.278459,0.333333,0.000554,0.000282,16,0.000104,0,27,0.833333,0.004932
12047,Hamilton County,,FL,1011,11461,12472,3,3,6,299,411,710,7,0.252436,0.262383,9.905698,0.000187,0.00022,16,0.000135,0,27,0.333333,0.002041
12049,Hardee County,,FL,1880,23082,24962,5,5,10,767,975,1742,6,0.306595,0.321131,4.674571,0.00169,0.002352,16,0.000144,0,27,0.95,0.016576
12051,Hendry County,,FL,2995,33566,36561,6,9,15,1694,1758,3452,6,0.311233,0.32787,13.325263,0.003439,0.005691,16,0.000137,0,27,0.875,0.027582
12053,Hernando County,,FL,9726,147372,157098,61,21,82,12786,5483,18269,6,0.331694,0.351775,44.239901,0.034069,0.014439,16,0.000667,0,27,0.6851,0.222732
12055,Highlands County,,FL,5401,85531,90932,27,24,51,3836,2564,6400,6,0.318092,0.337539,146.395205,0.01058,0.013709,16,0.000492,0,27,0.662298,0.095051
12057,Hillsborough County,,FL,79654,1159615,1239269,344,254,598,87406,66322,153728,5,0.440747,0.487774,126483.709903,0.122155,0.104444,16,0.004218,0,27,0.197617,0.847616
12059,Holmes County,,FL,1456,19037,20493,5,7,12,665,857,1522,6,0.27948,0.292221,97.482573,0.000273,0.000806,16,0.000194,0,27,0.5,0.003547
12061,Indian River County,,FL,7743,131004,138747,50,19,69,7833,3647,11480,6,0.319072,0.338372,13.578833,0.029311,0.013211,16,0.000572,0,27,0.764314,0.200603
12063,Jackson County,,FL,2725,43471,46196,11,10,21,1326,1282,2608,6,0.305884,0.321912,473.171925,0.003973,0.002384,16,0.000287,0,27,0.525641,0.031599
12065,Jefferson County,,FL,1203,14154,15357,2,3,5,603,662,1265,6,0.275944,0.287464,0.5,0.000325,0.000322,16,0.000107,0,27,0.666667,0.002688
12067,Lafayette County,,FL,389,4439,4828,1,1,2,78,119,197,7,0.238236,0.245182,0,0.000029,0.000061,16,0.000093,0,27,0,0.00057
12069,Lake County,,FL,20538,264655,285193,122,40,162,26761,13050,39811,6,0.360283,0.386671,1943.591678,0.063056,0.023694,16,0.001401,0,27,0.52616,0.428648
12071,Lee County,,FL,29726,519969,549695,251,127,378,44935,18853,63788,5,0.402414,0.440406,21473.144453,0.096553,0.065135,16,0.002735,0,27,0.261048,0.647226
12073,Leon County,,FL,21819,239525,261344,82,81,163,14179,15819,29998,5,0.38021,0.412335,58954.505367,0.037378,0.039118,16,0.001536,0,27,0.445779,0.302024
12075,Levy County,,FL,2873,34812,37685,14,8,22,2255,1582,3837,6,0.310899,0.326841,147.394134,0.007016,0.003863,16,0.000328,0,27,0.796703,0.060247
12077,Liberty County,,FL,469,5672,6141,3,2,5,271,190,461,6,0.275525,0.286729,0.333333,0.000344,0.000312,16,0.00014,0,27,0.666667,0.002921
12079,Madison County,,FL,940,17211,18151,6,4,10,353,322,675,6,0.277501,0.289619,68.639018,0.001215,0.00046,16,0.00019,0,27,0.466667,0.010157
12081,Manatee County,,FL,22003,303129,325132,148,66,214,23322,13846,37168,5,0.382617,0.413656,4093.578942,0.074788,0.038321,16,0.001581,0,27,0.45614,0.497899
12083,Marion County,,FL,16594,289370,305964,140,40,180,21444,8865,30309,6,0.349813,0.375371,2152.584953,0.06892,0.023169,16,0.001642,0,27,0.479599,0.466744
12085,Martin County,,FL,13279,151796,165075,52,33,85,11258,8682,19940,6,0.349182,0.372705,240.669053,0.032038,0.020352,16,0.000584,0,27,0.734181,0.218712
12086,Miami-Dade County,,FL,116890,2455604,2572494,209,235,444,72753,104458,177211,5,0.429905,0.477295,50903.721502,0.098648,0.102044,16,0.002382,0,27,0.298205,0.678225
12087,Monroe County,,FL,10865,80672,91537,27,40,67,3621,5858,9479,6,0.350786,0.375491,66.278798,0.01761,0.024077,16,0.000367,0,27,0.735266,0.133812
12089,Nassau County,,FL,5243,70024,75267,18,9,27,3727,2779,6506,6,0.311835,0.328163,157.499672,0.009317,0.003638,16,0.000331,0,27,0.672515,0.074014
12091,Okaloosa County,,FL,20414,199916,220330,107,82,189,13325,11795,25120,5,0.384595,0.417414,15235.591703,0.045808,0.040118,16,0.001557,0,27,0.387256,0.351517
12093,Okeechobee County,,FL,2288,31003,33291,9,9,18,1497,930,2427,6,0.307864,0.324101,6.816964,0.003681,0.004267,16,0.000192,0,27,0.845455,0.031091
12095,Orange County,,FL,98256,1033441,1131697,286,236,522,98637,84435,183072,5,0.437227,0.482845,64047.595933,0.114224,0.102375,16,0.003466,0,27,0.252696,0.792968
12097,Osceola County,,FL,24572,211126,235698,105,50,155,29582,17927,47509,6,0.370262,0.398581,724.836199,0.057758,0.032578,16,0.001062,0,27,0.58688,0.379739
12099,Palm Beach County,,FL,72741,1287593,1360334,260,236,496,90420,60533,150953,5,0.424682,0.472757,40016.258724,0.10701,0.099885,16,0.002918,0,27,0.265665,0.735223
12101,Pasco County,,FL,28745,380259,409004,158,69,227,42970,19386,62356,5,0.38016,0.411427,2694.075335,0.077792,0.041337,16,0.001675,0,27,0.430461,0.517083
12103,Pinellas County,,FL,63874,983340,1047214,296,221,517,57284,51066,108350,5,0.432662,0.477594,68531.748803,0.113791,0.09699,16,0.003434,0,27,0.23195,0.774555
12105,Polk County,,FL,30008,533134,563142,167,85,252,31538,18706,50244,6,0.386697,0.420131,10037.185802,0.076324,0.044978,16,0.001954,0,27,0.385546,0.518882
12107,Putnam County,,FL,4282,68635,72917,18,13,31,2930,2490,5420,6,0.312776,0.33026,34.884685,0.008796,0.007414,16,0.000368,0,27,0.872549,0.076532
12109,St. Johns County,,FL,12718,153095,165813,82,30,112,16310,8051,24361,6,0.349224,0.372291,638.077528,0.045129,0.019838,16,0.001075,0,27,0.605565,0.328127
12111,St. Lucie County,,FL,15100,221057,236157,90,36,126,23108,9305,32413,6,0.349687,0.373584,401.262622,0.049633,0.020955,16,0.000902,0,27,0.641881,0.32326
12113,Santa Rosa County,,FL,12972,134551,147523,63,35,98,11223,7603,18826,5,0.348009,0.372372,2243.668255,0.031949,0.019189,16,0.000912,0,27,0.582316,0.246839
12115,Sarasota County,,FL,25773,368050,393823,172,86,258,28777,17463,46240,5,0.389135,0.422509,5307.321121,0.082726,0.04996,16,0.001735,0,27,0.404281,0.544645
12117,Seminole County,,FL,46927,412178,459105,144,107,251,41471,38740,80211,5,0.406416,0.441227,4346.861008,0.076908,0.061803,16,0.001691,0,27,0.500699,0.532866
12119,Sumter County,,FL,3776,50708,54484,23,9,32,3182,2163,5345,6,0.311066,0.326801,0.067873,0.012246,0.005716,16,0.000444,0,27,0.968379,0.108607
12121,Suwannee County,,FL,2552,35482,38034,17,9,26,1835,1275,3110,6,0.312709,0.329185,7165.61252,0.007475,0.003472,16,0.00045,0,27,0.540441,0.060389
12123,Taylor County,,FL,1026,19154,20180,1,3,4,89,239,328,6,0.275629,0.287073,1.861905,0.000322,0.000334,16,0.000067,0,27,0.333333,0.002513
12125,Union County,,FL,996,10221,11217,6,5,11,672,591,1263,6,0.303166,0.317345,2.05862,0.001389,0.001233,16,0.000167,0,27,0.833333,0.011823
12127,Volusia County,,FL,29827,480883,510710,174,102,276,32975,19636,52611,5,0.396637,0.431529,5752.759983,0.080823,0.059146,16,0.001853,0,27,0.403601,0.538664
12129,Wakulla County,,FL,1781,23967,25748,3,2,5,1476,877,2353,6,0.275525,0.286729,0.5,0.000344,0.000331,16,0.000113,0,27,0.666667,0.002911
12131,Walton County,,FL,3738,39182,42920,18,8,26,2894,1915,4809,6,0.308946,0.324727,639.009248,0.009132,0.002662,16,0.000318,0,27,0.771242,0.07226
12133,Washington County,,FL,1542,19033,20575,4,3,7,1030,892,1922,7,0.267991,0.278689,5.808452,0.000575,0.000312,16,0.000134,0,27,0.833333,0.005275
13001,Appling County,,GA,1000,18591,19591,3,4,7,226,316,542,7,0.219457,0.226217,35.372801,0.000006,0.000013,18,0.000166,0,27,0.083333,0.000387
13003,Atkinson County,,GA,602,7954,8556,1,1,2,161,229,390,7,0.233049,0.239746,0,0.000011,0.000006,18,0.000086,0,27,0,0.000155
13005,Bacon County,,GA,657,10541,11198,3,4,7,299,268,567,7,0.233331,0.240757,46.138805,0.000022,0.00002,18,0.000149,0,27,0.333333,0.000409
13007,Baker County,,GA,379,3961,4340,2,2,4,144,158,302,7,0.243597,0.252938,0,0.000087,0.00008,18,0.000105,0,27,1,0.000812
13009,Baldwin County,,GA,2793,43565,46358,10,13,23,1305,1542,2847,6,0.307407,0.32359,10509.876924,0.002326,0.003169,18,0.000317,0,27,0.448718,0.018844
13011,Banks County,,GA,1810,17644,19454,8,9,17,1484,1387,2871,6,0.300342,0.314897,6.924667,0.000822,0.001001,18,0.000217,0,27,0.644444,0.007387
13013,Barrow County,,GA,4980,54446,59426,14,13,27,6054,3295,9349,6,0.307082,0.32317,64.456784,0.003549,0.003731,18,0.000298,0,27,0.645833,0.029184
13015,Bartow County,,GA,7554,99890,107444,16,16,32,5617,4626,10243,6,0.308322,0.325279,112.57067,0.004632,0.003825,18,0.000328,0,27,0.578431,0.036782
13017,Ben Hill County,,GA,1125,17897,19022,4,5,9,474,457,931,6,0.263225,0.273871,786.848877,0.000013,0.000175,18,0.000192,0,27,0.15,0.000469
13019,Berrien County,,GA,1424,16807,18231,6,5,11,777,700,1477,7,0.251976,0.261866,82.89063,0.000116,0.000093,18,0.000222,0,27,0.5,0.001334
13021,Bibb County,,GA,10710,166008,176718,32,32,64,5915,6903,12818,6,0.341013,0.364265,23916.094746,0.007329,0.009669,18,0.00073,0,27,0.334127,0.058071
13023,Bleckley County,,GA,732,13500,14232,5,5,10,468,421,889,6,0.267966,0.27864,92.594789,0.000209,0.000243,18,0.000207,0,27,0.65,0.002411
13025,Brantley County,,GA,1401,18139,19540,5,4,9,791,800,1591,7,0.241207,0.250123,24.691522,0.000894,0.000094,16,0.000176,0,27,0.633333,0.007601
13027,Brooks County,,GA,2251,21018,23269,6,6,12,1300,1166,2466,6,0.302945,0.317718,558.213699,0.000126,0.000953,18,0.000225,0,27,0.5,0.001376
13029,Bryan County,,GA,3289,28112,31401,8,6,14,2193,1632,3825,6,0.283689,0.296702,89.446482,0.002292,0.001008,18,0.000182,0,27,0.544444,0.017376
13031,Bulloch County,,GA,3778,47504,51282,19,19,38,2320,1820,4140,6,0.312743,0.331661,16255.518551,0.004002,0.005053,18,0.000558,0,27,0.318182,0.032404
13033,Burke County,,GA,1932,29611,31543,6,5,11,1207,1193,2400,6,0.274093,0.285534,321.590232,0.000447,0.000421,112,0.000175,0,27,0.466667,0.00387
13035,Butts County,,GA,2149,23238,25387,11,9,20,1659,1400,3059,6,0.305047,0.320269,98.337226,0.002621,0.002189,18,0.000234,0,27,0.7,0.021676
13037,Calhoun County,,GA,395,5961,6356,2,2,4,100,181,281,7,0.243802,0.253289,0,0.000088,0.000081,18,0.000099,0,27,1,0.000811
13039,Camden County,,GA,6236,46194,52430,19,18,37,3125,2694,5819,5,0.342543,0.364024,448.046596,0.008507,0.008045,16,0.000317,0,27,0.577075,0.066746
13043,Candler County,,GA,773,9132,9905,5,3,8,391,343,734,7,0.238471,0.246716,163.517575,0.000389,0.000035,18,0.000196,0,27,0.7,0.003644
13045,Carroll County,,GA,7395,101915,109310,23,20,43,6654,4843,11497,6,0.30888,0.326732,5212.248841,0.004544,0.004624,18,0.000452,0,27,0.445652,0.036092
13047,Catoosa County,,GA,5049,59876,64925,9,7,16,4867,3495,8362,7,0.271121,0.282567,40.542685,0.000306,0.000286,21,0.000273,0,27,0.555556,0.0035
13049,Charlton County,,GA,839,9054,9893,3,4,7,326,389,715,6,0.302534,0.316787,41.395737,0.00085,0.001015,16,0.00011,0,27,0.5,0.007355
13051,Chatham County,,GA,18676,238986,257662,104,82,186,11365,11622,22987,5,0.384035,0.416305,48435.660446,0.048809,0.040497,18,0.001575,0,27,0.419021,0.352138
13053,Chattahoochee County,,GA,329,3104,3433,1,1,2,110,155,265,6,0.277422,0.288826,0,0.000269,0.00028,18,0.000063,0,27,0,0.002142
13055,Chattooga County,,GA,1337,26847,28184,5,4,9,733,725,1458,7,0.236065,0.243993,10.174914,0.000085,0.000067,18,0.000167,0,27,0.55,0.001376
13057,Cherokee County,,GA,16624,188784,205408,48,41,89,17153,11489,28642,6,0.364081,0.390699,6509.729491,0.020966,0.01966,18,0.000795,0,27,0.505013,0.161366
13059,Clarke County,,GA,11980,92360,104340,39,36,75,5979,7069,13048,6,0.355297,0.379754,17450.343011,0.010261,0.012802,18,0.000777,0,27,0.354589,0.080146
13061,Clay County,,GA,255,3224,3479,0,0,0,0,0,0,0,0,0,0,0,0,17,0.00005,15,48,0,0
13063,Clayton County,,GA,36445,252819,289264,88,69,157,29958,30410,60368,5,0.385259,0.416276,18107.68345,0.041929,0.030591,18,0.001181,0,27,0.430014,0.290322
13065,Clinch County,,GA,355,6684,7039,0,2,2,0,126,126,7,0.252107,0.261719,0,0,0.000096,16,0.00005,0,49,0,0
13067,Cobb County,,GA,75146,681093,756239,229,209,438,60420,64852,125272,5,0.428825,0.473159,84661.958211,0.095245,0.090298,18,0.002927,0,27,0.281356,0.664818
13069,Coffee County,,GA,2153,36634,38787,8,8,16,723,721,1444,6,0.303833,0.319315,25802.718795,0.000767,0.001353,18,0.000332,0,27,0.155556,0.00679
13071,Colquitt County,,GA,1990,40909,42899,9,8,17,888,928,1816,7,0.253252,0.264113,98.051721,0.000224,0.000178,18,0.000295,0,27,0.472222,0.002316
13073,Columbia County,,GA,10367,121548,131915,35,27,62,8608,5771,14379,6,0.33196,0.355458,8512.788799,0.014815,0.011695,112,0.000544,0,27,0.486538,0.106177
13075,Cook County,,GA,1270,17062,18332,5,5,10,732,719,1451,7,0.251998,0.261924,2.369877,0.000117,0.000094,18,0.000202,0,27,0.8,0.001268
13077,Coweta County,,GA,7908,107875,115783,23,17,40,6993,4394,11387,6,0.309605,0.326899,4126.119792,0.006915,0.00446,18,0.000406,0,27,0.495,0.054725
13079,Crawford County,,GA,1077,13644,14721,3,4,7,784,733,1517,6,0.267669,0.278019,0.333333,0.000194,0.000231,18,0.000143,0,27,0.833333,0.002102
13081,Crisp County,,GA,1411,22236,23647,6,6,12,486,499,985,6,0.302471,0.316615,9258.31707,0.000099,0.00098,18,0.000249,0,27,0.25,0.001228
13083,Dade County,,GA,1096,15805,16901,5,5,10,713,682,1395,7,0.271198,0.282423,5.925054,0.000222,0.000212,21,0.000173,0,27,0.65,0.002161
13085,Dawson County,,GA,1958,19088,21046,8,6,14,1713,1224,2937,6,0.304919,0.319694,0.486025,0.003236,0.002079,18,0.000188,0,27,0.928571,0.02573
13087,Decatur County,,GA,1636,28517,30153,6,5,11,780,687,1467,6,0.275944,0.28778,4918.848033,0.000344,0.000334,16,0.000228,0,27,0.366667,0.003209
13089,DeKalb County,,GA,92258,661071,753329,205,191,396,70159,83312,153471,5,0.427561,0.469706,91952.851902,0.089007,0.083493,18,0.002586,0,27,0.301614,0.610045
13091,Dodge County,,GA,938,17441,18379,5,4,9,425,413,838,6,0.262891,0.273136,3788.896632,0.000098,0.000183,18,0.000212,0,27,0.533333,0.001115
13093,Dooly County,,GA,939,12409,13348,3,3,6,349,460,809,6,0.262724,0.272716,86.92843,0.000122,0.000169,18,0.000143,0,27,0.5,0.00162
13095,Dougherty County,,GA,7961,102836,110797,29,32,61,4174,4950,9124,6,0.32194,0.345174,55314.326362,0.009671,0.010546,18,0.000696,0,27,0.346825,0.073887
13097,Douglas County,,GA,11622,103821,115443,26,16,42,12145,7997,20142,6,0.310334,0.327824,604.983282,0.012143,0.005096,18,0.0004,0,27,0.592593,0.085637
13099,Early County,,GA,764,12024,12788,5,6,11,276,374,650,7,0.246411,0.2575,1058.579962,0.00013,0.000123,18,0.000213,0,27,0.333333,0.001438
13101,Echols County,,GA,245,2623,2868,1,1,2,115,131,246,7,0.251779,0.260918,0,0.000105,0.000089,18,0.000069,0,27,0,0.000796
13103,Effingham County,,GA,3000,43961,46961,8,6,14,2687,1514,4201,6,0.283689,0.296702,22.034698,0.000897,0.00102,18,0.000221,0,27,0.553571,0.008396
13105,Elbert County,,GA,902,21426,22328,4,4,8,397,368,765,6,0.300124,0.31392,1.027778,0.000129,0.00085,18,0.000133,0,27,0.85,0.001236
13107,Emanuel County,,GA,1184,22736,23920,6,8,14,327,542,869,6,0.280073,0.293152,1599.647155,0.000057,0.000696,18,0.000301,0,27,0.25,0.001014
13109,Evans County,,GA,897,10337,11234,4,4,8,374,415,789,6,0.27782,0.289469,16.420164,0.000388,0.000439,18,0.000156,0,27,0.7,0.003646
13111,Fannin County,,GA,1131,21698,22829,7,6,13,598,425,1023,7,0.267398,0.278212,383.715432,0.002378,0.000279,18,0.000227,0,27,0.444444,0.018532
13113,Fayette County,,GA,10180,108104,118284,29,21,50,7475,6243,13718,6,0.332569,0.353895,949.635147,0.016223,0.007719,18,0.000415,0,27,0.570588,0.116285
13115,Floyd County,,GA,5558,95529,101087,18,15,33,2657,2641,5298,6,0.307537,0.324176,6381.081287,0.005742,0.003433,18,0.000374,0,27,0.421429,0.045763
13117,Forsyth County,,GA,10942,132965,143907,46,28,74,12755,6505,19260,6,0.347717,0.371625,2174.255298,0.025203,0.014911,18,0.000688,0,27,0.561224,0.187562
13119,Franklin County,,GA,1649,25193,26842,8,11,19,1131,1024,2155,6,0.300559,0.3155,136.08126,0.000798,0.001041,18,0.000226,0,27,0.536364,0.007203
13121,Fulton County,,GA,107360,726744,834104,250,225,475,85391,97714,183105,5,0.430671,0.476227,107939.788317,0.100348,0.093796,18,0.003249,0,27,0.263023,0.703236
13123,Gilmer County,,GA,1557,25186,26743,10,8,18,1125,669,1794,6,0.303865,0.319005,481.610162,0.003128,0.001828,18,0.000248,0,27,0.663636,0.024594
13125,Glascock County,,GA,169,2635,2804,1,0,1,52,0,52,0,0,0,0,0.000003,0,112,0.000087,0,1,0,0.000121
13127,Glynn County,,GA,5197,72340,77537,22,23,45,2413,2319,4732,6,0.317466,0.338004,6500.416274,0.008433,0.007556,16,0.00052,0,27,0.452991,0.064783
13129,Gordon County,,GA,3294,51023,54317,13,13,26,2440,2058,4498,6,0.305047,0.321286,1978.82469,0.002021,0.002091,18,0.000348,0,27,0.52381,0.016749
13131,Grady County,,GA,1613,23317,24930,4,7,11,761,891,1652,6,0.277051,0.289653,147.19134,0.000342,0.00042,18,0.000162,0,27,0.5,0.002885
13133,Greene County,,GA,1069,16573,17642,7,7,14,553,462,1015,6,0.303071,0.317908,197.286709,0.002296,0.001735,18,0.000178,0,27,0.708333,0.018029
13135,Gwinnett County,,GA,63817,698991,762808,231,204,435,67702,53975,121677,5,0.428382,0.47201,125246.124534,0.091563,0.081731,18,0.003141,0,27,0.259266,0.636312
13137,Habersham County,,GA,2481,37590,40071,8,9,17,1494,1402,2896,6,0.305079,0.320326,2661.390827,0.000891,0.00174,18,0.000276,0,27,0.544444,0.008508
13139,Hall County,,GA,10622,156502,167124,30,24,54,7670,6674,14344,6,0.343639,0.366385,7889.268969,0.011759,0.007862,18,0.000613,0,27,0.440341,0.089238
13141,Hancock County,,GA,582,9312,9894,1,1,2,111,220,331,7,0.235146,0.241976,0,0.000026,0.000019,18,0.000071,0,27,0,0.000249
13143,Haralson County,,GA,1959,25926,27885,6,6,12,1717,1295,3012,6,0.300404,0.314679,491.586366,0.000864,0.000975,18,0.000173,0,27,0.733333,0.00739
13145,Harris County,,GA,2415,31699,34114,7,8,15,2270,1556,3826,6,0.304407,0.319838,71.069804,0.000384,0.001258,18,0.000173,0,27,0.583333,0.00352
13147,Hart County,,GA,1332,23696,25028,6,6,12,689,726,1415,6,0.300342,0.314524,129.262882,0.000744,0.000897,18,0.000177,0,27,0.571429,0.006358
13149,Heard County,,GA,970,10344,11314,3,4,7,539,615,1154,7,0.237631,0.246021,0,0.000103,0.00012,18,0.000105,0,27,0.916667,0.001232
13151,Henry County,,GA,14185,163418,177603,51,38,89,18032,9761,27793,6,0.3268,0.351505,4731.866276,0.021152,0.011844,18,0.000777,0,27,0.412216,0.147598
13153,Houston County,,GA,10392,135850,146242,64,37,101,7273,5008,12281,5,0.355471,0.380938,54955.410297,0.020345,0.013659,18,0.001248,0,27,0.307292,0.15745
13155,Irwin County,,GA,867,9175,10042,2,4,6,374,526,900,7,0.234084,0.241906,10.703959,0.000003,0.000009,18,0.000115,0,27,0.5,0.000226
13157,Jackson County,,GA,3990,44686,48676,14,12,26,4232,2787,7019,6,0.305176,0.320843,513.292802,0.003263,0.002053,18,0.000315,0,27,0.557143,0.026295
13159,Jasper County,,GA,1312,14494,15806,9,8,17,1054,870,1924,6,0.305336,0.32001,187.033954,0.001828,0.001845,18,0.000216,0,27,0.75,0.01592
13161,Jeff Davis County,,GA,834,13932,14766,3,4,7,269,287,556,7,0.233575,0.241234,369.517514,0.000011,0.000008,18,0.000165,0,27,0.166667,0.000348
13163,Jefferson County,,GA,952,19422,20374,4,5,9,282,442,724,6,0.273834,0.285074,333.423447,0.000344,0.000371,112,0.000133,0,27,0.5,0.002987
13165,Jenkins County,,GA,469,7998,8467,2,3,5,110,189,299,7,0.238648,0.247038,6.519422,0.000045,0.000037,18,0.000105,0,27,0.5,0.000496
13167,Johnson County,,GA,490,8734,9224,3,3,6,271,282,553,7,0.235509,0.242901,14.455442,0.000021,0.000015,18,0.000136,0,27,0.5,0.000418
13169,Jones County,,GA,1891,25002,26893,8,5,13,1765,1166,2931,6,0.267818,0.278479,37.256838,0.00023,0.000253,18,0.000266,0,27,0.464286,0.003009
13171,Lamar County,,GA,1482,17125,18607,7,8,15,1055,1009,2064,6,0.301747,0.316701,47.032849,0.000417,0.001134,18,0.000191,0,27,0.75,0.004848
13173,Lanier County,,GA,793,6722,7515,2,3,5,336,337,673,7,0.251823,0.261263,0,0.000106,0.000091,18,0.000107,0,27,1,0.000907
13175,Laurens County,,GA,2340,49663,52003,12,11,23,892,794,1686,6,0.306271,0.321952,13702.952796,0.00173,0.00178,18,0.000396,0,27,0.247253,0.013403
13177,Lee County,,GA,2352,22289,24641,4,6,10,1997,1409,3406,7,0.253208,0.263768,40.338137,0.000098,0.000174,18,0.000165,0,27,0.333333,0.001032
13179,Liberty County,,GA,11345,58452,69797,50,49,99,4977,5797,10774,5,0.361676,0.389038,22131.112437,0.022124,0.021227,18,0.000755,0,27,0.47363,0.159669
13181,Lincoln County,,GA,526,8743,9269,2,3,5,141,275,416,6,0.27355,0.284299,43.170542,0.00034,0.000365,112,0.00008,0,27,0.333333,0.002761
13183,Long County,,GA,1341,7211,8552,2,4,6,649,696,1345,6,0.279668,0.291664,1.396825,0.00018,0.000596,18,0.000112,0,27,0.75,0.00158
13185,Lowndes County,,GA,8310,84857,93167,34,36,70,3910,4103,8013,6,0.336465,0.36041,46617.151762,0.010794,0.012815,18,0.000803,0,27,0.306025,0.085205
13187,Lumpkin County,,GA,2143,20555,22698,8,6,14,1417,1189,2606,6,0.304887,0.319637,5.831399,0.003083,0.001922,18,0.00021,0,27,0.821429,0.024548
13189,McDuffie County,,GA,1374,23212,24586,5,5,10,783,792,1575,6,0.274015,0.285419,8838.165404,0.000343,0.000418,112,0.000216,0,27,0.238095,0.003069
13191,McIntosh County,,GA,746,10842,11588,3,1,4,359,277,636,7,0.240987,0.249273,0,0.000569,0.000069,16,0.000099,0,27,1,0.00493
13193,Macon County,,GA,755,11324,12079,4,5,9,309,342,651,6,0.262748,0.273032,970.145579,0.000125,0.000173,18,0.000165,0,27,0.266667,0.001721
13195,Madison County,,GA,2111,26803,28914,9,10,19,1443,1540,2983,6,0.300311,0.314955,310.827456,0.000857,0.000922,18,0.000257,0,27,0.544444,0.007394
13197,Marion County,,GA,539,6493,7032,2,2,4,215,200,415,6,0.277608,0.289285,0,0.00028,0.000283,18,0.000088,0,27,1,0.002267
13199,Meriwether County,,GA,1765,23418,25183,9,10,19,1189,1192,2381,6,0.304343,0.319953,153.308969,0.001439,0.001707,18,0.000205,0,27,0.555556,0.012666
13201,Miller County,,GA,441,5404,5845,3,3,6,194,242,436,7,0.217401,0.223692,0.97619,0.000004,0.000004,16,0.000158,0,27,0.833333,0.000335
13205,Mitchell County,,GA,1401,22198,23599,6,5,11,659,687,1346,7,0.243741,0.253685,15.201971,0.000111,0.000089,18,0.000209,0,27,0.466667,0.001284
13207,Monroe County,,GA,1675,21052,22727,8,8,16,1014,942,1956,6,0.28176,0.294289,50.551648,0.000602,0.000801,18,0.000235,0,27,0.625,0.006577
13209,Montgomery County,,GA,706,9455,10161,2,2,4,325,313,638,8,0.192809,0.197468,2251.617173,0,0.000002,18,0.000198,0,27,0,0.000211
13211,Morgan County,,GA,1235,17276,18511,10,8,18,886,731,1617,6,0.305304,0.319953,197.717212,0.002359,0.001692,18,0.000241,0,27,0.7,0.018908
13213,Murray County,,GA,2984,37900,40884,9,6,15,2504,2103,4607,7,0.25167,0.260908,238.287388,0.001457,0.000105,21,0.000249,0,27,0.583333,0.011241
13215,Muscogee County,,GA,21133,199703,220836,84,86,170,11835,13680,25515,5,0.383882,0.417161,52053.757064,0.034049,0.032781,18,0.001304,0,27,0.363762,0.250352
13217,Newton County,,GA,6454,80274,86728,15,14,29,8658,4370,13028,6,0.307017,0.32317,28.477303,0.005077,0.003992,18,0.000288,0,27,0.581699,0.036919
13219,Oconee County,,GA,2169,21923,24092,9,8,17,1638,1286,2924,6,0.300248,0.31461,193.086861,0.000883,0.00095,18,0.000255,0,27,0.611111,0.007788
13221,Oglethorpe County,,GA,956,13227,14183,4,3,7,738,539,1277,7,0.262297,0.271754,0,0.000137,0.000099,18,0.00014,0,27,1,0.001407
13223,Paulding County,,GA,8443,95838,104281,15,15,30,10329,5742,16071,6,0.307277,0.323745,148.074517,0.005512,0.003968,18,0.000292,0,27,0.643791,0.042487
13225,Peach County,,GA,2135,22061,24196,4,3,7,1409,1219,2628,6,0.267645,0.277847,6.910071,0.000195,0.000229,18,0.000157,0,27,0.666667,0.002208
13227,Pickens County,,GA,1852,26845,28697,11,8,19,1823,1059,2882,6,0.306401,0.321648,169.176102,0.003254,0.00282,18,0.000252,0,27,0.709091,0.026225
13229,Pierce County,,GA,1187,16233,17420,5,3,8,952,623,1575,7,0.233349,0.240441,1.915883,0.000828,0.000025,16,0.00018,0,27,0.6,0.00708
13231,Pike County,,GA,1355,17596,18951,7,6,13,1538,861,2399,6,0.27846,0.290118,17.65588,0.001231,0.000617,18,0.000169,0,27,0.785714,0.011213
13233,Polk County,,GA,2141,37150,39291,8,7,15,1479,1341,2820,6,0.300591,0.315138,2.453571,0.001084,0.001058,18,0.000199,0,27,0.875,0.009525
13235,Pulaski County,,GA,604,9489,10093,2,3,5,236,258,494,6,0.262486,0.272303,71.76136,0.000114,0.00017,18,0.000114,0,27,0.833333,0.001519
13237,Putnam County,,GA,1453,19500,20953,11,6,17,926,683,1609,7,0.254652,0.264596,178.906484,0.00315,0.000135,18,0.000244,0,27,0.575758,0.024867
13239,Quitman County,,GA,249,2284,2533,1,1,2,93,77,170,7,0.216525,0.222308,0,0.000003,0.000001,18,0.000075,0,27,0,0.000114
13241,Rabun County,,GA,919,15847,16766,3,2,5,207,158,365,7,0.2345,0.241488,8.31452,0.000703,0.000057,18,0.000154,0,27,0,0.005691
13243,Randolph County,,GA,390,7505,7895,0,1,1,0,65,65,7,0.243599,0.252794,0,0,0.000079,18,0.00005,0,50,0,0
13245,Richmond County,,GA,19549,184216,203765,64,62,126,10391,12870,23261,5,0.375243,0.404711,35040.393595,0.029518,0.029612,112,0.000929,0,27,0.467865,0.212246
13247,Rockdale County,,GA,9707,73197,82904,18,21,39,7857,7103,14960,6,0.311768,0.330323,175.14684,0.008336,0.005704,18,0.000301,0,27,0.537037,0.060247
13249,Schley County,,GA,324,3917,4241,2,1,3,244,113,357,7,0.233744,0.240201,0,0.000012,0.000003,18,0.000103,0,27,1,0.000234
13251,Screven County,,GA,764,14955,15719,3,3,6,311,362,673,6,0.277714,0.289193,0,0.000383,0.000441,18,0.000123,0,27,1,0.003462
13253,Seminole County,,GA,677,9358,10035,4,4,8,382,361,743,7,0.241388,0.250341,264.082049,0.000046,0.000043,16,0.000182,0,27,0.583333,0.000768
13255,Spalding County,,GA,4877,57698,62575,14,15,29,3578,3495,7073,6,0.307472,0.323992,293.799607,0.003379,0.003949,18,0.000297,0,27,0.583333,0.02806
13257,Stephens County,,GA,1803,25201,27004,6,6,12,630,695,1325,6,0.300186,0.314265,3.096825,0.000775,0.000876,18,0.000174,0,27,0.8,0.006737
13259,Stewart County,,GA,376,4999,5375,1,1,2,66,91,157,6,0.277422,0.288826,0,0.000269,0.00028,18,0.000063,0,27,0,0.002142
13261,Sumter County,,GA,2044,32777,34821,6,9,15,485,829,1314,6,0.305015,0.320028,5405.094896,0.000361,0.001263,18,0.000258,0,27,0.305556,0.00326
13263,Talbot County,,GA,454,7624,8078,2,3,5,231,227,458,6,0.277528,0.289285,0,0.000283,0.000295,18,0.000081,0,27,1,0.002342
13265,Taliaferro County,,GA,148,1701,1849,0,0,0,0,0,0,0,0,0,0,0,0,19,0.00005,16,51,0,0
13267,Tattnall County,,GA,1155,18042,19197,6,6,12,607,488,1095,6,0.27983,0.29221,591.67863,0.000225,0.000624,18,0.000273,0,27,0.452381,0.002223
13269,Taylor County,,GA,547,9421,9968,0,2,2,0,150,150,6,0.262411,0.272117,0,0,0.000168,18,0.00005,0,52,1,0
13271,Telfair County,,GA,768,11243,12011,3,4,7,228,312,540,7,0.233952,0.24163,3643.645399,0.000002,0.000007,18,0.000206,0,27,0.166667,0.000297
13273,Terrell County,,GA,741,11215,11956,2,2,4,342,469,811,7,0.243577,0.252881,0,0.000088,0.00008,18,0.000092,0,27,1,0.000806
13275,Thomas County,,GA,2748,43444,46192,8,10,18,1194,1393,2587,6,0.30944,0.326129,967.756896,0.00053,0.002072,18,0.000253,0,27,0.418182,0.004585
13277,Tift County,,GA,2482,39301,41783,10,9,19,1165,1209,2374,7,0.253362,0.264429,5655.861619,0.000214,0.000173,18,0.000335,0,27,0.311111,0.002374
13279,Toombs County,,GA,1486,23162,24648,7,4,11,641,532,1173,7,0.238569,0.247061,8296.872604,0.000186,0.000035,18,0.000337,0,27,0.196429,0.001994
13281,Towns County,,GA,677,9907,10584,3,2,5,253,181,434,8,0.204267,0.209179,271.941216,0.000673,0.000038,18,0.000275,0,27,0.333333,0.005765
13283,Treutlen County,,GA,399,6137,6536,2,2,4,123,137,260,7,0.234595,0.241563,6.351141,0.00002,0.000016,18,0.000113,0,27,0.666667,0.00032
13285,Troup County,,GA,3572,62575,66147,13,15,28,2385,2081,4466,6,0.308847,0.325503,2021.096129,0.002889,0.003441,18,0.000273,0,27,0.552381,0.023094
13287,Turner County,,GA,610,9925,10535,2,3,5,121,248,369,7,0.232825,0.239776,4.283333,0.000009,0.000003,18,0.000117,0,27,0.5,0.000236
13289,Twiggs County,,GA,832,10579,11411,4,4,8,468,543,1011,6,0.267867,0.278352,2.495515,0.000208,0.000244,18,0.000174,0,27,0.833333,0.002328
13291,Union County,,GA,1105,18288,19393,9,5,14,617,347,964,7,0.256658,0.266406,5079.100472,0.004667,0.000136,18,0.000385,0,27,0.427273,0.036752
13293,Upson County,,GA,1380,27319,28699,8,8,16,743,623,1366,6,0.281705,0.294973,47.308351,0.00126,0.000734,18,0.000192,0,27,0.666667,0.01098
13295,Walker County,,GA,4502,64177,68679,9,10,19,3746,3233,6979,7,0.271426,0.283515,233.551145,0.000305,0.000296,21,0.000293,0,27,0.445455,0.003494
13297,Walton County,,GA,4260,54660,58920,15,12,27,4491,2859,7350,6,0.306368,0.32205,33.396036,0.003554,0.002698,18,0.000318,0,27,0.67619,0.029195
13299,Ware County,,GA,2463,32515,34978,7,8,15,1034,1286,2320,6,0.303103,0.318252,5653.094982,0.000829,0.001358,16,0.00026,0,27,0.361111,0.007317
13301,Warren County,,GA,398,6181,6579,1,1,2,160,212,372,7,0.215096,0.220435,0,0.000003,0.000003,112,0.000087,0,27,0,0.000121
13303,Washington County,,GA,823,21227,22050,3,5,8,177,286,463,7,0.254742,0.264527,89.027495,0.000029,0.000097,18,0.000132,0,27,0.3,0.000464
13305,Wayne County,,GA,1370,25964,27334,9,5,14,702,359,1061,6,0.280155,0.292474,6663.135622,0.001341,0.000654,16,0.000288,0,27,0.430556,0.011651
13307,Webster County,,GA,135,2587,2722,0,0,0,0,0,0,0,0,0,0,0,0,20,0.00005,17,53,0,0
13309,Wheeler County,,GA,377,4752,5129,2,2,4,111,120,231,8,0.189707,0.193996,17.769375,0,0,18,0.000178,0,27,0,0.00019
13311,White County,,GA,1711,22726,24437,7,4,11,1368,846,2214,6,0.300093,0.313863,4.79888,0.001668,0.000882,18,0.000195,0,27,0.761905,0.014127
13313,Whitfield County,,GA,6739,98962,105701,15,14,29,3448,4411,7859,6,0.332645,0.352057,4914.055586,0.005525,0.00447,21,0.000335,0,27,0.444853,0.041215
13315,Wilcox County,,GA,433,7126,7559,2,2,4,152,136,288,7,0.232601,0.239173,8.1,0.000009,0.000001,18,0.000118,0,27,0,0.000209
13317,Wilkes County,,GA,644,11234,11878,2,2,4,119,103,222,7,0.262415,0.271772,15.311538,0.000108,0.000087,112,0.000092,0,27,0,0.00088
13319,Wilkinson County,,GA,622,10419,11041,2,4,6,241,416,657,7,0.254608,0.264125,1.022222,0.000106,0.000095,18,0.000091,0,27,0.666667,0.000836
13321,Worth County,,GA,1322,18781,20103,5,5,10,770,816,1586,7,0.243802,0.253857,57.729849,0.000091,0.000085,18,0.000189,0,27,0.466667,0.001151
15001,Hawaii County,,HI,6361,160703,167064,34,14,48,5524,3153,8677,6,0.341736,0.361898,5.833742,0.017046,0.009631,4,0.000367,0,27,0.836134,0.118183
15003,Honolulu County,,HI,61022,1007605,1068627,233,232,465,40382,44397,84779,5,0.434998,0.480765,49530.884457,0.095294,0.092433,4,0.002588,0,27,0.267295,0.661141
15005,Kalawao County,,HI,0,0,0,0,0,0,0,0,0,0,0,0,0,0,0,22,0.00005,18,54,0,0
15007,Kauai County,,HI,2467,66998,69465,8,7,15,668,1111,1779,6,0.337443,0.355831,0,0.00584,0.005858,4,0.000118,0,27,0.966667,0.040712
15009,Maui County,,HI,7111,149867,156978,34,21,55,4507,3765,8272,6,0.347425,0.370344,16.55021,0.020159,0.013832,4,0.000365,0,27,0.892643,0.139165
16001,Ada County,,ID,23652,361258,384910,118,90,208,21491,17454,38945,5,0.367681,0.401005,68449.831925,0.036806,0.030259,4,0.001807,0,27,0.317714,0.269571
16003,Adams County,,ID,340,3909,4249,0,2,2,0,98,98,6,0.268928,0.280634,0,0,0.000305,4,0.00005,0,55,1,0
16005,Bannock County,,ID,6384,80579,86963,27,25,52,3294,3798,7092,6,0.335337,0.356716,20723.575229,0.00508,0.005331,4,0.000667,0,27,0.309677,0.040609
16007,Bear Lake County,,ID,408,6879,7287,0,1,1,0,45,45,7,0.25119,0.259541,0,0,0.000042,4,0.00005,0,56,0,0
16009,Benewah County,,ID,831,9889,10720,3,3,6,246,397,643,6,0.272471,0.284695,0.592068,0.000347,0.000424,4,0.000107,0,27,0.75,0.003271
16011,Bingham County,,ID,3688,48408,52096,9,14,23,1985,2431,4416,6,0.33196,0.351264,1153.73894,0.002532,0.002688,4,0.000201,0,27,0.648352,0.019619
16013,Blaine County,,ID,1886,22124,24010,6,6,12,525,545,1070,6,0.330034,0.347622,1714.096343,0.002346,0.002443,4,0.000158,0,27,0.690476,0.018008
16015,Boise County,,ID,692,6264,6956,2,3,5,440,452,892,6,0.269134,0.281007,0,0.00033,0.00044,4,0.000091,0,27,1,0.003459
16017,Bonner County,,ID,3104,39371,42475,15,7,22,1652,1338,2990,6,0.307798,0.323429,1062.365199,0.007885,0.001407,4,0.000256,0,27,0.695833,0.056573
16019,Bonneville County,,ID,6559,94417,100976,25,22,47,4849,4063,8912,6,0.338941,0.360427,4559.466346,0.008835,0.006252,4,0.00042,0,27,0.517094,0.065376
16021,Boundary County,,ID,677,10587,11264,2,4,6,164,252,416,6,0.272497,0.284867,0,0.000107,0.000489,4,0.000104,0,27,1,0.00171
16023,Butte County,,ID,279,2957,3236,0,0,0,0,0,0,0,0,0,0,0,0,23,0.00005,19,57,0,0
16025,Camas County,,ID,117,953,1070,0,0,0,0,0,0,0,0,0,0,0,0,24,0.00005,20,58,0,0
16027,Canyon County,,ID,11268,153286,164554,54,32,86,11840,7578,19418,6,0.343843,0.367109,10814.85893,0.016444,0.009928,4,0.000885,0,27,0.397306,0.118896
16029,Caribou County,,ID,551,7914,8465,1,1,2,93,133,226,7,0.251147,0.259458,0,0.000044,0.000042,4,0.000073,0,27,0,0.000456
16031,Cassia County,,ID,2343,26287,28630,7,8,15,998,1264,2262,6,0.297021,0.311812,454.205279,0.00129,0.001032,4,0.000174,0,27,0.611111,0.009337
16033,Clark County,,ID,101,950,1051,0,0,0,0,0,0,0,0,0,0,0,0,25,0.00005,21,59,0,0
16035,Clearwater County,,ID,748,8837,9585,2,4,6,151,363,514,7,0.251299,0.259788,0.5,0.000051,0.000056,4,0.000083,0,27,0.75,0.000409
16037,Custer County,,ID,403,4130,4533,0,1,1,0,50,50,6,0.268903,0.280462,0,0,0.000303,4,0.00005,0,60,0,0
16039,Elmore County,,ID,4570,27117,31687,14,10,24,1148,1445,2593,6,0.338033,0.357813,2068.038708,0.006096,0.005064,4,0.000272,0,27,0.616667,0.047228
16041,Franklin County,,ID,730,13042,13772,3,2,5,408,336,744,7,0.258257,0.267785,0,0.00069,0.000112,4,0.000098,0,27,1,0.004649
16043,Fremont County,,ID,1415,14892,16307,5,5,10,542,749,1291,6,0.269184,0.281593,0,0.000722,0.000456,4,0.000128,0,27,0.97619,0.005252
16045,Gem County,,ID,1444,16113,17557,4,3,7,755,822,1577,6,0.269134,0.281007,0.333333,0.000338,0.000441,4,0.00015,0,27,0.833333,0.003705
16047,Gooding County,,ID,1290,14588,15878,4,3,7,535,695,1230,6,0.268985,0.280903,39.650173,0.000294,0.000361,4,0.000148,0,27,0.666667,0.003108
16049,Idaho County,,ID,1009,14676,15685,4,5,9,279,331,610,6,0.269259,0.281524,453.484087,0.00028,0.000481,4,0.000137,0,27,0.533333,0.002777
16051,Jefferson County,,ID,1973,22414,24387,8,7,15,1399,1422,2821,6,0.297386,0.312071,27.793165,0.001172,0.001255,4,0.000174,0,27,0.888889,0.008231
16053,Jerome County,,ID,2042,19931,21973,7,5,12,1265,1206,2471,6,0.269234,0.281707,18.30289,0.000961,0.000407,4,0.000193,0,27,0.696429,0.007899
16055,Kootenai County,,ID,7625,124098,131723,53,30,83,8197,4460,12657,6,0.344823,0.367804,8720.666644,0.017866,0.01156,4,0.000776,0,27,0.497643,0.127701
16057,Latah County,,ID,3994,33550,37544,18,13,31,1809,1834,3643,6,0.332645,0.351999,1680.587449,0.003248,0.003439,4,0.000371,0,27,0.440476,0.025975
16059,Lemhi County,,ID,625,7809,8434,0,2,2,0,82,82,6,0.269127,0.281093,0,0,0.000344,4,0.00005,0,61,1,0
16061,Lewis County,,ID,421,4135,4556,2,2,4,140,181,321,7,0.244069,0.251618,0,0.000034,0.000018,4,0.000088,0,27,1,0.000344
16063,Lincoln County,,ID,521,5341,5862,3,3,6,198,206,404,7,0.253075,0.261701,0.833333,0.00007,0.000072,4,0.000108,0,27,0.5,0.000896
16065,Madison County,,ID,2656,20908,23564,12,12,24,1592,1664,3256,6,0.333257,0.352333,409.52467,0.003633,0.003645,4,0.000235,0,27,0.782051,0.028326
16067,Minidoka County,,ID,1468,15656,17124,2,5,7,571,874,1445,6,0.269234,0.281707,0,0.00005,0.000413,4,0.000086,0,27,0.95,0.000658
16069,Nez Perce County,,ID,3166,39635,42801,11,15,26,1884,2127,4011,6,0.3228,0.341038,8263.301798,0.001941,0.003694,4,0.000255,0,27,0.5625,0.015343
16071,Oneida County,,ID,289,4362,4651,1,2,3,41,97,138,7,0.254273,0.262942,0,0.000044,0.000053,4,0.000073,0,27,0.5,0.000456
16073,Owyhee County,,ID,1318,9859,11177,3,3,6,638,841,1479,6,0.269134,0.281007,0,0.000372,0.000488,4,0.000114,0,27,1,0.003939
16075,Payette County,,ID,2041,21261,23302,5,5,10,1077,1106,2183,6,0.269234,0.281437,1.413333,0.000342,0.000447,4,0.000194,0,27,0.8,0.003841
16077,Power County,,ID,489,7012,7501,2,1,3,246,178,424,7,0.251147,0.259458,0,0.000066,0.000042,4,0.000085,0,27,1,0.000715
16079,Shoshone County,,ID,1058,12351,13409,1,3,4,269,500,769,6,0.272318,0.284465,0,0.000095,0.0004,4,0.000072,0,27,1,0.001161
16081,Teton County,,ID,801,7268,8069,2,3,5,219,236,455,7,0.256295,0.26574,2.046429,0.000061,0.000146,4,0.000084,0,27,0,0.000898
16083,Twin Falls County,,ID,5348,71220,76568,20,21,41,3258,3203,6461,6,0.334988,0.355768,8394.176851,0.006094,0.005057,4,0.000423,0,27,0.432971,0.046196
16085,Valley County,,ID,794,8851,9645,2,2,4,373,294,667,6,0.269109,0.280834,0,0.00033,0.000438,4,0.000091,0,27,1,0.003459
16087,Washington County,,ID,789,9759,10548,5,4,9,331,387,718,6,0.269209,0.281265,1.830857,0.000341,0.000444,4,0.00017,0,27,0.65,0.003805
17001,Adams County,,IL,3310,79972,83282,9,15,24,994,1336,2330,6,0.342543,0.362973,18786.170745,0.001171,0.003363,64,0.000345,0,27,0.309524,0.008479
17003,Alexander County,,IL,675,8619,9294,3,3,6,214,293,507,7,0.257569,0.266544,423.622841,0.000021,0.000046,64,0.000144,0,27,0.583333,0.000426
17005,Bond County,,IL,1121,18995,20116,5,5,10,629,579,1208,6,0.276998,0.288584,811.438643,0.00032,0.000286,64,0.000163,0,27,0.55,0.0026
17007,Boone County,,IL,4239,56995,61234,10,11,21,5192,3049,8241,6,0.338981,0.358112,2.855368,0.003194,0.003791,27,0.000137,0,27,0.854545,0.018909
17009,Brown County,,IL,349,5987,6336,2,1,3,103,78,181,7,0.255168,0.26316,2.95,0.000028,0.00001,64,0.0001,0,27,0,0.000273
17011,Bureau County,,IL,2418,43068,45486,8,10,18,1186,1224,2410,6,0.3391,0.35817,2897.009721,0.002168,0.002527,27,0.000159,0,27,0.527273,0.014143
17013,Calhoun County,,IL,223,6020,6243,1,2,3,66,86,152,7,0.265708,0.275553,0,0.000104,0.000094,64,0.000067,0,27,1,0.00074
17015,Carroll County,,IL,1185,20452,21637,7,6,13,581,606,1187,6,0.326873,0.343732,47.482971,0.001847,0.001091,27,0.00015,0,27,0.619048,0.012469
17017,Cass County,,IL,1118,16681,17799,3,4,7,304,562,866,7,0.263201,0.273433,3164.25188,0.000096,0.000079,27,0.00014,0,27,0.166667,0.000849
17019,Champaign County,,IL,14180,188390,202570,43,60,103,6627,8072,14699,5,0.387316,0.416902,30619.889928,0.015385,0.02662,27,0.000595,0,27,0.391352,0.102386
17021,Christian County,,IL,1952,44076,46028,5,6,11,1177,1028,2205,7,0.263967,0.274794,46.980735,0.000145,0.000107,27,0.00015,0,27,0.428571,0.001267
17023,Clark County,,IL,1063,19940,21003,5,5,10,562,524,1086,7,0.248799,0.257674,2072.24806,0.000041,0.000039,27,0.000167,0,27,0.35,0.000791
17025,Clay County,,IL,906,16609,17515,5,4,9,428,418,846,7,0.223343,0.230178,1192.239708,0.000004,0.000011,64,0.000241,0,27,0.4,0.000607
17027,Clinton County,,IL,2107,44596,46703,7,8,15,1251,1217,2468,6,0.303833,0.31804,303.950318,0.000996,0.00118,64,0.000203,0,27,0.607143,0.007257
17029,Coles County,,IL,3597,52924,56521,12,12,24,1752,1721,3473,6,0.327908,0.345875,13041.478993,0.002047,0.001854,27,0.000289,0,27,0.339744,0.013618
17031,Cook County,,IL,277585,5862825,6140410,389,479,868,152467,257845,410312,5,0.484793,0.546082,636272.013778,0.120745,0.128282,27,0.004819,0,27,0.115421,0.830643
17033,Crawford County,,IL,949,23305,24254,3,5,8,199,341,540,7,0.248714,0.257502,315.405594,0,0.000029,26,0.000168,0,27,0.3,0.000304
17035,Cumberland County,,IL,846,12927,13773,3,5,8,463,579,1042,7,0.247547,0.255789,16.232586,0.000017,0.000027,27,0.000132,0,27,0.5,0.000493
17037,DeKalb County,,IL,8818,101243,110061,15,17,32,7496,5915,13411,6,0.339855,0.360065,134.674769,0.004837,0.005008,27,0.0002,0,27,0.665441,0.030584
17039,De Witt County,,IL,1254,20157,21411,5,5,10,684,728,1412,6,0.282611,0.293824,3.587979,0.000371,0.000233,27,0.000123,0,27,0.8,0.002074
17041,Douglas County,,IL,1544,26300,27844,5,5,10,851,879,1730,6,0.279668,0.290814,133.87839,0.000274,0.000146,27,0.000139,0,27,0.6,0.001654
17043,DuPage County,,IL,95753,1194041,1289794,169,214,383,75109,84822,159931,5,0.433697,0.476945,54239.07821,0.076234,0.086987,27,0.001889,0,27,0.288966,0.515049
17045,Edgar County,,IL,1138,21823,22961,6,6,12,542,544,1086,6,0.28029,0.291957,180.695422,0.000057,0.000187,27,0.000181,0,27,0.428571,0.001049
17047,Edwards County,,IL,462,8671,9133,3,4,7,138,249,387,8,0.210187,0.216091,117.871913,0.000001,0,26,0.000171,0,27,0.416667,0.000309
17049,Effingham County,,IL,2114,43513,45627,9,8,17,864,908,1772,6,0.280317,0.292204,15116.3632,0.001168,0.000146,27,0.000311,0,27,0.266667,0.008514
17051,Fayette County,,IL,1168,23942,25110,7,6,13,652,526,1178,7,0.223739,0.231045,274.385775,0.000113,0.000016,64,0.000235,0,27,0.357143,0.00148
17053,Ford County,,IL,1231,18124,19355,6,5,11,776,764,1540,6,0.282006,0.29314,1.18575,0.000725,0.000253,27,0.000115,0,27,0.866667,0.003965
17055,Franklin County,,IL,2076,45072,47148,7,6,13,1162,1067,2229,7,0.266661,0.277523,5901.0174,0.001118,0.000156,64,0.000265,0,27,0.517857,0.00815
17057,Fulton County,,IL,1909,44046,45955,5,5,10,1048,980,2028,7,0.265878,0.276363,7.352634,0.000173,0.000099,27,0.000129,0,27,0.7,0.001195
17059,Gallatin County,,IL,352,6786,7138,2,2,4,132,129,261,8,0.211551,0.217025,0,0.000001,0,26,0.000141,0,27,1,0.000214
17061,Greene County,,IL,853,16832,17685,5,5,10,419,469,888,7,0.265952,0.276386,1812.248308,0.000117,0.000112,64,0.000248,0,27,0.5,0.00131
17063,Grundy County,,IL,3603,54043,57646,8,8,16,4271,2321,6592,6,0.326984,0.344134,1.608025,0.002517,0.002037,27,0.000128,0,27,0.847222,0.01577
17065,Hamilton County,,IL,321,8030,8351,3,2,5,168,93,261,8,0.213702,0.219588,480.87494,0.000012,0.000009,64,0.000169,0,27,0.5,0.000441
17067,Hancock County,,IL,1429,24303,25732,3,4,7,409,581,990,7,0.256999,0.266108,14.122306,0.000041,0.000022,27,0.000114,0,27,0.5,0.000451
17069,Hardin County,,IL,279,4813,5092,1,1,2,40,81,121,8,0.204483,0.208928,0,0,0,64,0.000091,0,27,0,0.000106
17071,Henderson County,,IL,540,9954,10494,3,2,5,270,212,482,7,0.223843,0.22982,3.095607,0.000027,0.000002,27,0.000118,0,27,0.5,0.000397
17073,Henry County,,IL,3741,66792,70533,9,12,21,2274,2305,4579,6,0.339656,0.359089,1835.220456,0.001329,0.003029,27,0.000197,0,27,0.55303,0.009198
17075,Iroquois County,,IL,2226,39165,41391,8,8,16,1353,1330,2683,6,0.327168,0.344421,220.129736,0.001682,0.001883,27,0.000149,0,27,0.611111,0.010832
17077,Jackson County,,IL,5417,53305,58722,17,16,33,2403,2600,5003,6,0.343924,0.364374,13244.19363,0.004098,0.00412,64,0.000361,0,27,0.378571,0.025894
17079,Jasper County,,IL,592,12758,13350,4,3,7,225,224,449,7,0.219673,0.225984,1512.992194,0.000002,0.00001,27,0.000185,0,27,0.166667,0.000472
17081,Jefferson County,,IL,2223,43067,45290,12,10,22,1063,966,2029,6,0.3288,0.346467,14051.424509,0.002101,0.001304,64,0.000327,0,27,0.416667,0.015053
17083,Jersey County,,IL,1463,28490,29953,5,3,8,1219,861,2080,7,0.265805,0.275869,99.845961,0.000785,0.000097,64,0.00018,0,27,0.55,0.005566
17085,Jo Daviess County,,IL,1442,27780,29222,6,5,11,648,695,1343,6,0.327094,0.343933,96.43973,0.001835,0.001061,27,0.00014,0,27,0.533333,0.01221
17087,Johnson County,,IL,849,13264,14113,3,4,7,266,412,678,7,0.249184,0.257438,851.360181,0.000017,0.000015,64,0.000168,0,27,0.3,0.000414
17089,Kane County,,IL,34496,434447,468943,49,77,126,34569,27408,61977,6,0.392983,0.424842,4630.513154,0.025613,0.036677,27,0.000575,0,27,0.460035,0.178346
17091,Kankakee County,,IL,5847,121139,126986,12,18,30,3943,3193,7136,6,0.350024,0.372171,836.36544,0.003889,0.007959,27,0.000189,0,27,0.631579,0.025851
17093,Kendall County,,IL,5873,78178,84051,10,8,18,10046,4052,14098,6,0.338862,0.357595,55.281011,0.004364,0.003315,27,0.000143,0,27,0.855556,0.028228
17095,Knox County,,IL,3378,60495,63873,10,17,27,1372,1690,3062,6,0.340853,0.361272,6698.935292,0.00134,0.00278,27,0.000227,0,27,0.397059,0.009282
17097,Lake County,,IL,49431,774728,824159,107,154,261,40776,38858,79634,5,0.415854,0.45478,12704.71614,0.056092,0.07263,27,0.001141,0,27,0.380977,0.381974
17099,LaSalle County,,IL,6364,131141,137505,19,19,38,4261,3688,7949,6,0.339537,0.359836,4603.153459,0.003585,0.003682,27,0.000295,0,27,0.495671,0.0219
17101,Lawrence County,,IL,886,16649,17535,4,4,8,404,368,772,7,0.231783,0.238926,1559.472282,0.000007,0.000007,26,0.000175,0,27,0.166667,0.00046
17103,Lee County,,IL,2422,42655,45077,10,8,18,1850,1476,3326,6,0.32691,0.344019,2.522064,0.002712,0.001839,27,0.000148,0,27,0.833333,0.016667
17105,Livingston County,,IL,2475,42709,45184,9,12,21,1315,1320,2635,6,0.327316,0.345111,323.021338,0.00192,0.001604,27,0.000154,0,27,0.634615,0.012129
17107,Logan County,,IL,1779,33108,34887,8,9,17,882,1013,1895,6,0.327575,0.34514,795.300461,0.001549,0.001191,27,0.000163,0,27,0.511111,0.00992
17109,McDonough County,,IL,2205,31730,33935,8,9,17,708,735,1443,6,0.32776,0.345283,6606.484598,0.001208,0.001169,27,0.000213,0,27,0.333333,0.008299
17111,McHenry County,,IL,20295,314381,334676,24,43,67,20126,14345,34471,6,0.361315,0.388125,391.390407,0.012258,0.02203,27,0.000279,0,27,0.566667,0.08232
17113,McLean County,,IL,10594,174110,184704,35,33,68,5920,6030,11950,6,0.356563,0.381857,6166.991981,0.007961,0.012511,27,0.000496,0,27,0.338266,0.051781
17115,Macon County,,IL,5826,129098,134924,15,20,35,2170,2784,4954,6,0.344578,0.366356,10257.72663,0.003133,0.004638,27,0.000292,0,27,0.388095,0.020099
17117,Macoupin County,,IL,2982,55029,58011,9,8,17,2028,1853,3881,6,0.328316,0.34576,1853.751721,0.001077,0.001355,64,0.000288,0,27,0.444444,0.0079
17119,Madison County,,IL,15073,308824,323897,38,38,76,10063,9453,19516,6,0.361766,0.388073,37779.965456,0.010647,0.012634,64,0.000757,0,27,0.319611,0.074979
17121,Marion County,,IL,2353,45899,48252,7,8,15,792,983,1775,6,0.277422,0.289636,2802.964261,0.000128,0.000314,64,0.000262,0,27,0.464286,0.001639
17123,Marshall County,,IL,1069,18500,19569,6,5,11,841,610,1451,7,0.265101,0.275438,47.324487,0.0002,0.000109,27,0.00015,0,27,0.633333,0.00145
17125,Mason County,,IL,1292,21694,22986,6,6,12,774,841,1615,7,0.26876,0.279856,32.941768,0.000245,0.00016,27,0.000163,0,27,0.533333,0.001707
17127,Massac County,,IL,831,17412,18243,3,2,5,363,301,664,7,0.235184,0.242219,3080.620426,0.000011,0.000012,21,0.000167,0,27,0,0.000389
17129,Menard County,,IL,1011,15405,16416,2,2,4,634,543,1177,7,0.26301,0.272772,0,0.000096,0.000071,27,0.000087,0,27,1,0.000702
17131,Mercer County,,IL,1131,21795,22926,6,4,10,772,621,1393,7,0.260694,0.270509,4.832922,0.000161,0.000104,27,0.00014,0,27,0.666667,0.001404
17133,Monroe County,,IL,1850,38831,40681,6,6,12,1930,1141,3071,6,0.303452,0.317316,33.860976,0.001242,0.001196,64,0.000138,0,27,0.833333,0.008912
17135,Montgomery County,,IL,1600,33962,35562,6,6,12,800,891,1691,7,0.267497,0.278615,481.79584,0.000213,0.00017,64,0.000194,0,27,0.5,0.001835
17137,Morgan County,,IL,2213,40572,42785,8,6,14,1136,994,2130,7,0.263225,0.273749,6489.953512,0.001172,0.00008,27,0.000295,0,27,0.267857,0.008402
17139,Moultrie County,,IL,1169,15398,16567,4,5,9,727,653,1380,7,0.256635,0.265838,3.972932,0.000055,0.000047,27,0.000138,0,27,0.65,0.00071
17141,Ogle County,,IL,3940,63048,66988,13,13,26,2992,2440,5432,6,0.3391,0.358514,67.820942,0.003483,0.003486,27,0.000187,0,27,0.661905,0.020748
17143,Peoria County,,IL,12254,208129,220383,30,34,64,6907,7783,14690,6,0.360104,0.385557,16632.718479,0.006579,0.012372,27,0.000461,0,27,0.373077,0.043007
17145,Perry County,,IL,1249,23145,24394,6,7,13,631,794,1425,6,0.275002,0.28674,35.795893,0.000267,0.000269,64,0.000189,0,27,0.666667,0.002423
17147,Piatt County,,IL,1376,18647,20023,5,5,10,952,762,1714,6,0.282528,0.293709,62.430159,0.00026,0.000223,27,0.000139,0,27,0.633333,0.001553
17149,Pike County,,IL,757,18252,19009,2,2,4,208,192,400,7,0.255347,0.263678,10.04835,0.000028,0.000019,64,0.000112,0,27,0,0.000341
17151,Pope County,,IL,270,3765,4035,0,1,1,0,52,52,8,0.190457,0.194232,0,0,0,21,0.00005,0,62,0,0
17153,Pulaski County,,IL,524,7319,7843,3,3,6,175,183,358,7,0.249291,0.257536,42.235114,0.000001,0.000013,64,0.00015,0,27,0.5,0.000298
17155,Putnam County,,IL,487,7114,7601,3,3,6,262,328,590,7,0.253606,0.261897,0.566667,0.000052,0.000049,27,0.000103,0,27,0.833333,0.000616
17157,Randolph County,,IL,1709,35203,36912,7,10,17,1040,1030,2070,6,0.304216,0.318718,187.470867,0.000377,0.00099,64,0.000204,0,27,0.466667,0.003142
17159,Richland County,,IL,1186,18996,20182,6,5,11,397,304,701,8,0.200055,0.205516,493.286067,0.000001,0,64,0.000294,0,27,0.233333,0.000596
17161,Rock Island County,,IL,8944,169549,178493,19,21,40,4734,5278,10012,6,0.343598,0.365138,6506.252987,0.004144,0.005468,27,0.000332,0,27,0.36,0.028033
17163,St. Clair County,,IL,18257,292265,310522,60,62,122,11020,11717,22737,5,0.377538,0.407474,32416.61313,0.022803,0.024966,64,0.000948,0,27,0.353203,0.166651
17165,Saline County,,IL,1177,26618,27795,6,7,13,405,465,870,7,0.257021,0.266246,10623.476207,0.000018,0.000058,64,0.000335,0,27,0.232143,0.000768
17167,Sangamon County,,IL,10722,231377,242099,31,35,66,5635,6011,11646,6,0.356739,0.382466,29445.44771,0.008383,0.011544,27,0.000557,0,27,0.34359,0.05703
17169,Schuyler County,,IL,402,7998,8400,1,2,3,100,88,188,7,0.247188,0.254715,4.31262,0.000001,0.000011,27,0.00008,0,27,0,0.000101
17171,Scott County,,IL,381,5473,5854,2,2,4,190,220,410,8,0.211105,0.216645,0,0.000002,0.000011,27,0.000134,0,27,1,0.000278
17173,Shelby County,,IL,1423,24067,25490,7,6,13,781,849,1630,7,0.256885,0.266447,188.274,0.000056,0.000055,27,0.000217,0,27,0.404762,0.001083
17175,Stark County,,IL,462,7168,7630,2,2,4,197,193,390,7,0.265149,0.274904,0,0.000127,0.000065,27,0.000076,0,27,1,0.000657
17177,Stephenson County,,IL,2933,60228,63161,10,8,18,1587,1375,2962,6,0.32739,0.344737,142.878836,0.002885,0.002166,27,0.000179,0,27,0.566667,0.017961
17179,Tazewell County,,IL,8556,158429,166985,16,18,34,6075,5614,11689,6,0.341575,0.362277,2970.175851,0.002724,0.00451,27,0.000274,0,27,0.497076,0.017256
17181,Union County,,IL,972,19533,20505,4,6,10,297,468,765,7,0.257798,0.267337,2137.758105,0.00007,0.000061,64,0.000164,0,27,0.366667,0.000855
17183,Vermilion County,,IL,3961,90798,94759,9,12,21,1586,1715,3301,6,0.32921,0.34784,4150.895404,0.002608,0.001905,27,0.000205,0,27,0.391026,0.017171
17185,Wabash County,,IL,733,14390,15123,3,6,9,210,352,562,7,0.265004,0.275389,2748.841999,0.000006,0.000066,26,0.000145,0,27,0.3,0.000309
17187,Warren County,,IL,1284,16236,17520,4,4,8,348,536,884,7,0.25546,0.264264,222.975115,0.000077,0.000022,27,0.000145,0,27,0.4,0.000792
17189,Washington County,,IL,1015,18231,19246,7,6,13,651,570,1221,6,0.277051,0.288814,36.070258,0.000342,0.000304,64,0.000198,0,27,0.666667,0.00296
17191,Wayne County,,IL,890,18426,19316,4,4,8,363,364,727,7,0.248522,0.256657,3866.424992,0.000011,0.000017,64,0.000216,0,27,0.3,0.000532
17193,White County,,IL,759,17088,17847,7,6,13,390,329,719,7,0.265053,0.275406,5868.652893,0.000002,0.000066,26,0.000355,0,27,0.160714,0.000695
17195,Whiteside County,,IL,3275,70597,73872,13,14,27,1894,1709,3603,6,0.327686,0.3458,100.497135,0.002518,0.002206,27,0.000209,0,27,0.510989,0.015983
17197,Will County,,IL,34904,603700,638604,58,80,138,52559,27029,79588,6,0.390654,0.422584,9657.910316,0.029094,0.037657,27,0.000694,0,27,0.466527,0.204596
17199,Williamson County,,IL,3840,67552,71392,13,12,25,2478,1966,4444,6,0.330711,0.349127,16664.375066,0.001825,0.001978,64,0.000334,0,27,0.417582,0.012891
17201,Winnebago County,,IL,15002,329690,344692,26,46,72,9581,8856,18437,6,0.377538,0.405481,1383.018863,0.01017,0.023395,27,0.000326,0,27,0.57123,0.067978
17203,Woodford County,,IL,2220,36363,38583,6,6,12,1758,1318,3076,6,0.327021,0.343962,162.25316,0.000286,0.001166,27,0.000137,0,27,0.833333,0.001891
18001,Adams County,,IN,1821,41364,43185,5,5,10,917,957,1874,7,0.274612,0.286565,76.747532,0.000257,0.00017,26,0.000145,0,27,0.55,0.001704
18003,Allen County,,IN,17958,406602,424560,65,74,139,10402,10807,21209,6,0.37798,0.409951,57548.472737,0.01883,0.028782,26,0.000882,0,27,0.299126,0.12737
18005,Bartholomew County,,IN,5325,93022,98347,12,10,22,2792,2697,5489,6,0.299814,0.313995,57.729556,0.001206,0.001129,26,0.00028,0,27,0.454545,0.009225
18007,Benton County,,IN,1029,11644,12673,4,3,7,492,545,1037,6,0.270894,0.281661,1.944444,0.000156,0.000111,26,0.000133,0,27,0.5,0.001267
18009,Blackford County,,IN,1149,19424,20573,4,6,10,584,672,1256,7,0.275577,0.287749,33.644813,0.000055,0.000195,26,0.000122,0,27,0.633333,0.000677
18011,Boone County,,IN,4460,65243,69703,12,9,21,3691,2652,6343,6,0.340453,0.359864,350.54951,0.002623,0.003227,26,0.000229,0,27,0.608974,0.017556
18013,Brown County,,IN,2005,22026,24031,6,5,11,1298,1275,2573,6,0.299226,0.312415,0.447619,0.001033,0.000735,26,0.000156,0,27,0.933333,0.007735
18015,Carroll County,,IN,2014,28391,30405,5,6,11,1021,1302,2323,6,0.299597,0.313133,1.830952,0.000203,0.000739,26,0.000131,0,27,0.8,0.001545
18017,Cass County,,IN,2513,48105,50618,9,9,18,1212,1384,2596,6,0.300342,0.314799,593.100819,0.00186,0.000885,26,0.000187,0,27,0.488889,0.012973
18019,Clark County,,IN,8069,115855,123924,14,10,24,6303,5485,11788,6,0.303515,0.31858,1579.488894,0.001683,0.001122,26,0.000326,0,27,0.371429,0.012943
18021,Clay County,,IN,1919,32930,34849,9,10,19,1523,1304,2827,6,0.299535,0.313507,435.335993,0.000701,0.000794,26,0.000231,0,27,0.544444,0.005824
18023,Clinton County,,IN,2174,39779,41953,7,7,14,1094,1159,2253,6,0.299628,0.313306,96.848115,0.001078,0.001011,26,0.000156,0,27,0.642857,0.007729
18025,Crawford County,,IN,906,12525,13431,5,5,10,515,527,1042,6,0.293356,0.306182,79.970776,0.000033,0.000508,26,0.000177,0,27,0.5,0.000792
18027,Daviess County,,IN,1345,34242,35587,8,7,15,670,677,1347,6,0.300155,0.313943,2130.600168,0.000735,0.000675,26,0.000234,0,27,0.541667,0.005758
18029,Dearborn County,,IN,3767,63715,67482,9,12,21,4925,2626,7551,6,0.302913,0.318034,4061.860326,0.000972,0.001524,127,0.000237,0,27,0.439394,0.007062
18031,Decatur County,,IN,1967,33859,35826,8,9,17,1218,1219,2437,6,0.299443,0.313277,35.691072,0.000648,0.000674,26,0.000219,0,27,0.513889,0.005302
18033,DeKalb County,,IN,2956,49747,52703,6,8,14,2065,1932,3997,6,0.300093,0.314311,122.81895,0.000261,0.000763,26,0.000145,0,27,0.464286,0.001803
18035,Delaware County,,IN,7744,122630,130374,19,24,43,3474,4574,8048,6,0.346678,0.369516,7820.656965,0.003106,0.005183,26,0.000304,0,27,0.392308,0.02052
18037,Dubois County,,IN,2131,56352,58483,12,11,23,1191,1117,2308,6,0.300373,0.314805,6979.471472,0.000694,0.00067,26,0.000355,0,27,0.310606,0.005983
18039,Elkhart County,,IN,10537,221391,231928,26,27,53,6685,6244,12929,6,0.348218,0.371424,3792.597979,0.008345,0.007598,26,0.000353,0,27,0.40625,0.055574
18041,Fayette County,,IN,1579,28720,30299,8,7,15,939,867,1806,6,0.299443,0.313047,85.205578,0.000647,0.000632,26,0.000198,0,27,0.571429,0.005291
18043,Floyd County,,IN,6577,80167,86744,11,11,22,4780,4960,9740,6,0.303865,0.31916,1120.147237,0.001287,0.00155,26,0.000283,0,27,0.424242,0.010155
18045,Fountain County,,IN,1486,21932,23418,7,7,14,865,937,1802,6,0.299907,0.313668,574.1021,0.000773,0.000723,26,0.000184,0,27,0.47619,0.00573
18047,Franklin County,,IN,2125,34691,36816,10,10,20,2029,1446,3475,6,0.302692,0.317402,228.06141,0.001418,0.001307,127,0.000225,0,27,0.444444,0.009993
18049,Fulton County,,IN,1698,25893,27591,9,10,19,964,1021,1985,6,0.299783,0.314024,94.451354,0.000549,0.000807,26,0.000193,0,27,0.427273,0.003616
18051,Gibson County,,IN,2009,40549,42558,7,9,16,1091,1235,2326,6,0.300591,0.314736,4259.868702,0.000088,0.000681,26,0.000223,0,27,0.5,0.00136
18053,Grant County,,IN,4145,78394,82539,10,13,23,1523,1998,3521,6,0.300622,0.315776,828.276573,0.001235,0.00129,26,0.000188,0,27,0.557692,0.008664
18055,Greene County,,IN,2054,38053,40107,9,9,18,1399,1322,2721,6,0.299752,0.313696,26.714737,0.00077,0.000741,26,0.000239,0,27,0.555556,0.006132
18057,Hamilton County,,IN,18654,256510,275164,80,68,148,22996,13077,36073,6,0.388405,0.419258,20638.648917,0.034463,0.031771,26,0.001035,0,27,0.432562,0.237642
18059,Hancock County,,IN,5493,77183,82676,11,9,20,4824,3769,8593,6,0.299412,0.31322,15.789957,0.001304,0.001031,26,0.000218,0,27,0.613636,0.009502
18061,Harrison County,,IN,2281,43378,45659,5,5,10,1757,1477,3234,6,0.29309,0.305774,341.898867,0.000501,0.000516,26,0.000165,0,27,0.8,0.004221
18063,Hendricks County,,IN,11291,141566,152857,28,22,50,12662,7591,20253,6,0.349434,0.371929,2311.555426,0.007201,0.006226,26,0.000451,0,27,0.426882,0.047143
18065,Henry County,,IN,3105,58696,61801,8,9,17,1879,1818,3697,6,0.299566,0.313507,13.190207,0.000971,0.000957,26,0.000175,0,27,0.583333,0.00744
18067,Howard County,,IN,5371,105171,110542,14,19,33,2693,3124,5817,6,0.3309,0.351057,477.739165,0.001255,0.004251,26,0.000254,0,27,0.47381,0.009727
18069,Huntington County,,IN,2554,47328,49882,7,8,15,1251,1365,2616,6,0.300031,0.314196,102.599487,0.000265,0.000816,26,0.000174,0,27,0.5,0.001927
18071,Jackson County,,IN,2472,43440,45912,8,8,16,1303,1348,2651,6,0.299597,0.313449,67.183954,0.000682,0.000662,26,0.000221,0,27,0.464286,0.005497
18073,Jasper County,,IN,2381,40314,42695,8,9,17,1835,1431,3266,6,0.328502,0.346461,517.523458,0.001597,0.001975,27,0.000169,0,27,0.611111,0.010416
18075,Jay County,,IN,1354,24666,26020,6,6,12,736,704,1440,7,0.259737,0.269592,27.995533,0.000063,0.000046,26,0.000167,0,27,0.333333,0.000926
18077,Jefferson County,,IN,2043,38992,41035,11,11,22,1043,1069,2112,6,0.303642,0.318925,1293.033334,0.001115,0.001134,127,0.000299,0,27,0.30303,0.009106
18079,Jennings County,,IN,1889,31007,32896,7,6,13,1282,1203,2485,6,0.299443,0.312932,16.01973,0.000638,0.000654,26,0.000194,0,27,0.571429,0.00513
18081,Johnson County,,IN,11735,141420,153155,24,19,43,10217,8536,18753,6,0.342543,0.363886,1576.162526,0.004024,0.005256,26,0.000461,0,27,0.396923,0.029857
18083,Knox County,,IN,2100,41042,43142,11,10,21,928,997,1925,6,0.300591,0.314949,7927.117381,0.000826,0.000794,26,0.000302,0,27,0.401515,0.00668
18085,Kosciusko County,,IN,5090,90342,95432,17,10,27,2777,2676,5453,6,0.300217,0.314771,1499.750809,0.003437,0.000968,26,0.000283,0,27,0.411765,0.023548
18087,LaGrange County,,IN,2460,42806,45266,6,7,13,1591,1607,3198,7,0.274768,0.28714,9.658018,0.000316,0.000281,26,0.00014,0,27,0.595238,0.002348
18089,Lake County,,IN,26753,556439,583192,45,70,115,20844,19859,40703,6,0.384238,0.415811,10331.897232,0.023709,0.035669,27,0.000544,0,27,0.528138,0.163097
18091,LaPorte County,,IN,5847,126421,132268,12,14,26,3314,3133,6447,6,0.341696,0.36222,271.784707,0.004387,0.004417,27,0.000179,0,27,0.738095,0.029432
18093,Lawrence County,,IN,2369,53928,56297,7,7,14,1122,1156,2278,6,0.299443,0.313047,3088.018894,0.000733,0.000704,26,0.0002,0,27,0.321429,0.005604
18095,Madison County,,IN,7723,148204,155927,16,19,35,4244,4600,8844,6,0.335414,0.356142,464.193164,0.002636,0.004931,26,0.000278,0,27,0.471429,0.018393
18097,Marion County,,IN,68248,947898,1016146,195,186,381,49056,57800,106856,5,0.42668,0.467867,229988.314298,0.071848,0.072405,26,0.002681,0,27,0.252884,0.49799
18099,Marshall County,,IN,3312,55774,59086,9,10,19,2159,2073,4232,6,0.300248,0.314828,164.288024,0.001709,0.001076,26,0.000165,0,27,0.627273,0.011166
18101,Martin County,,IN,564,11750,12314,3,3,6,225,202,427,7,0.231211,0.238001,2.915812,0.000017,0.000018,26,0.000131,0,27,0.333333,0.000452
18103,Miami County,,IN,2858,38144,41002,7,10,17,1357,1665,3022,6,0.300248,0.314828,77.813542,0.000669,0.001125,26,0.000162,0,27,0.611111,0.005339
18105,Monroe County,,IN,10710,109806,120516,38,40,78,5286,5937,11223,5,0.366937,0.393485,11655.021533,0.011239,0.014048,26,0.000606,0,27,0.344858,0.077162
18107,Montgomery County,,IN,2220,40988,43208,8,8,16,1185,1094,2279,6,0.29969,0.313536,8.99015,0.000846,0.001069,26,0.000193,0,27,0.597222,0.006334
18109,Morgan County,,IN,4858,70934,75792,9,8,17,3591,3286,6877,6,0.299381,0.313047,7.227634,0.001091,0.00108,26,0.000216,0,27,0.625,0.008488
18111,Newton County,,IN,1111,13080,14191,6,6,12,749,696,1445,6,0.282336,0.294617,277.874527,0.001527,0.000372,27,0.000147,0,27,0.571429,0.009737
18113,Noble County,,IN,3387,53363,56750,7,8,15,2085,2312,4397,7,0.274742,0.287197,11.592754,0.000324,0.000263,26,0.000173,0,27,0.553571,0.002525
18115,Ohio County,,IN,496,5985,6481,3,2,5,384,306,690,7,0.232526,0.239135,0,0.000563,0.000013,127,0.000106,0,27,0.833333,0.003426
18117,Orange County,,IN,1180,20725,21905,4,6,10,461,581,1042,6,0.269085,0.280024,16.322926,0.000025,0.000122,26,0.000152,0,27,0.3,0.000544
18119,Owen County,,IN,1856,22401,24257,7,7,14,1320,1298,2618,6,0.299319,0.312817,2.828394,0.00079,0.000769,26,0.000176,0,27,0.738095,0.006099
18121,Parke County,,IN,1251,17013,18264,6,7,13,605,790,1395,6,0.299474,0.313047,388.0079,0.000641,0.000691,26,0.000169,0,27,0.619048,0.005043
18123,Perry County,,IN,957,21100,22057,3,5,8,364,523,887,7,0.264641,0.274739,156.27728,0.000006,0.000078,26,0.000164,0,27,0.6,0.000363
18125,Pike County,,IN,779,12977,13756,4,5,9,434,500,934,7,0.264666,0.274739,3.020321,0.000085,0.000084,26,0.000146,0,27,0.85,0.001008
18127,Porter County,,IN,10832,164058,174890,18,25,43,8929,7066,15995,6,0.350024,0.373377,1493.044221,0.006321,0.010852,27,0.000261,0,27,0.56,0.042668
18129,Posey County,,IN,2172,35413,37585,4,5,9,1200,1340,2540,7,0.264762,0.274814,2938.599179,0.00008,0.000076,26,0.000167,0,27,0.55,0.000956
18131,Pulaski County,,IN,1017,15337,16354,8,6,14,633,544,1177,6,0.271071,0.282437,10.281716,0.000431,0.000161,26,0.000167,0,27,0.527778,0.002988
18133,Putnam County,,IN,2827,38358,41185,8,10,18,1736,1810,3546,6,0.299814,0.313938,12.941326,0.000744,0.000851,26,0.000204,0,27,0.611111,0.005978
18135,Randolph County,,IN,1974,30514,32488,6,6,12,1298,1158,2456,6,0.299566,0.313162,501.801951,0.00067,0.000638,26,0.000142,0,27,0.533333,0.005066
18137,Ripley County,,IN,1620,22428,24048,6,7,13,1261,1060,2321,6,0.302534,0.316799,888.084578,0.000588,0.001083,127,0.000169,0,27,0.517857,0.003933
18139,Rush County,,IN,1344,19104,20448,7,7,14,814,946,1760,6,0.299381,0.312932,5.499242,0.000641,0.00064,26,0.000182,0,27,0.642857,0.005195
18141,St. Joseph County,,IN,15483,293407,308890,36,52,88,7938,9617,17555,6,0.376704,0.405963,5862.783833,0.014989,0.025703,26,0.00045,0,27,0.536039,0.099616
18143,Scott County,,IN,1612,25657,27269,6,8,14,875,1066,1941,6,0.293445,0.306751,56.126186,0.000511,0.000546,26,0.000181,0,27,0.517857,0.004442
18145,Shelby County,,IN,2994,46950,49944,9,10,19,1875,1944,3819,6,0.299504,0.313507,12.111287,0.000974,0.001024,26,0.00022,0,27,0.588889,0.007685
18147,Spencer County,,IN,1343,21998,23341,5,5,10,799,835,1634,7,0.264641,0.274739,272.005378,0.000092,0.000083,26,0.00018,0,27,0.7,0.001164
18149,Starke County,,IN,1644,25540,27184,9,8,17,1331,1066,2397,7,0.280371,0.292739,155.75175,0.001718,0.000441,26,0.000163,0,27,0.625,0.010836
18151,Steuben County,,IN,2592,37125,39717,7,6,13,1463,1299,2762,7,0.274612,0.28668,18.416725,0.000279,0.000184,26,0.000151,0,27,0.5,0.002089
18153,Sullivan County,,IN,1315,22464,23779,5,5,10,775,671,1446,6,0.299535,0.312835,1.665909,0.000638,0.000631,26,0.00015,0,27,0.9,0.004951
18155,Switzerland County,,IN,751,7642,8393,4,4,8,504,378,882,7,0.234443,0.241996,14.877024,0.000572,0.000027,127,0.000144,0,27,0.6,0.003602
18157,Tippecanoe County,,IN,12384,146259,158643,44,48,92,6320,6736,13056,5,0.371257,0.40008,22984.066715,0.011787,0.017814,26,0.000688,0,27,0.336466,0.078109
18159,Tipton County,,IN,1263,17446,18709,4,5,9,820,811,1631,6,0.299319,0.312588,0.2,0.000932,0.000915,26,0.000099,0,27,0.9,0.006712
18161,Union County,,IN,411,4966,5377,4,4,8,363,279,642,7,0.275368,0.286675,5.897161,0.000249,0.00025,127,0.000118,0,27,0.666667,0.002133
18163,Vanderburgh County,,IN,10741,190911,201652,28,30,58,6521,6882,13403,6,0.359168,0.383747,53863.387648,0.007871,0.008331,26,0.000656,0,27,0.280702,0.057272
18165,Vermillion County,,IN,1268,19072,20340,6,6,12,766,734,1500,7,0.248629,0.257513,10.873323,0.000059,0.000061,26,0.000172,0,27,0.5,0.001053
18167,Vigo County,,IN,6799,109288,116087,19,18,37,2809,3462,6271,6,0.329772,0.349092,11513.130336,0.002641,0.002876,26,0.000405,0,27,0.330952,0.018913
18169,Wabash County,,IN,1890,38501,40391,6,7,13,908,963,1871,6,0.300031,0.314081,10.147424,0.000278,0.000796,26,0.000146,0,27,0.690476,0.002062
18171,Warren County,,IN,639,9018,9657,4,4,8,445,438,883,6,0.271248,0.282397,6.852856,0.000169,0.000126,26,0.000137,0,27,0.5,0.001263
18173,Warrick County,,IN,4788,62474,67262,8,8,16,3415,2876,6291,6,0.300528,0.314621,925.325666,0.000693,0.000675,26,0.00025,0,27,0.5,0.005599
18175,Washington County,,IN,1589,30524,32113,7,9,16,1053,1050,2103,6,0.303452,0.31835,1038.868687,0.000502,0.001122,26,0.000208,0,27,0.486111,0.004491
18177,Wayne County,,IN,4085,78591,82676,10,14,24,1826,1928,3754,6,0.303166,0.31893,296.279373,0.001126,0.001501,26,0.00022,0,27,0.379121,0.008217
18179,Wells County,,IN,1784,31711,33495,5,5,10,1079,1052,2131,7,0.274534,0.286393,126.284005,0.000247,0.00016,26,0.000145,0,27,0.5,0.001627
18181,White County,,IN,1869,25792,27661,8,7,15,1035,1045,2080,6,0.299659,0.313363,781.974722,0.00212,0.000722,26,0.000166,0,27,0.513889,0.014099
18183,Whitley County,,IN,2233,38851,41084,5,5,10,1449,1378,2827,6,0.299876,0.313564,25.214419,0.00026,0.000778,26,0.000137,0,27,0.666667,0.001847
19001,Adair County,,IA,658,11035,11693,4,4,8,296,312,608,6,0.283855,0.295174,1.833333,0.000264,0.000272,28,0.000214,0,27,0.65,0.002456
19003,Adams County,,IA,340,5450,5790,0,1,1,0,57,57,7,0.221138,0.22639,0,0,0.000002,28,0.00005,0,63,0,0
19005,Allamakee County,,IA,816,17275,18091,3,2,5,187,173,360,7,0.22218,0.228128,7.250184,0.000004,0.000001,27,0.000133,0,27,0.5,0.000318
19007,Appanoose County,,IA,693,14507,15200,5,3,8,289,159,448,6,0.283966,0.295289,6482.160763,0.000247,0.000234,28,0.000359,0,27,0.25,0.00225
19009,Audubon County,,IA,442,8510,8952,2,2,4,123,96,219,7,0.227333,0.233324,1.25,0.00001,0.000004,28,0.000111,0,27,0,0.000231
19011,Benton County,,IA,1918,34385,36303,7,7,14,1667,1248,2915,6,0.287855,0.300034,99.065029,0.000561,0.000459,27,0.000205,0,27,0.642857,0.004153
19013,Black Hawk County,,IA,7688,137418,145106,25,32,57,3148,4428,7576,6,0.363899,0.389027,38613.720004,0.004576,0.010303,27,0.000613,0,27,0.276276,0.034601
19015,Boone County,,IA,2396,37377,39773,6,7,13,1460,1292,2752,6,0.283994,0.295806,5.888889,0.000301,0.00032,28,0.000222,0,27,0.595238,0.003037
19017,Bremer County,,IA,1585,25839,27424,4,6,10,775,890,1665,6,0.285167,0.297306,122.964042,0.000086,0.000349,27,0.000142,0,27,0.5,0.000718
19019,Buchanan County,,IA,1366,25396,26762,5,6,11,859,789,1648,6,0.277687,0.288671,35.629605,0.000163,0.000233,27,0.00016,0,27,0.6,0.001474
19021,Buena Vista County,,IA,1673,22648,24321,7,7,14,443,470,913,6,0.333487,0.351499,13802.247401,0.001387,0.001386,28,0.000234,0,27,0.25,0.010215
19023,Butler County,,IA,968,18432,19400,2,4,6,509,451,960,7,0.266955,0.276765,1.033333,0.000088,0.00004,27,0.000087,0,27,0.5,0.000512
19025,Calhoun County,,IA,780,13321,14101,5,3,8,344,252,596,6,0.283911,0.295174,853.01154,0.000251,0.00024,28,0.00019,0,27,0.25,0.002321
19027,Carroll County,,IA,1216,26854,28070,5,7,12,334,473,807,6,0.2941,0.307067,3532.497241,0.000251,0.000626,28,0.000202,0,27,0.303571,0.00232
19029,Cass County,,IA,866,15684,16550,4,4,8,221,301,522,6,0.293981,0.306492,2925.826888,0.000265,0.000591,28,0.000168,0,27,0.55,0.002285
19031,Cedar County,,IA,1565,23862,25427,5,5,10,930,913,1843,6,0.276734,0.287527,26.417692,0.000294,0.000241,27,0.000159,0,27,0.75,0.002294
19033,Cerro Gordo County,,IA,3010,54478,57488,11,14,25,1053,1409,2462,6,0.336426,0.356659,19525.646706,0.000368,0.002231,27,0.000625,0,27,0.252381,0.003411
19035,Cherokee County,,IA,826,16616,17442,5,5,10,317,319,636,6,0.284635,0.296559,2694.946019,0.000079,0.000274,28,0.000196,0,27,0.333333,0.000848
19037,Chickasaw County,,IA,710,15256,15966,4,3,7,239,211,450,7,0.266906,0.276535,2.176923,0.000089,0.000039,27,0.000138,0,27,0.666667,0.000724
19039,Clarke County,,IA,904,10719,11623,4,4,8,436,382,818,6,0.283883,0.295232,5.583333,0.000249,0.000235,28,0.000195,0,27,0.55,0.002167
19041,Clay County,,IA,1185,20766,21951,4,5,9,358,441,799,6,0.284161,0.295863,7221.143411,0.000013,0.000242,28,0.000231,0,27,0.25,0.00049
19043,Clayton County,,IA,1130,22758,23888,6,6,12,503,517,1020,7,0.265101,0.27565,2005.213694,0.000109,0.000111,27,0.000213,0,27,0.3,0.001431
19045,Clinton County,,IA,2622,59208,61830,8,10,18,1356,1430,2786,6,0.288141,0.301212,517.32897,0.001296,0.000563,27,0.000186,0,27,0.545455,0.009409
19047,Crawford County,,IA,1022,18750,19772,5,6,11,269,364,633,6,0.294548,0.307698,331.89117,0.001762,0.000625,28,0.000143,0,27,0.446429,0.012438
19049,Dallas County,,IA,4305,53291,57596,18,11,29,5778,2673,8451,6,0.333794,0.352603,3708.978506,0.004789,0.002004,28,0.000487,0,27,0.423977,0.035075
19051,Davis County,,IA,467,10076,10543,1,1,2,177,110,287,7,0.223567,0.229366,0,0.000004,0.000003,28,0.000081,0,27,0,0.000135
19053,Decatur County,,IA,719,7806,8525,2,3,5,169,227,396,6,0.283855,0.295059,2953,0.000245,0.000231,28,0.000115,0,27,0.333333,0.001935
19055,Delaware County,,IA,962,21217,22179,5,5,10,432,576,1008,7,0.264859,0.275047,6.803833,0.000107,0.00011,27,0.000178,0,27,0.55,0.001329
19057,Des Moines County,,IA,2654,48304,50958,7,8,15,735,943,1678,6,0.287912,0.300523,3454.397156,0.000162,0.000469,27,0.000236,0,27,0.333333,0.001507
19059,Dickinson County,,IA,1110,19911,21021,5,4,9,424,297,721,6,0.284133,0.295634,9872.637028,0.000245,0.000229,28,0.000244,0,27,0.166667,0.002209
19061,Dubuque County,,IA,4224,108786,113010,14,17,31,1816,2153,3969,6,0.346099,0.367557,5050.772035,0.003058,0.003774,27,0.000318,0,27,0.431373,0.021124
19063,Emmet County,,IA,763,12104,12867,2,4,6,122,245,367,7,0.233387,0.240859,328.717378,0.000002,0.00001,28,0.000154,0,27,0,0.000209
19065,Fayette County,,IA,1351,23127,24478,5,8,13,447,720,1167,7,0.267966,0.278925,4637.288531,0.000163,0.000122,27,0.000161,0,27,0.357143,0.001444
19067,Floyd County,,IA,920,18355,19275,4,4,8,305,349,654,7,0.267102,0.277081,80.136371,0.000104,0.000042,27,0.000162,0,27,0.4,0.000746
19069,Franklin County,,IA,806,14463,15269,3,5,8,237,348,585,6,0.284915,0.29676,5.963653,0.000023,0.000305,28,0.000127,0,27,0.666667,0.000354
19071,Fremont County,,IA,715,10159,10874,5,5,10,358,350,708,7,0.290245,0.302158,2980.869857,0.000405,0.000372,28,0.000159,0,27,0.45,0.003178
19073,Greene County,,IA,645,11635,12280,4,6,10,242,330,572,6,0.283939,0.295576,4.535714,0.000267,0.000308,28,0.000163,0,27,0.633333,0.002463
19075,Grundy County,,IA,846,15120,15966,4,3,7,507,305,812,6,0.284691,0.29607,41.449425,0.000092,0.000278,27,0.000123,0,27,0.6,0.000812
19077,Guthrie County,,IA,760,12105,12865,4,3,7,426,365,791,6,0.283827,0.295002,0.333333,0.000264,0.00027,28,0.00018,0,27,0.833333,0.002453
19079,Hamilton County,,IA,1105,18699,19804,6,6,12,553,539,1092,6,0.28405,0.295806,196.495248,0.000287,0.000279,28,0.000198,0,27,0.633333,0.002741
19081,Hancock County,,IA,773,13794,14567,3,2,5,269,297,566,7,0.251779,0.259958,0.95,0.00002,0.000003,27,0.000178,0,27,0.666667,0.000335
19083,Hardin County,,IA,1099,18741,19840,5,7,12,379,517,896,6,0.284859,0.296875,1429.927507,0.000286,0.000315,28,0.000167,0,27,0.547619,0.002605
19085,Harrison County,,IA,959,18377,19336,5,2,7,585,436,1021,7,0.290042,0.30144,0.25,0.000572,0.000362,28,0.000145,0,27,0.65,0.004223
19087,Henry County,,IA,1286,22865,24151,6,7,13,560,608,1168,6,0.287455,0.29969,82.405984,0.000166,0.000422,27,0.000185,0,27,0.553571,0.001438
19089,Howard County,,IA,631,12733,13364,2,2,4,153,124,277,7,0.221874,0.227542,22.28498,0.000008,0,27,0.000102,0,27,0,0.000201
19091,Humboldt County,,IA,649,12427,13076,2,3,5,159,206,365,6,0.283883,0.295117,1,0.000005,0.000242,28,0.000101,0,27,0.583333,0.000298
19093,Ida County,,IA,456,8832,9288,1,2,3,40,102,142,7,0.265125,0.274467,0,0.000065,0.000034,28,0.000067,0,27,1,0.000372
19095,Iowa County,,IA,1108,19913,21021,6,5,11,686,607,1293,6,0.287142,0.298914,22.787291,0.000237,0.000425,27,0.000193,0,27,0.595238,0.002069
19097,Jackson County,,IA,1132,22595,23727,4,4,8,563,595,1158,7,0.265684,0.276099,5.167437,0.000101,0.000164,27,0.000134,0,27,0.8,0.001043
19099,Jasper County,,IA,2436,44361,46797,6,8,14,1093,1374,2467,6,0.287313,0.299604,29.999006,0.000257,0.000439,28,0.000222,0,27,0.517857,0.002509
19101,Jefferson County,,IA,1090,17176,18266,5,5,10,361,387,748,6,0.274768,0.285304,1292.718283,0.000164,0.000114,27,0.000188,0,27,0.45,0.001334
19103,Johnson County,,IA,11672,119822,131494,47,46,93,6739,6662,13401,5,0.37798,0.405038,47751.493821,0.013112,0.018637,27,0.000895,0,27,0.299355,0.09032
19105,Jones County,,IA,1036,21748,22784,6,4,10,806,516,1322,7,0.26469,0.274559,27.147132,0.000264,0.000084,27,0.000177,0,27,0.571429,0.002268
19107,Keokuk County,,IA,742,13136,13878,3,5,8,189,351,540,6,0.276496,0.287154,11.676812,0.000009,0.000194,27,0.000135,0,27,0.5,0.000374
19109,Kossuth County,,IA,841,20224,21065,3,2,5,128,131,259,6,0.283994,0.295232,642.370711,0.000245,0.000232,28,0.000135,0,27,0.25,0.00201
19111,Lee County,,IA,1918,40960,42878,6,8,14,719,772,1491,6,0.288169,0.300712,6292.962661,0.000108,0.000429,27,0.000227,0,27,0.339286,0.001296
19113,Linn County,,IA,11434,225132,236566,42,34,76,6689,6540,13229,6,0.359747,0.385051,47019.868076,0.009777,0.008821,27,0.000849,0,27,0.236395,0.069493
19115,Louisa County,,IA,1113,15022,16135,5,7,12,443,679,1122,6,0.275394,0.286453,29.838984,0.000228,0.000151,27,0.000145,0,27,0.5,0.001696
19117,Lucas County,,IA,564,10183,10747,3,3,6,197,202,399,6,0.283855,0.295059,1,0.000248,0.000233,28,0.000133,0,27,0.583333,0.002066
19119,Lyon County,,IA,696,15009,15705,2,3,5,228,348,576,7,0.261422,0.271169,0,0.000066,0.000104,28,0.000115,0,27,0.833333,0.000965
19121,Madison County,,IA,1192,16900,18092,5,4,9,855,639,1494,6,0.283855,0.295174,4.75,0.000265,0.000272,28,0.000241,0,27,0.6,0.002573
19123,Mahaska County,,IA,1581,27323,28904,7,6,13,858,726,1584,6,0.284105,0.295921,1635.741222,0.000257,0.00024,28,0.000244,0,27,0.404762,0.002522
19125,Marion County,,IA,1996,34957,36953,6,8,14,935,995,1930,6,0.286944,0.299012,1257.094101,0.000256,0.000379,28,0.000234,0,27,0.388889,0.002435
19127,Marshall County,,IA,2482,47355,49837,8,12,20,900,1198,2098,6,0.288141,0.301183,1577.117545,0.001425,0.000541,28,0.000247,0,27,0.410256,0.010594
19129,Mills County,,IA,1227,17299,18526,4,5,9,886,704,1590,6,0.295628,0.307698,18.602731,0.000566,0.000503,28,0.000132,0,27,0.7,0.004038
19131,Mitchell County,,IA,435,12433,12868,4,1,5,240,65,305,7,0.251757,0.259786,134.757506,0.000027,0.000003,27,0.000182,0,27,0.166667,0.000494
19133,Monona County,,IA,663,11593,12256,1,1,2,170,186,356,7,0.264956,0.274076,0,0.000065,0.000034,28,0.000067,0,27,0,0.000372
19135,Monroe County,,IA,451,8968,9419,2,3,5,121,168,289,7,0.223653,0.229883,1.416667,0.000007,0.000007,28,0.000106,0,27,0.583333,0.000255
19137,Montgomery County,,IA,739,13128,13867,4,5,9,274,298,572,6,0.2941,0.306808,3004.049993,0.0004,0.000593,28,0.000136,0,27,0.566667,0.003047
19139,Muscatine County,,IA,2503,47685,50188,6,7,13,1144,1258,2402,6,0.27721,0.288475,25.968636,0.000339,0.000276,27,0.00016,0,27,0.619048,0.002628
19141,O'Brien County,,IA,1045,16983,18028,4,5,9,238,385,623,7,0.222982,0.229725,2975.926015,0.000005,0.000004,28,0.00028,0,27,0.15,0.000409
19143,Osceola County,,IA,382,6868,7250,2,1,3,116,43,159,8,0.182338,0.185877,22.45596,0.000002,0,28,0.00015,0,27,0.5,0.000215
19145,Page County,,IA,994,15792,16786,3,5,8,248,391,639,6,0.284217,0.295938,4475.036137,0.000008,0.000253,28,0.000132,0,27,0.35,0.000332
19147,Palo Alto County,,IA,560,10911,11471,2,2,4,134,122,256,7,0.221467,0.227169,3.463889,0.000002,0,28,0.000123,0,27,0,0.000193
19149,Plymouth County,,IA,1417,28449,29866,4,5,9,793,617,1410,6,0.284579,0.296472,48.905059,0.000073,0.000265,28,0.000147,0,27,0.4,0.000686
19151,Pocahontas County,,IA,522,9385,9907,0,2,2,0,104,104,7,0.250259,0.257832,0,0,0.000013,28,0.00005,0,64,0,0
19153,Polk County,,IA,24567,448829,473396,109,90,199,17240,17191,34431,5,0.396149,0.428582,236713.670876,0.027805,0.029523,28,0.002457,0,27,0.206095,0.199171
19155,Pottawattamie County,,IA,5565,97340,102905,14,14,28,3860,3479,7339,6,0.335414,0.354924,2435.169247,0.002166,0.002173,28,0.000401,0,27,0.32381,0.016803
19157,Poweshiek County,,IA,1182,20695,21877,7,5,12,489,430,919,6,0.283994,0.295576,33.094758,0.000482,0.000246,28,0.00022,0,27,0.595238,0.003955
19159,Ringgold County,,IA,311,5583,5894,1,0,1,41,0,41,0,0,0,0,0.000002,0,28,0.000083,0,11,0,0.000107
19161,Sac County,,IA,615,12116,12731,2,3,5,129,178,307,7,0.251343,0.259231,4.638889,0.000013,0.000016,28,0.000133,0,27,0.166667,0.000298
19163,Scott County,,IA,10607,180628,191235,24,30,54,5195,5504,10699,6,0.351041,0.37456,11708.034855,0.005864,0.007911,27,0.000486,0,27,0.351326,0.042751
19165,Shelby County,,IA,720,15239,15959,2,4,6,219,293,512,7,0.290245,0.301974,0.333333,0.000394,0.000381,28,0.000092,0,27,0.75,0.002824
19167,Sioux County,,IA,1572,36753,38325,5,6,11,538,551,1089,7,0.268263,0.279299,3108.865309,0.000132,0.000138,28,0.000207,0,27,0.3,0.001527
19169,Story County,,IA,7763,74531,82294,23,18,41,2905,3797,6702,6,0.34851,0.370309,5336.390811,0.004116,0.004156,28,0.000559,0,27,0.322464,0.030852
19171,Tama County,,IA,1060,18220,19280,4,5,9,467,472,939,6,0.285055,0.29699,2.92868,0.000165,0.000363,28,0.00013,0,27,0.8,0.001442
19173,Taylor County,,IA,522,7526,8048,1,2,3,62,103,165,7,0.2214,0.22706,0.75,0.000002,0.000002,28,0.000073,0,27,0,0.000097
19175,Union County,,IA,816,12712,13528,4,3,7,233,209,442,6,0.283827,0.295002,4293.580644,0.000245,0.000233,28,0.000193,0,27,0.266667,0.002116
19177,Van Buren County,,IA,470,9170,9640,2,2,4,142,138,280,7,0.223618,0.229653,0,0.000005,0.000004,27,0.000113,0,27,1,0.000244
19179,Wapello County,,IA,2357,37203,39560,10,12,22,795,1076,1871,6,0.287912,0.301069,15079.25639,0.000382,0.000473,28,0.000437,0,27,0.252381,0.003391
19181,Warren County,,IA,3110,44704,47814,7,7,14,2039,1946,3985,6,0.283966,0.295749,12.283333,0.000273,0.000278,28,0.000279,0,27,0.410714,0.002818
19183,Washington County,,IA,1418,23425,24843,6,8,14,756,831,1587,6,0.287313,0.299604,836.750811,0.000233,0.000423,27,0.000183,0,27,0.446429,0.002016
19185,Wayne County,,IA,460,7275,7735,3,1,4,154,97,251,7,0.22118,0.226439,0.5,0.000247,0.000002,28,0.000213,0,27,0.666667,0.002049
19187,Webster County,,IA,2291,41787,44078,9,8,17,757,864,1621,6,0.284971,0.297219,6204.328917,0.001423,0.000307,28,0.000308,0,27,0.422222,0.011681
19189,Winnebago County,,IA,800,13438,14238,4,3,7,345,260,605,7,0.251801,0.26013,55.192107,0.000029,0.000003,27,0.000254,0,27,0.416667,0.000485
19191,Winneshiek County,,IA,1001,21521,22522,3,4,7,222,257,479,6,0.284887,0.296559,5128.055269,0.000001,0.000266,27,0.000168,0,27,0.25,0.0003
19193,Woodbury County,,IA,7124,115770,122894,20,29,49,2933,4119,7052,6,0.360417,0.384856,39057.925305,0.004089,0.007872,28,0.000558,0,27,0.263105,0.031087
19195,Worth County,,IA,520,8827,9347,3,2,5,324,236,560,7,0.251779,0.259958,3.561183,0.000029,0.000003,27,0.000175,0,27,0.5,0.000391
19197,Wright County,,IA,918,15326,16244,3,7,10,172,378,550,6,0.284161,0.296151,216.1423,0.000023,0.000246,28,0.000149,0,27,0.404762,0.00046
20001,Allen County,,KS,989,15526,16515,5,4,9,358,300,658,6,0.288169,0.300017,6850.962352,0.000515,0.000247,64,0.000261,0,27,0.333333,0.003826
20003,Anderson County,,KS,739,10062,10801,4,4,8,255,287,542,6,0.296051,0.308129,4.736447,0.000526,0.000485,64,0.000146,0,27,0.55,0.00386
20005,Atchison County,,KS,1108,19184,20292,6,7,13,409,552,961,6,0.298549,0.311617,1589.962084,0.000624,0.000667,64,0.000185,0,27,0.452381,0.004772
20007,Barber County,,KS,371,5934,6305,0,1,1,0,60,60,6,0.287897,0.299139,0,0,0.000239,64,0.00005,0,65,0,0
20009,Barton County,,KS,1933,30919,32852,6,11,17,351,777,1128,6,0.3,0.314259,8514.313356,0.000358,0.000851,64,0.000246,0,27,0.340909,0.002495
20011,Bourbon County,,KS,1141,17139,18280,4,5,9,284,435,719,6,0.296232,0.30856,24.204833,0.00053,0.000489,64,0.000144,0,27,0.3,0.003834
20013,Brown County,,KS,842,12577,13419,6,5,11,341,345,686,7,0.267867,0.278276,5032.194365,0.000109,0.000083,64,0.000207,0,27,0.2,0.00121
20015,Butler County,,KS,4833,67415,72248,10,11,21,3268,2851,6119,6,0.333986,0.35293,1230.322893,0.002126,0.002378,64,0.000265,0,27,0.507576,0.015835
20017,Chase County,,KS,171,3265,3436,1,1,2,69,53,122,7,0.230604,0.236665,0,0.000008,0.00002,64,0.000073,0,27,0,0.000238
20019,Chautauqua County,,KS,394,5010,5404,1,2,3,85,124,209,7,0.246768,0.255115,0,0.000009,0.000033,64,0.000079,0,27,1,0.000154
20021,Cherokee County,,KS,1587,25428,27015,5,5,10,808,931,1739,7,0.25463,0.264066,7.038822,0.000072,0.000102,64,0.000163,0,27,0.6,0.001284
20023,Cheyenne County,,KS,154,3537,3691,0,0,0,0,0,0,0,0,0,0,0,0,29,0.00005,22,66,0,0
20025,Clark County,,KS,211,2606,2817,1,1,2,54,53,107,7,0.234766,0.241562,0,0.000011,0.000003,64,0.000065,0,27,0,0.000119
20027,Clay County,,KS,697,11517,12214,4,3,7,238,186,424,7,0.269309,0.279574,13.350961,0.000177,0.000109,64,0.000115,0,27,0.5,0.00119
20029,Cloud County,,KS,795,10325,11120,1,4,5,65,217,282,6,0.288198,0.300075,1.25,0.00002,0.000294,64,0.000074,0,27,0.666667,0.000181
20031,Coffey County,,KS,813,10959,11772,2,3,5,194,232,426,6,0.296051,0.308043,1.217328,0.000013,0.00049,64,0.000097,0,27,0.666667,0.000387
20033,Comanche County,,KS,107,2053,2160,0,0,0,0,0,0,0,0,0,0,0,0,30,0.00005,23,67,0,0
20035,Cowley County,,KS,2462,38400,40862,7,6,13,977,1100,2077,6,0.297661,0.311709,101.762667,0.000437,0.000772,64,0.000186,0,27,0.375,0.00302
20037,Crawford County,,KS,2678,35853,38531,11,12,23,1161,1223,2384,6,0.306271,0.322481,3887.602186,0.000967,0.001662,64,0.00036,0,27,0.320513,0.007465
20039,Decatur County,,KS,248,4130,4378,0,0,0,0,0,0,0,0,0,0,0,0,31,0.00005,24,68,0,0
20041,Dickinson County,,KS,1711,22507,24218,3,8,11,459,820,1279,6,0.300996,0.31469,199.098045,0.000149,0.000824,64,0.000114,0,27,0.464286,0.00083
20043,Doniphan County,,KS,673,8530,9203,2,3,5,246,337,583,7,0.245702,0.253899,18.519193,0.000031,0.000021,64,0.000094,0,27,0.666667,0.000356
20045,Douglas County,,KS,9925,98837,108762,31,24,55,5513,5397,10910,6,0.360328,0.384649,7784.436851,0.009921,0.009036,64,0.000617,0,27,0.377005,0.070628
20047,Edwards County,,KS,271,3647,3918,1,0,1,42,0,42,0,0,0,0,0.000011,0,64,0.000065,0,18,0,0.000119
20049,Elk County,,KS,261,3183,3444,1,1,2,53,46,99,7,0.232937,0.239325,0,0.00033,0.000006,64,0.000063,0,27,1,0.00188
20051,Ellis County,,KS,2396,29887,32283,10,11,21,660,901,1561,6,0.3,0.314259,28585.637668,0.000876,0.000919,64,0.000477,0,27,0.241758,0.006135
20053,Ellsworth County,,KS,452,7179,7631,1,2,3,66,102,168,7,0.250908,0.259067,0,0.00002,0.000013,64,0.000074,0,27,1,0.000181
20055,Finney County,,KS,3518,41442,44960,9,16,25,759,1277,2036,6,0.343273,0.363903,27061.933935,0.001469,0.004266,64,0.000362,0,27,0.25,0.011386
20057,Ford County,,KS,2774,33368,36142,6,14,20,599,953,1552,6,0.306757,0.322889,12524.831454,0.000375,0.001368,64,0.000243,0,27,0.280952,0.002494
20059,Franklin County,,KS,1961,28103,30064,8,8,16,1154,1053,2207,6,0.296293,0.30902,599.933866,0.00076,0.000713,64,0.000233,0,27,0.464286,0.00589
20061,Geary County,,KS,9437,35401,44838,21,36,57,2454,3402,5856,6,0.365549,0.391934,8600.175434,0.007836,0.015503,64,0.000343,0,27,0.571321,0.054832
20063,Gove County,,KS,214,4017,4231,0,0,0,0,0,0,0,0,0,0,0,0,32,0.00005,25,69,0,0
20065,Graham County,,KS,267,3751,4018,0,0,0,0,0,0,0,0,0,0,0,0,33,0.00005,26,70,0,0
20067,Grant County,,KS,782,9004,9786,1,1,2,40,85,125,7,0.255572,0.263626,0,0.000035,0.000012,64,0.00007,0,27,0,0.000197
20069,Gray County,,KS,692,7112,7804,2,2,4,214,189,403,7,0.25591,0.264332,0,0.000046,0.000015,64,0.000084,0,27,1,0.000316
20071,Greeley County,,KS,95,1625,1720,0,0,0,0,0,0,0,0,0,0,0,0,34,0.00005,27,71,0,0
20073,Greenwood County,,KS,600,7774,8374,3,3,6,279,220,499,6,0.288026,0.299644,1,0.000357,0.000276,64,0.000106,0,27,0.666667,0.002351
20075,Hamilton County,,KS,287,2719,3006,0,0,0,0,0,0,0,0,0,0,0,0,35,0.00005,28,72,0,0
20077,Harper County,,KS,438,6948,7386,1,2,3,97,152,249,6,0.287883,0.299242,0,0.00033,0.000242,64,0.000063,0,27,1,0.00188
20079,Harvey County,,KS,2613,40016,42629,5,7,12,1292,1434,2726,6,0.299474,0.312823,19.143401,0.000375,0.000813,64,0.000158,0,27,0.666667,0.002515
20081,Haskell County,,KS,386,4611,4997,1,1,2,45,62,107,7,0.255572,0.263626,0,0.000035,0.000012,64,0.00007,0,27,0,0.000197
20083,Hodgeman County,,KS,171,2332,2503,0,0,0,0,0,0,0,0,0,0,0,0,36,0.00005,29,73,0,0
20085,Jackson County,,KS,1109,16397,17506,4,4,8,625,620,1245,7,0.26725,0.277345,4.75,0.000112,0.00009,64,0.000149,0,27,0.5,0.00108
20087,Jefferson County,,KS,1552,20480,22032,7,6,13,1092,1099,2191,6,0.298242,0.310956,174.220051,0.000832,0.000732,64,0.000185,0,27,0.642857,0.006438
20089,Jewell County,,KS,262,4127,4389,1,0,1,40,0,40,0,0,0,0,0,0,39,0.000093,30,74,0,0.000088
20091,Johnson County,,KS,38770,571237,610007,141,140,281,35013,30096,65109,5,0.420009,0.456509,143768.173525,0.056525,0.061673,64,0.002172,0,27,0.308718,0.399895
20093,Kearny County,,KS,402,4600,5002,1,1,2,109,137,246,7,0.255572,0.263626,0,0.000035,0.000012,64,0.00007,0,27,0,0.000197
20095,Kingman County,,KS,699,10648,11347,2,2,4,250,293,543,6,0.28794,0.299357,0,0.000347,0.000248,64,0.000088,0,27,1,0.002052
20097,Kiowa County,,KS,322,3531,3853,0,0,0,0,0,0,0,0,0,0,0,0,37,0.00005,31,75,0,0
20099,Labette County,,KS,1451,24892,26343,7,7,14,594,650,1244,6,0.299659,0.313225,1379.416237,0.000402,0.000793,64,0.000241,0,27,0.5,0.003233
20101,Lane County,,KS,157,2331,2488,0,0,0,0,0,0,0,0,0,0,0,0,38,0.00005,32,76,0,0
20103,Leavenworth County,,KS,10290,72198,82488,35,34,69,5482,5488,10970,5,0.344537,0.369103,2552.172847,0.012448,0.010271,64,0.000518,0,27,0.416957,0.087655
20105,Lincoln County,,KS,325,4202,4527,1,1,2,41,84,125,7,0.2508,0.258665,0,0.00002,0.00001,64,0.000074,0,27,0,0.000181
20107,Linn County,,KS,751,9549,10300,5,4,9,445,337,782,6,0.29593,0.307928,12.727677,0.000999,0.000483,64,0.000145,0,27,0.566667,0.007085
20109,Logan County,,KS,285,3784,4069,1,1,2,40,44,84,8,0.187593,0.191021,0,0,0,64,0.000113,0,77,0,0.000091
20111,Lyon County,,KS,2869,37918,40787,10,11,21,852,1181,2033,6,0.29969,0.313685,9729.972019,0.002385,0.000915,64,0.000287,0,27,0.269231,0.017021
20113,McPherson County,,KS,1871,33762,35633,6,8,14,808,826,1634,6,0.299597,0.313197,893.500776,0.000376,0.000772,64,0.000192,0,27,0.535714,0.002558
20115,Marion County,,KS,970,13758,14728,3,3,6,284,415,699,6,0.28794,0.299471,0,0.000343,0.000245,64,0.000103,0,27,1,0.002117
20117,Marshall County,,KS,657,13144,13801,1,2,3,48,116,164,7,0.258464,0.266906,953.512664,0.00004,0.000044,64,0.000079,0,27,0,0.000454
20119,Meade County,,KS,428,5200,5628,1,1,2,52,45,97,7,0.234785,0.241619,0,0.00001,0.000003,64,0.000065,0,27,1,0.000141
20121,Miami County,,KS,1932,27730,29662,10,8,18,1607,1268,2875,6,0.297538,0.31083,49.176669,0.001238,0.001076,64,0.000254,0,27,0.555556,0.009296
20123,Mitchell County,,KS,501,7748,8249,0,1,1,0,40,40,1,1,1,0,0,0,39,0.00005,30,78,0,0
20125,Montgomery County,,KS,2505,36883,39388,10,10,20,1038,1083,2121,6,0.303611,0.318384,13522.641538,0.000784,0.001064,64,0.000332,0,27,0.287879,0.006033
20127,Morris County,,KS,445,7206,7651,3,1,4,139,50,189,7,0.258372,0.26659,0,0.000054,0.000044,64,0.000113,0,27,0.333333,0.000792
20129,Morton County,,KS,377,4108,4485,0,2,2,0,86,86,7,0.226259,0.232481,0,0,0,64,0.00005,0,79,0,0
20131,Nemaha County,,KS,556,11929,12485,2,3,5,125,171,296,6,0.296172,0.308216,223.621848,0.000001,0.000543,64,0.000119,0,27,0.333333,0.000203
20133,Neosho County,,KS,1108,17332,18440,5,4,9,466,378,844,7,0.234614,0.242065,36.947995,0.000031,0.000016,64,0.000245,0,27,0.45,0.00067
20135,Ness County,,KS,232,3818,4050,0,1,1,0,50,50,7,0.23083,0.237043,0,0,0.000007,64,0.00005,0,80,0,0
20137,Norton County,,KS,367,5980,6347,0,0,0,0,0,0,0,0,0,0,0,0,40,0.00005,33,81,0,0
20139,Osage County,,KS,1411,20481,21892,4,4,8,985,764,1749,7,0.268338,0.278718,1.217328,0.000185,0.000185,64,0.000137,0,27,0.833333,0.001772
20141,Osborne County,,KS,266,4785,5051,0,0,0,0,0,0,0,0,0,0,0,0,41,0.00005,34,82,0,0
20143,Ottawa County,,KS,655,9581,10236,2,1,3,300,236,536,7,0.2508,0.258665,0,0.000027,0.00001,64,0.000086,0,27,1,0.000281
20145,Pawnee County,,KS,487,6984,7471,1,1,2,83,61,144,7,0.230788,0.236952,0,0.000007,0.000003,64,0.000069,0,27,0,0.000119
20147,Phillips County,,KS,382,7084,7466,0,0,0,0,0,0,0,0,0,0,0,0,42,0.00005,35,83,0,0
20149,Pottawatomie County,,KS,2378,25640,28018,6,8,14,1071,1215,2286,6,0.301027,0.314719,335.291152,0.000596,0.000972,64,0.000186,0,27,0.553571,0.003771
20151,Pratt County,,KS,814,10732,11546,2,2,4,88,154,242,6,0.28794,0.299357,0,0.000347,0.000248,64,0.000088,0,27,1,0.002052
20153,Rawlins County,,KS,188,3169,3357,0,0,0,0,0,0,0,0,0,0,0,0,43,0.00005,36,84,0,0
20155,Reno County,,KS,4019,70672,74691,13,14,27,1572,1940,3512,6,0.333563,0.352671,9857.010819,0.001038,0.002095,64,0.000412,0,27,0.345833,0.007583
20157,Republic County,,KS,351,6072,6423,0,0,0,0,0,0,0,0,0,0,0,0,44,0.00005,37,85,0,0
20159,Rice County,,KS,727,10492,11219,3,3,6,274,277,551,7,0.25054,0.258746,3.833333,0.000031,0.000015,64,0.000115,0,27,0.5,0.000412
20161,Riley County,,KS,7050,40867,47917,29,20,49,3076,3300,6376,6,0.348343,0.369746,17382.773072,0.005321,0.004867,64,0.000668,0,27,0.295699,0.039845
20163,Rooks County,,KS,411,6106,6517,1,1,2,52,72,124,7,0.230788,0.236952,0,0.000008,0.000007,64,0.000087,0,27,0,0.000155
20165,Rush County,,KS,264,4003,4267,2,1,3,103,53,156,7,0.230788,0.236952,0,0.000015,0.000007,64,0.000106,0,27,1,0.000274
20167,Russell County,,KS,445,7596,8041,1,1,2,88,112,200,7,0.230788,0.236952,0,0.000008,0.000007,64,0.000087,0,27,0,0.000155
20169,Saline County,,KS,3700,59000,62700,15,16,31,1638,1815,3453,6,0.334718,0.354567,20793.400631,0.001178,0.002458,64,0.000435,0,27,0.309942,0.008129
20171,Scott County,,KS,477,5773,6250,0,1,1,0,75,75,7,0.255615,0.263707,0,0,0.000012,64,0.00005,0,86,0,0
20173,Sedgwick County,,KS,26151,516783,542934,86,106,192,13750,16827,30577,5,0.404152,0.438217,131768.314397,0.029078,0.040139,64,0.001555,0,27,0.31045,0.212919
20175,Seward County,,KS,2233,23407,25640,6,10,16,593,828,1421,6,0.304024,0.320154,14127.796931,0.000809,0.001202,64,0.000167,0,27,0.266667,0.005462
20177,Shawnee County,,KS,10182,191200,201382,33,34,67,5284,5798,11082,6,0.364356,0.390199,33529.681125,0.009394,0.011791,64,0.000702,0,27,0.337398,0.069098
20179,Sheridan County,,KS,201,3251,3452,0,0,0,0,0,0,0,0,0,0,0,0,45,0.00005,38,87,0,0
20181,Sherman County,,KS,629,6509,7138,0,0,0,0,0,0,0,0,0,0,0,0,46,0.00005,39,88,0,0
20183,Smith County,,KS,259,4659,4918,0,0,0,0,0,0,0,0,0,0,0,0,47,0.00005,40,89,0,0
20185,Stafford County,,KS,328,4715,5043,2,1,3,106,68,174,7,0.250151,0.257769,0,0.000024,0.000009,64,0.000094,0,27,0.5,0.000292
20187,Stanton County,,KS,209,2441,2650,0,0,0,0,0,0,0,0,0,0,0,0,48,0.00005,41,90,0,0
20189,Stevens County,,KS,396,6062,6458,2,0,2,107,0,107,0,0,0,0,0.00001,0,64,0.000086,0,19,0,0.000229
20191,Sumner County,,KS,1696,25182,26878,4,4,8,943,926,1869,6,0.288083,0.299874,3.087897,0.000358,0.000278,64,0.000137,0,27,0.6,0.002342
20193,Thomas County,,KS,827,8306,9133,1,2,3,44,116,160,7,0.230892,0.237305,2902,0,0.000007,64,0.000146,0,77,0,0.000091
20195,Trego County,,KS,149,3402,3551,1,0,1,76,0,76,0,0,0,0,0.000008,0,64,0.000087,0,14,0,0.000155
20197,Wabaunsee County,,KS,546,7191,7737,2,2,4,339,226,565,7,0.267102,0.276799,0,0.000105,0.000082,64,0.000088,0,27,1,0.00082
20199,Wallace County,,KS,154,1874,2028,0,0,0,0,0,0,0,0,0,0,0,0,49,0.00005,42,91,0,0
20201,Washington County,,KS,416,7172,7588,0,0,0,0,0,0,0,0,0,0,0,0,50,0.00005,43,92,0,0
20203,Wichita County,,KS,207,2705,2912,0,0,0,0,0,0,0,0,0,0,0,0,51,0.00005,44,93,0,0
20205,Wilson County,,KS,739,9847,10586,2,2,4,168,287,455,7,0.232975,0.239526,1.760424,0.000009,0.000007,64,0.000131,0,27,0.5,0.000258
20207,Woodson County,,KS,267,3512,3779,1,1,2,53,56,109,7,0.223722,0.229148,0,0.000002,0.000004,64,0.000106,0,27,0,0.000127
20209,Wyandotte County,,KS,13869,148632,162501,21,21,42,8050,10551,18601,6,0.351892,0.375187,1410.64585,0.008918,0.007747,64,0.000375,0,27,0.559829,0.062975
21001,Adair County,,KY,996,17956,18952,5,7,12,380,541,921,7,0.2527,0.262232,207.771914,0.000017,0.000059,26,0.000211,0,27,0.238095,0.000572
21003,Allen County,,KY,1663,25441,27104,8,6,14,1098,868,1966,7,0.263344,0.273596,134.370085,0.000104,0.000111,21,0.000256,0,27,0.303571,0.001719
21005,Anderson County,,KY,1694,29237,30931,7,8,15,1196,1112,2308,6,0.295177,0.308784,59.521326,0.000754,0.000733,26,0.000236,0,27,0.583333,0.005979
21007,Ballard County,,KY,611,9524,10135,3,2,5,324,302,626,7,0.234443,0.241357,0,0.000011,0.000012,21,0.000143,0,27,1,0.000408
21009,Barren County,,KY,2285,45483,47768,9,9,18,1302,1247,2549,6,0.294877,0.308578,13671.029538,0.000505,0.00064,21,0.000317,0,27,0.244444,0.004674
21011,Bath County,,KY,815,13576,14391,5,4,9,475,427,902,6,0.280805,0.292721,1455.141883,0.000279,0.000219,26,0.000238,0,27,0.6,0.00217
21013,Bell County,,KY,1552,25253,26805,4,8,12,617,979,1596,6,0.289492,0.303642,5408.154031,0.00035,0.000556,21,0.000133,0,27,0.392857,0.002945
21015,Boone County,,KY,11107,119439,130546,22,17,39,13102,7552,20654,6,0.320305,0.340101,6562.883399,0.007823,0.004323,127,0.00042,0,27,0.490942,0.056631
21017,Bourbon County,,KY,1669,23890,25559,6,6,12,960,1034,1994,6,0.280805,0.292951,1493.820557,0.000299,0.000229,26,0.000237,0,27,0.571429,0.002427
21019,Boyd County,,KY,3150,54617,57767,9,8,17,1809,1830,3639,6,0.29596,0.309979,6939.378724,0.001073,0.000725,127,0.00032,0,27,0.366667,0.007901
21021,Boyle County,,KY,2182,29853,32035,8,8,16,1450,1359,2809,6,0.295297,0.309014,1721.377293,0.000752,0.000717,26,0.000277,0,27,0.464286,0.006049
21023,Bracken County,,KY,603,10984,11587,5,4,9,520,325,845,7,0.259041,0.268098,51.829035,0.000615,0.000075,127,0.000174,0,27,0.5,0.004094
21025,Breathitt County,,KY,659,14825,15484,3,3,6,153,142,295,7,0.219507,0.2257,2958.908333,0.000271,0.000005,26,0.000132,0,27,0.416667,0.001917
21027,Breckinridge County,,KY,1437,24413,25850,6,6,12,1009,917,1926,6,0.294578,0.307658,1274.174267,0.000612,0.000619,26,0.00017,0,27,0.47619,0.005089
21029,Bullitt County,,KY,5651,80491,86142,8,11,19,5906,4362,10268,6,0.296808,0.311071,90.137792,0.000625,0.000872,26,0.000233,0,27,0.454545,0.005478
21031,Butler County,,KY,719,13915,14634,4,3,7,369,357,726,7,0.251976,0.260244,34.735945,0.00004,0.000032,21,0.000198,0,27,0.416667,0.000705
21033,Caldwell County,,KY,902,15180,16082,5,4,9,424,386,810,7,0.271274,0.281731,4049.92199,0.000161,0.000108,21,0.000226,0,27,0.2,0.001277
21035,Calloway County,,KY,2232,34047,36279,5,7,12,768,780,1548,6,0.303515,0.318017,4939.836336,0.001079,0.001155,21,0.000188,0,27,0.321429,0.007684
21037,Campbell County,,KY,7571,95507,103078,14,12,26,6936,5793,12729,6,0.300155,0.315742,1374.63029,0.002266,0.001729,127,0.000325,0,27,0.538462,0.016183
21039,Carlisle County,,KY,369,6318,6687,2,4,6,128,211,339,7,0.2345,0.241759,1950.62042,0.000011,0.000013,21,0.000118,0,27,0.5,0.000313
21041,Carroll County,,KY,1024,12003,13027,7,7,14,547,525,1072,6,0.293238,0.306348,187.011234,0.000522,0.000579,26,0.000216,0,27,0.410714,0.004838
21043,Carter County,,KY,1364,29650,31014,4,6,10,552,638,1190,6,0.280969,0.293295,1542.852992,0.000016,0.000225,127,0.000174,0,27,0.4,0.000494
21045,Casey County,,KY,851,18556,19407,4,5,9,415,455,870,7,0.22893,0.236272,58.876696,0.000015,0.000031,26,0.000181,0,27,0.45,0.00064
21047,Christian County,,KY,13374,75109,88483,28,42,70,5110,6912,12022,6,0.370877,0.397708,28788.689787,0.012475,0.018182,21,0.00053,0,27,0.470202,0.090206
21049,Clark County,,KY,2588,39163,41751,9,9,18,1715,1489,3204,6,0.295327,0.309186,205.699968,0.0003,0.000728,26,0.000391,0,27,0.422222,0.002792
21051,Clay County,,KY,805,18343,19148,3,2,5,347,334,681,7,0.240408,0.247916,0.5,0.00002,0.000006,26,0.000141,0,27,0.5,0.000349
21053,Clinton County,,KY,497,10294,10791,1,1,2,93,130,223,8,0.186129,0.189638,0,0,0,26,0.000138,0,27,0,0.000095
21055,Crittenden County,,KY,562,9176,9738,3,3,6,171,163,334,8,0.215399,0.221314,23.720907,0.000002,0.000002,21,0.000188,0,27,0,0.000312
21057,Cumberland County,,KY,339,7036,7375,0,1,1,0,50,50,7,0.227786,0.233876,0,0,0.000004,21,0.00005,0,94,0,0
21059,Daviess County,,KY,4581,106524,111105,14,14,28,1883,2230,4113,6,0.306401,0.322441,13210.980572,0.000864,0.001454,26,0.00047,0,27,0.271429,0.007411
21061,Edmonson County,,KY,931,14917,15848,4,5,9,528,594,1122,7,0.252283,0.261135,336.198621,0.000508,0.000038,21,0.000142,0,27,0.5,0.004192
21063,Elliott County,,KY,323,6050,6373,2,2,4,114,118,232,7,0.219473,0.22551,0,0.000004,0.000002,127,0.0001,0,27,1,0.000217
21065,Estill County,,KY,975,18522,19497,4,4,8,458,611,1069,6,0.280751,0.292606,1.884524,0.000291,0.000228,26,0.000194,0,27,0.833333,0.002173
21067,Fayette County,,KY,22209,275036,297245,91,92,183,13267,15447,28714,5,0.390024,0.423601,239619.314024,0.025753,0.032699,26,0.002086,0,27,0.224663,0.190628
21069,Fleming County,,KY,777,15819,16596,4,4,8,414,319,733,6,0.280887,0.292893,774.023728,0.000273,0.000217,127,0.000193,0,27,0.5,0.002051
21071,Floyd County,,KY,1710,39181,40891,5,5,10,773,787,1560,6,0.280969,0.293123,9156.294009,0.000274,0.000214,26,0.000221,0,27,0.4,0.002123
21073,Franklin County,,KY,3347,52805,56152,10,9,19,1801,1860,3661,6,0.295267,0.309072,79.338601,0.000781,0.000745,26,0.000329,0,27,0.5,0.006557
21075,Fulton County,,KY,759,7429,8188,2,4,6,292,442,734,7,0.235605,0.242864,1004.00458,0.000011,0.000012,21,0.000109,0,27,0.416667,0.000253
21077,Gallatin County,,KY,708,5435,6143,3,5,8,353,469,822,7,0.259667,0.268989,1.680195,0.000088,0.000137,127,0.000116,0,27,0.75,0.001186
21079,Garrard County,,KY,1915,21418,23333,7,6,13,1522,1221,2743,6,0.280887,0.293094,82.03912,0.000301,0.000238,26,0.000262,0,27,0.666667,0.00259
21081,Grant County,,KY,2456,23871,26327,9,9,18,2037,1734,3771,6,0.295538,0.309962,344.930157,0.000923,0.000818,127,0.000251,0,27,0.511111,0.006626
21083,Graves County,,KY,2064,41448,43512,7,8,15,966,1064,2030,7,0.238923,0.247453,397.693425,0.000032,0.000033,21,0.000285,0,27,0.285714,0.000903
21085,Grayson County,,KY,1088,22421,23509,4,6,10,702,622,1324,6,0.294637,0.307773,515.226289,0.000588,0.00064,26,0.000128,0,27,0.466667,0.004772
21087,Green County,,KY,843,13848,14691,4,6,10,390,575,965,6,0.294428,0.3074,499.034906,0.000129,0.000616,26,0.000139,0,27,0.533333,0.001292
21089,Greenup County,,KY,2179,37509,39688,5,7,12,1763,1276,3039,6,0.306724,0.322802,950.676553,0.000293,0.000984,127,0.000184,0,27,0.452381,0.002286
21091,Hancock County,,KY,608,9109,9717,3,2,5,358,373,731,7,0.23469,0.241725,41.231404,0.000018,0.000007,26,0.000131,0,27,0.5,0.000409
21093,Hardin County,,KY,11676,108722,120398,39,38,77,5461,5700,11161,5,0.366937,0.392514,15580.172793,0.013992,0.014258,26,0.000635,0,27,0.424242,0.100425
21095,Harlan County,,KY,1165,27140,28305,2,7,9,152,454,606,6,0.281952,0.294674,35.677764,0.000006,0.000235,26,0.00009,0,27,0.404762,0.000217
21097,Harrison County,,KY,1210,19728,20938,4,6,10,604,661,1265,6,0.280833,0.293008,1491.372314,0.000284,0.000229,26,0.00016,0,27,0.466667,0.002152
21099,Hart County,,KY,858,16237,17095,4,5,9,551,516,1067,6,0.294637,0.307687,8.46055,0.000593,0.000639,21,0.000129,0,27,0.666667,0.004753
21101,Henderson County,,KY,2644,51124,53768,8,7,15,1468,1394,2862,6,0.293951,0.307222,2342.949096,0.000563,0.000571,26,0.000273,0,27,0.5,0.004946
21103,Henry County,,KY,1335,16753,18088,4,6,10,884,963,1847,6,0.293001,0.305774,3.120513,0.00048,0.000515,26,0.000157,0,27,0.633333,0.004016
21105,Hickman County,,KY,280,4149,4429,2,0,2,101,0,101,0,0,0,0,0,0,21,0.000099,0,15,0,0.000189
21107,Hopkins County,,KY,2538,50021,52559,10,11,21,1162,1248,2410,6,0.305755,0.321033,6061.369702,0.000703,0.001336,26,0.000333,0,27,0.363636,0.005826
21109,Jackson County,,KY,546,12788,13334,3,3,6,261,282,543,7,0.243352,0.251823,26.332535,0.000034,0.000017,26,0.000163,0,27,0.666667,0.000472
21111,Jefferson County,,KY,37151,794233,831384,151,137,288,25670,28462,54132,5,0.413896,0.451298,219462.206435,0.059262,0.056586,26,0.002444,0,27,0.293962,0.425059
21113,Jessamine County,,KY,4220,42725,46945,10,9,19,2928,2356,5284,6,0.295297,0.309129,103.43008,0.000774,0.00074,26,0.000342,0,27,0.536364,0.006476
21115,Johnson County,,KY,1006,21248,22254,4,6,10,434,489,923,6,0.281023,0.293353,5428.620235,0.000002,0.000216,26,0.000244,0,27,0.3,0.000402
21117,Kenton County,,KY,15334,165576,180910,20,19,39,15094,11938,27032,6,0.349055,0.370976,9676.863901,0.006443,0.005846,127,0.0004,0,27,0.491342,0.046324
21119,Knott County,,KY,947,15722,16669,3,5,8,374,536,910,6,0.280969,0.293123,9.872222,0.000005,0.000219,26,0.000139,0,27,0.65,0.000328
21121,Knox County,,KY,1891,34398,36289,4,5,9,1048,1201,2249,6,0.281787,0.2941,19.661655,0.00003,0.000234,26,0.000122,0,27,0.633333,0.000487
21123,Larue County,,KY,1042,13246,14288,5,4,9,736,633,1369,6,0.294338,0.306998,56.841908,0.0006,0.00061,26,0.00014,0,27,0.7,0.0049
21125,Laurel County,,KY,4621,57368,61989,14,15,29,2564,2106,4670,6,0.316427,0.334299,13965.061721,0.0007,0.002351,26,0.000405,0,27,0.232026,0.005673
21127,Lawrence County,,KY,695,13656,14351,4,3,7,349,227,576,7,0.228695,0.235474,157.258244,0.000008,0.000015,26,0.000208,0,27,0.333333,0.000508
21129,Lee County,,KY,368,6069,6437,0,1,1,0,47,47,1,1,1,0,0,0,52,0.00005,45,96,0,0
21131,Leslie County,,KY,531,11339,11870,1,3,4,102,275,377,7,0.240627,0.248519,6.553039,0.000002,0.000008,26,0.000076,0,27,0.333333,0.000114
21133,Letcher County,,KY,956,23940,24896,4,5,9,319,366,685,6,0.281023,0.293209,70.220512,0.000007,0.000216,26,0.000151,0,27,0.45,0.000426
21135,Lewis County,,KY,602,13145,13747,5,3,8,374,267,641,7,0.235375,0.242979,15.657143,0.000024,0.000011,127,0.000203,0,27,0.3,0.000599
21137,Lincoln County,,KY,1641,23418,25059,8,7,15,1167,1127,2294,6,0.28105,0.293496,611.534411,0.000301,0.000245,26,0.0003,0,27,0.535714,0.00279
21139,Livingston County,,KY,712,9551,10263,3,3,6,401,415,816,7,0.234424,0.241483,266.06696,0.000011,0.000012,21,0.000183,0,27,0.333333,0.000404
21141,Logan County,,KY,1568,29259,30827,8,8,16,916,842,1758,6,0.301936,0.315334,822.778474,0.000389,0.000859,21,0.000279,0,27,0.458333,0.003174
21143,Lyon County,,KY,646,7399,8045,3,3,6,228,229,457,7,0.235337,0.242445,17.21475,0.000012,0.000014,21,0.000177,0,27,0.333333,0.000415
21145,McCracken County,,KY,4474,70854,75328,13,11,24,2038,2036,4074,6,0.305948,0.321475,38746.886499,0.001484,0.001348,21,0.000485,0,27,0.185897,0.011834
21147,McCreary County,,KY,704,14461,15165,2,2,4,152,220,372,7,0.230311,0.237157,74.000469,0.000009,0.000022,21,0.000145,0,27,0,0.000361
21149,McLean County,,KY,575,10887,11462,2,4,6,310,377,687,7,0.235643,0.243146,0,0.000013,0.000014,26,0.000106,0,27,0.833333,0.000282
21151,Madison County,,KY,5293,66735,72028,19,17,36,3557,2837,6394,6,0.308781,0.32633,4911.856958,0.001366,0.001749,26,0.000584,0,27,0.213439,0.011561
21153,Magoffin County,,KY,394,10689,11083,2,2,4,123,133,256,7,0.219424,0.225286,0,0.000004,0.000002,26,0.000123,0,27,1,0.000214
21155,Marion County,,KY,820,19881,20701,5,6,11,433,486,919,6,0.295207,0.308612,33.111053,0.000489,0.000718,26,0.000151,0,27,0.566667,0.004119
21157,Marshall County,,KY,1870,31110,32980,5,5,10,985,988,1973,7,0.234595,0.242132,48.130614,0.000021,0.000022,21,0.000243,0,27,0.5,0.000665
21159,Martin County,,KY,575,10234,10809,2,2,4,90,126,216,7,0.219473,0.225401,5.503968,0.000002,0,26,0.000105,0,27,0.333333,0.000196
21161,Mason County,,KY,1145,16818,17963,6,5,11,768,602,1370,6,0.280941,0.293123,898.835344,0.000291,0.000228,127,0.000242,0,27,0.2,0.002397
21163,Meade County,,KY,1808,25250,27058,4,4,8,1563,1154,2717,6,0.294338,0.306969,0.333333,0.000595,0.000612,26,0.000122,0,27,0.916667,0.00479
21165,Menifee County,,KY,365,6153,6518,2,2,4,130,146,276,7,0.219308,0.225079,1.25,0.000002,0.000005,26,0.000133,0,27,0.333333,0.000209
21167,Mercer County,,KY,1314,23096,24410,7,6,13,888,760,1648,6,0.28086,0.293037,17.292049,0.000299,0.000235,26,0.000243,0,27,0.5,0.002563
21169,Metcalfe County,,KY,453,8192,8645,2,2,4,206,206,412,7,0.227762,0.233957,0,0.000006,0.000004,21,0.000107,0,27,1,0.000236
21171,Monroe County,,KY,473,10056,10529,2,4,6,126,271,397,7,0.252217,0.260848,113.234008,0.000005,0.000033,21,0.000126,0,27,0.666667,0.000236
21173,Montgomery County,,KY,1613,22547,24160,6,5,11,809,835,1644,6,0.280751,0.292721,4398.774784,0.00028,0.000219,26,0.000296,0,27,0.533333,0.002284
21175,Morgan County,,KY,533,12236,12769,1,2,3,55,116,171,7,0.21944,0.225424,1.916667,0.000002,0.000002,127,0.000075,0,27,0,0.000117
21177,Muhlenberg County,,KY,1265,34254,35519,6,8,14,512,652,1164,7,0.271756,0.283139,604.271927,0.000063,0.00015,26,0.00025,0,27,0.410714,0.000998
21179,Nelson County,,KY,2200,47433,49633,8,10,18,1705,1323,3028,6,0.296686,0.310755,114.331991,0.000878,0.000847,26,0.000215,0,27,0.444444,0.006863
21181,Nicholas County,,KY,322,5248,5570,2,2,4,161,131,292,6,0.28067,0.292204,0,0.000004,0.000214,26,0.000107,0,27,1,0.000232
21183,Ohio County,,KY,1098,24582,25680,6,3,9,725,479,1204,7,0.235528,0.242744,12.272636,0.000051,0.000008,26,0.00023,0,27,0.433333,0.000951
21185,Oldham County,,KY,3898,50934,54832,9,7,16,3316,2315,5631,6,0.292971,0.305831,48.79636,0.000776,0.000531,26,0.000258,0,27,0.455556,0.006355
21187,Owen County,,KY,795,10617,11412,9,6,15,742,435,1177,6,0.280914,0.293181,86.734004,0.000927,0.000301,127,0.000251,0,27,0.5,0.006625
21189,Owsley County,,KY,160,3350,3510,1,0,1,47,0,47,0,0,0,0,0,0,52,0.000093,45,95,0,0.000088
21191,Pendleton County,,KY,1133,15809,16942,6,5,11,793,738,1531,7,0.259644,0.268891,5.52168,0.000107,0.000149,127,0.000196,0,27,0.6,0.001682
21193,Perry County,,KY,1199,26688,27887,5,6,11,577,571,1148,6,0.280996,0.293324,7597.128694,0.000272,0.000225,26,0.000178,0,27,0.233333,0.002108
21195,Pike County,,KY,2567,58308,60875,7,5,12,880,891,1771,6,0.281159,0.293456,2755.96131,0.000291,0.000225,26,0.00024,0,27,0.309524,0.002434
21197,Powell County,,KY,803,12634,13437,6,4,10,478,437,915,6,0.280724,0.292549,4327.387416,0.000279,0.000219,26,0.000273,0,27,0.433333,0.002272
21199,Pulaski County,,KY,2637,57950,60587,14,11,25,1420,1075,2495,6,0.296383,0.310945,28805.590658,0.002679,0.000747,26,0.000499,0,27,0.252381,0.018977
21201,Robertson County,,KY,137,2005,2142,0,0,0,0,0,0,0,0,0,0,0,0,53,0.00005,46,97,0,0
21203,Rockcastle County,,KY,818,14672,15490,5,6,11,429,524,953,6,0.28165,0.294105,10.659906,0.000044,0.000256,26,0.000215,0,27,0.766667,0.000885
21205,Rowan County,,KY,1528,17510,19038,6,9,15,532,682,1214,6,0.28105,0.293812,10554.005555,0.000274,0.00023,127,0.00026,0,27,0.291667,0.002224
21207,Russell County,,KY,587,15670,16257,3,2,5,269,186,455,7,0.228785,0.235468,37.144151,0.000007,0.000022,26,0.000145,0,27,0.833333,0.000465
21209,Scott County,,KY,2667,35057,37724,12,10,22,2284,1470,3754,6,0.295357,0.309359,172.074639,0.000787,0.000744,26,0.00039,0,27,0.454545,0.006787
21211,Shelby County,,KY,2487,37851,40338,9,7,16,2200,1563,3763,6,0.295147,0.308612,67.235921,0.000773,0.000726,26,0.000259,0,27,0.527778,0.006305
21213,Simpson County,,KY,1292,18627,19919,6,6,12,803,728,1531,6,0.299752,0.312639,222.492621,0.000644,0.000731,21,0.000208,0,27,0.7,0.005808
21215,Spencer County,,KY,1141,13386,14527,4,4,8,1195,726,1921,6,0.292882,0.305314,0.666667,0.000485,0.000506,26,0.000133,0,27,0.833333,0.004033
21217,Taylor County,,KY,1271,21793,23064,4,6,10,454,601,1055,6,0.296656,0.310238,1544.947894,0.000477,0.000819,26,0.000132,0,27,0.466667,0.003914
21219,Todd County,,KY,832,10271,11103,4,3,7,402,467,869,6,0.277874,0.28878,6.911526,0.000346,0.000279,21,0.000132,0,27,0.666667,0.002412
21221,Trigg County,,KY,659,13692,14351,2,2,4,339,268,607,7,0.270641,0.280571,5.557391,0.000159,0.000104,21,0.000084,0,27,0.333333,0.000989
21223,Trimble County,,KY,668,9321,9989,5,5,10,610,479,1089,6,0.29309,0.305831,6.698304,0.000488,0.000511,26,0.000168,0,27,0.7,0.004176
21225,Union County,,KY,969,16146,17115,5,5,10,454,528,982,7,0.264666,0.274653,2325.517742,0.000084,0.000075,26,0.000223,0,27,0.5,0.001076
21227,Warren County,,KY,6686,91583,98269,26,20,46,3926,3441,7367,6,0.336699,0.357015,21721.965903,0.003422,0.003949,21,0.00066,0,27,0.217204,0.026648
21229,Washington County,,KY,622,10691,11313,3,5,8,215,341,556,6,0.293001,0.305659,9.022775,0.000282,0.000507,26,0.000109,0,27,0.633333,0.001997
21231,Wayne County,,KY,842,19040,19882,2,2,4,292,303,595,7,0.228677,0.23521,5852,0.000006,0.000022,26,0.000207,0,27,0,0.000352
21233,Webster County,,KY,1059,14816,15875,3,3,6,569,662,1231,7,0.234273,0.241184,0,0.000016,0.000011,26,0.000147,0,27,1,0.000401
21235,Whitley County,,KY,1680,29140,30820,5,6,11,905,970,1875,6,0.289232,0.302982,642.378149,0.000297,0.000565,26,0.000163,0,27,0.5,0.002212
21237,Wolfe County,,KY,269,4034,4303,1,2,3,51,94,145,7,0.219357,0.225183,0,0,0.000005,26,0.000088,0,27,0.5,0.000109
21239,Woodford County,,KY,1797,24099,25896,6,5,11,1143,1022,2165,6,0.280724,0.292663,0.592857,0.000758,0.000237,26,0.000207,0,27,0.9,0.005918
22001,Acadia Parish,,LA,3541,67135,70676,10,11,21,2091,2535,4626,6,0.32112,0.339176,54.88046,0.001462,0.001446,62,0.000216,0,27,0.718182,0.011404
22003,Allen Parish,,LA,1496,23545,25041,8,8,16,912,930,1842,6,0.320943,0.338447,53.589609,0.00125,0.001226,151,0.000176,0,27,0.607143,0.0097
22005,Ascension Parish,,LA,5607,94492,100099,18,16,34,5623,3658,9281,6,0.321726,0.340584,680.481513,0.00232,0.002306,62,0.00036,0,27,0.511696,0.018631
22007,Assumption Parish,,LA,1708,30331,32039,6,6,12,1003,1162,2165,6,0.278273,0.290664,0.378968,0.000589,0.00057,62,0.000135,0,27,0.9,0.004879
22009,Avoyelles Parish,,LA,1796,42776,44572,8,7,15,873,925,1798,6,0.320907,0.338372,226.963363,0.001662,0.00134,151,0.000182,0,27,0.678571,0.012743
22011,Beauregard Parish,,LA,2668,31959,34627,5,7,12,1628,1421,3049,6,0.321476,0.339078,4.683047,0.001234,0.001477,151,0.000113,0,27,0.732143,0.008981
22013,Bienville Parish,,LA,1067,16981,18048,8,7,15,744,682,1426,7,0.265246,0.276529,53.032404,0.000272,0.00022,151,0.000205,0,27,0.553571,0.002644
22015,Bossier Parish,,LA,12319,110659,122978,30,32,62,8272,7642,15914,6,0.353737,0.378996,10569.39858,0.008882,0.013238,151,0.000528,0,27,0.427991,0.06618
22017,Caddo Parish,,LA,16046,260716,276762,47,41,88,10593,10959,21552,6,0.356082,0.382535,21062.043399,0.015704,0.013255,151,0.000773,0,27,0.335631,0.118423
22019,Calcasieu Parish,,LA,9394,205389,214783,30,36,66,5139,5816,10955,6,0.34372,0.368149,7577.860032,0.007354,0.00798,151,0.000518,0,27,0.352063,0.056464
22021,Caldwell Parish,,LA,588,10902,11490,3,2,5,375,236,611,7,0.250735,0.260107,16.634758,0.000077,0.000054,151,0.000123,0,27,0.5,0.00074
22023,Cameron Parish,,LA,719,9433,10152,1,1,2,318,342,660,7,0.25582,0.265045,0,0.000066,0.00006,151,0.000063,0,27,0,0.00058
22025,Catahoula Parish,,LA,617,10607,11224,2,4,6,156,353,509,7,0.25093,0.260739,5.631349,0.000036,0.000056,151,0.000088,0,27,0.45,0.000505
22027,Claiborne Parish,,LA,942,15894,16836,5,6,11,342,523,865,7,0.265441,0.276719,14.75512,0.000241,0.000229,151,0.000139,0,27,0.666667,0.002162
22029,Concordia Parish,,LA,1210,19671,20881,4,5,9,490,502,992,6,0.27713,0.289509,149.609749,0.000254,0.000297,62,0.000106,0,27,0.4,0.001983
22031,De Soto Parish,,LA,1707,28178,29885,6,4,10,1310,1072,2382,7,0.265101,0.275897,61.536226,0.001251,0.000215,151,0.000156,0,27,0.666667,0.009508
22033,East Baton Rouge Parish,,LA,25814,423775,449589,82,81,163,16992,19693,36685,5,0.38146,0.413541,76681.742161,0.025015,0.029047,62,0.001346,0,27,0.279424,0.188546
22035,East Carroll Parish,,LA,516,7474,7990,2,3,5,135,220,355,6,0.311868,0.327048,255.25892,0.000068,0.000917,151,0.000105,0,27,0.666667,0.000644
22037,East Feliciana Parish,,LA,1459,20100,21559,3,3,6,892,964,1856,6,0.276286,0.287671,0.7,0.000255,0.000226,62,0.000111,0,27,0.833333,0.00205
22039,Evangeline Parish,,LA,1524,32650,34174,9,8,17,1007,968,1975,6,0.276813,0.289308,7.395834,0.001479,0.000433,62,0.000195,0,27,0.791667,0.011406
22041,Franklin Parish,,LA,1133,21597,22730,3,5,8,336,500,836,6,0.313554,0.330145,623.397685,0.000068,0.001103,151,0.000124,0,27,0.366667,0.000743
22043,Grant Parish,,LA,1554,21139,22693,3,3,6,1140,996,2136,7,0.246621,0.255488,0,0.000055,0.000057,151,0.000116,0,27,1,0.000764
22045,Iberia Parish,,LA,4233,83891,88124,11,11,22,2539,2852,5391,6,0.321547,0.339722,11.73468,0.00176,0.001732,62,0.000215,0,27,0.712121,0.013713
22047,Iberville Parish,,LA,2193,33857,36050,5,5,10,1211,1651,2862,6,0.276312,0.287958,0.25,0.000276,0.000248,62,0.00016,0,27,0.95,0.002445
22049,Jackson Parish,,LA,1812,24513,26325,5,6,11,911,984,1895,7,0.264256,0.275461,41.02518,0.000089,0.000198,151,0.000177,0,27,0.5,0.001074
22051,Jefferson Parish,,LA,33182,487798,520980,78,78,156,25295,27100,52395,5,0.381309,0.413082,31441.376077,0.034807,0.033532,62,0.001121,0,27,0.409187,0.257292
22053,Jefferson Davis Parish,,LA,1809,30455,32264,6,6,12,1135,1150,2285,6,0.320199,0.337223,1.415909,0.001195,0.001163,151,0.00014,0,27,0.8,0.009097
22055,Lafayette Parish,,LA,13947,210603,224550,35,40,75,9865,10064,19929,6,0.353393,0.379524,3266.439527,0.009911,0.013238,62,0.000569,0,27,0.385354,0.077274
22057,Lafourche Parish,,LA,5481,109020,114501,12,15,27,3863,3875,7738,6,0.321476,0.340067,155.305977,0.002116,0.002259,62,0.000222,0,27,0.666667,0.016282
22059,La Salle Parish,,LA,689,13929,14618,3,4,7,222,283,505,7,0.251169,0.261124,8.950967,0.000035,0.00009,151,0.000141,0,27,0.45,0.00059
22061,Lincoln Parish,,LA,2766,30463,33229,11,10,21,1370,1335,2705,6,0.324207,0.343175,2001.045731,0.001441,0.002299,151,0.000262,0,27,0.537879,0.010963
22063,Livingston Parish,,LA,6504,110361,116865,18,13,31,7401,4230,11631,6,0.321726,0.34021,1339.201151,0.002258,0.001764,62,0.000394,0,27,0.403509,0.018185
22065,Madison Parish,,LA,697,12262,12959,4,3,7,268,273,541,7,0.251082,0.260785,25.748932,0.000083,0.000061,62,0.000148,0,27,0.166667,0.000901
22067,Morehouse Parish,,LA,1819,32655,34474,5,5,10,796,929,1725,6,0.312709,0.328795,770.314217,0.000071,0.0009,151,0.000187,0,27,0.366667,0.000976
22069,Natchitoches Parish,,LA,2458,38549,41007,13,15,28,1149,1467,2616,6,0.32486,0.344628,4616.923086,0.002617,0.002501,151,0.000292,0,27,0.457143,0.019387
22071,Orleans Parish,,LA,33720,443119,476839,86,86,172,18524,27385,45909,5,0.391657,0.42429,27336.242523,0.044263,0.043078,62,0.001113,0,27,0.489798,0.316021
22073,Ouachita Parish,,LA,8968,157801,166769,36,31,67,5214,5214,10428,6,0.334486,0.358152,45015.819565,0.006507,0.008163,151,0.000774,0,27,0.248062,0.049598
22075,Plaquemines Parish,,LA,2677,29989,32666,7,5,12,1892,1287,3179,6,0.28319,0.295358,109.141638,0.003494,0.000856,62,0.000138,0,27,0.625,0.026476
22077,Pointe Coupee Parish,,LA,1295,23166,24461,5,6,11,686,854,1540,6,0.276338,0.288131,2.779167,0.000268,0.000261,62,0.000167,0,27,0.733333,0.002381
22079,Rapides Parish,,LA,6417,136359,142776,26,22,48,3593,3705,7298,6,0.327057,0.348156,13521.954393,0.004271,0.004131,151,0.000508,0,27,0.333333,0.032989
22081,Red River Parish,,LA,531,8862,9393,3,4,7,242,304,546,7,0.265077,0.27584,0.5,0.000131,0.000226,151,0.000108,0,27,0.916667,0.001475
22083,Richland Parish,,LA,1407,19627,21034,5,5,10,710,851,1561,7,0.250865,0.260711,9.691667,0.000085,0.000056,151,0.0002,0,27,0.45,0.000953
22085,Sabine Parish,,LA,1247,23106,24353,6,5,11,578,525,1103,6,0.320978,0.33809,103.939056,0.000432,0.001244,151,0.000153,0,27,0.785714,0.003528
22087,St. Bernard Parish,,LA,3679,71842,75521,5,8,13,2300,2686,4986,6,0.283911,0.296995,4.941673,0.000814,0.00113,62,0.000132,0,27,0.714286,0.006811
22089,St. Charles Parish,,LA,3870,56280,60150,9,11,20,3120,2771,5891,6,0.321334,0.339377,2.196813,0.001175,0.002149,62,0.00018,0,27,0.818182,0.009589
22091,St. Helena Parish,,LA,1098,14811,15909,3,3,6,654,788,1442,6,0.276259,0.287613,0,0.000271,0.00025,62,0.000111,0,27,1,0.002246
22093,St. James Parish,,LA,1131,25701,26832,6,6,12,590,828,1418,6,0.283605,0.296277,0.142857,0.000923,0.000909,62,0.000138,0,27,0.966667,0.007235
22095,St. John the Baptist Parish,,LA,3448,47324,50772,10,9,19,2884,2430,5314,6,0.321262,0.339033,67.026604,0.002102,0.002095,62,0.000201,0,27,0.866667,0.016346
22097,St. Landry Parish,,LA,3980,81599,85579,11,11,22,2566,2622,5188,6,0.320978,0.338946,54.795574,0.001737,0.001513,62,0.00023,0,27,0.643939,0.013598
22099,St. Martin Parish,,LA,2865,52693,55558,9,7,16,2259,2129,4388,6,0.320765,0.338142,2.850955,0.001677,0.001327,62,0.000184,0,27,0.833333,0.012908
22101,St. Mary Parish,,LA,3315,56194,59509,11,12,23,1471,1896,3367,6,0.32144,0.339664,147.518494,0.002901,0.002065,62,0.000202,0,27,0.666667,0.021502
22103,St. Tammany Parish,,LA,13077,221005,234082,56,46,102,13237,8130,21367,5,0.363306,0.390653,9698.316624,0.022976,0.020269,62,0.000869,0,27,0.434499,0.171889
22105,Tangipahoa Parish,,LA,5394,96544,101938,16,13,29,4241,3316,7557,6,0.321726,0.34021,673.923803,0.003117,0.002148,62,0.000309,0,27,0.544118,0.023743
22107,Tensas Parish,,LA,417,5685,6102,0,3,3,0,175,175,6,0.276355,0.28783,0,0,0.000208,62,0.00005,0,98,0.333333,0
22109,Terrebonne Parish,,LA,5865,105467,111332,10,13,23,3351,3877,7228,6,0.322441,0.340888,106.985216,0.002188,0.002478,62,0.000187,0,27,0.705128,0.016786
22111,Union Parish,,LA,1388,21561,22949,5,5,10,778,848,1626,7,0.251867,0.262279,21.933559,0.000107,0.000077,151,0.000167,0,27,0.45,0.001129
22113,Vermilion Parish,,LA,2791,57642,60433,9,9,18,1816,1862,3678,6,0.320907,0.338602,44.174924,0.001232,0.00141,62,0.000199,0,27,0.644444,0.009903
22115,Vernon Parish,,LA,9632,48795,58427,32,39,71,3049,3815,6864,5,0.367215,0.393634,3398.970954,0.01152,0.01535,151,0.00046,0,27,0.512735,0.081894
22117,Washington Parish,,LA,1965,42493,44458,8,8,16,1278,1142,2420,6,0.283966,0.297081,1817.088865,0.001066,0.001099,62,0.00019,0,27,0.513889,0.008696
22119,Webster Parish,,LA,2565,41079,43644,6,8,14,1289,1508,2797,6,0.313283,0.329846,559.56727,0.00025,0.001115,151,0.000165,0,27,0.607143,0.002277
22121,West Baton Rouge Parish,,LA,1872,24267,26139,5,5,10,1561,1372,2933,6,0.276312,0.287958,0.25,0.000276,0.000248,62,0.00016,0,27,0.95,0.002445
22123,West Carroll Parish,,LA,856,12407,13263,4,4,8,298,367,665,7,0.250821,0.260481,10.82425,0.000078,0.000055,151,0.000156,0,27,0.4,0.000863
22125,West Feliciana Parish,,LA,795,10253,11048,2,4,6,324,509,833,6,0.276312,0.287843,815.178688,0.000241,0.000226,62,0.000096,0,27,0.583333,0.001791
22127,Winn Parish,,LA,937,13279,14216,5,5,10,369,427,796,7,0.251278,0.261526,18.954794,0.000057,0.000111,151,0.000175,0,27,0.5,0.000964
23001,Androscoggin County,,ME,6393,116334,122727,15,13,28,4639,4049,8688,6,0.297752,0.31469,479.940377,0.003629,0.00192,55,0.000247,0,27,0.514706,0.024162
23003,Aroostook County,,ME,2987,80781,83768,12,9,21,1155,1307,2462,6,0.275185,0.288475,16.848815,0.002537,0.00088,55,0.000199,0,27,0.628788,0.01491
23005,Cumberland County,,ME,19920,315428,335348,77,72,149,14498,14558,29056,5,0.367122,0.397759,25558.516383,0.035554,0.0356,55,0.00087,0,27,0.461366,0.233366
23007,Franklin County,,ME,1755,31577,33332,7,7,14,958,1013,1971,6,0.26886,0.280673,0.166667,0.00056,0.000559,55,0.000152,0,27,0.97619,0.00427
23009,Hancock County,,ME,2856,59926,62782,11,8,19,1528,1276,2804,6,0.297538,0.313714,65.9527,0.002668,0.001192,55,0.000183,0,27,0.674242,0.015623
23011,Kennebec County,,ME,6693,142062,148755,23,22,45,5365,4316,9681,6,0.333487,0.354251,1482.72174,0.004824,0.005555,55,0.000344,0,27,0.490029,0.026456
23013,Knox County,,ME,2256,45394,47650,9,6,15,1102,976,2078,6,0.297477,0.313369,38.353922,0.001394,0.001167,55,0.000178,0,27,0.847222,0.009406
23015,Lincoln County,,ME,2257,40909,43166,8,8,16,1452,1304,2756,6,0.268885,0.280846,2.397927,0.001865,0.000572,55,0.000152,0,27,0.788889,0.011211
23017,Oxford County,,ME,3155,60954,64109,11,8,19,2380,1887,4267,6,0.268935,0.280932,35.076326,0.00254,0.000586,55,0.000165,0,27,0.727273,0.014332
23019,Penobscot County,,ME,8603,162801,171404,31,25,56,5435,4992,10427,6,0.333947,0.355148,5740.737913,0.007983,0.006959,55,0.000435,0,27,0.435294,0.049028
23021,Piscataquis County,,ME,1074,18587,19661,2,3,5,432,548,980,6,0.268661,0.279783,0,0.000062,0.000365,55,0.000087,0,27,1,0.000671
23023,Sagadahoc County,,ME,4134,41062,45196,9,9,18,2585,2561,5146,6,0.314063,0.331357,185.4764,0.00216,0.002885,55,0.000173,0,27,0.577778,0.017323
23025,Somerset County,,ME,2674,48135,50809,10,8,18,1691,1693,3384,6,0.268885,0.280846,72.170497,0.000871,0.000548,55,0.000201,0,27,0.666667,0.005925
23027,Waldo County,,ME,2431,42198,44629,10,8,18,1468,1435,2903,6,0.268885,0.280846,15.383052,0.001395,0.000563,55,0.000205,0,27,0.744444,0.009481
23029,Washington County,,ME,1763,36349,38112,7,6,13,564,807,1371,6,0.268835,0.280501,0.304319,0.00094,0.000544,55,0.000143,0,27,0.928571,0.006127
23031,York County,,ME,12789,226456,239245,37,45,82,10762,9027,19789,6,0.342705,0.367264,6430.481018,0.012629,0.017001,55,0.000457,0,27,0.482655,0.080654
24001,Allegany County,,MD,2800,76654,79454,14,9,23,1494,1176,2670,6,0.288772,0.303596,7542.206409,0.003327,0.001341,54,0.000304,0,27,0.412088,0.02341
24003,Anne Arundel County,,MD,47687,591435,639122,147,155,302,37441,37886,75327,5,0.396582,0.437838,25367.931969,0.071576,0.073534,54,0.001636,0,27,0.379009,0.49263
24005,Baltimore County,,MD,64288,916486,980774,140,143,283,59177,56382,115559,5,0.401968,0.44179,29533.637194,0.070931,0.071947,54,0.001488,0,27,0.42991,0.470655
24009,Calvert County,,MD,6046,96456,102502,14,15,29,5674,3332,9006,6,0.311333,0.329547,13.229324,0.007767,0.006504,54,0.000195,0,27,0.774854,0.056518
24011,Caroline County,,MD,2358,35130,37488,10,9,19,1787,1684,3471,6,0.292057,0.307216,11.466486,0.001883,0.001641,54,0.000201,0,27,0.745455,0.014451
24013,Carroll County,,MD,10928,208269,219197,13,22,35,10730,7651,18381,5,0.337012,0.3579,76.979932,0.005843,0.008254,54,0.000187,0,27,0.628458,0.04062
24015,Cecil County,,MD,5864,104139,110003,17,15,32,5957,3607,9564,6,0.333678,0.35339,86.498951,0.006061,0.006283,54,0.000212,0,27,0.760234,0.039696
24017,Charles County,,MD,12318,157793,170111,29,31,60,11140,7752,18892,5,0.342018,0.36465,223.062166,0.015745,0.015289,54,0.000365,0,27,0.648649,0.113855
24019,Dorchester County,,MD,1702,33357,35059,8,5,13,1308,848,2156,6,0.284161,0.298093,1.100769,0.001758,0.000836,54,0.000161,0,27,0.892857,0.013037
24021,Frederick County,,MD,18351,247431,265782,44,47,91,15374,12389,27763,5,0.357662,0.384046,2828.930082,0.023564,0.026333,54,0.000557,0,27,0.597458,0.165919
24023,Garrett County,,MD,1307,33296,34603,5,3,8,441,339,780,7,0.224919,0.232142,2587.549227,0.001418,0.000028,54,0.000159,0,27,0.3,0.009599
24025,Harford County,,MD,16974,273951,290925,49,48,97,14605,11416,26021,5,0.35939,0.386476,814.643224,0.024208,0.028112,54,0.000521,0,27,0.596394,0.160976
24027,Howard County,,MD,28914,290106,319020,78,76,154,22571,22900,45471,5,0.379166,0.411255,2525.623859,0.048112,0.044644,54,0.000763,0,27,0.635095,0.316074
24029,Kent County,,MD,1320,25231,26551,7,6,13,743,576,1319,6,0.28794,0.302694,2.679766,0.001862,0.001308,54,0.000133,0,27,0.785714,0.01284
24031,Montgomery County,,MD,82966,1054867,1137833,198,218,416,58775,72283,131058,5,0.43016,0.474664,45717.790716,0.094339,0.098256,54,0.002127,0,27,0.331725,0.633402
24033,Prince George's County,,MD,77049,914712,991761,143,162,305,61567,67274,128841,5,0.407387,0.449,19243.246199,0.072466,0.075505,54,0.001499,0,27,0.377638,0.486512
24035,Queen Anne's County,,MD,3344,45407,48751,13,13,26,2703,2181,4884,6,0.305208,0.321412,63.485036,0.004509,0.003833,54,0.000204,0,27,0.680147,0.031535
24037,St. Mary's County,,MD,7744,104833,112577,31,21,52,5673,3680,9353,5,0.340693,0.362369,60.176272,0.014841,0.011517,54,0.000372,0,27,0.64678,0.108191
24039,Somerset County,,MD,1347,20984,22331,4,5,9,899,849,1748,6,0.286972,0.300557,3.880219,0.000178,0.000853,54,0.000131,0,27,0.85,0.002101
24041,Talbot County,,MD,2528,39864,42392,11,9,20,1858,1281,3139,6,0.292381,0.307607,30.347478,0.00408,0.00204,54,0.000195,0,27,0.794872,0.02822
24043,Washington County,,MD,8003,154042,162045,23,22,45,7838,5084,12922,6,0.315086,0.334879,5190.752974,0.006466,0.006696,54,0.00041,0,27,0.485755,0.048133
24045,Wicomico County,,MD,6047,93402,99449,21,19,40,4460,3617,8077,6,0.315463,0.334482,887.958802,0.006306,0.006582,54,0.000329,0,27,0.558442,0.042436
24047,Worcester County,,MD,4494,58268,62762,18,14,32,3216,2697,5913,6,0.311768,0.329622,715.563474,0.006758,0.004934,54,0.000255,0,27,0.67619,0.045158
24510,Baltimore city,,MD,47300,562542,609842,93,83,176,33516,41413,74929,5,0.379613,0.412496,7034.330233,0.052598,0.045056,54,0.00093,0,27,0.569124,0.340669
25001,Barnstable County,,MA,14028,268668,282696,48,57,105,9866,9026,18892,5,0.352491,0.379369,6745.80867,0.02516,0.028066,55,0.000485,0,27,0.567606,0.158921
25003,Berkshire County,,MA,5793,152996,158789,24,28,52,2524,2575,5099,6,0.343151,0.36569,824.951217,0.011536,0.013333,55,0.000209,0,27,0.691622,0.060596
25005,Bristol County,,MA,26710,618665,645375,44,73,117,21126,21585,42711,6,0.364585,0.395266,2303.516179,0.025668,0.036798,55,0.00041,0,27,0.548576,0.163806
25007,Dukes County,,MA,1130,18544,19674,4,4,8,236,269,505,6,0.297295,0.312794,0,0.001994,0.001697,55,0.000076,0,27,1,0.011391
25009,Essex County,,MA,45105,831202,876307,81,123,204,31997,38332,70329,5,0.38742,0.425181,6215.725436,0.046874,0.062531,55,0.000754,0,27,0.501174,0.302019
25011,Franklin County,,MA,4699,81253,85952,11,14,25,3220,2885,6105,6,0.303008,0.320447,5.754911,0.004143,0.004866,55,0.000126,0,27,0.833333,0.02217
25013,Hampden County,,MA,18778,514702,533480,42,69,111,11428,13210,24638,5,0.364722,0.394387,663.523221,0.023169,0.03754,55,0.00036,0,27,0.636396,0.143609
25015,Hampshire County,,MA,11712,159752,171464,28,31,59,7664,8027,15691,6,0.350616,0.37429,341.944067,0.013665,0.017044,55,0.000239,0,27,0.748413,0.07793
25017,Middlesex County,,MA,120752,1671004,1791756,199,242,441,86533,109887,196420,5,0.422578,0.472021,68703.299245,0.090366,0.100279,55,0.001965,0,27,0.296007,0.595383
25019,Nantucket County,,MA,1029,11443,12472,1,1,2,55,97,152,6,0.260647,0.270349,0,0.000231,0.000207,55,0.000058,0,27,0,0.001364
25021,Norfolk County,,MA,57064,738131,795195,93,135,228,45537,51013,96550,5,0.396582,0.435712,5393.121974,0.053569,0.06923,55,0.000813,0,27,0.513085,0.340673
25023,Plymouth County,,MA,29934,562731,592665,36,75,111,24032,24864,48896,5,0.363807,0.395157,1419.511918,0.020661,0.038301,55,0.000363,0,27,0.5469,0.134027
25025,Suffolk County,,MA,85185,665701,750886,137,155,292,53053,78245,131298,5,0.405848,0.446743,15426.38996,0.070266,0.077397,55,0.001262,0,27,0.453414,0.450943
25027,Worcester County,,MA,38914,894124,933038,91,136,227,29543,31103,60646,5,0.39097,0.430323,7145.862952,0.050563,0.066598,55,0.000828,0,27,0.458553,0.325241
26001,Alcona County,,MI,798,12351,13149,6,3,9,523,282,805,6,0.298949,0.313036,2.653821,0.002,0.000666,56,0.00012,0,27,0.833333,0.011452
26003,Alger County,,MI,524,10190,10714,1,2,3,82,201,283,7,0.248416,0.256381,0,0.000026,0.000027,27,0.000077,0,27,1,0.000274
26005,Allegan County,,MI,7977,126013,133990,16,14,30,6988,5612,12600,6,0.341134,0.361387,566.149874,0.004636,0.003723,56,0.000219,0,27,0.619883,0.027871
26007,Alpena County,,MI,1559,36238,37797,8,6,14,585,421,1006,6,0.301215,0.315989,2728.963402,0.002362,0.001026,56,0.000196,0,27,0.527778,0.013501
26009,Antrim County,,MI,1913,27225,29138,10,7,17,1171,995,2166,6,0.299535,0.314501,203.201114,0.00268,0.00101,56,0.000191,0,27,0.727273,0.015135
26011,Arenac County,,MI,1060,19115,20175,7,5,12,737,491,1228,7,0.271706,0.283489,0,0.00174,0.000224,56,0.000118,0,27,1,0.010462
26013,Baraga County,,MI,437,8797,9234,2,2,4,133,163,296,7,0.248373,0.256266,0,0.000027,0.000039,27,0.000151,0,27,1,0.000438
26015,Barry County,,MI,3940,69449,73389,8,8,16,3041,2679,5720,6,0.286038,0.299431,1.09036,0.001079,0.000728,56,0.000135,0,27,0.857143,0.005782
26017,Bay County,,MI,5125,133700,138825,15,19,34,2974,3025,5999,6,0.333602,0.353849,384.517298,0.002804,0.003823,56,0.000213,0,27,0.634503,0.016389
26019,Benzie County,,MI,1361,20007,21368,5,4,9,904,732,1636,7,0.255011,0.263856,1,0.001121,0.000093,56,0.00016,0,27,0.766667,0.007127
26021,Berrien County,,MI,8951,179790,188741,24,26,50,4164,4991,9155,6,0.352619,0.376692,564.596667,0.009002,0.010956,26,0.000285,0,27,0.549395,0.056679
26023,Branch County,,MI,2975,48688,51663,11,9,20,1677,1718,3395,6,0.302408,0.318344,178.568082,0.002274,0.001237,56,0.000165,0,27,0.628788,0.013135
26025,Calhoun County,,MI,7507,155570,163077,20,23,43,4347,4395,8742,6,0.342867,0.364662,699.671285,0.005776,0.00702,56,0.000254,0,27,0.577899,0.036536
26027,Cass County,,MI,3531,56772,60303,7,7,14,2735,2305,5040,6,0.327131,0.344249,28.533513,0.001647,0.001402,26,0.000121,0,27,0.880952,0.010374
26029,Charlevoix County,,MI,1994,30874,32868,9,5,14,967,899,1866,6,0.299011,0.31338,2.247587,0.002423,0.000731,56,0.00018,0,27,0.788889,0.01408
26031,Cheboygan County,,MI,1908,31380,33288,8,8,16,829,812,1641,6,0.309308,0.326106,3240.343023,0.002034,0.001777,56,0.000189,0,27,0.455556,0.012078
26033,Chippewa County,,MI,2117,38108,40225,7,7,14,475,447,922,6,0.304663,0.320349,862.864878,0.002054,0.001758,56,0.000146,0,27,0.522222,0.012009
26035,Clare County,,MI,2038,33046,35084,11,8,19,1348,871,2219,6,0.304056,0.319545,21.286115,0.002388,0.001449,56,0.000173,0,27,0.727273,0.013786
26037,Clinton County,,MI,5505,81568,87073,16,15,31,4862,3942,8804,6,0.30524,0.321935,71.73277,0.002605,0.002424,56,0.000222,0,27,0.660131,0.015842
26039,Crawford County,,MI,1002,14592,15594,5,3,8,407,253,660,7,0.2551,0.263942,0.692857,0.001775,0.000073,56,0.000103,0,27,0.833333,0.010494
26041,Delta County,,MI,1724,44747,46471,5,6,11,482,575,1057,7,0.262202,0.27283,3051.847196,0.000028,0.000121,27,0.000286,0,27,0.428571,0.000684
26043,Dickinson County,,MI,1367,32349,33716,7,7,14,594,538,1132,7,0.262225,0.273002,3120.140673,0.000117,0.000121,27,0.00035,0,27,0.404762,0.001602
26045,Eaton County,,MI,10612,126749,137361,20,23,43,7794,7810,15604,6,0.341897,0.363398,708.652687,0.004663,0.004978,56,0.00025,0,27,0.634058,0.027842
26047,Emmet County,,MI,2228,37507,39735,12,6,18,1446,846,2292,6,0.299628,0.314501,7.5063,0.002879,0.001123,56,0.000214,0,27,0.685897,0.015954
26049,Genesee County,,MI,20050,502258,522308,44,74,118,13743,13956,27699,6,0.372783,0.404648,11412.301373,0.014512,0.027595,56,0.000548,0,27,0.322112,0.101676
26051,Gladwin County,,MI,1742,28712,30454,9,9,18,1198,980,2178,6,0.304024,0.319602,1.266534,0.002116,0.001499,56,0.000136,0,27,0.888889,0.012389
26053,Gogebic County,,MI,972,16964,17936,3,2,5,180,155,335,8,0.190504,0.194503,8803,0.000008,0,27,0.000281,0,27,0,0.000394
26055,Grand Traverse County,,MI,5977,96467,102444,28,23,51,4215,3372,7587,6,0.342018,0.363513,9728.173275,0.004774,0.004891,56,0.000504,0,27,0.406452,0.029766
26057,Gratiot County,,MI,2541,44658,47199,10,10,20,1511,1607,3118,6,0.285728,0.299345,13.030397,0.001546,0.000627,56,0.000155,0,27,0.69697,0.009505
26059,Hillsdale County,,MI,3101,54386,57487,11,12,23,2025,1915,3940,6,0.302977,0.319298,240.984015,0.002331,0.001513,56,0.00016,0,27,0.56044,0.01382
26061,Houghton County,,MI,1910,35802,37712,5,3,8,380,282,662,7,0.248395,0.256439,6488.898173,0.001431,0.000027,27,0.000262,0,27,0.4,0.008905
26063,Huron County,,MI,1816,43523,45339,9,9,18,968,976,1944,6,0.304024,0.319602,5.72192,0.002126,0.001685,56,0.00013,0,27,0.819444,0.012376
26065,Ingham County,,MI,24086,286973,311059,55,70,125,15289,17749,33038,5,0.386131,0.417356,14873.189816,0.018137,0.033013,56,0.000678,0,27,0.379552,0.121016
26067,Ionia County,,MI,3852,66604,70456,9,9,18,2949,2566,5515,6,0.286038,0.299546,3.835336,0.00085,0.000689,56,0.000158,0,27,0.681818,0.005234
26069,Iosco County,,MI,1901,29457,31358,9,10,19,1120,841,1961,6,0.304248,0.320119,73.045967,0.002076,0.001938,56,0.000164,0,27,0.766667,0.01228
26071,Iron County,,MI,682,13624,14306,2,2,4,111,138,249,7,0.248416,0.256381,0,0.000027,0.000028,27,0.000119,0,27,1,0.000389
26073,Isabella County,,MI,4761,58538,63299,22,20,42,2763,2832,5595,6,0.333563,0.353907,636.715497,0.004325,0.003825,56,0.000299,0,27,0.549231,0.027539
26075,Jackson County,,MI,7683,177365,185048,17,22,39,4886,4656,9542,6,0.342827,0.364432,447.425638,0.00566,0.006003,56,0.000208,0,27,0.670996,0.035261
26077,Kalamazoo County,,MI,18622,261537,280159,44,60,104,10480,12780,23260,5,0.375145,0.404952,5420.416095,0.011647,0.024638,56,0.000522,0,27,0.378943,0.074725
26079,Kalkaska County,,MI,1427,19039,20466,5,4,9,614,668,1282,7,0.2551,0.264057,0.45,0.001465,0.000099,56,0.000126,0,27,0.766667,0.009242
26081,Kent County,,MI,34177,675802,709979,94,110,204,22335,26701,49036,6,0.392451,0.428536,50267.377824,0.032671,0.045611,56,0.001297,0,27,0.326853,0.229098
26083,Keweenaw County,,MI,153,2143,2296,1,1,2,72,69,141,8,0.198985,0.203058,0,0,0.000012,27,0.000125,0,27,0,0.000164
26085,Lake County,,MI,888,10555,11443,7,5,12,503,352,855,7,0.282034,0.294712,4.685489,0.001118,0.000337,56,0.000196,0,27,0.571429,0.007154
26087,Lapeer County,,MI,5853,106581,112434,7,12,19,4725,4002,8727,6,0.305047,0.321246,7.348454,0.002047,0.002486,56,0.000112,0,27,0.795455,0.011712
26089,Leelanau County,,MI,1595,25444,27039,5,3,8,797,721,1518,7,0.282006,0.294425,65.316951,0.00182,0.000317,56,0.000128,0,27,0.8,0.010979
26091,Lenawee County,,MI,5102,116180,121282,13,14,27,3950,2791,6741,6,0.333832,0.353619,149.127003,0.003507,0.003732,56,0.000164,0,27,0.716667,0.019217
26093,Livingston County,,MI,11036,201888,212924,22,21,43,11620,7160,18780,6,0.342827,0.364374,335.386917,0.006589,0.006594,56,0.000253,0,27,0.624615,0.04105
26095,Luce County,,MI,425,6501,6926,1,2,3,46,95,141,7,0.248522,0.256571,3.108462,0.000007,0.000044,56,0.000067,0,27,0.5,0.000137
26097,Mackinac County,,MI,1121,13791,14912,3,5,8,234,369,603,6,0.301371,0.316471,5825.398361,0.000868,0.000845,56,0.000097,0,27,0.1,0.005926
26099,Macomb County,,MI,42474,993216,1035690,63,98,161,38374,34661,73035,5,0.387679,0.422435,13182.243832,0.027001,0.041856,56,0.000722,0,27,0.350644,0.190071
26101,Manistee County,,MI,1609,28587,30196,10,5,15,818,523,1341,7,0.282061,0.294769,71.39871,0.002237,0.000356,56,0.000216,0,27,0.688889,0.013505
26103,Marquette County,,MI,3065,70838,73903,14,15,29,1117,1040,2157,6,0.330335,0.349621,30748.549686,0.003277,0.003209,27,0.000459,0,27,0.267974,0.020828
26105,Mason County,,MI,1597,32726,34323,8,6,14,785,649,1434,7,0.282006,0.294769,105.154752,0.002273,0.000418,56,0.000192,0,27,0.589286,0.014907
26107,Mecosta County,,MI,2953,39862,42815,13,10,23,2030,1482,3512,6,0.304375,0.320349,91.255701,0.00262,0.001744,56,0.000237,0,27,0.642857,0.015602
26109,Menominee County,,MI,1336,28309,29645,5,4,9,716,731,1447,7,0.260647,0.270445,77.929651,0.000096,0.000094,27,0.000202,0,27,0.7,0.001281
26111,Midland County,,MI,5482,100995,106477,14,21,35,2790,3011,5801,6,0.329959,0.349793,209.713338,0.003305,0.004404,56,0.000191,0,27,0.582251,0.019182
26113,Missaukee County,,MI,953,16318,17271,4,2,6,410,328,738,7,0.233368,0.240411,0.77619,0.000072,0.000038,56,0.000141,0,27,0.333333,0.000997
26115,Monroe County,,MI,8168,179311,187479,10,15,25,9156,5379,14535,6,0.342059,0.362708,100.710742,0.002678,0.004705,56,0.000139,0,27,0.714286,0.015351
26117,Montcalm County,,MI,4312,68670,72982,12,12,24,3661,3028,6689,6,0.285588,0.299288,19.738824,0.001598,0.000718,56,0.000206,0,27,0.628205,0.009884
26119,Montmorency County,,MI,708,10983,11691,4,3,7,297,206,503,6,0.298949,0.313036,2.396678,0.001425,0.000666,56,0.000112,0,27,0.666667,0.008854
26121,Muskegon County,,MI,6967,190413,197380,14,16,30,4411,4091,8502,6,0.341616,0.362191,729.945075,0.003887,0.004461,56,0.000226,0,27,0.581871,0.023336
26123,Newaygo County,,MI,3329,53389,56718,10,8,18,2569,2152,4721,7,0.282061,0.295114,12.661097,0.001276,0.000472,56,0.000209,0,27,0.6,0.008264
26125,Oakland County,,MI,84040,1409690,1493730,177,217,394,66815,73106,139921,5,0.426179,0.471585,106883.276685,0.076593,0.085198,56,0.002074,0,27,0.274208,0.523764
26127,Oceana County,,MI,1832,29784,31616,6,6,12,1253,1071,2324,7,0.286236,0.300124,25.939929,0.000748,0.000694,56,0.000149,0,27,0.733333,0.005521
26129,Ogemaw County,,MI,1468,23581,25049,10,10,20,958,678,1636,6,0.304088,0.319832,58.54693,0.002099,0.001687,56,0.000157,0,27,0.811111,0.012484
26131,Ontonagon County,,MI,367,8412,8779,1,1,2,51,44,95,9,0.160029,0.162417,0,0,0,27,0.00017,0,27,0,0.000097
26133,Osceola County,,MI,1780,25942,27722,10,7,17,1031,980,2011,6,0.299535,0.314501,1648.181174,0.002194,0.000969,56,0.000255,0,27,0.544444,0.013381
26135,Oscoda County,,MI,603,9577,10180,3,0,3,135,0,135,0,0,0,0,0.001631,0,56,0.000072,0,4,1,0.009398
26137,Otsego County,,MI,1937,28077,30014,11,12,23,989,752,1741,6,0.300186,0.315908,584.960956,0.002051,0.001415,56,0.000259,0,27,0.516484,0.012553
26139,Ottawa County,,MI,16360,290240,306600,35,34,69,12525,11956,24481,6,0.354169,0.378708,4283.550972,0.010191,0.011578,56,0.000477,0,27,0.423926,0.067009
26141,Presque Isle County,,MI,701,16292,16993,2,2,4,212,213,425,7,0.237029,0.244562,1.116667,0.000023,0.000036,56,0.000098,0,27,0,0.0004
26143,Roscommon County,,MI,1848,27631,29479,8,9,17,949,679,1628,6,0.30412,0.319775,814.719685,0.002074,0.00178,56,0.000138,0,27,0.611111,0.012108
26145,Saginaw County,,MI,9505,240411,249916,25,30,55,4979,6054,11033,6,0.344373,0.367563,1996.906519,0.005713,0.005805,56,0.00032,0,27,0.470968,0.036663
26147,St. Clair County,,MI,8435,197144,205579,10,17,27,6593,5559,12152,6,0.336114,0.356641,172.372372,0.003753,0.006371,56,0.000135,0,27,0.686275,0.022494
26149,St. Joseph County,,MI,3985,71246,75231,11,11,22,2071,2138,4209,6,0.287484,0.302298,237.735347,0.00271,0.000893,56,0.000173,0,27,0.634615,0.016589
26151,Sanilac County,,MI,2594,51505,54099,7,8,15,2062,1569,3631,6,0.299535,0.314386,0.987004,0.001844,0.001203,56,0.000113,0,27,0.847222,0.010963
26153,Schoolcraft County,,MI,422,9709,10131,2,1,3,100,54,154,8,0.207748,0.212817,4.559597,0.000008,0,27,0.000107,0,27,0,0.000241
26155,Shiawassee County,,MI,4622,86079,90701,11,11,22,3238,2841,6079,6,0.304279,0.320292,1.768763,0.002521,0.002142,56,0.000152,0,27,0.865385,0.014721
26157,Tuscola County,,MI,3428,69714,73142,10,8,18,2323,2146,4469,6,0.299443,0.314213,2.572804,0.002135,0.00109,56,0.000137,0,27,0.811111,0.012545
26159,Van Buren County,,MI,5618,84702,90320,12,11,23,4057,3650,7707,6,0.329061,0.347466,55.75399,0.003085,0.00227,56,0.000178,0,27,0.698718,0.019586
26161,Washtenaw County,,MI,30002,345642,375644,88,98,186,22053,22321,44374,5,0.396149,0.430943,9317.50843,0.042947,0.051077,56,0.0009,0,27,0.465001,0.28056
26163,Wayne County,,MI,93375,2083102,2176477,160,223,383,52800,81423,134223,5,0.430033,0.475755,93293.161937,0.070583,0.085656,56,0.001868,0,27,0.262151,0.492508
26165,Wexford County,,MI,2331,35616,37947,11,9,20,1356,1105,2461,6,0.301309,0.316506,2791.659885,0.002479,0.001167,56,0.000297,0,27,0.478022,0.014994
27001,Aitkin County,,MN,887,16872,17759,7,4,11,669,327,996,6,0.301184,0.315449,1.153968,0.001397,0.000692,58,0.000167,0,27,0.736111,0.009658
27003,Anoka County,,MN,27216,376084,403300,47,51,98,25937,22261,48198,6,0.359747,0.387217,11218.07317,0.010648,0.012293,58,0.00093,0,27,0.255248,0.079343
27005,Becker County,,MN,2064,41284,43348,9,10,19,1246,1089,2335,6,0.301999,0.317517,5870.108387,0.001361,0.00085,58,0.000316,0,27,0.583333,0.009643
27007,Beltrami County,,MN,2707,45516,48223,14,16,30,1352,1295,2647,6,0.334872,0.354918,9070.506488,0.001185,0.002572,58,0.0004,0,27,0.411765,0.010066
27009,Benton County,,MN,5460,54759,60219,12,15,27,4391,4178,8569,6,0.333794,0.353338,123.008049,0.001284,0.002625,58,0.000277,0,27,0.675,0.009582
27011,Big Stone County,,MN,381,6461,6842,0,0,0,0,0,0,0,0,0,0,0,0,57,0.00005,47,99,0,0
27013,Blue Earth County,,MN,5227,62745,67972,18,19,37,2992,3364,6356,6,0.334217,0.354372,7246.151512,0.002658,0.002625,58,0.000424,0,27,0.37619,0.020315
27015,Brown County,,MN,1632,33904,35536,7,6,13,575,604,1179,6,0.301403,0.316081,850.359745,0.000923,0.000922,58,0.000197,0,27,0.375,0.007632
27017,Carlton County,,MN,1848,39662,41510,6,7,13,1418,1025,2443,6,0.302471,0.317006,2.966917,0.001181,0.001059,58,0.000159,0,27,0.714286,0.008154
27019,Carver County,,MN,6969,93238,100207,16,12,28,7137,4691,11828,6,0.333678,0.352821,524.730198,0.004914,0.002545,58,0.000309,0,27,0.602941,0.035588
27021,Cass County,,MN,2896,40059,42955,16,11,27,2308,1789,4097,6,0.30266,0.31781,22.916239,0.001535,0.001122,58,0.000406,0,27,0.569853,0.011734
27023,Chippewa County,,MN,1044,17510,18554,5,7,12,373,479,852,6,0.301371,0.316138,9113.445707,0.000673,0.000711,58,0.000195,0,27,0.333333,0.005129
27025,Chisago County,,MN,4022,63242,67264,9,10,19,4586,2855,7441,6,0.30266,0.317695,2.882592,0.00154,0.001369,58,0.000195,0,27,0.790909,0.010974
27027,Clay County,,MN,3818,54639,58457,12,9,21,2879,2222,5101,6,0.306045,0.321952,1474.051092,0.001504,0.001471,58,0.000369,0,27,0.49359,0.0111
27029,Clearwater County,,MN,485,8088,8573,1,2,3,133,224,357,7,0.251017,0.259286,0,0.000021,0.000016,58,0.000072,0,27,0.5,0.000196
27031,Cook County,,MN,439,6025,6464,2,2,4,91,120,211,6,0.301121,0.315104,0,0.000686,0.000703,58,0.000088,0,27,1,0.005167
27033,Cottonwood County,,MN,773,15090,15863,3,1,4,192,66,258,8,0.189633,0.193618,2593.676394,0.000655,0,58,0.000109,0,27,0.166667,0.004913
27035,Crow Wing County,,MN,3468,57776,61244,19,13,32,2885,2042,4927,6,0.302755,0.318212,41.489939,0.001703,0.001375,58,0.000456,0,27,0.532164,0.013311
27037,Dakota County,,MN,35651,456654,492305,85,89,174,30408,28564,58972,5,0.388561,0.421177,44892.83532,0.028297,0.030065,58,0.001417,0,27,0.274529,0.202768
27039,Dodge County,,MN,1539,28028,29567,7,6,13,1100,888,1988,6,0.301371,0.315994,2.533333,0.000382,0.000767,58,0.000161,0,27,0.785714,0.003317
27041,Douglas County,,MN,2169,44606,46775,14,10,24,1429,1009,2438,6,0.303198,0.318557,2896.621643,0.001531,0.001311,58,0.00037,0,27,0.516484,0.011335
27043,Faribault County,,MN,1124,20016,21140,3,5,8,312,394,706,6,0.301371,0.31588,4.35,0.000037,0.000696,58,0.00013,0,27,0.7,0.00058
27045,Fillmore County,,MN,1442,26577,28019,4,6,10,707,802,1509,6,0.301591,0.316339,2930.297051,0.000117,0.000745,58,0.000112,0,27,0.466667,0.001076
27047,Freeborn County,,MN,1814,37876,39690,8,11,19,629,814,1443,6,0.303071,0.318442,4718.576153,0.000793,0.00124,58,0.000193,0,27,0.477273,0.006356
27049,Goodhue County,,MN,3085,52787,55872,9,9,18,1926,1832,3758,6,0.302755,0.317724,31.014248,0.00149,0.001325,58,0.000188,0,27,0.708333,0.010384
27051,Grant County,,MN,503,8294,8797,2,2,4,130,196,326,7,0.232825,0.239808,0,0.000022,0.000026,58,0.00011,0,27,1,0.000426
27053,Hennepin County,,MN,96889,1261950,1358839,243,235,478,69757,85966,155723,5,0.430735,0.477071,413064.29641,0.079473,0.078585,58,0.003907,0,27,0.186841,0.543686
27055,Houston County,,MN,1176,24969,26145,3,5,8,534,677,1211,6,0.301685,0.316425,8.360403,0.000065,0.000778,27,0.000099,0,27,0.85,0.000724
27057,Hubbard County,,MN,1070,15937,17007,6,4,10,571,411,982,6,0.301277,0.315621,3.166667,0.00079,0.000687,58,0.00018,0,27,0.666667,0.006175
27059,Isanti County,,MN,3136,42503,45639,13,11,24,3492,2276,5768,6,0.302692,0.317867,6.361832,0.001594,0.001316,58,0.000248,0,27,0.708791,0.011546
27061,Itasca County,,MN,2166,50639,52805,8,9,17,942,1016,1958,6,0.302692,0.317638,3.773752,0.001443,0.00133,58,0.000216,0,27,0.833333,0.010194
27063,Jackson County,,MN,615,13086,13701,2,3,5,137,157,294,7,0.233952,0.241456,2918.249383,0.000006,0.000008,58,0.00018,0,27,0,0.000237
27065,Kanabec County,,MN,1345,18884,20229,7,6,13,1029,750,1779,6,0.30244,0.316833,0.6,0.001163,0.001014,58,0.000157,0,27,0.904762,0.00805
27067,Kandiyohi County,,MN,2809,51582,54391,10,16,26,1103,1477,2580,6,0.335414,0.355607,2552.540467,0.001558,0.002524,58,0.000228,0,27,0.408497,0.011515
27069,Kittson County,,MN,287,5688,5975,0,0,0,0,0,0,0,0,0,0,0,0,59,0.00005,48,100,0,0
27071,Koochiching County,,MN,759,16324,17083,2,3,5,128,162,290,6,0.301215,0.315391,0,0.000686,0.000713,58,0.000088,0,27,1,0.005167
27073,Lac qui Parle County,,MN,454,8875,9329,1,1,2,54,49,103,7,0.231598,0.238021,0,0.000006,0.000006,58,0.000074,0,27,0,0.000138
27075,Lake County,,MN,746,14076,14822,2,1,3,310,254,564,7,0.256476,0.264936,0,0.000686,0.00005,58,0.000088,0,27,1,0.005167
27077,Lake of the Woods County,,MN,251,4620,4871,0,1,1,0,47,47,7,0.2319,0.238382,0,0,0,58,0.00005,0,101,0,0
27079,Le Sueur County,,MN,2284,36075,38359,10,9,19,1833,1361,3194,6,0.301497,0.316598,7.207553,0.001365,0.00101,58,0.000232,0,27,0.688889,0.009976
27081,Lincoln County,,MN,385,6645,7030,1,1,2,46,81,127,7,0.232638,0.239504,0,0.000009,0.000008,58,0.000071,0,27,0,0.000162
27083,Lyon County,,MN,2038,30174,32212,7,11,18,518,799,1317,6,0.303135,0.319212,12682.899214,0.000964,0.001037,58,0.000266,0,27,0.2,0.007725
27085,McLeod County,,MN,2474,45386,47860,13,11,24,1705,1343,3048,6,0.302692,0.317867,27.612765,0.001504,0.001265,58,0.000279,0,27,0.510989,0.011196
27087,Mahnomen County,,MN,349,4754,5103,1,1,2,65,72,137,7,0.231969,0.238636,0,0.000007,0.000011,58,0.000077,0,27,0,0.000181
27089,Marshall County,,MN,640,12559,13199,3,3,6,268,192,460,7,0.259319,0.268486,0,0.000048,0.00004,58,0.000137,0,27,1,0.000621
27091,Martin County,,MN,1348,26143,27491,6,4,10,377,295,672,6,0.301246,0.315564,4837.206759,0.000674,0.000676,58,0.000214,0,27,0.233333,0.005322
27093,Meeker County,,MN,1733,27922,29655,6,6,12,1028,988,2016,6,0.301277,0.315851,1.385714,0.000747,0.000735,58,0.00015,0,27,0.833333,0.005852
27095,Mille Lacs County,,MN,1909,25302,27211,8,12,20,1656,1222,2878,6,0.302629,0.317867,3.292857,0.001205,0.00111,58,0.000183,0,27,0.727273,0.008294
27097,Morrison County,,MN,2058,38991,41049,12,8,20,1355,1193,2548,6,0.302503,0.317178,2.645003,0.001494,0.000981,58,0.00028,0,27,0.810606,0.010892
27099,Mower County,,MN,2166,44702,46868,7,9,16,806,1045,1851,6,0.301873,0.317144,2550.016057,0.00101,0.000998,58,0.000164,0,27,0.527778,0.007646
27101,Murray County,,MN,531,11846,12377,2,4,6,133,229,362,7,0.261611,0.271755,7.416667,0.000015,0.000103,58,0.000108,0,27,0.5,0.000267
27103,Nicollet County,,MN,3127,29366,32493,10,9,19,2097,2065,4162,6,0.302692,0.317638,480.38273,0.001085,0.001216,58,0.000259,0,27,0.469697,0.007816
27105,Nobles County,,MN,1353,24210,25563,4,5,9,230,381,611,6,0.302913,0.317994,3371.836906,0.000066,0.000769,58,0.000216,0,27,0.233333,0.001142
27107,Norman County,,MN,518,8486,9004,3,3,6,219,242,461,7,0.25591,0.265378,0.952381,0.000063,0.00006,58,0.000159,0,27,0.833333,0.000847
27109,Olmsted County,,MN,9716,158477,168193,30,31,61,5155,5277,10432,6,0.35709,0.381547,10374.843132,0.00863,0.010172,58,0.000518,0,27,0.381746,0.062145
27111,Otter Tail County,,MN,3348,63685,67033,17,15,32,1886,1841,3727,6,0.303388,0.319476,4278.604055,0.001625,0.001348,58,0.000498,0,27,0.441176,0.012489
27113,Pennington County,,MN,966,15126,16092,5,7,12,378,504,882,7,0.26067,0.271267,440.948043,0.000053,0.00009,58,0.000227,0,27,0.452381,0.000807
27115,Pine County,,MN,1873,25888,27761,10,11,21,1576,1204,2780,6,0.302692,0.317867,5.973011,0.001545,0.001411,58,0.000216,0,27,0.672727,0.011103
27117,Pipestone County,,MN,670,9616,10286,2,2,4,94,140,234,7,0.261281,0.270807,0.5,0.000065,0.000094,28,0.000109,0,27,0.5,0.000948
27119,Polk County,,MN,2130,34285,36415,9,8,17,1100,1030,2130,6,0.302376,0.317735,7492.841779,0.000755,0.000741,58,0.000338,0,27,0.366667,0.006193
27121,Pope County,,MN,741,12448,13189,6,4,10,391,291,682,6,0.301215,0.315506,3.925548,0.000714,0.000704,58,0.000189,0,27,0.566667,0.005667
27123,Ramsey County,,MN,55286,539004,594290,90,112,202,34187,48046,82233,5,0.40653,0.441118,53578.495074,0.028901,0.045409,58,0.00151,0,27,0.31746,0.206694
27125,Red Lake County,,MN,303,4866,5169,2,2,4,142,174,316,7,0.232266,0.239142,0,0.000007,0.000007,58,0.000114,0,27,1,0.000259
27127,Redwood County,,MN,1013,19600,20613,4,4,8,342,361,703,6,0.301403,0.315793,8.925486,0.000668,0.000674,58,0.000135,0,27,0.583333,0.005111
27129,Renville County,,MN,1254,20221,21475,4,5,9,341,518,859,6,0.301277,0.315736,3.327381,0.000683,0.000692,58,0.000127,0,27,0.55,0.005186
27131,Rice County,,MN,3944,59322,63266,13,13,26,2628,2324,4952,6,0.302977,0.318557,48.168353,0.001636,0.00138,58,0.000266,0,27,0.598901,0.011928
27133,Rock County,,MN,722,11545,12267,2,2,4,204,265,469,7,0.261398,0.271037,1.698413,0.000065,0.000094,28,0.000132,0,27,0.666667,0.000954
27135,Roseau County,,MN,925,20260,21185,3,4,7,143,256,399,6,0.30181,0.316483,2988.233623,0.000022,0.000745,58,0.000142,0,27,0.466667,0.000388
27137,St. Louis County,,MN,9952,214626,224578,31,26,57,5086,5854,10940,6,0.344905,0.367052,6757.750172,0.006103,0.004821,58,0.000709,0,27,0.319073,0.046381
27139,Scott County,,MN,9364,118988,128352,17,21,38,11511,6528,18039,6,0.334217,0.354631,1017.424891,0.003423,0.002789,58,0.000342,0,27,0.428333,0.026053
27141,Sherburne County,,MN,6642,80053,86695,16,15,31,7747,4999,12746,6,0.333832,0.353395,150.787055,0.001675,0.002548,58,0.000361,0,27,0.631579,0.012907
27143,Sibley County,,MN,967,15037,16004,6,6,12,484,501,985,6,0.301246,0.315793,1.209774,0.000719,0.000754,58,0.000168,0,27,0.8,0.005935
27145,Stearns County,,MN,10290,142945,153235,29,26,55,7311,7531,14842,6,0.335919,0.357474,2026.868046,0.003961,0.0031,58,0.00066,0,27,0.363911,0.03052
27147,Steele County,,MN,2603,41177,43780,10,10,20,1516,1314,2830,6,0.302913,0.318097,33.959973,0.001063,0.001254,58,0.000218,0,27,0.672727,0.008495
27149,Stevens County,,MN,579,9719,10298,2,2,4,92,87,179,6,0.301121,0.315104,0,0.000652,0.000659,58,0.000105,0,27,1,0.004797
27151,Swift County,,MN,856,11471,12327,2,5,7,156,272,428,6,0.30134,0.315851,1.678114,0.000027,0.00069,58,0.000086,0,27,0.7,0.000334
27153,Todd County,,MN,1374,23788,25162,9,8,17,862,739,1601,6,0.301403,0.31631,7.302434,0.000829,0.000756,58,0.000273,0,27,0.666667,0.007041
27155,Traverse County,,MN,198,4370,4568,0,0,0,0,0,0,0,0,0,0,0,0,60,0.00005,49,102,0,0
27157,Wabasha County,,MN,1565,25789,27354,5,8,13,912,1027,1939,6,0.302787,0.317666,223.71523,0.001007,0.001222,58,0.000125,0,27,0.642857,0.007457
27159,Wadena County,,MN,855,11874,12729,3,5,8,272,387,659,6,0.301309,0.315793,1.133824,0.000663,0.000694,58,0.000122,0,27,0.6,0.005035
27161,Waseca County,,MN,1537,21121,22658,7,7,14,729,813,1542,6,0.301465,0.316282,3.742857,0.000718,0.000724,58,0.000181,0,27,0.738095,0.005827
27163,Washington County,,MN,20146,240908,261054,30,39,69,16105,15836,31941,6,0.357839,0.38319,3568.631595,0.011295,0.012002,58,0.000487,0,27,0.385835,0.080694
27165,Watonwan County,,MN,819,12383,13202,3,5,8,173,300,473,7,0.250843,0.259527,7.729858,0.000035,0.000049,58,0.000143,0,27,0.4,0.000587
27167,Wilkin County,,MN,647,8400,9047,4,4,8,311,398,709,7,0.255933,0.26555,1.540609,0.000068,0.000067,58,0.000211,0,27,0.833333,0.001021
27169,Winona County,,MN,3181,49867,53048,10,12,22,1139,1897,3036,6,0.332379,0.350839,2299.092047,0.001414,0.002327,58,0.000211,0,27,0.477273,0.009942
27171,Wright County,,MN,7389,112863,120252,17,21,38,8729,5486,14215,6,0.33414,0.354544,153.32954,0.001686,0.002741,58,0.000349,0,27,0.545455,0.013053
27173,Yellow Medicine County,,MN,647,10606,11253,2,2,4,139,188,327,7,0.23275,0.239935,6.566667,0.000014,0.000013,58,0.000095,0,27,0,0.000299
28001,Adams County,,MS,2344,33251,35595,4,14,18,386,1091,1477,6,0.317709,0.336677,8302.303823,0.000345,0.001623,62,0.000137,0,27,0.28022,0.002807
28003,Alcorn County,,MS,1842,37950,39792,9,7,16,1107,893,2000,6,0.304631,0.318574,5525.087334,0.000715,0.000681,21,0.000321,0,27,0.430556,0.006299
28005,Amite County,,MS,1167,16127,17294,4,5,9,490,605,1095,6,0.278193,0.290854,864.165037,0.000253,0.000312,62,0.000146,0,27,0.5,0.002044
28007,Attala County,,MS,1203,20905,22108,5,6,11,417,460,877,7,0.267004,0.278236,102.732097,0.000165,0.000197,62,0.000212,0,27,0.666667,0.002176
28009,Benton County,,MS,736,9602,10338,5,5,10,521,478,999,6,0.304248,0.317712,572.813043,0.000693,0.000729,21,0.000207,0,27,0.65,0.005735
28011,Bolivar County,,MS,2513,38071,40584,8,9,17,858,1211,2069,6,0.30569,0.320183,93.131463,0.001865,0.000929,21,0.000181,0,27,0.518182,0.013602
28013,Calhoun County,,MS,821,17182,18003,4,6,10,229,487,716,7,0.238001,0.246353,29.368898,0.000014,0.000025,21,0.00016,0,27,0.5,0.000464
28015,Carroll County,,MS,1092,14225,15317,3,4,7,582,601,1183,7,0.2345,0.241617,1135.902908,0.000015,0.000017,21,0.000124,0,27,0.5,0.000416
28017,Chickasaw County,,MS,1204,21861,23065,6,6,12,672,750,1422,7,0.237923,0.246124,36.658284,0.000024,0.000012,21,0.000211,0,27,0.533333,0.000751
28019,Choctaw County,,MS,621,7691,8312,3,3,6,204,225,429,7,0.237495,0.244768,236.327847,0.000013,0.000007,62,0.000126,0,27,0.5,0.000362
28021,Claiborne County,,MS,650,11097,11747,3,3,6,327,395,722,7,0.266808,0.277489,860.714313,0.000118,0.000108,62,0.00014,0,27,0.5,0.001182
28023,Clarke County,,MS,1607,25383,26990,5,7,12,921,990,1911,7,0.26971,0.28153,185.886247,0.000056,0.000237,62,0.000158,0,27,0.482143,0.000878
28025,Clay County,,MS,1184,22572,23756,6,6,12,688,607,1295,6,0.305272,0.319137,1666.758426,0.000076,0.000689,62,0.000188,0,27,0.547619,0.001014
28027,Coahoma County,,MS,1765,30890,32655,7,8,15,530,954,1484,6,0.305465,0.319694,2307.721907,0.001756,0.00087,21,0.000209,0,27,0.466667,0.012989
28029,Copiah County,,MS,1717,32472,34189,5,5,10,852,1024,1876,7,0.26698,0.278092,2740.261094,0.00121,0.000195,62,0.000142,0,27,0.595238,0.008832
28031,Covington County,,MS,1370,20693,22063,6,8,14,825,893,1718,6,0.276655,0.289624,103.76629,0.000042,0.000358,62,0.000179,0,27,0.589286,0.000944
28033,DeSoto County,,MS,10306,147750,158056,31,20,51,12039,5774,17813,6,0.339815,0.360358,8928.707649,0.007784,0.00401,21,0.000694,0,27,0.231092,0.060742
28035,Forrest County,,MS,8057,81659,89716,29,31,60,4560,5096,9656,6,0.326616,0.348478,19155.189492,0.001685,0.00359,62,0.000641,0,27,0.236975,0.016061
28037,Franklin County,,MS,416,7538,7954,2,2,4,158,91,249,7,0.241247,0.249368,1.275944,0.000015,0.000004,62,0.000081,0,27,0.5,0.000245
28039,George County,,MS,1364,23994,25358,5,3,8,847,685,1532,7,0.273524,0.285023,2902.597933,0.000626,0.000343,62,0.000134,0,27,0.7,0.005247
28041,Greene County,,MS,699,8862,9561,3,5,8,229,421,650,7,0.272394,0.284492,172.317176,0.000003,0.000226,62,0.000138,0,27,0.45,0.00034
28043,Grenada County,,MS,1579,24623,26202,7,12,19,660,790,1450,6,0.305819,0.320757,7108.54204,0.00002,0.000922,21,0.000227,0,27,0.326923,0.000879
28045,Hancock County,,MS,3481,46695,50176,11,8,19,2397,1874,4271,6,0.288685,0.302361,173.304951,0.002556,0.001277,62,0.000212,0,27,0.727273,0.019685
28047,Harrison County,,MS,18982,193172,212154,75,76,151,10804,10992,21796,5,0.38026,0.412513,32840.115721,0.033305,0.033105,62,0.001157,0,27,0.407237,0.250551
28049,Hinds County,,MS,16752,258762,275514,56,50,106,11520,12206,23726,6,0.363671,0.392112,71377.214753,0.012314,0.012633,62,0.001156,0,27,0.21523,0.09413
28051,Holmes County,,MS,1134,19164,20298,7,6,13,502,602,1104,6,0.305465,0.319407,1059.179277,0.000168,0.00081,62,0.000252,0,27,0.571429,0.002478
28053,Humphreys County,,MS,685,11135,11820,2,4,6,112,297,409,7,0.266906,0.277834,0.940853,0.000038,0.000124,62,0.000079,0,27,0.583333,0.000353
28055,Issaquena County,,MS,130,963,1093,0,0,0,0,0,0,0,0,0,0,0,0,61,0.00005,50,103,0,0
28057,Itawamba County,,MS,2081,30457,32538,7,9,16,1395,1503,2898,7,0.238119,0.246985,111.15711,0.000022,0.000019,21,0.000256,0,27,0.333333,0.00086
28059,Jackson County,,MS,10344,136403,146747,36,31,67,5916,5745,11661,6,0.351211,0.37579,8151.892125,0.016652,0.011788,62,0.000581,0,27,0.52439,0.124811
28061,Jasper County,,MS,1214,18415,19629,5,6,11,630,723,1353,7,0.250453,0.261004,22.508972,0.000038,0.000074,62,0.000148,0,27,0.533333,0.00074
28063,Jefferson County,,MS,346,6950,7296,2,2,4,116,138,254,7,0.242417,0.249993,0.783333,0.000014,0.000008,62,0.000098,0,27,0.5,0.000221
28065,Jefferson Davis County,,MS,924,13375,14299,5,6,11,291,566,857,7,0.267299,0.278856,266.011238,0.00014,0.000124,62,0.000151,0,27,0.566667,0.001513
28067,Jones County,,MS,3178,64357,67535,12,13,25,1835,1775,3610,6,0.281623,0.29557,5285.927397,0.000551,0.000628,62,0.000299,0,27,0.423077,0.005807
28069,Kemper County,,MS,784,12131,12915,3,3,6,320,410,730,7,0.258096,0.267403,1347.483152,0.00005,0.000038,62,0.000123,0,27,0.666667,0.00061
28071,Lafayette County,,MS,3300,34806,38106,15,11,26,1634,1361,2995,6,0.305916,0.320786,3500.742517,0.000985,0.000947,21,0.000454,0,27,0.366667,0.009652
28073,Lamar County,,MS,2901,35993,38894,14,9,23,2395,1641,4036,6,0.281541,0.294939,1728.737894,0.001009,0.000497,62,0.000321,0,27,0.461905,0.009582
28075,Lauderdale County,,MS,5476,75727,81203,18,22,40,2190,2538,4728,6,0.347425,0.370372,25042.752265,0.004624,0.006031,62,0.0004,0,27,0.341667,0.036981
28077,Lawrence County,,MS,946,15852,16798,5,8,13,305,557,862,7,0.267497,0.279517,188.144323,0.000006,0.000178,62,0.000162,0,27,0.5,0.000616
28079,Leake County,,MS,1254,22046,23300,7,6,13,835,798,1633,7,0.267004,0.278236,279.90503,0.000161,0.000197,62,0.000262,0,27,0.571429,0.002376
28081,Lee County,,MS,5727,85836,91563,18,20,38,3424,3661,7085,6,0.311667,0.329266,21914.599997,0.001295,0.001985,21,0.000555,0,27,0.268398,0.011765
28083,Leflore County,,MS,2176,31637,33813,10,11,21,1010,1217,2227,6,0.305787,0.320585,8420.977854,0.001872,0.000948,21,0.000236,0,27,0.435897,0.013724
28085,Lincoln County,,MS,1869,32860,34729,9,9,18,945,1032,1977,7,0.267497,0.279632,1403.530818,0.000202,0.000223,62,0.000238,0,27,0.422222,0.002499
28087,Lowndes County,,MS,4968,62696,67664,14,20,34,1552,1992,3544,6,0.346181,0.367862,19215.623559,0.003509,0.005468,62,0.000345,0,27,0.298419,0.026285
28089,Madison County,,MS,7764,82907,90671,31,14,45,6541,4848,11389,6,0.310999,0.327353,4143.49362,0.004605,0.001741,62,0.000714,0,27,0.262311,0.03704
28091,Marion County,,MS,1407,29729,31136,7,6,13,655,638,1293,6,0.276259,0.288705,395.585939,0.000056,0.000306,62,0.000192,0,27,0.357143,0.001075
28093,Marshall County,,MS,1965,25532,27497,5,7,12,1218,1459,2677,6,0.304279,0.318,94.454165,0.000701,0.000745,21,0.000188,0,27,0.571429,0.005804
28095,Monroe County,,MS,1889,38548,40437,6,8,14,970,1002,1972,7,0.270389,0.282533,503.889831,0.000068,0.000149,21,0.000187,0,27,0.444444,0.000956
28097,Montgomery County,,MS,732,11004,11736,2,2,4,178,264,442,7,0.234254,0.240795,0,0.000008,0,21,0.000093,0,27,1,0.000206
28099,Neshoba County,,MS,1494,30251,31745,7,7,14,880,736,1616,7,0.259876,0.270626,1522.968274,0.000056,0.000096,62,0.000254,0,27,0.410714,0.001066
28101,Newton County,,MS,1274,23051,24325,5,6,11,653,751,1404,7,0.2599,0.27054,147.28714,0.000091,0.000095,62,0.000179,0,27,0.5,0.001314
28103,Noxubee County,,MS,564,12811,13375,1,1,2,121,146,267,7,0.257181,0.265545,0,0.000045,0.000029,62,0.000065,0,27,0,0.000318
28105,Oktibbeha County,,MS,3864,34767,38631,11,12,23,1050,1373,2423,6,0.311032,0.327065,13433.169891,0.000888,0.001601,62,0.000302,0,27,0.385714,0.00751
28107,Panola County,,MS,1962,36841,38803,11,9,20,1357,1260,2617,6,0.305594,0.32001,2533.942759,0.001783,0.000849,21,0.00031,0,27,0.424242,0.013566
28109,Pearl River County,,MS,2751,49196,51947,10,10,20,2054,1498,3552,6,0.288743,0.302706,31.329255,0.001228,0.001308,62,0.000223,0,27,0.688889,0.010587
28111,Perry County,,MS,750,12170,12920,3,4,7,324,360,684,7,0.246349,0.255454,23.034296,0.000037,0.000027,62,0.000111,0,27,0.583333,0.000523
28113,Pike County,,MS,2394,36318,38712,9,13,22,1080,1368,2448,6,0.290536,0.305843,4762.839603,0.000447,0.001339,62,0.00023,0,27,0.380952,0.004376
28115,Pontotoc County,,MS,1558,23890,25448,7,5,12,1195,946,2141,7,0.237923,0.246009,41.995863,0.000026,0.00002,21,0.000258,0,27,0.547619,0.00095
28117,Prentiss County,,MS,1244,22486,23730,5,5,10,761,805,1566,7,0.237845,0.245848,19.705198,0.000028,0.000023,21,0.000228,0,27,0.7,0.000738
28119,Quitman County,,MS,551,8558,9109,3,3,6,236,251,487,7,0.234197,0.240824,0.2,0.00002,0.000035,21,0.000134,0,27,0.833333,0.000566
28121,Rankin County,,MS,9895,132075,141970,43,30,73,9299,6229,15528,6,0.332569,0.355843,21796.000399,0.006638,0.004671,62,0.000926,0,27,0.214539,0.051974
28123,Scott County,,MS,1601,26245,27846,7,6,13,861,900,1761,7,0.267053,0.278351,162.328964,0.00016,0.000196,62,0.000249,0,27,0.47619,0.002373
28125,Sharkey County,,MS,507,6286,6793,1,3,4,57,246,303,7,0.266881,0.277661,0,0.000031,0.000124,62,0.000063,0,27,1,0.000214
28127,Simpson County,,MS,1563,23140,24703,6,6,12,920,951,1871,7,0.267324,0.278885,897.443449,0.000177,0.00017,62,0.000166,0,27,0.533333,0.002076
28129,Smith County,,MS,825,13842,14667,4,7,11,397,563,960,7,0.250497,0.261233,4.464704,0.00001,0.000076,62,0.000134,0,27,0.571429,0.000487
28131,Stone County,,MS,864,11074,11938,4,5,9,543,528,1071,6,0.276154,0.288332,0.142857,0.000409,0.000454,62,0.000119,0,27,0.85,0.003759
28133,Sunflower County,,MS,1859,27412,29271,5,7,12,682,967,1649,6,0.305529,0.319666,759.684279,0.000696,0.000805,21,0.000128,0,27,0.642857,0.005436
28135,Tallahatchie County,,MS,841,14521,15362,5,6,11,287,403,690,6,0.304407,0.318086,853.468191,0.000676,0.000712,21,0.000145,0,27,0.517857,0.005306
28137,Tate County,,MS,2024,28285,30309,5,6,11,1468,1340,2808,6,0.304279,0.317885,2.003968,0.000701,0.000751,21,0.000177,0,27,0.8,0.005832
28139,Tippah County,,MS,1197,22103,23300,7,6,13,644,687,1331,6,0.304471,0.318201,1903.714569,0.00071,0.000675,21,0.000281,0,27,0.571429,0.00606
28141,Tishomingo County,,MS,1076,18224,19300,7,4,11,603,475,1078,7,0.234348,0.24145,48.177206,0.000034,0.000007,21,0.000241,0,27,0.404762,0.00098
28143,Tunica County,,MS,1331,11462,12793,7,6,13,877,917,1794,6,0.304248,0.317827,1310.824095,0.000709,0.000751,21,0.000225,0,27,0.619048,0.006192
28145,Union County,,MS,1621,25956,27577,8,5,13,1156,936,2092,7,0.237865,0.245894,92.661977,0.000075,0.00003,21,0.000305,0,27,0.464286,0.001682
28147,Walthall County,,MS,752,11039,11791,2,4,6,242,357,599,7,0.225373,0.23287,4.390007,0.000014,0.000013,62,0.000093,0,27,0.416667,0.000251
28149,Warren County,,MS,3125,56258,59383,11,10,21,1178,1269,2447,6,0.319881,0.33774,4644.698674,0.000869,0.001721,62,0.000327,0,27,0.320513,0.007313
28151,Washington County,,MS,3692,60612,64304,10,15,25,991,1605,2596,6,0.342099,0.363633,7627.766523,0.001847,0.003781,62,0.000226,0,27,0.380952,0.013729
28153,Wayne County,,MS,928,19039,19967,5,5,10,380,447,827,7,0.246453,0.255798,51.256224,0.000041,0.000021,62,0.000155,0,27,0.25,0.000736
28155,Webster County,,MS,794,12049,12843,3,4,7,277,303,580,7,0.23767,0.245371,24.363885,0.000019,0.000008,62,0.000134,0,27,0.333333,0.000374
28157,Wilkinson County,,MS,490,8455,8945,3,2,5,157,193,350,6,0.276312,0.287585,1.071429,0.000018,0.000208,62,0.000104,0,27,0.5,0.000336
28159,Winston County,,MS,1011,19588,20599,3,5,8,240,365,605,7,0.23767,0.245388,20.644321,0.000001,0.00001,62,0.000152,0,27,0.3,0.000306
28161,Yalobusha County,,MS,990,14633,15623,5,7,12,467,628,1095,6,0.304503,0.318373,4166.057483,0.000671,0.000745,21,0.000167,0,27,0.595238,0.005322
28163,Yazoo County,,MS,1529,26526,28055,6,5,11,529,666,1195,7,0.266906,0.27792,3.958129,0.000178,0.000202,62,0.00022,0,27,0.566667,0.002316
29001,Adair County,,MO,1926,22120,24046,4,7,11,413,535,948,6,0.301936,0.315759,14429.328585,0.000004,0.00074,64,0.000327,0,27,0.190476,0.000383
29003,Andrew County,,MO,1931,21274,23205,2,7,9,1264,1410,2674,7,0.272804,0.283768,0.5,0.00003,0.000196,64,0.000096,0,27,0.5,0.000352
29005,Atchison County,,MO,347,6756,7103,0,0,0,0,0,0,0,0,0,0,0,0,63,0.00005,51,104,0,0
29007,Audrain County,,MO,1734,28018,29752,8,6,14,751,789,1540,7,0.267225,0.278012,1633.198215,0.000985,0.000137,64,0.00024,0,27,0.411111,0.007769
29009,Barry County,,MO,2913,39440,42353,11,10,21,1725,1733,3458,7,0.276945,0.289835,126.145975,0.000838,0.000652,64,0.000346,0,27,0.527273,0.007908
29011,Barton County,,MO,1070,16461,17531,5,6,11,562,621,1183,7,0.274248,0.285997,28.478024,0.000236,0.000258,64,0.000173,0,27,0.466667,0.002442
29013,Bates County,,MO,1447,19690,21137,5,7,12,722,762,1484,6,0.297355,0.310427,41.656201,0.000959,0.000889,64,0.000145,0,27,0.571429,0.006775
29015,Benton County,,MO,1141,17876,19017,7,4,11,725,445,1170,6,0.293386,0.305481,16.363572,0.001131,0.000551,64,0.000169,0,27,0.785714,0.0081
29017,Bollinger County,,MO,839,12835,13674,5,5,10,460,523,983,7,0.249056,0.257565,29.744696,0.000032,0.000026,64,0.000227,0,27,0.45,0.000745
29019,Boone County,,MO,11572,144273,155845,48,40,88,6366,5907,12273,6,0.363899,0.390337,55793.789279,0.010992,0.011187,64,0.001047,0,27,0.25,0.08144
29021,Buchanan County,,MO,5759,90540,96299,15,18,33,3000,3435,6435,6,0.324606,0.343531,24371.51036,0.001765,0.003075,64,0.000435,0,27,0.353801,0.013325
29023,Butler County,,MO,2831,45832,48663,13,14,27,1398,1370,2768,6,0.303674,0.31939,20032.586959,0.001114,0.001131,64,0.000482,0,27,0.285714,0.009149
29025,Caldwell County,,MO,889,10906,11795,5,5,10,450,439,889,6,0.292646,0.304516,1636.034483,0.000559,0.000487,64,0.00017,0,27,0.566667,0.004074
29027,Callaway County,,MO,3234,43908,47142,7,11,18,1823,2001,3824,6,0.304056,0.319263,789.149558,0.001178,0.001585,64,0.000198,0,27,0.563636,0.009073
29029,Camden County,,MO,3593,40528,44121,16,15,31,1958,1832,3790,6,0.335919,0.35567,900.445387,0.002831,0.003409,64,0.000342,0,27,0.5,0.021044
29031,Cape Girardeau County,,MO,4658,76241,80899,21,19,40,3110,2434,5544,6,0.331316,0.351092,28273.423205,0.001461,0.002441,64,0.000626,0,27,0.268398,0.012559
29033,Carroll County,,MO,615,11455,12070,2,5,7,130,293,423,6,0.292617,0.304458,45.390082,0.000424,0.0005,64,0.00008,0,27,0.5,0.002918
29035,Carter County,,MO,529,6130,6659,1,2,3,99,195,294,7,0.232975,0.239781,0,0.000009,0.000009,64,0.00008,0,27,1,0.000184
29037,Cass County,,MO,7503,102103,109606,16,16,32,7500,5025,12525,6,0.335531,0.355383,1082.080942,0.003735,0.003224,64,0.000354,0,27,0.479532,0.028253
29039,Cedar County,,MO,1057,14029,15086,6,3,9,460,437,897,7,0.273834,0.284848,14.130883,0.000615,0.000173,64,0.000197,0,27,0.5,0.004674
29041,Chariton County,,MO,551,9541,10092,3,3,6,169,179,348,7,0.26693,0.276978,911.883957,0.0001,0.000095,64,0.000141,0,27,0.333333,0.001046
29043,Christian County,,MO,7391,74668,82059,25,16,41,6918,5198,12116,6,0.306433,0.322952,6129.719191,0.005623,0.001989,64,0.000667,0,27,0.309231,0.04271
29045,Clark County,,MO,446,8553,8999,1,1,2,70,89,159,7,0.223722,0.229343,0,0.000004,0.000001,27,0.000075,0,27,0,0.000111
29047,Clay County,,MO,18587,233534,252121,42,43,85,15788,13526,29314,6,0.374468,0.401781,32473.004956,0.013094,0.015777,64,0.000825,0,27,0.359216,0.095128
29049,Clinton County,,MO,1945,21275,23220,8,7,15,1508,1178,2686,6,0.292823,0.30509,2728.004686,0.000627,0.000568,64,0.000259,0,27,0.5,0.004971
29051,Cole County,,MO,5563,82176,87739,20,20,40,3172,3378,6550,6,0.332683,0.352746,10016.962982,0.003515,0.003469,64,0.000467,0,27,0.349638,0.025833
29053,Cooper County,,MO,1242,17882,19124,6,6,12,753,618,1371,6,0.293267,0.305429,124.045689,0.000142,0.000488,64,0.000204,0,27,0.571429,0.001726
29055,Crawford County,,MO,1704,26183,27887,9,7,16,1227,974,2201,6,0.301215,0.314834,1233.624319,0.001173,0.000934,64,0.00022,0,27,0.597222,0.009252
29057,Dade County,,MO,667,8887,9554,4,4,8,292,299,591,7,0.27386,0.284992,2.37699,0.000222,0.000173,64,0.000148,0,27,0.6,0.002285
29059,Dallas County,,MO,1173,16875,18048,8,5,13,753,654,1407,7,0.273808,0.285021,15.075181,0.000655,0.000223,64,0.000282,0,27,0.589286,0.005432
29061,Daviess County,,MO,652,9829,10481,5,5,10,319,253,572,7,0.226889,0.233275,3428.767897,0.000138,0.000014,64,0.000249,0,27,0.366667,0.001389
29063,DeKalb County,,MO,592,7899,8491,3,2,5,382,282,664,7,0.245141,0.252966,0.25,0.000032,0.00002,64,0.000114,0,27,0.666667,0.000457
29065,Dent County,,MO,917,13888,14805,2,4,6,194,406,600,7,0.273912,0.285136,3.828948,0.000023,0.000191,64,0.000098,0,27,0.666667,0.000395
29067,Douglas County,,MO,1050,14436,15486,7,7,14,630,615,1245,7,0.274119,0.285796,1288.755062,0.00021,0.000244,64,0.000278,0,27,0.571429,0.002439
29069,Dunklin County,,MO,2139,31925,34064,9,9,18,942,1175,2117,7,0.256544,0.267326,416.582873,0.00006,0.000046,21,0.000302,0,27,0.388889,0.001367
29071,Franklin County,,MO,5620,114063,119683,16,17,33,4409,3783,8192,6,0.306919,0.323555,495.909993,0.002827,0.002137,64,0.000364,0,27,0.479532,0.021001
29073,Gasconade County,,MO,1152,18119,19271,8,6,14,763,594,1357,6,0.301152,0.314604,567.656108,0.000933,0.0007,64,0.000219,0,27,0.472222,0.007445
29075,Gentry County,,MO,497,8057,8554,4,3,7,227,168,395,7,0.245162,0.253138,2540.526113,0.000032,0.000019,64,0.000167,0,27,0.5,0.000541
29077,Greene County,,MO,20678,263895,284573,76,66,142,14835,13792,28627,6,0.376802,0.407078,96775.151201,0.019988,0.022374,64,0.001646,0,27,0.257319,0.148596
29079,Grundy County,,MO,747,10633,11380,4,3,7,198,142,340,8,0.214603,0.220201,6079.842649,0.000417,0.000002,64,0.00022,0,27,0.05,0.003093
29081,Harrison County,,MO,528,9136,9664,2,2,4,86,84,170,8,0.197119,0.201639,5.67619,0,0.000001,64,0.00014,0,27,0,0.000209
29083,Henry County,,MO,1633,25051,26684,7,7,14,967,833,1800,6,0.292764,0.304849,9.208295,0.000505,0.000473,64,0.000199,0,27,0.547619,0.004111
29085,Hickory County,,MO,595,8605,9200,4,3,7,281,210,491,7,0.273757,0.284676,0,0.000606,0.000175,64,0.000166,0,27,0.916667,0.004451
29087,Holt County,,MO,354,6425,6779,3,2,5,175,104,279,7,0.2451,0.252851,0,0.000032,0.000019,64,0.000108,0,27,1,0.000447
29089,Howard County,,MO,792,10084,10876,2,4,6,317,443,760,7,0.266955,0.27715,0.333333,0.000096,0.00011,64,0.000102,0,27,0.666667,0.000927
29091,Howell County,,MO,2399,42828,45227,10,8,18,1046,954,2000,7,0.274093,0.285911,12879.633846,0.00022,0.000216,64,0.000443,0,27,0.311111,0.003133
29093,Iron County,,MO,891,10819,11710,4,3,7,357,426,783,7,0.23182,0.238373,0.69359,0.000908,0.000023,64,0.000134,0,27,0.65,0.006523
29095,Jackson County,,MO,45878,711689,757567,119,119,238,30883,36788,67671,5,0.413013,0.447604,118053.591109,0.045278,0.050575,64,0.002015,0,27,0.307759,0.325852
29097,Jasper County,,MO,7866,117021,124887,27,25,52,4703,4504,9207,6,0.338704,0.360381,11141.001061,0.009056,0.003797,64,0.000586,0,27,0.35914,0.065476
29099,Jefferson County,,MO,13868,244366,258234,20,25,45,13164,10519,23683,6,0.341013,0.362599,5361.000126,0.004447,0.004046,64,0.000453,0,27,0.330484,0.033658
29101,Johnson County,,MO,6286,50532,56818,14,16,30,2806,2772,5578,6,0.327464,0.345961,773.578528,0.004719,0.003993,64,0.00028,0,27,0.484211,0.03408
29103,Knox County,,MO,404,4880,5284,1,2,3,75,174,249,7,0.231969,0.23819,2.166667,0.000006,0,64,0.00009,0,27,0,0.000099
29105,Laclede County,,MO,2157,36627,38784,8,8,16,984,942,1926,6,0.278648,0.29071,39.542593,0.000317,0.000322,64,0.000268,0,27,0.513889,0.003024
29107,Lafayette County,,MO,2368,33620,35988,8,6,14,1481,1475,2956,6,0.292823,0.304791,16.69979,0.001139,0.000568,64,0.000198,0,27,0.642857,0.008302
29109,Lawrence County,,MO,2844,34737,37581,7,7,14,1688,1801,3489,6,0.293713,0.306371,60.351,0.000251,0.000681,64,0.00024,0,27,0.625,0.003119
29111,Lewis County,,MO,660,10560,11220,2,2,4,248,246,494,7,0.25528,0.263534,0,0.000036,0.000018,64,0.000099,0,27,1,0.000334
29113,Lincoln County,,MO,3470,50640,54110,8,9,17,3855,2281,6136,6,0.301779,0.315788,78.550948,0.001157,0.001293,64,0.000212,0,27,0.638889,0.009092
29115,Linn County,,MO,949,15908,16857,3,5,8,221,332,553,6,0.292882,0.30478,162.376789,0.000006,0.000483,64,0.000192,0,27,0.25,0.000322
29117,Livingston County,,MO,1007,15156,16163,6,3,9,416,240,656,7,0.272779,0.283085,7017.266063,0.000142,0.000111,64,0.000247,0,27,0.3,0.001473
29119,McDonald County,,MO,1842,19923,21765,8,6,14,1179,1135,2314,7,0.27905,0.29203,34.41903,0.000551,0.00059,64,0.000226,0,27,0.642857,0.006295
29121,Macon County,,MO,1063,18322,19385,5,6,11,343,491,834,6,0.293505,0.305831,11123.900561,0.000107,0.000467,64,0.000223,0,27,0.366667,0.001242
29123,Madison County,,MO,827,12721,13548,6,4,10,549,371,920,7,0.231969,0.238758,799.212576,0.00072,0.000018,64,0.000217,0,27,0.5,0.005441
29125,Maries County,,MO,512,9058,9570,5,4,9,351,241,592,6,0.266147,0.276307,68.864442,0.000132,0.000128,64,0.000159,0,27,0.45,0.001436
29127,Marion County,,MO,1859,32460,34319,8,8,16,884,903,1787,6,0.302282,0.316322,5970.248797,0.000993,0.000991,64,0.000275,0,27,0.303571,0.007668
29129,Mercer County,,MO,301,3750,4051,0,1,1,0,41,41,9,0.176736,0.179893,0,0,0.000003,64,0.00005,0,105,0,0
29131,Miller County,,MO,1695,24083,25778,7,6,13,1233,888,2121,6,0.278728,0.290653,290.218788,0.000917,0.000307,64,0.000175,0,27,0.638889,0.006873
29133,Mississippi County,,MO,895,13442,14337,3,3,6,339,407,746,7,0.248992,0.257151,0,0.000026,0.00002,64,0.000138,0,27,1,0.000494
29135,Moniteau County,,MO,999,15209,16208,5,4,9,576,495,1071,7,0.267004,0.277265,4.810456,0.000055,0.000134,64,0.000166,0,27,0.666667,0.000965
29137,Monroe County,,MO,618,10394,11012,4,5,9,315,341,656,7,0.267201,0.277684,1531.458188,0.000105,0.000111,64,0.000171,0,27,0.45,0.001274
29139,Montgomery County,,MO,911,13170,14081,7,7,14,645,517,1162,7,0.275133,0.287011,25.359619,0.000908,0.000372,64,0.000203,0,27,0.571429,0.00706
29141,Morgan County,,MO,1562,19420,20982,8,7,15,866,785,1651,6,0.293416,0.305831,597.999199,0.001667,0.000533,64,0.000205,0,27,0.666667,0.011667
29143,New Madrid County,,MO,1348,19029,20377,6,7,13,642,828,1470,7,0.249763,0.258926,58.817397,0.000027,0.00003,64,0.000233,0,27,0.619048,0.000811
29145,Newton County,,MO,3894,49740,53634,11,12,23,2585,2616,5201,6,0.300311,0.315184,596.625117,0.001172,0.0013,64,0.000303,0,27,0.560606,0.009879
29147,Nodaway County,,MO,1372,20548,21920,6,7,13,352,528,880,6,0.292823,0.30509,2753.854477,0.000573,0.000563,64,0.000207,0,27,0.52381,0.004203
29149,Oregon County,,MO,665,9278,9943,2,2,4,196,266,462,8,0.215704,0.221606,14.356849,0.000002,0.000002,64,0.000151,0,27,0,0.000238
29151,Osage County,,MO,741,14466,15207,2,3,5,287,350,637,7,0.249978,0.258369,1.358333,0.000042,0.000038,64,0.000086,0,27,0.5,0.000496
29153,Ozark County,,MO,718,8757,9475,2,4,6,152,314,466,7,0.274664,0.286078,14.235532,0.000004,0.000202,64,0.000131,0,27,0.666667,0.000254
29155,Pemiscot County,,MO,1208,18972,20180,4,6,10,358,584,942,7,0.253828,0.26339,126.140979,0.00002,0.000034,21,0.000155,0,27,0.4,0.000544
29157,Perry County,,MO,1029,20270,21299,6,5,11,531,508,1039,6,0.301559,0.315041,1144.857933,0.00007,0.000665,64,0.000224,0,27,0.52381,0.001136
29159,Pettis County,,MO,2975,44484,47459,10,14,24,1355,1620,2975,6,0.305884,0.321837,672.771171,0.001262,0.001855,64,0.000278,0,27,0.441667,0.009455
29161,Phelps County,,MO,3355,43034,46389,14,14,28,1701,1370,3071,6,0.305626,0.321309,2554.31302,0.001741,0.001892,64,0.000341,0,27,0.441667,0.01351
29163,Pike County,,MO,1041,18221,19262,5,4,9,436,389,825,7,0.273267,0.284294,397.054205,0.000889,0.000265,64,0.000174,0,27,0.5,0.006668
29165,Platte County,,MO,11357,86315,97672,23,16,39,8454,7893,16347,6,0.349139,0.370809,2539.56734,0.008292,0.005315,64,0.000413,0,27,0.539855,0.05935
29167,Polk County,,MO,2057,24977,27034,7,8,15,1182,1157,2339,6,0.293445,0.306055,136.655061,0.000622,0.000602,64,0.000304,0,27,0.464286,0.005159
29169,Pulaski County,,MO,7188,37819,45007,27,30,57,2225,2729,4954,5,0.351509,0.375129,8647.593789,0.009349,0.010009,64,0.000441,0,27,0.486631,0.065458
29171,Putnam County,,MO,353,5463,5816,0,1,1,0,46,46,7,0.221223,0.226533,0,0,0.000002,28,0.00005,0,106,0,0
29173,Ralls County,,MO,688,10181,10869,2,2,4,307,315,622,7,0.232191,0.238517,2.596825,0.000009,0.000015,64,0.000114,0,27,0.5,0.000325
29175,Randolph County,,MO,1486,24705,26191,8,7,15,806,665,1471,6,0.293564,0.306061,566.954334,0.000521,0.000502,64,0.000291,0,27,0.3,0.00421
29177,Ray County,,MO,1598,20828,22426,5,8,13,975,1148,2123,6,0.297508,0.310772,16.025274,0.000598,0.001035,64,0.000145,0,27,0.571429,0.004564
29179,Reynolds County,,MO,395,6343,6738,0,1,1,0,47,47,7,0.231715,0.237832,0,0,0.000011,64,0.00005,0,107,0,0
29181,Ripley County,,MO,793,13328,14121,3,2,5,351,262,613,7,0.233012,0.239896,1.083333,0.00001,0.000009,64,0.000147,0,27,0.666667,0.000379
29183,St. Charles County,,MO,21523,374829,396352,68,60,128,22873,15250,38123,6,0.37534,0.404901,33251.966128,0.029046,0.024475,64,0.00107,0,27,0.399228,0.204899
29185,St. Clair County,,MO,666,8435,9101,3,3,6,215,212,427,6,0.292381,0.303826,0.833333,0.000427,0.000381,64,0.000107,0,27,0.583333,0.003068
29186,Ste. Genevieve County,,MO,1537,23247,24784,8,8,16,1116,1031,2147,6,0.301497,0.31538,1132.281491,0.000751,0.000972,64,0.000265,0,27,0.533333,0.00579
29187,St. Francois County,,MO,3153,57497,60650,13,9,22,2827,1939,4766,6,0.301497,0.315495,5915.059314,0.001393,0.001195,64,0.000373,0,27,0.455128,0.011184
29189,St. Louis County,,MO,78996,1199199,1278195,183,196,379,57706,68411,126117,5,0.430288,0.471952,179955.703584,0.078337,0.081325,64,0.002485,0,27,0.280414,0.534538
29195,Saline County,,MO,1299,22565,23864,9,5,14,580,481,1061,6,0.293238,0.305257,335.242818,0.001704,0.000483,64,0.000219,0,27,0.458333,0.01246
29197,Schuyler County,,MO,265,4364,4629,1,1,2,48,103,151,7,0.231932,0.23796,0,0.000006,0,64,0.00009,0,27,0,0.000099
29199,Scotland County,,MO,234,4950,5184,0,0,0,0,0,0,0,0,0,0,0,0,65,0.00005,52,108,0,0
29201,Scott County,,MO,2979,44456,47435,9,8,17,1682,1825,3507,6,0.301685,0.315638,5535.765175,0.0009,0.000703,64,0.000295,0,27,0.444444,0.007167
29203,Shannon County,,MO,419,8036,8455,1,1,2,133,130,263,8,0.215144,0.220612,0,0.000002,0.000002,64,0.000098,0,27,0,0.000133
29205,Shelby County,,MO,498,7501,7999,3,3,6,157,168,325,7,0.267029,0.277121,328.357119,0.000005,0.000096,64,0.000149,0,27,0.5,0.000305
29207,Stoddard County,,MO,1873,31705,33578,6,6,12,1017,941,1958,7,0.24957,0.258553,17.552748,0.000036,0.00003,64,0.000234,0,27,0.7,0.0009
29209,Stone County,,MO,2852,27534,30386,6,6,12,1382,1616,2998,7,0.273989,0.285452,57.44606,0.000885,0.000251,64,0.000216,0,27,0.547619,0.006902
29211,Sullivan County,,MO,595,6934,7529,2,1,3,91,102,193,7,0.231932,0.23796,275.967248,0.000006,0,64,0.000153,0,27,0,0.000218
29213,Taney County,,MO,4045,40678,44723,11,6,17,1604,1567,3171,6,0.293772,0.306314,1253.285486,0.003423,0.000597,64,0.000277,0,27,0.469697,0.024849
29215,Texas County,,MO,1448,19492,20940,7,7,14,617,631,1248,6,0.278755,0.290796,66.835131,0.00029,0.000263,64,0.000235,0,27,0.5,0.002711
29217,Vernon County,,MO,1390,21199,22589,7,8,15,581,567,1148,6,0.293832,0.306687,103.495156,0.000488,0.000661,64,0.000226,0,27,0.392857,0.0043
29219,Warren County,,MO,2158,28088,30246,6,5,11,2187,1405,3592,6,0.301027,0.314259,21.080745,0.000934,0.000923,64,0.000155,0,27,0.833333,0.007236
29221,Washington County,,MO,1290,20277,21567,6,7,13,908,836,1744,6,0.301121,0.314662,1114.93412,0.000737,0.000738,64,0.000195,0,27,0.619048,0.005645
29223,Wayne County,,MO,639,8298,8937,3,1,4,179,135,314,7,0.232956,0.239609,0,0.000711,0.000009,64,0.000106,0,27,1,0.005029
29225,Webster County,,MO,2150,29821,31971,6,6,12,1581,1405,2986,7,0.27386,0.285251,2.677778,0.000212,0.000222,64,0.000235,0,27,0.690476,0.002361
29227,Worth County,,MO,129,2251,2380,0,0,0,0,0,0,0,0,0,0,0,0,66,0.00005,53,109,0,0
29229,Wright County,,MO,1356,17397,18753,7,7,14,631,841,1472,7,0.273964,0.285567,5.826068,0.000211,0.000221,64,0.000278,0,27,0.714286,0.002472
29510,St. Louis city,,MO,36980,307855,344835,55,49,104,25181,31660,56841,6,0.380959,0.409411,12458.684123,0.028924,0.027184,64,0.000785,0,27,0.545221,0.201856
30001,Beaverhead County,,MT,878,8865,9743,2,3,5,96,172,268,7,0.263392,0.273502,0,0.000055,0.00022,4,0.000096,0,27,1,0.000577
30003,Big Horn County,,MT,751,12258,13009,2,2,4,263,324,587,7,0.258119,0.267377,0,0.000084,0.000095,4,0.000139,0,27,1,0.000941
30005,Blaine County,,MT,549,6798,7347,1,2,3,70,140,210,7,0.258188,0.267521,0,0.000004,0.000095,4,0.000072,0,27,0.5,0.000111
30007,Broadwater County,,MT,347,4414,4761,2,1,3,172,87,259,7,0.250713,0.258522,0,0.000118,0.00004,4,0.000098,0,27,1,0.001393
30009,Carbon County,,MT,1078,10784,11862,2,4,6,359,478,837,7,0.260999,0.271451,6.844087,0.000085,0.000213,4,0.000107,0,27,0.5,0.000954
30011,Carter County,,MT,65,1358,1423,0,0,0,0,0,0,0,0,0,0,0,0,67,0.00005,54,110,0,0
30013,Cascade County,,MT,7020,90030,97050,30,29,59,2751,3062,5813,6,0.345934,0.369378,32528.521899,0.010201,0.00896,4,0.000712,0,27,0.40084,0.076147
30015,Chouteau County,,MT,309,5216,5525,1,1,2,72,89,161,7,0.257044,0.265964,0,0.000074,0.000084,4,0.000071,0,27,0,0.000732
30017,Custer County,,MT,789,12797,13586,3,2,5,202,167,369,7,0.258119,0.267377,5.570112,0.000171,0.000095,4,0.00016,0,27,0.666667,0.001903
30019,Daniels County,,MT,194,2309,2503,0,0,0,0,0,0,0,0,0,0,0,0,68,0.00005,55,111,0,0
30021,Dawson County,,MT,694,9938,10632,1,1,2,74,78,152,7,0.258096,0.267205,0,0.000083,0.000094,4,0.00008,0,27,0,0.000839
30023,Deer Lodge County,,MT,555,9941,10496,1,2,3,109,143,252,7,0.260881,0.270198,0,0.000024,0.000102,4,0.00007,0,27,1,0.000146
30025,Fallon County,,MT,174,3374,3548,0,0,0,0,0,0,0,0,0,0,0,0,69,0.00005,56,112,0,0
30027,Fergus County,,MT,799,13138,13937,2,3,5,124,218,342,7,0.262131,0.272801,0,0.000157,0.000295,4,0.000101,0,27,1,0.001571
30029,Flathead County,,MT,5164,90290,95454,29,21,50,3038,2203,5241,6,0.339735,0.361105,6050.917417,0.011234,0.006449,4,0.000537,0,27,0.554839,0.082152
30031,Gallatin County,,MT,6946,78280,85226,41,30,71,3999,2974,6973,6,0.349729,0.373911,25470.002492,0.014289,0.010594,4,0.000753,0,27,0.402926,0.104166
30033,Garfield County,,MT,91,1374,1465,0,0,0,0,0,0,0,0,0,0,0,0,70,0.00005,57,113,0,0
30035,Glacier County,,MT,686,13966,14652,4,3,7,235,222,457,7,0.26251,0.272473,11.64039,0.000184,0.000194,4,0.000148,0,27,0.5,0.00186
30037,Golden Valley County,,MT,58,1096,1154,0,0,0,0,0,0,0,0,0,0,0,0,71,0.00005,58,114,0,0
30039,Granite County,,MT,314,3153,3467,1,1,2,75,85,160,7,0.260787,0.269854,0,0.000094,0.000099,4,0.000071,0,27,0,0.000843
30041,Hill County,,MT,1234,18116,19350,4,6,10,253,529,782,7,0.26583,0.27734,2971.149643,0.000159,0.000434,4,0.00015,0,27,0.738095,0.002028
30043,Jefferson County,,MT,1059,11317,12376,3,4,7,565,504,1069,7,0.263464,0.27376,0,0.000142,0.00026,4,0.000118,0,27,1,0.001539
30045,Judith Basin County,,MT,175,2309,2484,0,1,1,0,42,42,7,0.257087,0.266045,0,0,0.000084,4,0.00005,0,115,0,0
30047,Lake County,,MT,1695,26294,27989,8,8,16,839,701,1540,6,0.3115,0.327651,526.048467,0.001349,0.001907,4,0.000234,0,27,0.583333,0.011106
30049,Lewis and Clark County,,MT,4212,65816,70028,17,14,31,2221,2055,4276,6,0.334563,0.354188,10343.13333,0.004906,0.00382,4,0.000438,0,27,0.506536,0.039777
30051,Liberty County,,MT,154,2340,2494,0,0,0,0,0,0,0,0,0,0,0,0,72,0.00005,59,116,0,0
30053,Lincoln County,,MT,1442,19000,20442,4,3,7,363,409,772,6,0.272522,0.284867,0,0.000794,0.000441,4,0.000115,0,27,0.916667,0.006027
30055,McCone County,,MT,98,1778,1876,0,0,0,0,0,0,0,0,0,0,0,0,73,0.00005,60,117,0,0
30057,Madison County,,MT,519,6570,7089,1,1,2,65,77,142,7,0.259134,0.268279,0,0.000087,0.000117,4,0.000072,0,27,0,0.000962
30059,Meagher County,,MT,141,2376,2517,0,0,0,0,0,0,0,0,0,0,0,0,74,0.00005,61,118,0,0
30061,Mineral County,,MT,499,4372,4871,1,1,2,148,134,282,7,0.260787,0.269854,0,0.000094,0.000099,4,0.000071,0,27,0,0.000843
30063,Missoula County,,MT,9152,103552,112704,37,33,70,4861,5040,9901,6,0.352748,0.376979,31939.217424,0.011997,0.011478,4,0.000814,0,27,0.417538,0.088886
30065,Musselshell County,,MT,414,4535,4949,1,1,2,102,127,229,7,0.258096,0.267205,0,0.000083,0.000094,4,0.00008,0,27,0,0.000839
30067,Park County,,MT,1486,16471,17957,2,3,5,357,513,870,7,0.260764,0.270928,1610.458845,0.000089,0.000211,4,0.000099,0,27,0.333333,0.001077
30069,Petroleum County,,MT,0,0,0,0,0,0,0,0,0,0,0,0,0,0,0,75,0.00005,62,119,0,0
30071,Phillips County,,MT,336,4703,5039,0,1,1,0,55,55,7,0.258139,0.267285,0,0,0.000094,4,0.00005,0,120,0,0
30073,Pondera County,,MT,531,7149,7680,1,2,3,58,145,203,7,0.25709,0.266194,0,0.000074,0.000085,4,0.000071,0,27,1,0.000732
30075,Powder River County,,MT,110,1709,1819,0,0,0,0,0,0,0,0,0,0,0,0,76,0.00005,63,121,0,0
30077,Powell County,,MT,481,5775,6256,1,3,4,46,169,215,7,0.260975,0.270514,0,0.000094,0.000142,4,0.000071,0,27,1,0.000843
30079,Prairie County,,MT,66,1379,1445,0,0,0,0,0,0,0,0,0,0,0,0,77,0.00005,64,122,0,0
30081,Ravalli County,,MT,2941,37683,40624,12,8,20,1509,1122,2631,6,0.331922,0.350345,2.512805,0.006468,0.001933,4,0.000238,0,27,0.917582,0.048134
30083,Richland County,,MT,695,10844,11539,1,2,3,67,164,231,7,0.25918,0.268819,58.025725,0.000083,0.000095,58,0.00008,0,27,0,0.000839
30085,Roosevelt County,,MT,590,11504,12094,1,1,2,69,65,134,7,0.258096,0.267205,0,0.000083,0.000094,4,0.00008,0,27,0,0.000839
30087,Rosebud County,,MT,818,10714,11532,3,3,6,160,312,472,7,0.258142,0.26755,1,0.000084,0.000096,4,0.000207,0,27,0.666667,0.001047
30089,Sanders County,,MT,725,10235,10960,3,3,6,212,193,405,7,0.260928,0.270371,0,0.000163,0.000202,4,0.000118,0,27,1,0.001806
30091,Sheridan County,,MT,217,4315,4532,0,0,0,0,0,0,0,0,0,0,0,0,78,0.00005,65,123,0,0
30093,Silver Bow County,,MT,2360,35548,37908,10,13,23,797,935,1732,6,0.333372,0.352919,4393.689589,0.000428,0.002875,4,0.000294,0,27,0.489011,0.004971
30095,Stillwater County,,MT,892,9668,10560,2,3,5,310,336,646,7,0.258579,0.268469,1350.763488,0.000085,0.000148,4,0.000103,0,27,0.166667,0.000938
30097,Sweet Grass County,,MT,320,3677,3997,2,0,2,90,0,90,0,0,0,0,0.000003,0,4,0.000108,0,7,0,0.0002
30099,Teton County,,MT,525,7457,7982,1,1,2,122,168,290,7,0.257044,0.265964,0,0.000074,0.000084,4,0.000071,0,27,0,0.000732
30101,Toole County,,MT,400,5399,5799,0,1,1,0,51,51,7,0.257087,0.266045,0,0,0.000084,4,0.00005,0,124,0,0
30103,Treasure County,,MT,0,0,0,0,0,0,0,0,0,0,0,0,0,0,0,79,0.00005,66,125,0,0
30105,Valley County,,MT,466,8492,8958,0,1,1,0,41,41,7,0.258139,0.267285,0,0,0.000094,4,0.00005,0,126,0,0
30107,Wheatland County,,MT,170,2213,2383,0,0,0,0,0,0,0,0,0,0,0,0,80,0.00005,67,127,0,0
30109,Wibaux County,,MT,69,1134,1203,0,0,0,0,0,0,0,0,0,0,0,0,81,0.00005,68,128,0,0
30111,Yellowstone County,,MT,8116,151470,159586,47,37,84,4801,4041,8842,6,0.347842,0.372171,71366.122764,0.011426,0.010086,4,0.001282,0,27,0.26449,0.086046
31001,Adams County,,NE,2146,33923,36069,7,7,14,616,914,1530,6,0.332645,0.350569,11944.993921,0.000205,0.00167,28,0.000331,0,27,0.347222,0.002014
31003,Antelope County,,NE,512,8892,9404,1,2,3,88,182,270,7,0.275997,0.286686,0,0.000015,0.00016,28,0.000077,0,27,1,0.000249
31005,Arthur County,,NE,0,0,0,0,0,0,0,0,0,0,0,0,0,0,0,82,0.00005,69,129,0,0
31007,Banner County,,NE,88,968,1056,0,0,0,0,0,0,0,0,0,0,0,0,83,0.00005,70,130,0,0
31009,Blaine County,,NE,0,0,0,0,0,0,0,0,0,0,0,0,0,0,0,84,0.00005,71,131,0,0
31011,Boone County,,NE,311,7071,7382,0,0,0,0,0,0,0,0,0,0,0,0,85,0.00005,72,132,0,0
31013,Box Butte County,,NE,1004,14417,15421,0,3,3,0,209,209,7,0.275882,0.286673,0,0,0.000152,28,0.00005,0,133,0.833333,0
31015,Boyd County,,NE,142,2969,3111,0,0,0,0,0,0,0,0,0,0,0,0,86,0.00005,73,134,0,0
31017,Brown County,,NE,259,3967,4226,0,0,0,0,0,0,0,0,0,0,0,0,87,0.00005,74,135,0,0
31019,Buffalo County,,NE,3544,47995,51539,15,13,28,1719,1781,3500,6,0.333832,0.352809,28468.103477,0.000606,0.002107,28,0.000592,0,27,0.212418,0.005486
31021,Burt County,,NE,551,9077,9628,3,4,7,285,241,526,7,0.290071,0.301756,21.313258,0.000395,0.000357,28,0.000123,0,27,0.75,0.002854
31023,Butler County,,NE,805,12510,13315,3,5,8,280,416,696,7,0.290973,0.303244,2.25,0.000175,0.000498,28,0.000112,0,27,0.566667,0.001419
31025,Cass County,,NE,2385,30201,32586,6,5,11,1707,1431,3138,6,0.296414,0.308813,3.98582,0.00074,0.000642,28,0.000178,0,27,0.766667,0.005372
31027,Cedar County,,NE,671,13084,13755,2,5,7,110,347,457,7,0.291236,0.303732,114.197775,0.000016,0.000506,28,0.000104,0,27,0.55,0.000358
31029,Chase County,,NE,351,4956,5307,0,0,0,0,0,0,0,0,0,0,0,0,88,0.00005,75,136,0,0
31031,Cherry County,,NE,465,6997,7462,0,1,1,0,45,45,8,0.203764,0.208123,0,0,0,28,0.00005,0,137,0,0
31033,Cheyenne County,,NE,829,11825,12654,2,1,3,86,50,136,7,0.275577,0.285882,13.506259,0.000027,0.000141,28,0.000092,0,27,0.333333,0.000376
31035,Clay County,,NE,500,7851,8351,1,2,3,88,168,256,7,0.275629,0.286112,0,0.000014,0.000143,28,0.000091,0,27,1,0.000118
31037,Colfax County,,NE,1031,15010,16041,1,6,7,141,595,736,7,0.291236,0.303847,0,0.000004,0.000517,28,0.000076,0,27,0.8,0.000139
31039,Cuming County,,NE,720,12656,13376,3,3,6,169,230,399,7,0.290274,0.302014,6.202381,0.000184,0.00037,28,0.000128,0,27,0.75,0.001458
31041,Custer County,,NE,750,13805,14555,2,3,5,118,186,304,7,0.275787,0.286514,0,0.000022,0.000167,28,0.000121,0,27,1,0.000305
31043,Dakota County,,NE,2415,23966,26381,3,7,10,1024,1389,2413,7,0.293208,0.306587,1760.181208,0.000065,0.000615,28,0.000144,0,27,0.375,0.000564
31045,Dawes County,,NE,929,8858,9787,3,5,8,176,250,426,7,0.292292,0.304973,3161.71783,0.000009,0.000571,28,0.000179,0,27,0.333333,0.000363
31047,Dawson County,,NE,2198,28816,31014,8,7,15,547,825,1372,6,0.33364,0.351454,4492.713587,0.002569,0.001608,28,0.000257,0,27,0.411111,0.018106
31049,Deuel County,,NE,200,2294,2494,0,0,0,0,0,0,0,0,0,0,0,0,89,0.00005,76,138,0,0
31051,Dixon County,,NE,476,6958,7434,3,2,5,186,153,339,8,0.226889,0.233124,45.002968,0.000074,0.000001,28,0.000115,0,27,0.333333,0.000568
31053,Dodge County,,NE,2518,41863,44381,10,9,19,1271,1379,2650,6,0.332645,0.35077,504.825923,0.00075,0.001796,28,0.000286,0,27,0.427273,0.005819
31055,Douglas County,,NE,32976,558462,591438,118,113,231,23711,24140,47851,6,0.408304,0.442738,167458.111761,0.041904,0.045734,28,0.00222,0,27,0.289368,0.297704
31057,Dundy County,,NE,140,2438,2578,0,0,0,0,0,0,0,0,0,0,0,0,90,0.00005,77,139,0,0
31059,Fillmore County,,NE,442,8669,9111,2,2,4,93,186,279,7,0.275577,0.285997,0,0.00017,0.000142,28,0.000105,0,27,1,0.001297
31061,Franklin County,,NE,287,4169,4456,1,1,2,48,48,96,7,0.250324,0.257936,0,0,0.000005,28,0.000088,0,27,1,0.000091
31063,Frontier County,,NE,302,3045,3347,1,1,2,45,62,107,8,0.225759,0.231591,0,0.000004,0.000005,28,0.000082,0,27,0,0.000144
31065,Furnas County,,NE,482,6125,6607,1,2,3,49,92,141,7,0.250388,0.258194,529.855004,0.000004,0.000005,28,0.000069,0,27,0.166667,0.000102
31067,Gage County,,NE,1553,27348,28901,3,5,8,689,759,1448,7,0.290885,0.303071,42.166883,0.000168,0.000493,28,0.000151,0,27,0.45,0.001415
31069,Garden County,,NE,201,2404,2605,0,0,0,0,0,0,0,0,0,0,0,0,91,0.00005,78,140,0,0
31071,Garfield County,,NE,156,2338,2494,0,0,0,0,0,0,0,0,0,0,0,0,92,0.00005,79,141,0,0
31073,Gosper County,,NE,197,2201,2398,1,0,1,48,0,48,0,0,0,0,0.000013,0,28,0.000082,0,0,0,0.000244
31075,Grant County,,NE,96,1145,1241,0,0,0,0,0,0,0,0,0,0,0,0,93,0.00005,80,142,0,0
31077,Greeley County,,NE,274,3462,3736,0,1,1,0,42,42,7,0.250908,0.258519,0,0,0.000024,28,0.00005,0,143,0,0
31079,Hall County,,NE,4019,62426,66445,14,11,25,1810,1980,3790,6,0.334834,0.353746,15320.553394,0.002868,0.002018,28,0.000493,0,27,0.316667,0.021801
31081,Hamilton County,,NE,893,12042,12935,3,6,9,298,499,797,7,0.291031,0.303473,92.953296,0.000187,0.000512,28,0.000143,0,27,0.566667,0.001585
31083,Harlan County,,NE,278,3981,4259,2,1,3,92,42,134,8,0.216218,0.221346,0.5,0.000001,0,28,0.000121,0,27,0,0.000185
31085,Hayes County,,NE,57,1306,1363,0,0,0,0,0,0,0,0,0,0,0,0,94,0.00005,81,144,0,0
31087,Hitchcock County,,NE,280,3363,3643,1,1,2,73,76,149,8,0.225566,0.231223,0,0.000004,0.000001,28,0.000069,0,27,0,0.000102
31089,Holt County,,NE,705,12376,13081,0,3,3,0,163,163,7,0.291102,0.303225,0,0,0.000505,28,0.00005,0,145,1,0
31091,Hooker County,,NE,62,1070,1132,0,0,0,0,0,0,0,0,0,0,0,0,95,0.00005,82,146,0,0
31093,Howard County,,NE,544,7428,7972,1,1,2,207,200,407,7,0.250865,0.258436,0,0.000017,0.000024,28,0.000089,0,27,0,0.000288
31095,Jefferson County,,NE,531,9290,9821,2,2,4,231,181,412,7,0.275577,0.285997,0,0.00017,0.000142,28,0.000101,0,27,1,0.001294
31097,Johnson County,,NE,338,5279,5617,3,1,4,188,65,253,7,0.275551,0.285824,0,0.000175,0.000141,28,0.000124,0,27,0.666667,0.001424
31099,Kearney County,,NE,468,7028,7496,1,2,3,151,181,332,7,0.250345,0.258108,2952,0.000017,0.000005,28,0.000089,0,27,0.5,0.000161
31101,Keith County,,NE,727,9478,10205,1,3,4,97,191,288,7,0.275813,0.286571,0,0.000004,0.000151,28,0.000082,0,27,1,0.000144
31103,Keya Paha County,,NE,74,1180,1254,0,0,0,0,0,0,0,0,0,0,0,0,96,0.00005,83,147,0,0
31105,Kimball County,,NE,324,4115,4439,0,0,0,0,0,0,0,0,0,0,0,0,97,0.00005,84,148,0,0
31107,Knox County,,NE,453,9854,10307,2,1,3,103,43,146,7,0.250237,0.257907,0,0.000015,0.000019,28,0.00011,0,27,1,0.000341
31109,Lancaster County,,NE,16854,296826,313680,73,64,137,9679,9774,19453,6,0.380309,0.409732,132305.836692,0.017153,0.020188,28,0.001854,0,27,0.187819,0.124889
31111,Lincoln County,,NE,2263,40868,43131,9,9,18,813,872,1685,7,0.291558,0.304709,10322.814761,0.000602,0.000547,28,0.000335,0,27,0.377778,0.004922
31113,Logan County,,NE,86,891,977,0,0,0,0,0,0,0,0,0,0,0,0,98,0.00005,85,149,0,0
31115,Loup County,,NE,0,0,0,0,0,0,0,0,0,0,0,0,0,0,0,99,0.00005,86,150,0,0
31117,McPherson County,,NE,0,0,0,0,0,0,0,0,0,0,0,0,0,0,0,100,0.00005,87,151,0,0
31119,Madison County,,NE,3413,45345,48758,14,15,29,1246,1623,2869,6,0.333717,0.35301,28344.322354,0.002349,0.001845,28,0.000475,0,27,0.207895,0.017215
31121,Merrick County,,NE,618,8577,9195,2,2,4,192,200,392,7,0.275629,0.286112,0,0.000021,0.000165,28,0.000109,0,27,1,0.000395
31123,Morrill County,,NE,409,5373,5782,1,1,2,106,160,266,7,0.228084,0.234259,0,0.000008,0.000011,28,0.000074,0,27,0,0.000182
31125,Nance County,,NE,278,4028,4306,1,1,2,60,62,122,8,0.225653,0.231464,0,0.000004,0.000005,28,0.000076,0,27,0,0.000139
31127,Nemaha County,,NE,614,8633,9247,4,3,7,207,216,423,7,0.290827,0.302726,21.892665,0.000548,0.00049,28,0.000139,0,27,0.583333,0.003984
31129,Nuckolls County,,NE,314,5808,6122,0,1,1,0,57,57,7,0.249677,0.256991,0,0,0.000002,28,0.00005,0,152,0,0
31131,Otoe County,,NE,1171,17478,18649,5,7,12,624,722,1346,6,0.296474,0.309158,53.760949,0.000554,0.000635,28,0.000189,0,27,0.47619,0.004154
31133,Pawnee County,,NE,183,3094,3277,0,1,1,0,45,45,7,0.275594,0.285898,0,0,0.000141,28,0.00005,0,153,0,0
31135,Perkins County,,NE,169,3522,3691,0,0,0,0,0,0,0,0,0,0,0,0,101,0.00005,88,154,0,0
31137,Phelps County,,NE,790,11321,12111,2,4,6,176,295,471,7,0.275839,0.286743,5321.144996,0.000017,0.000167,28,0.000192,0,27,0.5,0.000254
31139,Pierce County,,NE,568,7762,8330,1,2,3,210,193,403,7,0.250259,0.258079,0,0.000015,0.000019,28,0.000077,0,27,1,0.000249
31141,Platte County,,NE,2112,36067,38179,8,9,17,869,1104,1973,7,0.291382,0.304479,11816.144272,0.000581,0.000536,28,0.000273,0,27,0.347222,0.004544
31143,Polk County,,NE,417,6218,6635,1,2,3,96,128,224,7,0.275656,0.286169,0,0.000004,0.000146,28,0.000076,0,27,1,0.000139
31145,Red Willow County,,NE,924,12679,13603,2,6,8,117,379,496,7,0.291236,0.303818,9330.855004,0.000166,0.000495,28,0.000134,0,27,0.433333,0.001279
31147,Richardson County,,NE,519,9726,10245,1,3,4,51,157,208,7,0.27597,0.286732,60.50882,0.000001,0.000146,28,0.000086,0,27,0.333333,0.000109
31149,Rock County,,NE,89,1614,1703,0,0,0,0,0,0,0,0,0,0,0,0,102,0.00005,89,155,0,0
31151,Saline County,,NE,1163,14477,15640,3,3,6,377,514,891,7,0.275603,0.286169,47.068419,0.000546,0.000144,28,0.000118,0,27,0.666667,0.003868
31153,Sarpy County,,NE,16852,135948,152800,45,52,97,13055,11079,24134,5,0.375194,0.403729,14881.79119,0.016349,0.02062,28,0.000836,0,27,0.370844,0.119571
31155,Saunders County,,NE,1390,20173,21563,5,5,10,995,887,1882,6,0.296353,0.308727,4.351294,0.00073,0.000632,28,0.000151,0,27,0.7,0.005113
31157,Scotts Bluff County,,NE,2531,40207,42738,10,11,21,695,841,1536,6,0.295448,0.309617,10956.394786,0.001377,0.000981,28,0.000304,0,27,0.296703,0.009719
31159,Seward County,,NE,1251,18283,19534,4,4,8,728,610,1338,6,0.296323,0.308555,39.49123,0.000175,0.000621,28,0.000157,0,27,0.5,0.001526
31161,Sheridan County,,NE,422,6585,7007,2,1,3,105,65,170,8,0.226199,0.231906,9.205798,0.000005,0,28,0.000106,0,27,0,0.000192
31163,Sherman County,,NE,225,4066,4291,1,1,2,67,55,122,7,0.250302,0.257878,0,0.000017,0.000005,28,0.000089,0,27,0,0.000161
31165,Sioux County,,NE,0,0,0,0,0,0,0,0,0,0,0,0,0,0,0,103,0.00005,90,156,0,0
31167,Stanton County,,NE,292,3772,4064,1,1,2,132,92,224,7,0.250237,0.257907,0,0.000015,0.000019,28,0.000077,0,27,0,0.000249
31169,Thayer County,,NE,422,6281,6703,1,1,2,41,44,85,7,0.275551,0.285824,0,0.000166,0.000141,28,0.000075,0,27,0,0.001189
31171,Thomas County,,NE,84,940,1024,0,0,0,0,0,0,0,0,0,0,0,0,104,0.00005,91,157,0,0
31173,Thurston County,,NE,436,7194,7630,1,2,3,48,174,222,7,0.26498,0.274249,0,0.000065,0.000034,28,0.000067,0,27,1,0.000372
31175,Valley County,,NE,287,4586,4873,0,0,0,0,0,0,0,0,0,0,0,0,105,0.00005,92,158,0,0
31177,Washington County,,NE,1642,21589,23231,4,4,8,910,944,1854,6,0.295508,0.307411,8.653681,0.000563,0.000488,28,0.000134,0,27,0.833333,0.003935
31179,Wayne County,,NE,764,7784,8548,3,4,7,266,239,505,7,0.291148,0.303445,1288.247464,0.000019,0.000505,28,0.000144,0,27,0.5,0.000442
31181,Webster County,,NE,289,4256,4545,1,1,2,95,74,169,7,0.249634,0.256907,0,0.000014,0.000002,28,0.000091,0,27,0,0.000118
31183,Wheeler County,,NE,0,0,0,0,0,0,0,0,0,0,0,0,0,0,0,106,0.00005,93,159,0,0
31185,York County,,NE,1093,15611,16704,4,5,9,296,414,710,7,0.290915,0.303129,24.529126,0.000176,0.00049,28,0.000173,0,27,0.5,0.001506
32001,Churchill County,,NV,2970,24858,27828,13,8,21,1088,1052,2140,6,0.331164,0.348817,75.089,0.005731,0.003437,4,0.000236,0,27,0.653846,0.043714
32003,Clark County,,NV,85326,1652174,1737500,426,339,765,131181,68306,199487,5,0.459019,0.511617,274032.002618,0.12695,0.109892,4,0.005443,0,27,0.136697,0.881359
32005,Douglas County,,NV,5101,51589,56690,26,14,40,4442,3229,7671,6,0.340893,0.360876,2911.831864,0.012434,0.008827,4,0.000337,0,27,0.806268,0.084942
32007,Elko County,,NV,4129,47632,51761,17,15,32,1648,1802,3450,6,0.333563,0.353137,6156.258701,0.00656,0.00431,4,0.000396,0,27,0.407143,0.049939
32009,Esmeralda County,,NV,86,832,918,0,0,0,0,0,0,0,0,0,0,0,0,107,0.00005,94,160,0,0
32011,Eureka County,,NV,194,1499,1693,0,1,1,0,69,69,7,0.250194,0.258019,0,0,0.000054,4,0.00005,0,161,0,0
32013,Humboldt County,,NV,1313,17400,18713,6,5,11,459,453,912,6,0.315052,0.330489,675.97211,0.001272,0.001506,4,0.000192,0,27,0.547619,0.011032
32015,Lander County,,NV,476,5568,6044,3,2,5,141,116,257,7,0.250194,0.258165,0,0.000951,0.000064,4,0.000119,0,27,1,0.008208
32017,Lincoln County,,NV,349,4059,4408,1,1,2,168,126,294,6,0.314642,0.32934,0,0.000903,0.001044,4,0.000064,0,27,0,0.007516
32019,Lyon County,,NV,4595,41694,46289,26,8,34,5724,2669,8393,6,0.337522,0.356228,776.650923,0.011999,0.004349,4,0.000359,0,27,0.703077,0.082087
32021,Mineral County,,NV,424,5020,5444,1,1,2,91,90,181,7,0.270011,0.281786,0,0.000301,0.000302,4,0.000062,0,27,0,0.002295
32023,Nye County,,NV,3453,34437,37890,14,8,22,3380,1604,4984,6,0.335919,0.354608,12.797125,0.008369,0.005195,4,0.000211,0,27,0.840659,0.060822
32027,Pershing County,,NV,387,4430,4817,1,3,4,65,145,210,7,0.270087,0.282188,0,0.000301,0.000411,4,0.000062,0,27,0.833333,0.002295
32029,Storey County,,NV,1011,9833,10844,2,2,4,1045,648,1693,7,0.270036,0.281959,0,0.000358,0.0004,4,0.000081,0,27,1,0.002934
32031,Washoe County,,NV,24607,399238,423845,103,96,199,23598,17713,41311,6,0.369837,0.404079,22960.36218,0.036722,0.036661,4,0.001319,0,27,0.402667,0.265812
32033,White Pine County,,NV,785,8388,9173,1,2,3,196,224,420,6,0.314676,0.329513,0,0.000903,0.001097,4,0.000064,0,27,1,0.007516
32510,Carson City,,NV,6111,57098,63209,19,13,32,4328,3967,8295,6,0.339934,0.359594,616.412039,0.009478,0.006942,4,0.000285,0,27,0.733333,0.067483
33001,Belknap County,,NH,4942,72177,77119,14,12,26,4261,2997,7258,6,0.297844,0.314719,27.094392,0.004521,0.002849,55,0.000159,0,27,0.866667,0.023801
33003,Carroll County,,NH,3443,53419,56862,16,13,29,2841,1853,4694,6,0.33215,0.351321,284.03411,0.00518,0.003443,55,0.000181,0,27,0.777778,0.027675
33005,Cheshire County,,NH,4833,87126,91959,21,18,39,3281,2358,5639,6,0.298549,0.316592,160.839016,0.006947,0.003565,55,0.000231,0,27,0.631667,0.037282
33007,Coos County,,NH,1907,39239,41146,9,8,17,925,874,1799,6,0.276813,0.289877,3702.702144,0.001459,0.000772,55,0.000153,0,27,0.733333,0.008698
33009,Grafton County,,NH,7317,93574,100891,28,26,54,4742,4117,8859,6,0.340653,0.36276,2832.376095,0.009433,0.008905,55,0.000307,0,27,0.604167,0.052121
33011,Hillsborough County,,NH,29086,467227,496313,71,88,159,23229,22097,45326,5,0.377784,0.411197,10416.9717,0.037401,0.047146,55,0.000716,0,27,0.518656,0.246824
33013,Merrimack County,,NH,11641,164217,175858,23,28,51,9639,7942,17581,6,0.341374,0.363742,1069.526182,0.008838,0.011421,55,0.000248,0,27,0.623992,0.052732
33015,Rockingham County,,NH,25799,351446,377245,43,71,114,21396,20287,41683,5,0.364493,0.395484,4102.862263,0.021963,0.037238,55,0.000417,0,27,0.576424,0.137082
33017,Strafford County,,NH,9896,130300,140196,21,22,43,7518,6580,14098,6,0.337012,0.357607,534.372091,0.00662,0.009775,55,0.000234,0,27,0.668719,0.038004
33019,Sullivan County,,NH,3049,47943,50992,10,7,17,1888,1464,3352,6,0.276839,0.28982,2.041969,0.00323,0.00079,55,0.000141,0,27,0.75,0.01802
34001,Atlantic County,,NJ,13612,327785,341397,44,55,99,12980,9779,22759,5,0.357002,0.384908,507.916254,0.025258,0.030383,54,0.000352,0,27,0.710109,0.150076
34003,Bergen County,,NJ,60031,1036655,1096686,91,151,242,46368,53501,99869,5,0.393036,0.4345,2644.011028,0.054144,0.076705,16,0.000764,0,27,0.496816,0.340152
34005,Burlington County,,NJ,31487,527948,559435,87,108,195,27568,24160,51728,5,0.382566,0.418224,3782.872354,0.048335,0.057724,54,0.000805,0,27,0.531921,0.310072
34007,Camden County,,NJ,31963,588771,620734,55,74,129,25694,26784,52478,5,0.369648,0.400764,898.904567,0.033363,0.041732,54,0.000468,0,27,0.711955,0.206006
34009,Cape May County,,NJ,7802,114457,122259,19,24,43,4368,5174,9542,6,0.313723,0.332862,31.746728,0.009019,0.010225,54,0.000175,0,27,0.724138,0.051891
34011,Cumberland County,,NJ,5707,157364,163071,17,14,31,4478,3317,7795,6,0.312103,0.329926,35.158845,0.0085,0.006706,54,0.000165,0,27,0.821053,0.049026
34013,Essex County,,NJ,56573,825005,881578,72,126,198,36933,50510,87443,5,0.390129,0.428726,1398.860656,0.04353,0.066672,16,0.000585,0,27,0.576678,0.267575
34015,Gloucester County,,NJ,15268,306490,321758,26,31,57,15799,11795,27594,6,0.34218,0.364955,231.22786,0.013289,0.015483,54,0.00022,0,27,0.71525,0.074304
34017,Hudson County,,NJ,61007,638927,699934,98,131,229,39872,55273,95145,5,0.396528,0.434994,2410.394555,0.05668,0.07124,16,0.000803,0,27,0.574656,0.350317
34019,Hunterdon County,,NJ,9592,154518,164110,24,27,51,7738,5859,13597,6,0.340253,0.362547,18.020523,0.013024,0.013216,16,0.000176,0,27,0.883523,0.06685
34021,Mercer County,,NJ,24562,402132,426694,62,86,148,19337,19208,38545,5,0.375437,0.408342,627.198867,0.038637,0.047699,16,0.000481,0,27,0.668611,0.231678
34023,Middlesex County,,NJ,66344,901096,967440,103,156,259,51722,59222,110944,5,0.404828,0.445737,3632.556802,0.061754,0.079137,16,0.000893,0,27,0.491214,0.39152
34025,Monmouth County,,NJ,38008,722783,760791,75,125,200,29684,31912,61596,5,0.38711,0.425336,992.731738,0.046074,0.067909,16,0.000614,0,27,0.576341,0.28729
34027,Morris County,,NJ,37340,573350,610690,82,123,205,30155,31477,61632,5,0.386182,0.423929,1773.250357,0.048849,0.06395,16,0.000661,0,27,0.53899,0.299167
34029,Ocean County,,NJ,27717,627186,654903,63,103,166,30365,22149,52514,5,0.372831,0.407773,954.642882,0.031895,0.051337,16,0.000569,0,27,0.5462,0.202738
34031,Passaic County,,NJ,35980,562777,598757,46,92,138,22714,31063,53777,5,0.377489,0.411582,402.464635,0.02876,0.050974,16,0.000357,0,27,0.66987,0.169247
34033,Salem County,,NJ,3633,75441,79074,9,9,18,2844,2244,5088,6,0.294249,0.309365,1.503042,0.002844,0.002611,54,0.000111,0,27,0.827273,0.016506
34035,Somerset County,,NJ,29160,348857,378017,62,87,149,24908,24170,49078,5,0.378869,0.411933,448.121363,0.03917,0.051212,16,0.000479,0,27,0.723845,0.234316
34037,Sussex County,,NJ,10427,179113,189540,24,37,61,8644,6919,15563,6,0.344742,0.368143,90.001578,0.012065,0.018535,16,0.000178,0,27,0.745064,0.06085
34039,Union County,,NJ,43988,600120,644108,53,102,155,31166,38526,69692,5,0.379018,0.414145,464.159013,0.032422,0.057689,16,0.000404,0,27,0.656227,0.191829
34041,Warren County,,NJ,8739,122594,131333,21,23,44,7197,5887,13084,6,0.335414,0.356101,2.800901,0.009857,0.008771,16,0.000154,0,27,0.844729,0.047777
35001,Bernalillo County,,NM,38247,622078,660325,166,139,305,34509,28534,63043,5,0.407558,0.445852,72397.351315,0.07004,0.059898,4,0.002152,0,27,0.338766,0.491618
35003,Catron County,,NM,259,2828,3087,0,0,0,0,0,0,0,0,0,0,0,0,108,0.00005,95,162,0,0
35005,Chaves County,,NM,3920,60544,64464,16,14,30,1601,1856,3457,6,0.338546,0.358842,214.028783,0.005585,0.004655,4,0.000284,0,27,0.605263,0.043122
35006,Cibola County,,NM,1781,23389,25170,5,6,11,1008,1094,2102,6,0.289984,0.303194,0.488095,0.000722,0.000988,4,0.00013,0,27,0.9,0.006444
35007,Colfax County,,NM,1108,14372,15480,1,5,6,67,304,371,6,0.311032,0.325055,4.189125,0.000492,0.001551,4,0.000064,0,27,0.65,0.004097
35009,Curry County,,NM,5223,46040,51263,25,19,44,2055,1893,3948,6,0.343192,0.365184,8317.1918,0.008927,0.007589,151,0.000471,0,27,0.480057,0.068511
35011,De Baca County,,NM,219,2115,2334,0,1,1,0,47,47,7,0.25557,0.264161,0,0,0.000073,151,0.00005,0,163,0,0
35013,Dona Ana County,,NM,12428,185854,198282,43,38,81,8788,8153,16941,6,0.352149,0.377657,5346.999433,0.018324,0.015776,151,0.000663,0,27,0.458834,0.135345
35015,Eddy County,,NM,3013,53198,56211,11,10,21,1141,1272,2413,6,0.3376,0.357233,52.735265,0.003585,0.003522,4,0.000212,0,27,0.787879,0.028092
35017,Grant County,,NM,2569,29481,32050,5,7,12,492,1088,1580,6,0.33276,0.350724,1.525883,0.002414,0.004164,151,0.000127,0,27,0.928571,0.019846
35019,Guadalupe County,,NM,375,4475,4850,0,3,3,0,179,179,6,0.289968,0.302705,0,0,0.000655,4,0.00005,0,164,0.666667,0
35021,Harding County,,NM,29,712,741,0,0,0,0,0,0,0,0,0,0,0,0,109,0.00005,96,165,0,0
35023,Hidalgo County,,NM,473,4833,5306,0,2,2,0,136,136,7,0.260526,0.27022,0,0,0.000178,151,0.00005,0,166,1,0
35025,Lea County,,NM,3396,58030,61426,13,18,31,1256,1577,2833,6,0.339021,0.359991,2253.978459,0.003503,0.004625,151,0.000252,0,27,0.480392,0.027826
35027,Lincoln County,,NM,1863,19111,20974,6,7,13,690,744,1434,6,0.300965,0.315437,9.575074,0.002028,0.001437,151,0.000133,0,27,0.839286,0.015508
35028,Los Alamos County,,NM,1956,23054,25010,4,4,8,438,825,1263,6,0.289666,0.302419,0,0.000733,0.000869,4,0.00012,0,27,1,0.006475
35029,Luna County,,NM,1724,24632,26356,7,6,13,725,708,1433,6,0.331694,0.349259,431.834918,0.003338,0.003113,151,0.000148,0,27,0.714286,0.025319
35031,McKinley County,,NM,9157,84975,94132,13,11,24,6289,7657,13946,6,0.335764,0.354723,261.979439,0.004469,0.00359,4,0.000241,0,27,0.648352,0.034962
35033,Mora County,,NM,388,5033,5421,1,2,3,120,199,319,6,0.289637,0.302131,0,0.000007,0.000581,4,0.000071,0,27,1,0.000138
35035,Otero County,,NM,5618,55165,60783,18,15,33,1841,1819,3660,6,0.342059,0.363018,202.019327,0.008912,0.008676,151,0.00028,0,27,0.713158,0.067367
35037,Quay County,,NM,803,9044,9847,2,4,6,109,271,380,6,0.290681,0.303947,0,0.000555,0.000837,4,0.000085,0,27,1,0.004761
35039,Rio Arriba County,,NM,2827,43030,45857,8,7,15,1321,1909,3230,6,0.290013,0.303367,5.64724,0.000986,0.001121,4,0.000189,0,27,0.625,0.008774
35041,Roosevelt County,,NM,1944,16801,18745,4,5,9,502,673,1175,6,0.292764,0.306498,0.285714,0.000762,0.000864,151,0.000114,0,27,0.95,0.006341
35043,Sandoval County,,NM,10022,104070,114092,30,20,50,9328,6915,16243,6,0.344578,0.365977,2136.518204,0.01289,0.009306,4,0.000463,0,27,0.500947,0.093857
35045,San Juan County,,NM,12029,137788,149817,29,29,58,9032,8799,17831,6,0.350532,0.374911,1773.89363,0.009711,0.011301,4,0.000475,0,27,0.452101,0.074331
35047,San Miguel County,,NM,1797,26796,28593,4,5,9,668,948,1616,6,0.289723,0.302649,2955,0.000657,0.000869,4,0.000121,0,27,0.466667,0.005622
35049,Santa Fe County,,NM,10276,135668,145944,41,36,77,6280,6347,12627,6,0.359836,0.385729,5123.522088,0.021755,0.018806,4,0.000564,0,27,0.563636,0.155791
35051,Sierra County,,NM,960,10583,11543,3,2,5,242,270,512,6,0.289666,0.302189,0,0.001739,0.000726,151,0.000092,0,27,1,0.01409
35053,Socorro County,,NM,1348,16457,17805,2,5,7,333,652,985,6,0.289752,0.302706,0.142857,0.000523,0.000908,4,0.000078,0,27,0.9,0.004488
35055,Taos County,,NM,2009,31818,33827,5,6,11,535,701,1236,6,0.33177,0.34946,111.199281,0.002908,0.003068,4,0.000122,0,27,0.857143,0.022213
35057,Torrance County,,NM,1251,12926,14177,3,3,6,629,696,1325,6,0.289637,0.302246,0,0.000678,0.000861,4,0.000091,0,27,1,0.005834
35059,Union County,,NM,340,4196,4536,0,0,0,0,0,0,0,0,0,0,0,0,110,0.00005,97,167,0,0
35061,Valencia County,,NM,5202,68460,73662,10,11,21,2953,3489,6442,6,0.332951,0.351471,570.078464,0.004762,0.003728,4,0.000187,0,27,0.628205,0.03667
36001,Albany County,,NY,22243,339615,361858,61,69,130,16741,17447,34188,5,0.372927,0.403941,21721.542428,0.028712,0.034489,111,0.000636,0,27,0.528638,0.174941
36003,Allegany County,,NY,2923,55297,58220,9,9,18,1677,1509,3186,6,0.290332,0.304837,2604.307701,0.001333,0.000955,111,0.000197,0,27,0.455556,0.007303
36005,Bronx County,,NY,92393,1280077,1372470,90,159,249,58199,85068,143267,5,0.403365,0.445134,4138.522257,0.052038,0.074614,16,0.000777,0,27,0.447477,0.327618
36007,Broome County,,NY,10200,229632,239832,30,48,78,4339,5492,9831,5,0.355515,0.382098,6481.139319,0.01082,0.023231,111,0.000343,0,27,0.514151,0.060331
36009,Cattaraugus County,,NY,4597,90242,94839,7,6,13,2493,2535,5028,6,0.290187,0.304205,14.695462,0.00138,0.00093,111,0.000137,0,27,0.595238,0.007101
36011,Cayuga County,,NY,4259,93195,97454,11,11,22,2434,2401,4835,6,0.290565,0.305527,39.604119,0.001985,0.001518,111,0.000178,0,27,0.628788,0.010634
36013,Chautauqua County,,NY,5619,147419,153038,8,15,23,2117,2493,4610,6,0.340933,0.36137,313.819322,0.002979,0.008141,111,0.000129,0,27,0.654167,0.015788
36015,Chemung County,,NY,4813,103463,108276,12,10,22,2089,2184,4273,6,0.291002,0.306101,935.21587,0.003382,0.001463,111,0.00021,0,27,0.469697,0.021247
36017,Chenango County,,NY,2886,54812,57698,9,7,16,1608,1533,3141,6,0.27814,0.291181,18.157433,0.001823,0.000614,111,0.000136,0,27,0.597222,0.009091
36019,Clinton County,,NY,2957,92388,95345,10,9,19,1175,899,2074,6,0.278942,0.293353,104.929328,0.00094,0.001031,111,0.000226,0,27,0.431818,0.006149
36021,Columbia County,,NY,3405,73280,76685,14,11,25,2510,1907,4417,6,0.303166,0.319982,4.417917,0.005693,0.003078,16,0.000143,0,27,0.814286,0.029955
36023,Cortland County,,NY,2971,52233,55204,7,8,15,1514,1616,3130,6,0.277316,0.290475,14.840884,0.000748,0.000612,111,0.000139,0,27,0.589286,0.004272
36025,Delaware County,,NY,2703,48647,51350,16,12,28,1786,1495,3281,6,0.303293,0.321096,132.853913,0.006888,0.002931,111,0.00017,0,27,0.69883,0.034494
36027,Dutchess County,,NY,16450,321586,338036,44,64,108,12930,11172,24102,5,0.364906,0.394128,1361.920907,0.024203,0.032444,16,0.000362,0,27,0.555751,0.140853
36029,Erie County,,NY,31150,1065220,1096370,97,134,231,17500,22925,40425,5,0.39827,0.437131,32887.09622,0.05032,0.069906,111,0.00107,0,27,0.475818,0.341223
36031,Essex County,,NY,2269,39566,41835,9,9,18,901,1071,1972,6,0.273653,0.28701,59.486928,0.000711,0.000721,111,0.000213,0,27,0.527778,0.005164
36033,Franklin County,,NY,2196,50611,52807,5,5,10,789,1000,1789,6,0.285982,0.299891,17.664653,0.000674,0.000661,111,0.000126,0,27,0.666667,0.003652
36035,Fulton County,,NY,2583,60710,63293,7,7,14,1666,1486,3152,6,0.273834,0.286309,5853.464009,0.000657,0.000655,111,0.000178,0,27,0.607143,0.00445
36037,Genesee County,,NY,3638,75714,79352,6,7,13,1959,2146,4105,6,0.2901,0.304148,3.183333,0.001314,0.000997,111,0.000127,0,27,0.666667,0.006881
36039,Greene County,,NY,2648,51572,54220,16,11,27,2235,1436,3671,6,0.297416,0.313771,21.277284,0.006914,0.002514,16,0.000155,0,27,0.767974,0.035146
36041,Hamilton County,,NY,383,5840,6223,1,1,2,42,47,89,7,0.214984,0.220751,0,0.000005,0.000005,111,0.000072,0,27,0,0.000136
36043,Herkimer County,,NY,3261,71592,74853,8,8,16,1949,1735,3684,6,0.288312,0.302987,56.427544,0.001113,0.00118,111,0.000144,0,27,0.541667,0.006063
36045,Jefferson County,,NY,13326,117957,131283,37,58,95,3849,5556,9405,5,0.364952,0.394094,9194.939431,0.018143,0.028613,111,0.000452,0,27,0.496032,0.11974
36047,Kings County,,NY,158716,2329163,2487879,181,243,424,90052,149168,239220,5,0.428255,0.476807,32585.355302,0.088788,0.101504,16,0.001737,0,27,0.31787,0.586056
36049,Lewis County,,NY,1309,28095,29404,3,3,6,538,585,1123,6,0.269234,0.280512,0.166667,0.000381,0.000271,111,0.000085,0,27,0.833333,0.001944
36051,Livingston County,,NY,3956,73131,77087,8,8,16,2741,2514,5255,6,0.290245,0.30455,7.988215,0.001244,0.000962,111,0.000169,0,27,0.678571,0.006996
36053,Madison County,,NY,4783,78709,83492,7,9,16,2925,2817,5742,6,0.290594,0.305326,21.491443,0.000614,0.001359,111,0.000137,0,27,0.611111,0.003577
36055,Monroe County,,NY,31923,862308,894231,113,146,259,18127,24213,42340,5,0.402917,0.443008,46081.215768,0.056522,0.074367,111,0.00122,0,27,0.441188,0.373251
36057,Montgomery County,,NY,3228,61530,64758,8,9,17,2043,1975,4018,6,0.273938,0.286769,49.87335,0.001494,0.000794,111,0.000151,0,27,0.655556,0.009297
36059,Nassau County,,NY,78907,1607803,1686710,94,175,269,57688,71872,129560,5,0.401467,0.445249,4562.867318,0.056281,0.08263,16,0.000846,0,27,0.42819,0.361543
36061,New York County,,NY,159245,1505009,1664254,224,229,453,133043,145336,278379,5,0.425117,0.472418,42481.226251,0.101381,0.099332,16,0.002185,0,27,0.311703,0.667974
36063,Niagara County,,NY,9813,254312,264125,12,22,34,5895,6046,11941,6,0.342827,0.364495,1529.159762,0.007605,0.012798,111,0.000174,0,27,0.656667,0.051242
36065,Oneida County,,NY,9476,259002,268478,30,35,65,5109,5364,10473,6,0.346016,0.369786,4362.925558,0.012119,0.016488,111,0.000338,0,27,0.51401,0.068709
36067,Onondaga County,,NY,21710,518909,540619,79,97,176,12624,15081,27705,5,0.382718,0.417505,24810.690248,0.038282,0.050366,111,0.000809,0,27,0.473451,0.243054
36069,Ontario County,,NY,6721,122115,128836,15,10,25,4949,4064,9013,6,0.290507,0.305297,380.541777,0.003136,0.001406,111,0.000255,0,27,0.466667,0.019191
36071,Orange County,,NY,23123,412717,435840,56,102,158,19481,16439,35920,5,0.379067,0.413857,2025.738063,0.03338,0.050102,16,0.000458,0,27,0.49471,0.201605
36073,Orleans County,,NY,2407,46581,48988,4,4,8,1604,1383,2987,6,0.290013,0.303631,0,0.001299,0.000952,111,0.000086,0,27,1,0.006583
36075,Oswego County,,NY,6390,134617,141007,11,13,24,3737,3704,7441,6,0.307668,0.324555,144.070123,0.002453,0.003913,111,0.000169,0,27,0.516667,0.013828
36077,Otsego County,,NY,3572,65219,68791,15,11,26,1885,1685,3570,6,0.302219,0.319781,181.83214,0.005209,0.002666,111,0.000188,0,27,0.621324,0.0277
36079,Putnam County,,NY,7959,113413,121372,12,19,31,6401,5639,12040,6,0.337522,0.358043,0.270594,0.006971,0.009462,16,0.000109,0,27,0.926901,0.034595
36081,Queens County,,NY,158864,2246788,2405652,144,222,366,92345,149783,242128,5,0.420313,0.467149,16993.261938,0.07655,0.095691,16,0.001326,0,27,0.347083,0.500939
36083,Rensselaer County,,NY,10601,176195,186796,28,22,50,8356,7380,15736,6,0.339775,0.361462,2533.776801,0.011064,0.007316,111,0.000308,0,27,0.569892,0.060599
36085,Richmond County,,NY,25440,494559,519999,30,81,111,20010,21831,41841,5,0.372066,0.404286,361.210276,0.019979,0.042286,16,0.000246,0,27,0.638211,0.11514
36087,Rockland County,,NY,17670,336064,353734,36,65,101,10642,13630,24272,5,0.368428,0.398518,196.436199,0.021394,0.0356,16,0.00026,0,27,0.727972,0.11514
36089,St. Lawrence County,,NY,4287,113003,117290,13,9,22,1426,1311,2737,6,0.290565,0.305734,170.775937,0.0027,0.001207,111,0.000211,0,27,0.519231,0.014538
36091,Saratoga County,,NY,16507,250770,267277,56,52,108,13156,11520,24676,6,0.359301,0.386585,11218.738183,0.025753,0.023567,111,0.000571,0,27,0.465568,0.154084
36093,Schenectady County,,NY,9971,162536,172507,25,28,53,7429,6816,14245,5,0.344823,0.368,2522.806,0.010475,0.012528,111,0.000266,0,27,0.573084,0.059278
36095,Schoharie County,,NY,1657,29809,31466,9,6,15,967,813,1780,6,0.272113,0.283977,4.696576,0.001467,0.000525,111,0.000145,0,27,0.638889,0.008875
36097,Schuyler County,,NY,1319,22222,23541,6,6,12,817,772,1589,6,0.260858,0.27066,7.721541,0.000155,0.000223,111,0.000155,0,27,0.571429,0.001847
36099,Seneca County,,NY,2242,36783,39025,7,9,16,1132,1311,2443,6,0.290449,0.305067,35.624,0.001176,0.001401,111,0.00015,0,27,0.694444,0.006894
36101,Steuben County,,NY,5355,109319,114674,11,12,23,2487,2520,5007,6,0.291031,0.306389,236.560451,0.001537,0.001512,111,0.000227,0,27,0.484848,0.008722
36103,Suffolk County,,NY,67541,1766920,1834461,119,225,344,52644,58643,111287,5,0.412484,0.461508,18984.36467,0.06515,0.091688,16,0.001243,0,27,0.315569,0.440437
36105,Sullivan County,,NY,4637,78329,82966,17,16,33,3923,2336,6259,6,0.311567,0.330047,208.981878,0.008781,0.006772,16,0.000163,0,27,0.821637,0.04501
36107,Tioga County,,NY,3656,59040,62696,8,7,15,2002,2048,4050,6,0.267472,0.27872,44.185385,0.000749,0.000292,111,0.000168,0,27,0.535714,0.004499
36109,Tompkins County,,NY,7858,88896,96754,32,28,60,3554,3673,7227,5,0.352063,0.375434,10392.636243,0.017676,0.013633,111,0.000373,0,27,0.587395,0.110482
36111,Ulster County,,NY,9369,182740,192109,23,39,62,6538,5812,12350,6,0.348971,0.373147,328.573398,0.011461,0.020264,16,0.000207,0,27,0.705575,0.064227
36113,Warren County,,NY,4994,75358,80352,14,6,20,3557,3010,6567,6,0.272856,0.284999,51.423177,0.004907,0.000564,111,0.000185,0,27,0.664835,0.024474
36115,Washington County,,NY,3568,61802,65370,10,7,17,3031,2349,5380,6,0.272984,0.285402,34.805823,0.001419,0.000609,111,0.0002,0,27,0.511111,0.008565
36117,Wayne County,,NY,5721,108446,114167,8,9,17,3634,3734,7368,6,0.290449,0.305067,8.495955,0.001676,0.001281,111,0.00015,0,27,0.666667,0.008966
36119,Westchester County,,NY,58247,1033560,1091807,92,161,253,38947,51264,90211,5,0.400028,0.44206,5002.380341,0.054206,0.079144,16,0.000763,0,27,0.465879,0.335747
36121,Wyoming County,,NY,2376,42492,44868,6,6,12,1530,1665,3195,6,0.290129,0.304091,2.34697,0.001218,0.000922,111,0.000136,0,27,0.8,0.006549
36123,Yates County,,NY,1316,23662,24978,6,5,11,717,695,1412,6,0.287427,0.301034,55.383495,0.000659,0.000514,111,0.000146,0,27,0.666667,0.003973
37001,Alamance County,,NC,7507,166938,174445,19,19,38,5210,4514,9724,6,0.316185,0.335706,314.103662,0.00645,0.005745,112,0.000306,0,27,0.543478,0.04731
37003,Alexander County,,NC,2215,38372,40587,5,6,11,1389,1404,2793,6,0.300342,0.315133,1.429888,0.000188,0.001032,112,0.000131,0,27,0.866667,0.002014
37005,Alleghany County,,NC,534,11524,12058,2,3,5,105,144,249,7,0.233012,0.2408,1.175,0.000022,0.000029,112,0.000089,0,27,0.666667,0.000338
37007,Anson County,,NC,1295,27158,28453,5,6,11,593,866,1459,6,0.300497,0.315506,4.240728,0.000853,0.001469,112,0.000125,0,27,0.633333,0.0074
37009,Ashe County,,NC,1009,26499,27508,4,5,9,452,389,841,7,0.233349,0.241736,3685.403818,0.000748,0.00004,112,0.000126,0,27,0.4,0.00627
37011,Avery County,,NC,1260,18057,19317,4,3,7,390,389,779,7,0.234065,0.242299,1248.654723,0.000771,0.000024,112,0.000143,0,27,0.166667,0.006356
37013,Beaufort County,,NC,2926,54464,57390,8,9,17,1469,1577,3046,6,0.29861,0.314047,9186.420587,0.000976,0.001564,112,0.000255,0,27,0.427273,0.007876
37015,Bertie County,,NC,1156,22259,23415,5,5,10,555,552,1107,6,0.297813,0.31218,615.304321,0.000088,0.000893,112,0.000182,0,27,0.4,0.00101
37017,Bladen County,,NC,2644,40166,42810,9,11,20,1836,1659,3495,6,0.309077,0.325836,24.46506,0.001705,0.002728,112,0.000207,0,27,0.628788,0.014296
37019,Brunswick County,,NC,5472,81349,86821,35,15,50,4584,2688,7272,6,0.311333,0.329208,148.673029,0.010609,0.004863,112,0.000485,0,27,0.392437,0.072652
37021,Buncombe County,,NC,14570,240751,255321,77,55,132,9268,8402,17670,6,0.362806,0.390233,46037.250832,0.032423,0.022531,112,0.001452,0,27,0.403041,0.252212
37023,Burke County,,NC,5017,96994,102011,9,12,21,2604,2949,5553,6,0.303262,0.320137,228.199173,0.001095,0.002857,112,0.000219,0,27,0.628205,0.009673
37025,Cabarrus County,,NC,13744,194246,207990,33,24,57,10579,8952,19531,6,0.320446,0.341491,569.503826,0.013989,0.009137,112,0.000504,0,27,0.549075,0.10584
37027,Caldwell County,,NC,4217,91108,95325,9,12,21,2483,2577,5060,6,0.303262,0.320079,992.402993,0.001127,0.00247,112,0.00021,0,27,0.576923,0.010348
37029,Camden County,,NC,909,11094,12003,6,4,10,1011,414,1425,6,0.270792,0.281949,231.396366,0.001339,0.000319,175,0.00018,0,27,0.733333,0.010074
37031,Carteret County,,NC,4638,66738,71376,18,9,27,2606,1823,4429,6,0.30412,0.320464,28.414538,0.006161,0.002956,112,0.000287,0,27,0.640351,0.045453
37033,Caswell County,,NC,2038,30052,32090,7,7,14,1391,1438,2829,6,0.284831,0.298472,11.635411,0.000621,0.000964,112,0.000155,0,27,0.571429,0.00569
37035,Catawba County,,NC,11523,189528,201051,27,28,55,7958,7455,15413,6,0.344496,0.366558,7343.474786,0.006315,0.008365,112,0.000512,0,27,0.42619,0.053319
37037,Chatham County,,NC,6909,81266,88175,19,15,34,5516,4466,9982,6,0.312844,0.330949,179.712666,0.008606,0.004921,112,0.000298,0,27,0.681579,0.06391
37039,Cherokee County,,NC,1324,24743,26067,7,3,10,500,278,778,7,0.266489,0.276816,6740.656972,0.001742,0.000305,18,0.00039,0,27,0.214286,0.013472
37041,Chowan County,,NC,886,16491,17377,3,4,7,279,289,568,7,0.232732,0.240452,36.535638,0.00002,0.000026,175,0.000157,0,27,0.1,0.00054
37043,Clay County,,NC,629,9101,9730,3,2,5,248,205,453,8,0.210461,0.215611,44.845537,0.000004,0.00002,18,0.000343,0,27,0.666667,0.00072
37045,Cleveland County,,NC,6276,115628,121904,12,15,27,3748,3952,7700,6,0.303642,0.321142,44.097923,0.001524,0.003611,112,0.000254,0,27,0.613971,0.013853
37047,Columbus County,,NC,2215,52109,54324,7,8,15,988,1239,2227,6,0.30911,0.325549,1.665791,0.001788,0.003082,112,0.000179,0,27,0.928571,0.016106
37049,Craven County,,NC,12238,103836,116074,33,41,74,4925,5728,10653,5,0.360776,0.386913,9070.930672,0.014746,0.019916,112,0.000504,0,27,0.546377,0.108186
37051,Cumberland County,,NC,43380,323149,366529,172,180,352,24846,28481,53327,5,0.416691,0.459755,47359.197161,0.06879,0.075487,112,0.002167,0,27,0.299134,0.490587
37053,Currituck County,,NC,1652,20046,21698,6,5,11,1694,847,2541,6,0.29306,0.306952,25.619557,0.001354,0.00104,175,0.000166,0,27,0.8,0.010255
37055,Dare County,,NC,3043,35112,38155,11,9,20,889,938,1827,6,0.303865,0.320637,97.730539,0.003427,0.002619,175,0.000229,0,27,0.55303,0.027847
37057,Davidson County,,NC,10850,203016,213866,20,22,42,8398,7477,15875,6,0.311734,0.330645,761.301528,0.004684,0.004811,112,0.000352,0,27,0.458333,0.037309
37059,Davie County,,NC,2426,40698,43124,8,8,16,1897,1410,3307,6,0.283578,0.29699,42.361217,0.001548,0.001085,112,0.000172,0,27,0.722222,0.013244
37061,Duplin County,,NC,2995,54366,57361,8,11,19,1539,1845,3384,6,0.308093,0.324377,10.571359,0.001491,0.00289,112,0.000167,0,27,0.704545,0.011459
37063,Durham County,,NC,23704,242727,266431,93,82,175,16607,17399,34006,5,0.389083,0.422061,12810.879527,0.048771,0.044113,112,0.00113,0,27,0.519838,0.333282
37065,Edgecombe County,,NC,5023,63978,69001,7,8,15,3296,3891,7187,6,0.299134,0.314323,10.057147,0.00122,0.001529,112,0.000163,0,27,0.708333,0.010346
37067,Forsyth County,,NC,20251,336623,356874,83,72,155,14287,14323,28610,5,0.382163,0.41353,29013.480032,0.037953,0.035073,112,0.001112,0,27,0.441996,0.265981
37069,Franklin County,,NC,5034,62657,67691,11,8,19,3983,3219,7202,6,0.298089,0.3128,14.154212,0.002003,0.001637,112,0.000231,0,27,0.462121,0.014446
37071,Gaston County,,NC,11905,218277,230182,24,25,49,7952,8278,16230,6,0.340693,0.361979,498.821046,0.005483,0.007789,112,0.000456,0,27,0.528325,0.047654
37073,Gates County,,NC,670,10271,10941,5,3,8,390,220,610,6,0.251386,0.259887,946.274076,0.001003,0.000068,175,0.000134,0,27,0.4,0.007957
37075,Graham County,,NC,349,8265,8614,0,1,1,0,52,52,8,0.210473,0.215479,0,0,0.000014,18,0.00005,0,168,0,0
37077,Granville County,,NC,3563,52344,55907,7,7,14,2218,2223,4441,6,0.29815,0.312771,6.276694,0.001627,0.001732,112,0.000164,0,27,0.696429,0.013546
37079,Greene County,,NC,2023,25594,27617,6,6,12,1622,1425,3047,6,0.298518,0.313087,0.604762,0.000926,0.001038,112,0.000143,0,27,0.9,0.007856
37081,Guilford County,,NC,29786,467687,497473,138,110,248,22331,22005,44336,5,0.391181,0.427307,59860.852015,0.057646,0.045652,112,0.001754,0,27,0.326816,0.388235
37083,Halifax County,,NC,3238,58632,61870,8,10,18,1241,1797,3038,6,0.298887,0.31438,5123.355522,0.00166,0.001818,112,0.000194,0,27,0.427273,0.011886
37085,Harnett County,,NC,10441,118887,129328,24,18,42,8205,6522,14727,6,0.311433,0.329754,481.546368,0.008098,0.004735,112,0.000376,0,27,0.457265,0.062121
37087,Haywood County,,NC,2836,60192,63028,10,7,17,1397,1043,2440,6,0.300559,0.315765,2329.819394,0.003452,0.001626,112,0.000305,0,27,0.545455,0.029352
37089,Henderson County,,NC,5508,91206,96714,16,13,29,3189,2594,5783,6,0.315704,0.33404,599.73901,0.006736,0.005341,112,0.000348,0,27,0.540936,0.056603
37091,Hertford County,,NC,1392,22255,23647,4,5,9,559,582,1141,6,0.297875,0.312266,352.483764,0.000081,0.000901,112,0.000167,0,27,0.45,0.000967
37093,Hoke County,,NC,4830,38772,43602,8,12,20,3722,2851,6573,6,0.323483,0.34233,114.93715,0.002123,0.004768,112,0.000157,0,27,0.576923,0.014766
37095,Hyde County,,NC,313,4877,5190,1,1,2,42,59,101,7,0.229964,0.236684,0,0.000013,0.000008,112,0.000075,0,27,0,0.000164
37097,Iredell County,,NC,9174,151065,160239,33,26,59,6661,5350,12011,6,0.341495,0.362881,11163.440297,0.01356,0.006503,112,0.000513,0,27,0.45641,0.101009
37099,Jackson County,,NC,2326,30441,32767,7,8,15,894,1005,1899,6,0.302692,0.318758,1236.898505,0.00165,0.002069,112,0.000262,0,27,0.517857,0.014723
37101,Johnston County,,NC,9507,150342,159849,28,21,49,8951,6248,15199,6,0.3116,0.330386,413.244752,0.007298,0.004984,112,0.00048,0,27,0.445977,0.05497
37103,Jones County,,NC,889,12241,13130,3,3,6,723,499,1222,6,0.288484,0.301241,0,0.000694,0.00068,112,0.000085,0,27,1,0.004929
37105,Lee County,,NC,3767,40370,44137,6,6,12,1746,2427,4173,6,0.305916,0.321418,0,0.001816,0.002041,112,0.000137,0,27,1,0.014667
37107,Lenoir County,,NC,3244,59317,62561,9,12,21,1671,2174,3845,6,0.307864,0.324331,81.548301,0.001924,0.002608,112,0.000188,0,27,0.698718,0.015257
37109,Lincoln County,,NC,3032,38653,41685,6,5,11,2164,2094,4258,6,0.300217,0.314817,0.486447,0.001031,0.001062,112,0.000144,0,27,0.933333,0.008967
37111,McDowell County,,NC,2011,42656,44667,7,5,12,1065,888,1953,7,0.266955,0.277689,1479.71243,0.000988,0.000337,112,0.000195,0,27,0.571429,0.008748
37113,Macon County,,NC,1839,32644,34483,12,4,16,701,351,1052,7,0.266391,0.276758,384.625055,0.00607,0.000314,112,0.00031,0,27,0.575758,0.049732
37115,Madison County,,NC,1419,19715,21134,2,3,5,802,799,1601,7,0.266342,0.276529,0.833333,0.000187,0.000296,112,0.000101,0,27,0.666667,0.002244
37117,Martin County,,NC,1380,25718,27098,4,6,10,538,842,1380,6,0.297844,0.312352,38.124509,0.000093,0.000905,112,0.00016,0,27,0.566667,0.000931
37119,Mecklenburg County,,NC,59270,798508,857778,281,228,509,58180,49846,108026,5,0.428192,0.474469,213314.941332,0.102258,0.090018,112,0.003563,0,27,0.21978,0.699831
37121,Mitchell County,,NC,800,16411,17211,3,4,7,361,379,740,7,0.266391,0.276758,118.280431,0.000005,0.000283,112,0.000153,0,27,0.416667,0.000423
37123,Montgomery County,,NC,1782,31180,32962,6,8,14,951,1021,1972,6,0.300591,0.315908,6.132175,0.000533,0.001455,112,0.000131,0,27,0.642857,0.004708
37125,Moore County,,NC,4975,82419,87394,16,18,34,2409,2282,4691,6,0.310267,0.328536,217.965654,0.004636,0.004909,112,0.000283,0,27,0.539474,0.036395
37127,Nash County,,NC,7790,101239,109029,11,14,25,5505,5332,10837,6,0.309638,0.3271,72.173708,0.002304,0.00365,112,0.000222,0,27,0.616667,0.018239
37129,New Hanover County,,NC,13684,172029,185713,92,52,144,11799,8372,20171,5,0.361721,0.390084,7710.39573,0.036784,0.023751,112,0.00122,0,27,0.388912,0.258024
37131,Northampton County,,NC,1369,21609,22978,4,4,8,657,753,1410,6,0.297844,0.312065,586.726934,0.00073,0.000841,112,0.000141,0,27,0.5,0.006113
37133,Onslow County,,NC,28057,148755,176812,144,133,277,15674,14855,30529,5,0.404941,0.44302,23282.035625,0.06601,0.061952,112,0.00167,0,27,0.360097,0.452558
37135,Orange County,,NC,12732,90644,103376,33,32,65,6634,8732,15366,5,0.360194,0.384706,2356.062012,0.02028,0.01756,112,0.000437,0,27,0.665992,0.14556
37137,Pamlico County,,NC,886,12713,13599,1,2,3,214,385,599,6,0.265271,0.275124,0,0.000164,0.000129,112,0.000061,0,27,1,0.000965
37139,Pasquotank County,,NC,2753,34721,37474,11,10,21,1455,1216,2671,6,0.302977,0.319338,6377.875723,0.002416,0.002314,175,0.000282,0,27,0.378788,0.018591
37141,Pender County,,NC,2894,38495,41389,8,8,16,2433,1816,4249,6,0.30757,0.323354,9.989995,0.002286,0.002367,112,0.000176,0,27,0.755556,0.016902
37143,Perquimans County,,NC,881,11209,12090,4,3,7,408,445,853,7,0.23262,0.240022,462.781561,0.000659,0.000031,175,0.000158,0,27,0.583333,0.005295
37145,Person County,,NC,1990,36930,38920,7,8,15,1239,1233,2472,6,0.298733,0.313834,1557.495088,0.001293,0.001939,112,0.000156,0,27,0.625,0.010656
37147,Pitt County,,NC,9372,130045,139417,33,29,62,5670,5361,11031,5,0.342584,0.364719,9640.082335,0.007272,0.008014,112,0.000603,0,27,0.350601,0.054883
37149,Polk County,,NC,1239,21453,22692,6,5,11,714,667,1381,6,0.281842,0.294019,0.720985,0.00136,0.000817,112,0.00016,0,27,0.933333,0.012302
37151,Randolph County,,NC,7085,124384,131469,11,15,26,4369,4867,9236,6,0.303388,0.320711,52.332018,0.003065,0.003712,112,0.000196,0,27,0.645833,0.022952
37153,Richmond County,,NC,2248,48539,50787,10,12,22,976,1150,2126,6,0.309539,0.326726,409.701436,0.00134,0.003306,112,0.000195,0,27,0.543956,0.011644
37155,Robeson County,,NC,5165,112372,117537,14,16,30,2453,3173,5626,6,0.309671,0.327416,228.386202,0.003195,0.004119,112,0.000276,0,27,0.580882,0.026836
37157,Rockingham County,,NC,4247,92301,96548,12,13,25,2432,2716,5148,6,0.303515,0.320654,287.592146,0.002265,0.003313,112,0.000234,0,27,0.538462,0.018958
37159,Rowan County,,NC,7369,121868,129237,12,16,28,4164,4718,8882,6,0.309903,0.327674,57.188094,0.002427,0.00405,112,0.000234,0,27,0.658088,0.021328
37161,Rutherford County,,NC,2952,64455,67407,9,11,20,1253,1597,2850,6,0.300778,0.316569,81.925333,0.001169,0.001786,112,0.000232,0,27,0.627273,0.010544
37163,Sampson County,,NC,2800,51693,54493,9,11,20,1523,1734,3257,6,0.310932,0.328088,17.803768,0.002048,0.003758,112,0.000184,0,27,0.772727,0.015872
37165,Scotland County,,NC,2153,37661,39814,8,8,16,1104,1056,2160,6,0.309044,0.325434,502.218758,0.001895,0.002326,112,0.000152,0,27,0.736111,0.014442
37167,Stanly County,,NC,2873,59064,61937,7,9,16,1535,1738,3273,6,0.302755,0.318988,32.557766,0.000962,0.002397,112,0.000158,0,27,0.625,0.008762
37169,Stokes County,,NC,3478,56843,60321,7,8,15,2607,2389,4996,6,0.298457,0.313576,1086.700535,0.000751,0.001698,112,0.000172,0,27,0.583333,0.006606
37171,Surry County,,NC,3551,64284,67835,10,10,20,1960,2282,4242,6,0.301215,0.317115,5739.759843,0.001484,0.001991,112,0.000255,0,27,0.390909,0.012573
37173,Swain County,,NC,985,17019,18004,2,3,5,319,408,727,7,0.266318,0.276471,0,0.00003,0.000308,112,0.000115,0,27,1,0.000541
37175,Transylvania County,,NC,1905,31161,33066,3,4,7,531,732,1263,6,0.281815,0.293847,0.877485,0.000246,0.000735,112,0.000124,0,27,0.75,0.002888
37177,Tyrrell County,,NC,297,4045,4342,0,1,1,0,57,57,7,0.229516,0.23589,0,0,0,112,0.00005,0,169,0,0
37179,Union County,,NC,8631,148032,156663,31,21,52,9843,5153,14996,6,0.316392,0.336005,1486.157918,0.015181,0.006046,112,0.000457,0,27,0.554762,0.111051
37181,Vance County,,NC,2978,45591,48569,5,6,11,1540,1793,3333,6,0.298487,0.313231,7.258562,0.001098,0.001737,112,0.000148,0,27,0.7,0.009036
37183,Wake County,,NC,51233,720164,771397,273,205,478,51982,41214,93196,5,0.423504,0.468103,173190.108252,0.100494,0.08523,112,0.003438,0,27,0.233933,0.682397
37185,Warren County,,NC,877,14852,15729,4,4,8,506,506,1012,6,0.297722,0.311835,3.050251,0.000743,0.000865,112,0.000127,0,27,0.75,0.006287
37187,Washington County,,NC,783,13939,14722,4,4,8,290,363,653,6,0.297783,0.312007,3513.125116,0.000021,0.000895,112,0.000174,0,27,0.366667,0.000453
37189,Watauga County,,NC,3600,35148,38748,12,13,25,1216,1586,2802,6,0.303484,0.320625,7085.36592,0.002465,0.003114,112,0.00028,0,27,0.5,0.021005
37191,Wayne County,,NC,8442,107130,115572,23,25,48,3524,4148,7672,6,0.335453,0.356756,1337.381442,0.006642,0.008722,112,0.000393,0,27,0.441799,0.053373
37193,Wilkes County,,NC,3275,74727,78002,12,13,25,1403,1876,3279,6,0.303357,0.320338,4743.045353,0.001235,0.002669,112,0.000268,0,27,0.467033,0.010907
37195,Wilson County,,NC,4150,72569,76719,11,13,24,2308,2760,5068,6,0.303674,0.320556,70.42662,0.002679,0.003122,112,0.000227,0,27,0.642857,0.021325
37197,Yadkin County,,NC,2273,41036,43309,7,7,14,1453,1483,2936,6,0.277157,0.289285,6.325555,0.000442,0.000503,112,0.00017,0,27,0.714286,0.00432
37199,Yancey County,,NC,820,18440,19260,3,4,7,376,412,788,7,0.266367,0.276701,278.153505,0.00019,0.000276,112,0.000134,0,27,0.583333,0.002338
38001,Adams County,,ND,157,2570,2727,0,0,0,0,0,0,0,0,0,0,0,0,113,0.00005,98,170,0,0
38003,Barnes County,,ND,651,13033,13684,2,2,4,227,260,487,7,0.25537,0.264465,0,0.000051,0.000041,58,0.000122,0,27,1,0.000597
38005,Benson County,,ND,386,7570,7956,1,1,2,92,132,224,8,0.209625,0.214752,0,0.000001,0,58,0.000081,0,27,0,0.000096
38007,Billings County,,ND,0,0,0,0,0,0,0,0,0,0,0,0,0,0,0,114,0.00005,99,171,0,0
38009,Bottineau County,,ND,433,8118,8551,1,1,2,59,107,166,7,0.259087,0.267912,0,0.000056,0.000055,58,0.000077,0,27,0,0.000506
38011,Bowman County,,ND,185,3831,4016,0,0,0,0,0,0,0,0,0,0,0,0,115,0.00005,100,172,0,0
38013,Burke County,,ND,166,2879,3045,0,1,1,0,41,41,7,0.25913,0.267992,0,0,0.000055,58,0.00005,0,173,0,0
38015,Burleigh County,,ND,4931,85032,89963,17,16,33,3058,2729,5787,6,0.337679,0.358141,35382.988032,0.001916,0.002131,58,0.000678,0,27,0.138095,0.015962
38017,Cass County,,ND,10238,147852,158090,46,34,80,7150,6106,13256,6,0.342867,0.366477,71470.280239,0.004982,0.005454,58,0.001523,0,27,0.143673,0.039799
38019,Cavalier County,,ND,351,5817,6168,0,0,0,0,0,0,0,0,0,0,0,0,116,0.00005,101,174,0,0
38021,Dickey County,,ND,374,6255,6629,0,1,1,0,43,43,7,0.25539,0.264374,0,0,0.000041,58,0.00005,0,175,0,0
38023,Divide County,,ND,101,2647,2748,0,0,0,0,0,0,0,0,0,0,0,0,117,0.00005,102,176,0,0
38025,Dunn County,,ND,267,3838,4105,0,1,1,0,59,59,8,0.203878,0.208669,0,0,0.000001,58,0.00005,0,177,0,0
38027,Eddy County,,ND,170,2855,3025,0,0,0,0,0,0,0,0,0,0,0,0,118,0.00005,103,178,0,0
38029,Emmons County,,ND,239,4570,4809,0,1,1,0,100,100,7,0.252502,0.260609,0,0,0.000016,58,0.00005,0,179,0,0
38031,Foster County,,ND,178,4210,4388,0,0,0,0,0,0,0,0,0,0,0,0,119,0.00005,104,180,0,0
38033,Golden Valley County,,ND,148,2045,2193,0,0,0,0,0,0,0,0,0,0,0,0,120,0.00005,105,181,0,0
38035,Grand Forks County,,ND,6773,69354,76127,24,26,50,2602,2955,5557,6,0.349855,0.372929,39917.819242,0.004005,0.004972,58,0.000714,0,27,0.229167,0.029413
38037,Grant County,,ND,143,3228,3371,0,1,1,0,56,56,7,0.252502,0.260609,0,0,0.000016,58,0.00005,0,182,0,0
38039,Griggs County,,ND,172,3135,3307,0,1,1,0,43,43,7,0.25539,0.264374,0,0,0.000041,58,0.00005,0,183,0,0
38041,Hettinger County,,ND,181,3215,3396,0,1,1,0,53,53,8,0.203878,0.208669,0,0,0.000001,58,0.00005,0,184,0,0
38043,Kidder County,,ND,213,3096,3309,0,1,1,0,51,51,7,0.252502,0.260609,0,0,0.000016,58,0.00005,0,185,0,0
38045,LaMoure County,,ND,242,5471,5713,0,2,2,0,101,101,7,0.255413,0.264546,0,0,0.000041,58,0.00005,0,186,1,0
38047,Logan County,,ND,113,2472,2585,0,0,0,0,0,0,0,0,0,0,0,0,121,0.00005,106,187,0,0
38049,McHenry County,,ND,441,6667,7108,1,1,2,148,172,320,7,0.259087,0.267912,0,0.000056,0.000055,58,0.000077,0,27,0,0.000506
38051,McIntosh County,,ND,190,3795,3985,0,0,0,0,0,0,0,0,0,0,0,0,122,0.00005,107,188,0,0
38053,McKenzie County,,ND,379,5256,5635,1,2,3,44,100,144,8,0.209974,0.215447,0.666667,0.000001,0.000002,58,0.000103,0,27,0.5,0.000116
38055,McLean County,,ND,710,10885,11595,2,3,5,212,363,575,7,0.261446,0.271704,0,0.000074,0.000112,58,0.000113,0,27,1,0.000755
38057,Mercer County,,ND,570,10815,11385,1,3,4,60,260,320,7,0.255956,0.265441,0,0.000018,0.000057,58,0.000086,0,27,1,0.000249
38059,Morton County,,ND,2161,29604,31765,4,3,7,1290,1250,2540,7,0.255956,0.265441,0.333333,0.000063,0.000058,58,0.000224,0,27,0.75,0.000949
38061,Mountrail County,,ND,456,8000,8456,3,2,5,172,143,315,7,0.259134,0.268142,731.902102,0.000074,0.000056,58,0.000157,0,27,0.666667,0.000846
38063,Nelson County,,ND,209,4190,4399,1,1,2,54,49,103,7,0.259203,0.267969,0,0.000041,0.000033,58,0.000074,0,27,0,0.000362
38065,Oliver County,,ND,147,2355,2502,0,1,1,0,48,48,7,0.252502,0.260609,0,0,0.000016,58,0.00005,0,189,0,0
38067,Pembina County,,ND,514,10217,10731,1,3,4,50,220,270,7,0.260436,0.270233,0,0.000041,0.000074,58,0.000074,0,27,0.833333,0.000362
38069,Pierce County,,ND,323,5368,5691,0,1,1,0,50,50,7,0.25913,0.267992,0,0,0.000055,58,0.00005,0,190,0,0
38071,Ramsey County,,ND,902,13502,14404,2,4,6,192,360,552,7,0.265198,0.275909,5852,0.000041,0.000129,58,0.000142,0,27,0.5,0.000452
38073,Ransom County,,ND,329,6551,6880,2,1,3,113,118,231,7,0.255347,0.264292,0,0.000045,0.000041,58,0.00011,0,27,0.5,0.000581
38075,Renville County,,ND,230,3090,3320,1,1,2,72,113,185,7,0.259087,0.267912,0,0.000056,0.000055,58,0.000077,0,27,0,0.000506
38077,Richland County,,ND,1425,19767,21192,5,3,8,540,641,1181,7,0.25546,0.264809,116.891104,0.000097,0.000055,58,0.00021,0,27,0.4,0.00128
38079,Rolette County,,ND,676,13893,14569,3,3,6,170,267,437,7,0.265149,0.275679,0,0.000119,0.000129,58,0.000151,0,27,1,0.001248
38081,Sargent County,,ND,314,5167,5481,0,2,2,0,124,124,7,0.255413,0.264546,0,0,0.000041,58,0.00005,0,191,1,0
38083,Sheridan County,,ND,112,1861,1973,0,0,0,0,0,0,0,0,0,0,0,0,123,0.00005,108,192,0,0
38085,Sioux County,,ND,307,3378,3685,1,2,3,42,129,171,7,0.252546,0.260843,2968.185317,0.000018,0.000016,58,0.000086,0,27,0,0.000249
38087,Slope County,,ND,0,0,0,0,0,0,0,0,0,0,0,0,0,0,0,124,0.00005,109,193,0,0
38089,Stark County,,ND,1398,26392,27790,7,4,11,434,379,813,7,0.256001,0.265671,5814.225382,0.00012,0.000058,58,0.000353,0,27,0.380952,0.001643
38091,Steele County,,ND,153,2816,2969,0,0,0,0,0,0,0,0,0,0,0,0,125,0.00005,110,194,0,0
38093,Stutsman County,,ND,1370,24177,25547,4,5,9,302,520,822,6,0.302724,0.317707,494.82317,0.000063,0.000743,58,0.000198,0,27,0.5,0.000927
38095,Towner County,,ND,198,3321,3519,0,0,0,0,0,0,0,0,0,0,0,0,126,0.00005,111,195,0,0
38097,Traill County,,ND,579,9108,9687,2,2,4,309,250,559,7,0.260413,0.27006,0,0.000086,0.000074,58,0.000112,0,27,1,0.000854
38099,Walsh County,,ND,758,13924,14682,2,2,4,194,311,505,7,0.260413,0.27006,0,0.000041,0.000074,58,0.000095,0,27,0.833333,0.000455
38101,Ward County,,ND,6436,66928,73364,25,25,50,2097,2351,4448,6,0.349644,0.372808,44234.396619,0.006681,0.006858,58,0.000787,0,27,0.272727,0.048287
38103,Wells County,,ND,326,5619,5945,0,2,2,0,91,91,7,0.255976,0.26535,0,0,0.000057,58,0.00005,0,196,1,0
38105,Williams County,,ND,1204,23135,24339,7,6,13,364,431,795,7,0.265708,0.276863,5297.442287,0.00012,0.000146,58,0.000371,0,27,0.375,0.001652
39001,Adams County,,OH,1990,36484,38474,10,9,19,2972,2440,5412,6,0.304983,0.320826,80.90741,0.001487,0.001351,127,0.000198,0,27,0.583333,0.010103
39003,Allen County,,OH,5791,131024,136815,13,17,30,4983,6342,11325,6,0.307831,0.325842,326.170558,0.00237,0.002812,127,0.000227,0,27,0.4375,0.014896
39005,Ashland County,,OH,3790,65134,68924,11,12,23,4880,4510,9390,6,0.305015,0.321182,142.581878,0.002333,0.002061,127,0.000169,0,27,0.628205,0.014408
39007,Ashtabula County,,OH,5267,121708,126975,12,15,27,6249,6020,12269,6,0.338981,0.359204,83.493236,0.003444,0.005443,127,0.000144,0,27,0.661905,0.018863
39009,Athens County,,OH,4162,58057,62219,12,13,25,3018,3956,6974,6,0.307147,0.323992,188.029928,0.001989,0.00233,127,0.000323,0,27,0.37619,0.013767
39011,Auglaize County,,OH,3022,57057,60079,8,9,17,3638,3694,7332,6,0.304983,0.320711,101.828384,0.001291,0.001198,127,0.000159,0,27,0.652778,0.009071
39013,Belmont County,,OH,3157,83179,86336,10,8,18,2868,3276,6144,6,0.307668,0.324698,3873.482726,0.001537,0.001484,127,0.000236,0,27,0.327273,0.010604
39015,Brown County,,OH,3496,50807,54303,8,9,17,5548,5382,10930,6,0.293327,0.307021,55.767716,0.001041,0.001016,127,0.00019,0,27,0.666667,0.007254
39017,Butler County,,OH,25029,390212,415241,57,58,115,37780,36178,73958,6,0.379117,0.408779,15338.962714,0.027194,0.026894,127,0.000752,0,27,0.469456,0.189633
39019,Carroll County,,OH,2592,39214,41806,7,8,15,3796,3692,7488,6,0.303992,0.319488,11.231513,0.000659,0.001217,127,0.000133,0,27,0.736111,0.003665
39021,Champaign County,,OH,3662,55569,59231,10,10,20,5524,5376,10900,6,0.304823,0.320568,14.89338,0.001636,0.00156,127,0.000186,0,27,0.677778,0.011852
39023,Clark County,,OH,7857,160674,168531,10,16,26,8402,10050,18452,6,0.34218,0.363059,278.124934,0.002356,0.005585,127,0.000177,0,27,0.6125,0.016261
39025,Clermont County,,OH,16211,244730,260941,25,25,50,26055,23044,49099,6,0.362625,0.387154,2103.140916,0.010512,0.011879,127,0.000384,0,27,0.61553,0.071853
39027,Clinton County,,OH,3742,54904,58646,11,11,22,5952,5258,11210,6,0.30598,0.322193,43.53325,0.002355,0.002245,127,0.000208,0,27,0.763636,0.016538
39029,Columbiana County,,OH,5397,128038,133435,11,13,24,5841,6462,12303,6,0.308093,0.32583,131.681983,0.002432,0.00259,127,0.000158,0,27,0.621795,0.014287
39031,Coshocton County,,OH,2296,50133,52429,9,8,17,2944,2888,5832,6,0.303865,0.319258,80.288348,0.001027,0.000964,127,0.000202,0,27,0.583333,0.007658
39033,Crawford County,,OH,3150,60718,63868,8,8,16,3698,3846,7544,6,0.30377,0.319085,9.176482,0.000861,0.000847,127,0.00017,0,27,0.527778,0.006651
39035,Cuyahoga County,,OH,64999,1527849,1592848,157,186,343,58240,110338,168578,5,0.426242,0.467781,50005.624183,0.07482,0.084949,127,0.001627,0,27,0.33796,0.499117
39037,Darke County,,OH,2714,67912,70626,7,9,16,2912,3048,5960,6,0.305176,0.321056,68.756255,0.000515,0.001355,127,0.000155,0,27,0.5,0.003736
39039,Defiance County,,OH,2845,52194,55039,9,10,19,2923,3112,6035,6,0.304919,0.321269,69.742794,0.000609,0.001127,56,0.00017,0,27,0.536364,0.003424
39041,Delaware County,,OH,16218,204366,220584,57,52,109,39949,23648,63597,5,0.377538,0.406515,9391.363407,0.022953,0.024985,127,0.000728,0,27,0.428227,0.159432
39043,Erie County,,OH,5054,97115,102169,10,12,22,6052,6356,12408,6,0.334988,0.354447,130.171103,0.00239,0.003936,127,0.000159,0,27,0.666667,0.014232
39045,Fairfield County,,OH,12097,178433,190530,22,16,38,24239,17072,41311,6,0.344006,0.364598,1743.624626,0.006056,0.004808,127,0.000378,0,27,0.452381,0.040693
39047,Fayette County,,OH,2169,33125,35294,9,8,17,2602,2766,5368,6,0.304791,0.32028,19.514844,0.001385,0.001358,127,0.000195,0,27,0.555556,0.010405
39049,Franklin County,,OH,79714,1207447,1287161,256,256,512,96900,137808,234708,5,0.435716,0.484097,328797.424254,0.091084,0.092805,127,0.003329,0,27,0.212648,0.623944
39051,Fulton County,,OH,2796,54017,56813,8,8,16,4135,3770,7905,6,0.304184,0.319832,32.795803,0.000695,0.001008,56,0.000142,0,27,0.544444,0.003619
39053,Gallia County,,OH,1826,36035,37861,6,6,12,1407,1864,3271,6,0.304056,0.319189,143.064402,0.000806,0.000786,127,0.000202,0,27,0.5,0.006047
39055,Geauga County,,OH,6033,112985,119018,7,9,16,8594,8044,16638,6,0.334718,0.3537,0.122925,0.002174,0.003724,127,0.000103,0,27,0.888889,0.012551
39057,Greene County,,OH,15748,172163,187911,47,33,80,20301,21094,41395,5,0.36258,0.38797,4226.031141,0.021442,0.014398,127,0.000628,0,27,0.462041,0.153279
39059,Guernsey County,,OH,2328,50688,53016,11,11,22,2590,2538,5128,6,0.305208,0.321343,3678.342636,0.002077,0.001782,127,0.000277,0,27,0.403846,0.013286
39061,Hamilton County,,OH,54897,917015,971912,113,136,249,47465,91572,139037,5,0.413425,0.451183,51380.112576,0.055083,0.066882,127,0.001355,0,27,0.409007,0.377806
39063,Hancock County,,OH,4908,88144,93052,13,14,27,5378,4722,10100,6,0.306013,0.322837,181.320582,0.001923,0.002363,56,0.000235,0,27,0.419118,0.012407
39065,Hardin County,,OH,1963,34984,36947,9,8,17,2774,2204,4978,6,0.303833,0.3192,8.899907,0.000911,0.00101,127,0.000187,0,27,0.544444,0.006856
39067,Harrison County,,OH,1096,17386,18482,5,5,10,1188,1396,2584,6,0.303929,0.318959,5.915615,0.000215,0.000804,127,0.000127,0,27,0.666667,0.001649
39069,Henry County,,OH,2001,36069,38070,8,8,16,2472,2678,5150,6,0.30412,0.319717,8.7296,0.000423,0.000985,56,0.000158,0,27,0.625,0.002428
39071,Highland County,,OH,2611,40209,42820,13,11,24,4292,3622,7914,6,0.305884,0.32205,64.160295,0.002374,0.002029,127,0.000242,0,27,0.621795,0.01684
39073,Hocking County,,OH,2098,31841,33939,7,7,14,3192,2952,6144,6,0.303706,0.318856,4.75,0.000854,0.000844,127,0.000192,0,27,0.642857,0.006543
39075,Holmes County,,OH,1670,42737,44407,6,6,12,2158,2200,4358,7,0.265295,0.275856,2.225229,0.000927,0.000192,127,0.000122,0,27,0.666667,0.005831
39077,Huron County,,OH,4332,77119,81451,11,13,24,5510,5858,11368,6,0.305272,0.321757,17.685791,0.001833,0.001851,127,0.000183,0,27,0.621795,0.012133
39079,Jackson County,,OH,1832,37954,39786,6,8,14,2224,2194,4418,6,0.303833,0.3192,10.55059,0.000803,0.000807,127,0.000175,0,27,0.482143,0.006007
39081,Jefferson County,,OH,3270,76459,79729,11,11,22,2635,3402,6037,6,0.3077,0.325129,378.369159,0.002422,0.001851,127,0.00021,0,27,0.49359,0.015605
39083,Knox County,,OH,3407,67608,71015,11,9,20,5034,3734,8768,6,0.303801,0.319258,75.457826,0.001823,0.001104,127,0.000215,0,27,0.507576,0.012827
39085,Lake County,,OH,12046,279605,291651,19,28,47,17715,17100,34815,6,0.354949,0.378921,329.635431,0.008439,0.014815,127,0.00021,0,27,0.718391,0.05388
39087,Lawrence County,,OH,3054,66365,69419,8,7,15,2462,3428,5890,6,0.304311,0.319677,672.703503,0.0009,0.000789,127,0.000267,0,27,0.446429,0.006571
39089,Licking County,,OH,8839,168711,177550,18,14,32,14650,11104,25754,6,0.311667,0.329375,318.696914,0.004741,0.003271,127,0.000336,0,27,0.454762,0.030159
39091,Logan County,,OH,3115,52345,55460,12,13,25,4026,4126,8152,6,0.305015,0.321257,28.104236,0.00156,0.001438,127,0.000218,0,27,0.538462,0.011077
39093,Lorain County,,OH,14637,341001,355638,28,43,71,23345,19296,42641,6,0.363853,0.391244,1841.630055,0.013042,0.020663,127,0.000306,0,27,0.554521,0.085148
39095,Lucas County,,OH,24006,508196,532202,56,78,134,20715,34284,54999,6,0.386955,0.4192,17443.517357,0.020234,0.036792,56,0.000655,0,27,0.436465,0.138879
39097,Madison County,,OH,3058,40032,43090,7,8,15,4774,4488,9262,6,0.303738,0.319028,5.183333,0.001055,0.001049,127,0.000159,0,27,0.607143,0.00761
39099,Mahoning County,,OH,11500,283657,295157,21,33,54,12330,15276,27606,6,0.360417,0.386384,1472.301805,0.006959,0.015325,127,0.000262,0,27,0.537302,0.047969
39101,Marion County,,OH,3472,72887,76359,9,10,19,3494,4006,7500,6,0.303801,0.319373,13.075,0.001047,0.001062,127,0.0002,0,27,0.5,0.007981
39103,Medina County,,OH,11280,196522,207802,19,24,43,20891,15076,35967,6,0.347633,0.370033,519.954433,0.007667,0.009862,127,0.000223,0,27,0.637566,0.049107
39105,Meigs County,,OH,1182,22205,23387,5,6,11,1098,1250,2348,6,0.303833,0.31897,140.342845,0.000795,0.000798,127,0.00018,0,27,0.466667,0.005958
39107,Mercer County,,OH,2066,50169,52235,10,9,19,2189,2414,4603,6,0.305851,0.322176,1458.952193,0.001291,0.001313,127,0.000204,0,27,0.490909,0.009219
39109,Miami County,,OH,6524,122533,129057,13,17,30,8959,8396,17355,6,0.307896,0.325957,137.229813,0.001952,0.003771,127,0.000225,0,27,0.437909,0.014709
39111,Monroe County,,OH,837,17024,17861,3,5,8,612,940,1552,6,0.303865,0.318844,3083.351724,0.000019,0.000791,127,0.000152,0,27,0.433333,0.000472
39113,Montgomery County,,OH,34428,628377,662805,98,109,207,37910,51666,89576,5,0.406075,0.441227,32217.907726,0.04501,0.052774,127,0.001247,0,27,0.399325,0.32016
39115,Morgan County,,OH,1199,19903,21102,7,6,13,1692,1576,3268,6,0.30377,0.318856,5.82619,0.000844,0.000831,127,0.000215,0,27,0.666667,0.006542
39117,Morrow County,,OH,2459,33021,35480,6,6,12,4302,3570,7872,6,0.303674,0.318683,1.545833,0.001022,0.001002,127,0.000142,0,27,0.8,0.007532
39119,Muskingum County,,OH,3963,95165,99128,10,7,17,4928,4598,9526,6,0.30377,0.31897,7.853968,0.000909,0.000877,127,0.000255,0,27,0.566667,0.007371
39121,Noble County,,OH,577,9468,10045,3,2,5,554,560,1114,7,0.234197,0.241454,0.583333,0.000028,0.00003,127,0.000132,0,27,0.666667,0.000496
39123,Ottawa County,,OH,2893,50075,52968,9,8,17,3770,3368,7138,6,0.305111,0.320895,3.148674,0.002063,0.001618,56,0.000148,0,27,0.833333,0.012493
39125,Paulding County,,OH,1297,21888,23185,5,7,12,1280,1740,3020,6,0.304759,0.320637,21.478207,0.00027,0.000924,56,0.000121,0,27,0.595238,0.001712
39127,Perry County,,OH,1801,30537,32338,7,7,14,2948,2764,5712,6,0.303706,0.318856,2.633333,0.000869,0.000875,127,0.000208,0,27,0.761905,0.006739
39129,Pickaway County,,OH,3646,52920,56566,9,9,18,6184,5392,11576,6,0.303801,0.319258,11.597222,0.001058,0.001067,127,0.000209,0,27,0.488889,0.008063
39131,Pike County,,OH,2552,41844,44396,6,8,14,3338,3360,6698,6,0.303897,0.319315,14.880735,0.00081,0.000821,127,0.000161,0,27,0.607143,0.006069
39133,Portage County,,OH,11708,171068,182776,15,22,37,16986,16348,33334,6,0.347883,0.370074,224.429669,0.003506,0.007414,127,0.000176,0,27,0.632035,0.020416
39135,Preble County,,OH,2521,47034,49555,7,7,14,3296,3422,6718,6,0.305368,0.320958,19.20795,0.000952,0.001507,127,0.000139,0,27,0.714286,0.007215
39137,Putnam County,,OH,1807,44605,46412,7,8,15,1690,2148,3838,6,0.304024,0.319545,276.754972,0.000838,0.000831,127,0.00015,0,27,0.535714,0.00618
39139,Richland County,,OH,6390,138533,144923,17,16,33,7372,7606,14978,6,0.32486,0.343376,622.242195,0.004132,0.003548,127,0.000253,0,27,0.535088,0.027735
39141,Ross County,,OH,3466,70362,73828,10,11,21,4058,4224,8282,6,0.304951,0.320912,31.829903,0.000876,0.001242,127,0.000248,0,27,0.463636,0.007033
39143,Sandusky County,,OH,3383,74614,77997,8,8,16,4224,3878,8102,6,0.303992,0.319488,2.008302,0.001219,0.001026,56,0.000148,0,27,0.821429,0.007821
39145,Scioto County,,OH,3333,65952,69285,8,9,17,2909,3876,6785,6,0.305047,0.320912,4011.003664,0.000812,0.001244,127,0.000247,0,27,0.347222,0.006269
39147,Seneca County,,OH,3305,66324,69629,9,11,20,3444,4188,7632,6,0.305208,0.321412,14.804905,0.001195,0.001655,56,0.000178,0,27,0.645455,0.007905
39149,Shelby County,,OH,2966,56297,59263,8,9,17,2792,3412,6204,6,0.304983,0.320711,30.278008,0.001296,0.001206,127,0.000154,0,27,0.722222,0.009101
39151,Stark County,,OH,16408,449758,466166,33,46,79,19776,21698,41474,6,0.360597,0.387142,8702.263958,0.013605,0.019782,127,0.000418,0,27,0.457255,0.096496
39153,Summit County,,OH,29996,627322,657318,61,88,149,39912,45618,85530,5,0.389239,0.422808,9585.117272,0.029201,0.045862,127,0.000689,0,27,0.48869,0.20186
39155,Trumbull County,,OH,9878,256182,266060,18,27,45,10317,12702,23019,6,0.349013,0.372073,700.10527,0.00542,0.013245,127,0.000206,0,27,0.57957,0.032707
39157,Tuscarawas County,,OH,4274,108528,112802,12,13,25,5532,5340,10872,6,0.305208,0.321642,319.676821,0.00215,0.001869,127,0.000205,0,27,0.505495,0.013474
39159,Union County,,OH,2998,40097,43095,8,7,15,4832,3942,8774,6,0.303706,0.318856,3.816667,0.001064,0.000988,127,0.000167,0,27,0.732143,0.007777
39161,Van Wert County,,OH,1434,34793,36227,7,8,15,1401,1636,3037,6,0.304823,0.320866,85.584761,0.000296,0.000955,127,0.000162,0,27,0.535714,0.00214
39163,Vinton County,,OH,715,10604,11319,5,5,10,962,848,1810,6,0.303642,0.318511,2.2,0.000793,0.000786,127,0.000148,0,27,0.633333,0.005861
39165,Warren County,,OH,15318,195485,210803,36,35,71,31982,21486,53468,6,0.365503,0.391267,3739.686439,0.016499,0.015096,127,0.000499,0,27,0.548485,0.113062
39167,Washington County,,OH,3393,67542,70935,10,8,18,2738,3224,5962,6,0.304248,0.319706,6825.505837,0.001522,0.000787,127,0.000326,0,27,0.333333,0.010562
39169,Wayne County,,OH,6672,134011,140683,11,15,26,7604,8528,16132,6,0.33124,0.350316,460.285744,0.002376,0.003198,127,0.00016,0,27,0.62381,0.014483
39171,Williams County,,OH,2229,46007,48236,8,11,19,2135,2384,4519,6,0.305015,0.321556,148.664909,0.000356,0.001143,56,0.000167,0,27,0.472727,0.002203
39173,Wood County,,OH,10429,132451,142880,22,20,42,14396,13508,27904,6,0.350828,0.373205,1682.149749,0.004088,0.00732,56,0.000299,0,27,0.401478,0.024357
39175,Wyandot County,,OH,1410,26054,27464,6,6,12,1914,1876,3790,6,0.303706,0.318741,2.716667,0.00082,0.000798,127,0.000144,0,27,0.7,0.006114
40001,Adair County,,OK,1409,21917,23326,6,7,13,789,817,1606,6,0.291558,0.304366,11.907465,0.00066,0.000699,64,0.000176,0,27,0.714286,0.005826
40003,Alfalfa County,,OK,399,5485,5884,3,2,5,192,157,349,7,0.253429,0.261868,188.825127,0.000035,0.000046,64,0.000167,0,27,0.5,0.000648
40005,Atoka County,,OK,870,13565,14435,4,5,9,275,397,672,6,0.291382,0.304481,4895.664796,0.000444,0.00045,151,0.000186,0,27,0.25,0.003704
40007,Beaver County,,OK,609,5667,6276,1,2,3,111,171,282,7,0.233181,0.240239,0,0.00001,0.000007,64,0.000065,0,27,1,0.000141
40009,Beckham County,,OK,1418,18926,20344,4,5,9,437,543,980,6,0.291265,0.304251,5852.333333,0.000432,0.000563,64,0.000195,0,27,0.5,0.003549
40011,Blaine County,,OK,854,11418,12272,5,5,10,338,436,774,6,0.291324,0.304366,327.304334,0.000514,0.000497,64,0.000154,0,27,0.6,0.004243
40013,Bryan County,,OK,2422,32185,34607,15,11,26,1656,1263,2919,6,0.317918,0.336102,3923.344485,0.003433,0.002896,151,0.00036,0,27,0.395238,0.026932
40015,Caddo County,,OK,2123,29411,31534,7,8,15,1117,1211,2328,6,0.293772,0.307451,49.678725,0.000807,0.00078,64,0.000161,0,27,0.696429,0.00639
40017,Canadian County,,OK,8461,101006,109467,18,22,40,7933,5707,13640,6,0.343436,0.366454,1876.671352,0.003955,0.006187,64,0.000367,0,27,0.393281,0.029872
40019,Carter County,,OK,2695,47709,50404,16,16,32,1566,1438,3004,6,0.319072,0.337998,7337.829292,0.003221,0.003193,64,0.000418,0,27,0.363971,0.024614
40021,Cherokee County,,OK,2944,37654,40598,12,14,26,1642,1774,3416,6,0.296747,0.311818,45.230779,0.001046,0.001308,64,0.000272,0,27,0.566667,0.008991
40023,Choctaw County,,OK,886,14183,15069,4,4,8,398,318,716,7,0.246852,0.25589,227.781115,0.000072,0.000066,151,0.00016,0,27,0.25,0.000899
40025,Cimarron County,,OK,281,3025,3306,0,0,0,0,0,0,0,0,0,0,0,0,128,0.00005,112,197,0,0
40027,Cleveland County,,OK,21389,224964,246353,52,51,103,17363,15393,32756,5,0.368521,0.396467,19995.850174,0.017172,0.017508,64,0.000896,0,27,0.295192,0.129211
40029,Coal County,,OK,401,5148,5549,2,2,4,131,132,263,7,0.228623,0.235269,1.7,0.000012,0.000012,64,0.000104,0,27,0,0.000298
40031,Comanche County,,OK,13171,110643,123814,48,47,95,5339,5450,10789,5,0.365319,0.393117,13268.848933,0.019008,0.020559,64,0.000691,0,27,0.473701,0.137687
40033,Cotton County,,OK,519,6128,6647,3,3,6,213,272,485,6,0.275499,0.28782,3.739246,0.000386,0.000348,64,0.000095,0,27,0.666667,0.002883
40035,Craig County,,OK,1098,16074,17172,6,5,11,678,622,1300,6,0.290827,0.303074,2.778336,0.000441,0.000353,64,0.000155,0,27,0.666667,0.00334
40037,Creek County,,OK,6779,74252,81031,13,16,29,4828,4977,9805,6,0.316392,0.334666,171.042966,0.000967,0.001835,64,0.000278,0,27,0.504167,0.007703
40039,Custer County,,OK,2113,24590,26703,9,10,19,884,1130,2014,6,0.298334,0.3128,1738.032822,0.000643,0.001079,64,0.000249,0,27,0.378788,0.005483
40041,Delaware County,,OK,2801,33949,36750,15,13,28,1929,1829,3758,6,0.296929,0.312048,162.124983,0.001198,0.001202,64,0.000347,0,27,0.466667,0.010894
40043,Dewey County,,OK,329,5292,5621,2,1,3,96,47,143,7,0.225724,0.231751,2,0.000014,0.000004,64,0.000097,0,27,0.5,0.000273
40045,Ellis County,,OK,271,4126,4397,1,1,2,101,79,180,7,0.225724,0.231751,0,0.000005,0.000004,64,0.000076,0,27,0,0.000125
40047,Garfield County,,OK,4971,61734,66705,23,19,42,1963,1946,3909,6,0.339338,0.36045,21368.706477,0.005636,0.00413,64,0.000564,0,27,0.335385,0.042387
40049,Garvin County,,OK,2143,29467,31610,10,9,19,1034,1136,2170,6,0.29602,0.310209,17.979428,0.000712,0.000948,64,0.000238,0,27,0.663636,0.006213
40051,Grady County,,OK,3860,50608,54468,10,10,20,3085,2518,5603,6,0.298273,0.312685,29.58754,0.001227,0.001124,64,0.000215,0,27,0.7,0.009452
40053,Grant County,,OK,460,4999,5459,1,2,3,56,201,257,7,0.25634,0.265275,0,0.000034,0.000065,64,0.000076,0,27,1,0.000458
40055,Greer County,,OK,341,4920,5261,1,1,2,94,75,169,7,0.243475,0.250699,0,0.000022,0.000041,64,0.000081,0,27,0,0.000401
40057,Harmon County,,OK,252,2905,3157,0,1,1,0,42,42,7,0.243518,0.250785,0,0,0.000041,64,0.00005,0,198,0,0
40059,Harper County,,OK,213,3993,4206,1,0,1,54,0,54,0,0,0,0,0.000005,0,64,0.000076,0,2,0,0.000125
40061,Haskell County,,OK,723,12024,12747,3,4,7,240,277,517,7,0.240907,0.249155,0.971429,0.00003,0.000038,64,0.000118,0,27,0.583333,0.000551
40063,Hughes County,,OK,980,11926,12906,7,5,12,468,454,922,6,0.291236,0.304194,4.439196,0.0006,0.000461,64,0.000187,0,27,0.660714,0.005204
40065,Jackson County,,OK,3485,28715,32200,16,10,26,997,873,1870,6,0.321797,0.339343,9987.186257,0.004965,0.002726,64,0.000355,0,27,0.411765,0.037164
40067,Jefferson County,,OK,466,5847,6313,3,2,5,177,144,321,7,0.246768,0.255322,1.311173,0.00007,0.000047,64,0.000113,0,27,0.333333,0.000803
40069,Johnston County,,OK,846,9573,10419,5,4,9,345,336,681,7,0.242255,0.250849,1.919669,0.000482,0.000068,64,0.000172,0,27,0.8,0.004129
40071,Kay County,,OK,3781,51091,54872,12,14,26,1365,1893,3258,6,0.341535,0.36276,2299.407446,0.00224,0.003763,64,0.000287,0,27,0.4375,0.016412
40073,Kingfisher County,,OK,990,15252,16242,4,3,7,445,489,934,6,0.291236,0.303964,0,0.00052,0.000492,64,0.000123,0,27,1,0.004272
40075,Kiowa County,,OK,752,9707,10459,3,6,9,192,324,516,6,0.293891,0.307337,11.783118,0.000198,0.000626,64,0.00011,0,27,0.633333,0.001783
40077,Latimer County,,OK,838,11911,12749,3,3,6,360,342,702,7,0.228804,0.235722,25.835488,0.000015,0.000016,64,0.00015,0,27,0.166667,0.00043
40079,Le Flore County,,OK,2828,43654,46482,9,8,17,1358,1527,2885,6,0.296202,0.310353,3950.476074,0.000889,0.00082,64,0.000243,0,27,0.366667,0.007217
40081,Lincoln County,,OK,2963,35963,38926,9,10,19,2016,1931,3947,6,0.2959,0.310094,4.842857,0.001058,0.000995,64,0.000196,0,27,0.711111,0.00819
40083,Logan County,,OK,4377,48346,52723,10,9,19,3413,2673,6086,6,0.315018,0.33196,189.087648,0.002946,0.001845,64,0.000204,0,27,0.643939,0.021478
40085,Love County,,OK,684,8770,9454,2,2,4,295,313,608,7,0.242619,0.250878,0.562202,0.000057,0.00005,64,0.000093,0,27,0.5,0.000582
40087,McClain County,,OK,2357,23867,26224,6,6,12,1751,1627,3378,6,0.291236,0.304309,0.366667,0.000651,0.000627,64,0.000149,0,27,0.933333,0.005354
40089,McCurtain County,,OK,1741,31657,33398,6,9,15,364,568,932,6,0.316427,0.333862,7315.747787,0.001672,0.001663,151,0.000175,0,27,0.288889,0.012072
40091,McIntosh County,,OK,1457,18278,19735,6,6,12,738,764,1502,6,0.295839,0.30952,0.994048,0.000973,0.000778,64,0.000153,0,27,0.857143,0.00743
40093,Major County,,OK,614,8030,8644,2,3,5,222,247,469,7,0.253473,0.262098,0.916667,0.000038,0.000051,64,0.000102,0,27,0.666667,0.000588
40095,Marshall County,,OK,970,12587,13557,5,4,9,448,395,843,6,0.291324,0.304251,143.250056,0.000614,0.000472,64,0.000166,0,27,0.8,0.005129
40097,Mayes County,,OK,2660,39841,42501,9,10,19,1668,1588,3256,6,0.296232,0.310611,35.509411,0.001015,0.001008,64,0.000214,0,27,0.733333,0.008423
40099,Murray County,,OK,911,11070,11981,5,5,10,440,430,870,6,0.291324,0.304366,0,0.000606,0.000595,64,0.000146,0,27,1,0.005006
40101,Muskogee County,,OK,4462,70611,75073,14,14,28,2545,2486,5031,6,0.316634,0.334752,3427.570034,0.00179,0.001846,64,0.000301,0,27,0.458333,0.01356
40103,Noble County,,OK,957,11998,12955,4,5,9,415,532,947,6,0.291353,0.304424,0.214286,0.000535,0.00052,64,0.000121,0,27,0.9,0.004141
40105,Nowata County,,OK,987,11027,12014,4,5,9,456,578,1034,6,0.290885,0.303189,4.921958,0.000437,0.000364,64,0.000124,0,27,0.7,0.003146
40107,Okfuskee County,,OK,877,10799,11676,8,8,16,483,558,1041,6,0.295839,0.30975,12.473183,0.000861,0.000795,64,0.000196,0,27,0.696429,0.006804
40109,Oklahoma County,,OK,50258,665872,716130,152,148,300,34948,39403,74351,5,0.410558,0.449362,177158.703383,0.050237,0.051068,64,0.002454,0,27,0.252047,0.370918
40111,Okmulgee County,,OK,2760,35626,38386,10,9,19,1459,1573,3032,6,0.2959,0.309979,11.840932,0.00108,0.000797,64,0.000211,0,27,0.583333,0.008342
40113,Osage County,,OK,4814,51511,56325,9,8,17,3685,3342,7027,6,0.295869,0.309807,20.578653,0.00097,0.000815,64,0.000198,0,27,0.722222,0.007184
40115,Ottawa County,,OK,2133,30819,32952,7,10,17,1035,1162,2197,6,0.298426,0.313317,471.446505,0.000856,0.001228,64,0.000195,0,27,0.488889,0.006957
40117,Pawnee County,,OK,1582,16209,17791,5,4,9,889,1024,1913,6,0.29074,0.302786,0.1,0.000481,0.000352,64,0.000126,0,27,0.95,0.003284
40119,Payne County,,OK,6376,59159,65535,18,22,40,2827,3106,5933,6,0.346305,0.369579,1312.067897,0.002176,0.006069,64,0.000357,0,27,0.393846,0.017366
40121,Pittsburg County,,OK,2676,42361,45037,10,10,20,882,949,1831,6,0.296051,0.310381,4194.001281,0.000984,0.000943,64,0.000278,0,27,0.346154,0.007902
40123,Pontotoc County,,OK,2534,33908,36442,11,12,23,1145,1217,2362,6,0.296141,0.310784,4513.6708,0.001014,0.00096,64,0.000309,0,27,0.439394,0.008295
40125,Pottawatomie County,,OK,5008,62516,67524,13,16,29,3069,3266,6335,6,0.31536,0.33331,1075.178935,0.003028,0.002369,64,0.000282,0,27,0.429825,0.023175
40127,Pushmataha County,,OK,662,9946,10608,4,3,7,235,203,438,7,0.225987,0.232481,25.640491,0.000018,0.000004,151,0.000175,0,27,0.166667,0.000517
40129,Roger Mills County,,OK,183,3294,3477,1,1,2,84,59,143,7,0.225583,0.231435,0,0.000005,0.000004,64,0.000084,0,27,0,0.000123
40131,Rogers County,,OK,6488,87218,93706,15,19,34,5777,4395,10172,6,0.326102,0.34661,473.587022,0.001139,0.003563,64,0.000316,0,27,0.42381,0.009236
40133,Seminole County,,OK,1757,22527,24284,8,8,16,1095,999,2094,6,0.295869,0.309807,11.593385,0.00099,0.000927,64,0.000197,0,27,0.785714,0.007805
40135,Sequoyah County,,OK,2345,38513,40858,10,9,19,1494,1290,2784,6,0.296444,0.310841,534.450486,0.000927,0.001048,64,0.000246,0,27,0.527273,0.007461
40137,Stephens County,,OK,2596,43552,46148,11,11,22,1276,1121,2397,6,0.326102,0.345605,2884.712842,0.002476,0.002926,64,0.00027,0,27,0.519231,0.018843
40139,Texas County,,OK,1659,19860,21519,3,3,6,286,302,588,6,0.292263,0.305487,3660.826571,0.00001,0.000532,64,0.000114,0,27,0.3,0.00032
40141,Tillman County,,OK,704,8111,8815,2,3,5,83,217,300,6,0.27542,0.287677,4.131286,0.000191,0.000369,64,0.000093,0,27,0.833333,0.001632
40143,Tulsa County,,OK,44145,575521,619666,112,128,240,26687,33538,60225,5,0.40963,0.445651,97614.986838,0.038745,0.046255,64,0.001791,0,27,0.286382,0.288793
40145,Wagoner County,,OK,6060,59649,65709,11,13,24,5655,4294,9949,6,0.325626,0.345232,338.451952,0.001767,0.002808,64,0.000235,0,27,0.55,0.01316
40147,Washington County,,OK,3757,51284,55041,12,12,24,1978,1985,3963,6,0.323845,0.342824,3094.5523,0.003176,0.002326,64,0.000266,0,27,0.450549,0.024077
40149,Washita County,,OK,919,10584,11503,4,3,7,459,358,817,6,0.291207,0.303907,0.666667,0.000438,0.000422,64,0.000134,0,27,0.666667,0.003565
40151,Woods County,,OK,652,8295,8947,2,2,4,104,159,263,7,0.253429,0.261868,1.5,0.000005,0.000047,64,0.000146,0,27,0.666667,0.000224
40153,Woodward County,,OK,1305,19184,20489,4,8,12,251,489,740,6,0.291499,0.305056,15754.608072,0.000454,0.000606,64,0.000236,0,27,0.214286,0.003829
41001,Baker County,,OR,1256,16178,17434,4,4,8,274,276,550,6,0.270843,0.284097,1.377413,0.000801,0.000577,4,0.000102,0,27,0.9,0.00653
41003,Benton County,,OR,8463,82262,90725,26,27,53,4952,5740,10692,6,0.342503,0.364495,40.863918,0.010454,0.011667,4,0.000352,0,27,0.781609,0.076175
41005,Clackamas County,,OR,33944,398239,432183,69,73,142,32314,28516,60830,5,0.363944,0.394588,5560.224931,0.026768,0.026989,4,0.000834,0,27,0.471289,0.192847
41007,Clatsop County,,OR,2943,34371,37314,14,14,28,1485,1327,2812,6,0.330072,0.348598,85.937914,0.00383,0.003981,4,0.000221,0,27,0.785714,0.029034
41009,Columbia County,,OR,3486,49128,52614,10,10,20,2793,2209,5002,6,0.307374,0.323624,2.162756,0.002953,0.002817,4,0.00016,0,27,0.939394,0.02182
41011,Coos County,,OR,3919,60472,64391,23,20,43,2307,2113,4420,6,0.336856,0.356946,45.157183,0.009602,0.006007,4,0.000329,0,27,0.801994,0.071822
41013,Crook County,,OR,1703,20089,21792,7,3,10,1404,718,2122,7,0.263058,0.274214,0.731616,0.001543,0.000559,4,0.000145,0,27,0.833333,0.012047
41015,Curry County,,OR,1929,22482,24411,16,8,24,1072,758,1830,6,0.33041,0.348248,60.828545,0.006334,0.002066,4,0.000236,0,27,0.808824,0.046704
41017,Deschutes County,,OR,9742,138455,148197,66,44,110,11008,6415,17423,6,0.344783,0.369384,12517.204938,0.019808,0.014142,4,0.000895,0,27,0.460041,0.141869
41019,Douglas County,,OR,5571,106556,112127,36,26,62,3949,3285,7234,6,0.341616,0.363289,76.255665,0.013577,0.010209,4,0.000439,0,27,0.68691,0.099262
41021,Gilliam County,,OR,176,1897,2073,0,0,0,0,0,0,0,0,0,0,0,0,129,0.00005,113,199,0,0
41023,Grant County,,OR,644,7373,8017,1,2,3,53,96,149,7,0.256612,0.266148,0,0.000116,0.000209,4,0.000068,0,27,1,0.001292
41025,Harney County,,OR,665,7350,8015,0,1,1,0,67,67,7,0.256451,0.265626,0,0,0.000163,4,0.00005,0,200,0,0
41027,Hood River County,,OR,1631,22717,24348,8,8,16,751,896,1647,6,0.289579,0.303706,102.984117,0.003074,0.001498,4,0.000157,0,27,0.711111,0.022022
41029,Jackson County,,OR,10887,199307,210194,63,44,107,9460,6998,16458,6,0.34507,0.369556,525.811508,0.0232,0.017178,4,0.000707,0,27,0.6036,0.164557
41031,Jefferson County,,OR,1274,17163,18437,3,3,6,401,499,900,6,0.288542,0.301494,0,0.000818,0.000673,4,0.000087,0,27,0.833333,0.006487
41033,Josephine County,,OR,4863,77144,82007,36,21,57,4214,2940,7154,6,0.341374,0.362341,202.260021,0.014698,0.009744,4,0.00041,0,27,0.755334,0.103488
41035,Klamath County,,OR,4319,63846,68165,25,22,47,2106,2173,4279,6,0.335376,0.35555,2008.058054,0.008619,0.006734,4,0.000362,0,27,0.719212,0.061772
41037,Lake County,,OR,712,7262,7974,4,3,7,212,178,390,7,0.26301,0.274168,0,0.000528,0.000452,4,0.000105,0,27,1,0.004968
41039,Lane County,,OR,19920,336720,356640,77,73,150,13751,14083,27834,6,0.356169,0.386057,7284.860741,0.026547,0.025824,4,0.000944,0,27,0.48249,0.190825
41041,Lincoln County,,OR,3869,42595,46464,25,18,43,2537,2215,4752,6,0.333104,0.352821,158.155261,0.01003,0.004853,4,0.000335,0,27,0.777778,0.073622
41043,Linn County,,OR,7681,108821,116502,23,24,47,5826,5334,11160,6,0.338467,0.359784,109.565892,0.008507,0.007775,4,0.000316,0,27,0.767196,0.062872
41045,Malheur County,,OR,2250,27640,29890,5,6,11,758,1133,1891,6,0.269434,0.281983,11.408222,0.00039,0.0005,4,0.000174,0,27,0.633333,0.004186
41047,Marion County,,OR,19487,295446,314933,61,53,114,15055,14959,30014,6,0.345934,0.371998,3744.97117,0.021653,0.017529,4,0.000767,0,27,0.503073,0.156305
41049,Morrow County,,OR,1120,10990,12110,1,2,3,432,525,957,7,0.257981,0.267429,0,0.000053,0.000173,4,0.000064,0,27,1,0.000472
41051,Multnomah County,,OR,66833,680986,747819,147,146,293,44773,58544,103317,5,0.405168,0.444381,44705.470655,0.060524,0.058439,4,0.001721,0,27,0.340643,0.417912
41053,Polk County,,OR,6270,65511,71781,19,16,35,5542,4704,10246,6,0.338941,0.359031,75.501496,0.006868,0.006498,4,0.000273,0,27,0.883117,0.050849
41055,Sherman County,,OR,186,1799,1985,0,1,1,0,68,68,7,0.22463,0.230973,0,0,0.00001,4,0.00005,0,201,0,0
41057,Tillamook County,,OR,1867,24907,26774,10,10,20,1055,835,1890,6,0.289579,0.303935,0.516268,0.001742,0.001816,4,0.000172,0,27,0.945455,0.014066
41059,Umatilla County,,OR,5097,72972,78069,22,24,46,2546,2991,5537,6,0.334602,0.355538,5579.817718,0.005593,0.006427,4,0.000378,0,27,0.555419,0.044087
41061,Union County,,OR,2095,25917,28012,8,13,21,626,959,1585,6,0.293713,0.309824,3006.652893,0.001273,0.002376,4,0.000177,0,27,0.56044,0.010988
41063,Wallowa County,,OR,581,7616,8197,1,0,1,55,0,55,0,0,0,0,0.00002,0,4,0.000062,0,6,0,0.000187
41065,Wasco County,,OR,1770,23851,25621,7,8,15,893,766,1659,6,0.289608,0.303763,2904.088889,0.001209,0.00167,4,0.000174,0,27,0.611111,0.009396
41067,Washington County,,OR,42300,491507,533807,98,107,205,35736,35565,71301,5,0.383984,0.419735,9997.084664,0.03819,0.044059,4,0.001151,0,27,0.421419,0.273392
41069,Wheeler County,,OR,151,1362,1513,0,0,0,0,0,0,0,0,0,0,0,0,130,0.00005,114,202,0,0
41071,Yamhill County,,OR,6311,84200,90511,21,22,43,4867,4354,9221,6,0.341817,0.362961,163.363743,0.006739,0.008365,4,0.000299,0,27,0.784615,0.049968
42001,Adams County,,PA,6339,135920,142259,18,11,29,6395,3888,10283,6,0.292086,0.308118,11.009086,0.007091,0.002519,54,0.000228,0,27,0.78655,0.047036
42003,Allegheny County,,PA,55453,1477576,1533029,192,225,417,36530,45991,82521,5,0.421106,0.468419,181472.996772,0.083082,0.092346,54,0.002167,0,27,0.290393,0.555842
42005,Armstrong County,,PA,3697,93157,96854,6,6,12,2524,2343,4867,6,0.296504,0.311622,2.6,0.001029,0.000808,54,0.00013,0,27,0.733333,0.005931
42007,Beaver County,,PA,7735,207331,215066,9,15,24,4606,4334,8940,6,0.340693,0.361588,258.541451,0.001234,0.005276,54,0.000144,0,27,0.509524,0.006953
42009,Bedford County,,PA,2113,63684,65797,9,10,19,1004,1107,2111,6,0.297569,0.313794,556.070465,0.000908,0.001262,54,0.000199,0,27,0.463636,0.006708
42011,Berks County,,PA,16823,476165,492988,57,57,114,15771,11273,27044,5,0.361495,0.389101,1689.232963,0.027116,0.029625,54,0.000491,0,27,0.593476,0.159696
42013,Blair County,,PA,4377,146353,150730,12,12,24,2069,2095,4164,6,0.297538,0.314035,62.645646,0.001862,0.001783,54,0.000185,0,27,0.608974,0.011798
42015,Bradford County,,PA,2985,73392,76377,11,11,22,1337,1411,2748,6,0.291353,0.306797,1507.461007,0.001525,0.001147,111,0.00023,0,27,0.378205,0.009333
42017,Bucks County,,PA,39377,794899,834276,98,128,226,35241,32604,67845,5,0.389815,0.428255,9426.198589,0.054083,0.062378,54,0.000861,0,27,0.474845,0.343552
42019,Butler County,,PA,9813,214297,224110,19,24,43,6881,5543,12424,5,0.343843,0.366356,1265.756437,0.004331,0.008904,54,0.00026,0,27,0.424501,0.026319
42021,Cambria County,,PA,5888,172217,178105,12,16,28,2425,3044,5469,6,0.30944,0.328565,312.009608,0.003648,0.002799,54,0.000177,0,27,0.520468,0.023757
42023,Cameron County,,PA,376,6723,7099,0,1,1,0,56,56,7,0.228792,0.235499,0,0,0.000006,54,0.00005,0,203,0,0
42025,Carbon County,,PA,3646,74220,77866,19,10,29,3716,2360,6076,6,0.291792,0.307176,2.165479,0.00837,0.002844,54,0.000172,0,27,0.831579,0.045373
42027,Centre County,,PA,8707,132768,141475,35,35,70,3792,3780,7572,5,0.358857,0.383523,7833.899895,0.013793,0.016374,54,0.00041,0,27,0.522436,0.088048
42029,Chester County,,PA,30034,554667,584701,104,101,205,28794,23462,52256,5,0.388561,0.423659,3115.07465,0.056282,0.055056,54,0.000942,0,27,0.546,0.361346
42031,Clarion County,,PA,2012,44850,46862,7,8,15,908,1013,1921,6,0.296565,0.311967,2907,0.000862,0.000796,54,0.000206,0,27,0.472222,0.005645
42033,Clearfield County,,PA,3484,92427,95911,7,11,18,1730,1812,3542,6,0.297355,0.313605,23.50495,0.00096,0.001351,54,0.000152,0,27,0.509091,0.00637
42035,Clinton County,,PA,1900,40968,42868,3,2,5,904,854,1758,6,0.2644,0.27394,0,0.000481,0.000145,54,0.000082,0,27,1,0.003024
42037,Columbia County,,PA,3172,77888,81060,12,10,22,2021,1711,3732,6,0.291763,0.307118,2584.984233,0.003147,0.001976,54,0.000185,0,27,0.648352,0.01875
42039,Crawford County,,PA,4338,102164,106502,7,9,16,2268,2020,4288,6,0.302913,0.318758,15.096908,0.00112,0.001472,54,0.000131,0,27,0.611111,0.005966
42041,Cumberland County,,PA,15659,270389,286048,52,39,91,11662,10130,21792,5,0.353824,0.37872,9290.90496,0.019157,0.017506,54,0.000618,0,27,0.396303,0.126873
42043,Dauphin County,,PA,17332,317526,334858,56,51,107,11015,12263,23278,5,0.36267,0.389831,12810.942791,0.024338,0.02444,54,0.000613,0,27,0.516023,0.158037
42045,Delaware County,,PA,33635,636477,670112,68,80,148,25449,28138,53587,5,0.374613,0.406917,1414.47395,0.037987,0.043446,54,0.000588,0,27,0.640837,0.233608
42047,Elk County,,PA,1181,42882,44063,5,5,10,403,426,829,6,0.296565,0.311622,2906.687302,0.000782,0.000739,54,0.000156,0,27,0.4,0.00513
42049,Erie County,,PA,10877,317263,328140,22,49,71,3761,5253,9014,5,0.364081,0.391325,4805.270423,0.004256,0.026393,54,0.000315,0,27,0.46431,0.025729
42051,Fayette County,,PA,5306,167658,172964,8,7,15,2917,3125,6042,6,0.297112,0.312588,863.081452,0.001883,0.00081,54,0.000171,0,27,0.430556,0.010903
42053,Forest County,,PA,314,5510,5824,2,1,3,141,64,205,7,0.228749,0.235494,0,0.000766,0.000007,54,0.000081,0,27,1,0.004757
42055,Franklin County,,PA,5724,162025,167749,21,16,37,4464,2812,7276,6,0.307407,0.325106,2298.99317,0.005783,0.003973,54,0.000312,0,27,0.525692,0.039582
42057,Fulton County,,PA,761,17316,18077,4,4,8,413,409,822,7,0.241227,0.250349,1.656795,0.000103,0.000115,54,0.000119,0,27,0.75,0.001222
42059,Greene County,,PA,1728,41243,42971,5,5,10,969,903,1872,6,0.29699,0.312185,552.296221,0.00084,0.000747,54,0.000178,0,27,0.7,0.005466
42061,Huntingdon County,,PA,1943,48681,50624,9,8,17,1040,1085,2125,6,0.268263,0.28007,158.288675,0.000869,0.000562,54,0.000181,0,27,0.569444,0.00636
42063,Indiana County,,PA,4375,97010,101385,10,11,21,2004,2217,4221,6,0.298181,0.314857,26.329527,0.001386,0.001968,54,0.000168,0,27,0.515152,0.008445
42065,Jefferson County,,PA,2377,53464,55841,6,6,12,1185,1234,2419,6,0.296504,0.311622,6.45,0.000806,0.000724,54,0.00015,0,27,0.633333,0.00536
42067,Juniata County,,PA,1095,29056,30151,5,5,10,678,580,1258,6,0.268611,0.279559,2.601244,0.000361,0.000374,54,0.000133,0,27,0.7,0.002927
42069,Lackawanna County,,PA,7858,241369,249227,35,34,69,5063,4639,9702,5,0.346223,0.369815,4132.000576,0.01502,0.014193,54,0.000347,0,27,0.60592,0.083161
42071,Lancaster County,,PA,19149,597622,616771,79,81,160,13855,12368,26223,5,0.37083,0.402964,23132.150789,0.034729,0.038485,54,0.000808,0,27,0.435348,0.221485
42073,Lawrence County,,PA,3631,106625,110256,6,8,14,2163,2004,4167,6,0.296595,0.312025,2.141633,0.001123,0.000887,54,0.000102,0,27,0.714286,0.006124
42075,Lebanon County,,PA,5825,149945,155770,17,12,29,4497,3446,7943,6,0.29244,0.308468,5.444231,0.007083,0.003674,54,0.000185,0,27,0.853801,0.041917
42077,Lehigh County,,PA,20791,382452,403243,66,68,134,19129,15476,34605,5,0.362037,0.391997,1360.835175,0.033351,0.036604,54,0.000539,0,27,0.611491,0.196691
42079,Luzerne County,,PA,11368,357099,368467,51,48,99,7899,6968,14867,5,0.349897,0.375508,8213.951326,0.021801,0.021596,54,0.000496,0,27,0.563492,0.124923
42081,Lycoming County,,PA,4962,137228,142190,18,20,38,2246,2508,4754,6,0.29898,0.317385,9826.700637,0.003865,0.003621,54,0.000318,0,27,0.447619,0.024691
42083,McKean County,,PA,1971,50331,52302,6,7,13,571,683,1254,6,0.296777,0.312254,2751.111076,0.000787,0.000756,54,0.000173,0,27,0.309524,0.005299
42085,Mercer County,,PA,5110,136646,141756,11,11,22,3280,2615,5895,6,0.302977,0.319103,29.251937,0.001528,0.001572,54,0.000165,0,27,0.560606,0.007405
42087,Mifflin County,,PA,1852,54821,56673,6,7,13,697,876,1573,6,0.270515,0.282483,12.589551,0.000556,0.000701,54,0.000144,0,27,0.642857,0.004087
42089,Monroe County,,PA,11143,165489,176632,40,51,91,12857,7712,20569,5,0.343476,0.368844,1031.906458,0.017415,0.023328,54,0.000303,0,27,0.660401,0.08835
42091,Montgomery County,,PA,53652,872280,925932,124,139,263,45308,46527,91835,5,0.395285,0.435005,14084.960203,0.067184,0.071717,54,0.001153,0,27,0.483586,0.434429
42093,Montour County,,PA,1425,18005,19430,4,4,8,700,732,1432,7,0.230256,0.238479,0,0.000062,0.000071,54,0.000114,0,27,1,0.000856
42095,Northampton County,,PA,16992,324542,341534,46,48,94,17778,12290,30068,5,0.352191,0.378054,590.580289,0.023347,0.021708,54,0.000369,0,27,0.65904,0.134535
42097,Northumberland County,,PA,4514,104481,108995,11,12,23,2778,2900,5678,6,0.284607,0.299943,1450.4385,0.001592,0.00159,54,0.000202,0,27,0.647619,0.011024
42099,Perry County,,PA,2446,55356,57802,5,5,10,1892,1554,3446,6,0.273061,0.285471,7.479813,0.000874,0.000861,54,0.000115,0,27,0.8,0.006023
42101,Philadelphia County,,PA,77808,1437700,1515508,168,164,332,53743,70038,123781,5,0.408592,0.450391,27200.772825,0.08197,0.082029,54,0.001636,0,27,0.411566,0.538159
42103,Pike County,,PA,4119,55983,60102,29,17,46,5097,2188,7285,6,0.304311,0.322153,135.22425,0.012853,0.005836,16,0.000217,0,27,0.773563,0.061402
42105,Potter County,,PA,1244,20578,21822,3,3,6,378,369,747,7,0.230696,0.238703,6.568952,0.000017,0.000021,54,0.000112,0,27,0.333333,0.000422
42107,Schuylkill County,,PA,4920,168627,173547,18,16,34,3391,3011,6402,6,0.292557,0.309158,16.778011,0.004726,0.004026,54,0.000219,0,27,0.748538,0.029114
42109,Snyder County,,PA,1942,40570,42512,7,6,13,1071,1140,2211,6,0.268686,0.279846,131.586032,0.000572,0.000379,54,0.000157,0,27,0.553571,0.004133
42111,Somerset County,,PA,2849,88363,91212,6,10,16,1392,1390,2782,6,0.297021,0.312875,67.353339,0.000979,0.000898,54,0.000141,0,27,0.455556,0.006072
42113,Sullivan County,,PA,408,6165,6573,2,2,4,118,163,281,7,0.230494,0.238697,0,0.000039,0.000044,54,0.000082,0,27,1,0.000487
42115,Susquehanna County,,PA,2303,49807,52110,9,7,16,1464,1304,2768,6,0.264304,0.276186,44.621297,0.001209,0.000485,54,0.000172,0,27,0.541667,0.00704
42117,Tioga County,,PA,2046,46793,48839,6,6,12,831,792,1623,6,0.271401,0.284028,631.932435,0.00038,0.00037,111,0.000156,0,27,0.266667,0.002928
42119,Union County,,PA,2558,41468,44026,5,6,11,1404,1343,2747,6,0.270894,0.283052,89.085312,0.000063,0.000361,54,0.00014,0,27,0.666667,0.000986
42121,Venango County,,PA,2613,65024,67637,7,6,13,1158,1139,2297,6,0.296504,0.311622,1.933333,0.001088,0.000782,54,0.000131,0,27,0.785714,0.005865
42123,Warren County,,PA,1959,49403,51362,5,5,10,612,800,1412,6,0.296595,0.31168,4.615971,0.001061,0.000758,54,0.000105,0,27,0.65,0.005445
42125,Washington County,,PA,9097,230957,240054,16,18,34,7049,5397,12446,6,0.345193,0.366535,1924.269431,0.003865,0.007182,54,0.000285,0,27,0.393939,0.025724
42127,Wayne County,,PA,3082,53209,56291,20,6,26,2352,1466,3818,6,0.261965,0.273279,43.409891,0.008815,0.000634,54,0.000186,0,27,0.763158,0.045952
42129,Westmoreland County,,PA,14785,419532,434317,23,42,65,10544,9920,20464,5,0.356432,0.382529,3242.575308,0.007859,0.020482,54,0.000305,0,27,0.514396,0.053016
42131,Wyoming County,,PA,1828,30504,32332,4,4,8,1087,1152,2239,6,0.261281,0.271625,0.229167,0.000308,0.000325,54,0.000107,0,27,0.916667,0.00223
42133,York County,,PA,17426,469241,486667,58,56,114,16708,11676,28384,5,0.353436,0.380581,7443.710335,0.026169,0.025545,54,0.000622,0,27,0.503623,0.171537
44001,Bristol County,,RI,3399,56451,59850,6,6,12,2026,2040,4066,6,0.297538,0.313426,0.126812,0.00262,0.002102,55,0.000086,0,27,0.964286,0.013472
44003,Kent County,,RI,12446,200856,213302,18,36,54,9593,9328,18921,6,0.346305,0.36974,171.569594,0.010123,0.020187,55,0.000175,0,27,0.710526,0.059537
44005,Newport County,,RI,9196,94924,104120,31,29,60,4041,4782,8823,5,0.347134,0.369746,348.026618,0.016457,0.01647,55,0.000307,0,27,0.607433,0.105892
44007,Providence County,,RI,33131,673559,706690,73,102,175,22576,26409,48985,5,0.385464,0.420614,2620.573034,0.042824,0.057707,55,0.000639,0,27,0.582728,0.271377
44009,Washington County,,RI,8526,144712,153238,22,31,53,6064,5645,11709,6,0.343476,0.366058,62.315773,0.011488,0.016663,55,0.000189,0,27,0.744444,0.066043
45001,Abbeville County,,SC,1651,28361,30012,5,4,9,1023,1067,2090,6,0.280642,0.292307,8.68388,0.000388,0.000463,112,0.000131,0,27,0.7,0.003773
45003,Aiken County,,SC,8157,170077,178234,26,24,50,5006,4616,9622,6,0.317605,0.337975,7371.748415,0.00648,0.007637,112,0.000498,0,27,0.40121,0.052143
45005,Allendale County,,SC,531,10287,10818,2,3,5,146,228,374,7,0.241207,0.249887,2.244048,0.000012,0.000056,112,0.000087,0,27,0.5,0.000222
45007,Anderson County,,SC,9653,199898,209551,23,18,41,7094,6090,13184,6,0.312743,0.331828,737.981778,0.005566,0.005061,112,0.000442,0,27,0.53442,0.048431
45009,Bamberg County,,SC,974,16099,17073,3,5,8,378,509,887,6,0.28405,0.296616,29.653223,0.000203,0.000661,112,0.0001,0,27,0.9,0.001913
45011,Barnwell County,,SC,1192,22253,23445,4,6,10,502,659,1161,6,0.284105,0.296846,514.799186,0.000097,0.000662,112,0.000126,0,27,0.633333,0.001022
45013,Beaufort County,,SC,13979,137855,151834,87,60,147,8659,6635,15294,5,0.36979,0.399224,14902.988388,0.046466,0.032504,112,0.001042,0,27,0.509328,0.315129
45015,Berkeley County,,SC,19013,165886,184899,51,41,92,12890,12434,25324,5,0.357178,0.383667,1915.894736,0.026427,0.01798,112,0.00071,0,27,0.556108,0.200003
45017,Calhoun County,,SC,1186,17168,18354,3,3,6,795,819,1614,6,0.283911,0.296128,0,0.000597,0.000607,112,0.000095,0,27,1,0.00472
45019,Charleston County,,SC,29070,329529,358599,137,106,243,23181,20801,43982,5,0.393676,0.42903,22994.455877,0.062724,0.051934,112,0.001713,0,27,0.396175,0.437015
45021,Cherokee County,,SC,2798,60328,63126,7,8,15,1790,1794,3584,6,0.300373,0.315535,49.723482,0.001284,0.00154,112,0.000175,0,27,0.714286,0.011408
45023,Chester County,,SC,2181,38799,40980,5,6,11,1192,1504,2696,6,0.301999,0.317172,95.479116,0.000837,0.00139,112,0.000158,0,27,0.533333,0.007439
45025,Chesterfield County,,SC,2325,47284,49609,9,11,20,1191,1353,2544,6,0.302282,0.318264,371.178534,0.001338,0.002001,112,0.000186,0,27,0.581818,0.011071
45027,Clarendon County,,SC,2089,36898,38987,6,8,14,1037,1212,2249,6,0.290478,0.304556,5.114946,0.001044,0.001673,112,0.000131,0,27,0.857143,0.008173
45029,Colleton County,,SC,2034,41281,43315,8,8,16,1237,1020,2257,6,0.292145,0.306406,60.647636,0.001502,0.00199,112,0.000176,0,27,0.777778,0.013287
45031,Darlington County,,SC,3900,76859,80759,9,12,21,1982,2497,4479,6,0.303961,0.320481,503.993517,0.001697,0.002912,112,0.000189,0,27,0.689394,0.014796
45033,Dillon County,,SC,1562,34233,35795,5,6,11,714,822,1536,6,0.284551,0.29765,53.826213,0.000291,0.000885,112,0.000139,0,27,0.566667,0.003855
45035,Dorchester County,,SC,9316,91864,101180,19,15,34,7205,6148,13353,6,0.319072,0.338584,160.820129,0.006561,0.006842,112,0.000329,0,27,0.634199,0.05322
45037,Edgefield County,,SC,1259,19185,20444,6,6,12,828,894,1722,6,0.277104,0.289366,28.918718,0.000598,0.000616,112,0.000149,0,27,0.7,0.00511
45039,Fairfield County,,SC,1400,26538,27938,5,4,9,1075,815,1890,6,0.283939,0.296329,5.897726,0.00061,0.0006,112,0.000138,0,27,0.55,0.004952
45041,Florence County,,SC,7297,136448,143745,22,26,48,4584,4378,8962,6,0.317049,0.337556,2274.539663,0.004907,0.006846,112,0.000392,0,27,0.440171,0.040064
45043,Georgetown County,,SC,3995,67174,71169,10,9,19,1910,2137,4047,6,0.303325,0.319442,53.683899,0.003153,0.003021,112,0.000195,0,27,0.845455,0.026151
45045,Greenville County,,SC,25338,436494,461832,109,78,187,19093,17091,36184,5,0.389657,0.421987,30913.829205,0.048623,0.036844,112,0.001477,0,27,0.406855,0.33648
45047,Greenwood County,,SC,3647,71583,75230,13,16,29,1823,2220,4043,6,0.303706,0.320878,3310.049168,0.001119,0.003067,112,0.000283,0,27,0.525735,0.010094
45049,Hampton County,,SC,1192,21163,22355,4,6,10,351,597,948,6,0.284495,0.297564,2801.331162,0.000291,0.000847,112,0.00013,0,27,0.433333,0.003042
45051,Horry County,,SC,13441,221265,234706,132,51,183,12456,6433,18889,6,0.351253,0.37799,16277.520215,0.051145,0.021306,112,0.001562,0,27,0.333352,0.339061
45053,Jasper County,,SC,1287,14870,16157,3,4,7,724,682,1406,6,0.281459,0.293715,35.513883,0.000607,0.000793,112,0.0001,0,27,0.666667,0.005659
45055,Kershaw County,,SC,3297,64022,67319,11,11,22,2297,1877,4174,6,0.303865,0.320194,81.106014,0.001425,0.00261,112,0.000245,0,27,0.606061,0.013675
45057,Lancaster County,,SC,3249,67121,70370,7,9,16,2059,2074,4133,6,0.302313,0.318091,14.115308,0.001307,0.002132,112,0.000172,0,27,0.694444,0.011433
45059,Laurens County,,SC,4192,68691,72883,9,12,21,2566,2969,5535,6,0.291851,0.306532,33.717499,0.001056,0.001804,112,0.00021,0,27,0.681818,0.009237
45061,Lee County,,SC,1439,23120,24559,5,5,10,1003,999,2002,6,0.285027,0.297587,0.365079,0.000619,0.000545,112,0.000119,0,27,0.85,0.004543
45063,Lexington County,,SC,18180,266085,284265,61,51,112,14898,13058,27956,6,0.365734,0.393715,20826.729385,0.022741,0.020524,112,0.000961,0,27,0.393713,0.173645
45065,McCormick County,,SC,608,8973,9581,1,4,5,57,281,338,6,0.27386,0.285045,1.328191,0.000025,0.000377,112,0.000066,0,27,0.333333,0.00019
45067,Marion County,,SC,1863,35717,37580,3,4,7,811,1017,1828,6,0.284328,0.296961,0,0.000239,0.000858,112,0.000109,0,27,0.916667,0.003434
45069,Marlboro County,,SC,1500,31271,32771,6,10,16,550,909,1459,6,0.302692,0.318838,36.617178,0.00015,0.002224,112,0.000141,0,27,0.555556,0.001374
45071,Newberry County,,SC,1746,38356,40102,6,7,13,790,977,1767,6,0.288055,0.301413,31.48454,0.000913,0.00109,112,0.000146,0,27,0.678571,0.007727
45073,Oconee County,,SC,3375,75517,78892,8,7,15,1551,1565,3116,6,0.291616,0.305498,14.317421,0.003007,0.001645,112,0.000171,0,27,0.888889,0.024099
45075,Orangeburg County,,SC,4783,91720,96503,15,15,30,2088,2840,4928,6,0.310135,0.327525,1264.261838,0.003057,0.003507,112,0.000282,0,27,0.503676,0.023362
45077,Pickens County,,SC,7509,106599,114108,12,14,26,4540,4814,9354,6,0.310002,0.327611,54.729108,0.001965,0.003946,112,0.000263,0,27,0.7,0.019378
45079,Richland County,,SC,28047,323105,351152,116,105,221,21278,20484,41762,5,0.395555,0.430714,53885.876626,0.047991,0.048571,112,0.001595,0,27,0.368899,0.345735
45081,Saluda County,,SC,843,14414,15257,4,5,9,386,583,969,7,0.26809,0.278936,0.984382,0.000262,0.000262,112,0.00012,0,27,0.8,0.002373
45083,Spartanburg County,,SC,11666,266407,278073,33,29,62,7515,6988,14503,6,0.318721,0.34063,1930.653105,0.010463,0.008952,112,0.000575,0,27,0.44332,0.081311
45085,Sumter County,,SC,8669,108066,116735,31,38,69,3239,4243,7482,5,0.353006,0.377697,3332.611899,0.010335,0.01441,112,0.000485,0,27,0.397992,0.081943
45087,Union County,,SC,1326,31848,33174,6,5,11,562,775,1337,6,0.280724,0.292623,4.03699,0.000484,0.000639,112,0.00016,0,27,0.633333,0.00522
45089,Williamsburg County,,SC,1841,34317,36158,5,8,13,714,1230,1944,6,0.290419,0.30447,2.939008,0.000669,0.001677,112,0.000135,0,27,0.910714,0.006683
45091,York County,,SC,10471,195719,206190,46,29,75,9438,5960,15398,6,0.320411,0.341894,2102.177079,0.016496,0.008374,112,0.000722,0,27,0.433725,0.125144
46003,Aurora County,,SD,193,3940,4133,1,1,2,57,54,111,8,0.208061,0.213247,0,0.000001,0.000001,28,0.000107,0,27,0,0.000124
46005,Beadle County,,SD,1181,18920,20101,2,3,5,111,332,443,7,0.261446,0.271324,5.5,0.000066,0.000095,28,0.000142,0,27,0.833333,0.000978
46007,Bennett County,,SD,207,3285,3492,1,0,1,40,0,40,0,0,0,0,0.000001,0,28,0.000076,0,21,0,0.000095
46009,Bon Homme County,,SD,432,7229,7661,1,2,3,82,195,277,7,0.261351,0.270951,0,0.000001,0.000094,28,0.000077,0,27,1,0.000109
46011,Brookings County,,SD,2490,28656,31146,8,10,18,682,1016,1698,6,0.33557,0.354832,13070.460261,0.000082,0.001998,28,0.000367,0,27,0.25641,0.001608
46013,Brown County,,SD,2268,41152,43420,8,10,18,575,840,1415,6,0.304503,0.320878,16629.686643,0.000074,0.000873,28,0.00043,0,27,0.217949,0.001547
46015,Brule County,,SD,365,5403,5768,1,1,2,58,59,117,7,0.2613,0.270714,2902,0,0.000094,28,0.000093,0,204,0,0.000088
46017,Buffalo County,,SD,122,1868,1990,0,0,0,0,0,0,0,0,0,0,0,0,131,0.00005,115,205,0,0
46019,Butte County,,SD,993,10496,11489,3,3,6,428,410,838,7,0.25693,0.266022,0,0.000071,0.000087,28,0.000178,0,27,1,0.001002
46021,Campbell County,,SD,122,2055,2177,0,0,0,0,0,0,0,0,0,0,0,0,132,0.00005,116,206,0,0
46023,Charles Mix County,,SD,563,9924,10487,1,2,3,57,167,224,7,0.261351,0.27098,0,0.000065,0.000095,28,0.000086,0,27,1,0.000854
46025,Clark County,,SD,233,4285,4518,1,1,2,65,76,141,7,0.233143,0.240021,0,0.000007,0.000001,28,0.000083,0,27,0,0.000119
46027,Clay County,,SD,1596,12012,13608,4,6,10,340,620,960,7,0.269384,0.280873,42.657482,0.000132,0.000212,28,0.000161,0,27,0.5,0.00145
46029,Codington County,,SD,2090,31117,33207,9,10,19,828,919,1747,6,0.303992,0.320074,14369.124749,0.00009,0.000832,28,0.000387,0,27,0.219697,0.001645
46031,Corson County,,SD,276,3858,4134,1,1,2,52,66,118,1,1,1,16.185317,0,0,58,0.000087,0,13,0,0.000092
46033,Custer County,,SD,692,7883,8575,1,2,3,243,250,493,7,0.256908,0.265849,0,0.000055,0.000076,28,0.00009,0,27,1,0.000684
46035,Davison County,,SD,1623,21522,23145,9,7,16,626,560,1186,7,0.2627,0.273663,14697.467036,0.000131,0.000177,28,0.000465,0,27,0.188889,0.002213
46037,Day County,,SD,407,7050,7457,2,3,5,129,139,268,7,0.261446,0.271324,177.632142,0.000007,0.000095,28,0.000112,0,27,0.75,0.000216
46039,Deuel County,,SD,368,5834,6202,1,2,3,64,124,188,7,0.251495,0.259544,0,0.000007,0.000001,28,0.000083,0,27,1,0.000119
46041,Dewey County,,SD,491,6565,7056,1,4,5,52,228,280,7,0.256046,0.265177,5889.814683,0.000055,0.000075,28,0.00009,0,27,0.166667,0.000684
46043,Douglas County,,SD,185,4007,4192,0,0,0,0,0,0,0,0,0,0,0,0,133,0.00005,117,207,0,0
46045,Edmunds County,,SD,338,4569,4907,1,1,2,53,130,183,7,0.233443,0.240434,0,0.000007,0.000001,28,0.000087,0,27,0,0.000116
46047,Fall River County,,SD,594,7427,8021,1,1,2,81,112,193,7,0.25582,0.264344,0,0.000055,0.000074,28,0.00009,0,27,0,0.000684
46049,Faulk County,,SD,146,2716,2862,0,0,0,0,0,0,0,0,0,0,0,0,134,0.00005,118,208,0,0
46051,Grant County,,SD,532,9551,10083,0,2,2,0,145,145,7,0.261394,0.271059,0,0,0.000094,28,0.00005,0,209,1,0
46053,Gregory County,,SD,248,5595,5843,0,0,0,0,0,0,0,0,0,0,0,0,135,0.00005,119,210,0,0
46055,Haakon County,,SD,183,2731,2914,0,1,1,0,44,44,7,0.255863,0.264425,0,0,0.000074,28,0.00005,0,211,0,0
46057,Hamlin County,,SD,438,5729,6167,2,2,4,173,191,364,7,0.251495,0.259544,0,0.000023,0.000001,28,0.000115,0,27,1,0.000236
46059,Hand County,,SD,241,4299,4540,0,0,0,0,0,0,0,0,0,0,0,0,136,0.00005,120,212,0,0
46061,Hanson County,,SD,292,4156,4448,1,1,2,48,82,130,8,0.208061,0.213247,0,0.000001,0.000001,28,0.000107,0,27,0,0.000124
46063,Harding County,,SD,108,1472,1580,0,0,0,0,0,0,0,0,0,0,0,0,137,0.00005,121,213,0,0
46065,Hughes County,,SD,1498,19838,21336,4,4,8,496,562,1058,7,0.262653,0.273203,5925.625266,0.00012,0.000168,28,0.000228,0,27,0.35,0.001725
46067,Hutchinson County,,SD,491,8843,9334,1,3,4,46,185,231,7,0.261375,0.271152,0,0.000001,0.000104,28,0.000107,0,27,0.833333,0.000124
46069,Hyde County,,SD,96,1783,1879,0,0,0,0,0,0,0,0,0,0,0,0,138,0.00005,122,214,0,0
46071,Jackson County,,SD,159,2759,2918,0,0,0,0,0,0,0,0,0,0,0,0,139,0.00005,123,215,0,0
46073,Jerauld County,,SD,158,2475,2633,0,0,0,0,0,0,0,0,0,0,0,0,140,0.00005,124,216,0,0
46075,Jones County,,SD,65,1304,1369,0,0,0,0,0,0,0,0,0,0,0,0,141,0.00005,125,217,0,0
46077,Kingsbury County,,SD,419,6092,6511,1,1,2,43,83,126,7,0.251278,0.258999,0,0.000016,0.000001,28,0.000082,0,27,0,0.000117
46079,Lake County,,SD,935,12452,13387,1,3,4,218,334,552,7,0.261351,0.271095,0,0.000065,0.000104,28,0.000086,0,27,0.833333,0.000854
46081,Lawrence County,,SD,2311,23690,26001,8,5,13,992,1013,2005,7,0.264015,0.275151,1063.215023,0.001282,0.000175,28,0.000319,0,27,0.428571,0.010922
46083,Lincoln County,,SD,3678,38571,42249,15,5,20,4934,2275,7209,6,0.336348,0.354912,5097.56382,0.001128,0.002248,28,0.000549,0,27,0.225,0.009387
46085,Lyman County,,SD,312,4432,4744,0,1,1,0,58,58,8,0.207224,0.211935,0,0,0,28,0.00005,0,218,0,0
46087,McCook County,,SD,428,6450,6878,1,1,2,153,171,324,7,0.261257,0.270635,0,0.000065,0.000094,28,0.000086,0,27,0,0.000854
46089,McPherson County,,SD,161,2726,2887,0,1,1,0,52,52,7,0.233486,0.240524,0,0,0.000001,28,0.00005,0,219,0,0
46091,Marshall County,,SD,201,5121,5322,1,0,1,44,0,44,0,0,0,0,0,0,28,0.000076,0,16,0,0.0001
46093,Meade County,,SD,4858,33584,38442,6,7,13,2121,2401,4522,6,0.320128,0.335988,1673.566416,0.000316,0.001739,28,0.000279,0,27,0.347222,0.003325
46095,Mellette County,,SD,186,1974,2160,0,1,1,0,41,41,7,0.255863,0.264425,0,0,0.000074,28,0.00005,0,220,0,0
46097,Miner County,,SD,182,2424,2606,0,0,0,0,0,0,0,0,0,0,0,0,142,0.00005,126,221,0,0
46099,Minnehaha County,,SD,13535,183578,197113,56,41,97,8688,8334,17022,6,0.353608,0.378973,152282.596651,0.011405,0.007864,28,0.001703,0,27,0.15226,0.084771
46101,Moody County,,SD,467,6977,7444,2,2,4,235,226,461,7,0.261328,0.270922,0,0.000081,0.000094,28,0.000117,0,27,1,0.000971
46103,Pennington County,,SD,8402,96954,105356,35,24,59,4760,3891,8651,6,0.34372,0.36588,72882.959362,0.008966,0.006713,28,0.001105,0,27,0.226282,0.068287
46105,Perkins County,,SD,268,3621,3889,0,0,0,0,0,0,0,0,0,0,0,0,143,0.00005,127,222,0,0
46107,Potter County,,SD,185,3152,3337,0,0,0,0,0,0,0,0,0,0,0,0,144,0.00005,128,223,0,0
46109,Roberts County,,SD,628,10714,11342,2,4,6,85,216,301,7,0.233612,0.241296,4454.249352,0.000071,0.000002,28,0.000119,0,27,0.2,0.000974
46111,Sanborn County,,SD,166,2899,3065,0,0,0,0,0,0,0,0,0,0,0,0,145,0.00005,129,224,0,0
46113,Shannon County,,SD,738,11137,11875,1,3,4,152,275,427,7,0.255956,0.26489,5694.459469,0.000055,0.000074,28,0.00009,0,27,0,0.000684
46115,Spink County,,SD,386,7363,7749,1,1,2,96,77,173,7,0.233443,0.240434,0,0.000007,0.000001,28,0.000087,0,27,0,0.000116
46117,Stanley County,,SD,405,3433,3838,1,1,2,240,201,441,8,0.208032,0.213103,0,0.000001,0.000001,28,0.000099,0,27,0,0.00011
46119,Sully County,,SD,130,1609,1739,0,0,0,0,0,0,0,0,0,0,0,0,146,0.00005,130,225,0,0
46121,Todd County,,SD,480,8064,8544,2,1,3,110,77,187,7,0.25582,0.264344,2901,0.000055,0.000074,28,0.000133,0,27,0,0.000772
46123,Tripp County,,SD,389,6802,7191,0,3,3,0,151,151,7,0.262648,0.273051,0,0,0.000169,28,0.00005,0,226,1,0
46125,Turner County,,SD,667,9081,9748,2,2,4,282,335,617,7,0.261281,0.270807,0,0.000083,0.000103,28,0.000179,0,27,1,0.001046
46127,Union County,,SD,1378,14706,16084,6,5,11,825,557,1382,7,0.277236,0.289272,144.109859,0.000139,0.000269,28,0.000194,0,27,0.375,0.001644
46129,Walworth County,,SD,410,6467,6877,2,0,2,115,0,115,0,0,0,0,0.000001,0,58,0.000144,0,12,0,0.000186
46135,Yankton County,,SD,1551,24059,25610,5,6,11,503,594,1097,7,0.262154,0.272485,3109.25785,0.000086,0.000105,28,0.000186,0,27,0.309524,0.001397
46137,Ziebach County,,SD,128,1089,1217,1,0,1,60,0,60,0,0,0,0,0.000001,0,28,0.00007,0,20,0,0.000095
47001,Anderson County,,TN,5832,84043,89875,11,11,22,3262,3761,7023,6,0.301434,0.315972,1586.643024,0.000604,0.001272,21,0.000358,0,27,0.371795,0.006098
47003,Bedford County,,TN,2714,44244,46958,9,9,18,2036,1628,3664,6,0.299474,0.312639,1050.281877,0.001614,0.001142,21,0.00024,0,27,0.566667,0.013342
47005,Benton County,,TN,1140,17524,18664,6,4,10,464,425,889,7,0.235375,0.242513,603.825145,0.001235,0.00003,21,0.000207,0,27,0.433333,0.009867
47007,Bledsoe County,,TN,621,11298,11919,3,4,7,307,312,619,7,0.271121,0.282136,2.986111,0.00022,0.00021,21,0.000127,0,27,0.666667,0.00192
47009,Blount County,,TN,6551,128812,135363,19,12,31,4704,3746,8450,6,0.301591,0.316259,924.842909,0.003862,0.00129,21,0.000503,0,27,0.373684,0.031965
47011,Bradley County,,TN,5725,99826,105551,15,13,28,3054,2868,5922,6,0.301528,0.316374,3203.078667,0.001494,0.001449,21,0.000441,0,27,0.305147,0.013516
47013,Campbell County,,TN,1740,38384,40124,5,5,10,1027,899,1926,6,0.28319,0.295306,803.870275,0.000364,0.000343,21,0.000208,0,27,0.35,0.003123
47015,Cannon County,,TN,1262,16701,17963,6,5,11,981,852,1833,6,0.299288,0.311864,2.211508,0.000745,0.000865,21,0.000188,0,27,0.8,0.006903
47017,Carroll County,,TN,2161,35309,37470,8,8,16,1231,1340,2571,6,0.307277,0.322119,1196.766347,0.001268,0.001361,21,0.000238,0,27,0.642857,0.010385
47019,Carter County,,TN,3445,58569,62014,7,8,15,2079,2149,4228,6,0.283495,0.296139,1285.245916,0.000398,0.000392,21,0.000266,0,27,0.464286,0.003703
47021,Cheatham County,,TN,3423,46127,49550,8,9,17,2891,2461,5352,6,0.301559,0.31496,5.489699,0.001117,0.001338,21,0.000218,0,27,0.819444,0.010358
47023,Chester County,,TN,1328,18349,19677,6,5,11,971,750,1721,6,0.304216,0.317655,14.756063,0.000692,0.000697,21,0.000181,0,27,0.666667,0.005584
47025,Claiborne County,,TN,1705,33554,35259,8,6,14,1078,990,2068,6,0.283384,0.295708,1750.490184,0.000363,0.000345,21,0.000237,0,27,0.303571,0.003438
47027,Clay County,,TN,442,8677,9119,3,3,6,197,166,363,7,0.231802,0.238588,4.204129,0.000022,0.00002,21,0.000146,0,27,0.5,0.000521
47029,Cocke County,,TN,1661,37375,39036,5,5,10,847,911,1758,6,0.282969,0.294904,0.823077,0.000372,0.000395,21,0.000192,0,27,0.85,0.003553
47031,Coffee County,,TN,3718,54875,58593,10,12,22,2171,2146,4317,6,0.302534,0.317379,3939.55408,0.000948,0.00172,21,0.000317,0,27,0.477273,0.008831
47033,Crockett County,,TN,1220,17718,18938,6,6,12,916,797,1713,6,0.304343,0.317971,41.987873,0.000295,0.000703,21,0.000178,0,27,0.595238,0.003058
47035,Cumberland County,,TN,2721,57993,60714,12,11,23,1026,1036,2062,6,0.301528,0.316144,6821.443631,0.001327,0.001206,21,0.000413,0,27,0.288462,0.013384
47037,Davidson County,,TN,53681,622029,675710,195,157,352,38614,43245,81859,5,0.426618,0.464811,232162.677733,0.077758,0.067704,21,0.003015,0,27,0.281779,0.543614
47039,Decatur County,,TN,715,12422,13137,4,3,7,365,313,678,7,0.237553,0.245262,10.462203,0.000032,0.000042,21,0.000165,0,27,0.416667,0.000774
47041,DeKalb County,,TN,1280,20545,21825,8,8,16,848,822,1670,6,0.299474,0.312553,551.386745,0.000753,0.000906,21,0.000268,0,27,0.660714,0.007297
47043,Dickson County,,TN,3084,48366,51450,11,9,20,2030,1897,3927,6,0.301559,0.31496,85.893279,0.001142,0.001351,21,0.000308,0,27,0.609091,0.010949
47045,Dyer County,,TN,2161,41854,44015,9,10,19,1068,1161,2229,6,0.307831,0.323055,4852.691459,0.000721,0.001344,21,0.000268,0,27,0.422222,0.005925
47047,Fayette County,,TN,4511,57904,62415,7,7,14,5010,2853,7863,6,0.307179,0.321832,80.563187,0.001024,0.001599,21,0.000203,0,27,0.416667,0.00805
47049,Fentress County,,TN,771,17589,18360,3,2,5,220,185,405,7,0.231894,0.238692,0,0.000024,0.000031,21,0.000156,0,27,1,0.00059
47051,Franklin County,,TN,2358,41001,43359,10,9,19,1218,1221,2439,6,0.301309,0.315167,3819.615886,0.001211,0.001373,21,0.000292,0,27,0.511111,0.010922
47053,Gibson County,,TN,3165,55799,58964,10,11,21,2043,1949,3992,6,0.307537,0.322866,98.817495,0.000743,0.001575,21,0.000287,0,27,0.492424,0.006257
47055,Giles County,,TN,2185,36256,38441,9,9,18,1238,1280,2518,6,0.30084,0.314248,51.405179,0.001035,0.001237,21,0.000246,0,27,0.569444,0.009824
47057,Grainger County,,TN,1522,22104,23626,5,7,12,1085,1128,2213,6,0.283107,0.295421,2956.525,0.000357,0.000349,21,0.00019,0,27,0.5,0.003159
47059,Greene County,,TN,2721,74031,76752,10,8,18,1614,1418,3032,6,0.285139,0.298483,269.963122,0.000594,0.000656,21,0.000337,0,27,0.555556,0.006112
47061,Grundy County,,TN,589,15358,15947,4,4,8,306,288,594,7,0.232582,0.239806,11.165689,0.000035,0.000025,21,0.000153,0,27,0.416667,0.000635
47063,Hamblen County,,TN,3828,63709,67537,10,11,21,2333,2338,4671,6,0.283495,0.296513,53.501958,0.000429,0.000479,21,0.000355,0,27,0.509091,0.004511
47065,Hamilton County,,TN,18514,350787,369301,62,65,127,10291,12147,22438,6,0.371447,0.401074,62536.034788,0.02376,0.024946,21,0.001211,0,27,0.345613,0.182188
47067,Hancock County,,TN,243,4471,4714,1,1,2,59,67,126,7,0.220843,0.226599,0,0.000003,0.000003,21,0.000074,0,27,1,0.000122
47069,Hardeman County,,TN,1416,26498,27914,4,6,10,630,766,1396,6,0.304248,0.317827,2.975,0.000688,0.000705,21,0.000136,0,27,0.666667,0.005322
47071,Hardin County,,TN,1516,27599,29115,6,8,14,624,726,1350,6,0.304567,0.318574,2326.90184,0.000686,0.000676,21,0.000211,0,27,0.375,0.005557
47073,Hawkins County,,TN,3556,56935,60491,9,8,17,2538,2298,4836,6,0.283384,0.295938,3543.032008,0.000407,0.000392,21,0.000346,0,27,0.477778,0.00395
47075,Haywood County,,TN,1327,21968,23295,7,6,13,839,880,1719,6,0.304248,0.317827,42.659814,0.000719,0.000701,21,0.000196,0,27,0.571429,0.00572
47077,Henderson County,,TN,1463,26403,27866,7,7,14,999,844,1843,6,0.300093,0.3133,865.217162,0.000705,0.000694,21,0.000231,0,27,0.553571,0.005742
47079,Henry County,,TN,1874,33728,35602,7,9,16,749,775,1524,6,0.307374,0.322406,1459.387,0.001748,0.001566,21,0.00021,0,27,0.533333,0.012597
47081,Hickman County,,TN,1551,21895,23446,8,7,15,1206,943,2149,6,0.299412,0.312295,4048.189449,0.000757,0.001122,21,0.000288,0,27,0.486111,0.007364
47083,Houston County,,TN,614,8843,9457,3,4,7,237,335,572,6,0.27469,0.285585,11.918913,0.000195,0.00019,21,0.000145,0,27,0.5,0.001591
47085,Humphreys County,,TN,1055,18854,19909,5,5,10,443,420,863,6,0.299381,0.312007,613.888561,0.000579,0.000667,21,0.000206,0,27,0.4,0.005174
47087,Jackson County,,TN,1021,13325,14346,4,3,7,462,539,1001,7,0.23182,0.238646,2.533333,0.000022,0.000026,21,0.000194,0,27,0.666667,0.000638
47089,Jefferson County,,TN,4476,48959,53435,8,9,17,2962,3045,6007,6,0.283163,0.295737,38.034082,0.000411,0.000437,21,0.000288,0,27,0.527273,0.004255
47091,Johnson County,,TN,666,15670,16336,2,3,5,213,251,464,7,0.242174,0.250858,9.810463,0.000029,0.000037,21,0.000097,0,27,0.333333,0.0004
47093,Knox County,,TN,25187,419311,444498,101,91,192,18351,16792,35143,5,0.394372,0.427979,132496.135467,0.040468,0.041747,21,0.001887,0,27,0.355879,0.310117
47095,Lake County,,TN,531,5568,6099,2,2,4,159,293,452,7,0.235452,0.242128,0,0.000022,0.000012,21,0.000101,0,27,1,0.000295
47097,Lauderdale County,,TN,1644,24924,26568,5,7,12,822,1011,1833,6,0.307277,0.321975,58.066675,0.000686,0.001338,21,0.000163,0,27,0.619048,0.005268
47099,Lawrence County,,TN,1839,43217,45056,7,7,14,883,1038,1921,6,0.299566,0.312524,2458.383387,0.000746,0.000901,21,0.000215,0,27,0.452381,0.007119
47101,Lewis County,,TN,716,10690,11406,3,4,7,186,316,502,7,0.236026,0.24345,2953.483333,0.000035,0.000048,21,0.000135,0,27,0.416667,0.000704
47103,Lincoln County,,TN,1700,33567,35267,10,9,19,1047,1019,2066,6,0.300559,0.313903,1473.708676,0.001028,0.001195,21,0.000291,0,27,0.566667,0.009666
47105,Loudon County,,TN,3055,47509,50564,7,6,13,2066,1951,4017,6,0.283135,0.295335,92.381712,0.001076,0.000382,21,0.000225,0,27,0.666667,0.007928
47107,McMinn County,,TN,2866,52854,55720,9,9,18,1638,1674,3312,6,0.284551,0.297886,655.938719,0.000583,0.000593,21,0.000297,0,27,0.569444,0.005466
47109,McNairy County,,TN,1419,25188,26607,6,6,12,893,710,1603,6,0.304375,0.318028,9.916089,0.000692,0.000702,21,0.000195,0,27,0.633333,0.005592
47111,Macon County,,TN,1064,23056,24120,6,8,14,764,674,1438,6,0.299597,0.312668,919.725149,0.000623,0.000926,21,0.000211,0,27,0.482143,0.005706
47113,Madison County,,TN,6532,95370,101902,19,20,39,3618,3900,7518,6,0.311333,0.329093,6085.81014,0.003228,0.002501,21,0.000474,0,27,0.268116,0.024323
47115,Marion County,,TN,1685,29761,31446,5,7,12,793,1100,1893,7,0.271223,0.282768,282.752615,0.000214,0.000226,21,0.000201,0,27,0.357143,0.002069
47117,Marshall County,,TN,1945,31215,33160,7,7,14,1383,1180,2563,6,0.299381,0.312237,2.129881,0.000899,0.001138,21,0.000203,0,27,0.809524,0.008841
47119,Maury County,,TN,5095,84070,89165,16,14,30,3891,2855,6746,6,0.308551,0.324704,7450.35254,0.004382,0.002176,21,0.000386,0,27,0.470588,0.03502
47121,Meigs County,,TN,866,10343,11209,4,5,9,516,543,1059,7,0.271071,0.282222,3.30942,0.000226,0.000219,21,0.00015,0,27,0.75,0.002111
47123,Monroe County,,TN,2032,41401,43433,6,6,12,1361,1268,2629,6,0.283218,0.295507,2.988904,0.000377,0.000395,21,0.000219,0,27,0.833333,0.003672
47125,Montgomery County,,TN,16569,143904,160473,58,55,113,9970,9140,19110,5,0.378178,0.407314,26200.63092,0.021066,0.022889,21,0.00094,0,27,0.432797,0.150659
47127,Moore County,,TN,376,5567,5943,4,3,7,277,212,489,7,0.232359,0.239117,0,0.000045,0.000026,21,0.000151,0,27,1,0.000751
47129,Morgan County,,TN,1382,22202,23584,3,5,8,663,866,1529,6,0.283245,0.295421,752.346868,0.000357,0.000354,21,0.000122,0,27,0.65,0.002932
47131,Obion County,,TN,2019,34955,36974,7,7,14,1144,977,2121,6,0.307374,0.322119,8899.845286,0.000684,0.00131,21,0.000229,0,27,0.428571,0.005463
47133,Overton County,,TN,1241,24142,25383,5,5,10,794,705,1499,7,0.23195,0.239209,2913.466251,0.000024,0.000031,21,0.000252,0,27,0.366667,0.000773
47135,Perry County,,TN,474,7695,8169,1,1,2,46,40,86,7,0.230458,0.236199,0,0,0.000006,21,0.000079,0,27,1,0.000099
47137,Pickett County,,TN,258,4227,4485,0,1,1,0,75,75,8,0.188331,0.192138,0,0,0,21,0.00005,0,227,0,0
47139,Polk County,,TN,1286,14723,16009,4,4,8,631,825,1456,7,0.233068,0.240657,32.045272,0.000224,0.000051,21,0.000155,0,27,0.35,0.002197
47141,Putnam County,,TN,4725,61108,65833,16,15,31,2544,2429,4973,6,0.301653,0.316862,19681.079776,0.002397,0.001696,21,0.000537,0,27,0.352941,0.020241
47143,Rhea County,,TN,1640,29929,31569,6,6,12,798,837,1635,6,0.284495,0.297426,43.85806,0.000234,0.000558,21,0.000206,0,27,0.595238,0.002396
47145,Roane County,,TN,3172,50808,53980,11,11,22,1998,2066,4064,6,0.283411,0.296455,89.626537,0.0006,0.000454,21,0.000346,0,27,0.454545,0.005729
47147,Robertson County,,TN,4885,71567,76452,10,9,19,3838,3407,7245,6,0.301842,0.315334,65.844964,0.001153,0.001132,21,0.000271,0,27,0.688889,0.010772
47149,Rutherford County,,TN,16654,220028,236682,64,46,110,16116,10831,26947,6,0.36899,0.396547,22596.686848,0.025101,0.017112,21,0.00117,0,27,0.343607,0.184229
47151,Scott County,,TN,716,20697,21413,4,3,7,228,258,486,6,0.283163,0.294921,844.986467,0.000016,0.000336,21,0.000196,0,27,0.5,0.000489
47153,Sequatchie County,,TN,653,11079,11732,3,2,5,502,286,788,7,0.270919,0.281533,0.75,0.000209,0.000197,21,0.000118,0,27,0.666667,0.001811
47155,Sevier County,,TN,5750,76064,81814,15,9,24,3066,2950,6016,6,0.310234,0.326181,1196.934927,0.006137,0.001971,21,0.000357,0,27,0.474265,0.05068
47157,Shelby County,,TN,50392,1007898,1058290,217,216,433,32443,39517,71960,5,0.436766,0.47972,326848.636644,0.079369,0.078866,21,0.003297,0,27,0.222999,0.558603
47159,Smith County,,TN,1303,19195,20498,8,8,16,930,812,1742,6,0.299443,0.312496,1649.95397,0.000783,0.000944,21,0.000267,0,27,0.660714,0.007579
47161,Stewart County,,TN,1021,12660,13681,3,2,5,420,386,806,6,0.274482,0.284994,5.588441,0.000339,0.000175,21,0.000107,0,27,0.666667,0.002281
47163,Sullivan County,,TN,9451,170365,179816,19,18,37,5442,5914,11356,6,0.31698,0.335672,45638.439741,0.001695,0.003371,21,0.000653,0,27,0.217391,0.015442
47165,Sumner County,,TN,10311,140241,150552,23,21,44,7866,6769,14635,6,0.34372,0.36492,7427.808684,0.006088,0.004558,21,0.000539,0,27,0.416667,0.046798
47167,Tipton County,,TN,3825,53065,56890,5,6,11,2851,2346,5197,6,0.331505,0.349236,106.044723,0.000711,0.001814,21,0.000165,0,27,0.533333,0.005773
47169,Trousdale County,,TN,479,6428,6907,4,3,7,334,271,605,7,0.255933,0.264522,0,0.000621,0.000073,21,0.000132,0,27,1,0.005433
47171,Unicoi County,,TN,1186,18929,20115,3,4,7,628,692,1320,7,0.241227,0.249599,0,0.000051,0.000052,21,0.000143,0,27,1,0.000718
47173,Union County,,TN,1420,16837,18257,5,5,10,964,1093,2057,6,0.28308,0.295105,5.324242,0.000363,0.000375,21,0.00018,0,27,0.6,0.003166
47175,Van Buren County,,TN,340,5289,5629,2,2,4,96,149,245,7,0.230659,0.236716,0,0.000008,0.000011,21,0.000118,0,27,1,0.000298
47177,Warren County,,TN,1757,38234,39991,8,9,17,796,960,1756,6,0.299566,0.31284,6430.793114,0.000727,0.000891,21,0.000294,0,27,0.458333,0.006976
47179,Washington County,,TN,7997,111542,119539,17,13,30,4997,4492,9489,6,0.314369,0.331874,16170.220217,0.00365,0.002499,21,0.000507,0,27,0.362745,0.029535
47181,Wayne County,,TN,645,14695,15340,3,3,6,239,279,518,7,0.236874,0.244435,10.69892,0.000033,0.000022,21,0.000117,0,27,0.333333,0.000497
47183,Weakley County,,TN,2212,32087,34299,9,9,18,953,1132,2085,6,0.30757,0.322693,2930.684957,0.000728,0.001361,21,0.000255,0,27,0.511111,0.006052
47185,White County,,TN,1086,21915,23001,6,5,11,620,565,1185,7,0.23208,0.239554,1327.0609,0.000595,0.000043,21,0.000236,0,27,0.566667,0.005438
47187,Williamson County,,TN,12801,147289,160090,52,40,92,11526,8408,19934,6,0.373696,0.400672,9945.538759,0.027504,0.01877,21,0.000824,0,27,0.520621,0.203912
47189,Wilson County,,TN,7409,103754,111163,15,16,31,6268,4878,11146,6,0.310267,0.326882,1001.125196,0.002144,0.002357,21,0.000389,0,27,0.485294,0.018679
48001,Anderson County,,TX,3440,44216,47656,13,15,28,1584,1899,3483,6,0.324497,0.344014,47.461067,0.003923,0.004716,151,0.000244,0,27,0.641667,0.029944
48003,Andrews County,,TX,994,14353,15347,4,2,6,294,317,611,7,0.260156,0.270227,0,0.000381,0.000161,151,0.000115,0,27,1,0.003048
48005,Angelina County,,TX,5059,84191,89250,19,27,46,2542,3002,5544,6,0.340174,0.362657,1812.41959,0.003626,0.007465,151,0.000366,0,27,0.44709,0.029322
48007,Aransas County,,TX,2157,20491,22648,7,6,13,1176,1003,2179,6,0.324824,0.342342,1.315967,0.003596,0.002879,151,0.000142,0,27,0.97619,0.027407
48009,Archer County,,TX,885,9914,10799,1,2,3,565,503,1068,7,0.270036,0.281484,0,0.000193,0.000173,151,0.000062,0,27,1,0.001397
48011,Armstrong County,,TX,182,2083,2265,1,2,3,69,96,165,7,0.26067,0.270497,0,0.000087,0.000188,151,0.000074,0,27,1,0.00096
48013,Atascosa County,,TX,3506,46823,50329,8,6,14,2785,2239,5024,6,0.324787,0.342284,71.434972,0.003549,0.002801,151,0.000199,0,27,0.589286,0.026768
48015,Austin County,,TX,2018,28704,30722,8,7,15,1606,1157,2763,6,0.320411,0.337625,3.764634,0.001612,0.002258,151,0.000173,0,27,0.666667,0.01317
48017,Bailey County,,TX,587,7302,7889,3,2,5,180,160,340,7,0.266367,0.277696,1.551453,0.000174,0.000213,151,0.000105,0,27,0.583333,0.001458
48019,Bandera County,,TX,1730,17981,19711,4,5,9,1081,872,1953,6,0.324134,0.341377,0.65,0.001825,0.001934,151,0.000127,0,27,0.75,0.014081
48021,Bastrop County,,TX,6040,68003,74043,14,11,25,5304,4006,9310,6,0.328019,0.347162,53.665074,0.005469,0.004823,151,0.000233,0,27,0.742857,0.041452
48023,Baylor County,,TX,275,3860,4135,0,1,1,0,54,54,7,0.270054,0.281387,0,0,0.000172,151,0.00005,0,228,0,0
48025,Bee County,,TX,2036,24596,26632,9,10,19,794,980,1774,6,0.325735,0.343979,1263.725421,0.002145,0.003189,151,0.000211,0,27,0.554545,0.016823
48027,Bell County,,TX,41352,274156,315508,128,138,266,21981,25696,47677,5,0.405905,0.444048,25290.36439,0.049823,0.054573,151,0.001694,0,27,0.318593,0.361018
48029,Bexar County,,TX,79926,1597030,1676956,316,282,598,73344,65032,138376,5,0.448308,0.497311,199921.192872,0.102302,0.09524,151,0.004321,0,27,0.182642,0.722692
48031,Blanco County,,TX,794,9527,10321,5,4,9,523,326,849,6,0.312608,0.327812,0.285714,0.001617,0.00173,151,0.000136,0,27,0.85,0.013135
48033,Borden County,,TX,79,896,975,0,0,0,0,0,0,0,0,0,0,0,0,147,0.00005,131,229,0,0
48035,Bosque County,,TX,1617,18611,20228,7,6,13,1028,851,1879,6,0.315807,0.332426,223.938856,0.001936,0.002029,151,0.000153,0,27,0.589286,0.014579
48037,Bowie County,,TX,6399,91894,98293,19,18,37,3841,3715,7556,6,0.326726,0.347306,15717.228362,0.004396,0.004907,151,0.000415,0,27,0.32684,0.03458
48039,Brazoria County,,TX,18879,282326,301205,38,43,81,18075,13279,31354,6,0.358458,0.385137,1688.33205,0.014799,0.01503,151,0.00055,0,27,0.484269,0.113025
48041,Brazos County,,TX,14361,130931,145292,47,44,91,7490,9085,16575,5,0.360866,0.38759,3291.348448,0.013949,0.016008,151,0.000739,0,27,0.410101,0.10741
48043,Brewster County,,TX,1137,8651,9788,4,6,10,218,304,522,6,0.313859,0.329995,192.573731,0.000529,0.002137,151,0.000125,0,27,0.738095,0.003932
48045,Briscoe County,,TX,161,1906,2067,0,0,0,0,0,0,0,0,0,0,0,0,148,0.00005,132,230,0,0
48047,Brooks County,,TX,506,8110,8616,4,4,8,200,288,488,7,0.277634,0.290125,0,0.000513,0.000553,151,0.000114,0,27,1,0.004525
48049,Brown County,,TX,2607,37089,39696,18,16,34,1189,1176,2365,6,0.327205,0.347501,11742.332204,0.004218,0.004716,151,0.00053,0,27,0.413158,0.032914
48051,Burleson County,,TX,1404,17345,18749,5,4,9,812,725,1537,6,0.320022,0.336706,0.783333,0.001171,0.001143,151,0.000127,0,27,0.666667,0.008804
48053,Burnet County,,TX,3460,41651,45111,14,10,24,2602,1945,4547,6,0.327131,0.345978,95.232908,0.005556,0.004268,151,0.000252,0,27,0.690476,0.042892
48055,Caldwell County,,TX,4194,38350,42544,10,12,22,3554,3118,6672,6,0.328353,0.347639,10.008796,0.003178,0.005322,151,0.000216,0,27,0.865385,0.025607
48057,Calhoun County,,TX,1486,21630,23116,6,6,12,569,704,1273,6,0.324606,0.342054,16.875705,0.001995,0.002123,151,0.00013,0,27,0.785714,0.015232
48059,Callahan County,,TX,1125,13215,14340,3,2,5,600,530,1130,7,0.265903,0.27657,0.936601,0.000154,0.000157,151,0.000102,0,27,0.666667,0.001366
48061,Cameron County,,TX,15544,368197,383741,50,43,93,9623,9278,18901,6,0.369507,0.39742,2380.019554,0.022632,0.021621,151,0.000719,0,27,0.488409,0.17408
48063,Camp County,,TX,1074,13006,14080,6,7,13,548,618,1166,6,0.312271,0.328306,23.370267,0.00179,0.000997,151,0.000157,0,27,0.625,0.01359
48065,Carson County,,TX,611,6796,7407,3,4,7,281,326,607,7,0.260741,0.270899,0,0.000169,0.000198,151,0.000122,0,27,1,0.001834
48067,Cass County,,TX,2307,33907,36214,11,10,21,1240,1220,2460,6,0.316151,0.33346,67.967424,0.002571,0.002018,151,0.000247,0,27,0.55303,0.020315
48069,Castro County,,TX,834,8298,9132,4,6,10,181,438,619,7,0.266318,0.278523,22.02802,0.00017,0.000345,151,0.000138,0,27,0.619048,0.001888
48071,Chambers County,,TX,4587,49904,54491,9,7,16,4209,3239,7448,6,0.320163,0.33728,5.351924,0.002741,0.001693,151,0.000164,0,27,0.916667,0.022024
48073,Cherokee County,,TX,2929,48157,51086,10,9,19,1634,1647,3281,6,0.324098,0.342721,3.210445,0.003058,0.002992,151,0.000188,0,27,0.866667,0.023082
48075,Childress County,,TX,502,6201,6703,1,0,1,45,0,45,0,0,0,0,0,0,149,0.000093,133,231,0,0.000088
48077,Clay County,,TX,1116,11571,12687,3,2,5,584,593,1177,7,0.270112,0.281628,1.201923,0.000215,0.000191,151,0.000108,0,27,0.666667,0.001737
48079,Cochran County,,TX,380,3579,3959,2,2,4,84,170,254,7,0.26583,0.277001,0,0.00017,0.000142,151,0.000099,0,27,1,0.00136
48081,Coke County,,TX,403,3671,4074,1,1,2,119,121,240,7,0.260717,0.271131,0,0.00014,0.00012,151,0.000063,0,27,0,0.001006
48083,Coleman County,,TX,685,8465,9150,2,2,4,162,204,366,7,0.265903,0.27657,0,0.000181,0.000157,151,0.000094,0,27,1,0.001431
48085,Collin County,,TX,59755,640878,700633,196,170,366,73633,49982,123615,5,0.423256,0.463484,48693.397873,0.081108,0.070987,151,0.002467,0,27,0.297996,0.563671
48087,Collingsworth County,,TX,281,2945,3226,0,1,1,0,45,45,1,1,1,0,0,0,149,0.00005,133,232,0,0
48089,Colorado County,,TX,1233,21630,22863,6,7,13,625,749,1374,6,0.324424,0.342009,10.038921,0.001992,0.002976,151,0.000139,0,27,0.690476,0.015628
48091,Comal County,,TX,7080,93707,100787,29,17,46,7806,4518,12324,6,0.342422,0.363823,366.377048,0.010137,0.007417,151,0.000501,0,27,0.665517,0.079083
48093,Comanche County,,TX,965,14152,15117,6,2,8,553,285,838,7,0.246747,0.255345,2.371266,0.001778,0.000059,151,0.000152,0,27,0.733333,0.013247
48095,Concho County,,TX,321,2701,3022,1,0,1,86,0,86,0,0,0,0,0.00014,0,151,0.000063,0,25,0,0.001006
48097,Cooke County,,TX,2861,40821,43682,9,9,18,1886,1702,3588,6,0.316945,0.334523,2878.496851,0.002862,0.003696,151,0.000211,0,27,0.588889,0.022124
48099,Coryell County,,TX,11250,52541,63791,26,24,50,6061,6469,12530,5,0.354429,0.378438,2678.017265,0.011395,0.012974,151,0.000403,0,27,0.645833,0.08458
48101,Cottle County,,TX,152,1797,1949,0,0,0,0,0,0,0,0,0,0,0,0,150,0.00005,134,233,0,0
48103,Crane County,,TX,344,4231,4575,1,1,2,76,99,175,7,0.258487,0.267837,0,0.000086,0.000064,151,0.000067,0,27,0,0.000606
48105,Crockett County,,TX,333,4062,4395,1,1,2,48,69,117,7,0.260717,0.271131,0,0.00014,0.00012,151,0.000063,0,27,0,0.001006
48107,Crosby County,,TX,773,7585,8358,1,1,2,227,428,655,7,0.265805,0.276828,0,0.000169,0.00014,151,0.000068,0,27,0,0.00125
48109,Culberson County,,TX,300,2962,3262,0,1,1,0,41,41,6,0.288211,0.300678,0,0,0.000422,151,0.00005,0,234,0,0
48111,Dallam County,,TX,631,7350,7981,3,3,6,141,149,290,7,0.260717,0.270727,0,0.000171,0.000193,151,0.000125,0,27,1,0.001806
48113,Dallas County,,TX,181778,2281815,2463593,316,332,648,119049,165814,284863,5,0.453565,0.507233,294866.911178,0.10251,0.105595,151,0.004318,0,27,0.158901,0.712199
48115,Dawson County,,TX,1044,13035,14079,4,4,8,296,417,713,6,0.310699,0.325945,99.962746,0.000276,0.001095,151,0.000134,0,27,0.65,0.002444
48117,Deaf Smith County,,TX,1495,19499,20994,4,5,9,473,613,1086,7,0.266293,0.278351,14.906591,0.000173,0.00033,151,0.000131,0,27,0.75,0.001882
48119,Delta County,,TX,441,4988,5429,3,4,7,295,260,555,6,0.312204,0.327847,0,0.00094,0.000927,151,0.000093,0,27,1,0.006736
48121,Denton County,,TX,52584,504388,556972,151,138,289,55466,42571,98037,5,0.415735,0.452855,37029.9264,0.062516,0.056288,151,0.002041,0,27,0.319393,0.447215
48123,DeWitt County,,TX,1094,20275,21369,5,5,10,568,507,1075,6,0.324569,0.341882,0.92646,0.002513,0.00211,151,0.000119,0,27,0.933333,0.019
48125,Dickens County,,TX,193,2141,2334,1,0,1,47,0,47,0,0,0,0,0.000169,0,151,0.000068,0,22,0,0.00125
48127,Dimmit County,,TX,807,10160,10967,2,2,4,138,194,332,6,0.309605,0.323906,0,0.00079,0.000848,151,0.000097,0,27,1,0.006257
48129,Donley County,,TX,328,3811,4139,1,2,3,54,123,177,7,0.26067,0.270497,0,0.000087,0.000188,151,0.000074,0,27,1,0.00096
48131,Duval County,,TX,894,14018,14912,4,3,7,385,495,880,7,0.270112,0.281266,0,0.001062,0.000272,151,0.000112,0,27,1,0.008483
48133,Eastland County,,TX,1322,17471,18793,6,8,14,429,585,1014,6,0.312641,0.328364,265.686241,0.001917,0.00113,151,0.000153,0,27,0.541667,0.01409
48135,Ector County,,TX,7572,133479,141051,28,31,59,4491,4586,9077,6,0.348552,0.373233,22900.915745,0.007839,0.01049,151,0.000587,0,27,0.366387,0.060176
48137,Edwards County,,TX,309,4334,4643,1,0,1,42,0,42,0,0,0,0,0.000057,0,151,0.000066,0,3,0,0.000501
48139,Ellis County,,TX,10173,130627,140800,20,21,41,9694,6965,16659,6,0.3288,0.349334,150.018308,0.007721,0.007163,151,0.000328,0,27,0.653333,0.059938
48141,El Paso County,,TX,36609,791837,828446,129,137,266,20756,25680,46436,5,0.404772,0.443238,54930.13659,0.051304,0.052121,151,0.001697,0,27,0.300284,0.364074
48143,Erath County,,TX,2792,30309,33101,12,17,29,1364,1480,2844,6,0.325589,0.345387,2099.312788,0.00293,0.004558,151,0.000299,0,27,0.488971,0.022362
48145,Falls County,,TX,1268,15076,16344,5,3,8,561,693,1254,6,0.288915,0.301603,1.226135,0.002431,0.000557,151,0.000117,0,27,0.9,0.017624
48147,Fannin County,,TX,2255,30328,32583,8,8,16,1789,1338,3127,6,0.316047,0.333029,1.925786,0.002883,0.003025,151,0.000172,0,27,0.910714,0.02215
48149,Fayette County,,TX,1464,24526,25990,8,9,17,739,706,1445,6,0.324497,0.342353,25.472778,0.002559,0.002981,151,0.000179,0,27,0.583333,0.019656
48151,Fisher County,,TX,368,4142,4510,1,1,2,40,73,113,7,0.238726,0.245593,0,0.000142,0.000002,151,0.000066,0,27,1,0.001057
48153,Floyd County,,TX,660,7798,8458,2,2,4,201,291,492,7,0.265854,0.277058,0,0.000192,0.000155,151,0.000092,0,27,1,0.001473
48155,Foard County,,TX,118,1567,1685,0,0,0,0,0,0,0,0,0,0,0,0,152,0.00005,135,235,0,0
48157,Fort Bend County,,TX,36142,476801,512943,96,72,168,49582,29353,78935,5,0.381761,0.41284,7662.549707,0.047592,0.0336,151,0.001185,0,27,0.465544,0.332245
48159,Franklin County,,TX,1049,12537,13586,5,4,9,592,373,965,6,0.31217,0.327789,0.783333,0.000934,0.000897,151,0.000143,0,27,0.75,0.006971
48161,Freestone County,,TX,1415,17998,19413,8,8,16,865,720,1585,6,0.324062,0.342549,11.615305,0.002895,0.002933,151,0.000164,0,27,0.767857,0.021745
48163,Frio County,,TX,931,14209,15140,3,4,7,322,458,780,6,0.309704,0.324308,170.757992,0.000805,0.000899,151,0.000121,0,27,0.583333,0.00651
48165,Gaines County,,TX,1026,15053,16079,3,6,9,236,485,721,7,0.266244,0.278408,2958.274117,0.000208,0.000331,151,0.000108,0,27,0.5,0.00167
48167,Galveston County,,TX,21166,288910,310076,44,46,90,17569,15048,32617,5,0.358547,0.385557,1940.905814,0.018632,0.018094,151,0.000622,0,27,0.468687,0.142506
48169,Garza County,,TX,381,3861,4242,1,1,2,133,116,249,7,0.265805,0.276828,0,0.000169,0.00014,151,0.000068,0,27,0,0.00125
48171,Gillespie County,,TX,1606,24756,26362,9,6,15,784,597,1381,6,0.324388,0.341836,4.195616,0.00451,0.002941,151,0.000192,0,27,0.833333,0.034603
48173,Glasscock County,,TX,221,2598,2819,0,0,0,0,0,0,0,0,0,0,0,0,153,0.00005,136,236,0,0
48175,Goliad County,,TX,972,10648,11620,1,2,3,420,485,905,7,0.248161,0.256815,0,0.000055,0.000058,151,0.000064,0,27,1,0.000434
48177,Gonzales County,,TX,1191,19441,20632,8,6,14,644,606,1250,6,0.324388,0.341836,1.587175,0.00289,0.002678,151,0.000169,0,27,0.821429,0.022545
48179,Gray County,,TX,1767,21249,23016,6,6,12,448,592,1040,7,0.266318,0.278523,3161.701339,0.00101,0.000331,151,0.000191,0,27,0.571429,0.008179
48181,Grayson County,,TX,7408,115373,122781,15,16,31,4381,4249,8630,6,0.33041,0.351183,179.855287,0.005778,0.006172,151,0.00027,0,27,0.611111,0.043793
48183,Gregg County,,TX,10070,130485,140555,33,31,64,6244,6795,13039,6,0.345275,0.369068,1509.952687,0.009373,0.00874,151,0.000551,0,27,0.434685,0.073629
48185,Grimes County,,TX,2087,23461,25548,6,7,13,1393,1265,2658,6,0.320128,0.337223,1.85,0.001387,0.001489,151,0.000149,0,27,0.714286,0.011274
48187,Guadalupe County,,TX,8832,102999,111831,24,18,42,7088,5807,12895,6,0.346471,0.368741,420.440283,0.011216,0.009247,151,0.000395,0,27,0.676923,0.084545
48189,Hale County,,TX,2961,37204,40165,11,10,21,1447,1410,2857,6,0.317953,0.336016,1521.201434,0.001875,0.002833,151,0.000285,0,27,0.455128,0.014731
48191,Hall County,,TX,294,3392,3686,0,0,0,0,0,0,0,0,0,0,0,0,154,0.00005,137,237,0,0
48193,Hamilton County,,TX,682,7512,8194,3,4,7,223,284,507,6,0.262368,0.272441,1.70145,0.000967,0.000148,151,0.000092,0,27,0.5,0.007259
48195,Hansford County,,TX,477,5579,6056,0,1,1,0,64,64,7,0.257658,0.2669,0,0,0.000076,151,0.00005,0,238,0,0
48197,Hardeman County,,TX,405,4439,4844,1,1,2,53,66,119,8,0.212652,0.218158,0,0.000001,0.000002,151,0.00012,0,27,0,0.000103
48199,Hardin County,,TX,4045,53177,57222,12,8,20,3174,2585,5759,6,0.32144,0.338326,9.719013,0.001741,0.001346,151,0.000227,0,27,0.615385,0.014239
48201,Harris County,,TX,198510,3705667,3904177,414,425,839,147496,179410,326906,5,0.470331,0.530265,475696.967675,0.1203,0.120017,151,0.005642,0,27,0.123115,0.843293
48203,Harrison County,,TX,4845,62491,67336,14,15,29,3021,2998,6019,6,0.32486,0.344347,103.131511,0.004177,0.004407,151,0.000266,0,27,0.619048,0.032685
48205,Hartley County,,TX,345,3413,3758,0,0,0,0,0,0,0,0,0,0,0,0,155,0.00005,138,239,0,0
48207,Haskell County,,TX,527,5934,6461,2,3,5,123,157,280,7,0.265854,0.27657,2952.5,0.000143,0.000123,151,0.000099,0,27,0.5,0.001148
48209,Hays County,,TX,11428,99021,110449,30,27,57,9883,8557,18440,6,0.331202,0.353229,261.937497,0.011862,0.008654,151,0.000472,0,27,0.681452,0.090596
48211,Hemphill County,,TX,313,3530,3843,0,0,0,0,0,0,0,0,0,0,0,0,156,0.00005,139,240,0,0
48213,Henderson County,,TX,6020,73713,79733,16,17,33,5575,3944,9519,6,0.324569,0.344358,17.837946,0.004846,0.005475,151,0.000281,0,27,0.69281,0.037691
48215,Hidalgo County,,TX,21575,633016,654591,89,72,161,16153,12522,28675,6,0.375243,0.407227,21713.698287,0.034151,0.028457,151,0.001261,0,27,0.319231,0.25027
48217,Hill County,,TX,2653,32997,35650,10,11,21,1934,1724,3658,6,0.324896,0.343945,12.356962,0.002938,0.004602,151,0.00019,0,27,0.787879,0.022173
48219,Hockley County,,TX,2008,23689,25697,4,4,8,878,957,1835,7,0.265927,0.27746,3.543249,0.00021,0.000158,151,0.000143,0,27,0.5,0.001789
48221,Hood County,,TX,3738,45359,49097,11,10,21,2814,2111,4925,6,0.321476,0.33944,74.184756,0.004727,0.003913,151,0.000204,0,27,0.712121,0.036033
48223,Hopkins County,,TX,2217,33300,35517,12,12,24,1450,1246,2696,6,0.316047,0.333517,54.332072,0.002549,0.003176,151,0.000265,0,27,0.538462,0.020179
48225,Houston County,,TX,1414,20821,22235,6,6,12,724,674,1398,6,0.320093,0.33705,1.746689,0.001342,0.001398,151,0.000136,0,27,0.7,0.010712
48227,Howard County,,TX,2148,30061,32209,9,10,19,671,882,1553,6,0.321014,0.338711,3120.720804,0.002195,0.00225,151,0.00021,0,27,0.568182,0.016302
48229,Hudspeth County,,TX,353,3150,3503,1,1,2,100,125,225,6,0.288169,0.300609,0,0.000428,0.000422,151,0.000061,0,27,0,0.003079
48231,Hunt County,,TX,6849,79786,86635,19,19,38,5540,4681,10221,6,0.325115,0.34545,178.620442,0.004869,0.00452,151,0.000353,0,27,0.563158,0.038019
48233,Hutchinson County,,TX,1920,24839,26759,5,6,11,538,745,1283,6,0.323736,0.3421,506.457397,0.000176,0.002188,151,0.000178,0,27,0.642857,0.002077
48235,Irion County,,TX,521,2783,3304,1,1,2,175,192,367,7,0.260717,0.271131,0,0.00014,0.00012,151,0.000063,0,27,0,0.001006
48237,Jack County,,TX,763,7842,8605,4,5,9,321,305,626,6,0.311567,0.326761,1.1,0.000919,0.000991,151,0.000119,0,27,0.75,0.007337
48239,Jackson County,,TX,1052,15157,16209,5,5,10,558,542,1100,6,0.320093,0.336936,0.694444,0.001116,0.001083,151,0.000119,0,27,0.85,0.008341
48241,Jasper County,,TX,2671,37390,40061,8,8,16,1599,1633,3232,6,0.320163,0.337395,169.784935,0.001234,0.001183,151,0.000189,0,27,0.678571,0.009428
48243,Jeff Davis County,,TX,249,2134,2383,0,0,0,0,0,0,0,0,0,0,0,0,157,0.00005,140,241,0,0
48245,Jefferson County,,TX,13962,254357,268319,36,38,74,7807,9930,17737,6,0.349308,0.374583,3373.522765,0.012167,0.013228,151,0.000554,0,27,0.486364,0.093267
48247,Jim Hogg County,,TX,294,5413,5707,2,0,2,99,0,99,0,0,0,0,0.000314,0,151,0.000077,0,23,1,0.00257
48249,Jim Wells County,,TX,2578,41098,43676,11,10,21,1808,1665,3473,6,0.325589,0.343807,351.482114,0.00247,0.002573,151,0.000237,0,27,0.581818,0.019733
48251,Johnson County,,TX,11629,151765,163394,23,26,49,11029,8037,19066,6,0.350701,0.374612,819.641039,0.009158,0.011445,151,0.000374,0,27,0.60468,0.069309
48253,Jones County,,TX,1481,15500,16981,2,4,6,654,758,1412,7,0.269434,0.281758,15.066717,0.000143,0.000328,151,0.000094,0,27,0.5,0.001158
48255,Karnes County,,TX,761,12824,13585,3,3,6,222,277,499,6,0.309671,0.324135,1.166667,0.000818,0.000874,151,0.000112,0,27,0.666667,0.006566
48257,Kaufman County,,TX,7892,84063,91955,14,11,25,8556,5814,14370,6,0.32417,0.343066,2.595469,0.004209,0.004216,151,0.000247,0,27,0.774725,0.032573
48259,Kendall County,,TX,2269,27352,29621,9,7,16,1697,1329,3026,6,0.324424,0.342009,8.427868,0.003295,0.002723,151,0.000214,0,27,0.666667,0.025848
48261,Kenedy County,,TX,0,0,0,0,0,0,0,0,0,0,0,0,0,0,0,158,0.00005,141,242,0,0
48263,Kent County,,TX,99,880,979,0,0,0,0,0,0,0,0,0,0,0,0,159,0.00005,142,243,0,0
48265,Kerr County,,TX,3278,45199,48477,14,10,24,1644,1376,3020,6,0.327205,0.346248,2977.184265,0.005951,0.00399,151,0.000308,0,27,0.584559,0.044661
48267,Kimble County,,TX,289,4390,4679,0,0,0,0,0,0,0,0,0,0,0,0,160,0.00005,143,244,0,0
48269,King County,,TX,0,0,0,0,0,0,0,0,0,0,0,0,0,0,0,161,0.00005,144,245,0,0
48271,Kinney County,,TX,262,3199,3461,0,1,1,0,56,56,7,0.255525,0.263994,0,0,0.000055,151,0.00005,0,246,0,0
48273,Kleberg County,,TX,3068,30022,33090,11,13,24,1516,1697,3213,6,0.339219,0.359497,769.796259,0.004022,0.005243,151,0.000234,0,27,0.587912,0.031454
48275,Knox County,,TX,367,3954,4321,1,2,3,48,98,146,7,0.26583,0.276397,0,0.000001,0.000123,151,0.000079,0,27,1,0.000101
48277,Lamar County,,TX,2985,51200,54185,12,14,26,1377,1588,2965,6,0.324533,0.343927,3801.578516,0.002898,0.004187,151,0.000264,0,27,0.495238,0.022668
48279,Lamb County,,TX,1324,14789,16113,3,5,8,366,625,991,7,0.266,0.277747,10.629596,0.000194,0.00016,151,0.000123,0,27,0.45,0.001583
48281,Lampasas County,,TX,1970,17826,19796,6,5,11,2066,914,2980,6,0.305851,0.32024,0,0.002501,0.001585,151,0.000135,0,27,1,0.01894
48283,La Salle County,,TX,366,5622,5988,2,3,5,106,144,250,6,0.309737,0.32425,1.583333,0.000107,0.000947,151,0.00009,0,27,0.666667,0.000955
48285,Lavaca County,,TX,1094,19650,20744,7,7,14,529,630,1159,6,0.32446,0.342066,3.228473,0.002555,0.002645,151,0.000161,0,27,0.761905,0.019522
48287,Lee County,,TX,1097,15891,16988,5,8,13,475,603,1078,6,0.320446,0.337797,2.707487,0.001849,0.002236,151,0.000123,0,27,0.678571,0.013889
48289,Leon County,,TX,1321,16133,17454,9,8,17,744,644,1388,6,0.320199,0.337453,16.648869,0.003221,0.001524,151,0.000183,0,27,0.636364,0.0247
48291,Liberty County,,TX,6407,68417,74824,12,14,26,4874,4657,9531,6,0.325772,0.344772,37.159739,0.002052,0.004614,151,0.000231,0,27,0.6875,0.017534
48293,Limestone County,,TX,1418,20962,22380,7,8,15,822,784,1606,6,0.324062,0.342549,104.59705,0.002038,0.002926,151,0.000171,0,27,0.680556,0.01549
48295,Lipscomb County,,TX,403,3020,3423,1,0,1,70,0,70,0,0,0,0,0.000002,0,151,0.000071,0,8,0,0.000095
48297,Live Oak County,,TX,779,9605,10384,2,5,7,183,324,507,6,0.310102,0.324899,0,0.000241,0.001179,151,0.000082,0,27,1,0.001994
48299,Llano County,,TX,1451,13153,14604,5,6,11,681,712,1393,6,0.324424,0.341894,2952,0.002728,0.002911,151,0.000124,0,27,0.666667,0.021216
48301,Loving County,,TX,0,0,0,0,0,0,0,0,0,0,0,0,0,0,0,162,0.00005,145,247,0,0
48303,Lubbock County,,TX,17814,247626,265440,71,70,141,11272,12034,23306,6,0.361992,0.392979,80394.844189,0.017021,0.020575,151,0.001459,0,27,0.242297,0.133453
48305,Lynn County,,TX,660,6328,6988,1,2,3,264,335,599,7,0.26583,0.277001,0,0.000169,0.000142,151,0.000068,0,27,1,0.00125
48307,McCulloch County,,TX,637,8348,8985,3,1,4,159,54,213,7,0.246558,0.254713,0,0.001002,0.000035,151,0.000104,0,27,1,0.007575
48309,McLennan County,,TX,12138,218749,230887,45,38,83,7918,7512,15430,6,0.350024,0.375612,1772.745666,0.015886,0.012577,151,0.000692,0,27,0.473061,0.121062
48311,McMullen County,,TX,111,767,878,0,0,0,0,0,0,0,0,0,0,0,0,163,0.00005,146,248,0,0
48313,Madison County,,TX,875,10671,11546,6,5,11,545,448,993,6,0.320057,0.336878,0.592857,0.001387,0.001183,151,0.000143,0,27,0.9,0.011317
48315,Marion County,,TX,862,8017,8879,5,6,11,453,524,977,6,0.312439,0.328479,0.966245,0.001002,0.001132,151,0.000136,0,27,0.9,0.007702
48317,Martin County,,TX,417,3988,4405,2,1,3,168,170,338,7,0.258096,0.267521,0,0.000106,0.000097,151,0.000088,0,27,1,0.001094
48319,Mason County,,TX,247,3581,3828,0,0,0,0,0,0,0,0,0,0,0,0,164,0.00005,147,249,0,0
48321,Matagorda County,,TX,2687,38682,41369,9,13,22,1113,1588,2701,6,0.326873,0.345967,43.587434,0.00303,0.004555,151,0.000175,0,27,0.711538,0.023952
48323,Maverick County,,TX,3287,57329,60616,10,10,20,1248,1617,2865,6,0.328912,0.348167,25.491657,0.005341,0.005023,151,0.000169,0,27,0.810606,0.038331
48325,Medina County,,TX,2880,39887,42767,8,5,13,2221,1645,3866,6,0.319072,0.335947,91.552532,0.003382,0.001737,151,0.000187,0,27,0.553571,0.025236
48327,Menard County,,TX,183,2312,2495,0,0,0,0,0,0,0,0,0,0,0,0,165,0.00005,148,250,0,0
48329,Midland County,,TX,8616,127128,135744,40,35,75,5892,5435,11327,6,0.347842,0.37286,20960.514311,0.01175,0.010626,151,0.000792,0,27,0.376328,0.090616
48331,Milam County,,TX,1746,25107,26853,9,7,16,1144,909,2053,6,0.326947,0.345346,31.198288,0.002638,0.004232,151,0.000182,0,27,0.672727,0.020348
48333,Mills County,,TX,288,4518,4806,1,0,1,55,0,55,0,0,0,0,0.000039,0,151,0.000079,0,10,0,0.000374
48335,Mitchell County,,TX,620,6719,7339,3,6,9,176,292,468,7,0.269484,0.282102,3.523388,0.000038,0.000383,151,0.000115,0,27,0.666667,0.000477
48337,Montague County,,TX,1432,18729,20161,7,8,15,821,811,1632,6,0.317639,0.334833,1342.306482,0.002406,0.00245,151,0.000181,0,27,0.535714,0.018109
48339,Montgomery County,,TX,25869,334456,360325,90,59,149,31780,18452,50232,6,0.362852,0.392238,7419.854155,0.035818,0.023224,151,0.00119,0,27,0.388283,0.25573
48341,Moore County,,TX,1887,21382,23269,5,6,11,433,693,1126,6,0.288714,0.302218,5933.583571,0.000596,0.000613,151,0.000209,0,27,0.466667,0.004948
48343,Morris County,,TX,1299,15294,16593,7,7,14,665,712,1377,6,0.312271,0.328306,3.732082,0.001023,0.00112,151,0.000182,0,27,0.696429,0.008091
48345,Motley County,,TX,97,1191,1288,0,0,0,0,0,0,0,0,0,0,0,0,166,0.00005,149,251,0,0
48347,Nacogdoches County,,TX,4170,54739,58909,20,19,39,2271,2513,4784,6,0.329659,0.349471,1063.96454,0.005241,0.006374,151,0.00035,0,27,0.559783,0.041053
48349,Navarro County,,TX,2998,45464,48462,11,14,25,2029,1772,3801,6,0.325006,0.344462,13.143551,0.004017,0.004745,151,0.000203,0,27,0.736264,0.030749
48351,Newton County,,TX,1078,9377,10455,3,3,6,372,631,1003,7,0.258995,0.268814,0,0.001042,0.000128,151,0.000092,0,27,1,0.007628
48353,Nolan County,,TX,1212,15910,17122,4,6,10,299,462,761,6,0.31352,0.329599,3084.961017,0.000285,0.001249,151,0.000151,0,27,0.547619,0.002259
48355,Nueces County,,TX,21429,331646,353075,73,69,142,13929,14770,28699,6,0.369884,0.400603,19657.958443,0.026608,0.026147,151,0.001082,0,27,0.352241,0.201954
48357,Ochiltree County,,TX,675,9452,10127,1,3,4,44,158,202,7,0.260717,0.270727,2953,0.000079,0.000188,151,0.000072,0,27,0.333333,0.00071
48359,Oldham County,,TX,350,2084,2434,1,2,3,48,166,214,7,0.26067,0.270497,0,0.000087,0.000188,151,0.000074,0,27,1,0.00096
48361,Orange County,,TX,5480,92010,97490,12,20,32,3407,3746,7153,6,0.328502,0.348943,756.183864,0.002184,0.005585,151,0.000247,0,27,0.497619,0.017222
48363,Palo Pinto County,,TX,2231,26455,28686,6,6,12,1055,1012,2067,6,0.315669,0.332225,8.424708,0.001822,0.001843,151,0.000144,0,27,0.714286,0.013635
48365,Panola County,,TX,1647,23972,25619,7,9,16,760,928,1688,6,0.316047,0.333201,15.926103,0.002106,0.002151,151,0.000157,0,27,0.788889,0.01587
48367,Parker County,,TX,9154,104724,113878,21,17,38,8185,6350,14535,6,0.33041,0.350735,462.172823,0.007787,0.006462,151,0.00036,0,27,0.571146,0.058752
48369,Parmer County,,TX,1080,10348,11428,3,6,9,267,517,784,7,0.266832,0.279161,7.308013,0.000068,0.000404,151,0.000113,0,27,0.642857,0.000885
48371,Pecos County,,TX,1117,13781,14898,4,7,11,246,493,739,6,0.312641,0.328358,148.941434,0.000315,0.001549,151,0.00013,0,27,0.714286,0.002586
48373,Polk County,,TX,5667,54107,59774,22,23,45,2834,2464,5298,6,0.345152,0.367787,1390.123543,0.010173,0.008024,151,0.000356,0,27,0.488506,0.077007
48375,Potter County,,TX,13330,121613,134943,43,31,74,8853,9399,18252,6,0.351764,0.376847,39586.205436,0.01367,0.010577,151,0.000844,0,27,0.318841,0.102646
48377,Presidio County,,TX,1101,9995,11096,4,3,7,279,414,693,7,0.260179,0.270399,0.852878,0.00062,0.000165,151,0.000114,0,27,0.916667,0.004673
48379,Rains County,,TX,870,8944,9814,7,6,13,650,521,1171,6,0.312372,0.328364,0.267857,0.002396,0.001629,151,0.000156,0,27,0.952381,0.018265
48381,Randall County,,TX,10648,99738,110386,34,29,63,8898,7403,16301,6,0.346968,0.371148,27566.925146,0.009218,0.009668,151,0.000732,0,27,0.327327,0.072095
48383,Reagan County,,TX,284,3480,3764,1,0,1,46,0,46,0,0,0,0,0.00014,0,151,0.000063,0,24,0,0.001006
48385,Real County,,TX,320,3036,3356,1,1,2,47,42,89,7,0.2466,0.254408,0,0.000032,0.000049,151,0.000065,0,27,0.5,0.000228
48387,Red River County,,TX,1010,13595,14605,3,3,6,446,452,898,7,0.248076,0.257373,3.501953,0.000943,0.000074,151,0.000097,0,27,0.75,0.006711
48389,Reeves County,,TX,1175,11841,13016,2,4,6,115,613,728,6,0.288685,0.30193,34.868952,0.000088,0.000584,151,0.000098,0,27,0.833333,0.000718
48391,Refugio County,,TX,470,8117,8587,1,3,4,81,190,271,7,0.270263,0.281611,0,0.000215,0.000341,151,0.000064,0,27,1,0.001759
48393,Roberts County,,TX,92,828,920,0,0,0,0,0,0,0,0,0,0,0,0,167,0.00005,150,252,0,0
48395,Robertson County,,TX,1347,16538,17885,2,5,7,613,754,1367,6,0.322441,0.340199,0,0.001118,0.001977,151,0.000076,0,27,0.8,0.008208
48397,Rockwall County,,TX,5016,50104,55120,10,7,17,5944,3330,9274,6,0.324025,0.342376,5.368229,0.004523,0.003949,151,0.00019,0,27,0.844444,0.034274
48399,Runnels County,,TX,913,11783,12696,2,2,4,316,291,607,7,0.269035,0.280519,0,0.000282,0.000242,151,0.000079,0,27,1,0.002063
48401,Rusk County,,TX,3013,42610,45623,10,10,20,1938,1868,3806,6,0.32262,0.341061,23.390885,0.003034,0.002194,151,0.000192,0,27,0.712121,0.022923
48403,Sabine County,,TX,880,10091,10971,6,6,12,364,378,742,6,0.320093,0.33705,198.971221,0.001213,0.001095,151,0.000144,0,27,0.660714,0.009015
48405,San Augustine County,,TX,520,8368,8888,5,4,9,321,264,585,7,0.254073,0.263362,1.188596,0.001125,0.000092,151,0.000131,0,27,0.85,0.008339
48407,San Jacinto County,,TX,1758,19154,20912,6,5,11,1656,1152,2808,6,0.321334,0.337809,0.176923,0.001483,0.001426,151,0.00013,0,27,0.933333,0.012065
48409,San Patricio County,,TX,7283,70457,77740,25,19,44,4373,4141,8514,6,0.343883,0.365868,835.597616,0.00987,0.008061,151,0.000391,0,27,0.549858,0.074798
48411,San Saba County,,TX,444,5417,5861,1,1,2,46,41,87,7,0.2466,0.254799,1.03618,0.000024,0.000035,151,0.000068,0,27,0,0.00026
48413,Schleicher County,,TX,249,3067,3316,1,1,2,72,83,155,7,0.260717,0.271131,0,0.00014,0.00012,151,0.000063,0,27,0,0.001006
48415,Scurry County,,TX,1230,15494,16724,6,5,11,363,328,691,6,0.313148,0.328852,304.480716,0.000551,0.001143,151,0.00015,0,27,0.732143,0.00413
48417,Shackelford County,,TX,342,3439,3781,1,1,2,59,85,144,7,0.265781,0.276167,0,0.000142,0.000122,151,0.000066,0,27,0,0.001057
48419,Shelby County,,TX,1352,23933,25285,7,7,14,609,640,1249,6,0.322548,0.340601,526.950356,0.001139,0.001941,151,0.000181,0,27,0.553571,0.008844
48421,Sherman County,,TX,274,2511,2785,1,1,2,50,67,117,7,0.22405,0.230137,0,0.000005,0.000005,151,0.00008,0,27,0,0.000135
48423,Smith County,,TX,12338,191846,204184,49,38,87,8904,8289,17193,6,0.349602,0.375175,2115.895833,0.015586,0.011285,151,0.000765,0,27,0.412157,0.118903
48425,Somervell County,,TX,647,7259,7906,4,5,9,315,308,623,6,0.311534,0.326703,0.527778,0.000987,0.001017,151,0.000107,0,27,0.8,0.00753
48427,Starr County,,TX,2744,60184,62928,6,8,14,1198,1661,2859,6,0.328614,0.347857,657.396185,0.004242,0.003196,151,0.00012,0,27,0.822222,0.030597
48429,Stephens County,,TX,764,9106,9870,3,4,7,153,222,375,6,0.312473,0.327617,3.179121,0.000893,0.001016,151,0.000099,0,27,0.75,0.006453
48431,Sterling County,,TX,121,1175,1296,0,0,0,0,0,0,0,0,0,0,0,0,168,0.00005,151,253,0,0
48433,Stonewall County,,TX,123,1557,1680,0,0,0,0,0,0,0,0,0,0,0,0,169,0.00005,152,254,0,0
48435,Sutton County,,TX,356,4762,5118,1,1,2,76,64,140,7,0.260717,0.271131,0,0.00014,0.00012,151,0.000063,0,27,0,0.001006
48437,Swisher County,,TX,769,7706,8475,3,4,7,259,317,576,7,0.266244,0.278121,0,0.00019,0.000343,151,0.000119,0,27,1,0.001893
48439,Tarrant County,,TX,108756,1618945,1727701,324,309,633,97827,93456,191283,5,0.452151,0.503384,238914.319185,0.104925,0.100101,151,0.004331,0,27,0.15882,0.730526
48441,Taylor County,,TX,12314,130080,142394,48,51,99,5858,6774,12632,6,0.361946,0.390521,44866.662845,0.014839,0.017257,151,0.000928,0,27,0.34976,0.114061
48443,Terrell County,,TX,125,896,1021,0,0,0,0,0,0,0,0,0,0,0,0,170,0.00005,153,255,0,0
48445,Terry County,,TX,1037,11621,12658,2,1,3,323,338,661,7,0.265805,0.276828,0,0.000172,0.00014,151,0.000083,0,27,1,0.001357
48447,Throckmorton County,,TX,123,1718,1841,0,0,0,0,0,0,0,0,0,0,0,0,171,0.00005,154,256,0,0
48449,Titus County,,TX,1853,24416,26269,7,7,14,921,911,1832,6,0.312406,0.328507,12.431944,0.000976,0.001059,151,0.000193,0,27,0.517857,0.007478
48451,Tom Green County,,TX,10517,107534,118051,37,52,89,4348,5650,9998,6,0.352619,0.381012,42882.348061,0.014563,0.017074,151,0.000794,0,27,0.350649,0.110613
48453,Travis County,,TX,78679,846687,925366,223,208,431,65036,67794,132830,5,0.429714,0.473308,70759.558759,0.086206,0.081105,151,0.002855,0,27,0.255768,0.596907
48455,Trinity County,,TX,1131,13013,14144,6,6,12,764,657,1421,6,0.321369,0.337981,1.655636,0.001369,0.00145,151,0.000136,0,27,0.866667,0.011092
48457,Tyler County,,TX,1270,17495,18765,9,7,16,1003,740,1743,6,0.321405,0.338154,3.513346,0.001629,0.001245,151,0.000182,0,27,0.777778,0.013257
48459,Upshur County,,TX,3187,33137,36324,12,9,21,2086,2041,4127,6,0.312339,0.328651,64.841842,0.003408,0.00116,151,0.000242,0,27,0.602564,0.026484
48461,Upton County,,TX,327,3347,3674,0,2,2,0,87,87,7,0.260199,0.270306,0,0,0.000161,151,0.00005,0,257,1,0
48463,Uvalde County,,TX,1913,28284,30197,7,11,18,653,945,1598,6,0.327575,0.34657,3049.87771,0.002104,0.003864,151,0.000183,0,27,0.492424,0.016419
48465,Val Verde County,,TX,4090,47985,52075,13,14,27,1360,1420,2780,6,0.343111,0.364581,6166.138538,0.006708,0.006988,151,0.000249,0,27,0.506536,0.050203
48467,Van Zandt County,,TX,3389,45410,48799,12,13,25,3026,2288,5314,6,0.324243,0.34341,32.878908,0.004028,0.004276,151,0.000232,0,27,0.774725,0.0313
48469,Victoria County,,TX,5712,89315,95027,22,26,48,3283,3796,7079,6,0.329884,0.351287,5375.072279,0.00496,0.006747,151,0.000399,0,27,0.448413,0.039839
48471,Walker County,,TX,4739,43756,48495,17,21,38,2606,3365,5971,6,0.330034,0.350121,229.687415,0.005094,0.006444,151,0.000314,0,27,0.549784,0.040374
48473,Waller County,,TX,2729,25156,27885,7,7,14,1840,1961,3801,6,0.320128,0.337223,16.571119,0.002484,0.001831,151,0.000157,0,27,0.714286,0.019607
48475,Ward County,,TX,984,10737,11721,5,4,9,367,408,775,7,0.260203,0.270572,7.378481,0.000192,0.000164,151,0.000147,0,27,0.65,0.001786
48477,Washington County,,TX,1924,31720,33644,9,7,16,1231,952,2183,6,0.320411,0.337625,8.513828,0.002141,0.002247,151,0.000204,0,27,0.555556,0.017041
48479,Webb County,,TX,7534,232203,239737,24,23,47,3877,4410,8287,6,0.357002,0.381087,6602.821456,0.012083,0.012109,151,0.000362,0,27,0.599715,0.088808
48481,Wharton County,,TX,2381,45154,47535,7,9,16,1329,1447,2776,6,0.320552,0.338085,5.860464,0.001513,0.002315,151,0.000148,0,27,0.680556,0.012112
48483,Wheeler County,,TX,432,5228,5660,1,2,3,40,97,137,7,0.260296,0.269946,0,0.000003,0.000121,151,0.000078,0,27,1,0.000163
48485,Wichita County,,TX,14756,126308,141064,58,73,131,5930,9007,14937,6,0.369837,0.40189,36558.802945,0.02087,0.023505,151,0.000994,0,27,0.307889,0.157019
48487,Wilbarger County,,TX,1076,14008,15084,2,2,4,249,247,496,7,0.270061,0.281542,5852,0.000193,0.000172,151,0.000164,0,27,0,0.001488
48489,Willacy County,,TX,1337,19374,20711,4,4,8,554,776,1330,6,0.325006,0.342353,0,0.002181,0.002297,151,0.000104,0,27,1,0.016982
48491,Williamson County,,TX,29738,287803,317541,96,71,167,33037,23286,56323,5,0.381359,0.412685,9011.290094,0.039779,0.03127,151,0.001321,0,27,0.402726,0.288956
48493,Wilson County,,TX,2291,34455,36746,6,5,11,2386,1464,3850,6,0.309704,0.324423,22.930308,0.001937,0.001052,151,0.000178,0,27,0.6,0.015303
48495,Winkler County,,TX,692,7048,7740,2,3,5,179,304,483,7,0.260179,0.270399,0,0.000174,0.000163,151,0.000086,0,27,1,0.001469
48497,Wise County,,TX,4531,51139,55670,12,11,23,3464,2830,6294,6,0.317779,0.335407,68.63653,0.004138,0.003286,151,0.000231,0,27,0.621795,0.031397
48499,Wood County,,TX,2633,33675,36308,14,12,26,2600,1520,4120,6,0.315944,0.333374,43.162521,0.003075,0.002766,151,0.00029,0,27,0.595238,0.024803
48501,Yoakum County,,TX,640,8030,8670,1,2,3,85,145,230,7,0.265854,0.277058,0,0.000003,0.000142,151,0.000066,0,27,1,0.000107
48503,Young County,,TX,1343,17240,18583,6,6,12,367,464,831,6,0.317396,0.33423,48.843023,0.001916,0.001956,151,0.000147,0,27,0.571429,0.014129
48505,Zapata County,,TX,579,11986,12565,2,4,6,186,307,493,6,0.325006,0.342382,0,0.000126,0.00221,151,0.000077,0,27,0.95,0.001145
48507,Zavala County,,TX,800,11067,11867,3,3,6,242,334,576,6,0.309671,0.324135,1.5,0.000822,0.000865,151,0.000119,0,27,0.666667,0.006481
49001,Beaver County,,UT,560,6448,7008,3,3,6,166,228,394,6,0.295869,0.309284,0,0.001004,0.000661,4,0.000111,0,27,1,0.008946
49003,Box Elder County,,UT,3370,51500,54870,7,9,16,1766,2224,3990,6,0.33823,0.357405,1581.731929,0.001365,0.004582,4,0.000166,0,27,0.8,0.009534
49005,Cache County,,UT,8831,100132,108963,27,26,53,4564,5186,9750,6,0.347592,0.37136,6418.033258,0.008539,0.00876,4,0.000466,0,27,0.398396,0.063412
49007,Carbon County,,UT,1638,21232,22870,3,9,12,502,947,1449,6,0.316807,0.333448,20.339932,0.000955,0.002284,4,0.000092,0,27,0.638889,0.005915
49009,Daggett County,,UT,102,874,976,0,0,0,0,0,0,0,0,0,0,0,0,172,0.00005,155,258,0,0
49011,Davis County,,UT,25410,290993,316403,60,60,120,20636,18757,39393,5,0.364493,0.394577,6228.567044,0.02532,0.025764,4,0.000826,0,27,0.447544,0.183463
49013,Duchesne County,,UT,1195,16742,17937,3,5,8,512,608,1120,6,0.297051,0.310967,0.203704,0.000966,0.001074,4,0.000086,0,27,0.9,0.005929
49015,Emery County,,UT,876,11512,12388,3,3,6,350,433,783,6,0.296444,0.309945,0,0.000968,0.000795,4,0.000078,0,27,1,0.005915
49017,Garfield County,,UT,497,4666,5163,1,3,4,40,160,200,6,0.295869,0.309284,0,0.000072,0.000661,4,0.000073,0,27,1,0.000855
49019,Grand County,,UT,858,8554,9412,1,3,4,107,224,331,6,0.296172,0.309715,0,0.000575,0.00063,4,0.00006,0,27,0.666667,0.003565
49021,Iron County,,UT,3823,33957,37780,19,11,30,2700,2296,4996,6,0.332493,0.351155,450.205797,0.008033,0.003545,4,0.000322,0,27,0.536842,0.058525
49023,Juab County,,UT,642,9031,9673,4,3,7,510,409,919,6,0.296444,0.309945,0.2,0.000974,0.000798,4,0.0001,0,27,0.833333,0.006083
49025,Kane County,,UT,597,5970,6567,4,2,6,218,190,408,7,0.260249,0.269727,0,0.001664,0.000245,4,0.000113,0,27,1,0.013082
49027,Millard County,,UT,965,12964,13929,2,5,7,224,510,734,6,0.296565,0.310404,0,0.000949,0.000963,4,0.00007,0,27,0.8,0.005777
49029,Morgan County,,UT,636,8743,9379,3,3,6,459,387,846,6,0.296444,0.309933,0,0.000874,0.000828,4,0.000087,0,27,1,0.006143
49031,Piute County,,UT,84,1343,1427,0,0,0,0,0,0,0,0,0,0,0,0,173,0.00005,156,259,0,0
49033,Rich County,,UT,215,2032,2247,1,0,1,42,0,42,0,0,0,0,0.000072,0,4,0.000066,0,5,0,0.000629
49035,Salt Lake County,,UT,56892,1016222,1073114,157,186,343,38439,47009,85448,5,0.419887,0.462191,97719.528231,0.060061,0.069896,4,0.002068,0,27,0.28411,0.421809
49037,San Juan County,,UT,1209,8899,10108,5,7,12,587,691,1278,6,0.297386,0.311829,9.656052,0.001087,0.00111,4,0.000117,0,27,0.482143,0.007056
49039,Sanpete County,,UT,1959,22317,24276,7,8,15,1074,1291,2365,6,0.316254,0.332586,20.495495,0.001285,0.002093,4,0.000178,0,27,0.777778,0.009158
49041,Sevier County,,UT,1326,20036,21362,6,6,12,704,748,1452,6,0.316151,0.332184,18.257546,0.00197,0.002009,4,0.000149,0,27,0.966667,0.014894
49043,Summit County,,UT,3460,34105,37565,9,10,19,1948,1805,3753,6,0.340333,0.359853,166.845125,0.005327,0.005599,4,0.000152,0,27,0.872727,0.037382
49045,Tooele County,,UT,4326,51642,55968,11,10,21,3598,2793,6391,6,0.33827,0.357578,13.027812,0.005694,0.004636,4,0.000202,0,27,0.918182,0.042217
49047,Uintah County,,UT,1843,26031,27874,6,7,13,737,839,1576,6,0.316599,0.332931,230.049365,0.001062,0.002062,4,0.000133,0,27,0.553571,0.006947
49049,Utah County,,UT,31465,407954,439419,95,112,207,21732,23825,45557,5,0.392186,0.428507,26310.389647,0.035727,0.045537,4,0.001262,0,27,0.366065,0.256931
49051,Wasatch County,,UT,1692,17723,19415,4,5,9,1029,918,1947,6,0.297081,0.311025,0,0.001207,0.001141,4,0.000094,0,27,0.95,0.007764
49053,Washington County,,UT,7544,101154,108698,38,23,61,8698,5063,13761,6,0.342059,0.363576,5408.299612,0.012373,0.008732,4,0.000601,0,27,0.411538,0.091048
49055,Wayne County,,UT,242,2554,2796,1,0,1,50,0,50,0,0,0,0,0.000575,0,4,0.00006,0,26,0,0.003565
49057,Weber County,,UT,16764,222267,239031,32,24,56,11606,12071,23677,6,0.345193,0.3675,1163.360783,0.015358,0.01068,4,0.000448,0,27,0.615126,0.10944
50001,Addison County,,VT,2291,41947,44238,6,6,12,1182,1135,2317,6,0.264304,0.275043,8.843677,0.000242,0.000259,55,0.000159,0,27,0.547619,0.002178
50003,Bennington County,,VT,2576,42666,45242,7,7,14,828,992,1820,6,0.265246,0.276749,17.078306,0.00115,0.000474,111,0.000143,0,27,0.357143,0.006652
50005,Caledonia County,,VT,1752,34477,36229,7,8,15,1009,877,1886,6,0.264424,0.27556,697.584798,0.000291,0.000332,55,0.000183,0,27,0.535714,0.002425
50007,Chittenden County,,VT,11760,183539,195299,51,54,105,6426,6875,13301,5,0.358724,0.385919,42516.906518,0.022318,0.024129,55,0.000613,0,27,0.470602,0.136904
50009,Essex County,,VT,526,7330,7856,3,3,6,288,269,557,7,0.217352,0.224155,4.344363,0.000011,0.000021,55,0.000107,0,27,0.333333,0.000431
50011,Franklin County,,VT,2293,47281,49574,6,5,11,1442,1242,2684,6,0.264232,0.274756,8.467273,0.000219,0.000208,55,0.00017,0,27,0.47619,0.0019
50013,Grand Isle County,,VT,774,8509,9283,2,3,5,591,442,1033,6,0.26416,0.274354,0,0.0002,0.000193,55,0.000089,0,27,0.833333,0.001328
50015,Lamoille County,,VT,1919,26867,28786,6,5,11,894,927,1821,6,0.264184,0.274641,104.154033,0.001042,0.000208,55,0.000152,0,27,0.666667,0.00668
50017,Orange County,,VT,2247,32958,35205,6,6,12,1373,1385,2758,6,0.264376,0.275215,3.55185,0.000309,0.000319,55,0.000147,0,27,0.714286,0.002561
50019,Orleans County,,VT,1370,31151,32521,6,7,13,600,605,1205,6,0.264304,0.275158,1510.597865,0.000848,0.00025,55,0.000171,0,27,0.482143,0.00532
50021,Rutland County,,VT,3330,73634,76964,9,7,16,1287,1074,2361,6,0.264497,0.275618,167.782733,0.00173,0.000306,55,0.000185,0,27,0.481818,0.011017
50023,Washington County,,VT,4042,69172,73214,9,11,20,1935,1981,3916,6,0.297813,0.314575,590.974383,0.001601,0.001614,55,0.000201,0,27,0.423077,0.009797
50025,Windham County,,VT,3454,50704,54158,13,11,24,1359,1478,2837,6,0.300373,0.317201,102.469417,0.004715,0.002459,55,0.00017,0,27,0.533088,0.027197
50027,Windsor County,,VT,4616,68245,72861,20,13,33,2604,2333,4937,6,0.298058,0.315265,784.351137,0.004878,0.002335,55,0.000297,0,27,0.474308,0.027947
51001,Accomack County,,VA,1826,37699,39525,8,5,13,562,608,1170,6,0.293267,0.307383,251.663005,0.001929,0.000813,54,0.000189,0,27,0.392857,0.01407
51003,Albemarle County,,VA,10929,109506,120435,45,32,77,6856,6068,12924,5,0.354819,0.378674,33091.284077,0.018906,0.012148,54,0.000813,0,27,0.429469,0.135463
51005,Alleghany County,,VA,782,20095,20877,3,3,6,206,206,412,7,0.240308,0.248987,5866.243222,0.000008,0.000015,112,0.000194,0,27,0.166667,0.000297
51007,Amelia County,,VA,1021,14372,15393,6,7,13,831,712,1543,6,0.28176,0.29468,15.790193,0.000753,0.000984,54,0.000183,0,27,0.714286,0.007234
51009,Amherst County,,VA,2053,33935,35988,5,5,10,1287,1271,2558,7,0.237689,0.247033,26.975155,0.000042,0.000021,112,0.0002,0,27,0.55,0.0007
51011,Appomattox County,,VA,849,16394,17243,6,4,10,508,406,914,7,0.23732,0.246315,24.985545,0.000047,0.000013,112,0.000207,0,27,0.5,0.000828
51013,Arlington County,,VA,43843,203461,247304,126,94,220,29461,36742,66203,5,0.394265,0.428387,7737.99997,0.070479,0.053307,54,0.001314,0,27,0.544627,0.473285
51015,Augusta County,,VA,4535,96365,100900,12,10,22,3410,2392,5802,6,0.309012,0.326945,12896.32952,0.002125,0.002216,54,0.000352,0,27,0.397436,0.017831
51017,Bath County,,VA,436,5970,6406,0,2,2,0,102,102,6,0.301256,0.315685,0,0,0.000811,16,0.00005,0,260,0,0
51019,Bedford County,,VA,5706,83929,89635,13,12,25,4448,3655,8103,6,0.299257,0.315092,9705.413955,0.001348,0.000946,112,0.000362,0,27,0.366667,0.010894
51021,Bland County,,VA,282,7029,7311,2,1,3,122,67,189,8,0.17187,0.175169,42.157336,0.000008,0,21,0.000134,0,27,0,0.000216
51023,Botetourt County,,VA,2712,38992,41704,8,8,16,1916,1716,3632,6,0.258027,0.268143,6232.835812,0.000163,0.00012,112,0.000306,0,27,0.553571,0.00178
51025,Brunswick County,,VA,1052,18344,19396,4,5,9,467,473,940,6,0.26725,0.279208,835.535886,0.000259,0.000365,54,0.000135,0,27,0.4,0.002815
51027,Buchanan County,,VA,1178,22950,24128,4,4,8,309,537,846,7,0.24171,0.250203,93.347307,0.000001,0.000014,21,0.000193,0,27,0.5,0.00043
51029,Buckingham County,,VA,788,14461,15249,5,4,9,350,268,618,6,0.262202,0.27178,16.780988,0.000448,0.000177,54,0.000193,0,27,0.5,0.004586
51031,Campbell County,,VA,4739,63366,68105,8,12,20,3175,3272,6447,6,0.300217,0.316845,2208.738584,0.000121,0.001796,112,0.000265,0,27,0.348485,0.001464
51033,Caroline County,,VA,2192,28156,30348,11,9,20,2331,1360,3691,6,0.287655,0.302258,76.82312,0.003102,0.001759,54,0.000218,0,27,0.666667,0.024454
51035,Carroll County,,VA,1403,35781,37184,7,5,12,753,535,1288,6,0.257935,0.267459,10981.278703,0.000386,0.000056,112,0.000271,0,27,0.232143,0.003279
51036,Charles City County,,VA,777,9563,10340,5,5,10,404,444,848,6,0.281733,0.294393,0,0.000777,0.001067,54,0.000156,0,27,1,0.007719
51037,Charlotte County,,VA,782,14210,14992,3,5,8,248,385,633,7,0.231082,0.239179,12.29736,0.000029,0.000013,54,0.000124,0,27,0.366667,0.000415
51041,Chesterfield County,,VA,23740,334108,357848,98,77,175,21839,16965,38804,5,0.364081,0.395818,58278.8794,0.042761,0.02992,54,0.001439,0,27,0.377931,0.289341
51043,Clarke County,,VA,1184,14137,15321,6,4,10,1081,670,1751,6,0.27713,0.289119,0.567832,0.001828,0.000632,54,0.000162,0,27,0.857143,0.014776
51045,Craig County,,VA,315,5853,6168,2,1,3,115,86,201,7,0.240388,0.248792,0,0.000117,0.00004,112,0.000097,0,27,1,0.00086
51047,Culpeper County,,VA,3054,43492,46546,13,8,21,3156,1554,4710,6,0.305755,0.322366,1251.016933,0.003569,0.001878,54,0.000264,0,27,0.564103,0.026923
51049,Cumberland County,,VA,752,9813,10565,6,5,11,441,306,747,6,0.271909,0.283931,29.58196,0.000602,0.000561,54,0.000201,0,27,0.690476,0.005926
51051,Dickenson County,,VA,538,14881,15419,2,3,5,163,274,437,8,0.195117,0.200232,0,0,0.000001,21,0.000108,0,27,0.833333,0.000208
51053,Dinwiddie County,,VA,1867,26630,28497,9,8,17,1542,1262,2804,6,0.282391,0.295421,43.87435,0.000654,0.001027,54,0.000233,0,27,0.577778,0.006546
51057,Essex County,,VA,795,11550,12345,5,6,11,266,369,635,6,0.280805,0.293146,1383.851397,0.000353,0.000476,54,0.000193,0,27,0.375,0.003713
51059,Fairfax County,,VA,125962,1155564,1281526,290,305,595,95954,112749,208703,5,0.439612,0.49314,211082.264363,0.111264,0.110319,54,0.003484,0,27,0.198172,0.760737
51061,Fauquier County,,VA,5670,66494,72164,15,14,29,5190,3294,8484,6,0.306077,0.323601,1199.992418,0.004128,0.003107,54,0.000297,0,27,0.53268,0.033362
51063,Floyd County,,VA,922,16512,17434,3,6,9,443,483,926,6,0.257821,0.267425,67.229605,0.000118,0.0001,112,0.00013,0,27,0.466667,0.000973
51065,Fluvanna County,,VA,1917,22756,24673,8,5,13,1284,890,2174,6,0.280969,0.293318,103.062602,0.001659,0.000618,54,0.000228,0,27,0.553571,0.0136
51067,Franklin County,,VA,2636,57715,60351,10,9,19,1822,1493,3315,6,0.258211,0.268574,3601.064643,0.001383,0.000119,112,0.000275,0,27,0.401515,0.011043
51069,Frederick County,,VA,6287,86085,92372,21,16,37,5367,3735,9102,6,0.306562,0.324509,1639.574449,0.005257,0.002329,54,0.000451,0,27,0.409091,0.038687
51071,Giles County,,VA,900,18929,19829,4,4,8,453,422,875,6,0.258671,0.268034,1790.614941,0.000082,0.000044,112,0.000163,0,27,0.45,0.00075
51073,Gloucester County,,VA,2752,41181,43933,9,9,18,1685,1355,3040,6,0.295418,0.310267,2092.985848,0.001778,0.001709,175,0.000224,0,27,0.472727,0.01325
51075,Goochland County,,VA,1725,22383,24108,5,5,10,1580,1001,2581,6,0.281678,0.294278,0.177778,0.000775,0.001014,54,0.000149,0,27,0.95,0.007396
51077,Grayson County,,VA,933,20015,20948,3,3,6,315,376,691,7,0.207318,0.212877,425.952174,0.000001,0.000003,112,0.000175,0,27,0.333333,0.000372
51079,Greene County,,VA,1365,15375,16740,4,3,7,782,582,1364,6,0.262083,0.271406,0.75,0.000179,0.000193,54,0.000134,0,27,0.65,0.001815
51081,Greensville County,,VA,829,13244,14073,3,5,8,206,283,489,6,0.267546,0.279754,2980.030003,0.000021,0.000368,54,0.000107,0,27,0.15,0.000409
51083,Halifax County,,VA,1625,39067,40692,6,9,15,518,676,1194,6,0.299876,0.316006,1906.136334,0.00005,0.001939,54,0.000164,0,27,0.355556,0.000815
51085,Hanover County,,VA,6858,107277,114135,16,14,30,6056,4444,10500,6,0.312776,0.331817,527.443513,0.003348,0.003613,54,0.000357,0,27,0.426901,0.02761
51087,Henrico County,,VA,28865,325726,354591,117,91,208,25682,22691,48373,5,0.389919,0.423791,82241.446431,0.05093,0.04039,54,0.001767,0,27,0.36273,0.346494
51089,Henry County,,VA,3043,67754,70797,8,11,19,1480,1788,3268,6,0.284579,0.299035,4981.830598,0.000703,0.001297,112,0.000258,0,27,0.3,0.006409
51091,Highland County,,VA,159,2690,2849,0,0,0,0,0,0,0,0,0,0,0,0,174,0.00005,157,261,0,0
51093,Isle of Wight County,,VA,2534,36437,38971,11,11,22,2231,1593,3824,6,0.295869,0.311059,1041.787844,0.002094,0.002233,175,0.000274,0,27,0.606061,0.015632
51095,James City County,,VA,5652,71064,76716,29,15,44,4500,2535,7035,6,0.30944,0.328054,1224.523703,0.011057,0.004172,175,0.00047,0,27,0.464368,0.078307
51097,King and Queen County,,VA,499,6829,7328,6,2,8,401,155,556,6,0.280588,0.292227,3.646152,0.000395,0.000425,54,0.000213,0,27,0.5,0.003879
51099,King George County,,VA,2380,20573,22953,12,9,21,1892,1096,2988,6,0.331922,0.350057,479.294778,0.004959,0.003156,54,0.000219,0,27,0.69697,0.037042
51101,King William County,,VA,1117,16451,17568,6,6,12,829,680,1509,6,0.28176,0.294565,16.36809,0.000771,0.001088,54,0.000241,0,27,0.595238,0.007387
51103,Lancaster County,,VA,758,14010,14768,2,3,5,143,199,342,6,0.280724,0.292629,12.937714,0.00091,0.000438,54,0.000096,0,27,0.5,0.006505
51105,Lee County,,VA,691,21394,22085,3,4,7,264,228,492,7,0.241087,0.249502,44.651443,0.000008,0.000017,21,0.000127,0,27,0.4,0.000354
51107,Loudoun County,,VA,25175,255266,280441,123,89,212,35931,17724,53655,5,0.38292,0.416379,18534.565504,0.065603,0.046311,54,0.00139,0,27,0.472526,0.441585
51109,Louisa County,,VA,1840,27830,29670,12,9,21,1734,1034,2768,6,0.282089,0.295599,44.106077,0.002472,0.001321,54,0.000273,0,27,0.628205,0.020437
51111,Lunenburg County,,VA,727,11696,12423,5,5,10,327,319,646,6,0.264569,0.27529,96.599278,0.000262,0.000211,54,0.00016,0,27,0.547619,0.002946
51113,Madison County,,VA,929,13006,13935,3,4,7,379,446,825,6,0.262154,0.271694,2.770099,0.000132,0.00021,54,0.000126,0,27,0.666667,0.001788
51115,Mathews County,,VA,590,9627,10217,2,2,4,167,222,389,7,0.228659,0.235554,0,0.000364,0.000023,175,0.000082,0,27,1,0.00251
51117,Mecklenburg County,,VA,1799,31984,33783,7,7,14,670,691,1361,6,0.281952,0.295053,3155.626311,0.000755,0.000971,54,0.000188,0,27,0.380952,0.007248
51119,Middlesex County,,VA,783,10750,11533,7,4,11,453,227,680,6,0.287,0.299874,926.696197,0.000976,0.000761,54,0.000198,0,27,0.357143,0.008433
51121,Montgomery County,,VA,7544,70978,78522,22,27,49,2742,3601,6343,5,0.346554,0.368976,46404.996891,0.005187,0.009782,112,0.000547,0,27,0.368952,0.041533
51125,Nelson County,,VA,1143,15391,16534,4,4,8,497,546,1043,6,0.262273,0.271837,157.352688,0.00012,0.000174,54,0.00017,0,27,0.5,0.00165
51127,New Kent County,,VA,1199,16865,18064,8,6,14,1267,757,2024,6,0.28176,0.294565,4.86402,0.001255,0.001091,54,0.0002,0,27,0.75,0.011087
51131,Northampton County,,VA,688,13619,14307,2,2,4,251,232,483,6,0.293001,0.306521,0,0.000644,0.000715,54,0.000094,0,27,1,0.004983
51133,Northumberland County,,VA,734,12905,13639,5,4,9,349,227,576,6,0.280751,0.292801,2246.789389,0.001404,0.000429,54,0.000168,0,27,0.428571,0.010723
51135,Nottoway County,,VA,1080,15470,16550,6,6,12,449,538,987,6,0.271935,0.284103,12.808176,0.000427,0.000564,54,0.000191,0,27,0.566667,0.004474
51137,Orange County,,VA,2567,32155,34722,14,10,24,2320,1301,3621,6,0.306013,0.323055,811.760027,0.002909,0.002039,54,0.000305,0,27,0.483516,0.02313
51139,Page County,,VA,1169,28812,29981,7,4,11,617,562,1179,7,0.235375,0.243736,4.688755,0.001479,0.000061,54,0.000195,0,27,0.738095,0.011552
51141,Patrick County,,VA,839,17137,17976,3,4,7,364,377,741,7,0.23365,0.241972,13.628829,0.000028,0.000036,112,0.000111,0,27,0.2,0.000457
51143,Pittsylvania County,,VA,3797,80536,84333,8,11,19,2306,2321,4627,6,0.284078,0.298173,635.969034,0.000457,0.000851,112,0.000197,0,27,0.363636,0.004353
51145,Powhatan County,,VA,1406,23562,24968,5,6,11,1422,870,2292,6,0.281678,0.294393,6.376338,0.000747,0.001005,54,0.000158,0,27,0.766667,0.007105
51147,Prince Edward County,,VA,1202,15273,16475,9,8,17,640,603,1243,6,0.281678,0.29476,2090.363343,0.000423,0.000789,54,0.000302,0,27,0.355556,0.004791
51149,Prince George County,,VA,5456,34396,39852,15,15,30,2679,2753,5432,6,0.319247,0.339124,3914.703934,0.004625,0.004309,54,0.000283,0,27,0.477941,0.033649
51153,Prince William County,,VA,47262,377848,425110,143,131,274,47553,37038,84591,5,0.394426,0.432868,33172.449631,0.069202,0.059647,54,0.001674,0,27,0.35486,0.475606
51155,Pulaski County,,VA,1920,37505,39425,7,7,14,1209,1049,2258,6,0.25805,0.267862,3365.891295,0.000119,0.000098,112,0.000275,0,27,0.392857,0.001389
51157,Rappahannock County,,VA,615,7921,8536,4,3,7,322,232,554,7,0.234462,0.24226,0.674242,0.000966,0.000084,54,0.000132,0,27,0.833333,0.007273
51159,Richmond County,,VA,593,8647,9240,3,3,6,230,253,483,7,0.220642,0.227014,1.465909,0.000011,0.000035,54,0.000142,0,27,0.666667,0.000544
51161,Roanoke County,,VA,9643,116556,126199,23,18,41,6903,6393,13296,6,0.316427,0.337045,23113.270131,0.004808,0.004487,112,0.000611,0,27,0.338333,0.038105
51163,Rockbridge County,,VA,1587,27986,29573,4,5,9,490,538,1028,7,0.240807,0.250217,11715.648815,0.000019,0.000058,54,0.000279,0,27,0.1,0.000545
51165,Rockingham County,,VA,5459,93976,99435,14,13,27,3109,3151,6260,6,0.307212,0.325215,14911.550484,0.002103,0.002285,54,0.000421,0,27,0.330882,0.017574
51167,Russell County,,VA,1282,28167,29449,5,7,12,710,833,1543,7,0.24181,0.250835,746.097919,0.000002,0.000015,21,0.000239,0,27,0.452381,0.000524
51169,Scott County,,VA,984,23778,24762,4,4,8,548,640,1188,7,0.241147,0.249542,15.708206,0.000031,0.000018,21,0.000174,0,27,0.5,0.000583
51171,Shenandoah County,,VA,2092,43483,45575,9,10,19,1579,1058,2637,6,0.306271,0.323245,641.942122,0.001873,0.001639,54,0.000249,0,27,0.568182,0.015574
51173,Smyth County,,VA,1623,38896,40519,3,4,7,525,662,1187,7,0.24181,0.250461,1406.915265,0,0.000014,21,0.000207,0,27,0.3,0.000319
51175,Southampton County,,VA,1100,19395,20495,8,3,11,880,375,1255,6,0.250108,0.258216,319.362864,0.001799,0.000084,175,0.00018,0,27,0.803571,0.01322
51177,Spotsylvania County,,VA,11683,121032,132715,38,33,71,11014,7545,18559,5,0.346678,0.37047,2505.963475,0.015552,0.014405,54,0.000563,0,27,0.534884,0.109146
51179,Stafford County,,VA,15309,118500,133809,51,44,95,13773,10050,23823,5,0.350574,0.376227,4538.510069,0.024289,0.019165,54,0.000679,0,27,0.471972,0.173203
51181,Surry County,,VA,566,7080,7646,5,3,8,285,229,514,6,0.279345,0.290963,211.093818,0.000618,0.000342,175,0.000138,0,27,0.55,0.004891
51183,Sussex County,,VA,722,9258,9980,3,6,9,188,375,563,6,0.268139,0.280265,104.339546,0.000041,0.000407,54,0.000124,0,27,0.433333,0.000601
51185,Tazewell County,,VA,2050,41959,44009,6,6,12,1022,827,1849,6,0.259365,0.269447,954.443649,0.000008,0.000083,21,0.000267,0,27,0.25,0.000634
51187,Warren County,,VA,2830,36612,39442,13,10,23,2142,1702,3844,6,0.305884,0.322797,1703.187714,0.002489,0.002166,54,0.000307,0,27,0.516484,0.021291
51191,Washington County,,VA,3106,55789,58895,10,7,17,2039,1688,3727,7,0.242194,0.251357,7374.019526,0.00005,0.000044,21,0.000408,0,27,0.322222,0.00139
51193,Westmoreland County,,VA,1271,17443,18714,9,6,15,747,581,1328,6,0.261257,0.271958,2365.46391,0.00245,0.000383,54,0.000205,0,27,0.5,0.018292
51195,Wise County,,VA,1718,39146,40864,6,8,14,727,896,1623,7,0.241589,0.250754,10569.528468,0.000028,0.000045,21,0.000273,0,27,0.303571,0.000728
51197,Wythe County,,VA,1443,27427,28870,5,5,10,552,601,1153,7,0.207526,0.213675,3259.83388,0.000001,0.000004,21,0.000337,0,27,0.2,0.000527
51199,York County,,VA,9061,61256,70317,26,26,52,5471,4970,10441,5,0.348009,0.37109,2569.77338,0.010992,0.01195,175,0.000413,0,27,0.528409,0.083059
51510,Alexandria city,,VA,33044,129928,162972,84,66,150,21966,27348,49314,5,0.383426,0.414179,3153.796495,0.052293,0.040087,54,0.000894,0,27,0.63114,0.354177
51515,Bedford city,,VA,316,3728,4044,1,2,3,103,154,257,7,0.237145,0.245539,0,0.000008,0.000019,112,0.000076,0,27,1,0.000197
51520,Bristol city,,VA,1834,15158,16992,3,3,6,1298,1273,2571,7,0.241408,0.249663,1.398558,0.000028,0.000044,21,0.00016,0,27,0.75,0.000465
51530,Buena Vista city,,VA,525,5016,5541,1,1,2,159,220,379,8,0.194086,0.198811,0,0,0,54,0.000098,0,27,0,0.0001
51540,Charlottesville city,,VA,5272,21989,27261,6,15,21,1805,3150,4955,5,0.346802,0.367856,495.942835,0.00244,0.007392,54,0.000157,0,27,0.6375,0.017849
51550,Chesapeake city,,VA,23193,226855,250048,67,59,126,20064,16791,36855,5,0.370877,0.400666,9568.059178,0.03435,0.029193,175,0.000852,0,27,0.520411,0.238555
51570,Colonial Heights city,,VA,2100,18691,20791,7,7,14,1536,1422,2958,6,0.282363,0.295249,0.15067,0.0008,0.001022,54,0.000187,0,27,0.97619,0.007653
51580,Covington city,,VA,367,5986,6353,1,1,2,84,108,192,8,0.193762,0.198217,0,0,0,112,0.000105,0,27,0,0.000096
51590,Danville city,,VA,2953,37073,40026,5,6,11,1456,1779,3235,6,0.281705,0.294766,372.254692,0.000417,0.000508,112,0.000134,0,27,0.7,0.0038
51595,Emporia city,,VA,274,3447,3721,1,0,1,48,0,48,0,0,0,0,0.000003,0,54,0.000069,0,9,0,0.000097
51600,Fairfax city,,VA,3134,17609,20743,6,7,13,1794,2241,4035,6,0.308158,0.324428,0.432131,0.003353,0.003829,54,0.000116,0,27,0.928571,0.025815
51610,Falls Church city,,VA,1866,9381,11247,5,5,10,987,1146,2133,6,0.306433,0.322561,0,0.002646,0.003307,54,0.000107,0,27,1,0.021335
51620,Franklin city,,VA,651,7483,8134,2,3,5,286,305,591,6,0.250108,0.258216,0,0.000043,0.000099,175,0.000124,0,27,1,0.000775
51630,Fredericksburg city,,VA,3835,13257,17092,8,8,16,2338,2656,4994,6,0.306368,0.3234,15.271884,0.002538,0.00232,54,0.000174,0,27,0.763889,0.018857
51640,Galax city,,VA,155,1914,2069,0,1,1,0,44,44,7,0.205103,0.209772,0,0,0.000003,112,0.00005,0,262,0,0
51650,Hampton city,,VA,18683,141450,160133,50,48,98,11347,12690,24037,5,0.367727,0.39549,4944.498344,0.025318,0.025752,175,0.000641,0,27,0.585337,0.179744
51660,Harrisonburg city,,VA,3115,15208,18323,5,6,11,1521,1743,3264,6,0.306595,0.323417,666.485082,0.000958,0.001536,54,0.00018,0,27,0.690476,0.00723
51670,Hopewell city,,VA,2693,22239,24932,7,7,14,1670,1854,3524,6,0.282363,0.295249,0.15067,0.0008,0.001022,54,0.000187,0,27,0.97619,0.007653
51678,Lexington city,,VA,282,2377,2659,1,1,2,50,47,97,8,0.194086,0.198811,0,0,0,54,0.000098,0,27,0,0.0001
51680,Lynchburg city,,VA,5494,49997,55491,10,10,20,2666,3339,6005,6,0.305497,0.323716,7249.519186,0.000959,0.002122,112,0.000298,0,27,0.358974,0.008399
51683,Manassas city,,VA,4294,24855,29149,8,10,18,3077,3098,6175,6,0.305787,0.322653,2.24881,0.00262,0.003034,54,0.000155,0,27,0.734848,0.021528
51685,Manassas Park city,,VA,1903,9594,11497,6,7,13,1768,1410,3178,6,0.30569,0.322136,0.325,0.00257,0.002128,54,0.000121,0,27,0.805556,0.020885
51690,Martinsville city,,VA,878,10298,11176,2,1,3,386,470,856,7,0.221552,0.227977,0,0.000012,0.000006,112,0.000096,0,27,1,0.000344
51700,Newport News city,,VA,27349,186196,213545,82,87,169,16913,18172,35085,5,0.38711,0.420039,26239.223686,0.039424,0.042629,175,0.001057,0,27,0.452233,0.274701
51710,Norfolk city,,VA,34113,213622,247735,88,105,193,21156,24685,45841,5,0.392133,0.427663,8772.273709,0.047584,0.052783,175,0.001031,0,27,0.481285,0.332009
51720,Norton city,,VA,440,3809,4249,1,1,2,195,205,400,8,0.194594,0.199099,0,0,0,21,0.000079,0,27,0,0.000106
51730,Petersburg city,,VA,3544,31671,35215,8,8,16,1827,2281,4108,6,0.293001,0.30825,51.443902,0.000798,0.001618,54,0.000205,0,27,0.708333,0.007749
51735,Poquoson city,,VA,1284,13823,15107,3,5,8,539,722,1261,6,0.280887,0.292974,0,0.00066,0.000728,175,0.000086,0,27,1,0.004608
51740,Portsmouth city,,VA,12076,99157,111233,15,22,37,7718,8361,16079,6,0.340094,0.361588,266.636449,0.007416,0.00917,175,0.000226,0,27,0.611667,0.051691
51750,Radford city,,VA,1681,10368,12049,2,4,6,578,750,1328,6,0.257867,0.267086,0,0.000081,0.000058,112,0.000101,0,27,0.75,0.000554
51760,Richmond city,,VA,22830,157655,180485,67,50,117,15012,18486,33498,5,0.358901,0.385982,20573.390041,0.023808,0.018986,54,0.001088,0,27,0.354452,0.166494
51770,Roanoke city,,VA,9265,84164,93429,17,15,32,5911,6557,12468,6,0.316013,0.336068,10475.391521,0.001694,0.004362,112,0.000458,0,27,0.347619,0.013231
51775,Salem city,,VA,2492,20349,22841,6,6,12,1472,1732,3204,6,0.25789,0.267569,1.428662,0.000163,0.00012,112,0.000207,0,27,0.966667,0.001589
51790,Staunton city,,VA,1463,14688,16151,4,4,8,745,839,1584,6,0.26232,0.271912,0,0.000138,0.000191,54,0.000164,0,27,1,0.001794
51800,Suffolk city,,VA,6883,78531,85414,22,15,37,6814,4174,10988,5,0.333218,0.352706,10232.785856,0.008114,0.005201,175,0.000395,0,27,0.55336,0.059555
51810,Virginia Beach city,,VA,53422,475520,528942,197,176,373,39860,39502,79362,5,0.414133,0.456509,75454.388921,0.085035,0.077538,175,0.002397,0,27,0.310972,0.577288
51820,Waynesboro city,,VA,1776,16859,18635,5,5,10,1098,1094,2192,6,0.262368,0.272142,6.866105,0.00014,0.000192,54,0.0002,0,27,0.8,0.001899
51830,Williamsburg city,,VA,866,4009,4875,2,3,5,286,382,668,6,0.279668,0.291279,0,0.000385,0.000505,175,0.000087,0,27,1,0.003033
51840,Winchester city,,VA,2885,16871,19756,10,8,18,1806,1937,3743,6,0.306045,0.32267,664.927378,0.001882,0.001605,54,0.000262,0,27,0.655556,0.015959
53001,Adams County,,WA,1572,18808,20380,4,6,10,494,876,1370,6,0.331505,0.349483,8.626281,0.000438,0.001878,4,0.000102,0,27,0.666667,0.003707
53003,Asotin County,,WA,2037,22192,24229,7,8,15,1255,1168,2423,6,0.331505,0.34973,2169.24446,0.001301,0.002499,4,0.000166,0,27,0.722222,0.010418
53005,Benton County,,WA,12289,168636,180925,45,39,84,8629,8722,17351,6,0.347259,0.371521,3906.273941,0.01541,0.013027,4,0.000606,0,27,0.491765,0.111933
53007,Chelan County,,WA,5648,72260,77908,19,17,36,4003,3902,7905,6,0.340533,0.360749,221.949513,0.00812,0.006064,4,0.000273,0,27,0.761905,0.060112
53009,Clallam County,,WA,3879,72515,76394,20,16,36,2440,1914,4354,6,0.337012,0.35694,100.89026,0.01027,0.005336,4,0.000273,0,27,0.780632,0.075201
53011,Clark County,,WA,23197,413039,436236,90,79,169,26141,16850,42991,6,0.361405,0.393209,6303.827151,0.031386,0.027435,4,0.001135,0,27,0.404545,0.229295
53013,Columbia County,,WA,480,5234,5714,1,1,2,160,168,328,7,0.249334,0.256976,0,0.000033,0.000045,4,0.000069,0,27,0,0.000428
53015,Cowlitz County,,WA,5543,99266,104809,24,25,49,4150,3627,7777,6,0.338427,0.359841,4910.870922,0.007282,0.008568,4,0.000354,0,27,0.701058,0.054179
53017,Douglas County,,WA,3394,34665,38059,8,8,16,2935,2401,5336,6,0.311166,0.327077,0.125,0.002306,0.002136,4,0.000143,0,27,0.982143,0.016046
53019,Ferry County,,WA,799,7759,8558,4,3,7,340,319,659,6,0.272267,0.28435,0.25,0.001499,0.000297,4,0.000104,0,27,0.9,0.010841
53021,Franklin County,,WA,4813,55784,60597,12,12,24,4927,3481,8408,6,0.323267,0.34121,163.450585,0.003806,0.003596,4,0.000193,0,27,0.708791,0.027095
53023,Garfield County,,WA,80,1042,1122,0,0,0,0,0,0,0,0,0,0,0,0,176,0.00005,158,263,0,0
53025,Grant County,,WA,4848,75892,80740,17,21,38,2546,2841,5387,6,0.339616,0.360399,290.818685,0.003991,0.00632,4,0.000264,0,27,0.616601,0.029471
53027,Grays Harbor County,,WA,3798,69443,73241,16,16,32,2641,2367,5008,6,0.337012,0.35694,47.686884,0.00576,0.005375,4,0.000235,0,27,0.833333,0.041729
53029,Island County,,WA,9868,79773,89641,32,29,61,6480,5446,11926,6,0.350066,0.373595,154.440267,0.01553,0.01398,4,0.000407,0,27,0.630904,0.114412
53031,Jefferson County,,WA,2154,29504,31658,7,7,14,1186,1018,2204,6,0.310932,0.326859,0.104211,0.002756,0.002374,4,0.000125,0,27,0.964286,0.019696
53033,King County,,WA,124957,1994798,2119755,295,285,580,101749,111134,212883,5,0.442023,0.492388,170409.377588,0.106686,0.102034,4,0.003591,0,27,0.209882,0.733912
53035,Kitsap County,,WA,21655,264432,286087,74,67,141,14889,14496,29385,5,0.370214,0.400448,2326.261109,0.031841,0.029273,4,0.000851,0,27,0.462092,0.22851
53037,Kittitas County,,WA,2896,32490,35386,11,12,23,2132,1791,3923,6,0.332645,0.351471,0.449985,0.002884,0.003955,4,0.000176,0,27,0.94697,0.021111
53039,Klickitat County,,WA,1592,19888,21480,8,8,16,831,738,1569,6,0.307994,0.323796,65.977646,0.001735,0.001903,4,0.000164,0,27,0.597222,0.013516
53041,Lewis County,,WA,4780,74104,78884,16,17,33,3492,2967,6459,6,0.334679,0.354435,116.029085,0.004992,0.005553,4,0.000241,0,27,0.728947,0.037327
53043,Lincoln County,,WA,751,11255,12006,4,1,5,438,292,730,6,0.272215,0.284006,0,0.001537,0.000251,4,0.000094,0,27,1,0.010907
53045,Mason County,,WA,4166,55677,59843,11,11,22,4004,2910,6914,6,0.336621,0.355791,3.751032,0.004838,0.004695,4,0.000169,0,27,0.929487,0.034596
53047,Okanogan County,,WA,2161,39334,41495,9,9,18,1144,1055,2199,6,0.311199,0.327249,90.910791,0.0023,0.0023,4,0.000177,0,27,0.822222,0.016634
53049,Pacific County,,WA,1390,20546,21936,11,9,20,863,667,1530,6,0.310699,0.326772,1054.412388,0.002891,0.001982,4,0.000196,0,27,0.736364,0.020866
53051,Pend Oreille County,,WA,1487,15558,17045,5,5,10,905,994,1899,6,0.30757,0.322854,0.533333,0.001511,0.001366,4,0.000135,0,27,0.866667,0.01139
53053,Pierce County,,WA,58678,789636,848314,151,187,338,45243,45859,91102,5,0.422086,0.464369,37443.145068,0.056948,0.071526,4,0.001872,0,27,0.285811,0.409167
53055,San Juan County,,WA,1053,15902,16955,5,4,9,498,383,881,6,0.307147,0.322222,0,0.002534,0.001455,4,0.000108,0,27,1,0.018371
53057,Skagit County,,WA,8073,124837,132910,26,22,48,6370,5077,11447,6,0.341817,0.362932,194.697772,0.011531,0.00994,4,0.000358,0,27,0.723545,0.085814
53059,Skamania County,,WA,734,9163,9897,4,4,8,499,377,876,6,0.288772,0.302068,0.142857,0.000734,0.000795,4,0.000107,0,27,0.916667,0.005992
53061,Snohomish County,,WA,49294,700386,749680,100,128,228,41911,40447,82358,5,0.39389,0.431742,14469.362099,0.03887,0.048337,4,0.001229,0,27,0.334839,0.280454
53063,Spokane County,,WA,24442,470252,494694,105,96,201,19681,17821,37502,5,0.373985,0.408405,31347.948657,0.030478,0.030313,4,0.001595,0,27,0.313493,0.226142
53065,Stevens County,,WA,2649,36656,39305,8,7,15,1549,1524,3073,6,0.308158,0.32375,88.690601,0.003305,0.001721,4,0.000167,0,27,0.722222,0.023166
53067,Thurston County,,WA,17796,243859,261655,58,51,109,15126,12478,27604,5,0.357266,0.384781,1487.265662,0.024201,0.020376,4,0.000693,0,27,0.53249,0.17349
53069,Wahkiakum County,,WA,266,3563,3829,2,2,4,119,128,247,7,0.252899,0.261328,0,0.000087,0.000084,4,0.000081,0,27,1,0.000815
53071,Walla Walla County,,WA,3724,53793,57517,16,13,29,2248,2020,4268,6,0.332112,0.351195,5895.358537,0.005463,0.004061,4,0.000281,0,27,0.676471,0.039891
53073,Whatcom County,,WA,10852,180319,191171,49,32,81,8703,6812,15515,6,0.343517,0.366494,612.267448,0.019941,0.012782,4,0.000606,0,27,0.58898,0.143791
53075,Whitman County,,WA,4463,32738,37201,18,20,38,2204,2529,4733,6,0.340453,0.361462,253.594284,0.005555,0.007177,4,0.000294,0,27,0.725296,0.04214
53077,Yakima County,,WA,10025,238717,248742,37,40,77,5572,6480,12052,6,0.343761,0.367701,670.54015,0.012472,0.013606,4,0.000493,0,27,0.510101,0.091523
54001,Barbour County,,WV,826,15982,16808,4,5,9,319,396,715,7,0.23853,0.247528,24.394068,0.000009,0.000024,127,0.000229,0,27,0.633333,0.000464
54003,Berkeley County,,WV,5020,100603,105623,24,14,38,6331,2419,8750,6,0.310168,0.327755,3851.498983,0.006251,0.002678,54,0.000474,0,27,0.425,0.046361
54005,Boone County,,WV,1388,28900,30288,4,7,11,587,837,1424,6,0.259504,0.269884,6.790519,0.000091,0.000051,127,0.000156,0,27,0.619048,0.000722
54007,Braxton County,,WV,591,14416,15007,4,3,7,211,154,365,6,0.259272,0.268936,2960.16107,0.000083,0.000037,127,0.000193,0,27,0.25,0.000678
54009,Brooke County,,WV,1611,33997,35608,6,6,12,999,853,1852,6,0.296808,0.312071,12.333601,0.000858,0.000768,127,0.000142,0,27,0.642857,0.005581
54011,Cabell County,,WV,6354,99769,106123,17,15,32,4142,3609,7751,6,0.320872,0.340888,7982.266398,0.001169,0.002757,127,0.000544,0,27,0.251462,0.009276
54013,Calhoun County,,WV,325,7214,7539,1,1,2,49,44,93,7,0.234084,0.241097,2.2,0,0.000008,127,0.000082,0,27,0,0.000096
54015,Clay County,,WV,455,9401,9856,1,1,2,107,173,280,6,0.259157,0.268419,0,0.000083,0.000036,127,0.000072,0,27,0,0.000388
54017,Doddridge County,,WV,408,6030,6438,2,2,4,159,187,346,7,0.231524,0.239093,28.402945,0.000009,0.000007,127,0.000195,0,27,0,0.000259
54019,Fayette County,,WV,2552,48094,50646,5,5,10,946,1159,2105,6,0.259481,0.269597,487.092161,0.000092,0.000048,127,0.000212,0,27,0.566667,0.000821
54021,Gilmer County,,WV,376,5503,5879,0,2,2,0,117,117,7,0.206533,0.211679,0,0,0.000001,127,0.00005,0,264,1,0
54023,Grant County,,WV,644,13664,14308,3,2,5,311,199,510,8,0.191044,0.195573,2955.522161,0.000001,0,54,0.000172,0,27,0.166667,0.00029
54025,Greenbrier County,,WV,1542,35061,36603,6,4,10,433,386,819,6,0.259365,0.269223,2817.541279,0.000015,0.000039,127,0.000236,0,27,0.428571,0.000626
54027,Hampshire County,,WV,1301,23665,24966,6,7,13,679,662,1341,7,0.23767,0.24666,1468.975146,0.000647,0.000143,54,0.000209,0,27,0.357143,0.005187
54029,Hancock County,,WV,1689,34164,35853,6,7,13,1097,852,1949,6,0.296777,0.312157,4.207893,0.000904,0.000785,127,0.000127,0,27,0.666667,0.005672
54031,Hardy County,,WV,784,14534,15318,3,4,7,327,337,664,7,0.236103,0.24454,4057.974396,0.00002,0.000023,54,0.000177,0,27,0.25,0.000482
54033,Harrison County,,WV,3387,78239,81626,11,11,22,1528,1462,2990,6,0.301184,0.318425,23444.914415,0.000887,0.001095,127,0.000495,0,27,0.219697,0.006494
54035,Jackson County,,WV,1287,31728,33015,4,4,8,669,503,1172,6,0.259458,0.269453,13.783333,0.000091,0.000052,127,0.000178,0,27,0.5,0.000803
54037,Jefferson County,,WV,3738,48766,52504,11,7,18,3241,2044,5285,6,0.308453,0.324802,55.380328,0.004128,0.002571,54,0.000223,0,27,0.790909,0.030097
54039,Kanawha County,,WV,9743,225000,234743,27,34,61,5132,5497,10629,5,0.349771,0.374451,97879.467106,0.004403,0.010101,127,0.000855,0,27,0.217639,0.032642
54041,Lewis County,,WV,843,19550,20393,4,3,7,422,403,825,7,0.231617,0.239438,216.985678,0.000009,0.000008,127,0.000207,0,27,0.25,0.000449
54043,Lincoln County,,WV,1058,21267,22325,5,6,11,678,742,1420,6,0.259481,0.269683,13.051432,0.000111,0.000055,127,0.000181,0,27,0.566667,0.0009
54045,Logan County,,WV,1438,32081,33519,5,5,10,505,701,1206,6,0.259528,0.269614,252.615631,0.000084,0.000047,127,0.000168,0,27,0.5,0.000795
54047,McDowell County,,WV,1157,18728,19885,3,4,7,217,557,774,7,0.232919,0.240719,4128.05408,0.000061,0.000002,21,0.000125,0,27,0.25,0.001127
54049,Marion County,,WV,2903,63108,66011,9,7,16,1247,1305,2552,6,0.261234,0.272211,5335.446783,0.000113,0.000067,127,0.000389,0,27,0.333333,0.001425
54051,Marshall County,,WV,1563,37757,39320,3,6,9,841,865,1706,6,0.297234,0.312731,3814.166256,0.000025,0.000732,127,0.000136,0,27,0.433333,0.000471
54053,Mason County,,WV,1351,27641,28992,7,6,13,979,723,1702,6,0.259551,0.269855,662.089923,0.000886,0.000061,127,0.000237,0,27,0.47619,0.006343
54055,Mercer County,,WV,2895,62367,65262,8,10,18,1112,1017,2129,6,0.302597,0.318712,14607.532315,0.000092,0.000922,21,0.000305,0,27,0.204545,0.00112
54057,Mineral County,,WV,1423,30015,31438,4,5,9,701,791,1492,7,0.239435,0.248803,3532.487471,0.000013,0.0001,54,0.000187,0,27,0.309524,0.000693
54059,Mingo County,,WV,1342,24883,26225,3,7,10,383,712,1095,6,0.259853,0.270476,2582.789338,0.000002,0.000056,26,0.000165,0,27,0.214286,0.000375
54061,Monongalia County,,WV,5647,75605,81252,20,15,35,2375,2145,4520,6,0.312003,0.33119,27475.565325,0.001914,0.001766,127,0.00066,0,27,0.178947,0.014112
54063,Monroe County,,WV,586,12985,13571,4,4,8,333,255,588,7,0.232433,0.239926,50.862991,0.000008,0.000002,127,0.000193,0,27,0.416667,0.000417
54065,Morgan County,,WV,858,15936,16794,5,3,8,442,356,798,7,0.240747,0.249608,3.40676,0.000702,0.000148,54,0.000153,0,27,0.7,0.005566
54067,Nicholas County,,WV,1118,26688,27806,4,5,9,323,385,708,6,0.259342,0.269338,5857.416667,0.000084,0.000039,127,0.00024,0,27,0.4,0.000686
54069,Ohio County,,WV,2655,50693,53348,8,8,16,1898,1441,3339,6,0.307864,0.325014,2338.904756,0.001627,0.001519,127,0.000179,0,27,0.541667,0.010981
54071,Pendleton County,,WV,583,8966,9549,1,2,3,40,107,147,7,0.235108,0.24292,1418.103917,0,0.000017,54,0.000124,0,27,0,0.000096
54073,Pleasants County,,WV,389,8752,9141,2,3,5,228,243,471,7,0.234178,0.241643,4.204836,0.000013,0.00002,127,0.000126,0,27,0.666667,0.000355
54075,Pocahontas County,,WV,427,9488,9915,0,2,2,0,93,93,7,0.206842,0.212288,0,0,0,127,0.00005,0,265,0,0
54077,Preston County,,WV,1267,32701,33968,5,4,9,694,565,1259,7,0.238138,0.246764,94.985797,0.000022,0.000029,127,0.000239,0,27,0.4,0.000809
54079,Putnam County,,WV,3701,51743,55444,6,6,12,2730,2154,4884,6,0.268561,0.280765,75.689807,0.000122,0.00049,127,0.000218,0,27,0.47619,0.001178
54081,Raleigh County,,WV,3479,78228,81707,10,10,20,1464,1216,2680,6,0.302219,0.318287,8096.731144,0.000184,0.000905,127,0.000353,0,27,0.257576,0.001853
54083,Randolph County,,WV,1134,31169,32303,5,4,9,474,301,775,7,0.237962,0.246517,6263.744793,0.000015,0.000016,127,0.000285,0,27,0.15,0.000614
54085,Ritchie County,,WV,656,12394,13050,4,2,6,284,243,527,7,0.234084,0.241241,42.538616,0.000007,0.000008,127,0.000249,0,27,0.333333,0.000448
54087,Roane County,,WV,684,14533,15217,2,3,5,194,296,490,6,0.259226,0.268821,2952,0.000083,0.000037,127,0.00011,0,27,0.333333,0.000491
54089,Summers County,,WV,647,10258,10905,3,4,7,187,327,514,7,0.232732,0.240438,14.717357,0.000015,0.000002,127,0.000147,0,27,0.75,0.000336
54091,Taylor County,,WV,708,14469,15177,4,5,9,427,458,885,7,0.238589,0.247585,29.878326,0.000024,0.000024,127,0.000224,0,27,0.7,0.000618
54093,Tucker County,,WV,393,7720,8113,1,1,2,50,120,170,8,0.192234,0.196611,0,0,0,127,0.000111,0,27,0,0.000103
54095,Tyler County,,WV,491,9760,10251,1,1,2,179,160,339,8,0.191132,0.19539,0,0,0,127,0.000092,0,27,0,0.000096
54097,Upshur County,,WV,983,22365,23348,4,5,9,379,393,772,7,0.23182,0.240078,28.827212,0.000009,0.000008,127,0.000247,0,27,0.45,0.000462
54099,Wayne County,,WV,2103,39420,41523,7,5,12,1515,1233,2748,7,0.244151,0.253555,5536.127309,0.000799,0.000026,127,0.000264,0,27,0.380952,0.006076
54101,Webster County,,WV,336,8695,9031,1,1,2,72,91,163,7,0.205949,0.210788,0,0,0.000001,127,0.000091,0,27,0,0.000102
54103,Wetzel County,,WV,839,18782,19621,3,4,7,284,333,617,7,0.236276,0.244559,5890.100101,0.000007,0.000001,127,0.000195,0,27,0,0.000306
54105,Wirt County,,WV,499,7150,7649,1,2,3,308,335,643,7,0.234084,0.241241,0,0.000007,0.000008,127,0.000092,0,27,1,0.000167
54107,Wood County,,WV,4446,95891,100337,12,11,23,2597,1996,4593,6,0.305529,0.3219,18259.278133,0.000918,0.000847,127,0.000533,0,27,0.19697,0.007119
54109,Wyoming County,,WV,981,22361,23342,4,4,8,276,413,689,7,0.2329,0.240748,77.306626,0.000091,0.000003,127,0.000148,0,27,0.433333,0.000711
55001,Adams County,,WI,1934,25998,27932,12,8,20,1382,1090,2472,6,0.294817,0.308509,49.392069,0.002393,0.000925,27,0.000232,0,27,0.598485,0.016623
55003,Ashland County,,WI,1099,20568,21667,2,3,5,319,366,685,7,0.232806,0.239843,2957.148338,0,0.000012,58,0.000116,0,27,0.333333,0.000229
55005,Barron County,,WI,3109,58344,61453,14,11,25,1673,1662,3335,6,0.30285,0.318155,2540.529969,0.00142,0.001026,58,0.000415,0,27,0.467033,0.010846
55007,Bayfield County,,WI,963,15836,16799,4,3,7,437,410,847,7,0.232582,0.239527,5904.683333,0.000695,0.00002,58,0.000148,0,27,0.4,0.005415
55009,Brown County,,WI,12701,292536,305237,45,39,84,9041,8678,17719,6,0.352191,0.377106,32817.546256,0.009192,0.009837,27,0.000835,0,27,0.271429,0.067952
55011,Buffalo County,,WI,1120,19427,20547,6,7,13,571,631,1202,7,0.256748,0.266665,41.343257,0.000084,0.000127,58,0.000164,0,27,0.428571,0.001246
55013,Burnett County,,WI,1076,20979,22055,9,5,14,794,419,1213,7,0.251343,0.260176,20.596538,0.001498,0.000053,58,0.000233,0,27,0.645455,0.010602
55015,Calumet County,,WI,5414,67411,72825,12,11,23,4456,4147,8603,6,0.307277,0.323555,39.919307,0.002265,0.001867,27,0.000231,0,27,0.802198,0.015946
55017,Chippewa County,,WI,3971,71678,75649,14,13,27,2822,2496,5318,6,0.30598,0.322745,2358.125884,0.001191,0.00168,58,0.000364,0,27,0.379167,0.010046
55019,Clark County,,WI,2162,41264,43426,6,8,14,1037,1319,2356,6,0.285111,0.298667,103.238448,0.000117,0.000569,27,0.000177,0,27,0.678571,0.001616
55021,Columbia County,,WI,4572,67397,71969,14,10,24,3976,3025,7001,6,0.285363,0.299041,68.341395,0.002342,0.000598,27,0.000274,0,27,0.57619,0.016566
55023,Crawford County,,WI,1174,21363,22537,5,6,11,501,694,1195,6,0.285307,0.298501,178.212397,0.00044,0.000454,27,0.000152,0,27,0.5,0.003681
55025,Dane County,,WI,29429,529109,558538,136,120,256,23518,21972,45490,5,0.397615,0.434546,89942.589265,0.048778,0.047102,27,0.001918,0,27,0.290949,0.33194
55027,Dodge County,,WI,6249,104726,110975,14,17,31,5138,4381,9519,6,0.340054,0.360295,300.562564,0.002494,0.003508,27,0.000246,0,27,0.686275,0.017339
55029,Door County,,WI,1718,36592,38310,7,5,12,780,679,1459,6,0.294997,0.308394,527.069881,0.002856,0.000935,27,0.000147,0,27,0.75,0.018056
55031,Douglas County,,WI,2534,49674,52208,8,9,17,1307,1189,2496,6,0.302787,0.317781,7494.570258,0.000734,0.001109,58,0.000289,0,27,0.427273,0.006369
55033,Dunn County,,WI,3155,44488,47643,13,14,27,1938,1970,3908,6,0.304471,0.321205,2532.266293,0.00189,0.001715,58,0.000291,0,27,0.571429,0.013846
55035,Eau Claire County,,WI,7220,98993,106213,30,27,57,4570,4810,9380,6,0.344332,0.366678,19778.400358,0.005834,0.004723,58,0.000629,0,27,0.329545,0.041677
55037,Florence County,,WI,387,5655,6042,2,1,3,150,110,260,8,0.207763,0.212874,0,0.000082,0.000001,27,0.000111,0,27,1,0.00082
55039,Fond du Lac County,,WI,5535,121275,126810,17,18,35,3658,3559,7217,6,0.340094,0.360468,288.029916,0.002611,0.003511,27,0.000296,0,27,0.607143,0.018412
55041,Forest County,,WI,491,10678,11169,2,2,4,99,80,179,7,0.235337,0.242617,1,0.000096,0.000032,27,0.000095,0,27,0.666667,0.000987
55043,Grant County,,WI,2952,59770,62722,9,12,21,1489,1739,3228,6,0.295839,0.310519,119.264908,0.000487,0.000977,27,0.000245,0,27,0.363636,0.004528
55045,Green County,,WI,2010,43990,46000,5,5,10,1497,1112,2609,6,0.294997,0.308365,13.66307,0.000453,0.000881,27,0.000142,0,27,0.566667,0.003786
55047,Green Lake County,,WI,1506,24098,25604,8,8,16,838,1003,1841,6,0.294787,0.308451,17.395827,0.001025,0.000916,27,0.000185,0,27,0.75,0.007189
55049,Iowa County,,WI,1801,26602,28403,5,5,10,1179,1239,2418,6,0.284747,0.297547,1.333333,0.000412,0.000436,27,0.00016,0,27,0.8,0.003528
55051,Iron County,,WI,447,7254,7701,1,2,3,104,144,248,7,0.23528,0.242485,5798,0,0.000026,27,0.00017,0,27,0,0.000097
55053,Jackson County,,WI,1239,22525,23764,6,6,12,621,580,1201,7,0.256589,0.266217,99.756048,0.000475,0.000118,58,0.00018,0,27,0.619048,0.004219
55055,Jefferson County,,WI,6463,96509,102972,11,11,22,5058,4335,9393,6,0.296293,0.310381,10.740922,0.002999,0.001279,27,0.000177,0,27,0.75,0.019347
55057,Juneau County,,WI,1978,30505,32483,10,9,19,1393,1163,2556,6,0.294967,0.308911,88.198077,0.002055,0.000962,27,0.000241,0,27,0.633333,0.014683
55059,Kenosha County,,WI,10904,184452,195356,17,18,35,8716,6614,15330,6,0.3473,0.369166,233.864939,0.008073,0.007417,27,0.000217,0,27,0.634387,0.054572
55061,Kewaunee County,,WI,988,22104,23092,3,3,6,686,606,1292,7,0.26053,0.270072,0.45,0.000106,0.000115,27,0.000112,0,27,0.666667,0.001158
55063,La Crosse County,,WI,6894,124061,130955,29,27,56,3699,4034,7733,6,0.344455,0.366793,9796.800568,0.005017,0.004807,27,0.000548,0,27,0.329545,0.0368
55065,Lafayette County,,WI,1020,18808,19828,4,4,8,531,661,1192,6,0.284719,0.297374,1.251894,0.000406,0.000412,27,0.000133,0,27,0.75,0.003256
55067,Langlade County,,WI,1173,24350,25523,6,6,12,506,553,1059,7,0.260928,0.271255,4.080495,0.000667,0.000203,27,0.000153,0,27,0.809524,0.004573
55069,Lincoln County,,WI,1741,38489,40230,6,7,13,938,912,1850,6,0.295117,0.308853,62.252982,0.000966,0.00098,27,0.000151,0,27,0.767857,0.006778
55071,Manitowoc County,,WI,3663,99141,102804,11,11,22,1714,1997,3711,6,0.327834,0.345743,785.769675,0.001914,0.002065,27,0.000236,0,27,0.717949,0.013301
55073,Marathon County,,WI,6635,156397,163032,25,25,50,4024,3960,7984,6,0.344373,0.366448,10017.620037,0.004403,0.004444,27,0.00047,0,27,0.415344,0.033003
55075,Marinette County,,WI,2740,51459,54199,11,9,20,1597,1519,3116,6,0.295207,0.309227,1262.230663,0.002048,0.000987,27,0.000287,0,27,0.557692,0.013798
55077,Marquette County,,WI,1128,15624,16752,6,5,11,752,539,1291,6,0.284635,0.297374,1.416667,0.000933,0.000459,27,0.00016,0,27,0.766667,0.006571
55078,Menominee County,,WI,357,4711,5068,1,3,4,116,235,351,6,0.292676,0.30524,0,0.000009,0.000488,27,0.000065,0,27,1,0.000149
55079,Milwaukee County,,WI,53009,1032997,1086006,116,144,260,30670,44068,74738,5,0.412954,0.450931,69660.774312,0.049477,0.062953,27,0.001519,0,27,0.337947,0.341104
55081,Monroe County,,WI,2796,48147,50943,10,5,15,1510,1207,2717,6,0.284775,0.297662,164.221284,0.002136,0.000467,27,0.000212,0,27,0.611111,0.014978
55083,Oconto County,,WI,2402,42290,44692,7,7,14,2161,1614,3775,6,0.292853,0.306015,736.27276,0.000707,0.000586,27,0.000194,0,27,0.589286,0.00492
55085,Oneida County,,WI,2895,45392,48287,15,11,26,1255,1220,2475,6,0.30744,0.323785,11707.808204,0.003186,0.001823,27,0.000336,0,27,0.525735,0.021348
55087,Outagamie County,,WI,13169,200306,213475,32,25,57,10335,9974,20309,6,0.344905,0.36708,3180.901139,0.006236,0.005507,27,0.000564,0,27,0.395798,0.04549
55089,Ozaukee County,,WI,6678,107346,114024,16,13,29,5343,4342,9685,6,0.343436,0.363806,134.181476,0.004995,0.003986,27,0.00025,0,27,0.775735,0.033701
55091,Pepin County,,WI,485,7691,8176,3,4,7,223,261,484,7,0.256363,0.265482,1.183333,0.000029,0.000077,58,0.000108,0,27,0.75,0.00053
55093,Pierce County,,WI,2945,45084,48029,11,10,21,2257,1876,4133,6,0.304088,0.320085,1669.11882,0.001567,0.001675,58,0.000237,0,27,0.704545,0.011286
55095,Polk County,,WI,2557,49863,52420,11,11,22,2208,1584,3792,6,0.302913,0.31827,432.501202,0.001539,0.001418,58,0.000265,0,27,0.734848,0.011111
55097,Portage County,,WI,4355,78487,82842,14,15,29,2184,2268,4452,6,0.332989,0.352131,239.705797,0.002473,0.002952,27,0.000263,0,27,0.636029,0.017416
55099,Price County,,WI,954,18425,19379,1,3,4,74,214,288,7,0.256385,0.265286,80.995758,0,0.000037,27,0.000083,0,27,0.333333,0.000094
55101,Racine County,,WI,11360,226854,238214,19,29,48,8455,7331,15786,6,0.35521,0.380018,749.039607,0.007804,0.009617,27,0.000273,0,27,0.480847,0.054421
55103,Richland County,,WI,1139,21898,23037,6,5,11,721,600,1321,6,0.284747,0.297547,2.90945,0.000416,0.000436,27,0.000175,0,27,0.7,0.003662
55105,Rock County,,WI,8054,178082,186136,22,21,43,5676,4522,10198,6,0.343802,0.365368,1157.421553,0.005636,0.004406,27,0.000319,0,27,0.44302,0.036999
55107,Rusk County,,WI,923,17038,17961,4,3,7,380,350,730,7,0.256295,0.265263,0.7,0.000062,0.000069,58,0.000168,0,27,0.75,0.001061
55109,St. Croix County,,WI,4943,82200,87143,17,14,31,5848,3176,9024,6,0.335143,0.355125,1984.015705,0.002068,0.003021,58,0.000374,0,27,0.578431,0.015868
55111,Sauk County,,WI,4126,67893,72019,14,12,26,2793,2594,5387,6,0.296535,0.310927,459.21748,0.002925,0.001146,27,0.000299,0,27,0.479167,0.020697
55113,Sawyer County,,WI,1042,20252,21294,5,4,9,345,300,645,7,0.256295,0.265378,746.265487,0.001709,0.000066,58,0.000195,0,27,0.452381,0.012206
55115,Shawano County,,WI,2355,43302,45657,9,12,21,1491,1637,3128,6,0.295297,0.309772,3023.05764,0.000745,0.00107,27,0.00021,0,27,0.636364,0.005459
55117,Sheboygan County,,WI,5513,139661,145174,16,16,32,3120,3194,6314,6,0.343558,0.364323,136.760086,0.00323,0.004096,27,0.000275,0,27,0.70915,0.022684
55119,Taylor County,,WI,1007,21535,22542,4,4,8,487,382,869,7,0.256544,0.265872,4.918283,0.000055,0.000095,27,0.000133,0,27,0.65,0.000795
55121,Trempealeau County,,WI,1672,31546,33218,6,6,12,1052,920,1972,7,0.256703,0.266435,8.490053,0.000113,0.000115,58,0.000172,0,27,0.566667,0.00153
55123,Vernon County,,WI,1382,28214,29596,6,7,13,838,854,1692,6,0.284943,0.29811,8.566781,0.000446,0.000508,27,0.000191,0,27,0.642857,0.003996
55125,Vilas County,,WI,1449,23812,25261,6,8,14,627,586,1213,6,0.295297,0.309255,8875.830914,0.002228,0.001005,27,0.000132,0,27,0.7,0.01476
55127,Walworth County,,WI,7161,108169,115330,16,16,32,5732,4648,10380,6,0.340733,0.360985,123.305611,0.005528,0.005693,27,0.000204,0,27,0.715686,0.035537
55129,Washburn County,,WI,1014,15504,16518,6,4,10,568,483,1051,7,0.232657,0.239871,5.013181,0.000703,0.000044,58,0.000225,0,27,0.633333,0.005861
55131,Washington County,,WI,8464,151051,159515,13,15,28,8026,6005,14031,6,0.33387,0.353372,43.606771,0.002562,0.003573,27,0.000222,0,27,0.779167,0.017641
55133,Waukesha County,,WI,27386,454824,482210,51,67,118,22445,21326,43771,6,0.376949,0.407572,8432.535405,0.020277,0.026476,27,0.000694,0,27,0.39807,0.140366
55135,Waupaca County,,WI,3005,59193,62198,12,10,22,2055,1914,3969,6,0.295237,0.309428,100.852614,0.002434,0.001055,27,0.000224,0,27,0.814103,0.016724
55137,Waushara County,,WI,1445,23511,24956,10,9,19,984,883,1867,6,0.294817,0.308623,15.681909,0.001286,0.000966,27,0.000211,0,27,0.722222,0.00894
55139,Winnebago County,,WI,12023,177718,189741,29,29,58,8643,8704,17347,6,0.347217,0.3702,1613.364784,0.003527,0.005566,27,0.000508,0,27,0.425189,0.026537
55141,Wood County,,WI,4445,89649,94094,14,17,31,2080,2558,4638,6,0.336348,0.356819,1199.679984,0.003507,0.003156,27,0.000272,0,27,0.581871,0.025503
56001,Albany County,,WY,4396,30034,34430,14,21,35,1365,1800,3165,6,0.334525,0.354975,5768.751831,0.001488,0.00446,7,0.000352,0,27,0.347826,0.012242
56003,Big Horn County,,WY,730,11586,12316,3,1,4,240,146,386,8,0.207748,0.213227,0,0.000039,0.000001,7,0.000114,0,27,0.5,0.000418
56005,Campbell County,,WY,3268,42884,46152,14,15,29,1052,1233,2285,6,0.33234,0.35158,14116.954078,0.000493,0.001647,7,0.000536,0,27,0.27451,0.005439
56007,Carbon County,,WY,1557,16793,18350,4,5,9,293,453,746,7,0.259714,0.269854,0.45,0.000206,0.000189,7,0.000129,0,27,0.95,0.001806
56009,Converse County,,WY,1406,14601,16007,3,2,5,568,537,1105,7,0.25259,0.260937,0,0.000088,0.000057,7,0.000124,0,27,1,0.000879
56011,Crook County,,WY,522,5994,6516,1,2,3,135,160,295,7,0.250302,0.258309,0,0.000014,0.000015,7,0.000081,0,27,1,0.000158
56013,Fremont County,,WY,2460,39515,41975,9,7,16,652,652,1304,7,0.26046,0.271209,165.63008,0.001054,0.000196,7,0.000223,0,27,0.509091,0.007971
56015,Goshen County,,WY,968,12854,13822,3,3,6,269,253,522,7,0.260063,0.269543,15.061537,0.00011,0.000103,28,0.000125,0,27,0.666667,0.001065
56017,Hot Springs County,,WY,417,4961,5378,0,1,1,0,44,44,7,0.252019,0.26002,0,0,0.000052,7,0.00005,0,266,0,0
56019,Johnson County,,WY,679,7916,8595,3,3,6,217,213,430,7,0.252634,0.261167,0,0.000063,0.000061,7,0.000133,0,27,1,0.000807
56021,Laramie County,,WY,8150,96754,104904,31,28,59,3610,3016,6626,6,0.349139,0.372561,19039.120445,0.011044,0.01229,7,0.000584,0,27,0.448949,0.082903
56023,Lincoln County,,WY,1376,17355,18731,10,5,15,683,300,983,6,0.282969,0.296237,71.803298,0.001213,0.000365,4,0.000216,0,27,0.488889,0.00861
56025,Natrona County,,WY,4847,75832,80679,25,18,43,2518,2025,4543,6,0.336816,0.357078,21973.14186,0.006383,0.004583,7,0.000602,0,27,0.378917,0.048697
56027,Niobrara County,,WY,184,2584,2768,0,0,0,0,0,0,0,0,0,0,0,0,177,0.00005,159,267,0,0
56029,Park County,,WY,2420,30179,32599,7,9,16,537,638,1175,7,0.262202,0.273933,3128.731718,0.000135,0.00026,7,0.000288,0,27,0.354545,0.001642
56031,Platte County,,WY,706,9488,10194,3,3,6,159,212,371,7,0.259388,0.268877,4.949202,0.000139,0.000144,7,0.000118,0,27,0.666667,0.001092
56033,Sheridan County,,WY,2311,30511,32822,7,8,15,593,651,1244,6,0.331202,0.349282,966.569992,0.000603,0.001411,7,0.000227,0,27,0.569444,0.004576
56035,Sublette County,,WY,525,7468,7993,1,1,2,83,54,137,7,0.250108,0.257901,0,0.000031,0.000025,4,0.000069,0,27,0,0.000305
56037,Sweetwater County,,WY,3437,44288,47725,14,17,31,1267,1429,2696,6,0.333487,0.353166,7599.976946,0.003063,0.003746,4,0.000363,0,27,0.383041,0.024145
56039,Teton County,,WY,2489,20756,23245,5,7,12,299,590,889,6,0.298795,0.314386,1298.146509,0.002807,0.00114,4,0.000143,0,27,0.402778,0.020379
56041,Uinta County,,WY,1938,22020,23958,7,9,16,574,743,1317,6,0.316703,0.333362,60.112854,0.001319,0.002258,4,0.000166,0,27,0.7,0.009043
56043,Washakie County,,WY,722,9551,10273,1,3,4,51,167,218,7,0.252151,0.260569,44.605234,0.000038,0.000054,7,0.000079,0,27,0.5,0.000511
56045,Weston County,,WY,524,7376,7900,1,1,2,90,75,165,7,0.249463,0.257131,0,0.000014,0.000004,7,0.000081,0,27,0,0.000158
2230,Skagway Hoonah Ango,,AK,384,3374,3758,1,1,2,46,113,159,7,0.251278,0.259024,0,0.000041,0.000016,4,0.000067,0,27,0,0.000209
2275,Wrangell Petersburg,,AK,514,6850,7364,1,1,2,40,49,89,7,0.251278,0.259024,0,0.000041,0.000016,4,0.000067,0,27,0,0.000209
2198,Prince Of Wales Oute,,AK,442,4809,5251,1,1,2,70,83,153,7,0.237475,0.244214,0,0.000011,0,4,0.000072,0,27,0,0.000094
