id,label,timeset,state,totalMig,totalNonMig,population
1001,Autauga County,,AL,5373,53344,58717
1003,Baldwin County,,AL,8762,161762,170524
1005,Barbour County,,AL,1890,27671,29561
1007,Bibb County,,AL,1286,21383,22669
1009,Blount County,,AL,3360,56145,59505
1011,Bullock County,,AL,641,10008,10649
1013,Butler County,,AL,1057,22431,23488
1015,Calhoun County,,AL,6863,130537,137400
1017,Chambers County,,AL,2280,42351,44631
1019,Cherokee County,,AL,1290,24433,25723
1021,Chilton County,,AL,1931,40711,42642
1023,Choctaw County,,AL,714,15914,16628
1025,Clarke County,,AL,1385,30083,31468
1027,Clay County,,AL,874,16341,17215
1029,Cleburne County,,AL,990,14413,15403
1031,Coffee County,,AL,4784,46174,50958
1033,Colbert County,,AL,3099,58791,61890
1035,Conecuh County,,AL,878,14165,15043
1037,Coosa County,,AL,1181,12950,14131
1039,Covington County,,AL,1759,37611,39370
1041,Crenshaw County,,AL,1011,15326,16337
1043,Cullman County,,AL,3636,82848,86484
1045,Dale County,,AL,7924,47232,55156
1047,Dallas County,,AL,2341,47663,50004
1049,DeKalb County,,AL,3729,71920,75649
1051,Elmore County,,AL,5786,74290,80076
1053,Escambia County,,AL,1982,37132,39114
1055,Etowah County,,AL,5096,105121,110217
1057,Fayette County,,AL,1109,21498,22607
1059,Franklin County,,AL,1829,31555,33384
1061,Geneva County,,AL,1701,25121,26822
1063,Greene County,,AL,565,9631,10196
1065,Hale County,,AL,1201,18333,19534
1067,Henry County,,AL,1220,17962,19182
1069,Houston County,,AL,6435,98600,105035
1071,Jackson County,,AL,2765,57427,60192
1073,Jefferson County,,AL,36739,720223,756962
1075,Lamar County,,AL,860,16320,17180
1077,Lauderdale County,,AL,4468,93422,97890
1079,Lawrence County,,AL,1977,37266,39243
1081,Lee County,,AL,9582,110285,119867
1083,Limestone County,,AL,3991,74077,78068
1085,Lowndes County,,AL,1066,13417,14483
1087,Macon County,,AL,1480,20805,22285
1089,Madison County,,AL,16429,328841,345270
1091,Marengo County,,AL,1127,23363,24490
1093,Marion County,,AL,1362,25523,26885
1095,Marshall County,,AL,5248,83663,88911
1097,Mobile County,,AL,16662,420864,437526
1099,Monroe County,,AL,1121,25468,26589
1101,Montgomery County,,AL,17720,237434,255154
1103,Morgan County,,AL,7065,123721,130786
1105,Perry County,,AL,587,9904,10491
1107,Pickens County,,AL,1040,21701,22741
1109,Pike County,,AL,1933,26871,28804
1111,Randolph County,,AL,1101,22201,23302
1113,Russell County,,AL,4938,49164,54102
1115,St. Clair County,,AL,4363,65262,69625
1117,Shelby County,,AL,13739,165608,179347
1119,Sumter County,,AL,794,13835,14629
1121,Talladega County,,AL,3994,78308,82302
1123,Tallapoosa County,,AL,2113,39732,41845
1125,Tuscaloosa County,,AL,9165,169138,178303
1127,Walker County,,AL,2975,67519,70494
1129,Washington County,,AL,1015,17960,18975
1131,Wilcox County,,AL,720,12850,13570
1133,Winston County,,AL,1358,24665,26023
2013,Aleutians East Borough,,AK,330,1601,1931
2016,Aleutians West Census Area,,AK,787,4227,5014
2020,Anchorage Municipality,,AK,26299,291015,317314
2050,Bethel Census Area,,AK,929,16466,17395
2060,Bristol Bay Borough,,AK,185,1243,1428
2068,Denali Borough,,AK,402,2115,2517
2070,Dillingham Census Area,,AK,379,4597,4976
2090,Fairbanks North Star Borough,,AK,12937,93604,106541
2100,Haines Borough,,AK,242,2609,2851
2105,Hoonah-Angoon Census Area,,AK,0,0,0
2110,Juneau City and Borough,,AK,2923,34774,37697
2122,Kenai Peninsula Borough,,AK,3875,54281,58156
2130,Ketchikan Gateway Borough,,AK,1492,14433,15925
2150,Kodiak Island Borough,,AK,1870,14961,16831
2164,Lake and Peninsula Borough,,AK,164,1457,1621
2170,Matanuska-Susitna Borough,,AK,4715,68533,73248
2180,Nome Census Area,,AK,564,8985,9549
2185,North Slope Borough,,AK,677,6932,7609
2188,Northwest Arctic Borough,,AK,455,6382,6837
2195,Petersburg Census Area,,AK,0,0,0
2220,Sitka City and Borough,,AK,1095,9868,10963
2240,Southeast Fairbanks Census Area,,AK,566,6382,6948
2261,Valdez-Cordova Census Area,,AK,1229,10825,12054
2270,Wade Hampton Census Area,,AK,303,7017,7320
2282,Yakutat City and Borough,,AK,58,578,636
2290,Yukon-Koyukuk Census Area,,AK,598,6020,6618
4001,Apache County,,AZ,7324,56722,64046
4003,Cochise County,,AZ,11989,116966,128955
4005,Coconino County,,AZ,12732,120594,133326
4007,Gila County,,AZ,4085,50899,54984
4009,Graham County,,AZ,1937,25474,27411
4011,Greenlee County,,AZ,668,7442,8110
4012,La Paz County,,AZ,1404,14063,15467
4013,Maricopa County,,AZ,151809,3402791,3554600
4015,Mohave County,,AZ,12323,161430,173753
4017,Navajo County,,AZ,7536,91084,98620
4019,Pima County,,AZ,45231,902493,947724
4021,Pinal County,,AZ,14321,155778,170099
4023,Santa Cruz County,,AZ,2581,46527,49108
4025,Yavapai County,,AZ,13194,178869,192063
4027,Yuma County,,AZ,10152,176620,186772
5001,Arkansas County,,AR,1083,21853,22936
5003,Ashley County,,AR,1242,24593,25835
5005,Baxter County,,AR,2682,40917,43599
5007,Benton County,,AR,13517,189923,203440
5009,Boone County,,AR,2322,37514,39836
5011,Bradley County,,AR,725,11726,12451
5013,Calhoun County,,AR,399,5622,6021
5015,Carroll County,,AR,2079,25306,27385
5017,Chicot County,,AR,1045,12746,13791
5019,Clark County,,AR,1828,22496,24324
5021,Clay County,,AR,1094,16966,18060
5023,Cleburne County,,AR,1946,29844,31790
5025,Cleveland County,,AR,668,9669,10337
5027,Columbia County,,AR,1475,25455,26930
5029,Conway County,,AR,1421,22640,24061
5031,Craighead County,,AR,5920,85698,91618
5033,Crawford County,,AR,4246,58573,62819
5035,Crittenden County,,AR,3458,54135,57593
5037,Cross County,,AR,1421,20276,21697
5039,Dallas County,,AR,539,8013,8552
5041,Desha County,,AR,1170,16068,17238
5043,Drew County,,AR,1409,18122,19531
5045,Faulkner County,,AR,7299,98478,105777
5047,Franklin County,,AR,1297,17164,18461
5049,Fulton County,,AR,885,12080,12965
5051,Garland County,,AR,5855,99620,105475
5053,Grant County,,AR,1506,21156,22662
5055,Greene County,,AR,2142,39556,41698
5057,Hempstead County,,AR,1615,24674,26289
5059,Hot Spring County,,AR,1967,27950,29917
5061,Howard County,,AR,978,14701,15679
5063,Independence County,,AR,2352,37786,40138
5065,Izard County,,AR,865,11326,12191
5067,Jackson County,,AR,1123,17295,18418
5069,Jefferson County,,AR,5078,82367,87445
5071,Johnson County,,AR,1499,22878,24377
5073,Lafayette County,,AR,554,7401,7955
5075,Lawrence County,,AR,1307,17223,18530
5077,Lee County,,AR,781,9984,10765
5079,Lincoln County,,AR,656,9012,9668
5081,Little River County,,AR,931,13771,14702
5083,Logan County,,AR,1652,22602,24254
5085,Lonoke County,,AR,5597,62849,68446
5087,Madison County,,AR,1093,14539,15632
5089,Marion County,,AR,1250,15054,16304
5091,Miller County,,AR,3759,40282,44041
5093,Mississippi County,,AR,3230,49223,52453
5095,Monroe County,,AR,777,9657,10434
5097,Montgomery County,,AR,567,8694,9261
5099,Nevada County,,AR,720,9080,9800
5101,Newton County,,AR,635,7887,8522
5103,Ouachita County,,AR,1856,28024,29880
5105,Perry County,,AR,826,10374,11200
5107,Phillips County,,AR,1460,23734,25194
5109,Pike County,,AR,703,9244,9947
5111,Poinsett County,,AR,1764,23680,25444
5113,Polk County,,AR,1323,19145,20468
5115,Pope County,,AR,3739,54044,57783
5117,Prairie County,,AR,568,9209,9777
5119,Pulaski County,,AR,27961,396473,424434
5121,Randolph County,,AR,1062,17612,18674
5123,St. Francis County,,AR,1917,24807,26724
5125,Saline County,,AR,5551,76092,81643
5127,Scott County,,AR,930,11230,12160
5129,Searcy County,,AR,423,6357,6780
5131,Sebastian County,,AR,9467,119487,128954
5133,Sevier County,,AR,975,15043,16018
5135,Sharp County,,AR,1238,12329,13567
5137,Stone County,,AR,639,11747,12386
5139,Union County,,AR,2753,47752,50505
5141,Van Buren County,,AR,960,13441,14401
5143,Washington County,,AR,14369,158502,172871
5145,White County,,AR,4346,64809,69155
5147,Woodruff County,,AR,567,7335,7902
5149,Yell County,,AR,1772,19863,21635
6001,Alameda County,,CA,130671,1537961,1668632
6003,Alpine County,,CA,165,1010,1175
6005,Amador County,,CA,2309,36346,38655
6007,Butte County,,CA,11866,198386,210252
6009,Calaveras County,,CA,3258,44840,48098
6011,Colusa County,,CA,1169,21430,22599
6013,Contra Costa County,,CA,73802,1073330,1147132
6015,Del Norte County,,CA,1524,21655,23179
6017,El Dorado County,,CA,13442,178953,192395
6019,Fresno County,,CA,31748,844860,876608
6021,Glenn County,,CA,1822,28363,30185
6023,Humboldt County,,CA,7416,125368,132784
6025,Imperial County,,CA,8409,176659,185068
6027,Inyo County,,CA,1508,20354,21862
6029,Kern County,,CA,28653,692491,721144
6031,Kings County,,CA,9732,118987,128719
6033,Lake County,,CA,3940,54560,58500
6035,Lassen County,,CA,2081,26200,28281
6037,Los Angeles County,,CA,388783,10005539,10394322
6039,Madera County,,CA,7255,118802,126057
6041,Marin County,,CA,19633,246910,266543
6043,Mariposa County,,CA,1431,17224,18655
6045,Mendocino County,,CA,4926,89534,94460
6047,Merced County,,CA,13498,224693,238191
6049,Modoc County,,CA,706,8715,9421
6051,Mono County,,CA,1564,11313,12877
6053,Monterey County,,CA,33010,419649,452659
6055,Napa County,,CA,10800,145615,156415
6057,Nevada County,,CA,7630,104747,112377
6059,Orange County,,CA,180851,3145265,3326116
6061,Placer County,,CA,24777,315095,339872
6063,Plumas County,,CA,1589,21729,23318
6065,Riverside County,,CA,102917,1764199,1867116
6067,Sacramento County,,CA,79636,1391951,1471587
6069,San Benito County,,CA,5613,59584,65197
6071,San Bernardino County,,CA,118121,1841101,1959222
6073,San Diego County,,CA,195142,3155939,3351081
6075,San Francisco County,,CA,84119,800029,884148
6077,San Joaquin County,,CA,35601,630064,665665
6079,San Luis Obispo County,,CA,16327,250657,266984
6081,San Mateo County,,CA,68284,768369,836653
6083,Santa Barbara County,,CA,29503,409968,439471
6085,Santa Clara County,,CA,126776,1873526,2000302
6087,Santa Cruz County,,CA,18669,265741,284410
6089,Shasta County,,CA,9671,178057,187728
6091,Sierra County,,CA,333,3265,3598
6093,Siskiyou County,,CA,2777,43618,46395
6095,Solano County,,CA,35995,426542,462537
6097,Sonoma County,,CA,27512,507080,534592
6099,Stanislaus County,,CA,27550,501350,528900
6101,Sutter County,,CA,6688,85850,92538
6103,Tehama County,,CA,3078,50801,53879
6105,Trinity County,,CA,789,11216,12005
6107,Tulare County,,CA,14839,377749,392588
6109,Tuolumne County,,CA,3450,55791,59241
6111,Ventura County,,CA,48456,850347,898803
6113,Yolo County,,CA,17007,174402,191409
6115,Yuba County,,CA,7495,57268,64763
8001,Adams County,,CO,46004,403035,449039
8003,Alamosa County,,CO,1443,14710,16153
8005,Arapahoe County,,CO,68523,557585,626108
8007,Archuleta County,,CO,1069,10553,11622
8009,Baca County,,CO,247,4443,4690
8011,Bent County,,CO,436,5397,5833
8013,Boulder County,,CO,30130,296419,326549
8014,Broomfield County,,CO,7374,43911,51285
8015,Chaffee County,,CO,1588,17046,18634
8017,Cheyenne County,,CO,188,2174,2362
8019,Clear Creek County,,CO,1636,11878,13514
8021,Conejos County,,CO,467,7899,8366
8023,Costilla County,,CO,220,3374,3594
8025,Crowley County,,CO,337,3374,3711
8027,Custer County,,CO,432,3776,4208
8029,Delta County,,CO,2126,29376,31502
8031,Denver County,,CO,80747,521799,602546
8033,Dolores County,,CO,196,1911,2107
8035,Douglas County,,CO,24981,246606,271587
8037,Eagle County,,CO,5754,46922,52676
8039,Elbert County,,CO,2036,18879,20915
8041,El Paso County,,CO,51277,600805,652082
8043,Fremont County,,CO,3232,39732,42964
8045,Garfield County,,CO,4303,43842,48145
8047,Gilpin County,,CO,700,4937,5637
8049,Grand County,,CO,1611,13172,14783
8051,Gunnison County,,CO,1471,13117,14588
8053,Hinsdale County,,CO,95,761,856
8055,Huerfano County,,CO,643,6278,6921
8057,Jackson County,,CO,193,1588,1781
8059,Jefferson County,,CO,58523,561048,619571
8061,Kiowa County,,CO,174,1858,2032
8063,Kit Carson County,,CO,675,8422,9097
8065,Lake County,,CO,811,6575,7386
8067,La Plata County,,CO,4322,45774,50096
8069,Larimer County,,CO,24110,286244,310354
8071,Las Animas County,,CO,1328,14900,16228
8073,Lincoln County,,CO,461,4701,5162
8075,Logan County,,CO,1593,22182,23775
8077,Mesa County,,CO,7655,134279,141934
8079,Mineral County,,CO,75,844,919
8081,Moffat County,,CO,1163,14164,15327
8083,Montezuma County,,CO,1934,23949,25883
8085,Montrose County,,CO,2718,36928,39646
8087,Morgan County,,CO,2133,29088,31221
8089,Otero County,,CO,1340,19732,21072
8091,Ouray County,,CO,380,3422,3802
8093,Park County,,CO,2175,16179,18354
8095,Phillips County,,CO,294,4488,4782
8097,Pitkin County,,CO,1816,12542,14358
8099,Prowers County,,CO,1118,13517,14635
8101,Pueblo County,,CO,7490,152972,160462
8103,Rio Blanco County,,CO,614,6206,6820
8105,Rio Grande County,,CO,1113,16429,17542
8107,Routt County,,CO,2170,20937,23107
8109,Saguache County,,CO,272,2342,2614
8111,San Juan County,,CO,74,629,703
8113,San Miguel County,,CO,942,6237,7179
8115,Sedgwick County,,CO,258,2698,2956
8117,Summit County,,CO,4719,25429,30148
8119,Teller County,,CO,2651,21197,23848
8121,Washington County,,CO,371,3959,4330
8123,Weld County,,CO,16043,209582,225625
8125,Yuma County,,CO,772,10062,10834
9001,Fairfield County,,CT,52413,987203,1039616
9003,Hartford County,,CT,43005,1025840,1068845
9005,Litchfield County,,CT,11259,223895,235154
9007,Middlesex County,,CT,12535,193675,206210
9009,New Haven County,,CT,42949,947637,990586
9011,New London County,,CT,19482,306768,326250
9013,Tolland County,,CT,10453,155684,166137
9015,Windham County,,CT,7008,129173,136181
10001,Kent County,,DE,9021,154844,163865
10003,New Castle County,,DE,27719,588142,615861
10005,Sussex County,,DE,8334,187245,195579
11001,District of Columbia,,DC,63409,547056,610465
12001,Alachua County,,FL,20623,211675,232298
12003,Baker County,,FL,1549,23385,24934
12005,Bay County,,FL,13580,168806,182386
12007,Bradford County,,FL,1724,23110,24834
12009,Brevard County,,FL,28056,562402,590458
12011,Broward County,,FL,125944,1798714,1924658
12013,Calhoun County,,FL,750,10896,11646
12015,Charlotte County,,FL,12172,155554,167726
12017,Citrus County,,FL,7787,128268,136055
12019,Clay County,,FL,17453,177477,194930
12021,Collier County,,FL,20854,295926,316780
12023,Columbia County,,FL,4082,56342,60424
12027,DeSoto County,,FL,2231,26819,29050
12029,Dixie County,,FL,1089,12079,13168
12031,Duval County,,FL,67078,893009,960087
12033,Escambia County,,FL,30345,310145,340490
12035,Flagler County,,FL,5035,72819,77854
12037,Franklin County,,FL,711,9569,10280
12039,Gadsden County,,FL,2956,47666,50622
12041,Gilchrist County,,FL,1341,12984,14325
12043,Glades County,,FL,1177,10444,11621
12045,Gulf County,,FL,952,11759,12711
12047,Hamilton County,,FL,1011,11461,12472
12049,Hardee County,,FL,1880,23082,24962
12051,Hendry County,,FL,2995,33566,36561
12053,Hernando County,,FL,9726,147372,157098
12055,Highlands County,,FL,5401,85531,90932
12057,Hillsborough County,,FL,79654,1159615,1239269
12059,Holmes County,,FL,1456,19037,20493
12061,Indian River County,,FL,7743,131004,138747
12063,Jackson County,,FL,2725,43471,46196
12065,Jefferson County,,FL,1203,14154,15357
12067,Lafayette County,,FL,389,4439,4828
12069,Lake County,,FL,20538,264655,285193
12071,Lee County,,FL,29726,519969,549695
12073,Leon County,,FL,21819,239525,261344
12075,Levy County,,FL,2873,34812,37685
12077,Liberty County,,FL,469,5672,6141
12079,Madison County,,FL,940,17211,18151
12081,Manatee County,,FL,22003,303129,325132
12083,Marion County,,FL,16594,289370,305964
12085,Martin County,,FL,13279,151796,165075
12086,Miami-Dade County,,FL,116890,2455604,2572494
12087,Monroe County,,FL,10865,80672,91537
12089,Nassau County,,FL,5243,70024,75267
12091,Okaloosa County,,FL,20414,199916,220330
12093,Okeechobee County,,FL,2288,31003,33291
12095,Orange County,,FL,98256,1033441,1131697
12097,Osceola County,,FL,24572,211126,235698
12099,Palm Beach County,,FL,72741,1287593,1360334
12101,Pasco County,,FL,28745,380259,409004
12103,Pinellas County,,FL,63874,983340,1047214
12105,Polk County,,FL,30008,533134,563142
12107,Putnam County,,FL,4282,68635,72917
12109,St. Johns County,,FL,12718,153095,165813
12111,St. Lucie County,,FL,15100,221057,236157
12113,Santa Rosa County,,FL,12972,134551,147523
12115,Sarasota County,,FL,25773,368050,393823
12117,Seminole County,,FL,46927,412178,459105
12119,Sumter County,,FL,3776,50708,54484
12121,Suwannee County,,FL,2552,35482,38034
12123,Taylor County,,FL,1026,19154,20180
12125,Union County,,FL,996,10221,11217
12127,Volusia County,,FL,29827,480883,510710
12129,Wakulla County,,FL,1781,23967,25748
12131,Walton County,,FL,3738,39182,42920
12133,Washington County,,FL,1542,19033,20575
13001,Appling County,,GA,1000,18591,19591
13003,Atkinson County,,GA,602,7954,8556
13005,Bacon County,,GA,657,10541,11198
13007,Baker County,,GA,379,3961,4340
13009,Baldwin County,,GA,2793,43565,46358
13011,Banks County,,GA,1810,17644,19454
13013,Barrow County,,GA,4980,54446,59426
13015,Bartow County,,GA,7554,99890,107444
13017,Ben Hill County,,GA,1125,17897,19022
13019,Berrien County,,GA,1424,16807,18231
13021,Bibb County,,GA,10710,166008,176718
13023,Bleckley County,,GA,732,13500,14232
13025,Brantley County,,GA,1401,18139,19540
13027,Brooks County,,GA,2251,21018,23269
13029,Bryan County,,GA,3289,28112,31401
13031,Bulloch County,,GA,3778,47504,51282
13033,Burke County,,GA,1932,29611,31543
13035,Butts County,,GA,2149,23238,25387
13037,Calhoun County,,GA,395,5961,6356
13039,Camden County,,GA,6236,46194,52430
13043,Candler County,,GA,773,9132,9905
13045,Carroll County,,GA,7395,101915,109310
13047,Catoosa County,,GA,5049,59876,64925
13049,Charlton County,,GA,839,9054,9893
13051,Chatham County,,GA,18676,238986,257662
13053,Chattahoochee County,,GA,329,3104,3433
13055,Chattooga County,,GA,1337,26847,28184
13057,Cherokee County,,GA,16624,188784,205408
13059,Clarke County,,GA,11980,92360,104340
13061,Clay County,,GA,255,3224,3479
13063,Clayton County,,GA,36445,252819,289264
13065,Clinch County,,GA,355,6684,7039
13067,Cobb County,,GA,75146,681093,756239
13069,Coffee County,,GA,2153,36634,38787
13071,Colquitt County,,GA,1990,40909,42899
13073,Columbia County,,GA,10367,121548,131915
13075,Cook County,,GA,1270,17062,18332
13077,Coweta County,,GA,7908,107875,115783
13079,Crawford County,,GA,1077,13644,14721
13081,Crisp County,,GA,1411,22236,23647
13083,Dade County,,GA,1096,15805,16901
13085,Dawson County,,GA,1958,19088,21046
13087,Decatur County,,GA,1636,28517,30153
13089,DeKalb County,,GA,92258,661071,753329
13091,Dodge County,,GA,938,17441,18379
13093,Dooly County,,GA,939,12409,13348
13095,Dougherty County,,GA,7961,102836,110797
13097,Douglas County,,GA,11622,103821,115443
13099,Early County,,GA,764,12024,12788
13101,Echols County,,GA,245,2623,2868
13103,Effingham County,,GA,3000,43961,46961
13105,Elbert County,,GA,902,21426,22328
13107,Emanuel County,,GA,1184,22736,23920
13109,Evans County,,GA,897,10337,11234
13111,Fannin County,,GA,1131,21698,22829
13113,Fayette County,,GA,10180,108104,118284
13115,Floyd County,,GA,5558,95529,101087
13117,Forsyth County,,GA,10942,132965,143907
13119,Franklin County,,GA,1649,25193,26842
13121,Fulton County,,GA,107360,726744,834104
13123,Gilmer County,,GA,1557,25186,26743
13125,Glascock County,,GA,169,2635,2804
13127,Glynn County,,GA,5197,72340,77537
13129,Gordon County,,GA,3294,51023,54317
13131,Grady County,,GA,1613,23317,24930
13133,Greene County,,GA,1069,16573,17642
13135,Gwinnett County,,GA,63817,698991,762808
13137,Habersham County,,GA,2481,37590,40071
13139,Hall County,,GA,10622,156502,167124
13141,Hancock County,,GA,582,9312,9894
13143,Haralson County,,GA,1959,25926,27885
13145,Harris County,,GA,2415,31699,34114
13147,Hart County,,GA,1332,23696,25028
13149,Heard County,,GA,970,10344,11314
13151,Henry County,,GA,14185,163418,177603
13153,Houston County,,GA,10392,135850,146242
13155,Irwin County,,GA,867,9175,10042
13157,Jackson County,,GA,3990,44686,48676
13159,Jasper County,,GA,1312,14494,15806
13161,Jeff Davis County,,GA,834,13932,14766
13163,Jefferson County,,GA,952,19422,20374
13165,Jenkins County,,GA,469,7998,8467
13167,Johnson County,,GA,490,8734,9224
13169,Jones County,,GA,1891,25002,26893
13171,Lamar County,,GA,1482,17125,18607
13173,Lanier County,,GA,793,6722,7515
13175,Laurens County,,GA,2340,49663,52003
13177,Lee County,,GA,2352,22289,24641
13179,Liberty County,,GA,11345,58452,69797
13181,Lincoln County,,GA,526,8743,9269
13183,Long County,,GA,1341,7211,8552
13185,Lowndes County,,GA,8310,84857,93167
13187,Lumpkin County,,GA,2143,20555,22698
13189,McDuffie County,,GA,1374,23212,24586
13191,McIntosh County,,GA,746,10842,11588
13193,Macon County,,GA,755,11324,12079
13195,Madison County,,GA,2111,26803,28914
13197,Marion County,,GA,539,6493,7032
13199,Meriwether County,,GA,1765,23418,25183
13201,Miller County,,GA,441,5404,5845
13205,Mitchell County,,GA,1401,22198,23599
13207,Monroe County,,GA,1675,21052,22727
13209,Montgomery County,,GA,706,9455,10161
13211,Morgan County,,GA,1235,17276,18511
13213,Murray County,,GA,2984,37900,40884
13215,Muscogee County,,GA,21133,199703,220836
13217,Newton County,,GA,6454,80274,86728
13219,Oconee County,,GA,2169,21923,24092
13221,Oglethorpe County,,GA,956,13227,14183
13223,Paulding County,,GA,8443,95838,104281
13225,Peach County,,GA,2135,22061,24196
13227,Pickens County,,GA,1852,26845,28697
13229,Pierce County,,GA,1187,16233,17420
13231,Pike County,,GA,1355,17596,18951
13233,Polk County,,GA,2141,37150,39291
13235,Pulaski County,,GA,604,9489,10093
13237,Putnam County,,GA,1453,19500,20953
13239,Quitman County,,GA,249,2284,2533
13241,Rabun County,,GA,919,15847,16766
13243,Randolph County,,GA,390,7505,7895
13245,Richmond County,,GA,19549,184216,203765
13247,Rockdale County,,GA,9707,73197,82904
13249,Schley County,,GA,324,3917,4241
13251,Screven County,,GA,764,14955,15719
13253,Seminole County,,GA,677,9358,10035
13255,Spalding County,,GA,4877,57698,62575
13257,Stephens County,,GA,1803,25201,27004
13259,Stewart County,,GA,376,4999,5375
13261,Sumter County,,GA,2044,32777,34821
13263,Talbot County,,GA,454,7624,8078
13265,Taliaferro County,,GA,148,1701,1849
13267,Tattnall County,,GA,1155,18042,19197
13269,Taylor County,,GA,547,9421,9968
13271,Telfair County,,GA,768,11243,12011
13273,Terrell County,,GA,741,11215,11956
13275,Thomas County,,GA,2748,43444,46192
13277,Tift County,,GA,2482,39301,41783
13279,Toombs County,,GA,1486,23162,24648
13281,Towns County,,GA,677,9907,10584
13283,Treutlen County,,GA,399,6137,6536
13285,Troup County,,GA,3572,62575,66147
13287,Turner County,,GA,610,9925,10535
13289,Twiggs County,,GA,832,10579,11411
13291,Union County,,GA,1105,18288,19393
13293,Upson County,,GA,1380,27319,28699
13295,Walker County,,GA,4502,64177,68679
13297,Walton County,,GA,4260,54660,58920
13299,Ware County,,GA,2463,32515,34978
13301,Warren County,,GA,398,6181,6579
13303,Washington County,,GA,823,21227,22050
13305,Wayne County,,GA,1370,25964,27334
13307,Webster County,,GA,135,2587,2722
13309,Wheeler County,,GA,377,4752,5129
13311,White County,,GA,1711,22726,24437
13313,Whitfield County,,GA,6739,98962,105701
13315,Wilcox County,,GA,433,7126,7559
13317,Wilkes County,,GA,644,11234,11878
13319,Wilkinson County,,GA,622,10419,11041
13321,Worth County,,GA,1322,18781,20103
15001,Hawaii County,,HI,6361,160703,167064
15003,Honolulu County,,HI,61022,1007605,1068627
15005,Kalawao County,,HI,0,0,0
15007,Kauai County,,HI,2467,66998,69465
15009,Maui County,,HI,7111,149867,156978
16001,Ada County,,ID,23652,361258,384910
16003,Adams County,,ID,340,3909,4249
16005,Bannock County,,ID,6384,80579,86963
16007,Bear Lake County,,ID,408,6879,7287
16009,Benewah County,,ID,831,9889,10720
16011,Bingham County,,ID,3688,48408,52096
16013,Blaine County,,ID,1886,22124,24010
16015,Boise County,,ID,692,6264,6956
16017,Bonner County,,ID,3104,39371,42475
16019,Bonneville County,,ID,6559,94417,100976
16021,Boundary County,,ID,677,10587,11264
16023,Butte County,,ID,279,2957,3236
16025,Camas County,,ID,117,953,1070
16027,Canyon County,,ID,11268,153286,164554
16029,Caribou County,,ID,551,7914,8465
16031,Cassia County,,ID,2343,26287,28630
16033,Clark County,,ID,101,950,1051
16035,Clearwater County,,ID,748,8837,9585
16037,Custer County,,ID,403,4130,4533
16039,Elmore County,,ID,4570,27117,31687
16041,Franklin County,,ID,730,13042,13772
16043,Fremont County,,ID,1415,14892,16307
16045,Gem County,,ID,1444,16113,17557
16047,Gooding County,,ID,1290,14588,15878
16049,Idaho County,,ID,1009,14676,15685
16051,Jefferson County,,ID,1973,22414,24387
16053,Jerome County,,ID,2042,19931,21973
16055,Kootenai County,,ID,7625,124098,131723
16057,Latah County,,ID,3994,33550,37544
16059,Lemhi County,,ID,625,7809,8434
16061,Lewis County,,ID,421,4135,4556
16063,Lincoln County,,ID,521,5341,5862
16065,Madison County,,ID,2656,20908,23564
16067,Minidoka County,,ID,1468,15656,17124
16069,Nez Perce County,,ID,3166,39635,42801
16071,Oneida County,,ID,289,4362,4651
16073,Owyhee County,,ID,1318,9859,11177
16075,Payette County,,ID,2041,21261,23302
16077,Power County,,ID,489,7012,7501
16079,Shoshone County,,ID,1058,12351,13409
16081,Teton County,,ID,801,7268,8069
16083,Twin Falls County,,ID,5348,71220,76568
16085,Valley County,,ID,794,8851,9645
16087,Washington County,,ID,789,9759,10548
17001,Adams County,,IL,3310,79972,83282
17003,Alexander County,,IL,675,8619,9294
17005,Bond County,,IL,1121,18995,20116
17007,Boone County,,IL,4239,56995,61234
17009,Brown County,,IL,349,5987,6336
17011,Bureau County,,IL,2418,43068,45486
17013,Calhoun County,,IL,223,6020,6243
17015,Carroll County,,IL,1185,20452,21637
17017,Cass County,,IL,1118,16681,17799
17019,Champaign County,,IL,14180,188390,202570
17021,Christian County,,IL,1952,44076,46028
17023,Clark County,,IL,1063,19940,21003
17025,Clay County,,IL,906,16609,17515
17027,Clinton County,,IL,2107,44596,46703
17029,Coles County,,IL,3597,52924,56521
17031,Cook County,,IL,277585,5862825,6140410
17033,Crawford County,,IL,949,23305,24254
17035,Cumberland County,,IL,846,12927,13773
17037,DeKalb County,,IL,8818,101243,110061
17039,De Witt County,,IL,1254,20157,21411
17041,Douglas County,,IL,1544,26300,27844
17043,DuPage County,,IL,95753,1194041,1289794
17045,Edgar County,,IL,1138,21823,22961
17047,Edwards County,,IL,462,8671,9133
17049,Effingham County,,IL,2114,43513,45627
17051,Fayette County,,IL,1168,23942,25110
17053,Ford County,,IL,1231,18124,19355
17055,Franklin County,,IL,2076,45072,47148
17057,Fulton County,,IL,1909,44046,45955
17059,Gallatin County,,IL,352,6786,7138
17061,Greene County,,IL,853,16832,17685
17063,Grundy County,,IL,3603,54043,57646
17065,Hamilton County,,IL,321,8030,8351
17067,Hancock County,,IL,1429,24303,25732
17069,Hardin County,,IL,279,4813,5092
17071,Henderson County,,IL,540,9954,10494
17073,Henry County,,IL,3741,66792,70533
17075,Iroquois County,,IL,2226,39165,41391
17077,Jackson County,,IL,5417,53305,58722
17079,Jasper County,,IL,592,12758,13350
17081,Jefferson County,,IL,2223,43067,45290
17083,Jersey County,,IL,1463,28490,29953
17085,Jo Daviess County,,IL,1442,27780,29222
17087,Johnson County,,IL,849,13264,14113
17089,Kane County,,IL,34496,434447,468943
17091,Kankakee County,,IL,5847,121139,126986
17093,Kendall County,,IL,5873,78178,84051
17095,Knox County,,IL,3378,60495,63873
17097,Lake County,,IL,49431,774728,824159
17099,LaSalle County,,IL,6364,131141,137505
17101,Lawrence County,,IL,886,16649,17535
17103,Lee County,,IL,2422,42655,45077
17105,Livingston County,,IL,2475,42709,45184
17107,Logan County,,IL,1779,33108,34887
17109,McDonough County,,IL,2205,31730,33935
17111,McHenry County,,IL,20295,314381,334676
17113,McLean County,,IL,10594,174110,184704
17115,Macon County,,IL,5826,129098,134924
17117,Macoupin County,,IL,2982,55029,58011
17119,Madison County,,IL,15073,308824,323897
17121,Marion County,,IL,2353,45899,48252
17123,Marshall County,,IL,1069,18500,19569
17125,Mason County,,IL,1292,21694,22986
17127,Massac County,,IL,831,17412,18243
17129,Menard County,,IL,1011,15405,16416
17131,Mercer County,,IL,1131,21795,22926
17133,Monroe County,,IL,1850,38831,40681
17135,Montgomery County,,IL,1600,33962,35562
17137,Morgan County,,IL,2213,40572,42785
17139,Moultrie County,,IL,1169,15398,16567
17141,Ogle County,,IL,3940,63048,66988
17143,Peoria County,,IL,12254,208129,220383
17145,Perry County,,IL,1249,23145,24394
17147,Piatt County,,IL,1376,18647,20023
17149,Pike County,,IL,757,18252,19009
17151,Pope County,,IL,270,3765,4035
17153,Pulaski County,,IL,524,7319,7843
17155,Putnam County,,IL,487,7114,7601
17157,Randolph County,,IL,1709,35203,36912
17159,Richland County,,IL,1186,18996,20182
17161,Rock Island County,,IL,8944,169549,178493
17163,St. Clair County,,IL,18257,292265,310522
17165,Saline County,,IL,1177,26618,27795
17167,Sangamon County,,IL,10722,231377,242099
17169,Schuyler County,,IL,402,7998,8400
17171,Scott County,,IL,381,5473,5854
17173,Shelby County,,IL,1423,24067,25490
17175,Stark County,,IL,462,7168,7630
17177,Stephenson County,,IL,2933,60228,63161
17179,Tazewell County,,IL,8556,158429,166985
17181,Union County,,IL,972,19533,20505
17183,Vermilion County,,IL,3961,90798,94759
17185,Wabash County,,IL,733,14390,15123
17187,Warren County,,IL,1284,16236,17520
17189,Washington County,,IL,1015,18231,19246
17191,Wayne County,,IL,890,18426,19316
17193,White County,,IL,759,17088,17847
17195,Whiteside County,,IL,3275,70597,73872
17197,Will County,,IL,34904,603700,638604
17199,Williamson County,,IL,3840,67552,71392
17201,Winnebago County,,IL,15002,329690,344692
17203,Woodford County,,IL,2220,36363,38583
18001,Adams County,,IN,1821,41364,43185
18003,Allen County,,IN,17958,406602,424560
18005,Bartholomew County,,IN,5325,93022,98347
18007,Benton County,,IN,1029,11644,12673
18009,Blackford County,,IN,1149,19424,20573
18011,Boone County,,IN,4460,65243,69703
18013,Brown County,,IN,2005,22026,24031
18015,Carroll County,,IN,2014,28391,30405
18017,Cass County,,IN,2513,48105,50618
18019,Clark County,,IN,8069,115855,123924
18021,Clay County,,IN,1919,32930,34849
18023,Clinton County,,IN,2174,39779,41953
18025,Crawford County,,IN,906,12525,13431
18027,Daviess County,,IN,1345,34242,35587
18029,Dearborn County,,IN,3767,63715,67482
18031,Decatur County,,IN,1967,33859,35826
18033,DeKalb County,,IN,2956,49747,52703
18035,Delaware County,,IN,7744,122630,130374
18037,Dubois County,,IN,2131,56352,58483
18039,Elkhart County,,IN,10537,221391,231928
18041,Fayette County,,IN,1579,28720,30299
18043,Floyd County,,IN,6577,80167,86744
18045,Fountain County,,IN,1486,21932,23418
18047,Franklin County,,IN,2125,34691,36816
18049,Fulton County,,IN,1698,25893,27591
18051,Gibson County,,IN,2009,40549,42558
18053,Grant County,,IN,4145,78394,82539
18055,Greene County,,IN,2054,38053,40107
18057,Hamilton County,,IN,18654,256510,275164
18059,Hancock County,,IN,5493,77183,82676
18061,Harrison County,,IN,2281,43378,45659
18063,Hendricks County,,IN,11291,141566,152857
18065,Henry County,,IN,3105,58696,61801
18067,Howard County,,IN,5371,105171,110542
18069,Huntington County,,IN,2554,47328,49882
18071,Jackson County,,IN,2472,43440,45912
18073,Jasper County,,IN,2381,40314,42695
18075,Jay County,,IN,1354,24666,26020
18077,Jefferson County,,IN,2043,38992,41035
18079,Jennings County,,IN,1889,31007,32896
18081,Johnson County,,IN,11735,141420,153155
18083,Knox County,,IN,2100,41042,43142
18085,Kosciusko County,,IN,5090,90342,95432
18087,LaGrange County,,IN,2460,42806,45266
18089,Lake County,,IN,26753,556439,583192
18091,LaPorte County,,IN,5847,126421,132268
18093,Lawrence County,,IN,2369,53928,56297
18095,Madison County,,IN,7723,148204,155927
18097,Marion County,,IN,68248,947898,1016146
18099,Marshall County,,IN,3312,55774,59086
18101,Martin County,,IN,564,11750,12314
18103,Miami County,,IN,2858,38144,41002
18105,Monroe County,,IN,10710,109806,120516
18107,Montgomery County,,IN,2220,40988,43208
18109,Morgan County,,IN,4858,70934,75792
18111,Newton County,,IN,1111,13080,14191
18113,Noble County,,IN,3387,53363,56750
18115,Ohio County,,IN,496,5985,6481
18117,Orange County,,IN,1180,20725,21905
18119,Owen County,,IN,1856,22401,24257
18121,Parke County,,IN,1251,17013,18264
18123,Perry County,,IN,957,21100,22057
18125,Pike County,,IN,779,12977,13756
18127,Porter County,,IN,10832,164058,174890
18129,Posey County,,IN,2172,35413,37585
18131,Pulaski County,,IN,1017,15337,16354
18133,Putnam County,,IN,2827,38358,41185
18135,Randolph County,,IN,1974,30514,32488
18137,Ripley County,,IN,1620,22428,24048
18139,Rush County,,IN,1344,19104,20448
18141,St. Joseph County,,IN,15483,293407,308890
18143,Scott County,,IN,1612,25657,27269
18145,Shelby County,,IN,2994,46950,49944
18147,Spencer County,,IN,1343,21998,23341
18149,Starke County,,IN,1644,25540,27184
18151,Steuben County,,IN,2592,37125,39717
18153,Sullivan County,,IN,1315,22464,23779
18155,Switzerland County,,IN,751,7642,8393
18157,Tippecanoe County,,IN,12384,146259,158643
18159,Tipton County,,IN,1263,17446,18709
18161,Union County,,IN,411,4966,5377
18163,Vanderburgh County,,IN,10741,190911,201652
18165,Vermillion County,,IN,1268,19072,20340
18167,Vigo County,,IN,6799,109288,116087
18169,Wabash County,,IN,1890,38501,40391
18171,Warren County,,IN,639,9018,9657
18173,Warrick County,,IN,4788,62474,67262
18175,Washington County,,IN,1589,30524,32113
18177,Wayne County,,IN,4085,78591,82676
18179,Wells County,,IN,1784,31711,33495
18181,White County,,IN,1869,25792,27661
18183,Whitley County,,IN,2233,38851,41084
19001,Adair County,,IA,658,11035,11693
19003,Adams County,,IA,340,5450,5790
19005,Allamakee County,,IA,816,17275,18091
19007,Appanoose County,,IA,693,14507,15200
19009,Audubon County,,IA,442,8510,8952
19011,Benton County,,IA,1918,34385,36303
19013,Black Hawk County,,IA,7688,137418,145106
19015,Boone County,,IA,2396,37377,39773
19017,Bremer County,,IA,1585,25839,27424
19019,Buchanan County,,IA,1366,25396,26762
19021,Buena Vista County,,IA,1673,22648,24321
19023,Butler County,,IA,968,18432,19400
19025,Calhoun County,,IA,780,13321,14101
19027,Carroll County,,IA,1216,26854,28070
19029,Cass County,,IA,866,15684,16550
19031,Cedar County,,IA,1565,23862,25427
19033,Cerro Gordo County,,IA,3010,54478,57488
19035,Cherokee County,,IA,826,16616,17442
19037,Chickasaw County,,IA,710,15256,15966
19039,Clarke County,,IA,904,10719,11623
19041,Clay County,,IA,1185,20766,21951
19043,Clayton County,,IA,1130,22758,23888
19045,Clinton County,,IA,2622,59208,61830
19047,Crawford County,,IA,1022,18750,19772
19049,Dallas County,,IA,4305,53291,57596
19051,Davis County,,IA,467,10076,10543
19053,Decatur County,,IA,719,7806,8525
19055,Delaware County,,IA,962,21217,22179
19057,Des Moines County,,IA,2654,48304,50958
19059,Dickinson County,,IA,1110,19911,21021
19061,Dubuque County,,IA,4224,108786,113010
19063,Emmet County,,IA,763,12104,12867
19065,Fayette County,,IA,1351,23127,24478
19067,Floyd County,,IA,920,18355,19275
19069,Franklin County,,IA,806,14463,15269
19071,Fremont County,,IA,715,10159,10874
19073,Greene County,,IA,645,11635,12280
19075,Grundy County,,IA,846,15120,15966
19077,Guthrie County,,IA,760,12105,12865
19079,Hamilton County,,IA,1105,18699,19804
19081,Hancock County,,IA,773,13794,14567
19083,Hardin County,,IA,1099,18741,19840
19085,Harrison County,,IA,959,18377,19336
19087,Henry County,,IA,1286,22865,24151
19089,Howard County,,IA,631,12733,13364
19091,Humboldt County,,IA,649,12427,13076
19093,Ida County,,IA,456,8832,9288
19095,Iowa County,,IA,1108,19913,21021
19097,Jackson County,,IA,1132,22595,23727
19099,Jasper County,,IA,2436,44361,46797
19101,Jefferson County,,IA,1090,17176,18266
19103,Johnson County,,IA,11672,119822,131494
19105,Jones County,,IA,1036,21748,22784
19107,Keokuk County,,IA,742,13136,13878
19109,Kossuth County,,IA,841,20224,21065
19111,Lee County,,IA,1918,40960,42878
19113,Linn County,,IA,11434,225132,236566
19115,Louisa County,,IA,1113,15022,16135
19117,Lucas County,,IA,564,10183,10747
19119,Lyon County,,IA,696,15009,15705
19121,Madison County,,IA,1192,16900,18092
19123,Mahaska County,,IA,1581,27323,28904
19125,Marion County,,IA,1996,34957,36953
19127,Marshall County,,IA,2482,47355,49837
19129,Mills County,,IA,1227,17299,18526
19131,Mitchell County,,IA,435,12433,12868
19133,Monona County,,IA,663,11593,12256
19135,Monroe County,,IA,451,8968,9419
19137,Montgomery County,,IA,739,13128,13867
19139,Muscatine County,,IA,2503,47685,50188
19141,O'Brien County,,IA,1045,16983,18028
19143,Osceola County,,IA,382,6868,7250
19145,Page County,,IA,994,15792,16786
19147,Palo Alto County,,IA,560,10911,11471
19149,Plymouth County,,IA,1417,28449,29866
19151,Pocahontas County,,IA,522,9385,9907
19153,Polk County,,IA,24567,448829,473396
19155,Pottawattamie County,,IA,5565,97340,102905
19157,Poweshiek County,,IA,1182,20695,21877
19159,Ringgold County,,IA,311,5583,5894
19161,Sac County,,IA,615,12116,12731
19163,Scott County,,IA,10607,180628,191235
19165,Shelby County,,IA,720,15239,15959
19167,Sioux County,,IA,1572,36753,38325
19169,Story County,,IA,7763,74531,82294
19171,Tama County,,IA,1060,18220,19280
19173,Taylor County,,IA,522,7526,8048
19175,Union County,,IA,816,12712,13528
19177,Van Buren County,,IA,470,9170,9640
19179,Wapello County,,IA,2357,37203,39560
19181,Warren County,,IA,3110,44704,47814
19183,Washington County,,IA,1418,23425,24843
19185,Wayne County,,IA,460,7275,7735
19187,Webster County,,IA,2291,41787,44078
19189,Winnebago County,,IA,800,13438,14238
19191,Winneshiek County,,IA,1001,21521,22522
19193,Woodbury County,,IA,7124,115770,122894
19195,Worth County,,IA,520,8827,9347
19197,Wright County,,IA,918,15326,16244
20001,Allen County,,KS,989,15526,16515
20003,Anderson County,,KS,739,10062,10801
20005,Atchison County,,KS,1108,19184,20292
20007,Barber County,,KS,371,5934,6305
20009,Barton County,,KS,1933,30919,32852
20011,Bourbon County,,KS,1141,17139,18280
20013,Brown County,,KS,842,12577,13419
20015,Butler County,,KS,4833,67415,72248
20017,Chase County,,KS,171,3265,3436
20019,Chautauqua County,,KS,394,5010,5404
20021,Cherokee County,,KS,1587,25428,27015
20023,Cheyenne County,,KS,154,3537,3691
20025,Clark County,,KS,211,2606,2817
20027,Clay County,,KS,697,11517,12214
20029,Cloud County,,KS,795,10325,11120
20031,Coffey County,,KS,813,10959,11772
20033,Comanche County,,KS,107,2053,2160
20035,Cowley County,,KS,2462,38400,40862
20037,Crawford County,,KS,2678,35853,38531
20039,Decatur County,,KS,248,4130,4378
20041,Dickinson County,,KS,1711,22507,24218
20043,Doniphan County,,KS,673,8530,9203
20045,Douglas County,,KS,9925,98837,108762
20047,Edwards County,,KS,271,3647,3918
20049,Elk County,,KS,261,3183,3444
20051,Ellis County,,KS,2396,29887,32283
20053,Ellsworth County,,KS,452,7179,7631
20055,Finney County,,KS,3518,41442,44960
20057,Ford County,,KS,2774,33368,36142
20059,Franklin County,,KS,1961,28103,30064
20061,Geary County,,KS,9437,35401,44838
20063,Gove County,,KS,214,4017,4231
20065,Graham County,,KS,267,3751,4018
20067,Grant County,,KS,782,9004,9786
20069,Gray County,,KS,692,7112,7804
20071,Greeley County,,KS,95,1625,1720
20073,Greenwood County,,KS,600,7774,8374
20075,Hamilton County,,KS,287,2719,3006
20077,Harper County,,KS,438,6948,7386
20079,Harvey County,,KS,2613,40016,42629
20081,Haskell County,,KS,386,4611,4997
20083,Hodgeman County,,KS,171,2332,2503
20085,Jackson County,,KS,1109,16397,17506
20087,Jefferson County,,KS,1552,20480,22032
20089,Jewell County,,KS,262,4127,4389
20091,Johnson County,,KS,38770,571237,610007
20093,Kearny County,,KS,402,4600,5002
20095,Kingman County,,KS,699,10648,11347
20097,Kiowa County,,KS,322,3531,3853
20099,Labette County,,KS,1451,24892,26343
20101,Lane County,,KS,157,2331,2488
20103,Leavenworth County,,KS,10290,72198,82488
20105,Lincoln County,,KS,325,4202,4527
20107,Linn County,,KS,751,9549,10300
20109,Logan County,,KS,285,3784,4069
20111,Lyon County,,KS,2869,37918,40787
20113,McPherson County,,KS,1871,33762,35633
20115,Marion County,,KS,970,13758,14728
20117,Marshall County,,KS,657,13144,13801
20119,Meade County,,KS,428,5200,5628
20121,Miami County,,KS,1932,27730,29662
20123,Mitchell County,,KS,501,7748,8249
20125,Montgomery County,,KS,2505,36883,39388
20127,Morris County,,KS,445,7206,7651
20129,Morton County,,KS,377,4108,4485
20131,Nemaha County,,KS,556,11929,12485
20133,Neosho County,,KS,1108,17332,18440
20135,Ness County,,KS,232,3818,4050
20137,Norton County,,KS,367,5980,6347
20139,Osage County,,KS,1411,20481,21892
20141,Osborne County,,KS,266,4785,5051
20143,Ottawa County,,KS,655,9581,10236
20145,Pawnee County,,KS,487,6984,7471
20147,Phillips County,,KS,382,7084,7466
20149,Pottawatomie County,,KS,2378,25640,28018
20151,Pratt County,,KS,814,10732,11546
20153,Rawlins County,,KS,188,3169,3357
20155,Reno County,,KS,4019,70672,74691
20157,Republic County,,KS,351,6072,6423
20159,Rice County,,KS,727,10492,11219
20161,Riley County,,KS,7050,40867,47917
20163,Rooks County,,KS,411,6106,6517
20165,Rush County,,KS,264,4003,4267
20167,Russell County,,KS,445,7596,8041
20169,Saline County,,KS,3700,59000,62700
20171,Scott County,,KS,477,5773,6250
20173,Sedgwick County,,KS,26151,516783,542934
20175,Seward County,,KS,2233,23407,25640
20177,Shawnee County,,KS,10182,191200,201382
20179,Sheridan County,,KS,201,3251,3452
20181,Sherman County,,KS,629,6509,7138
20183,Smith County,,KS,259,4659,4918
20185,Stafford County,,KS,328,4715,5043
20187,Stanton County,,KS,209,2441,2650
20189,Stevens County,,KS,396,6062,6458
20191,Sumner County,,KS,1696,25182,26878
20193,Thomas County,,KS,827,8306,9133
20195,Trego County,,KS,149,3402,3551
20197,Wabaunsee County,,KS,546,7191,7737
20199,Wallace County,,KS,154,1874,2028
20201,Washington County,,KS,416,7172,7588
20203,Wichita County,,KS,207,2705,2912
20205,Wilson County,,KS,739,9847,10586
20207,Woodson County,,KS,267,3512,3779
20209,Wyandotte County,,KS,13869,148632,162501
21001,Adair County,,KY,996,17956,18952
21003,Allen County,,KY,1663,25441,27104
21005,Anderson County,,KY,1694,29237,30931
21007,Ballard County,,KY,611,9524,10135
21009,Barren County,,KY,2285,45483,47768
21011,Bath County,,KY,815,13576,14391
21013,Bell County,,KY,1552,25253,26805
21015,Boone County,,KY,11107,119439,130546
21017,Bourbon County,,KY,1669,23890,25559
21019,Boyd County,,KY,3150,54617,57767
21021,Boyle County,,KY,2182,29853,32035
21023,Bracken County,,KY,603,10984,11587
21025,Breathitt County,,KY,659,14825,15484
21027,Breckinridge County,,KY,1437,24413,25850
21029,Bullitt County,,KY,5651,80491,86142
21031,Butler County,,KY,719,13915,14634
21033,Caldwell County,,KY,902,15180,16082
21035,Calloway County,,KY,2232,34047,36279
21037,Campbell County,,KY,7571,95507,103078
21039,Carlisle County,,KY,369,6318,6687
21041,Carroll County,,KY,1024,12003,13027
21043,Carter County,,KY,1364,29650,31014
21045,Casey County,,KY,851,18556,19407
21047,Christian County,,KY,13374,75109,88483
21049,Clark County,,KY,2588,39163,41751
21051,Clay County,,KY,805,18343,19148
21053,Clinton County,,KY,497,10294,10791
21055,Crittenden County,,KY,562,9176,9738
21057,Cumberland County,,KY,339,7036,7375
21059,Daviess County,,KY,4581,106524,111105
21061,Edmonson County,,KY,931,14917,15848
21063,Elliott County,,KY,323,6050,6373
21065,Estill County,,KY,975,18522,19497
21067,Fayette County,,KY,22209,275036,297245
21069,Fleming County,,KY,777,15819,16596
21071,Floyd County,,KY,1710,39181,40891
21073,Franklin County,,KY,3347,52805,56152
21075,Fulton County,,KY,759,7429,8188
21077,Gallatin County,,KY,708,5435,6143
21079,Garrard County,,KY,1915,21418,23333
21081,Grant County,,KY,2456,23871,26327
21083,Graves County,,KY,2064,41448,43512
21085,Grayson County,,KY,1088,22421,23509
21087,Green County,,KY,843,13848,14691
21089,Greenup County,,KY,2179,37509,39688
21091,Hancock County,,KY,608,9109,9717
21093,Hardin County,,KY,11676,108722,120398
21095,Harlan County,,KY,1165,27140,28305
21097,Harrison County,,KY,1210,19728,20938
21099,Hart County,,KY,858,16237,17095
21101,Henderson County,,KY,2644,51124,53768
21103,Henry County,,KY,1335,16753,18088
21105,Hickman County,,KY,280,4149,4429
21107,Hopkins County,,KY,2538,50021,52559
21109,Jackson County,,KY,546,12788,13334
21111,Jefferson County,,KY,37151,794233,831384
21113,Jessamine County,,KY,4220,42725,46945
21115,Johnson County,,KY,1006,21248,22254
21117,Kenton County,,KY,15334,165576,180910
21119,Knott County,,KY,947,15722,16669
21121,Knox County,,KY,1891,34398,36289
21123,Larue County,,KY,1042,13246,14288
21125,Laurel County,,KY,4621,57368,61989
21127,Lawrence County,,KY,695,13656,14351
21129,Lee County,,KY,368,6069,6437
21131,Leslie County,,KY,531,11339,11870
21133,Letcher County,,KY,956,23940,24896
21135,Lewis County,,KY,602,13145,13747
21137,Lincoln County,,KY,1641,23418,25059
21139,Livingston County,,KY,712,9551,10263
21141,Logan County,,KY,1568,29259,30827
21143,Lyon County,,KY,646,7399,8045
21145,McCracken County,,KY,4474,70854,75328
21147,McCreary County,,KY,704,14461,15165
21149,McLean County,,KY,575,10887,11462
21151,Madison County,,KY,5293,66735,72028
21153,Magoffin County,,KY,394,10689,11083
21155,Marion County,,KY,820,19881,20701
21157,Marshall County,,KY,1870,31110,32980
21159,Martin County,,KY,575,10234,10809
21161,Mason County,,KY,1145,16818,17963
21163,Meade County,,KY,1808,25250,27058
21165,Menifee County,,KY,365,6153,6518
21167,Mercer County,,KY,1314,23096,24410
21169,Metcalfe County,,KY,453,8192,8645
21171,Monroe County,,KY,473,10056,10529
21173,Montgomery County,,KY,1613,22547,24160
21175,Morgan County,,KY,533,12236,12769
21177,Muhlenberg County,,KY,1265,34254,35519
21179,Nelson County,,KY,2200,47433,49633
21181,Nicholas County,,KY,322,5248,5570
21183,Ohio County,,KY,1098,24582,25680
21185,Oldham County,,KY,3898,50934,54832
21187,Owen County,,KY,795,10617,11412
21189,Owsley County,,KY,160,3350,3510
21191,Pendleton County,,KY,1133,15809,16942
21193,Perry County,,KY,1199,26688,27887
21195,Pike County,,KY,2567,58308,60875
21197,Powell County,,KY,803,12634,13437
21199,Pulaski County,,KY,2637,57950,60587
21201,Robertson County,,KY,137,2005,2142
21203,Rockcastle County,,KY,818,14672,15490
21205,Rowan County,,KY,1528,17510,19038
21207,Russell County,,KY,587,15670,16257
21209,Scott County,,KY,2667,35057,37724
21211,Shelby County,,KY,2487,37851,40338
21213,Simpson County,,KY,1292,18627,19919
21215,Spencer County,,KY,1141,13386,14527
21217,Taylor County,,KY,1271,21793,23064
21219,Todd County,,KY,832,10271,11103
21221,Trigg County,,KY,659,13692,14351
21223,Trimble County,,KY,668,9321,9989
21225,Union County,,KY,969,16146,17115
21227,Warren County,,KY,6686,91583,98269
21229,Washington County,,KY,622,10691,11313
21231,Wayne County,,KY,842,19040,19882
21233,Webster County,,KY,1059,14816,15875
21235,Whitley County,,KY,1680,29140,30820
21237,Wolfe County,,KY,269,4034,4303
21239,Woodford County,,KY,1797,24099,25896
22001,Acadia Parish,,LA,3541,67135,70676
22003,Allen Parish,,LA,1496,23545,25041
22005,Ascension Parish,,LA,5607,94492,100099
22007,Assumption Parish,,LA,1708,30331,32039
22009,Avoyelles Parish,,LA,1796,42776,44572
22011,Beauregard Parish,,LA,2668,31959,34627
22013,Bienville Parish,,LA,1067,16981,18048
22015,Bossier Parish,,LA,12319,110659,122978
22017,Caddo Parish,,LA,16046,260716,276762
22019,Calcasieu Parish,,LA,9394,205389,214783
22021,Caldwell Parish,,LA,588,10902,11490
22023,Cameron Parish,,LA,719,9433,10152
22025,Catahoula Parish,,LA,617,10607,11224
22027,Claiborne Parish,,LA,942,15894,16836
22029,Concordia Parish,,LA,1210,19671,20881
22031,De Soto Parish,,LA,1707,28178,29885
22033,East Baton Rouge Parish,,LA,25814,423775,449589
22035,East Carroll Parish,,LA,516,7474,7990
22037,East Feliciana Parish,,LA,1459,20100,21559
22039,Evangeline Parish,,LA,1524,32650,34174
22041,Franklin Parish,,LA,1133,21597,22730
22043,Grant Parish,,LA,1554,21139,22693
22045,Iberia Parish,,LA,4233,83891,88124
22047,Iberville Parish,,LA,2193,33857,36050
22049,Jackson Parish,,LA,1812,24513,26325
22051,Jefferson Parish,,LA,33182,487798,520980
22053,Jefferson Davis Parish,,LA,1809,30455,32264
22055,Lafayette Parish,,LA,13947,210603,224550
22057,Lafourche Parish,,LA,5481,109020,114501
22059,La Salle Parish,,LA,689,13929,14618
22061,Lincoln Parish,,LA,2766,30463,33229
22063,Livingston Parish,,LA,6504,110361,116865
22065,Madison Parish,,LA,697,12262,12959
22067,Morehouse Parish,,LA,1819,32655,34474
22069,Natchitoches Parish,,LA,2458,38549,41007
22071,Orleans Parish,,LA,33720,443119,476839
22073,Ouachita Parish,,LA,8968,157801,166769
22075,Plaquemines Parish,,LA,2677,29989,32666
22077,Pointe Coupee Parish,,LA,1295,23166,24461
22079,Rapides Parish,,LA,6417,136359,142776
22081,Red River Parish,,LA,531,8862,9393
22083,Richland Parish,,LA,1407,19627,21034
22085,Sabine Parish,,LA,1247,23106,24353
22087,St. Bernard Parish,,LA,3679,71842,75521
22089,St. Charles Parish,,LA,3870,56280,60150
22091,St. Helena Parish,,LA,1098,14811,15909
22093,St. James Parish,,LA,1131,25701,26832
22095,St. John the Baptist Parish,,LA,3448,47324,50772
22097,St. Landry Parish,,LA,3980,81599,85579
22099,St. Martin Parish,,LA,2865,52693,55558
22101,St. Mary Parish,,LA,3315,56194,59509
22103,St. Tammany Parish,,LA,13077,221005,234082
22105,Tangipahoa Parish,,LA,5394,96544,101938
22107,Tensas Parish,,LA,417,5685,6102
22109,Terrebonne Parish,,LA,5865,105467,111332
22111,Union Parish,,LA,1388,21561,22949
22113,Vermilion Parish,,LA,2791,57642,60433
22115,Vernon Parish,,LA,9632,48795,58427
22117,Washington Parish,,LA,1965,42493,44458
22119,Webster Parish,,LA,2565,41079,43644
22121,West Baton Rouge Parish,,LA,1872,24267,26139
22123,West Carroll Parish,,LA,856,12407,13263
22125,West Feliciana Parish,,LA,795,10253,11048
22127,Winn Parish,,LA,937,13279,14216
23001,Androscoggin County,,ME,6393,116334,122727
23003,Aroostook County,,ME,2987,80781,83768
23005,Cumberland County,,ME,19920,315428,335348
23007,Franklin County,,ME,1755,31577,33332
23009,Hancock County,,ME,2856,59926,62782
23011,Kennebec County,,ME,6693,142062,148755
23013,Knox County,,ME,2256,45394,47650
23015,Lincoln County,,ME,2257,40909,43166
23017,Oxford County,,ME,3155,60954,64109
23019,Penobscot County,,ME,8603,162801,171404
23021,Piscataquis County,,ME,1074,18587,19661
23023,Sagadahoc County,,ME,4134,41062,45196
23025,Somerset County,,ME,2674,48135,50809
23027,Waldo County,,ME,2431,42198,44629
23029,Washington County,,ME,1763,36349,38112
23031,York County,,ME,12789,226456,239245
24001,Allegany County,,MD,2800,76654,79454
24003,Anne Arundel County,,MD,47687,591435,639122
24005,Baltimore County,,MD,64288,916486,980774
24009,Calvert County,,MD,6046,96456,102502
24011,Caroline County,,MD,2358,35130,37488
24013,Carroll County,,MD,10928,208269,219197
24015,Cecil County,,MD,5864,104139,110003
24017,Charles County,,MD,12318,157793,170111
24019,Dorchester County,,MD,1702,33357,35059
24021,Frederick County,,MD,18351,247431,265782
24023,Garrett County,,MD,1307,33296,34603
24025,Harford County,,MD,16974,273951,290925
24027,Howard County,,MD,28914,290106,319020
24029,Kent County,,MD,1320,25231,26551
24031,Montgomery County,,MD,82966,1054867,1137833
24033,Prince George's County,,MD,77049,914712,991761
24035,Queen Anne's County,,MD,3344,45407,48751
24037,St. Mary's County,,MD,7744,104833,112577
24039,Somerset County,,MD,1347,20984,22331
24041,Talbot County,,MD,2528,39864,42392
24043,Washington County,,MD,8003,154042,162045
24045,Wicomico County,,MD,6047,93402,99449
24047,Worcester County,,MD,4494,58268,62762
24510,Baltimore city,,MD,47300,562542,609842
25001,Barnstable County,,MA,14028,268668,282696
25003,Berkshire County,,MA,5793,152996,158789
25005,Bristol County,,MA,26710,618665,645375
25007,Dukes County,,MA,1130,18544,19674
25009,Essex County,,MA,45105,831202,876307
25011,Franklin County,,MA,4699,81253,85952
25013,Hampden County,,MA,18778,514702,533480
25015,Hampshire County,,MA,11712,159752,171464
25017,Middlesex County,,MA,120752,1671004,1791756
25019,Nantucket County,,MA,1029,11443,12472
25021,Norfolk County,,MA,57064,738131,795195
25023,Plymouth County,,MA,29934,562731,592665
25025,Suffolk County,,MA,85185,665701,750886
25027,Worcester County,,MA,38914,894124,933038
26001,Alcona County,,MI,798,12351,13149
26003,Alger County,,MI,524,10190,10714
26005,Allegan County,,MI,7977,126013,133990
26007,Alpena County,,MI,1559,36238,37797
26009,Antrim County,,MI,1913,27225,29138
26011,Arenac County,,MI,1060,19115,20175
26013,Baraga County,,MI,437,8797,9234
26015,Barry County,,MI,3940,69449,73389
26017,Bay County,,MI,5125,133700,138825
26019,Benzie County,,MI,1361,20007,21368
26021,Berrien County,,MI,8951,179790,188741
26023,Branch County,,MI,2975,48688,51663
26025,Calhoun County,,MI,7507,155570,163077
26027,Cass County,,MI,3531,56772,60303
26029,Charlevoix County,,MI,1994,30874,32868
26031,Cheboygan County,,MI,1908,31380,33288
26033,Chippewa County,,MI,2117,38108,40225
26035,Clare County,,MI,2038,33046,35084
26037,Clinton County,,MI,5505,81568,87073
26039,Crawford County,,MI,1002,14592,15594
26041,Delta County,,MI,1724,44747,46471
26043,Dickinson County,,MI,1367,32349,33716
26045,Eaton County,,MI,10612,126749,137361
26047,Emmet County,,MI,2228,37507,39735
26049,Genesee County,,MI,20050,502258,522308
26051,Gladwin County,,MI,1742,28712,30454
26053,Gogebic County,,MI,972,16964,17936
26055,Grand Traverse County,,MI,5977,96467,102444
26057,Gratiot County,,MI,2541,44658,47199
26059,Hillsdale County,,MI,3101,54386,57487
26061,Houghton County,,MI,1910,35802,37712
26063,Huron County,,MI,1816,43523,45339
26065,Ingham County,,MI,24086,286973,311059
26067,Ionia County,,MI,3852,66604,70456
26069,Iosco County,,MI,1901,29457,31358
26071,Iron County,,MI,682,13624,14306
26073,Isabella County,,MI,4761,58538,63299
26075,Jackson County,,MI,7683,177365,185048
26077,Kalamazoo County,,MI,18622,261537,280159
26079,Kalkaska County,,MI,1427,19039,20466
26081,Kent County,,MI,34177,675802,709979
26083,Keweenaw County,,MI,153,2143,2296
26085,Lake County,,MI,888,10555,11443
26087,Lapeer County,,MI,5853,106581,112434
26089,Leelanau County,,MI,1595,25444,27039
26091,Lenawee County,,MI,5102,116180,121282
26093,Livingston County,,MI,11036,201888,212924
26095,Luce County,,MI,425,6501,6926
26097,Mackinac County,,MI,1121,13791,14912
26099,Macomb County,,MI,42474,993216,1035690
26101,Manistee County,,MI,1609,28587,30196
26103,Marquette County,,MI,3065,70838,73903
26105,Mason County,,MI,1597,32726,34323
26107,Mecosta County,,MI,2953,39862,42815
26109,Menominee County,,MI,1336,28309,29645
26111,Midland County,,MI,5482,100995,106477
26113,Missaukee County,,MI,953,16318,17271
26115,Monroe County,,MI,8168,179311,187479
26117,Montcalm County,,MI,4312,68670,72982
26119,Montmorency County,,MI,708,10983,11691
26121,Muskegon County,,MI,6967,190413,197380
26123,Newaygo County,,MI,3329,53389,56718
26125,Oakland County,,MI,84040,1409690,1493730
26127,Oceana County,,MI,1832,29784,31616
26129,Ogemaw County,,MI,1468,23581,25049
26131,Ontonagon County,,MI,367,8412,8779
26133,Osceola County,,MI,1780,25942,27722
26135,Oscoda County,,MI,603,9577,10180
26137,Otsego County,,MI,1937,28077,30014
26139,Ottawa County,,MI,16360,290240,306600
26141,Presque Isle County,,MI,701,16292,16993
26143,Roscommon County,,MI,1848,27631,29479
26145,Saginaw County,,MI,9505,240411,249916
26147,St. Clair County,,MI,8435,197144,205579
26149,St. Joseph County,,MI,3985,71246,75231
26151,Sanilac County,,MI,2594,51505,54099
26153,Schoolcraft County,,MI,422,9709,10131
26155,Shiawassee County,,MI,4622,86079,90701
26157,Tuscola County,,MI,3428,69714,73142
26159,Van Buren County,,MI,5618,84702,90320
26161,Washtenaw County,,MI,30002,345642,375644
26163,Wayne County,,MI,93375,2083102,2176477
26165,Wexford County,,MI,2331,35616,37947
27001,Aitkin County,,MN,887,16872,17759
27003,Anoka County,,MN,27216,376084,403300
27005,Becker County,,MN,2064,41284,43348
27007,Beltrami County,,MN,2707,45516,48223
27009,Benton County,,MN,5460,54759,60219
27011,Big Stone County,,MN,381,6461,6842
27013,Blue Earth County,,MN,5227,62745,67972
27015,Brown County,,MN,1632,33904,35536
27017,Carlton County,,MN,1848,39662,41510
27019,Carver County,,MN,6969,93238,100207
27021,Cass County,,MN,2896,40059,42955
27023,Chippewa County,,MN,1044,17510,18554
27025,Chisago County,,MN,4022,63242,67264
27027,Clay County,,MN,3818,54639,58457
27029,Clearwater County,,MN,485,8088,8573
27031,Cook County,,MN,439,6025,6464
27033,Cottonwood County,,MN,773,15090,15863
27035,Crow Wing County,,MN,3468,57776,61244
27037,Dakota County,,MN,35651,456654,492305
27039,Dodge County,,MN,1539,28028,29567
27041,Douglas County,,MN,2169,44606,46775
27043,Faribault County,,MN,1124,20016,21140
27045,Fillmore County,,MN,1442,26577,28019
27047,Freeborn County,,MN,1814,37876,39690
27049,Goodhue County,,MN,3085,52787,55872
27051,Grant County,,MN,503,8294,8797
27053,Hennepin County,,MN,96889,1261950,1358839
27055,Houston County,,MN,1176,24969,26145
27057,Hubbard County,,MN,1070,15937,17007
27059,Isanti County,,MN,3136,42503,45639
27061,Itasca County,,MN,2166,50639,52805
27063,Jackson County,,MN,615,13086,13701
27065,Kanabec County,,MN,1345,18884,20229
27067,Kandiyohi County,,MN,2809,51582,54391
27069,Kittson County,,MN,287,5688,5975
27071,Koochiching County,,MN,759,16324,17083
27073,Lac qui Parle County,,MN,454,8875,9329
27075,Lake County,,MN,746,14076,14822
27077,Lake of the Woods County,,MN,251,4620,4871
27079,Le Sueur County,,MN,2284,36075,38359
27081,Lincoln County,,MN,385,6645,7030
27083,Lyon County,,MN,2038,30174,32212
27085,McLeod County,,MN,2474,45386,47860
27087,Mahnomen County,,MN,349,4754,5103
27089,Marshall County,,MN,640,12559,13199
27091,Martin County,,MN,1348,26143,27491
27093,Meeker County,,MN,1733,27922,29655
27095,Mille Lacs County,,MN,1909,25302,27211
27097,Morrison County,,MN,2058,38991,41049
27099,Mower County,,MN,2166,44702,46868
27101,Murray County,,MN,531,11846,12377
27103,Nicollet County,,MN,3127,29366,32493
27105,Nobles County,,MN,1353,24210,25563
27107,Norman County,,MN,518,8486,9004
27109,Olmsted County,,MN,9716,158477,168193
27111,Otter Tail County,,MN,3348,63685,67033
27113,Pennington County,,MN,966,15126,16092
27115,Pine County,,MN,1873,25888,27761
27117,Pipestone County,,MN,670,9616,10286
27119,Polk County,,MN,2130,34285,36415
27121,Pope County,,MN,741,12448,13189
27123,Ramsey County,,MN,55286,539004,594290
27125,Red Lake County,,MN,303,4866,5169
27127,Redwood County,,MN,1013,19600,20613
27129,Renville County,,MN,1254,20221,21475
27131,Rice County,,MN,3944,59322,63266
27133,Rock County,,MN,722,11545,12267
27135,Roseau County,,MN,925,20260,21185
27137,St. Louis County,,MN,9952,214626,224578
27139,Scott County,,MN,9364,118988,128352
27141,Sherburne County,,MN,6642,80053,86695
27143,Sibley County,,MN,967,15037,16004
27145,Stearns County,,MN,10290,142945,153235
27147,Steele County,,MN,2603,41177,43780
27149,Stevens County,,MN,579,9719,10298
27151,Swift County,,MN,856,11471,12327
27153,Todd County,,MN,1374,23788,25162
27155,Traverse County,,MN,198,4370,4568
27157,Wabasha County,,MN,1565,25789,27354
27159,Wadena County,,MN,855,11874,12729
27161,Waseca County,,MN,1537,21121,22658
27163,Washington County,,MN,20146,240908,261054
27165,Watonwan County,,MN,819,12383,13202
27167,Wilkin County,,MN,647,8400,9047
27169,Winona County,,MN,3181,49867,53048
27171,Wright County,,MN,7389,112863,120252
27173,Yellow Medicine County,,MN,647,10606,11253
28001,Adams County,,MS,2344,33251,35595
28003,Alcorn County,,MS,1842,37950,39792
28005,Amite County,,MS,1167,16127,17294
28007,Attala County,,MS,1203,20905,22108
28009,Benton County,,MS,736,9602,10338
28011,Bolivar County,,MS,2513,38071,40584
28013,Calhoun County,,MS,821,17182,18003
28015,Carroll County,,MS,1092,14225,15317
28017,Chickasaw County,,MS,1204,21861,23065
28019,Choctaw County,,MS,621,7691,8312
28021,Claiborne County,,MS,650,11097,11747
28023,Clarke County,,MS,1607,25383,26990
28025,Clay County,,MS,1184,22572,23756
28027,Coahoma County,,MS,1765,30890,32655
28029,Copiah County,,MS,1717,32472,34189
28031,Covington County,,MS,1370,20693,22063
28033,DeSoto County,,MS,10306,147750,158056
28035,Forrest County,,MS,8057,81659,89716
28037,Franklin County,,MS,416,7538,7954
28039,George County,,MS,1364,23994,25358
28041,Greene County,,MS,699,8862,9561
28043,Grenada County,,MS,1579,24623,26202
28045,Hancock County,,MS,3481,46695,50176
28047,Harrison County,,MS,18982,193172,212154
28049,Hinds County,,MS,16752,258762,275514
28051,Holmes County,,MS,1134,19164,20298
28053,Humphreys County,,MS,685,11135,11820
28055,Issaquena County,,MS,130,963,1093
28057,Itawamba County,,MS,2081,30457,32538
28059,Jackson County,,MS,10344,136403,146747
28061,Jasper County,,MS,1214,18415,19629
28063,Jefferson County,,MS,346,6950,7296
28065,Jefferson Davis County,,MS,924,13375,14299
28067,Jones County,,MS,3178,64357,67535
28069,Kemper County,,MS,784,12131,12915
28071,Lafayette County,,MS,3300,34806,38106
28073,Lamar County,,MS,2901,35993,38894
28075,Lauderdale County,,MS,5476,75727,81203
28077,Lawrence County,,MS,946,15852,16798
28079,Leake County,,MS,1254,22046,23300
28081,Lee County,,MS,5727,85836,91563
28083,Leflore County,,MS,2176,31637,33813
28085,Lincoln County,,MS,1869,32860,34729
28087,Lowndes County,,MS,4968,62696,67664
28089,Madison County,,MS,7764,82907,90671
28091,Marion County,,MS,1407,29729,31136
28093,Marshall County,,MS,1965,25532,27497
28095,Monroe County,,MS,1889,38548,40437
28097,Montgomery County,,MS,732,11004,11736
28099,Neshoba County,,MS,1494,30251,31745
28101,Newton County,,MS,1274,23051,24325
28103,Noxubee County,,MS,564,12811,13375
28105,Oktibbeha County,,MS,3864,34767,38631
28107,Panola County,,MS,1962,36841,38803
28109,Pearl River County,,MS,2751,49196,51947
28111,Perry County,,MS,750,12170,12920
28113,Pike County,,MS,2394,36318,38712
28115,Pontotoc County,,MS,1558,23890,25448
28117,Prentiss County,,MS,1244,22486,23730
28119,Quitman County,,MS,551,8558,9109
28121,Rankin County,,MS,9895,132075,141970
28123,Scott County,,MS,1601,26245,27846
28125,Sharkey County,,MS,507,6286,6793
28127,Simpson County,,MS,1563,23140,24703
28129,Smith County,,MS,825,13842,14667
28131,Stone County,,MS,864,11074,11938
28133,Sunflower County,,MS,1859,27412,29271
28135,Tallahatchie County,,MS,841,14521,15362
28137,Tate County,,MS,2024,28285,30309
28139,Tippah County,,MS,1197,22103,23300
28141,Tishomingo County,,MS,1076,18224,19300
28143,Tunica County,,MS,1331,11462,12793
28145,Union County,,MS,1621,25956,27577
28147,Walthall County,,MS,752,11039,11791
28149,Warren County,,MS,3125,56258,59383
28151,Washington County,,MS,3692,60612,64304
28153,Wayne County,,MS,928,19039,19967
28155,Webster County,,MS,794,12049,12843
28157,Wilkinson County,,MS,490,8455,8945
28159,Winston County,,MS,1011,19588,20599
28161,Yalobusha County,,MS,990,14633,15623
28163,Yazoo County,,MS,1529,26526,28055
29001,Adair County,,MO,1926,22120,24046
29003,Andrew County,,MO,1931,21274,23205
29005,Atchison County,,MO,347,6756,7103
29007,Audrain County,,MO,1734,28018,29752
29009,Barry County,,MO,2913,39440,42353
29011,Barton County,,MO,1070,16461,17531
29013,Bates County,,MO,1447,19690,21137
29015,Benton County,,MO,1141,17876,19017
29017,Bollinger County,,MO,839,12835,13674
29019,Boone County,,MO,11572,144273,155845
29021,Buchanan County,,MO,5759,90540,96299
29023,Butler County,,MO,2831,45832,48663
29025,Caldwell County,,MO,889,10906,11795
29027,Callaway County,,MO,3234,43908,47142
29029,Camden County,,MO,3593,40528,44121
29031,Cape Girardeau County,,MO,4658,76241,80899
29033,Carroll County,,MO,615,11455,12070
29035,Carter County,,MO,529,6130,6659
29037,Cass County,,MO,7503,102103,109606
29039,Cedar County,,MO,1057,14029,15086
29041,Chariton County,,MO,551,9541,10092
29043,Christian County,,MO,7391,74668,82059
29045,Clark County,,MO,446,8553,8999
29047,Clay County,,MO,18587,233534,252121
29049,Clinton County,,MO,1945,21275,23220
29051,Cole County,,MO,5563,82176,87739
29053,Cooper County,,MO,1242,17882,19124
29055,Crawford County,,MO,1704,26183,27887
29057,Dade County,,MO,667,8887,9554
29059,Dallas County,,MO,1173,16875,18048
29061,Daviess County,,MO,652,9829,10481
29063,DeKalb County,,MO,592,7899,8491
29065,Dent County,,MO,917,13888,14805
29067,Douglas County,,MO,1050,14436,15486
29069,Dunklin County,,MO,2139,31925,34064
29071,Franklin County,,MO,5620,114063,119683
29073,Gasconade County,,MO,1152,18119,19271
29075,Gentry County,,MO,497,8057,8554
29077,Greene County,,MO,20678,263895,284573
29079,Grundy County,,MO,747,10633,11380
29081,Harrison County,,MO,528,9136,9664
29083,Henry County,,MO,1633,25051,26684
29085,Hickory County,,MO,595,8605,9200
29087,Holt County,,MO,354,6425,6779
29089,Howard County,,MO,792,10084,10876
29091,Howell County,,MO,2399,42828,45227
29093,Iron County,,MO,891,10819,11710
29095,Jackson County,,MO,45878,711689,757567
29097,Jasper County,,MO,7866,117021,124887
29099,Jefferson County,,MO,13868,244366,258234
29101,Johnson County,,MO,6286,50532,56818
29103,Knox County,,MO,404,4880,5284
29105,Laclede County,,MO,2157,36627,38784
29107,Lafayette County,,MO,2368,33620,35988
29109,Lawrence County,,MO,2844,34737,37581
29111,Lewis County,,MO,660,10560,11220
29113,Lincoln County,,MO,3470,50640,54110
29115,Linn County,,MO,949,15908,16857
29117,Livingston County,,MO,1007,15156,16163
29119,McDonald County,,MO,1842,19923,21765
29121,Macon County,,MO,1063,18322,19385
29123,Madison County,,MO,827,12721,13548
29125,Maries County,,MO,512,9058,9570
29127,Marion County,,MO,1859,32460,34319
29129,Mercer County,,MO,301,3750,4051
29131,Miller County,,MO,1695,24083,25778
29133,Mississippi County,,MO,895,13442,14337
29135,Moniteau County,,MO,999,15209,16208
29137,Monroe County,,MO,618,10394,11012
29139,Montgomery County,,MO,911,13170,14081
29141,Morgan County,,MO,1562,19420,20982
29143,New Madrid County,,MO,1348,19029,20377
29145,Newton County,,MO,3894,49740,53634
29147,Nodaway County,,MO,1372,20548,21920
29149,Oregon County,,MO,665,9278,9943
29151,Osage County,,MO,741,14466,15207
29153,Ozark County,,MO,718,8757,9475
29155,Pemiscot County,,MO,1208,18972,20180
29157,Perry County,,MO,1029,20270,21299
29159,Pettis County,,MO,2975,44484,47459
29161,Phelps County,,MO,3355,43034,46389
29163,Pike County,,MO,1041,18221,19262
29165,Platte County,,MO,11357,86315,97672
29167,Polk County,,MO,2057,24977,27034
29169,Pulaski County,,MO,7188,37819,45007
29171,Putnam County,,MO,353,5463,5816
29173,Ralls County,,MO,688,10181,10869
29175,Randolph County,,MO,1486,24705,26191
29177,Ray County,,MO,1598,20828,22426
29179,Reynolds County,,MO,395,6343,6738
29181,Ripley County,,MO,793,13328,14121
29183,St. Charles County,,MO,21523,374829,396352
29185,St. Clair County,,MO,666,8435,9101
29186,Ste. Genevieve County,,MO,1537,23247,24784
29187,St. Francois County,,MO,3153,57497,60650
29189,St. Louis County,,MO,78996,1199199,1278195
29195,Saline County,,MO,1299,22565,23864
29197,Schuyler County,,MO,265,4364,4629
29199,Scotland County,,MO,234,4950,5184
29201,Scott County,,MO,2979,44456,47435
29203,Shannon County,,MO,419,8036,8455
29205,Shelby County,,MO,498,7501,7999
29207,Stoddard County,,MO,1873,31705,33578
29209,Stone County,,MO,2852,27534,30386
29211,Sullivan County,,MO,595,6934,7529
29213,Taney County,,MO,4045,40678,44723
29215,Texas County,,MO,1448,19492,20940
29217,Vernon County,,MO,1390,21199,22589
29219,Warren County,,MO,2158,28088,30246
29221,Washington County,,MO,1290,20277,21567
29223,Wayne County,,MO,639,8298,8937
29225,Webster County,,MO,2150,29821,31971
29227,Worth County,,MO,129,2251,2380
29229,Wright County,,MO,1356,17397,18753
29510,St. Louis city,,MO,36980,307855,344835
30001,Beaverhead County,,MT,878,8865,9743
30003,Big Horn County,,MT,751,12258,13009
30005,Blaine County,,MT,549,6798,7347
30007,Broadwater County,,MT,347,4414,4761
30009,Carbon County,,MT,1078,10784,11862
30011,Carter County,,MT,65,1358,1423
30013,Cascade County,,MT,7020,90030,97050
30015,Chouteau County,,MT,309,5216,5525
30017,Custer County,,MT,789,12797,13586
30019,Daniels County,,MT,194,2309,2503
30021,Dawson County,,MT,694,9938,10632
30023,Deer Lodge County,,MT,555,9941,10496
30025,Fallon County,,MT,174,3374,3548
30027,Fergus County,,MT,799,13138,13937
30029,Flathead County,,MT,5164,90290,95454
30031,Gallatin County,,MT,6946,78280,85226
30033,Garfield County,,MT,91,1374,1465
30035,Glacier County,,MT,686,13966,14652
30037,Golden Valley County,,MT,58,1096,1154
30039,Granite County,,MT,314,3153,3467
30041,Hill County,,MT,1234,18116,19350
30043,Jefferson County,,MT,1059,11317,12376
30045,Judith Basin County,,MT,175,2309,2484
30047,Lake County,,MT,1695,26294,27989
30049,Lewis and Clark County,,MT,4212,65816,70028
30051,Liberty County,,MT,154,2340,2494
30053,Lincoln County,,MT,1442,19000,20442
30055,McCone County,,MT,98,1778,1876
30057,Madison County,,MT,519,6570,7089
30059,Meagher County,,MT,141,2376,2517
30061,Mineral County,,MT,499,4372,4871
30063,Missoula County,,MT,9152,103552,112704
30065,Musselshell County,,MT,414,4535,4949
30067,Park County,,MT,1486,16471,17957
30069,Petroleum County,,MT,0,0,0
30071,Phillips County,,MT,336,4703,5039
30073,Pondera County,,MT,531,7149,7680
30075,Powder River County,,MT,110,1709,1819
30077,Powell County,,MT,481,5775,6256
30079,Prairie County,,MT,66,1379,1445
30081,Ravalli County,,MT,2941,37683,40624
30083,Richland County,,MT,695,10844,11539
30085,Roosevelt County,,MT,590,11504,12094
30087,Rosebud County,,MT,818,10714,11532
30089,Sanders County,,MT,725,10235,10960
30091,Sheridan County,,MT,217,4315,4532
30093,Silver Bow County,,MT,2360,35548,37908
30095,Stillwater County,,MT,892,9668,10560
30097,Sweet Grass County,,MT,320,3677,3997
30099,Teton County,,MT,525,7457,7982
30101,Toole County,,MT,400,5399,5799
30103,Treasure County,,MT,0,0,0
30105,Valley County,,MT,466,8492,8958
30107,Wheatland County,,MT,170,2213,2383
30109,Wibaux County,,MT,69,1134,1203
30111,Yellowstone County,,MT,8116,151470,159586
31001,Adams County,,NE,2146,33923,36069
31003,Antelope County,,NE,512,8892,9404
31005,Arthur County,,NE,0,0,0
31007,Banner County,,NE,88,968,1056
31009,Blaine County,,NE,0,0,0
31011,Boone County,,NE,311,7071,7382
31013,Box Butte County,,NE,1004,14417,15421
31015,Boyd County,,NE,142,2969,3111
31017,Brown County,,NE,259,3967,4226
31019,Buffalo County,,NE,3544,47995,51539
31021,Burt County,,NE,551,9077,9628
31023,Butler County,,NE,805,12510,13315
31025,Cass County,,NE,2385,30201,32586
31027,Cedar County,,NE,671,13084,13755
31029,Chase County,,NE,351,4956,5307
31031,Cherry County,,NE,465,6997,7462
31033,Cheyenne County,,NE,829,11825,12654
31035,Clay County,,NE,500,7851,8351
31037,Colfax County,,NE,1031,15010,16041
31039,Cuming County,,NE,720,12656,13376
31041,Custer County,,NE,750,13805,14555
31043,Dakota County,,NE,2415,23966,26381
31045,Dawes County,,NE,929,8858,9787
31047,Dawson County,,NE,2198,28816,31014
31049,Deuel County,,NE,200,2294,2494
31051,Dixon County,,NE,476,6958,7434
31053,Dodge County,,NE,2518,41863,44381
31055,Douglas County,,NE,32976,558462,591438
31057,Dundy County,,NE,140,2438,2578
31059,Fillmore County,,NE,442,8669,9111
31061,Franklin County,,NE,287,4169,4456
31063,Frontier County,,NE,302,3045,3347
31065,Furnas County,,NE,482,6125,6607
31067,Gage County,,NE,1553,27348,28901
31069,Garden County,,NE,201,2404,2605
31071,Garfield County,,NE,156,2338,2494
31073,Gosper County,,NE,197,2201,2398
31075,Grant County,,NE,96,1145,1241
31077,Greeley County,,NE,274,3462,3736
31079,Hall County,,NE,4019,62426,66445
31081,Hamilton County,,NE,893,12042,12935
31083,Harlan County,,NE,278,3981,4259
31085,Hayes County,,NE,57,1306,1363
31087,Hitchcock County,,NE,280,3363,3643
31089,Holt County,,NE,705,12376,13081
31091,Hooker County,,NE,62,1070,1132
31093,Howard County,,NE,544,7428,7972
31095,Jefferson County,,NE,531,9290,9821
31097,Johnson County,,NE,338,5279,5617
31099,Kearney County,,NE,468,7028,7496
31101,Keith County,,NE,727,9478,10205
31103,Keya Paha County,,NE,74,1180,1254
31105,Kimball County,,NE,324,4115,4439
31107,Knox County,,NE,453,9854,10307
31109,Lancaster County,,NE,16854,296826,313680
31111,Lincoln County,,NE,2263,40868,43131
31113,Logan County,,NE,86,891,977
31115,Loup County,,NE,0,0,0
31117,McPherson County,,NE,0,0,0
31119,Madison County,,NE,3413,45345,48758
31121,Merrick County,,NE,618,8577,9195
31123,Morrill County,,NE,409,5373,5782
31125,Nance County,,NE,278,4028,4306
31127,Nemaha County,,NE,614,8633,9247
31129,Nuckolls County,,NE,314,5808,6122
31131,Otoe County,,NE,1171,17478,18649
31133,Pawnee County,,NE,183,3094,3277
31135,Perkins County,,NE,169,3522,3691
31137,Phelps County,,NE,790,11321,12111
31139,Pierce County,,NE,568,7762,8330
31141,Platte County,,NE,2112,36067,38179
31143,Polk County,,NE,417,6218,6635
31145,Red Willow County,,NE,924,12679,13603
31147,Richardson County,,NE,519,9726,10245
31149,Rock County,,NE,89,1614,1703
31151,Saline County,,NE,1163,14477,15640
31153,Sarpy County,,NE,16852,135948,152800
31155,Saunders County,,NE,1390,20173,21563
31157,Scotts Bluff County,,NE,2531,40207,42738
31159,Seward County,,NE,1251,18283,19534
31161,Sheridan County,,NE,422,6585,7007
31163,Sherman County,,NE,225,4066,4291
31165,Sioux County,,NE,0,0,0
31167,Stanton County,,NE,292,3772,4064
31169,Thayer County,,NE,422,6281,6703
31171,Thomas County,,NE,84,940,1024
31173,Thurston County,,NE,436,7194,7630
31175,Valley County,,NE,287,4586,4873
31177,Washington County,,NE,1642,21589,23231
31179,Wayne County,,NE,764,7784,8548
31181,Webster County,,NE,289,4256,4545
31183,Wheeler County,,NE,0,0,0
31185,York County,,NE,1093,15611,16704
32001,Churchill County,,NV,2970,24858,27828
32003,Clark County,,NV,85326,1652174,1737500
32005,Douglas County,,NV,5101,51589,56690
32007,Elko County,,NV,4129,47632,51761
32009,Esmeralda County,,NV,86,832,918
32011,Eureka County,,NV,194,1499,1693
32013,Humboldt County,,NV,1313,17400,18713
32015,Lander County,,NV,476,5568,6044
32017,Lincoln County,,NV,349,4059,4408
32019,Lyon County,,NV,4595,41694,46289
32021,Mineral County,,NV,424,5020,5444
32023,Nye County,,NV,3453,34437,37890
32027,Pershing County,,NV,387,4430,4817
32029,Storey County,,NV,1011,9833,10844
32031,Washoe County,,NV,24607,399238,423845
32033,White Pine County,,NV,785,8388,9173
32510,Carson City,,NV,6111,57098,63209
33001,Belknap County,,NH,4942,72177,77119
33003,Carroll County,,NH,3443,53419,56862
33005,Cheshire County,,NH,4833,87126,91959
33007,Coos County,,NH,1907,39239,41146
33009,Grafton County,,NH,7317,93574,100891
33011,Hillsborough County,,NH,29086,467227,496313
33013,Merrimack County,,NH,11641,164217,175858
33015,Rockingham County,,NH,25799,351446,377245
33017,Strafford County,,NH,9896,130300,140196
33019,Sullivan County,,NH,3049,47943,50992
34001,Atlantic County,,NJ,13612,327785,341397
34003,Bergen County,,NJ,60031,1036655,1096686
34005,Burlington County,,NJ,31487,527948,559435
34007,Camden County,,NJ,31963,588771,620734
34009,Cape May County,,NJ,7802,114457,122259
34011,Cumberland County,,NJ,5707,157364,163071
34013,Essex County,,NJ,56573,825005,881578
34015,Gloucester County,,NJ,15268,306490,321758
34017,Hudson County,,NJ,61007,638927,699934
34019,Hunterdon County,,NJ,9592,154518,164110
34021,Mercer County,,NJ,24562,402132,426694
34023,Middlesex County,,NJ,66344,901096,967440
34025,Monmouth County,,NJ,38008,722783,760791
34027,Morris County,,NJ,37340,573350,610690
34029,Ocean County,,NJ,27717,627186,654903
34031,Passaic County,,NJ,35980,562777,598757
34033,Salem County,,NJ,3633,75441,79074
34035,Somerset County,,NJ,29160,348857,378017
34037,Sussex County,,NJ,10427,179113,189540
34039,Union County,,NJ,43988,600120,644108
34041,Warren County,,NJ,8739,122594,131333
35001,Bernalillo County,,NM,38247,622078,660325
35003,Catron County,,NM,259,2828,3087
35005,Chaves County,,NM,3920,60544,64464
35006,Cibola County,,NM,1781,23389,25170
35007,Colfax County,,NM,1108,14372,15480
35009,Curry County,,NM,5223,46040,51263
35011,De Baca County,,NM,219,2115,2334
35013,Dona Ana County,,NM,12428,185854,198282
35015,Eddy County,,NM,3013,53198,56211
35017,Grant County,,NM,2569,29481,32050
35019,Guadalupe County,,NM,375,4475,4850
35021,Harding County,,NM,29,712,741
35023,Hidalgo County,,NM,473,4833,5306
35025,Lea County,,NM,3396,58030,61426
35027,Lincoln County,,NM,1863,19111,20974
35028,Los Alamos County,,NM,1956,23054,25010
35029,Luna County,,NM,1724,24632,26356
35031,McKinley County,,NM,9157,84975,94132
35033,Mora County,,NM,388,5033,5421
35035,Otero County,,NM,5618,55165,60783
35037,Quay County,,NM,803,9044,9847
35039,Rio Arriba County,,NM,2827,43030,45857
35041,Roosevelt County,,NM,1944,16801,18745
35043,Sandoval County,,NM,10022,104070,114092
35045,San Juan County,,NM,12029,137788,149817
35047,San Miguel County,,NM,1797,26796,28593
35049,Santa Fe County,,NM,10276,135668,145944
35051,Sierra County,,NM,960,10583,11543
35053,Socorro County,,NM,1348,16457,17805
35055,Taos County,,NM,2009,31818,33827
35057,Torrance County,,NM,1251,12926,14177
35059,Union County,,NM,340,4196,4536
35061,Valencia County,,NM,5202,68460,73662
36001,Albany County,,NY,22243,339615,361858
36003,Allegany County,,NY,2923,55297,58220
36005,Bronx County,,NY,92393,1280077,1372470
36007,Broome County,,NY,10200,229632,239832
36009,Cattaraugus County,,NY,4597,90242,94839
36011,Cayuga County,,NY,4259,93195,97454
36013,Chautauqua County,,NY,5619,147419,153038
36015,Chemung County,,NY,4813,103463,108276
36017,Chenango County,,NY,2886,54812,57698
36019,Clinton County,,NY,2957,92388,95345
36021,Columbia County,,NY,3405,73280,76685
36023,Cortland County,,NY,2971,52233,55204
36025,Delaware County,,NY,2703,48647,51350
36027,Dutchess County,,NY,16450,321586,338036
36029,Erie County,,NY,31150,1065220,1096370
36031,Essex County,,NY,2269,39566,41835
36033,Franklin County,,NY,2196,50611,52807
36035,Fulton County,,NY,2583,60710,63293
36037,Genesee County,,NY,3638,75714,79352
36039,Greene County,,NY,2648,51572,54220
36041,Hamilton County,,NY,383,5840,6223
36043,Herkimer County,,NY,3261,71592,74853
36045,Jefferson County,,NY,13326,117957,131283
36047,Kings County,,NY,158716,2329163,2487879
36049,Lewis County,,NY,1309,28095,29404
36051,Livingston County,,NY,3956,73131,77087
36053,Madison County,,NY,4783,78709,83492
36055,Monroe County,,NY,31923,862308,894231
36057,Montgomery County,,NY,3228,61530,64758
36059,Nassau County,,NY,78907,1607803,1686710
36061,New York County,,NY,159245,1505009,1664254
36063,Niagara County,,NY,9813,254312,264125
36065,Oneida County,,NY,9476,259002,268478
36067,Onondaga County,,NY,21710,518909,540619
36069,Ontario County,,NY,6721,122115,128836
36071,Orange County,,NY,23123,412717,435840
36073,Orleans County,,NY,2407,46581,48988
36075,Oswego County,,NY,6390,134617,141007
36077,Otsego County,,NY,3572,65219,68791
36079,Putnam County,,NY,7959,113413,121372
36081,Queens County,,NY,158864,2246788,2405652
36083,Rensselaer County,,NY,10601,176195,186796
36085,Richmond County,,NY,25440,494559,519999
36087,Rockland County,,NY,17670,336064,353734
36089,St. Lawrence County,,NY,4287,113003,117290
36091,Saratoga County,,NY,16507,250770,267277
36093,Schenectady County,,NY,9971,162536,172507
36095,Schoharie County,,NY,1657,29809,31466
36097,Schuyler County,,NY,1319,22222,23541
36099,Seneca County,,NY,2242,36783,39025
36101,Steuben County,,NY,5355,109319,114674
36103,Suffolk County,,NY,67541,1766920,1834461
36105,Sullivan County,,NY,4637,78329,82966
36107,Tioga County,,NY,3656,59040,62696
36109,Tompkins County,,NY,7858,88896,96754
36111,Ulster County,,NY,9369,182740,192109
36113,Warren County,,NY,4994,75358,80352
36115,Washington County,,NY,3568,61802,65370
36117,Wayne County,,NY,5721,108446,114167
36119,Westchester County,,NY,58247,1033560,1091807
36121,Wyoming County,,NY,2376,42492,44868
36123,Yates County,,NY,1316,23662,24978
37001,Alamance County,,NC,7507,166938,174445
37003,Alexander County,,NC,2215,38372,40587
37005,Alleghany County,,NC,534,11524,12058
37007,Anson County,,NC,1295,27158,28453
37009,Ashe County,,NC,1009,26499,27508
37011,Avery County,,NC,1260,18057,19317
37013,Beaufort County,,NC,2926,54464,57390
37015,Bertie County,,NC,1156,22259,23415
37017,Bladen County,,NC,2644,40166,42810
37019,Brunswick County,,NC,5472,81349,86821
37021,Buncombe County,,NC,14570,240751,255321
37023,Burke County,,NC,5017,96994,102011
37025,Cabarrus County,,NC,13744,194246,207990
37027,Caldwell County,,NC,4217,91108,95325
37029,Camden County,,NC,909,11094,12003
37031,Carteret County,,NC,4638,66738,71376
37033,Caswell County,,NC,2038,30052,32090
37035,Catawba County,,NC,11523,189528,201051
37037,Chatham County,,NC,6909,81266,88175
37039,Cherokee County,,NC,1324,24743,26067
37041,Chowan County,,NC,886,16491,17377
37043,Clay County,,NC,629,9101,9730
37045,Cleveland County,,NC,6276,115628,121904
37047,Columbus County,,NC,2215,52109,54324
37049,Craven County,,NC,12238,103836,116074
37051,Cumberland County,,NC,43380,323149,366529
37053,Currituck County,,NC,1652,20046,21698
37055,Dare County,,NC,3043,35112,38155
37057,Davidson County,,NC,10850,203016,213866
37059,Davie County,,NC,2426,40698,43124
37061,Duplin County,,NC,2995,54366,57361
37063,Durham County,,NC,23704,242727,266431
37065,Edgecombe County,,NC,5023,63978,69001
37067,Forsyth County,,NC,20251,336623,356874
37069,Franklin County,,NC,5034,62657,67691
37071,Gaston County,,NC,11905,218277,230182
37073,Gates County,,NC,670,10271,10941
37075,Graham County,,NC,349,8265,8614
37077,Granville County,,NC,3563,52344,55907
37079,Greene County,,NC,2023,25594,27617
37081,Guilford County,,NC,29786,467687,497473
37083,Halifax County,,NC,3238,58632,61870
37085,Harnett County,,NC,10441,118887,129328
37087,Haywood County,,NC,2836,60192,63028
37089,Henderson County,,NC,5508,91206,96714
37091,Hertford County,,NC,1392,22255,23647
37093,Hoke County,,NC,4830,38772,43602
37095,Hyde County,,NC,313,4877,5190
37097,Iredell County,,NC,9174,151065,160239
37099,Jackson County,,NC,2326,30441,32767
37101,Johnston County,,NC,9507,150342,159849
37103,Jones County,,NC,889,12241,13130
37105,Lee County,,NC,3767,40370,44137
37107,Lenoir County,,NC,3244,59317,62561
37109,Lincoln County,,NC,3032,38653,41685
37111,McDowell County,,NC,2011,42656,44667
37113,Macon County,,NC,1839,32644,34483
37115,Madison County,,NC,1419,19715,21134
37117,Martin County,,NC,1380,25718,27098
37119,Mecklenburg County,,NC,59270,798508,857778
37121,Mitchell County,,NC,800,16411,17211
37123,Montgomery County,,NC,1782,31180,32962
37125,Moore County,,NC,4975,82419,87394
37127,Nash County,,NC,7790,101239,109029
37129,New Hanover County,,NC,13684,172029,185713
37131,Northampton County,,NC,1369,21609,22978
37133,Onslow County,,NC,28057,148755,176812
37135,Orange County,,NC,12732,90644,103376
37137,Pamlico County,,NC,886,12713,13599
37139,Pasquotank County,,NC,2753,34721,37474
37141,Pender County,,NC,2894,38495,41389
37143,Perquimans County,,NC,881,11209,12090
37145,Person County,,NC,1990,36930,38920
37147,Pitt County,,NC,9372,130045,139417
37149,Polk County,,NC,1239,21453,22692
37151,Randolph County,,NC,7085,124384,131469
37153,Richmond County,,NC,2248,48539,50787
37155,Robeson County,,NC,5165,112372,117537
37157,Rockingham County,,NC,4247,92301,96548
37159,Rowan County,,NC,7369,121868,129237
37161,Rutherford County,,NC,2952,64455,67407
37163,Sampson County,,NC,2800,51693,54493
37165,Scotland County,,NC,2153,37661,39814
37167,Stanly County,,NC,2873,59064,61937
37169,Stokes County,,NC,3478,56843,60321
37171,Surry County,,NC,3551,64284,67835
37173,Swain County,,NC,985,17019,18004
37175,Transylvania County,,NC,1905,31161,33066
37177,Tyrrell County,,NC,297,4045,4342
37179,Union County,,NC,8631,148032,156663
37181,Vance County,,NC,2978,45591,48569
37183,Wake County,,NC,51233,720164,771397
37185,Warren County,,NC,877,14852,15729
37187,Washington County,,NC,783,13939,14722
37189,Watauga County,,NC,3600,35148,38748
37191,Wayne County,,NC,8442,107130,115572
37193,Wilkes County,,NC,3275,74727,78002
37195,Wilson County,,NC,4150,72569,76719
37197,Yadkin County,,NC,2273,41036,43309
37199,Yancey County,,NC,820,18440,19260
38001,Adams County,,ND,157,2570,2727
38003,Barnes County,,ND,651,13033,13684
38005,Benson County,,ND,386,7570,7956
38007,Billings County,,ND,0,0,0
38009,Bottineau County,,ND,433,8118,8551
38011,Bowman County,,ND,185,3831,4016
38013,Burke County,,ND,166,2879,3045
38015,Burleigh County,,ND,4931,85032,89963
38017,Cass County,,ND,10238,147852,158090
38019,Cavalier County,,ND,351,5817,6168
38021,Dickey County,,ND,374,6255,6629
38023,Divide County,,ND,101,2647,2748
38025,Dunn County,,ND,267,3838,4105
38027,Eddy County,,ND,170,2855,3025
38029,Emmons County,,ND,239,4570,4809
38031,Foster County,,ND,178,4210,4388
38033,Golden Valley County,,ND,148,2045,2193
38035,Grand Forks County,,ND,6773,69354,76127
38037,Grant County,,ND,143,3228,3371
38039,Griggs County,,ND,172,3135,3307
38041,Hettinger County,,ND,181,3215,3396
38043,Kidder County,,ND,213,3096,3309
38045,LaMoure County,,ND,242,5471,5713
38047,Logan County,,ND,113,2472,2585
38049,McHenry County,,ND,441,6667,7108
38051,McIntosh County,,ND,190,3795,3985
38053,McKenzie County,,ND,379,5256,5635
38055,McLean County,,ND,710,10885,11595
38057,Mercer County,,ND,570,10815,11385
38059,Morton County,,ND,2161,29604,31765
38061,Mountrail County,,ND,456,8000,8456
38063,Nelson County,,ND,209,4190,4399
38065,Oliver County,,ND,147,2355,2502
38067,Pembina County,,ND,514,10217,10731
38069,Pierce County,,ND,323,5368,5691
38071,Ramsey County,,ND,902,13502,14404
38073,Ransom County,,ND,329,6551,6880
38075,Renville County,,ND,230,3090,3320
38077,Richland County,,ND,1425,19767,21192
38079,Rolette County,,ND,676,13893,14569
38081,Sargent County,,ND,314,5167,5481
38083,Sheridan County,,ND,112,1861,1973
38085,Sioux County,,ND,307,3378,3685
38087,Slope County,,ND,0,0,0
38089,Stark County,,ND,1398,26392,27790
38091,Steele County,,ND,153,2816,2969
38093,Stutsman County,,ND,1370,24177,25547
38095,Towner County,,ND,198,3321,3519
38097,Traill County,,ND,579,9108,9687
38099,Walsh County,,ND,758,13924,14682
38101,Ward County,,ND,6436,66928,73364
38103,Wells County,,ND,326,5619,5945
38105,Williams County,,ND,1204,23135,24339
39001,Adams County,,OH,1990,36484,38474
39003,Allen County,,OH,5791,131024,136815
39005,Ashland County,,OH,3790,65134,68924
39007,Ashtabula County,,OH,5267,121708,126975
39009,Athens County,,OH,4162,58057,62219
39011,Auglaize County,,OH,3022,57057,60079
39013,Belmont County,,OH,3157,83179,86336
39015,Brown County,,OH,3496,50807,54303
39017,Butler County,,OH,25029,390212,415241
39019,Carroll County,,OH,2592,39214,41806
39021,Champaign County,,OH,3662,55569,59231
39023,Clark County,,OH,7857,160674,168531
39025,Clermont County,,OH,16211,244730,260941
39027,Clinton County,,OH,3742,54904,58646
39029,Columbiana County,,OH,5397,128038,133435
39031,Coshocton County,,OH,2296,50133,52429
39033,Crawford County,,OH,3150,60718,63868
39035,Cuyahoga County,,OH,64999,1527849,1592848
39037,Darke County,,OH,2714,67912,70626
39039,Defiance County,,OH,2845,52194,55039
39041,Delaware County,,OH,16218,204366,220584
39043,Erie County,,OH,5054,97115,102169
39045,Fairfield County,,OH,12097,178433,190530
39047,Fayette County,,OH,2169,33125,35294
39049,Franklin County,,OH,79714,1207447,1287161
39051,Fulton County,,OH,2796,54017,56813
39053,Gallia County,,OH,1826,36035,37861
39055,Geauga County,,OH,6033,112985,119018
39057,Greene County,,OH,15748,172163,187911
39059,Guernsey County,,OH,2328,50688,53016
39061,Hamilton County,,OH,54897,917015,971912
39063,Hancock County,,OH,4908,88144,93052
39065,Hardin County,,OH,1963,34984,36947
39067,Harrison County,,OH,1096,17386,18482
39069,Henry County,,OH,2001,36069,38070
39071,Highland County,,OH,2611,40209,42820
39073,Hocking County,,OH,2098,31841,33939
39075,Holmes County,,OH,1670,42737,44407
39077,Huron County,,OH,4332,77119,81451
39079,Jackson County,,OH,1832,37954,39786
39081,Jefferson County,,OH,3270,76459,79729
39083,Knox County,,OH,3407,67608,71015
39085,Lake County,,OH,12046,279605,291651
39087,Lawrence County,,OH,3054,66365,69419
39089,Licking County,,OH,8839,168711,177550
39091,Logan County,,OH,3115,52345,55460
39093,Lorain County,,OH,14637,341001,355638
39095,Lucas County,,OH,24006,508196,532202
39097,Madison County,,OH,3058,40032,43090
39099,Mahoning County,,OH,11500,283657,295157
39101,Marion County,,OH,3472,72887,76359
39103,Medina County,,OH,11280,196522,207802
39105,Meigs County,,OH,1182,22205,23387
39107,Mercer County,,OH,2066,50169,52235
39109,Miami County,,OH,6524,122533,129057
39111,Monroe County,,OH,837,17024,17861
39113,Montgomery County,,OH,34428,628377,662805
39115,Morgan County,,OH,1199,19903,21102
39117,Morrow County,,OH,2459,33021,35480
39119,Muskingum County,,OH,3963,95165,99128
39121,Noble County,,OH,577,9468,10045
39123,Ottawa County,,OH,2893,50075,52968
39125,Paulding County,,OH,1297,21888,23185
39127,Perry County,,OH,1801,30537,32338
39129,Pickaway County,,OH,3646,52920,56566
39131,Pike County,,OH,2552,41844,44396
39133,Portage County,,OH,11708,171068,182776
39135,Preble County,,OH,2521,47034,49555
39137,Putnam County,,OH,1807,44605,46412
39139,Richland County,,OH,6390,138533,144923
39141,Ross County,,OH,3466,70362,73828
39143,Sandusky County,,OH,3383,74614,77997
39145,Scioto County,,OH,3333,65952,69285
39147,Seneca County,,OH,3305,66324,69629
39149,Shelby County,,OH,2966,56297,59263
39151,Stark County,,OH,16408,449758,466166
39153,Summit County,,OH,29996,627322,657318
39155,Trumbull County,,OH,9878,256182,266060
39157,Tuscarawas County,,OH,4274,108528,112802
39159,Union County,,OH,2998,40097,43095
39161,Van Wert County,,OH,1434,34793,36227
39163,Vinton County,,OH,715,10604,11319
39165,Warren County,,OH,15318,195485,210803
39167,Washington County,,OH,3393,67542,70935
39169,Wayne County,,OH,6672,134011,140683
39171,Williams County,,OH,2229,46007,48236
39173,Wood County,,OH,10429,132451,142880
39175,Wyandot County,,OH,1410,26054,27464
40001,Adair County,,OK,1409,21917,23326
40003,Alfalfa County,,OK,399,5485,5884
40005,Atoka County,,OK,870,13565,14435
40007,Beaver County,,OK,609,5667,6276
40009,Beckham County,,OK,1418,18926,20344
40011,Blaine County,,OK,854,11418,12272
40013,Bryan County,,OK,2422,32185,34607
40015,Caddo County,,OK,2123,29411,31534
40017,Canadian County,,OK,8461,101006,109467
40019,Carter County,,OK,2695,47709,50404
40021,Cherokee County,,OK,2944,37654,40598
40023,Choctaw County,,OK,886,14183,15069
40025,Cimarron County,,OK,281,3025,3306
40027,Cleveland County,,OK,21389,224964,246353
40029,Coal County,,OK,401,5148,5549
40031,Comanche County,,OK,13171,110643,123814
40033,Cotton County,,OK,519,6128,6647
40035,Craig County,,OK,1098,16074,17172
40037,Creek County,,OK,6779,74252,81031
40039,Custer County,,OK,2113,24590,26703
40041,Delaware County,,OK,2801,33949,36750
40043,Dewey County,,OK,329,5292,5621
40045,Ellis County,,OK,271,4126,4397
40047,Garfield County,,OK,4971,61734,66705
40049,Garvin County,,OK,2143,29467,31610
40051,Grady County,,OK,3860,50608,54468
40053,Grant County,,OK,460,4999,5459
40055,Greer County,,OK,341,4920,5261
40057,Harmon County,,OK,252,2905,3157
40059,Harper County,,OK,213,3993,4206
40061,Haskell County,,OK,723,12024,12747
40063,Hughes County,,OK,980,11926,12906
40065,Jackson County,,OK,3485,28715,32200
40067,Jefferson County,,OK,466,5847,6313
40069,Johnston County,,OK,846,9573,10419
40071,Kay County,,OK,3781,51091,54872
40073,Kingfisher County,,OK,990,15252,16242
40075,Kiowa County,,OK,752,9707,10459
40077,Latimer County,,OK,838,11911,12749
40079,Le Flore County,,OK,2828,43654,46482
40081,Lincoln County,,OK,2963,35963,38926
40083,Logan County,,OK,4377,48346,52723
40085,Love County,,OK,684,8770,9454
40087,McClain County,,OK,2357,23867,26224
40089,McCurtain County,,OK,1741,31657,33398
40091,McIntosh County,,OK,1457,18278,19735
40093,Major County,,OK,614,8030,8644
40095,Marshall County,,OK,970,12587,13557
40097,Mayes County,,OK,2660,39841,42501
40099,Murray County,,OK,911,11070,11981
40101,Muskogee County,,OK,4462,70611,75073
40103,Noble County,,OK,957,11998,12955
40105,Nowata County,,OK,987,11027,12014
40107,Okfuskee County,,OK,877,10799,11676
40109,Oklahoma County,,OK,50258,665872,716130
40111,Okmulgee County,,OK,2760,35626,38386
40113,Osage County,,OK,4814,51511,56325
40115,Ottawa County,,OK,2133,30819,32952
40117,Pawnee County,,OK,1582,16209,17791
40119,Payne County,,OK,6376,59159,65535
40121,Pittsburg County,,OK,2676,42361,45037
40123,Pontotoc County,,OK,2534,33908,36442
40125,Pottawatomie County,,OK,5008,62516,67524
40127,Pushmataha County,,OK,662,9946,10608
40129,Roger Mills County,,OK,183,3294,3477
40131,Rogers County,,OK,6488,87218,93706
40133,Seminole County,,OK,1757,22527,24284
40135,Sequoyah County,,OK,2345,38513,40858
40137,Stephens County,,OK,2596,43552,46148
40139,Texas County,,OK,1659,19860,21519
40141,Tillman County,,OK,704,8111,8815
40143,Tulsa County,,OK,44145,575521,619666
40145,Wagoner County,,OK,6060,59649,65709
40147,Washington County,,OK,3757,51284,55041
40149,Washita County,,OK,919,10584,11503
40151,Woods County,,OK,652,8295,8947
40153,Woodward County,,OK,1305,19184,20489
41001,Baker County,,OR,1256,16178,17434
41003,Benton County,,OR,8463,82262,90725
41005,Clackamas County,,OR,33944,398239,432183
41007,Clatsop County,,OR,2943,34371,37314
41009,Columbia County,,OR,3486,49128,52614
41011,Coos County,,OR,3919,60472,64391
41013,Crook County,,OR,1703,20089,21792
41015,Curry County,,OR,1929,22482,24411
41017,Deschutes County,,OR,9742,138455,148197
41019,Douglas County,,OR,5571,106556,112127
41021,Gilliam County,,OR,176,1897,2073
41023,Grant County,,OR,644,7373,8017
41025,Harney County,,OR,665,7350,8015
41027,Hood River County,,OR,1631,22717,24348
41029,Jackson County,,OR,10887,199307,210194
41031,Jefferson County,,OR,1274,17163,18437
41033,Josephine County,,OR,4863,77144,82007
41035,Klamath County,,OR,4319,63846,68165
41037,Lake County,,OR,712,7262,7974
41039,Lane County,,OR,19920,336720,356640
41041,Lincoln County,,OR,3869,42595,46464
41043,Linn County,,OR,7681,108821,116502
41045,Malheur County,,OR,2250,27640,29890
41047,Marion County,,OR,19487,295446,314933
41049,Morrow County,,OR,1120,10990,12110
41051,Multnomah County,,OR,66833,680986,747819
41053,Polk County,,OR,6270,65511,71781
41055,Sherman County,,OR,186,1799,1985
41057,Tillamook County,,OR,1867,24907,26774
41059,Umatilla County,,OR,5097,72972,78069
41061,Union County,,OR,2095,25917,28012
41063,Wallowa County,,OR,581,7616,8197
41065,Wasco County,,OR,1770,23851,25621
41067,Washington County,,OR,42300,491507,533807
41069,Wheeler County,,OR,151,1362,1513
41071,Yamhill County,,OR,6311,84200,90511
42001,Adams County,,PA,6339,135920,142259
42003,Allegheny County,,PA,55453,1477576,1533029
42005,Armstrong County,,PA,3697,93157,96854
42007,Beaver County,,PA,7735,207331,215066
42009,Bedford County,,PA,2113,63684,65797
42011,Berks County,,PA,16823,476165,492988
42013,Blair County,,PA,4377,146353,150730
42015,Bradford County,,PA,2985,73392,76377
42017,Bucks County,,PA,39377,794899,834276
42019,Butler County,,PA,9813,214297,224110
42021,Cambria County,,PA,5888,172217,178105
42023,Cameron County,,PA,376,6723,7099
42025,Carbon County,,PA,3646,74220,77866
42027,Centre County,,PA,8707,132768,141475
42029,Chester County,,PA,30034,554667,584701
42031,Clarion County,,PA,2012,44850,46862
42033,Clearfield County,,PA,3484,92427,95911
42035,Clinton County,,PA,1900,40968,42868
42037,Columbia County,,PA,3172,77888,81060
42039,Crawford County,,PA,4338,102164,106502
42041,Cumberland County,,PA,15659,270389,286048
42043,Dauphin County,,PA,17332,317526,334858
42045,Delaware County,,PA,33635,636477,670112
42047,Elk County,,PA,1181,42882,44063
42049,Erie County,,PA,10877,317263,328140
42051,Fayette County,,PA,5306,167658,172964
42053,Forest County,,PA,314,5510,5824
42055,Franklin County,,PA,5724,162025,167749
42057,Fulton County,,PA,761,17316,18077
42059,Greene County,,PA,1728,41243,42971
42061,Huntingdon County,,PA,1943,48681,50624
42063,Indiana County,,PA,4375,97010,101385
42065,Jefferson County,,PA,2377,53464,55841
42067,Juniata County,,PA,1095,29056,30151
42069,Lackawanna County,,PA,7858,241369,249227
42071,Lancaster County,,PA,19149,597622,616771
42073,Lawrence County,,PA,3631,106625,110256
42075,Lebanon County,,PA,5825,149945,155770
42077,Lehigh County,,PA,20791,382452,403243
42079,Luzerne County,,PA,11368,357099,368467
42081,Lycoming County,,PA,4962,137228,142190
42083,McKean County,,PA,1971,50331,52302
42085,Mercer County,,PA,5110,136646,141756
42087,Mifflin County,,PA,1852,54821,56673
42089,Monroe County,,PA,11143,165489,176632
42091,Montgomery County,,PA,53652,872280,925932
42093,Montour County,,PA,1425,18005,19430
42095,Northampton County,,PA,16992,324542,341534
42097,Northumberland County,,PA,4514,104481,108995
42099,Perry County,,PA,2446,55356,57802
42101,Philadelphia County,,PA,77808,1437700,1515508
42103,Pike County,,PA,4119,55983,60102
42105,Potter County,,PA,1244,20578,21822
42107,Schuylkill County,,PA,4920,168627,173547
42109,Snyder County,,PA,1942,40570,42512
42111,Somerset County,,PA,2849,88363,91212
42113,Sullivan County,,PA,408,6165,6573
42115,Susquehanna County,,PA,2303,49807,52110
42117,Tioga County,,PA,2046,46793,48839
42119,Union County,,PA,2558,41468,44026
42121,Venango County,,PA,2613,65024,67637
42123,Warren County,,PA,1959,49403,51362
42125,Washington County,,PA,9097,230957,240054
42127,Wayne County,,PA,3082,53209,56291
42129,Westmoreland County,,PA,14785,419532,434317
42131,Wyoming County,,PA,1828,30504,32332
42133,York County,,PA,17426,469241,486667
44001,Bristol County,,RI,3399,56451,59850
44003,Kent County,,RI,12446,200856,213302
44005,Newport County,,RI,9196,94924,104120
44007,Providence County,,RI,33131,673559,706690
44009,Washington County,,RI,8526,144712,153238
45001,Abbeville County,,SC,1651,28361,30012
45003,Aiken County,,SC,8157,170077,178234
45005,Allendale County,,SC,531,10287,10818
45007,Anderson County,,SC,9653,199898,209551
45009,Bamberg County,,SC,974,16099,17073
45011,Barnwell County,,SC,1192,22253,23445
45013,Beaufort County,,SC,13979,137855,151834
45015,Berkeley County,,SC,19013,165886,184899
45017,Calhoun County,,SC,1186,17168,18354
45019,Charleston County,,SC,29070,329529,358599
45021,Cherokee County,,SC,2798,60328,63126
45023,Chester County,,SC,2181,38799,40980
45025,Chesterfield County,,SC,2325,47284,49609
45027,Clarendon County,,SC,2089,36898,38987
45029,Colleton County,,SC,2034,41281,43315
45031,Darlington County,,SC,3900,76859,80759
45033,Dillon County,,SC,1562,34233,35795
45035,Dorchester County,,SC,9316,91864,101180
45037,Edgefield County,,SC,1259,19185,20444
45039,Fairfield County,,SC,1400,26538,27938
45041,Florence County,,SC,7297,136448,143745
45043,Georgetown County,,SC,3995,67174,71169
45045,Greenville County,,SC,25338,436494,461832
45047,Greenwood County,,SC,3647,71583,75230
45049,Hampton County,,SC,1192,21163,22355
45051,Horry County,,SC,13441,221265,234706
45053,Jasper County,,SC,1287,14870,16157
45055,Kershaw County,,SC,3297,64022,67319
45057,Lancaster County,,SC,3249,67121,70370
45059,Laurens County,,SC,4192,68691,72883
45061,Lee County,,SC,1439,23120,24559
45063,Lexington County,,SC,18180,266085,284265
45065,McCormick County,,SC,608,8973,9581
45067,Marion County,,SC,1863,35717,37580
45069,Marlboro County,,SC,1500,31271,32771
45071,Newberry County,,SC,1746,38356,40102
45073,Oconee County,,SC,3375,75517,78892
45075,Orangeburg County,,SC,4783,91720,96503
45077,Pickens County,,SC,7509,106599,114108
45079,Richland County,,SC,28047,323105,351152
45081,Saluda County,,SC,843,14414,15257
45083,Spartanburg County,,SC,11666,266407,278073
45085,Sumter County,,SC,8669,108066,116735
45087,Union County,,SC,1326,31848,33174
45089,Williamsburg County,,SC,1841,34317,36158
45091,York County,,SC,10471,195719,206190
46003,Aurora County,,SD,193,3940,4133
46005,Beadle County,,SD,1181,18920,20101
46007,Bennett County,,SD,207,3285,3492
46009,Bon Homme County,,SD,432,7229,7661
46011,Brookings County,,SD,2490,28656,31146
46013,Brown County,,SD,2268,41152,43420
46015,Brule County,,SD,365,5403,5768
46017,Buffalo County,,SD,122,1868,1990
46019,Butte County,,SD,993,10496,11489
46021,Campbell County,,SD,122,2055,2177
46023,Charles Mix County,,SD,563,9924,10487
46025,Clark County,,SD,233,4285,4518
46027,Clay County,,SD,1596,12012,13608
46029,Codington County,,SD,2090,31117,33207
46031,Corson County,,SD,276,3858,4134
46033,Custer County,,SD,692,7883,8575
46035,Davison County,,SD,1623,21522,23145
46037,Day County,,SD,407,7050,7457
46039,Deuel County,,SD,368,5834,6202
46041,Dewey County,,SD,491,6565,7056
46043,Douglas County,,SD,185,4007,4192
46045,Edmunds County,,SD,338,4569,4907
46047,Fall River County,,SD,594,7427,8021
46049,Faulk County,,SD,146,2716,2862
46051,Grant County,,SD,532,9551,10083
46053,Gregory County,,SD,248,5595,5843
46055,Haakon County,,SD,183,2731,2914
46057,Hamlin County,,SD,438,5729,6167
46059,Hand County,,SD,241,4299,4540
46061,Hanson County,,SD,292,4156,4448
46063,Harding County,,SD,108,1472,1580
46065,Hughes County,,SD,1498,19838,21336
46067,Hutchinson County,,SD,491,8843,9334
46069,Hyde County,,SD,96,1783,1879
46071,Jackson County,,SD,159,2759,2918
46073,Jerauld County,,SD,158,2475,2633
46075,Jones County,,SD,65,1304,1369
46077,Kingsbury County,,SD,419,6092,6511
46079,Lake County,,SD,935,12452,13387
46081,Lawrence County,,SD,2311,23690,26001
46083,Lincoln County,,SD,3678,38571,42249
46085,Lyman County,,SD,312,4432,4744
46087,McCook County,,SD,428,6450,6878
46089,McPherson County,,SD,161,2726,2887
46091,Marshall County,,SD,201,5121,5322
46093,Meade County,,SD,4858,33584,38442
46095,Mellette County,,SD,186,1974,2160
46097,Miner County,,SD,182,2424,2606
46099,Minnehaha County,,SD,13535,183578,197113
46101,Moody County,,SD,467,6977,7444
46103,Pennington County,,SD,8402,96954,105356
46105,Perkins County,,SD,268,3621,3889
46107,Potter County,,SD,185,3152,3337
46109,Roberts County,,SD,628,10714,11342
46111,Sanborn County,,SD,166,2899,3065
46113,Shannon County,,SD,738,11137,11875
46115,Spink County,,SD,386,7363,7749
46117,Stanley County,,SD,405,3433,3838
46119,Sully County,,SD,130,1609,1739
46121,Todd County,,SD,480,8064,8544
46123,Tripp County,,SD,389,6802,7191
46125,Turner County,,SD,667,9081,9748
46127,Union County,,SD,1378,14706,16084
46129,Walworth County,,SD,410,6467,6877
46135,Yankton County,,SD,1551,24059,25610
46137,Ziebach County,,SD,128,1089,1217
47001,Anderson County,,TN,5832,84043,89875
47003,Bedford County,,TN,2714,44244,46958
47005,Benton County,,TN,1140,17524,18664
47007,Bledsoe County,,TN,621,11298,11919
47009,Blount County,,TN,6551,128812,135363
47011,Bradley County,,TN,5725,99826,105551
47013,Campbell County,,TN,1740,38384,40124
47015,Cannon County,,TN,1262,16701,17963
47017,Carroll County,,TN,2161,35309,37470
47019,Carter County,,TN,3445,58569,62014
47021,Cheatham County,,TN,3423,46127,49550
47023,Chester County,,TN,1328,18349,19677
47025,Claiborne County,,TN,1705,33554,35259
47027,Clay County,,TN,442,8677,9119
47029,Cocke County,,TN,1661,37375,39036
47031,Coffee County,,TN,3718,54875,58593
47033,Crockett County,,TN,1220,17718,18938
47035,Cumberland County,,TN,2721,57993,60714
47037,Davidson County,,TN,53681,622029,675710
47039,Decatur County,,TN,715,12422,13137
47041,DeKalb County,,TN,1280,20545,21825
47043,Dickson County,,TN,3084,48366,51450
47045,Dyer County,,TN,2161,41854,44015
47047,Fayette County,,TN,4511,57904,62415
47049,Fentress County,,TN,771,17589,18360
47051,Franklin County,,TN,2358,41001,43359
47053,Gibson County,,TN,3165,55799,58964
47055,Giles County,,TN,2185,36256,38441
47057,Grainger County,,TN,1522,22104,23626
47059,Greene County,,TN,2721,74031,76752
47061,Grundy County,,TN,589,15358,15947
47063,Hamblen County,,TN,3828,63709,67537
47065,Hamilton County,,TN,18514,350787,369301
47067,Hancock County,,TN,243,4471,4714
47069,Hardeman County,,TN,1416,26498,27914
47071,Hardin County,,TN,1516,27599,29115
47073,Hawkins County,,TN,3556,56935,60491
47075,Haywood County,,TN,1327,21968,23295
47077,Henderson County,,TN,1463,26403,27866
47079,Henry County,,TN,1874,33728,35602
47081,Hickman County,,TN,1551,21895,23446
47083,Houston County,,TN,614,8843,9457
47085,Humphreys County,,TN,1055,18854,19909
47087,Jackson County,,TN,1021,13325,14346
47089,Jefferson County,,TN,4476,48959,53435
47091,Johnson County,,TN,666,15670,16336
47093,Knox County,,TN,25187,419311,444498
47095,Lake County,,TN,531,5568,6099
47097,Lauderdale County,,TN,1644,24924,26568
47099,Lawrence County,,TN,1839,43217,45056
47101,Lewis County,,TN,716,10690,11406
47103,Lincoln County,,TN,1700,33567,35267
47105,Loudon County,,TN,3055,47509,50564
47107,McMinn County,,TN,2866,52854,55720
47109,McNairy County,,TN,1419,25188,26607
47111,Macon County,,TN,1064,23056,24120
47113,Madison County,,TN,6532,95370,101902
47115,Marion County,,TN,1685,29761,31446
47117,Marshall County,,TN,1945,31215,33160
47119,Maury County,,TN,5095,84070,89165
47121,Meigs County,,TN,866,10343,11209
47123,Monroe County,,TN,2032,41401,43433
47125,Montgomery County,,TN,16569,143904,160473
47127,Moore County,,TN,376,5567,5943
47129,Morgan County,,TN,1382,22202,23584
47131,Obion County,,TN,2019,34955,36974
47133,Overton County,,TN,1241,24142,25383
47135,Perry County,,TN,474,7695,8169
47137,Pickett County,,TN,258,4227,4485
47139,Polk County,,TN,1286,14723,16009
47141,Putnam County,,TN,4725,61108,65833
47143,Rhea County,,TN,1640,29929,31569
47145,Roane County,,TN,3172,50808,53980
47147,Robertson County,,TN,4885,71567,76452
47149,Rutherford County,,TN,16654,220028,236682
47151,Scott County,,TN,716,20697,21413
47153,Sequatchie County,,TN,653,11079,11732
47155,Sevier County,,TN,5750,76064,81814
47157,Shelby County,,TN,50392,1007898,1058290
47159,Smith County,,TN,1303,19195,20498
47161,Stewart County,,TN,1021,12660,13681
47163,Sullivan County,,TN,9451,170365,179816
47165,Sumner County,,TN,10311,140241,150552
47167,Tipton County,,TN,3825,53065,56890
47169,Trousdale County,,TN,479,6428,6907
47171,Unicoi County,,TN,1186,18929,20115
47173,Union County,,TN,1420,16837,18257
47175,Van Buren County,,TN,340,5289,5629
47177,Warren County,,TN,1757,38234,39991
47179,Washington County,,TN,7997,111542,119539
47181,Wayne County,,TN,645,14695,15340
47183,Weakley County,,TN,2212,32087,34299
47185,White County,,TN,1086,21915,23001
47187,Williamson County,,TN,12801,147289,160090
47189,Wilson County,,TN,7409,103754,111163
48001,Anderson County,,TX,3440,44216,47656
48003,Andrews County,,TX,994,14353,15347
48005,Angelina County,,TX,5059,84191,89250
48007,Aransas County,,TX,2157,20491,22648
48009,Archer County,,TX,885,9914,10799
48011,Armstrong County,,TX,182,2083,2265
48013,Atascosa County,,TX,3506,46823,50329
48015,Austin County,,TX,2018,28704,30722
48017,Bailey County,,TX,587,7302,7889
48019,Bandera County,,TX,1730,17981,19711
48021,Bastrop County,,TX,6040,68003,74043
48023,Baylor County,,TX,275,3860,4135
48025,Bee County,,TX,2036,24596,26632
48027,Bell County,,TX,41352,274156,315508
48029,Bexar County,,TX,79926,1597030,1676956
48031,Blanco County,,TX,794,9527,10321
48033,Borden County,,TX,79,896,975
48035,Bosque County,,TX,1617,18611,20228
48037,Bowie County,,TX,6399,91894,98293
48039,Brazoria County,,TX,18879,282326,301205
48041,Brazos County,,TX,14361,130931,145292
48043,Brewster County,,TX,1137,8651,9788
48045,Briscoe County,,TX,161,1906,2067
48047,Brooks County,,TX,506,8110,8616
48049,Brown County,,TX,2607,37089,39696
48051,Burleson County,,TX,1404,17345,18749
48053,Burnet County,,TX,3460,41651,45111
48055,Caldwell County,,TX,4194,38350,42544
48057,Calhoun County,,TX,1486,21630,23116
48059,Callahan County,,TX,1125,13215,14340
48061,Cameron County,,TX,15544,368197,383741
48063,Camp County,,TX,1074,13006,14080
48065,Carson County,,TX,611,6796,7407
48067,Cass County,,TX,2307,33907,36214
48069,Castro County,,TX,834,8298,9132
48071,Chambers County,,TX,4587,49904,54491
48073,Cherokee County,,TX,2929,48157,51086
48075,Childress County,,TX,502,6201,6703
48077,Clay County,,TX,1116,11571,12687
48079,Cochran County,,TX,380,3579,3959
48081,Coke County,,TX,403,3671,4074
48083,Coleman County,,TX,685,8465,9150
48085,Collin County,,TX,59755,640878,700633
48087,Collingsworth County,,TX,281,2945,3226
48089,Colorado County,,TX,1233,21630,22863
48091,Comal County,,TX,7080,93707,100787
48093,Comanche County,,TX,965,14152,15117
48095,Concho County,,TX,321,2701,3022
48097,Cooke County,,TX,2861,40821,43682
48099,Coryell County,,TX,11250,52541,63791
48101,Cottle County,,TX,152,1797,1949
48103,Crane County,,TX,344,4231,4575
48105,Crockett County,,TX,333,4062,4395
48107,Crosby County,,TX,773,7585,8358
48109,Culberson County,,TX,300,2962,3262
48111,Dallam County,,TX,631,7350,7981
48113,Dallas County,,TX,181778,2281815,2463593
48115,Dawson County,,TX,1044,13035,14079
48117,Deaf Smith County,,TX,1495,19499,20994
48119,Delta County,,TX,441,4988,5429
48121,Denton County,,TX,52584,504388,556972
48123,DeWitt County,,TX,1094,20275,21369
48125,Dickens County,,TX,193,2141,2334
48127,Dimmit County,,TX,807,10160,10967
48129,Donley County,,TX,328,3811,4139
48131,Duval County,,TX,894,14018,14912
48133,Eastland County,,TX,1322,17471,18793
48135,Ector County,,TX,7572,133479,141051
48137,Edwards County,,TX,309,4334,4643
48139,Ellis County,,TX,10173,130627,140800
48141,El Paso County,,TX,36609,791837,828446
48143,Erath County,,TX,2792,30309,33101
48145,Falls County,,TX,1268,15076,16344
48147,Fannin County,,TX,2255,30328,32583
48149,Fayette County,,TX,1464,24526,25990
48151,Fisher County,,TX,368,4142,4510
48153,Floyd County,,TX,660,7798,8458
48155,Foard County,,TX,118,1567,1685
48157,Fort Bend County,,TX,36142,476801,512943
48159,Franklin County,,TX,1049,12537,13586
48161,Freestone County,,TX,1415,17998,19413
48163,Frio County,,TX,931,14209,15140
48165,Gaines County,,TX,1026,15053,16079
48167,Galveston County,,TX,21166,288910,310076
48169,Garza County,,TX,381,3861,4242
48171,Gillespie County,,TX,1606,24756,26362
48173,Glasscock County,,TX,221,2598,2819
48175,Goliad County,,TX,972,10648,11620
48177,Gonzales County,,TX,1191,19441,20632
48179,Gray County,,TX,1767,21249,23016
48181,Grayson County,,TX,7408,115373,122781
48183,Gregg County,,TX,10070,130485,140555
48185,Grimes County,,TX,2087,23461,25548
48187,Guadalupe County,,TX,8832,102999,111831
48189,Hale County,,TX,2961,37204,40165
48191,Hall County,,TX,294,3392,3686
48193,Hamilton County,,TX,682,7512,8194
48195,Hansford County,,TX,477,5579,6056
48197,Hardeman County,,TX,405,4439,4844
48199,Hardin County,,TX,4045,53177,57222
48201,Harris County,,TX,198510,3705667,3904177
48203,Harrison County,,TX,4845,62491,67336
48205,Hartley County,,TX,345,3413,3758
48207,Haskell County,,TX,527,5934,6461
48209,Hays County,,TX,11428,99021,110449
48211,Hemphill County,,TX,313,3530,3843
48213,Henderson County,,TX,6020,73713,79733
48215,Hidalgo County,,TX,21575,633016,654591
48217,Hill County,,TX,2653,32997,35650
48219,Hockley County,,TX,2008,23689,25697
48221,Hood County,,TX,3738,45359,49097
48223,Hopkins County,,TX,2217,33300,35517
48225,Houston County,,TX,1414,20821,22235
48227,Howard County,,TX,2148,30061,32209
48229,Hudspeth County,,TX,353,3150,3503
48231,Hunt County,,TX,6849,79786,86635
48233,Hutchinson County,,TX,1920,24839,26759
48235,Irion County,,TX,521,2783,3304
48237,Jack County,,TX,763,7842,8605
48239,Jackson County,,TX,1052,15157,16209
48241,Jasper County,,TX,2671,37390,40061
48243,Jeff Davis County,,TX,249,2134,2383
48245,Jefferson County,,TX,13962,254357,268319
48247,Jim Hogg County,,TX,294,5413,5707
48249,Jim Wells County,,TX,2578,41098,43676
48251,Johnson County,,TX,11629,151765,163394
48253,Jones County,,TX,1481,15500,16981
48255,Karnes County,,TX,761,12824,13585
48257,Kaufman County,,TX,7892,84063,91955
48259,Kendall County,,TX,2269,27352,29621
48261,Kenedy County,,TX,0,0,0
48263,Kent County,,TX,99,880,979
48265,Kerr County,,TX,3278,45199,48477
48267,Kimble County,,TX,289,4390,4679
48269,King County,,TX,0,0,0
48271,Kinney County,,TX,262,3199,3461
48273,Kleberg County,,TX,3068,30022,33090
48275,Knox County,,TX,367,3954,4321
48277,Lamar County,,TX,2985,51200,54185
48279,Lamb County,,TX,1324,14789,16113
48281,Lampasas County,,TX,1970,17826,19796
48283,La Salle County,,TX,366,5622,5988
48285,Lavaca County,,TX,1094,19650,20744
48287,Lee County,,TX,1097,15891,16988
48289,Leon County,,TX,1321,16133,17454
48291,Liberty County,,TX,6407,68417,74824
48293,Limestone County,,TX,1418,20962,22380
48295,Lipscomb County,,TX,403,3020,3423
48297,Live Oak County,,TX,779,9605,10384
48299,Llano County,,TX,1451,13153,14604
48301,Loving County,,TX,0,0,0
48303,Lubbock County,,TX,17814,247626,265440
48305,Lynn County,,TX,660,6328,6988
48307,McCulloch County,,TX,637,8348,8985
48309,McLennan County,,TX,12138,218749,230887
48311,McMullen County,,TX,111,767,878
48313,Madison County,,TX,875,10671,11546
48315,Marion County,,TX,862,8017,8879
48317,Martin County,,TX,417,3988,4405
48319,Mason County,,TX,247,3581,3828
48321,Matagorda County,,TX,2687,38682,41369
48323,Maverick County,,TX,3287,57329,60616
48325,Medina County,,TX,2880,39887,42767
48327,Menard County,,TX,183,2312,2495
48329,Midland County,,TX,8616,127128,135744
48331,Milam County,,TX,1746,25107,26853
48333,Mills County,,TX,288,4518,4806
48335,Mitchell County,,TX,620,6719,7339
48337,Montague County,,TX,1432,18729,20161
48339,Montgomery County,,TX,25869,334456,360325
48341,Moore County,,TX,1887,21382,23269
48343,Morris County,,TX,1299,15294,16593
48345,Motley County,,TX,97,1191,1288
48347,Nacogdoches County,,TX,4170,54739,58909
48349,Navarro County,,TX,2998,45464,48462
48351,Newton County,,TX,1078,9377,10455
48353,Nolan County,,TX,1212,15910,17122
48355,Nueces County,,TX,21429,331646,353075
48357,Ochiltree County,,TX,675,9452,10127
48359,Oldham County,,TX,350,2084,2434
48361,Orange County,,TX,5480,92010,97490
48363,Palo Pinto County,,TX,2231,26455,28686
48365,Panola County,,TX,1647,23972,25619
48367,Parker County,,TX,9154,104724,113878
48369,Parmer County,,TX,1080,10348,11428
48371,Pecos County,,TX,1117,13781,14898
48373,Polk County,,TX,5667,54107,59774
48375,Potter County,,TX,13330,121613,134943
48377,Presidio County,,TX,1101,9995,11096
48379,Rains County,,TX,870,8944,9814
48381,Randall County,,TX,10648,99738,110386
48383,Reagan County,,TX,284,3480,3764
48385,Real County,,TX,320,3036,3356
48387,Red River County,,TX,1010,13595,14605
48389,Reeves County,,TX,1175,11841,13016
48391,Refugio County,,TX,470,8117,8587
48393,Roberts County,,TX,92,828,920
48395,Robertson County,,TX,1347,16538,17885
48397,Rockwall County,,TX,5016,50104,55120
48399,Runnels County,,TX,913,11783,12696
48401,Rusk County,,TX,3013,42610,45623
48403,Sabine County,,TX,880,10091,10971
48405,San Augustine County,,TX,520,8368,8888
48407,San Jacinto County,,TX,1758,19154,20912
48409,San Patricio County,,TX,7283,70457,77740
48411,San Saba County,,TX,444,5417,5861
48413,Schleicher County,,TX,249,3067,3316
48415,Scurry County,,TX,1230,15494,16724
48417,Shackelford County,,TX,342,3439,3781
48419,Shelby County,,TX,1352,23933,25285
48421,Sherman County,,TX,274,2511,2785
48423,Smith County,,TX,12338,191846,204184
48425,Somervell County,,TX,647,7259,7906
48427,Starr County,,TX,2744,60184,62928
48429,Stephens County,,TX,764,9106,9870
48431,Sterling County,,TX,121,1175,1296
48433,Stonewall County,,TX,123,1557,1680
48435,Sutton County,,TX,356,4762,5118
48437,Swisher County,,TX,769,7706,8475
48439,Tarrant County,,TX,108756,1618945,1727701
48441,Taylor County,,TX,12314,130080,142394
48443,Terrell County,,TX,125,896,1021
48445,Terry County,,TX,1037,11621,12658
48447,Throckmorton County,,TX,123,1718,1841
48449,Titus County,,TX,1853,24416,26269
48451,Tom Green County,,TX,10517,107534,118051
48453,Travis County,,TX,78679,846687,925366
48455,Trinity County,,TX,1131,13013,14144
48457,Tyler County,,TX,1270,17495,18765
48459,Upshur County,,TX,3187,33137,36324
48461,Upton County,,TX,327,3347,3674
48463,Uvalde County,,TX,1913,28284,30197
48465,Val Verde County,,TX,4090,47985,52075
48467,Van Zandt County,,TX,3389,45410,48799
48469,Victoria County,,TX,5712,89315,95027
48471,Walker County,,TX,4739,43756,48495
48473,Waller County,,TX,2729,25156,27885
48475,Ward County,,TX,984,10737,11721
48477,Washington County,,TX,1924,31720,33644
48479,Webb County,,TX,7534,232203,239737
48481,Wharton County,,TX,2381,45154,47535
48483,Wheeler County,,TX,432,5228,5660
48485,Wichita County,,TX,14756,126308,141064
48487,Wilbarger County,,TX,1076,14008,15084
48489,Willacy County,,TX,1337,19374,20711
48491,Williamson County,,TX,29738,287803,317541
48493,Wilson County,,TX,2291,34455,36746
48495,Winkler County,,TX,692,7048,7740
48497,Wise County,,TX,4531,51139,55670
48499,Wood County,,TX,2633,33675,36308
48501,Yoakum County,,TX,640,8030,8670
48503,Young County,,TX,1343,17240,18583
48505,Zapata County,,TX,579,11986,12565
48507,Zavala County,,TX,800,11067,11867
49001,Beaver County,,UT,560,6448,7008
49003,Box Elder County,,UT,3370,51500,54870
49005,Cache County,,UT,8831,100132,108963
49007,Carbon County,,UT,1638,21232,22870
49009,Daggett County,,UT,102,874,976
49011,Davis County,,UT,25410,290993,316403
49013,Duchesne County,,UT,1195,16742,17937
49015,Emery County,,UT,876,11512,12388
49017,Garfield County,,UT,497,4666,5163
49019,Grand County,,UT,858,8554,9412
49021,Iron County,,UT,3823,33957,37780
49023,Juab County,,UT,642,9031,9673
49025,Kane County,,UT,597,5970,6567
49027,Millard County,,UT,965,12964,13929
49029,Morgan County,,UT,636,8743,9379
49031,Piute County,,UT,84,1343,1427
49033,Rich County,,UT,215,2032,2247
49035,Salt Lake County,,UT,56892,1016222,1073114
49037,San Juan County,,UT,1209,8899,10108
49039,Sanpete County,,UT,1959,22317,24276
49041,Sevier County,,UT,1326,20036,21362
49043,Summit County,,UT,3460,34105,37565
49045,Tooele County,,UT,4326,51642,55968
49047,Uintah County,,UT,1843,26031,27874
49049,Utah County,,UT,31465,407954,439419
49051,Wasatch County,,UT,1692,17723,19415
49053,Washington County,,UT,7544,101154,108698
49055,Wayne County,,UT,242,2554,2796
49057,Weber County,,UT,16764,222267,239031
50001,Addison County,,VT,2291,41947,44238
50003,Bennington County,,VT,2576,42666,45242
50005,Caledonia County,,VT,1752,34477,36229
50007,Chittenden County,,VT,11760,183539,195299
50009,Essex County,,VT,526,7330,7856
50011,Franklin County,,VT,2293,47281,49574
50013,Grand Isle County,,VT,774,8509,9283
50015,Lamoille County,,VT,1919,26867,28786
50017,Orange County,,VT,2247,32958,35205
50019,Orleans County,,VT,1370,31151,32521
50021,Rutland County,,VT,3330,73634,76964
50023,Washington County,,VT,4042,69172,73214
50025,Windham County,,VT,3454,50704,54158
50027,Windsor County,,VT,4616,68245,72861
51001,Accomack County,,VA,1826,37699,39525
51003,Albemarle County,,VA,10929,109506,120435
51005,Alleghany County,,VA,782,20095,20877
51007,Amelia County,,VA,1021,14372,15393
51009,Amherst County,,VA,2053,33935,35988
51011,Appomattox County,,VA,849,16394,17243
51013,Arlington County,,VA,43843,203461,247304
51015,Augusta County,,VA,4535,96365,100900
51017,Bath County,,VA,436,5970,6406
51019,Bedford County,,VA,5706,83929,89635
51021,Bland County,,VA,282,7029,7311
51023,Botetourt County,,VA,2712,38992,41704
51025,Brunswick County,,VA,1052,18344,19396
51027,Buchanan County,,VA,1178,22950,24128
51029,Buckingham County,,VA,788,14461,15249
51031,Campbell County,,VA,4739,63366,68105
51033,Caroline County,,VA,2192,28156,30348
51035,Carroll County,,VA,1403,35781,37184
51036,Charles City County,,VA,777,9563,10340
51037,Charlotte County,,VA,782,14210,14992
51041,Chesterfield County,,VA,23740,334108,357848
51043,Clarke County,,VA,1184,14137,15321
51045,Craig County,,VA,315,5853,6168
51047,Culpeper County,,VA,3054,43492,46546
51049,Cumberland County,,VA,752,9813,10565
51051,Dickenson County,,VA,538,14881,15419
51053,Dinwiddie County,,VA,1867,26630,28497
51057,Essex County,,VA,795,11550,12345
51059,Fairfax County,,VA,125962,1155564,1281526
51061,Fauquier County,,VA,5670,66494,72164
51063,Floyd County,,VA,922,16512,17434
51065,Fluvanna County,,VA,1917,22756,24673
51067,Franklin County,,VA,2636,57715,60351
51069,Frederick County,,VA,6287,86085,92372
51071,Giles County,,VA,900,18929,19829
51073,Gloucester County,,VA,2752,41181,43933
51075,Goochland County,,VA,1725,22383,24108
51077,Grayson County,,VA,933,20015,20948
51079,Greene County,,VA,1365,15375,16740
51081,Greensville County,,VA,829,13244,14073
51083,Halifax County,,VA,1625,39067,40692
51085,Hanover County,,VA,6858,107277,114135
51087,Henrico County,,VA,28865,325726,354591
51089,Henry County,,VA,3043,67754,70797
51091,Highland County,,VA,159,2690,2849
51093,Isle of Wight County,,VA,2534,36437,38971
51095,James City County,,VA,5652,71064,76716
51097,King and Queen County,,VA,499,6829,7328
51099,King George County,,VA,2380,20573,22953
51101,King William County,,VA,1117,16451,17568
51103,Lancaster County,,VA,758,14010,14768
51105,Lee County,,VA,691,21394,22085
51107,Loudoun County,,VA,25175,255266,280441
51109,Louisa County,,VA,1840,27830,29670
51111,Lunenburg County,,VA,727,11696,12423
51113,Madison County,,VA,929,13006,13935
51115,Mathews County,,VA,590,9627,10217
51117,Mecklenburg County,,VA,1799,31984,33783
51119,Middlesex County,,VA,783,10750,11533
51121,Montgomery County,,VA,7544,70978,78522
51125,Nelson County,,VA,1143,15391,16534
51127,New Kent County,,VA,1199,16865,18064
51131,Northampton County,,VA,688,13619,14307
51133,Northumberland County,,VA,734,12905,13639
51135,Nottoway County,,VA,1080,15470,16550
51137,Orange County,,VA,2567,32155,34722
51139,Page County,,VA,1169,28812,29981
51141,Patrick County,,VA,839,17137,17976
51143,Pittsylvania County,,VA,3797,80536,84333
51145,Powhatan County,,VA,1406,23562,24968
51147,Prince Edward County,,VA,1202,15273,16475
51149,Prince George County,,VA,5456,34396,39852
51153,Prince William County,,VA,47262,377848,425110
51155,Pulaski County,,VA,1920,37505,39425
51157,Rappahannock County,,VA,615,7921,8536
51159,Richmond County,,VA,593,8647,9240
51161,Roanoke County,,VA,9643,116556,126199
51163,Rockbridge County,,VA,1587,27986,29573
51165,Rockingham County,,VA,5459,93976,99435
51167,Russell County,,VA,1282,28167,29449
51169,Scott County,,VA,984,23778,24762
51171,Shenandoah County,,VA,2092,43483,45575
51173,Smyth County,,VA,1623,38896,40519
51175,Southampton County,,VA,1100,19395,20495
51177,Spotsylvania County,,VA,11683,121032,132715
51179,Stafford County,,VA,15309,118500,133809
51181,Surry County,,VA,566,7080,7646
51183,Sussex County,,VA,722,9258,9980
51185,Tazewell County,,VA,2050,41959,44009
51187,Warren County,,VA,2830,36612,39442
51191,Washington County,,VA,3106,55789,58895
51193,Westmoreland County,,VA,1271,17443,18714
51195,Wise County,,VA,1718,39146,40864
51197,Wythe County,,VA,1443,27427,28870
51199,York County,,VA,9061,61256,70317
51510,Alexandria city,,VA,33044,129928,162972
51515,Bedford city,,VA,316,3728,4044
51520,Bristol city,,VA,1834,15158,16992
51530,Buena Vista city,,VA,525,5016,5541
51540,Charlottesville city,,VA,5272,21989,27261
51550,Chesapeake city,,VA,23193,226855,250048
51570,Colonial Heights city,,VA,2100,18691,20791
51580,Covington city,,VA,367,5986,6353
51590,Danville city,,VA,2953,37073,40026
51595,Emporia city,,VA,274,3447,3721
51600,Fairfax city,,VA,3134,17609,20743
51610,Falls Church city,,VA,1866,9381,11247
51620,Franklin city,,VA,651,7483,8134
51630,Fredericksburg city,,VA,3835,13257,17092
51640,Galax city,,VA,155,1914,2069
51650,Hampton city,,VA,18683,141450,160133
51660,Harrisonburg city,,VA,3115,15208,18323
51670,Hopewell city,,VA,2693,22239,24932
51678,Lexington city,,VA,282,2377,2659
51680,Lynchburg city,,VA,5494,49997,55491
51683,Manassas city,,VA,4294,24855,29149
51685,Manassas Park city,,VA,1903,9594,11497
51690,Martinsville city,,VA,878,10298,11176
51700,Newport News city,,VA,27349,186196,213545
51710,Norfolk city,,VA,34113,213622,247735
51720,Norton city,,VA,440,3809,4249
51730,Petersburg city,,VA,3544,31671,35215
51735,Poquoson city,,VA,1284,13823,15107
51740,Portsmouth city,,VA,12076,99157,111233
51750,Radford city,,VA,1681,10368,12049
51760,Richmond city,,VA,22830,157655,180485
51770,Roanoke city,,VA,9265,84164,93429
51775,Salem city,,VA,2492,20349,22841
51790,Staunton city,,VA,1463,14688,16151
51800,Suffolk city,,VA,6883,78531,85414
51810,Virginia Beach city,,VA,53422,475520,528942
51820,Waynesboro city,,VA,1776,16859,18635
51830,Williamsburg city,,VA,866,4009,4875
51840,Winchester city,,VA,2885,16871,19756
53001,Adams County,,WA,1572,18808,20380
53003,Asotin County,,WA,2037,22192,24229
53005,Benton County,,WA,12289,168636,180925
53007,Chelan County,,WA,5648,72260,77908
53009,Clallam County,,WA,3879,72515,76394
53011,Clark County,,WA,23197,413039,436236
53013,Columbia County,,WA,480,5234,5714
53015,Cowlitz County,,WA,5543,99266,104809
53017,Douglas County,,WA,3394,34665,38059
53019,Ferry County,,WA,799,7759,8558
53021,Franklin County,,WA,4813,55784,60597
53023,Garfield County,,WA,80,1042,1122
53025,Grant County,,WA,4848,75892,80740
53027,Grays Harbor County,,WA,3798,69443,73241
53029,Island County,,WA,9868,79773,89641
53031,Jefferson County,,WA,2154,29504,31658
53033,King County,,WA,124957,1994798,2119755
53035,Kitsap County,,WA,21655,264432,286087
53037,Kittitas County,,WA,2896,32490,35386
53039,Klickitat County,,WA,1592,19888,21480
53041,Lewis County,,WA,4780,74104,78884
53043,Lincoln County,,WA,751,11255,12006
53045,Mason County,,WA,4166,55677,59843
53047,Okanogan County,,WA,2161,39334,41495
53049,Pacific County,,WA,1390,20546,21936
53051,Pend Oreille County,,WA,1487,15558,17045
53053,Pierce County,,WA,58678,789636,848314
53055,San Juan County,,WA,1053,15902,16955
53057,Skagit County,,WA,8073,124837,132910
53059,Skamania County,,WA,734,9163,9897
53061,Snohomish County,,WA,49294,700386,749680
53063,Spokane County,,WA,24442,470252,494694
53065,Stevens County,,WA,2649,36656,39305
53067,Thurston County,,WA,17796,243859,261655
53069,Wahkiakum County,,WA,266,3563,3829
53071,Walla Walla County,,WA,3724,53793,57517
53073,Whatcom County,,WA,10852,180319,191171
53075,Whitman County,,WA,4463,32738,37201
53077,Yakima County,,WA,10025,238717,248742
54001,Barbour County,,WV,826,15982,16808
54003,Berkeley County,,WV,5020,100603,105623
54005,Boone County,,WV,1388,28900,30288
54007,Braxton County,,WV,591,14416,15007
54009,Brooke County,,WV,1611,33997,35608
54011,Cabell County,,WV,6354,99769,106123
54013,Calhoun County,,WV,325,7214,7539
54015,Clay County,,WV,455,9401,9856
54017,Doddridge County,,WV,408,6030,6438
54019,Fayette County,,WV,2552,48094,50646
54021,Gilmer County,,WV,376,5503,5879
54023,Grant County,,WV,644,13664,14308
54025,Greenbrier County,,WV,1542,35061,36603
54027,Hampshire County,,WV,1301,23665,24966
54029,Hancock County,,WV,1689,34164,35853
54031,Hardy County,,WV,784,14534,15318
54033,Harrison County,,WV,3387,78239,81626
54035,Jackson County,,WV,1287,31728,33015
54037,Jefferson County,,WV,3738,48766,52504
54039,Kanawha County,,WV,9743,225000,234743
54041,Lewis County,,WV,843,19550,20393
54043,Lincoln County,,WV,1058,21267,22325
54045,Logan County,,WV,1438,32081,33519
54047,McDowell County,,WV,1157,18728,19885
54049,Marion County,,WV,2903,63108,66011
54051,Marshall County,,WV,1563,37757,39320
54053,Mason County,,WV,1351,27641,28992
54055,Mercer County,,WV,2895,62367,65262
54057,Mineral County,,WV,1423,30015,31438
54059,Mingo County,,WV,1342,24883,26225
54061,Monongalia County,,WV,5647,75605,81252
54063,Monroe County,,WV,586,12985,13571
54065,Morgan County,,WV,858,15936,16794
54067,Nicholas County,,WV,1118,26688,27806
54069,Ohio County,,WV,2655,50693,53348
54071,Pendleton County,,WV,583,8966,9549
54073,Pleasants County,,WV,389,8752,9141
54075,Pocahontas County,,WV,427,9488,9915
54077,Preston County,,WV,1267,32701,33968
54079,Putnam County,,WV,3701,51743,55444
54081,Raleigh County,,WV,3479,78228,81707
54083,Randolph County,,WV,1134,31169,32303
54085,Ritchie County,,WV,656,12394,13050
54087,Roane County,,WV,684,14533,15217
54089,Summers County,,WV,647,10258,10905
54091,Taylor County,,WV,708,14469,15177
54093,Tucker County,,WV,393,7720,8113
54095,Tyler County,,WV,491,9760,10251
54097,Upshur County,,WV,983,22365,23348
54099,Wayne County,,WV,2103,39420,41523
54101,Webster County,,WV,336,8695,9031
54103,Wetzel County,,WV,839,18782,19621
54105,Wirt County,,WV,499,7150,7649
54107,Wood County,,WV,4446,95891,100337
54109,Wyoming County,,WV,981,22361,23342
55001,Adams County,,WI,1934,25998,27932
55003,Ashland County,,WI,1099,20568,21667
55005,Barron County,,WI,3109,58344,61453
55007,Bayfield County,,WI,963,15836,16799
55009,Brown County,,WI,12701,292536,305237
55011,Buffalo County,,WI,1120,19427,20547
55013,Burnett County,,WI,1076,20979,22055
55015,Calumet County,,WI,5414,67411,72825
55017,Chippewa County,,WI,3971,71678,75649
55019,Clark County,,WI,2162,41264,43426
55021,Columbia County,,WI,4572,67397,71969
55023,Crawford County,,WI,1174,21363,22537
55025,Dane County,,WI,29429,529109,558538
55027,Dodge County,,WI,6249,104726,110975
55029,Door County,,WI,1718,36592,38310
55031,Douglas County,,WI,2534,49674,52208
55033,Dunn County,,WI,3155,44488,47643
55035,Eau Claire County,,WI,7220,98993,106213
55037,Florence County,,WI,387,5655,6042
55039,Fond du Lac County,,WI,5535,121275,126810
55041,Forest County,,WI,491,10678,11169
55043,Grant County,,WI,2952,59770,62722
55045,Green County,,WI,2010,43990,46000
55047,Green Lake County,,WI,1506,24098,25604
55049,Iowa County,,WI,1801,26602,28403
55051,Iron County,,WI,447,7254,7701
55053,Jackson County,,WI,1239,22525,23764
55055,Jefferson County,,WI,6463,96509,102972
55057,Juneau County,,WI,1978,30505,32483
55059,Kenosha County,,WI,10904,184452,195356
55061,Kewaunee County,,WI,988,22104,23092
55063,La Crosse County,,WI,6894,124061,130955
55065,Lafayette County,,WI,1020,18808,19828
55067,Langlade County,,WI,1173,24350,25523
55069,Lincoln County,,WI,1741,38489,40230
55071,Manitowoc County,,WI,3663,99141,102804
55073,Marathon County,,WI,6635,156397,163032
55075,Marinette County,,WI,2740,51459,54199
55077,Marquette County,,WI,1128,15624,16752
55078,Menominee County,,WI,357,4711,5068
55079,Milwaukee County,,WI,53009,1032997,1086006
55081,Monroe County,,WI,2796,48147,50943
55083,Oconto County,,WI,2402,42290,44692
55085,Oneida County,,WI,2895,45392,48287
55087,Outagamie County,,WI,13169,200306,213475
55089,Ozaukee County,,WI,6678,107346,114024
55091,Pepin County,,WI,485,7691,8176
55093,Pierce County,,WI,2945,45084,48029
55095,Polk County,,WI,2557,49863,52420
55097,Portage County,,WI,4355,78487,82842
55099,Price County,,WI,954,18425,19379
55101,Racine County,,WI,11360,226854,238214
55103,Richland County,,WI,1139,21898,23037
55105,Rock County,,WI,8054,178082,186136
55107,Rusk County,,WI,923,17038,17961
55109,St. Croix County,,WI,4943,82200,87143
55111,Sauk County,,WI,4126,67893,72019
55113,Sawyer County,,WI,1042,20252,21294
55115,Shawano County,,WI,2355,43302,45657
55117,Sheboygan County,,WI,5513,139661,145174
55119,Taylor County,,WI,1007,21535,22542
55121,Trempealeau County,,WI,1672,31546,33218
55123,Vernon County,,WI,1382,28214,29596
55125,Vilas County,,WI,1449,23812,25261
55127,Walworth County,,WI,7161,108169,115330
55129,Washburn County,,WI,1014,15504,16518
55131,Washington County,,WI,8464,151051,159515
55133,Waukesha County,,WI,27386,454824,482210
55135,Waupaca County,,WI,3005,59193,62198
55137,Waushara County,,WI,1445,23511,24956
55139,Winnebago County,,WI,12023,177718,189741
55141,Wood County,,WI,4445,89649,94094
56001,Albany County,,WY,4396,30034,34430
56003,Big Horn County,,WY,730,11586,12316
56005,Campbell County,,WY,3268,42884,46152
56007,Carbon County,,WY,1557,16793,18350
56009,Converse County,,WY,1406,14601,16007
56011,Crook County,,WY,522,5994,6516
56013,Fremont County,,WY,2460,39515,41975
56015,Goshen County,,WY,968,12854,13822
56017,Hot Springs County,,WY,417,4961,5378
56019,Johnson County,,WY,679,7916,8595
56021,Laramie County,,WY,8150,96754,104904
56023,Lincoln County,,WY,1376,17355,18731
56025,Natrona County,,WY,4847,75832,80679
56027,Niobrara County,,WY,184,2584,2768
56029,Park County,,WY,2420,30179,32599
56031,Platte County,,WY,706,9488,10194
56033,Sheridan County,,WY,2311,30511,32822
56035,Sublette County,,WY,525,7468,7993
56037,Sweetwater County,,WY,3437,44288,47725
56039,Teton County,,WY,2489,20756,23245
56041,Uinta County,,WY,1938,22020,23958
56043,Washakie County,,WY,722,9551,10273
56045,Weston County,,WY,524,7376,7900
2230,Skagway Hoonah Ango,,AK,384,3374,3758
2275,Wrangell Petersburg,,AK,514,6850,7364
2198,Prince Of Wales Oute,,AK,442,4809,5251
